{"lowlevel": {"average_loudness": 0.953187644482, "barkbands_crest": {"dmean": 3.95904278755, "dmean2": 6.32857990265, "dvar": 11.9981441498, "dvar2": 26.6299419403, "max": 25.9917259216, "mean": 13.4085760117, "median": 12.6990299225, "min": 2.12983179092, "var": 34.3603820801}, "barkbands_flatness_db": {"dmean": 0.0338344983757, "dmean2": 0.0507828742266, "dvar": 0.00101894617546, "dvar2": 0.00204549520276, "max": 0.43316039443, "mean": 0.137808829546, "median": 0.12908166647, "min": 0.011285723187, "var": 0.00435724575073}, "barkbands_kurtosis": {"dmean": 9.46192646027, "dmean2": 14.8152141571, "dvar": 437.147216797, "dvar2": 1021.42016602, "max": 478.851531982, "mean": 12.5805959702, "median": 4.49697780609, "min": -1.95572257042, "var": 716.820678711}, "barkbands_skewness": {"dmean": 1.0423630476, "dmean2": 1.55450367928, "dvar": 1.3772149086, "dvar2": 2.96644949913, "max": 17.4990940094, "mean": 2.37920880318, "median": 2.01275968552, "min": -5.96163702011, "var": 5.01101255417}, "barkbands_spread": {"dmean": 7.96916341782, "dmean2": 12.4913196564, "dvar": 89.6478805542, "dvar2": 197.887359619, "max": 118.974769592, "mean": 22.2340660095, "median": 17.7445011139, "min": 0.349187999964, "var": 281.573852539}, "dissonance": {"dmean": 0.018771816045, "dmean2": 0.031030556187, "dvar": 0.000353576382622, "dvar2": 0.00092938967282, "max": 0.500000059605, "mean": 0.465904027224, "median": 0.473406970501, "min": 0.287030130625, "var": 0.000814731058199}, "dynamic_complexity": 3.54683303833, "erbbands_crest": {"dmean": 3.01802182198, "dmean2": 4.87436151505, "dvar": 9.16284656525, "dvar2": 22.3246917725, "max": 32.017868042, "mean": 9.01658248901, "median": 7.99735021591, "min": 2.20015692711, "var": 21.4724998474}, "erbbands_flatness_db": {"dmean": 0.020739607513, "dmean2": 0.0294722281396, "dvar": 0.000492184946779, "dvar2": 0.000940447032917, "max": 0.473289757967, "mean": 0.125259310007, "median": 0.114868953824, "min": 0.030992442742, "var": 0.00244491337799}, "erbbands_kurtosis": {"dmean": 1.17440855503, "dmean2": 1.84979248047, "dvar": 5.75764608383, "dvar2": 13.1247758865, "max": 73.4930343628, "mean": 0.601311922073, "median": -0.182973384857, "min": -1.83805990219, "var": 8.83853912354}, "erbbands_skewness": {"dmean": 0.422075808048, "dmean2": 0.630379080772, "dvar": 0.195798695087, "dvar2": 0.389642804861, "max": 6.18425607681, "mean": 0.440358191729, "median": 0.420872032642, "min": -4.46261548996, "var": 0.709992825985}, "erbbands_spread": {"dmean": 11.0927410126, "dmean2": 17.0542869568, "dvar": 144.97505188, "dvar2": 327.886383057, "max": 166.374755859, "mean": 46.4668693542, "median": 43.641368866, "min": 0.900690257549, "var": 459.845550537}, "hfc": {"dmean": 7.4601559639, "dmean2": 10.8493080139, "dvar": 115.145439148, "dvar2": 223.109512329, "max": 225.138305664, "mean": 21.5489711761, "median": 15.9994974136, "min": 1.09819601704e-16, "var": 415.354553223}, "melbands_crest": {"dmean": 4.58593559265, "dmean2": 7.01314353943, "dvar": 15.0501823425, "dvar2": 32.3261795044, "max": 34.530708313, "mean": 17.6474609375, "median": 17.1935939789, "min": 1.00499975681, "var": 50.2067489624}, "melbands_flatness_db": {"dmean": 0.0407966822386, "dmean2": 0.0595190897584, "dvar": 0.00147135287989, "dvar2": 0.00280173798092, "max": 0.571451127529, "mean": 0.216920375824, "median": 0.208058297634, "min": 2.93374881721e-07, "var": 0.00819090753794}, "melbands_kurtosis": {"dmean": 21.2910575867, "dmean2": 33.2625808716, "dvar": 1614.71643066, "dvar2": 3598.58569336, "max": 779.766784668, "mean": 33.2993736267, "median": 14.3046722412, "min": -1.88734209538, "var": 3499.71386719}, "melbands_skewness": {"dmean": 1.38100647926, "dmean2": 2.10287904739, "dvar": 2.2685675621, "dvar2": 4.84003257751, "max": 23.917804718, "mean": 3.80332827568, "median": 3.21464014053, "min": -4.9100933075, "var": 8.4045419693}, "melbands_spread": {"dmean": 9.88043212891, "dmean2": 15.1248502731, "dvar": 281.201660156, "dvar2": 538.066223145, "max": 285.498321533, "mean": 23.5509204865, "median": 14.3518247604, "min": 0.390962958336, "var": 912.617248535}, "pitch_salience": {"dmean": 0.107848972082, "dmean2": 0.165103197098, "dvar": 0.00903892703354, "dvar2": 0.0199064351618, "max": 0.995996773243, "mean": 0.482882380486, "median": 0.493435442448, "min": 0.0584196932614, "var": 0.0275798533112}, "silence_rate_20dB": {"dmean": 0, "dmean2": 0, "dvar": 0, "dvar2": 0, "max": 1, "mean": 1, "median": 1, "min": 1, "var": 0}, "silence_rate_30dB": {"dmean": 0.106788299978, "dmean2": 0.213605254889, "dvar": 0.095390111208, "dvar2": 0.18650637567, "max": 1, "mean": 0.836217284203, "median": 1, "min": 0, "var": 0.136947035789}, "silence_rate_60dB": {"dmean": 0.0340756624937, "dmean2": 0.0681604743004, "dvar": 0.0329131856561, "dvar2": 0.0739739611745, "max": 1, "mean": 0.103152245283, "median": 0, "min": 0, "var": 0.0925176143646}, "spectral_centroid": {"dmean": 316.925964355, "dmean2": 461.63168335, "dvar": 157199.40625, "dvar2": 260874.109375, "max": 11530.4287109, "mean": 1465.38793945, "median": 1177.97924805, "min": 129.516983032, "var": 1347338.125}, "spectral_complexity": {"dmean": 4.1524014473, "dmean2": 6.2275595665, "dvar": 29.3708896637, "dvar2": 55.9197883606, "max": 59, "mean": 16.2815551758, "median": 14, "min": 0, "var": 119.009529114}, "spectral_decrease": {"dmean": 7.3087589314e-09, "dmean2": 1.18398064686e-08, "dvar": 1.14882496301e-16, "dvar2": 3.19435844395e-16, "max": 4.23301490628e-28, "mean": -1.27161063901e-08, "median": -7.15630488202e-09, "min": -8.54986907939e-08, "var": 2.03854135631e-16}, "spectral_energy": {"dmean": 0.028047868982, "dmean2": 0.04537339136, "dvar": 0.00166528776754, "dvar2": 0.00463819596916, "max": 0.327189743519, "mean": 0.0499480962753, "median": 0.0286454837769, "min": 1.01307774222e-20, "var": 0.00298149348237}, "spectral_energyband_high": {"dmean": 0.000507732736878, "dmean2": 0.000695053488016, "dvar": 1.16654882731e-06, "dvar2": 1.99145142687e-06, "max": 0.0296010896564, "mean": 0.00121947901789, "median": 0.000611548544839, "min": 7.21969216309e-21, "var": 4.30393447459e-06}, "spectral_energyband_low": {"dmean": 0.0236223023385, "dmean2": 0.0382198616862, "dvar": 0.00148072210141, "dvar2": 0.00399540923536, "max": 0.31237128377, "mean": 0.0330665782094, "median": 0.0110974274576, "min": 1.24902264056e-23, "var": 0.00238641165197}, "spectral_energyband_middle_high": {"dmean": 0.00128563551698, "dmean2": 0.00199051038362, "dvar": 3.1364586448e-06, "dvar2": 7.12999371899e-06, "max": 0.0250667687505, "mean": 0.00339269288816, "median": 0.00234700436704, "min": 1.0612887808e-21, "var": 1.0532466149e-05}, "spectral_energyband_middle_low": {"dmean": 0.00822279695421, "dmean2": 0.0132655445486, "dvar": 0.000178999005584, "dvar2": 0.000450178049505, "max": 0.160431832075, "mean": 0.0133998133242, "median": 0.00789033807814, "min": 1.42173384344e-22, "var": 0.000263347086729}, "spectral_entropy": {"dmean": 0.202023416758, "dmean2": 0.283725470304, "dvar": 0.047805916518, "dvar2": 0.0888880118728, "max": 9.81660270691, "mean": 7.73118782043, "median": 7.75132894516, "min": 5.0110707283, "var": 0.250617444515}, "spectral_flux": {"dmean": 0.0479112751782, "dmean2": 0.0792710259557, "dvar": 0.0034291963093, "dvar2": 0.00831364188343, "max": 0.531775534153, "mean": 0.115722753108, "median": 0.0934912338853, "min": 6.39225616883e-11, "var": 0.0065304748714}, "spectral_kurtosis": {"dmean": 0.940834105015, "dmean2": 1.45729374886, "dvar": 1.45305848122, "dvar2": 3.59524655342, "max": 25.1420726776, "mean": 3.58660244942, "median": 3.2327671051, "min": -1.26718342304, "var": 4.24807214737}, "spectral_rms": {"dmean": 0.00173256662674, "dmean2": 0.00266582518816, "dvar": 4.16287457483e-06, "dvar2": 1.08213698695e-05, "max": 0.0178664345294, "mean": 0.00596925243735, "median": 0.00528647471219, "min": 3.1438328503e-12, "var": 1.30976823129e-05}, "spectral_rolloff": {"dmean": 726.487854004, "dmean2": 1165.75817871, "dvar": 1918684.125, "dvar2": 3920640, "max": 19853.6132812, "mean": 1796.59753418, "median": 710.595703125, "min": 64.599609375, "var": 8444500}, "spectral_skewness": {"dmean": 0.175733119249, "dmean2": 0.25965783, "dvar": 0.03783287853, "dvar2": 0.0782577246428, "max": 4.08831119537, "mean": 1.50837624073, "median": 1.47900497913, "min": -0.113255098462, "var": 0.180692330003}, "spectral_spread": {"dmean": 600759.3125, "dmean2": 865556.6875, "dvar": 623321415680, "dvar2": 1252450762750.0, "max": 42939692, "mean": 6118689, "median": 5810325, "min": 2598428.5, "var": 9696454901760.0}, "spectral_strongpeak": {"dmean": 0.44763225317, "dmean2": 0.737766444683, "dvar": 0.493644803762, "dvar2": 1.18771660328, "max": 14.4918107986, "mean": 0.761455476284, "median": 0.53592979908, "min": 0, "var": 0.718425095081}, "zerocrossingrate": {"dmean": 0.0179615318775, "dmean2": 0.0194922685623, "dvar": 0.000491745828185, "dvar2": 0.000516894098837, "max": 0.51513671875, "mean": 0.0787028819323, "median": 0.05810546875, "min": 0.001953125, "var": 0.00558566860855}, "barkbands": {"dmean": [0.000777036766522, 0.0212884340435, 0.00303631974384, 0.00298760272563, 0.00363243347965, 0.00124747026712, 0.000826228177175, 0.00115321506746, 0.000729420571588, 0.000447792001069, 0.000235644489294, 0.000282737019006, 0.00021697547345, 0.000355142576154, 0.000195856802748, 0.000123443460325, 0.000126972561702, 0.000117318530101, 9.71520275925e-05, 0.000102980542579, 0.000115125701996, 0.000114997885248, 0.000111481858767, 0.000100855570054, 7.51389452489e-05, 3.23716376442e-05, 1.76770317921e-05], "dmean2": [0.0010995012708, 0.0340906865895, 0.00517651299015, 0.00538811320439, 0.00591871375218, 0.00188856141176, 0.00119537406135, 0.00180741306394, 0.00114760559518, 0.000737556023523, 0.00038339200546, 0.000439360213932, 0.000353375944542, 0.000576377206016, 0.000316593359457, 0.000204491298064, 0.000210961719858, 0.000196015913389, 0.000154036664753, 0.000160251496709, 0.000175677865627, 0.000174750559381, 0.000157234971994, 0.000136509421282, 9.57253723755e-05, 4.41555748694e-05, 2.57423835137e-05], "dvar": [1.3854230474e-06, 0.0012829155894, 3.38102072419e-05, 5.3624924476e-05, 4.73593208881e-05, 8.51850654726e-06, 3.33520756612e-06, 6.17423438598e-06, 2.49642221206e-06, 9.90158355307e-07, 3.13961010079e-07, 4.07780134992e-07, 1.85604250191e-07, 2.75365522384e-07, 1.51378273472e-07, 5.73194931519e-08, 4.48959589505e-08, 6.76559253066e-08, 2.79030132333e-08, 2.89752524196e-08, 3.90238952264e-08, 4.84126019273e-08, 1.36579956234e-07, 1.06454407955e-07, 4.03086204415e-08, 1.9265713469e-09, 6.14879980265e-10], "dvar2": [3.07477534989e-06, 0.00339059578255, 9.13241601666e-05, 0.000148181192344, 0.000113079797302, 1.85324224731e-05, 7.07014351065e-06, 1.46164857142e-05, 5.98293763687e-06, 2.64139384853e-06, 7.74564909989e-07, 9.07318906229e-07, 4.69896036748e-07, 7.21607193555e-07, 3.86135354802e-07, 1.49524169046e-07, 1.13640979293e-07, 1.77179543925e-07, 6.17198594455e-08, 6.75804869843e-08, 8.2256107703e-08, 1.00823307037e-07, 2.75251494486e-07, 1.82858343578e-07, 6.09515851124e-08, 3.79277409479e-09, 1.28265054133e-09], "max": [0.017071634531, 0.29443114996, 0.0729086771607, 0.0563237555325, 0.0979282110929, 0.0443737618625, 0.0358076058328, 0.0411729961634, 0.018389550969, 0.012245265767, 0.00980394240469, 0.0130842551589, 0.00813481025398, 0.00676391180605, 0.00621497724205, 0.00352939963341, 0.00306355766952, 0.00406498834491, 0.00408463785425, 0.00257026776671, 0.00488597061485, 0.00613519316539, 0.0128660602495, 0.00838325731456, 0.00704255048186, 0.000890583440196, 0.000370503345039], "mean": [0.00104660028592, 0.0277083516121, 0.00328266154975, 0.00230921991169, 0.00464630778879, 0.00218038377352, 0.00134020100813, 0.00162952265237, 0.00108869187534, 0.00063311069971, 0.000372327660443, 0.000462137744762, 0.000320471357554, 0.000579128100071, 0.000312254589517, 0.00019251802587, 0.000204109179322, 0.000172906002263, 0.000164591998328, 0.000188708421774, 0.000211195467273, 0.000219046603888, 0.000214281055378, 0.000204281372135, 0.000150132138515, 7.32435437385e-05, 4.15930153395e-05], "median": [0.000348062778357, 0.00668833265081, 0.000750060891733, 0.000199257512577, 0.0011658227304, 0.000518872227985, 0.000419928866904, 0.000458015245385, 0.000353767740307, 0.000266863469733, 0.000121138451505, 0.000179745504283, 0.000128517363919, 0.00029856825131, 0.000120173608593, 7.2848291893e-05, 0.000101504308986, 7.18447554391e-05, 7.70065162214e-05, 9.27237633732e-05, 0.000109836677439, 9.30931782932e-05, 6.69759465382e-05, 5.92852629779e-05, 5.0169066526e-05, 3.89150045521e-05, 1.87409095815e-05], "min": [3.5524011401e-25, 5.05186287045e-24, 9.53483159936e-25, 1.15297503881e-24, 8.2732473744e-24, 1.04715423932e-23, 9.14798131118e-24, 3.408630895e-24, 1.87094535322e-23, 1.46385904733e-23, 2.19243015347e-23, 2.42717275521e-23, 3.53895371421e-23, 4.08410014484e-23, 5.0079013877e-23, 8.84577248493e-23, 6.5185280538e-23, 9.34199313113e-23, 1.39454906556e-22, 1.84372330955e-22, 2.58760790979e-22, 2.87430419655e-22, 3.91748577968e-22, 6.68852820996e-22, 9.44111760594e-22, 1.34199977162e-21, 1.91743818333e-21], "var": [2.44566012952e-06, 0.00197892240249, 3.27590350935e-05, 3.59341684089e-05, 7.43553173379e-05, 2.01438779186e-05, 7.18926276022e-06, 1.03975098682e-05, 3.8787734411e-06, 1.32655952712e-06, 6.24695132956e-07, 9.67254322859e-07, 3.20022451206e-07, 5.60979856346e-07, 2.85597650418e-07, 9.09866031407e-08, 7.91293359725e-08, 8.40016767256e-08, 5.66627846865e-08, 6.29054852652e-08, 9.838975501e-08, 1.25960582409e-07, 3.09052950342e-07, 3.90117293136e-07, 1.82714984476e-07, 7.166430116e-09, 2.45029863066e-09]}, "erbbands": {"dmean": [0.660836040974, 4.78625249863, 4.24517345428, 6.88143110275, 10.5670690536, 14.2939147949, 12.1510829926, 8.87558269501, 10.1591920853, 17.6627635956, 23.8418521881, 12.3405408859, 18.8382759094, 9.85648059845, 8.94156074524, 10.1715688705, 8.88966369629, 12.5696268082, 15.4688539505, 8.79547786713, 6.68246984482, 7.75021886826, 7.04014110565, 4.24006986618, 5.05611181259, 4.6312828064, 4.97378778458, 4.64933824539, 3.83003425598, 4.2447104454, 2.88988471031, 2.2942276001, 1.70436477661, 1.0495455265, 0.435713231564, 0.15467466414, 0.0673653706908, 0.0177844520658, 0.00297544919886, 0.000210194382817], "dmean2": [0.996668040752, 7.91246414185, 7.16755723953, 11.8883342743, 18.711812973, 22.60587883, 18.4419651031, 13.6092729568, 14.7402734756, 27.1671791077, 37.0562438965, 19.4648838043, 30.3324584961, 15.5863409042, 14.4547214508, 15.8306560516, 14.4336442947, 20.2645626068, 25.0246181488, 14.1619243622, 11.1388406754, 12.8655481339, 11.8245000839, 6.68584346771, 7.89933681488, 7.1305565834, 7.95079755783, 6.71488952637, 5.84734773636, 6.44507980347, 3.93340301514, 3.21350693703, 2.3300280571, 1.3381588459, 0.585140764713, 0.212712153792, 0.0943269655108, 0.025763168931, 0.00451699923724, 0.000318897713441], "dvar": [1.11263132095, 72.9564971924, 63.5024185181, 237.919342041, 500.985961914, 925.252624512, 851.607543945, 509.484710693, 507.40512085, 1911.30627441, 2577.02392578, 725.735656738, 1868.46447754, 541.593566895, 346.662689209, 600.26550293, 267.527740479, 380.729125977, 659.966430664, 337.793945312, 161.896179199, 177.044845581, 247.907058716, 56.8893356323, 82.9251251221, 57.0449409485, 67.211479187, 79.4969863892, 45.2593307495, 134.510101318, 90.9479064941, 64.4560089111, 27.3407287598, 10.9757347107, 0.932964026928, 0.0638849213719, 0.00817383918911, 0.000573679746594, 1.76692556124e-05, 7.58632481279e-08], "dvar2": [2.32921075821, 203.110549927, 163.845428467, 633.977539062, 1384.12976074, 1985.1685791, 1859.15563965, 1145.93859863, 1044.76098633, 4252.08544922, 5946.87792969, 1793.58154297, 4898.18652344, 1447.25085449, 863.805358887, 1361.96130371, 655.565551758, 917.264404297, 1752.16296387, 774.18157959, 444.378479004, 456.501159668, 655.733947754, 121.240036011, 184.162246704, 127.539802551, 159.530227661, 171.334335327, 95.9464569092, 289.673065186, 173.459197998, 124.143920898, 48.4909973145, 16.1059608459, 1.76960074902, 0.129149585962, 0.016169231385, 0.00119999796152, 4.0795897803e-05, 1.677690733e-07], "max": [10.0596179962, 70.3716964722, 94.6193389893, 114.444374084, 264.387817383, 553.533508301, 664.550048828, 417.011047363, 480.894744873, 993.648010254, 765.266052246, 440.03527832, 520.133972168, 492.860931396, 327.941070557, 556.637756348, 329.288879395, 334.957183838, 353.046783447, 331.263427734, 213.265731812, 193.405090332, 240.274978638, 105.883506775, 263.548309326, 101.283821106, 170.61630249, 246.883590698, 114.41305542, 498.422912598, 326.893371582, 245.879394531, 150.821655273, 121.465370178, 25.5152301788, 5.94135665894, 1.22628355026, 0.261446148157, 0.0639501959085, 0.00486302236095], "mean": [0.912145137787, 5.62860488892, 5.30454349518, 6.04180240631, 10.4849042892, 18.1419334412, 20.6653690338, 14.2671031952, 17.3534545898, 26.1740341187, 35.1907997131, 19.5750732422, 26.0698432922, 17.5515842438, 15.118268013, 17.2541370392, 14.7394113541, 22.8929367065, 25.4729232788, 14.4557361603, 10.6336107254, 12.8302621841, 10.6719732285, 7.81873893738, 8.18280029297, 8.68503856659, 8.84556007385, 8.27738857269, 7.40235757828, 7.79231739044, 5.64233255386, 4.38488388062, 3.3549990654, 2.05253100395, 0.863401055336, 0.338914841413, 0.141105487943, 0.0393666401505, 0.00646616565064, 0.000508771860041], "median": [0.210609868169, 1.34299111366, 1.36868834496, 0.996630012989, 1.82082223892, 3.51407766342, 5.2606549263, 4.31374788284, 6.64462995529, 6.50941801071, 10.93446064, 7.89028215408, 9.42950820923, 7.75219011307, 6.31351947784, 7.25799417496, 6.87258243561, 12.1580448151, 13.4490098953, 5.59228849411, 4.4964299202, 6.55853414536, 4.88395261765, 3.68775939941, 3.90545153618, 4.37293386459, 4.32542657852, 4.08154201508, 3.35225176811, 2.71451091766, 1.72230470181, 1.01908218861, 1.08554840088, 0.583373725414, 0.341835200787, 0.18677714467, 0.0703313201666, 0.0192500427365, 0.00320168025792, 0.000268414907623], "min": [1.33192158762e-22, 9.71598956194e-22, 2.97733907381e-21, 5.52534475252e-21, 1.14650181346e-20, 2.235303094e-20, 4.67228445357e-20, 1.0167342198e-19, 1.54609103774e-19, 2.46749088249e-19, 1.80876211201e-19, 4.64466928731e-19, 3.77449466995e-19, 7.00923486166e-19, 9.90439699089e-19, 1.24498985015e-18, 2.00816498466e-18, 1.63498327849e-18, 1.89043195448e-18, 4.33184353832e-18, 5.11922559647e-18, 3.67323530357e-18, 4.68091830631e-18, 7.7177026486e-18, 6.87742239028e-18, 9.90390543881e-18, 1.1583547785e-17, 1.04307855746e-17, 9.95936541734e-18, 1.21803925113e-17, 1.08655508774e-17, 1.0337655791e-17, 1.05721060735e-17, 7.77903064639e-18, 6.83617833775e-18, 4.40240948919e-18, 2.4465157018e-18, 8.3068444623e-19, 2.38680251566e-19, 2.83548822124e-20], "var": [2.1730735302, 93.3546218872, 76.3471755981, 182.650680542, 425.739135742, 1683.26135254, 1781.61547852, 907.415100098, 1156.62084961, 3549.40234375, 4510.72070312, 1019.59008789, 2463.23583984, 1165.87353516, 661.024047852, 1311.99853516, 551.28918457, 1021.230896, 1154.07385254, 637.641235352, 250.064559937, 306.934173584, 302.940612793, 124.548454285, 154.872787476, 134.116027832, 158.800064087, 168.766113281, 115.745979309, 303.307739258, 223.756851196, 188.196365356, 99.9066467285, 50.8555145264, 3.31755900383, 0.204624921083, 0.0277038961649, 0.00199818005785, 5.95048622927e-05, 3.46487809111e-07]}, "gfcc": {"mean": [4.520860672, 55.6294517517, -90.0366287231, 22.2832508087, -50.0359039307, 15.4570531845, -25.541053772, 7.50133275986, -13.3706521988, 9.69068145752, -14.1290597916, 1.25268852711, -7.97965860367], "cov": [[14202.8623047, 1366.22338867, -84.798789978, 698.640258789, -192.255615234, 229.446350098, -268.908996582, 122.256637573, -78.7548599243, 35.3330001831, -132.548233032, 135.071762085, -85.0519943237], [1366.22338867, 2055.04663086, 135.990081787, 287.879180908, 122.531471252, 0.192699506879, -37.521156311, -132.293807983, 20.1566829681, -14.5827026367, 80.4998168945, 20.5875110626, 0.206743344665], [-84.798789978, 135.990081787, 1026.35754395, 365.487426758, 441.580535889, 131.285079956, 123.298927307, 90.8449478149, 7.30994796753, -9.15323352814, -3.90391325951, -18.5125923157, -28.3660488129], [698.640258789, 287.879180908, 365.487426758, 543.534973145, 220.164169312, 156.640228271, 30.1675052643, 50.2325897217, 4.15979576111, -25.6762580872, -31.384803772, -38.1602745056, 4.48928356171], [-192.255615234, 122.531471252, 441.580535889, 220.164169312, 528.959411621, 170.606536865, 217.016326904, 125.681159973, 75.2325439453, 40.0997467041, -6.99285793304, -33.6891136169, -18.4651088715], [229.446350098, 0.192699506879, 131.285079956, 156.640228271, 170.606536865, 315.408050537, 183.855957031, 109.699386597, 36.9214096069, 16.1532020569, -14.2203474045, -11.6024341583, -3.26889038086], [-268.908996582, -37.521156311, 123.298927307, 30.1675052643, 217.016326904, 183.855957031, 314.906951904, 157.007400513, 83.4768066406, 46.1423034668, 3.43609499931, -4.45896816254, -12.1169090271], [122.256637573, -132.293807983, 90.8449478149, 50.2325897217, 125.681159973, 109.699386597, 157.007400513, 217.86807251, 124.204551697, 49.0876617432, -10.947971344, -9.81548595428, -12.0547113419], [-78.7548599243, 20.1566829681, 7.30994796753, 4.15979576111, 75.2325439453, 36.9214096069, 83.4768066406, 124.204551697, 187.369445801, 91.9772186279, 27.2851886749, -5.2311873436, 1.30055809021], [35.3330001831, -14.5827026367, -9.15323352814, -25.6762580872, 40.0997467041, 16.1532020569, 46.1423034668, 49.0876617432, 91.9772186279, 136.979476929, 65.5745773315, 7.48395681381, -5.61464071274], [-132.548233032, 80.4998168945, -3.90391325951, -31.384803772, -6.99285793304, -14.2203474045, 3.43609499931, -10.947971344, 27.2851886749, 65.5745773315, 129.478515625, 65.6531600952, 4.24730062485], [135.071762085, 20.5875110626, -18.5125923157, -38.1602745056, -33.6891136169, -11.6024341583, -4.45896816254, -9.81548595428, -5.2311873436, 7.48395681381, 65.6531600952, 120.327323914, 34.3555603027], [-85.0519943237, 0.206743344665, -28.3660488129, 4.48928356171, -18.4651088715, -3.26889038086, -12.1169090271, -12.0547113419, 1.30055809021, -5.61464071274, 4.24730062485, 34.3555603027, 86.0905380249]], "icov": [[0.000107732143078, -9.48483721004e-05, 4.6137287427e-05, -0.000129903273773, 6.88130458002e-05, -9.78932293947e-05, 0.000221649344894, -0.000301420019241, 0.000263526744675, -0.000395265436964, 0.00045415549539, -0.000427679828135, 0.000247174670221], [-9.48483721004e-05, 0.000719039526302, 2.84841935354e-05, -0.000323480140651, -0.000184560878552, 0.000179548296728, -0.000396179850213, 0.00117396633141, -0.000941441685427, 0.000826912524644, -0.000888369919267, 0.000327786197886, -1.21508537632e-05], [4.6137287427e-05, 2.84841935354e-05, 0.00184933352284, -0.00086328695761, -0.00136424647644, 0.000289174698992, 0.000260340457316, -0.000510546029545, 0.000618056859821, 0.000143085504533, -0.000198586712941, -0.000471677485621, 0.000581412517931], [-0.000129903273773, -0.000323480140651, -0.00086328695761, 0.00360010471195, -0.0006908189971, -0.0015919014113, 0.0014226619387, -0.000655988464132, 2.36195119214e-05, 0.000870453019161, -0.00052548077656, 0.00143592781387, -0.0011906598229], [6.88130458002e-05, -0.000184560878552, -0.00136424647644, -0.0006908189971, 0.00445878552273, -0.00021958661091, -0.00213712430559, 0.000148472987348, -0.00041127181612, -0.000910393195227, 0.00062767136842, 0.000353870593244, 9.76004812401e-05], [-9.78932293947e-05, 0.000179548296728, 0.000289174698992, -0.0015919014113, -0.00021958661091, 0.00609044451267, -0.00335905258544, -0.00054539804114, 0.00075276842108, -4.38827410107e-05, -9.85340157058e-05, 0.000167663878528, -0.000360116537195], [0.000221649344894, -0.000396179850213, 0.000260340457316, 0.0014226619387, -0.00213712430559, -0.00335905258544, 0.00859779212624, -0.00450437748805, 0.00116733612958, -0.00100556004327, 0.000454368855571, -0.000936234835535, 0.000492967024911], [-0.000301420019241, 0.00117396633141, -0.000510546029545, -0.000655988464132, 0.000148472987348, -0.00054539804114, -0.00450437748805, 0.0137238157913, -0.00834429636598, 0.00179887551349, 0.00117563514505, -0.000703462632373, 0.00133030582219], [0.000263526744675, -0.000941441685427, 0.000618056859821, 2.36195119214e-05, -0.00041127181612, 0.00075276842108, 0.00116733612958, -0.00834429636598, 0.0141111630946, -0.00748949311674, 0.000931231363211, 0.00027475252864, -0.00145591876935], [-0.000395265436964, 0.000826912524644, 0.000143085504533, 0.000870453019161, -0.000910393195227, -4.38827410107e-05, -0.00100556004327, 0.00179887551349, -0.00748949311674, 0.0172086339444, -0.0101030441001, 0.0047495374456, -0.000638779369183], [0.00045415549539, -0.000888369919267, -0.000198586712941, -0.00052548077656, 0.00062767136842, -9.85340157058e-05, 0.000454368855571, 0.00117563514505, 0.000931231363211, -0.0101030441001, 0.0191317852587, -0.0110655436292, 0.00357124302536], [-0.000427679828135, 0.000327786197886, -0.000471677485621, 0.00143592781387, 0.000353870593244, 0.000167663878528, -0.000936234835535, -0.000703462632373, 0.00027475252864, 0.0047495374456, -0.0110655436292, 0.0167940389365, -0.00665196217597], [0.000247174670221, -1.21508537632e-05, 0.000581412517931, -0.0011906598229, 9.76004812401e-05, -0.000360116537195, 0.000492967024911, 0.00133030582219, -0.00145591876935, -0.000638779369183, 0.00357124302536, -0.00665196217597, 0.0148351751268]]}, "melbands": {"dmean": [0.0060352650471, 0.00354208238423, 0.00128918618429, 0.000851896533277, 0.000473805936053, 0.000208568118978, 0.0001510156726, 0.000216054133489, 0.000183838288649, 8.52076409501e-05, 9.65708532021e-05, 4.24971331086e-05, 2.95837671729e-05, 2.96553516819e-05, 2.90331990982e-05, 2.08818019019e-05, 2.52964837273e-05, 3.10903924401e-05, 1.50261676026e-05, 9.17593297345e-06, 8.11753034213e-06, 8.3117174654e-06, 8.23147456686e-06, 4.67804647997e-06, 3.5739951727e-06, 3.92782067138e-06, 3.75910826733e-06, 3.23683570969e-06, 3.50839604835e-06, 2.73625028058e-06, 2.85549390355e-06, 2.34058757087e-06, 2.38617280957e-06, 2.48077230935e-06, 1.6985811726e-06, 1.68344854501e-06, 1.44244449984e-06, 1.20994184272e-06, 1.16840146802e-06, 8.74819534147e-07], "dmean2": [0.00945223588496, 0.00594070879743, 0.00223091756925, 0.00142597046215, 0.000711317698006, 0.000317149766488, 0.000220470596105, 0.000334100768669, 0.000286481023068, 0.000135188020067, 0.000155672401888, 6.75736009725e-05, 4.8282181524e-05, 4.55854824395e-05, 4.66755918751e-05, 3.42775747413e-05, 4.07901752624e-05, 5.0587230362e-05, 2.43270169449e-05, 1.46879874592e-05, 1.37382721732e-05, 1.37651531986e-05, 1.38565101224e-05, 7.80659775046e-06, 5.60953913009e-06, 6.26252085567e-06, 5.85981933909e-06, 4.96767916047e-06, 5.73113038627e-06, 4.22079301643e-06, 4.19742127633e-06, 3.63694471162e-06, 3.65501568922e-06, 3.82720827474e-06, 2.37018161897e-06, 2.3866812171e-06, 2.01755642593e-06, 1.67897167103e-06, 1.60982460784e-06, 1.1493865486e-06], "dvar": [9.75228540483e-05, 4.1186252929e-05, 8.14525174064e-06, 2.71973885901e-06, 1.10154610411e-06, 2.4665661158e-07, 1.06271016875e-07, 2.34048727066e-07, 1.5057901237e-07, 3.56645060151e-08, 4.74751793433e-08, 9.29759558232e-09, 3.58737950457e-09, 4.35765379336e-09, 5.67010571828e-09, 1.87247306549e-09, 1.55053836437e-09, 2.84585488508e-09, 8.99291308087e-10, 3.64190066993e-10, 2.55012511108e-10, 2.05729946967e-10, 3.24336613122e-10, 9.16167766651e-11, 4.24476565009e-11, 5.04383028399e-11, 5.37195669892e-11, 2.90149970023e-11, 3.25502125254e-11, 2.53974116043e-11, 3.18752663153e-11, 1.64162572425e-11, 2.32077326107e-11, 5.44707300099e-11, 3.00188970903e-11, 3.93126468878e-11, 2.47385150559e-11, 1.29932791956e-11, 1.48987610443e-11, 8.70604803527e-12], "dvar2": [0.000244112306973, 0.000110624503577, 2.19075427594e-05, 6.90271099302e-06, 2.3261154638e-06, 5.50152094547e-07, 2.26492772981e-07, 5.36029347131e-07, 3.41292974326e-07, 8.74579200172e-08, 1.24572551385e-07, 2.49736711311e-08, 8.97130103539e-09, 8.87273721162e-09, 1.35321798211e-08, 4.67682204075e-09, 3.68662633754e-09, 7.63473551046e-09, 2.31005570228e-09, 8.43285385965e-10, 7.36107785837e-10, 5.27279109264e-10, 8.62432125714e-10, 2.30147984004e-10, 9.34076149761e-11, 1.13467707452e-10, 1.25895502356e-10, 6.04079911093e-11, 8.20672349522e-11, 5.57770704623e-11, 6.96328134042e-11, 3.66646435435e-11, 4.7924601787e-11, 1.24659990663e-10, 6.06338382281e-11, 7.82610087846e-11, 4.62961058378e-11, 2.35865632581e-11, 2.5495503278e-11, 1.48365607994e-11], "max": [0.080392986536, 0.0550086051226, 0.0208400804549, 0.024724625051, 0.0221026390791, 0.00971208140254, 0.00625213654712, 0.00926357600838, 0.00684293080121, 0.00250351871364, 0.0025557554327, 0.00195913598873, 0.00107858795673, 0.0013728068443, 0.00191025063396, 0.000866212358233, 0.000736784480978, 0.000743994372897, 0.000492395658512, 0.000354559160769, 0.000222871254664, 0.000257199426414, 0.000290472584311, 0.000176977409865, 0.000101701698441, 0.000229667930398, 0.000150340201799, 8.65680922288e-05, 9.96166927507e-05, 0.000123289821204, 0.00015267796698, 7.133030158e-05, 0.000143465731526, 0.000313471915433, 0.00020000168297, 0.000163674514624, 0.000151678774273, 9.90997432382e-05, 0.000109090993647, 0.000108965257823], "mean": [0.00798619259149, 0.00451779318973, 0.00118107581511, 0.00101008010097, 0.000766102341004, 0.000354585732566, 0.000251187739195, 0.00031076814048, 0.000271335797152, 0.000127563049318, 0.000131853783387, 7.21121396055e-05, 4.8532281653e-05, 4.87652978336e-05, 4.33440945926e-05, 3.14852113661e-05, 4.40853109467e-05, 4.67712525278e-05, 2.31330268434e-05, 1.4606831428e-05, 1.15256671052e-05, 1.31680344566e-05, 1.18546504382e-05, 7.17206512491e-06, 6.20856781097e-06, 6.08268237556e-06, 5.82808388572e-06, 5.77726859774e-06, 5.8338710005e-06, 4.56739644505e-06, 4.85153032059e-06, 4.10708935306e-06, 4.33841296399e-06, 4.27086661148e-06, 3.18522029374e-06, 3.03441743199e-06, 2.61406353275e-06, 2.30227442444e-06, 2.20413949137e-06, 1.6063181647e-06], "median": [0.00199317187071, 0.00126002496108, 0.000240597248194, 0.000222951479373, 0.00017769675469, 0.000111114815809, 9.32205512072e-05, 6.45749460091e-05, 7.64094584156e-05, 4.5653203415e-05, 4.68396901852e-05, 2.99869025184e-05, 1.91332346731e-05, 1.69546765392e-05, 1.62265714607e-05, 1.28172032419e-05, 2.22179223783e-05, 2.14643514482e-05, 7.5064435805e-06, 5.2927221077e-06, 4.50212473879e-06, 6.47067690807e-06, 5.33981346962e-06, 2.8812137316e-06, 2.68508756562e-06, 2.71868839263e-06, 2.53245821114e-06, 2.56955195255e-06, 2.74608692052e-06, 2.22594394472e-06, 2.25546205002e-06, 1.78679169949e-06, 1.75387810941e-06, 1.40145380101e-06, 9.90707462734e-07, 6.82064751345e-07, 5.45905209037e-07, 7.48443198972e-07, 5.72760825435e-07, 4.49097001365e-07], "min": [1.60108579969e-24, 2.05770580595e-24, 1.51398520196e-24, 1.17956044018e-24, 1.50945546403e-24, 2.30167129608e-24, 2.41029902045e-24, 2.66165574283e-24, 1.28424977648e-24, 2.65530127102e-24, 1.90994387536e-24, 2.1231854026e-24, 2.84754410983e-24, 2.79519372244e-24, 3.59336949723e-24, 4.05447329025e-24, 2.77998330089e-24, 2.51508578107e-24, 4.62631343285e-24, 5.62815337185e-24, 4.36609819693e-24, 2.85472944938e-24, 4.13231295679e-24, 4.02206885642e-24, 5.40411332489e-24, 5.01829605007e-24, 4.35708072793e-24, 5.44156134092e-24, 6.30321675276e-24, 5.63393414456e-24, 4.85249365945e-24, 4.94009863512e-24, 6.60081374039e-24, 6.29467496687e-24, 5.79141641922e-24, 5.48153805059e-24, 7.13209223296e-24, 6.76524824621e-24, 6.18112041172e-24, 5.87825107223e-24], "var": [0.000162909011124, 5.44069771422e-05, 6.28349016552e-06, 3.5430537082e-06, 2.36957248489e-06, 4.9244931688e-07, 2.27546479437e-07, 4.22776395226e-07, 2.74976827086e-07, 5.0165045451e-08, 6.26331697617e-08, 1.95776124201e-08, 7.0675794106e-09, 1.09830944339e-08, 1.09444897589e-08, 3.33440408617e-09, 4.02026101298e-09, 4.53871962236e-09, 1.68851743698e-09, 6.35401786742e-10, 3.40066169668e-10, 3.49450496318e-10, 3.87722381978e-10, 1.30830429823e-10, 8.98630128643e-11, 9.08921549136e-11, 9.23099444106e-11, 7.44357908644e-11, 6.81264350488e-11, 5.39920642917e-11, 6.30855923056e-11, 3.66242106087e-11, 6.07966454957e-11, 1.08264779086e-10, 6.77415692985e-11, 8.99097393758e-11, 7.37714056509e-11, 4.3837797975e-11, 5.90614016027e-11, 3.35798333584e-11]}, "mfcc": {"mean": [-648.825256348, 101.020523071, 14.4037065506, 16.4764347076, 1.27416086197, 12.099272728, 0.963160157204, 2.24645638466, 6.12763118744, 6.42533636093, 5.58760309219, 1.62116014957, -1.70985722542], "cov": [[7190.3515625, 951.55279541, 426.585479736, 444.614685059, 253.40687561, 164.609405518, -90.0661773682, 143.887817383, 0.790327906609, -79.3728179932, 23.2762489319, -27.9551620483, 75.6230316162], [951.55279541, 1541.37109375, 135.813293457, 249.06022644, 120.621040344, 145.276229858, 10.2217845917, -3.16474890709, -43.970539093, -72.2437591553, 98.4022521973, 51.2663040161, 21.2207584381], [426.585479736, 135.813293457, 568.40234375, 278.52822876, 249.720458984, 117.536552429, 109.149505615, 70.7390441895, 21.4619979858, 25.5458259583, -7.73033046722, -9.75964736938, 21.451133728], [444.614685059, 249.06022644, 278.52822876, 426.805999756, 274.309326172, 115.254150391, 87.7821044922, 52.9203414917, 55.0969200134, 57.318157196, -1.42937088013, -4.26103925705, 24.4924602509], [253.40687561, 120.621040344, 249.720458984, 274.309326172, 359.688934326, 132.766571045, 114.391677856, 77.1547241211, 76.8884506226, 82.6982574463, 22.3709850311, -0.454843908548, 0.585757434368], [164.609405518, 145.276229858, 117.536552429, 115.254150391, 132.766571045, 233.958633423, 161.067947388, 87.6789703369, 59.297832489, 43.6630783081, 43.6847114563, 8.15567588806, -18.1738681793], [-90.0661773682, 10.2217845917, 109.149505615, 87.7821044922, 114.391677856, 161.067947388, 266.753082275, 139.71043396, 86.1346588135, 78.1203384399, 49.0696640015, 7.85950040817, 2.46356797218], [143.887817383, -3.16474890709, 70.7390441895, 52.9203414917, 77.1547241211, 87.6789703369, 139.71043396, 210.320175171, 125.807701111, 65.1790847778, 51.6370849609, 10.8224401474, 21.8474617004], [0.790327906609, -43.970539093, 21.4619979858, 55.0969200134, 76.8884506226, 59.297832489, 86.1346588135, 125.807701111, 214.485900879, 136.164169312, 61.8336372375, 23.1761684418, -8.97301006317], [-79.3728179932, -72.2437591553, 25.5458259583, 57.318157196, 82.6982574463, 43.6630783081, 78.1203384399, 65.1790847778, 136.164169312, 214.58895874, 100.134284973, 15.4963655472, -12.7248573303], [23.2762489319, 98.4022521973, -7.73033046722, -1.42937088013, 22.3709850311, 43.6847114563, 49.0696640015, 51.6370849609, 61.8336372375, 100.134284973, 157.138442993, 66.7201080322, 12.6584863663], [-27.9551620483, 51.2663040161, -9.75964736938, -4.26103925705, -0.454843908548, 8.15567588806, 7.85950040817, 10.8224401474, 23.1761684418, 15.4963655472, 66.7201080322, 140.849472046, 69.0144119263], [75.6230316162, 21.2207584381, 21.451133728, 24.4924602509, 0.585757434368, -18.1738681793, 2.46356797218, 21.8474617004, -8.97301006317, -12.7248573303, 12.6584863663, 69.0144119263, 132.411468506]], "icov": [[0.000172517145984, -6.94848567946e-05, -6.76429117448e-05, -0.000110059409053, 2.51264482358e-05, -0.000147613231093, 0.000313017459121, -0.000245946692303, 4.14609858126e-05, 4.35111869592e-05, -5.3680898418e-05, 0.000120709104522, -9.24829364521e-05], [-6.94848567946e-05, 0.000953989801928, 7.76788510848e-05, -0.000690309563652, 0.000120689233881, -0.000471721403301, 0.000187565645319, 0.000261499168118, -4.83535477542e-05, 0.000998238334432, -0.00128451699857, 0.000101475481642, 5.25468894921e-05], [-6.76429117448e-05, 7.76788510848e-05, 0.00296100787818, -0.0011301105842, -0.00109830789734, -0.00013024926011, -0.000380212499294, -0.000452426698757, 0.00071486615343, 0.000119950615044, 0.000192951789359, 4.40628646174e-05, -0.000157208152814], [-0.000110059409053, -0.000690309563652, -0.0011301105842, 0.00599161349237, -0.0031795934774, -0.00035076457425, -0.000118292613479, 0.000742018048186, -0.000568656716496, -0.00117331417277, 0.00170348747633, 0.000410390988691, -0.00143406481948], [2.51264482358e-05, 0.000120689233881, -0.00109830789734, -0.0031795934774, 0.00680113723502, -0.00141553836875, -2.7910539302e-06, -0.000441075331764, -0.000108804939373, -0.00118193705566, 0.000317208177876, -0.000384162616683, 0.000629775342532], [-0.000147613231093, -0.000471721403301, -0.00013024926011, -0.00035076457425, -0.00141553836875, 0.00940712261945, -0.00502609368414, 0.000110634122393, -0.000479116628412, 0.00131013779901, -0.00105192593765, -0.000818812754005, 0.00223933928646], [0.000313017459121, 0.000187565645319, -0.000380212499294, -0.000118292613479, -2.7910539302e-06, -0.00502609368414, 0.00951895676553, -0.00463757524267, 0.00148706953041, -0.00195187993813, 0.000445861398475, 1.83650281542e-05, -0.000366108055459], [-0.000245946692303, 0.000261499168118, -0.000452426698757, 0.000742018048186, -0.000441075331764, 0.000110634122393, -0.00463757524267, 0.0121575128287, -0.00701222056523, 0.00350371724926, -0.00315641937777, 0.00303876888938, -0.00328850164078], [4.14609858126e-05, -4.83535477542e-05, 0.00071486615343, -0.000568656716496, -0.000108804939373, -0.000479116628412, 0.00148706953041, -0.00701222056523, 0.0125990128145, -0.00713006034493, 0.00287083443254, -0.00344297080301, 0.00272613950074], [4.35111869592e-05, 0.000998238334432, 0.000119950615044, -0.00117331417277, -0.00118193705566, 0.00131013779901, -0.00195187993813, 0.00350371724926, -0.00713006034493, 0.0133416978642, -0.00843689404428, 0.0033062575385, -0.000461694813566], [-5.3680898418e-05, -0.00128451699857, 0.000192951789359, 0.00170348747633, 0.000317208177876, -0.00105192593765, 0.000445861398475, -0.00315641937777, 0.00287083443254, -0.00843689404428, 0.0153764924034, -0.00688979588449, 0.00176169129554], [0.000120709104522, 0.000101475481642, 4.40628646174e-05, 0.000410390988691, -0.000384162616683, -0.000818812754005, 1.83650281542e-05, 0.00303876888938, -0.00344297080301, 0.0033062575385, -0.00688979588449, 0.0139653673396, -0.00731649948284], [-9.24829364521e-05, 5.25468894921e-05, -0.000157208152814, -0.00143406481948, 0.000629775342532, 0.00223933928646, -0.000366108055459, -0.00328850164078, 0.00272613950074, -0.000461694813566, 0.00176169129554, -0.00731649948284, 0.012526717037]]}, "spectral_contrast_coeffs": {"dmean": [0.0602486543357, 0.0529164634645, 0.0419085212052, 0.034487426281, 0.025793204084, 0.0203572828323], "dmean2": [0.0951083526015, 0.0847459509969, 0.0687644854188, 0.0554325580597, 0.0391186699271, 0.0317605696619], "dvar": [0.00258613983169, 0.00190739752725, 0.00128758908249, 0.000872906006407, 0.000548157491721, 0.00038868872798], "dvar2": [0.00586822256446, 0.00466861622408, 0.00324270641431, 0.00213608704507, 0.0012169216061, 0.00095186533872], "max": [-0.24181291461, -0.400276809931, -0.443431466818, -0.528621673584, -0.582575619221, -0.614490687847], "mean": [-0.674191117287, -0.714409351349, -0.782242655754, -0.77827745676, -0.795448124409, -0.764742910862], "median": [-0.690544724464, -0.720098018646, -0.797369122505, -0.787492871284, -0.803193688393, -0.765264391899], "min": [-0.982475757599, -0.985957622528, -0.997818231583, -0.987843990326, -0.98936355114, -0.964438974857], "var": [0.0133205670863, 0.00966355577111, 0.00526740262285, 0.00387557875365, 0.00221724179573, 0.00156458234414]}, "spectral_contrast_valleys": {"dmean": [0.556692302227, 0.426792830229, 0.388128608465, 0.365009725094, 0.374364256859, 0.34669983387], "dmean2": [0.869895339012, 0.661935508251, 0.59420800209, 0.53897613287, 0.528170526028, 0.416501998901], "dvar": [0.435023605824, 0.203705757856, 0.194444045424, 0.183562591672, 0.22593383491, 0.169146344066], "dvar2": [0.799293756485, 0.387713074684, 0.365403205156, 0.340057075024, 0.431409180164, 0.260272264481], "max": [-4.71104669571, -4.94993495941, -5.53456926346, -5.77140903473, -5.8412733078, -7.26682949066], "mean": [-7