{"lowlevel": {"average_loudness": 0.639490664005, "barkbands_crest": {"dmean": 1.66412460804, "dmean2": 2.62658429146, "dvar": 2.96495938301, "dvar2": 7.24916648865, "max": 26.4073009491, "mean": 10.7455644608, "median": 10.135512352, "min": 3.00502586365, "var": 13.5437307358}, "barkbands_flatness_db": {"dmean": 0.0178926419467, "dmean2": 0.0260092224926, "dvar": 0.000457484216895, "dvar2": 0.00082247168757, "max": 0.442220240831, "mean": 0.251968801022, "median": 0.257761895657, "min": 0.0433272868395, "var": 0.00378513266332}, "barkbands_kurtosis": {"dmean": 2.3245279789, "dmean2": 3.53924584389, "dvar": 21.0731449127, "dvar2": 48.9766921997, "max": 99.7257843018, "mean": 6.01408815384, "median": 3.22439098358, "min": -1.87014842033, "var": 70.2992095947}, "barkbands_skewness": {"dmean": 0.353263348341, "dmean2": 0.524973452091, "dvar": 0.235873073339, "dvar2": 0.504397034645, "max": 9.5145740509, "mean": 1.75270569324, "median": 1.57689595222, "min": -3.00358533859, "var": 1.27781569958}, "barkbands_spread": {"dmean": 2.07557082176, "dmean2": 3.1302793026, "dvar": 26.3251724243, "dvar2": 50.4574966431, "max": 100.330963135, "mean": 8.83308029175, "median": 7.53606319427, "min": 0.770398616791, "var": 61.9784431458}, "dissonance": {"dmean": 0.0289047658443, "dmean2": 0.0479777231812, "dvar": 0.000952379661612, "dvar2": 0.00248513836414, "max": 0.499999910593, "mean": 0.421156555414, "median": 0.438814640045, "min": 0.122858002782, "var": 0.00354854040779}, "dynamic_complexity": 5.4274353981, "erbbands_crest": {"dmean": 1.7429009676, "dmean2": 2.72330403328, "dvar": 3.70432043076, "dvar2": 8.61127758026, "max": 30.5993480682, "mean": 9.27956485748, "median": 8.19438552856, "min": 2.29469633102, "var": 16.141242981}, "erbbands_flatness_db": {"dmean": 0.013889494352, "dmean2": 0.0194255765527, "dvar": 0.000321438303217, "dvar2": 0.000553872261662, "max": 0.391333967447, "mean": 0.253176361322, "median": 0.26078826189, "min": 0.044623978436, "var": 0.00353647582233}, "erbbands_kurtosis": {"dmean": 0.762206554413, "dmean2": 1.18593835831, "dvar": 2.01739764214, "dvar2": 4.36401081085, "max": 44.6369285583, "mean": 0.648526251316, "median": -0.172285318375, "min": -1.80983412266, "var": 5.41955184937}, "erbbands_skewness": {"dmean": 0.261610716581, "dmean2": 0.389771103859, "dvar": 0.10444021225, "dvar2": 0.193793684244, "max": 4.4450879097, "mean": 0.514096200466, "median": 0.438484728336, "min": -4.83630371094, "var": 0.515284597874}, "erbbands_spread": {"dmean": 3.90996599197, "dmean2": 5.85972070694, "dvar": 57.1969566345, "dvar2": 127.94417572, "max": 128.596206665, "mean": 23.0447063446, "median": 20.89635849, "min": 2.02696657181, "var": 163.856536865}, "hfc": {"dmean": 2.03925895691, "dmean2": 2.90924859047, "dvar": 13.5772352219, "dvar2": 25.6624450684, "max": 75.2641067505, "mean": 9.91316127777, "median": 5.91462659836, "min": 1.24621429666e-16, "var": 110.1121521}, "melbands_crest": {"dmean": 2.06624293327, "dmean2": 3.24110627174, "dvar": 4.86444854736, "dvar2": 11.4901304245, "max": 38.6245613098, "mean": 14.3702726364, "median": 13.0458240509, "min": 2.49786877632, "var": 29.4868469238}, "melbands_flatness_db": {"dmean": 0.0201628245413, "dmean2": 0.0282627902925, "dvar": 0.000666511768941, "dvar2": 0.00112399994396, "max": 0.590523898602, "mean": 0.346255242825, "median": 0.353225827217, "min": 0.00554167898372, "var": 0.00568085163832}, "melbands_kurtosis": {"dmean": 4.07219934464, "dmean2": 6.23664093018, "dvar": 197.528320312, "dvar2": 524.010375977, "max": 541.418762207, "mean": 10.9770545959, "median": 6.35912752151, "min": -1.83494877815, "var": 344.066162109}, "melbands_skewness": {"dmean": 0.424664974213, "dmean2": 0.637010574341, "dvar": 0.451368510723, "dvar2": 1.05439841747, "max": 21.5611476898, "mean": 2.2900083065, "median": 2.07381105423, "min": -1.14613175392, "var": 2.03017759323}, "melbands_spread": {"dmean": 2.54195547104, "dmean2": 3.82948517799, "dvar": 70.3478164673, "dvar2": 130.550170898, "max": 196.85218811, "mean": 10.6648826599, "median": 8.99808502197, "min": 0.953479886055, "var": 148.492797852}, "pitch_salience": {"dmean": 0.0498378053308, "dmean2": 0.0790124461055, "dvar": 0.00254593533464, "dvar2": 0.00626304047182, "max": 0.888088822365, "mean": 0.583962142467, "median": 0.600970745087, "min": 0.0355934724212, "var": 0.0143421432003}, "silence_rate_20dB": {"dmean": 0, "dmean2": 0, "dvar": 0, "dvar2": 0, "max": 1, "mean": 1, "median": 1, "min": 1, "var": 0}, "silence_rate_30dB": {"dmean": 0.00221483944915, "dmean2": 0.00443022418767, "dvar": 0.00221011484973, "dvar2": 0.0051486082375, "max": 1, "mean": 0.997785449028, "median": 1, "min": 0, "var": 0.00220983941108}, "silence_rate_60dB": {"dmean": 0.0238710474223, "dmean2": 0.0477479696274, "dvar": 0.0232999380678, "dvar2": 0.0518694221973, "max": 1, "mean": 0.14628444612, "median": 0, "min": 0, "var": 0.124893255532}, "spectral_centroid": {"dmean": 91.3487472534, "dmean2": 131.833236694, "dvar": 64059.6640625, "dvar2": 101252.703125, "max": 11178.7314453, "mean": 581.53302002, "median": 491.411437988, "min": 198.925292969, "var": 207816.328125}, "spectral_complexity": {"dmean": 1.64734840393, "dmean2": 2.62761497498, "dvar": 3.57722830772, "dvar2": 7.39189243317, "max": 40, "mean": 11.0946111679, "median": 11, "min": 0, "var": 22.5052471161}, "spectral_decrease": {"dmean": 1.18041443287e-09, "dmean2": 1.74651548779e-09, "dvar": 3.77047452047e-18, "dvar2": 7.62671443558e-18, "max": 1.66874065776e-29, "mean": -6.06427530414e-09, "median": -3.99016730768e-09, "min": -3.94755943489e-08, "var": 3.10037385188e-17}, "spectral_energy": {"dmean": 0.00460717221722, "dmean2": 0.00681491289288, "dvar": 5.73660763621e-05, "dvar2": 0.00011595433898, "max": 0.154543295503, "mean": 0.0237870998681, "median": 0.015580881387, "min": 1.12405468427e-20, "var": 0.000477028748719}, "spectral_energyband_high": {"dmean": 4.51232444902e-05, "dmean2": 6.20155260549e-05, "dvar": 6.39610746589e-08, "dvar2": 1.13183872941e-07, "max": 0.00835716351867, "mean": 7.08183360985e-05, "median": 8.11186873761e-06, "min": 8.59290406839e-21, "var": 1.30324565362e-07}, "spectral_energyband_low": {"dmean": 0.00163850293029, "dmean2": 0.0024177399464, "dvar": 7.08359402779e-06, "dvar2": 1.64606790349e-05, "max": 0.0587252154946, "mean": 0.00625833682716, "median": 0.00356143550016, "min": 5.42491187932e-23, "var": 4.75913002447e-05}, "spectral_energyband_middle_high": {"dmean": 0.000752573192585, "dmean2": 0.00102380034514, "dvar": 3.11294002131e-06, "dvar2": 5.2239724937e-06, "max": 0.0503070503473, "mean": 0.00270912796259, "median": 0.00114708323963, "min": 1.41702511376e-21, "var": 2.23155384447e-05}, "spectral_energyband_middle_low": {"dmean": 0.00384486769326, "dmean2": 0.00566948391497, "dvar": 4.89580306748e-05, "dvar2": 9.82733545243e-05, "max": 0.147735521197, "mean": 0.0172643940896, "median": 0.00925889704376, "min": 3.24116894613e-22, "var": 0.000346865941538}, "spectral_entropy": {"dmean": 0.149408742785, "dmean2": 0.214256167412, "dvar": 0.0401114448905, "dvar2": 0.0668146386743, "max": 9.80359649658, "mean": 6.53674697876, "median": 6.44591426849, "min": 4.94731378555, "var": 0.26367610693}, "spectral_flux": {"dmean": 0.0165958404541, "dmean2": 0.0260024201125, "dvar": 0.000510564772412, "dvar2": 0.00116539525334, "max": 0.289386570454, "mean": 0.0475852377713, "median": 0.0372174605727, "min": 1.06021448565e-10, "var": 0.00152927229647}, "spectral_kurtosis": {"dmean": 10.2180814743, "dmean2": 17.4216251373, "dvar": 127.57283783, "dvar2": 367.485534668, "max": 155.961196899, "mean": 24.6333370209, "median": 19.3742198944, "min": -1.21462929249, "var": 410.985412598}, "spectral_rms": {"dmean": 0.000442983815446, "dmean2": 0.00064572901465, "dvar": 3.80542900302e-07, "dvar2": 6.89876912929e-07, "max": 0.0122790047899, "mean": 0.00424158852547, "median": 0.00389882782474, "min": 3.31155350537e-12, "var": 5.21585752722e-06}, "spectral_rolloff": {"dmean": 160.206420898, "dmean2": 262.313446045, "dvar": 362226.375, "dvar2": 684200.375, "max": 18324.7558594, "mean": 691.051391602, "median": 538.330078125, "min": 21.533203125, "var": 674854.375}, "spectral_skewness": {"dmean": 0.705369830132, "dmean2": 1.17784130573, "dvar": 0.465543538332, "dvar2": 1.30611097813, "max": 9.91490745544, "mean": 3.21902346611, "median": 3.07532024384, "min": 0.00931236799806, "var": 1.71674561501}, "spectral_spread": {"dmean": 348041.78125, "dmean2": 508482.40625, "dvar": 465850499072, "dvar2": 692865794048, "max": 41019696, "mean": 2204215, "median": 1857589.125, "min": 495970.71875, "var": 2151152353280.0}, "spectral_strongpeak": {"dmean": 0.273309737444, "dmean2": 0.449098587036, "dvar": 0.254036128521, "dvar2": 0.573133647442, "max": 6.90578937531, "mean": 0.862683534622, "median": 0.533313155174, "min": 0, "var": 1.05116379261}, "zerocrossingrate": {"dmean": 0.00464495038614, "dmean2": 0.00538701750338, "dvar": 0.000125047314214, "dvar2": 0.000132442830363, "max": 0.5068359375, "mean": 0.026230879128, "median": 0.0224609375, "min": 0.0009765625, "var": 0.000541672168765}, "barkbands": {"dmean": [4.21007916884e-06, 0.000395132490667, 0.000967161729932, 0.00104432739317, 0.00170749868266, 0.00110445229802, 0.0010265018791, 0.000688821834046, 0.000550949713215, 0.000503745221067, 0.000201362301596, 0.000134450630867, 0.000133405716042, 0.000112168920168, 7.01965473127e-05, 3.33450479957e-05, 2.84156249108e-05, 2.07075827348e-05, 1.84120799531e-05, 1.18402494991e-05, 1.3760375623e-05, 1.3264100744e-05, 7.42577503843e-06, 4.4760736273e-06, 3.43452779816e-06, 3.41229520018e-06, 3.47297799408e-07], "dmean2": [7.06056289346e-06, 0.000624617212452, 0.00142411352135, 0.00146423908882, 0.00263787922449, 0.00169388216455, 0.001507887966, 0.000982185010798, 0.000795684522018, 0.000682318524923, 0.000280757056316, 0.000195695014554, 0.000196253124159, 0.000165072488016, 0.000105787308712, 5.16232939844e-05, 4.23926503572e-05, 3.26917543134e-05, 2.70489745162e-05, 1.8293649191e-05, 2.05971246032e-05, 1.88537342183e-05, 1.10180099e-05, 6.54678478895e-06, 5.00937312609e-06, 4.89644116897e-06, 5.50968707103e-07], "dvar": [1.64224009391e-10, 6.82985728417e-07, 3.39095663549e-06, 4.07354445997e-06, 9.72536963673e-06, 5.71602276978e-06, 1.4846717022e-05, 4.89432022732e-06, 3.76126558876e-06, 2.98776058116e-06, 2.5389226721e-07, 1.56721853273e-07, 1.25106041082e-07, 9.93804718519e-08, 3.87881158304e-08, 1.20056107278e-08, 1.14385283467e-08, 1.14866995915e-08, 4.6499494033e-08, 3.61962015916e-09, 9.70886748775e-09, 8.16939582649e-09, 3.15963677444e-09, 8.68766114603e-10, 5.44076228515e-10, 3.91857823967e-10, 8.30821435954e-12], "dvar2": [3.94290933237e-10, 1.65872381785e-06, 8.11181416793e-06, 7.10717495167e-06, 2.27550917771e-05, 1.34469291879e-05, 3.04381301248e-05, 9.66662628343e-06, 8.11682457424e-06, 5.37322011951e-06, 4.76477708844e-07, 3.34179446781e-07, 2.27916757467e-07, 1.98238097937e-07, 7.65305614436e-08, 2.78411658172e-08, 1.95205203113e-08, 2.86709749275e-08, 9.5886697693e-08, 7.44788897222e-09, 2.01484393614e-08, 1.78057355527e-08, 6.93227919513e-09, 1.65850833067e-09, 1.10090492278e-09, 7.2954919883e-10, 1.93599407339e-11], "max": [0.00057691289112, 0.0252255052328, 0.0285229310393, 0.0481381714344, 0.0925478115678, 0.0557542555034, 0.125146359205, 0.0509326159954, 0.0450367070735, 0.0435183532536, 0.0169485919178, 0.0112093519419, 0.0101095521823, 0.00776465563104, 0.00617179879919, 0.00342643470503, 0.00924750044942, 0.00530864298344, 0.0179383158684, 0.00169713469222, 0.00356821157038, 0.00455276435241, 0.00234161433764, 0.000984816579148, 0.000883309985511, 0.00084300886374, 0.000125084698084], "mean": [5.18498382007e-06, 0.00116561213508, 0.002895826241, 0.00386607716791, 0.0047294171527, 0.00307948235422, 0.00216300878674, 0.00163777708076, 0.00114313082304, 0.00133736967109, 0.000525382347405, 0.0002876255312, 0.000324777356582, 0.000227959055337, 0.000138035742566, 6.47294364171e-05, 5.61315609957e-05, 3.44785330526e-05, 2.60824690486e-05, 1.66739137057e-05, 1.77099482244e-05, 1.90267710423e-05, 9.91719207377e-06, 5.95475921727e-06, 4.36740583609e-06, 5.01322483615e-06, 3.76678372049e-07], "median": [1.73593059571e-06, 0.000446465623099, 0.000989191932604, 0.000528834760189, 0.00252631353214, 0.00164248119108, 0.000496749766171, 0.00028680334799, 0.000197085275431, 0.000201702641789, 0.000184116113815, 9.04141343199e-05, 0.000101608675322, 5.34359860467e-05, 5.26760777575e-05, 2.63079382421e-05, 1.89445163414e-05, 1.09928023448e-05, 6.76015770296e-06, 2.94581241178e-06, 1.19780293062e-06, 1.37018082569e-06, 4.80799542402e-07, 2.06502988931e-07, 1.91166947161e-07, 3.03806189095e-07, 1.18237808433e-09], "min": [9.76111556116e-24, 3.02733955185e-23, 1.48690751194e-23, 7.39277368568e-24, 1.84728141933e-23, 2.09434161079e-23, 5.46224961259e-23, 2.72149407682e-23, 1.88697371308e-22, 8.19282410952e-23, 8.17858611682e-23, 9.18592047202e-23, 4.30799748686e-23, 1.08223284851e-22, 1.12047720385e-22, 2.25297639546e-22, 1.35553604415e-22, 1.56455919292e-22, 2.21612939677e-22, 2.91824715685e-22, 6.20358650766e-22, 5.82745914266e-22, 6.208535253e-22, 8.18262369626e-22, 1.60165521922e-21, 1.9144600504e-21, 2.47984324974e-21], "var": [2.05035322054e-10, 3.73054444935e-06, 1.66684640135e-05, 4.08548912674e-05, 4.59633702121e-05, 1.81362665899e-05, 3.73067741748e-05, 1.87629138964e-05, 9.49589411903e-06, 1.50679315993e-05, 1.27000566863e-06, 4.40154479975e-07, 6.42982911359e-07, 3.44871722291e-07, 8.98613095046e-08, 2.34106831698e-08, 4.80856741092e-08, 1.25584973532e-08, 5.55643318023e-08, 4.92768670313e-09, 1.27634267599e-08, 1.52725743163e-08, 5.15093079301e-09, 1.53255719226e-09, 8.17973799805e-10, 6.90847934415e-10, 1.0577992475e-11]}, "erbbands": {"dmean": [0.00509053468704, 0.117224015296, 0.83717083931, 2.43199062347, 4.13094711304, 6.06435394287, 8.74656867981, 9.13064861298, 15.7633714676, 12.5902671814, 14.0931072235, 11.5151157379, 17.6371803284, 8.91605472565, 7.30249977112, 5.93160009384, 6.48403644562, 5.5816078186, 3.94825196266, 2.42947912216, 1.63259506226, 1.33021879196, 1.19481039047, 1.04173398018, 0.73084461689, 0.546048045158, 0.553522050381, 0.539702177048, 0.470391720533, 0.359766423702, 0.191891476512, 0.11108584702, 0.0666616857052, 0.0374721251428, 0.0260617826134, 0.0176219493151, 0.00589199829847, 0.000937576172873, 5.42182860954e-05, 6.30753174846e-06], "dmean2": [0.00790183618665, 0.184703737497, 1.25058150291, 3.44224071503, 6.22082996368, 9.3961763382, 13.0879077911, 14.2154865265, 22.9702777863, 18.5094585419, 19.5462265015, 16.4108104706, 23.2376365662, 12.0146694183, 10.3448266983, 8.4364528656, 9.48147296906, 8.02642154694, 5.89675474167, 3.61923003197, 2.44189882278, 1.93302929401, 1.8069562912, 1.59134042263, 1.12920296192, 0.831876814365, 0.818502247334, 0.820417165756, 0.682130515575, 0.498321652412, 0.288002043962, 0.162730634212, 0.0977801680565, 0.0545114763081, 0.038134444505, 0.0261960066855, 0.00840442534536, 0.00134884694126, 8.71204974828e-05, 9.42966835282e-06], "dvar": [0.000134543544846, 0.0569363757968, 2.65628314018, 18.9628200531, 81.3575592041, 164.534835815, 346.670471191, 493.438171387, 3673.78759766, 1938.28759766, 2406.84936523, 1547.81689453, 3770.81030273, 808.391113281, 307.616577148, 303.029998779, 301.30645752, 231.129882812, 116.116874695, 50.9257621765, 33.2634849548, 21.2225875854, 21.2048683167, 260.469116211, 24.3805217743, 8.43650627136, 17.5373039246, 12.002612114, 9.72228813171, 7.28777694702, 2.06058502197, 0.5621342659, 0.197847530246, 0.066646464169, 0.0317017436028, 0.0121365049854, 0.000992552610114, 2.62273206317e-05, 3.17074551504e-07, 3.98632932219e-10], "dvar2": [0.000293993856758, 0.140076190233, 6.6029176712, 36.6335983276, 174.484725952, 351.98046875, 862.168334961, 1148.83093262, 7236.55175781, 4068.12548828, 4518.84228516, 3342.95410156, 6411.81689453, 1435.46362305, 626.671875, 613.220031738, 555.177612305, 440.216339111, 239.752227783, 110.34425354, 77.9722595215, 37.2294616699, 47.7843132019, 640.838317871, 53.1479721069, 17.5046958923, 34.5543937683, 26.0041942596, 21.3035087585, 13.9523162842, 4.63976049423, 1.07478404045, 0.388949662447, 0.129821643233, 0.066519998014, 0.0241827331483, 0.00180618895683, 5.03015580762e-05, 7.59781414672e-07, 8.35282953915e-10], "max": [0.359606981277, 7.5457406044, 33.0664787292, 86.2011489868, 231.631408691, 556.03503418, 606.027099609, 532.466491699, 2182.69702148, 1251.17883301, 1378.21569824, 1014.78009033, 1669.20825195, 1342.45947266, 622.187988281, 572.712097168, 530.968994141, 460.470245361, 355.448730469, 193.152816772, 333.836578369, 323.648773193, 231.120452881, 1249.42504883, 290.364105225, 84.8985824585, 203.839447021, 118.649246216, 158.310180664, 141.547119141, 48.4200668335, 20.9517116547, 14.3316144943, 9.00273227692, 6.82013368607, 4.79902696609, 1.23850166798, 0.191788002849, 0.0228207111359, 0.00123074941803], "mean": [0.0130842346698, 0.361457377672, 2.66242480278, 9.55442905426, 11.7896718979, 15.8967285156, 23.8328170776, 23.9132499695, 36.5223960876, 27.8912124634, 35.5950317383, 27.1205101013, 45.2338256836, 26.4132900238, 20.4719486237, 14.2087192535, 16.631526947, 13.2268924713, 8.61424732208, 5.10712146759, 3.45256876945, 2.77823781967, 2.24334073067, 1.5507683754, 1.10362386703, 0.770982146263, 0.683718860149, 0.743387281895, 0.673559010029, 0.514653503895, 0.249284848571, 0.150381177664, 0.0839676186442, 0.0474510006607, 0.0324457995594, 0.0236261803657, 0.0087301293388, 0.00135707738809, 6.83958351146e-05, 2.84091711364e-05], "median": [0.00604777876288, 0.16652071476, 1.23635292053, 2.49932098389, 3.64483976364, 8.0248336792, 11.7578811646, 12.5570392609, 10.737156868, 6.86855649948, 5.4821896553, 5.22523498535, 6.33894252777, 5.91366243362, 7.15630054474, 4.86145973206, 5.73489665985, 3.72079610825, 3.02243518829, 2.07708859444, 1.38884067535, 0.972998976707, 0.816203713417, 0.444198399782, 0.296451330185, 0.139610618353, 0.0638535991311, 0.0454633980989, 0.0449752658606, 0.0340253487229, 0.0106587614864, 0.00547518627718, 0.00265048351139, 0.00153204135131, 0.00148154003546, 0.00120696146041, 0.000550366123207, 5.16635809618e-05, 1.13772530312e-05, 1.86779361684e-05], "min": [1.18407027278e-21, 5.72870759079e-21, 1.41204803506e-20, 2.53458947964e-20, 1.6543416765e-20, 7.29807043418e-20, 1.27814746255e-19, 2.30265369044e-19, 4.37933714716e-19, 1.01719981909e-18, 9.05577172096e-19, 3.50025363951e-18, 3.39420474228e-18, 4.47322524861e-18, 1.91962915536e-18, 3.98603530656e-18, 2.210847189e-18, 3.98926544686e-18, 7.12684588269e-18, 1.0080116416e-17, 9.02830415474e-18, 8.38550623663e-18, 8.49242677543e-18, 1.01926948702e-17, 1.06972005976e-17, 1.72372577886e-17, 2.25717571395e-17, 2.22374206621e-17, 2.04920414454e-17, 1.93010949236e-17, 1.72707900363e-17, 1.55583276449e-17, 1.55972994323e-17, 1.23925204979e-17, 1.38677375634e-17, 6.36014003113e-18, 3.75883484848e-18, 1.52969011415e-18, 3.90397144178e-19, 3.30153761111e-20], "var": [0.00049453828251, 0.325423926115, 12.9994106293, 173.968856812, 433.86416626, 710.919799805, 1148.39245605, 1400.00549316, 9082.84082031, 5212.09326172, 10984.7763672, 3863.78833008, 18153.0078125, 6048.05126953, 1658.43579102, 975.212890625, 1646.51501465, 992.720214844, 327.106689453, 114.03339386, 87.9781341553, 87.4515075684, 36.9346199036, 224.550216675, 36.2274856567, 11.2734355927, 23.0343799591, 17.6001052856, 16.9930095673, 15.2874593735, 3.0803899765, 1.03796458244, 0.315085500479, 0.105448082089, 0.0436762869358, 0.0190815106034, 0.00181853864342, 4.8569199862e-05, 3.54870792307e-07, 1.04626185493e-09]}, "gfcc": {"mean": [-118.549575806, 186.467697144, -116.109138489, -5.62707805634, -35.2239723206, -10.9546279907, -31.3490028381, -9.69385528564, -23.8245296478, -5.65174627304, -12.2968969345, -3.38749957085, -8.99540901184], "cov": [[13503.0566406, -2771.33081055, 338.075469971, 438.177856445, -1579.71118164, 20.1363506317, -462.977752686, -107.904586792, -628.06628418, 306.000854492, -1461.57653809, 355.585968018, -1107.60144043], [-2771.33081055, 3072.54052734, -841.525512695, -743.853637695, 1143.82714844, -607.422668457, 290.545776367, -152.770828247, 134.987167358, -303.049041748, 639.67980957, -305.848724365, 424.13369751], [338.075469971, -841.525512695, 961.048583984, 202.912704468, -405.123046875, 420.077789307, -104.713722229, 52.8468856812, 36.1429328918, 73.1831283569, -217.000793457, 125.06300354, -192.094299316], [438.177856445, -743.853637695, 202.912704468, 593.654724121, -194.305923462, 126.347930908, -120.972663879, 31.2025127411, 24.5702438354, 11.8648147583, -43.3588142395, 58.318447113, -30.6351127625], [-1579.71118164, 1143.82714844, -405.123046875, -194.305923462, 647.602722168, -229.285964966, 98.2269058228, 2.4809551239, 71.7031784058, -115.106788635, 307.285858154, -142.795318604, 223.183624268], [20.1363506317, -607.422668457, 420.077789307, 126.347930908, -229.285964966, 423.374816895, -2.15073442459, 56.417175293, 26.7585201263, 64.3359832764, -107.277290344, 58.9829177856, -70.0277175903], [-462.977752686, 290.545776367, -104.713722229, -120.972663879, 98.2269058228, -2.15073442459, 236.130264282, 4.78576278687, -7.92354726791, 5.13050746918, 52.9662361145, -16.3425445557, 46.3903236389], [-107.904586792, -152.770828247, 52.8468856812, 31.2025127411, 2.4809551239, 56.417175293, 4.78576278687, 129.372421265, 14.4023733139, 24.2931461334, 5.9889497757, 10.0762472153, 2.77070641518], [-628.06628418, 134.987167358, 36.1429328918, 24.5702438354, 71.7031784058, 26.7585201263, -7.92354726791, 14.4023733139, 133.613922119, -10.3890333176, 63.676399231, -12.670422554, 47.3416442871], [306.000854492, -303.049041748, 73.1831283569, 11.8648147583, -115.106788635, 64.3359832764, 5.13050746918, 24.2931461334, -10.3890333176, 132.885803223, -59.4854431152, 29.9944858551, -35.6261100769], [-1461.57653809, 639.67980957, -217.000793457, -43.3588142395, 307.285858154, -107.277290344, 52.9662361145, 5.9889497757, 63.676399231, -59.4854431152, 338.576812744, -50.9908866882, 179.859283447], [355.585968018, -305.848724365, 125.06300354, 58.318447113, -142.795318604, 58.9829177856, -16.3425445557, 10.0762472153, -12.670422554, 29.9944858551, -50.9908866882, 115.833129883, -52.3508377075], [-1107.60144043, 424.13369751, -192.094299316, -30.6351127625, 223.183624268, -70.0277175903, 46.3903236389, 2.77070641518, 47.3416442871, -35.6261100769, 179.859283447, -52.3508377075, 211.900741577]], "icov": [[0.000324628170347, -0.000603139633313, 0.000452588399639, -0.000619139056653, 0.000502985320054, -0.000201624221518, 0.000592925061937, -0.000419999239966, 0.000929223606363, -0.000695639639162, 0.00123542058282, -0.000660054269247, 0.000967872387264], [-0.000603139633313, 0.00423707161099, -0.00154943787493, 0.00336866010912, -0.00331371533684, 0.00217092153616, -0.00262576481327, 0.00317652197555, -0.00309860194102, 0.00379160325974, -0.00431733997539, 0.00302236503921, -0.00206913566217], [0.000452588399639, -0.00154943787493, 0.00321707967669, -0.00139756663702, 0.00153096416034, -0.00257875793613, 0.00176754174754, -0.00123848160729, 0.000734044879209, -0.0012504045153, 0.00229911389761, -0.00215191510506, 0.00248851836659], [-0.000619139056653, 0.00336866010912, -0.00139756663702, 0.00496787996963, -0.00191651715431, 0.00133630866185, -0.00127999752294, 0.00208192085847, -0.00305826216936, 0.00354819791391, -0.00411205552518, 0.00220518512651, -0.0024994877167], [0.000502985320054, -0.00331371533684, 0.00153096416034, -0.00191651715431, 0.00745578762144, -0.000747408077586, 0.00143678730819, -0.00355356372893, 0.00141192995943, -0.00122568232473, 0.00134861434344, 0.000360667938367, 0.000427546096034], [-0.000201624221518, 0.00217092153616, -0.00257875793613, 0.00133630866185, -0.000747408077586, 0.00611829059198, -0.00243246136233, 0.000501460395753, -0.0020442835521, 0.00130653230008, -0.00170416012406, 0.0020083906129, -0.00158950919285], [0.000592925061937, -0.00262576481327, 0.00176754174754, -0.00127999752294, 0.00143678730819, -0.00243246136233, 0.00719909183681, -0.00197376986034, 0.00310160336085, -0.0031188854482, 0.00300500448793, -0.00268427073024, 0.00147363683209], [-0.000419999239966, 0.00317652197555, -0.00123848160729, 0.00208192085847, -0.00355356372893, 0.000501460395753, -0.00197376986034, 0.0111972093582, -0.00250464910641, 0.00106845377013, -0.00327730970457, 0.00150115543511, -0.00128906487953], [0.000929223606363, -0.00309860194102, 0.000734044879209, -0.00305826216936, 0.00141192995943, -0.0020442835521, 0.00310160336085, -0.00250464910641, 0.0127912349999, -0.00330703379586, 0.00337579031475, -0.00238268193789, 0.00160569604486], [-0.000695639639162, 0.00379160325974, -0.0012504045153, 0.00354819791391, -0.00122568232473, 0.00130653230008, -0.0031188854482, 0.00106845377013, -0.00330703379586, 0.0131669882685, -0.00379477464594, 0.0023378408514, -0.0027031544596], [0.00123542058282, -0.00431733997539, 0.00229911389761, -0.00411205552518, 0.00134861434344, -0.00170416012406, 0.00300500448793, -0.00327730970457, 0.00337579031475, -0.00379477464594, 0.0129675697535, -0.00516165373847, 0.000315918645356], [-0.000660054269247, 0.00302236503921, -0.00215191510506, 0.00220518512651, 0.000360667938367, 0.0020083906129, -0.00268427073024, 0.00150115543511, -0.00238268193789, 0.0023378408514, -0.00516165373847, 0.0150613300502, -0.00125215621665], [0.000967872387264, -0.00206913566217, 0.00248851836659, -0.0024994877167, 0.000427546096034, -0.00158950919285, 0.00147363683209, -0.00128906487953, 0.00160569604486, -0.0027031544596, 0.000315918645356, -0.00125215621665, 0.013142246753]]}, "melbands": {"dmean": [7.6441494457e-05, 0.000342775398167, 0.000441204989329, 0.000343199673807, 0.000305743102217, 0.000212577113416, 0.000228459233767, 0.000135927315569, 0.000113544148917, 7.4479074101e-05, 8.8839813543e-05, 3.9085829485e-05, 2.68445037364e-05, 1.69126124092e-05, 1.24503640109e-05, 1.43260640471e-05, 1.14099839266e-05, 6.87569081492e-06, 4.74857279187e-06, 2.82011319541e-06, 1.88101921594e-06, 1.40551219374e-06, 1.62612172971e-06, 9.19410865663e-07, 9.1304207217e-07, 6.17906437128e-07, 4.52943510254e-07, 3.62104088936e-07, 3.67480055274e-07, 3.46116934224e-07, 3.14979672567e-07, 2.82948064978e-07, 2.51588971878e-07, 1.87087223935e-07, 1.25028478237e-07, 7.73990507241e-08, 6.95248445481e-08, 5.32085842053e-08, 3.23065521002e-08, 3.29115046327e-08], "dmean2": [0.000120431141113, 0.000513695762493, 0.000639125704765, 0.000533587182872, 0.000457690708572, 0.000329468224663, 0.000331495743012, 0.000197604560526, 0.000159820920089, 0.000106274281279, 0.000117973897432, 5.35995677637e-05, 3.76884127036e-05, 2.41793422902e-05, 1.81996547326e-05, 2.09649206226e-05, 1.65822420968e-05, 1.0349220247e-05, 7.08743073119e-06, 4.36369236922e-06, 2.83142867374e-06, 2.05723904401e-06, 2.46437070928e-06, 1.46004288126e-06, 1.42877763665e-06, 9.65821755017e-07, 7.15332703294e-07, 5.61757190098e-07, 5.55082692699e-07, 5.13930842772e-07, 4.94350445024e-07, 4.2431872771e-07, 3.59583339105e-07, 2.64280942019e-07, 1.92859133108e-07, 1.13474555974e-07, 1.03405611185e-07, 8.08256146456e-08, 4.78172168528e-08, 4.84242868026e-08], "dvar": [2.5756470734e-08, 4.06494734762e-07, 5.71367195334e-07, 4.9595149676e-07, 3.70738575839e-07, 2.58577045997e-07, 7.37314451271e-07, 2.07718301226e-07, 1.57606407925e-07, 6.36505035345e-08, 9.67378142036e-08, 1.75458811924e-08, 4.49608261732e-09, 2.2217097051e-09, 1.11997922048e-09, 1.52671064679e-09, 1.10022979616e-09, 3.94633603573e-10, 1.73022637884e-10, 7.65044486095e-11, 6.29926111273e-11, 2.3902230889e-11, 5.97806248948e-11, 2.00675483175e-11, 2.77356193568e-10, 2.877402136e-11, 4.5989019884e-12, 4.30703736565e-12, 8.00453019839e-12, 7.38887770413e-12, 3.87231739729e-12, 3.44637166028e-12, 3.71655093853e-12, 2.23408899887e-12, 9.48269240908e-13, 2.96904834702e-13, 2.38703669461e-13, 1.3165952161e-13, 4.75205846082e-14, 5.66100816126e-14], "dvar2": [6.08897465781e-08, 1.0050647461e-06, 1.12322345558e-06, 1.12178884137e-06, 9.15696205084e-07, 5.86831220062e-07, 1.43500449212e-06, 4.30896562875e-07, 2.98388101783e-07, 1.34188894663e-07, 1.66329911622e-07, 3.25918101396e-08, 8.35502067531e-09, 4.69498973033e-09, 2.4106960872e-09, 2.72269340407e-09, 2.11726614019e-09, 8.56963333629e-10, 3.53053336566e-10, 1.76569550647e-10, 1.54303445021e-10, 4.08827242893e-11, 1.32054367441e-10, 4.87451155828e-11, 7.18504700181e-10, 6.40452274547e-11, 1.12328306379e-11, 8.89425512407e-12, 1.6204322606e-11, 1.56651965705e-11, 8.7247604974e-12, 8.1593525339e-12, 7.8300352313e-12, 4.57813344526e-12, 2.26475956044e-12, 6.05286057821e-13, 4.96369275977e-13, 2.7605812059e-13, 9.16492359435e-14, 1.15614386554e-13], "max": [0.00411579338834, 0.0148528097197, 0.016006924212, 0.0220684688538, 0.0166552253067, 0.0122325802222, 0.0302166994661, 0.0118385888636, 0.0106624457985, 0.00615354720503, 0.00827717408538, 0.00605627056211, 0.00233875424601, 0.00128078192938, 0.000943228253163, 0.0012575724395, 0.000936047406867, 0.000657111231703, 0.000329775182763, 0.00025010711397, 0.000561157416087, 0.000376605457859, 0.000524985371158, 0.000231371246628, 0.00124780589249, 0.000372542592231, 7.1243106504e-05, 6.77629213897e-05, 0.000154032735736, 0.000104088045191, 6.99601587257e-05, 8.35257160361e-05, 0.000107557738374, 8.35263490444e-05, 3.41133927577e-05, 1.79030685103e-05, 1.49983134179e-05, 1.16023320516e-05, 6.82611198499e-06, 8.58955354488e-06], "mean": [0.000214168743696, 0.00109847728163, 0.0017276549479, 0.000921741768252, 0.000864406814799, 0.000569273543078, 0.000535152503289, 0.000299902225379, 0.000277619430562, 0.000166883008205, 0.000226658492466, 0.000108868363895, 7.11681423127e-05, 3.98348965973e-05, 2.93682642223e-05, 3.52834322257e-05, 2.41617271968e-05, 1.38752384373e-05, 9.47427815845e-06, 5.44697377336e-06, 3.69042663806e-06, 2.82001951746e-06, 2.8093347737e-06, 1.55359487053e-06, 1.23043412259e-06, 8.89682667093e-07, 6.28985219464e-07, 4.80506571421e-07, 4.19267195184e-07, 4.31632372511e-07, 4.28001015962e-07, 3.8913472622e-07, 3.50541910166e-07, 2.55184488651e-07, 1.50906643626e-07, 9.96372762074e-08, 8.99720546954e-08, 6.4901250596e-08, 3.98667268087e-08, 3.99582233968e-08], "median": [8.90418887138e-05, 0.000566400762182, 0.000564780435525, 0.000430266954936, 0.000459254195448, 0.0003052977263, 0.000150675215991, 7.09277810529e-05, 4.11105720559e-05, 3.08413073071e-05, 3.0562732718e-05, 2.14990359382e-05, 2.43846297963e-05, 1.38700997923e-05, 1.12774632726e-05, 1.07992855192e-05, 5.52142591914e-06, 4.25088637712e-06, 3.77358492187e-06, 2.17967999561e-06, 1.36053040478e-06, 9.08907622943e-07, 8.74880356605e-07, 5.28752252649e-07, 2.91557199716e-07, 2.20148706376e-07, 1.37077108775e-07, 6.39066826125e-08, 3.38526042754e-08, 2.56386343267e-08, 2.05996943947e-08, 2.28858318962e-08, 2.04340739884e-08, 1.4776910362e-08, 4.751762539e-09, 3.15125325834e-09, 2.59409427272e-09, 1.64227964561e-09, 8.68466853987e-10, 9.19927467535e-10], "min": [9.75861013892e-24, 7.59605683007e-24, 4.19779669496e-24, 2.48550862472e-24, 5.18670838701e-24, 4.53805330819e-24, 8.09815023016e-24, 9.48161346497e-24, 9.7043010099e-24, 2.50204449036e-23, 1.71347909243e-23, 1.79315199282e-23, 8.41265329585e-24, 7.70720812047e-24, 9.2786427095e-24, 4.1321098251e-24, 7.7940664393e-24, 1.14532805786e-23, 1.06731981175e-23, 1.71457071815e-23, 8.9123201598e-24, 8.8073937708e-24, 7.68159932891e-24, 7.45392933849e-24, 8.6010640456e-24, 6.22383999075e-24, 1.08282195406e-23, 1.04453064572e-23, 1.22672698591e-23, 1.58808002744e-23, 1.13865058695e-23, 1.07350116803e-23, 1.26594086707e-23, 1.00299554134e-23, 9.22184393546e-24, 1.08329566503e-23, 9.10827951955e-24, 1.09233853536e-23, 1.1463583102e-23, 9.47558893424e-24], "var": [1.16299794684e-07, 2.1861139885e-06, 5.1583633649e-06, 2.17281967707e-06, 1.37029894631e-06, 7.9558088828e-07, 1.96424093701e-06, 5.71132488858e-07, 6.5794256443e-07, 1.73622822786e-07, 4.58968514749e-07, 1.17939748634e-07, 2.3042115771e-08, 7.04825442455e-09, 3.52898177347e-09, 8.27956458949e-09, 4.21764445591e-09, 1.02216601849e-09, 3.8736661101e-10, 1.47929349326e-10, 1.54157908661e-10, 1.04809071144e-10, 1.03872070667e-10, 2.16956799748e-11, 2.13706816132e-10, 3.94220558975e-11, 5.60942655173e-12, 5.57165728485e-12, 1.00514787466e-11, 9.00542921484e-12, 5.92593292145e-12, 5.19105765318e-12, 7.22752153265e-12, 4.0571851434e-12, 1.23196992972e-12, 5.0619252713e-13, 3.94880878213e-13, 1.96998531854e-13, 7.32217766779e-14, 8.27797980987e-14]}, "mfcc": {"mean": [-753.291015625, 210.796447754, -7.18996572495, 10.5250673294, 5.0159945488, 2.59782862663, -5.35375022888, -1.62199521065, -9.14515209198, -6.99341344833, -3.16859531403, -7.33270168304, -2.94728899002], "cov": [[6906.04296875, 39.5165023804, -492.09765625, 482.861694336, -860.659179688, 76.46824646, -424.705535889, -114.560165405, 41.7052230835, -93.2013244629, 29.3374042511, -216.967773438, -271.589508057], [39.5165023804, 1901.72412109, -554.841003418, -268.184020996, 183.162155151, -203.507614136, 93.4298324585, -13.6532993317, -122.028968811, -37.9789810181, 20.7653846741, -20.8556880951, 34.0420265198], [-492.09765625, -554.841003418, 721.24810791, 66.4521331787, -52.1291732788, 202.89251709, -44.4222984314, 82.1447601318, 53.3752174377, 9.2304391861, 36.8150978088, 27.0211257935, 8.14857769012], [482.861694336, -268.184020996, 66.4521331787, 349.0652771, -4.09223127365, -0.277880698442, -51.3503379822, 8.18785572052, -11.0405225754, -9.340883255, -32.1231575012, 16.8994655609, 23.8900642395], [-860.659179688, 183.162155151, -52.1291732788, -4.09223127365, 468.207427979, -80.6828765869, 47.8120040894, 13.1960391998, -45.8069839478, 39.5878334045, -45.1238441467, 51.8164787292, 72.3591995239], [76.46824646, -203.507614136, 202.89251709, -0.277880698442, -80.6828765869, 220.690643311, -3.0245206356, 25.1118202209, 58.4286155701, 12.2062244415, 37.074382782, -11.6309194565, -46.5489959717], [-424.705535889, 93.4298324585, -44.4222984314, -51.3503379822, 47.8120040894, -3.0245206356, 227.718658447, 31.6414070129, -3.74312639236, 37.0573577881, 5.27460670471, 24.7996959686, 21.8640022278], [-114.560165405, -13.6532993317, 82.1447601318, 8.18785572052, 13.1960391998, 25.1118202209, 31.6414070129, 136.484863281, 4.75419521332, -3.08447504044, 29.8402576447, 10.1137266159, -5.05790805817], [41.7052230835, -122.028968811, 53.3752174377, -11.0405225754, -45.8069839478, 58.4286155701, -3.74312639236, 4.75419521332, 139.558151245, 25.3083992004, 10.9292078018, -5.25637483597, -30.8606052399], [-93.2013244629, -37.9789810181, 9.2304391861, -9.340883255, 39.5878334045, 12.2062244415, 37.0573577881, -3.08447504044, 25.3083992004, 114.029060364, 12.5201530457, -3.47689175606, 2.79919838905], [29.3374042511, 20.7653846741, 36.8150978088, -32.1231575012, -45.1238441467, 37.074382782, 5.27460670471, 29.8402576447, 10.9292078018, 12.5201530457, 108.783226013, 3.8349852562, -13.8891973495], [-216.967773438, -20.8556880951, 27.0211257935, 16.8994655609, 51.8164787292, -11.6309194565, 24.7996959686, 10.1137266159, -5.25637483597, -3.47689175606, 3.8349852562, 93.0820159912, 28.8501625061], [-271.589508057, 34.0420265198, 8.14857769012, 23.8900642395, 72.3591995239, -46.5489959717, 21.8640022278, -5.05790805817, -30.8606052399, 2.79919838905, -13.8891973495, 28.8501625061, 122.031166077]], "icov": [[0.000309183553327, -8.48211784614e-05, 0.000300972256809, -0.000517679087352, 0.000497515895404, -0.000196542750928, 0.000420216005296, -1.13971545943e-05, 3.75602212443e-05, -0.000138515824801, -2.091112583e-05, 0.000197517074412, 0.000310883246129], [-8.48211784614e-05, 0.000861999345943, 0.000457998423371, 0.000656800868455, -0.000394269271055, 0.000181481402251, -0.000206927841646, -0.000190538252355, 0.000360128091415, 0.000389036082197, -0.000387309672078, 0.00019386135682, -0.000263982044999], [0.000300972256809, 0.000457998423371, 0.00285116187297, -0.00035681008012, 0.000420145021053, -0.00219443207607, 0.00105489045382, -0.00126669660676, 0.000171245046658, -0.000167528589373, -0.000106051236799, -0.000358758086804, -0.000786266173236], [-0.000517679087352, 0.000656800868455, -0.00035681008012, 0.00441657006741, -0.000727420265321, 0.000322739506373, 0.000116040049761, -0.000647712266073, 0.000455923756817, 0.0001393139828, 0.00101264193654, -0.000903061882127, -0.00122850365005], [0.000497515895404, -0.000394269271055, 0.000420145021053, -0.000727420265321, 0.00371376913972, 8.98793732631e-05, 0.000725541089196, -0.000667250715196, 0.000579122104682, -0.0016713514924, 0.00136157125235, -0.00105596485082, -0.000404461927246], [-0.000196542750928, 0.000181481402251, -0.00219443207607, 0.000322739506373, 8.98793732631e-05, 0.00790590327233, -0.00102831807453, 0.000330044364091, -0.00166692933999, 7.02821052982e-05, -0.00145008740947, 0.000683451653458, 0.00200586114079], [0.000420216005296, -0.000206927841646, 0.00105489045382, 0.000116040049761, 0.000725541089196, -0.00102831807453, 0.00610020989552, -0.00172755029052, 0.000355218158802, -0.00214324705303, 0.000614934368059, -0.00127031852026, -0.000577931350563], [-1.13971545943e-05, -0.000190538252355, -0.00126669660676, -0.000647712266073, -0.000667250715196, 0.000330044364091, -0.00172755029052, 0.00912402849644, -0.000245859206188, 0.00129104813095, -0.00252622459084, 0.000112982757855, 0.00104238267522], [3.75602212443e-05, 0.000360128091415, 0.000171245046658, 0.000455923756817, 0.000579122104682, -0.00166692933999, 0.000355218158802, -0.000245859206188, 0.00895772501826, -0.00204976508394, 0.00038006628165, -0.000557333929464, 0.00131672772113], [-0.000138515824801, 0.000389036082197, -0.000167528589373, 0.0001393139828, -0.0016713514924, 7.02821052982e-05, -0.00214324705303, 0.00129104813095, -0.00204976508394, 0.0108549753204, -0.00205492950045, 0.001645972603, -0.000367914733943], [-2.091112583e-05, -0.000387309672078, -0.000106051236799, 0.00101264193654, 0.00136157125235, -0.00145008740947, 0.000614934368059, -0.00252622459084, 0.00038006628165, -0.00205492950045, 0.011608122848, -0.00170068780426, 0.000161490301252], [0.000197517074412, 0.00019386135682, -0.000358758086804, -0.000903061882127, -0.00105596485082, 0.000683451653458, -0.00127031852026, 0.000112982757855, -0.000557333929464, 0.001645972603, -0.00170068780426, 0.0131662003696, -0.00177958724089], [0.000310883246129, -0.000263982044999, -0.000786266173236, -0.00122850365005, -0.000404461927246, 0.00200586114079, -0.000577931350563, 0.00104238267522, 0.00131672772113, -0.000367914733943, 0.000161490301252, -0.00177958724089, 0.0111854197457]]}, "spectral_contrast_coeffs": {"dmean": [0.0399297513068, 0.0357117392123, 0.0304074827582, 0.0257043074816, 0.020268863067, 0.0261415466666], "dmean2": [0.0656588077545, 0.0569363310933, 0.0473794229329, 0.0409545972943, 0.0318440906703, 0.0413365699351], "dvar": [0.00126814283431, 0.00112073612399, 0.000799744564574, 0.000534337363206, 0.000352826580638, 0.000602279964369], "dvar2": [0.00305629172362, 0.00257178372703, 0.00167376070749, 0.00122652994469, 0.000785990268923, 0.00146309740376], "max": [-0.282716065645, -0.365899443626, -0.43889516592, -0.540848493576, -0.573862373829, -0.462757021189], "mean": [-0.567912220955, -0.679917931557, -0.74373036623, -0.762896120548, -0.763272941113, -0.763642966747], "median": [-0.565983772278, -0.689776182175, -0.757700622082, -0.768292546272, -0.758223950863, -0.765581130981], "min": [-0.955278515816, -0.957545101643, -0.971947669983, -0.961812376976, -0.963883340359, -0.959532737732], "var": [0.0115016289055, 0.00784652400762, 0.00590422656387, 0.00316594284959, 0.00258750910871, 0.00426060380414]}, "spectral_contrast_valleys": {"dmean": [0.346227556467, 0.283472150564, 0.256526947021, 0.25757676363, 0.265033364296, 0.417931944132], "dmean2": [0.581428170204, 0.46215942502, 0.414367437363, 0.409826606512, 0.380173534155, 0.614101171494], "dvar": [0.105209618807, 0.0899189934134, 0.070093639195, 0.0784195661545, 0.112165130675, 0.192085310817], "dvar2":