{"lowlevel": {"average_loudness": 0.484670430422, "barkbands_crest": {"dmean": 2.10835886002, "dmean2": 3.43051719666, "dvar": 4.37869310379, "dvar2": 11.1898174286, "max": 25.4006748199, "mean": 10.1562185287, "median": 9.35529232025, "min": 2.44618272781, "var": 12.9288568497}, "barkbands_flatness_db": {"dmean": 0.0193083062768, "dmean2": 0.0293796379119, "dvar": 0.00044822631753, "dvar2": 0.00101732194889, "max": 0.449464380741, "mean": 0.22326938808, "median": 0.226556733251, "min": 0.00868221651763, "var": 0.00335120363161}, "barkbands_kurtosis": {"dmean": 3.07513928413, "dmean2": 4.96563625336, "dvar": 48.5469360352, "dvar2": 127.356948853, "max": 262.178192139, "mean": 5.88318300247, "median": 4.13051080704, "min": -1.89317631721, "var": 79.1125411987}, "barkbands_skewness": {"dmean": 0.452274620533, "dmean2": 0.692696273327, "dvar": 0.281327486038, "dvar2": 0.64872354269, "max": 11.4414281845, "mean": 1.72318708897, "median": 1.71631920338, "min": -5.56379461288, "var": 1.19743132591}, "barkbands_spread": {"dmean": 2.59378004074, "dmean2": 3.92266178131, "dvar": 35.1137313843, "dvar2": 71.445892334, "max": 124.826972961, "mean": 9.95514678955, "median": 6.77049732208, "min": 0.309988439083, "var": 117.808700562}, "dissonance": {"dmean": 0.0300700180233, "dmean2": 0.050903186202, "dvar": 0.000939290213864, "dvar2": 0.00264550955035, "max": 0.500000119209, "mean": 0.430480062962, "median": 0.440031349659, "min": 0.153678625822, "var": 0.00230127293617}, "dynamic_complexity": 6.71455764771, "erbbands_crest": {"dmean": 2.24692130089, "dmean2": 3.55949115753, "dvar": 5.30472230911, "dvar2": 13.0274810791, "max": 27.5807495117, "mean": 10.1827383041, "median": 9.27867603302, "min": 2.46054911613, "var": 17.5247402191}, "erbbands_flatness_db": {"dmean": 0.0156074631959, "dmean2": 0.0225408151746, "dvar": 0.000313836266287, "dvar2": 0.000664116581902, "max": 0.398351609707, "mean": 0.234859019518, "median": 0.23868471384, "min": 0.0421409830451, "var": 0.00284286565147}, "erbbands_kurtosis": {"dmean": 0.995304703712, "dmean2": 1.60289919376, "dvar": 4.3385219574, "dvar2": 11.3504800797, "max": 73.1004867554, "mean": 0.960901796818, "median": 0.416176795959, "min": -1.80264794827, "var": 7.00091934204}, "erbbands_skewness": {"dmean": 0.345400959253, "dmean2": 0.51982396841, "dvar": 0.161866813898, "dvar2": 0.360257059336, "max": 7.58649873734, "mean": 0.585870206356, "median": 0.626844763756, "min": -4.87946462631, "var": 0.644787490368}, "erbbands_spread": {"dmean": 4.65873241425, "dmean2": 7.14337921143, "dvar": 67.0540008545, "dvar2": 155.994995117, "max": 126.057502747, "mean": 23.7608318329, "median": 19.5122566223, "min": 2.72495508194, "var": 232.623626709}, "hfc": {"dmean": 2.89269709587, "dmean2": 3.72913837433, "dvar": 48.4346084595, "dvar2": 73.0498123169, "max": 246.55317688, "mean": 10.6076440811, "median": 5.24511003494, "min": 1.24485467643e-16, "var": 318.954162598}, "melbands_crest": {"dmean": 2.74553442001, "dmean2": 4.45975446701, "dvar": 6.37731409073, "dvar2": 16.4083747864, "max": 32.0589256287, "mean": 13.771648407, "median": 13.0588407516, "min": 2.13883328438, "var": 20.9235420227}, "melbands_flatness_db": {"dmean": 0.0223318133503, "dmean2": 0.0331915766001, "dvar": 0.000603325606789, "dvar2": 0.0012864402961, "max": 0.560528755188, "mean": 0.308571815491, "median": 0.312372624874, "min": 0.00576981389895, "var": 0.0059994161129}, "melbands_kurtosis": {"dmean": 4.34551620483, "dmean2": 6.90592384338, "dvar": 77.0857391357, "dvar2": 198.448150635, "max": 335.636810303, "mean": 9.70067882538, "median": 6.64488697052, "min": -1.87877261639, "var": 160.015686035}, "melbands_skewness": {"dmean": 0.492540866137, "dmean2": 0.760617256165, "dvar": 0.316435068846, "dvar2": 0.764527797699, "max": 10.3667583466, "mean": 2.17669200897, "median": 2.05295014381, "min": -2.52055120468, "var": 1.48015654087}, "melbands_spread": {"dmean": 3.46154785156, "dmean2": 5.17780399323, "dvar": 95.5952224731, "dvar2": 173.587600708, "max": 258.040985107, "mean": 12.8691997528, "median": 8.20820236206, "min": 0.305831998587, "var": 331.622344971}, "pitch_salience": {"dmean": 0.0622293800116, "dmean2": 0.101148612797, "dvar": 0.00314169051126, "dvar2": 0.00835174322128, "max": 0.862826943398, "mean": 0.597922921181, "median": 0.604729473591, "min": 0.145112290978, "var": 0.0101924259216}, "silence_rate_20dB": {"dmean": 0, "dmean2": 0, "dvar": 0, "dvar2": 0, "max": 1, "mean": 1, "median": 1, "min": 1, "var": 0}, "silence_rate_30dB": {"dmean": 0.00572382565588, "dmean2": 0.0114490156993, "dvar": 0.00569159910083, "dvar2": 0.0125095248222, "max": 1, "mean": 0.987957537174, "median": 1, "min": 0, "var": 0.011897360906}, "silence_rate_60dB": {"dmean": 0.0360123999417, "dmean2": 0.0720333904028, "dvar": 0.0347135849297, "dvar2": 0.0749535039067, "max": 1, "mean": 0.245022058487, "median": 0, "min": 0, "var": 0.184994086623}, "spectral_centroid": {"dmean": 117.478370667, "dmean2": 167.825088501, "dvar": 66596.1796875, "dvar2": 97044.1015625, "max": 11267.2119141, "mean": 676.254394531, "median": 496.671295166, "min": 173.243560791, "var": 320124.28125}, "spectral_complexity": {"dmean": 1.58526110649, "dmean2": 2.45557546616, "dvar": 3.55608439445, "dvar2": 6.83598041534, "max": 38, "mean": 10.2502679825, "median": 10, "min": 0, "var": 38.0113792419}, "spectral_decrease": {"dmean": 1.26368571163e-09, "dmean2": 1.85890325355e-09, "dvar": 6.47495352733e-18, "dvar2": 1.32878533483e-17, "max": 2.54107423314e-18, "mean": -4.56529747339e-09, "median": -2.90219404064e-09, "min": -6.32583478932e-08, "var": 3.16332560522e-17}, "spectral_energy": {"dmean": 0.00498799746856, "dmean2": 0.00729671632871, "dvar": 9.99153708108e-05, "dvar2": 0.000201343049412, "max": 0.261114180088, "mean": 0.0181926079094, "median": 0.011534797959, "min": 1.10550128162e-20, "var": 0.000511191610713}, "spectral_energyband_high": {"dmean": 8.27716721687e-05, "dmean2": 0.000113926194899, "dvar": 2.80789066665e-07, "dvar2": 5.1357119446e-07, "max": 0.0221633762121, "mean": 0.000144230725709, "median": 6.62056618239e-06, "min": 7.9609510051e-21, "var": 6.11780990312e-07}, "spectral_energyband_low": {"dmean": 0.00126118108165, "dmean2": 0.00218952889554, "dvar": 1.06732441054e-05, "dvar2": 2.86249887722e-05, "max": 0.0590979866683, "mean": 0.00232233083807, "median": 0.00100061413832, "min": 5.87686670022e-23, "var": 1.61143670994e-05}, "spectral_energyband_middle_high": {"dmean": 0.00100658542942, "dmean2": 0.0012515099952, "dvar": 1.0495297829e-05, "dvar2": 1.42439730553e-05, "max": 0.191257789731, "mean": 0.00331052113324, "median": 0.000900576880667, "min": 1.67799423565e-21, "var": 7.17367584002e-05}, "spectral_energyband_middle_low": {"dmean": 0.00401944899932, "dmean2": 0.00605260813609, "dvar": 6.77283824189e-05, "dvar2": 0.000151221189299, "max": 0.174914360046, "mean": 0.0131402928382, "median": 0.00820914562792, "min": 3.09887055573e-22, "var": 0.000255882914644}, "spectral_entropy": {"dmean": 0.160388097167, "dmean2": 0.237680122256, "dvar": 0.0354266315699, "dvar2": 0.0735054165125, "max": 9.79781532288, "mean": 6.61464834213, "median": 6.54014539719, "min": 4.91480875015, "var": 0.285492956638}, "spectral_flux": {"dmean": 0.0167664848268, "dmean2": 0.0263423062861, "dvar": 0.000620564154815, "dvar2": 0.00136026064865, "max": 0.340289086103, "mean": 0.050074685365, "median": 0.0383840091527, "min": 1.05142818063e-10, "var": 0.00194867234677}, "spectral_kurtosis": {"dmean": 7.72995424271, "dmean2": 13.161570549, "dvar": 98.7741928101, "dvar2": 285.37487793, "max": 157.90512085, "mean": 21.3324146271, "median": 15.5020465851, "min": -1.23310029507, "var": 351.748443604}, "spectral_rms": {"dmean": 0.000503969320562, "dmean2": 0.000729133025743, "dvar": 5.79471077344e-07, "dvar2": 1.0910976016e-06, "max": 0.0159607492387, "mean": 0.00353546440601, "median": 0.00335461786017, "min": 3.28410996314e-12, "var": 5.24937422597e-06}, "spectral_rolloff": {"dmean": 219.074768066, "dmean2": 362.038208008, "dvar": 488505.1875, "dvar2": 984140.6875, "max": 19767.4804688, "mean": 900.487304688, "median": 495.263671875, "min": 107.666015625, "var": 1536281.75}, "spectral_skewness": {"dmean": 0.55252301693, "dmean2": 0.917481958866, "dvar": 0.345036417246, "dvar2": 0.993396759033, "max": 10.1531238556, "mean": 3.16769838333, "median": 2.96981406212, "min": -0.13504819572, "var": 1.7845968008}, "spectral_spread": {"dmean": 386989.84375, "dmean2": 584170.5625, "dvar": 458772840448, "dvar2": 729952878592, "max": 41080316, "mean": 2668346.25, "median": 2373101.5, "min": 606231.25, "var": 2363492401150.0}, "spectral_strongpeak": {"dmean": 0.375205278397, "dmean2": 0.608303666115, "dvar": 0.498850435019, "dvar2": 1.17330574989, "max": 18.6954460144, "mean": 0.882118165493, "median": 0.42674484849, "min": 0, "var": 1.49037361145}, "zerocrossingrate": {"dmean": 0.00560865504667, "dmean2": 0.00642545521259, "dvar": 0.000147943370393, "dvar2": 0.000139289462822, "max": 0.509765625, "mean": 0.0335601232946, "median": 0.0244140625, "min": 0.005859375, "var": 0.00119463517331}, "barkbands": {"dmean": [1.40216718592e-06, 0.000183364565601, 0.000870649353601, 0.00120751792565, 0.00205551669933, 0.000783823430538, 0.001188191236, 0.000460678478703, 0.000419200019678, 0.000228088407312, 0.000292236858513, 0.000335424818331, 0.000202308714506, 0.000191194631043, 0.000118806652608, 8.95408229553e-05, 8.2007914898e-05, 7.61437040637e-05, 2.64765603788e-05, 2.6224699468e-05, 2.00573376787e-05, 1.88531448657e-05, 2.49637250818e-05, 1.40960055433e-05, 5.47540912521e-06, 2.01105467568e-06, 2.55717083064e-07], "dmean2": [2.45928822551e-06, 0.000311513576889, 0.00155906402506, 0.0019372315146, 0.00338191981427, 0.00118731835391, 0.0016395439161, 0.000663483340759, 0.00057924981229, 0.000307201524265, 0.00038775705616, 0.000453134824056, 0.000286966562271, 0.000270248856395, 0.000179261391168, 0.000118717674923, 0.000116077870189, 0.000111102483061, 3.82267280656e-05, 3.73305738322e-05, 2.95093541354e-05, 2.63454367087e-05, 3.70077323169e-05, 2.01840903173e-05, 8.12344569567e-06, 3.11192320623e-06, 3.76503436428e-07], "dvar": [7.54021411281e-12, 3.34972725113e-07, 6.17945624981e-06, 1.02134954432e-05, 2.90059251711e-05, 2.91578680844e-06, 1.03734437289e-05, 3.90066088585e-06, 2.98271766042e-06, 1.34364302085e-06, 1.38105292535e-06, 2.00200315703e-06, 1.1074713484e-06, 9.46897841914e-07, 4.26057226832e-07, 3.56096620635e-07, 3.78227412057e-07, 8.4950436019e-08, 1.92609288518e-08, 4.0933475276e-08, 3.91421508539e-08, 2.09629362757e-08, 2.67939785914e-08, 8.45657410764e-09, 2.02144967432e-09, 2.68752353705e-10, 4.69063069636e-12], "dvar2": [2.23168861863e-11, 9.19159447221e-07, 1.74502602022e-05, 2.46758827416e-05, 8.09301345726e-05, 6.30967588222e-06, 1.84493001143e-05, 6.70512054057e-06, 5.09497385792e-06, 1.76746027591e-06, 1.92522156794e-06, 3.02355442727e-06, 2.336659918e-06, 1.89672016404e-06, 1.16881619761e-06, 5.55432507099e-07, 6.00341422796e-07, 1.93206020072e-07, 4.29496331833e-08, 6.58908945184e-08, 8.63615525759e-08, 3.68547219409e-08, 6.08833445881e-08, 1.80690875595e-08, 4.29697211146e-09, 6.1458704792e-10, 1.06764137461e-11], "max": [5.71204254811e-05, 0.017021831125, 0.0461580604315, 0.0853653401136, 0.0953045859933, 0.0510407872498, 0.115775547922, 0.0691750869155, 0.110518276691, 0.0918006002903, 0.0674656927586, 0.0866098031402, 0.0438910350204, 0.0305880270898, 0.0240611061454, 0.0375572182238, 0.0508752539754, 0.00825849268585, 0.00595627073199, 0.00857223384082, 0.0139740323648, 0.00607317639515, 0.0042794784531, 0.00366334337741, 0.00194137229118, 0.000565472699236, 8.84962428245e-05], "mean": [1.50216931161e-06, 0.000248801487032, 0.00140700361226, 0.00186489627231, 0.00386052555405, 0.00236725411378, 0.002904281253, 0.000951905851252, 0.00103508634493, 0.000520802452229, 0.000670382229146, 0.000740832590964, 0.000358777411748, 0.000347823719494, 0.000210715064895, 0.000172158732312, 0.000156534049893, 0.000149259474711, 5.09482924826e-05, 4.47494676337e-05, 2.7885504096e-05, 2.86633603537e-05, 3.77802280127e-05, 2.2821544917e-05, 8.00823454483e-06, 2.87498687612e-06, 3.54985786544e-07], "median": [4.65788815518e-07, 5.24261195096e-05, 0.000447622791398, 0.000806651019957, 0.00168689934071, 0.00108553434256, 0.000813605263829, 0.000193526750081, 0.000167679419974, 0.00010194312199, 6.67845961289e-05, 0.000112388341222, 4.04667989642e-05, 2.61541881628e-05, 1.92186416825e-05, 8.26206360216e-06, 1.46247766679e-05, 1.12751022243e-05, 5.81977155889e-06, 1.56715077537e-06, 1.25550423036e-06, 6.90252193181e-07, 6.86348244017e-07, 5.8278482129e-07, 3.44478110037e-07, 1.76354987502e-07, 1.7780115158e-08], "min": [1.82205506753e-23, 1.49749071208e-23, 1.95395955286e-23, 3.27854126307e-23, 3.10542794623e-23, 3.8188295727e-23, 2.71618251857e-23, 2.90814645561e-23, 1.4001201906e-22, 5.73508567636e-23, 7.30948543576e-23, 4.75168693875e-23, 1.26956371078e-22, 5.89168213911e-23, 1.71435150948e-22, 1.44387584376e-22, 3.30550364528e-22, 2.79476126889e-22, 1.57779198751e-22, 4.80960542195e-22, 2.30313456995e-22, 3.27000591429e-22, 1.02069372094e-21, 6.56883036895e-22, 1.08637874802e-21, 2.12040883783e-21, 2.606571924e-21], "var": [8.63712573684e-12, 4.25401253779e-07, 8.01907572168e-06, 1.39478725032e-05, 4.08279593103e-05, 1.20415616038e-05, 3.45806765836e-05, 1.61135812959e-05, 1.39664216476e-05, 6.30678141533e-06, 6.11572022535e-06, 8.23109621706e-06, 2.27930490837e-06, 2.31303647524e-06, 8.72591670031e-07, 1.44743285091e-06, 9.40986694786e-07, 1.99139876145e-07, 4.10143137231e-08, 1.14195401579e-07, 5.77243604027e-08, 4.32996785094e-08, 4.50972521548e-08, 1.66671210167e-08, 3.21050297458e-09, 3.39533262617e-10, 5.94349612928e-12]}, "erbbands": {"dmean": [0.00130986922886, 0.0635129585862, 0.758687436581, 2.21756696701, 6.38060331345, 7.75554513931, 4.44642925262, 7.27264785767, 16.5359668732, 15.2076187134, 8.75065803528, 8.19287109375, 9.0176410675, 8.11640453339, 10.7847738266, 13.8640699387, 8.07287597656, 10.4226284027, 7.21269035339, 4.66065359116, 4.43826150894, 3.60148501396, 4.24000740051, 1.5533208847, 1.4991556406, 1.17197990417, 0.781512796879, 0.73661929369, 0.667726695538, 0.709640026093, 0.682669639587, 0.425042271614, 0.180927485228, 0.0685487836599, 0.0392887853086, 0.0135063678026, 0.00277546350844, 0.000512612168677, 4.46475132776e-05, 6.70586587148e-06], "dmean2": [0.00220255577005, 0.108567401767, 1.33535170555, 3.67844748497, 10.5536231995, 12.6299543381, 7.05717611313, 10.9867362976, 22.6682224274, 21.448343277, 12.1858205795, 11.4143123627, 11.7560987473, 10.9249839783, 14.5192089081, 18.1906509399, 11.1137619019, 14.6970930099, 10.4763469696, 6.69902658463, 5.80036735535, 4.97519254684, 5.93980455399, 2.20597290993, 2.0666539669, 1.66616308689, 1.16649734974, 1.05042040348, 0.97021985054, 1.02842390537, 1.00169634819, 0.625049471855, 0.26394957304, 0.101407267153, 0.0600910075009, 0.0212446358055, 0.0040512313135, 0.000748845806811, 6.5120671934e-05, 9.72514590103e-06], "dvar": [1.1399871255e-05, 0.0402733199298, 5.07991170883, 28.032087326, 252.568954468, 462.671569824, 243.997131348, 217.121337891, 1972.97180176, 1774.40734863, 1936.3527832, 901.387573242, 1424.75048828, 1688.38000488, 2038.93823242, 4601.00097656, 1129.47033691, 3811.9440918, 1591.33215332, 697.234619141, 789.412658691, 408.469177246, 252.259384155, 31.3386898041, 78.9002685547, 83.8871612549, 51.6016197205, 42.3668403625, 30.1507282257, 26.3016204834, 21.1409339905, 7.8355255127, 1.58093845844, 0.302809149027, 0.111007913947, 0.0122435446829, 0.000516653060913, 2.10190664802e-05, 1.3056462933e-07, 2.51612342073e-10], "dvar2": [3.01979671349e-05, 0.109606727958, 14.0760707855, 69.3168182373, 679.768432617, 1269.81652832, 501.808227539, 504.08883667, 3367.62475586, 3425.06567383, 3193.80664062, 1732.30163574, 1769.68945312, 2366.13012695, 2899.11108398, 6587.34716797, 2080.91235352, 7593.29638672, 4022.73730469, 1226.70349121, 1278.51733398, 679.672912598, 505.515808105, 65.289894104, 146.572433472, 134.980316162, 112.620956421, 86.3819351196, 59.5601921082, 49.6549263, 47.3668746948, 17.7726593018, 3.38781476021, 0.615774333477, 0.257519692183, 0.0293028727174, 0.00113208033144, 4.47860329587e-05, 2.95985415733e-07, 5.05851804888e-10], "max": [0.0790536180139, 5.95397806168, 48.4406738281, 115.452720642, 340.975708008, 381.065063477, 612.147277832, 470.114074707, 1388.94274902, 1431.28405762, 1852.80578613, 1937.53637695, 2248.58081055, 3337.35229492, 3146.56079102, 4377.13427734, 1152.82055664, 2532.80737305, 1558.48449707, 1603.58239746, 1443.79394531, 1442.03051758, 451.661712646, 191.778610229, 389.585266113, 461.225921631, 499.849639893, 399.253417969, 173.798126221, 282.020751953, 127.664558411, 114.486778259, 37.7177047729, 24.4377861023, 12.9101800919, 3.39380526543, 1.23321425915, 0.242595329881, 0.0154964681715, 0.000561958469916], "mean": [0.00216792221181, 0.0985975414515, 1.30801916122, 3.90842795372, 10.2710533142, 14.446354866, 11.61145401, 21.9625301361, 39.4799232483, 35.4209671021, 20.6017246246, 19.7682876587, 23.6155223846, 21.6809082031, 26.6849746704, 30.7054176331, 17.1233596802, 20.0643844604, 15.3984460831, 9.29427242279, 8.8781452179, 8.39213466644, 9.21759128571, 3.60860323906, 2.81240606308, 1.96451723576, 1.14141094685, 1.04843914509, 0.980130255222, 1.15217101574, 1.02060651779, 0.68133431673, 0.287067741156, 0.103922225535, 0.0547328703105, 0.0188395511359, 0.00394176645204, 0.000709275715053, 7.09519954398e-05, 2.31202084251e-05], "median": [0.000820414512418, 0.0282271262258, 0.425933301449, 1.85385715961, 5.33257865906, 3.94271039963, 4.46146726608, 10.9488220215, 13.7418642044, 9.42730903625, 5.11721086502, 3.76736903191, 4.7170214653, 3.91170239449, 3.90222120285, 4.66746759415, 2.43609261513, 1.47680008411, 1.34122562408, 0.834478199482, 0.603994846344, 0.868674218655, 0.730856180191, 0.430776804686, 0.266299724579, 0.0904974415898, 0.0612388923764, 0.0348897352815, 0.0236962363124, 0.0274389181286, 0.0169340111315, 0.00976350996643, 0.00978545378894, 0.00459690438583, 0.00202237814665, 0.00101132388227, 0.0002473143104, 3.78366967198e-05, 1.17439840324e-05, 1.43677589222e-05], "min": [4.95034578051e-22, 3.59570686684e-21, 1.85097220163e-20, 7.27450741895e-20, 1.17888423808e-19, 5.60624955956e-20, 2.07654128506e-19, 3.33114938457e-19, 4.20055524095e-19, 5.19173811012e-19, 1.09736447719e-18, 3.82456220637e-18, 1.6896460617e-18, 1.22123787584e-18, 4.20796290183e-18, 2.11639412319e-18, 5.7310600763e-18, 3.61440911353e-18, 4.23645720598e-18, 1.11351075323e-17, 9.83850274932e-18, 1.84227416097e-17, 1.49531871242e-17, 1.09917066741e-17, 1.04257149574e-17, 2.05622558446e-17, 1.43021695124e-17, 8.67291841227e-18, 1.10531819101e-17, 3.04255988277e-17, 2.20894694833e-17, 1.29728687613e-17, 1.35224467331e-17, 1.44079063557e-17, 7.26930706369e-18, 7.68873974663e-18, 3.71594346577e-18, 1.26690589708e-18, 3.50734273245e-19, 3.97994009697e-20], "var": [1.81794330274e-05, 0.0535863302648, 6.94068098068, 44.1264648438, 323.38949585, 688.200622559, 872.953430176, 930.920166016, 6598.70703125, 5774.22802734, 9481.9765625, 3286.90283203, 7523.10009766, 8298.78515625, 8715.81933594, 18147.8476562, 3458.74731445, 8120.22900391, 5606.20507812, 2820.72973633, 2249.44384766, 1433.62976074, 771.013549805, 116.470329285, 198.802505493, 195.564193726, 82.2851867676, 73.2743911743, 55.1006507874, 51.6892166138, 36.0926017761, 15.0460348129, 2.79312443733, 0.506484031677, 0.157688781619, 0.014795540832, 0.000720849668141, 2.82785040326e-05, 1.73379049784e-07, 9.43900180239e-10]}, "gfcc": {"mean": [-131.836471558, 154.871856689, -111.86907959, -2.40090894699, -55.8259658813, -7.63130283356, -43.9178962708, -6.78611850739, -27.1785869598, -13.9915914536, -10.4461746216, -7.27573108673, -17.0204277039], "cov": [[18880.453125, -1238.77355957, -2428.71728516, 289.896057129, -851.746459961, -175.882385254, -919.7109375, 109.46131897, -329.110351562, -426.302490234, 93.8893737793, 17.476650238, -341.846710205], [-1238.77355957, 2584.89770508, -70.7030487061, -684.350341797, 705.366821289, -350.712310791, 324.05657959, -225.303527832, 118.378204346, -74.9563827515, 196.342178345, -229.273361206, 185.497955322], [-2428.71728516, -70.7030487061, 785.642028809, 64.7829437256, -15.4827518463, 141.809402466, 102.334213257, 9.046626091, 24.0421714783, 107.537101746, -46.8032455444, 42.5888595581, 46.1460723877], [289.896057129, -684.350341797, 64.7829437256, 607.368469238, -100.687614441, 51.8805236816, -115.871406555, -10.6169261932, 83.3960189819, 39.4969291687, -94.5113830566, 25.1799583435, -18.217924118], [-851.746459961, 705.366821289, -15.4827518463, -100.687614441, 393.094268799, -91.3110733032, 78.804069519, -56.3219184875, 90.9208145142, 15.549033165, 12.9192438126, -91.8416671753, 52.5952682495], [-175.882385254, -350.712310791, 141.809402466, 51.8805236816, -91.3110733032, 264.161682129, 22.2739601135, 34.6308021545, -7.80321264267, 30.7467136383, -28.9207706451, 27.8447303772, -44.225982666], [-919.7109375, 324.05657959, 102.334213257, -115.871406555, 78.804069519, 22.2739601135, 248.631362915, -12.9985342026, -23.1259117126, 22.8357009888, 28.1665325165, -14.6660842896, 20.7117424011], [109.46131897, -225.303527832, 9.046626091, -10.6169261932, -56.3219184875, 34.6308021545, -12.9985342026, 153.63192749, -45.143661499, -18.7137012482, 22.0286769867, 49.5641288757, -24.5547485352], [-329.110351562, 118.378204346, 24.0421714783, 83.3960189819, 90.9208145142, -7.80321264267, -23.1259117126, -45.143661499, 160.561019897, 27.8534526825, -27.5443763733, -33.3504676819, 13.6163167953], [-426.302490234, -74.9563827515, 107.537101746, 39.4969291687, 15.549033165, 30.7467136383, 22.8357009888, -18.7137012482, 27.8534526825, 117.899047852, -28.440202713, -17.3200492859, 5.70700263977], [93.8893737793, 196.342178345, -46.8032455444, -94.5113830566, 12.9192438126, -28.9207706451, 28.1665325165, 22.0286769867, -27.5443763733, -28.440202713, 114.302200317, -4.67615604401, 1.24713611603], [17.476650238, -229.273361206, 42.5888595581, 25.1799583435, -91.8416671753, 27.8447303772, -14.6660842896, 49.5641288757, -33.3504676819, -17.3200492859, -4.67615604401, 115.111663818, -26.5686664581], [-341.846710205, 185.497955322, 46.1460723877, -18.217924118, 52.5952682495, -44.225982666, 20.7117424011, -24.5547485352, 13.6163167953, 5.70700263977, 1.24713611603, -26.5686664581, 84.9479675293]], "icov": [[0.000141194235766, -0.000228999357205, 0.00041583168786, -0.00020908699662, 0.000442313117674, -0.000180334187462, 0.000421230331995, -0.000166270852787, 0.000296032783808, -9.80268014246e-05, 0.000154507826664, 7.31390100555e-05, 0.000258751999354], [-0.000228999357205, 0.00294805597514, -0.00106276571751, 0.0021107213106, -0.00330399652012, 0.00167079130188, -0.00210860208608, 0.00252512819134, -0.00172369275242, 0.00209749885835, -0.00258039054461, 0.000746388570406, -0.00176288362127], [0.00041583168786, -0.00106276571751, 0.00316491373815, -0.000972956535406, 0.00168733729515, -0.00164933945052, 0.000862116750795, -0.000953808892518, 0.000838976644445, -0.0019122492522, 0.00103033403866, -0.0010288086487, -0.000666027888656], [-0.00020908699662, 0.0021107213106, -0.000972956535406, 0.00380941526964, -0.00180398975499, 0.00115100003313, -0.000938826065976, 0.0017587809125, -0.00251794978976, 0.00114732957445, -0.00061050785007, 0.000304362649331, -0.0012208718108], [0.000442313117674, -0.00330399652012, 0.00168733729515, -0.00180398975499, 0.0083166398108, -0.000832632707898, 0.00147815479431, -0.00305674714036, -0.000288376410026, -0.00213580089621, 0.00303081632592, 0.00152514793444, 0.00148682983126], [-0.000180334187462, 0.00167079130188, -0.00164933945052, 0.00115100003313, -0.000832632707898, 0.00637571839616, -0.00215756963007, 0.000483898678795, -0.00147934770212, 0.000791851198301, -0.00043341726996, 0.00111410138197, 0.00180820398964], [0.000421230331995, -0.00210860208608, 0.000862116750795, -0.000938826065976, 0.00147815479431, -0.00215756963007, 0.00750079657882, -0.00101941626053, 0.00292592309415, -0.00220244913362, 0.000613262644038, -0.000514810555615, 0.000976910698228], [-0.000166270852787, 0.00252512819134, -0.000953808892518, 0.0017587809125, -0.00305674714036, 0.000483898678795, -0.00101941626053, 0.0106884855777, 0.000178371657967, 0.00216125161387, -0.00398026872426, -0.00218966510147, -0.000605390407145], [0.000296032783808, -0.00172369275242, 0.000838976644445, -0.00251794978976, -0.000288376410026, -0.00147934770212, 0.00292592309415, 0.000178371657967, 0.0104913944378, -0.002105723368, 0.00188402761705, 0.000267317285761, 0.00122178799938], [-9.80268014246e-05, 0.00209749885835, -0.0019122492522, 0.00114732957445, -0.00213580089621, 0.000791851198301, -0.00220244913362, 0.00216125161387, -0.002105723368, 0.012571465224, -5.21743786521e-05, 0.00271785003133, -0.000449765007943], [0.000154507826664, -0.00258039054461, 0.00103033403866, -0.00061050785007, 0.00303081632592, -0.00043341726996, 0.000613262644038, -0.00398026872426, 0.00188402761705, -5.21743786521e-05, 0.0135732460767, 0.000407606887165, 0.00179335800931], [7.31390100555e-05, 0.000746388570406, -0.0010288086487, 0.000304362649331, 0.00152514793444, 0.00111410138197, -0.000514810555615, -0.00218966510147, 0.000267317285761, 0.00271785003133, 0.000407606887165, 0.0133491531014, 0.00236064428464], [0.000258751999354, -0.00176288362127, -0.000666027888656, -0.0012208718108, 0.00148682983126, 0.00180820398964, 0.000976910698228, -0.000605390407145, 0.00122178799938, -0.000449765007943, 0.00179335800931, 0.00236064428464, 0.0169167257845]]}, "melbands": {"dmean": [2.85262831312e-05, 0.000288180628559, 0.000518013141118, 0.000499790126923, 0.000192337814951, 0.000162025797181, 0.000256210303633, 0.000151723259478, 6.75931078149e-05, 5.66104536119e-05, 4.5998061978e-05, 3.31635819748e-05, 4.22905395681e-05, 3.71029054804e-05, 2.75878956018e-05, 2.06910881388e-05, 1.97118479264e-05, 1.28416695588e-05, 6.58772023598e-06, 6.75956243867e-06, 5.31318710273e-06, 3.78562663172e-06, 5.23611606695e-06, 3.56975237992e-06, 1.09280915694e-06, 1.13440034966e-06, 1.15665216072e-06, 7.5294576618e-07, 4.9629733212e-07, 5.52499045625e-07, 3.82328920523e-07, 3.86994031487e-07, 3.9680151076e-07, 4.15715476265e-07, 4.03002047733e-07, 3.99723461442e-07, 2.12733823446e-07, 1.38112753234e-07, 8.37030782463e-08, 5.4766939428e-08], "dmean2": [4.83645198983e-05, 0.000507322372869, 0.000845949805807, 0.000828673131764, 0.000307642039843, 0.000245928094955, 0.000351471098838, 0.00021405518055, 9.33495903155e-05, 7.8525619756e-05, 6.0474005295e-05, 4.49292710982e-05, 5.54563011974e-05, 5.02900111314e-05, 3.70994421246e-05, 2.94498895528e-05, 2.7725869586e-05, 1.90588689293e-05, 1.00924280559e-05, 9.34578292799e-06, 7.12185646989e-06, 5.27717475052e-06, 7.55024939281e-06, 5.25271252627e-06, 1.61161869983e-06, 1.64441803463e-06, 1.65015080711e-06, 1.10286271138e-06, 7.51106483676e-07, 8.24896176255e-07, 5.40875646493e-07, 5.88069724472e-07, 5.51204720978e-07, 6.26103997092e-07, 6.03589342063e-07, 5.97856057993e-07, 3.14867264706e-07, 2.02363565904e-07, 1.24512865796e-07, 8.27123471936e-08], "dvar": [7.40192795945e-09, 7.27062001715e-07, 1.59414548762e-06, 1.72036868662e-06, 3.26744839185e-07, 1.08629421902e-07, 4.76868649457e-07, 1.88103882692e-07, 1.26090085928e-07, 5.19071896576e-08, 3.63403387382e-08, 3.17428785479e-08, 3.05337977125e-08, 2.3327322296e-08, 1.6800857594e-08, 1.5579990631e-08, 1.26177894799e-08, 4.87867435339e-09, 1.16746712298e-09, 2.90639667888e-09, 1.69064418021e-09, 7.65952745674e-10, 5.95048399443e-10, 2.60082982928e-10, 1.73311243828e-11, 5.17270254408e-11, 9.82432746266e-11, 3.56275078883e-11, 1.80249391801e-11, 4.10124434413e-11, 9.87980097039e-12, 1.19925328348e-11, 9.41956755651e-12, 9.01998874897e-12, 7.94113733105e-12, 6.70771294412e-12, 2.1972250408e-12, 8.71248711197e-13, 3.84154811911e-13, 2.24068607093e-13], "dvar2": [2.01758698637e-08, 2.0140844299e-06, 3.86852798329e-06, 4.83635994897e-06, 7.70456097143e-07, 2.49912829986e-07, 8.17665295472e-07, 3.57538169737e-07, 2.155901484e-07, 9.47999225787e-08, 4.59777957929e-08, 4.30380779903e-08, 4.37180425195e-08, 3.32118830215e-08, 2.83790679845e-08, 3.20091047001e-08, 2.4246425312e-08, 1.17589262771e-08, 3.17544968098e-09, 4.25773016843e-09, 2.77296430262e-09, 1.35061883899e-09, 1.19121645881e-09, 5.69609692747e-10, 3.80000128586e-11, 1.20491575051e-10, 1.70339103933e-10, 6.11709086162e-11, 4.14060140341e-11, 9.44090083888e-11, 1.99035163351e-11, 2.58349869275e-11, 1.45128301737e-11, 2.01754342399e-11, 1.81160676738e-11, 1.53547383142e-11, 4.99951252272e-12, 1.89254840098e-12, 7.92722224668e-13, 4.81596750326e-13], "max": [0.00241441465914, 0.0191508159041, 0.0324193872511, 0.0246843360364, 0.0184175316244, 0.0105341663584, 0.0238004047424, 0.0166223086417, 0.0161504670978, 0.0160857439041, 0.0108564896509, 0.0149203389883, 0.0106708947569, 0.0101352361962, 0.00482297688723, 0.00487456889823, 0.00421941373497, 0.0027405845467, 0.00127727130894, 0.00401080353186, 0.0026402506046, 0.00224899756722, 0.000914364820346, 0.000657729746308, 0.000152813823661, 0.000326497916831, 0.000503317045514, 0.000290158466669, 0.000245556846494, 0.000470393162686, 0.000138014263939, 0.000134155430715, 0.000168226120877, 0.000141119875479, 9.58958771662e-05, 7.2977389209e-05, 6.64477847749e-05, 2.92794502457e-05, 1.75805962499e-05, 2.39868932113e-05], "mean": [4.01034594688e-05, 0.000485909462441, 0.000903864565771, 0.000905074877664, 0.000463678996312, 0.000483672803966, 0.000622150779236, 0.00033789963345, 0.000149270344991, 0.000137807466672, 0.000118035219202, 8.37513362058e-05, 9.85563383438e-05, 8.17778491182e-05, 5.42529269296e-05, 3.80716737709e-05, 3.54769217665e-05, 2.66015449597e-05, 1.15171205834e-05, 1.25820679386e-05, 9.84805137705e-06, 7.66672383179e-06, 1.07696596388e-05, 6.79087315802e-06, 2.34288609136e-06, 2.0046948066e-06, 2.02561409424e-06, 1.10669282094e-06, 6.79480933741e-07, 7.29735404548e-07, 5.39308075531e-07, 5.38923472959e-07, 5.95979429363e-07, 6.45405521027e-07, 5.67560277887e-07, 6.09733376677e-07, 3.28929388616e-07, 2.12342314398e-07, 1.24845058735e-07, 7.59119558325e-08], "median": [9.81119410426e-06, 0.000152654043632, 0.000452626758488, 0.000411635701312, 0.000166624915437, 0.000230998179177, 0.000221891328692, 9.31287358981e-05, 3.0422130294e-05, 2.3594520826e-05, 2.25750827667e-05, 1.48908820847e-05, 1.12058733066e-05, 1.35343125294e-05, 7.67421170167e-06, 3.75858712687e-06, 2.41374982579e-06, 2.14434226109e-06, 1.12966449706e-06, 6.51215486869e-07, 6.30355089015e-07, 8.18602529762e-07, 7.99327892764e-07, 4.94676669405e-07, 2.73516178595e-07, 2.02873735589e-07, 1.0061636857e-07, 3.35288348197e-08, 3.31172564927e-08, 3.10202530329e-08, 1.31536364023e-08, 1.03502264537e-08, 1.2170807473e-08, 1.43743346115e-08, 1.00046761986e-08, 3.64699515032e-09, 4.70916017292e-09, 6.40580655187e-09, 4.43982450804e-09, 2.87141777022e-09], "min": [5.47446827915e-24, 7.89173925228e-24, 1.47039160449e-23, 5.47131007452e-24, 6.84331234367e-24, 7.55980551603e-24, 6.22944326976e-24, 5.48745411295e-24, 1.28679716612e-23, 2.18933371664e-23, 7.91284838124e-24, 5.0995822499e-24, 1.1006031944e-23, 7.48478484394e-24, 9.53993710714e-24, 1.18200235911e-23, 6.01371347801e-24, 5.35114802042e-24, 1.42181859865e-23, 1.11360701422e-23, 1.19008660567e-23, 1.82310062377e-23, 1.80549356391e-23, 1.19572349015e-23, 8.3642369578e-24, 7.11530369518e-24, 1.05352397558e-23, 1.41658103556e-23, 1.10168085729e-23, 6.02927533709e-24, 4.29644927318e-24, 4.67616194788e-24, 9.52756224612e-24, 2.13464577661e-23, 1.15321232817e-23, 1.19794547467e-23, 6.47994250034e-24, 8.56960663928e-24, 1.13875266555e-23, 1.24073045027e-23], "var": [9.88864190532e-09, 9.8656926184e-07, 2.43211434281e-06, 2.22132734962e-06, 9.6894791568e-07, 4.5866892151e-07, 1.58170655595e-06, 5.93578590724e-07, 5.44457805063e-07, 2.23500009611e-07, 1.9106533955e-07, 1.55765263798e-07, 1.32720117563e-07, 1.00173529916e-07, 4.98309233876e-08, 3.12428269922e-08, 2.70095483756e-08, 2.00406962136e-08, 1.97166349913e-09, 1.18877832023e-08, 3.61143515093e-09, 1.77482195607e-09, 1.735520061e-09, 5.92220772422e-10, 6.47200210091e-11, 8.72901750881e-11, 2.87934620591e-10, 7.0792864626e-11, 2.64795321087e-11, 5.34414804076e-11, 1.87056134471e-11, 2.02989274695e-11, 1.93955684846e-11, 1.47105973236e-11, 1.230095973e-11, 1.28505470154e-11, 3.81749363024e-12, 1.51184663746e-12, 6.72974317332e-13, 3.27744694448e-13]}, "mfcc": {"mean": [-770.603820801, 184.1381073, 1.49026346207, 4.95850229263, 2.47163963318, -8.99990558624, -7.55182218552, -0.996176421642, -17.0295276642, -10.3998403549, -5.22870254517, -4.07141208649, -6.00055599213], "cov": [[12397.8496094, 637.128234863, -1572.20227051, -161.571578979, -333.098571777, -469.049072266, -588.106506348, 48.1414985657, -574.577880859, -50.6309051514, -122.519615173, -42.8213272095, -108.861000061], [637.128234863, 2978.65332031, -411.930908203, -382.120300293, 90.3923721313, -192.017272949, 208.054885864, -113.975669861, -57.1435508728, -84.4528579712, 52.9847297668, -82.5260620117, 60.8226966858], [-1572.20227051, -411.930908203, 723.292114258, 60.9165802002, -5.91178846359, 167.281188965, 64.1470718384, 8.24110507965, 92.6421585083, 34.6057815552, -21.6158027649, 37.934387207, 28.7605609894], [-161.571578979, -382.120300293, 60.9165802002, 389.917480469, 66.259262085, 55.0288467407, -95.8300323486, -31.9438209534, 44.1837844849, 48.8180465698, -47.3471107483, 34.3392333984, -8.80911445618], [-333.098571777, 90.3923721313, -5.91178846359, 66.259262085, 267.237121582, 33.7197761536, -62.0065116882, -33.0836715698, 36.6490135193, 79.9436416626, -3.0611410141, 3.17857646942, -20.0219516754], [-469.049072266, -192.017272949, 167.281188965, 55.0288467407, 33.7197761536, 270.255981445, -16.4757194519, -40.4714736938, 76.6177597046, 81.1703414917, 38.4063148499, 3.64109706879, -39.9594421387], [-588.106506348, 208.054885864, 64.1470718384, -95.8300323486, -62.0065116882, -16.4757194519, 246.823669434, 21.868844986, 17.3936424255, -25.3016090393, 45.3549995422, -2.3213698864, 12.1372060776], [48.1414985657, -113.975669861, 8.24110507965, -31.9438209534, -33.0836715698, -40.4714736938, 21.868844986, 167.279312134, -25.4545497894, -38.8690567017, 12.5507678986, 5.02804613113, 30.2115421295], [-574.577880859, -57.1435508728, 92.6421585083, 44.1837844849, 36.6490135193, 76.6177597046, 17.3936424255, -25.4545497894, 128.890975952, 34.6320838928, 7.41353750229, 5.59374713898, -15.9582157135], [-50.6309051514, -84.4528579712, 34.6057815552, 48.8180465698, 79.9436416626, 81.1703414917, -25.3016090393, -38.8690567017, 34.6320838928, 166.678405762, 6.17815494537, -7.34850406647, -25.4353065491], [-122.519615173, 52.9847297668, -21.6158027649, -47.3471107483, -3.0611410141, 38.4063148499, 45.3549995422, 12.5507678986, 7.41353750229, 6.17815494537, 120.172843933, -3.58203911781, -2.66978120804], [-42.8213272095, -82.5260620117, 37.934387207, 34.3392333984, 3.17857646942, 3.64109706879, -2.3213698864, 5.02804613113, 5.59374713898, -7.34850406647, -3.58203911781, 96.5254745483, 5.51373386383], [-108.861000061, 60.8226966858, 28.7605609894, -8.80911445618, -20.0219516754, -39.9594421387, 12.1372060776, 30.2115421295, -15.9582157135, -25.4353065491, -2.66978120804, 5.51373386383, 100.129936218]], "icov": [[0.000164673780091, -4.34310022683e-05, 0.00024974704138, 1.8785636712e-05, 0.000320437247865, 3.08972812491e-05, 0.00037963714567, -9.29623784032e-05, 0.000437824812252, -0.000228949313168, 9.00725935935e-05, -0.000118358053442, 0.00021430713241], [-4.34310022683e-05, 0.000528749835212, 0.000206152995816, 0.000398375705117, -0.000515564286616, 5.8256486227e-05, -0.000560589658562, 0.000566596107092, -0.00010536944319, 0.000312709918944, 2.32605834753e-05, 0.000242633526796, -0.000525511975866], [0.00024974704138, 0.000206152995816, 0.00249062664807, 0.000155323345098, 0.0003389834892, -0.00131105503533, -0.00035642326111, -0.000193709041923, -4.56753004983e-05, -0.000206888056709, 0.00123015267309, -0.000623143452685, -0.000901921943296], [1.8785636712e-05, 0.000398375705117, 0.000155323345098, 0.00360328285024, -0.000571382115595, -0.000231158104725, 0.000715444795787, 0.000547187402844, -0.000794551393483, -0.00024933682289, 0.0010472323047, -0.000882066495251, -0.000520972535014], [0.000320437247865, -0.000515564286616, 0.0003389834892, -0.000571382115595, 0.00576156610623, 0.000521417066921, 0.00213976809755, -0.000394254398998, -0.000280262669548, -0.00265249377117, -0.000238074469962, -0.000620091392193, 0.00104300363455], [3.08972812491e-05, 5.8256486227e-05, -0.00131105503533, -0.000231158104725, 0.000521417066921, 0.00654496671632, 0.00111618347, 0.000703342142515, -0.00197450676933, -0.00193003355525, -0.00262780557387, 0.000152025488205, 0.00183973624371], [0.00037963714567, -0.000560589658562, -0.00035642326111, 0.000715444795787, 0.00213976809755, 0.00111618347, 0.00671945465729, -0.000779755820986, -0.000432563130744, -0.000757901056204, -0.00183310953435, -0.000489406753331, 0.000929275760427], [-9.29623784032e-05, 0.000566596107092, -0.000193709041923, 0.000547187402844, -0.000394254398998, 0.000703342142515, -0.000779755820986, 0.00749733997509, 0.000551900651772, 0.00124553695787, -0.00102730828803, 3.68964138033e-05, -0.00193228281569], [0.000437824812252, -0.00010536944319, -4.56753004983e-05, -0.000794551393483, -0.000280262669548, -0.00197450676933, -0.000432563130744, 0.000551900651772, 0.0117576560006, -0.000800017092843, 0.000233459169976, -0.000354066782165, 0.0012214933522], [-0.000228949313168, 0.000312709918944, -0.000206888056709, -0.00024933682289, -0.00265249377117, -0.00193003355525, -0.000757901056204, 0.00124553695787, -0.000800017092843, 0.00882336962968, -0.000171004561707, 0.0011210620869, 6.16077668383e-05], [9.00725935935e-05, 2.32605834753e-05, 0.00123015267309, 0.0010472323047, -0.000238074469962, -0.00262780557387, -0.00183310953435, -0.00102730828803, 0.000233459169976, -0.000171004561707, 0.0106456084177, -0.000285655492917, -0.000448202888947], [-0.000118358053442, 0.000242633526796, -0.000623143452685, -0.000882066495251, -0.000620091392193, 0.000152025488205, -0.000489406753331, 3.68964138033e-05, -0.000354066782165, 0.0011210620869, -0.000285655492917, 0.0112033197656, -0.000586000620387], [0.00021430713241, -0.000525511975866, -0.000901921943296, -0.000520972535014, 0.00104300363455, 0.00183973624371, 0.000929275760427, -0.00193228281569, 0.0012214933522, 6.16077668383e-05, -0.000448202888947, -0.000586000620387, 0.0123962303624]]}, "spectral_contrast_coeffs": {"dmean": [0.0457010939717, 0.0371140055358, 0.0319381691515, 0.026365654543, 0.0215875022113, 0.0168241243809], "dmean2": [0.0772751867771, 0.0591753311455, 0.049008961767, 0.0414800792933, 0.0323209092021, 0.0257853809744], "dvar": [0.00157729524653, 0.00108684727456, 0.000755572866183, 0.000596008787397, 0.000423546036473, 0.000248490716331], "dvar2": [0.00437047099695, 0.00256062974222, 0.001635014778, 0.0012926934287, 0.000813572609331, 0.000532779551577], "max": [-0.27175450325, -0.386984527111, -0.311548680067, -0.498188823462, -0.548923194408, -0.573371827602], "mean": [-0.55498701334, -0.700681507587, -0.759864449501, -0.764270484447, -0.764375090599, -0.790176570415], "median": [-0.546799242496, -0.703598737717, -0.775228440762, -0.771945595741, -0.769551038742, -0.788908243179], "min": [-0.956411063671, -0.974716067314, -0.951241374016, -0.957207918167, -0.959934711456, -0.961599349976], "var": [0.00926251150668, 0.00861199293286, 0.00678090192378, 0.00484013231471, 0.00467431684956, 0.00215937546454]}, "spectral_contrast_valleys": {"dmean": [0.390014767647, 0.275922566652, 0.265036553144, 0.245031893253, 0.249192431569, 0.291259229183], "dmean2": [0.653385639191, 0.446456044912, 0.42295730114, 0.382094711065, 0.357013076544, 0.390952467918], "dvar": [0.141618147492, 0.0799796804786, 0.072273761034, 0.072177760303, 0.08111917