{"lowlevel": {"average_loudness": 0.917518913746, "barkbands_crest": {"dmean": 2.01278662682, "dmean2": 3.18229484558, "dvar": 3.4900829792, "dvar2": 8.99357128143, "max": 25.9733142853, "mean": 12.7413196564, "median": 12.3097858429, "min": 4.73473930359, "var": 11.7306079865}, "barkbands_flatness_db": {"dmean": 0.0351764559746, "dmean2": 0.0522647537291, "dvar": 0.00136171048507, "dvar2": 0.0030919148121, "max": 0.643562018871, "mean": 0.336609661579, "median": 0.335469633341, "min": 0.070069655776, "var": 0.00584910670295}, "barkbands_kurtosis": {"dmean": 11.7559919357, "dmean2": 17.8693637848, "dvar": 570.531555176, "dvar2": 1266.89025879, "max": 406.127960205, "mean": 23.4528522491, "median": 7.81116199493, "min": -1.96091425419, "var": 1994.55078125}, "barkbands_skewness": {"dmean": 0.906791567802, "dmean2": 1.35236573219, "dvar": 1.38088035583, "dvar2": 2.99324846268, "max": 16.1870002747, "mean": 2.34479284286, "median": 1.71278703213, "min": -4.04267072678, "var": 6.30303812027}, "barkbands_spread": {"dmean": 1.82007598877, "dmean2": 2.96099853516, "dvar": 14.2538013458, "dvar2": 35.0945510864, "max": 113.021537781, "mean": 5.00753879547, "median": 3.05627632141, "min": 0.247571751475, "var": 91.3352737427}, "dissonance": {"dmean": 0.0456460043788, "dmean2": 0.0760581195354, "dvar": 0.00163268728647, "dvar2": 0.00419979169965, "max": 0.499999940395, "mean": 0.374302357435, "median": 0.381248116493, "min": 0.0932104662061, "var": 0.00396186159924}, "dynamic_complexity": 3.91473960876, "erbbands_crest": {"dmean": 2.65529942513, "dmean2": 4.11444330215, "dvar": 7.20079946518, "dvar2": 17.7057514191, "max": 34.381439209, "mean": 15.2206106186, "median": 14.1812887192, "min": 3.23845458031, "var": 28.2222805023}, "erbbands_flatness_db": {"dmean": 0.0327444449067, "dmean2": 0.0473687462509, "dvar": 0.00121371564455, "dvar2": 0.00279639638029, "max": 0.579295575619, "mean": 0.306582212448, "median": 0.311306923628, "min": 0.0668089911342, "var": 0.0049489531666}, "erbbands_kurtosis": {"dmean": 6.19177675247, "dmean2": 9.04124546051, "dvar": 209.966781616, "dvar2": 378.06552124, "max": 353.512237549, "mean": 11.0552377701, "median": 4.31473112106, "min": -1.95243299007, "var": 601.363647461}, "erbbands_skewness": {"dmean": 0.726807892323, "dmean2": 1.06094884872, "dvar": 0.906655609608, "dvar2": 1.90424013138, "max": 15.8053703308, "mean": 1.77700674534, "median": 1.44647359848, "min": -9.03007698059, "var": 3.76477646828}, "erbbands_spread": {"dmean": 5.72942686081, "dmean2": 9.39774894714, "dvar": 119.992378235, "dvar2": 305.436889648, "max": 184.098510742, "mean": 14.0115041733, "median": 10.0535135269, "min": 0.726356804371, "var": 235.682601929}, "hfc": {"dmean": 2.37677288055, "dmean2": 3.24950528145, "dvar": 9.96493053436, "dvar2": 18.4654159546, "max": 65.6027984619, "mean": 8.81182098389, "median": 7.21231985092, "min": 1.18005559717e-16, "var": 53.9030952454}, "melbands_crest": {"dmean": 2.42397618294, "dmean2": 3.82586574554, "dvar": 5.39386320114, "dvar2": 12.8319234848, "max": 33.5850448608, "mean": 15.1561784744, "median": 14.3870391846, "min": 2.49014139175, "var": 22.0032310486}, "melbands_flatness_db": {"dmean": 0.0393500253558, "dmean2": 0.0587933473289, "dvar": 0.00177201838233, "dvar2": 0.00406752899289, "max": 0.786252319813, "mean": 0.436114162207, "median": 0.433974921703, "min": 0.00844163168222, "var": 0.00772126158699}, "melbands_kurtosis": {"dmean": 16.9979915619, "dmean2": 25.860622406, "dvar": 2370.86865234, "dvar2": 5128.58691406, "max": 1120.44775391, "mean": 32.2612419128, "median": 7.17223358154, "min": -1.97048854828, "var": 7580.86279297}, "melbands_skewness": {"dmean": 0.91913497448, "dmean2": 1.39050257206, "dvar": 2.05163836479, "dvar2": 4.49969959259, "max": 23.8163414001, "mean": 2.45580983162, "median": 1.71289253235, "min": -1.54854893684, "var": 8.03496837616}, "melbands_spread": {"dmean": 1.83384096622, "dmean2": 2.86471390724, "dvar": 22.7669677734, "dvar2": 59.4386177063, "max": 135.196563721, "mean": 5.59359025955, "median": 4.04806137085, "min": 0.238630324602, "var": 47.2199172974}, "pitch_salience": {"dmean": 0.0618847608566, "dmean2": 0.0966004058719, "dvar": 0.00358693324961, "dvar2": 0.00837253872305, "max": 0.851192414761, "mean": 0.497393220663, "median": 0.510336995125, "min": 0.0285955257714, "var": 0.0184832569212}, "silence_rate_20dB": {"dmean": 0, "dmean2": 0, "dvar": 0, "dvar2": 0, "max": 1, "mean": 1, "median": 1, "min": 1, "var": 0}, "silence_rate_30dB": {"dmean": 0.00222277105786, "dmean2": 0.00444609113038, "dvar": 0.00221783551387, "dvar2": 0.00541384611279, "max": 1, "mean": 0.997654020786, "median": 1, "min": 0, "var": 0.0023406224791}, "silence_rate_60dB": {"dmean": 0.0246974565089, "dmean2": 0.049401011318, "dvar": 0.0240879021585, "dvar2": 0.0526423789561, "max": 1, "mean": 0.0765526592731, "median": 0, "min": 0, "var": 0.0706916227937}, "spectral_centroid": {"dmean": 70.1148071289, "dmean2": 112.031486511, "dvar": 29684.5976562, "dvar2": 67645.7265625, "max": 10906.7890625, "mean": 392.002258301, "median": 343.772796631, "min": 158.527130127, "var": 71579.484375}, "spectral_complexity": {"dmean": 0.9940726161, "dmean2": 1.67024827003, "dvar": 1.03059589863, "dvar2": 2.43959093094, "max": 15, "mean": 6.91702699661, "median": 7, "min": 0, "var": 8.48844528198}, "spectral_decrease": {"dmean": 2.04949257565e-09, "dmean2": 2.95176660892e-09, "dvar": 7.36011495133e-18, "dvar2": 1.54490868645e-17, "max": 2.68382204049e-16, "mean": -6.74581857041e-09, "median": -5.52832224443e-09, "min": -3.80931304278e-08, "var": 2.81271219857e-17}, "spectral_energy": {"dmean": 0.0079264016822, "dmean2": 0.0113891744986, "dvar": 0.000109403787064, "dvar2": 0.000228918695939, "max": 0.149514853954, "mean": 0.0262594725937, "median": 0.0215127225965, "min": 1.06220807008e-20, "var": 0.000424738798756}, "spectral_energyband_high": {"dmean": 2.49581516982e-05, "dmean2": 4.10967149946e-05, "dvar": 4.7725139396e-09, "dvar2": 1.13894520481e-08, "max": 0.00328340893611, "mean": 2.28177705139e-05, "median": 2.31573562814e-06, "min": 8.01666937417e-21, "var": 5.33465804864e-09}, "spectral_energyband_low": {"dmean": 0.00122770608868, "dmean2": 0.00206659873948, "dvar": 4.03845433539e-06, "dvar2": 1.06564039015e-05, "max": 0.0244964640588, "mean": 0.00192615948617, "median": 0.00133185787126, "min": 2.60833481987e-23, "var": 5.2423656598e-06}, "spectral_energyband_middle_high": {"dmean": 0.00057254882995, "dmean2": 0.000751419342123, "dvar": 2.79746427623e-06, "dvar2": 4.77347339256e-06, "max": 0.043537825346, "mean": 0.0011867613066, "median": 0.000231384095969, "min": 1.26433001626e-21, "var": 8.36352865008e-06}, "spectral_energyband_middle_low": {"dmean": 0.00735407276079, "dmean2": 0.0106431487948, "dvar": 0.000100997684058, "dvar2": 0.00021457875846, "max": 0.125139892101, "mean": 0.0237895045429, "median": 0.0190681032836, "min": 3.85149182205e-22, "var": 0.000376164214686}, "spectral_entropy": {"dmean": 0.34956151247, "dmean2": 0.53436088562, "dvar": 0.169463664293, "dvar2": 0.393422394991, "max": 9.81388473511, "mean": 5.54056024551, "median": 5.44526910782, "min": 3.39897823334, "var": 0.495186835527}, "spectral_flux": {"dmean": 0.0238879695535, "dmean2": 0.0380858927965, "dvar": 0.000806746596936, "dvar2": 0.00203809025697, "max": 0.331177175045, "mean": 0.0531698688865, "median": 0.0448301285505, "min": 1.0306348136e-10, "var": 0.00129927205853}, "spectral_kurtosis": {"dmean": 21.4698543549, "dmean2": 34.824962616, "dvar": 1061.08813477, "dvar2": 3146.34082031, "max": 870.147766113, "mean": 50.6006469727, "median": 35.8183708191, "min": -1.17677354813, "var": 3095.13378906}, "spectral_rms": {"dmean": 0.000732770713512, "dmean2": 0.00102706800681, "dvar": 7.01048236351e-07, "dvar2": 1.32990965085e-06, "max": 0.012077588588, "mean": 0.00463098753244, "median": 0.00458126841113, "min": 3.21916213304e-12, "var": 4.17284763898e-06}, "spectral_rolloff": {"dmean": 105.827209473, "dmean2": 190.654495239, "dvar": 207021.40625, "dvar2": 519470.9375, "max": 19487.5488281, "mean": 670.547485352, "median": 409.130859375, "min": 86.1328125, "var": 3230020.25}, "spectral_skewness": {"dmean": 1.27151167393, "dmean2": 2.02204942703, "dvar": 1.5430918932, "dvar2": 3.88166093826, "max": 25.1733722687, "mean": 5.2014298439, "median": 4.8428440094, "min": -0.00401255814359, "var": 6.33546638489}, "spectral_spread": {"dmean": 902686.625, "dmean2": 1417872.625, "dvar": 1492677427200.0, "dvar2": 3274561028100.0, "max": 39641460, "mean": 2587943.25, "median": 1906897.125, "min": 153911.8125, "var": 4719471755260.0}, "spectral_strongpeak": {"dmean": 0.379265874624, "dmean2": 0.623294770718, "dvar": 0.349026501179, "dvar2": 0.886203169823, "max": 8.72987174988, "mean": 1.06572079659, "median": 0.924862205982, "min": 0, "var": 0.76188904047}, "zerocrossingrate": {"dmean": 0.00438488367945, "dmean2": 0.00587360654026, "dvar": 7.03610348864e-05, "dvar2": 9.28286317503e-05, "max": 0.671875, "mean": 0.0253012757748, "median": 0.01806640625, "min": 0.0029296875, "var": 0.0019858868327}, "barkbands": {"dmean": [2.5364333851e-06, 0.000648839224596, 0.000189174243133, 0.00290474481881, 0.00390176218934, 0.00163346622139, 0.000594534678385, 0.000236236810451, 0.000434749788838, 0.000132590954308, 4.59279217466e-05, 0.000178611633601, 0.000132788904011, 3.34708747687e-05, 1.63585100381e-05, 9.95090886136e-06, 0.000121239492728, 1.84062344033e-06, 1.2733045196e-06, 2.23662846111e-06, 3.31178057422e-06, 2.32062188843e-06, 3.28552664541e-06, 5.84634881307e-06, 4.5081924327e-06, 4.19184971179e-06, 1.24949553992e-06], "dmean2": [3.6078076846e-06, 0.00104671588633, 0.000333820236847, 0.00436833081767, 0.00588093558326, 0.00241805193946, 0.000789453857578, 0.000308991875499, 0.000443520169938, 0.000158927738084, 5.07863223902e-05, 0.000218432760448, 0.000149275903823, 4.6253837354e-05, 2.28070657613e-05, 1.4821478544e-05, 0.000224143252126, 3.17776971315e-06, 2.03405215871e-06, 3.91257754018e-06, 5.83034579904e-06, 3.75935610464e-06, 5.36675497642e-06, 1.03792017399e-05, 7.47561625758e-06, 6.68009852234e-06, 2.20798324335e-06], "dvar": [1.51319807379e-11, 2.68279336524e-06, 1.52703464096e-07, 2.23911993089e-05, 3.85817766073e-05, 5.70162910662e-06, 1.40355484746e-06, 5.02356954257e-07, 9.71420718088e-07, 2.29000463037e-07, 1.13007850189e-07, 1.63408799381e-06, 6.14563361978e-07, 1.13974408578e-07, 3.64414409759e-09, 6.89863333125e-10, 2.34660049614e-07, 1.56439670246e-11, 1.40121343348e-11, 2.4499758125e-11, 8.55729653804e-11, 3.94628218991e-11, 7.97712104705e-11, 4.51756937414e-10, 1.84460252628e-10, 6.86684542561e-10, 7.89690951519e-11], "dvar2": [3.75992535717e-11, 7.01078033671e-06, 4.03734162546e-07, 4.75461274618e-05, 8.93783362699e-05, 1.50831992869e-05, 2.47634739026e-06, 7.73106989982e-07, 9.50083460793e-07, 3.13693021781e-07, 1.33840217131e-07, 3.02097214444e-06, 6.93239257998e-07, 1.67307064203e-07, 7.66161800669e-09, 1.55622048581e-09, 6.6720065206e-07, 4.28995519663e-11, 2.52721472221e-11, 6.39661518198e-11, 2.04073827281e-10, 8.26799531617e-11, 1.76573713984e-10, 1.25834120901e-09, 4.77871076043e-10, 1.67459079936e-09, 1.8400743429e-10], "max": [5.63512949157e-05, 0.0170931965113, 0.00703639537096, 0.0559014603496, 0.099220149219, 0.0592688396573, 0.0391300395131, 0.0365007519722, 0.0329606086016, 0.0120212733746, 0.0217209290713, 0.0433887764812, 0.026618912816, 0.0149776926264, 0.00187061715405, 0.000834145408589, 0.00319610675797, 7.12160108378e-05, 0.000173389911652, 5.92470969423e-05, 0.000258751388174, 0.000303910666844, 0.000413540081354, 0.000314235978294, 0.000303345470456, 0.00201054173522, 0.000564160116483], "mean": [6.29224132354e-06, 0.0010900645284, 0.000187424986507, 0.00469139451161, 0.00977579411119, 0.00509261293337, 0.00198636157438, 0.000816622108687, 0.00136395916343, 0.000260169123067, 0.000155675588758, 0.000376025971491, 0.000248231837759, 5.76394741074e-05, 2.92735221592e-05, 1.57476570166e-05, 7.8272591054e-05, 2.26784663937e-06, 1.75864613539e-06, 2.41300540438e-06, 2.99795010505e-06, 2.28712974604e-06, 3.02005241792e-06, 4.63434889753e-06, 3.9743108573e-06, 3.72491876988e-06, 9.15370890198e-07], "median": [3.81439917874e-06, 0.000130786938826, 5.05839343532e-05, 0.00129998545162, 0.00633129663765, 0.00335165648721, 0.000391956913518, 0.000176091300091, 0.00017052477051, 1.46338543345e-05, 5.1835195336e-06, 6.47592059977e-06, 1.73590924533e-05, 3.42499083672e-06, 3.66798212781e-06, 3.4581755699e-06, 3.89772185372e-06, 8.93895219178e-07, 5.64402569125e-07, 4.77338176097e-07, 4.23253283088e-07, 3.16341498774e-07, 2.68313783636e-07, 2.30711677318e-07, 1.91892908674e-07, 5.62076785116e-08, 1.04551576285e-08], "min": [1.61392184852e-23, 1.43323546699e-23, 1.49509947746e-24, 3.19417097209e-24, 1.30486858106e-22, 3.71062941094e-23, 7.79986851126e-23, 7.91657196249e-23, 5.4550627742e-23, 2.42612404352e-23, 4.44859111729e-23, 6.06390120323e-23, 1.33376575509e-22, 5.38530853752e-23, 1.53536767911e-22, 7.43448770371e-23, 2.33699828602e-22, 2.12578323989e-22, 1.41607853116e-22, 5.06179049562e-22, 4.39161718458e-22, 4.76204910005e-22, 6.27838970657e-22, 9.30877173716e-22, 1.04897578541e-21, 1.96089202463e-21, 2.3814953927e-21], "var": [4.91682597414e-11, 3.64747916137e-06, 1.47789208427e-07, 4.9738191592e-05, 0.00010704381566, 3.09097013087e-05, 1.29641975946e-05, 5.87091153648e-06, 1.2419279301e-05, 8.61157843701e-07, 1.06749018869e-06, 4.02399109589e-06, 2.07987227441e-06, 2.19456765649e-07, 9.73055236386e-09, 1.66238134369e-09, 1.37487148777e-07, 1.81544640432e-11, 3.2748401213e-11, 3.02887576131e-11, 1.35048083827e-10, 6.27811622134e-11, 1.05255477945e-10, 3.15373754889e-10, 1.64719682338e-10, 7.64782126517e-10, 7.80389711186e-11]}, "erbbands": {"dmean": [0.0104709733278, 0.170322462916, 0.299640089273, 3.76211953163, 18.370475769, 9.72829723358, 10.5286159515, 13.4348154068, 9.60281658173, 5.87918806076, 6.25490808487, 8.53018856049, 6.42056894302, 3.59598946571, 3.04735279083, 6.97140407562, 7.06688022614, 1.97673261166, 0.881148278713, 0.734692692757, 1.28603327274, 8.00251579285, 0.51364004612, 0.0879013687372, 0.071231752634, 0.105757303536, 0.151603519917, 0.10561478138, 0.0625448897481, 0.0951784402132, 0.110301077366, 0.0481569804251, 0.129500776529, 0.0605637058616, 0.0330008938909, 0.0122135356069, 0.0105281705037, 0.00185970810708, 0.000279982690699, 1.47786595335e-05], "dmean2": [0.0161882340908, 0.275248169899, 0.51345705986, 5.85358810425, 27.9078006744, 14.3104391098, 15.1130590439, 19.849193573, 12.4880161285, 8.40891647339, 7.35867547989, 8.88131141663, 6.85776519775, 4.32255649567, 3.64465355873, 8.55051803589, 7.84609746933, 2.65642547607, 1.25332474709, 1.00313591957, 2.16979146004, 14.8074655533, 0.921768605709, 0.147758498788, 0.113009922206, 0.185062393546, 0.266391456127, 0.188703507185, 0.102522455156, 0.157831370831, 0.176835983992, 0.0795980915427, 0.231283560395, 0.100372731686, 0.056190919131, 0.0208236146718, 0.0168603714556, 0.0030009127222, 0.000493925879709, 2.31466474361e-05], "dvar": [0.00072481011739, 0.179476127028, 0.317793101072, 37.2076530457, 860.014709473, 406.005645752, 248.587921143, 416.307098389, 377.114196777, 141.417037964, 306.795959473, 406.678985596, 323.280914307, 194.326202393, 466.842193604, 2194.23022461, 1584.24108887, 373.710632324, 11.7637481689, 5.72664165497, 13.9600925446, 1033.28076172, 3.38050341606, 0.0325271300972, 0.0550143495202, 0.0552422553301, 0.221915826201, 0.0651739835739, 0.0369116254151, 0.0595304183662, 0.0948178321123, 0.0290553439409, 0.266839802265, 0.0372234769166, 0.0140761239454, 0.0307279508561, 0.00155485922005, 6.77987118252e-05, 2.50797438639e-06, 1.50950707489e-09], "dvar2": [0.00187979394104, 0.468424320221, 0.856959342957, 84.4190750122, 1941.3416748, 909.722167969, 543.708129883, 1108.22424316, 643.508728027, 299.167999268, 408.66305542, 411.801300049, 344.931945801, 329.779815674, 780.91229248, 4223.58203125, 1776.11987305, 525.189453125, 24.3771190643, 9.32842159271, 38.3673820496, 2936.38452148, 9.51476955414, 0.083916656673, 0.0936126708984, 0.143825784326, 0.545221805573, 0.162176802754, 0.0628322809935, 0.144851535559, 0.214239194989, 0.0629509687424, 0.747926771641, 0.0939158946276, 0.0353861600161, 0.0790594294667, 0.00383286201395, 0.000154151493916, 6.21760636932e-06, 3.74998387898e-09], "max": [0.24248559773, 4.57913780212, 8.02026081085, 72.6417770386, 341.231964111, 427.825775146, 478.79196167, 453.926879883, 663.862731934, 387.619110107, 983.178649902, 815.686706543, 564.998413086, 437.01651001, 844.560974121, 1797.16137695, 1340.43652344, 876.684753418, 112.052146912, 108.520751953, 48.1528625488, 212.41569519, 13.7050170898, 2.75863075256, 12.4288129807, 3.46527695656, 7.77169752121, 7.59689760208, 14.42253685, 5.39384078979, 10.3493862152, 9.96899223328, 8.26973056793, 4.72564744949, 4.90833282471, 14.3416881561, 1.11441266537, 0.44964581728, 0.0826071053743, 0.0017910375027], "mean": [0.0183454938233, 0.28723192215, 0.407974809408, 6.07838916779, 31.8170471191, 30.8521671295, 35.4998397827, 40.8826904297, 31.3265113831, 21.7725563049, 23.1670227051, 27.4043216705, 16.1691589355, 7.6199798584, 8.1796503067, 13.9233236313, 14.2371463776, 3.58185362816, 1.65692543983, 1.36080121994, 1.41605603695, 5.14099550247, 0.410261720419, 0.112408258021, 0.103634640574, 0.109469346702, 0.136607021093, 0.0941197872162, 0.0639235526323, 0.0836223885417, 0.104633927345, 0.0466330125928, 0.0977295562625, 0.0540575012565, 0.0277344733477, 0.0103580551222, 0.00908429548144, 0.00161262974143, 0.000210339538171, 3.50668669853e-05], "median": [0.00199027056806, 0.0405137054622, 0.259992152452, 1.88213145733, 12.1981277466, 17.5333595276, 25.2323989868, 25.1850013733, 9.92927646637, 6.85328531265, 5.5402803421, 4.31734466553, 1.76955664158, 0.780664920807, 0.558726847172, 0.574553489685, 0.996386170387, 0.415811032057, 0.277280956507, 0.252292454243, 0.282764732838, 0.266654610634, 0.0800688564777, 0.0433537773788, 0.0267073567957, 0.0244964901358, 0.0197728574276, 0.0149721121415, 0.0109256803989, 0.00855981186032, 0.00824428163469, 0.00408967165276, 0.00391913019121, 0.00264868861996, 0.00111399346497, 0.000250605866313, 0.000126871236716, 2.08895653486e-05, 1.6364880139e-05, 2.69945558102e-05], "min": [2.95833643697e-22, 3.80767472609e-21, 3.15516149898e-21, 7.56695130841e-21, 1.01374150619e-19, 4.65893505095e-19, 6.42864040862e-19, 3.60568339205e-19, 1.19636910432e-18, 1.37637084344e-18, 1.3031749752e-18, 1.37042786093e-18, 7.95685090345e-19, 1.0000986871e-18, 2.27985204326e-18, 2.74209359765e-18, 5.34788933705e-18, 3.74481620505e-18, 4.65437118532e-18, 7.89527599224e-18, 5.24494588264e-18, 1.38577237149e-17, 8.7408580647e-18, 9.78955681811e-18, 8.84414397188e-18, 2.72978419888e-17, 1.70116393134e-17, 1.84124117782e-17, 1.60487928086e-17, 1.90323108554e-17, 2.00916926464e-17, 2.40068245124e-17, 1.20682814142e-17, 8.3983027207e-18, 9.53369248386e-18, 7.77474502364e-18, 3.24486989719e-18, 1.25684655365e-18, 3.47100158622e-19, 3.64807297339e-20], "var": [0.00101725081913, 0.245142921805, 0.321630060673, 76.2796554565, 1807.24304199, 1586.69384766, 1386.68066406, 2142.6340332, 3088.20556641, 1941.93017578, 4476.01318359, 5558.24707031, 2212.99780273, 649.469299316, 1772.30322266, 4835.94384766, 5618.32519531, 776.794189453, 35.5580749512, 22.0656776428, 13.4082975388, 605.087341309, 2.12740826607, 0.0398715622723, 0.14543171227, 0.0616486519575, 0.253134191036, 0.0974683761597, 0.0830749645829, 0.057503733784, 0.115037590265, 0.042289249599, 0.178574189544, 0.0348873920739, 0.0141559960321, 0.0322494581342, 0.00146022532135, 7.05249694875e-05, 2.20909419113e-06, 1.85160142774e-09]}, "gfcc": {"mean": [-157.253616333, 164.076705933, -66.5071411133, -4.37356996536, -59.9216957092, -17.4261074066, -53.4043006897, -18.7794075012, -21.8683204651, -13.0757484436, -15.6129007339, -9.10298442841, -4.10557985306], "cov": [[12464.1806641, 1044.52099609, -1138.62438965, -404.580352783, -226.009399414, 389.235626221, -369.845458984, 202.962173462, -196.820098877, 91.935333252, -35.2911338806, 175.212554932, -166.949523926], [1044.52099609, 3086.56787109, -533.013000488, -475.03036499, 526.877380371, -244.843505859, 452.183349609, 9.8397064209, 460.876800537, 11.2937116623, 413.93081665, -90.4401016235, 264.030670166], [-1138.62438965, -533.013000488, 1045.47167969, 429.475585938, -41.4606399536, 68.7906799316, -45.4458503723, -88.9433822632, -34.665271759, 61.7460632324, -40.8604660034, 9.79053020477, -32.8992042542], [-404.580352783, -475.03036499, 429.475585938, 953.338745117, 156.669082642, 67.9384002686, 2.91618061066, -48.3723487854, -71.4713287354, 8.76003456116, -49.3333091736, -56.9679031372, 26.4264373779], [-226.009399414, 526.877380371, -41.4606399536, 156.669082642, 378.557312012, 33.126373291, 139.163360596, 47.3738632202, 126.005256653, -6.17446374893, 88.4815368652, 1.4894105196, 101.264762878], [389.235626221, -244.843505859, 68.7906799316, 67.9384002686, 33.126373291, 273.152252197, 54.080493927, 50.884223938, -39.4354248047, 44.2185897827, -24.7003669739, 20.1772346497, -6.53267383575], [-369.845458984, 452.183349609, -45.4458503723, 2.91618061066, 139.163360596, 54.080493927, 297.861358643, 74.5277938843, 94.4508514404, 17.4725189209, 89.2479019165, -8.74437999725, 71.922668457], [202.962173462, 9.8397064209, -88.9433822632, -48.3723487854, 47.3738632202, 50.884223938, 74.5277938843, 231.651855469, 121.596008301, 3.1254503727, -17.9094562531, 67.090057373, 48.4972496033], [-196.820098877, 460.876800537, -34.665271759, -71.4713287354, 126.005256653, -39.4354248047, 94.4508514404, 121.596008301, 272.955383301, 71.7725219727, 47.0848197937, -6.16012334824, 72.5854568481], [91.935333252, 11.2937116623, 61.7460632324, 8.76003456116, -6.17446374893, 44.2185897827, 17.4725189209, 3.1254503727, 71.7725219727, 184.080978394, 107.367797852, 12.3127851486, -32.4176597595], [-35.2911338806, 413.93081665, -40.8604660034, -49.3333091736, 88.4815368652, -24.7003669739, 89.2479019165, -17.9094562531, 47.0848197937, 107.367797852, 269.533447266, 75.8912200928, -2.12218904495], [175.212554932, -90.4401016235, 9.79053020477, -56.9679031372, 1.4894105196, 20.1772346497, -8.74437999725, 67.090057373, -6.16012334824, 12.3127851486, 75.8912200928, 174.505874634, 32.1099433899], [-166.949523926, 264.030670166, -32.8992042542, 26.4264373779, 101.264762878, -6.53267383575, 71.922668457, 48.4972496033, 72.5854568481, -32.4176597595, -2.12218904495, 32.1099433899, 198.634170532]], "icov": [[0.000211410122574, -0.0004953983007, 0.000217577471631, -0.000260448898189, 0.000348050787579, -0.000515664170962, 0.000626727414783, -0.000475850014482, 0.000632022798527, -0.000578041595872, 0.000662033562548, -0.000589769042563, 0.00037884505582], [-0.0004953983007, 0.00239053554833, -0.000339668709785, 0.00115848181304, -0.00148871680722, 0.00149118516129, -0.00208267080598, 0.00194145005662, -0.00296494388022, 0.0025814184919, -0.00339253805578, 0.00261918269098, -0.00167113449425], [0.000217577471631, -0.000339668709785, 0.00168061046861, -0.000951899797656, 0.000800063484348, -0.000889636867214, 0.000321469327901, 0.000883303349838, -0.000534750521183, -0.000572286196984, 0.00100409099832, -0.00155898218509, 0.000634923228063], [-0.000260448898189, 0.00115848181304, -0.000951899797656, 0.00234277779236, -0.0021199027542, 0.00117567530833, -0.000888359267265, 0.000157209913596, 0.000265922746621, 0.000210955986404, -0.0011790554272, 0.00219564046711, -0.00125573261175], [0.000348050787579, -0.00148871680722, 0.000800063484348, -0.0021199027542, 0.00662885466591, -0.00303291575983, 0.000960447126999, -7.2293485573e-05, -0.00191869377159, 0.00190420052968, -0.000744134536944, -0.00138563255314, 0.000104588245449], [-0.000515664170962, 0.00149118516129, -0.000889636867214, 0.00117567530833, -0.00303291575983, 0.0075935414061, -0.0033365264535, -0.000848297495395, 0.00218902644701, -0.00278699095361, 0.000874560384545, 0.00109595782124, -0.000930728681851], [0.000626727414783, -0.00208267080598, 0.000321469327901, -0.000888359267265, 0.000960447126999, -0.0033365264535, 0.00815195776522, -0.00398878194392, 0.00214456743561, -0.000574990815949, -0.000785970070865, 0.000783680239692, -0.000123264981085], [-0.000475850014482, 0.00194145005662, 0.000883303349838, 0.000157209913596, -7.2293485573e-05, -0.000848297495395, -0.00398878194392, 0.0122881913558, -0.00880067329854, 0.00364614697173, 0.000446736987215, -0.00411649979651, 7.90838166722e-05], [0.000632022798527, -0.00296494388022, -0.000534750521183, 0.000265922746621, -0.00191869377159, 0.00218902644701, 0.00214456743561, -0.00880067329854, 0.0152519522235, -0.00972063653171, 0.00529075274244, 0.000190040867892, -0.000363336061127], [-0.000578041595872, 0.0025814184919, -0.000572286196984, 0.000210955986404, 0.00190420052968, -0.00278699095361, -0.000574990815949, 0.00364614697173, -0.00972063653171, 0.0159414950758, -0.0103124687448, 0.00398222962394, -0.000384523882531], [0.000662033562548, -0.00339253805578, 0.00100409099832, -0.0011790554272, -0.000744134536944, 0.000874560384545, -0.000785970070865, 0.000446736987215, 0.00529075274244, -0.0103124687448, 0.0155217647552, -0.009760402143, 0.00409995904192], [-0.000589769042563, 0.00261918269098, -0.00155898218509, 0.00219564046711, -0.00138563255314, 0.00109595782124, 0.000783680239692, -0.00411649979651, 0.000190040867892, 0.00398222962394, -0.009760402143, 0.01488048397, -0.00499306432903], [0.00037884505582, -0.00167113449425, 0.000634923228063, -0.00125573261175, 0.000104588245449, -0.000930728681851, -0.000123264981085, 7.90838166722e-05, -0.000363336061127, -0.000384523882531, 0.00409995904192, -0.00499306432903, 0.00870870333165]]}, "melbands": {"dmean": [0.000144939083839, 0.00017720721371, 0.00125410489272, 0.000989693100564, 0.000350712769432, 0.000299609877402, 0.000137939219712, 5.94967204961e-05, 5.62925779377e-05, 5.4677548178e-05, 3.21152037941e-05, 1.55047873704e-05, 8.68844017532e-06, 1.77741803782e-05, 2.20681740757e-05, 9.16167937248e-06, 3.07416485157e-06, 1.37198776429e-06, 1.03214028968e-06, 7.47372325804e-07, 1.06918253096e-06, 1.06839142973e-05, 8.84782878074e-07, 9.40644895309e-08, 6.11595325495e-08, 4.53780160115e-08, 5.79855807814e-08, 7.45344621578e-08, 9.21173253232e-08, 9.14011621944e-08, 5.23615888426e-08, 3.36142775836e-08, 5.12847755374e-08, 4.71974210825e-08, 7.60355263196e-08, 3.22904298855e-08, 2.74909268683e-08, 6.47583178193e-08, 1.13985798578e-07, 3.79217723889e-08], "dmean2": [0.000226982228924, 0.00029947530129, 0.0018908054335, 0.00149471941404, 0.000501346657984, 0.00044335151324, 0.000180542847374, 8.41662113089e-05, 6.29042842775e-05, 5.68662289879e-05, 3.43815881934e-05, 1.85700700968e-05, 9.94817582978e-06, 2.2437710868e-05, 2.49179502134e-05, 1.05896151581e-05, 4.27084069088e-06, 1.94631525119e-06, 1.45610613345e-06, 1.03740637769e-06, 1.76500634552e-06, 1.98007910512e-05, 1.58671787176e-06, 1.61057400305e-07, 1.03032135712e-07, 7.09206844363e-08, 9.49802867467e-08, 1.32656651886e-07, 1.64847051565e-07, 1.57502611842e-07, 9.46718117234e-08, 5.71611309397e-08, 8.12101248471e-08, 8.07868403285e-08, 1.19743774007e-07, 5.40779474534e-08, 4.65812242112e-08, 1.16211090528e-07, 2.02671984084e-07, 6.05331607062e-08], "dvar": [1.35647098887e-07, 1.60774263236e-07, 4.04999173043e-06, 2.57878537013e-06, 2.88482056021e-07, 1.96999664581e-07, 7.0424547971e-08, 1.54214845338e-08, 2.18814122377e-08, 1.54503840832e-08, 8.45871817035e-09, 3.80817111179e-09, 3.28904437019e-09, 2.62946393548e-08, 1.09461604225e-08, 3.08843328689e-09, 1.08005282495e-09, 2.87187079673e-11, 1.17706244057e-11, 6.11666359923e-12, 8.21237782639e-12, 1.85495230287e-09, 1.06142412568e-11, 4.05699745445e-14, 1.6205617306e-14, 2.49398195645e-14, 2.4049437165e-14, 3.07790664971e-14, 7.37695427205e-14, 1.04090252585e-13, 1.51365007903e-14, 1.58738412768e-14, 2.22973732306e-14, 1.43006368195e-14, 4.52338429842e-14, 2.57017748284e-14, 1.28082884332e-14, 6.23193648921e-14, 2.11849499531e-13, 2.11539075509e-14], "dvar2": [3.50096996726e-07, 4.27500850719e-07, 8.62521301315e-06, 5.95820756644e-06, 6.00176974785e-07, 5.23124242591e-07, 1.2262069049e-07, 3.03246991962e-08, 2.48257112645e-08, 1.58438968612e-08, 8.94636098536e-09, 6.3066334377e-09, 4.47791181912e-09, 4.92091025706e-08, 1.50210155425e-08, 3.59405416539e-09, 1.52382861884e-09, 5.54503110095e-11, 2.49075777364e-11, 1.12167176589e-11, 2.12527998672e-11, 5.2741837564e-09, 2.9805217322e-11, 1.07888355097e-13, 4.08222514494e-14, 4.32053989753e-14, 4.80564752488e-14, 8.16526140863e-14, 1.86255633312e-13, 2.22723762718e-13, 3.91639269571e-14, 2.8336218395e-14, 5.01552026636e-14, 3.68126210938e-14, 1.04455892991e-13, 4.3681028304e-14, 3.10575234963e-14, 1.74234094492e-13, 5.92580780452e-13, 5.00641466217e-14], "max": [0.00363980839029, 0.00517849903554, 0.0222457908094, 0.0272195357829, 0.0128768403083, 0.0098245088011, 0.00867312122136, 0.00395573675632, 0.00771885225549, 0.00438484828919, 0.002852269914, 0.00193978042807, 0.00313320197165, 0.0061483355239, 0.00242474651895, 0.00171246286482, 0.00148498802446, 0.00017077200755, 8.95966077223e-05, 0.000102558660728, 5.02855909872e-05, 0.000283119647065, 2.25289095397e-05, 4.90029469802e-06, 2.57760916611e-06, 7.73133706389e-06, 4.9460709306e-06, 2.58188765656e-06, 4.454797363e-06, 1.37030165206e-05, 3.31283695232e-06, 8.90180126589e-06, 4.72985448141e-06, 2.69730981017e-06, 3.33327739099e-06, 1.35538875838e-05, 3.28719011122e-06, 4.42820055468e-06, 5.54435928279e-06, 6.04801971349e-06], "mean": [0.00025427644141, 0.000258874206338, 0.00207978021353, 0.0022665548604, 0.00129261892289, 0.000933620205615, 0.00044991725008, 0.000213837382034, 0.000205802643904, 0.000168407597812, 7.85358715802e-05, 3.11086259899e-05, 2.71866192634e-05, 3.28906899085e-05, 4.80811031593e-05, 1.71685696841e-05, 5.31871774001e-06, 2.60365959548e-06, 1.79097889941e-06, 1.35054744987e-06, 1.29411364469e-06, 6.76491845297e-06, 6.71388193041e-07, 1.15946235724e-07, 7.95511141405e-08, 6.24703062613e-08, 8.08000635288e-08, 7.04003184637e-08, 7.62180647484e-08, 9.30644930008e-08, 4.20301944359e-08, 3.31274172538e-08, 4.9470909147e-08, 3.88161147669e-08, 7.21450277297e-08, 3.10804324499e-08, 2.58973518186e-08, 4.77817785338e-08, 8.79871819848e-08, 3.75765125682e-08], "median": [2.78973238892e-05, 6.52232411085e-05, 0.000658159318846, 0.00130259129219, 0.000918757286854, 0.000588323979173, 0.000138762887218, 6.01723804721e-05, 3.9970051148e-05, 2.23924835154e-05, 5.38681433682e-06, 1.63492472893e-06, 1.06647598841e-06, 8.30423630305e-07, 1.66026677562e-06, 1.28971771574e-06, 3.4473836763e-07, 1.93822472738e-07, 2.24097917112e-07, 2.65598941951e-07, 1.95803934844e-07, 2.63983224613e-07, 8.52029842235e-08, 3.69953596646e-08, 3.01858520402e-08, 1.77074106489e-08, 1.54978039291e-08, 1.56326702694e-08, 1.17065779293e-08, 1.01787778206e-08, 7.10013203786e-09, 5.18996312593e-09, 5.29467758525e-09, 3.83803433479e-09, 4.71058303475e-09, 3.10959014094e-09, 1.74923331375e-09, 2.28257790447e-09, 2.71434119625e-09, 1.93762428324e-09], "min": [5.07021966372e-24, 3.12472241901e-24, 2.49132410731e-24, 1.95221348813e-23, 2.45582844314e-23, 9.1039139633e-24, 1.61592224201e-23, 1.64097315114e-23, 9.60730582844e-24, 8.61248044062e-24, 3.95074715312e-24, 3.87750141807e-24, 7.1243692847e-24, 8.3030284513e-24, 8.13132498667e-24, 1.26338369556e-23, 6.28864018095e-24, 5.8498477409e-24, 1.33909801304e-23, 6.84700342384e-24, 5.46500313158e-24, 1.66628359551e-23, 7.56678377959e-24, 1.02490780959e-23, 7.56200012707e-24, 5.6738729889e-24, 7.91235928748e-24, 2.06934813073e-23, 1.01773777393e-23, 1.00014270476e-23, 1.07380298621e-23, 7.13104778113e-24, 1.23613407331e-23, 9.52037177896e-24, 1.02724725549e-23, 1.52359080621e-23, 1.36415412866e-23, 8.1790778927e-24, 7.72562328944e-24, 6.66191377851e-24], "var": [1.95046951035e-07, 1.88353837416e-07, 9.08042420633e-06, 6.60770456307e-06, 1.7796485281e-06, 1.0766369769e-06, 5.97205030317e-07, 1.96264778651e-07, 3.61475173349e-07, 1.91376656744e-07, 5.78143897201e-08, 1.22765220212e-08, 2.46146694138e-08, 5.49686873796e-08, 4.75746801953e-08, 1.00368229283e-08, 2.22559859431e-09, 1.13592205087e-10, 2.9904561466e-11, 2.05893375266e-11, 1.22419852033e-11, 1.08393083398e-09, 6.83486166969e-12, 6.47627296842e-14, 2.22002998667e-14, 6.02041880975e-14, 6.23898786909e-14, 2.94415235464e-14, 6.73745049551e-14, 2.7193324632e-13, 1.5922948859e-14, 3.58096087234e-14, 2.62202724946e-14, 1.2057457253e-14, 4.99471069972e-14, 5.16750474334e-14, 1.59601776511e-14, 4.1828970436e-14, 1.44392676526e-13, 2.30555727504e-14]}, "mfcc": {"mean": [-819.742919922, 199.519561768, 43.0606384277, 14.7343053818, 6.21741867065, -8.87771034241, -20.5081195831, -16.9127063751, -11.1080064774, -14.8877649307, -11.7771530151, -5.56729745865, -7.83126974106], "cov": [[6727.86962891, 1410.10375977, -575.569152832, -425.556610107, -248.525878906, -285.369720459, -133.070419312, -2.4571056366, 7.54026269913, -161.059448242, 179.178207397, 259.323120117, 189.250869751], [1410.10375977, 2820.22363281, -289.793426514, -227.0340271, -2.22567200661, -125.825927734, -24.7836990356, 79.3110275269, 75.1607208252, 107.841812134, 240.228118896, 269.548339844, 175.373458862], [-575.569152832, -289.793426514, 813.650817871, 223.867050171, 112.25428772, 171.07460022, 36.1700782776, -76.2061767578, -49.9427719116, -2.24052762985, -13.3783798218, -62.4498786926, 5.72250080109], [-425.556610107, -227.0340271, 223.867050171, 537.772399902, 200.401245117, 144.630020142, 90.6006240845, -3.17527890205, 41.2005996704, -6.89035749435, -38.8893089294, 31.9737968445, -42.6793861389], [-248.525878906, -2.22567200661, 112.25428772, 200.401245117, 283.42678833, 107.54309082, 38.9080924988, 43.2900619507, 84.7307739258, 39.3451576233, 30.0205535889, 7.54050540924, 13.3897619247], [-285.369720459, -125.825927734, 171.07460022, 144.630020142, 107.54309082, 220.336654663, 129.77583313, 1.32795262337, 25.1779613495, 47.7497291565, -1.29206347466, 2.47968935966, 13.9575815201], [-133.070419312, -24.7836990356, 36.1700782776, 90.6006240845, 38.9080924988, 129.77583313, 221.457046509, 94.7027359009, 28.6473655701, 30.8310928345, 9.57884216309, 36.0719451904, 56.420425415], [-2.4571056366, 79.3110275269, -76.2061767578, -3.17527890205, 43.2900619507, 1.32795262337, 94.7027359009, 209.409011841, 115.820075989, 36.791305542, 15.7231473923, -5.95712614059, 49.6236305237], [7.54026269913, 75.1607208252, -49.9427719116, 41.2005996704, 84.7307739258, 25.1779613495, 28.6473655701, 115.820075989, 255.229873657, 105.221984863, 27.2494411469, -47.5386123657, -17.4818668365], [-161.059448242, 107.841812134, -2.24052762985, -6.89035749435, 39.3451576233, 47.7497291565, 30.8310928345, 36.791305542, 105.221984863, 194.223495483, 82.434928894, -17.4929714203, -29.7719497681], [179.178207397, 240.228118896, -13.3783798218, -38.8893089294, 30.0205535889, -1.29206347466, 9.57884216309, 15.7231473923, 27.2494411469, 82.434928894, 216.190170288, 138.773803711, 72.2264938354], [259.323120117, 269.548339844, -62.4498786926, 31.9737968445, 7.54050540924, 2.47968935966, 36.0719451904, -5.95712614059, -47.5386123657, -17.4929714203, 138.773803711, 308.098724365, 120.586433411], [189.250869751, 175.373458862, 5.72250080109, -42.6793861389, 13.3897619247, 13.9575815201, 56.420425415, 49.6236305237, -17.4818668365, -29.7719497681, 72.2264938354, 120.586433411, 222.328857422]], "icov": [[0.000192580366274, -7.7564494859e-05, 7.43830969441e-05, 4.46944941359e-05, 0.000116257855552, 9.80465119937e-06, 5.45686407349e-06, 9.69164466369e-05, -0.000177316818736, 0.000321240717312, -0.000168987127836, -2.23481970352e-06, -4.15292051912e-05], [-7.7564494859e-05, 0.000474042870337, 2.00668000616e-05, 0.000133904293762, -0.000189008569578, 0.000272084784228, -2.21523696382e-05, -1.55575180543e-05, -1.99636542675e-05, -0.000387032370782, -7.14507777388e-08, -0.000316553312587, -0.000160999261425], [7.43830969441e-05, 2.00668000616e-05, 0.0018432829529, -0.000656597898342, 0.00010980321531, -0.00141516560689, 0.000640338170342, 0.000265470705926, 0.000472076644655, 0.000273374695098, -0.000736097572371, 0.000953912734985, -0.000596678582951], [4.46944941359e-05, 0.000133904293762, -0.000656597898342, 0.00363051518798, -0.00220965547487, 7.44908538763e-05, -0.00143533607479, 0.000725734746084, -0.000767381221522, 0.000597895530518, 0.00116309698205, -0.00158662023023, 0.0014032513136], [0.000116257855552, -0.000189008569578, 0.00010980321531, -0.00220965547487, 0.00675568822771, -0.00349372066557, 0.0027323749382, -0.00179541145917, -0.000989812426269, 0.000677700038068, -0.00157104013488, 0.000699804862961, -0.000713328714482], [9.80465119937e-06, 0.000272084784228, -0.00141516560689, 7.44908538763e-05, -0.00349372066557, 0.0129052903503, -0.0080959899351, 0.00461446400732, -0.000899678387213, -0.00255495659076, 0.00169672595803, -0.000370406283764, -0.00051061733393], [5.45686407349e-06, -2.21523696382e-05, 0.000640338170342, -0.00143533607479, 0.0027323749382, -0.0080959899351, 0.0122964978218, -0.00651287101209, 0.00187966285739, -0.000600076513365, 7.28449740564e-05, -0.000559380510822, -0.00125512806699], [9.69164466369e-05, -1.55575180543e-05, 0.000265470705926, 0.000725734746084, -0.00179541145917, 0.00461446400732, -0.00651287101209, 0.0108909280971, -0.00426337635145, 0.00026324132341, 0.000392189627746, 0.00074824236799, -0.00173060025554], [-0.000177316818736, -1.99636542675e-05, 0.000472076644655, -0.000767381221522, -0.000989812426269, -0.000899678387213, 0.00187966285739, -0.00426337635145, 0.00787910167128, -0.00336133106612, -1.97562676476e-05, 0.00101805105805, 0.000221567970584], [0.000321240717312, -0.000387032370782, 0.000273374695098, 0.000597895530518, 0.000677700038068, -0.00255495659076, -0.000600076513365, 0.00026324132341, -0.00336133106612, 0.0108428969979, -0.00544647173956, 0.00177183409687, 0.00234871055], [-0.000168987127836, -7.14507777388e-08, -0.000736097572371, 0.00116309698205, -0.00157104013488, 0.00169672595803, 7.28449740564e-05, 0.000392189627746, -1.97562676476e-05, -0.00544647173956, 0.0106736738235, -0.00467863818631, -0.00139258243144], [-2.23481970352e-06, -0.000316553312587, 0.000953912734985, -0.00158662023023, 0.000699804862961, -0.000370406283764, -0.000559380510822, 0.00074824236799, 0.00101805105805, 0.00177183409687, -0.00467863818631, 0.00716228084639, -0.00216890824959], [-4.15292051912e-05, -0.000160999261425, -0.000596678582951, 0.0014032513136, -0.000713328714482, -0.00051061733393, -0.00125512806699, -0.00173060025554, 0.000221567970584, 0.00234871055, -0.00139258243144, -0.00216890824959, 0.00768542615697]]}, "spectral_contrast_coeffs": {"dmean": [0.0487029887736, 0.0378751680255, 0.0375369787216, 0.0336734987795, 0.0257154088467, 0.0161490179598], "dmean2": [0.0769647657871, 0.0597850903869, 0.0558800883591, 0.0504851527512, 0.0420103296638, 0.0265246089548], "dvar": [0.00192241184413, 0.00107020081487, 0.00119475263637, 0.000882241583895, 0.000815004284959, 0.000234529914451], "dvar2": [0.00417392235249, 0.00270241172984, 0.00254386872984, 0.00187984306831, 0.00200883904472, 0.000556034094188], "max": [-0.185698956251, -0.33100259304, -0.352670252323, -0.441012531519, -0.642781257629, -0.657983422279], "mean": [-0.468489736319, -0.640185713768, -0.702920079231, -0.752244472504, -0.812766373158, -0.820615291595], "median": [-0.463129907846, -0.637586355209, -0.713322222233, -0.755144000053, -0.817549526691, -0.815991640091], "min": [-0.956576526165, -0.953822374344, -0.964058220387, -0.952511668205, -0.959809660912, -0.961155593395], "var": [0.0124874440953, 0.00835025403649, 0.0130433076993, 0.00697499327362, 0.0027188854292, 0.000988593441434]}, "spectral_contrast_valleys": {"dmean": [0.473268836737, 0.307115077972, 0.387853085995, 0.403141051531, 0.468339681625, 0.571780025959], "dmean2": [0.775119006634, 0.491924732924, 0.614014625549, 0.624508202076, 0.718857228756, 0.840298354626], "dvar": [0.226803123