{"lowlevel": {"average_loudness": 0.910472035408, "barkbands_crest": {"dmean": 2.40355014801, "dmean2": 3.78265476227, "dvar": 5.96344470978, "dvar2": 15.4008922577, "max": 23.1052398682, "mean": 12.0412311554, "median": 11.5682106018, "min": 2.71241021156, "var": 16.4427604675}, "barkbands_flatness_db": {"dmean": 0.030874742195, "dmean2": 0.0413904376328, "dvar": 0.000953014125116, "dvar2": 0.00192520476412, "max": 0.468335837126, "mean": 0.201595157385, "median": 0.197340607643, "min": 0.0300032626837, "var": 0.00546033447608}, "barkbands_kurtosis": {"dmean": 10.0491580963, "dmean2": 14.9873104095, "dvar": 276.559356689, "dvar2": 633.477172852, "max": 272.515075684, "mean": 19.9676799774, "median": 9.30140686035, "min": -1.9263831377, "var": 780.479736328}, "barkbands_skewness": {"dmean": 0.931780934334, "dmean2": 1.36881935596, "dvar": 1.15952062607, "dvar2": 2.65457725525, "max": 11.7822389603, "mean": 3.06717061996, "median": 2.73411560059, "min": -1.72421169281, "var": 4.1903758049}, "barkbands_spread": {"dmean": 4.93464517593, "dmean2": 7.14159870148, "dvar": 45.068145752, "dvar2": 91.6893081665, "max": 134.928283691, "mean": 13.9717283249, "median": 9.25439357758, "min": 0.38318130374, "var": 239.457839966}, "dissonance": {"dmean": 0.0218651741743, "dmean2": 0.0350105836987, "dvar": 0.000546368828509, "dvar2": 0.001313319779, "max": 0.500000059605, "mean": 0.451833665371, "median": 0.464019834995, "min": 0.195255637169, "var": 0.00161975354422}, "dynamic_complexity": 3.36557245255, "erbbands_crest": {"dmean": 2.75081586838, "dmean2": 4.12163257599, "dvar": 8.41488552094, "dvar2": 17.3572750092, "max": 31.3096046448, "mean": 11.4779882431, "median": 10.1177368164, "min": 2.61866760254, "var": 32.0986366272}, "erbbands_flatness_db": {"dmean": 0.0186190679669, "dmean2": 0.0245757848024, "dvar": 0.000368044275092, "dvar2": 0.000670920242555, "max": 0.366303265095, "mean": 0.167651280761, "median": 0.164799660444, "min": 0.0396706685424, "var": 0.00217571551912}, "erbbands_kurtosis": {"dmean": 1.63449347019, "dmean2": 2.39722108841, "dvar": 15.9340734482, "dvar2": 33.7578353882, "max": 96.2683868408, "mean": 1.31870758533, "median": -0.188080072403, "min": -1.78984713554, "var": 28.6662521362}, "erbbands_skewness": {"dmean": 0.48838788271, "dmean2": 0.682312548161, "dvar": 0.309690922499, "dvar2": 0.579534709454, "max": 8.54159164429, "mean": 0.651149570942, "median": 0.577806293964, "min": -2.49057602882, "var": 1.23488473892}, "erbbands_spread": {"dmean": 10.3875617981, "dmean2": 15.2146978378, "dvar": 123.538070679, "dvar2": 271.657501221, "max": 162.462905884, "mean": 43.9844398499, "median": 42.7506942749, "min": 2.80980944633, "var": 408.923980713}, "hfc": {"dmean": 5.14945793152, "dmean2": 6.91968679428, "dvar": 53.1753234863, "dvar2": 106.52155304, "max": 111.301101685, "mean": 13.5339269638, "median": 10.6611156464, "min": 1.18480665791e-16, "var": 139.175384521}, "melbands_crest": {"dmean": 2.8635559082, "dmean2": 4.58262729645, "dvar": 9.06575584412, "dvar2": 21.9273891449, "max": 33.4501266479, "mean": 17.5642662048, "median": 17.808265686, "min": 2.32453012466, "var": 26.5664100647}, "melbands_flatness_db": {"dmean": 0.0390037335455, "dmean2": 0.0504445210099, "dvar": 0.00146815564949, "dvar2": 0.0028340506833, "max": 0.620885431767, "mean": 0.296418488026, "median": 0.292657673359, "min": 0.00739099876955, "var": 0.00921977683902}, "melbands_kurtosis": {"dmean": 21.3567886353, "dmean2": 32.7645111084, "dvar": 1075.84521484, "dvar2": 2556.07177734, "max": 392.924438477, "mean": 43.9657707214, "median": 25.1118240356, "min": -1.58044683933, "var": 2716.69995117}, "melbands_skewness": {"dmean": 1.26304650307, "dmean2": 1.90589404106, "dvar": 2.1683113575, "dvar2": 5.03373718262, "max": 15.1070480347, "mean": 4.45197486877, "median": 4.07354831696, "min": -0.996679484844, "var": 6.84820604324}, "melbands_spread": {"dmean": 5.43584156036, "dmean2": 7.94631958008, "dvar": 71.1966934204, "dvar2": 145.693878174, "max": 144.49230957, "mean": 12.660700798, "median": 7.64825773239, "min": 0.365075558424, "var": 202.649749756}, "pitch_salience": {"dmean": 0.0693034902215, "dmean2": 0.111244693398, "dvar": 0.00466191349551, "dvar2": 0.0122938295826, "max": 0.834895133972, "mean": 0.464577019215, "median": 0.464931309223, "min": 0.0666146948934, "var": 0.0131729710847}, "silence_rate_20dB": {"dmean": 0, "dmean2": 0, "dvar": 0, "dvar2": 0, "max": 1, "mean": 1, "median": 1, "min": 1, "var": 0}, "silence_rate_30dB": {"dmean": 0.0499314963818, "dmean2": 0.0998781993985, "dvar": 0.0474381707609, "dvar2": 0.112430848181, "max": 1, "mean": 0.931202411652, "median": 1, "min": 0, "var": 0.0640625506639}, "silence_rate_60dB": {"dmean": 0.0328817181289, "dmean2": 0.0657734498382, "dvar": 0.0318020395935, "dvar2": 0.0727195218205, "max": 1, "mean": 0.0680365264416, "median": 0, "min": 0, "var": 0.0634103417397}, "spectral_centroid": {"dmean": 271.707214355, "dmean2": 385.327026367, "dvar": 115478.765625, "dvar2": 219880.90625, "max": 11012.9443359, "mean": 939.893920898, "median": 763.580383301, "min": 134.911437988, "var": 444649.09375}, "spectral_complexity": {"dmean": 3.69584417343, "dmean2": 4.74269199371, "dvar": 17.8306465149, "dvar2": 27.4828414917, "max": 49, "mean": 12.4677324295, "median": 10, "min": 0, "var": 72.7120666504}, "spectral_decrease": {"dmean": 4.43449144072e-09, "dmean2": 7.21503745638e-09, "dvar": 5.65003335124e-17, "dvar2": 1.48677258012e-16, "max": 2.3596373308e-29, "mean": -1.13757838704e-08, "median": -8.96416452179e-09, "min": -6.71077486913e-08, "var": 1.02825677128e-16}, "spectral_energy": {"dmean": 0.0170619599521, "dmean2": 0.0276859328151, "dvar": 0.00082415813813, "dvar2": 0.00216547003947, "max": 0.255517333746, "mean": 0.0441623553634, "median": 0.0352203994989, "min": 1.0657481446e-20, "var": 0.0015118442243}, "spectral_energyband_high": {"dmean": 0.000217440974666, "dmean2": 0.000277249288047, "dvar": 1.71099529211e-07, "dvar2": 3.01593843233e-07, "max": 0.00470858952031, "mean": 0.000345770124113, "median": 0.000118855721666, "min": 7.77782501126e-21, "var": 3.52743626308e-07}, "spectral_energyband_low": {"dmean": 0.0128842387348, "dmean2": 0.0206840783358, "dvar": 0.000621834362391, "dvar2": 0.00161001668312, "max": 0.247053697705, "mean": 0.0314550772309, "median": 0.0208260305226, "min": 6.50885977454e-23, "var": 0.00118892954197}, "spectral_energyband_middle_high": {"dmean": 0.00120081123896, "dmean2": 0.00160948932171, "dvar": 4.26410724685e-06, "dvar2": 8.78066839505e-06, "max": 0.0342032276094, "mean": 0.00240817386657, "median": 0.00126789300703, "min": 1.44286410756e-21, "var": 9.64312130236e-06}, "spectral_energyband_middle_low": {"dmean": 0.0077410954982, "dmean2": 0.0127947060391, "dvar": 0.00025013872073, "dvar2": 0.000700128439348, "max": 0.186067044735, "mean": 0.0167546737939, "median": 0.0115295741707, "min": 5.16602767263e-22, "var": 0.000296730780974}, "spectral_entropy": {"dmean": 0.27572491765, "dmean2": 0.359434425831, "dvar": 0.0793571993709, "dvar2": 0.141293928027, "max": 9.78077125549, "mean": 6.99947977066, "median": 7.10598754883, "min": 4.44235181808, "var": 0.455090880394}, "spectral_flux": {"dmean": 0.0415179505944, "dmean2": 0.064284875989, "dvar": 0.00324127473868, "dvar2": 0.00674571655691, "max": 0.434033483267, "mean": 0.0829692184925, "median": 0.058802485466, "min": 1.03235080207e-10, "var": 0.00519080180675}, "spectral_kurtosis": {"dmean": 2.35964608192, "dmean2": 3.73500132561, "dvar": 10.1176815033, "dvar2": 22.2349052429, "max": 57.026550293, "mean": 6.38351726532, "median": 4.78890609741, "min": -1.20195221901, "var": 25.7219028473}, "spectral_rms": {"dmean": 0.00122241850477, "dmean2": 0.00188343145419, "dvar": 3.24561347043e-06, "dvar2": 7.89393288869e-06, "max": 0.0157887674868, "mean": 0.0058360947296, "median": 0.00586185697466, "min": 3.2245219949e-12, "var": 9.02519514057e-06}, "spectral_rolloff": {"dmean": 322.690795898, "dmean2": 544.455749512, "dvar": 423255.125, "dvar2": 889640.3125, "max": 18992.2851562, "mean": 876.727539062, "median": 322.998046875, "min": 64.599609375, "var": 2959285.75}, "spectral_skewness": {"dmean": 0.330769687891, "dmean2": 0.482979893684, "dvar": 0.150791838765, "dvar2": 0.303237199783, "max": 6.43877983093, "mean": 1.71985900402, "median": 1.5147446394, "min": 0.00548809673637, "var": 0.526908934116}, "spectral_spread": {"dmean": 430790.625, "dmean2": 599373.9375, "dvar": 341303820288, "dvar2": 506781859840, "max": 41273956, "mean": 4062403.75, "median": 3817294, "min": 1634440.625, "var": 1814206218240.0}, "spectral_strongpeak": {"dmean": 0.367725670338, "dmean2": 0.620635449886, "dvar": 0.470106691122, "dvar2": 1.17341852188, "max": 11.3308696747, "mean": 0.835765123367, "median": 0.631572961807, "min": 0, "var": 0.635159730911}, "zerocrossingrate": {"dmean": 0.00852161925286, "dmean2": 0.00932083372027, "dvar": 0.000102272249933, "dvar2": 0.000131976790726, "max": 0.50048828125, "mean": 0.0371761880815, "median": 0.02880859375, "min": 0.00390625, "var": 0.00151368801016}, "barkbands": {"dmean": [0.000547948700842, 0.00684795482084, 0.00568372756243, 0.00451945420355, 0.00293051521294, 0.000471129402285, 0.000250908575254, 0.000363469356671, 0.000658684002701, 0.000480207323562, 0.00012509941007, 5.87109534536e-05, 3.07784102915e-05, 7.98810651759e-05, 0.000150556938024, 0.000150421721628, 0.000313944125082, 0.000142760996823, 0.000104278828076, 0.000146234335261, 7.30073807063e-05, 6.79219592712e-05, 2.70094278676e-05, 1.52672091644e-05, 1.10902237793e-05, 4.52120821137e-06, 2.91075110681e-07], "dmean2": [0.000829267955851, 0.0117227695882, 0.0083989482373, 0.00760994572192, 0.00510428333655, 0.000729115505237, 0.000371651229216, 0.000507146061864, 0.000924882828258, 0.000692530535161, 0.000187608340639, 8.87595233507e-05, 4.65424418508e-05, 0.000121033357573, 0.000219856039621, 0.000225738054723, 0.000469518825412, 0.000214623316424, 0.000150122417836, 0.0002151246008, 9.94665970211e-05, 9.68949607341e-05, 3.36327320838e-05, 1.92068382603e-05, 1.48163162521e-05, 5.96763129579e-06, 4.93577545058e-07], "dvar": [2.19454705075e-06, 0.000374233757611, 9.19593148865e-05, 8.33010635688e-05, 5.21376969118e-05, 6.01973908942e-07, 2.85044933435e-07, 1.4536872186e-06, 3.05952266899e-06, 2.50280209002e-06, 1.19518304587e-07, 1.7132434138e-08, 3.84531695374e-09, 2.51304168586e-08, 1.12163782262e-07, 1.53680318249e-07, 4.90451270707e-07, 1.47061413713e-07, 4.36106510904e-08, 1.0866530431e-07, 2.18957350029e-08, 2.38557085197e-08, 4.05940081549e-09, 1.31648769663e-09, 8.01863520028e-10, 1.2669733318e-10, 1.5585644754e-13], "dvar2": [4.69197493658e-06, 0.00101972429547, 0.000188275851542, 0.000226761156227, 0.000149069586769, 1.44632554111e-06, 5.99995019002e-07, 2.58796217167e-06, 5.36021116204e-06, 5.28986220161e-06, 2.4824493039e-07, 3.54537696978e-08, 8.4906988107e-09, 5.76394718621e-08, 2.4039925961e-07, 3.32381176804e-07, 1.04680577806e-06, 3.42117260743e-07, 9.62910391422e-08, 2.53886668133e-07, 4.76621693224e-08, 5.05613471091e-08, 6.60442500688e-09, 2.33722019516e-09, 1.49843604191e-09, 2.48186970975e-10, 4.02165063404e-13], "max": [0.0121802352369, 0.179838806391, 0.170614182949, 0.123853102326, 0.0749771893024, 0.0144579764456, 0.0110340304673, 0.0463177599013, 0.0352065712214, 0.0386709868908, 0.00959544163197, 0.00334806949832, 0.00134155480191, 0.00288484315388, 0.00683183129877, 0.0151636889204, 0.0129458718002, 0.00913462601602, 0.0055121104233, 0.00604950310662, 0.00264771119691, 0.00241475366056, 0.000869254174177, 0.000410264561651, 0.000437235867139, 0.000120240489196, 7.64914602769e-06], "mean": [0.000656605174299, 0.00955561269075, 0.0147420112044, 0.00878480169922, 0.00374938524328, 0.00102537847124, 0.000546468188986, 0.000766652461607, 0.00129746843595, 0.000866204733029, 0.000183640600881, 9.21528262552e-05, 4.75825290778e-05, 0.000115850220027, 0.00024107581703, 0.000219878798816, 0.000431350490544, 0.000189589976799, 0.000163726101164, 0.000204203664907, 0.000104705293779, 9.4708018878e-05, 3.86820611311e-05, 2.20696056203e-05, 1.48355384226e-05, 6.37478296994e-06, 1.3905164451e-06], "median": [1.96024157049e-05, 0.00356286158785, 0.00553459580988, 0.00389539450407, 0.00184090831317, 0.000546942465007, 0.000158442679094, 9.6927578852e-05, 0.000249053438893, 0.000171551306266, 4.37566668552e-05, 2.65498365479e-05, 1.62173164426e-05, 4.38515744463e-05, 7.60007678764e-05, 6.53352472e-05, 0.000117921605124, 5.7161130826e-05, 6.61872036289e-05, 7.48056918383e-05, 3.39900652762e-05, 2.46998715738e-05, 5.32999638381e-06, 2.87119223685e-06, 1.76088212811e-06, 1.35054915518e-06, 1.3180665519e-06], "min": [1.56257242701e-24, 7.76347520226e-24, 2.95816875669e-23, 4.85982399164e-23, 2.880383916e-23, 4.71708118856e-23, 7.48789674244e-23, 1.19044777775e-22, 1.28110329432e-22, 1.08054241425e-22, 1.01629531021e-22, 8.60618343733e-23, 9.54692089273e-23, 6.28981014056e-23, 2.15697896527e-22, 1.86310934541e-22, 1.38165466074e-22, 1.76859648834e-22, 2.65365816053e-22, 1.91491037007e-22, 4.01409334645e-22, 4.786306636e-22, 7.53755458979e-22, 7.51064092762e-22, 1.12208251686e-21, 1.69364574088e-21, 2.58152204354e-21], "var": [2.94305596071e-06, 0.000303290697047, 0.000394287868403, 0.00013320115977, 3.9987207856e-05, 1.83281315458e-06, 9.35269781621e-07, 5.22480013387e-06, 9.96043036139e-06, 5.77776836508e-06, 2.35994690456e-07, 3.70235255787e-08, 7.96322829899e-09, 3.96587367391e-08, 2.19627239062e-07, 2.34972532098e-07, 8.22355048058e-07, 1.92189475001e-07, 7.29948936851e-08, 1.46995532191e-07, 3.54202391861e-08, 3.68096628733e-08, 8.01231614389e-09, 2.47921683183e-09, 1.27722443732e-09, 1.9497846393e-10, 1.93984707312e-13]}, "erbbands": {"dmean": [0.180370435119, 1.61545169353, 5.38675880432, 12.0123796463, 14.5846567154, 7.25431871414, 4.35515165329, 3.54928827286, 2.93989706039, 5.86688375473, 8.63767337799, 15.0782213211, 19.2748413086, 8.39344215393, 4.06599521637, 1.97741532326, 1.45039343834, 3.05588936806, 6.0975112915, 7.42837095261, 9.90132904053, 15.5839061737, 9.7017621994, 5.21226406097, 7.16978788376, 5.77638196945, 4.23323106766, 2.22547745705, 2.25583553314, 1.39723718166, 0.642734229565, 0.410290896893, 0.230132699013, 0.142687574029, 0.0668373331428, 0.0284977201372, 0.00655118515715, 0.000834712001961, 4.99795205542e-05, 1.97005483642e-05], "dmean2": [0.287688970566, 2.85315871239, 8.53129196167, 18.7713775635, 26.0487537384, 12.2546987534, 6.51211833954, 5.65665626526, 4.44503259659, 8.17966079712, 12.2850294113, 21.2374801636, 26.6968097687, 12.7373857498, 6.08724355698, 2.86932849884, 2.13065266609, 4.71537685394, 8.99003410339, 10.8263654709, 14.62885952, 22.9112129211, 14.2363128662, 7.48805475235, 10.3935346603, 8.34619045258, 5.97467422485, 2.87435698509, 3.25457572937, 1.93561375141, 0.77943700552, 0.530470728874, 0.296907246113, 0.188125789165, 0.091261036694, 0.0384014695883, 0.00844558887184, 0.00112269981764, 8.04064475233e-05, 3.17660960718e-05], "dvar": [0.256539434195, 20.5144519806, 89.438621521, 397.900482178, 1603.76623535, 214.174697876, 55.4236106873, 41.4864578247, 35.5146789551, 217.899124146, 902.16809082, 1947.01000977, 3961.04296875, 499.91809082, 65.634223938, 21.0226974487, 8.79153728485, 33.2836532593, 132.646087646, 255.336593628, 700.27532959, 1123.80358887, 589.269714355, 103.665351868, 259.69543457, 146.602081299, 75.0516891479, 21.0364646912, 26.305223465, 11.0495929718, 2.14837288857, 1.01988470554, 0.299227148294, 0.125751286745, 0.0305903106928, 0.00535745639354, 0.000253240432357, 3.2912316783e-06, 2.37131203562e-09, 9.66449253959e-10], "dvar2": [0.632850408554, 57.8951873779, 215.021621704, 922.230957031, 4569.01904297, 608.968383789, 122.595474243, 101.744880676, 78.9920806885, 397.492736816, 1683.66516113, 3473.77294922, 7958.89941406, 1115.08752441, 136.983215332, 39.5480232239, 18.7640151978, 80.2013549805, 287.820251465, 561.691101074, 1474.04064941, 2407.671875, 1303.26269531, 240.87991333, 586.518676758, 339.389129639, 172.001754761, 39.7455406189, 58.295085907, 23.5514526367, 3.47239303589, 1.73746585846, 0.539604783058, 0.235332995653, 0.0590108297765, 0.0106902625412, 0.000485493685119, 5.81514768783e-06, 5.29975263674e-09, 2.49642262418e-09], "max": [3.93563580513, 43.3141174316, 148.70463562, 269.415985107, 367.600616455, 176.683700562, 189.975265503, 142.653686523, 121.274230957, 302.131469727, 1272.35461426, 1012.8583374, 1460.27600098, 599.319091797, 188.429046631, 166.938140869, 72.3806915283, 81.5486679077, 240.982727051, 279.950927734, 1024.79919434, 625.954956055, 609.77331543, 295.391601562, 346.164398193, 233.79699707, 167.781173706, 60.029045105, 91.8042068481, 43.7111549377, 19.8022708893, 13.7673940659, 5.51144742966, 5.38860654831, 2.4936337471, 0.784524857998, 0.17132152617, 0.0201935674995, 0.000772215076722, 0.000287893257337], "mean": [0.217876985669, 2.44716477394, 13.2935066223, 30.278169632, 17.0576763153, 11.3448438644, 9.29877758026, 7.43245697021, 6.7502655983, 13.1093492508, 17.7567024231, 30.5332431793, 38.2026634216, 14.0304756165, 6.51551675797, 3.40638327599, 2.48996472359, 4.72088289261, 9.78082084656, 11.9044294357, 14.8557815552, 22.1670398712, 13.8811759949, 8.28995418549, 10.4722146988, 8.24823856354, 6.15119314194, 3.29261803627, 3.1913921833, 1.87624371052, 0.971961855888, 0.585984945297, 0.324545323849, 0.193475753069, 0.089620873332, 0.0368725284934, 0.00989916268736, 0.00174015865196, 0.000246160925599, 6.63967293804e-05], "median": [0.0621706694365, 1.02487683296, 5.75149869919, 14.3079462051, 7.81966781616, 6.14923667908, 5.59624862671, 3.37502121925, 2.4438829422, 2.52000141144, 3.58418464661, 6.7079205513, 7.60262155533, 4.66890525818, 2.44605231285, 1.31472074986, 0.971818566322, 2.19692564011, 3.54370379448, 4.22650241852, 4.34837818146, 6.62711286545, 3.91450834274, 3.72343587875, 3.39101743698, 3.31172180176, 2.43087625504, 0.887939572334, 0.893123745918, 0.387685239315, 0.144155919552, 0.0706398189068, 0.043865300715, 0.0240516737103, 0.0107319448143, 0.00550965871662, 0.00251569831744, 0.00091186480131, 0.000233295984799, 5.66932685615e-05], "min": [1.47040176502e-22, 2.3065430549e-21, 2.42968569119e-20, 1.18229480714e-19, 1.76317153556e-19, 4.41302924749e-20, 2.22233083404e-19, 3.89139105863e-19, 8.91566903868e-19, 1.52862760065e-18, 2.45439873304e-18, 2.08707387919e-18, 5.17967223332e-18, 2.61865674356e-18, 3.75991142405e-18, 4.04737074898e-18, 4.72571840828e-18, 2.58170699919e-18, 1.03420803801e-17, 8.40933565572e-18, 1.06266147944e-17, 7.46891236294e-18, 9.30295045198e-18, 1.08426139862e-17, 1.33044308749e-17, 8.46102699937e-18, 1.24350830763e-17, 1.94539529377e-17, 1.57884939591e-17, 1.87972575582e-17, 1.93405646737e-17, 1.95565597296e-17, 1.17472650262e-17, 1.10815591682e-17, 8.23434807867e-18, 6.21979974123e-18, 3.3968405533e-18, 1.26703069795e-18, 3.32782825441e-19, 4.08926655521e-20], "var": [0.244590774179, 16.2679271698, 271.130187988, 1355.12524414, 1101.56359863, 238.612030029, 157.808944702, 116.11856842, 119.673728943, 880.584472656, 2959.82861328, 5837.52490234, 10298.3242188, 922.355529785, 137.163253784, 48.7004699707, 19.469991684, 51.36353302, 259.273773193, 463.143035889, 1142.01025391, 1891.34606934, 913.120117188, 160.133834839, 384.21472168, 208.08605957, 110.813278198, 39.6437339783, 39.4399833679, 16.3977832794, 4.63045310974, 1.89171075821, 0.543713092804, 0.207056611776, 0.047078769654, 0.00781001942232, 0.00041596632218, 5.90592662775e-06, 4.80612882825e-09, 1.83116666275e-09]}, "gfcc": {"mean": [-39.2161178589, 107.916572571, -92.9682769775, 42.4246177673, -36.9770202637, -6.30271530151, -21.8054466248, 6.98434925079, -20.1810951233, -8.89582538605, -29.2034912109, -6.2932343483, -7.88806438446], "cov": [[6151.80517578, 424.374359131, -1123.96325684, 866.279968262, -537.655456543, 352.389343262, -151.819732666, -9.90608787537, -157.850067139, -153.597702026, -181.161499023, -172.356719971, -111.979736328], [424.374359131, 1064.14501953, 225.912643433, 55.857093811, 308.020812988, -126.959220886, 173.689315796, -43.3486557007, 43.7734069824, -54.315448761, 1.7676295042, -79.0456542969, -2.80076050758], [-1123.96325684, 225.912643433, 1188.95507812, 188.937515259, 285.502960205, 302.879974365, 13.4667491913, 17.9144020081, -0.0953720360994, -46.9238128662, 13.3024930954, -104.816200256, -49.7132797241], [866.279968262, 55.857093811, 188.937515259, 538.125915527, 138.359695435, 244.139373779, 0.896719157696, 8.04158496857, -27.8454990387, -90.4020004272, -6.71751070023, -52.2619400024, -39.4587364197], [-537.655456543, 308.020812988, 285.502960205, 138.359695435, 415.14352417, -5.76763534546, 82.6456451416, 10.5302362442, 22.8267784119, -50.8682174683, 30.2958908081, 23.0373268127, 15.6931648254], [352.389343262, -126.959220886, 302.879974365, 244.139373779, -5.76763534546, 322.088165283, -31.4776248932, 38.5853042603, -2.45415139198, -26.8090400696, -10.9929351807, -49.3575935364, -17.3016700745], [-151.819732666, 173.689315796, 13.4667491913, 0.896719157696, 82.6456451416, -31.4776248932, 151.483505249, 23.1863365173, 56.3862609863, 32.9508590698, 19.779668808, -11.9515371323, 22.7111473083], [-9.90608787537, -43.3486557007, 17.9144020081, 8.04158496857, 10.5302362442, 38.5853042603, 23.1863365173, 90.1919403076, 49.6136131287, 23.4669952393, 20.439365387, -6.68748807907, -1.92801308632], [-157.850067139, 43.7734069824, -0.0953720360994, -27.8454990387, 22.8267784119, -2.45415139198, 56.3862609863, 49.6136131287, 109.615135193, 49.9877929688, 25.1978282928, 2.98084378242, 14.1054725647], [-153.597702026, -54.315448761, -46.9238128662, -90.4020004272, -50.8682174683, -26.8090400696, 32.9508590698, 23.4669952393, 49.9877929688, 98.3718338013, 36.0428543091, 1.49009597301, 8.49554347992], [-181.161499023, 1.7676295042, 13.3024930954, -6.71751070023, 30.2958908081, -10.9929351807, 19.779668808, 20.439365387, 25.1978282928, 36.0428543091, 89.3220825195, 34.9289054871, 1.88416218758], [-172.356719971, -79.0456542969, -104.816200256, -52.2619400024, 23.0373268127, -49.3575935364, -11.9515371323, -6.68748807907, 2.98084378242, 1.49009597301, 34.9289054871, 110.794120789, 50.295955658], [-111.979736328, -2.80076050758, -49.7132797241, -39.4587364197, 15.6931648254, -17.3016700745, 22.7111473083, -1.92801308632, 14.1054725647, 8.49554347992, 1.88416218758, 50.295955658, 105.96496582]], "icov": [[0.00269516068511, -0.00475620850921, 0.00399772776291, -0.00474719423801, 0.00427812710404, -0.00449216552079, 0.00345787149854, -0.00436192844063, 0.00449106795713, -0.00385602028109, 0.00404829671606, -0.00243727467023, 0.0014388775453], [-0.00475620850921, 0.0103432200849, -0.00722678098828, 0.00840546842664, -0.00836631562561, 0.00896242726594, -0.00746887037531, 0.0092334067449, -0.00916389375925, 0.00879062339664, -0.00817205943167, 0.00668325601146, -0.0030538730789], [0.00399772776291, -0.00722678098828, 0.00787754356861, -0.00585936428979, 0.00457638455555, -0.00928199291229, 0.00558981997892, -0.00557114044204, 0.00676588714123, -0.00551217095926, 0.00495442608371, -0.00181318959221, 0.00236860383302], [-0.00474719423801, 0.00840546842664, -0.00585936428979, 0.0130243273452, -0.00952148064971, 0.0035642767325, -0.00669327937067, 0.00907221250236, -0.00787637103349, 0.00990516133606, -0.00907412171364, 0.00630751810968, -0.00167993607465], [0.00427812710404, -0.00836631562561, 0.00457638455555, -0.00952148064971, 0.0125498529524, -0.004538574256, 0.00373169360682, -0.00866287667304, 0.00678265234455, -0.00432491023093, 0.00645456090569, -0.0073727266863, 0.00217274506576], [-0.00449216552079, 0.00896242726594, -0.00928199291229, 0.0035642767325, -0.004538574256, 0.0172329153866, -0.00511895399541, 0.00424859113991, -0.00829619448632, 0.00647497596219, -0.00578335206956, 0.00456875469536, -0.00435780500993], [0.00345787149854, -0.00746887037531, 0.00558981997892, -0.00669327937067, 0.00373169360682, -0.00511895399541, 0.0163553394377, -0.00670110061765, 0.00302828918211, -0.00874096062034, 0.00474498188123, -0.000539094791748, -0.000959809520282], [-0.00436192844063, 0.0092334067449, -0.00557114044204, 0.00907221250236, -0.00866287667304, 0.00424859113991, -0.00670110061765, 0.0253376215696, -0.015206980519, 0.00846295617521, -0.0104939648882, 0.00776938023046, -0.00188235659152], [0.00449106795713, -0.00916389375925, 0.00676588714123, -0.00787637103349, 0.00678265234455, -0.00829619448632, 0.00302828918211, -0.015206980519, 0.0254759024829, -0.0142892515287, 0.00833086483181, -0.00670355092734, 0.00224830117077], [-0.00385602028109, 0.00879062339664, -0.00551217095926, 0.00990516133606, -0.00432491023093, 0.00647497596219, -0.00874096062034, 0.00846295617521, -0.0142892515287, 0.029053285718, -0.0155699895695, 0.00969456322491, -0.00376683985814], [0.00404829671606, -0.00817205943167, 0.00495442608371, -0.00907412171364, 0.00645456090569, -0.00578335206956, 0.00474498188123, -0.0104939648882, 0.00833086483181, -0.0155699895695, 0.0259659606963, -0.0142436651513, 0.00633771205321], [-0.00243727467023, 0.00668325601146, -0.00181318959221, 0.00630751810968, -0.0073727266863, 0.00456875469536, -0.000539094791748, 0.00776938023046, -0.00670355092734, 0.00969456322491, -0.0142436651513, 0.0243109017611, -0.00997683685273], [0.0014388775453, -0.0030538730789, 0.00236860383302, -0.00167993607465, 0.00217274506576, -0.00435780500993, -0.000959809520282, -0.00188235659152, 0.00224830117077, -0.00376683985814, 0.00633771205321, -0.00997683685273, 0.0151262329891]]}, "melbands": {"dmean": [0.00172847101931, 0.00259450543672, 0.00209981366061, 0.000791877275333, 0.00016503345978, 8.05484960438e-05, 4.76904060633e-05, 6.41352162347e-05, 7.78494650149e-05, 9.6123527328e-05, 9.51949477894e-05, 3.40387232427e-05, 1.59362843988e-05, 7.41154417483e-06, 3.97837175115e-06, 3.38820541401e-06, 6.23748064754e-06, 9.45513875195e-06, 1.22119390653e-05, 7.76154865889e-06, 1.34577194331e-05, 1.52598040586e-05, 1.75257555384e-05, 5.88021521253e-06, 4.12656754634e-06, 4.52382028016e-06, 7.24772826288e-06, 3.01837144434e-06, 2.90086722998e-06, 1.72295131051e-06, 1.45078934111e-06, 1.66966981396e-06, 8.84075916474e-07, 7.25794734535e-07, 3.6151908489e-07, 3.72135076532e-07, 2.31970346931e-07, 1.5378358853e-07, 1.6351204124e-07, 1.05581811738e-07], "dmean2": [0.00285861617886, 0.00426444644108, 0.00339764403179, 0.00139925035182, 0.00024713028688, 0.000127445397084, 7.18739102012e-05, 8.92066091183e-05, 0.000111050176201, 0.000135334965307, 0.000132037544972, 5.23516173416e-05, 2.38342527155e-05, 1.11633098641e-05, 6.02460659138e-06, 5.30004626853e-06, 9.61874411587e-06, 1.42712478919e-05, 1.76908633875e-05, 1.14116846817e-05, 2.01820184884e-05, 2.27213095059e-05, 2.59974713117e-05, 8.91992385732e-06, 6.00746443524e-06, 6.57691089145e-06, 1.07460446088e-05, 4.4262233132e-06, 4.22861330662e-06, 2.39108248934e-06, 1.97107419808e-06, 2.44223656409e-06, 1.32995432978e-06, 9.98317204903e-07, 4.61335019963e-07, 4.79732250369e-07, 3.10403294179e-07, 2.03959558576e-07, 2.26266095638e-07, 1.44651082223e-07], "dvar": [2.39927503571e-05, 2.60821907432e-05, 1.47093614942e-05, 4.15580507251e-06, 7.23924102886e-08, 2.00335481537e-08, 9.26404464252e-09, 2.85319057269e-08, 6.01248757448e-08, 6.97167834574e-08, 9.91698811958e-08, 8.71680239101e-09, 1.31333000031e-09, 2.96037028225e-10, 6.91892515503e-11, 4.31729964279e-11, 1.44768752541e-10, 3.18709558744e-10, 1.06596242944e-09, 2.33336405753e-10, 1.43881828674e-09, 1.00241415169e-09, 2.34549113465e-09, 2.60032162469e-10, 6.57561990969e-11, 1.13282327963e-10, 3.52664841774e-10, 4.03400750304e-11, 3.29734087257e-11, 1.45083771386e-11, 1.03132745399e-11, 1.53408535875e-11, 4.84238343867e-12, 3.20903438371e-12, 7.17542453406e-13, 9.57875597417e-13, 3.49596897655e-13, 1.3337287275e-13, 1.80814537605e-13, 7.40001050888e-14], "dvar2": [6.29944988759e-05, 6.94536647643e-05, 3.84224258596e-05, 1.19156766232e-05, 1.63480208926e-07, 4.90070313219e-08, 2.04217478483e-08, 5.05913675397e-08, 1.12058934576e-07, 1.2504797553e-07, 1.99598815698e-07, 1.95783282919e-08, 2.66543409566e-09, 6.15926754044e-10, 1.52587081859e-10, 1.00625036081e-10, 3.4600705634e-10, 6.96724511418e-10, 2.25915375296e-09, 5.18588672005e-10, 3.05449776583e-09, 2.20768470172e-09, 5.18619103218e-09, 6.40256903051e-10, 1.51654924729e-10, 2.5194132891e-10, 8.13789313714e-10, 9.67789320905e-11, 7.69101171638e-11, 3.16521288346e-11, 2.01683583029e-11, 3.50534254401e-11, 1.16336410991e-11, 6.66940634664e-12, 1.26858235288e-12, 1.93310623585e-12, 6.86618567992e-13, 2.41750358881e-13, 3.79116741256e-13, 1.40185782362e-13], "max": [0.0441080033779, 0.0596506148577, 0.0479243397713, 0.0200403258204, 0.00551782408729, 0.00300043355674, 0.00184600939974, 0.00389948277734, 0.00959202460945, 0.00572409434244, 0.00734440330416, 0.00242628506385, 0.000892636016943, 0.000354808464181, 0.000197896675672, 0.000106532497739, 0.000171922816662, 0.000346014683601, 0.00076909706695, 0.000332806637743, 0.00146860431414, 0.000624140200671, 0.00138028059155, 0.000550278171431, 0.000210737765883, 0.000308027025312, 0.00039064779412, 0.000136529022711, 0.00010721169383, 6.45434265607e-05, 4.3210984586e-05, 7.93386934674e-05, 3.78647127945e-05, 2.91703800031e-05, 9.8911459645e-06, 2.05977066798e-05, 7.81431117503e-06, 4.16155262428e-06, 4.51029791293e-06, 4.78784795632e-06], "mean": [0.00230404757895, 0.00593224493787, 0.0047513647005, 0.000955818977673, 0.000352741859388, 0.000172312415089, 0.000107262851088, 0.000143299635965, 0.000153986053192, 0.000193509506062, 0.000184873249964, 5.36001534783e-05, 2.44180810114e-05, 1.16374931167e-05, 6.42052464173e-06, 5.0435310186e-06, 9.1937081379e-06, 1.4113121324e-05, 1.92343413801e-05, 1.1646285202e-05, 1.90132959688e-05, 2.08848468901e-05, 2.3364495064e-05, 7.80958635005e-06, 6.35253718428e-06, 6.64457456878e-06, 9.41372763918e-06, 4.21891718361e-06, 4.17034380007e-06, 2.32293450608e-06, 2.01558100343e-06, 2.21516597776e-06, 1.14630063308e-06, 9.37692789194e-07, 5.50622871742e-07, 4.7490678412e-07, 3.17600466815e-07, 2.18730477286e-07, 2.03918943953e-07, 1.47682541751e-07], "median": [0.000836788443848, 0.00317252008244, 0.00240528746508, 0.000450497085694, 0.00022194092162, 8.13713049865e-05, 3.78629265469e-05, 2.57755200437e-05, 2.60287451965e-05, 3.98599440814e-05, 3.06445799652e-05, 1.54676890816e-05, 7.44374483475e-06, 3.04008926832e-06, 2.16807802644e-06, 1.80747929335e-06, 3.83601127396e-06, 4.74221087643e-06, 5.16960972163e-06, 4.42529835709e-06, 4.2461697376e-06, 6.47948172627e-06, 4.40130224888e-06, 2.51956680586e-06, 2.59805528913e-06, 2.21645154852e-06, 2.32719480664e-06, 1.79681774171e-06, 1.69369468495e-06, 6.60414798404e-07, 4.433006211e-07, 5.69884150536e-07, 2.91616515824e-07, 1.57950950097e-07, 8.09718088135e-08, 5.5070106697e-08, 3.81413869377e-08, 3.01081115595e-08, 2.5372500545e-08, 1.83066291015e-08], "min": [1.69562890564e-24, 9.58500788609e-24, 2.25854537479e-23, 8.14026672503e-24, 6.11601059362e-24, 9.3088474047e-24, 1.39891512668e-23, 2.03434369024e-23, 1.92269115761e-23, 1.57473328979e-23, 2.55234983474e-23, 9.62673231709e-24, 1.43819471996e-23, 9.26265013237e-24, 1.05767764379e-23, 9.03404613064e-24, 3.96322969365e-24, 1.47144710038e-23, 1.66229322151e-23, 1.03773855332e-23, 1.3257982915e-23, 8.64655844286e-24, 5.39670828757e-24, 9.7579751059e-24, 8.61400451988e-24, 1.00240287014e-23, 6.57967739573e-24, 6.07962044006e-24, 5.73356057157e-24, 1.37943105118e-23, 1.01685701073e-23, 8.02760476599e-24, 9.92757783393e-24, 1.15959326626e-23, 1.02015421266e-23, 1.22712993606e-23, 1.23724991707e-23, 7.76310759308e-24, 8.83091129211e-24, 9.33747516695e-24], "var": [2.054840661e-05, 5.02850671182e-05, 3.18254096783e-05, 2.97944484373e-06, 1.88426952263e-07, 5.95352247501e-08, 3.02363787341e-08, 1.17602297678e-07, 1.95981826323e-07, 2.19111811361e-07, 2.5694836836e-07, 1.57745283502e-08, 2.76497691409e-09, 6.52947862445e-10, 1.32917760132e-10, 7.88569556875e-11, 2.21327303707e-10, 5.69854774479e-10, 1.97279104164e-09, 3.91394472388e-10, 2.30700969439e-09, 1.61906188456e-09, 3.54626883414e-09, 2.94527097155e-10, 1.04005540291e-10, 1.71804764859e-10, 4.6124912223e-10, 5.28369223374e-11, 4.7807861836e-11, 2.13422977208e-11, 1.7616233125e-11, 2.13937409455e-11, 5.78245784588e-12, 4.73553141145e-12, 1.46399017041e-12, 1.46789655084e-12, 5.67854248866e-13, 2.41826307243e-13, 2.52974290821e-13, 1.19657308693e-13]}, "mfcc": {"mean": [-696.43927002, 141.156478882, 6.2085442543, 53.717414856, 6.38521099091, 4.48464870453, 0.518587112427, 9.17350196838, 13.2510728836, 3.26184034348, -5.95321559906, -10.6382751465, -6.60791778564], "cov": [[7562.75830078, -667.268310547, -538.986022949, 210.769180298, -303.403442383, 169.828857422, -88.2964401245, 114.869750977, -90.8391799927, 9.40889835358, -82.0144882202, -73.1425704956, -193.31867981], [-667.268310547, 1139.13122559, 12.7496595383, 239.313140869, 100.597000122, -23.2605819702, 64.4143829346, -4.28162193298, 70.4482040405, 1.99566185474, 1.89572012424, 7.48406410217, 53.8488121033], [-538.986022949, 12.7496595383, 911.535705566, -11.8085298538, 298.18649292, 225.15234375, 157.268722534, 62.1838874817, 10.1271018982, 96.0350494385, 45.879524231, 31.2263374329, -80.147026062], [210.769180298, 239.313140869, -11.8085298538, 309.329589844, 139.737426758, 93.3506240845, 87.1207504272, 69.2129592896, 24.2103290558, -11.1602363586, -6.61213159561, 17.2951030731, 38.8024978638], [-303.403442383, 100.597000122, 298.18649292, 139.737426758, 344.696136475, 135.679534912, 118.274978638, 107.109596252, 19.2828121185, -3.99863982201, -12.8307962418, 33.2476654053, 23.3707752228], [169.828857422, -23.2605819702, 225.15234375, 93.3506240845, 135.679534912, 180.44934082, 87.995880127, 56.2131309509, 21.4013557434, 20.5816783905, -5.52974271774, -6.66705179214, -14.1882419586], [-88.2964401245, 64.4143829346, 157.268722534, 87.1207504272, 118.274978638, 87.995880127, 132.135559082, 45.4699554443, 7.09264469147, 25.0343475342, 9.41751861572, 13.4829359055, -7.00900650024], [114.869750977, -4.28162193298, 62.1838874817, 69.2129592896, 107.109596252, 56.2131309509, 45.4699554443, 110.877166748, 26.9016304016, -8.29554843903, -2.40761590004, 19.4559707642, 26.872505188], [-90.8391799927, 70.4482040405, 10.1271018982, 24.2103290558, 19.2828121185, 21.4013557434, 7.09264469147, 26.9016304016, 109.892486572, 41.7836151123, 0.088758893311, -4.03155660629, 8.96141815186], [9.40889835358, 1.99566185474, 96.0350494385, -11.1602363586, -3.99863982201, 20.5816783905, 25.0343475342, -8.29554843903, 41.7836151123, 107.788200378, 64.332649231, 16.1154594421, -29.6146831512], [-82.0144882202, 1.89572012424, 45.879524231, -6.61213159561, -12.8307962418, -5.52974271774, 9.41751861572, -2.40761590004, 0.088758893311, 64.332649231, 119.198852539, 64.779296875, -6.69816446304], [-73.1425704956, 7.48406410217, 31.2263374329, 17.2951030731, 33.2476654053, -6.66705179214, 13.4829359055, 19.4559707642, -4.03155660629, 16.1154594421, 64.779296875, 106.936767578, 44.0271110535], [-193.31867981, 53.8488121033, -80.147026062, 38.8024978638, 23.3707752228, -14.1882419586, -7.00900650024, 26.872505188, 8.96141815186, -29.6146831512, -6.69816446304, 44.0271110535, 113.578033447]], "icov": [[0.000234308827203, 5.02582588524e-05, 0.000231713114772, -0.000268218806013, 0.000390879693441, -0.000596876372583, 0.000465176301077, -0.000713073066436, 0.000560397282243, -0.000655754411127, 0.000723678909708, -0.000570554635487, 0.000721200893167], [5.02582588524e-05, 0.0013791481033, -0.000396355579142, -0.00146204396151, -0.000108679632831, 0.00143423862755, -0.000529401935637, 0.00103887717705, -0.00113908934873, 0.000621878018137, -0.000514225568622, 0.000654129311442, -0.000457334623206], [0.000231713114772, -0.000396355579142, 0.00313916895539, 0.00182513287291, -0.00163630105089, -0.0034793028608, -1.49992538354e-05, -0.000557645049412, 0.00154443550855, -0.00245982641354, 0.0011415053159, -0.00180288567208, 0.00220997165889], [-0.000268218806013, -0.00146204396151, 0.00182513287291, 0.00747354188934, -0.00206632330082, -0.00338899367489, -0.00235853437334, -0.000530897814315, 4.58709291706e-05, 0.000600313418545, -0.000950070447288, -0.000142559467349, -0.000894648663234], [0.000390879693441, -0.000108679632831, -0.00163630105089, -0.00206632330082, 0.00827644765377, -0.00154929736163, -0.00109096814413, -0.0047934805043, 0.000898696947843, 0.000126987186377, 0.00296890223399, -0.00259660347365, 0.000582173466682], [-0.000596876372583, 0.00143423862755, -0.0034793028608, -0.00338899367489, -0.00154929736163, 0.0156662538648, -0.00480775581673, 0.000976809067652, -0.00355935026892, 0.0023156281095, -0.00234578829259, 0.00486150756478, -0.0023834973108], [0.000465176301077, -0.000529401935637, -1.49992538354e-05, -0.00235853437334, -0.00109096814413, -0.00480775581673, 0.0162502117455, -0.00376605731435, 0.00415107095614, -0.00585141265765, 0.00323312543333, -0.00261837523431, 0.00270811608061], [-0.000713073066436, 0.00103887717705, -0.000557645049412, -0.000530897814315, -0.0047934805043, 0.000976809067652, -0.00376605731435, 0.0189175270498, -0.00693735480309, 0.0066189840436, -0.00480412086472, 0.00163773552049, -0.00416324380785], [0.000560397282243, -0.00113908934873, 0.00154443550855, 4.58709291706e-05, 0.000898696947843, -0.00355935026892, 0.00415107095614, -0.00693735480309, 0.0167636554688, -0.0124526908621, 0.00678836833686, -0.0014567890903, 0.000231470083236], [-0.000655754411127, 0.000621878018137, -0.00245982641354, 0.000600313418545, 0.000126987186377, 0.0023156281095, -0.00585141265765, 0.0066189840436, -0.0124526908621, 0.026471324265, -0.0155877489597, 0.00469866441563, 0.000128219675389], [0.000723678909708, -0.000514225568622, 0.0011415053159, -0.000950070447288, 0.00296890223399, -0.00234578829259, 0.00323312543333, -0.00480412086472, 0.00678836833686, -0.0155877489597, 0.0254242848605, -0.0154949892312, 0.00594368483871], [-0.000570554635487, 0.000654129311442, -0.00180288567208, -0.000142559467349, -0.00259660347365, 0.00486150756478, -0.00261837523431, 0.00163773552049, -0.0014567890903, 0.00469866441563, -0.0154949892312, 0.0236107278615, -0.0106383636594], [0.000721200893167, -0.000457334623206, 0.00220997165889, -0.000894648663234, 0.000582173466682, -0.0023834973108, 0.00270811608061, -0.00416324380785, 0.000231470083236, 0.000128219675389, 0.00594368483871, -0.0106383636594, 0.017338136211]]}, "spectral_contrast_coeffs": {"dmean": [0.0530471466482, 0.0520991720259, 0.0439638122916, 0.0351926311851, 0.0298753157258, 0.0234286915511], "dmean2": [0.0855660885572, 0.0796642154455, 0.0681886747479, 0.0541546456516, 0.0450860895216, 0.0340449884534], "dvar": [0.00248052435927, 0.00222286651842, 0.00164668133948, 0.000924127176404, 0.000731647422072, 0.000597955076955], "dvar2": [0.00624763825908, 0.00465488061309, 0.0034941630438, 0.0020027239807, 0.00146754994057, 0.00117765017785], "max": [-0.263198047876, -0.34100908041, -0.360548943281, -0.470152378082, -0.546768188477, -0.534929335117], "mean": [-0.594135522842, -0.689721107483, -0.721868097782, -0.760111153126, -0.765239417553, -0.754896402359], "median": [-0.591873288155, -0.693442046642, -0.729646921158, -0.767860531807, -0.772369325161, -0.755260467529], "min": [-0.977589070797, -0.961832404137, -0.963784813881, -0.960903227329, -0.957294583321, -0.958122193813], "var": [0.00855496991426, 0.00903464667499, 0.00766721414402, 0.00380898360163, 0.0031012033578, 0.00225039198995]}, "spectral_contrast_valleys": {"dmean": [0.434706091881, 0.464145600796, 0.445228278637, 0.44962310791, 0.475769549608, 0.346459150314], "dmean2": [0.665551304817, 0.711056351662, 0.653377532959, 0.651490449905, 0.629004955292, 0.387466490269], "dvar": [0.208682850003, 0.231030002236, 0.227544471622, 0.248867154121, 0.266210347414, 0.175789535046], "dvar2": [0.391108900309, 0.440394371748, 0.396863013506, 0.446038097143, 0.461021631956, 0.230702012777], "max": [-4.80598402023, -5.05981445312, -5.76415014267, -6.36834287643, -5.74759912491, -8.64702