{"lowlevel": {"average_loudness": 0.626149475574, "barkbands_crest": {"dmean": 3.14568042755, "dmean2": 5.05189990997, "dvar": 14.3420648575, "dvar2": 30.1793479919, "max": 26.8848342896, "mean": 13.7043180466, "median": 11.2808046341, "min": 1.87070536613, "var": 62.2470703125}, "barkbands_flatness_db": {"dmean": 0.0446339398623, "dmean2": 0.0657998397946, "dvar": 0.0023955439683, "dvar2": 0.00474134739488, "max": 0.523441016674, "mean": 0.171626150608, "median": 0.15449039638, "min": 0.0110892802477, "var": 0.0094782197848}, "barkbands_kurtosis": {"dmean": 27.2665367126, "dmean2": 42.1758232117, "dvar": 6987.32373047, "dvar2": 15157.5693359, "max": 1180.9987793, "mean": 31.0969696045, "median": 2.11524915695, "min": -1.95657277107, "var": 8991.60253906}, "barkbands_skewness": {"dmean": 1.6309440136, "dmean2": 2.43173384666, "dvar": 7.05349874496, "dvar2": 14.462474823, "max": 29.622171402, "mean": 2.35782003403, "median": 1.1462944746, "min": -22.3755683899, "var": 19.8931903839}, "barkbands_spread": {"dmean": 11.3894586563, "dmean2": 17.9657154083, "dvar": 192.575683594, "dvar2": 410.177185059, "max": 117.405662537, "mean": 24.6327152252, "median": 19.0806655884, "min": 0.102591089904, "var": 405.833404541}, "dissonance": {"dmean": 0.0119202043861, "dmean2": 0.0195024702698, "dvar": 0.000407039624406, "dvar2": 0.00111430301331, "max": 0.500000059605, "mean": 0.482152700424, "median": 0.489566206932, "min": 0.0411553606391, "var": 0.000517323205713}, "dynamic_complexity": 5.41767644882, "erbbands_crest": {"dmean": 3.2274479866, "dmean2": 5.13804674149, "dvar": 17.2693462372, "dvar2": 35.0708198547, "max": 35.1783905029, "mean": 9.66135692596, "median": 7.30887556076, "min": 2.59250569344, "var": 43.5988197327}, "erbbands_flatness_db": {"dmean": 0.0326647572219, "dmean2": 0.0491133332253, "dvar": 0.00151345913764, "dvar2": 0.00309715024196, "max": 0.543155014515, "mean": 0.159895330667, "median": 0.134147956967, "min": 0.0493455380201, "var": 0.00646237982437}, "erbbands_kurtosis": {"dmean": 3.1313996315, "dmean2": 5.13801383972, "dvar": 131.041946411, "dvar2": 328.910919189, "max": 235.129272461, "mean": 2.52256178856, "median": 0.0641660690308, "min": -1.87565124035, "var": 132.609237671}, "erbbands_skewness": {"dmean": 0.622340619564, "dmean2": 0.948284089565, "dvar": 0.58981436491, "dvar2": 1.1884264946, "max": 7.87774038315, "mean": -0.247680321336, "median": -0.336493432522, "min": -5.74063014984, "var": 1.25744819641}, "erbbands_spread": {"dmean": 15.6252889633, "dmean2": 24.7868309021, "dvar": 285.931732178, "dvar2": 658.73614502, "max": 160.364898682, "mean": 45.1934356689, "median": 38.2182197571, "min": 0.212800621986, "var": 853.113037109}, "hfc": {"dmean": 17.0192394257, "dmean2": 24.3723049164, "dvar": 1325.57531738, "dvar2": 2370.27880859, "max": 387.305938721, "mean": 24.088508606, "median": 10.1573190689, "min": 1.08724844707e-16, "var": 2221.2409668}, "melbands_crest": {"dmean": 3.65447068214, "dmean2": 5.63919734955, "dvar": 18.9048156738, "dvar2": 39.8031768799, "max": 38.0846824646, "mean": 18.3445453644, "median": 16.8733177185, "min": 1.52500545979, "var": 103.740135193}, "melbands_flatness_db": {"dmean": 0.0568096004426, "dmean2": 0.0820889919996, "dvar": 0.00353164598346, "dvar2": 0.00689653586596, "max": 0.646892488003, "mean": 0.214161381125, "median": 0.198171555996, "min": 0.00313038169406, "var": 0.0169705674052}, "melbands_kurtosis": {"dmean": 43.2388191223, "dmean2": 70.0381851196, "dvar": 10114.9628906, "dvar2": 24550.546875, "max": 1056.73376465, "mean": 68.7289657593, "median": 8.89357185364, "min": -1.89946830273, "var": 21847.2460938}, "melbands_skewness": {"dmean": 1.83611130714, "dmean2": 2.84901690483, "dvar": 6.31561994553, "dvar2": 14.725892067, "max": 26.6392593384, "mean": 4.31081008911, "median": 2.51097011566, "min": -12.2445211411, "var": 29.3369979858}, "melbands_spread": {"dmean": 18.4936180115, "dmean2": 29.5699081421, "dvar": 779.588317871, "dvar2": 1511.04296875, "max": 205.744277954, "mean": 37.3064308167, "median": 22.8559513092, "min": 0.211449027061, "var": 1739.96557617}, "pitch_salience": {"dmean": 0.10466131568, "dmean2": 0.166953131557, "dvar": 0.014200758189, "dvar2": 0.0306145437062, "max": 0.919072091579, "mean": 0.47891163826, "median": 0.540721774101, "min": 0.0154170664027, "var": 0.0628318116069}, "silence_rate_20dB": {"dmean": 0, "dmean2": 0, "dvar": 0, "dvar2": 0, "max": 1, "mean": 1, "median": 1, "min": 1, "var": 0}, "silence_rate_30dB": {"dmean": 0.0637196302414, "dmean2": 0.12749004364, "dvar": 0.0596587844193, "dvar2": 0.122392266989, "max": 1, "mean": 0.861066877842, "median": 1, "min": 0, "var": 0.119631849229}, "silence_rate_60dB": {"dmean": 0.0669056177139, "dmean2": 0.133864536881, "dvar": 0.0624268129468, "dvar2": 0.128689751029, "max": 1, "mean": 0.336385339499, "median": 0, "min": 0, "var": 0.223233878613}, "spectral_centroid": {"dmean": 617.660766602, "dmean2": 958.051879883, "dvar": 520450.34375, "dvar2": 894973.5625, "max": 11514.5976562, "mean": 2098.53979492, "median": 1883.86535645, "min": 127.904022217, "var": 1926499.625}, "spectral_complexity": {"dmean": 4.99800872803, "dmean2": 7.506772995, "dvar": 57.8977127075, "dvar2": 111.160919189, "max": 62, "mean": 11.1389331818, "median": 7, "min": 0, "var": 159.741607666}, "spectral_decrease": {"dmean": 2.72747313623e-09, "dmean2": 3.4118419201e-09, "dvar": 2.45817332361e-17, "dvar2": 3.69222389627e-17, "max": 1.22339138594e-28, "mean": -1.01051371715e-08, "median": -2.09238093518e-09, "min": -6.068136571e-08, "var": 1.81530516132e-16}, "spectral_energy": {"dmean": 0.0112093612552, "dmean2": 0.0137815997005, "dvar": 0.000372864480596, "dvar2": 0.000562319066375, "max": 0.23389236629, "mean": 0.0403240099549, "median": 0.00923736393452, "min": 1.00603483245e-20, "var": 0.0027287970297}, "spectral_energyband_high": {"dmean": 0.00141388841439, "dmean2": 0.00210844376124, "dvar": 7.67963319959e-06, "dvar2": 1.47312521221e-05, "max": 0.025859715417, "mean": 0.00159567466471, "median": 0.000381591991754, "min": 7.18308376643e-21, "var": 1.2056041669e-05}, "spectral_energyband_low": {"dmean": 0.00760627165437, "dmean2": 0.00980418454856, "dvar": 0.000309416500386, "dvar2": 0.000453203945654, "max": 0.211426600814, "mean": 0.0305613651872, "median": 0.000510802492499, "min": 1.49843056096e-23, "var": 0.00226820912212}, "spectral_energyband_middle_high": {"dmean": 0.00180964428, "dmean2": 0.00246565672569, "dvar": 1.25063306768e-05, "dvar2": 2.037262675e-05, "max": 0.0380192510784, "mean": 0.00318962382153, "median": 0.00096047797706, "min": 1.26394732406e-21, "var": 2.86189697363e-05}, "spectral_energyband_middle_low": {"dmean": 0.00485977577046, "dmean2": 0.00762940058485, "dvar": 0.000154027715325, "dvar2": 0.000336672848789, "max": 0.20436219871, "mean": 0.00627894187346, "median": 0.00134510791395, "min": 1.44709868766e-22, "var": 0.000237231593928}, "spectral_entropy": {"dmean": 0.373582422733, "dmean2": 0.557769536972, "dvar": 0.214712366462, "dvar2": 0.419072002172, "max": 9.81663227081, "mean": 7.75916624069, "median": 7.957862854, "min": 4.27592325211, "var": 0.515765368938}, "spectral_flux": {"dmean": 0.0332928225398, "dmean2": 0.0502870604396, "dvar": 0.00218984647654, "dvar2": 0.00434336764738, "max": 0.406294971704, "mean": 0.0677397474647, "median": 0.0457496605814, "min": 6.42422712249e-11, "var": 0.00473824003711}, "spectral_kurtosis": {"dmean": 3.22486233711, "dmean2": 5.27041912079, "dvar": 31.2268447876, "dvar2": 73.8802947998, "max": 75.7738494873, "mean": 5.11793375015, "median": 3.19580197334, "min": -1.23889684677, "var": 54.8684921265}, "spectral_rms": {"dmean": 0.000865271606017, "dmean2": 0.00104206125252, "dvar": 1.24479777242e-06, "dvar2": 1.74589365542e-06, "max": 0.0151058826596, "mean": 0.0047327792272, "median": 0.00300200982019, "min": 3.1328858778e-12, "var": 1.69413578988e-05}, "spectral_rolloff": {"dmean": 1508.54882812, "dmean2": 2596.6640625, "dvar": 5854895.5, "dvar2": 12016794, "max": 19466.015625, "mean": 3074.80786133, "median": 1851.85546875, "min": 64.599609375, "var": 13493262}, "spectral_skewness": {"dmean": 0.414163529873, "dmean2": 0.654895663261, "dvar": 0.301875352859, "dvar2": 0.625139296055, "max": 6.74569225311, "mean": 1.47822833061, "median": 1.29999518394, "min": -0.0530604943633, "var": 0.646890163422}, "spectral_spread": {"dmean": 1241837.5, "dmean2": 1869805, "dvar": 2341241356290.0, "dvar2": 4581417287680.0, "max": 41349400, "mean": 5638384.5, "median": 5590346, "min": 838719, "var": 14398985863200.0}, "spectral_strongpeak": {"dmean": 0.391248613596, "dmean2": 0.624237179756, "dvar": 0.493496596813, "dvar2": 1.11502122879, "max": 7.48897457123, "mean": 0.788179755211, "median": 0.544563472271, "min": 0, "var": 0.964969038963}, "zerocrossingrate": {"dmean": 0.0304764509201, "dmean2": 0.0352681055665, "dvar": 0.00121049280278, "dvar2": 0.00176751124673, "max": 0.521484375, "mean": 0.100119620562, "median": 0.07568359375, "min": 0.00244140625, "var": 0.00826349947602}, "barkbands": {"dmean": [0.000199469999643, 0.00722241820768, 0.00159645767417, 0.00239663477987, 0.00216527166776, 0.00045422455878, 0.000192678358871, 0.000163409684319, 0.000166685727891, 0.000143877085065, 0.000111598659714, 0.000200919850613, 0.000164864395629, 0.000176456771442, 0.000363152241334, 0.000290554686217, 0.000305600580759, 0.000283236411633, 0.000255897175521, 0.000227809505304, 0.000258527812548, 0.000222697955905, 0.000143938465044, 0.000188435369637, 0.000242875612457, 0.000174265427631, 0.000182807765668], "dmean2": [0.000277891464066, 0.00995464157313, 0.00275962497108, 0.00394100323319, 0.00351752480492, 0.000707966799382, 0.000318349397276, 0.00026539011742, 0.000290169817163, 0.000226083386224, 0.000177283189259, 0.000308269605739, 0.000250337499892, 0.000267617724603, 0.000560023181606, 0.000451962492662, 0.000455749657704, 0.000413856934756, 0.000400457298383, 0.000349693582393, 0.000421624688897, 0.000336174940458, 0.00020684885385, 0.000293673860142, 0.000387584033888, 0.000270034914138, 0.00026106464793], "dvar": [1.7049730161e-07, 0.000373821269022, 2.95331810776e-05, 5.6103537645e-05, 4.30670042988e-05, 6.16365105088e-06, 1.97491900167e-07, 1.17589500803e-07, 2.51670854823e-07, 9.44789064761e-08, 8.88131808097e-08, 1.72002359022e-07, 1.21557178545e-07, 1.44307435335e-07, 8.00445036475e-07, 4.77263029097e-07, 8.67057906362e-07, 7.37054449473e-07, 3.86327826618e-07, 3.11618975957e-07, 2.3042157693e-07, 1.67284369468e-07, 1.16884741885e-07, 9.26940799673e-08, 6.40466396362e-07, 2.57194926689e-07, 4.27899010447e-07], "dvar2": [4.01927508165e-07, 0.000633247604128, 7.79131587478e-05, 0.000138147835969, 8.76689664437e-05, 1.67947400769e-05, 5.39094514806e-07, 3.11993375135e-07, 7.25179745587e-07, 2.31776709825e-07, 2.14465146087e-07, 3.78447481353e-07, 2.44275668138e-07, 3.28528244609e-07, 1.68253643551e-06, 9.82213009593e-07, 1.54884207859e-06, 1.41643590723e-06, 6.83322070927e-07, 5.58857664146e-07, 5.4017596085e-07, 2.97936594507e-07, 2.40110779259e-07, 2.16172054479e-07, 1.6910788645e-06, 5.32956391908e-07, 8.56616964029e-07], "max": [0.0060638547875, 0.207853108644, 0.0425396636128, 0.139811128378, 0.130970552564, 0.0648147463799, 0.0064514502883, 0.00342548452318, 0.00477876374498, 0.00255467230454, 0.00443337904289, 0.0040803225711, 0.00605878047645, 0.00378157012165, 0.011821267195, 0.00856005214155, 0.0107501633465, 0.0109507264569, 0.00746006239206, 0.00640400918201, 0.00575203821063, 0.00428226171061, 0.00586441531777, 0.00413502566516, 0.0170239768922, 0.00522922212258, 0.00680325040594], "mean": [0.000698687101249, 0.0272993184626, 0.00130965642165, 0.00225751032121, 0.0026935802307, 0.000586777343415, 0.000270260672551, 0.000210539699765, 0.000190645558177, 0.000224985022214, 0.000137594819535, 0.000257275882177, 0.000241594447289, 0.000257165462244, 0.000608326634392, 0.000356694625225, 0.000358971999958, 0.00031472730916, 0.000305015797494, 0.000274714664556, 0.000279027764918, 0.000252046011155, 0.000169532795553, 0.000182235060493, 0.000227648153668, 0.000170808620169, 0.000188722493476], "median": [7.14653651812e-07, 7.03065452399e-05, 3.63475883205e-05, 6.09539856669e-05, 0.000412953493651, 0.000133005465614, 5.22939881193e-05, 4.42416785518e-05, 2.91563992505e-05, 4.08851919929e-05, 1.8181555788e-05, 3.36090342898e-05, 2.85274672933e-05, 2.67826926574e-05, 7.95285741333e-05, 6.28159832559e-05, 5.05449861521e-05, 6.21224317001e-05, 4.93076004204e-05, 5.23132475791e-05, 7.66484008636e-05, 6.70208246447e-05, 2.77011749859e-05, 4.3419051508e-05, 3.80566452804e-05, 8.38124833535e-06, 5.15331294082e-07], "min": [1.22044177609e-24, 4.26145658672e-24, 2.39713194586e-24, 4.38576765475e-24, 1.07534584037e-23, 1.68677867515e-23, 1.31513502198e-23, 1.18255195851e-23, 1.98345805977e-23, 2.02244561675e-23, 2.65216203849e-23, 2.37330586161e-23, 4.61923877048e-23, 5.13017451246e-23, 2.09310041704e-23, 8.06935286281e-23, 8.21917458811e-23, 1.346804553e-22, 1.36718581578e-22, 2.16422563087e-22, 2.70644216899e-22, 4.17710583582e-22, 4.11816063437e-22, 6.74988921905e-22, 9.30063523646e-22, 1.38632108223e-21, 2.05543416422e-21], "var": [1.22892072341e-06, 0.00203382479958, 2.28497628996e-05, 6.15981043666e-05, 6.9995301601e-05, 5.13319082529e-06, 2.27505452699e-07, 1.44320026152e-07, 1.95366453681e-07, 1.69086249002e-07, 1.31172996021e-07, 2.76664451349e-07, 2.62107334947e-07, 3.1141851764e-07, 1.8520275944e-06, 6.8403971909e-07, 1.23704785437e-06, 9.6779353953e-07, 6.33703166386e-07, 5.00775286127e-07, 2.94472016549e-07, 2.75116804005e-07, 1.68475381201e-07, 1.12302352306e-07, 6.12552696566e-07, 3.11812414111e-07, 5.45555053577e-07]}, "erbbands": {"dmean": [0.259813964367, 1.59455955029, 1.69997751713, 5.62130689621, 9.5207157135, 5.11058282852, 3.96537184715, 3.93991827965, 2.65417671204, 3.11382341385, 3.24217104912, 3.78918123245, 4.53765821457, 4.23691749573, 5.67435836792, 8.12663650513, 7.35778999329, 8.80058383942, 11.5991983414, 18.0291233063, 16.2170982361, 17.1812648773, 17.1866397858, 11.9728126526, 13.2068223953, 10.5118932724, 9.34155082703, 11.4105911255, 8.91292572021, 5.38059425354, 3.88131284714, 3.37440252304, 3.56207418442, 3.25971412659, 1.35163998604, 0.680816471577, 0.325193881989, 0.133310630918, 0.029309509322, 0.0022278088145], "dmean2": [0.29641905427, 2.31721568108, 2.73066949844, 9.16596698761, 15.7291975021, 8.18439292908, 6.26194667816, 6.11546945572, 4.31223297119, 5.16442632675, 5.28879404068, 6.58126401901, 7.53366708755, 6.63579416275, 8.79403591156, 12.3687677383, 10.9923362732, 12.8136558533, 17.8432731628, 27.1407489777, 25.1054821014, 25.5738334656, 25.2338123322, 18.2582817078, 19.8868598938, 16.7293739319, 14.5675859451, 18.6341152191, 13.5183935165, 8.10321331024, 5.73098134995, 5.29213809967, 5.4913020134, 5.12328672409, 2.19989776611, 1.03926241398, 0.511320471764, 0.204151779413, 0.0424866266549, 0.00313618965447], "dvar": [0.354083240032, 20.4768753052, 29.8500652313, 313.543945312, 863.82824707, 133.58480835, 249.198974609, 362.855865479, 36.7309188843, 51.9428062439, 50.3316497803, 120.087989807, 154.790115356, 74.5085449219, 195.300216675, 310.716491699, 225.703399658, 367.868225098, 541.296875, 1655.77514648, 1574.06604004, 2960.54272461, 2845.80273438, 1042.74975586, 996.131225586, 739.263122559, 329.442382812, 417.077423096, 237.295852661, 174.353347778, 84.6661529541, 41.1725730896, 30.5379238129, 78.8236618042, 29.7587490082, 3.84036183357, 1.04893445969, 0.202368721366, 0.0112623758614, 6.66885171086e-05], "dvar2": [0.462744086981, 39.3857192993, 74.848449707, 760.063232422, 1816.17944336, 290.447235107, 631.8359375, 984.279907227, 97.732673645, 141.346359253, 132.147171021, 343.070861816, 432.632263184, 174.66355896, 458.276184082, 677.797119141, 469.270111084, 780.723144531, 1230.90991211, 3461.66821289, 3076.27490234, 5216.70410156, 5764.92822266, 1755.14001465, 1727.10095215, 1491.49926758, 677.115661621, 1044.77502441, 418.007720947, 327.202423096, 174.510452271, 96.8530654907, 69.8384552002, 203.921707153, 79.9656219482, 9.13162136078, 2.17426109314, 0.415676683187, 0.0229407697916, 0.000135716472869], "max": [7.20620679855, 48.5851478577, 55.6421966553, 330.420654297, 545.913085938, 192.686218262, 374.52142334, 484.874206543, 89.6987380981, 108.538665771, 61.7548332214, 112.393562317, 128.15977478, 101.809967041, 223.217819214, 206.950927734, 218.449157715, 211.524261475, 234.952377319, 471.177429199, 537.162719727, 621.828491211, 737.734313965, 371.148345947, 412.646362305, 298.066345215, 192.199539185, 276.948852539, 157.711715698, 219.523727417, 141.973327637, 89.5147399902, 76.0457687378, 196.084579468, 111.474876404, 23.3706684113, 9.79151630402, 4.18928813934, 1.11704468727, 0.0971468538046], "mean": [1.12360036373, 4.79777956009, 2.0879149437, 5.44692373276, 10.4987831116, 6.50263929367, 4.94187641144, 5.32266235352, 3.82275390625, 4.33179855347, 4.14334440231, 4.59055566788, 6.24326181412, 6.4642906189, 7.4460773468, 10.6195030212, 11.5319871902, 13.8350992203, 18.0770835876, 30.56183815, 20.6100311279, 19.8811321259, 18.8175945282, 14.6133794785, 15.3873596191, 12.8688869476, 10.4893903732, 11.7670354843, 9.64591312408, 6.40685462952, 4.52899456024, 3.4794614315, 3.42098474503, 3.03612709045, 1.2678155899, 0.624764144421, 0.322461158037, 0.133658796549, 0.0297080446035, 0.00235431781039], "median": [0.00125022279099, 0.0231187157333, 0.14446285367, 0.215875387192, 0.550603985786, 1.20741283894, 1.32739543915, 0.917757868767, 0.836725711823, 1.06301593781, 0.940471768379, 0.852729797363, 1.21301555634, 1.29017996788, 1.24392819405, 1.37089300156, 1.47265744209, 1.6287535429, 2.86381673813, 4.67098426819, 4.36453342438, 3.44689702988, 3.57143759727, 2.64119386673, 2.4424328804, 2.48089504242, 2.83733701706, 3.45527148247, 2.64266991615, 1.03463792801, 0.767577886581, 0.822834253311, 0.751892924309, 0.547285974026, 0.139513641596, 0.0519161522388, 0.0107497135177, 0.00126424687915, 0.000128567378852, 3.75130912289e-05], "min": [1.58908241722e-22, 1.13243004953e-21, 3.21169452787e-21, 1.06290866944e-20, 1.98466769151e-20, 2.20096265856e-20, 7.5430419113e-20, 1.46553411508e-19, 1.13594800667e-19, 2.64409342628e-19, 2.1732412836e-19, 3.94627707722e-19, 5.54776543456e-19, 9.84560926476e-19, 1.68826187834e-18, 1.74431463518e-18, 2.13698926608e-18, 2.55613615812e-18, 2.47738173956e-18, 4.92835615166e-18, 4.03164687272e-18, 5.91260471406e-18, 7.67667779894e-18, 7.49321575652e-18, 9.37006705971e-18, 1.00623659472e-17, 1.0843840695e-17, 1.25963419367e-17, 1.45751027186e-17, 1.07516555517e-17, 1.10261405487e-17, 1.06652772162e-17, 1.17705352712e-17, 1.00337380534e-17, 6.96996611644e-18, 4.86681887717e-18, 2.55577943648e-18, 1.06919432444e-18, 2.60191367739e-19, 2.85542650518e-20], "var": [3.18278431892, 72.8033065796, 30.7915039062, 357.770050049, 1340.87634277, 211.871444702, 237.278091431, 325.234161377, 44.7044715881, 63.3493309021, 59.7788314819, 102.333686829, 160.253417969, 142.03086853, 290.625366211, 504.702270508, 512.562866211, 893.720153809, 1045.94812012, 3794.50317383, 2183.06420898, 4164.1328125, 3522.70703125, 1741.05236816, 1594.58239746, 1128.59082031, 486.901123047, 472.854064941, 386.426239014, 269.180450439, 119.582862854, 49.5725097656, 38.9967651367, 79.2258529663, 26.7293624878, 4.0117816925, 1.25388073921, 0.249666959047, 0.0138434236869, 8.39990752866e-05]}, "gfcc": {"mean": [-100.383621216, 43.9023475647, -110.120033264, 36.9965744019, -47.5176696777, 11.8633594513, -39.1530532837, 2.16056609154, -19.1229076385, 3.16851329803, -16.8763427734, -0.406641662121, -2.58665633202], "cov": [[46803.671875, 995.697937012, 1063.69848633, 2155.49243164, -46.54088974, 909.118164062, 306.981445312, 646.266052246, -582.796691895, 296.369140625, 118.226867676, 357.470367432, -334.747039795], [995.697937012, 4771.01806641, -80.8620223999, -485.069702148, 466.227783203, -170.428756714, 400.586151123, -321.186676025, 444.565856934, -149.224716187, 326.876068115, -118.004890442, 197.643707275], [1063.69848633, -80.8620223999, 1508.2520752, 578.015136719, 508.259216309, 155.260543823, 528.651123047, 328.106872559, 165.670089722, 140.454376221, 186.206100464, 163.256317139, 2.90181112289], [2155.49243164, -485.069702148, 578.015136719, 927.491943359, 320.839996338, 319.142120361, 231.896011353, 331.781585693, 127.013175964, 119.475395203, 55.9059371948, 96.2530899048, 11.6214342117], [-46.54088974, 466.227783203, 508.259216309, 320.839996338, 952.269042969, 66.8451080322, 526.658569336, 151.206344604, 397.05657959, 68.6997528076, 192.847229004, 125.515434265, 75.0550842285], [909.118164062, -170.428756714, 155.260543823, 319.142120361, 66.8451080322, 432.96685791, 126.622375488, 213.69593811, 54.0333175659, 148.493743896, 73.1817245483, 18.7912731171, 40.954788208], [306.981445312, 400.586151123, 528.651123047, 231.896011353, 526.658569336, 126.622375488, 563.118896484, 212.879058838, 261.292205811, 92.6978759766, 247.896057129, 142.765151978, 28.0565986633], [646.266052246, -321.186676025, 328.106872559, 331.781585693, 151.206344604, 213.69593811, 212.879058838, 286.574371338, 100.905647278, 124.126304626, 106.430305481, 102.94732666, 23.8506984711], [-582.796691895, 444.565856934, 165.670089722, 127.013175964, 397.05657959, 54.0333175659, 261.292205811, 100.905647278, 320.233184814, 78.2156982422, 130.217529297, 60.022315979, 93.0187530518], [296.369140625, -149.224716187, 140.454376221, 119.475395203, 68.6997528076, 148.493743896, 92.6978759766, 124.126304626, 78.2156982422, 155.604049683, 70.804473877, 36.1265068054, 41.6460266113], [118.226867676, 326.876068115, 186.206100464, 55.9059371948, 192.847229004, 73.1817245483, 247.896057129, 106.430305481, 130.217529297, 70.804473877, 198.889953613, 90.1242752075, 35.1409721375], [357.470367432, -118.004890442, 163.256317139, 96.2530899048, 125.515434265, 18.7912731171, 142.765151978, 102.94732666, 60.022315979, 36.1265068054, 90.1242752075, 131.82220459, 17.6490478516], [-334.747039795, 197.643707275, 2.90181112289, 11.6214342117, 75.0550842285, 40.954788208, 28.0565986633, 23.8506984711, 93.0187530518, 41.6460266113, 35.1409721375, 17.6490478516, 95.2476806641]], "icov": [[3.28033784172e-05, -5.82501597819e-05, 2.42540008912e-05, -9.9925113318e-05, -2.42917394644e-05, -1.04839518826e-05, 1.06535089799e-05, 4.00988085403e-07, 0.00018230144633, -0.000186952442164, 0.000110093584226, -0.00021533817926, 0.000171014326042], [-5.82501597819e-05, 0.000586097477935, -0.000116180453915, 0.000186434903299, 0.000231654979871, -0.000108658321551, -0.000356000266038, 0.000789504207205, -0.000839906511828, 0.00124249374494, -0.00134596542921, 0.00137026095763, -0.001149099553], [2.42540008912e-05, -0.000116180453915, 0.00140001717955, -0.000682819925714, -0.000224294912186, 0.000790972087998, -0.00138160330243, -0.000644620798994, 0.00131744216196, -0.00109007861465, 0.000621694722213, 5.22160189576e-06, -0.000268314353889], [-9.9925113318e-05, 0.000186434903299, -0.000682819925714, 0.00295618060045, -0.00069700932363, -0.00125939107966, 0.00108160660602, -0.00232176971622, -0.00112567376345, 0.00155863317195, 0.000596814032178, 0.000229686076636, 0.000430691521615], [-2.42917394644e-05, 0.000231654979871, -0.000224294912186, -0.00069700932363, 0.00379380420782, -8.40926732053e-05, -0.00291442358866, 0.00228061061352, -0.00339764100499, 0.000797466665972, 0.00105025491212, -0.000492066785228, -0.000467000674689], [-1.04839518826e-05, -0.000108658321551, 0.000790972087998, -0.00125939107966, -8.40926732053e-05, 0.005909726955, -0.00128566031344, -0.00329732731916, 0.00247268308885, -0.0031891760882, -0.000596043595579, 0.00355472089723, -0.00241139368154], [1.06535089799e-05, -0.000356000266038, -0.00138160330243, 0.00108160660602, -0.00291442358866, -0.00128566031344, 0.010556765832, -0.00290565937757, -0.00217372900806, 0.00140966707841, -0.00599243771285, -0.00162403425202, 0.00517189875245], [4.00988085403e-07, 0.000789504207205, -0.000644620798994, -0.00232176971622, 0.00228061061352, -0.00329732731916, -0.00290565937757, 0.0152135845274, -0.00285237375647, -0.00234097242355, -0.000715437461622, -0.00484775798395, 0.000304476474412], [0.00018230144633, -0.000839906511828, 0.00131744216196, -0.00112567376345, -0.00339764100499, 0.00247268308885, -0.00217372900806, -0.00285237375647, 0.0132851079106, -0.00425509084016, 0.00036194283166, 0.00108113279566, -0.00599815044552], [-0.000186952442164, 0.00124249374494, -0.00109007861465, 0.00155863317195, 0.000797466665972, -0.0031891760882, 0.00140966707841, -0.00234097242355, -0.00425509084016, 0.0163468066603, -0.00533322012052, 0.00348721654154, -0.00414886232466], [0.000110093584226, -0.00134596542921, 0.000621694722213, 0.000596814032178, 0.00105025491212, -0.000596043595579, -0.00599243771285, -0.000715437461622, 0.00036194283166, -0.00533322012052, 0.0186546817422, -0.00817616097629, 0.00107202562504], [-0.00021533817926, 0.00137026095763, 5.22160189576e-06, 0.000229686076636, -0.000492066785228, 0.00355472089723, -0.00162403425202, -0.00484775798395, 0.00108113279566, 0.00348721654154, -0.00817616097629, 0.0197134613991, -0.00629364466295], [0.000171014326042, -0.001149099553, -0.000268314353889, 0.000430691521615, -0.000467000674689, -0.00241139368154, 0.00517189875245, 0.000304476474412, -0.00599815044552, -0.00414886232466, 0.00107202562504, -0.00629364466295, 0.0216876901686]]}, "melbands": {"dmean": [0.00220502680168, 0.00117374467663, 0.00107333424967, 0.000543389527593, 0.000147478451254, 8.45586328069e-05, 4.02632649639e-05, 3.50933332811e-05, 2.50997036346e-05, 2.49323020398e-05, 2.28576227528e-05, 1.74020642589e-05, 1.56917303684e-05, 2.55206323345e-05, 1.42363078339e-05, 2.03492600122e-05, 1.59076862474e-05, 1.38159648486e-05, 3.47149289155e-05, 1.90659848158e-05, 1.88512476598e-05, 1.71645478986e-05, 1.88677349797e-05, 1.25396227304e-05, 9.50569028646e-06, 1.07642727016e-05, 9.06667537492e-06, 6.85688655722e-06, 6.25892971584e-06, 5.60837452213e-06, 7.08379684511e-06, 5.63196772418e-06, 3.45356261278e-06, 2.90229490929e-06, 2.39494579546e-06, 1.98629686565e-06, 2.04322509489e-06, 2.25186931857e-06, 3.06129686578e-06, 2.6651830467e-06], "dmean2": [0.00282067456283, 0.00171470222995, 0.00175587565172, 0.000883318542037, 0.000231780883041, 0.000131458888063, 6.59984871163e-05, 5.78953404329e-05, 4.14921159972e-05, 4.34059402323e-05, 3.76899661205e-05, 2.72566576314e-05, 2.44593047682e-05, 3.91881840187e-05, 2.2047357561e-05, 3.00289812003e-05, 2.38458505919e-05, 2.20177735173e-05, 5.30380602868e-05, 2.93832436e-05, 2.94933161058e-05, 2.61364857579e-05, 2.90194620902e-05, 1.83054507943e-05, 1.47653245222e-05, 1.7155382011e-05, 1.32831119117e-05, 1.133738715e-05, 9.7930769698e-06, 9.43256691244e-06, 1.16077408165e-05, 8.58825933392e-06, 5.34164973942e-06, 4.32579236076e-06, 3.60620560969e-06, 3.10011068905e-06, 3.26682356899e-06, 3.49885499418e-06, 4.7682569857e-06, 4.26098495154e-06], "dvar": [3.01693617075e-05, 1.0383722838e-05, 9.02530518943e-06, 2.60515321315e-06, 2.10425213254e-07, 1.82388149028e-07, 8.03280464368e-09, 6.14828543632e-09, 3.18126081034e-09, 5.49362466629e-09, 3.80824083379e-09, 1.28620258888e-09, 1.59793167587e-09, 2.70169486782e-09, 9.59084700547e-10, 2.00597405353e-09, 1.33761002274e-09, 1.01194574942e-09, 9.38643474058e-09, 2.12560058444e-09, 2.30418129021e-09, 2.85966672564e-09, 3.93485510841e-09, 1.35269051516e-09, 6.64623522884e-10, 6.79673539672e-10, 5.40147870876e-10, 3.30857119479e-10, 1.55256488221e-10, 1.369788033e-10, 1.39661421317e-10, 9.04683827851e-11, 6.51453058165e-11, 5.28151480883e-11, 4.03912320257e-11, 1.68290416325e-11, 1.64226132693e-11, 1.48778264014e-11, 2.54355234791e-11, 7.14864625828e-11], "dvar2": [4.56491834484e-05, 2.25508392759e-05, 2.15911022678e-05, 5.39013490197e-06, 5.13402710567e-07, 4.97094333696e-07, 2.14450537328e-08, 1.68025913183e-08, 8.45079295431e-09, 1.57039572457e-08, 1.05644684112e-08, 2.95026780783e-09, 3.79319109456e-09, 5.93607785149e-09, 2.23714513581e-09, 3.89161369796e-09, 2.97085667178e-09, 2.45082509842e-09, 1.94278868548e-08, 4.61107552141e-09, 4.61685401021e-09, 4.87380447112e-09, 8.55567794389e-09, 2.43640840836e-09, 1.15745135698e-09, 1.3127933185e-09, 9.61218438178e-10, 7.74193487096e-10, 3.1420377411e-10, 3.42778888607e-10, 3.4712646646e-10, 1.70807257227e-10, 1.21172141765e-10, 1.02486803766e-10, 8.22565349168e-11, 3.87604219554e-11, 3.98963952153e-11, 3.52648292512e-11, 5.67910649063e-11, 1.9015321262e-10], "max": [0.0602619498968, 0.0378804504871, 0.0513494126499, 0.029229639098, 0.0104887131602, 0.0110271135345, 0.00120684376452, 0.00107515323907, 0.000502579496242, 0.000750963867176, 0.000632710929494, 0.000417301693233, 0.000618290621787, 0.000567484821659, 0.000298305734759, 0.000814283150248, 0.000439616036601, 0.000319794635288, 0.00133151584305, 0.000733543536626, 0.000676523370203, 0.000612486968748, 0.000779797788709, 0.00050793401897, 0.000288635521429, 0.000318609294482, 0.000306211586576, 0.000208834942896, 0.000130441811052, 0.000150942665641, 0.000175477252924, 0.000108521038783, 9.8476470157e-05, 0.000127196923131, 8.57158011058e-05, 8.11654972495e-05, 6.49808134767e-05, 5.54989164812e-05, 9.6538773505e-05, 0.000185442186194], "mean": [0.00873519852757, 0.00276844180189, 0.0010812029941, 0.000643807987217, 0.000188823949429, 0.000113545262138, 5.79747356824e-05, 4.79944501421e-05, 3.15819634125e-05, 2.92779131996e-05, 3.14832941513e-05, 2.66938222921e-05, 2.00554459298e-05, 3.25240798702e-05, 1.95290122065e-05, 3.06803813146e-05, 2.39796390815e-05, 1.84346754395e-05, 5.97212128923e-05, 2.61772183876e-05, 2.307404975e-05, 2.03191011678e-05, 1.91947674466e-05, 1.43456009027e-05, 1.13992473416e-05, 1.21961174955e-05, 1.02667499959e-05, 7.95531195763e-06, 6.81279016135e-06, 5.93435106566e-06, 7.19572835806e-06, 5.83814698984e-06, 4.04962929679e-06, 3.38097902386e-06, 2.73762816505e-06, 2.21491677621e-06, 1.99560736291e-06, 2.19152593672e-06, 2.80540098174e-06, 2.46607532972e-06], "median": [1.55202251335e-05, 8.38354608277e-05, 4.01436227548e-05, 6.68316497467e-05, 4.91727914778e-05, 2.05170726986e-05, 1.22049295896e-05, 1.20317954497e-05, 6.65382094667e-06, 4.34716548625e-06, 5.67682172914e-06, 4.99766747453e-06, 3.48791968463e-06, 4.06412254961e-06, 2.75394768323e-06, 3.2256718896e-06, 2.57738452092e-06, 2.79828327621e-06, 6.48414606985e-06, 5.08444963998e-06, 3.9336878217e-06, 2.71745602731e-06, 3.18612728734e-06, 2.75805336969e-06, 1.88812919077e-06, 1.91827393792e-06, 1.45848139255e-06, 1.56080568559e-06, 1.72000318344e-06, 1.41687678479e-06, 2.23895312956e-06, 1.80995721166e-06, 6.27195504421e-07, 4.88027410483e-07, 3.96031083483e-07, 4.71043705375e-07, 4.36163020368e-07, 5.20501600931e-07, 4.89751528221e-07, 4.16619684529e-07], "min": [1.90629006886e-24, 2.28693182449e-24, 2.18931620393e-24, 1.86785656834e-24, 2.4031694928e-24, 3.2697515382e-24, 2.22309128359e-24, 2.48568276577e-24, 1.45529552833e-24, 2.1545053499e-24, 2.44203765568e-24, 2.70390516076e-24, 4.5240506327e-24, 2.85994027009e-24, 3.43685831034e-24, 4.40963227485e-24, 4.24238626877e-24, 3.51754103157e-24, 2.58399061177e-24, 6.83729333496e-24, 3.55660266259e-24, 5.42723049929e-24, 4.32265444359e-24, 5.77010139756e-24, 5.05074426569e-24, 5.53824018916e-24, 6.68161163532e-24, 5.71877692378e-24, 6.05372410869e-24, 5.74529921627e-24, 6.46851308911e-24, 7.45697591931e-24, 6.81707167452e-24, 6.01055961211e-24, 6.0303414826e-24, 6.1068984613e-24, 5.87731587762e-24, 6.53423033012e-24, 6.71519502177e-24, 8.17551697458e-24], "var": [0.000201180082513, 2.65229191427e-05, 1.07684109025e-05, 4.03112744607e-06, 2.32193272609e-07, 1.59162368618e-07, 9.88684067948e-09, 7.404683533e-09, 3.60770036067e-09, 4.57984494773e-09, 4.09245082267e-09, 2.57833798756e-09, 2.38900721428e-09, 4.36267066917e-09, 1.74899483785e-09, 4.5077390709e-09, 3.03947778058e-09, 1.47213641277e-09, 2.24519052239e-08, 3.50305562336e-09, 3.03693270531e-09, 4.28413704512e-09, 4.22261425825e-09, 1.93551596972e-09, 1.09499487255e-09, 9.8140828797e-10, 8.16631040568e-10, 4.36319758101e-10, 2.23327745186e-10, 1.50213855243e-10, 1.5836498779e-10, 1.3341543148e-10, 1.04927767863e-10, 7.78283340552e-11, 5.52211540383e-11, 2.22862631127e-11, 1.75693765092e-11, 1.74191841507e-11, 3.40562786305e-11, 6.66219787671e-11]}, "mfcc": {"mean": [-727.76184082, 75.5427780151, 1.83595812321, 23.7845859528, 11.3995275497, 8.70594215393, -1.64994728565, -2.87680745125, 5.081387043, -2.74945521355, -3.6292989254, -1.85313653946, -0.520188391209], "cov": [[22160.1679688, 1511.1776123, 864.350830078, 1342.84887695, 311.248596191, 603.283630371, 922.016418457, 587.021179199, -59.7205429077, 146.510650635, 573.24206543, 167.467224121, -65.0266342163], [1511.1776123, 4265.63378906, -221.537307739, 119.322555542, 30.5781879425, 230.427642822, -43.2105712891, 131.377685547, -104.301986694, 270.163543701, -25.5244026184, -48.1141242981, 190.914993286], [864.350830078, -221.537307739, 875.546875, 331.244415283, 95.2715988159, 70.6325836182, 219.546646118, 121.017272949, 120.839607239, 55.4655570984, 129.791900635, 93.2944946289, 27.580909729], [1342.84887695, 119.322555542, 331.244415283, 795.305175781, 334.758361816, 228.336959839, 230.152206421, 349.024230957, 177.328765869, 173.348022461, 157.948959351, 139.011611938, 149.079421997], [311.248596191, 30.5781879425, 95.2715988159, 334.758361816, 336.698730469, 193.035079956, 131.089828491, 183.000976562, 168.295959473, 131.386688232, 88.1800231934, 74.9021224976, 114.420661926], [603.283630371, 230.427642822, 70.6325836182, 228.336959839, 193.035079956, 255.891555786, 168.143493652, 174.0262146, 111.28616333, 157.520584106, 113.386558533, 71.491607666, 89.7078933716], [922.016418457, -43.2105712891, 219.546646118, 230.152206421, 131.089828491, 168.143493652, 298.236419678, 199.14151001, 101.198379517, 101.961723328, 188.590133667, 127.935707092, 46.9759292603], [587.021179199, 131.377685547, 121.017272949, 349.024230957, 183.000976562, 174.0262146, 199.14151001, 311.428192139, 122.988945007, 131.869766235, 143.357269287, 149.80279541, 115.022186279], [-59.7205429077, -104.301986694, 120.839607239, 177.328765869, 168.295959473, 111.28616333, 101.198379517, 122.988945007, 189.833023071, 114.302841187, 78.3875427246, 82.3674087524, 96.1596450806], [146.510650635, 270.163543701, 55.4655570984, 173.348022461, 131.386688232, 157.520584106, 101.961723328, 131.869766235, 114.302841187, 219.327590942, 101.165107727, 46.5755577087, 110.65045929], [573.24206543, -25.5244026184, 129.791900635, 157.948959351, 88.1800231934, 113.386558533, 188.590133667, 143.357269287, 78.3875427246, 101.165107727, 196.550796509, 115.11315155, 35.6883354187], [167.467224121, -48.1141242981, 93.2944946289, 139.011611938, 74.9021224976, 71.491607666, 127.935707092, 149.80279541, 82.3674087524, 46.5755577087, 115.11315155, 180.457046509, 70.5044708252], [-65.0266342163, 190.914993286, 27.580909729, 149.079421997, 114.420661926, 89.7078933716, 46.9759292603, 115.022186279, 96.1596450806, 110.65045929, 35.6883354187, 70.5044708252, 148.74382019]], "icov": [[6.31875518593e-05, -2.45934497798e-05, -2.04693333217e-06, -0.000128725601826, 6.21319704806e-05, -0.000105172708572, -0.000162779761013, 6.26371038379e-05, 8.57557170093e-05, 0.000132509783725, -0.000102480116766, 9.32147086132e-05, 3.35840704793e-05], [-2.45934497798e-05, 0.000329720118316, -3.23940503222e-06, 5.72435528738e-05, 6.25015454716e-05, -0.000299245119095, 0.000219134177314, -0.000146251826664, 0.00064515916165, -0.000469239457743, 0.000164055105415, 1.68890692294e-05, -0.000429820909631], [-2.04693333217e-06, -3.23940503222e-06, 0.00178928591777, -0.00100284349173, 0.000662170874421, 0.000568495423067, -0.00163298286498, 0.0010545271216, -0.00113457825501, 6.4527754148e-05, 0.000245840783464, -0.000102958314528, 0.00019991985755], [-0.000128725601826, 5.72435528738e-05, -0.00100284349173, 0.00394916394725, -0.00258995895274, 0.000614769989625, 0.000924865424167, -0.00352435209788, 0.000867056311108, -0.000426040845923, -5.04473027831e-05, 0.000600801373366, -0.000363340659533], [6.21319704806e-05, 6.25015454716e-05, 0.000662170874421, -0.00258995895274, 0.00974460318685, -0.00469946535304, 0.00039638672024, 0.000251736491919, -0.00541390106082, 0.00254703732207, -0.000678403011989, 0.00183533912059, -0.00166358042043], [-0.000105172708572, -0.000299245119095, 0.000568495423067, 0.000614769989625, -0.00469946535304, 0.0132899135351, -0.00482133263722, -0.00127635197714, 0.000812052749097, -0.00569748226553, 0.00186462607235, -7.81295457273e-05, 0.00102907628752], [-0.000162779761013, 0.000219134177314, -0.00163298286498, 0.000924865424167, 0.00039638672024, -0.00482133263722, 0.0141167454422, -0.00402116728947, -0.000657117925584, 0.00222923583351, -0.00824032258242, -1.34403830998e-06, 0.00102171034086], [6.26371038379e-05, -0.000146251826664, 0.0010545271216, -0.00352435209788, 0.000251736491919, -0.00127635197714, -0.00402116728947, 0.0128897260875, 0.000241232963162, -0.000820827204734, 0.000539217609912, -0.00485946377739, -0.00194088683929], [8.57557170093e-05, 0.00064515916165, -0.00113457825501, 0.000867056311108, -0.00541390106082, 0.000812052749097, -0.000657117925584, 0.000241232963162, 0.0153484819457, -0.00471402751282, 0.000905169581529, -0.00300749554299, -0.0029606805183], [0.000132509783725, -0.000469239457743, 6.4527754148e-05, -0.000426040845923, 0.00254703732207, -0.00569748226553, 0.00222923583351, -0.000820827204734, -0.00471402751282, 0.0163092017174, -0.00865869875997, 0.00684958091006, -0.00777127360925], [-0.000102480116766, 0.000164055105415, 0.000245840783464, -5.04473027831e-05, -0.000678403011989, 0.00186462607235, -0.00824032258242, 0.000539217609912, 0.000905169581529, -0.00865869875997, 0.0198548901826, -0.00834940373898, 0.00638219853863], [9.32147086132e-05, 1.68890692294e-05, -0.000102958314528, 0.000600801373366, 0.00183533912059, -7.81295457273e-05, -1.34403830998e-06, -0.00485946377739, -0.00300749554299, 0.00684958091006, -0.00834940373898, 0.0159775018692, -0.00689165759832], [3.35840704793e-05, -0.000429820909631, 0.00019991985755, -0.000363340659533, -0.00166358042043, 0.00102907628752, 0.00102171034086, -0.00194088683929, -0.0029606805183, -0.00777127360925, 0.00638219853863, -0.00689165759832, 0.018884094432]]}, "spectral_contrast_coeffs": {"dmean": [0.0579735711217, 0.0432634837925, 0.0359804555774, 0.0375350229442, 0.0268775783479, 0.022360900417], "dmean2": [0.092600338161, 0.0698001235723, 0.0581028796732, 0.0562089271843, 0.0426145866513, 0.0368093252182], "dvar": [0.00290408101864, 0.00128763762768, 0.00118871661834, 0.00114802981261, 0.000630733033177, 0.000399533513701], "dvar2": [0.00620688218623, 0.003238016041, 0.00267765298486, 0.00225543300621, 0.00148648920003, 0.00101555918809], "max": [-0.256627172232, -0.561899363995, -0.528920769691, -0.504969656467, -0.567317664623, -0.597754359245], "mean": [-0.63597202301, -0.807508349419, -0.818165779114, -0.770311236382, -0.812868893147, -0.775028586388], "median": [-0.645470023155, -0.813066184521, -0.831355929375, -0.782898783684, -0.818992137909, -0.773837149143], "min": [-0.971269369125, -0.976489961147, -0.97458833456, -0.96876168251, -0.966584205627, -0.96658205986], "var": [0.0133578302339, 0.00445542717353, 0.00534164439887, 0.00683538010344, 0.00248215696774, 0.00178509415127]}, "spectral_contrast_valleys": {"dmean": [0.521307587624, 0.547770678997, 0.503429114819, 0.530565619469, 0.705058038235, 1.04043269157], "dmean2": [0.806783616543, 0.821697473526, 0.756047904491, 0.778283178806, 0.980599939823, 1.4192751646], "dvar": [0.294523507357, 0.393853366375, 0.338909596205, 0.364449232817, 0.596625208855, 1.1293708086], "dvar2": [0.508728921413, 0.803277730942, 0.670686721802, 0.706269979477, 1.1398011446, 2.16976928711], "max": [-5.09721040726, -4.83441162109, -5.73815155029, -5.82681179047, -5.03535890579, -7.38405370712], "mean": [-9.00060272217, -8.05805778503, -8.59462928772, -8.87888717651, -8.37830448151, -10.6