{"lowlevel": {"average_loudness": 0.92957419157, "barkbands_crest": {"dmean": 2.62474870682, "dmean2": 4.18403911591, "dvar": 7.13887262344, "dvar2": 17.0536155701, "max": 25.4039402008, "mean": 8.74382591248, "median": 7.87437582016, "min": 2.38116788864, "var": 14.9418783188}, "barkbands_flatness_db": {"dmean": 0.0226281695068, "dmean2": 0.0336190909147, "dvar": 0.000566940987483, "dvar2": 0.00123584037647, "max": 0.363110870123, "mean": 0.125170350075, "median": 0.117935612798, "min": 0.0115158511326, "var": 0.00362457591109}, "barkbands_kurtosis": {"dmean": 2.60030508041, "dmean2": 4.34768199921, "dvar": 55.3402748108, "dvar2": 146.036682129, "max": 118.074363708, "mean": 1.26080942154, "median": -0.47238779068, "min": -1.86944568157, "var": 44.3313560486}, "barkbands_skewness": {"dmean": 0.638215184212, "dmean2": 0.95706140995, "dvar": 0.654523313046, "dvar2": 1.47745811939, "max": 9.38220310211, "mean": 0.986659228802, "median": 0.865313768387, "min": -2.43072009087, "var": 1.27540659904}, "barkbands_spread": {"dmean": 6.38417863846, "dmean2": 10.0497627258, "dvar": 58.7685279846, "dvar2": 127.494361877, "max": 117.701942444, "mean": 29.7813854218, "median": 27.8226127625, "min": 1.78793680668, "var": 155.2784729}, "dissonance": {"dmean": 0.0118894455954, "dmean2": 0.0195589903742, "dvar": 0.000117843439511, "dvar2": 0.00028332718648, "max": 0.5, "mean": 0.47516721487, "median": 0.478297561407, "min": 0.342229962349, "var": 0.000261872046394}, "dynamic_complexity": 1.93778061867, "erbbands_crest": {"dmean": 2.44715595245, "dmean2": 4.00615310669, "dvar": 6.22836828232, "dvar2": 16.334810257, "max": 24.9589309692, "mean": 8.2849521637, "median": 7.37339925766, "min": 2.42753314972, "var": 13.6685199738}, "erbbands_flatness_db": {"dmean": 0.0208945348859, "dmean2": 0.0299011636525, "dvar": 0.00044480629731, "dvar2": 0.000833116064314, "max": 0.397414565086, "mean": 0.171251341701, "median": 0.163082510233, "min": 0.038629591465, "var": 0.00518639851362}, "erbbands_kurtosis": {"dmean": 0.774498820305, "dmean2": 1.23823678493, "dvar": 1.19807243347, "dvar2": 3.03466916084, "max": 11.2885408401, "mean": -0.213919505477, "median": -0.620182752609, "min": -1.83344566822, "var": 1.79034698009}, "erbbands_skewness": {"dmean": 0.376412242651, "dmean2": 0.566359102726, "dvar": 0.138576671481, "dvar2": 0.294465363026, "max": 1.90265369415, "mean": -0.401937991381, "median": -0.341447770596, "min": -2.86610507965, "var": 0.428724050522}, "erbbands_spread": {"dmean": 8.26897907257, "dmean2": 12.7262964249, "dvar": 73.520652771, "dvar2": 163.947998047, "max": 114.222229004, "mean": 39.7004394531, "median": 38.2597885132, "min": 6.75959920883, "var": 192.020782471}, "hfc": {"dmean": 12.2765731812, "dmean2": 19.6726760864, "dvar": 606.248718262, "dvar2": 1577.65234375, "max": 378.635955811, "mean": 22.3167743683, "median": 15.3817548752, "min": 1.13532683125e-16, "var": 576.54473877}, "melbands_crest": {"dmean": 3.80885219574, "dmean2": 5.93313455582, "dvar": 12.1447925568, "dvar2": 28.5457267761, "max": 34.6569023132, "mean": 14.413233757, "median": 13.6204071045, "min": 2.45945715904, "var": 31.5511894226}, "melbands_flatness_db": {"dmean": 0.0276074744761, "dmean2": 0.04068165645, "dvar": 0.000914067262784, "dvar2": 0.0019060394261, "max": 0.419618874788, "mean": 0.179597496986, "median": 0.17114661634, "min": 0.00631327694282, "var": 0.00352570903488}, "melbands_kurtosis": {"dmean": 7.25609970093, "dmean2": 11.6841411591, "dvar": 318.304443359, "dvar2": 806.813293457, "max": 220.946014404, "mean": 7.94567966461, "median": 3.49810218811, "min": -1.84491145611, "var": 300.588104248}, "melbands_skewness": {"dmean": 0.831863999367, "dmean2": 1.24391460419, "dvar": 1.19974160194, "dvar2": 2.68804478645, "max": 12.9564971924, "mean": 2.19875025749, "median": 1.94573307037, "min": -1.14283788204, "var": 2.28478980064}, "melbands_spread": {"dmean": 10.1970500946, "dmean2": 15.256608963, "dvar": 93.6776351929, "dvar2": 193.738983154, "max": 130.044067383, "mean": 34.6773490906, "median": 32.8844261169, "min": 1.08133232594, "var": 280.171508789}, "pitch_salience": {"dmean": 0.0807176753879, "dmean2": 0.12743511796, "dvar": 0.00588438101113, "dvar2": 0.0147684644908, "max": 0.90331184864, "mean": 0.557999074459, "median": 0.561994493008, "min": 0.153867855668, "var": 0.0132416905835}, "silence_rate_20dB": {"dmean": 0, "dmean2": 0, "dvar": 0, "dvar2": 0, "max": 1, "mean": 1, "median": 1, "min": 1, "var": 0}, "silence_rate_30dB": {"dmean": 0.037342119962, "dmean2": 0.0747047513723, "dvar": 0.0359465144575, "dvar2": 0.0801116004586, "max": 1, "mean": 0.967883586884, "median": 1, "min": 0, "var": 0.0310838669538}, "silence_rate_60dB": {"dmean": 0.0291048865765, "dmean2": 0.058225762099, "dvar": 0.0282575581223, "dvar2": 0.06691917032, "max": 1, "mean": 0.0458413399756, "median": 0, "min": 0, "var": 0.0437399819493}, "spectral_centroid": {"dmean": 309.024963379, "dmean2": 465.340270996, "dvar": 98966.3203125, "dvar2": 195217.3125, "max": 10552.4384766, "mean": 1764.26940918, "median": 1785.38232422, "min": 254.598648071, "var": 296107.625}, "spectral_complexity": {"dmean": 6.02196598053, "dmean2": 9.11123275757, "dvar": 45.7291793823, "dvar2": 90.780166626, "max": 55, "mean": 20.9470214844, "median": 20, "min": 0, "var": 91.5235748291}, "spectral_decrease": {"dmean": 4.04165856338e-09, "dmean2": 6.73698075104e-09, "dvar": 1.08552440415e-16, "dvar2": 2.8320964814e-16, "max": -5.96745819766e-30, "mean": -5.57817081415e-09, "median": -3.49799544885e-09, "min": -9.96603191084e-08, "var": 8.40967463433e-17}, "spectral_energy": {"dmean": 0.016196494922, "dmean2": 0.0269266609102, "dvar": 0.00161182368174, "dvar2": 0.00419816793874, "max": 0.380023628473, "mean": 0.0230775009841, "median": 0.014962839894, "min": 1.03202672137e-20, "var": 0.00126329658087}, "spectral_energyband_high": {"dmean": 0.000505688774865, "dmean2": 0.000829370692372, "dvar": 2.27268265007e-06, "dvar2": 6.11877703705e-06, "max": 0.0261657182127, "mean": 0.000773033883888, "median": 0.000314727134537, "min": 7.71841260221e-21, "var": 2.10527105082e-06}, "spectral_energyband_low": {"dmean": 0.00951912160963, "dmean2": 0.0164297260344, "dvar": 0.00129570218269, "dvar2": 0.00345304422081, "max": 0.346732020378, "mean": 0.00827587861568, "median": 0.0012789783068, "min": 2.79750902919e-23, "var": 0.000932009425014}, "spectral_energyband_middle_high": {"dmean": 0.00283446116373, "dmean2": 0.00452653737739, "dvar": 2.63548699877e-05, "dvar2": 6.53529132251e-05, "max": 0.070191219449, "mean": 0.00531592220068, "median": 0.00400681141764, "min": 1.51820166192e-21, "var": 2.63283491222e-05}, "spectral_energyband_middle_low": {"dmean": 0.00544862635434, "dmean2": 0.00889931432903, "dvar": 0.000139309719088, "dvar2": 0.000360268488294, "max": 0.150688245893, "mean": 0.00962226465344, "median": 0.007040460594, "min": 3.23628886324e-22, "var": 0.000124858575873}, "spectral_entropy": {"dmean": 0.164244771004, "dmean2": 0.243280515075, "dvar": 0.0299978516996, "dvar2": 0.059358522296, "max": 9.80195140839, "mean": 7.54149007797, "median": 7.55076551437, "min": 5.77013301849, "var": 0.174275562167}, "spectral_flux": {"dmean": 0.0380876511335, "dmean2": 0.059369623661, "dvar": 0.00386381428689, "dvar2": 0.00741939013824, "max": 0.55164039135, "mean": 0.0851238518953, "median": 0.0606908686459, "min": 1.01588716606e-10, "var": 0.00589727796614}, "spectral_kurtosis": {"dmean": 2.30922436714, "dmean2": 3.88878107071, "dvar": 9.78014945984, "dvar2": 29.3602638245, "max": 46.9905586243, "mean": 5.92250776291, "median": 5.22247695923, "min": -1.16941821575, "var": 13.597700119}, "spectral_rms": {"dmean": 0.0012286666315, "dmean2": 0.00188734568655, "dvar": 4.22982566306e-06, "dvar2": 9.94968831947e-06, "max": 0.0192549936473, "mean": 0.00417807837948, "median": 0.00382071896456, "min": 3.1730985027e-12, "var": 5.05828393216e-06}, "spectral_rolloff": {"dmean": 704.618896484, "dmean2": 1154.67834473, "dvar": 1818324.75, "dvar2": 4034249.25, "max": 18647.7539062, "mean": 2358.87988281, "median": 2347.11914062, "min": 64.599609375, "var": 2633325}, "spectral_skewness": {"dmean": 0.275238156319, "dmean2": 0.455918997526, "dvar": 0.105226278305, "dvar2": 0.305793136358, "max": 4.67253351212, "mean": 1.5112657547, "median": 1.57457911968, "min": -0.121463119984, "var": 0.24867194891}, "spectral_spread": {"dmean": 682893.875, "dmean2": 996845.1875, "dvar": 937076719616, "dvar2": 1395523321860.0, "max": 40006308, "mean": 4178530, "median": 3764797.25, "min": 1269427.5, "var": 3654965788670.0}, "spectral_strongpeak": {"dmean": 0.622457325459, "dmean2": 1.0972840786, "dvar": 1.32271873951, "dvar2": 3.36825561523, "max": 16.2436847687, "mean": 0.938842117786, "median": 0.56608992815, "min": 0, "var": 1.76170372963}, "zerocrossingrate": {"dmean": 0.0134042724967, "dmean2": 0.0161611568183, "dvar": 0.000316934107104, "dvar2": 0.000403571611969, "max": 0.482421875, "mean": 0.084468498826, "median": 0.07861328125, "min": 0.01220703125, "var": 0.0015238923952}, "barkbands": {"dmean": [0.00052056851564, 0.00578670343384, 0.00334708788432, 0.00143543852028, 0.00263944687322, 0.000968933163676, 0.00087739538867, 0.000521767069586, 0.00042916208622, 0.000280594511423, 0.000141118172905, 0.000140192001709, 0.00015988155792, 0.000251350022154, 0.000478586938698, 0.000788326316979, 0.000674101058394, 0.000419837218942, 0.000451565225376, 0.000168771584867, 9.00188970263e-05, 5.54077087145e-05, 4.70948652946e-05, 5.67180977669e-05, 5.74269288336e-05, 7.84973235568e-05, 8.96127166925e-05], "dmean2": [0.000902312574908, 0.0102483406663, 0.00613970449194, 0.00248619704507, 0.00440659141168, 0.00150178035256, 0.00143379182555, 0.000880832434632, 0.000685912324116, 0.000457116373582, 0.000229870725889, 0.000229015233344, 0.000257170031546, 0.000425277132308, 0.00077164452523, 0.00128529546782, 0.00108748557977, 0.00069162400905, 0.000766036566347, 0.000279891100945, 0.000150744395796, 9.59888202487e-05, 8.17493273644e-05, 9.25677886698e-05, 8.85764384293e-05, 0.000127277366119, 0.000148416438606], "dvar": [7.25920563127e-06, 0.000667800835799, 0.000195331522264, 1.40258962347e-05, 7.01690660208e-05, 2.85107057607e-06, 2.14553574551e-06, 2.31157332564e-06, 1.30578109747e-06, 2.35466018239e-07, 1.29601744447e-07, 9.72208127337e-08, 6.91287311838e-08, 4.02037301228e-07, 8.00410589363e-07, 3.17885337608e-06, 1.3120273934e-06, 4.40299459115e-07, 1.40881422794e-06, 9.48811944568e-08, 3.77276805352e-08, 4.88192597459e-08, 3.9761761883e-08, 3.2360169655e-08, 2.24484324463e-08, 1.03389680817e-07, 1.87246726568e-07], "dvar2": [1.97192075575e-05, 0.00181244825944, 0.000551543722395, 3.89598098991e-05, 0.000184261312825, 6.69780138196e-06, 5.52814617549e-06, 6.30901377008e-06, 2.81908273791e-06, 5.73529860048e-07, 3.33561956722e-07, 2.58532963926e-07, 1.75736403207e-07, 1.09653319669e-06, 2.02483397516e-06, 7.83605446486e-06, 3.19968785334e-06, 1.12040459044e-06, 3.78352501684e-06, 2.468617879e-07, 1.02742035324e-07, 1.40971863516e-07, 1.1584865689e-07, 8.64229434683e-08, 5.47474527934e-08, 2.72115926236e-07, 4.97579719649e-07], "max": [0.0478178486228, 0.281055092812, 0.174176648259, 0.0442264936864, 0.103561863303, 0.02022462897, 0.0176815353334, 0.0267547424883, 0.0267344005406, 0.00985067989677, 0.010700257495, 0.00492429919541, 0.00395640451461, 0.00999912433326, 0.0116953905672, 0.0404149405658, 0.0141076799482, 0.00719066383317, 0.0188148710877, 0.00344367558137, 0.0029547654558, 0.00419111410156, 0.00415496760979, 0.00297044566832, 0.00209455541335, 0.00764334155247, 0.010351085104], "mean": [0.000502671231516, 0.00454718945548, 0.00241615157574, 0.00163225375582, 0.00329966610298, 0.00164340017363, 0.00142362946644, 0.000658554898109, 0.000781908223871, 0.000481608090922, 0.000248992204433, 0.00021482000011, 0.000263445079327, 0.000313483295031, 0.000562152883504, 0.000973621499725, 0.000979443429969, 0.000653402064927, 0.000578545441385, 0.000248906726483, 0.000151278858539, 6.83541147737e-05, 5.7831293816e-05, 8.51752265589e-05, 8.72591117513e-05, 9.68371023191e-05, 0.000106949337351], "median": [4.78035781271e-06, 0.000146693797433, 0.000222255141125, 0.000459179427708, 0.00135852803942, 0.000851330172736, 0.000824094749987, 0.000238636042923, 0.000227022566833, 0.000217557462747, 9.88786414382e-05, 0.000107603773358, 0.000163830438396, 0.000158286391525, 0.000222416158067, 0.000425059581175, 0.00052054785192, 0.000423840421718, 0.000257360487012, 0.000133797584567, 8.8119872089e-05, 1.89079528354e-05, 1.42754079206e-05, 1.94801032194e-05, 2.02781302505e-05, 1.01739651654e-05, 1.38675534345e-06], "min": [3.15011092116e-24, 1.29767461137e-23, 1.08953421373e-23, 1.25056588915e-23, 1.11611726429e-22, 1.6208535693e-23, 3.64741577779e-23, 5.32263511632e-23, 5.28553088587e-23, 2.12561587516e-22, 5.68056907692e-23, 5.84504089586e-23, 1.18474475516e-22, 7.99058794133e-23, 8.95107216291e-23, 1.68787569667e-22, 1.6875230443e-22, 1.97682231961e-22, 2.82423412205e-22, 2.20656537337e-22, 4.22134389321e-22, 5.92915277968e-22, 5.70449579616e-22, 8.8659786837e-22, 1.07084528162e-21, 1.68041731343e-21, 2.5354685206e-21], "var": [5.10592644787e-06, 0.000453195185401, 0.000121552991914, 1.15576222015e-05, 5.79770057811e-05, 5.11207372256e-06, 2.79995083474e-06, 1.99757027985e-06, 4.4625649025e-06, 7.2511130611e-07, 3.27148711676e-07, 1.12150878806e-07, 9.81892043228e-08, 3.26326841105e-07, 8.08262882401e-07, 3.05963271785e-06, 1.57688612035e-06, 5.3114547427e-07, 1.43992167523e-06, 1.21984854218e-07, 4.98743872868e-08, 3.40508741203e-08, 2.65207589223e-08, 3.51232358753e-08, 3.17502681924e-08, 9.5225814789e-08, 1.62483374311e-07]}, "erbbands": {"dmean": [0.175834923983, 1.31077444553, 3.74556279182, 4.32325029373, 6.4480843544, 10.1937971115, 9.42666912079, 7.00755023956, 13.2682476044, 9.31606197357, 11.2184152603, 10.748093605, 7.86650371552, 8.34862232208, 5.44380807877, 6.20593690872, 7.77203416824, 10.0621070862, 24.4878883362, 22.6605110168, 48.1206054688, 30.3439083099, 23.4913215637, 23.0324440002, 20.4182929993, 8.65858840942, 4.66433620453, 2.74745106697, 2.01393890381, 1.70454359055, 1.34921228886, 1.32506430149, 0.880332887173, 0.602555096149, 0.435225665569, 0.287603735924, 0.160547375679, 0.0445560328662, 0.0115891685709, 0.00160338613205], "dmean2": [0.304410070181, 2.37738585472, 6.87645435333, 7.44889640808, 10.8592567444, 17.2334365845, 14.9977140427, 11.1946172714, 21.7841415405, 15.6878519058, 18.9438743591, 16.9808444977, 12.7190761566, 13.6517791748, 8.83490657806, 9.95496463776, 12.3178749084, 16.8233146667, 40.3917808533, 36.1342926025, 78.8695678711, 49.3439865112, 38.2108764648, 37.9116897583, 35.1549987793, 14.5086565018, 7.79584932327, 4.5693564415, 3.49410438538, 2.98867559433, 2.33974504471, 2.18462491035, 1.42946755886, 0.93691945076, 0.672820389271, 0.457048118114, 0.266528427601, 0.0728165507317, 0.0193532872945, 0.0026843152009], "dvar": [0.740869045258, 33.914768219, 241.190948486, 151.601516724, 307.395446777, 1541.49401855, 312.586791992, 194.185256958, 443.878540039, 494.728088379, 985.154052734, 996.482177734, 254.645812988, 226.377120972, 277.041381836, 150.293930054, 134.839294434, 553.429077148, 2678.07568359, 2397.49951172, 10616.1357422, 2831.83325195, 1410.21081543, 2600.96850586, 3475.109375, 289.656494141, 77.356048584, 45.5414161682, 54.3619918823, 64.0473403931, 28.1172065735, 17.5827503204, 8.72448158264, 2.46969866753, 1.36775791645, 0.935137331486, 0.54533469677, 0.0207293368876, 0.00231490749866, 8.90663213795e-05], "dvar2": [1.98331212997, 94.9327163696, 679.130065918, 409.927154541, 839.993774414, 4061.61816406, 756.752685547, 457.468597412, 1140.71972656, 1318.60644531, 2665.32373047, 2085.17431641, 602.784729004, 591.890075684, 703.235717773, 394.55279541, 333.572784424, 1479.97387695, 6957.64501953, 6002.23925781, 25987.53125, 7085.01171875, 3410.7097168, 6486.75976562, 9523.87011719, 765.77947998, 207.067428589, 123.844352722, 155.455886841, 188.16217041, 81.5391540527, 46.8051376343, 23.5937099457, 6.16058206558, 3.29617571831, 2.37849569321, 1.4544314146, 0.0540065802634, 0.00617500813678, 0.000238661290496], "max": [14.5355358124, 64.2382888794, 188.712051392, 130.85899353, 272.967071533, 559.216369629, 211.484054565, 219.595779419, 261.501556396, 319.995544434, 553.190795898, 790.019775391, 366.171539307, 324.727325439, 551.41796875, 196.719924927, 137.841201782, 353.60269165, 707.321716309, 873.398986816, 2020.43652344, 582.327819824, 353.613830566, 1330.82788086, 984.750366211, 190.720870972, 101.078277588, 112.134246826, 133.833557129, 165.705337524, 106.702888489, 63.421661377, 53.3733634949, 22.1490345001, 18.6020717621, 20.1522769928, 18.1266365051, 2.58413815498, 0.969221532345, 0.24254578352], "mean": [0.154526174068, 0.930988192558, 2.64308238029, 4.57310199738, 8.03407764435, 11.1726016998, 15.8664999008, 10.6828870773, 21.6568851471, 12.7892684937, 16.1443595886, 20.4560909271, 14.8031921387, 12.9858074188, 10.4099655151, 10.4731311798, 13.2922992706, 13.7177934647, 29.5719871521, 31.5855770111, 62.770652771, 45.2250480652, 37.2083396912, 35.6104011536, 23.7944717407, 12.6315460205, 7.60063028336, 4.58929347992, 2.6107378006, 1.93451559544, 1.71426999569, 1.9369122982, 1.24926674366, 0.937182545662, 0.639787137508, 0.388181626797, 0.184961721301, 0.0481145568192, 0.0127944955602, 0.0019922114443], "median": [0.00207410403527, 0.0407955534756, 0.243858918548, 1.16251385212, 2.87188482285, 3.67877221107, 6.30766773224, 5.58774089813, 13.3272809982, 7.05628204346, 7.15430307388, 6.05387544632, 6.28417491913, 7.22252511978, 4.82831192017, 5.48337554932, 8.65290927887, 7.64717817307, 13.5257492065, 14.8189496994, 29.018404007, 27.3615493774, 23.4558181763, 18.7629261017, 10.9984531403, 6.77910995483, 4.88593387604, 2.28919506073, 0.752204835415, 0.448793232441, 0.455108761787, 0.41871213913, 0.278654456139, 0.208030864596, 0.153988480568, 0.0572310425341, 0.0150361740962, 0.00315124355257, 0.000165401259437, 3.23533495248e-05], "min": [2.31005382672e-22, 3.56410234743e-21, 7.7637322447e-21, 2.95774810072e-20, 2.12029797624e-19, 3.99578435387e-19, 2.37337478938e-19, 1.85892609252e-19, 2.31641099649e-19, 9.27934002897e-19, 1.42431971182e-18, 1.23341511183e-18, 4.09784861868e-18, 5.52094048428e-18, 2.42109788914e-18, 2.41451332467e-18, 6.03884446965e-18, 4.54481648986e-18, 5.75771928026e-18, 5.51169756811e-18, 8.44408964915e-18, 1.00638548723e-17, 1.29018892201e-17, 1.25701608432e-17, 1.27408181297e-17, 9.85494792708e-18, 1.4406478642e-17, 1.81980330332e-17, 2.36095892212e-17, 1.79492551552e-17, 1.67364164713e-17, 1.90758155925e-17, 1.40560419211e-17, 9.84493821448e-18, 8.12517512707e-18, 6.12750913233e-18, 3.08339390186e-18, 1.52845968298e-18, 4.23306188806e-19, 3.11066213047e-20], "var": [0.525209665298, 21.1655406952, 148.414978027, 120.449897766, 272.10559082, 1202.8885498, 543.986328125, 312.074737549, 586.093811035, 406.910552979, 1006.54528809, 3528.08081055, 918.19128418, 299.973693848, 668.55291748, 216.48979187, 220.489593506, 504.860656738, 2385.04345703, 2615.96850586, 10434.3867188, 2984.71386719, 1762.13476562, 4646.33203125, 2412.29785156, 338.146575928, 102.327766418, 61.0304794312, 41.5032653809, 39.1183547974, 19.828994751, 19.3057327271, 8.31968021393, 3.52940750122, 1.86667072773, 1.0733140707, 0.451324373484, 0.018602816388, 0.00196412974037, 7.4950279668e-05]}, "gfcc": {"mean": [-8.72271823883, 76.1228027344, -135.285949707, 22.360874176, -44.8661804199, -18.7722072601, -47.5195465088, 5.60444116592, -24.6301574707, -1.69891953468, -15.7425727844, -2.79112172127, -7.99318170547], "cov": [[6695.64892578, -1914.76635742, 2365.71240234, -166.167785645, 187.22895813, 994.103027344, 111.787025452, 385.131439209, -132.782333374, -92.4051513672, -161.245010376, 121.618553162, -253.660232544], [-1914.76635742, 2142.58862305, -1341.47558594, 437.6300354, 151.732849121, -459.742645264, 376.821014404, -208.629440308, 30.7595443726, -139.846664429, 53.0508956909, -244.215805054, 89.5612869263], [2365.71240234, -1341.47558594, 1961.58410645, -160.575775146, 196.198898315, 773.78302002, 34.538898468, 275.511352539, 11.190246582, 38.030418396, -41.4393463135, 155.427825928, -150.155059814], [-166.167785645, 437.6300354, -160.575775146, 369.295257568, 46.491394043, 57.8676643372, 187.852111816, 45.4047164917, 5.65861368179, -21.5595607758, -14.1320495605, -91.4108123779, -18.6250801086], [187.22895813, 151.732849121, 196.198898315, 46.491394043, 354.932861328, 67.4021759033, 160.458465576, 25.347902298, 62.0969314575, 14.5698633194, 36.2941818237, 6.01895046234, 4.7721991539], [994.103027344, -459.742645264, 773.78302002, 57.8676643372, 67.4021759033, 551.179077148, 75.4869384766, 193.939147949, -20.3369808197, -8.31537055969, -24.3292827606, 57.6184005737, -82.6138305664], [111.787025452, 376.821014404, 34.538898468, 187.852111816, 160.458465576, 75.4869384766, 580.746337891, 59.078502655, 69.6651153564, -71.6219940186, -5.4767165184, -149.911376953, -65.5186004639], [385.131439209, -208.629440308, 275.511352539, 45.4047164917, 25.347902298, 193.939147949, 59.078502655, 225.149597168, 24.7587032318, 67.1189041138, -8.27391529083, 26.6546039581, -22.2897567749], [-132.782333374, 30.7595443726, 11.190246582, 5.65861368179, 62.0969314575, -20.3369808197, 69.6651153564, 24.7587032318, 145.888046265, 70.7593154907, 33.85105896, 0.797560095787, 28.4000854492], [-92.4051513672, -139.846664429, 38.030418396, -21.5595607758, 14.5698633194, -8.31537055969, -71.6219940186, 67.1189041138, 70.7593154907, 171.783538818, 42.7044868469, 62.0075836182, 23.6118927002], [-161.245010376, 53.0508956909, -41.4393463135, -14.1320495605, 36.2941818237, -24.3292827606, -5.4767165184, -8.27391529083, 33.85105896, 42.7044868469, 125.222724915, 56.0155830383, 25.8393440247], [121.618553162, -244.215805054, 155.427825928, -91.4108123779, 6.01895046234, 57.6184005737, -149.911376953, 26.6546039581, 0.797560095787, 62.0075836182, 56.0155830383, 170.790313721, 51.51014328], [-253.660232544, 89.5612869263, -150.155059814, -18.6250801086, 4.7721991539, -82.6138305664, -65.5186004639, -22.2897567749, 28.4000854492, 23.6118927002, 25.8393440247, 51.51014328, 115.736808777]], "icov": [[0.000293740624329, 0.000143831828609, -0.00024521665182, -6.908018986e-05, -9.68680615188e-05, 3.47036148014e-05, -6.42891100142e-05, -0.000145375379361, 0.000212399900192, 0.000240010602283, 9.97058959911e-05, 7.46913428884e-06, 4.09361018683e-05], [0.000143831828609, 0.00164765422232, 0.000775984255597, -0.00113206973765, -0.000920360325836, 3.62910577678e-05, -0.00037120829802, 0.000303711887682, 0.000125947655761, 0.000854206737131, -0.000602452550083, 0.000651328649838, -0.000583557295613], [-0.00024521665182, 0.000775984255597, 0.00235994113609, 0.000449292943813, -0.0010514591122, -0.00206677266397, -0.000125704682432, 0.000271183060249, -0.000687512918375, 0.000119297044876, 0.000265074922936, -0.000414107315009, 0.000814759870991], [-6.908018986e-05, -0.00113206973765, 0.000449292943813, 0.00511878030375, 0.000149656261783, -0.00188510969747, -0.000555518839974, -0.000611656229012, 0.00058889988577, -0.00132619042415, 0.000341960432706, 0.00143992900848, -0.000243921589572], [-9.68680615188e-05, -0.000920360325836, -0.0010514591122, 0.000149656261783, 0.00437738094479, 0.000264656817308, -0.000911019451451, 0.000400181626901, -0.000747949699871, -0.000684609054588, -0.000408576073823, -0.000775634020101, -0.000510767102242], [3.47036148014e-05, 3.62910577678e-05, -0.00206677266397, -0.00188510969747, 0.000264656817308, 0.00631028739735, -2.331592259e-05, -0.00286271143705, 0.000268299307209, 0.00209236494265, -0.000105515769974, -0.00195988966152, 0.0013952300651], [-6.42891100142e-05, -0.00037120829802, -0.000125704682432, -0.000555518839974, -0.000911019451451, -2.331592259e-05, 0.00370438047685, -0.00134359463118, -0.00204718764871, 0.00193335232325, -0.000986620667391, 0.00212152884342, 0.00113705277909], [-0.000145375379361, 0.000303711887682, 0.000271183060249, -0.000611656229012, 0.000400181626901, -0.00286271143705, -0.00134359463118, 0.00879651773721, 0.000415458780481, -0.00443090219051, 0.0012017613044, -0.000178979811608, -0.000813288672362], [0.000212399900192, 0.000125947655761, -0.000687512918375, 0.00058889988577, -0.000747949699871, 0.000268299307209, -0.00204718764871, 0.000415458780481, 0.0121090086177, -0.00553458649665, -0.00150095694698, 0.00269268406555, -0.00399123877287], [0.000240010602283, 0.000854206737131, 0.000119297044876, -0.00132619042415, -0.000684609054588, 0.00209236494265, 0.00193335232325, -0.00443090219051, -0.00553458649665, 0.0125418771058, -0.00178855517879, -0.00258005829528, 0.0019162587123], [9.97058959911e-05, -0.000602452550083, 0.000265074922936, 0.000341960432706, -0.000408576073823, -0.000105515769974, -0.000986620667391, 0.0012017613044, -0.00150095694698, -0.00178855517879, 0.0118983378634, -0.00562594551593, 0.00127879309002], [7.46913428884e-06, 0.000651328649838, -0.000414107315009, 0.00143992900848, -0.000775634020101, -0.00195988966152, 0.00212152884342, -0.000178979811608, 0.00269268406555, -0.00258005829528, -0.00562594551593, 0.0152905210853, -0.00667723314837], [4.09361018683e-05, -0.000583557295613, 0.000814759870991, -0.000243921589572, -0.000510767102242, 0.0013952300651, 0.00113705277909, -0.000813288672362, -0.00399123877287, 0.0019162587123, 0.00127879309002, -0.00667723314837, 0.0149781666696]]}, "melbands": {"dmean": [0.00159171619453, 0.00189551757649, 0.00077688600868, 0.000624918844551, 0.000341055623721, 0.000162880809512, 0.000198002438992, 0.000103667109215, 8.96491765161e-05, 6.45987747703e-05, 3.93267655454e-05, 3.54311523552e-05, 1.91741146409e-05, 1.46099255289e-05, 1.86940178537e-05, 1.44929945236e-05, 2.00812028197e-05, 3.85379789805e-05, 3.08425842377e-05, 3.99054442823e-05, 6.07841684541e-05, 3.18055754178e-05, 3.55422562279e-05, 1.82662042789e-05, 1.89747388504e-05, 1.85329936357e-05, 8.90634328243e-06, 5.5430186876e-06, 3.14051590067e-06, 2.53370740211e-06, 1.34870697366e-06, 1.09375298507e-06, 1.23551080833e-06, 8.71186273343e-07, 7.72486089318e-07, 8.46141574584e-07, 7.82235417773e-07, 6.2754281771e-07, 5.55145845738e-07, 5.23609799075e-07], "dmean2": [0.00277593755163, 0.0034197603818, 0.00132698204834, 0.00104707723949, 0.000557799998205, 0.000257776526269, 0.000323080690578, 0.000175294582732, 0.000149119106936, 0.000102099591459, 6.38442652416e-05, 5.80842461204e-05, 3.08846465487e-05, 2.36775704252e-05, 2.99865623674e-05, 2.34643976e-05, 3.37676574418e-05, 6.43545863568e-05, 4.9317466619e-05, 6.42551967758e-05, 9.98283430818e-05, 5.2421069995e-05, 5.72386052227e-05, 3.05025841953e-05, 3.12031734211e-05, 3.20732542605e-05, 1.48981798702e-05, 9.28925783228e-06, 5.25806171936e-06, 4.21616005042e-06, 2.25473013415e-06, 1.89292279629e-06, 2.18859645429e-06, 1.53560119998e-06, 1.34521474138e-06, 1.42464102737e-06, 1.28111912545e-06, 1.02372598576e-06, 9.07564924546e-07, 8.09500932064e-07], "dvar": [5.393219908e-05, 5.83941109653e-05, 4.39453833678e-06, 4.2810074774e-06, 6.23519838427e-07, 9.35642461286e-08, 1.0051270749e-07, 6.98003290722e-08, 5.45755796111e-08, 3.46764785775e-08, 6.38463149016e-09, 4.00911215337e-09, 2.56972843005e-09, 1.01205599456e-09, 1.31515454083e-09, 6.33819219331e-10, 2.53410004092e-09, 7.1515890987e-09, 3.30075189403e-09, 1.0582995813e-08, 1.57919046728e-08, 3.27212323903e-09, 4.48358150607e-09, 9.9810504306e-10, 1.95800420322e-09, 3.25574833759e-09, 3.49139855915e-10, 1.1708956027e-10, 3.79055328792e-11, 2.71606157703e-11, 1.29927752585e-11, 1.22533519789e-11, 3.55076107406e-11, 1.50273699734e-11, 6.78071357743e-12, 1.15099501111e-11, 5.09750922029e-12, 4.88374228211e-12, 2.88005188274e-12, 1.64120269024e-12], "dvar2": [0.000144800214912, 0.000164174911333, 1.18006619232e-05, 1.1334804185e-05, 1.56595274348e-06, 2.20479691393e-07, 2.57726782138e-07, 1.8757678788e-07, 1.44698063309e-07, 7.28771851755e-08, 1.5218342142e-08, 1.04323927275e-08, 6.54220411178e-09, 2.6141799836e-09, 3.4696547857e-09, 1.6592347496e-09, 6.81802747593e-09, 1.87795183848e-08, 8.24638224373e-09, 2.71636935167e-08, 3.87110468125e-08, 8.36336244703e-09, 1.02108419497e-08, 2.57794852132e-09, 4.78894079947e-09, 8.99292640355e-09, 9.16791365047e-10, 3.11170089695e-10, 1.00948263637e-10, 7.01335517439e-11, 3.53598747505e-11, 3.44097528249e-11, 1.03974155674e-10, 4.41907309356e-11, 1.98169553683e-11, 3.21497863054e-11, 1.3331057612e-11, 1.33669507754e-11, 7.80231955433e-12, 3.98560308021e-12], "max": [0.0999393835664, 0.0780709311366, 0.022684911266, 0.02722238563, 0.0115766469389, 0.00445106672123, 0.00384263251908, 0.00361866923049, 0.00382143515162, 0.0043611060828, 0.00184977531899, 0.00137019681279, 0.00151158007793, 0.000662396720145, 0.000489265483338, 0.000472940388136, 0.000740540272091, 0.0011748871766, 0.00070473481901, 0.00243883323856, 0.00208843196742, 0.000712660548743, 0.000752231746446, 0.000362814025721, 0.00127786316443, 0.00099060148932, 0.000267933122814, 0.000115180198918, 7.89162513684e-05, 7.88582692621e-05, 7.16479553375e-05, 5.70443735342e-05, 0.000117560724902, 8.24750459287e-05, 5.0648857723e-05, 6.43035964458e-05, 3.64146617358e-05, 4.30228246842e-05, 2.47670468525e-05, 1.82606199814e-05], "mean": [0.00131755147595, 0.00134977581911, 0.0008733891882, 0.000726476137061, 0.000524302129634, 0.000253271922702, 0.00032673109672, 0.000134190398967, 0.000135166192194, 0.000121273405966, 7.1024929639e-05, 5.27948468516e-05, 3.52148454112e-05, 2.5113886295e-05, 2.93347602565e-05, 2.43417089223e-05, 2.55874674622e-05, 4.54713153886e-05, 3.79928169423e-05, 5.3630763432e-05, 7.83355644671e-05, 4.52736785519e-05, 4.86374883621e-05, 2.77677445411e-05, 2.88745359285e-05, 2.01101211132e-05, 1.1207184798e-05, 7.7749018601e-06, 4.78128413306e-06, 3.97951816922e-06, 2.14160945688e-06, 1.43510010275e-06, 1.30532839648e-06, 9.90998842099e-07, 9.58010900831e-07, 1.10861492431e-06, 1.14949739327e-06, 8.56882479638e-07, 7.87571707406e-07, 8.08166873867e-07], "median": [3.09046263283e-05, 0.000130368483951, 0.000268840900389, 0.000239531538682, 0.000215395688429, 0.000136797956657, 0.000198267298401, 7.38328817533e-05, 5.8955673012e-05, 3.34044052579e-05, 2.88243045361e-05, 2.77235922113e-05, 1.50465648403e-05, 1.25038832266e-05, 1.76134162757e-05, 1.55427405844e-05, 1.27381490529e-05, 2.0388075427e-05, 1.63647528097e-05, 2.43998711085e-05, 3.50248228642e-05, 2.59366861428e-05, 2.17920241994e-05, 1.73745083885e-05, 1.41845603139e-05, 8.31722627481e-06, 5.48081561647e-06, 3.78916524824e-06, 2.89272929876e-06, 2.24249288294e-06, 9.11557947347e-07, 3.97909730054e-07, 2.73331608014e-07, 2.25815327326e-07, 2.53550581419e-07, 2.52196315387e-07, 2.45842812774e-07, 1.99308175297e-07, 1.56943386287e-07, 1.81282388212e-07], "min": [3.67165881447e-24, 4.87986752729e-24, 9.74785638706e-24, 2.3734618983e-23, 1.11193510242e-23, 3.67231317459e-24, 4.68290158103e-24, 1.11441898875e-23, 1.23614598511e-23, 6.75210661239e-24, 2.19166211849e-23, 2.4812864045e-23, 7.85838542435e-24, 6.85118911981e-24, 9.1613793248e-24, 1.1013518234e-23, 8.11946682954e-24, 9.20220603209e-24, 5.73159157475e-24, 9.53205954214e-24, 9.82210713091e-24, 1.00737324604e-23, 9.50141308483e-24, 1.27045291479e-23, 9.89612042762e-24, 8.87849301533e-24, 8.87129465957e-24, 5.68056647368e-24, 1.02479366141e-23, 5.87857489963e-24, 1.25412680727e-23, 1.21394885919e-23, 1.30257840741e-23, 9.46473026388e-24, 9.46287486303e-24, 9.59426990198e-24, 1.27570633399e-23, 9.27540680207e-24, 1.05589915688e-23, 7.20998356988e-24], "var": [3.77080177714e-05, 3.63385370292e-05, 3.63331173503e-06, 3.5513412513e-06, 7.16483441465e-07, 1.49702771068e-07, 1.35842469717e-07, 5.4995769716e-08, 6.92050363682e-08, 1.21927598684e-07, 2.2549674128e-08, 5.33620170273e-09, 6.57759091638e-09, 1.81565229518e-09, 1.51087786726e-09, 8.58702997597e-10, 2.3078530198e-09, 6.01386229704e-09, 3.48942985617e-09, 1.03309210076e-08, 1.58360933256e-08, 3.43962214266e-09, 6.44678310735e-09, 1.22762100485e-09, 3.90722076915e-09, 2.20349916091e-09, 3.43677919457e-10, 1.45685935538e-10, 4.96324578658e-11, 4.21347158552e-11, 1.75112233741e-11, 1.06203474834e-11, 2.16729394847e-11, 9.38969735298e-12, 5.09932330736e-12, 8.9742692444e-12, 6.25565918511e-12, 4.29412495145e-12, 3.01046600842e-12, 2.55672176139e-12]}, "mfcc": {"mean": [-650.765686035, 115.397392273, -30.9655151367, 31.466753006, 9.38653850555, -16.6053562164, -10.1220941544, -7.89784860611, -3.9939763546, -4.24104404449, -7.87637519836, 0.611748695374, -4.37366676331], "cov": [[4157.15966797, -553.426208496, 1080.11767578, -140.027313232, 165.811126709, 372.619812012, 384.598266602, 463.452178955, 94.5594787598, 148.796478271, 97.2007293701, -90.2348556519, -86.0207366943], [-553.426208496, 1037.90490723, -602.156555176, 360.862579346, -103.417152405, -3.90802836418, 111.410171509, -22.5176143646, 23.3742847443, 1.94265770912, -54.3262290955, 49.5133171082, -66.2232666016], [1080.11767578, -602.156555176, 1187.84619141, -301.146636963, 247.913925171, 270.852172852, 163.944778442, 294.923339844, 68.9939804077, 90.7555084229, 123.055458069, -24.8448753357, 42.509349823], [-140.027313232, 360.862579346, -301.146636963, 386.166015625, -99.9593353271, 13.0172576904, 111.468215942, 1.72768068314, 71.1067199707, 58.5702476501, 21.5732555389, 31.6296100616, -39.1806907654], [165.811126709, -103.417152405, 247.913925171, -99.9593353271, 337.122955322, 79.5215377808, -31.3126735687, 26.6605300903, -5.92644309998, -4.41085481644, 6.11390590668, 0.598784506321, 75.9477386475], [372.619812012, -3.90802836418, 270.852172852, 13.0172576904, 79.5215377808, 236.576019287, 160.941543579, 155.592880249, 55.2896537781, 56.7565460205, 53.2028961182, 13.7417669296, -11.7505989075], [384.598266602, 111.410171509, 163.944778442, 111.468215942, -31.3126735687, 160.941543579, 328.461090088, 223.347305298, 84.6902389526, 106.612968445, 79.7887496948, 20.653295517, -45.9037628174], [463.452178955, -22.5176143646, 294.923339844, 1.72768068314, 26.6605300903, 155.592880249, 223.347305298, 273.416809082, 78.2289657593, 78.0805892944, 60.2383003235, 8.52803134918, -27.1621017456], [94.5594787598, 23.3742847443, 68.9939804077, 71.1067199707, -5.92644309998, 55.2896537781, 84.6902389526, 78.2289657593, 161.024856567, 97.1290054321, 42.773601532, 6.88941526413, -4.9759721756], [148.796478271, 1.94265770912, 90.7555084229, 58.5702476501, -4.41085481644, 56.7565460205, 106.612968445, 78.0805892944, 97.1290054321, 160.099029541, 83.5973205566, 16.4111537933, 0.0271732341498], [97.2007293701, -54.3262290955, 123.055458069, 21.5732555389, 6.11390590668, 53.2028961182, 79.7887496948, 60.2383003235, 42.773601532, 83.5973205566, 123.807899475, 49.7262802124, 15.186173439], [-90.2348556519, 49.5133171082, -24.8448753357, 31.6296100616, 0.598784506321, 13.7417669296, 20.653295517, 8.52803134918, 6.88941526413, 16.4111537933, 49.7262802124, 92.7793731689, 35.6266441345], [-86.0207366943, -66.2232666016, 42.509349823, -39.1806907654, 75.9477386475, -11.7505989075, -45.9037628174, -27.1621017456, -4.9759721756, 0.0271732341498, 15.186173439, 35.6266441345, 109.501464844]], "icov": [[0.000364442821592, 0.000142997858347, -0.000208536512218, -0.000140279196785, -4.9532900448e-05, -0.000110052424134, -0.000135885056807, -0.00023530733597, 0.000183299547643, -0.000172088446561, 0.000226673291763, 0.000141112308484, 0.000241774905589], [0.000142997858347, 0.00209601409733, 0.000845260103233, -0.00105481781065, -0.000498425564729, -0.000481261464301, -0.000715268251952, -0.00025748621556, 0.000206958618946, -0.000252339377766, 0.00144746981096, -0.00119013187941, 0.000800656911451], [-0.000208536512218, 0.000845260103233, 0.00277946866117, 0.00113136286382, -0.000769296311773, -0.00145595846698, 5.90991185163e-05, -0.00143825705163, -0.000358517281711, 0.00024263029627, -0.00148327590432, 0.000980974524282, -0.000411298649851], [-0.000140279196785, -0.00105481781065, 0.00113136286382, 0.00547446822748, 0.000311302021146, -0.000514061714057, -0.00178220379166, 0.0014370509889, -0.00186699186452, -0.000166403697222, -0.000966898864135, -0.000197561530513, 0.000223340961384], [-4.9532900448e-05, -0.000498425564729, -0.000769296311773, 0.000311302021146, 0.00478215981275, -0.00181611510925, 0.00126807123888, -7.18067822163e-05, 0.000291719275992, -6.16181350779e-05, 0.000238911379711, 0.00098434346728, -0.00326834456064], [-0.000110052424134, -0.000481261464301, -0.00145595846698, -0.000514061714057, -0.00181611510925, 0.00933920871466, -0.00248155649751, -0.00116458430421, -0.000626916822512, 0.000588195107412, -0.000189782920643, -0.00124718539882, 0.00133987667505], [-0.000135885056807, -0.000715268251952, 5.90991185163e-05, -0.00178220379166, 0.00126807123888, -0.00248155649751, 0.0107967751101, -0.00667918706313, 0.00111490651034, -0.00193046336062, -0.00203905906528, 0.000531501660589, 0.000684542930685], [-0.00023530733597, -0.00025748621556, -0.00143825705163, 0.0014370509889, -7.18067822163e-05, -0.00116458430421, -0.00667918706313, 0.0121496496722, -0.00227243127301, 0.000408630789025, 0.00104660808574, -0.0012877023546, 0.00104102911428], [0.000183299547643, 0.000206958618946, -0.000358517281711, -0.00186699186452, 0.000291719275992, -0.000626916822512, 0.00111490651034, -0.00227243127301, 0.0111628035083, -0.00635670218617, 0.00166840676684, 0.000222767761443, -0.000420624332037], [-0.000172088446561, -0.000252339377766, 0.00024263029627, -0.000166403697222, -6.16181350779e-05, 0.000588195107412, -0.00193046336062, 0.000408630789025, -0.00635670218617, 0.0152527010068, -0.00866182334721, 0.00327147194184, -0.00119934009854], [0.000226673291763, 0.00144746981096, -0.00148327590432, -0.000966898864135, 0.000238911379711, -0.000189782920643, -0.00203905906528, 0.00104660808574, 0.00166840676684, -0.00866182334721, 0.0202436391264, -0.0100810267031, 0.00105244177394], [0.000141112308484, -0.00119013187941, 0.000980974524282, -0.000197561530513, 0.00098434346728, -0.00124718539882, 0.000531501660589, -0.0012877023546, 0.000222767761443, 0.00327147194184, -0.0100810267031, 0.0195234790444, -0.00691820774227], [0.000241774905589, 0.000800656911451, -0.000411298649851, 0.000223340961384, -0.00326834456064, 0.00133987667505, 0.000684542930685, 0.00104102911428, -0.000420624332037, -0.00119934009854, 0.00105244177394, -0.00691820774227, 0.0150879379362]]}, "spectral_contrast_coeffs": {"dmean": [0.0588211491704, 0.0505532287061, 0.0374666526914, 0.0338840484619, 0.0267609599978, 0.0213185269386], "dmean2": [0.0944978520274, 0.0820827037096, 0.06002702564, 0.0549148991704, 0.0415887534618, 0.033469595015], "dvar": [0.00244796508923, 0.00193852593657, 0.00091678154422, 0.000831486191601, 0.000576049205847, 0.000516675936524], "dvar2": [0.00586607679725, 0.00510954437777, 0.00221838662401, 0.00207230891101, 0.00129109132104, 0.00112100411206], "max": [-0.237841770053, -0.372913748026, -0.480008363724, -0.541772127151, -0.5679718256, -0.52119499445], "mean": [-0.588130295277, -0.70630043745, -0.769230663776, -0.758421897888, -0.755329489708, -0.751482188702], "median": [-0.589807450771, -0.711703062057, -0.776365041733, -0.7620190382, -0.760990977287, -0.773839652538], "min": [-0.972993671894, -0.968729615211, -0.959341943264, -0.965915441513, -0.959464251995, -0.960020244122], "var": [0.0114418240264, 0.00598881533369, 0.00388857210055, 0.00334507250227, 0.00229106703773, 0.00437238067389]}, "spectral_contrast_valleys": {"dmean": [0.543775498867, 0.509948968887, 0.454838603735, 0.438428759575, 0.401867777109, 0.382623314857], "dmean2": [0.844500601292, 0.786648571491, 0.666964113712, 0.643701672554, 0.57372623682, 0.554511606693], "dvar": [0.294335007668, 0.314710080624, 0.240686312318, 0.252616614103, 0.232639804482, 0.224068433046], "dvar2": [0.548094451427, 0.556768417358, 0.371043652296, 0.372538536787, 0.333086788654, 0.40876224637], "max": [-4.60810804367, -4.4793176651, -5.55697822571, -5.56196880341, -5.37360572815, -7.55932998657