{"lowlevel": {"average_loudness": 0.834095716476, "barkbands_crest": {"dmean": 2.10163021088, "dmean2": 3.39534926414, "dvar": 4.3407793045, "dvar2": 10.5297641754, "max": 25.5932064056, "mean": 13.4495763779, "median": 12.8434906006, "min": 1.686642766, "var": 16.2255039215}, "barkbands_flatness_db": {"dmean": 0.0463555715978, "dmean2": 0.0681493282318, "dvar": 0.00262037292123, "dvar2": 0.00555116869509, "max": 0.753434956074, "mean": 0.438792109489, "median": 0.443392395973, "min": 0.00817749556154, "var": 0.0110360663384}, "barkbands_kurtosis": {"dmean": 4.14644432068, "dmean2": 6.87947511673, "dvar": 191.499725342, "dvar2": 526.904785156, "max": 547.020141602, "mean": 8.7863368988, "median": 1.07402038574, "min": -1.89850413799, "var": 1566.69006348}, "barkbands_skewness": {"dmean": 0.575277209282, "dmean2": 0.909551143646, "dvar": 0.623851358891, "dvar2": 1.5251891613, "max": 17.4237346649, "mean": 0.602529346943, "median": 0.321247220039, "min": -4.24478340149, "var": 4.19866800308}, "barkbands_spread": {"dmean": 1.08017802238, "dmean2": 1.67267310619, "dvar": 4.35597372055, "dvar2": 9.94077777863, "max": 90.6157455444, "mean": 4.55270576477, "median": 3.72304415703, "min": 0.158219993114, "var": 22.3797206879}, "dissonance": {"dmean": 0.0532741174102, "dmean2": 0.0896686390042, "dvar": 0.00300554442219, "dvar2": 0.00787114165723, "max": 0.499179065228, "mean": 0.288047462702, "median": 0.291446894407, "min": 0.0368804633617, "var": 0.00922987610102}, "dynamic_complexity": 3.54836821556, "erbbands_crest": {"dmean": 1.94992077351, "dmean2": 3.05340075493, "dvar": 5.33641958237, "dvar2": 11.5413398743, "max": 33.0766296387, "mean": 16.9837112427, "median": 16.2327003479, "min": 2.88564825058, "var": 28.2133522034}, "erbbands_flatness_db": {"dmean": 0.0389434285462, "dmean2": 0.0565936788917, "dvar": 0.00211436464451, "dvar2": 0.00448776828125, "max": 0.695477068424, "mean": 0.405297666788, "median": 0.412063807249, "min": 0.06378351897, "var": 0.0092007080093}, "erbbands_kurtosis": {"dmean": 4.05307722092, "dmean2": 6.7748336792, "dvar": 76.8729782104, "dvar2": 208.630752563, "max": 284.304260254, "mean": 8.609582901, "median": 3.98811626434, "min": -1.93426644802, "var": 469.411560059}, "erbbands_skewness": {"dmean": 0.621138453484, "dmean2": 0.965943515301, "dvar": 0.766284763813, "dvar2": 1.89484226704, "max": 12.9637756348, "mean": 0.256899356842, "median": 0.0651753172278, "min": -4.57809638977, "var": 3.50420975685}, "erbbands_spread": {"dmean": 2.4385073185, "dmean2": 3.7295358181, "dvar": 30.9739151001, "dvar2": 70.1075363159, "max": 118.626464844, "mean": 7.68561315536, "median": 5.09459733963, "min": 0.418514609337, "var": 95.016166687}, "hfc": {"dmean": 2.20638132095, "dmean2": 3.17979192734, "dvar": 12.4452896118, "dvar2": 23.7705974579, "max": 68.9605484009, "mean": 10.5040016174, "median": 6.75244760513, "min": 3.27573479453e-09, "var": 113.975334167}, "melbands_crest": {"dmean": 2.6982524395, "dmean2": 4.34964847565, "dvar": 7.45184135437, "dvar2": 17.3995761871, "max": 33.2850837708, "mean": 17.2943496704, "median": 16.4141254425, "min": 1.88392269611, "var": 33.3746490479}, "melbands_flatness_db": {"dmean": 0.0534494966269, "dmean2": 0.0780032202601, "dvar": 0.00373452622443, "dvar2": 0.00794389192015, "max": 0.868979811668, "mean": 0.548400640488, "median": 0.550732553005, "min": 0.0158921200782, "var": 0.0145987486467}, "melbands_kurtosis": {"dmean": 5.03195238113, "dmean2": 8.24870204926, "dvar": 519.517211914, "dvar2": 1381.72424316, "max": 735.878295898, "mean": 9.85301876068, "median": 1.05886745453, "min": -1.87638568878, "var": 1751.06628418}, "melbands_skewness": {"dmean": 0.558079123497, "dmean2": 0.870294570923, "dvar": 0.615020036697, "dvar2": 1.44951963425, "max": 19.1962471008, "mean": 0.978993117809, "median": 0.65461730957, "min": -3.21695184708, "var": 3.93158650398}, "melbands_spread": {"dmean": 1.38858830929, "dmean2": 2.1633105278, "dvar": 9.29458999634, "dvar2": 18.6930809021, "max": 150.289535522, "mean": 6.30038261414, "median": 5.43084144592, "min": 0.258782804012, "var": 23.1537342072}, "pitch_salience": {"dmean": 0.0557128190994, "dmean2": 0.090942941606, "dvar": 0.00391733879223, "dvar2": 0.0089644594118, "max": 0.975968956947, "mean": 0.442588090897, "median": 0.429991453886, "min": 0.0974572002888, "var": 0.014091941528}, "silence_rate_20dB": {"dmean": 0, "dmean2": 0, "dvar": 0, "dvar2": 0, "max": 1, "mean": 1, "median": 1, "min": 1, "var": 0}, "silence_rate_30dB": {"dmean": 0.0105234002694, "dmean2": 0.0210497155786, "dvar": 0.0104130785912, "dvar2": 0.0272536743432, "max": 1, "mean": 0.991693198681, "median": 1, "min": 0, "var": 0.00823769718409}, "silence_rate_60dB": {"dmean": 0.00747715309262, "dmean2": 0.0148178925738, "dvar": 0.00742164673284, "dvar2": 0.0168146248907, "max": 1, "mean": 0.0481794252992, "median": 0, "min": 0, "var": 0.0458577089012}, "spectral_centroid": {"dmean": 41.6997489929, "dmean2": 62.6707000732, "dvar": 14049.578125, "dvar2": 31011.5546875, "max": 4024.82983398, "mean": 423.990600586, "median": 397.386993408, "min": 112.645080566, "var": 29961.84375}, "spectral_complexity": {"dmean": 0.896981418133, "dmean2": 1.44453680515, "dvar": 2.34581112862, "dvar2": 3.83864879608, "max": 31, "mean": 6.72213745117, "median": 7, "min": 0, "var": 10.6426067352}, "spectral_decrease": {"dmean": 2.2710544556e-09, "dmean2": 3.40295369661e-09, "dvar": 9.41067749188e-18, "dvar2": 2.07956862134e-17, "max": -1.06148759899e-20, "mean": -7.93743826222e-09, "median": -6.41385211608e-09, "min": -4.6713076074e-08, "var": 3.80271305767e-17}, "spectral_energy": {"dmean": 0.00874069333076, "dmean2": 0.0130909858271, "dvar": 0.000138396251714, "dvar2": 0.000304880086333, "max": 0.178047373891, "mean": 0.0309104155749, "median": 0.0250163376331, "min": 3.37181752788e-13, "var": 0.000577043450903}, "spectral_energyband_high": {"dmean": 1.27797247842e-05, "dmean2": 1.97211229533e-05, "dvar": 2.80895595672e-09, "dvar2": 5.94283555699e-09, "max": 0.00110918097198, "mean": 1.19943133541e-05, "median": 8.05837885309e-08, "min": 2.60284063183e-13, "var": 3.57828078279e-09}, "spectral_energyband_low": {"dmean": 0.00629869196564, "dmean2": 0.00947551615536, "dvar": 0.000119246949907, "dvar2": 0.000268196803518, "max": 0.155183658004, "mean": 0.0129022682086, "median": 0.00629553990439, "min": 9.39871485218e-15, "var": 0.000261631648755}, "spectral_energyband_middle_high": {"dmean": 0.000438545306679, "dmean2": 0.000634609197732, "dvar": 2.73730029221e-06, "dvar2": 5.40348901268e-06, "max": 0.0465304069221, "mean": 0.00171161873732, "median": 0.000117721458082, "min": 5.42927959806e-14, "var": 2.12993327295e-05}, "spectral_energyband_middle_low": {"dmean": 0.00428080465645, "dmean2": 0.00650511542335, "dvar": 4.98756489833e-05, "dvar2": 0.000111573623144, "max": 0.133496120572, "mean": 0.0170156937093, "median": 0.0122050913051, "min": 7.8431811962e-15, "var": 0.000240289766225}, "spectral_entropy": {"dmean": 0.292751520872, "dmean2": 0.42683249712, "dvar": 0.161893978715, "dvar2": 0.356139868498, "max": 9.68172168732, "mean": 5.11231374741, "median": 5.00842380524, "min": 3.08518791199, "var": 0.56897932291}, "spectral_flux": {"dmean": 0.0255559012294, "dmean2": 0.0418892577291, "dvar": 0.000902857573237, "dvar2": 0.00226472876966, "max": 0.290589600801, "mean": 0.0529012791812, "median": 0.0406201295555, "min": 7.73400734033e-06, "var": 0.00178016349673}, "spectral_kurtosis": {"dmean": 77.2632522583, "dmean2": 125.083763123, "dvar": 10525.3378906, "dvar2": 30369.8574219, "max": 1526.31030273, "mean": 156.594940186, "median": 132.974349976, "min": -0.425990104675, "var": 19882.984375}, "spectral_rms": {"dmean": 0.00073023699224, "dmean2": 0.00107549212407, "dvar": 6.60666671592e-07, "dvar2": 1.36259984629e-06, "max": 0.0131797101349, "mean": 0.00506566604599, "median": 0.00494026159868, "min": 1.81371948571e-08, "var": 4.4955741032e-06}, "spectral_rolloff": {"dmean": 51.1131896973, "dmean2": 88.9420166016, "dvar": 41253.2421875, "dvar2": 94075.7109375, "max": 16946.6308594, "mean": 535.723999023, "median": 452.197265625, "min": 86.1328125, "var": 482249.40625}, "spectral_skewness": {"dmean": 2.62116479874, "dmean2": 4.18360137939, "dvar": 6.98869466782, "dvar2": 17.0215263367, "max": 32.8003082275, "mean": 9.16431999207, "median": 9.04365253448, "min": 0.46495115757, "var": 22.0154647827}, "spectral_spread": {"dmean": 664495.125, "dmean2": 1067153.875, "dvar": 780060196864, "dvar2": 1659369816060.0, "max": 37128500, "mean": 1355778.125, "median": 923825.625, "min": 78277.1484375, "var": 2180752343040.0}, "spectral_strongpeak": {"dmean": 0.383056074381, "dmean2": 0.666541159153, "dvar": 0.539433002472, "dvar2": 1.33302247524, "max": 7.90316486359, "mean": 1.30285608768, "median": 0.841725945473, "min": 0, "var": 1.99921286106}, "zerocrossingrate": {"dmean": 0.00225480203517, "dmean2": 0.00269660260528, "dvar": 2.06246731977e-05, "dvar2": 2.99394851027e-05, "max": 0.62548828125, "mean": 0.0189041160047, "median": 0.01708984375, "min": 0.00341796875, "var": 0.000311291514663}, "barkbands": {"dmean": [3.20495528285e-05, 0.00383061612956, 0.00270488718525, 0.000439458526671, 0.00140512548387, 0.00201086699963, 0.000959446129855, 0.000375688716304, 0.00072986271698, 0.000307422073092, 4.40544026787e-05, 5.01020695083e-05, 2.37858075707e-05, 3.54662297468e-05, 3.51398994098e-05, 8.49663956615e-06, 9.55304858508e-06, 5.58900273973e-06, 6.12527901467e-06, 2.94388541988e-06, 3.13867667501e-06, 2.61251216216e-06, 2.3230466013e-06, 1.96036057787e-06, 1.08758149509e-06, 2.68293263161e-07, 9.94220457073e-08], "dmean2": [5.20117682754e-05, 0.00591302849352, 0.00404787203297, 0.000631144910585, 0.00226870179176, 0.00322707905434, 0.00149096653331, 0.000534942082595, 0.000940819911193, 0.0004557777429, 7.19946547179e-05, 7.93299186626e-05, 3.69338813471e-05, 5.157941996e-05, 4.56463785667e-05, 1.25445576487e-05, 1.4168571397e-05, 8.86257112143e-06, 1.03577385744e-05, 4.74902708447e-06, 5.28498640051e-06, 4.11630344388e-06, 3.43507190337e-06, 2.89935837827e-06, 1.59607532169e-06, 4.16519242208e-07, 1.53920197477e-07], "dvar": [4.14256824399e-08, 8.39828790049e-05, 1.85617464012e-05, 1.14657484573e-06, 1.52219336087e-05, 1.8003554942e-05, 3.62899118045e-06, 2.5401197945e-06, 8.67765447765e-06, 2.3344418878e-06, 1.25677502183e-07, 6.96579292025e-08, 1.13624381015e-08, 3.85254885771e-08, 2.07980370703e-08, 3.71262465215e-09, 1.91188309628e-09, 1.49087553414e-09, 1.22680277048e-09, 2.96927121779e-10, 1.85692544674e-10, 1.54847648592e-10, 8.15834413914e-11, 7.52654952252e-11, 2.74895002594e-11, 2.25051227654e-12, 2.59005436456e-13], "dvar2": [9.23507954553e-08, 0.000189122380107, 4.200010153e-05, 2.65479252448e-06, 3.6975772673e-05, 4.23922283517e-05, 9.26728807826e-06, 4.20743253926e-06, 1.32899858727e-05, 4.58957720184e-06, 2.71399045459e-07, 1.50363959506e-07, 2.54898253615e-08, 8.30101569704e-08, 3.57943754636e-08, 7.05107217058e-09, 3.7349607851e-09, 3.33905458838e-09, 3.1714280091e-09, 7.93327514792e-10, 4.43551306795e-10, 3.58311075255e-10, 1.59349727857e-10, 1.53446630402e-10, 5.89902432457e-11, 5.37285884186e-12, 5.97113341844e-13], "max": [0.00366872758605, 0.142566531897, 0.0677645504475, 0.0191314071417, 0.117047689855, 0.0834520235658, 0.0296525042504, 0.0540663897991, 0.0699677541852, 0.046350389719, 0.0120071573183, 0.00938762258738, 0.00191531307064, 0.00442838901654, 0.00344828376547, 0.00262666959316, 0.00109431566671, 0.00198286608793, 0.00100826600101, 0.000453415035736, 0.000229772296734, 0.000271055236226, 0.000154186782311, 0.000192193838302, 0.000111826288048, 3.59035220754e-05, 8.52338689583e-06], "mean": [2.96599173453e-05, 0.00609999522567, 0.00605770945549, 0.00104225391988, 0.00253211287782, 0.00430729985237, 0.00383737264201, 0.0015007200418, 0.00369190424681, 0.00139483262319, 0.000110716944619, 0.000125217295135, 3.22419728036e-05, 4.67755999125e-05, 5.51260272914e-05, 1.19279175124e-05, 1.03112861325e-05, 5.92023116042e-06, 5.17265971212e-06, 2.70898954113e-06, 2.77934736914e-06, 2.37113772528e-06, 2.13405382965e-06, 1.86532338375e-06, 1.00981844753e-06, 2.31418141539e-07, 9.00475853882e-08], "median": [7.63458558595e-07, 0.00186889711767, 0.0019328633789, 0.000419716758188, 0.000813196762465, 0.00283465604298, 0.00323979114182, 0.000120079042972, 0.000109520849946, 5.68577670492e-05, 5.05032039655e-06, 3.82009102395e-06, 1.43636282246e-06, 8.05263766779e-07, 1.19814785648e-06, 4.53750772067e-07, 4.39968800947e-07, 1.96483028958e-07, 8.77323742543e-08, 4.90024874011e-08, 2.48296121441e-08, 1.24963150938e-08, 7.92588039644e-09, 5.59139001766e-09, 3.23230220367e-09, 1.78707115772e-09, 8.37035218915e-10], "min": [1.00869494506e-14, 4.37168103638e-15, 3.04803853157e-16, 2.75707530265e-16, 1.29458525131e-15, 3.39337968752e-16, 1.01602258474e-15, 1.05039642582e-16, 2.49355996463e-15, 7.16376421074e-15, 7.95369443186e-16, 3.2314417052e-15, 5.43511861968e-15, 4.2208689377e-15, 4.61417344017e-15, 4.42559891864e-15, 6.7945209497e-15, 6.24236685292e-15, 3.41072766343e-15, 1.22305416595e-14, 1.36519815296e-14, 2.30784816035e-14, 2.05616655023e-14, 2.38200589488e-14, 4.26786122448e-14, 6.04376507066e-14, 7.3489303564e-14], "var": [4.19945145325e-08, 0.000134828136652, 7.23476623534e-05, 4.60229693999e-06, 4.2861483962e-05, 3.00364990835e-05, 1.21970851978e-05, 1.95531574718e-05, 9.66980223893e-05, 1.96812725335e-05, 5.82107247737e-07, 3.70938096239e-07, 1.89327113986e-08, 6.36360226736e-08, 4.79013024801e-08, 7.53766027373e-09, 2.92275537106e-09, 1.84199588915e-09, 1.15512233112e-09, 2.65878430383e-10, 2.04550085203e-10, 1.63447921864e-10, 1.1037886577e-10, 9.59294726988e-11, 3.22744261871e-11, 2.0932797596e-12, 2.71383474503e-13]}, "erbbands": {"dmean": [0.0628860145807, 1.02345454693, 3.3348197937, 1.8134560585, 2.79695701599, 4.66173887253, 10.146894455, 17.7186965942, 17.8762321472, 6.71788835526, 9.28000068665, 11.6342048645, 13.9861965179, 10.1071863174, 2.04597377777, 1.86595129967, 1.00359547138, 1.74804198742, 2.38452887535, 0.804269313812, 0.567029953003, 0.499216794968, 0.308341115713, 0.283926963806, 0.282556295395, 0.13549798727, 0.148176714778, 0.10453157872, 0.0940108075738, 0.0847022160888, 0.0610240325332, 0.0499312356114, 0.0287605747581, 0.0157210920006, 0.00562129216269, 0.00148196076043, 0.000407515180996, 0.000128789266455, 2.14638967009e-05, 9.94698621071e-06], "dmean2": [0.0985360816121, 1.58402335644, 5.02198600769, 2.56837463379, 4.54165220261, 7.45015144348, 16.0851783752, 28.7605628967, 28.9971160889, 10.1063575745, 12.9365272522, 15.3335723877, 18.5183620453, 14.543920517, 3.22687864304, 2.92944955826, 1.51964497566, 2.43904805183, 3.2440328598, 1.09793913364, 0.783613145351, 0.749145209789, 0.470343798399, 0.478317588568, 0.47631791234, 0.221783980727, 0.253885924816, 0.173455655575, 0.14985562861, 0.129565671086, 0.0894019305706, 0.0773786902428, 0.0426567457616, 0.0227929521352, 0.00837273895741, 0.00232033035718, 0.000616261153482, 0.000197396657313, 3.22533451254e-05, 1.47000773723e-05], "dvar": [0.0819512307644, 4.40826225281, 26.2695808411, 13.5795755386, 85.3651504517, 182.365188599, 548.362609863, 1648.359375, 1064.09375, 204.197418213, 1818.86669922, 2071.11352539, 3420.48901367, 3002.35083008, 134.898345947, 66.2294387817, 19.5814914703, 82.1691894531, 104.973632812, 16.9988212585, 16.4921665192, 5.05457401276, 3.05939745903, 3.34552979469, 2.56289887428, 0.566211938858, 0.391926854849, 0.288196891546, 0.219245612621, 0.131193459034, 0.0554552562535, 0.051156423986, 0.014792711474, 0.00536895077676, 0.000833669793792, 8.36194813019e-05, 3.81717563869e-06, 3.94550056626e-07, 8.72920402628e-09, 1.86282780867e-10], "dvar2": [0.176500469446, 10.2280769348, 60.193977356, 27.7163410187, 227.403549194, 413.986175537, 1201.3338623, 4019.78393555, 2844.671875, 479.615692139, 2972.96069336, 3181.41943359, 5362.21240234, 5763.88818359, 282.790374756, 150.239181519, 43.6510124207, 167.17338562, 203.475631714, 30.3824558258, 30.6277446747, 10.4786577225, 6.30410909653, 8.92840385437, 5.95365524292, 1.49210810661, 0.928928673267, 0.73088747263, 0.517683267593, 0.275760650635, 0.106668889523, 0.107747748494, 0.0295835528523, 0.0111234374344, 0.00190418970305, 0.000206878103199, 8.32302612253e-06, 8.92415187081e-07, 2.01392218457e-08, 3.92443411101e-10], "max": [5.06889724731, 29.9476680756, 74.2528915405, 76.2940826416, 226.14276123, 458.707305908, 304.817901611, 747.571411133, 610.910095215, 234.074188232, 1479.30847168, 1446.88012695, 1490.40014648, 1701.04345703, 365.143798828, 213.928970337, 91.2512817383, 285.617431641, 252.09173584, 130.803878784, 180.335891724, 44.9001045227, 82.4464263916, 46.1934890747, 66.4932022095, 20.0914974213, 8.95119094849, 9.78867053986, 10.708691597, 7.58406400681, 4.2544426918, 4.91205072403, 2.50154519081, 1.50854003429, 0.644729077816, 0.233802571893, 0.0397641658783, 0.0117582324892, 0.00159149896353, 0.000200098584173], "mean": [0.0802547410131, 1.72867715359, 7.09351730347, 5.04071855545, 4.9794383049, 8.51045608521, 19.9022369385, 38.9636726379, 63.9106140137, 30.5145378113, 39.5742263794, 58.9730072021, 71.52784729, 50.2925949097, 7.46882343292, 3.93162488937, 1.48926270008, 2.56016635895, 3.52181625366, 1.21185493469, 0.799053668976, 0.52756601572, 0.340427815914, 0.276274502277, 0.245574340224, 0.126455485821, 0.131882533431, 0.0922922790051, 0.0860116928816, 0.0766443088651, 0.0556450411677, 0.0473234467208, 0.0270320195705, 0.0148462485522, 0.00507535599172, 0.00128929154016, 0.000370942405425, 0.000117235817015, 3.04418426822e-05, 3.48657631548e-05], "median": [0.017305707559, 0.606546580791, 2.44244289398, 2.17756819725, 2.17323327065, 1.97908067703, 7.09372711182, 25.7280731201, 51.0972671509, 23.4623355865, 4.736140728, 3.17142009735, 2.54860639572, 1.85926806927, 0.55044066906, 0.233444988728, 0.100844748318, 0.056860845536, 0.0604065954685, 0.0538273863494, 0.0322935730219, 0.0276682041585, 0.0171615891159, 0.00666974950582, 0.00422233575955, 0.00228379294276, 0.00136923068203, 0.000724890211131, 0.000486796314362, 0.000339499150869, 0.000234277147683, 0.000158346229, 0.000100215125713, 6.19084166829e-05, 3.81690224458e-05, 2.31374360737e-05, 1.1959987205e-05, 1.99549458557e-06, 1.19951118904e-05, 2.77408762486e-05], "min": [2.72409509229e-13, 5.1037933645e-13, 4.47579690324e-13, 6.49813102632e-13, 1.96347191977e-12, 5.22620098239e-12, 3.62064675116e-12, 3.87260926452e-12, 1.08056324305e-11, 1.22615771703e-11, 7.95926952818e-12, 6.21932991218e-11, 1.89385715443e-10, 1.26072194351e-10, 7.18520520859e-11, 1.4100508261e-10, 2.68256444835e-10, 1.96947763653e-10, 2.23498108909e-10, 3.477046151e-10, 2.09808753704e-10, 4.05328048902e-10, 3.44986206269e-10, 1.96227672999e-10, 4.19933449125e-10, 5.33732447128e-10, 5.29244703618e-10, 5.29299437613e-10, 6.81132705793e-10, 7.94071197685e-10, 5.4575594044e-10, 4.97713259495e-10, 3.50886708578e-10, 3.98392013823e-10, 3.79492048896e-10, 2.66185740116e-10, 1.01338146208e-10, 3.43534367619e-11, 1.25076546342e-11, 9.77666081772e-13], "var": [0.0936065092683, 8.09357357025, 89.1844406128, 73.2426071167, 153.95475769, 651.577697754, 1071.24865723, 2592.92797852, 3071.07104492, 869.292053223, 14180.6347656, 25517.2441406, 38797.1640625, 26368.3320312, 718.058349609, 225.851669312, 32.8994522095, 171.47227478, 206.50163269, 38.2419166565, 34.4854011536, 6.64975881577, 4.28724241257, 3.18974113464, 2.80890822411, 0.536508023739, 0.434521079063, 0.278975069523, 0.22425660491, 0.158739030361, 0.0757141634822, 0.0624303370714, 0.019406426698, 0.00669628055766, 0.000876571750268, 7.27024234948e-05, 4.17651517637e-06, 4.18671504576e-07, 9.66401181302e-09, 7.77396536034e-10]}, "gfcc": {"mean": [-219.990188599, 226.483795166, -46.2275772095, -19.8367996216, -56.2001533508, -21.3353099823, -18.4295005798, -2.73154854774, 1.04063880444, -8.11619663239, -1.26855099201, -7.5782957077, -0.236610516906], "cov": [[17800.9296875, 547.034118652, -2509.84765625, 1496.80480957, 479.473754883, 1660.71826172, 155.182876587, 108.524658203, -292.146484375, -619.221252441, -742.585510254, -609.436767578, 102.668556213], [547.034118652, 2464.6015625, 490.879272461, -716.971618652, 591.613525391, -232.811325073, 382.752746582, -59.1021842957, 137.429840088, -260.470153809, -1.11101138592, -176.803070068, 41.5313110352], [-2509.84765625, 490.879272461, 1503.82275391, -38.7980041504, -97.5373840332, -199.309387207, 101.503181458, -34.115436554, 85.6305847168, 119.313972473, 144.459274292, 46.9353370667, -92.251914978], [1496.80480957, -716.971618652, -38.7980041504, 1191.41381836, 159.501953125, 177.071929932, -210.192428589, -81.3370895386, -64.7313995361, 51.4919700623, 2.96086239815, -54.4022140503, -66.119644165], [479.473754883, 591.613525391, -97.5373840332, 159.501953125, 698.955444336, 47.4795532227, -3.894323349, -68.7174224854, 47.4315338135, -62.5886001587, -15.8746986389, -79.7416000366, 12.4857730865], [1660.71826172, -232.811325073, -199.309387207, 177.071929932, 47.4795532227, 455.900726318, 82.6664505005, 11.4997634888, -67.8065567017, -44.045425415, -87.5533599854, -45.601360321, -0.681343197823], [155.182876587, 382.752746582, 101.503181458, -210.192428589, -3.894323349, 82.6664505005, 312.564178467, 98.1353683472, -25.8863983154, -106.484779358, -19.4709377289, -37.1921386719, 1.57992720604], [108.524658203, -59.1021842957, -34.115436554, -81.3370895386, -68.7174224854, 11.4997634888, 98.1353683472, 184.244018555, 59.3262214661, -33.0424537659, -45.6422958374, 15.3168439865, 34.8468551636], [-292.146484375, 137.429840088, 85.6305847168, -64.7313995361, 47.4315338135, -67.8065567017, -25.8863983154, 59.3262214661, 168.95614624, 57.1540527344, -7.78174161911, -14.1505813599, 21.1147041321], [-619.221252441, -260.470153809, 119.313972473, 51.4919700623, -62.5886001587, -44.045425415, -106.484779358, -33.0424537659, 57.1540527344, 203.301773071, 98.5093154907, 28.3512687683, -49.2371673584], [-742.585510254, -1.11101138592, 144.459274292, 2.96086239815, -15.8746986389, -87.5533599854, -19.4709377289, -45.6422958374, -7.78174161911, 98.5093154907, 166.932891846, 68.4618988037, -33.1445884705], [-609.436767578, -176.803070068, 46.9353370667, -54.4022140503, -79.7416000366, -45.601360321, -37.1921386719, 15.3168439865, -14.1505813599, 28.3512687683, 68.4618988037, 153.460174561, 68.3843002319], [102.668556213, 41.5313110352, -92.251914978, -66.119644165, 12.4857730865, -0.681343197823, 1.57992720604, 34.8468551636, 21.1147041321, -49.2371673584, -33.1445884705, 68.3843002319, 171.107971191]], "icov": [[0.000421874981839, -0.00130438501947, 0.000795797968749, -0.000994785339572, 0.000940887024626, -0.00146921537817, 0.00108018796891, -0.00142206111923, 0.00120109366253, -0.00108488963451, 0.00104931893293, -0.000181698793313, 0.000128717001644], [-0.00130438501947, 0.00611168751493, -0.00303894164972, 0.00409111985937, -0.00415421510115, 0.00511776795611, -0.00473868893459, 0.00634761620313, -0.00585687253624, 0.00646433141083, -0.00536082638428, 0.00309092761017, -0.00137460464612], [0.000795797968749, -0.00303894164972, 0.00265012076125, -0.00243370002136, 0.0022989041172, -0.00244047725573, 0.00110083294567, -0.00209801271558, 0.00177060393617, -0.0033087101765, 0.00293041323312, -0.00215715449303, 0.00124728376977], [-0.000994785339572, 0.00409111985937, -0.00243370002136, 0.00417079636827, -0.00313561293297, 0.00296383164823, -0.00141727225855, 0.00319725857116, -0.00281201233156, 0.00437445892021, -0.00449899258092, 0.00292861531489, -0.000930122623686], [0.000940887024626, -0.00415421510115, 0.0022989041172, -0.00313561293297, 0.00485692452639, -0.00389851513319, 0.00305606145412, -0.00299514271319, 0.00211328454316, -0.00274589052424, 0.00245553650893, -0.00109601428267, 0.000546112016309], [-0.00146921537817, 0.00511776795611, -0.00244047725573, 0.00296383164823, -0.00389851513319, 0.00892711337656, -0.00675150426105, 0.00645506381989, -0.00371269206516, 0.00231873616576, -0.000798730063252, 1.24188318296e-05, -0.000497653265484], [0.00108018796891, -0.00473868893459, 0.00110083294567, -0.00141727225855, 0.00305606145412, -0.00675150426105, 0.0134831946343, -0.0113737303764, 0.00737223494798, 1.6518340999e-05, -0.00225303182378, 0.0038276698906, -0.000381347868824], [-0.00142206111923, 0.00634761620313, -0.00209801271558, 0.00319725857116, -0.00299514271319, 0.00645506381989, -0.0113737303764, 0.0192080773413, -0.0128298271447, 0.00619318103418, -0.000324278342305, -0.00325812003575, 0.000459033530205], [0.00120109366253, -0.00585687253624, 0.00177060393617, -0.00281201233156, 0.00211328454316, -0.00371269206516, 0.00737223494798, -0.0128298271447, 0.0189593657851, -0.0115656321868, 0.00594263058156, 0.00180085154716, -0.00229157623835], [-0.00108488963451, 0.00646433141083, -0.0033087101765, 0.00437445892021, -0.00274589052424, 0.00231873616576, 1.6518340999e-05, 0.00619318103418, -0.0115656321868, 0.020978346467, -0.0145979356021, 0.00580822862685, 0.000251450488577], [0.00104931893293, -0.00536082638428, 0.00293041323312, -0.00449899258092, 0.00245553650893, -0.000798730063252, -0.00225303182378, -0.000324278342305, 0.00594263058156, -0.0145979356021, 0.0230592824519, -0.0133780380711, 0.00529683707282], [-0.000181698793313, 0.00309092761017, -0.00215715449303, 0.00292861531489, -0.00109601428267, 1.24188318296e-05, 0.0038276698906, -0.00325812003575, 0.00180085154716, 0.00580822862685, -0.0133780380711, 0.0210427884012, -0.00951648782939], [0.000128717001644, -0.00137460464612, 0.00124728376977, -0.000930122623686, 0.000546112016309, -0.000497653265484, -0.000381347868824, 0.000459033530205, -0.00229157623835, 0.000251450488577, 0.00529683707282, -0.00951648782939, 0.0114664109424]]}, "melbands": {"dmean": [0.000810979865491, 0.00163078785408, 0.000317752448609, 0.000297127524391, 0.000309655180899, 0.000390961882658, 0.000262577232206, 6.87006686348e-05, 7.28529848857e-05, 9.03902182472e-05, 7.13829431334e-05, 4.41864394816e-05, 6.71655197948e-06, 6.24959557172e-06, 2.92486765829e-06, 2.34068988902e-06, 3.31897444994e-06, 3.97033136323e-06, 1.60426463935e-06, 7.24504047867e-07, 6.80857908719e-07, 5.44386352885e-07, 3.37413354146e-07, 3.14592568884e-07, 2.1081103796e-07, 2.66971312612e-07, 1.10071084691e-07, 8.73710135352e-08, 9.91168462861e-08, 8.17884924231e-08, 5.5409817179e-08, 5.15328650863e-08, 5.35692095127e-08, 4.57565327849e-08, 3.4784708447e-08, 3.59230369895e-08, 2.76606169081e-08, 2.05755181781e-08, 1.66000173607e-08, 1.25678694118e-08], "dmean2": [0.00126210669987, 0.00245970534161, 0.000462177646114, 0.000486005767016, 0.000489336845931, 0.000633073097561, 0.000423670309829, 0.000102262027212, 9.99290423351e-05, 0.000117913237773, 9.42484330153e-05, 6.37035991531e-05, 1.07091400423e-05, 1.0086835573e-05, 4.43593853561e-06, 3.32130593961e-06, 4.74077023682e-06, 5.62353852729e-06, 2.04280536309e-06, 1.03115849015e-06, 9.6342694178e-07, 8.29702855754e-07, 5.05966681885e-07, 5.17663693245e-07, 3.59830551133e-07, 4.52749958413e-07, 1.81344518069e-07, 1.43757091564e-07, 1.71875683463e-07, 1.40288733519e-07, 9.03929446849e-08, 8.36078797306e-08, 8.43432204078e-08, 6.90070720566e-08, 5.08899589136e-08, 5.40932809656e-08, 4.29470361496e-08, 3.1142807444e-08, 2.38066295566e-08, 1.86213391373e-08], "dvar": [6.30602607998e-06, 6.22133120487e-06, 3.46510518057e-07, 1.12048974188e-06, 4.89960598316e-07, 7.55335179292e-07, 2.29004896823e-07, 2.23533049848e-08, 1.07400730087e-07, 1.28998152604e-07, 8.86405828737e-08, 6.0008893854e-08, 2.62424038056e-09, 1.22961973936e-09, 1.69413233442e-10, 1.22128029911e-10, 3.238138091e-10, 3.18592763282e-10, 4.05072572707e-11, 1.6991560936e-11, 2.53029385638e-11, 6.59395368169e-12, 2.42396163905e-12, 6.85468478853e-12, 2.32214486355e-12, 2.41163903084e-12, 2.96693171333e-13, 2.65355906736e-13, 1.95822470652e-13, 1.37072319641e-13, 9.6041230524e-14, 7.89789579765e-14, 5.12135195092e-14, 3.74223899481e-14, 1.90337027687e-14, 2.08881899272e-14, 1.7884734763e-14, 7.41112070123e-15, 4.9806833259e-15, 4.06290152821e-15], "dvar2": [1.38943787533e-05, 1.43198913065e-05, 7.60570287639e-07, 2.78428410638e-06, 1.08192250536e-06, 1.8361936327e-06, 6.05456136782e-07, 4.91746732223e-08, 1.73185611629e-07, 2.00040830123e-07, 1.38364853797e-07, 1.15429983794e-07, 5.54524604013e-09, 2.6173221368e-09, 3.96850968754e-10, 2.30267790946e-10, 6.90804913273e-10, 6.64982235943e-10, 6.77029890483e-11, 3.27629624819e-11, 4.66826681478e-11, 1.35136988405e-11, 5.16792815139e-12, 1.51049259906e-11, 6.49155642435e-12, 5.67834538071e-12, 7.57913154979e-13, 7.0448432244e-13, 4.62608467158e-13, 3.53383690583e-13, 2.50582622143e-13, 1.91805244105e-13, 1.12516522792e-13, 7.7089173261e-14, 3.70343980363e-14, 4.37640443091e-14, 3.84535610819e-14, 1.52092643086e-14, 9.75228249799e-15, 9.00183925881e-15], "max": [0.0432949513197, 0.0282387454063, 0.0104666771367, 0.0334557294846, 0.00926273316145, 0.0163123086095, 0.00859010964632, 0.00255250255577, 0.0110869575292, 0.00808158330619, 0.0075866067782, 0.00758957164362, 0.00175888778176, 0.00131630990654, 0.000360561389243, 0.000421721953899, 0.000481298804516, 0.000466610945296, 0.000175935580046, 0.000119692354929, 0.000219031717279, 4.84392694489e-05, 3.53099167114e-05, 0.000153066022904, 4.21634940722e-05, 6.24222011538e-05, 1.26211634779e-05, 1.35633590617e-05, 6.60488194626e-06, 7.81311155151e-06, 6.16612760496e-06, 6.33554600427e-06, 4.85804912387e-06, 3.69982353732e-06, 2.49338222602e-06, 2.5210226795e-06, 2.97011183648e-06, 1.69223631019e-06, 1.34706078825e-06, 1.32791024043e-06], "mean": [0.00119830504991, 0.00333242188208, 0.000868231756613, 0.00051529618213, 0.00060050265165, 0.000842628476676, 0.00096684350865, 0.000305622525048, 0.000310224597342, 0.000453629501862, 0.000364295701729, 0.000213944280404, 2.09993322642e-05, 1.65476449183e-05, 3.81204540645e-06, 3.42065527548e-06, 4.64535014544e-06, 5.5726309256e-06, 2.52502513831e-06, 1.00145928172e-06, 9.31596389364e-07, 5.7440144019e-07, 3.37490632774e-07, 3.15917162652e-07, 2.01633127972e-07, 2.24264084636e-07, 1.03270643592e-07, 7.90421097463e-08, 8.7374402824e-08, 6.84523939753e-08, 4.77213255579e-08, 4.70506229533e-08, 4.83339590573e-08, 4.14670076054e-08, 3.10761691935e-08, 3.31482787885e-08, 2.61949857361e-08, 1.88032220905e-08, 1.58402766459e-08, 1.15758531649e-08], "median": [0.000341939332429, 0.00136649096385, 0.000445824029157, 0.000130653686938, 0.000206588330911, 0.000570916279685, 0.00078494619811, 0.000190997772734, 1.95976135728e-05, 1.47146602103e-05, 9.16940552997e-06, 5.65655500395e-06, 1.21214429782e-06, 5.8138687109e-07, 2.32793922805e-07, 1.15798393097e-07, 6.81246135059e-08, 7.98911230504e-08, 7.78174964466e-08, 4.01309812048e-08, 2.79378209456e-08, 2.442845215e-08, 1.68059308692e-08, 9.02870400665e-09, 4.04859168412e-09, 3.3043463521e-09, 2.20491247482e-09, 1.19341481142e-09, 8.68727589864e-10, 5.76392711338e-10, 3.30981991814e-10, 2.55471921395e-10, 2.2267786226e-10, 1.61506585883e-10, 1.30833718859e-10, 9.68081795283e-11, 7.76149214343e-11, 5.6444158375e-11, 4.30833493881e-11, 3.13294251653e-11], "min": [2.3091219285e-15, 3.66364831335e-16, 1.4258305448e-16, 2.59963490647e-16, 1.65045547678e-16, 7.59359544734e-17, 1.87816056466e-16, 1.09231463054e-16, 9.41804353523e-17, 4.02438746949e-16, 9.87431516998e-16, 5.79034052084e-16, 1.65703877566e-16, 3.41219943612e-16, 6.29450247198e-16, 4.03405158602e-16, 3.66584609915e-16, 3.66499244876e-16, 3.23514043339e-16, 4.63493358243e-16, 2.06457213462e-16, 4.62478030437e-16, 3.21365067812e-16, 2.6053354382e-16, 1.39653524857e-16, 1.68128721136e-16, 5.44072608367e-16, 2.8877862507e-16, 2.60035541387e-16, 3.76259631997e-16, 2.92264297997e-16, 3.19902056624e-16, 5.69469461922e-16, 4.15000801422e-16, 3.57967161408e-16, 2.46398734453e-16, 3.32302857199e-16, 2.25517863525e-16, 2.9878772224e-16, 3.5180216445e-16], "var": [8.32025580166e-06, 1.76292924152e-05, 1.54803331043e-06, 2.96323537441e-06, 9.97292431748e-07, 1.19457934034e-06, 6.8575423029e-07, 1.15386441735e-07, 8.7704120233e-07, 1.43841884892e-06, 1.02159515336e-06, 5.15994145189e-07, 1.29227206713e-08, 7.08667524663e-09, 2.37138919612e-10, 2.73632977388e-10, 6.26210139298e-10, 5.48195544514e-10, 9.49102463288e-11, 3.49258989785e-11, 5.28256050014e-11, 8.97686612544e-12, 3.08887789478e-12, 8.49268138453e-12, 1.97484758581e-12, 2.56841054501e-12, 2.96561955765e-13, 2.43169796365e-13, 2.11180018242e-13, 1.28761449203e-13, 8.80036535723e-14, 7.57576781255e-14, 5.92020261482e-14, 4.64316661562e-14, 2.50576621762e-14, 2.64791139048e-14, 2.0849287398e-14, 9.32744380594e-15, 6.83785600231e-15, 4.56047917461e-15]}, "mfcc": {"mean": [-858.16986084, 233.100234985, 70.8354949951, 13.9869585037, -5.31994533539, -12.4328489304, -12.3211269379, -0.778487205505, 2.92112278938, 2.4137339592, -0.121732644737, 1.46481370926, 4.68603372574], "cov": [[7977.35644531, 957.452148438, -1617.9888916, -362.109436035, 5.51587057114, 384.925598145, 154.059875488, 290.879394531, 240.208908081, 283.789520264, -89.1823425293, -333.544219971, -462.102783203], [957.452148438, 2551.76220703, 270.010009766, -379.715881348, -7.0500831604, -107.598197937, 48.7236557007, 195.800460815, 255.853973389, 80.9208831787, -26.5000686646, -96.7127761841, -59.1551589966], [-1617.9888916, 270.010009766, 1363.53686523, 324.144622803, -101.624542236, -78.4505844116, -4.58046340942, -34.8529167175, -40.1667861938, -37.5632286072, 81.3184127808, 154.156661987, 162.975479126], [-362.109436035, -379.715881348, 324.144622803, 564.51739502, 202.989212036, 79.7462997437, 14.2174596786, -104.887428284, -127.850105286, -24.1278934479, 57.7838134766, 86.1750869751, 46.3303604126], [5.51587057114, -7.0500831604, -101.624542236, 202.989212036, 426.982971191, 192.989318848, -3.29020762444, -59.5803909302, -34.6326332092, -1.55464351177, 16.3507652283, 9.96996307373, -7.18983650208], [384.925598145, -107.598197937, -78.4505844116, 79.7462997437, 192.989318848, 266.357696533, 107.421112061, -11.6225032806, -34.2585601807, 9.53624916077, 13.2031183243, -6.60535287857, -30.9400424957], [154.059875488, 48.7236557007, -4.58046340942, 14.2174596786, -3.29020762444, 107.421112061, 210.105834961, 109.483093262, -0.92507058382, -4.23108100891, 2.4792637825, -15.7421483994, -35.0189056396], [290.879394531, 195.800460815, -34.8529167175, -104.887428284, -59.5803909302, -11.6225032806, 109.483093262, 207.339660645, 138.259735107, 21.2595329285, -44.6932678223, -50.9384155273, -44.8346138], [240.208908081, 255.853973389, -40.1667861938, -127.850105286, -34.6326332092, -34.2585601807, -0.92507058382, 138.259735107, 211.658721924, 94.0083084106, -40.6088409424, -73.0515289307, -44.7464332581], [283.789520264, 80.9208831787, -37.5632286072, -24.1278934479, -1.55464351177, 9.53624916077, -4.23108100891, 21.2595329285, 94.0083084106, 143.076660156, 50.2855567932, -49.9396705627, -57.8387947083], [-89.1823425293, -26.5000686646, 81.3184127808, 57.7838134766, 16.3507652283, 13.2031183243, 2.4792637825, -44.6932678223, -40.6088409424, 50.2855567932, 122.140403748, 75.4889297485, 5.80209493637], [-333.544219971, -96.7127761841, 154.156661987, 86.1750869751, 9.96996307373, -6.60535287857, -15.7421483994, -50.9384155273, -73.0515289307, -49.9396705627, 75.4889297485, 188.260421753, 124.014923096], [-462.102783203, -59.1551589966, 162.975479126, 46.3303604126, -7.18983650208, -30.9400424957, -35.0189056396, -44.8346138, -44.7464332581, -57.8387947083, 5.80209493637, 124.014923096, 174.287841797]], "icov": [[0.000372243637685, -0.000343223073287, 0.000551379402168, -0.000546443974599, 0.000917367753573, -0.00145208335016, 0.0014752082061, -0.00165512610693, 0.00144316116348, -0.00138595199678, 0.000901277118828, -0.000624768028501, 0.000475961249322], [-0.000343223073287, 0.000927613407839, -0.00084012869047, 0.00119741517119, -0.00156964629423, 0.00207562954165, -0.00213611638173, 0.0019784742035, -0.00203326833434, 0.00142686860636, -0.000942560029216, 0.000623611500487, -0.0002052623895], [0.000551379402168, -0.00084012869047, 0.002192893764, -0.00219857390039, 0.00255492399447, -0.00271229725331, 0.00250128959306, -0.0022813025862, 0.000845312955789, -0.000309382303385, -0.000783240189776, 0.000148400606122, -0.000714898982551], [-0.000546443974599, 0.00119741517119, -0.00219857390039, 0.00516860885546, -0.00440152222291, 0.00410370761529, -0.00408571073785, 0.00313749280758, 0.000244749768171, -0.00111842097249, 0.00166000716854, -0.0014602568699, 0.000848077703267], [0.000917367753573, -0.00156964629423, 0.00255492399447, -0.00440152222291, 0.00865491852164, -0.00907559134066, 0.00737115601078, -0.00486144656315, 0.00178656494245, -5.34494465683e-05, -0.00112231669482, 0.000575784128159, -0.000274525111308], [-0.00145208335016, 0.00207562954165, -0.00271229725331, 0.00410370761529, -0.00907559134066, 0.0167701132596, -0.0147590143606, 0.0122133856639, -0.00693592661992, 0.00278069451451, 0.000171733496245, -0.000355302967364, 0.000468067650218], [0.0014752082061, -0.00213611638173, 0.00250128959306, -0.00408571073785, 0.00737115601078, -0.0147590143606, 0.0243187434971, -0.0235086437315, 0.0172195788473, -0.00843029841781, 0.00178976438474, -0.000343555817381, 0.000264418369625], [-0.00165512610693, 0.0019784742035, -0.0022813025862, 0.00313749280758, -0.00486144656315, 0.0122133856639, -0.0235086437315, 0.0351652093232, -0.0292279142886, 0.0179654806852, -0.00653130561113, 0.00209975941107, 0.00105392141268], [0.00144316116348, -0.00203326833434, 0.000845312955789, 0.000244749768171, 0.00178656494245, -0.00693592661992, 0.0172195788473, -0.0292279142886, 0.0400463938713, -0.0325059629977, 0.0221260078251, -0.00997888296843, 0.00292230583727], [-0.00138595199678, 0.00142686860636, -0.000309382303385, -0.00111842097249, -5.34494465683e-05, 0.00278069451451, -0.00843029841781, 0.0179654806852, -0.0325059629977, 0.0434939339757, -0.0343926735222, 0.0201635882258, -0.00629892665893], [0.000901277118828, -0.000942560029216, -0.000783240189776, 0.00166000716854, -0.00112231669482, 0.000171733496245, 0.00178976438474, -0.00653130561113, 0.0221260078251, -0.0343926735222, 0.0440465323627, -0.0276505853981, 0.013500132598], [-0.000624768028501, 0.000623611500487, 0.000148400606122, -0.0014602568699, 0.000575784128159, -0.000355302967364, -0.000343555817381, 0.00209975941107, -0.00997888296843, 0.0201635882258, -0.0276505853981, 0.0288158021867, -0.0162176024169], [0.000475961249322, -0.0002052623895, -0.000714898982551, 0.000848077703267, -0.000274525111308, 0.000468067650218, 0.000264418369625, 0.00105392141268, 0.00292230583727, -0.00629892665893, 0.013500132598, -0.0162176024169, 0.0175191573799]]}, "spectral_contrast_coeffs": {"dmean": [0.0446115508676, 0.0415119491518, 0.0344200395048, 0.0269779358059, 0.0207777805626, 0.030106972903], "dmean2": [0.0730141922832, 0.068916156888, 0.0552681386471, 0.0434909984469, 0.0333726294339, 0.0509461462498], "dvar": [0.00148850085679, 0.00179137126543, 0.00128653994761, 0.000632483803201, 0.000429154664744, 0.000754681881517], "dvar2": [0.00382289546542, 0.00463512726128, 0.00283173494972, 0.00139923265669, 0.000957496929914, 0.00201079738326], "max": [-0.342028677464, -0.343961805105, -0.315563857555, -0.557714998722, -0.547009110451, -0.722642302513], "mean": [-0.597624838352, -0.569876253605, -0.681277096272, -0.820908010006, -0.848889827728, -0.846503913403], "median": [-0.593937039375, -0.565260052681, -0.707173228264, -0.82951015234, -0.853889703751, -0.842598080635], "min": [-0.990993797779, -0.964101910591, -0.988308429718, -0.986426532269, -0.973004817963, -0.966993927956], "var": [0.00989112071693, 0.00742584932595, 0.0155159039423, 0.00371036212891, 0.00219463114627, 0.00188873941079]}, "spectral_contrast_valleys": {"dmean": [0.430131316185, 0.388718754053, 0.423581063747, 0.43863016367, 0.564746439457, 0.873491168022], "dmean2": [0.697765350342, 0.630355358124, 0.666280567646, 0.648712456226, 0.819536089897, 1.33289921284], "dvar": [0.142135128379, 0.189748689532, 0.250875204802, 0.291931957006, 