{"lowlevel": {"average_loudness": 0.00860705040395, "barkbands_crest": {"dmean": 2.04683947563, "dmean2": 3.22930574417, "dvar": 3.69681310654, "dvar2": 9.42150115967, "max": 26.352230072, "mean": 9.65036582947, "median": 9.0191488266, "min": 1.82649552822, "var": 13.0263462067}, "barkbands_flatness_db": {"dmean": 0.0137666696683, "dmean2": 0.0210221596062, "dvar": 0.000183912343346, "dvar2": 0.00041011889698, "max": 0.592854321003, "mean": 0.212629124522, "median": 0.218521609902, "min": 0.00847029872239, "var": 0.00342135736719}, "barkbands_kurtosis": {"dmean": 1.34658837318, "dmean2": 2.05204939842, "dvar": 15.9021492004, "dvar2": 24.5017623901, "max": 471.323577881, "mean": 2.57387447357, "median": 1.10100317001, "min": -1.67580223083, "var": 128.287872314}, "barkbands_skewness": {"dmean": 0.332514315844, "dmean2": 0.516854226589, "dvar": 0.111342698336, "dvar2": 0.267261683941, "max": 5.42702579498, "mean": 1.01045370102, "median": 0.981379568577, "min": -15.2109041214, "var": 0.929827451706}, "barkbands_spread": {"dmean": 2.17364573479, "dmean2": 3.4031484127, "dvar": 5.86287307739, "dvar2": 14.329706192, "max": 69.4104766846, "mean": 11.5184030533, "median": 10.8557605743, "min": 0.0871714875102, "var": 33.323348999}, "dissonance": {"dmean": 0.0216673202813, "dmean2": 0.0366300456226, "dvar": 0.000603651686106, "dvar2": 0.00169500871561, "max": 0.500000119209, "mean": 0.446149140596, "median": 0.454531818628, "min": 0.0611248612404, "var": 0.00152306223754}, "dynamic_complexity": 7.7991361618, "erbbands_crest": {"dmean": 2.65852403641, "dmean2": 4.2770690918, "dvar": 6.42180156708, "dvar2": 16.2703380585, "max": 32.4675064087, "mean": 10.6227083206, "median": 9.43936347961, "min": 2.71942186356, "var": 21.8760700226}, "erbbands_flatness_db": {"dmean": 0.0128487152979, "dmean2": 0.019566334784, "dvar": 0.000179749622475, "dvar2": 0.000387814332498, "max": 0.637721717358, "mean": 0.266683995724, "median": 0.272141098976, "min": 0.0630409121513, "var": 0.0043798382394}, "erbbands_kurtosis": {"dmean": 0.749839305878, "dmean2": 1.18550789356, "dvar": 0.927291095257, "dvar2": 2.16042494774, "max": 29.6090202332, "mean": 0.530428886414, "median": 0.142160177231, "min": -1.70305073261, "var": 3.12341356277}, "erbbands_skewness": {"dmean": 0.295376777649, "dmean2": 0.455160856247, "dvar": 0.0677710548043, "dvar2": 0.165627345443, "max": 4.12196207047, "mean": 0.503912270069, "median": 0.465431451797, "min": -2.52474117279, "var": 0.29783987999}, "erbbands_spread": {"dmean": 3.59108686447, "dmean2": 5.61421108246, "dvar": 11.8833408356, "dvar2": 29.4183826447, "max": 76.4122543335, "mean": 19.7987365723, "median": 19.0781803131, "min": 0.348442107439, "var": 58.8879814148}, "hfc": {"dmean": 1.9647320509, "dmean2": 3.03270053864, "dvar": 28.731174469, "dvar2": 66.4710922241, "max": 182.016586304, "mean": 7.7579369545, "median": 2.07434558868, "min": 1.05408207793e-16, "var": 198.846908569}, "melbands_crest": {"dmean": 2.57558941841, "dmean2": 3.99948906898, "dvar": 5.74152946472, "dvar2": 14.1825714111, "max": 31.06457901, "mean": 12.8581037521, "median": 12.1257400513, "min": 1.67041099072, "var": 23.2536392212}, "melbands_flatness_db": {"dmean": 0.014610150829, "dmean2": 0.0218108836561, "dvar": 0.000226309028221, "dvar2": 0.000495900283568, "max": 0.656521499157, "mean": 0.24838039279, "median": 0.242541879416, "min": 0.00284990807995, "var": 0.00420778850093}, "melbands_kurtosis": {"dmean": 1.80196094513, "dmean2": 2.82818198204, "dvar": 5.16576242447, "dvar2": 12.1641492844, "max": 119.627433777, "mean": 3.94678163528, "median": 2.6732378006, "min": -1.5829269886, "var": 26.2672405243}, "melbands_skewness": {"dmean": 0.368858397007, "dmean2": 0.569974482059, "dvar": 0.11266900599, "dvar2": 0.270687878132, "max": 4.71682167053, "mean": 1.36809778214, "median": 1.33322906494, "min": -7.62731218338, "var": 0.787424623966}, "melbands_spread": {"dmean": 3.40809822083, "dmean2": 5.36721420288, "dvar": 15.9793395996, "dvar2": 38.6282653809, "max": 166.86151123, "mean": 17.2127933502, "median": 15.7749300003, "min": 0.351407766342, "var": 126.104660034}, "pitch_salience": {"dmean": 0.0539462566376, "dmean2": 0.0861817449331, "dvar": 0.00218086387031, "dvar2": 0.00565248727798, "max": 0.928634405136, "mean": 0.592121303082, "median": 0.591364920139, "min": 0.179157048464, "var": 0.0101597281173}, "silence_rate_20dB": {"dmean": 0, "dmean2": 0, "dvar": 0, "dvar2": 0, "max": 1, "mean": 1, "median": 1, "min": 1, "var": 0}, "silence_rate_30dB": {"dmean": 0.00421940907836, "dmean2": 0.0084397085011, "dvar": 0.00420182850212, "dvar2": 0.00984360836446, "max": 1, "mean": 0.990085422993, "median": 1, "min": 0, "var": 0.00981691665947}, "silence_rate_60dB": {"dmean": 0.0303797461092, "dmean2": 0.0607659034431, "dvar": 0.0294537693262, "dvar2": 0.0667735263705, "max": 1, "mean": 0.516506671906, "median": 1, "min": 0, "var": 0.249728694558}, "spectral_centroid": {"dmean": 130.153594971, "dmean2": 206.235244751, "dvar": 35017.9453125, "dvar2": 71426.390625, "max": 11756.2929688, "mean": 1138.36572266, "median": 931.057983398, "min": 333.591827393, "var": 688363.875}, "spectral_complexity": {"dmean": 1.63691985607, "dmean2": 2.70049571991, "dvar": 4.63072061539, "dvar2": 10.5191774368, "max": 53, "mean": 10.2521886826, "median": 8, "min": 0, "var": 69.4880828857}, "spectral_decrease": {"dmean": 7.10462577658e-10, "dmean2": 1.06309916426e-09, "dvar": 3.18105539447e-18, "dvar2": 7.31460760993e-18, "max": 4.55936880696e-20, "mean": -3.15933412764e-09, "median": -7.38892613761e-10, "min": -4.76036881025e-08, "var": 3.35834170644e-17}, "spectral_energy": {"dmean": 0.00283163483255, "dmean2": 0.00424431497231, "dvar": 5.03519622725e-05, "dvar2": 0.000116096758575, "max": 0.185549169779, "mean": 0.0126277366653, "median": 0.00297281215899, "min": 1.00205346029e-20, "var": 0.000530668417923}, "spectral_energyband_high": {"dmean": 4.51368141512e-05, "dmean2": 6.92899629939e-05, "dvar": 8.87349358436e-08, "dvar2": 1.82416840744e-07, "max": 0.0141977285966, "mean": 8.75851110322e-05, "median": 3.71528312826e-06, "min": 7.17227952747e-21, "var": 2.4873807547e-07}, "spectral_energyband_low": {"dmean": 0.000803048897069, "dmean2": 0.00122308672871, "dvar": 9.6857384051e-06, "dvar2": 2.29536672123e-05, "max": 0.0919643640518, "mean": 0.00256392150186, "median": 8.74990873854e-05, "min": 3.10272941084e-23, "var": 5.45288457943e-05}, "spectral_energyband_middle_high": {"dmean": 0.00102039147168, "dmean2": 0.00164387293626, "dvar": 6.29873966318e-06, "dvar2": 1.6293986846e-05, "max": 0.0579803138971, "mean": 0.00297537771985, "median": 0.000686113256961, "min": 1.24388031822e-21, "var": 3.05492758343e-05}, "spectral_energyband_middle_low": {"dmean": 0.00208898517303, "dmean2": 0.00310212885961, "dvar": 2.93551183859e-05, "dvar2": 6.6991255153e-05, "max": 0.166987642646, "mean": 0.00765448296443, "median": 0.00206505972892, "min": 1.72320328615e-22, "var": 0.000213062521652}, "spectral_entropy": {"dmean": 0.0983255952597, "dmean2": 0.150771826506, "dvar": 0.0127846049145, "dvar2": 0.0272170845419, "max": 9.8295507431, "mean": 6.93363046646, "median": 6.92010831833, "min": 3.77759313583, "var": 0.230374708772}, "spectral_flux": {"dmean": 0.00782434176654, "dmean2": 0.0129858404398, "dvar": 0.000204509182367, "dvar2": 0.000481429451611, "max": 0.311672657728, "mean": 0.0346765071154, "median": 0.0187615361065, "min": 6.53770856895e-11, "var": 0.00135763385333}, "spectral_kurtosis": {"dmean": 5.50839471817, "dmean2": 9.69948482513, "dvar": 50.7533035278, "dvar2": 140.861083984, "max": 342.937530518, "mean": 13.2280950546, "median": 9.03842163086, "min": -1.25820410252, "var": 334.179046631}, "spectral_rms": {"dmean": 0.000287969509372, "dmean2": 0.000421766249929, "dvar": 2.51222843417e-07, "dvar2": 5.49095830138e-07, "max": 0.0134545005858, "mean": 0.0025686158333, "median": 0.00170302798506, "min": 3.12668055509e-12, "var": 5.72192584514e-06}, "spectral_rolloff": {"dmean": 212.674514771, "dmean2": 360.382019043, "dvar": 147738.390625, "dvar2": 291593.21875, "max": 19681.3476562, "mean": 1351.69750977, "median": 1055.12695312, "min": 258.3984375, "var": 1853506.5}, "spectral_skewness": {"dmean": 0.428669393063, "dmean2": 0.751492917538, "dvar": 0.179108738899, "dvar2": 0.524597704411, "max": 14.5648336411, "mean": 2.18398618698, "median": 1.94758033752, "min": -0.0601660013199, "var": 1.33641421795}, "spectral_spread": {"dmean": 215438.65625, "dmean2": 353085.09375, "dvar": 322519105536, "dvar2": 502578905088, "max": 42355360, "mean": 2531317.75, "median": 2175326.75, "min": 251204.6875, "var": 6643769147390.0}, "spectral_strongpeak": {"dmean": 0.277278453112, "dmean2": 0.455712229013, "dvar": 0.245805829763, "dvar2": 0.641308963299, "max": 9.48053359985, "mean": 0.715666770935, "median": 0.489431709051, "min": 0, "var": 0.563012778759}, "zerocrossingrate": {"dmean": 0.00428657373413, "dmean2": 0.00552810216323, "dvar": 4.88935111207e-05, "dvar2": 6.53576862533e-05, "max": 0.521484375, "mean": 0.0490015298128, "median": 0.041015625, "min": 0.01220703125, "var": 0.00163202057593}, "barkbands": {"dmean": [2.9588295547e-06, 0.000388651300455, 0.000357533164788, 0.000404732243624, 0.000756469846237, 0.000338647310855, 0.000803799950518, 0.000675749906804, 0.000378791621188, 0.000631006783806, 0.000369560177205, 0.000374436320271, 0.000116241433716, 9.62580670603e-05, 0.000146393096657, 5.74092700845e-05, 8.21379217086e-05, 4.32526321674e-05, 4.18282288592e-05, 1.89460533875e-05, 1.31925398819e-05, 6.78171181789e-06, 5.85690577282e-06, 8.14661416371e-06, 5.90349054619e-06, 3.12691167892e-06, 7.23617176845e-07], "dmean2": [5.08928042109e-06, 0.000562069239095, 0.000545387039892, 0.00059506011894, 0.00118475640193, 0.000500592635944, 0.00113702786621, 0.0010020287009, 0.000576747115701, 0.00101817783434, 0.000599012884777, 0.000614367541857, 0.000193180225324, 0.000156537382281, 0.00024719897192, 9.62523263297e-05, 0.000139537412906, 7.30102765374e-05, 7.07944636815e-05, 3.24318316416e-05, 2.1662994186e-05, 1.09450356831e-05, 9.32877992454e-06, 1.31290134959e-05, 9.08149650058e-06, 4.42330610895e-06, 1.13050873551e-06], "dvar": [1.22080040521e-10, 3.53404334419e-06, 2.32784918808e-06, 2.29499801208e-06, 1.16812907436e-05, 7.0999072932e-07, 4.74068474432e-06, 4.46612875749e-06, 1.87139823993e-06, 3.60658759746e-06, 1.53179098561e-06, 1.26576617276e-06, 1.48368727082e-07, 1.00623942956e-07, 1.26728849636e-07, 3.34381198286e-08, 6.25884766237e-08, 1.35681226254e-08, 1.62880748888e-08, 5.13636200239e-09, 4.17020462606e-09, 1.17975962333e-09, 1.87344117997e-09, 6.04525762782e-09, 2.87186008308e-09, 1.99315408622e-09, 4.57864822445e-11], "dvar2": [3.3032263036e-10, 7.61663386584e-06, 5.37079904461e-06, 5.62566447115e-06, 3.29660142597e-05, 1.6271842469e-06, 9.79869764706e-06, 9.53072503762e-06, 4.27420900451e-06, 9.48130491452e-06, 3.88086073144e-06, 3.25864584738e-06, 3.97564548393e-07, 2.46938583359e-07, 3.49962476776e-07, 8.59266506836e-08, 1.78429374387e-07, 3.89189800387e-08, 4.13228455898e-08, 1.28507924302e-08, 1.03996615763e-08, 2.74580203019e-09, 4.22687929102e-09, 1.45615572933e-08, 5.7682680854e-09, 3.04014946551e-09, 1.0320701932e-10], "max": [0.00024500474683, 0.0728099197149, 0.0564786307514, 0.0726710483432, 0.137896358967, 0.0224419105798, 0.0459202900529, 0.0458295270801, 0.0557972192764, 0.0424414426088, 0.0530702248216, 0.0191283524036, 0.0106352921575, 0.00686071394011, 0.00574219180271, 0.00573080312461, 0.00776636321098, 0.00246214843355, 0.00540598249063, 0.00242785993032, 0.00208142306656, 0.00150487956125, 0.00205997820012, 0.00368529907428, 0.00266534858383, 0.00282181985676, 0.000124906699057], "mean": [3.48614548784e-06, 0.00134412921034, 0.000738676579203, 0.00105244619772, 0.00165220233612, 0.000863463850692, 0.0018128772499, 0.0011655734852, 0.000747389625758, 0.00102606590372, 0.000559317297302, 0.000569061085116, 0.000203793126275, 0.000167365709785, 0.000223603259656, 0.000101779740362, 0.000134036876261, 8.02978611318e-05, 7.60562543292e-05, 3.50564769178e-05, 2.1872769139e-05, 1.36758399094e-05, 1.0134306649e-05, 1.14591230158e-05, 9.04313310457e-06, 4.18437639382e-06, 6.6720514269e-07], "median": [8.27985680019e-09, 1.13757369036e-06, 2.43477406912e-05, 4.69178376079e-05, 0.000254772661719, 0.000193020357983, 0.000346095359419, 0.000184824530152, 0.000119867007015, 0.000135730530019, 9.10474482225e-05, 0.000147855695104, 2.17123142647e-05, 2.47106672759e-05, 5.78504332225e-05, 1.63721979334e-05, 3.50284790329e-05, 1.71373230842e-05, 1.41437376442e-05, 3.083575848e-06, 1.08788879061e-06, 4.13214024775e-07, 1.65856519629e-07, 6.73708200338e-08, 2.62963535391e-08, 8.43178860066e-09, 1.13693876536e-09], "min": [1.65554155824e-24, 1.04073472593e-23, 2.7030754763e-24, 1.12526422876e-24, 9.04786066282e-24, 6.79817293381e-24, 4.54194909777e-24, 1.21341645697e-23, 2.25098224975e-23, 1.44547480171e-23, 1.61401603851e-23, 2.51480841758e-23, 3.87374912229e-23, 4.32009040899e-23, 5.87943081371e-23, 5.95566380724e-23, 7.41386183094e-23, 9.06804698229e-23, 1.50597661505e-22, 1.70226691772e-22, 2.93225354e-22, 3.39970474453e-22, 3.70249732786e-22, 7.37330491408e-22, 9.37542177463e-22, 1.34153549227e-21, 1.98876312412e-21], "var": [1.54547513675e-10, 2.38753546e-05, 8.24512426334e-06, 2.0021758246e-05, 1.74317610799e-05, 3.17704734698e-06, 1.6478341422e-05, 1.05134431578e-05, 4.38612505604e-06, 6.97288669471e-06, 2.95176391774e-06, 2.14964597944e-06, 3.521399492e-07, 2.43231141894e-07, 2.10868535078e-07, 7.65371339639e-08, 1.11403750225e-07, 3.27293605551e-08, 3.40950165878e-08, 1.2277969752e-08, 8.26902901707e-09, 3.78074194174e-09, 4.85405049488e-09, 1.07452740039e-08, 8.74096794945e-09, 4.45223280465e-09, 4.55730488069e-11]}, "erbbands": {"dmean": [0.005172544159, 0.107863053679, 0.3804076612, 0.903537988663, 1.70148909092, 2.93171572685, 2.89801669121, 2.9804956913, 10.3983278275, 10.1309108734, 15.3618097305, 9.5649061203, 14.7052545547, 17.9451942444, 13.3724126816, 18.3258666992, 5.86651754379, 4.92250967026, 8.60737705231, 3.75170183182, 3.61787676811, 3.04580163956, 2.26141500473, 1.94597959518, 2.12079191208, 0.935746908188, 0.536548733711, 0.474707692862, 0.241612538695, 0.222529023886, 0.157164916396, 0.143262475729, 0.145122110844, 0.0895160734653, 0.0341052301228, 0.0170279834419, 0.00484874006361, 0.000953926704824, 0.000116529532534, 1.1332057511e-05], "dmean2": [0.00713351787999, 0.157166168094, 0.576947152615, 1.38017380238, 2.44465637207, 4.6976890564, 4.1429028511, 4.55278730392, 14.4245786667, 14.7850198746, 22.9943637848, 14.4998731613, 23.6757297516, 29.2142696381, 21.5308570862, 30.0096263885, 9.7106962204, 8.14186000824, 14.2637767792, 6.2936167717, 6.05845546722, 5.11708879471, 3.81761860847, 3.2824819088, 3.58636021614, 1.59548974037, 0.882224261761, 0.797203719616, 0.385691314936, 0.349304258823, 0.249917715788, 0.225509077311, 0.2333894521, 0.145566850901, 0.0499618835747, 0.0249862782657, 0.00673498073593, 0.0013921285281, 0.000179789160029, 1.75079858309e-05], "dvar": [0.000604830041993, 0.27006739378, 2.68648314476, 10.8582878113, 56.491443634, 167.288589478, 73.8398895264, 59.5681037903, 794.526367188, 934.194824219, 2817.13818359, 1468.16125488, 3530.99145508, 2848.54663086, 1799.55651855, 3241.33764648, 329.505767822, 237.909179688, 449.98147583, 114.597175598, 95.7188262939, 76.642829895, 36.5000839233, 51.750957489, 39.8585128784, 10.3434324265, 5.14307308197, 7.99482154846, 1.43564772606, 1.79985368252, 1.41440188885, 1.51121759415, 2.20846438408, 0.641455113888, 0.110025860369, 0.0615538135171, 0.00427176663652, 0.000125073260278, 1.1694666e-06, 6.94840807114e-09], "dvar2": [0.00113381550182, 0.594743132591, 6.29783248901, 28.3912200928, 138.947265625, 467.220855713, 178.531143188, 137.371795654, 1509.86791992, 2003.75817871, 6152.32666016, 3343.92675781, 9510.92578125, 7556.59033203, 4504.45214844, 8284.53027344, 879.842346191, 646.56427002, 1187.9486084, 309.38092041, 265.052734375, 209.40322876, 103.563491821, 132.353851318, 98.1363220215, 27.2641010284, 12.5485086441, 20.9781894684, 3.32880926132, 4.17696046829, 3.18116426468, 3.56808066368, 5.26518344879, 1.42195606232, 0.199136659503, 0.0942991599441, 0.00667723221704, 0.000243624730501, 2.66239862867e-06, 1.63558979693e-08], "max": [0.998529076576, 19.4778079987, 57.0377426147, 100.52973175, 354.577484131, 436.054870605, 213.283294678, 215.995742798, 664.159301758, 736.74786377, 1239.44628906, 1638.84753418, 1657.31958008, 1230.01184082, 1619.5480957, 975.325561523, 449.889526367, 358.704803467, 371.682525635, 204.809585571, 233.285049438, 233.844390869, 143.875015259, 425.976013184, 275.829498291, 78.0018234253, 96.7501068115, 87.8815536499, 50.3010902405, 65.6764602661, 58.8396492004, 57.3390922546, 73.4434051514, 34.234539032, 18.0511722565, 14.6422758102, 4.15040302277, 0.586459338665, 0.0222259946167, 0.00153707654681], "mean": [0.0185204874724, 0.370264679193, 0.920194029808, 2.269562006, 4.58272790909, 5.44156455994, 7.20675230026, 6.92448568344, 23.8543510437, 23.5563411713, 25.3431015015, 19.1765727997, 27.3878536224, 30.1606769562, 22.1411991119, 28.1488246918, 11.0333251953, 9.53051376343, 13.5482225418, 6.82041215897, 6.88684940338, 5.48683738708, 4.3352804184, 3.88316965103, 3.76717424393, 1.82886624336, 1.02613449097, 0.763721764088, 0.491463392973, 0.386902183294, 0.276323705912, 0.218545585871, 0.196514248848, 0.126400634646, 0.0546202734113, 0.025185983628, 0.00605971971527, 0.00098867865745, 0.000114397676953, 2.17034958041e-05], "median": [2.83865010715e-05, 0.000988901709206, 0.0242104195058, 0.186304584146, 0.515218257904, 0.846062541008, 0.997504889965, 1.84087371826, 4.78816556931, 3.24829316139, 4.07332038879, 3.13978052139, 4.76102733612, 3.97038507462, 4.43205547333, 6.899330616, 1.61410152912, 1.57563757896, 3.11479711533, 1.51174247265, 1.56129515171, 1.38146448135, 0.957945823669, 0.564876556396, 0.842849254608, 0.205011665821, 0.0690295472741, 0.0299717150629, 0.0155414957553, 0.00746237533167, 0.00461704842746, 0.00180362153333, 0.000911199604161, 0.000406607956393, 0.000144402947626, 5.010005043e-05, 1.52132233779e-05, 2.89365038952e-06, 2.16385956264e-06, 3.54523513124e-06], "min": [2.55648791506e-22, 1.10925738034e-21, 3.48528552521e-21, 4.54843354388e-21, 6.90145946401e-21, 1.8127096053e-20, 5.46283453591e-20, 6.72889650197e-20, 1.0947696633e-19, 1.15590709937e-19, 4.81412447362e-19, 5.8028963698e-19, 4.49761880488e-19, 8.24085302701e-19, 7.31766569666e-19, 1.52510846413e-18, 2.032461554e-18, 2.83723156901e-18, 2.97548777736e-18, 3.66224124604e-18, 3.95395558805e-18, 4.54651593243e-18, 6.13928487553e-18, 6.63085225738e-18, 9.0063673249e-18, 7.46001686264e-18, 9.47016832153e-18, 1.27942357993e-17, 1.055368807e-17, 1.17748142765e-17, 1.02183664205e-17, 1.30816818893e-17, 1.22113638078e-17, 9.84128621208e-18, 7.14974803231e-18, 4.41612042143e-18, 2.26950277303e-18, 8.65204089059e-19, 2.66131997952e-19, 2.63105618741e-20], "var": [0.00494140153751, 1.77333164215, 12.2933683395, 48.1828308105, 307.777862549, 187.591796875, 299.939880371, 206.765686035, 2977.86499023, 3181.00341797, 6046.79150391, 3381.26855469, 6358.64013672, 5636.81103516, 3511.3659668, 5579.74462891, 817.667114258, 586.986938477, 834.786010742, 227.139282227, 225.27104187, 148.755340576, 89.7800598145, 107.096679688, 81.9373092651, 27.5835018158, 13.5168333054, 12.4974689484, 5.04657363892, 4.53677368164, 3.65886449814, 3.05518531799, 3.70352005959, 1.51398515701, 0.371735572815, 0.154179811478, 0.00877342652529, 0.00017802399816, 1.17606714412e-06, 7.36161398507e-09]}, "gfcc": {"mean": [-166.99508667, 128.267593384, -181.950027466, -12.0133190155, -65.8418579102, -18.2706241608, -34.187828064, -4.30291891098, -21.1028079987, -10.593837738, -7.23860883713, -9.13062477112, -7.7739648819], "cov": [[22357.6640625, 2685.33032227, 1633.7713623, 2108.99951172, 142.227615356, 757.489746094, -215.334243774, 158.986236572, -175.131607056, 17.4521923065, -338.630249023, -179.342681885, -244.589614868], [2685.33032227, 3182.11987305, 1538.63708496, 392.930603027, 735.42175293, -121.378547668, 24.9631595612, -402.40838623, -146.30607605, -518.388977051, -192.033721924, -267.68157959, -63.8679733276], [1633.7713623, 1538.63708496, 2371.96484375, 612.202453613, 604.03137207, 423.339782715, 86.4779434204, -100.141998291, -144.797180176, -240.788452148, -310.793823242, -106.421463013, -76.758895874], [2108.99951172, 392.930603027, 612.202453613, 560.888671875, 119.956108093, 138.229675293, -22.1874713898, 0.197782129049, -26.3948230743, -20.0137233734, -94.7470855713, -60.780796051, -63.3512573242], [142.227615356, 735.42175293, 604.03137207, 119.956108093, 359.276763916, 122.637008667, 107.407714844, -47.0961723328, -18.6092720032, -102.452125549, -52.7591819763, -52.0116653442, -15.2843503952], [757.489746094, -121.378547668, 423.339782715, 138.229675293, 122.637008667, 417.75994873, 179.748901367, 144.98626709, 8.629778862, 52.3215332031, -54.1314849854, 34.1504058838, -4.80241823196], [-215.334243774, 24.9631595612, 86.4779434204, -22.1874713898, 107.407714844, 179.748901367, 225.311019897, 104.869216919, 54.6421051025, 14.9887275696, 16.2676429749, 7.31139421463, 7.79935789108], [158.986236572, -402.40838623, -100.141998291, 0.197782129049, -47.0961723328, 144.98626709, 104.869216919, 193.425018311, 84.2874984741, 110.313613892, 25.2275924683, 42.8754005432, 5.93249368668], [-175.131607056, -146.30607605, -144.797180176, -26.3948230743, -18.6092720032, 8.629778862, 54.6421051025, 84.2874984741, 130.505859375, 86.6292190552, 55.6790351868, 19.4144802094, 16.6832714081], [17.4521923065, -518.388977051, -240.788452148, -20.0137233734, -102.452125549, 52.3215332031, 14.9887275696, 110.313613892, 86.6292190552, 184.997802734, 79.7291564941, 60.8571853638, 13.2531671524], [-338.630249023, -192.033721924, -310.793823242, -94.7470855713, -52.7591819763, -54.1314849854, 16.2676429749, 25.2275924683, 55.6790351868, 79.7291564941, 125.379127502, 53.3171958923, 35.9124908447], [-179.342681885, -267.68157959, -106.421463013, -60.780796051, -52.0116653442, 34.1504058838, 7.31139421463, 42.8754005432, 19.4144802094, 60.8571853638, 53.3171958923, 92.744430542, 51.1081924438], [-244.589614868, -63.8679733276, -76.758895874, -63.3512573242, -15.2843503952, -4.80241823196, 7.79935789108, 5.93249368668, 16.6832714081, 13.2531671524, 35.9124908447, 51.1081924438, 81.528717041]], "icov": [[0.000167273188708, -0.000545483955648, 0.000265886919806, -0.000472765445011, 0.0005726844538, -0.000574871548451, 0.000427716237027, -0.000552396988496, 0.000488007295644, -0.000727986625861, 0.000341800769093, -0.000406406848924, 0.000152941443957], [-0.000545483955648, 0.0032901156228, -0.00136094621848, 0.00110670726281, -0.00333858234808, 0.00238334131427, -0.00137234700378, 0.00267814891413, -0.0026421234943, 0.00511044729501, -0.00281126564369, 0.00310841877945, -0.00102986441925], [0.000265886919806, -0.00136094621848, 0.00207376852632, -0.00138715840876, -0.000489331316203, -0.00173143239226, 0.00105676392559, -0.000531338795554, 0.00089245615527, -0.00194177671801, 0.00355918193236, -0.00271768076345, 0.000618830090389], [-0.000472765445011, 0.00110670726281, -0.00138715840876, 0.00450588436797, -0.0010306017939, 0.00048380086082, 0.000414230307797, 0.000768083671574, -0.00137681525666, 0.000900482817087, -0.001273839036, 0.00272055040114, 0.000374716270017], [0.0005726844538, -0.00333858234808, -0.000489331316203, -0.0010306017939, 0.011361903511, -0.00362749421038, -0.00144041958265, -0.000183510259376, 0.000977654592134, -0.00264733470976, -0.00101287593134, -0.000102587895526, 0.000649444758892], [-0.000574871548451, 0.00238334131427, -0.00173143239226, 0.00048380086082, -0.00362749421038, 0.0109564689919, -0.00738042918965, -0.000700540200341, 0.00216496689245, -0.00128131743986, 0.00351248728111, -0.00229262770154, -0.000734182947781], [0.000427716237027, -0.00137234700378, 0.00105676392559, 0.000414230307797, -0.00144041958265, -0.00738042918965, 0.01497005485, -0.00699465489015, -0.00201553897932, 0.00397612992674, -0.00533353490755, 0.00318318558857, 1.70032581082e-05], [-0.000552396988496, 0.00267814891413, -0.000531338795554, 0.000768083671574, -0.000183510259376, -0.000700540200341, -0.00699465489015, 0.019278395921, -0.00841588992625, -0.000757260597311, 0.00318712275475, -0.00201295339502, 0.0014312597923], [0.000488007295644, -0.0026421234943, 0.00089245615527, -0.00137681525666, 0.000977654592134, 0.00216496689245, -0.00201553897932, -0.00841588992625, 0.0197969321162, -0.0110986204818, 3.27030647895e-05, 0.00221752887592, -0.00337073416449], [-0.000727986625861, 0.00511044729501, -0.00194177671801, 0.000900482817087, -0.00264733470976, -0.00128131743986, 0.00397612992674, -0.000757260597311, -0.0110986204818, 0.0267345719039, -0.0140250325203, 0.0021752610337, 0.00253337412141], [0.000341800769093, -0.00281126564369, 0.00355918193236, -0.001273839036, -0.00101287593134, 0.00351248728111, -0.00533353490755, 0.00318712275475, 3.27030647895e-05, -0.0140250325203, 0.0285915471613, -0.0144931804389, 0.00024390888575], [-0.000406406848924, 0.00310841877945, -0.00271768076345, 0.00272055040114, -0.000102587895526, -0.00229262770154, 0.00318318558857, -0.00201295339502, 0.00221752887592, 0.0021752610337, -0.0144931804389, 0.0339364483953, -0.0152383428067], [0.000152941443957, -0.00102986441925, 0.000618830090389, 0.000374716270017, 0.000649444758892, -0.000734182947781, 1.70032581082e-05, 0.0014312597923, -0.00337073416449, 0.00253337412141, 0.00024390888575, -0.0152383428067, 0.0224872101098]]}, "melbands": {"dmean": [7.87599637988e-05, 0.000179796290467, 0.000161762465723, 0.000173722350155, 0.000103835111076, 6.55851108604e-05, 0.000163864853675, 0.000106323153886, 0.000116452523798, 6.3210944063e-05, 7.42790653021e-05, 7.63723874115e-05, 4.82047180412e-05, 4.51379019069e-05, 2.57443280134e-05, 1.17836571008e-05, 1.00463348645e-05, 1.35564505399e-05, 7.17510965842e-06, 5.38689573659e-06, 4.93834704685e-06, 4.16428110839e-06, 2.0373836378e-06, 2.52871063822e-06, 1.60209572186e-06, 1.92829361367e-06, 8.99338886029e-07, 6.37883147192e-07, 3.66729665302e-07, 3.46064865653e-07, 2.63071598283e-07, 1.52572866341e-07, 1.21216203297e-07, 1.29263895587e-07, 9.64764268474e-08, 9.55665910851e-08, 8.5496964175e-08, 9.91236106529e-08, 9.92971891378e-08, 7.32274614279e-08], "dmean2": [0.000110629000119, 0.000272798060905, 0.000232343445532, 0.000271628552582, 0.000152888416778, 9.89235559246e-05, 0.000229376702919, 0.000155524452566, 0.000174297820195, 9.65737272054e-05, 0.00011939954129, 0.000124288111692, 7.72913408582e-05, 7.41044932511e-05, 4.1889201384e-05, 1.98315810849e-05, 1.66605768754e-05, 2.2325262762e-05, 1.21189923448e-05, 9.06123386812e-06, 8.34681213746e-06, 7.04301601218e-06, 3.46914839611e-06, 4.3177178668e-06, 2.68538701675e-06, 3.29770250573e-06, 1.49355651047e-06, 1.09620555122e-06, 6.10573692938e-07, 5.72550959532e-07, 4.4579391556e-07, 2.46127598302e-07, 1.95263140768e-07, 2.08930615031e-07, 1.56371029902e-07, 1.55094028287e-07, 1.34108233851e-07, 1.5617928284e-07, 1.63996247693e-07, 1.17342679573e-07], "dvar": [1.45930130202e-07, 6.03784826581e-07, 2.842333231e-07, 6.91892239502e-07, 1.00615082488e-07, 2.69938151831e-08, 1.9993353817e-07, 1.01253469609e-07, 1.63401793429e-07, 6.6550192912e-08, 8.6026730628e-08, 5.20404555004e-08, 2.42778863679e-08, 1.61424900114e-08, 5.27827026531e-09, 1.90786986209e-09, 1.11036302375e-09, 1.17296861113e-09, 3.06676961603e-10, 3.11353026694e-10, 2.10167605541e-10, 1.61407331944e-10, 3.43109464451e-11, 4.76526040849e-11, 4.63294645703e-11, 3.11109298046e-11, 1.2833342028e-11, 4.01935342648e-12, 2.45095783946e-12, 2.45866608323e-12, 2.49635620335e-12, 4.98341060258e-13, 5.10981177076e-13, 6.80773417239e-13, 4.68484138202e-13, 8.59878574594e-13, 4.86816424845e-13, 1.22676369931e-12, 8.24577710799e-13, 4.18698089437e-13], "dvar2": [2.87724787995e-07, 1.43613522141e-06, 6.18352771653e-07, 1.92994548343e-06, 2.56927393139e-07, 6.05633161399e-08, 3.92106272784e-07, 2.13061355225e-07, 3.565462805e-07, 1.51902185053e-07, 2.31379374327e-07, 1.3702781132e-07, 5.79060852601e-08, 4.2148567303e-08, 1.32507951278e-08, 5.25990984102e-09, 2.99381786029e-09, 2.95221913582e-09, 8.42637459808e-10, 8.02856114923e-10, 6.02210281642e-10, 4.48633963313e-10, 9.489499464e-11, 1.37358346919e-10, 1.17007528666e-10, 8.22208412465e-11, 2.86288735774e-11, 1.10297326827e-11, 6.22885293691e-12, 6.21906953019e-12, 6.62929476938e-12, 1.17540818658e-12, 1.19922572307e-12, 1.67721012859e-12, 1.14352396909e-12, 2.07370210413e-12, 1.1382685159e-12, 2.83360314379e-12, 1.99669339222e-12, 9.27516635545e-13], "max": [0.0156520009041, 0.0252167545259, 0.0262791886926, 0.0368205010891, 0.00593489874154, 0.00413597002625, 0.0100056566298, 0.00749282725155, 0.00945528876036, 0.011024273932, 0.00816567242146, 0.00473070098087, 0.00781157612801, 0.00204968010075, 0.00122605031356, 0.00138365000021, 0.0007999673835, 0.000809756689705, 0.000265691487584, 0.000549026823137, 0.000417481758632, 0.000381418067263, 0.000193682411918, 0.000159038769198, 0.000437786802649, 0.000198375390028, 0.00015896486002, 5.13754603162e-05, 6.59985598759e-05, 4.87463294121e-05, 4.81663810206e-05, 3.10925133817e-05, 3.75790405087e-05, 4.0194925532e-05, 3.08721464535e-05, 4.69657461508e-05, 3.35610311595e-05, 5.8383691794e-05, 3.8061178202e-05, 2.91181568173e-05], "mean": [0.000285888876533, 0.000506314449012, 0.000466273806524, 0.000374622934032, 0.000241309782723, 0.000153864064487, 0.000374476978322, 0.00024178987951, 0.000187740079127, 0.000121266479255, 0.000136534014018, 0.000123665537103, 7.47599988244e-05, 6.98223520885e-05, 4.16563598264e-05, 2.03297331609e-05, 1.73499265657e-05, 2.13597541006e-05, 1.15590200949e-05, 8.88244176167e-06, 8.54322297528e-06, 6.83779626343e-06, 3.46512706528e-06, 4.42264081357e-06, 2.80577091871e-06, 3.21411994264e-06, 1.58563568675e-06, 1.13831663384e-06, 6.36781635421e-07, 5.71340592614e-07, 3.92558462181e-07, 2.91358475124e-07, 2.24749086897e-07, 2.07173229683e-07, 1.62600017006e-07, 1.44134077118e-07, 1.26233999254e-07, 1.39434206403e-07, 1.27514283577e-07, 1.00084221799e-07], "median": [2.12439303482e-07, 7.14510133548e-06, 4.1972460167e-05, 5.66027811146e-05, 3.75728923245e-05, 4.17053161073e-05, 7.82186325523e-05, 3.2936106436e-05, 2.90327716357e-05, 1.86899305845e-05, 2.36746782321e-05, 1.50811547428e-05, 1.29456329887e-05, 1.77570946107e-05, 9.41622693063e-06, 2.24906170843e-06, 2.646549774e-06, 4.66522214992e-06, 3.14748058372e-06, 1.35061929996e-06, 2.11462770494e-06, 1.86244756151e-06, 4.19604759827e-07, 1.08185292902e-06, 2.57287609884e-07, 7.05524200839e-07, 2.54672926303e-07, 1.19759377526e-07, 3.67298618187e-08, 3.01596223551e-08, 1.16875229494e-08, 8.88616646932e-09, 6.07776629025e-09, 3.37032957098e-09, 3.07245717757e-09, 1.32550392884e-09, 9.35478583486e-10, 6.72950362102e-10, 4.3130468641e-10, 2.97675578631e-10], "min": [3.13576726054e-24, 2.30242347495e-24, 1.03843736576e-24, 8.71825801054e-25, 3.42843012043e-24, 1.37119427837e-24, 1.21012741975e-24, 1.25112816948e-24, 3.63843988175e-24, 3.24838050742e-24, 2.09239951413e-24, 2.78916485297e-24, 2.20744501639e-24, 2.70782008022e-24, 4.7921446169e-24, 3.77802684678e-24, 4.2352707434e-24, 3.34205458447e-24, 3.35050407363e-24, 3.59014108397e-24, 4.15973888945e-24, 3.58618100223e-24, 4.19112332613e-24, 3.81551627801e-24, 5.29982039119e-24, 4.93655822738e-24, 5.13630648605e-24, 4.97387410921e-24, 3.98924001542e-24, 6.13233330904e-24, 7.12240107674e-24, 5.45431367189e-24, 6.59342448029e-24, 6.59926165656e-24, 5.66285378535e-24, 5.69811034578e-24, 7.37435615012e-24, 7.68503008498e-24, 6.50870831325e-24, 6.44717992365e-24], "var": [1.11992528673e-06, 3.12686893267e-06, 2.82379210148e-06, 1.11886026843e-06, 2.9266408319e-07, 9.88404522673e-08, 7.26796656636e-07, 3.43339337405e-07, 3.46194354961e-07, 1.4773988255e-07, 1.56150676389e-07, 1.00286108307e-07, 5.24941796698e-08, 2.77057043974e-08, 1.02303161498e-08, 4.0406331614e-09, 2.45935605214e-09, 2.33247332559e-09, 5.37736632999e-10, 6.32966346004e-10, 3.99264843409e-10, 2.80825140919e-10, 7.46167364007e-11, 1.0303086162e-10, 8.00843974469e-11, 6.00426028341e-11, 2.53347655355e-11, 1.02127100179e-11, 5.50448965922e-12, 5.05248967664e-12, 3.6987405326e-12, 1.55926313528e-12, 1.41988742812e-12, 1.5334560878e-12, 1.19011484695e-12, 1.42605632164e-12, 1.03226390109e-12, 2.13253546766e-12, 1.4077605184e-12, 9.93568075036e-13]}, "mfcc": {"mean": [-782.088928223, 153.07043457, -55.50157547, -5.47958898544, -20.2562580109, -21.9907779694, -10.6081295013, -8.72731685638, -10.2586402893, -5.81987142563, -7.65950727463, -5.85692739487, 1.52802598476], "cov": [[12487.7519531, 2628.57788086, 1598.81115723, 1416.0847168, 665.327026367, 947.687744141, 253.279220581, 440.444061279, 223.64994812, 207.23588562, 78.1233978271, -30.362159729, -230.690643311], [2628.57788086, 3017.12426758, 864.725036621, 630.40057373, 624.534057617, 227.978790283, 139.380096436, 49.250995636, -65.7897720337, -188.620529175, -240.937744141, -261.415679932, -228.878936768], [1598.81115723, 864.725036621, 1307.87280273, 455.780944824, 473.909393311, 470.821929932, 249.536102295, 239.260467529, 130.065551758, -26.8708152771, -76.1091537476, -107.223365784, -185.453369141], [1416.0847168, 630.40057373, 455.780944824, 447.236083984, 241.428588867, 185.337371826, 50.3678321838, 35.1849327087, 5.31058883667, -0.427029252052, -24.3235168457, -50.9858932495, -78.4476928711], [665.327026367, 624.534057617, 473.909393311, 241.428588867, 323.429473877, 178.298217773, 89.0137557983, 46.2537460327, 23.3426494598, -26.3491840363, -47.030166626, -62.4159202576, -74.2337265015], [947.687744141, 227.978790283, 470.821929932, 185.337371826, 178.298217773, 308.619262695, 161.980224609, 151.158935547, 91.1097564697, 28.1252250671, 4.63514995575, -4.89919996262, -49.9492797852], [253.279220581, 139.380096436, 249.536102295, 50.3678321838, 89.0137557983, 161.980224609, 190.4584198, 140.067642212, 77.8171005249, 23.1772212982, 4.82563209534, 0.0409858487546, -15.6205396652], [440.444061279, 49.250995636, 239.260467529, 35.1849327087, 46.2537460327, 151.158935547, 140.067642212, 198.003753662, 110.467979431, 43.8585090637, 18.0070056915, 5.00303220749, -18.6452903748], [223.64994812, -65.7897720337, 130.065551758, 5.31058883667, 23.3426494598, 91.1097564697, 77.8171005249, 110.467979431, 131.088562012, 76.8242645264, 47.9800071716, 35.0682640076, 11.4006061554], [207.23588562, -188.620529175, -26.8708152771, -0.427029252052, -26.3491840363, 28.1252250671, 23.1772212982, 43.8585090637, 76.8242645264, 126.430496216, 91.9274597168, 57.4814987183, 33.4158401489], [78.1233978271, -240.937744141, -76.1091537476, -24.3235168457, -47.030166626, 4.63514995575, 4.82563209534, 18.0070056915, 47.9800071716, 91.9274597168, 124.496543884, 90.592048645, 47.9840812683], [-30.362159729, -261.415679932, -107.223365784, -50.9858932495, -62.4159202576, -4.89919996262, 0.0409858487546, 5.00303220749, 35.0682640076, 57.4814987183, 90.592048645, 140.040130615, 88.7187805176], [-230.690643311, -228.878936768, -185.453369141, -78.4476928711, -74.2337265015, -49.9492797852, -15.6205396652, -18.6452903748, 11.4006061554, 33.4158401489, 47.9840812683, 88.7187805176, 120.489639282]], "icov": [[0.000181755545782, -0.000162928976351, 3.4720844269e-05, -0.000368427252397, 0.000326053064782, -0.000560876505915, 0.000476182409329, -0.000330907379976, 0.000154170280439, -0.000325674656779, -4.33935783803e-05, -0.000119205004012, 1.17456056614e-05], [-0.000162928976351, 0.000889753398951, 0.000111397959699, -0.000366353895515, -0.00145574158523, 0.00118301948532, -0.000810394180007, -4.873295984e-05, -0.000123296573292, 0.000769526057411, 0.000494982814416, 0.000220698144403, 0.000230704245041], [3.4720844269e-05, 0.000111397959699, 0.00320971943438, -0.00101449829526, -0.00235574250109, -0.00200528814457, 0.000204860218219, -0.00118439155631, -0.00144628353883, 0.00134771503508, 0.000528267875779, -0.000685358885676, 0.00217580841854], [-0.000368427252397, -0.000366353895515, -0.00101449829526, 0.00616374844685, -0.00169012683909, -0.00115286151413, 0.000919733836781, 0.000917841738556, 0.00216340296902, -0.00200323224999, -0.000237301777815, 0.000300508865621, 1.64245120686e-05], [0.000326053064782, -0.00145574158523, -0.00235574250109, -0.00169012683909, 0.0111904432997, -0.00292462366633, -0.000799356028438, 0.0036395539064, -0.0012105635833, -0.000366601190763, -0.000782690593041, 0.00145242421422, -0.00126722676214], [-0.000560876505915, 0.00118301948532, -0.00200528814457, -0.00115286151413, -0.00292462366633, 0.0138633679599, -0.00608941353858, -0.00158514094073, -0.000881339248735, 0.00076688505942, 0.000821666326374, -0.00210148375481, 0.0013376470888], [0.000476182409329, -0.000810394180007, 0.000204860218219, 0.000919733836781, -0.000799356028438, -0.00608941353858, 0.015755450353, -0.0082261255011, 0.00125565740746, -0.000950157351326, -0.000316929625114, 0.000287388509605, -0.00190151866991], [-0.000330907379976, -4.873295984e-05, -0.00118439155631, 0.000917841738556, 0.0036395539064, -0.00158514094073, -0.0082261255011, 0.0184985660017, -0.0100080752745, 0.00177102792077, -0.000312417920213, 0.00165087671485, 0.000794447318185], [0.000154170280439, -0.000123296573292, -0.00144628353883, 0.00216340296902, -0.0012105635833, -0.000881339248735, 0.00125565740746, -0.0100080752745, 0.0245280321687, -0.0127577492967, 0.00234827352688, -0.00238380744122, -0.00121628423221], [-0.000325674656779, 0.000769526057411, 0.00134771503508, -0.00200323224999, -0.000366601190763, 0.00076688505942, -0.000950157351326, 0.00177102792077, -0.0127577492967, 0.0269298162311, -0.0164732355624, 0.00544350035489, -0.00185796804726], [-4.33935783803e-05, 0.000494982814416, 0.000528267875779, -0.000237301777815, -0.000782690593041, 0.000821666326374, -0.000316929625114, -0.000312417920213, 0.00234827352688, -0.0164732355624, 0.0292869526893, -0.0150448046625, 0.00504559790716], [-0.000119205004012, 0.000220698144403, -0.000685358885676, 0.000300508865621, 0.00145242421422, -0.00210148375481, 0.000287388509605, 0.00165087671485, -0.00238380744122, 0.00544350035489, -0.0150448046625, 0.0242952480912, -0.0135335186496], [1.17456056614e-05, 0.000230704245041, 0.00217580841854, 1.64245120686e-05, -0.00126722676214, 0.0013376470888, -0.00190151866991, 0.000794447318185, -0.00121628423221, -0.00185796804726, 0.00504559790716, -0.0135335186496, 0.0203559976071]]}, "spectral_contrast_coeffs": {"dmean": [0.0387858264148, 0.0357856452465, 0.0319638587534, 0.0256224125624, 0.019000576809, 0.0121036982164], "dmean2": [0.0636996254325, 0.0573235191405, 0.0524918101728, 0.0429936498404, 0.0318420417607, 0.0205835364759], "dvar": [0.0011194490362, 0.000855394580867, 0.000694976130035, 0.00041563026025, 0.000221011054236, 9.95564405457e-05], "dvar2": [0.00307643599808, 0.00223071081564, 0.00189194013365, 0.00115920882672, 0.000605039764196, 0.000280823471257], "max": [-0.257247179747, -0.421960771084, -0.475182920694, -0.539678573608, -0.578377485275, -0.652589321136], "mean": [-0.591211080551, -0.713885426521, -0.737468898296, -0.760718226433, -0.755155146122, -0.759304404259], "median": [-0.575491905212, -0.71360874176, -0.740651965141, -0.76831060648, -0.75532579422, -0.759504914284], "min": [-0.98030680418, -0.983868658543, -0.982644617558, -0.979946553707, -0.96869122982, -0.964794874191], "var": [0.0190650969744, 0.00520829856396, 0.00535968877375, 0.00409616762772, 0.00273419986479, 0.00170709635131]}, "spectral_contrast_valleys": {"dmean": [0.406192183495, 0.285033077002, 0.248792275786, 0.204723000526, 0.157809481025, 0.140511065722], "dmean2": [0.683660149574, 0.466651260853, 0.408131420612, 0.339108854532, 0.255267560482, 0.216883823276], "dvar": [0.148404404521, 0.096342086792, 0.0812444910407, 0.0732608437538, 0.0658125802875, 0.0763674005866], "dvar2": [0.345748364925, 0.174133777618,