{"lowlevel": {"average_loudness": 0.962908387184, "barkbands_crest": {"dmean": 2.52462816238, "dmean2": 4.02648067474, "dvar": 5.96607494354, "dvar2": 15.0806360245, "max": 24.6508922577, "mean": 12.8580102921, "median": 12.2412233353, "min": 3.4528837204, "var": 18.3807945251}, "barkbands_flatness_db": {"dmean": 0.0352477394044, "dmean2": 0.0508294291794, "dvar": 0.00180405715946, "dvar2": 0.00373659981415, "max": 0.48579877615, "mean": 0.249150574207, "median": 0.242955490947, "min": 0.0631184875965, "var": 0.00722698494792}, "barkbands_kurtosis": {"dmean": 3.49590063095, "dmean2": 5.32843494415, "dvar": 32.8195075989, "dvar2": 75.4594421387, "max": 89.6391220093, "mean": 6.6355381012, "median": 3.19158983231, "min": -1.9144179821, "var": 91.873260498}, "barkbands_skewness": {"dmean": 0.556798636913, "dmean2": 0.831134021282, "dvar": 0.364510685205, "dvar2": 0.790779232979, "max": 8.55587387085, "mean": 1.75199389458, "median": 1.52832269669, "min": -1.85663890839, "var": 1.89730668068}, "barkbands_spread": {"dmean": 2.84667539597, "dmean2": 4.33318376541, "dvar": 12.5361747742, "dvar2": 28.4646625519, "max": 50.8084411621, "mean": 11.2488021851, "median": 10.3328514099, "min": 0.878234803677, "var": 44.9470481873}, "dissonance": {"dmean": 0.0370676703751, "dmean2": 0.0620247982442, "dvar": 0.00121144833975, "dvar2": 0.00313890213147, "max": 0.499696850777, "mean": 0.392223149538, "median": 0.402406692505, "min": 0.158569380641, "var": 0.00352215999737}, "dynamic_complexity": 2.00494527817, "erbbands_crest": {"dmean": 2.7327413559, "dmean2": 4.18275165558, "dvar": 7.63229560852, "dvar2": 17.53373909, "max": 33.2011871338, "mean": 13.7419881821, "median": 12.8651533127, "min": 2.88596010208, "var": 26.6236019135}, "erbbands_flatness_db": {"dmean": 0.0266886297613, "dmean2": 0.0378747321665, "dvar": 0.00113260385115, "dvar2": 0.0024314171169, "max": 0.491138994694, "mean": 0.228452593088, "median": 0.210507050157, "min": 0.0679232850671, "var": 0.00707240123302}, "erbbands_kurtosis": {"dmean": 1.44808876514, "dmean2": 2.10653138161, "dvar": 4.0457649231, "dvar2": 8.52689647675, "max": 41.7151641846, "mean": 2.21430444717, "median": 1.32749938965, "min": -1.66201364994, "var": 11.6342172623}, "erbbands_skewness": {"dmean": 0.430204600096, "dmean2": 0.612801373005, "dvar": 0.209570407867, "dvar2": 0.479946613312, "max": 3.86183428764, "mean": 0.438475698233, "median": 0.446399182081, "min": -5.46268367767, "var": 0.874989509583}, "erbbands_spread": {"dmean": 4.78418970108, "dmean2": 7.30855035782, "dvar": 37.7346458435, "dvar2": 87.719291687, "max": 78.861869812, "mean": 21.6666278839, "median": 18.8466091156, "min": 1.44340586662, "var": 158.238708496}, "hfc": {"dmean": 6.50081348419, "dmean2": 8.91317272186, "dvar": 107.485832214, "dvar2": 210.634963989, "max": 149.388412476, "mean": 18.6764202118, "median": 13.766793251, "min": 1.11171552315e-16, "var": 256.495941162}, "melbands_crest": {"dmean": 2.66822195053, "dmean2": 4.28577709198, "dvar": 7.27296447754, "dvar2": 17.3657932281, "max": 31.1679477692, "mean": 16.149936676, "median": 15.9927215576, "min": 1.46407592297, "var": 23.1151294708}, "melbands_flatness_db": {"dmean": 0.0397097654641, "dmean2": 0.0570583567023, "dvar": 0.00236965273507, "dvar2": 0.00485504092649, "max": 0.645845472813, "mean": 0.352169334888, "median": 0.348025858402, "min": 0.000886207621079, "var": 0.00904990546405}, "melbands_kurtosis": {"dmean": 5.89797449112, "dmean2": 9.01644706726, "dvar": 100.332824707, "dvar2": 222.464492798, "max": 152.929595947, "mean": 12.268029213, "median": 6.05864334106, "min": -1.81584095955, "var": 293.989990234}, "melbands_skewness": {"dmean": 0.661064565182, "dmean2": 0.987241327763, "dvar": 0.544766366482, "dvar2": 1.13360512257, "max": 10.077914238, "mean": 2.36473846436, "median": 2.12140870094, "min": -1.2774643898, "var": 2.78115582466}, "melbands_spread": {"dmean": 3.36120486259, "dmean2": 5.00755882263, "dvar": 24.0874843597, "dvar2": 46.4778938293, "max": 133.519973755, "mean": 12.2282152176, "median": 10.5625038147, "min": 0.667570650578, "var": 86.9300613403}, "pitch_salience": {"dmean": 0.0579770579934, "dmean2": 0.0919692367315, "dvar": 0.00335086672567, "dvar2": 0.00822587311268, "max": 0.989227771759, "mean": 0.420963436365, "median": 0.414537608624, "min": 0.130271315575, "var": 0.0108066210523}, "silence_rate_20dB": {"dmean": 0, "dmean2": 0, "dvar": 0, "dvar2": 0, "max": 1, "mean": 1, "median": 1, "min": 1, "var": 0}, "silence_rate_30dB": {"dmean": 0.0789288207889, "dmean2": 0.157913282514, "dvar": 0.0726982057095, "dvar2": 0.163992539048, "max": 1, "mean": 0.905952811241, "median": 1, "min": 0, "var": 0.085204705596}, "silence_rate_60dB": {"dmean": 0.00211416487582, "dmean2": 0.00422982033342, "dvar": 0.00210954248905, "dvar2": 0.00562208937481, "max": 1, "mean": 0.00281789363362, "median": 0, "min": 0, "var": 0.00281011196785}, "spectral_centroid": {"dmean": 120.423316956, "dmean2": 180.304122925, "dvar": 49989.6757812, "dvar2": 86749.453125, "max": 11391.3369141, "mean": 684.002441406, "median": 645.911254883, "min": 145.783065796, "var": 208151.6875}, "spectral_complexity": {"dmean": 1.89499652386, "dmean2": 3.01445198059, "dvar": 5.87680244446, "dvar2": 12.7051734924, "max": 28, "mean": 10.5385694504, "median": 10, "min": 0, "var": 15.4990177155}, "spectral_decrease": {"dmean": 4.37899982941e-09, "dmean2": 6.66804700344e-09, "dvar": 3.04557809939e-17, "dvar2": 7.18613488028e-17, "max": 1.07976427261e-29, "mean": -1.33948807601e-08, "median": -1.14899565418e-08, "min": -5.18724512233e-08, "var": 8.88705313898e-17}, "spectral_energy": {"dmean": 0.0169834978878, "dmean2": 0.0258156489581, "dvar": 0.000458471622551, "dvar2": 0.00107166683301, "max": 0.201843768358, "mean": 0.0522493310273, "median": 0.0447952337563, "min": 1.05711371995e-20, "var": 0.00133224041201}, "spectral_energyband_high": {"dmean": 0.000157565649715, "dmean2": 0.00022196068312, "dvar": 1.17622853679e-07, "dvar2": 2.4284383926e-07, "max": 0.00510713551193, "mean": 0.000283959961962, "median": 8.84702458279e-05, "min": 7.52760529935e-21, "var": 2.74466401606e-07}, "spectral_energyband_low": {"dmean": 0.0133116925135, "dmean2": 0.0211046282202, "dvar": 0.000332133931806, "dvar2": 0.000855847145431, "max": 0.177539736032, "mean": 0.0313365459442, "median": 0.0252703502774, "min": 2.2689341996e-23, "var": 0.000872188596986}, "spectral_energyband_middle_high": {"dmean": 0.00257687596604, "dmean2": 0.00359417730942, "dvar": 2.85162604996e-05, "dvar2": 5.42913840036e-05, "max": 0.133057489991, "mean": 0.00562423281372, "median": 0.00315271737054, "min": 1.48922883298e-21, "var": 6.14108794252e-05}, "spectral_energyband_middle_low": {"dmean": 0.00533275771886, "dmean2": 0.00704608252272, "dvar": 5.11305152031e-05, "dvar2": 9.88383471849e-05, "max": 0.0960767567158, "mean": 0.0169669482857, "median": 0.0134595679119, "min": 3.02233514449e-22, "var": 0.000174947301275}, "spectral_entropy": {"dmean": 0.308617085218, "dmean2": 0.453726708889, "dvar": 0.172725602984, "dvar2": 0.389724850655, "max": 9.80096721649, "mean": 6.4938287735, "median": 6.54178333282, "min": 4.75279092789, "var": 0.567217051983}, "spectral_flux": {"dmean": 0.0389488786459, "dmean2": 0.0638646185398, "dvar": 0.00222607539035, "dvar2": 0.00541314156726, "max": 0.404062479734, "mean": 0.0816211104393, "median": 0.0635700002313, "min": 6.76274661271e-11, "var": 0.00350928702392}, "spectral_kurtosis": {"dmean": 9.53895282745, "dmean2": 15.3034934998, "dvar": 240.6431427, "dvar2": 572.637023926, "max": 199.793670654, "mean": 20.2922382355, "median": 9.98404121399, "min": -1.34071016312, "var": 611.428405762}, "spectral_rms": {"dmean": 0.00113899831194, "dmean2": 0.00170584162697, "dvar": 1.820220632e-06, "dvar2": 3.94595645048e-06, "max": 0.0140328453854, "mean": 0.00667549157515, "median": 0.00661079958081, "min": 3.21143350628e-12, "var": 6.41286806058e-06}, "spectral_rolloff": {"dmean": 164.176803589, "dmean2": 279.856109619, "dvar": 274152.15625, "dvar2": 421794.5, "max": 19272.2167969, "mean": 705.026672363, "median": 667.529296875, "min": 86.1328125, "var": 736456.0625}, "spectral_skewness": {"dmean": 0.704505503178, "dmean2": 1.10937583447, "dvar": 0.883745610714, "dvar2": 2.1690325737, "max": 11.0353364944, "mean": 3.13258481026, "median": 2.61900901794, "min": -0.04618133232, "var": 2.44422388077}, "spectral_spread": {"dmean": 797963.125, "dmean2": 1096121.75, "dvar": 1583054454780.0, "dvar2": 2543616000000.0, "max": 49603888, "mean": 3920719.5, "median": 3624241.75, "min": 487676.5625, "var": 6973771218940.0}, "spectral_strongpeak": {"dmean": 0.50174176693, "dmean2": 0.86343985796, "dvar": 0.932786643505, "dvar2": 2.19659209251, "max": 11.5355386734, "mean": 1.01468074322, "median": 0.673942863941, "min": 0, "var": 1.26974880695}, "zerocrossingrate": {"dmean": 0.00628795428202, "dmean2": 0.00757877202705, "dvar": 0.000152193126269, "dvar2": 0.00023380292987, "max": 0.50634765625, "mean": 0.0306100230664, "median": 0.02685546875, "min": 0.00341796875, "var": 0.000660450896248}, "barkbands": {"dmean": [0.000242759895627, 0.0109044415876, 0.00355849857442, 0.00113585765939, 0.00112266582437, 0.00101328163873, 0.000784044677857, 0.000977155636065, 0.00186488591135, 0.000966462830547, 0.000695613212883, 0.00026425885153, 0.000939081481192, 0.000236315841903, 0.000137863185955, 0.000157807371579, 6.67903659632e-05, 3.79436351068e-05, 4.3844938773e-05, 3.28483292833e-05, 3.7033456465e-05, 2.51636320172e-05, 2.15268319153e-05, 1.33691983137e-05, 3.57215394615e-05, 2.05783544516e-05, 1.29566069518e-05], "dmean2": [0.000416151131503, 0.0171886123717, 0.00603302987292, 0.00183453981299, 0.00145846791565, 0.00125757732894, 0.00103160587605, 0.00133181130514, 0.00246423133649, 0.00126292940695, 0.00102769141085, 0.000419888645411, 0.00129376898985, 0.000358999939635, 0.000225513067562, 0.00027552965912, 0.000110539753223, 6.05309433013e-05, 7.2406794061e-05, 4.82603609271e-05, 5.27747652086e-05, 4.20336327807e-05, 3.07658774545e-05, 2.11060596484e-05, 5.64461333852e-05, 3.22818923451e-05, 2.0024848709e-05], "dvar": [6.5411200012e-07, 0.00022075472225, 4.12632070947e-05, 5.91849402554e-06, 3.33754314852e-06, 2.58004934039e-06, 3.78581762561e-06, 6.51036225463e-06, 1.78633490577e-05, 1.22354058476e-05, 4.32264096162e-06, 8.33323611005e-07, 6.86138082528e-06, 4.39671879349e-07, 1.58881377388e-07, 3.21634274769e-07, 7.25286000147e-08, 1.09580078345e-08, 1.4597163478e-08, 5.43903722061e-09, 3.11826404698e-08, 5.63568791634e-09, 2.09824269071e-09, 1.92981097769e-09, 9.18891895907e-09, 5.78726488953e-09, 1.50118395492e-09], "dvar2": [1.76963237664e-06, 0.000563587120268, 0.00011294867727, 1.43292900248e-05, 5.49434798813e-06, 4.81131928609e-06, 7.75513217377e-06, 1.36740427479e-05, 2.94173969451e-05, 2.00933591259e-05, 8.2554142864e-06, 2.04523371394e-06, 1.59610663104e-05, 1.00511215351e-06, 3.99486452807e-07, 9.28992392346e-07, 1.92926734144e-07, 2.57227927847e-08, 3.64591379309e-08, 1.19373613217e-08, 5.76515297723e-08, 1.51125068015e-08, 3.82403309018e-09, 4.21005807993e-09, 2.33648052017e-08, 1.44377656497e-08, 3.61169671947e-09], "max": [0.00963314156979, 0.142464786768, 0.0667101144791, 0.0664565041661, 0.0339732244611, 0.0382552146912, 0.0234143417329, 0.0365995913744, 0.0704640522599, 0.12197407335, 0.0602405108511, 0.0238737240434, 0.0536956265569, 0.00908477045596, 0.00461382651702, 0.0114829195663, 0.00578024191782, 0.0016238031676, 0.00162256485783, 0.00122812704649, 0.00479372497648, 0.00142628035974, 0.000889118586201, 0.00115352566354, 0.00156395381782, 0.00169729848858, 0.000716529495548], "mean": [0.000258884334471, 0.0229004602879, 0.00683697639033, 0.00253001414239, 0.00345817767084, 0.00262136454694, 0.00157375296112, 0.00178334023803, 0.00384362135082, 0.00171198160388, 0.00127649318893, 0.000402916484745, 0.00193696492352, 0.000299757550238, 0.000161509829923, 0.000164117795066, 7.72665662225e-05, 5.08221455675e-05, 5.74367695663e-05, 5.74675650569e-05, 5.53939971724e-05, 3.38616700901e-05, 3.56609707524e-05, 2.30795794778e-05, 5.04311574332e-05, 3.11251242238e-05, 1.65146411746e-05], "median": [7.00194286765e-05, 0.0156221389771, 0.00388858816586, 0.000973352231085, 0.00154108076822, 0.00136185786687, 0.00045293365838, 0.000345775071764, 0.000990156899206, 0.000142647331813, 0.000333869451424, 0.000112029774755, 0.000607184774708, 5.06248143211e-05, 2.2777592676e-05, 2.18892255361e-05, 1.21417597256e-05, 7.88841680333e-06, 9.22873914533e-06, 7.56829649617e-06, 8.93564538273e-06, 6.75763385516e-06, 6.95010248819e-06, 2.28139992942e-06, 6.20048103883e-06, 2.47597313319e-06, 1.41550265198e-06], "min": [3.76525913303e-24, 7.22404264894e-24, 1.16235522607e-23, 9.44561064212e-24, 2.31655015938e-23, 4.69458445326e-23, 4.83426079623e-23, 2.33481086939e-23, 3.58967273725e-23, 3.25723349893e-23, 1.04799988243e-22, 6.2223713684e-23, 4.20778217518e-23, 5.57145825413e-23, 9.06538505005e-23, 1.30625546164e-22, 7.2536157821e-23, 1.33908924091e-22, 2.17732248894e-22, 2.2102443682e-22, 3.89213797486e-22, 5.065666895e-22, 5.56609601946e-22, 6.60883785997e-22, 8.46091160929e-22, 1.41869007728e-21, 2.12057665694e-21], "var": [4.73039648341e-07, 0.000597083766479, 7.83203358878e-05, 1.6991614757e-05, 2.6141271519e-05, 1.29056852529e-05, 7.98004202807e-06, 1.23543049995e-05, 5.3229072364e-05, 2.98017166642e-05, 9.56908297667e-06, 1.04182481664e-06, 1.1428358448e-05, 5.73154181893e-07, 1.72657806274e-07, 2.95056111099e-07, 7.39719396847e-08, 1.81341786032e-08, 1.90052720228e-08, 1.35632935994e-08, 5.3612833284e-08, 5.58832358166e-09, 5.43763345462e-09, 4.57634463658e-09, 1.41622429339e-08, 8.69161098649e-09, 1.89472038059e-09]}, "erbbands": {"dmean": [0.271650969982, 2.66854143143, 4.64720678329, 3.59000039101, 3.76161527634, 3.63940691948, 4.50806188583, 9.63943481445, 9.6637506485, 22.2343425751, 16.8652992249, 52.4550857544, 34.5804748535, 17.9397525787, 31.944814682, 13.8968162537, 45.7256813049, 15.9225511551, 7.97994232178, 9.35409641266, 5.57737731934, 2.92585206032, 2.22460722923, 2.52424097061, 1.76761889458, 1.61264574528, 1.64530527592, 1.19165480137, 0.830556869507, 0.840092718601, 0.606650590897, 0.342696905136, 0.199858829379, 0.225754350424, 0.386370390654, 0.113740034401, 0.033870536834, 0.00984001718462, 0.00207129213959, 0.000166871817783], "dmean2": [0.439434379339, 4.19566583633, 7.8684797287, 6.01203203201, 5.58441638947, 4.48505210876, 5.65102291107, 12.2784852982, 11.6336278915, 30.6872444153, 22.3842506409, 67.7801132202, 46.2660675049, 24.4195461273, 47.4779548645, 20.5973930359, 62.9701538086, 23.1139793396, 12.719669342, 16.0321388245, 9.50687217712, 4.87255525589, 3.39344596863, 4.32762765884, 2.76508617401, 2.34302544594, 2.26922750473, 1.79253172874, 1.36648058891, 1.30800068378, 0.8679433465, 0.527101993561, 0.316745251417, 0.356676578522, 0.611441731453, 0.178996399045, 0.0539717637002, 0.0157475881279, 0.00323906983249, 0.000245087692747], "dvar": [0.195820569992, 13.5112276077, 57.4290161133, 63.8873977661, 50.4781684875, 60.6524887085, 62.3568534851, 258.56539917, 436.038574219, 3761.46484375, 1716.47937012, 14195.2626953, 9305.36816406, 10174.0527344, 7036.91064453, 1627.87524414, 16916.15625, 1317.11694336, 427.457794189, 963.315429688, 430.033966064, 102.71585083, 34.5762710571, 63.1018867493, 23.5278892517, 12.57492733, 58.1898117065, 11.9778289795, 3.87773895264, 5.40129518509, 1.65842151642, 1.39889931679, 0.291230589151, 0.462498635054, 1.11186182499, 0.204074651003, 0.0117778498679, 0.00110774696805, 3.906917118e-05, 2.07805371133e-07], "dvar2": [0.487229436636, 35.6818161011, 159.541824341, 166.669906616, 102.322250366, 77.7922210693, 99.0952377319, 501.619812012, 722.725708008, 8271.99609375, 3661.64990234, 22701.5703125, 19242.1289062, 15213.5, 13939.1621094, 3735.33862305, 39396.3125, 2934.94213867, 1061.41662598, 2816.83935547, 1193.69970703, 271.182434082, 71.8785552979, 176.755844116, 48.1990432739, 27.43708992, 107.618743896, 23.753370285, 10.1239871979, 13.2052316666, 2.87312150002, 3.10432863235, 0.658854544163, 1.21856117249, 2.80452656746, 0.516816675663, 0.0287061799318, 0.00282892072573, 9.51404654188e-05, 4.62768184661e-07], "max": [4.06648683548, 35.719669342, 66.9703521729, 183.105392456, 165.20703125, 200.254348755, 195.943344116, 364.951568604, 286.125183105, 767.291564941, 780.903198242, 2056.89208984, 2030.69946289, 4311.73876953, 1954.16101074, 1228.46923828, 2725.17114258, 462.409393311, 252.049423218, 597.456970215, 459.093933105, 218.323181152, 109.183853149, 104.797286987, 69.9365997314, 56.001285553, 208.294006348, 78.7041473389, 27.7456855774, 41.9356460571, 30.761472702, 31.1253757477, 10.9297933578, 11.9718599319, 15.5885896683, 9.99244880676, 2.1837747097, 0.676919519901, 0.128809034824, 0.0081175416708], "mean": [0.449338287115, 5.73089504242, 9.78002357483, 8.21351051331, 10.602845192, 10.8854627609, 12.6580715179, 23.8203754425, 23.5446357727, 39.0342330933, 34.8425292969, 111.44846344, 65.4853515625, 30.3895378113, 57.3223800659, 27.2657318115, 95.0933303833, 26.3278274536, 10.0476007462, 10.0317649841, 6.28887319565, 3.52063751221, 3.17217278481, 2.90372371674, 2.65796923637, 2.81149101257, 2.67004060745, 1.78640198708, 1.1803586483, 1.23030996323, 0.96955794096, 0.581447303295, 0.334874302149, 0.357556730509, 0.491511821747, 0.165520653129, 0.0529898889363, 0.01410625875, 0.00269086286426, 0.000246943731327], "median": [0.240787237883, 3.8347864151, 6.54435157776, 4.24696016312, 4.38930797577, 3.90801262856, 5.86775016785, 11.8464021683, 6.88172578812, 8.89012432098, 13.4026451111, 31.8334388733, 12.8973674774, 5.07485103607, 16.4166412354, 13.0862035751, 28.3959560394, 10.4181060791, 2.73387265205, 1.69230222702, 1.16204690933, 0.665688335896, 0.537798702717, 0.544649362564, 0.433093756437, 0.433979094028, 0.442337185144, 0.380620479584, 0.287721157074, 0.2642968297, 0.186979293823, 0.0720187723637, 0.0366610214114, 0.0460499748588, 0.0507698953152, 0.0166783854365, 0.00414118915796, 0.00106007629074, 0.000255666847806, 8.7516658823e-05], "min": [3.94610439115e-22, 1.1488585512e-21, 1.15117796886e-20, 1.9319884034e-20, 3.27053417089e-20, 6.0053028128e-20, 1.23018610892e-19, 4.47582569766e-19, 2.65167634605e-19, 5.33989959951e-19, 5.3940044494e-19, 8.25469899649e-19, 8.04807548333e-19, 2.32385991301e-18, 3.29748375402e-18, 3.35304361461e-18, 2.61579800736e-18, 3.9070122611e-18, 4.15873903794e-18, 5.34703610025e-18, 7.59119778162e-18, 4.56443886835e-18, 6.89540446961e-18, 9.95386549345e-18, 1.24830992565e-17, 1.17382247693e-17, 1.79352360982e-17, 1.42604481766e-17, 1.5317125087e-17, 1.60770856943e-17, 1.70472709455e-17, 1.36355330762e-17, 1.15647492784e-17, 9.52300200162e-18, 6.65425816e-18, 4.7964274614e-18, 2.53292050705e-18, 9.82927451561e-19, 3.10441038988e-19, 2.98411028222e-20], "var": [0.308388531208, 38.2649497986, 118.207984924, 141.224655151, 366.074066162, 411.054321289, 360.514129639, 1209.6661377, 1520.80322266, 6514.26123047, 3476.44970703, 43319.3398438, 22998.2851562, 21153.0234375, 14977.4296875, 2606.3737793, 28290.3925781, 1977.49731445, 474.017486572, 883.713256836, 410.131835938, 109.192939758, 70.9006881714, 50.742389679, 47.1234092712, 31.7928600311, 101.303382874, 21.2667236328, 5.05895137787, 7.2280459404, 4.48657274246, 3.24283075333, 0.669804692268, 0.8440143466, 1.48311209679, 0.241556316614, 0.0250392500311, 0.00158468424343, 4.94964806421e-05, 2.86479661327e-07]}, "gfcc": {"mean": [-42.8335227966, 138.834823608, -85.7554321289, 1.27183449268, -40.5322761536, 19.8560962677, -12.7914295197, -0.695307672024, -13.8853445053, 10.4326944351, -6.91697883606, -3.05778813362, -11.8002099991], "cov": [[9190.80371094, -3221.33837891, 920.788208008, 785.838989258, -294.290679932, 793.617675781, -375.067169189, 757.760375977, -436.846801758, 35.7587089539, -720.870361328, 169.139297485, -211.567825317], [-3221.33837891, 2904.27441406, -697.25177002, -309.382385254, 332.686676025, -523.511779785, 319.765808105, -436.196746826, 310.650360107, -124.87663269, 370.362365723, -186.403121948, 145.070419312], [920.788208008, -697.25177002, 1577.79345703, 389.821563721, 182.94934082, 371.7890625, -336.828582764, 76.1508483887, -152.612792969, 65.9790649414, -218.611724854, 96.7281417847, -119.841407776], [785.838989258, -309.382385254, 389.821563721, 694.331420898, 182.58656311, 72.9465560913, -126.410476685, 16.4888362885, -34.064365387, 3.54506492615, -128.469741821, -64.5384750366, -69.0774993896], [-294.290679932, 332.686676025, 182.94934082, 182.58656311, 470.111114502, 94.3054504395, 27.9467544556, -12.7630777359, 89.7594833374, -5.34962034225, -58.6665725708, -107.98412323, -86.7685394287], [793.617675781, -523.511779785, 371.7890625, 72.9465560913, 94.3054504395, 392.332641602, -17.8928470612, 95.106262207, -47.8661346436, 27.8464832306, -143.141677856, 5.98215341568, -87.3933181763], [-375.067169189, 319.765808105, -336.828582764, -126.410476685, 27.9467544556, -17.8928470612, 314.346405029, 33.9276924133, 23.909204483, -42.1381072998, 54.7664985657, -65.4160308838, 19.2607383728], [757.760375977, -436.196746826, 76.1508483887, 16.4888362885, -12.7630777359, 95.106262207, 33.9276924133, 263.456207275, 19.3292617798, -17.0283794403, -104.067337036, 4.9609618187, -53.7452163696], [-436.846801758, 310.650360107, -152.612792969, -34.064365387, 89.7594833374, -47.8661346436, 23.909204483, 19.3292617798, 271.752563477, 65.5328598022, -6.68235492706, -98.6238021851, -50.3168106079], [35.7587089539, -124.87663269, 65.9790649414, 3.54506492615, -5.34962034225, 27.8464832306, -42.1381072998, -17.0283794403, 65.5328598022, 218.140914917, 49.4375457764, -54.1832313538, -59.5904922485], [-720.870361328, 370.362365723, -218.611724854, -128.469741821, -58.6665725708, -143.141677856, 54.7664985657, -104.067337036, -6.68235492706, 49.4375457764, 257.941802979, 51.5429229736, 20.8474311829], [169.139297485, -186.403121948, 96.7281417847, -64.5384750366, -107.98412323, 5.98215341568, -65.4160308838, 4.9609618187, -98.6238021851, -54.1832313538, 51.5429229736, 209.968414307, 77.9042510986], [-211.567825317, 145.070419312, -119.841407776, -69.0774993896, -86.7685394287, -87.3933181763, 19.2607383728, -53.7452163696, -50.3168106079, -59.5904922485, 20.8474311829, 77.9042510986, 170.981460571]], "icov": [[0.000264041533228, -4.96214961458e-05, 0.000187907964573, -0.000271584576694, 0.000199946385692, -0.000261041393969, 0.000203531773877, -0.000568069925066, 0.000492030347232, -0.000392720045056, 0.000599051942118, -0.000350447226083, 0.000251912075328], [-4.96214961458e-05, 0.00156216556206, -0.000526743708178, 0.000564693473279, -0.000990658416413, 0.000995648442768, -0.000909624446649, 0.00177396007348, -0.00180153013207, 0.0018993645208, -0.00193300633691, 0.00154243432917, -0.00119691714644], [0.000187907964573, -0.000526743708178, 0.00165306637064, -0.00063631113153, -7.75063599576e-05, -0.001095632324, 0.0013533111196, -0.000976206385531, 0.00154400861356, -0.00144163961522, 0.00160440488253, -0.00154533819295, 0.000982768833637], [-0.000271584576694, 0.000564693473279, -0.00063631113153, 0.00251461751759, -0.00119453202933, 0.0010046036914, 0.000105955055915, 0.00103266851511, -0.00041493299068, 0.00100154813845, -0.000651471898891, 0.00152956636157, -0.000415818794863], [0.000199946385692, -0.000990658416413, -7.75063599576e-05, -0.00119453202933, 0.0041368342936, -0.00153071491513, -1.61641528393e-05, -0.000638511613943, -5.94129869569e-06, -0.000158374852617, 0.00107786979061, -5.83150722377e-05, 0.00150727736764], [-0.000261041393969, 0.000995648442768, -0.001095632324, 0.0010046036914, -0.00153071491513, 0.00621798681095, -0.00259291287512, 0.00187228422146, -0.000348005880369, -0.000440928910393, 0.00202021794394, -0.00137866369914, 0.00187791301869], [0.000203531773877, -0.000909624446649, 0.0013533111196, 0.000105955055915, -1.61641528393e-05, -0.00259291287512, 0.00703732622787, -0.0036692826543, 0.00189290335402, 0.000563961220905, -0.00184451753739, 0.00285937590525, -0.00158898264635], [-0.000568069925066, 0.00177396007348, -0.000976206385531, 0.00103266851511, -0.000638511613943, 0.00187228422146, -0.0036692826543, 0.00927089061588, -0.00370976817794, 0.00239253300242, 0.000435985886725, -0.00073672295548, 0.00151001440827], [0.000492030347232, -0.00180153013207, 0.00154400861356, -0.00041493299068, -5.94129869569e-06, -0.000348005880369, 0.00189290335402, -0.00370976817794, 0.0086079435423, -0.00459867669269, 0.00411939248443, -0.00122427637689, 0.00247766473331], [-0.000392720045056, 0.0018993645208, -0.00144163961522, 0.00100154813845, -0.000158374852617, -0.000440928910393, 0.000563961220905, 0.00239253300242, -0.00459867669269, 0.0104905972257, -0.00716524664313, 0.00603315467015, -0.00189287064131], [0.000599051942118, -0.00193300633691, 0.00160440488253, -0.000651471898891, 0.00107786979061, 0.00202021794394, -0.00184451753739, 0.000435985886725, 0.00411939248443, -0.00716524664313, 0.01405074168, -0.00889848265797, 0.00622332794592], [-0.000350447226083, 0.00154243432917, -0.00154533819295, 0.00152956636157, -5.83150722377e-05, -0.00137866369914, 0.00285937590525, -0.00073672295548, -0.00122427637689, 0.00603315467015, -0.00889848265797, 0.0143546052277, -0.00720846606418], [0.000251912075328, -0.00119691714644, 0.000982768833637, -0.000415818794863, 0.00150727736764, 0.00187791301869, -0.00158898264635, 0.00151001440827, 0.00247766473331, -0.00189287064131, 0.00622332794592, -0.00720846606418, 0.0126700848341]]}, "melbands": {"dmean": [0.00276234303601, 0.00280570238829, 0.000614110787865, 0.000248064927291, 0.000166460537002, 0.000212987404666, 0.000148735140101, 0.00024533396936, 0.000152320033521, 0.000323101470713, 0.00016425656213, 6.88325671945e-05, 0.000101693076431, 4.77540852444e-05, 6.90732049407e-05, 8.31084762467e-05, 2.75136280834e-05, 1.30670532599e-05, 9.21154514799e-06, 1.51961794472e-05, 5.00835676576e-06, 3.32274134962e-06, 2.73589807875e-06, 1.76919968453e-06, 2.23917777475e-06, 1.27826456264e-06, 1.22054359508e-06, 1.1463617966e-06, 9.44712780893e-07, 1.16755359159e-06, 6.03866965321e-07, 4.2405437739e-07, 6.46091336876e-07, 4.28722955803e-07, 4.30337451007e-07, 2.56060616266e-07, 1.95791798774e-07, 1.31131443482e-07, 1.6949306314e-07, 1.9110557048e-07], "dmean2": [0.00437057157978, 0.00458088563755, 0.00101335917134, 0.000336365686962, 0.000201235539862, 0.000265333917923, 0.00018233434821, 0.000338699115673, 0.000198794281459, 0.000422896264354, 0.000221486377995, 9.3857786851e-05, 0.000151038490003, 7.21860051272e-05, 9.69418179011e-05, 0.000114079055493, 4.12934350607e-05, 2.10373491427e-05, 1.53281453095e-05, 2.63732308667e-05, 8.48042782309e-06, 5.60243233849e-06, 4.40965277448e-06, 2.74929107036e-06, 3.90909599446e-06, 2.0584163849e-06, 1.89478566881e-06, 1.65576625477e-06, 1.34050139877e-06, 1.59123601406e-06, 9.74427166511e-07, 7.00088492067e-07, 1.09986649477e-06, 6.52896289921e-07, 6.28097950539e-07, 3.85847897633e-07, 3.20088105354e-07, 2.07012092801e-07, 2.78196296222e-07, 3.12638462674e-07], "dvar": [1.53546334332e-05, 1.67607977346e-05, 1.50003234012e-06, 1.82171007168e-07, 7.85579530316e-08, 1.20388719438e-07, 1.0260130523e-07, 4.42891234798e-07, 1.19111703611e-07, 5.76593095047e-07, 2.26268710435e-07, 1.8911872246e-07, 9.75319380814e-08, 1.75494463406e-08, 4.90429350464e-08, 4.40413607805e-08, 5.55421797444e-09, 1.12299158861e-09, 7.28512250525e-10, 2.5942967774e-09, 3.71077918393e-10, 2.16174120271e-10, 7.53501150363e-11, 2.35372745599e-11, 5.47236839177e-11, 1.49572559199e-11, 1.00787225787e-11, 7.23014183246e-12, 8.49587587781e-12, 5.91219642687e-11, 1.80761807432e-12, 8.18960567764e-13, 6.41915253591e-12, 1.0781316161e-12, 8.96019749282e-13, 6.24415504111e-13, 4.23898790418e-13, 1.24300268971e-13, 2.44356997744e-13, 3.97837741483e-13], "dvar2": [3.79631164833e-05, 4.67641548312e-05, 3.84956820199e-06, 3.28333982225e-07, 1.17506012032e-07, 2.21757076702e-07, 1.79245049026e-07, 9.63636352935e-07, 2.38757138504e-07, 9.30748740302e-07, 4.67829011086e-07, 2.79874882381e-07, 1.87104973293e-07, 4.13205860639e-08, 1.1467350447e-07, 9.9562683431e-08, 1.23501280314e-08, 2.84502932324e-09, 1.98161020926e-09, 7.47501349707e-09, 1.0158205388e-09, 5.84042425533e-10, 1.78463868683e-10, 4.7353579391e-11, 1.5421744437e-10, 3.61031760043e-11, 2.17600937269e-11, 1.51161288348e-11, 1.57753306945e-11, 1.08627745687e-10, 4.62804577647e-12, 2.04544584395e-12, 1.75741227126e-11, 2.28145432234e-12, 1.65279042622e-12, 1.35394375832e-12, 9.49516615507e-13, 2.79660409414e-13, 6.50448824576e-13, 1.08114038555e-12], "max": [0.0355363897979, 0.036665648222, 0.0262296814471, 0.00867864955217, 0.00787666626275, 0.00825344305485, 0.00416688155383, 0.009262050502, 0.00587651925161, 0.0119697125629, 0.0100907441229, 0.0188502073288, 0.00909327249974, 0.00248868716881, 0.00480890879408, 0.00355012784712, 0.00105128693394, 0.000365404965123, 0.000445423589554, 0.000909309776034, 0.000367531349184, 0.000345191598171, 0.000149934421643, 0.000102668403997, 0.000100619559817, 7.20116368029e-05, 7.26344878785e-05, 4.38081078755e-05, 6.60658624838e-05, 0.00021167176601, 2.83022491203e-05, 1.86574252439e-05, 5.42210400454e-05, 1.65212386491e-05, 1.89338679775e-05, 2.40472800215e-05, 1.47272448885e-05, 7.2012048804e-06, 1.21928796943e-05, 1.24389789562e-05], "mean": [0.00538150360808, 0.00637163594365, 0.00155090156477, 0.000743590935599, 0.00048538230476, 0.000540883338545, 0.000346339278622, 0.000429110281402, 0.000317276251735, 0.000675104907714, 0.000300373474602, 0.000110312023025, 0.000184121890925, 8.0003774201e-05, 0.000134695321321, 0.000174980683369, 3.73616603611e-05, 1.56834885274e-05, 1.04354894574e-05, 1.57115118782e-05, 5.68246650801e-06, 3.79037169296e-06, 3.40189444614e-06, 2.45943238042e-06, 2.36806067733e-06, 1.8232220782e-06, 1.73969101525e-06, 1.99822943614e-06, 1.52678478571e-06, 1.6858679146e-06, 8.44916428377e-07, 5.87831721077e-07, 7.81884409662e-07, 6.57515897728e-07, 6.4622474838e-07, 3.9366992155e-07, 3.22249434248e-07, 2.1444108711e-07, 2.57629864109e-07, 2.90884969445e-07], "median": [0.00344183691777, 0.00493587413803, 0.00094362749951, 0.000293885852443, 0.000212562183151, 0.000268301664619, 9.83610807452e-05, 9.50872999965e-05, 0.000100953344372, 0.000187911340618, 4.41080010205e-05, 1.06962070276e-05, 4.76739623991e-05, 2.7734280593e-05, 3.49640395143e-05, 6.21267099632e-05, 8.98573216546e-06, 3.8679672798e-06, 1.54241070049e-06, 2.02275191441e-06, 1.02906290067e-06, 5.97380676481e-07, 4.99820885125e-07, 3.22504405403e-07, 3.99481507429e-07, 2.62847066779e-07, 2.11308147868e-07, 2.39319547291e-07, 1.9067363155e-07, 1.93733271203e-07, 1.65351963233e-07, 1.24211467778e-07, 1.40696116091e-07, 1.35151793756e-07, 1.0540494344e-07, 5.12990716572e-08, 3.0052888178e-08, 2.4952205635e-08, 2.31768133574e-08, 3.65658863188e-08], "min": [2.85695167055e-24, 4.6318705635e-24, 5.19922997616e-24, 2.05625726011e-24, 4.03397907837e-24, 9.6760235019e-24, 5.13106371648e-24, 5.75269952043e-24, 5.27675843706e-24, 5.31139179738e-24, 3.4501999204e-24, 8.18521680827e-24, 1.34273387296e-23, 5.06576457175e-24, 1.33104484761e-23, 4.53224965851e-24, 6.91726726467e-24, 5.19778872728e-24, 6.43525589664e-24, 6.62459434681e-24, 9.12580722e-24, 4.41850459345e-24, 5.55972284376e-24, 5.69964980784e-24, 8.21116086572e-24, 8.41746771396e-24, 8.57398560616e-24, 7.16176918022e-24, 9.56657930649e-24, 8.15119087084e-24, 8.04480982233e-24, 8.42893380721e-24, 1.05144201388e-23, 7.85337852418e-24, 9.06335941302e-24, 8.81284085535e-24, 8.30720231435e-24, 8.08639146951e-24, 7.55150038842e-24, 7.68068898342e-24], "var": [3.54236835847e-05, 4.02635560022e-05, 4.08926871387e-06, 1.37673896461e-06, 5.13547490755e-07, 5.98869803525e-07, 3.22357891491e-07, 7.81387257121e-07, 3.00117108054e-07, 1.66620361597e-06, 5.55981841899e-07, 3.9404235963e-07, 2.10280617807e-07, 2.62259796102e-08, 7.58695932745e-08, 8.18689827042e-08, 7.56459961337e-09, 1.17574139313e-09, 7.28123894511e-10, 2.40535324991e-09, 3.6273203885e-10, 2.1762269764e-10, 9.10646558161e-11, 5.37142864909e-11, 4.06429022382e-11, 2.35035775564e-11, 2.13382159164e-11, 1.88378757038e-11, 1.76787872536e-11, 9.93203921884e-11, 2.81679909432e-12, 1.30325654782e-12, 5.00929592945e-12, 2.11306883449e-12, 2.1139403162e-12, 1.3645608081e-12, 9.76525392667e-13, 2.58107852582e-13, 4.98670440878e-13, 5.88766123528e-13]}, "mfcc": {"mean": [-707.966918945, 181.556793213, 19.1873989105, 8.05877780914, 0.323898643255, 20.7630558014, 9.52330303192, 2.9021384716, 0.829915106297, 6.19184017181, 11.8865880966, 7.82222414017, 2.84273886681], "cov": [[6625.84228516, -2371.74902344, 129.427383423, 289.505218506, 0.550528109074, 60.8178367615, 91.4148864746, 452.518280029, 352.866088867, 94.904838562, -191.945053101, -298.149108887, -145.409744263], [-2371.74902344, 2028.5447998, -230.028060913, -101.449241638, 7.70480442047, -42.0753288269, -46.50233078, -149.734893799, -101.268264771, -41.6527748108, 40.1402549744, 178.871994019, 119.238372803], [129.427383423, -230.028060913, 938.582885742, 168.159744263, 274.710876465, 197.685974121, -19.3099460602, 20.1868991852, -27.8898429871, -81.1538696289, -41.3180465698, -12.0413703918, -33.8070640564], [289.505218506, -101.449241638, 168.159744263, 652.848144531, 285.885284424, 127.649093628, -30.4147014618, -46.1283531189, 0.455709755421, 34.7296562195, -16.9977073669, -15.841588974, -35.3715934753], [0.550528109074, 7.70480442047, 274.710876465, 285.885284424, 523.506591797, 239.674942017, -39.6946563721, 6.07113265991, 73.0328826904, 37.9840011597, 46.3997459412, 16.5993003845, -18.9636440277], [60.8178367615, -42.0753288269, 197.685974121, 127.649093628, 239.674942017, 341.575012207, 27.3776473999, -6.91940593719, 37.2422866821, 29.9629364014, 27.224489212, 33.9787368774, -20.7915763855], [91.4148864746, -46.50233078, -19.3099460602, -30.4147014618, -39.6946563721, 27.3776473999, 266.983001709, 95.9692459106, -7.36407423019, -18.622045517, -12.6998434067, 9.98155021667, -46.8874359131], [452.518280029, -149.734893799, 20.1868991852, -46.1283531189, 6.07113265991, -6.91940593719, 95.9692459106, 272.651855469, 100.817611694, -49.9882583618, -47.0380973816, -53.0277938843, -23.1360931396], [352.866088867, -101.268264771, -27.8898429871, 0.455709755421, 73.0328826904, 37.2422866821, -7.36407423019, 100.817611694, 252.743682861, 98.4117660522, 3.94700026512, -5.19606971741, -68.9576339722], [94.904838562, -41.6527748108, -81.1538696289, 34.7296562195, 37.9840011597, 29.9629364014, -18.622045517, -49.9882583618, 98.4117660522, 243.689926147, 124.128295898, 18.423948288, -12.1608772278], [-191.945053101, 40.1402549744, -41.3180465698, -16.9977073669, 46.3997459412, 27.224489212, -12.6998434067, -47.0380973816, 3.94700026512, 124.128295898, 215.844497681, 103.09526825, 28.8681240082], [-298.149108887, 178.871994019, -12.0413703918, -15.841588974, 16.5993003845, 33.9787368774, 9.98155021667, -53.0277938843, -5.19606971741, 18.423948288, 103.09526825, 226.422790527, 45.5192604065], [-145.409744263, 119.238372803, -33.8070640564, -35.3715934753, -18.9636440277, -20.7915763855, -46.8874359131, -23.1360931396, -68.9576339722, -12.1608772278, 28.8681240082, 45.5192604065, 213.278533936]], "icov": [[0.000310409639496, 0.000328534777509, 4.50894949608e-05, -0.000134062458528, 8.36374456412e-05, -5.41565277672e-05, 5.8467972849e-05, -0.000336013006745, -0.000134825546411, -0.000185539698577, 0.000267027877271, -2.79561299976e-05, -9.29169764277e-05], [0.000328534777509, 0.000943676277529, 0.000229080789723, 1.12549719233e-06, -0.00018003488367, 4.7656478273e-05, 6.97208379279e-05, -0.000115081864351, 3.94428781192e-07, -0.000123443605844, 0.000514754035976, -0.000499559391756, -0.000245580624323], [4.50894949608e-05, 0.000229080789723, 0.00147587864194, 5.44460499441e-06, -0.000638469646219, -0.000485799304442, 0.000271466677077, -0.000235679544858, 0.000483972748043, 0.000314747157972, 0.00031547236722, -0.00019682518905, 0.000241233035922], [-0.000134062458528, 1.12549719233e-06, 5.44460499441e-06, 0.00229849549942, -0.0014350512065, 0.000122404002468, 6.34807074675e-05, 0.000308636488626, 0.00084667064948, -0.000778101792093, 0.000942817365285, -0.000283763220068, 0.000384131068131], [8.36374456412e-05, -0.00018003488367, -0.000638469646219, -0.0014350512065, 0.00425284449011, -0.00204123230651, 0.00053757999558, -0.000259227788774, -0.00140386400744, 0.000782687275205, -0.00152232835535, 0.000677683623508, -0.000260170170804], [-5.41565277672e-05, 4.7656478273e-05, -0.000485799304442, 0.000122404002468, -0.00204123230651, 0.00480218790472, -0.00102010602131, 0.000652132090181, -0.000240220047999, -0.000363814790035, 0.000275153492112, -0.000601871637627, 5.65723485124e-06], [5.8467972849e-05, 6.97208379279e-05, 0.000271466677077, 6.34807074675e-05, 0.00053757999558, -0.00102010602131, 0.00541476067156, -0.00305928755552, 0.00227040983737, -0.00128553679679, 0.000897495250683, -0.00139404961374, 0.00169813807588], [-0.000336013006745, -0.000115081864351, -0.000235679544858, 0.000308636488626, -0.000259227788774, 0.000652132090181, -0.00305928755552, 0.0077460501343, -0.00462773861364, 0.0038609302137, -0.00182317639701, 0.00222842604853, -0.001447609975], [-0.000134825546411, 3.94428781192e-07, 0.000483972748043, 0.00084667064948, -0.00140386400744, -0.000240220047999, 0.00227040983737, -0.00462773861364, 0.0093993647024, -0.00564552843571, 0.00343441893347, -0.00258493307047, 0.00277781905606], [-0.000185539698577, -0.000123443605844, 0.000314747157972, -0.000778101792093, 0.000782687275205, -0.000363814790035, -0.00128553679679, 0.0038609302137, -0.00564552843571, 0.0104068210348, -0.00670773303136, 0.00304024736397, -0.000939188874327], [0.000267027877271, 0.000514754035976, 0.00031547236722, 0.000942817365285, -0.00152232835535, 0.000275153492112, 0.000897495250683, -0.00182317639701, 0.00343441893347, -0.00670773303136, 0.0108877792954, -0.00475371582434, 0.000260455504758], [-2.79561299976e-05, -0.000499559391756, -0.00019682518905, -0.000283763220068, 0.000677683623508, -0.000601871637627, -0.00139404961374, 0.00222842604853, -0.00258493307047, 0.00304024736397, -0.00475371582434, 0.00752874696627, -0.00150699389633], [-9.29169764277e-05, -0.000245580624323, 0.000241233035922, 0.000384131068131, -0.000260170170804, 5.65723485124e-06, 0.00169813807588, -0.001447609975, 0.00277781905606, -0.000939188874327, 0.000260455504758, -0.00150699389633, 0.00618926016614]]}, "spectral_contrast_coeffs": {"dmean": [0.0448047108948, 0.0489437580109, 0.0466660261154, 0.0398470535874, 0.0237323530018, 0.0228959638625], "dmean2": [0.0721841305494, 0.0774438679218, 0.0735136047006, 0.0646548420191, 0.0377634391189, 0.0379313901067], "dvar": [0.00161230855156, 0.00234461063519, 0.00218296423554, 0.0016590032028, 0.000569592113607, 0.000695636030287], "dvar2": [0.00366131984629, 0.00558219710365, 0.00533101800829, 0.00427859742194, 0.00136015925091, 0.00181168504059], "max": [-0.29957473278, -0.362632155418, -0.429478466511, -0.441662997007, -0.629233956337, -0.566105544567], "mean": [-0.620408475399, -0.60736066103, -0.631663203239, -0.684492766857, -0.801327347755, -0.778279900551], "median": [-0.622533917427, -0.605952262878, -0.626584112644, -0.68795388937, -0.807500422001, -0.78406471014], "min": [-0.968818068504, -0.978700220585, -0.982898235321, -0.986351966858, -0.984687805176, -0.963166058064], "var": [0.00733684981242, 0.00765346502885, 0.00684750266373, 0.00572128454223, 0.00199537258595, 0.00210342672653]}, "spectral_contrast_valleys": {"dmean": [0.421482622623, 0.453137725592, 0.505809485912, 0.525361001492, 0.478223055601, 0.588947951794], "dmean2": [0.675855278969, 0.70705974102, 0.785368800163, 0.819233596325, 0.684741795063, 0.788654923439], "dvar": [0.34149608016, 0.403870970011, 0.489316612482, 0.551609098911, 0.547556519508, 0.555176913738], "dvar2": [0.515985965729, 0.650758564472, 0.866755902767, 1.05548739433, 1.00077998638, 1.01710283756], "max": [-4.96607732773, -5