{"lowlevel": {"average_loudness": 0.0697127506137, "barkbands_crest": {"dmean": 1.61724150181, "dmean2": 2.66457152367, "dvar": 3.6432197094, "dvar2": 10.0870065689, "max": 26.6827411652, "mean": 14.7871179581, "median": 14.0074510574, "min": 5.33756017685, "var": 24.4545269012}, "barkbands_flatness_db": {"dmean": 0.0237150415778, "dmean2": 0.0411627963185, "dvar": 0.000502112379763, "dvar2": 0.00142575672362, "max": 0.650288581848, "mean": 0.457619577646, "median": 0.457455813885, "min": 0.0885527133942, "var": 0.00416532531381}, "barkbands_kurtosis": {"dmean": 2.38011741638, "dmean2": 3.86972784996, "dvar": 35.8494796753, "dvar2": 100.03339386, "max": 162.743621826, "mean": 6.17435359955, "median": 2.73221874237, "min": -1.95838367939, "var": 135.461700439}, "barkbands_skewness": {"dmean": 0.396091431379, "dmean2": 0.629385948181, "dvar": 0.321847200394, "dvar2": 0.808868169785, "max": 9.92559242249, "mean": 1.06164777279, "median": 1.08222341537, "min": -6.65661239624, "var": 1.93393492699}, "barkbands_spread": {"dmean": 0.736753344536, "dmean2": 1.17414546013, "dvar": 7.98606681824, "dvar2": 19.7553215027, "max": 152.187240601, "mean": 3.94279718399, "median": 2.93625068665, "min": 0.138658732176, "var": 76.4582214355}, "dissonance": {"dmean": 0.0481115952134, "dmean2": 0.0835042819381, "dvar": 0.00222631311044, "dvar2": 0.00611446844414, "max": 0.499999880791, "mean": 0.320392757654, "median": 0.327268242836, "min": 0.0610948204994, "var": 0.00705078756437}, "dynamic_complexity": 8.33437728882, "erbbands_crest": {"dmean": 1.79550850391, "dmean2": 2.8902785778, "dvar": 4.80228710175, "dvar2": 12.517288208, "max": 33.2510261536, "mean": 16.4881973267, "median": 15.6163911819, "min": 2.30209612846, "var": 41.7137107849}, "erbbands_flatness_db": {"dmean": 0.0169456638396, "dmean2": 0.0292500853539, "dvar": 0.000270476797596, "dvar2": 0.000753181229811, "max": 0.623510956764, "mean": 0.443263947964, "median": 0.443993747234, "min": 0.0183616690338, "var": 0.00407900149003}, "erbbands_kurtosis": {"dmean": 1.07155954838, "dmean2": 1.66931927204, "dvar": 3.94331002235, "dvar2": 9.11427402496, "max": 46.9716758728, "mean": 2.30197286606, "median": 0.685549974442, "min": -1.81099021435, "var": 22.1590442657}, "erbbands_skewness": {"dmean": 0.264433264732, "dmean2": 0.40491771698, "dvar": 0.113896340132, "dvar2": 0.250131100416, "max": 5.20064401627, "mean": 0.533547401428, "median": 0.48494681716, "min": -5.4931178093, "var": 1.28353571892}, "erbbands_spread": {"dmean": 1.12934362888, "dmean2": 1.76011657715, "dvar": 2.98197793961, "dvar2": 7.01772594452, "max": 93.8983612061, "mean": 8.9111623764, "median": 7.43024301529, "min": 0.377379179001, "var": 54.2019424438}, "hfc": {"dmean": 1.41817891598, "dmean2": 1.86464381218, "dvar": 29.544757843, "dvar2": 55.5449562073, "max": 234.502792358, "mean": 6.26695775986, "median": 1.69671082497, "min": 1.27951367644e-16, "var": 172.902206421}, "melbands_crest": {"dmean": 1.98290836811, "dmean2": 3.27347826958, "dvar": 5.52884578705, "dvar2": 15.360168457, "max": 36.1530380249, "mean": 17.7395515442, "median": 16.7700805664, "min": 1.92832672596, "var": 31.1516876221}, "melbands_flatness_db": {"dmean": 0.0289106629789, "dmean2": 0.0504354871809, "dvar": 0.000748660007957, "dvar2": 0.00210735481232, "max": 0.837175607681, "mean": 0.595222890377, "median": 0.595919430256, "min": 0.00547020602971, "var": 0.00612423894927}, "melbands_kurtosis": {"dmean": 2.14832258224, "dmean2": 3.43704414368, "dvar": 20.8093738556, "dvar2": 54.7970237732, "max": 137.456604004, "mean": 6.72563791275, "median": 3.81296253204, "min": -1.81716990471, "var": 99.2236175537}, "melbands_skewness": {"dmean": 0.368994325399, "dmean2": 0.58303207159, "dvar": 0.236518412828, "dvar2": 0.594389736652, "max": 10.06183815, "mean": 1.36630606651, "median": 1.3681012392, "min": -4.70457601547, "var": 1.94571781158}, "melbands_spread": {"dmean": 0.924202442169, "dmean2": 1.44762182236, "dvar": 6.59455251694, "dvar2": 10.4563426971, "max": 133.341018677, "mean": 5.06483888626, "median": 4.34818124771, "min": 0.401005506516, "var": 19.2371807098}, "pitch_salience": {"dmean": 0.043382178992, "dmean2": 0.0720969587564, "dvar": 0.00306551717222, "dvar2": 0.00839039683342, "max": 0.931210458279, "mean": 0.446573197842, "median": 0.458186686039, "min": 0.0704284235835, "var": 0.0150944758207}, "silence_rate_20dB": {"dmean": 0, "dmean2": 0, "dvar": 0, "dvar2": 0, "max": 1, "mean": 1, "median": 1, "min": 1, "var": 0}, "silence_rate_30dB": {"dmean": 0.0092989988625, "dmean2": 0.0186013244092, "dvar": 0.00921299587935, "dvar2": 0.0204007439315, "max": 1, "mean": 0.972823143005, "median": 1, "min": 0, "var": 0.0264359954745}, "silence_rate_60dB": {"dmean": 0.0350500717759, "dmean2": 0.070112682879, "dvar": 0.0338245593011, "dvar2": 0.0727070346475, "max": 1, "mean": 0.41230109334, "median": 0, "min": 0, "var": 0.242301821709}, "spectral_centroid": {"dmean": 26.1516513824, "dmean2": 39.6920280457, "dvar": 22007.609375, "dvar2": 24820.4238281, "max": 11011.3505859, "mean": 410.003936768, "median": 382.208526611, "min": 140.441162109, "var": 61005.9726562}, "spectral_complexity": {"dmean": 0.699928462505, "dmean2": 1.17438745499, "dvar": 1.08731257915, "dvar2": 2.28950858116, "max": 22, "mean": 5.6096906662, "median": 5, "min": 0, "var": 15.1429605484}, "spectral_decrease": {"dmean": 9.1516944023e-10, "dmean2": 1.24256338552e-09, "dvar": 7.8338603133e-18, "dvar2": 1.51498840564e-17, "max": 3.67442469002e-16, "mean": -4.27377910839e-09, "median": -1.2696517171e-09, "min": -8.83503759042e-08, "var": 5.59628381678e-17}, "spectral_energy": {"dmean": 0.00357699929737, "dmean2": 0.00484931934625, "dvar": 0.000120668570162, "dvar2": 0.000232974649407, "max": 0.354724794626, "mean": 0.0166986472905, "median": 0.00494910543784, "min": 1.08658316018e-20, "var": 0.000857774459291}, "spectral_energyband_high": {"dmean": 1.1971255276e-07, "dmean2": 1.8651502387e-07, "dvar": 9.96068245246e-12, "dvar2": 2.63929919586e-11, "max": 0.00019000415341, "mean": 1.36017817454e-07, "median": 4.28857793722e-09, "min": 8.32639196802e-21, "var": 8.0974818864e-12}, "spectral_energyband_low": {"dmean": 0.00147257209755, "dmean2": 0.00221036560833, "dvar": 3.35506992997e-05, "dvar2": 7.00192031218e-05, "max": 0.190082013607, "mean": 0.0053329449147, "median": 0.000363847851986, "min": 7.38337330359e-23, "var": 0.000181530442205}, "spectral_energyband_middle_high": {"dmean": 0.000370239577023, "dmean2": 0.000485201802803, "dvar": 4.32702518083e-06, "dvar2": 7.97506800154e-06, "max": 0.0710882321, "mean": 0.00121813511942, "median": 0.000130329281092, "min": 1.32753107812e-21, "var": 1.53269666043e-05}, "spectral_energyband_middle_low": {"dmean": 0.00250122928992, "dmean2": 0.00345702352934, "dvar": 6.6407432314e-05, "dvar2": 0.000136315647978, "max": 0.315852612257, "mean": 0.0110104000196, "median": 0.00369011284783, "min": 2.31686100213e-22, "var": 0.000405024242355}, "spectral_entropy": {"dmean": 0.122117362916, "dmean2": 0.199934780598, "dvar": 0.0310227368027, "dvar2": 0.0750654935837, "max": 9.81357765198, "mean": 4.97524785995, "median": 4.97786903381, "min": 3.31652784348, "var": 0.291003495455}, "spectral_flux": {"dmean": 0.0106872860342, "dmean2": 0.0167014561594, "dvar": 0.000549322227016, "dvar2": 0.00124558876269, "max": 0.391133695841, "mean": 0.023391995579, "median": 0.0123775331303, "min": 1.04239297749e-10, "var": 0.00108635565266}, "spectral_kurtosis": {"dmean": 76.0991744995, "dmean2": 135.993682861, "dvar": 6231.55810547, "dvar2": 19702.7597656, "max": 1086.57531738, "mean": 248.089782715, "median": 230.298873901, "min": -1.21685600281, "var": 12499.1767578}, "spectral_rms": {"dmean": 0.000330870825564, "dmean2": 0.00044342444744, "dvar": 4.47445216878e-07, "dvar2": 7.67803442159e-07, "max": 0.0186030361801, "mean": 0.00303731882013, "median": 0.00219736108556, "min": 3.25588883111e-12, "var": 7.06604578227e-06}, "spectral_rolloff": {"dmean": 69.2428359985, "dmean2": 123.118591309, "dvar": 555980.75, "dvar2": 1373183.875, "max": 19853.6132812, "mean": 600.585266113, "median": 452.197265625, "min": 64.599609375, "var": 2096194.875}, "spectral_skewness": {"dmean": 1.92464315891, "dmean2": 3.42658448219, "dvar": 3.39305281639, "dvar2": 9.65484046936, "max": 26.1496734619, "mean": 12.2949876785, "median": 12.4587440491, "min": -0.0117516098544, "var": 10.9060916901}, "spectral_spread": {"dmean": 359257.53125, "dmean2": 645755.375, "dvar": 304676765696, "dvar2": 537504874496, "max": 41197188, "mean": 802523.0625, "median": 640273.625, "min": 106842.5, "var": 1491565805570.0}, "spectral_strongpeak": {"dmean": 0.191319257021, "dmean2": 0.295687645674, "dvar": 0.227969065309, "dvar2": 0.442012071609, "max": 13.0220346451, "mean": 0.908354043961, "median": 0.455466926098, "min": 0, "var": 1.5637806654}, "zerocrossingrate": {"dmean": 0.0019340896979, "dmean2": 0.00248795491643, "dvar": 0.000129412088427, "dvar2": 0.000163143471582, "max": 0.69873046875, "mean": 0.021316928789, "median": 0.01806640625, "min": 0.00244140625, "var": 0.00149297702592}, "barkbands": {"dmean": [1.52469579007e-06, 0.000516613014042, 0.000957913987804, 0.000278554216493, 0.000605453038588, 0.000842349545565, 0.000464855867904, 0.000178102287464, 0.000659818644635, 0.000208694385947, 0.000143031327752, 5.95760138822e-05, 5.87483336858e-05, 3.76785792469e-05, 4.85738701173e-06, 1.43562954236e-06, 8.68546237598e-07, 6.17778766809e-07, 1.77751473984e-07, 9.46290938941e-08, 3.35441967536e-08, 2.41391084899e-09, 8.35733982019e-10, 8.6459261972e-10, 8.75781835941e-10, 7.16871118023e-10, 8.67699578855e-10], "dmean2": [2.59497778643e-06, 0.00081407208927, 0.00144624337554, 0.000393183407141, 0.000919923884794, 0.0012966330396, 0.000647823850159, 0.000222617178224, 0.000915462384, 0.000277770566754, 0.000202573850402, 8.55513717397e-05, 7.8381417552e-05, 4.82352334075e-05, 7.24109395378e-06, 1.99006308321e-06, 1.24210509966e-06, 9.51503238866e-07, 2.59584169271e-07, 1.41315823043e-07, 5.75734517838e-08, 4.07387723556e-09, 1.55110224664e-09, 1.57509549847e-09, 1.58507229564e-09, 1.32642608008e-09, 1.59343671591e-09], "dvar": [2.04218517097e-11, 6.60562864141e-06, 1.40576721606e-05, 7.09626021944e-07, 4.423039627e-06, 1.28160017994e-05, 5.4424690461e-06, 1.34708352562e-06, 3.18938036798e-05, 3.33717071044e-06, 1.30213891225e-06, 2.75746685929e-07, 1.26755352881e-07, 2.29511854855e-07, 1.63060787095e-09, 8.83393913576e-11, 8.71802074975e-11, 4.6531053316e-11, 4.89513291013e-12, 4.85115289953e-12, 1.27009383913e-12, 6.94574745924e-16, 4.45950769892e-18, 6.10993816176e-18, 1.00524794845e-17, 2.99069425215e-18, 3.15148699629e-18], "dvar2": [5.47120126981e-11, 1.50240566654e-05, 2.99445509881e-05, 1.27426631025e-06, 1.08734093374e-05, 3.15527977364e-05, 9.05906745174e-06, 1.75997547558e-06, 6.70441077091e-05, 5.13491613674e-06, 2.31754506785e-06, 5.46621322428e-07, 1.98165238885e-07, 4.41545637386e-07, 3.59301588482e-09, 1.64219804422e-10, 1.80423648244e-10, 1.17522214182e-10, 8.76467128041e-12, 1.26150314153e-11, 3.53728157876e-12, 1.71408848283e-15, 1.42710791019e-17, 1.87324413397e-17, 2.96737115032e-17, 9.82305515138e-18, 1.05251288322e-17], "max": [0.000139063369716, 0.0886030644178, 0.10756547004, 0.0389025695622, 0.0721459761262, 0.125980809331, 0.125290945172, 0.0855889990926, 0.293208777905, 0.0765178799629, 0.050434846431, 0.0199210308492, 0.0235358979553, 0.0319386087358, 0.00207025418058, 0.000480393180624, 0.000436210539192, 0.000302439410007, 0.000134777044877, 0.000133052744786, 6.54834948364e-05, 1.20390916436e-06, 4.07460198915e-08, 6.60975914002e-08, 1.14128440032e-07, 2.77834999451e-08, 3.0991117228e-08], "mean": [1.78953439445e-06, 0.00124573556241, 0.00344612915069, 0.00101617688779, 0.00193902209867, 0.00299821258523, 0.00185500050429, 0.000641946797259, 0.00210363394581, 0.000624425185379, 0.000394086906454, 0.000129372259835, 0.000178884787601, 0.000106719104224, 1.00741226561e-05, 3.39573261954e-06, 1.82614473943e-06, 1.58480895607e-06, 4.64578562287e-07, 1.20162098938e-07, 2.75401959016e-08, 3.0144264862e-09, 8.4613488438e-10, 1.0010193785e-09, 1.10082043481e-09, 8.28845325707e-10, 2.31298691311e-09], "median": [5.03958972331e-07, 5.57504863536e-05, 0.000118305164506, 0.000102850528492, 0.000470972416224, 0.000317631755024, 0.000227761658607, 3.1115640013e-05, 5.94552948314e-05, 2.66339557129e-05, 1.74384331331e-05, 5.86664418734e-06, 6.7241526267e-06, 1.52345739934e-06, 1.45562268017e-07, 6.23239984066e-08, 2.23202434313e-08, 6.22605167422e-09, 2.25879315252e-09, 7.09873881899e-10, 4.22400225908e-10, 2.8183080869e-10, 2.16689985399e-10, 2.99262142844e-10, 3.56172535909e-10, 2.97560476259e-10, 1.83494930361e-09], "min": [1.27095372314e-24, 3.72100987382e-23, 7.30071992893e-24, 4.73866189857e-23, 4.44245819707e-23, 1.27619834654e-23, 4.11117006458e-23, 2.94060082434e-23, 5.51869608135e-23, 2.51566448943e-23, 5.96361047645e-23, 8.35773516621e-23, 7.62966198908e-23, 2.21359166279e-22, 1.21134640706e-22, 1.30082822483e-22, 1.30569732677e-22, 1.24159322744e-22, 2.64374729077e-22, 2.27035809353e-22, 5.15680216522e-22, 6.60839660273e-22, 4.07761065949e-22, 8.18579479088e-22, 1.10764724582e-21, 1.90105814928e-21, 2.97638224233e-21], "var": [2.20284120805e-11, 2.7341347959e-05, 7.3949675425e-05, 6.29359601589e-06, 1.72925811057e-05, 7.44647986721e-05, 4.56509405922e-05, 9.84870257525e-06, 0.000129711668706, 1.55440502567e-05, 3.53377345164e-06, 4.82007578739e-07, 8.95981372651e-07, 8.47200169574e-07, 3.42633654782e-09, 2.97835645036e-10, 2.0971668846e-10, 1.26844840187e-10, 2.08295828502e-11, 4.2504112209e-12, 8.55760720533e-13, 9.2737296351e-16, 4.09177752658e-18, 5.50258782803e-18, 8.14826587386e-18, 2.7749312204e-18, 2.88832113877e-18]}, "erbbands": {"dmean": [0.00495538907126, 0.156484916806, 0.948195099831, 1.05268669128, 1.16524481773, 2.32579350471, 4.48024892807, 7.61551094055, 6.99911212921, 3.83970046043, 5.55374336243, 18.6855812073, 8.9044008255, 3.92214560509, 5.53373146057, 2.67626643181, 2.87452769279, 2.26299357414, 0.559925913811, 0.190635234118, 0.066926471889, 0.038955308497, 0.0450741946697, 0.0126947881654, 0.00563137466088, 0.00620909873396, 0.00175650522579, 0.00088008842431, 0.000121747048979, 3.83186343242e-05, 2.37037529587e-05, 1.81048744707e-05, 1.5554305719e-05, 1.14389931696e-05, 6.4074652073e-06, 3.69904500985e-06, 1.8666522692e-06, 5.48212995e-07, 1.69075565282e-06, 3.98492329623e-06], "dmean2": [0.00771156791598, 0.245262250304, 1.46505951881, 1.4858096838, 1.78637528419, 3.58810257912, 6.43154096603, 12.1674957275, 9.79862117767, 5.49776792526, 6.92127132416, 25.4829940796, 11.7878541946, 5.1632642746, 7.91265201569, 3.68194723129, 3.82004952431, 2.88515639305, 0.765930831432, 0.26587754488, 0.0909706056118, 0.0555870346725, 0.0674288123846, 0.0183183774352, 0.00814567040652, 0.00930227153003, 0.00273939501494, 0.00151846429799, 0.000202598719625, 6.77720672684e-05, 4.33966306446e-05, 3.2819549233e-05, 2.74283629551e-05, 1.98574252863e-05, 1.1028998415e-05, 6.17424302618e-06, 3.03097976939e-06, 9.4734934919e-07, 2.28239196076e-06, 5.39134362043e-06], "dvar": [0.000513730337843, 0.585191011429, 15.939491272, 13.1885900497, 12.6163816452, 86.0611343384, 355.524536133, 1113.08508301, 1095.87524414, 365.030151367, 1469.75952148, 24505.8828125, 4428.15771484, 1712.45117188, 3297.90014648, 476.549316406, 311.206665039, 606.016601562, 26.1467418671, 5.20777082443, 0.272670656443, 0.163849160075, 0.259606987238, 0.0224255565554, 0.00547719048336, 0.0219896174967, 0.00204537855461, 0.00092435098486, 3.02858711621e-06, 4.38451337459e-08, 4.08931910556e-09, 2.07949857334e-09, 2.56210053173e-09, 2.16069229175e-09, 3.24479360048e-10, 8.23726989396e-11, 2.09995892203e-11, 1.69953135766e-12, 2.71742420233e-11, 1.51310144969e-10], "dvar2": [0.00111654074863, 1.31189858913, 33.9925727844, 22.8545284271, 28.6972427368, 226.77696228, 730.063476562, 3112.25366211, 1896.93725586, 603.527160645, 2344.15722656, 50164.6289062, 6493.97412109, 3552.70410156, 6218.02392578, 795.632263184, 474.757019043, 1167.37243652, 51.8784484863, 10.6477565765, 0.493063271046, 0.352586567402, 0.617837190628, 0.0443231649697, 0.0109205758199, 0.0567503161728, 0.00554749416187, 0.0025930989068, 7.85599695519e-06, 1.07823701967e-07, 1.25540431384e-08, 6.48954268101e-09, 7.40689953815e-09, 6.14020612133e-09, 9.32243837681e-10, 2.2036307501e-10, 5.18770720825e-11, 4.81337235694e-12, 5.21143163346e-11, 2.91494883786e-10], "max": [0.754721641541, 26.9971313477, 143.326477051, 158.677520752, 109.866340637, 331.570709229, 522.405883789, 1013.16143799, 2075.71289062, 949.194702148, 2329.4206543, 7728.12695312, 2979.68237305, 2575.56958008, 3042.85083008, 1030.69372559, 1195.86303711, 1637.30334473, 326.099212646, 156.98475647, 33.3132171631, 17.6347026825, 22.171037674, 8.7091960907, 3.84588336945, 9.00821685791, 2.65703678131, 1.7644367218, 0.088772572577, 0.00895333196968, 0.00193540821783, 0.00117983843666, 0.00166663015261, 0.00175212754402, 0.000605776556768, 0.000196488108486, 0.000118580443086, 3.00716765196e-05, 0.00017622121959, 0.00040686308057], "mean": [0.0112625174224, 0.40641605854, 3.16090917587, 4.38857555389, 4.324862957, 6.62635564804, 15.8216953278, 25.8333244324, 28.3475875854, 15.8198251724, 20.458065033, 60.7226104736, 27.3312950134, 11.6440029144, 15.7403926849, 6.92770242691, 8.71072673798, 6.73669862747, 1.48038232327, 0.455437272787, 0.167356863618, 0.0866349488497, 0.110860422254, 0.0373122431338, 0.0145200444385, 0.00800736155361, 0.00197927141562, 0.000726940226741, 0.000152703956701, 5.02409820911e-05, 3.22433297697e-05, 2.78219813481e-05, 2.79851647065e-05, 2.37131025642e-05, 1.60628678714e-05, 1.10400424091e-05, 6.35900778434e-06, 1.46495176523e-06, 8.08426375443e-06, 1.86322449736e-05], "median": [0.00106222718023, 0.0261604022235, 0.140195310116, 0.439474195242, 0.79561984539, 1.53008699417, 1.97618043423, 3.12786912918, 4.44734573364, 2.43834447861, 1.52219712734, 1.95227134228, 1.28896951675, 1.08538377285, 0.875566840172, 0.400188356638, 0.461977213621, 0.190523535013, 0.0367444455624, 0.00765057047829, 0.00409617973492, 0.0013795500854, 0.000660821329802, 0.000205021264264, 8.68761198944e-05, 4.14758760598e-05, 2.50827870332e-05, 1.79219896381e-05, 1.36041253427e-05, 1.11261551865e-05, 9.71722602117e-06, 9.4437482403e-06, 1.008529307e-05, 8.74616034707e-06, 5.85416682952e-06, 3.77348987968e-06, 2.16479497794e-06, 5.94103880758e-07, 2.52883683061e-06, 5.55662791157e-06], "min": [6.66058259151e-22, 9.53417663655e-21, 1.45345569486e-20, 9.70782527313e-20, 1.35559302288e-19, 1.49156613519e-19, 1.01168744871e-19, 1.39832452709e-19, 4.09841756385e-19, 1.03409518989e-18, 3.8607882194e-19, 1.23396053405e-18, 8.37237422742e-19, 1.35301033236e-18, 2.76252061608e-18, 2.76824470592e-18, 3.62052487339e-18, 9.51858154843e-18, 7.494509467e-18, 8.32350408663e-18, 6.30643202114e-18, 7.50901407904e-18, 5.8036517925e-18, 1.32149208337e-17, 1.17105903194e-17, 9.19038109678e-18, 2.26669805172e-17, 1.79182855131e-17, 2.04186887231e-17, 1.99949025886e-17, 1.13506352312e-17, 1.74984979697e-17, 1.28900787353e-17, 1.15045189493e-17, 8.35215596869e-18, 4.61334550848e-18, 4.06814787161e-18, 1.8272347353e-18, 3.64002405367e-19, 4.65821527457e-20], "var": [0.00202792766504, 2.42870044708, 71.1803283691, 118.520103455, 90.2930603027, 267.581665039, 2077.76391602, 5228.33691406, 8944.21875, 2894.86352539, 9065.28222656, 102626.875, 22037.6660156, 5046.34130859, 7248.31884766, 1093.95275879, 2193.51025391, 2275.62890625, 95.5130310059, 12.5626707077, 0.97791403532, 0.408150225878, 0.657077491283, 0.0872753486037, 0.019610568881, 0.0199312027544, 0.00154269742779, 0.00061259616632, 3.40388169207e-06, 5.74724303704e-08, 5.17751352902e-09, 3.05429437297e-09, 3.35784866579e-09, 2.59190424678e-09, 8.13292100332e-10, 3.61834340268e-10, 1.16729542698e-10, 5.97241396963e-12, 1.94012264587e-10, 1.0699954256e-09]}, "gfcc": {"mean": [-330.692749023, 259.962219238, -57.6081390381, -77.7771759033, -33.2307777405, -9.6713180542, -22.7320919037, -16.6945667267, -13.4534521103, -10.1227674484, 1.75310885906, -11.1326961517, -4.44288825989], "cov": [[16535.7304688, 2694.82861328, -3560.90673828, -395.735992432, 1869.88232422, -300.968688965, -342.593139648, 36.5703239441, -174.712600708, -284.078613281, 152.968017578, -494.447387695, -153.422470093], [2694.82861328, 1281.85913086, -28.7161121368, -208.507003784, 366.973724365, 20.1502628326, -159.907608032, -178.672317505, -80.423866272, -156.519699097, -52.0919151306, -134.592926025, -57.5575561523], [-3560.90673828, -28.7161121368, 2110.59130859, 591.621276855, -336.618499756, 284.555084229, 148.760192871, -170.756668091, -103.523483276, -135.367538452, -242.418991089, -70.482963562, -75.1786346436], [-395.735992432, -208.507003784, 591.621276855, 667.96661377, 123.332168579, 108.645843506, 136.895217896, 35.5760536194, -85.1094894409, -68.6302719116, -113.874397278, -104.445198059, -91.1851959229], [1869.88232422, 366.973724365, -336.618499756, 123.332168579, 541.106323242, 81.0276489258, -52.8247871399, -11.1318206787, -28.772403717, -58.5264930725, 9.2539100647, -66.3119277954, -49.135433197], [-300.968688965, 20.1502628326, 284.555084229, 108.645843506, 81.0276489258, 215.592025757, 39.1645393372, -57.9251670837, -6.33151340485, -1.30402541161, -37.8053016663, 1.51580297947, 17.8108158112], [-342.593139648, -159.907608032, 148.760192871, 136.895217896, -52.8247871399, 39.1645393372, 175.167709351, 104.154136658, -1.490478158, -3.97837686539, -28.7042503357, -27.1998023987, -6.23193788528], [36.5703239441, -178.672317505, -170.756668091, 35.5760536194, -11.1318206787, -57.9251670837, 104.154136658, 224.58253479, 88.6620483398, 18.5152225494, 23.8105068207, -6.59842443466, -30.5853614807], [-174.712600708, -80.423866272, -103.523483276, -85.1094894409, -28.772403717, -6.33151340485, -1.490478158, 88.6620483398, 148.462692261, 89.3377227783, 46.1607627869, 43.3579139709, 11.3006048203], [-284.078613281, -156.519699097, -135.367538452, -68.6302719116, -58.5264930725, -1.30402541161, -3.97837686539, 18.5152225494, 89.3377227783, 140.560546875, 90.4412536621, 61.5628738403, 30.0864849091], [152.968017578, -52.0919151306, -242.418991089, -113.874397278, 9.2539100647, -37.8053016663, -28.7042503357, 23.8105068207, 46.1607627869, 90.4412536621, 143.92868042, 100.114929199, 23.6721515656], [-494.447387695, -134.592926025, -70.482963562, -104.445198059, -66.3119277954, 1.51580297947, -27.1998023987, -6.59842443466, 43.3579139709, 61.5628738403, 100.114929199, 171.674133301, 100.744857788], [-153.422470093, -57.5575561523, -75.1786346436, -91.1851959229, -49.135433197, 17.8108158112, -6.23193788528, -30.5853614807, 11.3006048203, 30.0864849091, 23.6721515656, 100.744857788, 156.804260254]], "icov": [[0.000468809332233, -0.000942440296058, 0.0012042511953, -0.00124207127374, 0.000474540836876, -0.000452051666798, -0.000413264730014, 0.000983306439593, -0.00152552465443, 0.00234637246467, -0.0024126318749, 0.00199862127192, -0.000916869728826], [-0.000942440296058, 0.00411495799199, -0.00313887675293, 0.00390287511982, -0.0026911245659, 0.00172265665606, 0.000391972222133, 0.000212786355405, 0.000807655742392, -0.000997328548692, 0.00157724379096, -0.000496407563332, 0.000585160334595], [0.0012042511953, -0.00313887675293, 0.00524856382981, -0.00556332152337, 0.00404173415154, -0.00313538871706, -0.00216485117562, 0.00526060350239, -0.00701727392152, 0.00937587767839, -0.00677418662235, 0.00425023958087, -0.0011313155992], [-0.00124207127374, 0.00390287511982, -0.00556332152337, 0.00912007410079, -0.00589009840041, 0.00308433966711, 0.000649360823445, -0.00606608996168, 0.010173083283, -0.0123730748892, 0.0114283366129, -0.00664518261328, 0.00368518196046], [0.000474540836876, -0.0026911245659, 0.00404173415154, -0.00589009840041, 0.00833182502538, -0.00572551460937, 0.00122277613264, 0.00272855814546, -0.00629882700741, 0.0100939134136, -0.00926495809108, 0.00521580828354, -0.00160418532323], [-0.000452051666798, 0.00172265665606, -0.00313538871706, 0.00308433966711, -0.00572551460937, 0.0115366056561, -0.0049188346602, 0.00314264069311, 0.000369959801901, -0.00634789234027, 0.00745219131932, -0.00520270178095, 0.00120234524366], [-0.000413264730014, 0.000391972222133, -0.00216485117562, 0.000649360823445, 0.00122277613264, -0.0049188346602, 0.0183745902032, -0.0163018517196, 0.0132370814681, -0.0101121068001, 0.00467152753845, 0.000389534019632, -0.00239762710407], [0.000983306439593, 0.000212786355405, 0.00526060350239, -0.00606608996168, 0.00272855814546, 0.00314264069311, -0.0163018517196, 0.0295258071274, -0.0296802669764, 0.0285685621202, -0.0203477181494, 0.0112533774227, -0.00185677921399], [-0.00152552465443, 0.000807655742392, -0.00701727392152, 0.010173083283, -0.00629882700741, 0.000369959801901, 0.0132370814681, -0.0296802669764, 0.0453519150615, -0.0451278053224, 0.0338383726776, -0.0218727495521, 0.00841126032174], [0.00234637246467, -0.000997328548692, 0.00937587767839, -0.0123730748892, 0.0100939134136, -0.00634789234027, -0.0101121068001, 0.0285685621202, -0.0451278053224, 0.065225943923, -0.0530639961362, 0.03302641958, -0.0141868116334], [-0.0024126318749, 0.00157724379096, -0.00677418662235, 0.0114283366129, -0.00926495809108, 0.00745219131932, 0.00467152753845, -0.0203477181494, 0.0338383726776, -0.0530639961362, 0.0647061392665, -0.044654391706, 0.0207477547228], [0.00199862127192, -0.000496407563332, 0.00425023958087, -0.00664518261328, 0.00521580828354, -0.00520270178095, 0.000389534019632, 0.0112533774227, -0.0218727495521, 0.03302641958, -0.044654391706, 0.0440421998501, -0.0219332389534], [-0.000916869728826, 0.000585160334595, -0.0011313155992, 0.00368518196046, -0.00160418532323, 0.00120234524366, -0.00239762710407, -0.00185677921399, 0.00841126032174, -0.0141868116334, 0.0207477547228, -0.0219332389534, 0.0192744899541]]}, "melbands": {"dmean": [9.23239786061e-05, 0.000395915936679, 0.000179940660018, 0.000119587915833, 0.000150673193275, 0.0001659871632, 0.000106503488496, 3.8521920942e-05, 5.46151313756e-05, 0.000114774848043, 4.04892307415e-05, 1.45367703226e-05, 1.76657867996e-05, 1.03337533801e-05, 4.83372605231e-06, 6.13161046203e-06, 4.41028623754e-06, 1.04974878923e-06, 2.91672961339e-07, 1.92130684695e-07, 5.89713664567e-08, 3.60513148223e-08, 6.51162253007e-08, 2.12130171207e-08, 9.84270087656e-09, 5.62999069587e-09, 2.16766737893e-09, 4.84289541802e-09, 5.31803545645e-10, 1.6392788238e-09, 1.0194313449e-10, 6.20468260104e-11, 3.46098462389e-11, 1.66800288859e-11, 1.37410022596e-11, 1.15347818103e-11, 1.03640247426e-11, 1.06012846071e-11, 1.03168584786e-11, 8.78539862387e-12], "dmean2": [0.000143787285197, 0.000612054718658, 0.000256734958384, 0.000184787728358, 0.000218284752918, 0.000261592300376, 0.000148386679939, 5.50280237803e-05, 7.12531909812e-05, 0.000156833979418, 5.39907632628e-05, 1.95238881133e-05, 2.52697736869e-05, 1.46032061821e-05, 6.23217556495e-06, 8.46829880174e-06, 5.6171252254e-06, 1.41563714351e-06, 4.31408949453e-07, 2.62595051481e-07, 8.33766193864e-08, 5.12130604591e-08, 9.86923538449e-08, 3.04990557254e-08, 1.44360683407e-08, 8.48117753804e-09, 3.115832925e-09, 7.28648519299e-09, 7.23755444465e-10, 2.83906964604e-09, 1.80716802634e-10, 1.02853933703e-10, 6.02897176627e-11, 3.03492196652e-11, 2.55561197204e-11, 2.14143980326e-11, 1.91252985671e-11, 1.921549031e-11, 1.82912712754e-11, 1.5860073671e-11], "dvar": [1.98469621182e-07, 2.84553584606e-06, 3.13173046607e-07, 1.45703907606e-07, 3.57623775926e-07, 5.18147146522e-07, 2.59655877244e-07, 3.19117035019e-08, 2.02314879516e-07, 8.93474350505e-07, 1.03880140045e-07, 2.91013630971e-08, 2.3022138862e-08, 8.98945007322e-09, 1.35305022742e-09, 9.75145963977e-10, 3.18668247345e-09, 1.04736185003e-10, 6.54228797872e-12, 3.66339814387e-12, 2.75637314622e-13, 9.66754887949e-14, 1.0279351155e-12, 4.74958783512e-14, 1.52355291062e-14, 7.90775983513e-15, 9.41025652312e-16, 1.48890045394e-14, 4.36689126359e-17, 3.54065214139e-15, 5.74905539052e-18, 6.14766783405e-19, 1.68814858045e-19, 2.62855138111e-21, 1.45759533397e-21, 8.0221307655e-22, 6.85466408365e-22, 1.26006749156e-21, 1.50459225883e-21, 1.62591568341e-21], "dvar2": [4.55923498066e-07, 6.06677758697e-06, 5.685042197e-07, 3.63746210041e-07, 7.72159353346e-07, 1.38265659189e-06, 4.39298247557e-07, 5.41340838822e-08, 4.05978880735e-07, 1.81260861609e-06, 1.50139157995e-07, 5.97630034349e-08, 4.28676401043e-08, 1.73180474405e-08, 2.05773975637e-09, 1.76722925183e-09, 6.16485751337e-09, 1.99425295722e-10, 1.41671084586e-11, 7.39483040774e-12, 4.85584445917e-13, 2.03582986515e-13, 2.34656608381e-12, 1.05328987448e-13, 2.92890474515e-14, 1.4924266521e-14, 2.1677085074e-15, 3.83698403454e-14, 8.66113754055e-17, 9.84131667218e-15, 1.69702935177e-17, 1.42599651031e-18, 4.41429121491e-19, 6.88080256691e-21, 4.5580878887e-21, 2.60760933289e-21, 2.19791865006e-21, 3.74741978834e-21, 4.26615937154e-21, 4.74439335801e-21], "max": [0.0138389728963, 0.0613850429654, 0.0223381184042, 0.012527756393, 0.0155868362635, 0.023144075647, 0.0307745449245, 0.00846943631768, 0.0266978554428, 0.0457369424403, 0.0147620076314, 0.0109701054171, 0.00775130651891, 0.00472891749814, 0.00210190215148, 0.00155885727145, 0.00375768262893, 0.000661412079353, 0.000133381807245, 0.000129602674861, 3.99206001021e-05, 1.74505257746e-05, 5.04742602061e-05, 1.0566363926e-05, 7.40301493352e-06, 5.80676851314e-06, 1.37409551826e-06, 7.40705399949e-06, 3.1493200936e-07, 3.466226417e-06, 1.31759378519e-07, 3.71030459689e-08, 2.52208991469e-08, 2.13890904988e-09, 1.08950548583e-09, 5.43914857598e-10, 5.91722781884e-10, 1.15436105119e-09, 1.21657517393e-09, 1.60883750766e-09], "mean": [0.000216823988012, 0.00132294686045, 0.000772171479184, 0.000366761436453, 0.000525951560121, 0.000573307799641, 0.000433317094576, 0.000154399414896, 0.000192167863133, 0.000366273947293, 0.000121140074043, 4.18492927565e-05, 4.91859536851e-05, 2.61544664681e-05, 1.43608986036e-05, 1.79717280844e-05, 1.25260603454e-05, 2.76373270935e-06, 6.38182257262e-07, 4.40333735696e-07, 1.40372264923e-07, 7.24795370388e-08, 1.46646087273e-07, 6.06826233707e-08, 2.73780873528e-08, 1.46594008044e-08, 4.31698854442e-09, 5.76623726545e-09, 8.34460833765e-10, 1.25216659264e-09, 1.00484363885e-10, 8.10396263984e-11, 4.00208373386e-11, 1.74264352948e-11, 1.37335611633e-11, 1.17400108732e-11, 1.10789190322e-11, 1.24580935845e-11, 1.35062343254e-11, 1.11141790216e-11], "median": [1.15114726214e-05, 6.87878200551e-05, 0.000113015281386, 8.66445479915e-05, 7.95139421825e-05, 6.42723971396e-05, 6.0400365328e-05, 2.10068792512e-05, 9.34433137445e-06, 1.12456937131e-05, 4.6488762564e-06, 3.31898354489e-06, 2.42165310738e-06, 1.09895722744e-06, 5.77279820391e-07, 6.98463111348e-07, 2.37389230051e-07, 4.54613982015e-08, 8.74385541749e-09, 5.93548099559e-09, 3.00796654251e-09, 1.10778897167e-09, 5.42936473558e-10, 2.20065937695e-10, 1.084688242e-10, 5.46452293138e-11, 3.47246675858e-11, 1.99527928901e-11, 1.34368219676e-11, 1.00903304809e-11, 7.82424732643e-12, 6.15801984058e-12, 4.87505131749e-12, 4.01208710352e-12, 3.40792823648e-12, 3.15953274828e-12, 3.15532214072e-12, 3.67490716677e-12, 4.02695455107e-12, 3.43733613621e-12], "min": [8.68109398443e-24, 9.33989618107e-24, 1.69565146706e-23, 1.1180081481e-23, 4.2988651597e-24, 2.97256830811e-24, 6.7097242714e-24, 1.06769712392e-23, 3.38308836775e-24, 8.07880104988e-24, 4.28071859787e-24, 5.23865606091e-24, 1.00771853046e-23, 7.43267821457e-24, 7.52040506925e-24, 1.22416247799e-23, 1.75877201462e-23, 1.32680882232e-23, 9.70626527356e-24, 1.18700957482e-23, 6.09301805924e-24, 8.11954256019e-24, 5.69217890064e-24, 5.85284501791e-24, 1.15432130883e-23, 8.85979622301e-24, 7.08347315765e-24, 5.70158961681e-24, 1.35546813901e-23, 1.24603814309e-23, 1.06878228098e-23, 1.16363302296e-23, 1.33313327797e-23, 9.61557466845e-24, 6.10384280858e-24, 7.4749185606e-24, 1.21335697685e-23, 8.846434497e-24, 8.53853656366e-24, 9.99850983995e-24], "var": [7.88334659774e-07, 1.28782839965e-05, 2.87801731247e-06, 5.90983006532e-07, 1.93668006432e-06, 2.64540631179e-06, 2.21376831178e-06, 2.39867631535e-07, 9.74167619461e-07, 3.59110799764e-06, 5.19825334777e-07, 8.64934293077e-08, 5.50219745321e-08, 1.79625985197e-08, 6.77377487435e-09, 6.51381704131e-09, 1.16333183087e-08, 4.10028233588e-10, 1.43418610321e-11, 9.14041065059e-12, 1.04806701512e-12, 2.43632154381e-13, 2.31254143439e-12, 2.0676356135e-13, 5.80595277801e-14, 3.28099364084e-14, 1.95562225708e-15, 1.32328789446e-14, 8.68651544174e-17, 2.39379621235e-15, 3.37590171687e-18, 9.50152280945e-19, 1.90033462474e-19, 3.32979839022e-21, 1.25083673349e-21, 7.2654069176e-22, 6.26181428745e-22, 1.05414869346e-21, 1.31662323964e-21, 1.17270865626e-21]}, "mfcc": {"mean": [-910.558105469, 224.083877563, 55.4187545776, -19.2960624695, -12.9018592834, -0.215635120869, -0.791254580021, -7.27806472778, -10.3497877121, -5.2967710495, 0.319264143705, -0.397533267736, -3.49722123146], "cov": [[6246.38769531, 4296.70117188, -1526.31433105, -1253.95361328, 573.442199707, 500.034454346, 112.263412476, -45.4127082825, -123.273460388, 22.0541572571, 76.5824508667, -52.4386444092, -126.807617188], [4296.70117188, 3275.58691406, -609.196777344, -833.434448242, 350.373046875, 453.564025879, 133.607376099, -34.2738227844, -92.109413147, -20.6764411926, 7.0748000145, -75.6563873291, -128.312545776], [-1526.31433105, -609.196777344, 1110.99816895, 584.039245605, -110.8775177, 22.1533298492, 94.6747894287, 51.4029693604, 42.3012008667, -39.0595932007, -91.2771682739, -64.5408630371, -45.568572998], [-1253.95361328, -833.434448242, 584.039245605, 754.109436035, 188.014709473, -31.8204555511, 55.6460609436, 106.872016907, 87.1666488647, 17.2482280731, -46.3152351379, -40.6233940125, -11.3259878159], [573.442199707, 350.373046875, -110.8775177, 188.014709473, 450.244262695, 234.36076355, 40.7890892029, 51.2721862793, 53.4478340149, 5.45923423767, -27.6073493958, -28.8401069641, -6.92138195038], [500.034454346, 453.564025879, 22.1533298492, -31.8204555511, 234.36076355, 289.9609375, 98.1372299194, -0.945832490921, 5.00301599503, -21.9366550446, -47.2429771423, -29.0576400757, -6.68427610397], [112.263412476, 133.607376099, 94.6747894287, 55.6460609436, 40.7890892029, 98.1372299194, 125.134132385, 56.2247276306, 5.83353567123, 2.29848122597, -13.643863678, -19.4979133606, -8.89832401276], [-45.4127082825, -34.2738227844, 51.4029693604, 106.872016907, 51.2721862793, -0.945832490921, 56.2247276306, 114.634284973, 83.5594177246, 28.163318634, 1.29093313217, -5.25666332245, -2.30477142334], [-123.273460388, -92.109413147, 42.3012008667, 87.1666488647, 53.4478340149, 5.00301599503, 5.83353567123, 83.5594177246, 136.042541504, 79.8755493164, 2.67108058929, -13.7761631012, -6.4408864975], [22.0541572571, -20.6764411926, -39.0595932007, 17.2482280731, 5.45923423767, -21.9366550446, 2.29848122597, 28.163318634, 79.8755493164, 134.438781738, 92.8296203613, -1.71888899803, -39.0924186707], [76.5824508667, 7.0748000145, -91.2771682739, -46.3152351379, -27.6073493958, -47.2429771423, -13.643863678, 1.29093313217, 2.67108058929, 92.8296203613, 160.573028564, 71.3451156616, -28.3915939331], [-52.4386444092, -75.6563873291, -64.5408630371, -40.6233940125, -28.8401069641, -29.0576400757, -19.4979133606, -5.25666332245, -13.7761631012, -1.71888899803, 71.3451156616, 114.395042419, 75.7660522461], [-126.807617188, -128.312545776, -45.568572998, -11.3259878159, -6.92138195038, -6.68427610397, -8.89832401276, -2.30477142334, -6.4408864975, -39.0924186707, -28.3915939331, 75.7660522461, 159.974685669]], "icov": [[47.3702201843, -65.3146286011, 60.4650192261, -53.0334510803, 43.8714103699, -34.0034408569, 24.4400882721, -16.060962677, 9.41045379639, -4.74658203125, 1.9319999218, -0.523289740086, 0.0452828481793], [-65.3146286011, 90.0767822266, -83.444694519, 73.2763290405, -60.7266540527, 47.1893005371, -34.0423736572, 22.4846782684, -13.2735719681, 6.77330350876, -2.81107807159, 0.797216713428, -0.0865539014339], [60.4650192261, -83.444694519, 77.4686737061, -68.2808303833, 56.907913208, -44.582611084, 32.5254707336, -21.8196239471, 13.1738061905, -6.95081329346, 3.04295325279, -0.965317666531, 0.155551820993], [-53.0334510803, 73.2763290405, -68.2808303833, 60.5724754333, -50.9728431702, 40.4811134338, -30.0884532928, 20.6889877319, -12.9273052216, 7.15442848206, -3.3540365696, 1.20195186138, -0.252110958099], [43.8714103699, -60.7266540527, 56.907913208, -50.9728431702, 43.5184173584, -35.2535705566, 26.8965110779, -19.1224880219, 12.4761514664, -7.29875850677, 3.67359805107, -1.46233940125, 0.363073170185], [-34.0034408569, 47.1893005371, -44.582611084, 40.4811134338, -35.2535705566, 29.3335876465, -23.1440601349, 17.1346530914, -11.741276741, 7.27279281616, -3.90708041191, 1.69192683697, -0.467615902424], [24.4400882721, -34.0423736572, 32.5254707336, -30.0884532928, 26.8965110779, -23.1440601349, 19.0205287933, -14.7307958603, 10.6171855927, -6.93958759308, 3.94198942184, -1.81859946251, 0.537891745567], [-16.060962677, 22.4846782684, -21.8196239471, 20.6889877319, -19.1224880219, 17.1346530914, -14.7307958603, 11.9760408401, -9.06171035767, 6.21004295349, -3.69338726997, 1.78901529312, -0.555452048779], [9.41045379639, -13.2735719681, 13.1738061905, -12.9273052216, 12.4761514664, -11.741276741, 10.6171855927, -9.06171035767, 7.2002286911, -5.15425205231, 3.18797659874, -1.60793733597, 0.517151594162], [-4.74658203125, 6.77330350876, -6.95081329346, 7.15442848206, -7.29875850677, 7.27279281616, -6.93958759308, 6.21004295349, -5.15425205231, 3.84611773491, -2.46176123619, 1.28702235222, -0.425708353519], [1.9319999218, -2.81107807159, 3.04295325279, -3.3540365696, 3.67359805107, -3.90708041191, 3.94198942184, -3.69338726997, 3.18797659874, -2.46176123619, 1.63633871078, -0.887826442719, 0.305477231741], [-0.523289740086, 0.797216713428, -0.965317666531, 1.20195186138, -1.46233940125, 1.69192683697, -1.81859946251, 1.78901529312, -1.60793733597, 1.28702235222, -0.887826442719, 0.512872159481, -0.18389929831], [0.0452828481793, -0.0865539014339, 0.155551820993, -0.252110958099, 0.363073170185, -0.467615902424, 0.537891745567, -0.555452048779, 0.517151594162, -0.425708353519, 0.305477231741, -0.18389929831, 0.0753733068705]]}, "spectral_contrast_coeffs": {"dmean": [0.0371959917247, 0.0307859610766, 0.0249347966164, 0.0215333290398, 0.0179539564997, 0.0237258262932], "dmean2": [0.0616550035775, 0.0503732897341, 0.0390368066728, 0.0343551151454, 0.0294426809996, 0.042393989861], "dvar": [0.00104553357232, 0.00121122517157, 0.000679206801578, 0.000535936385859, 0.00034016664722, 0.000493982806802], "dvar2": [0.00266981008463, 0.00287454249337, 0.00153095636051, 0.00127568526659, 0.000809247605503, 0.0014181957813], "max": [-0.254618942738, -0.345818996429, -0.363005131483, -0.479890078306, -0.578895866871, -0.624855816364], "mean": [-0.605684816837, -0.626282930374, -0.689400315285, -0.714183032513, -0.817644298077, -0.921269059181], "median": [-0.591028869152, -0.623648703098, -0.694247722626, -0.704752624035, -0.822755455971, -0.92151838541], "min": [-0.954024732113, -0.980270624161, -0.963903307915, -0.959030985832, -0.963729321957, -0.966070175171], "var": [0.0124749578536, 0.0105931200087, 0.00818677898496, 0.00578503636643, 0.0057430556044, 0.000974623835646]}, "spectral_contrast_valleys": {"dmean": [0.399668991566, 0.298047780991, 0.272371053696, 0.273303151131, 0.297680407763, 0.738463759422], "dmean2": [0.634828329086, 0.480816602707, 0.432701468468, 0.445382922888, 0.504905223846, 1.32554399967], "dvar": [0.18057307601, 0.173931896687, 0.141872152686, 0.160746201873, 0.13889747858, 0.413881003857], "dvar2": [0.334785014391, 0.316102385521, 0.248627051711, 0.322606563568, 0.321852505207, 1.25340282917], "max": [-5.41104221344, -4.898873806, -5.55153942108, -6.84479808807, -8.40358448029, -12.0902900696], "mean": [-8.88281726837, -8.2896156311, -9.34526443481, 