{"lowlevel": {"average_loudness": 0.240694522858, "barkbands_crest": {"dmean": 2.30504226685, "dmean2": 3.77349114418, "dvar": 5.1137752533, "dvar2": 13.4945354462, "max": 26.8388938904, "mean": 12.780415535, "median": 12.1738681793, "min": 3.34527206421, "var": 18.6771011353}, "barkbands_flatness_db": {"dmean": 0.0237656198442, "dmean2": 0.0338600575924, "dvar": 0.000734839297365, "dvar2": 0.00141659390647, "max": 0.603080391884, "mean": 0.281164944172, "median": 0.271765649319, "min": 0.0437023416162, "var": 0.00830511189997}, "barkbands_kurtosis": {"dmean": 8.0768032074, "dmean2": 12.8685054779, "dvar": 432.351654053, "dvar2": 1141.07775879, "max": 772.394897461, "mean": 15.972910881, "median": 8.94361400604, "min": -1.97916316986, "var": 649.384216309}, "barkbands_skewness": {"dmean": 0.708992958069, "dmean2": 1.08237028122, "dvar": 0.911240100861, "dvar2": 2.06169104576, "max": 18.3138904572, "mean": 1.98021781445, "median": 1.77602171898, "min": -25.4782390594, "var": 3.37506818771}, "barkbands_spread": {"dmean": 1.98157274723, "dmean2": 3.01167297363, "dvar": 22.3944282532, "dvar2": 51.5635757446, "max": 112.235427856, "mean": 6.38394784927, "median": 3.50379896164, "min": 0.141208440065, "var": 73.5491256714}, "dissonance": {"dmean": 0.0331954844296, "dmean2": 0.05428474769, "dvar": 0.00118406279944, "dvar2": 0.00311688054353, "max": 0.5, "mean": 0.397489696741, "median": 0.402345895767, "min": 0.100917257369, "var": 0.00400203885511}, "dynamic_complexity": 7.63629627228, "erbbands_crest": {"dmean": 2.70543622971, "dmean2": 4.2792596817, "dvar": 7.86317443848, "dvar2": 20.5199546814, "max": 34.4271430969, "mean": 13.2072572708, "median": 12.1102313995, "min": 3.01325416565, "var": 25.5099887848}, "erbbands_flatness_db": {"dmean": 0.0235008578748, "dmean2": 0.0325975604355, "dvar": 0.000698973366525, "dvar2": 0.00138186989352, "max": 0.66338801384, "mean": 0.251393347979, "median": 0.245444238186, "min": 0.0568653307855, "var": 0.00580508401617}, "erbbands_kurtosis": {"dmean": 3.80080342293, "dmean2": 5.93064641953, "dvar": 115.148078918, "dvar2": 289.926757812, "max": 432.163330078, "mean": 7.50546693802, "median": 3.99407553673, "min": -1.88134586811, "var": 265.419036865}, "erbbands_skewness": {"dmean": 0.502110481262, "dmean2": 0.757766008377, "dvar": 0.406476050615, "dvar2": 0.969244420528, "max": 9.29868412018, "mean": 1.42789614201, "median": 1.4823731184, "min": -15.4975500107, "var": 2.45580482483}, "erbbands_spread": {"dmean": 4.823158741, "dmean2": 7.07106876373, "dvar": 81.2686767578, "dvar2": 159.722793579, "max": 182.443725586, "mean": 16.9285163879, "median": 12.8530912399, "min": 0.360792994499, "var": 239.794952393}, "hfc": {"dmean": 1.89462602139, "dmean2": 2.68759274483, "dvar": 20.6629657745, "dvar2": 40.1867446899, "max": 118.410453796, "mean": 6.7438454628, "median": 1.68208551407, "min": 1.17259588388e-16, "var": 156.172775269}, "melbands_crest": {"dmean": 2.68695378304, "dmean2": 4.42620754242, "dvar": 6.84301137924, "dvar2": 18.199754715, "max": 35.5387115479, "mean": 15.6690216064, "median": 15.0873088837, "min": 2.12206888199, "var": 26.5289497375}, "melbands_flatness_db": {"dmean": 0.0260927546769, "dmean2": 0.0361997932196, "dvar": 0.000883776810952, "dvar2": 0.00159697979689, "max": 0.780354857445, "mean": 0.395586013794, "median": 0.389566004276, "min": 0.00294460868463, "var": 0.0142176374793}, "melbands_kurtosis": {"dmean": 8.85853862762, "dmean2": 13.4591264725, "dvar": 369.693786621, "dvar2": 791.042724609, "max": 524.627685547, "mean": 18.4153347015, "median": 10.3214530945, "min": -1.98102831841, "var": 798.650024414}, "melbands_skewness": {"dmean": 0.678271234035, "dmean2": 1.01747047901, "dvar": 0.791790187359, "dvar2": 1.64835202694, "max": 16.097114563, "mean": 2.22360563278, "median": 1.99211204052, "min": -10.6811552048, "var": 3.21523571014}, "melbands_spread": {"dmean": 2.37361049652, "dmean2": 3.5181286335, "dvar": 47.8618621826, "dvar2": 106.68409729, "max": 157.345809937, "mean": 7.93572378159, "median": 3.73314905167, "min": 0.304781466722, "var": 208.803894043}, "pitch_salience": {"dmean": 0.0603778623044, "dmean2": 0.098948545754, "dvar": 0.00318632367998, "dvar2": 0.00833295192569, "max": 0.959150969982, "mean": 0.555582165718, "median": 0.557852983475, "min": 0.139312297106, "var": 0.0145255289972}, "silence_rate_20dB": {"dmean": 0, "dmean2": 0, "dvar": 0, "dvar2": 0, "max": 1, "mean": 1, "median": 1, "min": 1, "var": 0}, "silence_rate_30dB": {"dmean": 0.00557314744219, "dmean2": 0.0111477067694, "dvar": 0.00554192531854, "dvar2": 0.0140631981194, "max": 1, "mean": 0.991894602776, "median": 1, "min": 0, "var": 0.00803923420608}, "silence_rate_60dB": {"dmean": 0.0392653569579, "dmean2": 0.0785406604409, "dvar": 0.0377253368497, "dvar2": 0.0827563405037, "max": 1, "mean": 0.320668697357, "median": 0, "min": 0, "var": 0.217840269208}, "spectral_centroid": {"dmean": 74.538848877, "dmean2": 109.335723877, "dvar": 34688.6679688, "dvar2": 55731.5703125, "max": 10901.8105469, "mean": 596.034240723, "median": 329.702209473, "min": 119.856704712, "var": 542510.1875}, "spectral_complexity": {"dmean": 1.09841668606, "dmean2": 1.74689638615, "dvar": 2.18139719963, "dvar2": 4.33827352524, "max": 28, "mean": 6.33827257156, "median": 5, "min": 0, "var": 22.5392169952}, "spectral_decrease": {"dmean": 1.04637742915e-09, "dmean2": 1.55702062354e-09, "dvar": 4.05562104841e-18, "dvar2": 8.69746665131e-18, "max": 7.15156608927e-15, "mean": -4.19792201001e-09, "median": -1.8479926478e-09, "min": -4.44062742133e-08, "var": 3.21172030327e-17}, "spectral_energy": {"dmean": 0.00409576529637, "dmean2": 0.00608281232417, "dvar": 6.24052918283e-05, "dvar2": 0.000132965040393, "max": 0.17327350378, "mean": 0.0164555646479, "median": 0.007149531506, "min": 1.09139114749e-20, "var": 0.000500602414832}, "spectral_energyband_high": {"dmean": 3.39956422977e-05, "dmean2": 4.86269200337e-05, "dvar": 2.53422385299e-08, "dvar2": 5.73531160342e-08, "max": 0.00390409631655, "mean": 5.62750428799e-05, "median": 1.82237192803e-06, "min": 8.04486056186e-21, "var": 4.03878495092e-08}, "spectral_energyband_low": {"dmean": 0.00138105894439, "dmean2": 0.00224711070769, "dvar": 7.54444636186e-06, "dvar2": 1.79746912181e-05, "max": 0.0681591853499, "mean": 0.00445397291332, "median": 0.00195710267872, "min": 8.70528329968e-23, "var": 3.77117976313e-05}, "spectral_energyband_middle_high": {"dmean": 0.000792888458818, "dmean2": 0.00111283373553, "dvar": 1.10345263238e-05, "dvar2": 2.20403835556e-05, "max": 0.0910513028502, "mean": 0.00205585709773, "median": 7.37947411835e-05, "min": 1.7606309117e-21, "var": 5.66457929381e-05}, "spectral_energyband_middle_low": {"dmean": 0.00333135970868, "dmean2": 0.00496921921149, "dvar": 4.87699071527e-05, "dvar2": 0.000110902146844, "max": 0.139735788107, "mean": 0.0105739496648, "median": 0.00374317914248, "min": 3.75640719859e-22, "var": 0.000263408292085}, "spectral_entropy": {"dmean": 0.219348400831, "dmean2": 0.311284095049, "dvar": 0.066051505506, "dvar2": 0.125320091844, "max": 9.8111038208, "mean": 6.0534734726, "median": 6.0188035965, "min": 4.00640058517, "var": 0.642501354218}, "spectral_flux": {"dmean": 0.0129504064098, "dmean2": 0.0202925689518, "dvar": 0.000365983782103, "dvar2": 0.000811903737485, "max": 0.292780071497, "mean": 0.0400652401149, "median": 0.0265972726047, "min": 1.04469669027e-10, "var": 0.0015608771937}, "spectral_kurtosis": {"dmean": 9.67760848999, "dmean2": 14.8419923782, "dvar": 179.162139893, "dvar2": 379.858764648, "max": 265.994232178, "mean": 35.0000991821, "median": 21.5376396179, "min": -1.60246884823, "var": 1306.32226562}, "spectral_rms": {"dmean": 0.000435805850429, "dmean2": 0.000636059558019, "dvar": 3.68182668353e-07, "dvar2": 7.32212299681e-07, "max": 0.0130018200725, "mean": 0.00324849807657, "median": 0.00264105154201, "min": 3.26308424725e-12, "var": 5.50152435608e-06}, "spectral_rolloff": {"dmean": 146.471038818, "dmean2": 249.541549683, "dvar": 364574.65625, "dvar2": 871163.75, "max": 19853.6132812, "mean": 846.22857666, "median": 344.53125, "min": 43.06640625, "var": 4036163.75}, "spectral_skewness": {"dmean": 0.640466451645, "dmean2": 0.961756885052, "dvar": 0.534278512001, "dvar2": 1.0826561451, "max": 14.2241945267, "mean": 4.2978887558, "median": 3.71868181229, "min": -0.350487738848, "var": 4.96126794815}, "spectral_spread": {"dmean": 597347.5625, "dmean2": 825280.5, "dvar": 816796139520, "dvar2": 1238105063420.0, "max": 39310396, "mean": 2883911.25, "median": 2427366.5, "min": 421369.0625, "var": 3614902845440.0}, "spectral_strongpeak": {"dmean": 0.289883315563, "dmean2": 0.465944498777, "dvar": 0.38884600997, "dvar2": 0.877528429031, "max": 12.9626483917, "mean": 0.685870468616, "median": 0.255564063787, "min": 0, "var": 1.37897086143}, "zerocrossingrate": {"dmean": 0.00490829348564, "dmean2": 0.00594590976834, "dvar": 0.000121789569675, "dvar2": 0.000175551118446, "max": 0.85009765625, "mean": 0.0327103920281, "median": 0.01708984375, "min": 0.001953125, "var": 0.00309283635579}, "barkbands": {"dmean": [5.96407699049e-05, 0.000667550775688, 0.00075423088856, 0.000519070657901, 0.00224864948541, 0.000415032409364, 0.000440968753537, 0.000446517311502, 0.000532241596375, 0.000450810504844, 0.000203829869861, 0.000191161350813, 0.000130072410684, 0.000119685646496, 2.08208894037e-05, 2.53672915278e-05, 1.79566141014e-05, 3.58856705134e-05, 1.71949814103e-05, 1.42637063618e-05, 8.1731886894e-06, 3.05814364765e-06, 3.47417426383e-06, 6.4277733145e-06, 6.3222364588e-06, 5.01048953083e-06, 2.3383122425e-06], "dmean2": [0.000101230783912, 0.00107279641088, 0.00129925797228, 0.000804426905233, 0.00350493425503, 0.000621292798314, 0.000584996130783, 0.000631984730717, 0.000772716710344, 0.000649655703455, 0.000286748923827, 0.000279392552329, 0.000189070080523, 0.000173094740603, 3.05264038616e-05, 3.58105135092e-05, 2.59364060184e-05, 5.44704162166e-05, 2.76702157862e-05, 2.22359649342e-05, 1.25440483316e-05, 4.51362893727e-06, 5.05210482515e-06, 9.27522160055e-06, 9.72138695943e-06, 7.96773110778e-06, 3.79783750759e-06], "dvar": [1.55605306418e-08, 2.44929856308e-06, 2.83965823655e-06, 1.26551606172e-06, 2.89777253784e-05, 1.56312273702e-06, 3.9476872189e-06, 3.93577511204e-06, 5.34397622687e-06, 7.639136129e-06, 1.83487543381e-06, 2.46999024966e-06, 5.73887007249e-07, 5.98622136749e-07, 1.65670215324e-08, 9.5628527319e-09, 6.81338363506e-09, 5.35524158352e-08, 1.23169980881e-08, 7.50661488524e-09, 3.12716075257e-09, 2.11655762361e-10, 4.05844996498e-10, 1.5226018224e-09, 1.87298243581e-09, 1.16405118877e-09, 2.09017886332e-10], "dvar2": [3.92475989486e-08, 5.37997857464e-06, 7.57349880587e-06, 3.43412921211e-06, 7.40993782529e-05, 3.45750640918e-06, 6.94244272381e-06, 7.84534222475e-06, 1.26038166854e-05, 1.62380038091e-05, 3.36816083291e-06, 5.2152590797e-06, 1.25446968013e-06, 1.11556926186e-06, 3.37018519758e-08, 1.94862010972e-08, 1.47060177369e-08, 1.33229036692e-07, 3.22260120811e-08, 1.82397954518e-08, 7.94103716117e-09, 4.89439655471e-10, 9.85328818537e-10, 3.65134300573e-09, 4.49997239471e-09, 3.00194513692e-09, 5.39151834289e-10], "max": [0.00424766354263, 0.0371959917247, 0.0303937811404, 0.0285461694002, 0.111829519272, 0.0327834114432, 0.0883107334375, 0.0705204904079, 0.051289498806, 0.0872538238764, 0.0567822754383, 0.0545799992979, 0.0450044572353, 0.0402206815779, 0.00650329748169, 0.00284062116407, 0.00312030129135, 0.0145474635065, 0.00448989123106, 0.00412733200938, 0.0021045638714, 0.000602801097557, 0.000664207327645, 0.00123180216178, 0.00141458457801, 0.0011693664128, 0.000519944878761], "mean": [9.21722312341e-05, 0.0024629055988, 0.00136755115818, 0.00116824440192, 0.00495421839878, 0.00102134433109, 0.00123814807739, 0.000827768992167, 0.00109056918882, 0.000863389112055, 0.000359992467565, 0.000296743557556, 0.000246982061071, 0.000211304242839, 3.22776941175e-05, 4.25969774369e-05, 2.9152197385e-05, 5.75191043026e-05, 2.46440049523e-05, 2.1115401978e-05, 1.28658166432e-05, 5.31225896339e-06, 5.36080460734e-06, 8.48862691782e-06, 7.4598115134e-06, 5.24861025042e-06, 2.2615454327e-06], "median": [2.59222870227e-05, 0.000385197869036, 0.000644528539851, 0.000544089707546, 0.00131970387883, 0.000260176660959, 0.000128525891341, 3.36520679411e-05, 1.41125019582e-05, 7.66149059928e-06, 4.40780650024e-06, 3.91830599256e-06, 4.55748795503e-06, 6.78549167787e-06, 1.48631511365e-06, 2.30810883295e-06, 1.25034171106e-06, 1.43791066876e-06, 8.26934524412e-07, 5.72532940168e-07, 2.84830775854e-07, 1.05847732357e-07, 1.00266007053e-07, 1.35070706619e-07, 1.35273737101e-07, 1.10157500899e-07, 1.14938771389e-07], "min": [1.33941040196e-23, 4.174094028e-23, 2.25635423474e-23, 1.89241988255e-23, 5.8495108973e-23, 4.3196451759e-23, 5.77806344957e-23, 9.06411719281e-23, 9.24122782563e-23, 4.93492260318e-23, 1.62287923788e-22, 1.3125074052e-22, 6.10118529397e-23, 1.6394887358e-22, 8.9692513047e-23, 2.2850495866e-22, 1.49401483316e-22, 1.9997521711e-22, 3.18862121729e-22, 3.71607330849e-22, 4.85992439785e-22, 6.02644040765e-22, 6.27614908916e-22, 8.46915817187e-22, 1.1334158606e-21, 1.70458619403e-21, 2.58180658883e-21], "var": [3.69446979676e-08, 2.06041004276e-05, 5.06555898028e-06, 3.05378694065e-06, 9.32769908104e-05, 5.27215161128e-06, 1.75141667569e-05, 1.06640391095e-05, 1.49645502461e-05, 2.51262736128e-05, 4.34416006101e-06, 4.88259001941e-06, 1.88611284102e-06, 2.01482157536e-06, 3.33680070241e-08, 2.10731005978e-08, 1.30479405058e-08, 1.18459887233e-07, 1.43385170404e-08, 1.23689023468e-08, 3.77760667192e-09, 3.6459377184e-10, 5.8100207978e-10, 2.12008322009e-09, 1.96951144282e-09, 1.02808828117e-09, 1.67252892092e-10]}, "erbbands": {"dmean": [0.0221274681389, 0.152526110411, 0.727568686008, 1.28690171242, 4.37060546875, 9.77527618408, 4.14154672623, 3.15977358818, 6.13358640671, 7.26801490784, 9.91461467743, 11.8220825195, 15.0892906189, 8.35258197784, 8.52188396454, 5.91144323349, 6.48429918289, 6.38212966919, 1.91840314865, 1.62692463398, 0.84955728054, 1.01789140701, 2.01581549644, 0.649001657963, 1.00610542297, 0.640990674496, 0.426503717899, 0.227350488305, 0.101995579898, 0.106364704669, 0.105414927006, 0.130781933665, 0.106530807912, 0.0758660063148, 0.0430616773665, 0.019937556237, 0.00992901157588, 0.00250818533823, 0.000388859625673, 2.821561975e-05], "dmean2": [0.0345323346555, 0.249448940158, 1.25165641308, 2.00676202774, 6.75949621201, 15.697933197, 6.28506183624, 4.65815591812, 7.99087715149, 10.3783035278, 14.07380867, 16.9851112366, 21.9768695831, 10.989276886, 12.2610712051, 8.71277713776, 9.24878787994, 8.98945045471, 2.82175087929, 2.25060272217, 1.16114139557, 1.39786696434, 3.01363396645, 1.00025963783, 1.59510076046, 0.947076916695, 0.649267077446, 0.336946249008, 0.148027956486, 0.155057311058, 0.152259021997, 0.182548210025, 0.162429541349, 0.117059141397, 0.0660874173045, 0.0314369909465, 0.0160233620554, 0.0040557552129, 0.000630580121651, 4.61091622128e-05], "dvar": [0.00363185675815, 0.112652651966, 2.75473237038, 6.80008935928, 151.256347656, 532.272705078, 109.012908936, 92.8696899414, 1070.64624023, 1189.37219238, 1793.86315918, 2965.83300781, 7873.86230469, 2492.33618164, 2829.78759766, 2082.34545898, 1574.30883789, 1718.51782227, 172.848983765, 60.7215003967, 8.96313858032, 19.0991535187, 170.334716797, 10.4219303131, 52.9346656799, 13.4964103699, 10.2594099045, 1.0713173151, 0.217982783914, 0.356002181768, 0.382505655289, 0.488905131817, 0.544931411743, 0.313383311033, 0.0759566947818, 0.0203120950609, 0.00561117148027, 0.000295946345432, 5.91255502513e-06, 2.9131305368e-08], "dvar2": [0.00720689352602, 0.269548654556, 7.09487009048, 17.5650901794, 345.173706055, 1512.29577637, 254.905609131, 204.869216919, 1813.23022461, 2224.40698242, 3735.95922852, 7063.99560547, 16238.8681641, 4409.57373047, 6128.33154297, 4270.43359375, 3436.56152344, 3148.07666016, 366.220153809, 107.920722961, 17.025592804, 38.4664993286, 395.490753174, 28.4323825836, 137.469116211, 30.632642746, 24.9111213684, 2.57531023026, 0.500140547752, 0.819645881653, 0.935469925404, 1.06525790691, 1.40157806873, 0.781080961227, 0.178213983774, 0.0517488010228, 0.0148819340393, 0.000762444280554, 1.51371441461e-05, 7.81907090186e-08], "max": [1.59140586853, 8.76167488098, 36.7681846619, 56.5712814331, 267.008636475, 455.988494873, 313.619689941, 277.112518311, 1410.63781738, 1520.68286133, 1738.37902832, 1396.10437012, 3032.80566406, 2122.51513672, 1905.80859375, 1958.49499512, 2534.37109375, 2227.78979492, 851.183227539, 357.447479248, 90.8348617554, 181.184020996, 841.81652832, 124.449661255, 337.559387207, 214.779251099, 117.813194275, 33.5563354492, 19.3776760101, 22.9894123077, 20.0801105499, 21.72423172, 25.5644931793, 17.4395008087, 8.9938325882, 5.30931091309, 3.33692741394, 0.639601707458, 0.0795062631369, 0.00755949364975], "mean": [0.0880954414606, 0.501199960709, 1.34361147881, 3.04750227928, 9.06075191498, 20.9197120667, 9.98382759094, 9.15786552429, 18.7382392883, 15.8034877777, 19.5069904327, 24.0939598083, 28.8278331757, 17.777135849, 15.9198265076, 10.6436929703, 13.0338420868, 11.8572940826, 3.11988472939, 2.75726485252, 1.65370976925, 1.92911326885, 3.3827791214, 1.15260708332, 1.40606451035, 0.95585167408, 0.655029714108, 0.396805584431, 0.190073743463, 0.162026911974, 0.163255721331, 0.187283620238, 0.125933125615, 0.0866237431765, 0.0509506203234, 0.0220253597945, 0.00993712432683, 0.0024883474689, 0.000376432290068, 4.23141173087e-05], "median": [0.00857258401811, 0.100544273853, 0.660338759422, 1.68670666218, 2.87237691879, 5.15429210663, 2.54010677338, 2.64185523987, 2.25260257721, 1.69046628475, 0.626623809338, 0.303047537804, 0.33283162117, 0.225006595254, 0.222771584988, 0.215370208025, 0.261833965778, 0.36959657073, 0.150009572506, 0.140761852264, 0.0998052507639, 0.0851134955883, 0.0862847566605, 0.0517295077443, 0.0431772619486, 0.0274121575058, 0.0147007126361, 0.0110628139228, 0.00433361157775, 0.00325197726488, 0.00284132896923, 0.00272585148923, 0.00208106543869, 0.00138429470826, 0.000946506974287, 0.00048371340381, 0.000193424100871, 8.89430375537e-05, 1.64637222042e-05, 1.15405009637e-05], "min": [1.0024380912e-21, 9.84736304921e-21, 2.79013158181e-20, 5.55209960247e-20, 7.61201003357e-20, 2.14587427153e-19, 3.39241012224e-19, 3.45332809695e-19, 5.60281637227e-19, 1.56904581673e-18, 1.80668798247e-18, 2.22560657267e-18, 2.45079387993e-18, 2.64801379709e-18, 6.24890698621e-18, 5.1596242704e-18, 2.75250780156e-18, 6.34456256584e-18, 6.74021421976e-18, 1.00128368537e-17, 8.98666967297e-18, 9.76423681956e-18, 9.73340779813e-18, 1.61149225899e-17, 1.85318384606e-17, 1.66934477472e-17, 1.38397267463e-17, 2.47785343931e-17, 1.77170473593e-17, 2.24207983321e-17, 1.81571554217e-17, 1.29631700686e-17, 1.66387098974e-17, 9.93378981998e-18, 9.78352584427e-18, 5.63978028211e-18, 3.0161850635e-18, 1.30421236309e-18, 4.12756766713e-19, 3.91034706559e-20], "var": [0.0376553609967, 0.681671977043, 5.15919303894, 15.744134903, 401.140228271, 1640.69702148, 373.568756104, 342.957397461, 5078.64013672, 2744.8503418, 4992.94287109, 8441.13867188, 20466.7851562, 9841.15527344, 6012.17236328, 4733.9453125, 5376.93652344, 6112.54345703, 301.061798096, 140.574066162, 27.1568717957, 53.0177116394, 421.255401611, 17.5420570374, 62.7151832581, 22.8198719025, 14.5105190277, 1.81108057499, 0.415394186974, 0.520285606384, 0.544772028923, 0.837184429169, 0.601661622524, 0.30622023344, 0.0866429358721, 0.0205386318266, 0.00434972112998, 0.000236891515669, 4.78293532069e-06, 2.28814567294e-08]}, "gfcc": {"mean": [-184.732620239, 136.829208374, -63.0136413574, 10.9673547745, -32.0842399597, -5.15685844421, -39.2285575867, -5.83258342743, -22.999879837, -0.462302237749, -8.79456996918, -6.42611503601, -11.8480463028], "cov": [[20290.671875, 3002.99243164, -751.82043457, -445.175415039, -2500.81518555, 17.3914966583, 253.434448242, 422.15447998, -489.546173096, -397.890289307, -593.592895508, 55.4972724915, -58.0919494629], [3002.99243164, 6502.08935547, 2618.70068359, -709.667297363, -730.155334473, -417.731170654, 167.029312134, -281.028656006, 11.6825408936, -577.923828125, -129.359436035, -118.618301392, 79.0039215088], [-751.82043457, 2618.70068359, 2647.21655273, 33.0333557129, -281.160095215, -85.3715515137, -7.56360006332, -111.316452026, 59.2256813049, -171.334671021, -70.9914855957, -63.2452964783, 35.3993377686], [-445.175415039, -709.667297363, 33.0333557129, 747.007507324, 219.316772461, -87.3791351318, -51.4991035461, 21.339963913, 50.813835144, 154.998657227, 47.8684425354, -34.0555419922, 27.3451137543], [-2500.81518555, -730.155334473, -281.160095215, 219.316772461, 705.404418945, -10.9069747925, -95.0520172119, -13.8728542328, 91.5983276367, 121.955329895, 113.433898926, -3.84653353691, -4.82746553421], [17.3914966583, -417.731170654, -85.3715515137, -87.3791351318, -10.9069747925, 323.643951416, 128.92149353, 78.3613433838, 21.8994522095, 22.3008289337, -7.20518302917, 38.6895256042, 23.7854728699], [253.434448242, 167.029312134, -7.56360006332, -51.4991035461, -95.0520172119, 128.92149353, 307.976409912, 82.9774551392, 8.02480983734, -13.0080394745, 12.6280403137, 18.9112968445, 44.1153335571], [422.15447998, -281.028656006, -111.316452026, 21.339963913, -13.8728542328, 78.3613433838, 82.9774551392, 207.17414856, 0.553344905376, 4.29917907715, -4.60452413559, 21.1596240997, -3.71843147278], [-489.546173096, 11.6825408936, 59.2256813049, 50.813835144, 91.5983276367, 21.8994522095, 8.02480983734, 0.553344905376, 150.107177734, 52.070766449, 15.9220581055, -0.532387852669, 22.8288955688], [-397.890289307, -577.923828125, -171.334671021, 154.998657227, 121.955329895, 22.3008289337, -13.0080394745, 4.29917907715, 52.070766449, 185.299087524, 45.8752708435, -9.23848724365, -0.30463886261], [-593.592895508, -129.359436035, -70.9914855957, 47.8684425354, 113.433898926, -7.20518302917, 12.6280403137, -4.60452413559, 15.9220581055, 45.8752708435, 132.65927124, 21.4460735321, -13.4102773666], [55.4972724915, -118.618301392, -63.2452964783, -34.0555419922, -3.84653353691, 38.6895256042, 18.9112968445, 21.1596240997, -0.532387852669, -9.23848724365, 21.4460735321, 80.8277053833, 14.8867359161], [-58.0919494629, 79.0039215088, 35.3993377686, 27.3451137543, -4.82746553421, 23.7854728699, 44.1153335571, -3.71843147278, 22.8288955688, -0.30463886261, -13.4102773666, 14.8867359161, 92.7698059082]], "icov": [[0.000203281568247, -0.000308434740873, 0.000363917235518, -0.000378113705665, 0.000641415885184, -0.000364807347069, 0.000349355163053, -0.000479175738292, 0.000365170097211, -0.000480401591631, 0.000560602173209, -0.000487686687848, 0.00037198147038], [-0.000308434740873, 0.00104272307362, -0.00098263414111, 0.00102415622678, -0.000805370567832, 0.00135199725628, -0.00105882517528, 0.00105169857852, -0.00102395459544, 0.00173401378561, -0.00115676771384, 0.00137052882928, -0.000980424927548], [0.000363917235518, -0.00098263414111, 0.00144022237509, -0.00117275444791, 0.00123756809626, -0.00128122535534, 0.00105271139182, -0.000871749361977, 0.000565220601857, -0.00102650793269, 0.00114355888218, -0.000987737323157, 0.00089952716371], [-0.000378113705665, 0.00102415622678, -0.00117275444791, 0.00300516420975, -0.00145979423542, 0.00198211148381, -0.000933974457439, 0.00048395092017, -0.000792860868387, 8.93540054676e-05, -0.00139071268495, 0.00192381243687, -0.00198223697953], [0.000641415885184, -0.000805370567832, 0.00123756809626, -0.00145979423542, 0.00421321671456, -0.00123218970839, 0.00177074153908, -0.00141748494934, -6.70483404974e-06, -0.00128733110614, 5.00797650602e-05, -0.00083348469343, 0.000820285466034], [-0.000364807347069, 0.00135199725628, -0.00128122535534, 0.00198211148381, -0.00123218970839, 0.00621066754684, -0.00292112096213, 0.000367715430912, -0.00154296890832, 0.000957547919825, -0.000332092808094, 6.89191147103e-05, -0.00140405504499], [0.000349355163053, -0.00105882517528, 0.00105271139182, -0.000933974457439, 0.00177074153908, -0.00292112096213, 0.00607383297756, -0.00268512335606, 0.000863745983224, -0.00120915693697, -0.000697727547958, -0.000282699504169, -0.0014327907702], [-0.000479175738292, 0.00105169857852, -0.000871749361977, 0.00048395092017, -0.00141748494934, 0.000367715430912, -0.00268512335606, 0.00750809162855, -0.00129605259281, 0.00206135818735, -0.000512710423209, 5.75134945393e-05, 0.000646428321488], [0.000365170097211, -0.00102395459544, 0.000565220601857, -0.000792860868387, -6.70483404974e-06, -0.00154296890832, 0.000863745983224, -0.00129605259281, 0.00954981893301, -0.00404420075938, 0.00140416924842, -0.00137815461494, -0.000887905887794], [-0.000480401591631, 0.00173401378561, -0.00102650793269, 8.93540054676e-05, -0.00128733110614, 0.000957547919825, -0.00120915693697, 0.00206135818735, -0.00404420075938, 0.0116730798036, -0.00401412090287, 0.00393467117101, -0.00124516931828], [0.000560602173209, -0.00115676771384, 0.00114355888218, -0.00139071268495, 5.00797650602e-05, -0.000332092808094, -0.000697727547958, -0.000512710423209, 0.00140416924842, -0.00401412090287, 0.0126038724557, -0.00586620159447, 0.00411329837516], [-0.000487686687848, 0.00137052882928, -0.000987737323157, 0.00192381243687, -0.00083348469343, 6.89191147103e-05, -0.000282699504169, 5.75134945393e-05, -0.00137815461494, 0.00393467117101, -0.00586620159447, 0.017636295408, -0.00491303112358], [0.00037198147038, -0.000980424927548, 0.00089952716371, -0.00198223697953, 0.000820285466034, -0.00140405504499, -0.0014327907702, 0.000646428321488, -0.000887905887794, -0.00124516931828, 0.00411329837516, -0.00491303112358, 0.0147956134751]]}, "melbands": {"dmean": [0.000183903292054, 0.000301048217807, 0.000256568338955, 0.000566859322134, 0.000193283849512, 7.61864721426e-05, 8.79304425325e-05, 8.33897211123e-05, 8.72305317898e-05, 7.25037316442e-05, 7.75113585405e-05, 3.85024395655e-05, 2.9081989851e-05, 2.57842839346e-05, 1.17171048259e-05, 1.40156153066e-05, 1.18688958537e-05, 3.77839819521e-06, 1.762264219e-06, 2.09679365071e-06, 9.40319466736e-07, 7.86778741713e-07, 2.62237767856e-06, 1.02080491615e-06, 5.05339414758e-07, 7.55025268973e-07, 6.96416691426e-07, 3.90092765201e-07, 3.04143895846e-07, 2.07773950933e-07, 1.13909337074e-07, 5.96958642518e-08, 6.09500006021e-08, 5.84213708521e-08, 5.91217776957e-08, 7.20788477793e-08, 8.60213589249e-08, 8.44814920242e-08, 6.32053342997e-08, 6.69123849661e-08], "dmean2": [0.000290337309707, 0.000512308441103, 0.000398020871216, 0.000890891358722, 0.000298871251289, 0.000111097069748, 0.000115085422294, 0.000120028416859, 0.000124264057376, 0.000104147591628, 0.000112658031867, 5.08672710566e-05, 4.16206457885e-05, 3.75322197215e-05, 1.75049426616e-05, 2.00436134037e-05, 1.68424958247e-05, 5.6360590861e-06, 2.56792918663e-06, 2.94137021228e-06, 1.3197214912e-06, 1.12161035304e-06, 3.87838463212e-06, 1.58650516369e-06, 7.985277648e-07, 1.21769801353e-06, 1.12358736715e-06, 5.73014858674e-07, 4.6803739906e-07, 3.20169647239e-07, 1.69459440258e-07, 9.01439705103e-08, 8.83784920802e-08, 8.76587407106e-08, 8.86782061116e-08, 1.02069911634e-07, 1.23508783645e-07, 1.29876397637e-07, 9.94035076474e-08, 1.03610958035e-07], "dvar": [2.1500505909e-07, 4.33389629961e-07, 2.95335638612e-07, 2.05722585633e-06, 1.81763894602e-07, 5.56576580379e-08, 2.04568095796e-07, 1.61343905347e-07, 1.44980091932e-07, 1.03779335348e-07, 2.07883431358e-07, 5.45200897761e-08, 3.40532437804e-08, 5.0404175056e-08, 3.89400245382e-09, 6.75568045949e-09, 6.21927620514e-09, 9.36984934086e-10, 1.21595303271e-10, 8.08836816968e-11, 1.19166169987e-11, 9.76465262814e-12, 3.03518099543e-10, 3.515781416e-11, 8.04453812592e-12, 2.94990212812e-11, 2.54393867083e-11, 5.41544890528e-12, 6.51261423262e-12, 1.7947301631e-12, 2.27894824322e-13, 8.12717406394e-14, 8.92219715535e-14, 1.16944065651e-13, 1.32155435683e-13, 1.41423561772e-13, 2.43472424296e-13, 3.42995976673e-13, 3.0152264149e-13, 2.42330271518e-13], "dvar2": [4.45354572776e-07, 1.10224220862e-06, 7.41222891065e-07, 5.33108232048e-06, 4.58516723256e-07, 1.20246994584e-07, 3.50159638174e-07, 3.00878241433e-07, 3.12829826044e-07, 2.43903201635e-07, 4.3244290282e-07, 1.01293267107e-07, 6.93689088394e-08, 1.06208027262e-07, 8.43179570609e-09, 1.42113671942e-08, 1.12831459731e-08, 1.94792204589e-09, 2.59507054734e-10, 1.56497578785e-10, 2.43376568898e-11, 1.97689521003e-11, 7.51585682579e-10, 7.01021671268e-11, 2.27732138702e-11, 7.64736052261e-11, 6.52222442721e-11, 1.16647464257e-11, 1.47184139876e-11, 4.84701384931e-12, 5.26745151403e-13, 2.01530808643e-13, 1.95687636559e-13, 2.81022601023e-13, 3.39800805766e-13, 3.05656324903e-13, 5.25610262779e-13, 8.71114703808e-13, 8.09911870642e-13, 5.96500821827e-13], "max": [0.0117257349193, 0.0164336655289, 0.0132267270237, 0.0314147770405, 0.00995255447924, 0.00812395662069, 0.0209565982223, 0.0180690269917, 0.0168328583241, 0.00784366670996, 0.0149170449004, 0.00911736767739, 0.00761157879606, 0.00836302340031, 0.00260471762158, 0.00435198936611, 0.00383766158484, 0.00199002609588, 0.00065059174085, 0.000283516390482, 9.31978283916e-05, 8.4574741777e-05, 0.00102730665822, 0.000368666893337, 0.000119135896966, 0.000218002562178, 0.00024670624407, 0.000112590401841, 0.000120039738249, 6.5755979449e-05, 1.71739011421e-05, 1.00914894574e-05, 1.35664304253e-05, 1.11715771709e-05, 1.21792108985e-05, 1.49739735207e-05, 1.80514252861e-05, 1.76729699888e-05, 2.40683748416e-05, 1.56647656695e-05], "mean": [0.00073426932795, 0.000686454004608, 0.00063072150806, 0.00120597402565, 0.000475780921988, 0.000213096500374, 0.00026162082213, 0.00017130219203, 0.000169512160937, 0.000144388177432, 0.000147052807733, 7.75322914706e-05, 5.36846528121e-05, 4.07677907788e-05, 2.4014399969e-05, 2.53204925684e-05, 2.11659335037e-05, 5.0855956033e-06, 2.72921624855e-06, 3.3970432014e-06, 1.73176783846e-06, 1.39667497479e-06, 4.19370007876e-06, 1.75543937075e-06, 8.14764405277e-07, 1.01649220596e-06, 9.47551882291e-07, 5.56143163521e-07, 4.35768129137e-07, 3.13362988891e-07, 1.94793472019e-07, 1.04606314721e-07, 9.7172602409e-08, 8.23143722073e-08, 8.77770673924e-08, 1.11447931772e-07, 1.1564913649e-07, 9.67590594314e-08, 6.91458126312e-08, 7.40451469028e-08], "median": [9.44012354012e-05, 0.000340721860994, 0.000338352867402, 0.000322554551531, 0.000124677695567, 5.76269885642e-05, 3.2749165257e-05, 1.389623867e-05, 3.72084218725e-06, 1.63186541613e-06, 1.47599189404e-06, 7.9559004007e-07, 7.01354565535e-07, 4.40607152541e-07, 5.19540265032e-07, 5.51287428152e-07, 6.4310097514e-07, 1.92656614217e-07, 1.42378638657e-07, 1.60210973377e-07, 9.1549978265e-08, 7.04716569544e-08, 8.75660504107e-08, 5.27776116144e-08, 3.49331052973e-08, 2.76231624241e-08, 2.57096779421e-08, 1.29275292693e-08, 7.17235204561e-09, 7.28534832461e-09, 4.62520866051e-09, 2.06359018762e-09, 1.78789849592e-09, 1.55225765575e-09, 1.47604151124e-09, 1.58344559686e-09, 1.60074109523e-09, 1.47319578758e-09, 1.08377307129e-09, 1.08973907675e-09], "min": [1.100692809e-23, 1.47760321311e-23, 9.16994162106e-24, 1.00075146872e-23, 1.20084919277e-23, 8.18522785232e-24, 9.61186781106e-24, 1.89706548442e-23, 1.24980692607e-23, 1.43402338126e-23, 1.16840279154e-23, 9.42002236093e-24, 2.43028591589e-23, 1.55022511696e-23, 8.09603687179e-24, 7.30878682054e-24, 1.22084421348e-23, 1.26983097686e-23, 8.41058726914e-24, 1.70045105458e-23, 8.72961366327e-24, 1.00214238827e-23, 7.17161179773e-24, 1.14538832683e-23, 1.35636712489e-23, 1.03264590398e-23, 1.43288694824e-23, 1.05066837799e-23, 7.55306943276e-24, 1.10872601626e-23, 1.53976813457e-23, 8.93880458697e-24, 1.30743384628e-23, 1.18662871278e-23, 1.14986306143e-23, 8.49820526102e-24, 7.08586577278e-24, 1.15350625775e-23, 1.11912083641e-23, 7.05801977169e-24], "var": [2.11540395867e-06, 1.02728324691e-06, 7.75881005666e-07, 6.27041072221e-06, 6.77041668951e-07, 1.97300678906e-07, 9.29752673073e-07, 3.85026623917e-07, 3.82759907325e-07, 2.87314179559e-07, 5.58891088076e-07, 2.08322290973e-07, 7.06656706484e-08, 1.02055622619e-07, 1.36236142367e-08, 1.84356103716e-08, 2.15772786305e-08, 1.33041488937e-09, 1.97268090751e-10, 1.76917189232e-10, 3.32207664155e-11, 2.3378866551e-11, 6.32279228974e-10, 8.51460985052e-11, 1.07044043768e-11, 3.22176070544e-11, 3.61881392907e-11, 8.30783532246e-12, 1.04284593114e-11, 1.92223624171e-12, 4.2490764054e-13, 1.40899133181e-13, 1.47960203117e-13, 1.53366563698e-13, 1.69323363382e-13, 2.5531695356e-13, 3.92539137046e-13, 3.87808600337e-13, 2.56763279258e-13, 2.35864116866e-13]}, "mfcc": {"mean": [-839.348083496, 175.49079895, 35.5460929871, 27.5116081238, 18.5079956055, 3.91533088684, -0.340136796236, -7.13378143311, -8.88352775574, -3.31760120392, -1.14982116222, 0.421546936035, -5.66143798828], "cov": [[15458.9638672, 1831.3795166, -1221.69226074, -733.335571289, -1379.3972168, -470.123962402, -21.9797878265, 246.263092041, 23.1774101257, -110.638771057, -60.924785614, 128.964691162, -410.619445801], [1831.3795166, 3416.51977539, 1343.37963867, -215.196838379, -304.00100708, 10.0868139267, -42.252986908, 117.247016907, -63.5738639832, -290.191589355, -59.6070251465, 18.8880786896, -43.8745422363], [-1221.69226074, 1343.37963867, 2246.69677734, 253.13369751, -59.9920501709, 210.75944519, 0.669421851635, 35.4931755066, 51.2988586426, -120.160400391, -48.355178833, 73.9252700806, 40.1916007996], [-733.335571289, -215.196838379, 253.13369751, 653.979797363, 279.856842041, 32.0861320496, -4.59769201279, -119.387138367, -26.1908435822, 72.4282913208, -15.1190595627, 27.084028244, 82.6125793457], [-1379.3972168, -304.00100708, -59.9920501709, 279.856842041, 515.506103516, 47.9335250854, -57.1771965027, -105.399391174, -35.7000923157, 31.5648040771, 15.7333641052, 3.94597578049, 54.5188331604], [-470.123962402, 10.0868139267, 210.75944519, 32.0861320496, 47.9335250854, 206.599456787, 25.4931735992, -19.8278121948, 51.172870636, 19.9932308197, 4.91054916382, 31.4546375275, 5.55715084076], [-21.9797878265, -42.252986908, 0.669421851635, -4.59769201279, -57.1771965027, 25.4931735992, 190.140808105, 89.5461730957, 15.266043663, 36.208782196, 33.1451148987, -7.94163799286, 10.8295049667], [246.263092041, 117.247016907, 35.4931755066, -119.387138367, -105.399391174, -19.8278121948, 89.5461730957, 211.180297852, 55.1008605957, -17.8984031677, 24.9948616028, -2.03251290321, -17.6342487335], [23.1774101257, -63.5738639832, 51.2988586426, -26.1908435822, -35.7000923157, 51.172870636, 15.266043663, 55.1008605957, 170.583679199, 47.717792511, -10.3780612946, 17.2597770691, -9.76401519775], [-110.638771057, -290.191589355, -120.160400391, 72.4282913208, 31.5648040771, 19.9932308197, 36.208782196, -17.8984031677, 47.717792511, 164.608917236, 37.5366783142, -15.8263654709, 17.0068416595], [-60.924785614, -59.6070251465, -48.355178833, -15.1190595627, 15.7333641052, 4.91054916382, 33.1451148987, 24.9948616028, -10.3780612946, 37.5366783142, 117.66280365, 20.9170761108, -6.15703344345], [128.964691162, 18.8880786896, 73.9252700806, 27.084028244, 3.94597578049, 31.4546375275, -7.94163799286, -2.03251290321, 17.2597770691, -15.8263654709, 20.9170761108, 117.198226929, 24.7301216125], [-410.619445801, -43.8745422363, 40.1916007996, 82.6125793457, 54.5188331604, 5.55715084076, 10.8295049667, -17.6342487335, -9.76401519775, 17.0068416595, -6.15703344345, 24.7301216125, 115.913024902]], "icov": [[0.000128088257043, -0.000103946898889, 0.000137117443956, -9.83408390312e-05, 0.000304339831928, 0.000144154430018, 4.06792059948e-05, -3.06214533339e-05, 2.68976509687e-05, -0.00015838634863, 0.000144472738612, -0.000368131441064, 0.000390154600609], [-0.000103946898889, 0.000554244790692, -0.000393949914724, 0.000213329229155, -0.000112065717985, -2.23657498282e-05, 5.69131698285e-05, -7.21684773453e-05, 0.000142166449223, 0.000591666786931, -0.000153053275426, 0.000386603263905, -0.00030184656498], [0.000137117443956, -0.000393949914724, 0.000931740622036, -0.000633459945675, 0.000568766205106, -0.000632422568742, 0.000212146493141, -0.000257044419413, -0.000173800377524, 0.000216715750867, 0.000111676512461, -0.000377369229682, 0.000208910467336], [-9.83408390312e-05, 0.000213329229155, -0.000633459945675, 0.00281092501245, -0.00153093284462, 0.000637768185697, -0.000836524937768, 0.000996939372271, 0.000325721368426, -0.00112459354568, 0.000797055836301, -0.000510969548486, -0.000788255070802], [0.000304339831928, -0.000112065717985, 0.000568766205106, -0.00153093284462, 0.00383915868588, -0.000745841127355, 0.00122650456615, 0.000120989301649, 0.000263229070697, 0.000291809235932, -0.000780238013249, -2.73045825452e-05, 7.19367608326e-06], [0.000144154430018, -2.23657498282e-05, -0.000632422568742, 0.000637768185697, -0.000745841127355, 0.00716356560588, -0.0020287479274, 0.00203670258634, -0.0021242054645, -0.000465850840556, 0.00018305706908, -0.00191404332872, 0.00108119554352], [4.06792059948e-05, 5.69131698285e-05, 0.000212146493141, -0.000836524937768, 0.00122650456615, -0.0020287479274, 0.00835250411183, -0.00419234344736, 0.00151388230734, -0.00160827673972, -0.00110055727419, 0.000993930385448, -0.00111650151666], [-3.06214533339e-05, -7.21684773453e-05, -0.000257044419413, 0.000996939372271, 0.000120989301649, 0.00203670258634, -0.00419234344736, 0.00887407269329, -0.00374260218814, 0.00245715607889, -0.00205293670297, 0.000561316323001, -7.46024088585e-05], [2.68976509687e-05, 0.000142166449223, -0.000173800377524, 0.000325721368426, 0.000263229070697, -0.0021242054645, 0.00151388230734, -0.00374260218814, 0.00950007978827, -0.00436844909564, 0.00318128289655, -0.0022579820361, 0.00133634440135], [-0.00015838634863, 0.000591666786931, 0.000216715750867, -0.00112459354568, 0.000291809235932, -0.000465850840556, -0.00160827673972, 0.00245715607889, -0.00436844909564, 0.0112065710127, -0.00466519640759, 0.00371596356854, -0.00225442601368], [0.000144472738612, -0.000153053275426, 0.000111676512461, 0.000797055836301, -0.000780238013249, 0.00018305706908, -0.00110055727419, -0.00205293670297, 0.00318128289655, -0.00466519640759, 0.0121559156105, -0.00432087993249, 0.00251578632742], [-0.000368131441064, 0.000386603263905, -0.000377369229682, -0.000510969548486, -2.73045825452e-05, -0.00191404332872, 0.000993930385448, 0.000561316323001, -0.0022579820361, 0.00371596356854, -0.00432087993249, 0.0123056229204, -0.00415593991056], [0.000390154600609, -0.00030184656498, 0.000208910467336, -0.000788255070802, 7.19367608326e-06, 0.00108119554352, -0.00111650151666, -7.46024088585e-05, 0.00133634440135, -0.00225442601368, 0.00251578632742, -0.00415593991056, 0.0118857696652]]}, "spectral_contrast_coeffs": {"dmean": [0.0420164763927, 0.0340671017766, 0.0312820859253, 0.027745757252, 0.0223132036626, 0.0150222554803], "dmean2": [0.0703935772181, 0.053574770689, 0.0471964254975, 0.0426184348762, 0.0333624966443, 0.0223002564162], "dvar": [0.00132863142062, 0.000987465959042, 0.000837797531858, 0.000627279339824, 0.000519345863722, 0.000225958516239], "dvar2": [0.00366680580191, 0.00245158653706, 0.0017748773098, 0.00137360254303, 0.00109151471406, 0.000462266267277], "max": [-0.271104812622, -0.386645942926, -0.389543056488, -0.459087610245, -0.42759168148, -0.512424528599], "mean": [-0.626518666744, -0.697611272335, -0.760914206505, -0.772784888744, -0.791509628296, -0.827993273735], "median": [-0.62203681469, -0.696920394897, -0.781879067421, -0.785474181175, -0.803159475327, -0.837818861008], "min": [-0.978213608265, -0.968461334705, -0.966800630093, -0.960799634457, -0.97906935215, -0.963182985783], "var": [0.0117461588234, 0.00779227586463, 0.00882188323885, 0.00561005668715, 0.00487659918144, 0.00256957206875]}, "spectral_contrast_valleys": {"dmean": [0.35216319561, 0.296794593334, 0.293273359537, 0.31058549881, 0.309648960829, 0.301449894905], "dmean2": [0.596335470676, 0.454564213753, 0.444429665804, 0.453332543373, 0.404576808214, 0.377583622932], "dvar": [0.128682643175, 0.114539057016, 0.1030860096