{"lowlevel": {"average_loudness": 0.922835230827, "barkbands_crest": {"dmean": 1.89277040958, "dmean2": 3.01565003395, "dvar": 3.97754669189, "dvar2": 9.5647315979, "max": 26.1292533875, "mean": 13.6864814758, "median": 13.2082071304, "min": 3.07114744186, "var": 16.1384181976}, "barkbands_flatness_db": {"dmean": 0.0235066320747, "dmean2": 0.0306145399809, "dvar": 0.000571671873331, "dvar2": 0.000972935638856, "max": 0.42240652442, "mean": 0.207489207387, "median": 0.207068130374, "min": 0.0455508977175, "var": 0.0036142684985}, "barkbands_kurtosis": {"dmean": 5.91810750961, "dmean2": 8.96912574768, "dvar": 94.3226318359, "dvar2": 216.186019897, "max": 317.332824707, "mean": 15.9302520752, "median": 10.9709730148, "min": -1.96280801296, "var": 310.666259766}, "barkbands_skewness": {"dmean": 0.623998939991, "dmean2": 0.914772927761, "dvar": 0.513390958309, "dvar2": 1.10228037834, "max": 13.7824802399, "mean": 2.97869420052, "median": 2.88124012947, "min": -9.23722171783, "var": 3.11409974098}, "barkbands_spread": {"dmean": 4.19118261337, "dmean2": 5.8562335968, "dvar": 56.9824333191, "dvar2": 106.347602844, "max": 132.97883606, "mean": 11.9698219299, "median": 6.96708965302, "min": 0.382988154888, "var": 241.060699463}, "dissonance": {"dmean": 0.0195492561907, "dmean2": 0.0310550145805, "dvar": 0.000352003640728, "dvar2": 0.000884723383933, "max": 0.499999850988, "mean": 0.425040692091, "median": 0.429460227489, "min": 0.216646745801, "var": 0.00161011586897}, "dynamic_complexity": 3.37581181526, "erbbands_crest": {"dmean": 2.11189055443, "dmean2": 3.14275765419, "dvar": 4.84067487717, "dvar2": 11.2970104218, "max": 31.2909126282, "mean": 11.7783508301, "median": 11.1426553726, "min": 2.27885055542, "var": 20.7033920288}, "erbbands_flatness_db": {"dmean": 0.0217389222234, "dmean2": 0.0262338034809, "dvar": 0.00051992200315, "dvar2": 0.000805431627668, "max": 0.385593563318, "mean": 0.192557737231, "median": 0.196691438556, "min": 0.0176406241953, "var": 0.00326215336099}, "erbbands_kurtosis": {"dmean": 1.25566184521, "dmean2": 1.87561941147, "dvar": 3.95504498482, "dvar2": 8.77439212799, "max": 78.190032959, "mean": 2.21109414101, "median": 1.03487205505, "min": -1.90062403679, "var": 21.0806789398}, "erbbands_skewness": {"dmean": 0.348552316427, "dmean2": 0.488248884678, "dvar": 0.141367450356, "dvar2": 0.273413926363, "max": 7.74805164337, "mean": 1.17609548569, "median": 1.14563524723, "min": -4.16678190231, "var": 0.979566991329}, "erbbands_spread": {"dmean": 8.1266412735, "dmean2": 10.9508457184, "dvar": 127.400550842, "dvar2": 230.392501831, "max": 153.597076416, "mean": 34.9558792114, "median": 28.0735454559, "min": 2.46798849106, "var": 557.119934082}, "hfc": {"dmean": 4.10174512863, "dmean2": 5.44185400009, "dvar": 76.9437942505, "dvar2": 127.940467834, "max": 297.423339844, "mean": 14.5222463608, "median": 10.0874061584, "min": 1.07663373458e-16, "var": 290.48260498}, "melbands_crest": {"dmean": 2.29220938683, "dmean2": 3.56564068794, "dvar": 5.29511165619, "dvar2": 13.114071846, "max": 32.2094726562, "mean": 16.2986316681, "median": 15.4531259537, "min": 1.58432102203, "var": 26.797498703}, "melbands_flatness_db": {"dmean": 0.0249569267035, "dmean2": 0.032256077975, "dvar": 0.000679182645399, "dvar2": 0.00118833582383, "max": 0.506553888321, "mean": 0.276606619358, "median": 0.276035100222, "min": 0.00305740605108, "var": 0.00551951583475}, "melbands_kurtosis": {"dmean": 9.752202034, "dmean2": 14.7864294052, "dvar": 231.902328491, "dvar2": 560.464172363, "max": 341.081451416, "mean": 27.8766040802, "median": 20.3446006775, "min": -1.92531430721, "var": 719.188232422}, "melbands_skewness": {"dmean": 0.698608279228, "dmean2": 1.02795767784, "dvar": 0.631592929363, "dvar2": 1.43518102169, "max": 14.8801717758, "mean": 3.71408963203, "median": 3.56647539139, "min": -0.842404961586, "var": 3.43886709213}, "melbands_spread": {"dmean": 3.38169550896, "dmean2": 4.80629968643, "dvar": 58.2674179077, "dvar2": 105.590538025, "max": 230.013183594, "mean": 11.0954828262, "median": 6.66876983643, "min": 0.510183155537, "var": 292.922668457}, "pitch_salience": {"dmean": 0.0526315830648, "dmean2": 0.0828514173627, "dvar": 0.00276532908902, "dvar2": 0.0069259153679, "max": 0.944985568523, "mean": 0.557276546955, "median": 0.56134557724, "min": 0.104405269027, "var": 0.0130844386294}, "silence_rate_20dB": {"dmean": 0, "dmean2": 0, "dvar": 0, "dvar2": 0, "max": 1, "mean": 1, "median": 1, "min": 1, "var": 0}, "silence_rate_30dB": {"dmean": 0.00269905524328, "dmean2": 0.00539883924648, "dvar": 0.00269181071781, "dvar2": 0.00725949229673, "max": 1, "mean": 0.998245835304, "median": 1, "min": 0, "var": 0.00175100250635}, "silence_rate_60dB": {"dmean": 0.00620782747865, "dmean2": 0.0124173304066, "dvar": 0.00616891402751, "dvar2": 0.0141520574689, "max": 1, "mean": 0.0531642138958, "median": 0, "min": 0, "var": 0.0503342412412}, "spectral_centroid": {"dmean": 137.273605347, "dmean2": 199.634002686, "dvar": 97780.9453125, "dvar2": 187642.890625, "max": 11419.8222656, "mean": 681.235778809, "median": 511.500274658, "min": 230.467391968, "var": 590534.375}, "spectral_complexity": {"dmean": 1.84912276268, "dmean2": 2.82683229446, "dvar": 5.90658378601, "dvar2": 11.2341556549, "max": 45, "mean": 11.2315473557, "median": 11, "min": 0, "var": 29.3609714508}, "spectral_decrease": {"dmean": 1.46248624322e-09, "dmean2": 2.18454609957e-09, "dvar": 4.69392406708e-18, "dvar2": 1.06302337095e-17, "max": 1.9226587788e-16, "mean": -6.62440369226e-09, "median": -5.84081671917e-09, "min": -3.81095262014e-08, "var": 2.10005871229e-17}, "spectral_energy": {"dmean": 0.00575695000589, "dmean2": 0.00855136848986, "dvar": 7.13173067197e-05, "dvar2": 0.00016024816432, "max": 0.150954604149, "mean": 0.0263192467391, "median": 0.0232877917588, "min": 9.88048743222e-21, "var": 0.000324123830069}, "spectral_energyband_high": {"dmean": 0.000304609362502, "dmean2": 0.000401543453336, "dvar": 9.85539600151e-07, "dvar2": 1.59596697813e-06, "max": 0.0365593992174, "mean": 0.000502348004375, "median": 6.24699096079e-05, "min": 6.90407994634e-21, "var": 3.29502086061e-06}, "spectral_energyband_low": {"dmean": 0.000548919371795, "dmean2": 0.00091513938969, "dvar": 6.66017740514e-07, "dvar2": 1.81234315733e-06, "max": 0.0153328729793, "mean": 0.00147160666529, "median": 0.000913266791031, "min": 2.08720289291e-23, "var": 2.70824102699e-06}, "spectral_energyband_middle_high": {"dmean": 0.000844567781314, "dmean2": 0.00110929319635, "dvar": 3.05942330669e-06, "dvar2": 5.19359537066e-06, "max": 0.0457870364189, "mean": 0.00296713667922, "median": 0.001349496888, "min": 1.22678437711e-21, "var": 2.07100638363e-05}, "spectral_energyband_middle_low": {"dmean": 0.00535866105929, "dmean2": 0.00809323228896, "dvar": 6.54393661534e-05, "dvar2": 0.000154057386681, "max": 0.134801924229, "mean": 0.0218699071556, "median": 0.01893511042, "min": 1.78157394442e-22, "var": 0.000256690313108}, "spectral_entropy": {"dmean": 0.22992734611, "dmean2": 0.287629783154, "dvar": 0.0653509274125, "dvar2": 0.102982409298, "max": 9.81030750275, "mean": 6.8449306488, "median": 6.76998138428, "min": 4.74901819229, "var": 0.468571096659}, "spectral_flux": {"dmean": 0.0166194997728, "dmean2": 0.0251793880016, "dvar": 0.000414400128648, "dvar2": 0.000933142902795, "max": 0.287180513144, "mean": 0.0491959042847, "median": 0.041574139148, "min": 6.41494982134e-11, "var": 0.00120706763119}, "spectral_kurtosis": {"dmean": 3.4608297348, "dmean2": 5.4727139473, "dvar": 18.4840011597, "dvar2": 48.9056777954, "max": 86.8270111084, "mean": 9.62512397766, "median": 7.38648700714, "min": -1.25931751728, "var": 79.3443450928}, "spectral_rms": {"dmean": 0.000527761585545, "dmean2": 0.000771940336563, "dvar": 4.16428008521e-07, "dvar2": 8.84065286755e-07, "max": 0.0121355997398, "mean": 0.00472721364349, "median": 0.00476652849466, "min": 3.10475451772e-12, "var": 3.33076468451e-06}, "spectral_rolloff": {"dmean": 303.936431885, "dmean2": 507.713867188, "dvar": 980549, "dvar2": 2032842.125, "max": 19702.8808594, "mean": 1080.61804199, "median": 409.130859375, "min": 150.732421875, "var": 5929444.5}, "spectral_skewness": {"dmean": 0.338883936405, "dmean2": 0.516784012318, "dvar": 0.113450974226, "dvar2": 0.274182587862, "max": 7.59482765198, "mean": 2.27034544945, "median": 2.16608476639, "min": -0.0715214684606, "var": 0.759201586246}, "spectral_spread": {"dmean": 910427.1875, "dmean2": 1158502.375, "dvar": 1985292926980.0, "dvar2": 3593166913540.0, "max": 51716776, "mean": 4624362, "median": 3604565.25, "min": 990308.3125, "var": 11039935561700.0}, "spectral_strongpeak": {"dmean": 0.322552502155, "dmean2": 0.53917825222, "dvar": 0.253525644541, "dvar2": 0.610705375671, "max": 7.74603557587, "mean": 1.10606944561, "median": 0.934062898159, "min": 0, "var": 0.702260255814}, "zerocrossingrate": {"dmean": 0.0101563818753, "dmean2": 0.0110877212137, "dvar": 0.000239622429945, "dvar2": 0.000231816084124, "max": 0.765625, "mean": 0.0463355928659, "median": 0.02880859375, "min": 0.00830078125, "var": 0.00446614390239}, "barkbands": {"dmean": [2.88097368184e-07, 8.29685377539e-05, 0.000376336451154, 0.000903057691175, 0.00405108043924, 0.000805509276688, 0.000538223132025, 0.000365967687685, 0.000278737163171, 0.000402513571316, 0.000122582277982, 0.000197924207896, 0.000188267440535, 0.00012233715097, 9.15986529435e-05, 3.83753722417e-05, 3.9771271986e-05, 5.98391270614e-05, 4.83195763081e-05, 3.98986667278e-05, 4.94830637763e-05, 4.03797530453e-05, 7.70585029386e-05, 4.96881475556e-05, 6.79752847645e-05, 3.86655628972e-05, 6.62249021843e-06], "dmean2": [5.26040878412e-07, 0.000119791227917, 0.000640399463009, 0.0013413678389, 0.00642844289541, 0.00106544082519, 0.000725965830497, 0.000527486263309, 0.000383671198506, 0.000525137991644, 0.000173016655026, 0.00028109177947, 0.000272860372206, 0.000195772983716, 0.000131083666929, 5.93596196268e-05, 6.15014214418e-05, 9.00562372408e-05, 7.0244212111e-05, 5.86159840168e-05, 7.64303913456e-05, 5.65612972423e-05, 0.00010775699775, 6.80655866745e-05, 9.35130738071e-05, 5.49238502572e-05, 1.00462048067e-05], "dvar": [1.69667058181e-11, 2.58255017371e-08, 3.21445952522e-07, 4.06339131587e-06, 3.97844378313e-05, 2.07801008401e-06, 2.34272738453e-06, 3.18445881931e-06, 9.34730337576e-07, 1.26751763219e-06, 1.6230363542e-07, 2.29717500133e-07, 4.96136578931e-07, 2.84631113345e-07, 4.76379611314e-08, 7.89151322067e-09, 1.00035615347e-08, 4.10586125099e-08, 2.13802113791e-08, 1.86783282174e-08, 6.55988969811e-08, 2.18372946392e-08, 1.75993946527e-07, 3.46832500497e-08, 4.78592916409e-08, 1.33113031708e-08, 2.841033242e-10], "dvar2": [5.03307569233e-11, 4.65761154089e-08, 9.00590009678e-07, 9.42031783779e-06, 0.000103072103229, 4.05173341278e-06, 4.47069896836e-06, 7.37289701647e-06, 1.72249872321e-06, 2.17314413931e-06, 3.23841362615e-07, 4.90313027512e-07, 9.58979853749e-07, 7.52025016482e-07, 9.66720037354e-08, 1.68419731494e-08, 2.19138502899e-08, 8.68484875127e-08, 4.0143820712e-08, 4.34526654658e-08, 1.51715539687e-07, 4.04303861501e-08, 3.59652631232e-07, 6.55997780541e-08, 8.60611919506e-08, 2.60902996985e-08, 6.54396647981e-10], "max": [0.000217964057811, 0.00543749937788, 0.0104331430048, 0.0556991249323, 0.0823462679982, 0.0351160429418, 0.0308092925698, 0.0602854043245, 0.026983551681, 0.0403998345137, 0.0152903608978, 0.0146626615897, 0.0263602230698, 0.0134944394231, 0.00743188988417, 0.00314535084181, 0.00255933706649, 0.00827726442367, 0.00616254657507, 0.00694897165522, 0.0108027663082, 0.00387950963341, 0.020443437621, 0.00756411859766, 0.0082868123427, 0.00278798281215, 0.00036193523556], "mean": [2.34009149835e-07, 0.000246519339271, 0.000827096926514, 0.0030562558677, 0.0125408181921, 0.00291843432933, 0.0017373773735, 0.000771152903326, 0.000727902748622, 0.00110566057265, 0.000274560094113, 0.000459383969428, 0.000383404316381, 0.000172705404111, 0.000196542037884, 7.42698248359e-05, 8.32693040138e-05, 0.00011419763905, 8.86313282535e-05, 6.66646301397e-05, 6.5425709181e-05, 6.01068459218e-05, 0.000120097487525, 7.0312882599e-05, 9.71300323727e-05, 5.35703511559e-05, 7.54658458391e-06], "median": [7.43374286571e-08, 5.62657587579e-05, 0.000442028336693, 0.00110084877815, 0.010211860761, 0.00193262961693, 0.00015237966727, 9.82352066785e-05, 0.000101198493212, 0.000310097966576, 4.63586002297e-05, 0.000165865858435, 5.60489279451e-05, 4.54108303529e-05, 8.4399303887e-05, 3.95364004362e-05, 3.57495555363e-05, 3.59736477549e-05, 3.73553957616e-05, 2.91407723125e-05, 1.19355127026e-05, 5.19975810676e-06, 7.92752416601e-06, 6.31743660051e-06, 5.2809373301e-06, 2.68471285381e-06, 5.067430493e-07], "min": [1.56702130669e-24, 3.89947119428e-24, 2.69478829528e-24, 2.29374146904e-24, 7.69839102213e-24, 1.41151560192e-23, 1.36336006127e-23, 1.35250139091e-23, 8.08057362033e-24, 2.16290277424e-23, 2.1229616422e-23, 5.2026178182e-23, 2.34273765931e-23, 5.12719198715e-23, 5.67651622514e-23, 7.87892057812e-23, 1.15137745349e-22, 1.07100628498e-22, 1.94376425141e-22, 2.10636350389e-22, 2.82257587332e-22, 3.8261950092e-22, 4.76110499132e-22, 6.35454141587e-22, 9.17918549315e-22, 1.28245205714e-21, 2.01507417228e-21], "var": [8.88054126763e-12, 2.11933226524e-07, 1.12521820483e-06, 2.13242801692e-05, 0.000103469108581, 1.00039987956e-05, 1.63058593898e-05, 6.84731276124e-06, 5.6050994317e-06, 7.83694576967e-06, 5.13818122272e-07, 7.35790308681e-07, 1.87332295809e-06, 2.83249789845e-07, 1.27969912e-07, 1.58929740479e-08, 2.2212258699e-08, 9.16347104862e-08, 4.37307150492e-08, 2.54167744629e-08, 9.74729630343e-08, 5.71214187062e-08, 4.64489346541e-07, 8.56972590668e-08, 1.39362100526e-07, 3.48604274336e-08, 4.04662497955e-10]}, "erbbands": {"dmean": [0.000438994495198, 0.0293050240725, 0.332897722721, 1.41023170948, 10.6943006516, 11.8513345718, 16.2612094879, 6.55240821838, 6.96280384064, 7.32616853714, 8.50382041931, 7.08229875565, 10.4424180984, 8.03626155853, 5.54537773132, 6.03427839279, 8.76554393768, 6.54822492599, 3.25458335876, 5.36474704742, 2.15517163277, 2.51078152657, 3.05266261101, 1.98007535934, 2.98048138618, 1.92969274521, 2.34589004517, 1.64428532124, 1.33066964149, 1.72342097759, 2.44562458992, 1.22925782204, 0.795924186707, 0.713497102261, 0.507608413696, 0.255490154028, 0.0493011213839, 0.0100562758744, 0.00111409800593, 5.00424466736e-05], "dmean2": [0.000677609292325, 0.0424690954387, 0.53057050705, 2.24747204781, 17.4614830017, 19.0303783417, 21.7342910767, 8.52519226074, 9.15916252136, 10.0630702972, 12.2778987885, 9.59784412384, 13.6480894089, 10.6630802155, 7.73513793945, 8.45617675781, 12.6416940689, 10.3951215744, 4.78043270111, 7.64101839066, 3.33033847809, 3.83956861496, 4.56154584885, 2.87808060646, 4.42300081253, 2.80475473404, 3.75170230865, 2.41932678223, 1.85658502579, 2.29669547081, 3.40696167946, 1.65180301666, 1.12673842907, 0.98306876421, 0.721109330654, 0.361620277166, 0.0708740800619, 0.0149089610204, 0.00170124683063, 7.51970947022e-05], "dvar": [6.05466198067e-07, 0.00290526566096, 0.266307890415, 7.43050670624, 408.159973145, 423.818939209, 930.864868164, 176.096038818, 254.616592407, 588.848022461, 2116.08862305, 612.709655762, 915.514221191, 434.184539795, 222.511062622, 279.922424316, 1202.50927734, 892.74597168, 99.0710220337, 187.014099121, 20.8444156647, 45.349193573, 133.723266602, 37.6739578247, 78.6608810425, 37.6731376648, 131.296157837, 114.801879883, 28.332025528, 105.385597229, 149.977172852, 33.1720581055, 7.3787484169, 7.4328622818, 2.48468184471, 0.554020881653, 0.0248859655112, 0.000686749699526, 9.89123418549e-06, 1.684539086e-08], "dvar2": [1.31136130221e-06, 0.00508086103946, 0.626241564751, 18.480386734, 1037.46569824, 1105.48510742, 2174.32202148, 308.994995117, 507.784393311, 1101.11816406, 5030.34472656, 1076.0201416, 1580.55175781, 734.210083008, 448.702331543, 543.990722656, 2345.90917969, 2357.39477539, 216.814620972, 374.883270264, 45.45262146, 98.4085922241, 279.07989502, 65.8321228027, 168.751403809, 89.0632171631, 357.936126709, 229.440979004, 56.5328865051, 230.279998779, 296.065460205, 66.702835083, 14.1533374786, 12.9612178802, 4.98039579391, 1.06901359558, 0.052011821419, 0.0014862435637, 2.3832451916e-05, 3.96280910309e-08], "max": [0.0232539474964, 1.8259345293, 12.5595140457, 73.0584564209, 441.672698975, 477.39932251, 509.180084229, 352.80355835, 391.084442139, 671.470947266, 1566.30749512, 770.567321777, 1099.66650391, 646.208496094, 599.317199707, 618.433776855, 1326.14611816, 804.061157227, 375.340209961, 494.149414062, 151.996017456, 185.214065552, 480.431640625, 296.644073486, 300.352294922, 243.238143921, 378.545074463, 603.066711426, 197.638198853, 542.790100098, 642.664978027, 292.300537109, 157.913070679, 145.305664062, 47.8244819641, 20.8705482483, 4.01586389542, 0.617265939713, 0.0950308889151, 0.00268617062829], "mean": [0.00128595437855, 0.0894930884242, 0.887856662273, 4.44223022461, 26.0683002472, 31.5447387695, 57.6090888977, 25.0353832245, 23.194065094, 21.805021286, 17.9431381226, 19.4890899658, 29.5016365051, 22.9158802032, 14.2551174164, 14.6826648712, 18.2892665863, 10.6427545547, 6.50279283524, 11.8062791824, 4.6746301651, 5.29879713058, 6.05415201187, 3.9822678566, 5.37053203583, 3.25563526154, 2.94475030899, 2.31723976135, 1.97077357769, 2.71348977089, 3.65333008766, 1.88727414608, 1.03050196171, 0.999817669392, 0.711928904057, 0.349773615599, 0.068008095026, 0.0130110271275, 0.00125851412304, 8.3606413682e-05], "median": [0.000512652623001, 0.0238217171282, 0.402400285006, 2.44660162926, 13.9530611038, 23.2601928711, 40.127166748, 13.7173290253, 8.32630252838, 3.06107497215, 2.90641951561, 2.92033147812, 8.8477602005, 6.45411014557, 4.62919330597, 4.64234828949, 2.84373545647, 2.46354174614, 2.70349693298, 5.24623250961, 2.57644295692, 2.25143933296, 1.9056583643, 1.7187461853, 2.3155913353, 1.43468940258, 0.793434262276, 0.278451383114, 0.184165999293, 0.179645240307, 0.230131745338, 0.148708313704, 0.0907227247953, 0.0541203506291, 0.0385183654726, 0.0133785745129, 0.00381041970104, 0.00117265060544, 9.39079473028e-05, 3.86852370866e-05], "min": [1.30505765524e-22, 7.9306314833e-22, 3.57606577016e-21, 7.97357520296e-21, 2.16083341286e-20, 2.47008667864e-20, 6.76954402803e-20, 1.20600283747e-19, 1.27252883824e-19, 1.52088645674e-19, 2.79345742949e-19, 2.91440932962e-19, 8.02409189845e-19, 6.40016213109e-19, 1.50097764111e-18, 2.16119339798e-18, 1.52520700202e-18, 2.52291058766e-18, 3.1881195169e-18, 3.25708115098e-18, 5.28991017996e-18, 5.88420677645e-18, 7.59226649897e-18, 8.63437758599e-18, 9.36906947989e-18, 9.23684300461e-18, 1.13742073971e-17, 1.25248172835e-17, 1.25130564296e-17, 1.33355551999e-17, 1.17927516881e-17, 1.23790647509e-17, 9.45899724736e-18, 8.48110267284e-18, 6.18480462464e-18, 4.31595670747e-18, 2.30203392536e-18, 9.97417484544e-19, 2.60986495102e-19, 2.94538627421e-20], "var": [3.95441520595e-06, 0.0253786109388, 1.6006077528, 31.8823413849, 1222.64404297, 897.02166748, 3393.81982422, 1077.09472656, 1428.77575684, 2697.68920898, 3510.55419922, 4262.93017578, 5353.94433594, 2314.01733398, 890.832519531, 926.211730957, 4442.63232422, 947.546508789, 167.699249268, 485.275024414, 49.3590431213, 99.3506622314, 310.418060303, 86.4962997437, 142.925552368, 51.5436058044, 122.042541504, 196.795639038, 64.1774673462, 228.101379395, 394.092407227, 84.2752914429, 16.0772228241, 21.6787223816, 6.13542222977, 1.51325750351, 0.0569438189268, 0.00133342924528, 1.24251264424e-05, 2.37686883509e-08]}, "gfcc": {"mean": [-59.8168869019, 106.7603302, -101.026191711, 8.55964279175, -60.7989311218, -12.3991317749, -53.8626480103, -12.9414272308, -43.2921676636, -15.9053106308, -19.260931015, -6.4796962738, -6.77179098129], "cov": [[21264.9804688, -954.000549316, -1757.91162109, 222.456878662, -1283.60131836, 251.874938965, -984.488708496, 314.095672607, -831.038085938, 72.1366958618, -546.644104004, -51.8590698242, -488.89855957], [-954.000549316, 2535.28930664, -773.323486328, -109.648254395, 324.993743896, -392.826477051, 249.090164185, -180.577468872, 129.155395508, -257.00881958, 224.077484131, -152.183486938, 233.894485474], [-1757.91162109, -773.323486328, 885.622619629, 98.9722366333, 79.1662368774, 142.296463013, -30.4189968109, 16.5276889801, 9.38965511322, 102.720420837, -43.4379234314, 90.4616165161, -3.87094593048], [222.456878662, -109.648254395, 98.9722366333, 540.935180664, 43.396522522, 45.5454902649, -7.60915088654, -76.1769714355, 45.9786720276, -15.4452095032, -16.8232955933, 5.78157377243, 71.6746292114], [-1283.60131836, 324.993743896, 79.1662368774, 43.396522522, 295.19732666, -42.4674606323, 76.6097640991, -10.8073720932, 60.2600326538, -23.105676651, 42.7028083801, -20.1295547485, 69.2103729248], [251.874938965, -392.826477051, 142.296463013, 45.5454902649, -42.4674606323, 212.209716797, 8.91670322418, 38.8486938477, -18.2146396637, 45.8852920532, -44.785194397, 18.5111904144, -31.7533340454], [-984.488708496, 249.090164185, -30.4189968109, -7.60915088654, 76.6097640991, 8.91670322418, 203.491394043, -15.6247224808, 49.9415512085, -27.8374042511, 51.8727264404, -17.2366161346, 34.219909668], [314.095672607, -180.577468872, 16.5276889801, -76.1769714355, -10.8073720932, 38.8486938477, -15.6247224808, 138.87046814, -6.48504734039, 28.1801185608, -24.1354122162, 0.650539040565, -40.8529014587], [-831.038085938, 129.155395508, 9.38965511322, 45.9786720276, 60.2600326538, -18.2146396637, 49.9415512085, -6.48504734039, 118.343917847, -2.30629014969, 20.8532924652, -11.7137651443, 28.6761264801], [72.1366958618, -257.00881958, 102.720420837, -15.4452095032, -23.105676651, 45.8852920532, -27.8374042511, 28.1801185608, -2.30629014969, 101.26991272, -13.655919075, 9.77088737488, -31.3790988922], [-546.644104004, 224.077484131, -43.4379234314, -16.8232955933, 42.7028083801, -44.785194397, 51.8727264404, -24.1354122162, 20.8532924652, -13.655919075, 89.1774597168, -2.28080153465, 14.646613121], [-51.8590698242, -152.183486938, 90.4616165161, 5.78157377243, -20.1295547485, 18.5111904144, -17.2366161346, 0.650539040565, -11.7137651443, 9.77088737488, -2.28080153465, 68.4193496704, 5.90685033798], [-488.89855957, 233.894485474, -3.87094593048, 71.6746292114, 69.2103729248, -31.7533340454, 34.219909668, -40.8529014587, 28.6761264801, -31.3790988922, 14.646613121, 5.90685033798, 125.180168152]], "icov": [[0.000200024747755, -0.00020251335809, 0.000387857755413, -0.000387672713259, 0.000404711434385, -0.000236468869844, 0.000500260619447, -0.000438981951447, 0.00099638919346, -0.000365724379662, 0.000761823030189, -0.000254787242739, 0.000432759930845], [-0.00020251335809, 0.00169954134617, 0.000381608377211, 0.00085354881594, -0.00125065923203, 0.00109929288737, -0.000838803302031, 0.00120761722792, -0.00133898458444, 0.001748255454, -0.00225699623115, 0.00177388847806, -0.00192430149764], [0.000387857755413, 0.000381608377211, 0.00292770843953, -0.000663180020638, -0.000621424929705, -0.0007775183185, 0.000935727905016, -0.000119080061268, 0.00158547761384, -0.00136338395532, 0.00136388500687, -0.00192630139645, 0.000350080255885], [-0.000387672713259, 0.00085354881594, -0.000663180020638, 0.00330045283772, -0.00118430971634, -0.000258458516328, -0.000411749322666, 0.00239275605418, -0.00303190993145, 0.00157388811931, -0.00153452227823, 0.00120333302766, -0.00232464889996], [0.000404711434385, -0.00125065923203, -0.000621424929705, -0.00118430971634, 0.00642131268978, -9.56604853855e-05, 0.000272280245554, -0.00231779320166, 0.00121756282169, -0.000866481976118, 0.000869854877237, 0.000853894918691, -0.000467238918645], [-0.000236468869844, 0.00109929288737, -0.0007775183185, -0.000258458516328, -9.56604853855e-05, 0.00813564565033, -0.00326435477473, -0.000469490303658, -0.000163745338796, -0.000738773203921, 0.00125100917649, 0.000414611946326, -0.000311476964271], [0.000500260619447, -0.000838803302031, 0.000935727905016, -0.000411749322666, 0.000272280245554, -0.00326435477473, 0.00884901639074, -0.000923916173633, 0.000351692957338, 0.000580737658311, -0.00165119266603, 0.000406549777836, 0.00032566752634], [-0.000438981951447, 0.00120761722792, -0.000119080061268, 0.00239275605418, -0.00231779320166, -0.000469490303658, -0.000923916173633, 0.0108066452667, -0.00319310487248, 0.000217864202568, -0.000256814411841, 0.000799417204689, 0.000375576782972], [0.00099638919346, -0.00133898458444, 0.00158547761384, -0.00303190993145, 0.00121756282169, -0.000163745338796, 0.000351692957338, -0.00319310487248, 0.0159500073642, -0.00355398515239, 0.00342757836916, -0.0003094682761, 0.00139425438829], [-0.000365724379662, 0.001748255454, -0.00136338395532, 0.00157388811931, -0.000866481976118, -0.000738773203921, 0.000580737658311, 0.000217864202568, -0.00355398515239, 0.015460784547, -0.00390913616866, 0.00245829229243, -0.000403110112529], [0.000761823030189, -0.00225699623115, 0.00136388500687, -0.00153452227823, 0.000869854877237, 0.00125100917649, -0.00165119266603, -0.000256814411841, 0.00342757836916, -0.00390913616866, 0.020783662796, -0.00515123736113, 0.00436342507601], [-0.000254787242739, 0.00177388847806, -0.00192630139645, 0.00120333302766, 0.000853894918691, 0.000414611946326, 0.000406549777836, 0.000799417204689, -0.0003094682761, 0.00245829229243, -0.00515123736113, 0.0209007691592, -0.00497167976573], [0.000432759930845, -0.00192430149764, 0.000350080255885, -0.00232464889996, -0.000467238918645, -0.000311476964271, 0.00032566752634, 0.000375576782972, 0.00139425438829, -0.000403110112529, 0.00436342507601, -0.00497167976573, 0.0141324754804]]}, "melbands": {"dmean": [1.20394461192e-05, 0.000128116138512, 0.000520615023561, 0.000807129021268, 0.000594349461608, 0.000139448020491, 0.000111970046419, 8.18467669887e-05, 6.25889006187e-05, 4.56699381175e-05, 5.62114182685e-05, 3.9014754293e-05, 1.57267077157e-05, 2.61119002971e-05, 1.00734450825e-05, 2.41948891926e-05, 1.11927211037e-05, 5.94793391429e-06, 7.29232397134e-06, 4.39109908257e-06, 2.50102880273e-06, 2.70662008006e-06, 3.02634862237e-06, 2.57394458458e-06, 1.57561828473e-06, 2.06278014048e-06, 1.963600198e-06, 1.16054570753e-06, 1.70770499608e-06, 9.49099501213e-07, 1.06786592369e-06, 8.00830321168e-07, 7.45584429751e-07, 1.11455995011e-06, 1.60006868555e-06, 1.03187767309e-06, 6.80214327531e-07, 5.47513650417e-07, 5.51856999209e-07, 6.57511122881e-07], "dmean2": [1.77191323019e-05, 0.000204220908927, 0.000818279455416, 0.00133105530404, 0.000823326641694, 0.00018147128867, 0.000146504098666, 0.000113128575322, 9.06632194528e-05, 6.19127531536e-05, 7.39286188036e-05, 5.13668928761e-05, 2.1969750378e-05, 3.68512337445e-05, 1.41739446917e-05, 3.53040632035e-05, 1.80763690878e-05, 8.80307561602e-06, 1.04109440144e-05, 6.32028513792e-06, 3.97259873353e-06, 4.22580023951e-06, 4.61151284981e-06, 3.9604833546e-06, 2.34748631556e-06, 3.05197045236e-06, 2.88731462206e-06, 1.73442685991e-06, 2.7976147976e-06, 1.45845910993e-06, 1.60521551607e-06, 1.18017226214e-06, 1.03469460555e-06, 1.55089503551e-06, 2.26580391427e-06, 1.46699949255e-06, 9.45437420796e-07, 8.01074861556e-07, 7.81498044944e-07, 9.20097079415e-07], "dvar": [5.32412502974e-10, 3.91582837267e-08, 1.08885296868e-06, 1.69243890014e-06, 1.30680325583e-06, 7.34416261139e-08, 6.68455371056e-08, 6.09598842516e-08, 1.12783688166e-07, 2.70810289749e-08, 2.64991939503e-08, 1.00169907924e-08, 2.3324793208e-09, 3.65805519209e-09, 1.54916135475e-09, 7.87734055763e-09, 3.04138181306e-09, 4.4145090361e-10, 2.92496665777e-10, 1.12675549446e-10, 3.21107411494e-11, 4.79091662176e-11, 1.40370326474e-10, 8.08033293054e-11, 2.54677789274e-11, 4.15270977328e-11, 5.27602579681e-11, 1.4671023077e-11, 7.06283295737e-11, 3.50806501903e-11, 6.67096100582e-11, 9.85429272904e-12, 1.04921488164e-11, 6.80385747742e-11, 7.1235371768e-11, 2.63934828854e-11, 1.13068721053e-11, 3.28074156383e-12, 5.27060686761e-12, 7.00048699565e-12], "dvar2": [1.01267738639e-09, 9.05354795577e-08, 2.58580371337e-06, 4.43094404545e-06, 3.17310559694e-06, 1.29506261715e-07, 1.31051038466e-07, 1.16210159717e-07, 2.66688573447e-07, 4.63724312283e-08, 4.61885534264e-08, 1.66855027572e-08, 4.64035387893e-09, 8.14399214732e-09, 2.65880295558e-09, 1.58740931511e-08, 8.10160916132e-09, 9.64018309624e-10, 5.90472448714e-10, 2.26383925495e-10, 7.51252671183e-11, 1.08299411106e-10, 3.05246883325e-10, 1.74111475237e-10, 4.46945466748e-11, 8.25253476666e-11, 1.21976817535e-10, 3.6383382418e-11, 1.96488089688e-10, 8.75163344571e-11, 1.45175566013e-10, 2.1490810867e-11, 1.93948555133e-11, 1.62258539937e-10, 1.44083162068e-10, 5.74359240724e-11, 2.49456514473e-11, 6.61579168185e-12, 1.00728444682e-11, 1.26218558175e-11], "max": [0.000762397947256, 0.00507477577776, 0.0273069608957, 0.0198227409273, 0.0156541094184, 0.00727798463777, 0.00509244669229, 0.00629284791648, 0.0115495063365, 0.00503377150744, 0.00595672102645, 0.00276398216374, 0.00169196224306, 0.00173136265948, 0.00196610600688, 0.00334601802751, 0.00157156377099, 0.000793728977442, 0.000615253695287, 0.000369194574887, 0.000210337515455, 0.00014652304526, 0.000482610281324, 0.000373455608496, 0.000271510798484, 0.00025274726795, 0.000438823364675, 0.000173981548869, 0.00028989216662, 0.000256487372098, 0.000440499308752, 0.000102186786535, 0.000103373611637, 0.000474445987493, 0.000444317993242, 0.000209847363294, 0.000159332077601, 7.89473124314e-05, 0.000161772637512, 0.000120240038086], "mean": [3.48299618054e-05, 0.000329119327944, 0.00157634809148, 0.00189449742902, 0.00208674627356, 0.000514965795446, 0.000383937498555, 0.000232023870922, 0.000127400358906, 0.000122090670629, 0.000155713132699, 0.000109551583591, 3.84569284506e-05, 6.1397702666e-05, 2.00037884497e-05, 4.71945058962e-05, 1.58757411555e-05, 1.01668028947e-05, 1.60158306244e-05, 9.66118113865e-06, 4.75720435134e-06, 5.20582898389e-06, 6.07926949669e-06, 4.58905833511e-06, 2.96814073408e-06, 3.6751926018e-06, 3.36799666911e-06, 1.84402802006e-06, 1.99280839297e-06, 1.36737548928e-06, 1.3712932514e-06, 1.10231269446e-06, 1.11644931167e-06, 1.68156782365e-06, 2.30608657148e-06, 1.58770455982e-06, 9.71067379396e-07, 6.69871099035e-07, 7.29971645796e-07, 8.99782264696e-07], "median": [8.61963326315e-06, 0.00013988718274, 0.000709555868525, 0.00139130279422, 0.00143677147571, 0.000286533759208, 0.000121519828099, 2.90681946353e-05, 1.69438426383e-05, 1.57681042765e-05, 4.64234290121e-05, 3.18318452628e-05, 1.07178266262e-05, 2.27825967158e-05, 3.51668677467e-06, 6.51556365483e-06, 4.02591376769e-06, 3.22384971696e-06, 6.82723384671e-06, 5.08411812916e-06, 2.43848990067e-06, 2.09007453122e-06, 1.8532091417e-06, 1.56545718255e-06, 1.23629263271e-06, 1.46636261888e-06, 1.50812525135e-06, 7.67888877817e-07, 5.56924476314e-07, 2.40365494619e-07, 1.17795678989e-07, 1.0301265263e-07, 8.61289493059e-08, 1.01629652249e-07, 1.33075644726e-07, 1.07698838292e-07, 8.12083058577e-08, 6.54611440609e-08, 4.59632332195e-08, 4.2812850154e-08], "min": [2.16706914311e-24, 1.60737095035e-24, 2.56940595414e-24, 1.39692100464e-24, 2.25260217562e-24, 3.08314077183e-24, 1.77962070116e-24, 1.66636196884e-24, 2.1636275402e-24, 1.08601622936e-24, 3.89210993874e-24, 2.13510311872e-24, 4.23979801614e-24, 3.61681917649e-24, 5.26667758355e-24, 3.14564162971e-24, 3.54183518644e-24, 4.73383754082e-24, 3.36678774043e-24, 4.1132966758e-24, 5.52908427507e-24, 6.60046664159e-24, 5.52054643349e-24, 4.23893184686e-24, 6.26814439134e-24, 7.09078510938e-24, 5.33328426522e-24, 6.34849224112e-24, 5.91000272366e-24, 5.05084050672e-24, 6.67726027856e-24, 6.57048992719e-24, 6.27767383108e-24, 7.53761722535e-24, 6.24724786039e-24, 6.02890733348e-24, 6.6241020976e-24, 6.097610413e-24, 6.85651708636e-24, 5.66993460083e-24], "var": [4.08782208083e-09, 2.40230320969e-07, 4.89522972202e-06, 3.4984307149e-06, 4.42605869466e-06, 4.43094421598e-07, 4.51512988775e-07, 2.65979423375e-07, 1.82454400033e-07, 1.93962264916e-07, 1.55563100179e-07, 5.4929646609e-08, 7.57762208536e-09, 1.19560183975e-08, 4.16579215567e-09, 2.87031074464e-08, 2.79957190763e-09, 7.17815751283e-10, 8.69354588318e-10, 2.57278004456e-10, 6.17870407615e-11, 9.77677244718e-11, 3.06446507059e-10, 1.49180889863e-10, 5.53599180386e-11, 7.98838287186e-11, 7.32744628862e-11, 1.81509217378e-11, 5.44205652764e-11, 5.27882633439e-11, 9.13527378743e-11, 1.92393757176e-11, 2.59247588674e-11, 1.25074756108e-10, 1.68139668855e-10, 6.77574732433e-11, 2.26077732923e-11, 5.91263800073e-12, 1.30691664088e-11, 1.88639433935e-11]}, "mfcc": {"mean": [-702.958740234, 145.680267334, 5.71774530411, 18.0251941681, 2.29261064529, -9.09840583801, -4.83624982834, -9.78581237793, -18.1943206787, -10.9296245575, -24.5999469757, -17.2421550751, -8.41010189056], "cov": [[8884.08398438, 31.6247653961, -87.8269577026, -266.843902588, -242.161010742, -197.346008301, -161.376144409, -56.398021698, -219.692123413, -1.7470729351, -61.1023178101, -38.1239585876, -114.001304626], [31.6247653961, 2271.17480469, -665.638122559, 124.67666626, -44.616065979, -203.296188354, 84.8273468018, -11.8525571823, -65.1074752808, 2.94761610031, -167.926422119, -27.0924835205, -17.788438797], [-87.8269577026, -665.638122559, 583.294250488, 53.3778114319, 90.2699890137, 138.220947266, -7.82647752762, -2.79442381859, 38.7689399719, -25.9094581604, 27.1661224365, -37.8367843628, 25.9174461365], [-266.843902588, 124.67666626, 53.3778114319, 392.605224609, 114.881530762, 86.3198394775, -23.1336650848, 3.15723419189, 39.0837974548, -14.3992967606, -34.1144866943, -38.1705093384, 16.3342876434], [-242.161010742, -44.616065979, 90.2699890137, 114.881530762, 220.933670044, 30.9830112457, 1.10395121574, -3.82806658745, 41.8585128784, 21.8149490356, -13.1311378479, -9.08598041534, -0.670560419559], [-197.346008301, -203.296188354, 138.220947266, 86.3198394775, 30.9830112457, 195.289749146, 22.2610816956, 12.5384426117, 41.1025161743, -3.42597270012, 32.2225532532, -23.1852779388, 3.71807360649], [-161.376144409, 84.8273468018, -7.82647752762, -23.1336650848, 1.10395121574, 22.2610816956, 133.124984741, 28.854347229, 11.9249334335, 13.6095132828, 19.5281906128, 7.6535243988, -4.6516623497], [-56.398021698, -11.8525571823, -2.79442381859, 3.15723419189, -3.82806658745, 12.5384426117, 28.854347229, 104.731430054, 19.1235027313, 14.9681501389, 5.1150135994, 7.80893850327, 2.98574256897], [-219.692123413, -65.1074752808, 38.7689399719, 39.0837974548, 41.8585128784, 41.1025161743, 11.9249334335, 19.1235027313, 116.416931152, 27.10105896, 3.12365674973, -13.2701807022, 7.52825689316], [-1.7470729351, 2.94761610031, -25.9094581604, -14.3992967606, 21.8149490356, -3.42597270012, 13.6095132828, 14.9681501389, 27.10105896, 85.6419372559, 23.7485542297, 19.7231369019, -3.93709349632], [-61.1023178101, -167.926422119, 27.1661224365, -34.1144866943, -13.1311378479, 32.2225532532, 19.5281906128, 5.1150135994, 3.12365674973, 23.7485542297, 104.958511353, 30.3057136536, -11.202878952], [-38.1239585876, -27.0924835205, -37.8367843628, -38.1705093384, -9.08598041534, -23.1852779388, 7.6535243988, 7.80893850327, -13.2701807022, 19.7231369019, 30.3057136536, 92.2549514771, 9.4285774231], [-114.001304626, -17.788438797, 25.9174461365, 16.3342876434, -0.670560419559, 3.71807360649, -4.6516623497, 2.98574256897, 7.52825689316, -3.93709349632, -11.202878952, 9.4285774231, 80.2922973633]], "icov": [[0.000128169427626, 3.10922064273e-06, -3.64203078789e-05, 3.69702647731e-05, 0.000115060109238, 5.43037604075e-05, 0.000132684159325, -2.12324516724e-06, 0.000200132009923, -0.000151075189933, 9.75934817689e-05, 7.99216286396e-05, 0.000171174047864], [3.10922064273e-06, 0.000883933505975, 0.000888096576091, -0.000470121216495, 5.16576692462e-05, 0.000383017555578, -0.000880451058038, 0.00023376995523, 0.000319188693538, -0.000199995614821, 0.00101081747562, 0.000342498009559, -6.70515692036e-06], [-3.64203078789e-05, 0.000888096576091, 0.00327799259685, -4.77626817883e-05, -0.0010674566729, -0.00109873164911, -0.000499222369399, 0.00019358433201, 0.000130141212139, 0.000831079785712, 0.000215118459892, 0.0010832932312, -0.000966140476521], [3.69702647731e-05, -0.000470121216495, -4.77626817883e-05, 0.00390920042992, -0.00179595232476, -0.00187485385686, 0.00129869696684, -0.000437394191977, -0.000338704237947, 0.000791597412899, 0.000303557550069, 0.000501373084262, -0.000614139309619], [0.000115060109238, 5.16576692462e-05, -0.0010674566729, -0.00179595232476, 0.00644467165694, 0.000565493421163, -0.000398052710807, 0.000826901639812, -0.00108453771099, -0.00215469370596, 0.00132721639238, -0.000623377040029, 0.00111297587864], [5.43037604075e-05, 0.000383017555578, -0.00109873164911, -0.00187485385686, 0.000565493421163, 0.00818163435906, -0.0015567363007, -0.000249681790592, -0.0014720383333, 0.000569376104977, -0.00235771154985, 0.0016023957869, 9.17915749596e-05], [0.000132684159325, -0.000880451058038, -0.000499222369399, 0.00129869696684, -0.000398052710807, -0.0015567363007, 0.00955806206912, -0.00233557797037, -0.000372675945982, -0.000254573504208, -0.00180423038546, -0.000345313543221, 0.00041089381557], [-2.12324516724e-06, 0.00023376995523, 0.00019358433201, -0.000437394191977, 0.000826901639812, -0.000249681790592, -0.00233557797037, 0.010762908496, -0.00132368155755, -0.00137501663994, 0.000862832879648, -0.000895955367014, -0.000159515519044], [0.000200132009923, 0.000319188693538, 0.000130141212139, -0.000338704237947, -0.00108453771099, -0.0014720383333, -0.000372675945982, -0.00132368155755, 0.0115748681128, -0.00392027338967, 0.000767278019339, 0.00210388260894, -0.000948991451878], [-0.000151075189933, -0.000199995614821, 0.000831079785712, 0.000791597412899, -0.00215469370596, 0.000569376104977, -0.000254573504208, -0.00137501663994, -0.00392027338967, 0.0156287867576, -0.00346569996327, -0.00217248592526, 0.000209383142646], [9.75934817689e-05, 0.00101081747562, 0.000215118459892, 0.000303557550069, 0.00132721639238, -0.00235771154985, -0.00180423038546, 0.000862832879648, 0.000767278019339, -0.00346569996327, 0.014621572569, -0.00404029525816, 0.00248762429692], [7.99216286396e-05, 0.000342498009559, 0.0010832932312, 0.000501373084262, -0.000623377040029, 0.0016023957869, -0.000345313543221, -0.000895955367014, 0.00210388260894, -0.00217248592526, -0.00404029525816, 0.0144607648253, -0.00289403041825], [0.000171174047864, -6.70515692036e-06, -0.000966140476521, -0.000614139309619, 0.00111297587864, 9.17915749596e-05, 0.00041089381557, -0.000159515519044, -0.000948991451878, 0.000209383142646, 0.00248762429692, -0.00289403041825, 0.0139537993819]]}, "spectral_contrast_coeffs": {"dmean": [0.0387736335397, 0.0343811698258, 0.0297318901867, 0.0247881170362, 0.0196167267859, 0.0174701642245], "dmean2": [0.0635706558824, 0.0529183037579, 0.04488517344, 0.0382651872933, 0.03052418679, 0.0255162436515], "dvar": [0.00120173173491, 0.000961213605478, 0.000718260591384, 0.000495105574373, 0.000288097682642, 0.000297108897939], "dvar2": [0.00301406299695, 0.00220028520562, 0.00150511739776, 0.00113575917203, 0.000639605685137, 0.00063002074603], "max": [-0.239390581846, -0.3854816854, -0.473111093044, -0.5395591259, -0.639692485332, -0.690616071224], "mean": [-0.452021181583, -0.641389429569, -0.714006543159, -0.754787027836, -0.780892968178, -0.805863618851], "median": [-0.439423322678, -0.638735711575, -0.716164767742, -0.756897211075, -0.778486192226, -0.803850293159], "min": [-0.980414867401, -0.97967684269, -0.975147724152, -0.968912363052, -0.96885818243, -0.963507592678], "var": [0.00917137507349, 0.00647725816816, 0.00590561656281, 0.0030909050256, 0.00188533728942, 0.00163624144625]}, "spectral_contrast_valleys": {"dmean": [0.378735810518, 0.287158459425, 0.263727217913, 0.256550312042, 0.275220274925, 0.450175076723], "dmean2": [0.621483027935, 0.445538043976, 0.401167213917, 0.368092924356, 0.350103974342, 0.482440203428], "dvar": [0.14832291007, 0.110241480172, 0.107437372208, 0.114670477808, 0.13791744411, 0.272803783417], "dvar2": [0.32225