{"lowlevel": {"average_loudness": 0.958443880081, "barkbands_crest": {"dmean": 2.55912351608, "dmean2": 4.0632610321, "dvar": 5.68912887573, "dvar2": 14.2073917389, "max": 25.9424095154, "mean": 11.960849762, "median": 11.3778791428, "min": 2.87940311432, "var": 17.5849838257}, "barkbands_flatness_db": {"dmean": 0.0302487351, "dmean2": 0.0400708541274, "dvar": 0.00080738926772, "dvar2": 0.00172324373852, "max": 0.411678344011, "mean": 0.187369436026, "median": 0.189280405641, "min": 0.0292631480843, "var": 0.0035081836395}, "barkbands_kurtosis": {"dmean": 5.93408823013, "dmean2": 9.64817523956, "dvar": 136.30291748, "dvar2": 366.241394043, "max": 123.410377502, "mean": 7.78786849976, "median": 2.88478565216, "min": -1.87126362324, "var": 187.511505127}, "barkbands_skewness": {"dmean": 0.800203621387, "dmean2": 1.22803688049, "dvar": 1.05473172665, "dvar2": 2.64600896835, "max": 10.3659658432, "mean": 2.1176803112, "median": 1.86077713966, "min": -3.31750154495, "var": 2.64232492447}, "barkbands_spread": {"dmean": 6.01325082779, "dmean2": 8.95588207245, "dvar": 45.3195915222, "dvar2": 99.5296401978, "max": 101.536819458, "mean": 19.5928325653, "median": 17.9949016571, "min": 1.01683270931, "var": 141.899673462}, "dissonance": {"dmean": 0.0155409304425, "dmean2": 0.0251895431429, "dvar": 0.000274953927146, "dvar2": 0.000678893935401, "max": 0.500000059605, "mean": 0.465049564838, "median": 0.472628027201, "min": 0.208528921008, "var": 0.000835047278088}, "dynamic_complexity": 2.99818491936, "erbbands_crest": {"dmean": 3.08002257347, "dmean2": 4.8546462059, "dvar": 8.76672744751, "dvar2": 20.2815093994, "max": 32.8538093567, "mean": 10.5958347321, "median": 9.30285739899, "min": 2.91079998016, "var": 23.7990665436}, "erbbands_flatness_db": {"dmean": 0.0267870109528, "dmean2": 0.0354922264814, "dvar": 0.00086326507153, "dvar2": 0.00156312505715, "max": 0.360051423311, "mean": 0.187925338745, "median": 0.194104775786, "min": 0.0424067750573, "var": 0.00342383189127}, "erbbands_kurtosis": {"dmean": 1.13336992264, "dmean2": 1.77511847019, "dvar": 3.269728899, "dvar2": 7.61620092392, "max": 47.3621635437, "mean": 0.373069018126, "median": -0.384226322174, "min": -1.75130212307, "var": 5.94505882263}, "erbbands_skewness": {"dmean": 0.450399369001, "dmean2": 0.664420843124, "dvar": 0.214953497052, "dvar2": 0.449013113976, "max": 6.67409801483, "mean": -0.396567940712, "median": -0.460456132889, "min": -3.83900976181, "var": 0.833711326122}, "erbbands_spread": {"dmean": 8.89319419861, "dmean2": 13.9406681061, "dvar": 86.0272598267, "dvar2": 208.834136963, "max": 157.987945557, "mean": 39.4413375854, "median": 38.4349632263, "min": 2.59231472015, "var": 268.149627686}, "hfc": {"dmean": 6.00190830231, "dmean2": 8.64279747009, "dvar": 94.4468460083, "dvar2": 198.160110474, "max": 138.55368042, "mean": 15.5879831314, "median": 10.824804306, "min": 1.27284435077e-16, "var": 225.448303223}, "melbands_crest": {"dmean": 3.47549128532, "dmean2": 5.66318941116, "dvar": 11.9177970886, "dvar2": 29.8660774231, "max": 34.5736045837, "mean": 17.459985733, "median": 16.674829483, "min": 2.34081220627, "var": 34.5964202881}, "melbands_flatness_db": {"dmean": 0.0347248092294, "dmean2": 0.0478866659105, "dvar": 0.00118706887588, "dvar2": 0.00271989661269, "max": 0.541985869408, "mean": 0.279248446226, "median": 0.279487282038, "min": 0.00757994828746, "var": 0.00508598051965}, "melbands_kurtosis": {"dmean": 13.8335523605, "dmean2": 22.4776287079, "dvar": 679.522521973, "dvar2": 1781.90844727, "max": 448.863128662, "mean": 23.3822460175, "median": 11.7033987045, "min": -1.81093204021, "var": 1163.19238281}, "melbands_skewness": {"dmean": 1.03677141666, "dmean2": 1.60217404366, "dvar": 1.7474527359, "dvar2": 4.29683732986, "max": 17.6994991302, "mean": 3.61005520821, "median": 3.21615123749, "min": -1.22814452648, "var": 4.7557387352}, "melbands_spread": {"dmean": 7.15973472595, "dmean2": 10.6341581345, "dvar": 79.6291809082, "dvar2": 169.764312744, "max": 188.449401855, "mean": 19.4570636749, "median": 14.728729248, "min": 0.69396597147, "var": 280.288238525}, "pitch_salience": {"dmean": 0.0708887204528, "dmean2": 0.11647619307, "dvar": 0.00434561865404, "dvar2": 0.0112702818587, "max": 0.843473672867, "mean": 0.46990647912, "median": 0.468685626984, "min": 0.0833741277456, "var": 0.0109315458685}, "silence_rate_20dB": {"dmean": 0, "dmean2": 0, "dvar": 0, "dvar2": 0, "max": 1, "mean": 1, "median": 1, "min": 1, "var": 0}, "silence_rate_30dB": {"dmean": 0.0444107986987, "dmean2": 0.0888328105211, "dvar": 0.0424405746162, "dvar2": 0.0963327437639, "max": 1, "mean": 0.963037729263, "median": 1, "min": 0, "var": 0.0355998501182}, "silence_rate_60dB": {"dmean": 0.0264950785786, "dmean2": 0.0529968440533, "dvar": 0.0257929414511, "dvar2": 0.057506095618, "max": 1, "mean": 0.0701400265098, "median": 0, "min": 0, "var": 0.0652173832059}, "spectral_centroid": {"dmean": 278.714691162, "dmean2": 418.797393799, "dvar": 90136.03125, "dvar2": 186593.921875, "max": 10788.1064453, "mean": 1229.21069336, "median": 1173.49743652, "min": 173.685302734, "var": 354426.75}, "spectral_complexity": {"dmean": 3.19000768661, "dmean2": 4.73009443283, "dvar": 15.2282171249, "dvar2": 27.3154335022, "max": 43, "mean": 14.505487442, "median": 15, "min": 0, "var": 54.0788497925}, "spectral_decrease": {"dmean": 4.61001237184e-09, "dmean2": 8.0442204009e-09, "dvar": 9.87707385041e-17, "dvar2": 2.75722829798e-16, "max": 2.41898113396e-20, "mean": -8.89664963921e-09, "median": -7.39891437007e-09, "min": -9.47736182866e-08, "var": 8.02491719723e-17}, "spectral_energy": {"dmean": 0.0177799295634, "dmean2": 0.0309174712747, "dvar": 0.00144005659968, "dvar2": 0.00401175860316, "max": 0.36130553484, "mean": 0.0349918492138, "median": 0.0293087884784, "min": 1.11912972845e-20, "var": 0.00119347183499}, "spectral_energyband_high": {"dmean": 0.000152880194946, "dmean2": 0.00021737611678, "dvar": 1.48870995531e-07, "dvar2": 3.47425981317e-07, "max": 0.00606185523793, "mean": 0.000204693598789, "median": 5.95880737819e-05, "min": 8.15465263231e-21, "var": 1.79992497351e-07}, "spectral_energyband_low": {"dmean": 0.0136733567342, "dmean2": 0.0243771504611, "dvar": 0.00127633253578, "dvar2": 0.00361859775148, "max": 0.33952742815, "mean": 0.019240995869, "median": 0.0125963715836, "min": 4.01852403106e-23, "var": 0.00088188610971}, "spectral_energyband_middle_high": {"dmean": 0.00177758280188, "dmean2": 0.00245937425643, "dvar": 7.96233689471e-06, "dvar2": 1.4327531062e-05, "max": 0.0480291470885, "mean": 0.00455495435745, "median": 0.00271581346169, "min": 1.65709136541e-21, "var": 2.66226597887e-05}, "spectral_energyband_middle_low": {"dmean": 0.00550118042156, "dmean2": 0.00915499124676, "dvar": 0.000130080807139, "dvar2": 0.000343857653206, "max": 0.154864832759, "mean": 0.0120645845309, "median": 0.00808654911816, "min": 3.29727702511e-22, "var": 0.000176792396815}, "spectral_entropy": {"dmean": 0.217823714018, "dmean2": 0.298118650913, "dvar": 0.0439995080233, "dvar2": 0.0826613679528, "max": 9.81458377838, "mean": 7.04765367508, "median": 7.01574611664, "min": 5.40795516968, "var": 0.184753954411}, "spectral_flux": {"dmean": 0.0429394803941, "dmean2": 0.0684133693576, "dvar": 0.00403477065265, "dvar2": 0.00747736636549, "max": 0.487442106009, "mean": 0.0856897830963, "median": 0.0612435080111, "min": 1.0578892623e-10, "var": 0.005847487133}, "spectral_kurtosis": {"dmean": 3.21719264984, "dmean2": 5.56450080872, "dvar": 11.5793657303, "dvar2": 33.6435394287, "max": 42.6056251526, "mean": 7.70189571381, "median": 6.94390010834, "min": -1.23302471638, "var": 18.1719150543}, "spectral_rms": {"dmean": 0.00125845090952, "dmean2": 0.00207216083072, "dvar": 4.16971715822e-06, "dvar2": 1.09669754238e-05, "max": 0.0187748018652, "mean": 0.00530124315992, "median": 0.00534733012319, "min": 3.30429108554e-12, "var": 6.0351862885e-06}, "spectral_rolloff": {"dmean": 407.810180664, "dmean2": 688.545471191, "dvar": 425997.34375, "dvar2": 881466.25, "max": 18776.953125, "mean": 1059.18859863, "median": 645.99609375, "min": 21.533203125, "var": 1452078}, "spectral_skewness": {"dmean": 0.344838291407, "dmean2": 0.564524173737, "dvar": 0.111134894192, "dvar2": 0.293345034122, "max": 4.80049753189, "mean": 1.69710409641, "median": 1.68365740776, "min": 0.00232594250701, "var": 0.31088835001}, "spectral_spread": {"dmean": 533982.875, "dmean2": 729695.6875, "dvar": 523584241664, "dvar2": 821798764544, "max": 40885524, "mean": 3328199, "median": 2809714.5, "min": 1296239.25, "var": 2119676198910.0}, "spectral_strongpeak": {"dmean": 0.41419455409, "dmean2": 0.728492975235, "dvar": 1.15773797035, "dvar2": 2.61104559898, "max": 17.7215137482, "mean": 0.680281281471, "median": 0.313614338636, "min": 0, "var": 1.53673410416}, "zerocrossingrate": {"dmean": 0.00891153328121, "dmean2": 0.0101003060117, "dvar": 9.09538430278e-05, "dvar2": 0.000111894893053, "max": 0.51123046875, "mean": 0.0439390279353, "median": 0.03955078125, "min": 0, "var": 0.0010057031177}, "barkbands": {"dmean": [0.00149959127884, 0.00946517568082, 0.00319503736682, 0.00160777242854, 0.00317565398291, 0.000477188266814, 0.000657313212287, 0.000595108489506, 0.000278225255897, 0.000313923112117, 9.5288916782e-05, 0.000115284128697, 0.000167363396031, 0.000233900515013, 0.000576027843636, 0.000577664992306, 0.000358989724191, 0.000189135360415, 0.000232205362408, 8.65316396812e-05, 2.99429048027e-05, 2.27661530516e-05, 2.10231755773e-05, 1.68769583979e-05, 1.34328283821e-05, 1.55548877956e-05, 1.37470551635e-05], "dmean2": [0.00253552314825, 0.0169659461826, 0.00580179458484, 0.00279687042348, 0.00541178602725, 0.000782084302045, 0.00100317597389, 0.000895619567018, 0.000439757975983, 0.000438130868133, 0.000152803724632, 0.000174119792064, 0.000245916133281, 0.000341967330314, 0.000867533206474, 0.000845515693072, 0.000533967046067, 0.000284849287709, 0.000350651389454, 0.000131438835524, 4.61768177047e-05, 3.49772417394e-05, 3.27332891175e-05, 2.62770736299e-05, 1.99130590772e-05, 2.14372885239e-05, 1.92280676856e-05], "dvar": [8.95737230167e-06, 0.000650692963973, 7.86440868978e-05, 9.08968831936e-06, 4.8578127462e-05, 1.52852089741e-06, 6.99133761373e-06, 7.72867315391e-06, 1.12567363431e-06, 1.86557883808e-06, 1.1584607762e-07, 1.140261503e-07, 1.42783250112e-07, 2.12195786276e-07, 9.99973622129e-07, 1.4317786281e-06, 6.02010970852e-07, 4.34307253272e-07, 1.89155173302e-07, 3.05740535111e-08, 6.25177998259e-09, 7.7420958533e-09, 6.40154995679e-09, 6.91092649774e-09, 2.95224955593e-09, 1.76076819791e-09, 1.68436165016e-09], "dvar2": [2.12061258935e-05, 0.00185078615323, 0.000228606790188, 2.47747611866e-05, 0.000139252952067, 4.00257658839e-06, 1.43068473335e-05, 1.59292594617e-05, 2.46858849096e-06, 3.52059100805e-06, 2.69884793624e-07, 2.24605756216e-07, 2.81979680494e-07, 4.29839332128e-07, 2.26392967306e-06, 2.82438895738e-06, 1.32817547183e-06, 8.514689398e-07, 4.20883566221e-07, 6.48800124736e-08, 1.63062985337e-08, 1.83904926843e-08, 1.55894870346e-08, 1.52778092399e-08, 6.66191901644e-09, 3.58762486385e-09, 3.38167827074e-09], "max": [0.0230174120516, 0.243371993303, 0.085322022438, 0.0417965315282, 0.107783474028, 0.0290125329047, 0.0696815699339, 0.0648220703006, 0.0304641742259, 0.0550809204578, 0.0142792705446, 0.0119046131149, 0.00839526206255, 0.0126265063882, 0.0185252688825, 0.0324827991426, 0.0131518291309, 0.0250898357481, 0.011285988614, 0.00448227673769, 0.0013142231619, 0.0024376839865, 0.00175065780059, 0.00299826194532, 0.00191712810192, 0.000812784477603, 0.000863319437485], "mean": [0.00236244034022, 0.0126198735088, 0.00346324825659, 0.00221949000843, 0.00621011340991, 0.000797204906121, 0.000926174456254, 0.000871337368153, 0.000435724970885, 0.000656396907289, 0.00012760674872, 0.00019230673206, 0.000293954944937, 0.000405553524615, 0.000959539087489, 0.000931193004362, 0.000566498667467, 0.000276019301964, 0.000382318568882, 0.000132951434352, 4.39071554865e-05, 2.68964231509e-05, 2.32572583627e-05, 1.79763846972e-05, 1.49191710079e-05, 1.86439792742e-05, 1.63211880135e-05], "median": [0.000537730695214, 0.007683317177, 0.00161551916972, 0.0011660924647, 0.0037883115001, 0.000370781199308, 0.000121560478874, 0.0001309869549, 0.0001302290475, 0.000108546824777, 4.46587619081e-05, 5.14857892995e-05, 8.05144372862e-05, 0.000152270687977, 0.000406809034757, 0.000337351928465, 0.000182776188012, 8.4215462266e-05, 0.000177407753654, 5.20529101777e-05, 1.70120038092e-05, 5.74950581722e-06, 2.61617606157e-06, 1.13359988063e-06, 7.02853071743e-07, 5.29657370407e-07, 2.39332223373e-07], "min": [4.53049010427e-24, 9.27345358246e-24, 2.65010279599e-23, 1.70158026953e-24, 6.77235888064e-23, 2.40208966055e-23, 2.28355273881e-23, 9.79909384949e-23, 8.40479103475e-23, 1.32878760101e-22, 2.81837787112e-23, 6.21603839306e-23, 1.91006764763e-22, 1.21835616196e-22, 1.25905456891e-22, 1.46783070955e-22, 1.81023155717e-22, 2.10808334688e-22, 3.38850039532e-22, 2.12412751551e-22, 4.19477682497e-22, 4.93266065497e-22, 6.49468451206e-22, 7.32681437482e-22, 1.49117046579e-21, 1.64027926278e-21, 2.82958211936e-21], "var": [1.27719940792e-05, 0.000456315116026, 5.09874844283e-05, 1.0450332411e-05, 5.8199337218e-05, 1.87116836514e-06, 1.0451192793e-05, 1.34599804369e-05, 1.52193615577e-06, 4.59420880361e-06, 1.38036782005e-07, 2.57474169985e-07, 3.87865185303e-07, 5.10273594045e-07, 2.02252022063e-06, 3.01822365145e-06, 1.26820168589e-06, 8.76697356489e-07, 3.58433510428e-07, 5.60627491097e-08, 6.82691014831e-09, 7.62279128708e-09, 6.16834361367e-09, 7.08727077026e-09, 3.11733083791e-09, 2.63036836756e-09, 2.456020054e-09]}, "erbbands": {"dmean": [0.362944304943, 1.83170056343, 3.78665137291, 4.28253412247, 7.93382501602, 12.0834503174, 8.74489879608, 2.85198783875, 5.66679048538, 16.7110385895, 7.51530075073, 6.08495092392, 13.7919740677, 2.03549051285, 4.01091432571, 5.6815495491, 7.93352031708, 12.5703554153, 18.656993866, 35.5166816711, 31.3541603088, 14.0614032745, 11.365272522, 5.58811092377, 13.8897829056, 5.38254165649, 1.08830320835, 1.33938157558, 0.96035349369, 0.645114123821, 0.545505166054, 0.462331622839, 0.23703327775, 0.150062978268, 0.0896190553904, 0.0564794465899, 0.0295229703188, 0.0117448987439, 0.00251728575677, 0.000147041122545], "dmean2": [0.6296916008, 3.33259367943, 6.9009103775, 7.58442687988, 13.9145812988, 20.3128490448, 14.4767503738, 4.6001291275, 8.60259246826, 25.7025337219, 11.2566833496, 9.39402294159, 19.6627998352, 3.02436637878, 6.39934396744, 8.43230724335, 11.4549446106, 18.6143989563, 28.4971828461, 53.2495384216, 45.097568512, 20.3932056427, 16.7876110077, 8.42418956757, 21.0781059265, 8.19754981995, 1.65201759338, 2.08040523529, 1.49188494682, 0.986013650894, 0.854390382767, 0.730778813362, 0.364760458469, 0.223660722375, 0.13342563808, 0.0817724987864, 0.0404533259571, 0.0165310800076, 0.00351771898568, 0.000212776096305], "dvar": [0.740667581558, 28.5297985077, 120.020431519, 71.6280288696, 343.426696777, 647.345092773, 379.996002197, 51.4106178284, 731.991577148, 4942.23388672, 1254.99108887, 522.045288086, 3433.76782227, 105.259292603, 168.118255615, 198.653564453, 308.529022217, 669.933898926, 1349.91552734, 5209.68896484, 3921.24755859, 689.150817871, 1506.2623291, 151.408721924, 799.443786621, 120.891433716, 7.74374103546, 11.8521118164, 19.6004829407, 4.68876361847, 4.59717750549, 7.5569190979, 0.857359826565, 0.444446802139, 0.0871710702777, 0.0211653374135, 0.00654608476907, 0.00112232321408, 6.56724878354e-05, 2.53638518188e-07], "dvar2": [2.0383143425, 82.6478042603, 349.635406494, 202.967285156, 972.133850098, 1838.6829834, 1020.99603271, 130.538330078, 1479.22814941, 10104.765625, 2655.06713867, 1117.35839844, 6611.01806641, 222.543289185, 416.337432861, 385.06942749, 555.44329834, 1383.83874512, 3271.84130859, 11441.7509766, 7900.89404297, 1395.45983887, 2924.85839844, 349.046966553, 1768.50915527, 254.719161987, 19.6730995178, 30.5541000366, 45.6406898499, 11.2375631332, 11.166592598, 16.5378704071, 1.95784771442, 1.00768876076, 0.209147319198, 0.0496742390096, 0.0129457870498, 0.0021837586537, 0.000130882064695, 5.57635132736e-07], "max": [9.3979845047, 56.1666030884, 102.407752991, 98.4771575928, 275.62008667, 350.691619873, 330.371276855, 149.11605835, 732.420959473, 1793.14770508, 825.62902832, 588.164123535, 2389.73266602, 664.263977051, 448.164276123, 451.150512695, 418.84677124, 783.970092773, 668.116882324, 1296.81054688, 1335.57824707, 458.0128479, 1572.94372559, 321.348083496, 794.25213623, 305.813690186, 59.2268676758, 47.08984375, 145.765487671, 54.010017395, 58.2329063416, 118.064292908, 24.9883022308, 24.0513134003, 6.69847679138, 2.41472244263, 1.67876887321, 0.669311523438, 0.170589536428, 0.0152176171541], "mean": [0.536657631397, 2.1320297718, 4.17977285385, 5.869805336, 11.9720439911, 24.3325023651, 16.1614284515, 5.22469854355, 7.62268543243, 26.8124637604, 10.4214639664, 10.3881015778, 29.4582538605, 3.9354364872, 5.90479755402, 10.4110841751, 15.155087471, 22.5715808868, 30.8869285583, 61.2610740662, 54.1442337036, 24.8703136444, 17.9686145782, 10.1446208954, 21.8635025024, 8.49212265015, 1.7043838501, 1.90093910694, 1.11847960949, 0.765765309334, 0.588865578175, 0.473904043436, 0.261752068996, 0.163217112422, 0.101105168462, 0.0666925981641, 0.0349680744112, 0.0139470444992, 0.00295413774438, 0.000191204555449], "median": [0.256273388863, 1.08463251591, 2.16293668747, 3.2620704174, 6.55646848679, 13.8919353485, 7.68248033524, 2.73134422302, 1.61793017387, 3.43578648567, 1.96303641796, 3.56718635559, 5.70729398727, 1.54892444611, 2.32886481285, 3.59122467041, 4.64080524445, 9.55580234528, 14.5052623749, 20.9381599426, 21.9286842346, 10.7019433975, 6.50771093369, 4.56132411957, 8.82517814636, 3.60083222389, 0.707714557648, 0.713672876358, 0.248363152146, 0.120859876275, 0.0639192536473, 0.0320256203413, 0.0160543508828, 0.00824459828436, 0.00442962208763, 0.00225290260278, 0.00094892072957, 0.000279503350612, 5.74222685827e-05, 4.51908272225e-05], "min": [2.05819919111e-22, 3.05600160746e-21, 2.79245414988e-20, 1.50450582491e-20, 8.96102464414e-20, 2.97652128784e-19, 2.67949985842e-19, 1.34812888108e-19, 1.75519945316e-19, 7.74942605907e-19, 2.85403264123e-18, 1.88365300257e-18, 3.93913912892e-18, 1.64952552725e-18, 2.30754811812e-18, 2.69585564898e-18, 7.20723460334e-18, 9.12737971261e-18, 4.63964075297e-18, 8.01191259451e-18, 8.85409412747e-18, 9.92461225108e-18, 8.46918548176e-18, 1.75210038998e-17, 1.52580114518e-17, 1.17965898061e-17, 1.50587634945e-17, 1.60435418661e-17, 1.50838915872e-17, 2.31562280711e-17, 1.41658997783e-17, 1.69682305293e-17, 1.23028640457e-17, 1.50947971364e-17, 1.10735214542e-17, 6.18800664079e-18, 3.43918103373e-18, 1.437145871e-18, 4.16225703708e-19, 3.9923355277e-20], "var": [0.670743405819, 18.2284851074, 75.6707305908, 64.5196456909, 316.499084473, 1045.79968262, 525.931152344, 64.8733139038, 862.940856934, 9066.06347656, 1598.44299316, 674.63885498, 7916.61328125, 143.282745361, 195.509094238, 509.016448975, 965.060180664, 1546.9699707, 2270.34570312, 11274.0849609, 8354.11523438, 1657.85827637, 3117.9309082, 255.826461792, 1482.94726562, 221.405059814, 8.94912719727, 13.1393709183, 19.0632534027, 4.86916017532, 4.38441038132, 7.60812711716, 0.912115156651, 0.45175164938, 0.092701382935, 0.0307572390884, 0.00957864802331, 0.00167058722582, 9.08531728783e-05, 3.04944251184e-07]}, "gfcc": {"mean": [-43.6064224243, 125.693595886, -120.197509766, 41.0613136292, -13.0803356171, -7.7035779953, -30.993680954, -2.78651618958, -14.6005172729, -2.23574972153, -17.6622161865, -7.48276424408, -4.3687376976], "cov": [[7844.85205078, -978.655151367, 755.825012207, -105.049667358, -13.510304451, 231.705215454, -131.692779541, 247.772201538, -124.433296204, 172.216964722, -83.6633605957, 119.584320068, -169.862304688], [-978.655151367, 2216.9140625, -1071.32910156, 322.855621338, 244.715576172, -415.481109619, 293.564575195, -270.818237305, 60.2199707031, -181.508712769, 175.498626709, -185.260681152, 216.771331787], [755.825012207, -1071.32910156, 1466.2253418, -143.785430908, -61.4215736389, 481.076934814, -109.715988159, 266.749145508, 67.702293396, 151.674606323, -66.8662414551, 127.266853333, -151.593322754], [-105.049667358, 322.855621338, -143.785430908, 394.68157959, 249.053115845, -5.1417798996, 106.116668701, -38.3838615417, 47.3852005005, 21.0370578766, 72.937171936, -0.239823311567, 82.6418609619], [-13.510304451, 244.715576172, -61.4215736389, 249.053115845, 398.519866943, 14.2489490509, 112.872200012, -8.90981960297, 20.5955200195, 38.8780860901, 69.1406326294, 23.780626297, 72.2155303955], [231.705215454, -415.481109619, 481.076934814, -5.1417798996, 14.2489490509, 317.467834473, -5.10073041916, 120.316871643, 30.4049777985, 45.635635376, -18.6029052734, 42.2804603577, -49.0693397522], [-131.692779541, 293.564575195, -109.715988159, 106.116668701, 112.872200012, -5.10073041916, 191.456253052, 11.0618000031, 48.6841850281, -5.58854293823, 32.5332527161, -14.359960556, 47.1113204956], [247.772201538, -270.818237305, 266.749145508, -38.3838615417, -8.90981960297, 120.316871643, 11.0618000031, 176.750442505, 48.5442733765, 44.6307449341, -23.4194011688, 25.2406463623, -28.8613395691], [-124.433296204, 60.2199707031, 67.702293396, 47.3852005005, 20.5955200195, 30.4049777985, 48.6841850281, 48.5442733765, 131.605575562, 43.1382865906, 24.2761821747, -1.43501472473, 3.76953101158], [172.216964722, -181.508712769, 151.674606323, 21.0370578766, 38.8780860901, 45.635635376, -5.58854293823, 44.6307449341, 43.1382865906, 119.304229736, 34.6540718079, 40.920539856, -17.7055511475], [-83.6633605957, 175.498626709, -66.8662414551, 72.937171936, 69.1406326294, -18.6029052734, 32.5332527161, -23.4194011688, 24.2761821747, 34.6540718079, 110.69657135, 21.238445282, 28.6566543579], [119.584320068, -185.260681152, 127.266853333, -0.239823311567, 23.780626297, 42.2804603577, -14.359960556, 25.2406463623, -1.43501472473, 40.920539856, 21.238445282, 96.5413665771, 10.3610897064], [-169.862304688, 216.771331787, -151.593322754, 82.6418609619, 72.2155303955, -49.0693397522, 47.1113204956, -28.8613395691, 3.76953101158, -17.7055511475, 28.6566543579, 10.3610897064, 104.936943054]], "icov": [[0.000148101404193, -1.40533365993e-05, -3.38704121532e-05, -5.71418822801e-05, 7.37003233553e-07, 4.13835150539e-05, 6.88443242325e-06, -0.00019807353965, 0.000290125783067, -0.000202043549507, 8.56250262586e-05, -7.80992195359e-05, 0.000165927849594], [-1.40533365993e-05, 0.00150539714377, 9.561884508e-05, -4.41133561253e-05, -0.000312068179483, 0.000862667686306, -0.00107427255716, 0.000765466946177, -0.000932523107622, 0.00173560972326, -0.00194314238615, 0.00190228491556, -0.000979487900622], [-3.38704121532e-05, 9.561884508e-05, 0.00192119297571, 0.000277928222204, -0.000136349597597, -0.00205414998345, 0.000572347722482, -0.000586752954405, -0.000583776563872, -0.00067455007229, 0.000566212984268, -0.00107629946433, 0.000877919548657], [-5.71418822801e-05, -4.41133561253e-05, 0.000277928222204, 0.00508943106979, -0.00245863921009, -0.000941729929764, -0.000314216013066, 0.00123291194905, -0.00144633615855, -0.000345900829416, -0.000688347150572, 0.000747710466385, -0.00176846166141], [7.37003233553e-07, -0.000312068179483, -0.000136349597597, -0.00245863921009, 0.00493660429493, -0.000314013654133, -0.00142112839967, -0.000345586362528, 0.00166769442149, -0.0016970547149, -0.000237638145336, -0.000740802439395, -0.000824205519166], [4.13835150539e-05, 0.000862667686306, -0.00205414998345, -0.000941729929764, -0.000314013654133, 0.00758971413597, -0.00126509997062, -0.00163733714726, -1.85741973837e-05, 0.00204817857593, -0.00138117442839, 0.000674234412145, 0.00059874705039], [6.88443242325e-06, -0.00107427255716, 0.000572347722482, -0.000314216013066, -0.00142112839967, -0.00126509997062, 0.00888181850314, -0.00192876404617, -0.00190767005552, 0.000277210812783, 0.000514181447215, -0.000266158109298, -0.000825795286801], [-0.00019807353965, 0.000765466946177, -0.000586752954405, 0.00123291194905, -0.000345586362528, -0.00163733714726, -0.00192876404617, 0.0106046888977, -0.00343436561525, -0.000719828647561, 0.00137007981539, 0.000279083877103, -0.000865483656526], [0.000290125783067, -0.000932523107622, -0.000583776563872, -0.00144633615855, 0.00166769442149, -1.85741973837e-05, -0.00190767005552, -0.00343436561525, 0.0125544825569, -0.00500884559005, -0.000362841354217, 0.00120402802713, 0.000131302585942], [-0.000202043549507, 0.00173560972326, -0.00067455007229, -0.000345900829416, -0.0016970547149, 0.00204817857593, 0.000277210812783, -0.000719828647561, -0.00500884559005, 0.0168706066906, -0.00628927629441, -0.00184904399794, 0.00211529131047], [8.56250262586e-05, -0.00194314238615, 0.000566212984268, -0.000688347150572, -0.000237638145336, -0.00138117442839, 0.000514181447215, 0.00137007981539, -0.000362841354217, -0.00628927629441, 0.0159853771329, -0.00508604105562, 0.000265025621047], [-7.80992195359e-05, 0.00190228491556, -0.00107629946433, 0.000747710466385, -0.000740802439395, 0.000674234412145, -0.000266158109298, 0.000279083877103, 0.00120402802713, -0.00184904399794, -0.00508604105562, 0.0178553424776, -0.00590766500682], [0.000165927849594, -0.000979487900622, 0.000877919548657, -0.00176846166141, -0.000824205519166, 0.00059874705039, -0.000825795286801, -0.000865483656526, 0.000131302585942, 0.00211529131047, 0.000265025621047, -0.00590766500682, 0.0163254607469]]}, "melbands": {"dmean": [0.00291356188245, 0.00213299691677, 0.000827306939755, 0.000716390437447, 0.000366830412531, 6.73435206409e-05, 9.84154830803e-05, 0.000177828827873, 4.98424305988e-05, 4.12964764109e-05, 6.79093209328e-05, 6.52576409266e-06, 1.39222311191e-05, 1.09898328446e-05, 2.00423382921e-05, 1.47426935655e-05, 2.577666055e-05, 2.76516639133e-05, 3.37872188538e-05, 5.20610592503e-05, 3.70929774363e-05, 1.83484062291e-05, 1.35910831887e-05, 7.07120852894e-06, 4.08362575399e-06, 1.20543900266e-05, 5.07156164531e-06, 3.35617232849e-06, 5.36389052286e-07, 7.02744785031e-07, 7.94549180227e-07, 6.1803149265e-07, 3.97120118123e-07, 3.82331450055e-07, 3.65172269312e-07, 2.53128206396e-07, 3.00411045373e-07, 1.51883838839e-07, 1.60092127999e-07, 1.22183877238e-07], "dmean2": [0.00512499827892, 0.0038957875222, 0.00146082637366, 0.00123120029457, 0.000606597226579, 0.000108772568638, 0.000149425293785, 0.000272156146821, 7.5103220297e-05, 6.47111737635e-05, 9.67906453297e-05, 9.90477838059e-06, 2.23555744014e-05, 1.63525910466e-05, 2.96607231576e-05, 2.19315061258e-05, 3.80982273782e-05, 4.20312753704e-05, 5.13331833645e-05, 7.76227170718e-05, 5.47464151168e-05, 2.71631943178e-05, 1.98206198547e-05, 1.08159538286e-05, 6.32465207673e-06, 1.84969849215e-05, 7.3217879617e-06, 5.27147130924e-06, 8.34967920582e-07, 1.08725885184e-06, 1.24579219118e-06, 9.98147925202e-07, 6.18123294771e-07, 6.06110802437e-07, 5.77130379043e-07, 4.17101091443e-07, 4.76163108942e-07, 2.35268274196e-07, 2.48936174785e-07, 1.83098151751e-07], "dvar": [5.34325336048e-05, 3.90613495256e-05, 2.52354629993e-06, 2.54813926404e-06, 5.89622629832e-07, 2.89251591568e-08, 1.91401852589e-07, 5.81601796057e-07, 6.06427121852e-08, 2.16831335109e-08, 8.32030053743e-08, 1.73444270057e-09, 2.48420350957e-09, 5.64255420166e-10, 2.28701191318e-09, 1.14115827898e-09, 2.66466493315e-09, 3.00882452287e-09, 3.80351661278e-09, 1.17065681593e-08, 5.71716896047e-09, 1.40185418829e-09, 1.97647320732e-09, 4.29966534599e-10, 9.74253663855e-11, 5.78519454564e-10, 1.09814150828e-10, 4.98304626728e-11, 2.56401562308e-12, 2.71044406537e-12, 4.01075613693e-12, 9.60143249629e-12, 1.50634051673e-12, 2.29770672974e-12, 2.35872345961e-12, 1.26498225957e-12, 3.84926682542e-12, 2.91532721358e-13, 9.43064094698e-13, 3.60400375992e-13], "dvar2": [0.000149178638821, 0.000113754242193, 7.03099976818e-06, 7.34238074074e-06, 1.58669990924e-06, 7.38273655543e-08, 3.92292378137e-07, 1.19159813039e-06, 1.29304709162e-07, 4.71425281034e-08, 1.60434709073e-07, 3.76034714478e-09, 5.80865933131e-09, 1.18153997697e-09, 4.36297442619e-09, 2.23815255218e-09, 5.59034418757e-09, 7.24416615583e-09, 8.55218384999e-09, 2.34748895878e-08, 1.21514220908e-08, 3.02320990464e-09, 3.65885099995e-09, 9.50068690386e-10, 2.30371235976e-10, 1.30633137641e-09, 2.10580733406e-10, 1.13450832062e-10, 6.81194120208e-12, 6.91385533894e-12, 1.02356595422e-11, 2.24794523274e-11, 3.58572373182e-12, 5.39048189765e-12, 5.3997570304e-12, 3.27812191454e-12, 8.42861110767e-12, 6.92544329176e-13, 1.99482878133e-12, 8.40074700342e-13], "max": [0.0742503330112, 0.0636166483164, 0.0176144670695, 0.0249910838902, 0.00905266962945, 0.00329976598732, 0.0111277000979, 0.0169509612024, 0.00594001123682, 0.00350523367524, 0.0116232335567, 0.00302906776778, 0.00211483379826, 0.000422742799856, 0.00162028020713, 0.00109993782826, 0.00132588425186, 0.000992227578536, 0.00119746208657, 0.00323308585212, 0.00176718086004, 0.000671463960316, 0.00177681620698, 0.000633337418549, 0.000260843022261, 0.000651932903565, 0.000282896391582, 0.000171130290255, 3.78546646971e-05, 2.19219273276e-05, 3.0242403227e-05, 9.12222312763e-05, 2.81796601485e-05, 5.10670797667e-05, 5.20392895851e-05, 2.82158034679e-05, 7.94258521637e-05, 2.00100457732e-05, 4.92577382829e-05, 3.09830065817e-05], "mean": [0.0041244244203, 0.0024161550682, 0.00117757346015, 0.00134132278617, 0.000734867993742, 0.000118069765449, 0.000131916487589, 0.000285044079646, 6.58276258036e-05, 7.16493887012e-05, 0.000144670673762, 1.1051742149e-05, 1.87653149624e-05, 1.87383448065e-05, 3.75706549676e-05, 2.54971018876e-05, 4.42496348114e-05, 4.45476835012e-05, 5.62071036256e-05, 8.93599863048e-05, 5.95513811277e-05, 2.89717918349e-05, 2.02013343369e-05, 1.06066172521e-05, 6.5837434704e-06, 1.86212928384e-05, 8.48665604281e-06, 4.82094446852e-06, 7.34826187454e-07, 1.03852448774e-06, 1.09477389287e-06, 6.67141023314e-07, 4.62003697521e-07, 4.33439026892e-07, 3.88134708373e-07, 2.48668015956e-07, 3.05463458972e-07, 1.70872624494e-07, 1.66657827094e-07, 1.31055628572e-07], "median": [0.00243984023109, 0.00129182811361, 0.000694791728165, 0.000806307420135, 0.000369378336472, 5.55945043743e-05, 2.29900506383e-05, 3.80394412787e-05, 1.34279034683e-05, 2.30118457694e-05, 2.70962445938e-05, 4.42985992777e-06, 6.71622092341e-06, 6.48185459795e-06, 1.07736923383e-05, 8.01295391284e-06, 1.552255344e-05, 1.90247264982e-05, 2.30469704547e-05, 3.24707616528e-05, 2.04124044103e-05, 1.03280599433e-05, 6.42541817797e-06, 3.55080669578e-06, 2.07892321669e-06, 7.45626357457e-06, 3.59330783795e-06, 1.85748751846e-06, 2.5626385991e-07, 3.98924839828e-07, 3.97939061259e-07, 1.25152965325e-07, 7.69237260556e-08, 5.66261775248e-08, 3.92442167652e-08, 2.12610142825e-08, 1.79448615967e-08, 1.13105631527e-08, 8.40524005952e-09, 6.07530870056e-09], "min": [2.81764904253e-24, 1.06357011921e-23, 3.63952614322e-24, 1.5472689396e-23, 9.89276619105e-24, 3.57718759348e-24, 2.76749208289e-24, 1.07684483386e-23, 2.39856250567e-23, 1.02637272429e-23, 2.08222486506e-23, 8.42487906216e-24, 5.264105897e-24, 8.38112173661e-24, 9.55950006872e-24, 1.85678877096e-23, 1.68229037214e-23, 5.81063385974e-24, 1.15587418153e-23, 1.00388750636e-23, 1.05697532093e-23, 1.15589634852e-23, 6.2016469669e-24, 9.80897654114e-24, 1.48136150424e-23, 1.29714993998e-23, 8.02489502878e-24, 7.29375270941e-24, 9.14978070291e-24, 1.04124322567e-23, 8.91020916802e-24, 8.77808679931e-24, 8.99949007869e-24, 1.40486929102e-23, 6.41620017262e-24, 1.27457305642e-23, 8.48538627131e-24, 7.73530813478e-24, 1.01497699742e-23, 1.37224452833e-23], "var": [4.20741816924e-05, 2.4095765184e-05, 2.32874185713e-06, 3.03008960145e-06, 9.61666614785e-07, 3.68975747733e-08, 2.32864067584e-07, 1.07031837615e-06, 7.15219456993e-08, 3.0627795411e-08, 1.92391027554e-07, 1.95359395327e-09, 2.91827295662e-09, 1.30005972654e-09, 6.46452669173e-09, 2.92515700551e-09, 6.15177198071e-09, 5.16228748637e-09, 7.86525689023e-09, 2.50797747015e-08, 1.15188774075e-08, 2.97866464827e-09, 4.24007273736e-09, 7.13604897395e-10, 1.55519985778e-10, 1.05567943276e-09, 2.30109820087e-10, 7.81847364628e-11, 2.43701369848e-12, 3.36652602496e-12, 4.52721063762e-12, 9.10327455778e-12, 1.60623153233e-12, 2.3044732355e-12, 2.39213640216e-12, 1.04834359509e-12, 3.82806937191e-12, 3.17813510968e-13, 9.85791743374e-13, 3.46148809486e-13]}, "mfcc": {"mean": [-691.047180176, 157.408889771, -27.6269111633, 51.06665802, 26.8241252899, 11.6383142471, -2.15495967865, -1.03590798378, 4.25961971283, 7.20267868042, -4.16121578217, -9.03229522705, -0.685484409332], "cov": [[5437.60058594, -299.135131836, 1.10224032402, 43.8974876404, 11.6335105896, 55.9602241516, 28.1320800781, 52.8782424927, -55.9317970276, 64.5376434326, 24.3042354584, 55.4520149231, 24.1740722656], [-299.135131836, 1255.44140625, -540.217285156, 313.363708496, -68.8203430176, -18.2000541687, 74.7044219971, -51.2790527344, -3.49145269394, -29.5741653442, -9.20703315735, -80.1991729736, -0.748856067657], [1.10224032402, -540.217285156, 1098.01977539, -331.202728271, 116.780380249, 84.6766738892, -36.3666572571, 140.793624878, 56.2674636841, 100.612991333, 70.4925003052, 106.640632629, 34.6425056458], [43.8974876404, 313.363708496, -331.202728271, 423.3309021, 104.230728149, 81.4172286987, 83.3862457275, -24.6376495361, 36.3480300903, -3.98830795288, 10.688492775, -12.7494659424, 40.019618988], [11.6335105896, -68.8203430176, 116.780380249, 104.230728149, 250.106338501, 111.15737915, 72.8662948608, 39.543132782, 30.9900798798, 39.2438468933, 16.2348690033, 36.1642341614, 46.4458618164], [55.9602241516, -18.2000541687, 84.6766738892, 81.4172286987, 111.15737915, 181.884017944, 77.4962844849, 41.5018348694, 21.9315166473, 22.7353401184, 26.1067562103, 20.6865253448, 35.9859313965], [28.1320800781, 74.7044219971, -36.3666572571, 83.3862457275, 72.8662948608, 77.4962844849, 148.605957031, 40.4865989685, 25.6253376007, 8.90694904327, 11.1744947433, 3.91163277626, 14.4092998505], [52.8782424927, -51.2790527344, 140.793624878, -24.6376495361, 39.543132782, 41.5018348694, 40.4865989685, 133.864929199, 53.2019920349, 40.2014465332, 21.2696914673, 16.0739860535, 0.172791779041], [-55.9317970276, -3.49145269394, 56.2674636841, 36.3480300903, 30.9900798798, 21.9315166473, 25.6253376007, 53.2019920349, 116.829185486, 49.7611083984, 21.4785461426, 1.38158476353, -3.14138269424], [64.5376434326, -29.5741653442, 100.612991333, -3.98830795288, 39.2438468933, 22.7353401184, 8.90694904327, 40.2014465332, 49.7611083984, 114.880783081, 42.5043563843, 11.7756614685, 8.65495586395], [24.3042354584, -9.20703315735, 70.4925003052, 10.688492775, 16.2348690033, 26.1067562103, 11.1744947433, 21.2696914673, 21.4785461426, 42.5043563843, 92.667137146, 44.4639816284, 19.0413627625], [55.4520149231, -80.1991729736, 106.640632629, -12.7494659424, 36.1642341614, 20.6865253448, 3.91163277626, 16.0739860535, 1.38158476353, 11.7756614685, 44.4639816284, 102.132652283, 43.1056785583], [24.1740722656, -0.748856067657, 34.6425056458, 40.019618988, 46.4458618164, 35.9859313965, 14.4092998505, 0.172791779041, -3.14138269424, 8.65495586395, 19.0413627625, 43.1056785583, 99.5306549072]], "icov": [[0.000196379070985, 7.49101818656e-05, 2.6321507903e-05, -0.000103371537989, 0.000103352584119, -3.88812659367e-05, -3.80451201636e-05, -0.000132687069708, 0.000246531970333, -0.000217753899051, 6.74252660247e-05, -0.000109842163511, 1.82247822522e-05], [7.49101818656e-05, 0.00120756938122, 0.000256129482295, -0.000779729976784, 0.000570180010982, 0.000233595361351, -0.000490841164719, -0.000155376968905, 0.000297272694297, -0.000196800770937, -0.000283078290522, 0.000577201251872, -0.000233269733144], [2.6321507903e-05, 0.000256129482295, 0.00201621977612, 0.0016326647019, -0.000924522231799, -0.00090050639119, 0.000822492816951, -0.000934533716645, -0.000544898910448, -0.000398047472117, -0.000462202180643, -0.000702646619175, -0.000312988267979], [-0.000103371537989, -0.000779729976784, 0.0016326647019, 0.00552983768284, -0.00232952856459, -0.00152083998546, -0.000102489051642, 0.00104272982571, -0.00231595337391, 0.00081226968905, -0.00105676206294, 0.000304670538753, -0.00119601807091], [0.000103352584119, 0.000570180010982, -0.000924522231799, -0.00232952856459, 0.00748921278864, -0.0020886354614, -0.00179967144504, -7.85437878221e-05, 0.000507881049998, -0.00197038264014, 0.0021673894953, -0.00144982431084, -0.000840726774186], [-3.88812659367e-05, 0.000233595361351, -0.00090050639119, -0.00152083998546, -0.0020886354614, 0.00970198120922, -0.00319238868542, -0.00100737868343, 0.000851570628583, 0.000387014297303, -0.0015246537514, 0.00119410408661, -0.00136534601916], [-3.80451201636e-05, -0.000490841164719, 0.000822492816951, -0.000102489051642, -0.00179967144504, -0.00319238868542, 0.0106086265296, -0.00268039829098, -0.000771540333517, 0.00101883651223, -0.000467525765998, 9.20165039133e-05, 0.000159984338097], [-0.000132687069708, -0.000155376968905, -0.000934533716645, 0.00104272982571, -7.85437878221e-05, -0.00100737868343, -0.00268039829098, 0.011784767732, -0.00403163209558, -0.0010961741209, 0.000121539364045, -0.000747309997678, 0.000974006252363], [0.000246531970333, 0.000297272694297, -0.000544898910448, -0.00231595337391, 0.000507881049998, 0.000851570628583, -0.000771540333517, -0.00403163209558, 0.0133131081238, -0.0043448577635, -0.000310994451866, 0.000632206036244, 0.00122072768863], [-0.000217753899051, -0.000196800770937, -0.000398047472117, 0.00081226968905, -0.00197038264014, 0.000387014297303, 0.00101883651223, -0.0010961741209, -0.0043448577635, 0.0138873299584, -0.00581518048421, 0.00258305110037, -0.000853619363625], [6.74252660247e-05, -0.000283078290522, -0.000462202180643, -0.00105676206294, 0.0021673894953, -0.0015246537514, -0.000467525765998, 0.000121539364045, -0.000310994451866, -0.00581518048421, 0.0175548847765, -0.00758861703798, 0.000598543148953], [-0.000109842163511, 0.000577201251872, -0.000702646619175, 0.000304670538753, -0.00144982431084, 0.00119410408661, 9.20165039133e-05, -0.000747309997678, 0.000632206036244, 0.00258305110037, -0.00758861703798, 0.0168493762612, -0.00566428061575], [1.82247822522e-05, -0.000233269733144, -0.000312988267979, -0.00119601807091, -0.000840726774186, -0.00136534601916, 0.000159984338097, 0.000974006252363, 0.00122072768863, -0.000853619363625, 0.000598543148953, -0.00566428061575, 0.0139433220029]]}, "spectral_contrast_coeffs": {"dmean": [0.0541259981692, 0.0448770485818, 0.0391191057861, 0.0382712557912, 0.0290784537792, 0.0228053443134], "dmean2": [0.0871819928288, 0.0717846378684, 0.0603957921267, 0.0575509928167, 0.0433037169278, 0.035735975951], "dvar": [0.00267158681527, 0.00164256780408, 0.00110341387335, 0.00100791081786, 0.000659651122987, 0.000605056702625], "dvar2": [0.0060795834288, 0.00380439683795, 0.00246479432099, 0.0022210017778, 0.00123443442862, 0.00124797306489], "max": [-0.267567932606, -0.365267515182, -0.449916362762, -0.499559640884, -0.502093076706, -0.579459309578], "mean": [-0.636224746704, -0.712373256683, -0.727217018604, -0.715732872486, -0.722496747971, -0.733015060425], "median": [-0.653096020222, -0.720433354378, -0.734351277351, -0.716731309891, -0.721114993095, -0.740230858326], "min": [-0.96717107296, -0.959009170532, -0.961665868759, -0.960318922997, -0.96313470602, -0.959778904915], "var": [0.0108939511701, 0.00662326253951, 0.00538303516805, 0.00399561226368, 0.00338939204812, 0.00229962007143]}, "spectral_contrast_valleys": {"dmean": [0.489622473717, 0.409011751413, 0.391146957874, 0.391073286533, 0.401834994555, 0.508404374123], "dmean2": [0.757127225399, 0.663649022579, 0.595752358437, 0.57427740097, 0.554965674877, 0.61540466547], "dvar": [0.329115390778, 0.191395550966, 0.174613401294, 0.169444680214, 0.203261464834, 0.426300317049], "dvar2": [0.662593364716, 0.409566640854, 0.338944941759, 0.299479365349, 0.340854823589, 0.786438703537], "max