{"lowlevel": {"average_loudness": 0.375829935074, "barkbands_crest": {"dmean": 1.78699564934, "dmean2": 2.76176357269, "dvar": 3.63381671906, "dvar2": 8.36247253418, "max": 26.0654697418, "mean": 13.9606275558, "median": 12.9319820404, "min": 3.6481795311, "var": 28.3233165741}, "barkbands_flatness_db": {"dmean": 0.0198708958924, "dmean2": 0.0314256586134, "dvar": 0.000447495520348, "dvar2": 0.00102701364085, "max": 0.570754349232, "mean": 0.354088395834, "median": 0.356391370296, "min": 0.0514835864305, "var": 0.00422672554851}, "barkbands_kurtosis": {"dmean": 2.37633728981, "dmean2": 3.60586500168, "dvar": 17.2888240814, "dvar2": 37.549041748, "max": 110.977493286, "mean": 6.35633039474, "median": 3.38670802116, "min": -1.546661973, "var": 93.1004638672}, "barkbands_skewness": {"dmean": 0.411966621876, "dmean2": 0.627928078175, "dvar": 0.225034937263, "dvar2": 0.524996161461, "max": 7.45535469055, "mean": 1.1362361908, "median": 1.09770536423, "min": -6.19734048843, "var": 1.98996019363}, "barkbands_spread": {"dmean": 0.985565900803, "dmean2": 1.49770224094, "dvar": 1.81138336658, "dvar2": 3.79227757454, "max": 48.8069496155, "mean": 5.23726940155, "median": 4.33653926849, "min": 0.160808384418, "var": 14.1260251999}, "dissonance": {"dmean": 0.0393842868507, "dmean2": 0.0669587627053, "dvar": 0.00179070769809, "dvar2": 0.00516067072749, "max": 0.500000119209, "mean": 0.373112738132, "median": 0.381717264652, "min": 0.0638232082129, "var": 0.00509430933744}, "dynamic_complexity": 8.34194374084, "erbbands_crest": {"dmean": 2.13872766495, "dmean2": 3.21084618568, "dvar": 5.24879169464, "dvar2": 11.8631010056, "max": 33.888923645, "mean": 15.9504423141, "median": 14.7446594238, "min": 2.73707389832, "var": 42.5730400085}, "erbbands_flatness_db": {"dmean": 0.0151767469943, "dmean2": 0.0231477804482, "dvar": 0.000326556648361, "dvar2": 0.000702957680915, "max": 0.58289295435, "mean": 0.376238763332, "median": 0.378005981445, "min": 0.0675309598446, "var": 0.0042711305432}, "erbbands_kurtosis": {"dmean": 1.60373818874, "dmean2": 2.29746079445, "dvar": 9.79229831696, "dvar2": 18.6783676147, "max": 102.563690186, "mean": 3.85230708122, "median": 1.32345724106, "min": -1.72026443481, "var": 60.0301094055}, "erbbands_skewness": {"dmean": 0.311394453049, "dmean2": 0.459794580936, "dvar": 0.130488395691, "dvar2": 0.2656031847, "max": 6.18387746811, "mean": 0.934104561806, "median": 0.821833014488, "min": -4.9935798645, "var": 1.18272686005}, "erbbands_spread": {"dmean": 1.89327549934, "dmean2": 2.83192753792, "dvar": 5.37744379044, "dvar2": 12.7877511978, "max": 64.6676101685, "mean": 11.8163576126, "median": 10.9936342239, "min": 0.371526390314, "var": 51.704460144}, "hfc": {"dmean": 1.6424574852, "dmean2": 2.28133797646, "dvar": 11.6974716187, "dvar2": 22.485742569, "max": 75.439201355, "mean": 6.94066238403, "median": 3.59267163277, "min": 1.08407266909e-16, "var": 83.3227996826}, "melbands_crest": {"dmean": 2.22700667381, "dmean2": 3.46108794212, "dvar": 5.60833024979, "dvar2": 13.30265522, "max": 33.5156669617, "mean": 17.6525192261, "median": 16.8465194702, "min": 1.64930975437, "var": 38.7820739746}, "melbands_flatness_db": {"dmean": 0.0220585428178, "dmean2": 0.0342886559665, "dvar": 0.000684455269948, "dvar2": 0.00145563506521, "max": 0.751337349415, "mean": 0.466931730509, "median": 0.472421586514, "min": 0.00358024588786, "var": 0.00726640969515}, "melbands_kurtosis": {"dmean": 2.77090764046, "dmean2": 4.19373703003, "dvar": 19.5501804352, "dvar2": 42.2273368835, "max": 110.827804565, "mean": 8.12002849579, "median": 4.42048549652, "min": -1.8879622221, "var": 124.167030334}, "melbands_skewness": {"dmean": 0.417427361012, "dmean2": 0.62716203928, "dvar": 0.209758162498, "dvar2": 0.485360831022, "max": 7.17690706253, "mean": 1.46647298336, "median": 1.3807336092, "min": -4.40325164795, "var": 2.24802613258}, "melbands_spread": {"dmean": 1.48950064182, "dmean2": 2.27179837227, "dvar": 17.0682754517, "dvar2": 35.3617210388, "max": 177.044281006, "mean": 7.8699889183, "median": 5.90084552765, "min": 0.35712787509, "var": 111.871612549}, "pitch_salience": {"dmean": 0.0509788952768, "dmean2": 0.0808783397079, "dvar": 0.00294221378863, "dvar2": 0.00749680493027, "max": 0.956049442291, "mean": 0.457024544477, "median": 0.460704833269, "min": 0.0645219385624, "var": 0.0147578148171}, "silence_rate_20dB": {"dmean": 0, "dmean2": 0, "dvar": 0, "dvar2": 0, "max": 1, "mean": 1, "median": 1, "min": 1, "var": 0}, "silence_rate_30dB": {"dmean": 0.00401673652232, "dmean2": 0.00803481787443, "dvar": 0.00400001462549, "dvar2": 0.00897486880422, "max": 1, "mean": 0.990294516087, "median": 1, "min": 0, "var": 0.00961227156222}, "silence_rate_60dB": {"dmean": 0.0284518823028, "dmean2": 0.0569132901728, "dvar": 0.0276419837028, "dvar2": 0.0593639276922, "max": 1, "mean": 0.332329303026, "median": 0, "min": 0, "var": 0.221885249019}, "spectral_centroid": {"dmean": 45.0059509277, "dmean2": 65.9958496094, "dvar": 44716.546875, "dvar2": 56815.0039062, "max": 11623.3515625, "mean": 547.091186523, "median": 471.071075439, "min": 163.362014771, "var": 613511.4375}, "spectral_complexity": {"dmean": 1.04167366028, "dmean2": 1.67994642258, "dvar": 1.79022943974, "dvar2": 3.76129460335, "max": 25, "mean": 7.42151927948, "median": 7, "min": 0, "var": 24.2599716187}, "spectral_decrease": {"dmean": 1.00207508957e-09, "dmean2": 1.46586898175e-09, "dvar": 3.76387237841e-18, "dvar2": 8.0479015686e-18, "max": 1.98233212689e-28, "mean": -4.13967971014e-09, "median": -2.07948769315e-09, "min": -5.25256140804e-08, "var": 3.11133134802e-17}, "spectral_energy": {"dmean": 0.00392436748371, "dmean2": 0.00573092559353, "dvar": 5.76325583097e-05, "dvar2": 0.000122715951875, "max": 0.203886657953, "mean": 0.0162536557764, "median": 0.00822030566633, "min": 1.00403538181e-20, "var": 0.000476207322208}, "spectral_energyband_high": {"dmean": 2.05399555853e-06, "dmean2": 2.95314248433e-06, "dvar": 1.15996955097e-10, "dvar2": 2.77651984737e-10, "max": 0.000456972280517, "mean": 2.63480478679e-06, "median": 5.97644955747e-08, "min": 7.23405634829e-21, "var": 1.44986717077e-10}, "spectral_energyband_low": {"dmean": 0.000764957338106, "dmean2": 0.0011200227309, "dvar": 6.36080403638e-06, "dvar2": 1.11900471893e-05, "max": 0.0987858846784, "mean": 0.00227084080689, "median": 0.000307170586893, "min": 1.02490007875e-23, "var": 3.50236114173e-05}, "spectral_energyband_middle_high": {"dmean": 0.000377845572075, "dmean2": 0.000523609691299, "dvar": 1.37547033319e-06, "dvar2": 2.70706914307e-06, "max": 0.0376974493265, "mean": 0.00117262464482, "median": 0.000464565004222, "min": 1.33082707782e-21, "var": 3.89522847399e-06}, "spectral_energyband_middle_low": {"dmean": 0.00344212166965, "dmean2": 0.00511615164578, "dvar": 4.83926523884e-05, "dvar2": 0.000108797990833, "max": 0.197366118431, "mean": 0.0132802771404, "median": 0.00612531788647, "min": 1.82957291195e-22, "var": 0.000369903602405}, "spectral_entropy": {"dmean": 0.156037673354, "dmean2": 0.241327881813, "dvar": 0.0426111929119, "dvar2": 0.0982903167605, "max": 9.81849956512, "mean": 5.58887720108, "median": 5.58590936661, "min": 3.47214341164, "var": 0.3785841465}, "spectral_flux": {"dmean": 0.0126762101427, "dmean2": 0.0207579694688, "dvar": 0.000440420379164, "dvar2": 0.00111118820496, "max": 0.268750816584, "mean": 0.0300906412303, "median": 0.0217926390469, "min": 6.42293787601e-11, "var": 0.000898567086551}, "spectral_kurtosis": {"dmean": 29.7742710114, "dmean2": 51.7785072327, "dvar": 904.282775879, "dvar2": 2566.96411133, "max": 450.59854126, "mean": 95.8532180786, "median": 83.5526275635, "min": -1.24552798271, "var": 4345.30224609}, "spectral_rms": {"dmean": 0.000402349454816, "dmean2": 0.000576352060307, "dvar": 3.56237080723e-07, "dvar2": 6.82738402702e-07, "max": 0.0141036808491, "mean": 0.00318119674921, "median": 0.002831927035, "min": 3.1297711818e-12, "var": 5.73717397856e-06}, "spectral_rolloff": {"dmean": 71.532623291, "dmean2": 122.006652832, "dvar": 243003.765625, "dvar2": 369756.65625, "max": 19745.9472656, "mean": 684.413696289, "median": 538.330078125, "min": 107.666015625, "var": 1941729}, "spectral_skewness": {"dmean": 1.564712286, "dmean2": 2.74983501434, "dvar": 1.87594294548, "dvar2": 5.23455953598, "max": 17.4519443512, "mean": 6.69333934784, "median": 6.41412687302, "min": -0.0716028213501, "var": 9.38380908966}, "spectral_spread": {"dmean": 329813.6875, "dmean2": 575275.3125, "dvar": 604184707072, "dvar2": 937609723904, "max": 42117776, "mean": 1319851.25, "median": 1004381.6875, "min": 223314.515625, "var": 8638365171710.0}, "spectral_strongpeak": {"dmean": 0.270063012838, "dmean2": 0.432042866945, "dvar": 0.228330671787, "dvar2": 0.516420543194, "max": 7.96677875519, "mean": 1.010212183, "median": 0.69477212429, "min": 0, "var": 1.08603048325}, "zerocrossingrate": {"dmean": 0.0023101628758, "dmean2": 0.00301240268163, "dvar": 0.000150578271132, "dvar2": 0.000226629854296, "max": 0.5244140625, "mean": 0.0252340734005, "median": 0.0224609375, "min": 0.00390625, "var": 0.00137258274481}, "barkbands": {"dmean": [6.62246566208e-06, 0.000152493827045, 0.000520458794199, 0.000262842571829, 0.00144139840268, 0.000889348040801, 0.000567009614315, 0.000906131986994, 0.000414373731473, 0.000121638186101, 7.68068566686e-05, 0.00013960164506, 8.59768406372e-05, 3.9930386265e-05, 2.95698737318e-05, 1.73990920302e-05, 1.41434984471e-05, 5.66348580833e-06, 5.46139835933e-06, 1.31321485242e-06, 9.00858822206e-07, 3.91175973391e-07, 1.05195759659e-07, 4.72340602187e-08, 6.54609433326e-09, 1.26811916523e-09, 7.32575833329e-10], "dmean2": [1.181116113e-05, 0.000219174326048, 0.000752621388528, 0.000444949284429, 0.002323577879, 0.00125305075198, 0.000899152830243, 0.00123385491315, 0.000575069570914, 0.00017198047135, 0.000117545780085, 0.000193356550881, 0.000119225522212, 5.71229720663e-05, 4.13157067669e-05, 2.58177879005e-05, 2.28961398534e-05, 8.36570779938e-06, 7.50342360334e-06, 1.98060797629e-06, 1.27042528675e-06, 5.68042253235e-07, 1.64609147646e-07, 7.62113927522e-08, 1.11239772949e-08, 2.27353980087e-09, 1.33864408447e-09], "dvar": [1.48637935293e-10, 4.5866408982e-07, 2.93162588605e-06, 7.19550200756e-07, 2.12539634958e-05, 7.48412958274e-06, 5.43780424778e-06, 9.09877780941e-06, 2.84642783299e-06, 1.68729030747e-07, 4.26658544939e-07, 3.0125761441e-07, 1.50208180116e-07, 1.30837065626e-08, 6.71013467013e-09, 2.81674550351e-09, 2.30352426023e-09, 1.36499866965e-09, 5.56637236304e-10, 3.36977321047e-11, 2.98023758449e-11, 6.11523462077e-12, 6.95663307775e-13, 1.81487203738e-13, 3.19095395384e-15, 9.56238655213e-17, 2.48750994578e-18], "dvar2": [4.57976184753e-10, 6.73751571867e-07, 4.77090134154e-06, 2.18057607526e-06, 5.6210825278e-05, 1.50175228555e-05, 1.27824650917e-05, 1.59273349709e-05, 5.69490794078e-06, 3.5228725892e-07, 9.71011900219e-07, 5.90718514104e-07, 2.55310055763e-07, 2.55231036306e-08, 1.23005472474e-08, 5.70489033791e-09, 5.9257345697e-09, 2.84098566894e-09, 9.76955516485e-10, 8.22327483885e-11, 6.26721036179e-11, 1.4266393622e-11, 1.71273249489e-12, 4.27688077011e-13, 8.71540575034e-15, 2.62601045365e-16, 7.68318771036e-18], "max": [0.000268230534857, 0.0296893753111, 0.0692722946405, 0.0207652058452, 0.169597193599, 0.103317275643, 0.0929258093238, 0.11231392622, 0.0398541986942, 0.0186317935586, 0.0301011539996, 0.0250085238367, 0.0205778758973, 0.00259942631237, 0.00258846301585, 0.00114866404328, 0.000783961324487, 0.00118536199443, 0.000685776001774, 0.000193903193576, 0.000131721360958, 0.00010122587264, 3.20475519402e-05, 1.18749467219e-05, 1.86089573617e-06, 5.14885812208e-07, 4.62636258192e-08], "mean": [7.17983675713e-06, 0.000379808305297, 0.00151673855726, 0.000541846093256, 0.00390298268758, 0.00282488833182, 0.00126661290415, 0.00346831139177, 0.00108177831862, 0.000331544142682, 0.000145476718899, 0.000310079980409, 0.000226346790441, 9.29205489228e-05, 6.96351053193e-05, 3.77874384867e-05, 2.63943602477e-05, 8.45114482217e-06, 1.11799554361e-05, 1.935939963e-06, 1.16332569178e-06, 4.55908633512e-07, 1.03710085853e-07, 4.20506225396e-08, 5.74394976027e-09, 1.34538491459e-09, 1.15701914716e-09], "median": [2.67616132987e-06, 3.02018379443e-05, 0.000131290056743, 8.78115606611e-05, 0.000488782592583, 0.000428896513768, 0.000212094193557, 0.000549137941562, 7.40339019103e-05, 4.94856067235e-05, 3.97691073886e-05, 5.84179942962e-05, 3.82889556931e-05, 1.43573824971e-05, 1.3149001461e-05, 6.73934300721e-06, 2.94837764159e-06, 6.75377066273e-07, 5.61296587875e-07, 8.64750688834e-08, 1.3811202848e-08, 3.25593130235e-09, 8.20068790652e-10, 4.94340512969e-10, 4.87316964559e-10, 4.7230019895e-10, 7.35332350565e-10], "min": [4.24151434327e-26, 4.47439617745e-24, 8.23629505884e-25, 2.03341756753e-24, 1.0996583757e-23, 1.49441494341e-23, 1.53340029157e-23, 1.12420323056e-23, 1.8462936077e-23, 8.9315983426e-24, 8.72275688428e-24, 2.57300284433e-23, 3.51121736478e-23, 4.57920344845e-23, 4.71329118522e-23, 6.43514293176e-23, 1.000922052e-22, 1.16203666825e-22, 1.39234404155e-22, 1.72486544763e-22, 3.1613930205e-22, 3.22410001562e-22, 4.52625718709e-22, 5.97899667198e-22, 9.91103131868e-22, 1.37174727459e-21, 2.04720678674e-21], "var": [2.15673423565e-10, 2.49552340392e-06, 1.72537838807e-05, 1.31180740937e-06, 0.000134713234729, 4.8056786909e-05, 1.23348263514e-05, 8.1899415818e-05, 8.61102216732e-06, 7.64424385125e-07, 5.19024922596e-07, 6.59967554384e-07, 4.41591566869e-07, 4.83897544257e-08, 2.34770531904e-08, 8.36590441367e-09, 4.35862590464e-09, 1.85094117811e-09, 1.46388356992e-09, 4.23443224928e-11, 4.29249517875e-11, 7.19915880382e-12, 6.431046559e-13, 1.6980401731e-13, 2.38336203698e-15, 6.63600749511e-17, 2.19020220847e-18]}, "erbbands": {"dmean": [0.000934430223424, 0.0506600439548, 0.481083542109, 0.832456946373, 1.73966908455, 6.77112007141, 7.54831600189, 6.45911693573, 6.99391031265, 15.0945463181, 15.7005815506, 9.39189815521, 4.88509178162, 2.59373569489, 2.42676663399, 6.38498687744, 3.91720294952, 2.75405049324, 1.09728682041, 1.73393464088, 0.723596394062, 0.822617411613, 0.425863713026, 0.259876072407, 0.204985663295, 0.0560863278806, 0.0265057981014, 0.0467012822628, 0.0214173384011, 0.00584162864834, 0.00252732494846, 0.00180719990749, 0.000295951846056, 0.000108471635031, 3.34943870257e-05, 8.04927367426e-06, 2.62659250438e-06, 6.33299237052e-07, 1.85274768683e-06, 4.38132747149e-06], "dmean2": [0.00140076945536, 0.0706453546882, 0.674147069454, 1.36638736725, 2.94657444954, 10.9015035629, 10.9484977722, 9.12438583374, 10.9612455368, 21.8652877808, 21.4691467285, 13.535692215, 6.97947835922, 3.99943995476, 3.5799946785, 8.62386989594, 5.44055318832, 3.86868095398, 1.59325659275, 2.38994479179, 1.05419850349, 1.3448523283, 0.63046503067, 0.376688957214, 0.268810689449, 0.0828742906451, 0.0396461375058, 0.0652390420437, 0.0303197372705, 0.00861820299178, 0.00395199190825, 0.00286937574856, 0.000501841888763, 0.000181470255484, 5.75627454964e-05, 1.34670626721e-05, 4.32332899436e-06, 1.05664230432e-06, 2.67762129624e-06, 6.38327264824e-06], "dvar": [1.10569699245e-05, 0.05071875453, 3.13876438141, 7.57103300095, 24.9871501923, 609.222473145, 496.037536621, 399.076202393, 492.499023438, 3535.96386719, 1980.12133789, 1957.32971191, 261.511627197, 505.52331543, 228.489532471, 512.605712891, 315.411895752, 66.9576339722, 10.7440280914, 26.611995697, 4.01190233231, 9.70544147491, 7.04535579681, 0.759465396404, 1.96595597267, 0.0610445290804, 0.0192373674363, 0.0883506238461, 0.0127791156992, 0.00161387666594, 0.000362981285434, 0.000252483354416, 9.93729554466e-06, 7.63283537708e-07, 1.68610924334e-07, 4.18713286265e-09, 1.35746636154e-10, 2.96003542857e-12, 1.28305976954e-11, 7.17686812757e-11], "dvar2": [1.94220465346e-05, 0.0673212707043, 4.05388116837, 22.1492214203, 72.4903411865, 1595.40673828, 1153.89599609, 716.315612793, 1132.01037598, 7109.00097656, 4144.82421875, 4056.94946289, 516.811645508, 1178.62634277, 536.748474121, 939.888427734, 543.506469727, 132.864074707, 21.4358634949, 43.3276939392, 7.92292118073, 25.533082962, 14.7239131927, 1.55686569214, 3.26282453537, 0.151701927185, 0.0493448153138, 0.183252125978, 0.028231497854, 0.00387028697878, 0.000864384928718, 0.000583088491112, 2.77757244476e-05, 2.02777368941e-06, 4.79877598991e-07, 1.14822382713e-08, 3.72299385765e-10, 8.02266846706e-12, 2.67857749869e-11, 1.519367826e-10], "max": [0.129497289658, 10.2355318069, 82.3089447021, 69.7898712158, 171.480819702, 972.326293945, 653.539855957, 596.147338867, 612.645446777, 2057.71655273, 1314.77124023, 1112.83325195, 575.025817871, 1145.77429199, 873.291381836, 936.026611328, 827.528137207, 275.758911133, 89.1209869385, 216.237136841, 46.0949707031, 53.4049568176, 84.4035568237, 26.1029720306, 49.0589447021, 9.04230976105, 5.98290014267, 7.23589801788, 3.27816390991, 1.45970642567, 0.626520574093, 0.452078342438, 0.137017205358, 0.0221913345158, 0.0184857081622, 0.00314691918902, 0.000477203226183, 6.30870417808e-05, 9.48235028773e-05, 0.000225317489821], "mean": [0.0023440043442, 0.136463195086, 1.40279328823, 2.17112565041, 4.37874031067, 19.0404872894, 19.5160388947, 22.6738491058, 17.7527580261, 53.4504470825, 55.666305542, 24.440114975, 13.3352718353, 5.71237421036, 5.46857118607, 15.0394706726, 10.294008255, 6.99503993988, 2.7799179554, 4.45194864273, 1.76660680771, 1.4774518013, 0.664797484875, 0.570083618164, 0.378195405006, 0.0874189436436, 0.0352093167603, 0.0589634329081, 0.0256627574563, 0.00653068814427, 0.00255948724225, 0.00166194490157, 0.000271918688668, 0.000104155638837, 3.81769605156e-05, 1.51150870806e-05, 7.18333103578e-06, 1.91961362361e-06, 7.84070562077e-06, 1.82126750587e-05], "median": [0.000508241122589, 0.0164549518377, 0.146673053503, 0.368421554565, 0.698152780533, 1.70729255676, 2.62644720078, 3.70662593842, 4.19500494003, 6.43448019028, 11.2057723999, 3.38307619095, 2.31056547165, 1.61648440361, 1.76659798622, 3.14602613449, 2.38253593445, 1.50444102287, 0.700512528419, 0.941083908081, 0.405565142632, 0.181332290173, 0.0691467225552, 0.038804166019, 0.0181254558265, 0.00497208815068, 0.00133966794237, 0.000489572004881, 0.000184917691513, 6.24737003818e-05, 2.89083036478e-05, 1.88245321624e-05, 1.46098254845e-05, 1.16879664347e-05, 9.02743704501e-06, 6.44668261884e-06, 3.69180088455e-06, 1.2908383269e-06, 4.04421280109e-06, 9.27463406697e-06], "min": [1.26522295632e-22, 1.01714659841e-21, 1.37094685214e-21, 5.72365161086e-21, 7.65694597411e-21, 3.34291182826e-20, 5.35782234156e-20, 1.16399653802e-19, 2.22523165305e-19, 3.06015571012e-19, 4.4858888668e-19, 4.07037976e-19, 7.54561547698e-19, 8.39993330049e-19, 1.46723063667e-18, 1.62167394243e-18, 2.44416195937e-18, 1.82699195779e-18, 3.71968728522e-18, 3.2541022668e-18, 4.02851020384e-18, 6.00473650427e-18, 7.13426486561e-18, 8.57798951081e-18, 8.93943435127e-18, 8.06156990104e-18, 8.30635415099e-18, 1.05771609743e-17, 1.13311121144e-17, 1.42446374464e-17, 1.31155541082e-17, 9.30104462785e-18, 9.86209394039e-18, 9.23218928648e-18, 7.31190521087e-18, 4.61504453745e-18, 2.44572119482e-18, 9.90141810671e-19, 2.45749543876e-19, 2.72932831379e-20], "var": [5.28149066668e-05, 0.305049329996, 21.2209186554, 18.3927211761, 150.792266846, 4240.52490234, 2248.30493164, 2920.22143555, 1494.22998047, 25178.6933594, 12044.6777344, 4525.33984375, 1081.10583496, 612.452209473, 377.42276001, 1351.28198242, 839.12878418, 221.662719727, 43.111114502, 107.862258911, 14.1464920044, 15.3430490494, 9.51760578156, 2.67111968994, 4.62591791153, 0.0794563516974, 0.0207930374891, 0.127106517553, 0.0166732259095, 0.00166770641226, 0.00036258721957, 0.000243592148763, 6.86558860252e-06, 6.39295251403e-07, 1.07665520943e-07, 3.20794524278e-09, 1.59471241767e-10, 5.39723300774e-12, 1.07161314544e-10, 5.92679516576e-10]}, "gfcc": {"mean": [-263.157470703, 233.297195435, -117.765678406, -45.6519813538, -25.5038146973, -27.7444152832, -26.4907226562, -16.5993156433, -8.85110282898, -9.02321338654, -7.82522344589, -15.2964000702, -10.8587322235], "cov": [[24399.8496094, 2211.95092773, -5990.46337891, 1646.02624512, 467.225738525, -2292.63671875, 313.05569458, -841.430603027, 13.2565822601, -452.033630371, 233.694366455, -341.786987305, 38.3625717163], [2211.95092773, 1285.61547852, -103.881988525, -403.530975342, 394.76864624, -110.042930603, -106.483901978, -56.2951507568, -15.8065443039, -49.7794837952, 49.5862045288, -41.830619812, 29.8089981079], [-5990.46337891, -103.881988525, 2143.79321289, -455.972900391, -98.9026184082, 808.079345703, -84.3790206909, 156.470657349, -32.7429733276, 103.95173645, -68.7418746948, 63.3789863586, -27.0893592834], [1646.02624512, -403.530975342, -455.972900391, 804.534729004, -40.4942741394, -60.5420150757, 230.908721924, -77.233757019, -5.17265176773, -41.9581451416, -40.6340484619, -11.7780227661, -45.0422058105], [467.225738525, 394.76864624, -98.9026184082, -40.4942741394, 416.632293701, -33.620639801, -11.6726713181, 29.8305225372, -26.5492362976, -34.361656189, 28.698595047, 5.66276216507, 16.4628334045], [-2292.63671875, -110.042930603, 808.079345703, -60.5420150757, -33.620639801, 563.370178223, 77.1804580688, 91.2257003784, 30.1826229095, 13.7468976974, -60.8594551086, 28.7025966644, -37.7687492371], [313.05569458, -106.483901978, -84.3790206909, 230.908721924, -11.6726713181, 77.1804580688, 242.820526123, 67.1310424805, 14.6193904877, -0.233574345708, -48.3777923584, -74.5152282715, -72.8570861816], [-841.430603027, -56.2951507568, 156.470657349, -77.233757019, 29.8305225372, 91.2257003784, 67.1310424805, 209.434158325, 91.0074081421, 30.5543308258, -24.8884601593, -43.8767738342, -58.9452629089], [13.2565822601, -15.8065443039, -32.7429733276, -5.17265176773, -26.5492362976, 30.1826229095, 14.6193904877, 91.0074081421, 187.780609131, 52.2537193298, -18.8304138184, -9.45735740662, -22.8885231018], [-452.033630371, -49.7794837952, 103.95173645, -41.9581451416, -34.361656189, 13.7468976974, -0.233574345708, 30.5543308258, 52.2537193298, 112.331100464, 28.4864826202, -22.8239650726, -23.691242218], [233.694366455, 49.5862045288, -68.7418746948, -40.6340484619, 28.698595047, -60.8594551086, -48.3777923584, -24.8884601593, -18.8304138184, 28.4864826202, 109.871414185, 39.4711990356, 13.2091674805], [-341.786987305, -41.830619812, 63.3789863586, -11.7780227661, 5.66276216507, 28.7025966644, -74.5152282715, -43.8767738342, -9.45735740662, -22.8239650726, 39.4711990356, 161.384475708, 82.9136352539], [38.3625717163, 29.8089981079, -27.0893592834, -45.0422058105, 16.4628334045, -37.7687492371, -72.8570861816, -58.9452629089, -22.8885231018, -23.691242218, 13.2091674805, 82.9136352539, 116.235061646]], "icov": [[0.000596307858359, -0.00144782126881, 0.00120256398804, -0.00116432143841, 0.000952969654463, 8.71451120474e-05, 2.29496399697e-05, 0.000582280859817, -0.00049555732403, 0.000948858214542, -0.000984375714324, 0.000920904916711, -0.000242637048359], [-0.00144782126881, 0.00537555059418, -0.00314554502256, 0.00413686130196, -0.00409749988467, 0.000229162134929, -0.00108721142169, 0.000766331446357, -0.00035932843457, -0.000809118093457, 0.00161674676929, -0.00128159008455, 0.000825990049634], [0.00120256398804, -0.00314554502256, 0.00419600913301, -0.00223151012324, 0.00236345315352, -0.00224231882021, 0.0016213352792, -0.000137777751661, 0.00100801500957, -0.000332525552949, -0.000679752556607, 0.00127965363208, -0.000298832979752], [-0.00116432143841, 0.00413686130196, -0.00223151012324, 0.00565351778641, -0.00308956531808, 0.000359483819921, -0.00351246679202, 0.00215530674905, -0.00058454729151, -0.000661159690935, 0.00206494494341, -0.00269259093329, 0.00187600764912], [0.000952969654463, -0.00409749988467, 0.00236345315352, -0.00308956531808, 0.00596737489104, -0.000534130784217, 0.00128114386462, -0.00229748385027, 0.001272158348, 0.00101216323674, -0.00190589798149, 0.00103569764178, -0.00135632103775], [8.71451120474e-05, 0.000229162134929, -0.00224231882021, 0.000359483819921, -0.000534130784217, 0.00581942638382, -0.00337268598378, 0.00161823222879, -0.0025210515596, 0.00249433820136, -3.91922221752e-05, -0.00138993572909, 0.00121027778368], [2.29496399697e-05, -0.00108721142169, 0.0016213352792, -0.00351246679202, 0.00128114386462, -0.00337268598378, 0.0111974645406, -0.00530216004699, 0.00365022220649, -0.00258035655133, 0.00213903118856, 0.00206213351339, 0.000819258042611], [0.000582280859817, 0.000766331446357, -0.000137777751661, 0.00215530674905, -0.00229748385027, 0.00161823222879, -0.00530216004699, 0.0130919879302, -0.00732634821907, 0.00402278220281, -0.00198953109793, 0.00161560694687, 0.00303228758276], [-0.00049555732403, -0.00035932843457, 0.00100801500957, -0.00058454729151, 0.001272158348, -0.0025210515596, 0.00365022220649, -0.00732634821907, 0.011991571635, -0.00810719002038, 0.00517829786986, -0.00338596082292, 0.000373134185793], [0.000948858214542, -0.000809118093457, -0.000332525552949, -0.000661159690935, 0.00101216323674, 0.00249433820136, -0.00258035655133, 0.00402278220281, -0.00810719002038, 0.0186665225774, -0.0095480196178, 0.00596550107002, -0.000311665702611], [-0.000984375714324, 0.00161674676929, -0.000679752556607, 0.00206494494341, -0.00190589798149, -3.91922221752e-05, 0.00213903118856, -0.00198953109793, 0.00517829786986, -0.0095480196178, 0.0175748988986, -0.00814019422978, 0.004024035763], [0.000920904916711, -0.00128159008455, 0.00127965363208, -0.00269259093329, 0.00103569764178, -0.00138993572909, 0.00206213351339, 0.00161560694687, -0.00338596082292, 0.00596550107002, -0.00814019422978, 0.0160832554102, -0.00920530594885], [-0.000242637048359, 0.000825990049634, -0.000298832979752, 0.00187600764912, -0.00135632103775, 0.00121027778368, 0.000819258042611, 0.00303228758276, 0.000373134185793, -0.000311665702611, 0.004024035763, -0.00920530594885, 0.0178844984621]]}, "melbands": {"dmean": [2.3463373509e-05, 0.00018851236382, 0.000138795599923, 0.000304446875816, 0.000278518855339, 0.000153145476361, 0.000104909391666, 0.000175236797077, 0.000124451864394, 5.65925292904e-05, 2.37924014073e-05, 1.05717062979e-05, 7.94696734374e-06, 1.17930967463e-05, 1.55096131493e-05, 9.28705048864e-06, 4.61514582639e-06, 1.81268001143e-06, 2.64586174126e-06, 2.00839440367e-06, 6.57657892589e-07, 9.61519731391e-07, 4.12817684037e-07, 2.9120295153e-07, 2.29783537975e-07, 1.5662820374e-07, 8.92047324896e-08, 3.19136823634e-08, 2.15461604114e-08, 9.62117141512e-09, 3.72420565498e-08, 1.09426423478e-08, 6.20178441935e-09, 2.49407472452e-09, 1.48469780914e-09, 1.33222843868e-09, 8.95378438059e-10, 1.81245782271e-10, 1.31370872514e-10, 7.61412530248e-11], "dmean2": [3.44213294738e-05, 0.000263586232904, 0.000226053001825, 0.00050836824812, 0.000408265244914, 0.000217880355194, 0.000164177821716, 0.000248361116974, 0.000168134865817, 8.2511556684e-05, 3.41069353453e-05, 1.63149943546e-05, 1.21425018733e-05, 1.557696487e-05, 2.21780192078e-05, 1.2850222447e-05, 6.5867648118e-06, 2.65825156021e-06, 3.74304840989e-06, 2.85823625745e-06, 9.64427840699e-07, 1.56917008098e-06, 6.38636151962e-07, 4.26320127644e-07, 3.39118884085e-07, 2.05478727366e-07, 1.21439853729e-07, 5.02764905264e-08, 3.24639479743e-08, 1.54942600972e-08, 5.17642071429e-08, 1.57205430895e-08, 9.04041730365e-09, 3.94392030145e-09, 2.34974950608e-09, 2.16180917612e-09, 1.42054434882e-09, 3.20840687351e-10, 2.17867154872e-10, 1.31311184148e-10], "dvar": [9.64404467396e-09, 4.90595368774e-07, 1.60468218269e-07, 1.13337341645e-06, 5.89935780226e-07, 2.01783407761e-07, 1.45966893683e-07, 4.76057977039e-07, 1.21206852555e-07, 9.11163269279e-08, 6.1293707887e-09, 7.26873272683e-09, 3.35055982958e-09, 1.30245481067e-09, 7.65025998106e-09, 2.42152253804e-09, 1.71187800047e-10, 4.8233268074e-11, 6.09768693871e-11, 3.51342809013e-11, 3.03128529222e-12, 1.22196454344e-11, 2.79440056164e-12, 3.602737466e-12, 6.720453187e-13, 1.12741944686e-12, 2.34388192449e-13, 3.78419965177e-14, 1.63079880139e-14, 2.66508900689e-15, 6.73105370269e-14, 4.31563583088e-15, 1.5398729697e-15, 4.42937192102e-16, 1.39742529491e-16, 1.04780920338e-16, 7.58099252353e-17, 6.17051094366e-18, 1.47914720737e-18, 3.81528165348e-19], "dvar2": [1.52998680392e-08, 6.30160684523e-07, 4.5631927037e-07, 3.13208261105e-06, 1.39620829032e-06, 3.77998475187e-07, 3.42400426234e-07, 8.97824747881e-07, 2.55600582477e-07, 1.88259477341e-07, 1.2249828707e-08, 1.70114873299e-08, 7.52343964905e-09, 2.3497859214e-09, 1.45438319166e-08, 4.20525969602e-09, 3.52046281016e-10, 9.46950920455e-11, 1.18511311875e-10, 6.2493218933e-11, 6.09407359645e-12, 3.19257537074e-11, 6.19122505e-12, 7.59294190023e-12, 1.40374441671e-12, 1.83964388861e-12, 4.21185791322e-13, 1.03244283511e-13, 4.23494518533e-14, 6.98659498785e-15, 1.3863652522e-13, 9.53657878171e-15, 3.59006317309e-15, 1.13309122014e-15, 3.30798023759e-16, 2.6289589224e-16, 1.71631387661e-16, 1.80083472838e-17, 3.8806578732e-18, 1.02831526536e-18], "max": [0.00416154786944, 0.0324549414217, 0.00981236901134, 0.03982616961, 0.0197973027825, 0.0150286806747, 0.0136180268601, 0.0259125325829, 0.0107621597126, 0.00762861175463, 0.00301751797087, 0.00430996669456, 0.00237301830202, 0.00130162981804, 0.00462809484452, 0.00277498597279, 0.000302329135593, 0.000198752517463, 0.00019700480334, 0.000205133401323, 3.64232400898e-05, 5.83212931815e-05, 4.37120215793e-05, 6.08322879998e-05, 2.45287774305e-05, 3.45116095559e-05, 1.59099217854e-05, 8.47613227961e-06, 5.42646102986e-06, 1.3994897472e-06, 6.35400556348e-06, 2.01939997169e-06, 1.61170157753e-06, 9.80829668151e-07, 3.69958286228e-07, 4.15134309151e-07, 2.7045982165e-07, 1.18353639778e-07, 3.72065507293e-08, 1.43233398475e-08], "mean": [5.71568634768e-05, 0.000556539336685, 0.000376211915864, 0.000864755827934, 0.00073026062455, 0.000516694854014, 0.000250777491601, 0.000651141745038, 0.000428599218139, 0.000135501773912, 6.35376563878e-05, 2.28818080359e-05, 1.59063056344e-05, 2.97800033877e-05, 3.26146400766e-05, 2.43497124757e-05, 1.09450074888e-05, 4.26578390034e-06, 5.81481663176e-06, 4.95394397149e-06, 1.48217577589e-06, 1.73235196144e-06, 6.48639513656e-07, 4.50355685189e-07, 4.96673521866e-07, 2.78349887139e-07, 1.51012386596e-07, 4.28248938533e-08, 2.77882854505e-08, 1.04474606744e-08, 4.72091805648e-08, 1.30067752124e-08, 7.14950809666e-09, 2.48772802358e-09, 1.50435996993e-09, 1.22175458639e-09, 8.04446897984e-10, 1.47706277764e-10, 1.19449575231e-10, 6.35257818571e-11], "median": [6.31837792753e-06, 6.18511985522e-05, 7.31569743948e-05, 7.28602608433e-05, 0.000101062454632, 8.85958579602e-05, 5.06918404426e-05, 6.77117786836e-05, 7.69055623095e-05, 1.25248961922e-05, 8.64570756676e-06, 5.27510928805e-06, 4.511701718e-06, 6.18319472778e-06, 7.77193417889e-06, 3.07822256218e-06, 2.08346591535e-06, 6.09481389802e-07, 1.05366768821e-06, 8.5885722001e-07, 2.56512805663e-07, 1.65320685142e-07, 6.44179678488e-08, 3.34215144449e-08, 2.2780849207e-08, 1.0578181886e-08, 5.64679059067e-09, 1.83628690031e-09, 7.05137059853e-10, 2.71294764431e-10, 1.92971166824e-10, 8.743263058e-11, 4.84355680563e-11, 1.99540627077e-11, 1.2478252806e-11, 8.80419608745e-12, 6.21883274043e-12, 5.37494701525e-12, 5.06419038648e-12, 4.36239239177e-12], "min": [1.35221073511e-24, 8.64779399625e-25, 1.08170559755e-24, 1.07110113761e-24, 1.84450214403e-24, 2.87696231071e-24, 3.71672604356e-24, 3.10286130839e-24, 3.13436979345e-24, 2.75287271538e-24, 3.90426786301e-24, 2.873070071e-24, 2.27011054898e-24, 3.34256734406e-24, 3.90490250161e-24, 4.46482216707e-24, 3.20803579414e-24, 5.89444914762e-24, 4.24213619986e-24, 3.62725422855e-24, 3.78529265015e-24, 5.09909986146e-24, 3.9474958629e-24, 7.06811719127e-24, 5.8916317309e-24, 6.75216656582e-24, 3.6350702624e-24, 4.35742388242e-24, 3.8788980963e-24, 6.2498475515e-24, 6.06744161097e-24, 5.01600756459e-24, 6.93965198172e-24, 6.87046256944e-24, 6.7548565815e-24, 6.73285682858e-24, 5.12052847909e-24, 7.01434212109e-24, 7.05044591813e-24, 6.73094620747e-24], "var": [4.88229332518e-08, 3.26165786646e-06, 5.02259581481e-07, 8.51156073622e-06, 2.54429892266e-06, 1.4008916196e-06, 3.73584356339e-07, 3.90365175917e-06, 7.04834064891e-07, 1.93517678326e-07, 2.62192525469e-08, 9.48681400104e-09, 4.63167548759e-09, 4.96082108725e-09, 1.34815421049e-08, 6.84653711502e-09, 5.52596690628e-10, 1.92398930121e-10, 1.78361575509e-10, 1.30791211195e-10, 1.07569534877e-11, 2.10261582451e-11, 4.13898472787e-12, 4.73604098647e-12, 2.44924870316e-12, 2.6341745625e-12, 5.05690053634e-13, 3.62003687389e-14, 1.70907023614e-14, 2.25758674992e-15, 9.79578221381e-14, 5.77617304776e-15, 1.77551531217e-15, 3.75573667659e-16, 1.40650389992e-16, 9.4753049477e-17, 7.37771851282e-17, 3.70503502144e-18, 1.37308755679e-18, 2.93490298779e-19]}, "mfcc": {"mean": [-855.686889648, 217.062515259, 3.73072195053, -9.55558013916, 2.20116639137, -7.79308128357, -10.9521541595, -9.56278324127, -7.74221611023, -2.80561709404, 0.918831646442, -0.0469261482358, -0.330634236336], "cov": [[10557.4121094, 4462.70214844, -3333.1940918, 158.500488281, 363.929046631, -392.407836914, -323.130157471, -257.681610107, -386.635772705, -271.972076416, -42.1035881042, -186.457077026, -158.395065308], [4462.70214844, 2725.35888672, -1067.11035156, -275.788757324, 305.690887451, -134.285507202, -151.458602905, -166.799636841, -221.52166748, -143.294769287, -59.8393669128, -80.8491744995, -46.1741409302], [-3333.1940918, -1067.11035156, 1563.7364502, -33.4160614014, -165.958694458, 271.146362305, 166.8150177, 86.3042831421, 134.847961426, 102.883476257, 25.4225940704, 73.371131897, 48.9416427612], [158.500488281, -275.788757324, -33.4160614014, 404.093902588, -7.98544788361, 20.5270462036, 114.494987488, 62.4758682251, 46.0563926697, 33.9243011475, 52.0136146545, 14.8801136017, -18.2534790039], [363.929046631, 305.690887451, -165.958694458, -7.98544788361, 267.605407715, 44.7589759827, 1.39620113373, 29.3333816528, -22.8199214935, -51.2470245361, -33.1117248535, -9.48337268829, 11.4912157059], [-392.407836914, -134.285507202, 271.146362305, 20.5270462036, 44.7589759827, 239.783325195, 101.690299988, 52.7200775146, 41.0371170044, -11.5703306198, -12.3694534302, -0.644002735615, -0.907608091831], [-323.130157471, -151.458602905, 166.8150177, 114.494987488, 1.39620113373, 101.690299988, 225.203186035, 104.718063354, 30.3407745361, 50.3054504395, 35.8426437378, 3.94096326828, -40.7999076843], [-257.681610107, -166.799636841, 86.3042831421, 62.4758682251, 29.3333816528, 52.7200775146, 104.718063354, 171.807113647, 97.7338562012, 20.710773468, 28.1929759979, 5.03474187851, -25.9835510254], [-386.635772705, -221.52166748, 134.847961426, 46.0563926697, -22.8199214935, 41.0371170044, 30.3407745361, 97.7338562012, 171.420181274, 88.0478897095, 33.111541748, 28.2109985352, 6.53708028793], [-271.972076416, -143.294769287, 102.883476257, 33.9243011475, -51.2470245361, -11.5703306198, 50.3054504395, 20.710773468, 88.0478897095, 188.787109375, 96.7914657593, 16.3153705597, 1.27262294292], [-42.1035881042, -59.8393669128, 25.4225940704, 52.0136146545, -33.1117248535, -12.3694534302, 35.8426437378, 28.1929759979, 33.111541748, 96.7914657593, 130.86088562, 50.4237556458, -15.5668878555], [-186.457077026, -80.8491744995, 73.371131897, 14.8801136017, -9.48337268829, -0.644002735615, 3.94096326828, 5.03474187851, 28.2109985352, 16.3153705597, 50.4237556458, 126.300170898, 65.9709472656], [-158.395065308, -46.1741409302, 48.9416427612, -18.2534790039, 11.4912157059, -0.907608091831, -40.7999076843, -25.9835510254, 6.53708028793, 1.27262294292, -15.5668878555, 65.9709472656, 154.248153687]], "icov": [[0.0140589000657, -0.019878923893, 0.0201213862747, -0.0205346550792, 0.020623460412, -0.0204781461507, 0.0207272525877, -0.0199919976294, 0.0176023766398, -0.0146894641221, 0.0119176264852, -0.00876538455486, 0.00445648608729], [-0.019878923893, 0.0287723150104, -0.0280674882233, 0.0295665450394, -0.0297511350363, 0.0290179252625, -0.0297837108374, 0.0290420167148, -0.0250860117376, 0.0211916081607, -0.017372218892, 0.0126561336219, -0.00627247430384], [0.0201213862747, -0.0280674882233, 0.0300690736622, -0.0288411937654, 0.0300219319761, -0.0305262692273, 0.0292713847011, -0.0285699050874, 0.0252278409898, -0.0215349532664, 0.0174629315734, -0.0131260100752, 0.00630510086194], [-0.0205346550792, 0.0295665450394, -0.0288411937654, 0.0337824858725, -0.0306434426457, 0.0307007264346, -0.033568251878, 0.0314316302538, -0.0283776763827, 0.0240064766258, -0.02024817653, 0.0141751170158, -0.00730943959206], [0.020623460412, -0.0297511350363, 0.0300219319761, -0.0306434426457, 0.0359266996384, -0.0323543176055, 0.0322843082249, -0.0331429168582, 0.028606781736, -0.0232858713716, 0.0199031494558, -0.0141814155504, 0.00626321649179], [-0.0204781461507, 0.0290179252625, -0.0305262692273, 0.0307007264346, -0.0323543176055, 0.0382358208299, -0.0357347987592, 0.033483017236, -0.0313144251704, 0.0269476883113, -0.0207075309008, 0.0159740988165, -0.00801696069539], [0.0207272525877, -0.0297837108374, 0.0292713847011, -0.033568251878, 0.0322843082249, -0.0357347987592, 0.0453875213861, -0.0418374054134, 0.0373651869595, -0.0322998426855, 0.0250154212117, -0.0187632553279, 0.0106835747138], [-0.0199919976294, 0.0290420167148, -0.0285699050874, 0.0314316302538, -0.0331429168582, 0.033483017236, -0.0418374054134, 0.0506522394717, -0.042624913156, 0.0344631113112, -0.0281318109483, 0.0197816044092, -0.00869635120034], [0.0176023766398, -0.0250860117376, 0.0252278409898, -0.0283776763827, 0.028606781736, -0.0313144251704, 0.0373651869595, -0.042624913156, 0.0458265580237, -0.0355160534382, 0.0274564456195, -0.020402720198, 0.00943899620324], [-0.0146894641221, 0.0211916081607, -0.0215349532664, 0.0240064766258, -0.0232858713716, 0.0269476883113, -0.0322998426855, 0.0344631113112, -0.0355160534382, 0.0385518781841, -0.0309810563922, 0.0204391367733, -0.0105929998681], [0.0119176264852, -0.017372218892, 0.0174629315734, -0.02024817653, 0.0199031494558, -0.0207075309008, 0.0250154212117, -0.0281318109483, 0.0274564456195, -0.0309810563922, 0.0364484451711, -0.0223516821861, 0.0117040704936], [-0.00876538455486, 0.0126561336219, -0.0131260100752, 0.0141751170158, -0.0141814155504, 0.0159740988165, -0.0187632553279, 0.0197816044092, -0.020402720198, 0.0204391367733, -0.0223516821861, 0.0250126291066, -0.0121079357341], [0.00445648608729, -0.00627247430384, 0.00630510086194, -0.00730943959206, 0.00626321649179, -0.00801696069539, 0.0106835747138, -0.00869635120034, 0.00943899620324, -0.0105929998681, 0.0117040704936, -0.0121079357341, 0.0132103916258]]}, "spectral_contrast_coeffs": {"dmean": [0.041819665581, 0.0352969765663, 0.0283632688224, 0.024338779971, 0.0190633945167, 0.0358805693686], "dmean2": [0.0695414692163, 0.056182615459, 0.0447135381401, 0.0392718613148, 0.0306788757443, 0.0619813762605], "dvar": [0.0012883519521, 0.00120608485304, 0.000803092494607, 0.000661461323034, 0.000429490493843, 0.00126479601022], "dvar2": [0.00342786917463, 0.00295530701987, 0.00196347595192, 0.00161838217173, 0.00103357830085, 0.00331521080807], "max": [-0.226821482182, -0.350078463554, -0.433111011982, -0.444592505693, -0.585553109646, -0.594372272491], "mean": [-0.585118114948, -0.646236538887, -0.727646350861, -0.716164290905, -0.751842916012, -0.840514063835], "median": [-0.591345131397, -0.647158563137, -0.729874491692, -0.712918162346, -0.735205173492, -0.862948715687], "min": [-0.973357915878, -0.981790423393, -0.980232954025, -0.970573544502, -0.966823458672, -0.964055776596], "var": [0.0133744673803, 0.00965143181384, 0.00504096969962, 0.00384050584398, 0.00612906832248, 0.00584987550974]}, "spectral_contrast_valleys": {"dmean": [0.419639736414, 0.323427051306, 0.292934179306, 0.270904392004, 0.272997975349, 0.639192342758], "dmean2": [0.69857364893, 0.52305740118, 0.463551074266, 0.434461861849, 0.431034475565, 1.12699794769], "dvar": [0.20192399621, 0.192523375154, 0.174392655492, 0.180845707655, 0.251886993647, 0.345618516207],