{"lowlevel": {"average_loudness": 0.885608077049, "barkbands_crest": {"dmean": 2.18475604057, "dmean2": 3.33362150192, "dvar": 6.10006284714, "dvar2": 12.5828018188, "max": 26.4808692932, "mean": 13.1438398361, "median": 12.4803113937, "min": 3.37872076035, "var": 23.7666969299}, "barkbands_flatness_db": {"dmean": 0.0257408861071, "dmean2": 0.0351325385273, "dvar": 0.00112745771185, "dvar2": 0.00196009688079, "max": 0.614325642586, "mean": 0.25484469533, "median": 0.246678292751, "min": 0.0461873486638, "var": 0.0110903270543}, "barkbands_kurtosis": {"dmean": 9.58812046051, "dmean2": 14.407330513, "dvar": 1544.17871094, "dvar2": 3698.07592773, "max": 1846.38269043, "mean": 15.5088691711, "median": 4.27171802521, "min": -1.97134780884, "var": 2281.24829102}, "barkbands_skewness": {"dmean": 0.767150878906, "dmean2": 1.09342563152, "dvar": 1.51152181625, "dvar2": 2.97642827034, "max": 31.780254364, "mean": 2.22958016396, "median": 1.78923845291, "min": -2.39376688004, "var": 5.56774139404}, "barkbands_spread": {"dmean": 4.35768175125, "dmean2": 6.21474409103, "dvar": 71.4717483521, "dvar2": 124.87247467, "max": 109.296432495, "mean": 12.788143158, "median": 8.82674407959, "min": 0.100064642727, "var": 190.575683594}, "dissonance": {"dmean": 0.0342601761222, "dmean2": 0.058010391891, "dvar": 0.00121190026402, "dvar2": 0.00334324338473, "max": 0.500000178814, "mean": 0.420327633619, "median": 0.437114685774, "min": 0.110966131091, "var": 0.00392922945321}, "dynamic_complexity": 4.12653970718, "erbbands_crest": {"dmean": 2.74326920509, "dmean2": 4.22502994537, "dvar": 7.10074043274, "dvar2": 15.9016838074, "max": 32.2837715149, "mean": 13.7270956039, "median": 13.0258541107, "min": 2.47843289375, "var": 35.2900505066}, "erbbands_flatness_db": {"dmean": 0.0200012587011, "dmean2": 0.0277261286974, "dvar": 0.000617699581198, "dvar2": 0.00116762181278, "max": 0.522345304489, "mean": 0.227775275707, "median": 0.228262171149, "min": 0.0527502670884, "var": 0.0071716979146}, "erbbands_kurtosis": {"dmean": 1.70940792561, "dmean2": 2.61138343811, "dvar": 12.9851064682, "dvar2": 30.0111904144, "max": 102.877510071, "mean": 2.26919698715, "median": 0.47702229023, "min": -1.93337535858, "var": 38.4568862915}, "erbbands_skewness": {"dmean": 0.436870127916, "dmean2": 0.641259789467, "dvar": 0.269537478685, "dvar2": 0.561203718185, "max": 8.49342346191, "mean": 0.340894401073, "median": 0.244436472654, "min": -7.85705184937, "var": 1.49426043034}, "erbbands_spread": {"dmean": 7.71211242676, "dmean2": 11.2226486206, "dvar": 154.778396606, "dvar2": 299.951202393, "max": 181.110153198, "mean": 29.5357074738, "median": 23.1434841156, "min": 0.928633272648, "var": 563.655090332}, "hfc": {"dmean": 5.92397069931, "dmean2": 8.91218090057, "dvar": 130.858840942, "dvar2": 306.132019043, "max": 104.110366821, "mean": 14.8123703003, "median": 10.9728250504, "min": 1.06497988471e-16, "var": 217.770874023}, "melbands_crest": {"dmean": 2.3192691803, "dmean2": 3.47714304924, "dvar": 6.75550699234, "dvar2": 15.5439777374, "max": 33.3332824707, "mean": 16.0204696655, "median": 15.6159343719, "min": 1.51065516472, "var": 35.486366272}, "melbands_flatness_db": {"dmean": 0.0302500035614, "dmean2": 0.0399569384754, "dvar": 0.00175553653389, "dvar2": 0.00293490104377, "max": 0.773319244385, "mean": 0.345088720322, "median": 0.343009710312, "min": 0.00272544892505, "var": 0.0185268782079}, "melbands_kurtosis": {"dmean": 13.7271556854, "dmean2": 20.2151832581, "dvar": 1294.16015625, "dvar2": 2620.09350586, "max": 1036.38110352, "mean": 26.6489925385, "median": 9.14266014099, "min": -1.8195694685, "var": 3039.921875}, "melbands_skewness": {"dmean": 0.851626694202, "dmean2": 1.21850013733, "dvar": 1.60901665688, "dvar2": 3.05090451241, "max": 26.9132461548, "mean": 3.10783028603, "median": 2.52097177505, "min": -2.73599529266, "var": 7.08030033112}, "melbands_spread": {"dmean": 4.59209823608, "dmean2": 6.92688560486, "dvar": 84.9759750366, "dvar2": 190.212249756, "max": 177.408752441, "mean": 16.441532135, "median": 8.13931465149, "min": 0.182361319661, "var": 699.997741699}, "pitch_salience": {"dmean": 0.0612993910909, "dmean2": 0.0952635332942, "dvar": 0.00553510012105, "dvar2": 0.0125357946381, "max": 0.850986778736, "mean": 0.446477681398, "median": 0.43983900547, "min": 0.0463881455362, "var": 0.0206148810685}, "silence_rate_20dB": {"dmean": 0.00520738726482, "dmean2": 0.010415405035, "dvar": 0.00518192956224, "dvar2": 0.0155153274536, "max": 1, "mean": 0.997396469116, "median": 1, "min": 0, "var": 0.00259723211639}, "silence_rate_30dB": {"dmean": 0.0475930981338, "dmean2": 0.0951919555664, "dvar": 0.0453231967986, "dvar2": 0.0944731086493, "max": 1, "mean": 0.914991497993, "median": 1, "min": 0, "var": 0.0777710452676}, "silence_rate_60dB": {"dmean": 0.00726612191647, "dmean2": 0.0145331230015, "dvar": 0.00721390591934, "dvar2": 0.0162618160248, "max": 1, "mean": 0.103112131357, "median": 0, "min": 0, "var": 0.0924699902534}, "spectral_centroid": {"dmean": 205.394210815, "dmean2": 297.550872803, "dvar": 162914.6875, "dvar2": 300992.5, "max": 11997.1269531, "mean": 1148.7902832, "median": 594.413208008, "min": 84.203956604, "var": 4306893}, "spectral_complexity": {"dmean": 1.98946416378, "dmean2": 3.2170279026, "dvar": 13.6506958008, "dvar2": 29.5571231842, "max": 46, "mean": 9.7656211853, "median": 10, "min": 0, "var": 33.9790992737}, "spectral_decrease": {"dmean": 4.34036095953e-09, "dmean2": 6.49031361988e-09, "dvar": 1.19134906099e-16, "dvar2": 2.3270525572e-16, "max": 1.33731571761e-17, "mean": -1.27366632796e-08, "median": -8.83821194009e-09, "min": -1.15493328678e-07, "var": 2.36627812359e-16}, "spectral_energy": {"dmean": 0.0166519060731, "dmean2": 0.0249872710556, "dvar": 0.0017248619115, "dvar2": 0.00337053276598, "max": 0.440265774727, "mean": 0.0494145266712, "median": 0.0350003056228, "min": 9.83029517894e-21, "var": 0.00343782734126}, "spectral_energyband_high": {"dmean": 0.000520550878718, "dmean2": 0.000785537762567, "dvar": 2.46559284278e-06, "dvar2": 5.72818089495e-06, "max": 0.014917566441, "mean": 0.000565052148886, "median": 1.19191263366e-05, "min": 6.97813199821e-21, "var": 2.63596507466e-06}, "spectral_energyband_low": {"dmean": 0.0140862232074, "dmean2": 0.0206543020904, "dvar": 0.00158049352467, "dvar2": 0.00291599822231, "max": 0.421260148287, "mean": 0.0332303531468, "median": 0.0144525449723, "min": 9.70611538999e-24, "var": 0.00299729546532}, "spectral_energyband_middle_high": {"dmean": 0.00106652488466, "dmean2": 0.00156441843137, "dvar": 3.63513117918e-06, "dvar2": 8.38890446175e-06, "max": 0.0432601869106, "mean": 0.00353708863258, "median": 0.00221931561828, "min": 1.0915640759e-21, "var": 1.57898375619e-05}, "spectral_energyband_middle_low": {"dmean": 0.00605150964111, "dmean2": 0.0103456880897, "dvar": 0.000284923735308, "dvar2": 0.000809920020401, "max": 0.200070485473, "mean": 0.0137276388705, "median": 0.00837360322475, "min": 1.11707639293e-22, "var": 0.000346619111951}, "spectral_entropy": {"dmean": 0.213718563318, "dmean2": 0.2953761518, "dvar": 0.0975872427225, "dvar2": 0.169699892402, "max": 9.82762908936, "mean": 6.71247911453, "median": 6.61775493622, "min": 3.63703274727, "var": 1.2256244421}, "spectral_flux": {"dmean": 0.030249491334, "dmean2": 0.046645514667, "dvar": 0.00329934852198, "dvar2": 0.00670961290598, "max": 0.593169152737, "mean": 0.0752003639936, "median": 0.0495993308723, "min": 6.29066729263e-11, "var": 0.00784288719296}, "spectral_kurtosis": {"dmean": 8.18101024628, "dmean2": 13.3112592697, "dvar": 221.34387207, "dvar2": 565.708740234, "max": 372.609954834, "mean": 22.8962059021, "median": 10.8432378769, "min": -1.27604174614, "var": 1187.16088867}, "spectral_rms": {"dmean": 0.000919607584365, "dmean2": 0.00134499743581, "dvar": 3.32789932145e-06, "dvar2": 6.19060529061e-06, "max": 0.0207250472158, "mean": 0.00596413295716, "median": 0.00584351271391, "min": 3.09685827329e-12, "var": 1.26382865346e-05}, "spectral_rolloff": {"dmean": 339.013549805, "dmean2": 597.180786133, "dvar": 966084.4375, "dvar2": 2221290.25, "max": 19724.4140625, "mean": 1521.51086426, "median": 495.263671875, "min": 64.599609375, "var": 14168789}, "spectral_skewness": {"dmean": 0.602643787861, "dmean2": 0.924821555614, "dvar": 0.671518743038, "dvar2": 1.55005633831, "max": 16.06199646, "mean": 3.04304432869, "median": 2.53047180176, "min": -0.169429913163, "var": 5.32054042816}, "spectral_spread": {"dmean": 692075.5, "dmean2": 980581.0625, "dvar": 1212198158340.0, "dvar2": 2218926014460.0, "max": 50360448, "mean": 5151640.5, "median": 2909954.5, "min": 271977.53125, "var": 57117394337800.0}, "spectral_strongpeak": {"dmean": 0.367239505053, "dmean2": 0.634593963623, "dvar": 0.644816339016, "dvar2": 1.68281078339, "max": 13.3595876694, "mean": 0.844230651855, "median": 0.485998749733, "min": 0, "var": 1.16280567646}, "zerocrossingrate": {"dmean": 0.00878409575671, "dmean2": 0.0100426748395, "dvar": 0.000181854440598, "dvar2": 0.000233437647694, "max": 0.533203125, "mean": 0.052484292537, "median": 0.02587890625, "min": 0.001953125, "var": 0.00926401372999}, "barkbands": {"dmean": [0.000459724979009, 0.012429151684, 0.0044141788967, 0.00235602119938, 0.00273955962621, 0.00105711433571, 0.000520672474522, 0.000556269020308, 0.00024811833282, 0.000186348363059, 0.000381953374017, 0.000264615169726, 0.000234476319747, 0.000210738478927, 0.000140149553772, 4.97036671732e-05, 3.27865600411e-05, 1.22149440358e-05, 2.32107322518e-05, 6.15443714196e-05, 0.000126769766212, 0.000243504837272, 6.30305803497e-05, 1.45073090607e-05, 5.42602028872e-05, 7.1560843935e-06, 1.96479959413e-06], "dmean2": [0.000772438070271, 0.0162673760206, 0.0076704416424, 0.00428762380034, 0.00463505275548, 0.00164752197452, 0.000773754029069, 0.000828318530694, 0.000360830425052, 0.000276708247839, 0.000549858319573, 0.000368736509699, 0.000351755210431, 0.000298183149425, 0.000238124368479, 8.41806686367e-05, 5.24325587321e-05, 2.03397066798e-05, 3.98214542656e-05, 0.000104914783151, 0.000195353772142, 0.000378516269848, 9.70834735199e-05, 2.19064677367e-05, 8.00018387963e-05, 1.08053000076e-05, 3.1292802305e-06], "dvar": [1.51268750415e-06, 0.00106801919173, 0.000319199491059, 9.30375390453e-05, 5.23346025147e-05, 5.91507796344e-06, 4.08846926803e-06, 2.92925301437e-06, 6.77173488839e-07, 2.55551896089e-07, 6.42789927952e-07, 4.62856576178e-07, 5.1939758805e-07, 4.73714692362e-07, 7.95878861481e-07, 1.12868772106e-08, 5.00969488115e-09, 2.45119058384e-09, 8.24190049542e-09, 8.94417340191e-08, 1.61570270052e-07, 6.36948925603e-07, 3.46863835432e-08, 1.88783788602e-09, 2.63673225476e-08, 4.53119958221e-10, 4.8696671695e-11], "dvar2": [4.13861698689e-06, 0.00205727643333, 0.000889433838893, 0.000268590403721, 0.000149707178934, 1.3635054529e-05, 8.30207318359e-06, 6.96261486155e-06, 1.38272935146e-06, 5.47365914372e-07, 1.19852825264e-06, 8.30292719911e-07, 1.07489518086e-06, 8.35480989281e-07, 2.24357563638e-06, 2.95813027407e-08, 1.10885016724e-08, 6.37545261029e-09, 2.25902780926e-08, 2.4024447498e-07, 3.78370913268e-07, 1.5519609633e-06, 8.0208032216e-08, 4.31660129863e-09, 5.94840194879e-08, 1.00620489718e-09, 1.19861731651e-10], "max": [0.0187130514532, 0.392825305462, 0.196238443255, 0.120637595654, 0.0934944972396, 0.113978095353, 0.132799729705, 0.0844461619854, 0.036707945168, 0.0183047186583, 0.0287150330842, 0.0197755750269, 0.0210748948157, 0.0165001023561, 0.0334929078817, 0.00300196162425, 0.00250160414726, 0.00272677466273, 0.00114168098662, 0.00379322306253, 0.00371999409981, 0.00836280360818, 0.00201456784271, 0.00155979790725, 0.0034778334666, 0.000368922919733, 0.000225371637498], "mean": [0.001200028928, 0.0237669162452, 0.00665906304494, 0.00268520927057, 0.00498152058572, 0.00264105806127, 0.00146812538151, 0.00135575188324, 0.000510741549078, 0.00035541455145, 0.00143864436541, 0.000561064458452, 0.000457992136944, 0.000370833848137, 0.000182317773579, 7.79935944593e-05, 5.85133384448e-05, 2.37658277911e-05, 2.85415626422e-05, 5.67826937186e-05, 0.00012610158592, 0.000231078156503, 7.06847349647e-05, 2.4112929168e-05, 6.69301080052e-05, 1.18949965326e-05, 3.35662548423e-06], "median": [0.000180703529622, 0.00905191712081, 0.00152087514289, 0.000566215196159, 0.00188796815928, 0.000631511677057, 0.000231899466598, 0.000222766277147, 9.38442535698e-05, 6.93339825375e-05, 0.000276987819234, 0.000139878684422, 5.41170302313e-05, 3.27934722009e-05, 5.35665094503e-05, 2.640751336e-05, 2.67188152066e-05, 6.88437285135e-06, 6.9902348514e-06, 4.03788453696e-06, 2.63814376922e-06, 2.23918959819e-06, 1.55311420258e-06, 6.22955496965e-07, 6.27841927781e-07, 2.16981788981e-07, 3.0322368616e-08], "min": [1.63171786029e-25, 2.22736474032e-24, 6.33416751316e-25, 2.90034375351e-25, 3.75231589773e-24, 2.23464178496e-24, 5.46786156907e-24, 5.72571416658e-24, 1.22656558496e-23, 1.1127133137e-23, 4.9063602375e-24, 1.79904762368e-23, 2.450827065e-23, 2.2124998793e-23, 3.52526413761e-23, 4.72459587754e-23, 5.25410519176e-23, 7.03668597514e-23, 9.77698113168e-23, 1.38174023637e-22, 2.12667332743e-22, 2.51733239382e-22, 3.43863686036e-22, 5.58776558677e-22, 7.99559424196e-22, 1.08348139444e-21, 1.73179227747e-21], "var": [4.49981962447e-06, 0.00189887278248, 0.000231487370911, 6.03637636232e-05, 7.50276522012e-05, 3.56427990482e-05, 3.49444926542e-05, 1.69817449205e-05, 2.89434660772e-06, 8.97567588254e-07, 6.04706883678e-06, 1.26644238208e-06, 1.89149170637e-06, 1.42866258557e-06, 6.16945385445e-07, 2.11363300195e-08, 1.33727375839e-08, 7.28353466428e-09, 6.4995320237e-09, 6.40636130811e-08, 1.61793494158e-07, 5.98884980718e-07, 3.81860765231e-08, 4.11469125439e-09, 3.8871515784e-08, 9.61619339712e-10, 1.09996185771e-10]}, "erbbands": {"dmean": [0.383998095989, 2.79021048546, 5.32950401306, 6.62736940384, 7.55613565445, 9.62602901459, 9.82577705383, 8.71025371552, 5.6029510498, 13.8483200073, 7.53828620911, 6.85089921951, 3.17721009254, 7.67336177826, 17.5533294678, 13.7747573853, 12.0046014786, 10.9394845963, 7.97519302368, 4.83957386017, 1.75873243809, 1.25884735584, 0.864823400974, 0.802735865116, 1.60635602474, 3.33757257462, 4.06271076202, 6.03553676605, 10.5959663391, 4.10402154922, 1.49741482735, 0.296235054731, 0.364508479834, 0.653100371361, 0.359610170126, 0.0626638308167, 0.00677264807746, 0.00265109655447, 0.000387200037949, 3.10673931381e-05], "dmean2": [0.529004335403, 3.84773015976, 8.92377281189, 11.7922706604, 13.5902013779, 16.0319423676, 15.2000865936, 14.2028141022, 8.50359916687, 21.5299911499, 10.2597646713, 9.7823972702, 4.61904716492, 11.5826282501, 25.2051506042, 18.9103088379, 17.9809360504, 15.5616388321, 13.1873283386, 8.13856506348, 2.88851094246, 2.02076792717, 1.44727993011, 1.3920352459, 2.74910855293, 5.69572782516, 6.19834804535, 9.31924915314, 16.6207942963, 6.32584905624, 2.32186317444, 0.437931448221, 0.55520606041, 0.973807275295, 0.534118533134, 0.092736043036, 0.0107906153426, 0.00441373465583, 0.000606423767749, 4.78258552903e-05], "dvar": [1.17520701885, 56.4346313477, 384.24307251, 693.616088867, 848.058227539, 548.847717285, 524.097229004, 460.984161377, 701.831176758, 1642.81005859, 600.675415039, 530.713562012, 70.7282485962, 391.656951904, 1478.53393555, 1203.82397461, 1350.37695312, 1209.65722656, 2937.59985352, 151.639434814, 11.780872345, 6.33380270004, 11.9098443985, 6.86370229721, 50.9789123535, 269.959899902, 186.118911743, 374.510070801, 1477.08911133, 157.391479492, 19.0342216492, 0.991441011429, 0.990779876709, 4.44362735748, 1.11462128162, 0.0370990075171, 0.000455689936643, 9.16176868486e-05, 2.06958657145e-06, 5.57592816364e-09], "dvar2": [2.54001760483, 112.424377441, 1007.52423096, 1947.77246094, 2479.96728516, 1557.76757812, 1109.44177246, 1217.59460449, 1423.14050293, 3882.37109375, 1070.1595459, 1059.27880859, 139.50402832, 880.768676758, 2711.99853516, 2134.07397461, 2820.58032227, 2160.43969727, 8306.96972656, 404.706085205, 29.1686534882, 14.0766353607, 30.8801784515, 19.1515579224, 138.890167236, 725.562072754, 426.451049805, 900.608947754, 3685.71582031, 376.650360107, 43.0674362183, 2.10910558701, 2.36273241043, 10.5937919617, 2.57264876366, 0.0787829235196, 0.00116496207193, 0.000245956354775, 4.97462315252e-06, 1.29488046952e-08], "max": [14.5717763901, 88.5664825439, 212.863067627, 294.411621094, 347.580841064, 399.122039795, 892.336791992, 1433.57519531, 1912.33691406, 2373.98095703, 1333.51818848, 1078.29406738, 344.827148438, 725.937133789, 1453.60913086, 1015.66461182, 1079.45849609, 837.028137207, 2036.54821777, 342.766143799, 90.1081466675, 102.409362793, 189.286529541, 37.9170074463, 82.4763031006, 221.003707886, 124.340370178, 206.914993286, 424.507751465, 129.51953125, 40.981388092, 37.846496582, 21.8725204468, 56.5505943298, 20.353925705, 3.53227210045, 0.402973741293, 0.164630368352, 0.06900254637, 0.00186132430099], "mean": [0.752323031425, 4.99723672867, 8.59884357452, 8.75145339966, 9.95463943481, 19.0487785339, 22.6749019623, 21.1675643921, 15.5316944122, 35.1581497192, 21.6787815094, 15.4530658722, 7.01605606079, 17.1288108826, 67.2491226196, 32.3302001953, 24.6767463684, 20.3289489746, 11.7564964294, 7.55063295364, 3.23246002197, 2.48619937897, 1.8007478714, 1.20718812943, 1.72953665257, 2.99679374695, 4.11318874359, 5.90134716034, 9.77258968353, 4.22940349579, 1.73148369789, 0.481226712465, 0.527916550636, 0.784439980984, 0.436157286167, 0.0929601192474, 0.012335171923, 0.00539109716192, 0.00060830602888, 7.65057193348e-05], "median": [0.279462277889, 1.84233522415, 3.05619668961, 2.77231669426, 3.56135892868, 7.29225730896, 6.37393283844, 5.52236032486, 3.31568074226, 5.86705875397, 4.1413898468, 3.24618124962, 1.99762868881, 6.78099346161, 14.2249889374, 11.5159549713, 4.79199981689, 2.72885131836, 2.50243258476, 2.92942881584, 1.42947149277, 1.26894950867, 0.702883481979, 0.402232170105, 0.330030620098, 0.23148983717, 0.12090189755, 0.10078895092, 0.0832700431347, 0.0681389123201, 0.0370113998652, 0.0115590188652, 0.0121374791488, 0.00806309934705, 0.00380412628874, 0.00140598393045, 0.000307921582134, 6.16418546997e-05, 3.49191723217e-05, 4.89909507451e-05], "min": [4.34821014482e-23, 3.89154601363e-22, 1.48290189084e-21, 3.01231552552e-21, 5.54153657067e-21, 1.53727251693e-20, 1.6044613931e-20, 2.71292331892e-20, 4.18541886971e-20, 1.09146430128e-19, 1.65297750704e-19, 2.29943440689e-19, 3.7499426569e-19, 4.91328947039e-19, 7.10835746542e-19, 1.03280789006e-18, 1.29170777037e-18, 9.84935535895e-19, 2.02757498453e-18, 2.39776974151e-18, 3.05328990424e-18, 3.48424686747e-18, 4.31690837877e-18, 5.84230594252e-18, 5.66622690066e-18, 6.59157317241e-18, 8.13892369603e-18, 8.37774066504e-18, 8.25276525501e-18, 8.4220419771e-18, 1.10071087771e-17, 1.05146277743e-17, 8.88103043694e-18, 6.95984473446e-18, 5.52805795986e-18, 3.79794725657e-18, 1.99845615901e-18, 8.44986605816e-19, 2.22416924295e-19, 2.58728863948e-20], "var": [1.85912585258, 90.1619338989, 320.218719482, 474.233337402, 643.338378906, 1068.38183594, 2485.28808594, 2984.98364258, 4654.19824219, 14578.3828125, 4008.24487305, 2431.54589844, 372.231079102, 1173.2902832, 13939.453125, 3423.13354492, 4838.5078125, 3676.85522461, 2404.59228516, 206.291748047, 26.4469566345, 18.4253387451, 37.3548202515, 6.35144948959, 37.597946167, 190.736740112, 186.223419189, 363.967803955, 1294.48266602, 159.056747437, 21.9016647339, 1.86860764027, 1.79838633537, 5.72807788849, 1.62957751751, 0.0651300922036, 0.00114281440619, 0.000334105920047, 3.89428123526e-06, 1.00032799821e-08]}, "gfcc": {"mean": [-126.686721802, 138.677825928, -85.4086685181, 13.4767589569, -41.8419532776, 18.5141105652, -24.7936897278, -7.02773475647, -18.9401397705, -2.17556190491, -7.37118959427, 0.449390351772, -2.25564265251], "cov": [[59982.0351562, 3704.97583008, -4316.12060547, 3282.73828125, -1727.34716797, 2602.09204102, -974.943481445, -44.9374160767, -1075.43933105, 773.246337891, -531.959533691, 410.320251465, -104.550582886], [3704.97583008, 3852.99414062, -791.510742188, -815.948242188, 526.563354492, -547.085571289, -181.091369629, -213.808044434, 88.5434036255, -559.211364746, 274.554199219, -232.325286865, 13.3235378265], [-4316.12060547, -791.510742188, 1918.4666748, 156.355239868, 45.0573959351, 189.285980225, 222.185256958, 95.0212402344, 127.453514099, 238.231964111, -47.8785057068, 90.1934432983, 147.465270996], [3282.73828125, -815.948242188, 156.355239868, 1469.31787109, 195.384185791, 688.911804199, 277.311096191, 155.566146851, -15.7819404602, 181.694793701, -84.2103271484, 74.6779556274, 115.389427185], [-1727.34716797, 526.563354492, 45.0573959351, 195.384185791, 927.258300781, 107.905319214, 217.473449707, 98.6866836548, 140.539657593, -120.792053223, 142.894760132, -73.6960220337, 32.8980178833], [2602.09204102, -547.085571289, 189.285980225, 688.911804199, 107.905319214, 714.186523438, 204.883728027, 150.449752808, 30.1756401062, 228.812698364, -46.5943717957, 79.3168106079, 50.7631912231], [-974.943481445, -181.091369629, 222.185256958, 277.311096191, 217.473449707, 204.883728027, 318.622192383, 143.500747681, 98.742767334, 44.5394859314, 18.1740341187, -8.84626579285, 34.9722251892], [-44.9374160767, -213.808044434, 95.0212402344, 155.566146851, 98.6866836548, 150.449752808, 143.500747681, 196.402587891, 86.2059402466, 51.0545883179, -11.4312448502, 2.83789134026, 1.90975260735], [-1075.43933105, 88.5434036255, 127.453514099, -15.7819404602, 140.539657593, 30.1756401062, 98.742767334, 86.2059402466, 172.326004028, 17.726228714, 39.9904289246, -37.1207542419, -1.39783847332], [773.246337891, -559.211364746, 238.231964111, 181.694793701, -120.792053223, 228.812698364, 44.5394859314, 51.0545883179, 17.726228714, 292.813171387, -12.6421918869, 63.8882522583, -9.24631595612], [-531.959533691, 274.554199219, -47.8785057068, -84.2103271484, 142.894760132, -46.5943717957, 18.1740341187, -11.4312448502, 39.9904289246, -12.6421918869, 159.972702026, 27.4919013977, 3.87250447273], [410.320251465, -232.325286865, 90.1934432983, 74.6779556274, -73.6960220337, 79.3168106079, -8.84626579285, 2.83789134026, -37.1207542419, 63.8882522583, 27.4919013977, 150.81413269, 56.7188110352], [-104.550582886, 13.3235378265, 147.465270996, 115.389427185, 32.8980178833, 50.7631912231, 34.9722251892, 1.90975260735, -1.39783847332, -9.24631595612, 3.87250447273, 56.7188110352, 128.456665039]], "icov": [[0.000116270741273, -0.000358267570846, 0.000179139446118, -0.000291530566756, 0.000216170024942, -0.000324225518852, 0.000381626974558, -0.000412246299675, 0.000495672051329, -0.000522653164808, 0.000432083092164, -0.000364973384421, 0.000278912979411], [-0.000358267570846, 0.00164418458007, -0.000438463670434, 0.00111153721809, -0.000758828886319, 0.000767246296164, -0.000942657992709, 0.00156958971638, -0.00175950455014, 0.00226375414059, -0.00211183726788, 0.00190460844897, -0.00146630499512], [0.000179139446118, -0.000438463670434, 0.00106271810364, -0.00028402969474, 0.000193594023585, -0.000362414750271, 0.00014060481044, -0.00028857664438, 0.00021952073439, -0.00143179215956, 0.00116857490502, -0.000709525076672, -0.000536527193617], [-0.000291530566756, 0.00111153721809, -0.00028402969474, 0.00227277120575, -0.000792589911725, -0.000388281216146, -0.00145952124149, 0.00112160283606, -0.000649551278912, 0.0013657436939, -0.000843985646497, 0.00135765050072, -0.00181375304237], [0.000216170024942, -0.000758828886319, 0.000193594023585, -0.000792589911725, 0.00238471664488, -0.00103126175236, 0.000166026744409, -0.00111397355795, 0.000544113921933, 0.000120794982649, -0.00106996891554, 0.000390171277104, 0.000387124833651], [-0.000324225518852, 0.000767246296164, -0.000362414750271, -0.000388281216146, -0.00103126175236, 0.00467427959666, -0.00185867166147, 0.000354608870111, -0.00130869576242, -0.000849636213388, 0.000150297084474, -0.00037874665577, -0.000573647033889], [0.000381626974558, -0.000942657992709, 0.00014060481044, -0.00145952124149, 0.000166026744409, -0.00185867166147, 0.00795515626669, -0.00433086371049, 0.000643511943053, -0.00108890247066, -5.98423321208e-05, 0.000426662008977, -0.000109355598397], [-0.000412246299675, 0.00156958971638, -0.00028857664438, 0.00112160283606, -0.00111397355795, 0.000354608870111, -0.00433086371049, 0.0115481819957, -0.00600393349305, 0.00207306141965, 0.000621204439085, -0.000636632845271, 0.000324250635458], [0.000495672051329, -0.00175950455014, 0.00021952073439, -0.000649551278912, 0.000544113921933, -0.00130869576242, 0.000643511943053, -0.00600393349305, 0.0129792494699, -0.00349201424979, -0.00084240292199, 0.00196748925373, 0.000255827704677], [-0.000522653164808, 0.00226375414059, -0.00143179215956, 0.0013657436939, 0.000120794982649, -0.000849636213388, -0.00108890247066, 0.00207306141965, -0.00349201424979, 0.00981459394097, -0.00394446169958, 0.000929243164137, 0.000704190053511], [0.000432083092164, -0.00211183726788, 0.00116857490502, -0.000843985646497, -0.00106996891554, 0.000150297084474, -5.98423321208e-05, 0.000621204439085, -0.00084240292199, -0.00394446169958, 0.0133610628545, -0.00733348214999, 0.00275118136778], [-0.000364973384421, 0.00190460844897, -0.000709525076672, 0.00135765050072, 0.000390171277104, -0.00037874665577, 0.000426662008977, -0.000636632845271, 0.00196748925373, 0.000929243164137, -0.00733348214999, 0.0148780141026, -0.00721643771976], [0.000278912979411, -0.00146630499512, -0.000536527193617, -0.00181375304237, 0.000387124833651, -0.000573647033889, -0.000109355598397, 0.000324250635458, 0.000255827704677, 0.000704190053511, 0.00275118136778, -0.00721643771976, 0.0137183712795]]}, "melbands": {"dmean": [0.00342818396166, 0.0028830440715, 0.00115091458429, 0.000614620861597, 0.000367307889974, 0.000189889484318, 8.76308040461e-05, 0.000149478510139, 5.38475287613e-05, 4.09897329519e-05, 1.51523381646e-05, 3.0802020774e-05, 5.42165762454e-05, 3.85656167055e-05, 3.08141243295e-05, 1.73437329067e-05, 2.37353251578e-05, 1.31654260258e-05, 7.554379863e-06, 5.83546761845e-06, 1.73558805727e-06, 1.48330479988e-06, 1.36639357606e-06, 5.98771634941e-07, 6.57761063394e-07, 1.06183688331e-06, 1.72245484009e-06, 2.18275226871e-06, 2.2722997528e-06, 2.51588494393e-06, 3.8909365685e-06, 6.9233483373e-06, 3.67054690287e-06, 1.8341543182e-06, 1.02979049643e-06, 2.99946037785e-07, 1.37528402888e-07, 2.20137891915e-07, 3.70000861949e-07, 6.338317462e-07], "dmean2": [0.00465327966958, 0.00446859002113, 0.00203385902569, 0.00106002436951, 0.000581679516472, 0.000306084722979, 0.000131245789817, 0.000233172628214, 7.12340843165e-05, 5.94622470089e-05, 2.22134876822e-05, 4.66653327749e-05, 7.89242913015e-05, 5.32683443453e-05, 4.42256023234e-05, 2.66305578407e-05, 3.35154290951e-05, 2.13582370634e-05, 1.28167721414e-05, 9.7683923741e-06, 2.79451273855e-06, 2.33681907957e-06, 2.3132579372e-06, 9.99454869088e-07, 1.1490203633e-06, 1.81903374141e-06, 3.02914691019e-06, 3.71939518118e-06, 3.46464025824e-06, 3.86338069802e-06, 6.09195694778e-06, 1.09538286779e-05, 5.6472849792e-06, 2.87838088298e-06, 1.61396030762e-06, 4.69447229534e-07, 2.04889232691e-07, 3.47396621692e-07, 5.53422296434e-07, 9.51923880166e-07], "dvar": [8.81801097421e-05, 8.22286456241e-05, 2.05528085644e-05, 3.62744435733e-06, 6.11145537732e-07, 2.06795704116e-07, 1.63391860042e-07, 1.93992903519e-07, 3.12241468237e-08, 2.23655813869e-08, 1.58620339086e-09, 7.25477855568e-09, 1.26804104994e-08, 6.90415147275e-09, 5.20549470195e-09, 2.77568923401e-09, 6.25790264053e-09, 6.81724365847e-09, 1.33363620147e-09, 1.39659575571e-10, 1.35352536471e-11, 1.04553666072e-11, 1.47022463648e-11, 4.50369299146e-12, 4.45833734514e-12, 1.95638973771e-11, 7.49132908484e-11, 1.15555814917e-10, 5.81132295063e-11, 6.67556496192e-11, 1.70381680986e-10, 7.11456393798e-10, 1.31329419562e-10, 3.11432615807e-11, 9.24282959197e-12, 6.4776602051e-13, 4.76835910167e-13, 4.09049096678e-13, 1.37972164076e-12, 4.42562566455e-12], "dvar2": [0.000183224881766, 0.000180849427124, 5.74923069507e-05, 1.04695045593e-05, 1.41184568747e-06, 5.31171679086e-07, 3.23021339454e-07, 4.7209209697e-07, 5.25855092803e-08, 4.5176662411e-08, 3.12242076639e-09, 1.61871529514e-08, 2.43772664277e-08, 1.23895782522e-08, 1.00859747221e-08, 6.11258332839e-09, 1.09711981722e-08, 1.91754239154e-08, 3.7207574799e-09, 3.66759123072e-10, 3.13733969359e-11, 2.14913069979e-11, 3.82966054702e-11, 1.15047112462e-11, 1.25484466568e-11, 5.3859538357e-11, 2.0754141461e-10, 3.08910952374e-10, 1.30787963792e-10, 1.53090984334e-10, 4.26701479705e-10, 1.79558556912e-09, 3.1410346546e-10, 7.57836571275e-11, 2.11478959344e-11, 1.49255293454e-12, 9.90989083328e-13, 1.0635379296e-12, 3.30977649801e-12, 1.07702432042e-11], "max": [0.12015414983, 0.0962392017245, 0.0525438562036, 0.0251130349934, 0.0241106078029, 0.0277257915586, 0.0296670962125, 0.0214122962207, 0.00995972100645, 0.00719909695908, 0.00169747101609, 0.00315945385955, 0.00385752413422, 0.00215919665061, 0.00184924085625, 0.0014228791697, 0.00191335985437, 0.00308891874738, 0.00131270929705, 0.000301834457787, 0.000107227984699, 7.36575311748e-05, 0.000182974792551, 0.000107978339656, 3.26182926074e-05, 7.77562527219e-05, 9.80012046057e-05, 0.000149788887938, 7.66053562984e-05, 8.04462906672e-05, 0.000152311215061, 0.000292227545287, 9.79013566393e-05, 6.55053809169e-05, 2.82810651697e-05, 9.22691742744e-06, 3.15711658914e-05, 2.0772251446e-05, 3.76318530471e-05, 6.06530011282e-05], "mean": [0.0067113363184, 0.00534229492769, 0.0015151319094, 0.00107093621045, 0.000835193553939, 0.000462624389911, 0.000247486401349, 0.000372040405637, 0.000155461471877, 8.57263003127e-05, 3.13617310894e-05, 5.91135358263e-05, 0.000199454007088, 0.00011495288345, 6.35397373117e-05, 3.41824415955e-05, 4.21790791734e-05, 1.94671119971e-05, 1.03354068415e-05, 9.19501781027e-06, 2.94155870506e-06, 2.67373843599e-06, 2.47445882451e-06, 1.10201040115e-06, 9.03531997665e-07, 1.18823129469e-06, 1.53687767579e-06, 1.95960751626e-06, 2.3200996111e-06, 2.5696283501e-06, 3.69987265003e-06, 6.23928644927e-06, 3.58452257387e-06, 1.89592356037e-06, 1.14460920031e-06, 4.13868207261e-07, 2.25024422207e-07, 3.20224614825e-07, 4.8034411293e-07, 7.33609169856e-07], "median": [0.00263135088608, 0.00216865772381, 0.000551066594198, 0.000388483691495, 0.000278059393167, 0.000118183394079, 4.49940052931e-05, 6.37769917375e-05, 3.09690949507e-05, 1.53115506691e-05, 7.18501678421e-06, 1.7643757019e-05, 4.1217837861e-05, 3.13168820867e-05, 1.54362242029e-05, 4.87585475639e-06, 3.41766735801e-06, 3.27621205543e-06, 3.51759081241e-06, 3.08894595946e-06, 1.06392678845e-06, 1.15507361897e-06, 8.74741658663e-07, 2.87281068267e-07, 2.69113968443e-07, 2.37252749002e-07, 1.78284523145e-07, 1.35035151061e-07, 6.82083154402e-08, 6.14855935055e-08, 5.62331585741e-08, 4.83697846221e-08, 3.71445167957e-08, 3.64185446244e-08, 2.35665176263e-08, 9.4342418322e-09, 4.95635887887e-09, 8.11128852973e-09, 6.80757006322e-09, 6.64126487138e-09], "min": [7.32850942786e-25, 6.59572568616e-25, 6.34584758494e-25, 1.06349425051e-24, 5.09521018555e-25, 3.10189253789e-25, 7.50072515904e-25, 1.08891913888e-24, 1.17657095317e-24, 1.48374254283e-24, 1.51557071377e-24, 1.34043264737e-24, 1.56559484896e-24, 1.3443576248e-24, 1.68812131641e-24, 2.22550598682e-24, 8.34102078135e-25, 2.04539780089e-24, 2.46178718287e-24, 2.67511173772e-24, 3.01452288928e-24, 3.31766024427e-24, 2.44349704835e-24, 3.9625698115e-24, 3.7328535159e-24, 3.37773279106e-24, 2.91525283018e-24, 3.37338892849e-24, 3.62820441151e-24, 4.17446218938e-24, 4.84977090603e-24, 4.23838437739e-24, 3.88055588749e-24, 3.85918485671e-24, 5.26909149792e-24, 5.6640654757e-24, 5.6514862997e-24, 5.24383532718e-24, 5.08512597938e-24, 5.01003391538e-24], "var": [0.000147143888171, 9.99139010673e-05, 1.37479382829e-05, 4.61495937998e-06, 2.48468518294e-06, 1.29056479636e-06, 1.15722571081e-06, 1.51964638917e-06, 2.12446465753e-07, 9.61865538329e-08, 8.45252312587e-09, 2.13087840706e-08, 1.13052379902e-07, 3.41595693953e-08, 1.82982340391e-08, 9.48834522063e-09, 1.90641973319e-08, 5.9062181812e-09, 1.12839859678e-09, 2.7021820892e-10, 2.94929740352e-11, 2.59113008827e-11, 4.87160381479e-11, 1.25296656731e-11, 4.02394610688e-12, 1.54826013121e-11, 4.93823940073e-11, 8.27624149768e-11, 5.91451956855e-11, 6.85339840434e-11, 1.54598056579e-10, 5.98838922894e-10, 1.30361443862e-10, 3.07547563805e-11, 1.01955137041e-11, 9.68174108593e-13, 8.06815226607e-13, 8.06612480801e-13, 1.83389805078e-12, 5.42853565919e-12]}, "mfcc": {"mean": [-750.874389648, 165.793106079, 18.5245075226, 14.0422487259, 6.91016960144, 20.2683677673, 4.62230682373, 2.83219671249, 0.333839684725, -7.71266078949, -0.989433705807, -1.54456448555, 7.86559677124], "cov": [[17488.015625, 1402.24194336, 182.033187866, 593.529846191, -174.714736938, 1458.71081543, 385.494049072, -59.2018928528, 247.289260864, -177.398223877, 271.927185059, 91.8619613647, 632.836120605], [1402.24194336, 4825.39257812, -494.912689209, -225.778289795, 461.294891357, -359.751403809, -84.0714416504, 86.1680526733, -332.01184082, -109.303031921, -176.465881348, 57.7197341919, 53.7519264221], [182.033187866, -494.912689209, 1509.75134277, 206.720458984, -63.3721160889, 323.919677734, 76.8815002441, -22.9347000122, 263.214080811, 10.5440225601, 113.723457336, -80.798248291, 0.631734907627], [593.529846191, -225.778289795, 206.720458984, 504.858398438, 179.583511353, 268.039916992, 187.464065552, 123.594795227, 152.358032227, 49.4418144226, 54.1342430115, -13.3638763428, 16.2289333344], [-174.714736938, 461.294891357, -63.3721160889, 179.583511353, 464.63772583, 171.172912598, 172.568054199, 152.461791992, 68.9929199219, 88.4625854492, 42.1062088013, 22.3368053436, -0.909042537212], [1458.71081543, -359.751403809, 323.919677734, 268.039916992, 171.172912598, 544.45300293, 256.041595459, 115.026405334, 225.128814697, 66.5957641602, 162.092727661, 17.7265071869, 81.8957366943], [385.494049072, -84.0714416504, 76.8815002441, 187.464065552, 172.568054199, 256.041595459, 274.367401123, 152.623138428, 141.302093506, 73.69480896, 80.6156921387, 30.9715709686, 46.3191337585], [-59.2018928528, 86.1680526733, -22.9347000122, 123.594795227, 152.461791992, 115.026405334, 152.623138428, 240.593093872, 137.96307373, 55.1403007507, 31.5494403839, 36.9561195374, 28.010471344], [247.289260864, -332.01184082, 263.214080811, 152.358032227, 68.9929199219, 225.128814697, 141.302093506, 137.96307373, 286.644348145, 104.77431488, 98.6452102661, -14.595864296, 42.8815689087], [-177.398223877, -109.303031921, 10.5440225601, 49.4418144226, 88.4625854492, 66.5957641602, 73.69480896, 55.1403007507, 104.77431488, 205.342849731, 103.64377594, -7.6518330574, -41.1447715759], [271.927185059, -176.465881348, 113.723457336, 54.1342430115, 42.1062088013, 162.092727661, 80.6156921387, 31.5494403839, 98.6452102661, 103.64377594, 214.885345459, 72.3540115356, 17.0830936432], [91.8619613647, 57.7197341919, -80.798248291, -13.3638763428, 22.3368053436, 17.7265071869, 30.9715709686, 36.9561195374, -14.595864296, -7.6518330574, 72.3540115356, 164.006515503, 84.5744552612], [632.836120605, 53.7519264221, 0.631734907627, 16.2289333344, -0.909042537212, 81.8957366943, 46.3191337585, 28.010471344, 42.8815689087, -41.1447715759, 17.0830936432, 84.5744552612, 195.395782471]], "icov": [[0.000122620840557, -9.98496543616e-05, 9.36748328968e-05, -0.000118015705084, 0.000323447049595, -0.000569385651033, 0.000115584662126, 0.000122040910355, 4.35508918599e-05, -3.50767186319e-05, 3.94198104914e-05, 6.63762039039e-05, -0.000214034880628], [-9.98496543616e-05, 0.000385290652048, -0.000125733073219, 0.000230893085245, -0.000716790615115, 0.000680166471284, -1.26889735839e-05, -0.00040693115443, 0.000409632833907, 0.000112421636004, -0.000149183018948, 0.000186673612916, -0.000162424519658], [9.36748328968e-05, -0.000125733073219, 0.00107021862641, -0.000293211545795, 0.000449211103842, -0.000781897746492, 0.000184331307537, 0.000816346320789, -0.00119467324112, 0.000578108534683, -0.000215442487388, 0.000190991369891, 0.000241259869654], [-0.000118015705084, 0.000230893085245, -0.000293211545795, 0.00330595043488, -0.00105993740726, -0.000188508158317, -0.000938950630371, -0.000508854049258, -0.000286306632916, 0.000308386632241, 0.000322360458085, 0.000190502236364, 0.000431806576671], [0.000323447049595, -0.000716790615115, 0.000449211103842, -0.00105993740726, 0.00503128021955, -0.00266848551109, -0.000528369972017, -0.000830392702483, 0.000810274970718, -0.00160146027338, 0.000900668557733, -0.000410089298384, 0.000206051699934], [-0.000569385651033, 0.000680166471284, -0.000781897746492, -0.000188508158317, -0.00266848551109, 0.00840172916651, -0.00389300612733, 0.000501086760778, -0.00162195775192, 0.00215899595059, -0.00345252198167, 0.00152169982903, -0.000553847698029], [0.000115584662126, -1.26889735839e-05, 0.000184331307537, -0.000938950630371, -0.000528369972017, -0.00389300612733, 0.0102490456775, -0.00369803467765, 0.000728731974959, -0.00164861453231, 0.000370702997316, -0.000337448203936, -0.000957132317126], [0.000122040910355, -0.00040693115443, 0.000816346320789, -0.000508854049258, -0.000830392702483, 0.000501086760778, -0.00369803467765, 0.0106750829145, -0.00610416103154, 0.000783916038927, 0.00232818187214, -0.00366158713587, 0.00177476741374], [4.35508918599e-05, 0.000409632833907, -0.00119467324112, -0.000286306632916, 0.000810274970718, -0.00162195775192, 0.000728731974959, -0.00610416103154, 0.011638131924, -0.00354103278369, -0.00210139225237, 0.00428522750735, -0.00381104741246], [-3.50767186319e-05, 0.000112421636004, 0.000578108534683, 0.000308386632241, -0.00160146027338, 0.00215899595059, -0.00164861453231, 0.000783916038927, -0.00354103278369, 0.00994087010622, -0.00496710045263, 0.00172984704841, 0.00197718478739], [3.94198104914e-05, -0.000149183018948, -0.000215442487388, 0.000322360458085, 0.000900668557733, -0.00345252198167, 0.000370702997316, 0.00232818187214, -0.00210139225237, -0.00496710045263, 0.0121321454644, -0.00745230307803, 0.00249708187766], [6.63762039039e-05, 0.000186673612916, 0.000190991369891, 0.000190502236364, -0.000410089298384, 0.00152169982903, -0.000337448203936, -0.00366158713587, 0.00428522750735, 0.00172984704841, -0.00745230307803, 0.0138503769413, -0.00623716041446], [-0.000214034880628, -0.000162424519658, 0.000241259869654, 0.000431806576671, 0.000206051699934, -0.000553847698029, -0.000957132317126, 0.00177476741374, -0.00381104741246, 0.00197718478739, 0.00249708187766, -0.00623716041446, 0.00975869130343]]}, "spectral_contrast_coeffs": {"dmean": [0.0386372990906, 0.0392624810338, 0.0323005653918, 0.0295501481742, 0.0216610394418, 0.0187998805195], "dmean2": [0.0625108033419, 0.0636145174503, 0.050971981138, 0.0471729487181, 0.0343912579119, 0.0271247196943], "dvar": [0.00117069669068, 0.00127060932573, 0.000882257998455, 0.000685964187142, 0.000478917878354, 0.000519003835507], "dvar2": [0.00302363699302, 0.0032560005784, 0.0020343225915, 0.00163780164439, 0.00115219887812, 0.000943816674408], "max": [-0.216282874346, -0.305381417274, -0.425866127014, -0.518808245659, -0.571533441544, -0.614964783192], "mean": [-0.634692907333, -0.68828523159, -0.700881063938, -0.749903678894, -0.800849378109, -0.790155589581], "median": [-0.645318031311, -0.6878875494, -0.691512286663, -0.742946624756, -0.802252829075, -0.789433717728], "min": [-0.985125780106, -0.980011940002, -0.981315732002, -0.974877476692, -0.968285799026, -0.967803120613], "var": [0.0145926941186, 0.0125353513286, 0.0090114036575, 0.00635955203325, 0.00400122022256, 0.00444733863696]}, "spectral_contrast_valleys": {"dmean": [0.356815963984, 0.347495913506, 0.320488661528, 0.291544705629, 0.241231933236, 0.360101222992], "dmean2": [0.569822251797, 0.544746696949, 0.50244230032, 0.459862619638, 0.343963891268, 0.447613984346], "dvar": [0.192647635937, 0.155450358987, 0.137937277555, 0.140485048294, 0.114641048014, 0.312913447618], "dvar2": [0.370754748583, 0.