{"lowlevel": {"average_loudness": 0.943320155144, "barkbands_crest": {"dmean": 3.1891245842, "dmean2": 4.91440534592, "dvar": 10.3298540115, "dvar2": 20.0054244995, "max": 26.5819396973, "mean": 11.1087446213, "median": 9.58908367157, "min": 1.97875785828, "var": 35.8553237915}, "barkbands_flatness_db": {"dmean": 0.0252123493701, "dmean2": 0.0365498661995, "dvar": 0.000739052135032, "dvar2": 0.00131131836679, "max": 0.532045543194, "mean": 0.110526017845, "median": 0.089963927865, "min": 0.0211665872484, "var": 0.00566395325586}, "barkbands_kurtosis": {"dmean": 5.87832117081, "dmean2": 9.41433048248, "dvar": 694.714172363, "dvar2": 1980.38842773, "max": 825.818359375, "mean": 7.28094768524, "median": 0.159385442734, "min": -1.89896976948, "var": 954.318054199}, "barkbands_skewness": {"dmean": 0.706137180328, "dmean2": 1.00779092312, "dvar": 1.05304527283, "dvar2": 2.34639358521, "max": 22.3717727661, "mean": 1.57343220711, "median": 1.14888060093, "min": -2.77901029587, "var": 4.05682086945}, "barkbands_spread": {"dmean": 7.57905006409, "dmean2": 10.9898204803, "dvar": 67.4128952026, "dvar2": 132.469238281, "max": 92.5275268555, "mean": 34.9024238586, "median": 35.7482833862, "min": 0.0972324609756, "var": 263.358001709}, "dissonance": {"dmean": 0.0092815766111, "dmean2": 0.0159771740437, "dvar": 8.18216358311e-05, "dvar2": 0.000227665907005, "max": 0.500000119209, "mean": 0.483777016401, "median": 0.487167447805, "min": 0.35613706708, "var": 0.00016403675545}, "dynamic_complexity": 2.76974797249, "erbbands_crest": {"dmean": 1.66182339191, "dmean2": 2.68363189697, "dvar": 2.92992925644, "dvar2": 6.86502408981, "max": 26.2132568359, "mean": 6.68666362762, "median": 5.41116952896, "min": 2.31991887093, "var": 15.5567312241}, "erbbands_flatness_db": {"dmean": 0.0126236481592, "dmean2": 0.0187946539372, "dvar": 0.000185214710655, "dvar2": 0.000345745153027, "max": 0.418261885643, "mean": 0.124904595315, "median": 0.115342304111, "min": 0.0370080731809, "var": 0.00160152418539}, "erbbands_kurtosis": {"dmean": 0.772772789001, "dmean2": 1.20577299595, "dvar": 2.37284040451, "dvar2": 5.92514848709, "max": 31.6796607971, "mean": 0.518404901028, "median": -0.323673963547, "min": -1.89511430264, "var": 8.68152999878}, "erbbands_skewness": {"dmean": 0.273319393396, "dmean2": 0.418137848377, "dvar": 0.0862644389272, "dvar2": 0.189086928964, "max": 4.80803155899, "mean": -0.436897575855, "median": -0.409829705954, "min": -4.35257482529, "var": 0.618200421333}, "erbbands_spread": {"dmean": 7.634288311, "dmean2": 11.8547849655, "dvar": 60.0808486938, "dvar2": 129.490264893, "max": 142.267303467, "mean": 45.764377594, "median": 44.6777839661, "min": 4.52880954742, "var": 323.481811523}, "hfc": {"dmean": 10.9533786774, "dmean2": 16.2385787964, "dvar": 224.969863892, "dvar2": 506.751464844, "max": 120.15901947, "mean": 30.9398937225, "median": 27.0735492706, "min": 1.19105776106e-16, "var": 438.68182373}, "melbands_crest": {"dmean": 3.50997424126, "dmean2": 5.38420629501, "dvar": 10.1493434906, "dvar2": 21.6952419281, "max": 32.9016265869, "mean": 15.6578369141, "median": 15.00111866, "min": 1.73198056221, "var": 39.914390564}, "melbands_flatness_db": {"dmean": 0.0332956463099, "dmean2": 0.0466846637428, "dvar": 0.00112880486995, "dvar2": 0.00194744952023, "max": 0.69278216362, "mean": 0.170301929116, "median": 0.151811137795, "min": 0.00704721687362, "var": 0.00936098583043}, "melbands_kurtosis": {"dmean": 12.9235305786, "dmean2": 19.5997486115, "dvar": 1052.85693359, "dvar2": 2012.85424805, "max": 811.435546875, "mean": 23.1775951385, "median": 8.02721500397, "min": -1.87723433971, "var": 2768.24853516}, "melbands_skewness": {"dmean": 0.988357186317, "dmean2": 1.43764734268, "dvar": 1.61922931671, "dvar2": 2.9850320816, "max": 22.3347187042, "mean": 3.34817862511, "median": 2.75986886024, "min": -1.87234652042, "var": 6.6666059494}, "melbands_spread": {"dmean": 11.1944103241, "dmean2": 16.4286746979, "dvar": 163.289810181, "dvar2": 355.296966553, "max": 154.814956665, "mean": 35.7907142639, "median": 30.4088439941, "min": 0.27016711235, "var": 646.051574707}, "pitch_salience": {"dmean": 0.0928277522326, "dmean2": 0.147908106446, "dvar": 0.00972595717758, "dvar2": 0.0207420550287, "max": 0.973915159702, "mean": 0.501561164856, "median": 0.515449106693, "min": 0.0534576028585, "var": 0.024683766067}, "silence_rate_20dB": {"dmean": 0, "dmean2": 0, "dvar": 0, "dvar2": 0, "max": 1, "mean": 1, "median": 1, "min": 1, "var": 0}, "silence_rate_30dB": {"dmean": 0.0281329918653, "dmean2": 0.0562762655318, "dvar": 0.0273424126208, "dvar2": 0.0691924616694, "max": 1, "mean": 0.97954338789, "median": 1, "min": 0, "var": 0.0200389567763}, "silence_rate_60dB": {"dmean": 0.00840336177498, "dmean2": 0.0168097931892, "dvar": 0.00833334960043, "dvar2": 0.0205466784537, "max": 1, "mean": 0.046757992357, "median": 0, "min": 0, "var": 0.0445740707219}, "spectral_centroid": {"dmean": 274.176696777, "dmean2": 410.571228027, "dvar": 95412.6796875, "dvar2": 180866.171875, "max": 11150.7412109, "mean": 2105.625, "median": 2163.76733398, "min": 103.581489563, "var": 501418.9375}, "spectral_complexity": {"dmean": 6.16989421844, "dmean2": 8.95742702484, "dvar": 47.3743209839, "dvar2": 88.0825576782, "max": 62, "mean": 29.4222831726, "median": 29, "min": 0, "var": 198.921615601}, "spectral_decrease": {"dmean": 3.35368643967e-09, "dmean2": 5.12417441811e-09, "dvar": 1.81207859445e-17, "dvar2": 3.85472815982e-17, "max": 4.12377110427e-29, "mean": -8.80704309481e-09, "median": -7.04881220059e-09, "min": -4.84011444257e-08, "var": 4.98861079989e-17}, "spectral_energy": {"dmean": 0.0132810808718, "dmean2": 0.0202936045825, "dvar": 0.000272861419944, "dvar2": 0.000584685185459, "max": 0.187175661325, "mean": 0.0360460914671, "median": 0.0296109504998, "min": 1.06475964762e-20, "var": 0.000747967395}, "spectral_energyband_high": {"dmean": 0.000970029272139, "dmean2": 0.00141810125206, "dvar": 1.72276884314e-06, "dvar2": 3.74108276446e-06, "max": 0.0104893147945, "mean": 0.00204145465977, "median": 0.00147947249934, "min": 8.00384161233e-21, "var": 3.22717346535e-06}, "spectral_energyband_low": {"dmean": 0.0107584521174, "dmean2": 0.0165283046663, "dvar": 0.000269935902907, "dvar2": 0.00058476626873, "max": 0.156320556998, "mean": 0.0195669289678, "median": 0.0118164708838, "min": 4.13946524307e-23, "var": 0.000607560446952}, "spectral_energyband_middle_high": {"dmean": 0.0022062016651, "dmean2": 0.00351228448562, "dvar": 1.07890282379e-05, "dvar2": 2.6233978133e-05, "max": 0.0298204794526, "mean": 0.00668396707624, "median": 0.00587525963783, "min": 1.52293260592e-21, "var": 2.25157109526e-05}, "spectral_energyband_middle_low": {"dmean": 0.00454214354977, "dmean2": 0.00782749243081, "dvar": 6.06544454058e-05, "dvar2": 0.000161123141879, "max": 0.0619259960949, "mean": 0.00879409350455, "median": 0.00566641287878, "min": 2.5534026485e-22, "var": 7.65017248341e-05}, "spectral_entropy": {"dmean": 0.131415337324, "dmean2": 0.184211567044, "dvar": 0.0208608023822, "dvar2": 0.0391582921147, "max": 9.80829429626, "mean": 7.9030122757, "median": 7.97047138214, "min": 4.97613286972, "var": 0.170864626765}, "spectral_flux": {"dmean": 0.0316736102104, "dmean2": 0.0461365319788, "dvar": 0.00136609806214, "dvar2": 0.00260319700465, "max": 0.311946451664, "mean": 0.0944144427776, "median": 0.0804118961096, "min": 1.031871949e-10, "var": 0.002938213991}, "spectral_kurtosis": {"dmean": 0.885002017021, "dmean2": 1.4961553812, "dvar": 2.73643732071, "dvar2": 8.10867786407, "max": 65.0634536743, "mean": 3.12692713737, "median": 2.48881006241, "min": -1.21990919113, "var": 14.71352005}, "spectral_rms": {"dmean": 0.00100974366069, "dmean2": 0.00154034083243, "dvar": 1.17374520414e-06, "dvar2": 2.37987228502e-06, "max": 0.0135133415461, "mean": 0.0054919780232, "median": 0.00537482369691, "min": 3.22302622958e-12, "var": 5.00518854096e-06}, "spectral_rolloff": {"dmean": 727.705078125, "dmean2": 1077.63439941, "dvar": 847102.8125, "dvar2": 1632785.625, "max": 20155.078125, "mean": 2230.80029297, "median": 2067.1875, "min": 64.599609375, "var": 2960178}, "spectral_skewness": {"dmean": 0.135107204318, "dmean2": 0.219633817673, "dvar": 0.0237299706787, "dvar2": 0.0639533102512, "max": 6.30778694153, "mean": 1.14511144161, "median": 1.09822010994, "min": -0.00879759248346, "var": 0.216281324625}, "spectral_spread": {"dmean": 425794.6875, "dmean2": 623239.625, "dvar": 400171794432, "dvar2": 550586744832, "max": 41373520, "mean": 4766287, "median": 4866652, "min": 1148735.125, "var": 1400134696960.0}, "spectral_strongpeak": {"dmean": 0.346526294947, "dmean2": 0.598948836327, "dvar": 0.392483472824, "dvar2": 1.018892169, "max": 7.62685441971, "mean": 0.660576462746, "median": 0.391431629658, "min": 0, "var": 0.804204642773}, "zerocrossingrate": {"dmean": 0.0149270985276, "dmean2": 0.0157425869256, "dvar": 0.000220371453906, "dvar2": 0.000247751711868, "max": 0.51123046875, "mean": 0.0750653743744, "median": 0.0693359375, "min": 0.001953125, "var": 0.00193169969134}, "barkbands": {"dmean": [0.000177149486262, 0.00973691791296, 0.00197982834652, 0.00166429963429, 0.00202361145057, 0.000611728231888, 0.00039297901094, 0.000245099276071, 0.000511686434038, 0.00045783087262, 0.000284872279735, 0.0003322174598, 0.000346362852724, 0.000251326040598, 0.00050232745707, 0.000299213308608, 0.000395217124606, 0.000341212929925, 0.000298662140267, 0.000277409650153, 0.000314232369419, 0.000242511247052, 0.000167634920217, 0.000129675419885, 8.1106860307e-05, 2.2434784114e-05, 4.38152028437e-06], "dmean2": [0.000258757529082, 0.0154765313491, 0.00327598815784, 0.00305269216187, 0.00351044815034, 0.00102132884786, 0.000672637135722, 0.000395736453356, 0.000893525138963, 0.000779910536949, 0.000459294911707, 0.000537407468073, 0.000567134120502, 0.000423894816777, 0.000848502328154, 0.000498603389133, 0.000655000447296, 0.000551004079171, 0.000486900360556, 0.000431628810475, 0.000492387101986, 0.000384660961572, 0.000257198204054, 0.000184560922207, 0.000118145282613, 3.29927352141e-05, 7.15896112524e-06], "dvar": [5.62149509165e-08, 0.000249876466114, 1.19300138977e-05, 1.64918365044e-05, 9.99970779958e-06, 1.54255940288e-06, 6.13808254002e-07, 1.31814815063e-07, 9.26201892071e-07, 2.08252163247e-06, 2.34011636735e-07, 2.58248405771e-07, 3.55128179308e-07, 1.20171847584e-07, 8.16346926058e-07, 1.54057147483e-07, 2.54838397495e-07, 3.15378485993e-07, 1.59951255796e-07, 1.27893116542e-07, 1.67163165088e-07, 1.30590308345e-07, 6.46570015306e-08, 2.90386825696e-08, 1.6873929809e-08, 1.10702724765e-09, 1.30707514256e-10], "dvar2": [1.07413391959e-07, 0.000555530947167, 2.9214335882e-05, 4.61167837784e-05, 2.53430953308e-05, 3.86738383895e-06, 1.53365192546e-06, 3.1965126368e-07, 2.55095983448e-06, 5.65595337321e-06, 5.45333421087e-07, 5.81080257689e-07, 8.83864629486e-07, 3.19904529533e-07, 2.19425714931e-06, 3.95109253759e-07, 6.68971608775e-07, 6.36702111478e-07, 4.11018334034e-07, 3.00625458749e-07, 3.95400292064e-07, 3.11608005177e-07, 1.50807579757e-07, 5.4620386436e-08, 3.63894301358e-08, 2.37716624163e-09, 3.46669970508e-10], "max": [0.00276995659806, 0.119582749903, 0.0449474751949, 0.0324061661959, 0.0400598943233, 0.014711683616, 0.0186916720122, 0.0062245009467, 0.012381227687, 0.0231217518449, 0.00682264845818, 0.00707506295294, 0.0105566056445, 0.00499864853919, 0.010557802394, 0.00420149462298, 0.00659768749028, 0.00976000633091, 0.00378484791145, 0.00378119572997, 0.00361788994633, 0.00314861512743, 0.00323887937702, 0.00174563319888, 0.00168571562972, 0.000374606664991, 0.000228633667575], "mean": [0.000251861405559, 0.0153784845024, 0.00307855894789, 0.00145553576294, 0.00398369552568, 0.00140664540231, 0.000561888271477, 0.00041479934589, 0.000627482600976, 0.000497723580338, 0.000528445583768, 0.000617823738139, 0.000609399809036, 0.000453200133052, 0.00078447535634, 0.000544020091183, 0.000942471029703, 0.000878123391885, 0.000660588848405, 0.000604470202234, 0.000623927160632, 0.00042663369095, 0.000318252365105, 0.000228490200243, 0.000123450925457, 3.58324869012e-05, 9.83742211247e-06], "median": [0.000108659762191, 0.00681289890781, 0.00108683330473, 0.000451947445981, 0.00182848924305, 0.000441732612671, 0.000152805572725, 0.00020788385882, 0.0003410311474, 0.000151583371917, 0.000206733180676, 0.000326080829836, 0.000407095940318, 0.000319060782203, 0.000506995245814, 0.000386977335438, 0.000635800359305, 0.000419365183916, 0.000506894546561, 0.000473251973744, 0.000471436069347, 0.000291925563943, 0.000213883118704, 0.000131615655846, 5.95077544858e-05, 1.98024772544e-05, 6.57298096485e-06], "min": [8.53826263172e-25, 1.39498991258e-23, 1.38794980232e-23, 2.37518287725e-23, 1.14726376475e-23, 4.49305258008e-23, 7.63677940771e-24, 2.58034808599e-23, 1.25627676878e-22, 5.56079411687e-23, 7.11007780723e-23, 1.2375051609e-22, 1.17792508419e-22, 2.39261007683e-22, 1.52156374923e-22, 1.56944116907e-22, 1.76646479684e-22, 1.31476127546e-22, 1.41675303879e-22, 3.62063754727e-22, 4.10065650508e-22, 5.53834174712e-22, 6.69823132531e-22, 8.38077040952e-22, 1.13317927806e-21, 1.73555578769e-21, 2.66606309293e-21], "var": [1.22002035141e-07, 0.000488476187456, 1.68591468537e-05, 1.07856376417e-05, 2.96516918752e-05, 4.34503181168e-06, 1.46317495364e-06, 2.98193640447e-07, 8.25351435196e-07, 1.5818409338e-06, 5.70232771224e-07, 6.22063794253e-07, 6.31595696632e-07, 2.10804202538e-07, 8.96237565939e-07, 2.89012689336e-07, 8.95231210052e-07, 2.070521532e-06, 3.35716464406e-07, 2.58625249216e-07, 2.80651391904e-07, 1.81935305932e-07, 1.13014898773e-07, 6.54857288396e-08, 2.62068162726e-08, 1.71016767414e-09, 1.56786736372e-10]}, "erbbands": {"dmean": [0.236604273319, 2.45173430443, 3.19358706474, 3.83951735497, 5.52565383911, 7.13277482986, 8.73810100555, 4.25773096085, 6.25141859055, 4.78269815445, 5.27137422562, 11.4231204987, 19.3760070801, 5.69559240341, 12.511554718, 15.237159729, 16.6157722473, 12.6866874695, 19.2623138428, 23.1323623657, 16.2606105804, 18.6115245819, 20.210149765, 16.2016830444, 14.5453939438, 13.4896755219, 13.5463171005, 10.7963476181, 8.24232196808, 7.19317293167, 4.3453578949, 3.14818239212, 1.89361977577, 1.10163831711, 0.520913124084, 0.129067927599, 0.0371643453836, 0.0063220243901, 0.000853911507875, 6.07538204349e-05], "dmean2": [0.327908277512, 3.97865414619, 5.27043676376, 6.75428009033, 10.0812520981, 12.3400888443, 14.1943473816, 7.40136003494, 10.6665582657, 7.98018741608, 8.73131847382, 19.7336902618, 33.3177185059, 9.55478954315, 20.3128910065, 24.3961467743, 27.1409454346, 21.3558826447, 32.2335166931, 38.826915741, 27.089509964, 30.3174495697, 32.1897010803, 26.9941825867, 23.0992870331, 21.0227470398, 21.2509899139, 17.1486949921, 13.0396194458, 11.3308267593, 6.55167770386, 4.64670085907, 2.7490401268, 1.5882627964, 0.782985270023, 0.188111066818, 0.0559946857393, 0.00981178693473, 0.00140125874896, 9.92795321508e-05], "dvar": [0.119610488415, 18.0822219849, 35.6305961609, 77.0690994263, 119.523155212, 144.856887817, 237.471572876, 92.2933731079, 176.088012695, 60.4853210449, 62.5016555786, 435.778259277, 3758.2199707, 91.3313369751, 453.948059082, 529.148193359, 870.597717285, 325.196380615, 765.02545166, 1965.00622559, 440.23034668, 599.690063477, 1371.03417969, 523.714294434, 357.087524414, 313.489501953, 313.801605225, 224.107574463, 155.117996216, 108.985092163, 39.9497032166, 21.3241271973, 6.74517154694, 3.59629368782, 0.816425144672, 0.0342052616179, 0.0037734338548, 0.000142734294059, 6.20488663117e-06, 2.00823411234e-08], "dvar2": [0.182208761573, 42.2271537781, 89.3626174927, 208.974243164, 336.765380859, 355.433044434, 518.622375488, 256.433685303, 436.110809326, 154.191101074, 161.810836792, 1180.79296875, 10251.4511719, 237.374954224, 1084.07116699, 1165.67272949, 2179.99291992, 854.344238281, 2023.71496582, 5279.40527344, 1140.41027832, 1487.74243164, 2591.87207031, 1401.56115723, 858.678527832, 751.960083008, 742.50994873, 531.920043945, 371.6378479, 250.693084717, 87.5168991089, 44.487651825, 13.5655345917, 7.87171697617, 1.85789561272, 0.0720085427165, 0.0085048051551, 0.000343429273926, 1.68842561834e-05, 5.34032729149e-08], "max": [3.33559203148, 31.4521179199, 71.7238464355, 74.1517715454, 84.3551330566, 190.215423584, 174.503601074, 140.064682007, 296.490386963, 147.694381714, 82.1170120239, 301.226776123, 936.978759766, 116.18712616, 338.668762207, 364.187225342, 516.94543457, 272.995147705, 284.116912842, 589.659912109, 245.219985962, 392.00402832, 678.799804688, 259.197052002, 268.486907959, 181.093231201, 164.847290039, 136.666381836, 105.06552124, 88.2919616699, 74.3227005005, 55.7795143127, 37.0164871216, 30.7426433563, 16.0218448639, 1.81349718571, 0.805506885052, 0.237820714712, 0.0501692220569, 0.00335742835887], "mean": [0.420090645552, 3.45658969879, 4.63942241669, 4.27007246017, 6.16002368927, 14.4798946381, 20.6185894012, 7.82528972626, 9.78002166748, 7.63625621796, 8.78367900848, 14.8677663803, 20.7286891937, 9.54455089569, 24.1572151184, 31.1074638367, 28.6477508545, 24.2909450531, 33.9530105591, 38.0034942627, 33.7488517761, 47.5398368835, 56.9590339661, 36.029384613, 33.1393165588, 29.7909736633, 26.2480373383, 21.1666584015, 14.8003568649, 13.0207433701, 8.43379402161, 5.64361047745, 3.35919451714, 1.73271667957, 0.738583505154, 0.208732739091, 0.0570426657796, 0.0111167561263, 0.00170233135577, 0.000157827773364], "median": [0.176446571946, 1.48420584202, 2.18476343155, 2.1061193943, 2.56130027771, 6.17203521729, 5.95745801926, 3.63296747208, 2.23921561241, 2.86256074905, 5.41752338409, 8.53709888458, 7.38438940048, 5.35034513474, 13.6093969345, 18.3654632568, 17.5358314514, 19.3125534058, 24.7992134094, 25.2404632568, 25.0946979523, 29.9778594971, 26.3319606781, 26.7557926178, 26.2045898438, 23.3628482819, 19.7961273193, 14.9471054077, 10.2299156189, 8.84606552124, 5.69658517838, 3.46523737907, 1.86741065979, 0.863739967346, 0.334742516279, 0.107004083693, 0.0323452055454, 0.00903973262757, 0.00125492550433, 0.000118650212244], "min": [4.50318104924e-22, 3.0492983345e-21, 1.28898189683e-20, 5.409034515e-20, 4.11102399026e-20, 4.10641956692e-20, 2.81837081707e-19, 3.31408904293e-19, 1.48935019588e-19, 2.95120103079e-19, 1.11716614708e-18, 2.77133650026e-18, 1.6851915907e-18, 2.17267528527e-18, 3.03922411151e-18, 5.33489598399e-18, 6.17029794465e-18, 8.33083869713e-18, 8.24567797152e-18, 1.17907052432e-17, 6.5942486881e-18, 8.9516824146e-18, 7.77161910811e-18, 6.91941834997e-18, 1.29393729096e-17, 1.42340032124e-17, 1.92760727101e-17, 1.74081317965e-17, 1.85832642793e-17, 1.94446488102e-17, 1.98197901073e-17, 1.86772601211e-17, 1.29118559193e-17, 1.34079608004e-17, 7.98551229808e-18, 6.43255431709e-18, 3.02687430496e-18, 1.2810656782e-18, 3.51617340248e-19, 4.26434547108e-20], "var": [0.360319375992, 28.0796775818, 41.633605957, 58.2527389526, 101.132957458, 512.54309082, 966.957885742, 138.495697021, 474.12411499, 135.623977661, 89.4114990234, 437.206085205, 2729.55810547, 127.703651428, 902.132141113, 1452.91491699, 1499.08911133, 548.808654785, 1156.29077148, 2194.78125, 1005.80413818, 2657.32592773, 10376.2919922, 1071.93273926, 766.312255859, 614.324829102, 516.102172852, 363.039276123, 212.474517822, 177.548400879, 78.2160644531, 42.0462341309, 14.3131933212, 5.39215517044, 1.0632225275, 0.060042206198, 0.00486592901871, 0.000171632636921, 5.91128309679e-06, 2.58621497551e-08]}, "gfcc": {"mean": [28.5940608978, 61.4990234375, -114.233352661, 56.1086349487, -43.9531784058, 21.8618831635, -28.6898231506, 7.20533466339, -20.582660675, 1.92681670189, -11.6451635361, 2.20607852936, -6.70308303833], "cov": [[15764.7207031, -1310.84814453, -1206.22790527, -119.791900635, -687.931945801, 3.22987294197, -669.909301758, -141.609146118, -350.510192871, 331.014373779, -86.0928573608, 192.91267395, -69.7749404907], [-1310.84814453, 1251.57543945, 221.122940063, 107.100112915, 383.738311768, -27.5879764557, 194.387191772, 6.24298334122, 102.054244995, -80.3344192505, 22.6168441772, -69.8646087646, 13.8219127655], [-1206.22790527, 221.122940063, 597.162719727, 5.63902997971, 157.620529175, 101.976112366, 73.4362106323, 0.667800247669, -2.46611499786, -6.23867940903, -16.0602455139, -2.2644572258, 9.67918014526], [-119.791900635, 107.100112915, 5.63902997971, 284.054412842, 94.5875167847, 39.9848861694, 27.7487182617, 95.9209899902, 44.7321472168, -2.27987241745, -15.8442678452, -17.7586212158, -28.9093379974], [-687.931945801, 383.738311768, 157.620529175, 94.5875167847, 295.740325928, 21.1660118103, 98.9839096069, 49.6125030518, 61.6006240845, -31.2145652771, 15.6879682541, -14.6874704361, 10.2392940521], [3.22987294197, -27.5879764557, 101.976112366, 39.9848861694, 21.1660118103, 130.077484131, 36.2016792297, 39.2996559143, -1.16599714756, 23.1518344879, -15.3255434036, 5.17435455322, -3.25097727776], [-669.909301758, 194.387191772, 73.4362106323, 27.7487182617, 98.9839096069, 36.2016792297, 119.017173767, 27.5096130371, 38.7024307251, -11.3910694122, 8.42526245117, -12.9587497711, 9.8322763443], [-141.609146118, 6.24298334122, 0.667800247669, 95.9209899902, 49.6125030518, 39.2996559143, 27.5096130371, 130.984664917, 45.4734191895, 10.2325086594, -27.0947971344, -12.6392230988, -21.9214496613], [-350.510192871, 102.054244995, -2.46611499786, 44.7321472168, 61.6006240845, -1.16599714756, 38.7024307251, 45.4734191895, 66.467376709, 9.86735343933, 11.377951622, -13.9583511353, -4.57591724396], [331.014373779, -80.3344192505, -6.23867940903, -2.27987241745, -31.2145652771, 23.1518344879, -11.3910694122, 10.2325086594, 9.86735343933, 75.2727050781, 12.5069608688, 11.4859685898, -0.480910122395], [-86.0928573608, 22.6168441772, -16.0602455139, -15.8442678452, 15.6879682541, -15.3255434036, 8.42526245117, -27.0947971344, 11.377951622, 12.5069608688, 76.0843200684, 35.4179534912, 23.3302593231], [192.91267395, -69.8646087646, -2.2644572258, -17.7586212158, -14.6874704361, 5.17435455322, -12.9587497711, -12.6392230988, -13.9583511353, 11.4859685898, 35.4179534912, 65.7118911743, 25.559463501], [-69.7749404907, 13.8219127655, 9.67918014526, -28.9093379974, 10.2392940521, -3.25097727776, 9.8322763443, -21.9214496613, -4.57591724396, -0.480910122395, 23.3302593231, 25.559463501, 51.5570526123]], "icov": [[0.000128992469399, -6.55293260934e-05, 0.00030529499054, 5.69688927499e-06, -0.000173075561179, -0.00022699109104, 0.000522985530552, 7.06889259163e-05, 0.000568174873479, -0.000617483747192, 0.000315901328577, -0.000344632746419, 0.000160969255376], [-6.55293260934e-05, 0.00174195761792, -0.000334777141688, -0.000288042065222, -0.00143136153929, 0.000859761494212, -0.00165563204791, 0.00106070213951, -0.00110565370414, 0.000846027687658, -0.00018826322048, 0.00122681760695, -0.000162370808539], [0.00030529499054, -0.000334777141688, 0.0031970590353, 0.00045888859313, -0.00184682640247, -0.00241397065111, 0.00109216850251, 0.000931824848522, 0.00208193832077, -0.00176902255043, 0.00169848918449, -0.00123321800493, 0.00057356985053], [5.69688927499e-06, -0.000288042065222, 0.00045888859313, 0.00535734323785, -0.00126157631166, -0.0014497616794, 0.00124706269708, -0.002854362363, -0.000638044963125, 0.000543150003068, -0.000422683922807, -6.50848960504e-05, 0.0018824209692], [-0.000173075561179, -0.00143136153929, -0.00184682640247, -0.00126157631166, 0.00844884011894, 0.000482325238409, -0.00228290841915, -0.00176730682142, -0.00342858256772, 0.00305018224753, -0.00197548046708, 6.29850546829e-05, -0.00158793129958], [-0.00022699109104, 0.000859761494212, -0.00241397065111, -0.0014497616794, 0.000482325238409, 0.0138403167948, -0.00669539300725, -0.00315936096013, 0.00430906703696, -0.00360876508057, 0.00139511434827, -0.00102556706406, 3.89440647268e-05], [0.000522985530552, -0.00165563204791, 0.00109216850251, 0.00124706269708, -0.00228290841915, -0.00669539300725, 0.0189368482679, -0.000544575625099, -0.00400848733261, 0.000561296124943, -0.000845618080348, 0.00131552270614, -0.00278591946699], [7.06889259163e-05, 0.00106070213951, 0.000931824848522, -0.002854362363, -0.00176730682142, -0.00315936096013, -0.000544575625099, 0.0172590538859, -0.0113495709375, -0.000518223328982, 0.00833811238408, -0.00482667796314, 0.00323738995939], [0.000568174873479, -0.00110565370414, 0.00208193832077, -0.000638044963125, -0.00342858256772, 0.00430906703696, -0.00400848733261, -0.0113495709375, 0.0380078703165, -0.0100013623014, -0.00825714506209, 0.00694474857301, 0.000781785463914], [-0.000617483747192, 0.000846027687658, -0.00176902255043, 0.000543150003068, 0.00305018224753, -0.00360876508057, 0.000561296124943, -0.000518223328982, -0.0100013623014, 0.0213337317109, -0.00508577143773, 0.000808454758953, -0.000374607741833], [0.000315901328577, -0.00018826322048, 0.00169848918449, -0.000422683922807, -0.00197548046708, 0.00139511434827, -0.000845618080348, 0.00833811238408, -0.00825714506209, -0.00508577143773, 0.0271886382252, -0.0152709130198, -0.00140399613883], [-0.000344632746419, 0.00122681760695, -0.00123321800493, -6.50848960504e-05, 6.29850546829e-05, -0.00102556706406, 0.00131552270614, -0.00482667796314, 0.00694474857301, 0.000808454758953, -0.0152709130198, 0.0305924750865, -0.0106126237661], [0.000160969255376, -0.000162370808539, 0.00057356985053, 0.0018824209692, -0.00158793129958, 3.89440647268e-05, -0.00278591946699, 0.00323738995939, 0.000781785463914, -0.000374607741833, -0.00140399613883, -0.0106126237661, 0.0287932604551]]}, "melbands": {"dmean": [0.00239836331457, 0.00224960967898, 0.000690164917614, 0.000426037848229, 0.000319689046592, 9.8332799098e-05, 9.17192883207e-05, 5.18473534612e-05, 4.7095138143e-05, 7.64665601309e-05, 9.67464511632e-05, 2.17778178921e-05, 4.18587842432e-05, 4.11965374951e-05, 3.89889901271e-05, 2.68531257461e-05, 2.52649242611e-05, 2.76419559668e-05, 3.86106257793e-05, 2.57002429862e-05, 2.12250852201e-05, 1.95130251086e-05, 2.33167138504e-05, 1.84819309652e-05, 1.40824449772e-05, 1.15010125228e-05, 1.07627174657e-05, 9.035934454e-06, 8.59159536049e-06, 8.94644563232e-06, 5.84231474932e-06, 4.90950787935e-06, 4.65971379526e-06, 3.96268751501e-06, 2.63048241322e-06, 2.54256679e-06, 1.752295816e-06, 1.39267331178e-06, 1.1227473351e-06, 9.2412989261e-07], "dmean2": [0.00369480624795, 0.00368381128646, 0.00122771109454, 0.000754338339902, 0.000523555383552, 0.000169796214323, 0.000156164489454, 8.56010083226e-05, 7.8509816376e-05, 0.000133338413434, 0.000166355937836, 3.70463458239e-05, 6.81459932821e-05, 6.6634202085e-05, 6.26705077593e-05, 4.44297111244e-05, 4.261430513e-05, 4.62918978883e-05, 6.53258903185e-05, 4.34298890468e-05, 3.55571974069e-05, 3.21260849887e-05, 3.79235789296e-05, 2.98295053653e-05, 2.37407439272e-05, 1.87272453331e-05, 1.69951617863e-05, 1.44120895129e-05, 1.36576545628e-05, 1.44472915053e-05, 9.2992968348e-06, 7.9304600149e-06, 7.39632787372e-06, 6.3726879489e-06, 4.0065315261e-06, 3.9873575588e-06, 2.60386741502e-06, 2.06331810659e-06, 1.64290747762e-06, 1.36618132274e-06], "dvar": [1.37183205879e-05, 1.70354087459e-05, 2.39121527557e-06, 5.33050751983e-07, 2.96620356721e-07, 4.71169805394e-08, 3.64566759004e-08, 7.15193682055e-09, 5.20853893349e-09, 2.10056381178e-08, 9.31888521905e-08, 1.38486777601e-09, 5.00036945184e-09, 3.93572729962e-09, 3.65683994197e-09, 1.76414860498e-09, 1.37100519826e-09, 1.45587286671e-09, 7.18317183512e-09, 1.21572985012e-09, 7.79848852162e-10, 6.95380253379e-10, 1.27310195719e-09, 8.54410930895e-10, 4.17921364182e-10, 2.2520162124e-10, 1.82391837744e-10, 1.47312440024e-10, 1.30528393649e-10, 1.277543904e-10, 6.96927585087e-11, 5.63305756207e-11, 4.59507189243e-11, 3.43182912643e-11, 1.48271620676e-11, 1.74220152194e-11, 6.45892584208e-12, 3.63094797284e-12, 2.2270280238e-12, 3.6334028234e-12], "dvar2": [2.64283189608e-05, 4.19061871071e-05, 6.52117341815e-06, 1.44058856222e-06, 6.52040057503e-07, 1.28688853351e-07, 8.95997800399e-08, 1.77859256212e-08, 1.36654252358e-08, 5.78050887157e-08, 2.54242223718e-07, 3.66918651018e-09, 1.18225988999e-08, 9.04562735826e-09, 8.95200180651e-09, 4.43922498761e-09, 3.65338426178e-09, 3.84336118486e-09, 1.92927842591e-08, 3.2475186984e-09, 2.10081640972e-09, 1.82886572553e-09, 2.71217759362e-09, 1.85060389235e-09, 1.13895770593e-09, 5.75071046338e-10, 4.29312113637e-10, 3.64929086949e-10, 3.0502866899e-10, 3.1775992948e-10, 1.65335106717e-10, 1.37048969395e-10, 1.11283177118e-10, 8.0484195697e-11, 3.33400876351e-11, 4.10809095075e-11, 1.35146139071e-11, 7.66690443771e-12, 4.34172576363e-12, 8.52807928442e-12], "max": [0.0287433341146, 0.0408079102635, 0.0124495700002, 0.00837498158216, 0.00760777387768, 0.00341809657402, 0.0044272900559, 0.00168598955497, 0.000720660667866, 0.00196473812684, 0.00465987529606, 0.000475046457723, 0.00093176192604, 0.000765260949265, 0.00101345882285, 0.000640757963993, 0.000622398976702, 0.000412827939726, 0.000844405265525, 0.000401072902605, 0.000350737856934, 0.000457908841781, 0.000532690843102, 0.000497378641739, 0.000237878834014, 0.000186089906492, 0.000175912471605, 0.000128770101583, 0.000101311219623, 0.000103666876385, 8.18289699964e-05, 5.85256275372e-05, 6.48099739919e-05, 6.73745016684e-05, 6.3956984377e-05, 7.42884803913e-05, 2.56025141425e-05, 2.54202368524e-05, 1.70518214873e-05, 3.43688079738e-05], "mean": [0.00410285126418, 0.00328178377822, 0.000769933918491, 0.000716803304385, 0.000750139064621, 0.000193043990294, 0.000141823853482, 8.40423672344e-05, 7.6351359894e-05, 9.41251273616e-05, 0.000101741665276, 3.32312774844e-05, 7.89114710642e-05, 7.81320268288e-05, 7.39016904845e-05, 4.79727095808e-05, 4.57348578493e-05, 5.0523889513e-05, 5.44007561984e-05, 4.35506153735e-05, 4.05450082326e-05, 4.65744487883e-05, 5.62541790714e-05, 4.55270128441e-05, 2.68888725259e-05, 2.38142929447e-05, 2.30918049056e-05, 1.8585997168e-05, 1.57644808496e-05, 1.58327475219e-05, 1.10406490421e-05, 8.28892279969e-06, 8.0812806118e-06, 6.82060181134e-06, 4.90939555675e-06, 4.36329173681e-06, 3.02884700432e-06, 2.44569559982e-06, 1.81028474344e-06, 1.36456708333e-06], "median": [0.00178160751238, 0.00183004955761, 0.000413275440224, 0.000272421457339, 0.000245899427682, 7.21256510587e-05, 3.18594757118e-05, 3.19739301631e-05, 4.83963522129e-05, 5.27104239154e-05, 3.51132293872e-05, 1.74204778887e-05, 3.42685016221e-05, 4.55834924651e-05, 4.7816127335e-05, 3.40890001098e-05, 3.60926678695e-05, 3.69210283679e-05, 3.33174320986e-05, 3.14199205604e-05, 2.8645801649e-05, 2.98645045405e-05, 2.774458153e-05, 2.29871620832e-05, 1.86238976312e-05, 1.8238373741e-05, 1.78574755409e-05, 1.43807783388e-05, 1.14811018648e-05, 1.17520476124e-05, 7.33624074201e-06, 5.55529777557e-06, 5.44790100321e-06, 4.47393540526e-06, 3.33307821165e-06, 2.65504377239e-06, 1.84670659564e-06, 1.35690584102e-06, 9.64274363469e-07, 6.46577632324e-07], "min": [3.92936152841e-24, 5.80452018772e-24, 9.32010366096e-24, 2.16356699512e-24, 7.99254384306e-24, 7.59508574229e-24, 1.96792160202e-24, 3.49446053921e-24, 1.27605635158e-23, 1.70274648204e-23, 8.46299760996e-24, 8.7550536386e-24, 9.33197522872e-24, 1.42534543799e-23, 1.2025975452e-23, 1.49350712228e-23, 1.65739739296e-23, 1.5451382263e-23, 1.40608319018e-23, 1.5519115438e-23, 5.90814811167e-24, 8.28696566555e-24, 9.05878007547e-24, 7.61721881271e-24, 4.86113523623e-24, 7.48199779836e-24, 1.10143828256e-23, 9.26870779526e-24, 1.21879948601e-23, 9.56978602607e-24, 1.0067195959e-23, 1.14231303148e-23, 9.0926222083e-24, 1.10971382789e-23, 1.24414582355e-23, 8.41024174807e-24, 1.34233376271e-23, 8.87717009559e-24, 1.04864171544e-23, 1.12491620305e-23], "var": [3.37643214152e-05, 2.15206036955e-05, 1.74522267571e-06, 1.172288421e-06, 1.20291508665e-06, 8.88599700488e-08, 1.00101402722e-07, 1.682496098e-08, 7.01523061863e-09, 1.85075261783e-08, 6.76475480077e-08, 1.77574199789e-09, 1.20598047104e-08, 8.72878391789e-09, 7.1817609637e-09, 2.99512570301e-09, 2.3565809304e-09, 2.45051645642e-09, 6.27887164484e-09, 1.90931470634e-09, 1.7197855362e-09, 2.4131980858e-09, 7.90093945824e-09, 4.96174079601e-09, 7.66753049941e-10, 4.41967906717e-10, 3.95956822885e-10, 2.55524518211e-10, 2.05616926263e-10, 1.94554330979e-10, 1.11051313978e-10, 7.1941126667e-11, 6.6009100963e-11, 5.3275335532e-11, 2.67633866458e-11, 2.79566075151e-11, 1.23250992745e-11, 7.6373057184e-12, 4.50660299009e-12, 4.37886706062e-12]}, "mfcc": {"mean": [-605.876708984, 81.6738815308, -1.31476247311, 36.7388076782, 12.549454689, 18.5918521881, 7.14191579819, 9.1732339859, 1.8447214365, 3.35889911652, 0.181005120277, 2.92649745941, -1.41187250614], "cov": [[9525.12597656, 221.774017334, -725.717773438, -236.215362549, -308.963043213, -122.885375977, -248.391784668, -332.716217041, -229.474349976, -85.9806747437, -171.993179321, -98.9679870605, 24.1116676331], [221.774017334, 706.091918945, -45.3768882751, 141.431060791, 107.003005981, 43.8371238708, 38.878780365, 34.4935302734, 41.8263282776, 29.9508552551, 22.2989425659, 31.2724246979, 2.72128510475], [-725.717773438, -45.3768882751, 414.3800354, -11.7387809753, 63.7158660889, 73.443031311, 58.604347229, 24.2545986176, 22.4605121613, 15.1874361038, 3.82002949715, -12.943154335, 0.120833978057], [-236.215362549, 141.431060791, -11.7387809753, 235.734817505, 115.102600098, 16.8351192474, 26.8611450195, 64.4528808594, 56.253692627, 26.3400936127, 42.8901901245, 47.1808052063, 5.73532819748], [-308.963043213, 107.003005981, 63.7158660889, 115.102600098, 172.118743896, 32.5632781982, 44.3256072998, 60.7264289856, 51.3486213684, 17.9981250763, 33.6454162598, 35.7134361267, 0.389387488365], [-122.885375977, 43.8371238708, 73.443031311, 16.8351192474, 32.5632781982, 92.5446624756, 42.892539978, 12.37449646, 6.24374437332, 19.6566677094, 6.29425907135, -1.67791473866, 9.70570373535], [-248.391784668, 38.878780365, 58.604347229, 26.8611450195, 44.3256072998, 42.892539978, 73.1989212036, 41.5499763489, 29.7076091766, 17.2653312683, 9.32563686371, 8.79289722443, 4.58807563782], [-332.716217041, 34.4935302734, 24.2545986176, 64.4528808594, 60.7264289856, 12.37449646, 41.5499763489, 99.0016021729, 58.4579963684, 9.60919380188, 25.5684089661, 28.6958351135, -7.77548837662], [-229.474349976, 41.8263282776, 22.4605121613, 56.253692627, 51.3486213684, 6.24374437332, 29.7076091766, 58.4579963684, 92.9151306152, 46.844127655, 25.2820243835, 12.2826042175, 1.13957417011], [-85.9806747437, 29.9508552551, 15.1874361038, 26.3400936127, 17.9981250763, 19.6566677094, 17.2653312683, 9.60919380188, 46.844127655, 66.9495773315, 24.2045230865, 4.40779304504, 11.625828743], [-171.993179321, 22.2989425659, 3.82002949715, 42.8901901245, 33.6454162598, 6.29425907135, 9.32563686371, 25.5684089661, 25.2820243835, 24.2045230865, 47.7628593445, 31.0175495148, 5.57078361511], [-98.9679870605, 31.2724246979, -12.943154335, 47.1808052063, 35.7134361267, -1.67791473866, 8.79289722443, 28.6958351135, 12.2826042175, 4.40779304504, 31.0175495148, 55.4992523193, 18.3796539307], [24.1116676331, 2.72128510475, 0.120833978057, 5.73532819748, 0.389387488365, 9.70570373535, 4.58807563782, -7.77548837662, 1.13957417011, 11.625828743, 5.57078361511, 18.3796539307, 44.9646034241]], "icov": [[0.000143699886394, -6.7480308644e-05, 0.000214615283767, 5.81104977755e-05, -2.0216214125e-06, -0.000107966930955, 0.000219566063606, 0.00026178767439, 8.31263776035e-07, -5.01035538036e-05, 0.000394477596274, -8.14634913695e-05, -3.74146147806e-05], [-6.7480308644e-05, 0.00178711861372, 0.000321377185173, -0.000729616731405, -0.000642170838546, -0.000701680313796, -0.000517377222423, 0.000559876323678, -0.000323194137309, -0.00028980220668, 0.000590905896388, -0.00068797764834, 0.000617985439021], [0.000214615283767, 0.000321377185173, 0.00356410909444, 0.00081356120063, -0.00140527356416, -0.00202824035659, -0.000934458512347, 0.000647280248813, -0.000544767826796, 0.000428475759691, 8.42214139993e-05, 0.00108369870577, -0.000141017240821], [5.81104977755e-05, -0.000729616731405, 0.00081356120063, 0.00779800396413, -0.00366451404989, -0.000570067553781, 0.00148126389831, -0.00165054306854, -0.000913947471417, -0.000655614887364, -0.0010978981154, -0.00206669280306, -9.21466998989e-05], [-2.0216214125e-06, -0.000642170838546, -0.00140527356416, -0.00366451404989, 0.0117511739954, -0.0015485547483, -0.00231012725271, 0.000310317118419, -0.00357203441672, 0.00287624704652, -0.0016718666302, -0.0034179026261, 0.00198410614394], [-0.000107966930955, -0.000701680313796, -0.00202824035659, -0.000570067553781, -0.0015485547483, 0.0191652551293, -0.00901091191918, -0.00229174015112, 0.00763047719374, -0.00592496804893, -0.00212055700831, 0.00575138442218, -0.00417143106461], [0.000219566063606, -0.000517377222423, -0.000934458512347, 0.00148126389831, -0.00231012725271, -0.00901091191918, 0.0275275893509, -0.00960105936974, -0.000233894694247, -0.00351972831413, 0.0049741640687, -0.000700095260981, -0.00219105207361], [0.00026178767439, 0.000559876323678, 0.000647280248813, -0.00165054306854, 0.000310317118419, -0.00229174015112, -0.00960105936974, 0.0306292288005, -0.0195044819266, 0.0129425320774, -0.00229888991453, -0.0112283797935, 0.00882520154119], [8.31263776035e-07, -0.000323194137309, -0.000544767826796, -0.000913947471417, -0.00357203441672, 0.00763047719374, -0.000233894694247, -0.0195044819266, 0.0358258076012, -0.0232569817454, 0.00114770443179, 0.0077684642747, -0.003040273441], [-5.01035538036e-05, -0.00028980220668, 0.000428475759691, -0.000655614887364, 0.00287624704652, -0.00592496804893, -0.00351972831413, 0.0129425320774, -0.0232569817454, 0.0384165756404, -0.0176457148045, 0.00645085610449, -0.00581593345851], [0.000394477596274, 0.000590905896388, 8.42214139993e-05, -0.0010978981154, -0.0016718666302, -0.00212055700831, 0.0049741640687, -0.00229888991453, 0.00114770443179, -0.0176457148045, 0.0493700690567, -0.0266073644161, 0.00875233206898], [-8.14634913695e-05, -0.00068797764834, 0.00108369870577, -0.00206669280306, -0.0034179026261, 0.00575138442218, -0.000700095260981, -0.0112283797935, 0.0077684642747, 0.00645085610449, -0.0266073644161, 0.0481487214565, -0.0209855735302], [-3.74146147806e-05, 0.000617985439021, -0.000141017240821, -9.21466998989e-05, 0.00198410614394, -0.00417143106461, -0.00219105207361, 0.00882520154119, -0.003040273441, -0.00581593345851, 0.00875233206898, -0.0209855735302, 0.0339418724179]]}, "spectral_contrast_coeffs": {"dmean": [0.0533176101744, 0.0453001819551, 0.0391988232732, 0.0311746764928, 0.0231944844127, 0.0179395601153], "dmean2": [0.0891954600811, 0.0751395970583, 0.0653271526098, 0.0521195009351, 0.0371310152113, 0.0281547382474], "dvar": [0.00191115203779, 0.0013984447578, 0.00106576981489, 0.000709411280695, 0.00048414428602, 0.000272640871117], "dvar2": [0.00490870233625, 0.00347606837749, 0.002860478824, 0.0019479743205, 0.00105332722887, 0.000593498756643], "max": [-0.394288867712, -0.468834936619, -0.56242454052, -0.579188764095, -0.572882056236, -0.608203887939], "mean": [-0.686894237995, -0.750859439373, -0.771094739437, -0.783734381199, -0.783886730671, -0.734790980816], "median": [-0.696523845196, -0.756178736687, -0.773515641689, -0.786528706551, -0.789831280708, -0.732273697853], "min": [-0.971734464169, -0.98886346817, -0.975186705589, -0.968838393688, -0.962655901909, -0.966436624527], "var": [0.00592264672741, 0.00594993541017, 0.00363188097253, 0.00257835793309, 0.00174080638681, 0.00147087965161]}, "spectral_contrast_valleys": {"dmean": [0.386583954096, 0.4761095047, 0.418142825365, 0.369577407837, 0.330276548862, 0.384726166725], "dmean2": [0.648952901363, 0.769897222519, 0.65802192688, 0.571573317051, 0.46625944972, 0.49697291851], "dvar": [0.133870258927, 0.215007901192, 0.189057126641, 0.167281880975, 0.160222411156, 0.192125231028], "dvar2": [0.298593610525, 0.482645452023, 0.392893821001, 0.332339197397, 0.272816449404, 0.298197716475], "max": [-5.18562221527, -4.9824590683, -5.35784721375, -5.78727340698, -5.23521852493, -7.92365789413], "mean": [-6.832286