{"lowlevel": {"average_loudness": 0.971121251583, "barkbands_crest": {"dmean": 3.74319076538, "dmean2": 5.40379524231, "dvar": 10.6571159363, "dvar2": 22.5164718628, "max": 26.3277664185, "mean": 12.8890762329, "median": 11.4130821228, "min": 1.8829395771, "var": 40.0759658813}, "barkbands_flatness_db": {"dmean": 0.0368388071656, "dmean2": 0.0493818335235, "dvar": 0.000966661027633, "dvar2": 0.00172899593599, "max": 0.506410479546, "mean": 0.131496682763, "median": 0.11217250675, "min": 0.0140472780913, "var": 0.00594486715272}, "barkbands_kurtosis": {"dmean": 10.1483411789, "dmean2": 14.5785636902, "dvar": 407.793487549, "dvar2": 812.987731934, "max": 340.705993652, "mean": 13.0272769928, "median": 3.31133890152, "min": -1.78786730766, "var": 837.980834961}, "barkbands_skewness": {"dmean": 1.11494481564, "dmean2": 1.55802440643, "dvar": 1.4161003828, "dvar2": 2.61268854141, "max": 16.9357414246, "mean": 2.54548239708, "median": 1.87146782875, "min": -2.51658010483, "var": 5.41787719727}, "barkbands_spread": {"dmean": 10.8600740433, "dmean2": 15.9942703247, "dvar": 142.963912964, "dvar2": 297.375, "max": 106.538383484, "mean": 28.0328350067, "median": 24.314037323, "min": 0.437771379948, "var": 417.106658936}, "dissonance": {"dmean": 0.0122239468619, "dmean2": 0.0202941149473, "dvar": 0.000182184885489, "dvar2": 0.000438272458268, "max": 0.499999940395, "mean": 0.477827936411, "median": 0.485240548849, "min": 0.294677615166, "var": 0.000458825117676}, "dynamic_complexity": 2.87098240852, "erbbands_crest": {"dmean": 2.72253584862, "dmean2": 4.27233505249, "dvar": 8.65193080902, "dvar2": 17.1637516022, "max": 28.9934310913, "mean": 8.49180984497, "median": 6.01115274429, "min": 2.16591644287, "var": 37.2002944946}, "erbbands_flatness_db": {"dmean": 0.0173613391817, "dmean2": 0.0258096847683, "dvar": 0.00032295557321, "dvar2": 0.000613108160906, "max": 0.317785650492, "mean": 0.116144634783, "median": 0.109036952257, "min": 0.0370706692338, "var": 0.00128176098224}, "erbbands_kurtosis": {"dmean": 0.983051598072, "dmean2": 1.58417356014, "dvar": 2.09469842911, "dvar2": 4.72786331177, "max": 15.2626342773, "mean": 0.21984039247, "median": -0.435848474503, "min": -1.73986411095, "var": 4.20456933975}, "erbbands_skewness": {"dmean": 0.414133667946, "dmean2": 0.614977538586, "dvar": 0.155841127038, "dvar2": 0.329538464546, "max": 3.80723690987, "mean": -0.0255423858762, "median": -0.140044048429, "min": -2.68200540543, "var": 0.830546021461}, "erbbands_spread": {"dmean": 11.9135103226, "dmean2": 18.5131530762, "dvar": 102.704368591, "dvar2": 242.514282227, "max": 102.647521973, "mean": 50.2878570557, "median": 50.1882896423, "min": 9.24502563477, "var": 307.764587402}, "hfc": {"dmean": 12.8122711182, "dmean2": 18.6897907257, "dvar": 308.635040283, "dvar2": 720.535339355, "max": 171.718582153, "mean": 22.6834754944, "median": 15.4777698517, "min": 1.08529563908e-16, "var": 503.81427002}, "melbands_crest": {"dmean": 4.88593482971, "dmean2": 7.49878883362, "dvar": 16.3650798798, "dvar2": 37.9040374756, "max": 38.7879600525, "mean": 20.3104515076, "median": 19.7488975525, "min": 1.65291690826, "var": 61.1584663391}, "melbands_flatness_db": {"dmean": 0.0462377741933, "dmean2": 0.0618738494813, "dvar": 0.00138443219475, "dvar2": 0.0026580861304, "max": 0.606352388859, "mean": 0.210055887699, "median": 0.19174310565, "min": 0.00375472637825, "var": 0.00888846628368}, "melbands_kurtosis": {"dmean": 25.8340892792, "dmean2": 37.0399436951, "dvar": 2455.17822266, "dvar2": 4816.44628906, "max": 1826.89123535, "mean": 39.727519989, "median": 15.2522411346, "min": -1.68961620331, "var": 6033.30273438}, "melbands_skewness": {"dmean": 1.58216965199, "dmean2": 2.24731874466, "dvar": 2.56480455399, "dvar2": 4.93571281433, "max": 37.1693649292, "mean": 4.47143650055, "median": 3.58487987518, "min": -0.635134339333, "var": 10.5277376175}, "melbands_spread": {"dmean": 11.9606027603, "dmean2": 18.6446456909, "dvar": 214.419189453, "dvar2": 521.059143066, "max": 178.111190796, "mean": 23.5602931976, "median": 17.476688385, "min": 0.162775158882, "var": 473.97769165}, "pitch_salience": {"dmean": 0.102121382952, "dmean2": 0.145595028996, "dvar": 0.00701022846624, "dvar2": 0.0124664111063, "max": 0.930556356907, "mean": 0.467920899391, "median": 0.487549066544, "min": 0.0285886842757, "var": 0.0316433385015}, "silence_rate_20dB": {"dmean": 0, "dmean2": 0, "dvar": 0, "dvar2": 0, "max": 1, "mean": 1, "median": 1, "min": 1, "var": 0}, "silence_rate_30dB": {"dmean": 0.0942622944713, "dmean2": 0.188572898507, "dvar": 0.0853747576475, "dvar2": 0.170436635613, "max": 1, "mean": 0.883994877338, "median": 1, "min": 0, "var": 0.10254830122}, "silence_rate_60dB": {"dmean": 0.0128073766828, "dmean2": 0.025621317327, "dvar": 0.0126433428377, "dvar2": 0.0316261425614, "max": 1, "mean": 0.0222791284323, "median": 0, "min": 0, "var": 0.021782329306}, "spectral_centroid": {"dmean": 389.679016113, "dmean2": 620.208129883, "dvar": 182846.859375, "dvar2": 390471.3125, "max": 11580.4248047, "mean": 1730.75073242, "median": 1617.61877441, "min": 288.475311279, "var": 829160.625}, "spectral_complexity": {"dmean": 7.1634221077, "dmean2": 9.61773014069, "dvar": 57.3444023132, "dvar2": 90.5353012085, "max": 63, "mean": 20.3405895233, "median": 17, "min": 0, "var": 206.040222168}, "spectral_decrease": {"dmean": 4.90849005885e-09, "dmean2": 6.71861721813e-09, "dvar": 3.4752997511e-17, "dvar2": 6.76347404228e-17, "max": 7.02945230587e-29, "mean": -1.09843290019e-08, "median": -6.29128793506e-09, "min": -5.41939364496e-08, "var": 1.22849820552e-16}, "spectral_energy": {"dmean": 0.0190004054457, "dmean2": 0.0261880960315, "dvar": 0.000505907519255, "dvar2": 0.000984324607998, "max": 0.20601606369, "mean": 0.0435148663819, "median": 0.0262552108616, "min": 9.85436742723e-21, "var": 0.00177913240623}, "spectral_energyband_high": {"dmean": 0.00108867022209, "dmean2": 0.00155108992476, "dvar": 2.65146718448e-06, "dvar2": 5.83122573516e-06, "max": 0.0118896355852, "mean": 0.00149567693006, "median": 0.000636598211713, "min": 7.12040060122e-21, "var": 3.94246399082e-06}, "spectral_energyband_low": {"dmean": 0.0166691038758, "dmean2": 0.0220346301794, "dvar": 0.000529509328771, "dvar2": 0.000965641695075, "max": 0.199807748199, "mean": 0.0312174223363, "median": 0.0113168628886, "min": 2.81695129506e-23, "var": 0.00173915352207}, "spectral_energyband_middle_high": {"dmean": 0.00236698193476, "dmean2": 0.00376977911219, "dvar": 1.60491108545e-05, "dvar2": 4.46663761977e-05, "max": 0.0382078178227, "mean": 0.00380353466608, "median": 0.00226201210171, "min": 1.39747529775e-21, "var": 2.17760662053e-05}, "spectral_energyband_middle_low": {"dmean": 0.00502736121416, "dmean2": 0.0079857353121, "dvar": 5.83480214118e-05, "dvar2": 0.000138182731462, "max": 0.064776070416, "mean": 0.00796679407358, "median": 0.00420683948323, "min": 1.84002790641e-22, "var": 9.13480325835e-05}, "spectral_entropy": {"dmean": 0.146545991302, "dmean2": 0.220114246011, "dvar": 0.0266852602363, "dvar2": 0.0512284636497, "max": 9.81012058258, "mean": 8.00200748444, "median": 7.98593235016, "min": 6.90545892715, "var": 0.0995666608214}, "spectral_flux": {"dmean": 0.0332160033286, "dmean2": 0.0504917874932, "dvar": 0.00108899746556, "dvar2": 0.0022555210162, "max": 0.288590699434, "mean": 0.108796216547, "median": 0.0947112739086, "min": 6.52502635257e-11, "var": 0.00349953141995}, "spectral_kurtosis": {"dmean": 0.864773869514, "dmean2": 1.43824958801, "dvar": 1.00559949875, "dvar2": 2.71301555634, "max": 12.4457626343, "mean": 2.73370218277, "median": 2.57873630524, "min": -1.25630772114, "var": 1.76474273205}, "spectral_rms": {"dmean": 0.00138619018253, "dmean2": 0.00185248441994, "dvar": 1.6963259668e-06, "dvar2": 2.96384178e-06, "max": 0.0141771398485, "mean": 0.00581059698015, "median": 0.00506111048162, "min": 3.10064777673e-12, "var": 8.69058021635e-06}, "spectral_rolloff": {"dmean": 1017.73516846, "dmean2": 1637.76147461, "dvar": 2325659, "dvar2": 5039338.5, "max": 19250.6835938, "mean": 1584.34545898, "median": 581.396484375, "min": 43.06640625, "var": 4922003}, "spectral_skewness": {"dmean": 0.145193785429, "dmean2": 0.242319494486, "dvar": 0.021582653746, "dvar2": 0.0567882172763, "max": 2.15205001831, "mean": 1.18667519093, "median": 1.17776429653, "min": -0.0393907390535, "var": 0.0463471263647}, "spectral_spread": {"dmean": 657447.625, "dmean2": 953925.8125, "dvar": 1164247433220.0, "dvar2": 1933562609660.0, "max": 42449584, "mean": 5372256.5, "median": 5000535, "min": 2251290, "var": 7397808537600.0}, "spectral_strongpeak": {"dmean": 0.296692162752, "dmean2": 0.472611635923, "dvar": 0.188688546419, "dvar2": 0.454956948757, "max": 4.85618972778, "mean": 0.662392854691, "median": 0.349681675434, "min": 0, "var": 0.699381947517}, "zerocrossingrate": {"dmean": 0.0184806454927, "dmean2": 0.0204167366028, "dvar": 0.000425504753366, "dvar2": 0.000609459821135, "max": 0.5205078125, "mean": 0.0651514753699, "median": 0.0576171875, "min": 0.00146484375, "var": 0.00272076996043}, "barkbands": {"dmean": [0.00178005755879, 0.0140882059932, 0.00399392377585, 0.00195307773538, 0.0024854100775, 0.00044737526332, 9.94333240669e-05, 0.00117043568753, 0.000329403410433, 0.000301656371448, 0.000329679140123, 0.000310413597617, 0.000199899805011, 0.00020549169858, 0.000181062045158, 0.000399971351726, 0.000439745694166, 0.00034743809374, 0.000192399995285, 0.000192096733372, 0.00026378891198, 0.000196177585167, 0.000159467817866, 0.000215086809476, 0.000107613988803, 6.1206475948e-05, 1.46092479554e-05], "dmean2": [0.00275500165299, 0.0172880478203, 0.0066865044646, 0.00341691751964, 0.00424341671169, 0.000725832709577, 0.000167998543475, 0.00172097317409, 0.000535513798241, 0.000495215237606, 0.000505641452037, 0.000518871936947, 0.000322488456732, 0.000353533483576, 0.00030143847107, 0.000642228696961, 0.000787378870882, 0.000616478966549, 0.000305632856907, 0.00029334082501, 0.00040123949293, 0.000297432910884, 0.000227961470955, 0.000326327775838, 0.000154490582645, 8.72722957865e-05, 2.08369019674e-05], "dvar": [6.32102273812e-06, 0.000530292862095, 5.3577889048e-05, 1.55908310262e-05, 2.63869224e-05, 6.15926524006e-07, 3.24711528776e-08, 3.85956900573e-06, 3.41708158658e-07, 2.24733739174e-07, 5.54818484488e-07, 3.01123947111e-07, 9.87418147247e-08, 1.28872130745e-07, 8.14064691212e-08, 4.39491543602e-07, 1.09864356546e-06, 7.71825000356e-07, 1.61902590889e-07, 1.23221056469e-07, 1.59149337264e-07, 7.7942615917e-08, 6.86779202397e-08, 1.84714338047e-07, 4.15519245678e-08, 1.44907570387e-08, 7.09796443843e-10], "dvar2": [1.58895109053e-05, 0.00082638085587, 0.000141811251524, 4.22575103585e-05, 6.91742898198e-05, 1.51556344008e-06, 8.31495512443e-08, 7.43217105992e-06, 8.54775009884e-07, 5.46951582692e-07, 1.18840580399e-06, 7.91888226104e-07, 2.44946818384e-07, 3.6630433442e-07, 2.16849230128e-07, 1.10331382075e-06, 3.46019351127e-06, 2.33619152823e-06, 4.20449197236e-07, 3.06907963932e-07, 3.78725701466e-07, 1.78293674935e-07, 1.56392218287e-07, 4.28328661428e-07, 7.7774373608e-08, 3.19707211816e-08, 1.42922129687e-09], "max": [0.019978299737, 0.186537772417, 0.080320648849, 0.0355951860547, 0.0534677579999, 0.0110520124435, 0.00183216831647, 0.0407256670296, 0.00636649131775, 0.00914878584445, 0.013054702431, 0.00590290501714, 0.00306685548276, 0.00423195865005, 0.00301543297246, 0.00617482233793, 0.010008810088, 0.00840102043003, 0.00497202761471, 0.00373712182045, 0.00323556992225, 0.00218436098658, 0.00198226189241, 0.00357551290654, 0.00148755789269, 0.0013304464519, 0.00113959319424], "mean": [0.00261041591875, 0.0236176084727, 0.00407277652994, 0.00165718910284, 0.00245827133767, 0.000487503857585, 0.000105180981336, 0.00282969838008, 0.000343836989487, 0.000442684977315, 0.000391198031139, 0.000337848119671, 0.000242920432356, 0.000280389707768, 0.000278748717392, 0.000487542885821, 0.000497101864312, 0.000462064461317, 0.000298406957882, 0.000287069182377, 0.000357988697942, 0.00027502910234, 0.000216545799049, 0.000244328315603, 0.000140643373015, 7.30186875444e-05, 1.89035454241e-05], "median": [0.00149521953426, 0.0049409372732, 0.00164921255782, 0.000532012316398, 0.000879371305928, 0.000200196751393, 5.09372039232e-05, 0.000444764416898, 0.000112346198875, 0.000196806693566, 0.000142792763654, 0.000167657286511, 0.000111712106445, 0.000149431391037, 0.000177490321221, 0.00019454586436, 0.000188629943295, 0.000188863210496, 0.000139719224535, 0.000155796966283, 0.000166470461409, 0.000127636551042, 8.47480187076e-05, 6.50771471555e-05, 4.04402089771e-05, 1.76290632226e-05, 3.64694619748e-06], "min": [5.30149583315e-25, 1.06513482481e-23, 2.57845320265e-24, 3.57778594447e-25, 9.42907453982e-24, 2.04732802519e-23, 6.75993526801e-24, 1.03055558035e-23, 1.90226313115e-23, 4.24659381618e-23, 1.98861799896e-23, 3.95988516007e-23, 4.59881673937e-23, 4.83792142637e-23, 6.22738536832e-23, 5.46725603944e-23, 1.24109454113e-22, 1.50319528083e-22, 1.49040702514e-22, 1.95231234818e-22, 2.81565106296e-22, 4.02627790267e-22, 4.34773531366e-22, 6.51532262795e-22, 9.50829371897e-22, 1.47750734442e-21, 2.00803909811e-21], "var": [9.21211267269e-06, 0.00152921967674, 5.04421659571e-05, 1.15541361083e-05, 2.35805000557e-05, 6.38373307993e-07, 2.80368457339e-08, 2.96829221043e-05, 3.62879347904e-07, 4.45187140485e-07, 7.54268171477e-07, 2.658684366e-07, 1.13112299971e-07, 1.37692552471e-07, 1.02174766425e-07, 5.51493883449e-07, 9.93778826341e-07, 7.69731343553e-07, 2.15976498907e-07, 1.58437671871e-07, 2.09330352163e-07, 1.11702050276e-07, 9.73443547991e-08, 2.06314339835e-07, 6.493274185e-08, 2.22157350294e-08, 3.25671356549e-09]}, "erbbands": {"dmean": [0.652279853821, 2.68068671227, 3.86326599121, 6.13967037201, 5.57506036758, 10.485534668, 6.94041252136, 2.79926037788, 1.61410725117, 7.38791799545, 25.2014865875, 7.32807445526, 7.06357622147, 13.888250351, 10.1316165924, 13.6027030945, 9.60802364349, 10.2142562866, 10.0725345612, 10.1643199921, 25.6139469147, 24.7785511017, 18.9168586731, 12.0783014297, 10.4474191666, 8.20471477509, 11.7949504852, 9.67956066132, 7.78307437897, 5.94214677811, 3.96400880814, 5.47472476959, 2.7290289402, 1.43652021885, 0.676516413689, 0.358738809824, 0.0889581441879, 0.0199606902897, 0.00223394460045, 0.000143737808685], "dmean2": [0.864197969437, 3.22534680367, 5.99506616592, 10.3623876572, 9.41204071045, 18.2976932526, 11.523434639, 4.56311988831, 2.68554258347, 11.289475441, 37.0131607056, 11.8101348877, 11.7357063293, 20.8625850677, 16.2726383209, 22.8806209564, 15.3984966278, 17.5963420868, 16.4799766541, 16.35754776, 41.6977996826, 44.0597724915, 33.7958602905, 20.5772914886, 16.4447727203, 12.0909404755, 18.1802196503, 14.9101409912, 11.9488840103, 8.45082378387, 5.74001932144, 8.63819217682, 3.86489629745, 2.06971096992, 0.95892906189, 0.514001607895, 0.128205060959, 0.0283743236214, 0.00320384977385, 0.000208013545489], "dvar": [1.12593877316, 22.7026138306, 41.5335388184, 152.643341064, 106.970779419, 563.291931152, 183.729766846, 18.9765071869, 6.91593122482, 146.902359009, 1715.53100586, 169.757247925, 123.429512024, 814.04083252, 322.55960083, 626.985839844, 245.885406494, 332.160705566, 253.25, 286.193817139, 1919.58898926, 3460.35107422, 2176.95654297, 761.682556152, 518.207397461, 199.693908691, 387.571075439, 210.425460815, 125.75, 80.0040054321, 42.4252090454, 123.465614319, 27.1281967163, 7.16931724548, 1.71302938461, 0.525292754173, 0.0303541459143, 0.0014420512598, 1.79977396328e-05, 6.01822307544e-08], "dvar2": [2.13399195671, 33.9989280701, 96.6729278564, 404.069824219, 263.849517822, 1525.87744141, 457.638458252, 47.1586990356, 17.3390159607, 328.609436035, 3290.28222656, 433.141204834, 316.458190918, 1483.44128418, 820.110656738, 1653.71704102, 609.469421387, 949.69152832, 669.770019531, 770.95489502, 5056.01220703, 10769.0039062, 6642.42626953, 2168.26025391, 1387.93188477, 464.835083008, 977.627929688, 495.5128479, 290.328155518, 182.513977051, 93.837638855, 296.860992432, 59.2983131409, 13.6538801193, 3.34119319916, 1.1615228653, 0.0653725191951, 0.00306638609618, 3.56182536052e-05, 1.21770497685e-07], "max": [8.78987216949, 39.4026451111, 71.824005127, 117.224090576, 90.9154968262, 255.712005615, 198.041595459, 69.8489532471, 26.1240119934, 189.102584839, 897.409240723, 147.959762573, 108.005500793, 612.922302246, 192.994415283, 276.507232666, 127.286361694, 230.288879395, 171.420471191, 188.79850769, 388.764282227, 580.463989258, 430.574523926, 276.425811768, 291.669921875, 164.251663208, 180.737167358, 120.838264465, 91.5969467163, 91.972366333, 48.5599937439, 89.3245620728, 46.0637283325, 20.4408187866, 10.7170467377, 5.9035782814, 2.80511832237, 0.887180745602, 0.201596707106, 0.0119605893269], "mean": [0.986986339092, 4.06778717041, 4.93957233429, 5.95458936691, 5.30300235748, 9.77063941956, 7.19670724869, 3.26068496704, 2.05261325836, 14.7246208191, 63.2416381836, 9.95333099365, 9.52200317383, 20.3274593353, 12.1398296356, 14.268951416, 11.6086568832, 14.0887269974, 14.8233385086, 15.6193313599, 31.1055355072, 28.9722957611, 25.3550739288, 17.3522224426, 15.6831769943, 12.9565620422, 15.8358755112, 12.7211618423, 10.5832042694, 8.59573841095, 5.2601275444, 5.81673574448, 3.38417410851, 1.81102001667, 0.889885365963, 0.410412609577, 0.109581544995, 0.024650875479, 0.00301172281615, 0.000224807226914], "median": [0.290910989046, 0.575096786022, 1.95481586456, 2.22206521034, 1.50328159332, 3.22093701363, 2.92254018784, 1.59592711926, 1.22339081764, 3.09362053871, 11.4298419952, 4.70461654663, 4.72922992706, 6.70741844177, 6.1046423912, 6.70530891418, 5.36504650116, 7.26017427444, 9.56392192841, 9.06228923798, 11.7048883438, 11.3566818237, 10.5877685547, 7.36730241776, 7.61707735062, 7.0740737915, 8.00994205475, 5.27393198013, 4.8891992569, 3.63500237465, 2.0984609127, 1.69924521446, 0.820860683918, 0.52670788765, 0.245738908648, 0.0946531370282, 0.0291523542255, 0.00594601547346, 0.000652036746033, 0.000106276631413], "min": [3.25172125447e-22, 2.16657403823e-21, 3.14045036644e-21, 3.53120010766e-21, 1.11434750975e-20, 4.98617817028e-20, 6.94215723482e-20, 2.51112698624e-19, 1.05201127573e-19, 1.22611534633e-19, 4.55535704561e-19, 4.7195053513e-19, 1.3059016727e-18, 1.35637582008e-18, 8.79235398694e-19, 2.09467153312e-18, 2.72095251556e-18, 2.41173937449e-18, 3.20400552057e-18, 4.54590009646e-18, 5.03175745054e-18, 6.94592163039e-18, 6.49710997363e-18, 6.28775304214e-18, 8.53423661949e-18, 1.02877437128e-17, 9.2371589876e-18, 1.11584472605e-17, 1.22948362578e-17, 1.43719736299e-17, 1.3009231621e-17, 1.14052978076e-17, 1.17677824141e-17, 1.09622259571e-17, 6.25723338626e-18, 4.59546103645e-18, 2.64557237351e-18, 1.08249559548e-18, 2.54642666039e-19, 2.7971771573e-20], "var": [2.62372565269, 55.8196792603, 57.9702110291, 126.408149719, 100.882865906, 461.261627197, 171.31362915, 21.6079502106, 6.80226945877, 690.339172363, 14232.8388672, 194.624588013, 154.795700073, 2075.80932617, 332.678771973, 530.820983887, 268.499359131, 355.441680908, 290.754089355, 365.388641357, 2421.23071289, 3239.72265625, 2237.7331543, 866.950317383, 650.577697754, 292.22857666, 444.958709717, 280.114440918, 171.866409302, 125.822807312, 59.4963912964, 122.474761963, 36.6594085693, 10.8272314072, 2.66599535942, 0.698772668839, 0.0533298403025, 0.0035005111713, 9.2784743174e-05, 3.18458660331e-07]}, "gfcc": {"mean": [10.511967659, 66.4005279541, -101.662132263, 47.2831764221, -41.9852981567, 21.2783622742, -22.9258747101, 12.2162294388, -14.3029651642, 1.83729887009, -17.7213172913, 0.645008385181, -8.77958583832], "cov": [[11280.1708984, -821.066101074, -382.001800537, 81.8879318237, -567.748168945, 123.574546814, -409.946258545, 11.1626234055, -365.429138184, -76.7194366455, -350.421875, -72.4100341797, -209.63470459], [-821.066101074, 1455.22509766, -245.636413574, 198.901275635, 353.838165283, -98.1618118286, 299.649200439, 6.51663398743, 257.184295654, -35.7279624939, 150.436004639, 10.9375534058, 119.170425415], [-382.001800537, -245.636413574, 479.373260498, 15.4005508423, 30.6731033325, 107.207740784, -42.8017692566, 15.8131990433, -20.6108455658, 54.8703536987, -26.2800159454, -12.0156364441, -21.0544948578], [81.8879318237, 198.901275635, 15.4005508423, 251.316635132, 229.794326782, 34.2480926514, 31.7530155182, -36.2169303894, 14.5374517441, -21.1403160095, 47.2291679382, 31.1519508362, 53.3265190125], [-567.748168945, 353.838165283, 30.6731033325, 229.794326782, 372.987731934, 35.8314666748, 120.196762085, -29.9111366272, 76.3022232056, -24.805103302, 89.3479537964, 43.7497253418, 92.7267684937], [123.574546814, -98.1618118286, 107.207740784, 34.2480926514, 35.8314666748, 106.203735352, 18.4631652832, 27.6206169128, -3.49884462357, 28.1408882141, 1.61571288109, 19.0608673096, 11.9211616516], [-409.946258545, 299.649200439, -42.8017692566, 31.7530155182, 120.196762085, 18.4631652832, 175.895721436, 70.4010314941, 131.431442261, 21.2435646057, 62.3386116028, 10.2982988358, 43.3987159729], [11.1626234055, 6.51663398743, 15.8131990433, -36.2169303894, -29.9111366272, 27.6206169128, 70.4010314941, 144.896942139, 114.919761658, 70.9735336304, 12.9919176102, -15.5321063995, -30.1426315308], [-365.429138184, 257.184295654, -20.6108455658, 14.5374517441, 76.3022232056, -3.49884462357, 131.431442261, 114.919761658, 195.311828613, 76.333190918, 60.7813606262, -15.5277385712, 1.82032728195], [-76.7194366455, -35.7279624939, 54.8703536987, -21.1403160095, -24.805103302, 28.1408882141, 21.2435646057, 70.9735336304, 76.333190918, 85.6034545898, 24.164106369, -10.1400346756, -24.5366191864], [-350.421875, 150.436004639, -26.2800159454, 47.2291679382, 89.3479537964, 1.61571288109, 62.3386116028, 12.9919176102, 60.7813606262, 24.164106369, 71.6460113525, 26.6381855011, 35.9349861145], [-72.4100341797, 10.9375534058, -12.0156364441, 31.1519508362, 43.7497253418, 19.0608673096, 10.2982988358, -15.5321063995, -15.5277385712, -10.1400346756, 26.6381855011, 52.4389305115, 49.879360199], [-209.63470459, 119.170425415, -21.0544948578, 53.3265190125, 92.7267684937, 11.9211616516, 43.3987159729, -30.1426315308, 1.82032728195, -24.5366191864, 35.9349861145, 49.879360199, 84.1478729248]], "icov": [[0.000144439967698, -2.44907296292e-05, 0.000247770134592, -0.000428983941674, 0.000280881358776, -0.000372115871869, 0.000135465481435, -0.000124713085825, 4.42153905169e-05, -8.19963388494e-05, 0.000666300649755, -7.56263762014e-05, 9.24564155866e-05], [-2.44907296292e-05, 0.00179073307663, 0.000117291339848, -0.000915814365726, 0.000262524117716, 0.00112431019079, -0.00193117873278, 0.00157651095651, -0.00227404735051, 0.00150109804235, -0.000828486226965, 0.00103782955557, -0.000649669556879], [0.000247770134592, 0.000117291339848, 0.00395127059892, 0.000294689583825, -0.0015621620696, -0.00336982216686, 0.00153881497681, 4.10204520449e-05, 0.000826945877634, -0.00359807582572, 0.00309932837263, 0.00227497098967, -0.00106618565042], [-0.000428983941674, -0.000915814365726, 0.000294689583825, 0.0129028558731, -0.0087649570778, -0.00284258509055, 0.00580160366371, -0.00121606932953, 0.000492676044814, 0.000768047524616, -0.00336697697639, 0.00106000853702, -0.000218523069634], [0.000280881358776, 0.000262524117716, -0.0015621620696, -0.0087649570778, 0.01366460789, -0.00354925496504, -0.00259116338566, 0.00404309853911, -0.00695690559223, 0.0094014890492, -0.00642973696813, 0.000944609928411, -0.00120084860828], [-0.000372115871869, 0.00112431019079, -0.00336982216686, -0.00284258509055, -0.00354925496504, 0.0264547280967, -0.012812834233, -0.00378873338923, 0.0133892921731, -0.0180970076472, 0.0107206199318, -0.00937406811863, -0.000734952744097], [0.000135465481435, -0.00193117873278, 0.00153881497681, 0.00580160366371, -0.00259116338566, -0.012812834233, 0.0286772251129, -0.00844272691756, -0.0125100528821, 0.0165024846792, -0.0128161497414, 0.0111193628982, -0.00939845852554], [-0.000124713085825, 0.00157651095651, 4.10204520449e-05, -0.00121606932953, 0.00404309853911, -0.00378873338923, -0.00844272691756, 0.0279654990882, -0.0172453764826, -0.00375687517226, 0.00912219006568, -0.0141340894625, 0.0124509315938], [4.42153905169e-05, -0.00227404735051, 0.000826945877634, 0.000492676044814, -0.00695690559223, 0.0133892921731, -0.0125100528821, -0.0172453764826, 0.0417146161199, -0.0284624733031, 0.000771226361394, 0.0124355591834, -0.0076332022436], [-8.19963388494e-05, 0.00150109804235, -0.00359807582572, 0.000768047524616, 0.0094014890492, -0.0180970076472, 0.0165024846792, -0.00375687517226, -0.0284624733031, 0.0593843273818, -0.0317004136741, 0.00510353129357, 0.00707379588857], [0.000666300649755, -0.000828486226965, 0.00309932837263, -0.00336697697639, -0.00642973696813, 0.0107206199318, -0.0128161497414, 0.00912219006568, 0.000771226361394, -0.0317004136741, 0.0582951754332, -0.0290927216411, 0.00427649123594], [-7.56263762014e-05, 0.00103782955557, 0.00227497098967, 0.00106000853702, 0.000944609928411, -0.00937406811863, 0.0111193628982, -0.0141340894625, 0.0124355591834, 0.00510353129357, -0.0290927216411, 0.075732730329, -0.0435194969177], [9.24564155866e-05, -0.000649669556879, -0.00106618565042, -0.000218523069634, -0.00120084860828, -0.000734952744097, -0.00939845852554, 0.0124509315938, -0.0076332022436, 0.00707379588857, 0.00427649123594, -0.0435194969177, 0.0498386546969]]}, "melbands": {"dmean": [0.0046844673343, 0.00222720811144, 0.000985894235782, 0.000597296690103, 0.000272215838777, 6.39416830381e-05, 2.26240190386e-05, 0.000139186304295, 0.000179208233021, 4.16762304667e-05, 3.71171299776e-05, 5.53091740585e-05, 3.67395077774e-05, 3.28740643454e-05, 3.49723741238e-05, 1.60971667356e-05, 2.01724142244e-05, 1.68655242305e-05, 1.26334771267e-05, 2.03982799576e-05, 3.05755274894e-05, 2.51142446359e-05, 1.99880778382e-05, 1.71332103491e-05, 8.88953945832e-06, 8.79944673216e-06, 5.99116174271e-06, 5.66633252674e-06, 8.81611867953e-06, 5.7813690546e-06, 5.76975389777e-06, 4.90420961796e-06, 3.34837704941e-06, 3.39948769579e-06, 2.09281165553e-06, 3.0415483252e-06, 3.35928029926e-06, 1.96617338588e-06, 1.40638690027e-06, 1.1894931049e-06], "dmean2": [0.00590880820528, 0.00281581538729, 0.00163859792519, 0.00102963519748, 0.000456823298009, 0.00010372773977, 3.77951582777e-05, 0.000205668475246, 0.000266302056843, 6.77047501085e-05, 6.17262267042e-05, 8.4219755081e-05, 5.7711298723e-05, 5.44988215552e-05, 5.90027993894e-05, 2.58268282778e-05, 3.52055831172e-05, 2.74368412647e-05, 2.12877021113e-05, 3.29854992742e-05, 5.00121859659e-05, 4.49546387244e-05, 3.54010189767e-05, 3.0822095141e-05, 1.51319018187e-05, 1.41710770549e-05, 9.44056682783e-06, 8.49415573612e-06, 1.39846015372e-05, 9.06573404791e-06, 9.04254102352e-06, 7.78014236857e-06, 4.91639502798e-06, 4.87657143822e-06, 3.02300327348e-06, 4.77008097732e-06, 5.31631167178e-06, 2.79301184491e-06, 2.01861143978e-06, 1.74177944245e-06], "dvar": [5.64969668631e-05, 1.03760676211e-05, 3.55530778506e-06, 1.76816024577e-06, 2.49595188961e-07, 9.89826087761e-09, 1.41120404251e-09, 5.3671325162e-08, 8.1559178966e-08, 5.49022072249e-09, 3.4025648965e-09, 1.15586100691e-08, 4.71818140113e-09, 2.70215561038e-09, 4.81646011963e-09, 5.22712206852e-10, 1.35833322368e-09, 6.26734220077e-10, 4.41561426312e-10, 1.27464017119e-09, 2.79475820264e-09, 3.57574525545e-09, 2.07605976854e-09, 1.98684846353e-09, 3.62143898203e-10, 3.83701015405e-10, 1.3948280031e-10, 9.2852295297e-11, 2.38856462387e-10, 8.93403892532e-11, 7.72854974462e-11, 5.2029266312e-11, 2.38962356847e-11, 2.75927908994e-11, 1.09616369801e-11, 3.16484477514e-11, 4.9165244792e-11, 1.40721817879e-11, 6.54641575323e-12, 5.10444594579e-12], "dvar2": [9.64940991253e-05, 1.82611292985e-05, 9.25157746678e-06, 4.60807541458e-06, 6.38927474483e-07, 2.43661055777e-08, 3.52378348722e-09, 1.08127643728e-07, 1.63771872508e-07, 1.38368019265e-08, 8.63627658276e-09, 2.15579003537e-08, 1.1460388194e-08, 6.82685152853e-09, 1.27552990392e-08, 1.26002774881e-09, 3.96709642914e-09, 1.64140423475e-09, 1.19094023532e-09, 3.33985328282e-09, 7.4828978569e-09, 1.11518740908e-08, 6.37181507557e-09, 5.97901594901e-09, 1.01311115053e-09, 1.05349828861e-09, 3.63813590365e-10, 2.13003642502e-10, 6.12995043614e-10, 2.21832746616e-10, 1.84554010962e-10, 1.24019391978e-10, 5.20235417245e-11, 6.29685123488e-11, 2.32988871252e-11, 7.57836640664e-11, 1.18676318772e-10, 3.03999048157e-11, 1.40450576516e-11, 9.43572477097e-12], "max": [0.0624495781958, 0.0285032242537, 0.017317827791, 0.0137882772833, 0.00720410281792, 0.00165004399605, 0.000351854483597, 0.00429506227374, 0.00587631529197, 0.000874573306646, 0.000625698128715, 0.00230875844136, 0.000811850535683, 0.000507817894686, 0.000614432559814, 0.000205077405553, 0.000465178978629, 0.000255601102253, 0.000238712105784, 0.000347355642589, 0.000505353498738, 0.000575635465793, 0.000405059196055, 0.00045050578774, 0.000202751049073, 0.000267822557362, 0.000129701322294, 0.000111948684207, 0.000153412940563, 8.48360505188e-05, 6.76185227348e-05, 6.19313577772e-05, 3.90838613384e-05, 5.27793490619e-05, 3.16636323987e-05, 4.02899822802e-05, 5.62088680454e-05, 3.57194076059e-05, 2.31224767049e-05, 1.76948633452e-05], "mean": [0.00764019740745, 0.00354182394221, 0.000981166725978, 0.000564212095924, 0.000291052827379, 7.40469768061e-05, 2.58462587226e-05, 0.000308085931465, 0.000431582360761, 4.42596938228e-05, 4.68089529022e-05, 8.18287517177e-05, 4.36671143689e-05, 3.79618759325e-05, 3.43432948284e-05, 2.20604979404e-05, 2.62443736574e-05, 2.35379502556e-05, 1.96891433006e-05, 2.6347779567e-05, 3.69525587303e-05, 2.86143931589e-05, 2.61714230874e-05, 2.15017880691e-05, 1.26432059915e-05, 1.26324821395e-05, 8.85456847755e-06, 8.49320804264e-06, 1.12978541438e-05, 7.56747931518e-06, 7.2171615102e-06, 6.40247753836e-06, 4.64229242425e-06, 4.8751671784e-06, 2.85688656732e-06, 3.27770499098e-06, 3.50587288267e-06, 2.45094656748e-06, 1.75712875716e-06, 1.47116520566e-06], "median": [0.00209544878453, 0.00106031284668, 0.000381851306884, 0.000165609570104, 0.00012854776287, 3.50528134732e-05, 1.35541467898e-05, 4.87017387059e-05, 8.81023079273e-05, 1.52283182615e-05, 2.2297288524e-05, 2.66872812063e-05, 1.96082637558e-05, 1.95247594093e-05, 1.31865526782e-05, 1.17004801723e-05, 1.26250597532e-05, 1.46446927829e-05, 1.21070033856e-05, 1.17963518278e-05, 1.33523390105e-05, 1.11806866698e-05, 1.0889269106e-05, 8.22148103907e-06, 5.53460358788e-06, 5.53663858227e-06, 4.69699443784e-06, 4.55798408439e-06, 5.87737849855e-06, 3.25277892443e-06, 2.79191613117e-06, 2.96303483083e-06, 2.08410597224e-06, 2.0504630811e-06, 1.07966059204e-06, 1.0678415947e-06, 1.00942929748e-06, 5.85050486279e-07, 4.79794891817e-07, 4.21492700298e-07], "min": [3.19435832655e-24, 2.41341127393e-24, 5.80863133633e-25, 1.26689030062e-24, 2.70068424169e-24, 5.39187848668e-24, 1.52510676022e-24, 1.17670693307e-24, 3.46605957447e-24, 2.9643187952e-24, 6.4693094442e-24, 4.569403035e-24, 2.83037908818e-24, 4.19940991551e-24, 2.9329276532e-24, 4.46976438064e-24, 4.66616116376e-24, 3.89115857249e-24, 3.70653908826e-24, 4.1416814689e-24, 5.05604698869e-24, 6.55733685489e-24, 5.72555363339e-24, 5.47081782532e-24, 3.99105400107e-24, 5.74115020234e-24, 6.06435992585e-24, 7.09527767224e-24, 5.22420531242e-24, 5.32154246508e-24, 5.01189878256e-24, 6.18976987712e-24, 7.73800603907e-24, 6.66165424327e-24, 6.45788476614e-24, 6.22619947372e-24, 6.15857042831e-24, 6.4158775285e-24, 8.64900864483e-24, 8.80102766329e-24], "var": [0.000152322230861, 2.78255574813e-05, 3.08291646434e-06, 1.53113876422e-06, 2.37955902094e-07, 1.13640901134e-08, 1.35709932181e-09, 3.40018431189e-07, 6.16890247329e-07, 5.57065016338e-09, 4.08300238064e-09, 3.18297495028e-08, 5.45007550201e-09, 2.76571698876e-09, 3.90990706478e-09, 7.10969338957e-10, 1.38310285447e-09, 7.31875227089e-10, 5.5499660423e-10, 1.43862888269e-09, 3.53203000181e-09, 3.24945159669e-09, 2.24909491031e-09, 1.90993953986e-09, 4.2335432382e-10, 4.60157079107e-10, 1.8081895703e-10, 1.29038141283e-10, 2.51777154681e-10, 1.07232063506e-10, 9.70243121956e-11, 6.58145551946e-11, 3.58132204448e-11, 4.370477244e-11, 1.6688999141e-11, 3.28074720168e-11, 4.79067133186e-11, 1.9273048435e-11, 9.37802092926e-12, 7.58554590669e-12]}, "mfcc": {"mean": [-632.346008301, 95.5272674561, 5.22488975525, 33.5321464539, 11.2936735153, 17.2365245819, 6.12128353119, 13.4265880585, 10.43400383, 5.27774047852, 2.24989295006, 4.52393007278, -0.609301745892], "cov": [[5674.60986328, -483.528259277, 12.3893413544, -107.648895264, -111.673538208, -87.7525024414, -67.9342803955, -70.0187301636, -71.3816223145, -111.399047852, -156.47492981, -107.375671387, -166.980270386], [-483.528259277, 1044.63098145, -205.447570801, 279.78616333, 39.6016082764, 94.5811004639, 35.1276626587, 115.433631897, 105.673980713, 40.7436141968, 91.3841705322, 67.8232955933, 74.9264602661], [12.3893413544, -205.447570801, 374.82131958, -99.6342697144, 34.6990432739, 9.72301292419, 5.91515922546, -50.3965377808, 0.181585222483, 29.9875888824, -13.0176095963, 3.92311000824, 15.0526561737], [-107.648895264, 279.78616333, -99.6342697144, 259.890472412, 146.150436401, 95.7564926147, 44.0223617554, 57.5032043457, 20.2455501556, 8.693816185, 17.0492248535, 9.47556591034, 5.75386142731], [-111.673538208, 39.6016082764, 34.6990432739, 146.150436401, 191.672958374, 100.834838867, 51.3901824951, 26.3352336884, 3.65167784691, 8.66390419006, -8.77185726166, 2.08438515663, 4.66837835312], [-87.7525024414, 94.5811004639, 9.72301292419, 95.7564926147, 100.834838867, 116.228210449, 58.5600013733, 27.1329250336, 10.8235683441, -6.51614713669, -15.8498868942, -7.49506187439, 4.57620048523], [-67.9342803955, 35.1276626587, 5.91515922546, 44.0223617554, 51.3901824951, 58.5600013733, 67.6746520996, 38.3523025513, 13.4231395721, 0.950442135334, -7.98786020279, -7.0429148674, 3.10600471497], [-70.0187301636, 115.433631897, -50.3965377808, 57.5032043457, 26.3352336884, 27.1329250336, 38.3523025513, 78.8197174072, 54.1972160339, 26.3837718964, 26.1318130493, 16.169084549, 20.1973018646], [-71.3816223145, 105.673980713, 0.181585222483, 20.2455501556, 3.65167784691, 10.8235683441, 13.4231395721, 54.1972160339, 89.1203536987, 62.2091636658, 53.1213302612, 38.6536331177, 40.607421875], [-111.399047852, 40.7436141968, 29.9875888824, 8.693816185, 8.66390419006, -6.51614713669, 0.950442135334, 26.3837718964, 62.2091636658, 93.6235809326, 76.0551681519, 59.9389724731, 46.4419898987], [-156.47492981, 91.3841705322, -13.0176095963, 17.0492248535, -8.77185726166, -15.8498868942, -7.98786020279, 26.1318130493, 53.1213302612, 76.0551681519, 98.628112793, 72.9614028931, 48.6795196533], [-107.375671387, 67.8232955933, 3.92311000824, 9.47556591034, 2.08438515663, -7.49506187439, -7.0429148674, 16.169084549, 38.6536331177, 59.9389724731, 72.9614028931, 79.7593536377, 50.1810913086], [-166.980270386, 74.9264602661, 15.0526561737, 5.75386142731, 4.66837835312, 4.57620048523, 3.10600471497, 20.1973018646, 40.607421875, 46.4419898987, 48.6795196533, 50.1810913086, 58.0323066711]], "icov": [[0.000209875244764, 9.94546426227e-05, -3.39543003065e-05, -0.000194854132133, 0.000235546482145, 1.48513925069e-06, 0.000151236483362, -3.37985397891e-06, -0.000360862497473, -8.69538234838e-06, 0.00055246433476, -0.000581893895287, 0.000776834669523], [9.94546426227e-05, 0.0021702433005, 2.15651743929e-05, -0.00306762661785, 0.00249101384543, -0.00140101753641, 0.000737816037145, -0.000321419967804, -0.00164756004233, 0.00193313171621, -0.000623019353952, -0.000381051766453, -0.00177691632416], [-3.39543003065e-05, 2.15651743929e-05, 0.00467288820073, 0.00276275281794, -0.00282502314076, 5.50383883819e-05, -0.00208489224315, 0.00473530078307, -0.00198077876121, -0.00265037175268, 0.00189235608559, 0.000364073377568, -0.00132021843456], [-0.000194854132133, -0.00306762661785, 0.00276275281794, 0.0155867114663, -0.0109182177112, -0.00277592637576, 0.00297792395577, -0.00424506096169, 0.0038969127927, -0.00187017791905, -0.00421559764072, 0.00261732540093, 0.00359603436664], [0.000235546482145, 0.00249101384543, -0.00282502314076, -0.0109182177112, 0.0188731923699, -0.00873667746782, 0.000524441245943, -0.00233985413797, 0.00302150566131, -0.00394780514762, 0.00524690933526, -0.00408426066861, -0.000590667594224], [1.48513925069e-06, -0.00140101753641, 5.50383883819e-05, -0.00277592637576, -0.00873667746782, 0.0286481361836, -0.0194275118411, 0.0103994002566, -0.00879050325602, 0.00581183796749, 0.00381897622719, -0.00134848582093, -0.00259919697419], [0.000151236483362, 0.000737816037145, -0.00208489224315, 0.00297792395577, 0.000524441245943, -0.0194275118411, 0.0420864671469, -0.0258191879839, 0.0119082257152, -0.00525054335594, 0.000545642746147, 0.00437736930326, -0.000422285607783], [-3.37985397891e-06, -0.000321419967804, 0.00473530078307, -0.00424506096169, -0.00233985413797, 0.0103994002566, -0.0258191879839, 0.0466868132353, -0.0284135509282, 0.00750417076051, -0.000960695790127, -0.000855170772411, -0.000478740548715], [-0.000360862497473, -0.00164756004233, -0.00198077876121, 0.0038969127927, 0.00302150566131, -0.00879050325602, 0.0119082257152, -0.0284135509282, 0.0452774614096, -0.0219370536506, -0.00184268935118, 0.00818282086402, -0.00873871799558], [-8.69538234838e-06, 0.00193313171621, -0.00265037175268, -0.00187017791905, -0.00394780514762, 0.00581183796749, -0.00525054335594, 0.00750417076051, -0.0219370536506, 0.0481817573309, -0.0248095933348, -0.0031154952012, -0.00382291222923], [0.00055246433476, -0.000623019353952, 0.00189235608559, -0.00421559764072, 0.00524690933526, 0.00381897622719, 0.000545642746147, -0.000960695790127, -0.00184268935118, -0.0248095933348, 0.0554686747491, -0.0313268005848, 0.00360658275895], [-0.000581893895287, -0.000381051766453, 0.000364073377568, 0.00261732540093, -0.00408426066861, -0.00134848582093, 0.00437736930326, -0.000855170772411, 0.00818282086402, -0.0031154952012, -0.0313268005848, 0.0558725520968, -0.0263061318547], [0.000776834669523, -0.00177691632416, -0.00132021843456, 0.00359603436664, -0.000590667594224, -0.00259919697419, -0.000422285607783, -0.000478740548715, -0.00873871799558, -0.00382291222923, 0.00360658275895, -0.0263061318547, 0.0510848686099]]}, "spectral_contrast_coeffs": {"dmean": [0.0627485439181, 0.0480283014476, 0.0334268771112, 0.0263223089278, 0.0183469187468, 0.0209753941745], "dmean2": [0.101410612464, 0.0785548835993, 0.0561594516039, 0.0453123822808, 0.0301763359457, 0.0336340293288], "dvar": [0.00268352939747, 0.00148486951366, 0.000735098845325, 0.000451145169791, 0.00020914452034, 0.00040756969247], "dvar2": [0.00655878335238, 0.00371043174528, 0.00198040087707, 0.00133800040931, 0.000562352070119, 0.000868920003995], "max": [-0.356731176376, -0.386149346828, -0.584476172924, -0.719620466232, -0.71278744936, -0.647934496403], "mean": [-0.693956136703, -0.729756832123, -0.830544710159, -0.829942762852, -0.823644757271, -0.753853857517], "median": [-0.703834056854, -0.745527505875, -0.837824225426, -0.831268489361, -0.825874209404, -0.753659009933], "min": [-0.972902715206, -0.989144682884, -0.968260884285, -0.966733813286, -0.962852954865, -0.964075446129], "var": [0.00823676679283, 0.00853487290442, 0.0022223489359, 0.000833714264445, 0.00065990065923, 0.00140176061541]}, "spectral_contrast_valleys": {"dmean": [0.409517526627, 0.45340949297, 0.427739083767, 0.350461930037, 0.328230172396, 0.456157922745], "dmean2": [0.634212076664, 0.717929422855, 0.647478401661, 0.515593469143, 0.451440453529, 0.564157664776], "dvar": [0.158671528101, 0.203321814537, 0.190236002207, 0.155907556415, 0.158030837774, 0.304984241724], "dvar2": [0.308214753866, 0.425504952669, 0.360997200012, 0.271117627621, 0.247835889459, 0.521380782127], "max": [-5.30296897888, -5.23567295074, -5.36338424683, -5.54876327515, -5.11964893341, -7.69042205811], "mean": [-6.92456531525, -7.25518798828, -7.25237512589, -7.39949417114, -7.13538646698, -9.743