{"lowlevel": {"average_loudness": 0.950511753559, "barkbands_crest": {"dmean": 2.50895309448, "dmean2": 3.72559547424, "dvar": 7.01974964142, "dvar2": 14.4756975174, "max": 26.6477813721, "mean": 12.3709850311, "median": 11.5764513016, "min": 1.79263389111, "var": 37.0551490784}, "barkbands_flatness_db": {"dmean": 0.0219160187989, "dmean2": 0.0322457179427, "dvar": 0.00071370677324, "dvar2": 0.00147780508269, "max": 0.725428938866, "mean": 0.121850632131, "median": 0.098056435585, "min": 0.00262795179151, "var": 0.00999568775296}, "barkbands_kurtosis": {"dmean": 4.48822927475, "dmean2": 6.77147340775, "dvar": 248.516601562, "dvar2": 579.395202637, "max": 827.017700195, "mean": 7.98295927048, "median": 1.22007322311, "min": -1.95777964592, "var": 1154.74157715}, "barkbands_skewness": {"dmean": 0.605966150761, "dmean2": 0.904183804989, "dvar": 0.662224113941, "dvar2": 1.37350583076, "max": 25.3014183044, "mean": 1.80424571037, "median": 1.46858811378, "min": -8.30637168884, "var": 3.7159807682}, "barkbands_spread": {"dmean": 7.32252168655, "dmean2": 11.0955152512, "dvar": 81.5071105957, "dvar2": 180.456619263, "max": 136.188079834, "mean": 36.6664161682, "median": 36.2243881226, "min": 0.0515174120665, "var": 515.32824707}, "dissonance": {"dmean": 0.0118706999347, "dmean2": 0.0203407648951, "dvar": 0.000191338680452, "dvar2": 0.000518479268067, "max": 0.500000059605, "mean": 0.478190898895, "median": 0.485285550356, "min": 0.171892940998, "var": 0.000727836159058}, "dynamic_complexity": 2.87212014198, "erbbands_crest": {"dmean": 1.80113422871, "dmean2": 3.02039265633, "dvar": 3.72413468361, "dvar2": 10.1009664536, "max": 28.5437660217, "mean": 6.03819656372, "median": 5.01244926453, "min": 2.03199911118, "var": 10.686003685}, "erbbands_flatness_db": {"dmean": 0.0110257240012, "dmean2": 0.017097523436, "dvar": 0.000155746864039, "dvar2": 0.00033992328099, "max": 0.376298844814, "mean": 0.109319098294, "median": 0.0897421836853, "min": 0.0180284436792, "var": 0.00326832197607}, "erbbands_kurtosis": {"dmean": 0.652409911156, "dmean2": 1.04364407063, "dvar": 0.805053949356, "dvar2": 2.00853323936, "max": 21.8185443878, "mean": 0.28670117259, "median": -0.137743473053, "min": -1.8362622261, "var": 3.8137383461}, "erbbands_skewness": {"dmean": 0.318083554506, "dmean2": 0.49639236927, "dvar": 0.112434312701, "dvar2": 0.275348097086, "max": 3.97501659393, "mean": -0.0774196013808, "median": -0.2411660254, "min": -2.49158191681, "var": 0.550433933735}, "erbbands_spread": {"dmean": 9.38364028931, "dmean2": 13.5402421951, "dvar": 139.440658569, "dvar2": 274.400299072, "max": 160.049667358, "mean": 48.2274284363, "median": 43.4571495056, "min": 2.43605804443, "var": 549.136962891}, "hfc": {"dmean": 8.95038890839, "dmean2": 12.6957168579, "dvar": 148.419433594, "dvar2": 328.271240234, "max": 192.07019043, "mean": 45.5965461731, "median": 35.6592178345, "min": 1.2933845027e-16, "var": 1345.71069336}, "melbands_crest": {"dmean": 3.21062207222, "dmean2": 4.7971701622, "dvar": 11.5582313538, "dvar2": 24.3059120178, "max": 39.9715690613, "mean": 18.6213264465, "median": 17.7808609009, "min": 2.33566212654, "var": 60.6182594299}, "melbands_flatness_db": {"dmean": 0.0279824621975, "dmean2": 0.0412406995893, "dvar": 0.00114696135279, "dvar2": 0.0023505196441, "max": 0.803509116173, "mean": 0.198925092816, "median": 0.175948157907, "min": 0.00489889876917, "var": 0.0144519945607}, "melbands_kurtosis": {"dmean": 22.7245731354, "dmean2": 33.587348938, "dvar": 32138.8652344, "dvar2": 78244.5859375, "max": 19210.9472656, "mean": 64.3477401733, "median": 11.5322027206, "min": -1.59584605694, "var": 359764.28125}, "melbands_skewness": {"dmean": 1.04355585575, "dmean2": 1.52646839619, "dvar": 2.62064862251, "dvar2": 5.20214653015, "max": 118.270072937, "mean": 4.13872671127, "median": 3.09334468842, "min": -1.82180452347, "var": 27.1581764221}, "melbands_spread": {"dmean": 8.48384857178, "dmean2": 13.1797771454, "dvar": 135.841705322, "dvar2": 299.064941406, "max": 172.158294678, "mean": 30.6614265442, "median": 23.0113544464, "min": 0.00909550115466, "var": 674.70324707}, "pitch_salience": {"dmean": 0.0774752348661, "dmean2": 0.11591180414, "dvar": 0.00674791447818, "dvar2": 0.0134264491498, "max": 0.876215755939, "mean": 0.479283183813, "median": 0.507164120674, "min": 0.00612474698573, "var": 0.0296022873372}, "silence_rate_20dB": {"dmean": 0, "dmean2": 0, "dvar": 0, "dvar2": 0, "max": 1, "mean": 1, "median": 1, "min": 1, "var": 0}, "silence_rate_30dB": {"dmean": 0.0317965038121, "dmean2": 0.0636002272367, "dvar": 0.0307834129781, "dvar2": 0.0763653591275, "max": 1, "mean": 0.968888401985, "median": 1, "min": 0, "var": 0.0301394052804}, "silence_rate_60dB": {"dmean": 0.00227117864415, "dmean2": 0.00454287324101, "dvar": 0.00226610503159, "dvar2": 0.00497531006113, "max": 1, "mean": 0.029521971941, "median": 0, "min": 0, "var": 0.0286487489939}, "spectral_centroid": {"dmean": 301.445770264, "dmean2": 448.917266846, "dvar": 157452.296875, "dvar2": 319264.6875, "max": 10726.0712891, "mean": 2017.43334961, "median": 2326.07739258, "min": 125.640975952, "var": 867261.625}, "spectral_complexity": {"dmean": 4.72995662689, "dmean2": 7.25178861618, "dvar": 30.1465339661, "dvar2": 63.5294876099, "max": 64, "mean": 27.2012042999, "median": 29, "min": 0, "var": 208.038513184}, "spectral_decrease": {"dmean": 2.8960698284e-09, "dmean2": 4.39028946531e-09, "dvar": 1.69734847805e-17, "dvar2": 3.87342740475e-17, "max": 2.87223922565e-16, "mean": -1.10696323219e-08, "median": -8.8622842398e-09, "min": -4.72432830634e-08, "var": 6.40721661687e-17}, "spectral_energy": {"dmean": 0.011050844565, "dmean2": 0.0166981704533, "dvar": 0.000238240128965, "dvar2": 0.000546364404727, "max": 0.183263644576, "mean": 0.0459151603281, "median": 0.0403242483735, "min": 1.11783321977e-20, "var": 0.000954110932071}, "spectral_energyband_high": {"dmean": 0.000827665266115, "dmean2": 0.0012367333984, "dvar": 1.48500123487e-06, "dvar2": 3.45175180883e-06, "max": 0.0189300626516, "mean": 0.00364330271259, "median": 0.00275459163822, "min": 7.60714792409e-21, "var": 1.16862447612e-05}, "spectral_energyband_low": {"dmean": 0.00967603828758, "dmean2": 0.0149785699323, "dvar": 0.000222770191613, "dvar2": 0.0005203000037, "max": 0.161950513721, "mean": 0.0287980791181, "median": 0.0181739907712, "min": 1.37711864743e-22, "var": 0.000776388274971}, "spectral_energyband_middle_high": {"dmean": 0.00189634726848, "dmean2": 0.00292626046576, "dvar": 6.69041992296e-06, "dvar2": 1.52511038323e-05, "max": 0.0327731333673, "mean": 0.00640288135037, "median": 0.00471710460261, "min": 1.71995022572e-21, "var": 3.17408921546e-05}, "spectral_energyband_middle_low": {"dmean": 0.00552774174139, "dmean2": 0.0092963501811, "dvar": 0.000176700516022, "dvar2": 0.000465736840852, "max": 0.132324159145, "mean": 0.00842739641666, "median": 0.00498237926513, "min": 3.4186740094e-22, "var": 0.000152487540618}, "spectral_entropy": {"dmean": 0.125078529119, "dmean2": 0.194286420941, "dvar": 0.0315029248595, "dvar2": 0.0737002938986, "max": 9.82063007355, "mean": 7.92869663239, "median": 8.15821266174, "min": 4.84264326096, "var": 0.39200797677}, "spectral_flux": {"dmean": 0.026419615373, "dmean2": 0.0386429838836, "dvar": 0.00123915588483, "dvar2": 0.00222314358689, "max": 0.398843199015, "mean": 0.0990693494678, "median": 0.0893291607499, "min": 1.0572763498e-10, "var": 0.00371069298126}, "spectral_kurtosis": {"dmean": 1.56134474277, "dmean2": 2.6612329483, "dvar": 36.4120292664, "dvar2": 110.192596436, "max": 210.552597046, "mean": 6.08380365372, "median": 2.78400659561, "min": -1.20405972004, "var": 329.208831787}, "spectral_rms": {"dmean": 0.000731057894882, "dmean2": 0.00108916859608, "dvar": 7.76935166868e-07, "dvar2": 1.68990447946e-06, "max": 0.013371380046, "mean": 0.00625035027042, "median": 0.00627221912146, "min": 3.3023763845e-12, "var": 5.7283514252e-06}, "spectral_rolloff": {"dmean": 718.936828613, "dmean2": 1148.78161621, "dvar": 1332167, "dvar2": 3108241.75, "max": 19724.4140625, "mean": 2390.06347656, "median": 1614.99023438, "min": 21.533203125, "var": 7107719.5}, "spectral_skewness": {"dmean": 0.169374361634, "dmean2": 0.275022536516, "dvar": 0.105866320431, "dvar2": 0.305317014456, "max": 11.9864091873, "mean": 1.51113069057, "median": 1.27307748795, "min": 0.0427578799427, "var": 1.31698322296}, "spectral_spread": {"dmean": 477097.75, "dmean2": 721048.4375, "dvar": 488556822528, "dvar2": 847869575168, "max": 40938668, "mean": 5836490, "median": 6159588, "min": 447921.0625, "var": 4619782062080.0}, "spectral_strongpeak": {"dmean": 0.240230023861, "dmean2": 0.402283638716, "dvar": 0.280477523804, "dvar2": 0.764215350151, "max": 7.60190677643, "mean": 0.565372943878, "median": 0.423860579729, "min": 0, "var": 0.49005612731}, "zerocrossingrate": {"dmean": 0.0127868587151, "dmean2": 0.0147923436016, "dvar": 0.000203899733606, "dvar2": 0.00021789377206, "max": 0.78466796875, "mean": 0.0880257412791, "median": 0.072265625, "min": 0.00048828125, "var": 0.00531058339402}, "barkbands": {"dmean": [0.000750142731704, 0.00820172112435, 0.00329035450704, 0.00293675111607, 0.00206665578298, 0.000826027011499, 0.000611187657341, 0.000365077285096, 0.00037803791929, 0.000414236594224, 0.00033383994014, 0.000472390383948, 0.000359098514309, 0.000478873756947, 0.000365659478121, 0.000323755957652, 0.00038335393765, 0.000317867059493, 0.00027535832487, 0.000305509805912, 0.000258756888798, 0.000214074549149, 0.000159141898621, 0.000147943821503, 0.000128944142489, 0.00010927272524, 5.07931545144e-05], "dmean2": [0.00116200302728, 0.012765143998, 0.00561656057835, 0.00524396123365, 0.00354024558328, 0.00141767947935, 0.00101292086765, 0.000621995422989, 0.000640362326521, 0.000685083679855, 0.000552781275474, 0.000762772397138, 0.000596853962634, 0.000789200654253, 0.000607330235653, 0.000539363129064, 0.000652749207802, 0.000523879949469, 0.000451324565802, 0.000504887022544, 0.000429243256804, 0.000355553260306, 0.000255755905528, 0.000226446092711, 0.000199076297577, 0.000167892620084, 7.87703756941e-05], "dvar": [4.31954231317e-06, 0.000191987041035, 7.10585227353e-05, 8.48301278893e-05, 2.37351596297e-05, 2.51128699347e-06, 1.88279648228e-06, 5.21304173162e-07, 4.81534357277e-07, 5.32642502549e-07, 2.85904462771e-07, 6.09880885349e-07, 3.3239956565e-07, 5.90905699482e-07, 3.27134273448e-07, 2.2883325812e-07, 3.2957041185e-07, 1.81914757036e-07, 1.27734679722e-07, 1.60145106065e-07, 1.31214861199e-07, 8.8867089687e-08, 5.222899091e-08, 4.75613646245e-08, 4.273667642e-08, 3.94726562547e-08, 1.11671676351e-08], "dvar2": [1.09654311018e-05, 0.000464897981146, 0.000190946739167, 0.000236530380789, 6.47292545182e-05, 6.93360243531e-06, 5.10295603817e-06, 1.43441229739e-06, 1.26110148813e-06, 1.34785193495e-06, 7.39725237509e-07, 1.48258038735e-06, 8.43666782657e-07, 1.51671963522e-06, 8.61479122705e-07, 6.42230872927e-07, 8.89879743227e-07, 4.88349769512e-07, 3.36924472322e-07, 4.26569044976e-07, 3.56094773224e-07, 2.36501307427e-07, 1.34083705916e-07, 1.13140117719e-07, 1.03208911639e-07, 9.69211697566e-08, 2.80417697951e-08], "max": [0.0634406208992, 0.133965313435, 0.0732034444809, 0.102587535977, 0.0490868389606, 0.0232313368469, 0.0320174694061, 0.0118303252384, 0.00949965417385, 0.012801011093, 0.00785672385246, 0.0131112961099, 0.00842497125268, 0.0107893943787, 0.0102109527215, 0.00947629939765, 0.00952973682433, 0.00697157345712, 0.00556234223768, 0.00549668027088, 0.00589210400358, 0.0042872116901, 0.00292265950702, 0.00337538216263, 0.00282915821299, 0.00274824677035, 0.00184349354822], "mean": [0.00145850027911, 0.022084236145, 0.00402749143541, 0.00279766623862, 0.0024986313656, 0.0010466290405, 0.000868272501975, 0.000479459413327, 0.000498899549711, 0.000610219372902, 0.000489066238515, 0.000756737135816, 0.000540898821782, 0.000767176039517, 0.000584721914493, 0.000552206707653, 0.000637895893306, 0.000618733058218, 0.000608933041804, 0.000743992743082, 0.000678370241076, 0.000592612777837, 0.000508505909238, 0.000503081537317, 0.000458004622487, 0.000347185879946, 0.000156957219588], "median": [0.00034810739453, 0.0117643205449, 0.00165668164846, 0.000721143442206, 0.000946077168919, 0.000542680500075, 0.000452479202067, 0.000201458489755, 0.000252226542216, 0.000241298810579, 0.000224148650886, 0.00032727944199, 0.000255745078903, 0.000344809959643, 0.000294228753773, 0.000362426973879, 0.000427730381489, 0.000455103756394, 0.000442557298811, 0.000575592042878, 0.00051124492893, 0.000396968069253, 0.000356032280251, 0.000377786520403, 0.000317626370816, 0.000213402381632, 5.96977406531e-05], "min": [1.04572897276e-22, 1.49398438312e-23, 5.32549773477e-23, 5.60856248458e-23, 6.10752268693e-23, 2.83091160873e-23, 6.43414518049e-23, 7.81148685467e-23, 5.09125747965e-23, 1.12411782848e-22, 1.2401568695e-22, 6.72518752286e-23, 7.5290746506e-23, 1.22957010372e-22, 1.30269687854e-22, 2.46807894812e-22, 1.30290614756e-22, 3.08405587415e-22, 2.70678497638e-22, 3.34858075185e-22, 3.71336013185e-22, 3.40552035334e-22, 4.95104654143e-22, 7.87040189008e-22, 1.1074606455e-21, 1.67298621846e-21, 3.03898583987e-21], "var": [1.52705215442e-05, 0.000604495755397, 5.92621690885e-05, 5.98897277087e-05, 2.08744258998e-05, 2.30533555623e-06, 1.86532565749e-06, 5.96080440118e-07, 5.36642062343e-07, 9.98901782623e-07, 5.02766567934e-07, 1.29084662603e-06, 5.89019123254e-07, 1.18287380246e-06, 5.79260301947e-07, 4.26158919709e-07, 5.09478297772e-07, 3.92763894297e-07, 3.48315694509e-07, 4.86108149289e-07, 4.42004051138e-07, 3.79279498475e-07, 2.68005919679e-07, 2.69826273325e-07, 2.42085974378e-07, 1.53050734752e-07, 3.6945436932e-08]}, "erbbands": {"dmean": [0.335144221783, 1.71882760525, 3.62432312965, 6.4786605835, 9.73898124695, 5.77071762085, 6.61880302429, 6.84619045258, 8.72489261627, 7.93287706375, 7.39371919632, 8.90437030792, 12.9664487839, 10.2976179123, 13.1131238937, 19.2977809906, 16.9601554871, 20.4888153076, 18.3752288818, 19.434419632, 15.219042778, 20.9643096924, 17.7528381348, 14.5216627121, 14.2784423828, 13.8069868088, 11.5471754074, 10.0809631348, 8.29022502899, 6.35271072388, 4.51288986206, 3.57304549217, 2.43176436424, 1.6207228899, 0.933677792549, 0.507043540478, 0.204683467746, 0.0586068145931, 0.00930142309517, 0.000464303680928], "dmean2": [0.443231523037, 2.71020793915, 5.91875743866, 11.0640106201, 17.2748394012, 9.7761964798, 11.583729744, 11.5035982132, 14.4448604584, 13.3860244751, 12.5499076843, 15.0300931931, 21.40883255, 17.027633667, 21.718421936, 31.0805797577, 27.9018383026, 33.6549339294, 30.2619457245, 32.3897438049, 25.2758197784, 35.4874038696, 29.4341754913, 23.8528270721, 23.3265972137, 22.9417514801, 19.0974216461, 16.9113082886, 13.8785457611, 10.6938276291, 7.23115968704, 5.67104816437, 3.73441362381, 2.53834319115, 1.47568011284, 0.801107943058, 0.317756354809, 0.0928020626307, 0.014806532301, 0.000712882610969], "dvar": [0.330832839012, 8.56165885925, 78.4770355225, 341.76852417, 837.25769043, 195.080917358, 207.661148071, 158.662582397, 308.193695068, 451.094787598, 176.62020874, 287.136016846, 561.281311035, 264.845733643, 532.960510254, 1162.14916992, 708.41204834, 1211.79138184, 779.26776123, 932.39642334, 385.274261475, 1107.66113281, 653.719543457, 340.531524658, 361.293212891, 322.928344727, 229.089599609, 229.020263672, 141.872314453, 83.5303421021, 44.3715629578, 25.6533813477, 14.6492080688, 6.44990253448, 2.27515912056, 0.731736242771, 0.136989757419, 0.0147931659594, 0.000392735295463, 7.74491184075e-07], "dvar2": [0.623550832272, 22.2628688812, 200.511398315, 923.025024414, 2354.71704102, 536.204956055, 596.755371094, 424.820770264, 825.51751709, 1225.8515625, 481.785522461, 757.768737793, 1435.31396484, 671.551757812, 1394.27001953, 2796.1496582, 1791.07653809, 3068.62988281, 2055.37426758, 2436.36083984, 1041.07531738, 3001.32495117, 1740.61096191, 897.817871094, 961.38873291, 860.556884766, 592.738830566, 643.293212891, 390.354309082, 223.816436768, 114.728500366, 62.8793144226, 36.8895797729, 15.9567928314, 5.47125816345, 1.83022844791, 0.334109783173, 0.0362442433834, 0.00101447838824, 1.91170875041e-06], "max": [6.59054946899, 28.6021995544, 76.2650146484, 205.256134033, 269.167755127, 202.214431763, 302.883331299, 146.947006226, 366.469207764, 456.103637695, 176.208465576, 250.537078857, 517.656860352, 234.950744629, 389.177398682, 676.661315918, 371.470123291, 574.18359375, 377.503448486, 680.760375977, 237.066772461, 644.086975098, 459.610412598, 292.550964355, 249.240859985, 247.553314209, 261.831695557, 248.374526978, 160.380661011, 135.038787842, 110.699729919, 65.2573013306, 58.8340644836, 36.0076522827, 20.9692935944, 10.8747167587, 5.67518568039, 2.34973907471, 0.304947882891, 0.0127490591258], "mean": [0.829937577248, 4.15034151077, 5.15416479111, 7.44100999832, 9.70047569275, 7.24608421326, 7.84970569611, 9.01052951813, 12.5331544876, 10.6807746887, 10.578707695, 11.9567232132, 19.0906791687, 16.0174465179, 20.4138336182, 32.2289581299, 28.1586418152, 34.9425010681, 33.5777702332, 33.8962669373, 29.9013214111, 37.5082015991, 34.1464881897, 31.5051231384, 32.3990364075, 33.2740745544, 29.7868595123, 25.6596374512, 21.5344276428, 17.6606826782, 14.2505731583, 11.5848083496, 7.75358104706, 5.32067155838, 3.09632730484, 1.57961499691, 0.615930259228, 0.167683392763, 0.0269824806601, 0.00155136873946], "median": [0.354926496744, 2.16047358513, 2.46438169479, 2.88149738312, 2.66606974602, 2.8615629673, 3.4885969162, 5.01554870605, 6.39496135712, 5.30721998215, 5.07379770279, 6.18226099014, 7.87295055389, 8.49934673309, 10.2818565369, 14.2367973328, 15.3131170273, 17.5191936493, 20.0169677734, 20.6655063629, 21.87241745, 26.4833488464, 24.8017177582, 23.5725803375, 24.0108394623, 25.8644351959, 22.1717262268, 18.4032020569, 14.3462200165, 11.6359205246, 10.1408510208, 8.84563827515, 5.4445567131, 3.75537133217, 2.10620093346, 1.08772408962, 0.358929157257, 0.0738725736737, 0.00995329394937, 0.000662595615722], "min": [1.22996667987e-21, 2.62291681904e-21, 4.60237702893e-20, 1.38818419751e-19, 1.4397013938e-19, 1.36697425263e-19, 4.26681266651e-19, 2.79146521668e-19, 7.28683253933e-19, 9.76762991443e-19, 1.94196199792e-18, 1.46507190207e-18, 1.6586024903e-18, 5.6380444436e-18, 3.89735740899e-18, 2.83649765301e-18, 3.45335828904e-18, 4.86122051879e-18, 5.51976878294e-18, 1.02166847623e-17, 1.4391159257e-17, 8.73675442168e-18, 1.65601839875e-17, 1.30541715165e-17, 1.50411428931e-17, 1.55274109424e-17, 1.19683348351e-17, 1.68340337098e-17, 1.45343409123e-17, 1.43058537748e-17, 1.44352926514e-17, 1.6795930462e-17, 1.21033588353e-17, 1.00622335983e-17, 9.56641161299e-18, 5.43082039731e-18, 3.03135204042e-18, 1.46422621329e-18, 3.87177214396e-19, 4.70550254063e-20], "var": [1.21450090408, 21.8601894379, 78.2297973633, 275.532470703, 563.685302734, 191.212600708, 182.848617554, 156.454666138, 345.502716064, 399.935150146, 230.866012573, 312.701568604, 1021.10321045, 468.593414307, 885.979370117, 2509.95800781, 1323.22558594, 2349.93481445, 1619.61437988, 1759.13867188, 840.353088379, 1726.34692383, 1282.33630371, 892.79309082, 977.235351562, 943.623901367, 803.512451172, 688.333068848, 515.400390625, 332.726165771, 212.338134766, 135.488082886, 69.400100708, 33.4041938782, 11.4245615005, 3.02338147163, 0.502816677094, 0.042007278651, 0.00112358864862, 3.42252542396e-06]}, "gfcc": {"mean": [35.6942825317, 49.4049453735, -90.1120452881, 38.5703392029, -36.7691345215, 16.6433963776, -23.3546295166, 10.7274103165, -16.6235370636, 7.49351549149, -11.0486469269, 3.58142995834, -8.7085943222], "cov": [[19405.65625, -3940.94750977, -244.391921997, 938.284484863, -13.0118274689, 1277.50720215, -336.179534912, 516.765930176, -457.764862061, 539.764282227, -222.312988281, 483.883728027, -299.98815918], [-3940.94750977, 3711.08959961, 403.253295898, -49.801322937, 39.4007072449, -584.551452637, 130.480484009, -113.322723389, 234.213623047, -234.417510986, 67.4043884277, -221.552352905, 149.602661133], [-244.391921997, 403.253295898, 1013.45959473, 55.615272522, 223.923690796, 152.14050293, 19.5036640167, -14.5084486008, -38.6703605652, -41.7767219543, -34.9145698547, -21.0626392365, -19.3488311768], [938.284484863, -49.801322937, 55.615272522, 296.911132812, 23.1561870575, 89.0713043213, -7.76009941101, 83.802772522, -3.72025060654, 31.2918148041, -16.0798244476, 22.36095047, -20.4954891205], [-13.0118274689, 39.4007072449, 223.923690796, 23.1561870575, 312.353790283, 141.298553467, 114.392066956, 2.47322225571, 28.4804096222, 14.2251377106, 31.4146251678, 25.0340137482, 27.5634841919], [1277.50720215, -584.551452637, 152.14050293, 89.0713043213, 141.298553467, 302.779296875, 55.3053741455, 61.014377594, -29.8873920441, 64.6506881714, 6.77735996246, 63.7346343994, -20.8700561523], [-336.179534912, 130.480484009, 19.5036640167, -7.76009941101, 114.392066956, 55.3053741455, 155.403015137, 28.1310825348, 84.3054046631, 14.4507265091, 63.5224647522, 14.2790565491, 36.8862228394], [516.765930176, -113.322723389, -14.5084486008, 83.802772522, 2.47322225571, 61.014377594, 28.1310825348, 117.960327148, 36.6221351624, 57.1582183838, 9.9981880188, 33.9616279602, 0.399868547916], [-457.764862061, 234.213623047, -38.6703605652, -3.72025060654, 28.4804096222, -29.8873920441, 84.3054046631, 36.6221351624, 118.328941345, 32.6325683594, 60.2556266785, 2.80657529831, 34.0751495361], [539.764282227, -234.417510986, -41.7767219543, 31.2918148041, 14.2251377106, 64.6506881714, 14.4507265091, 57.1582183838, 32.6325683594, 89.2290420532, 35.9586486816, 43.172252655, 0.235158264637], [-222.312988281, 67.4043884277, -34.9145698547, -16.0798244476, 31.4146251678, 6.77735996246, 63.5224647522, 9.9981880188, 60.2556266785, 35.9586486816, 80.6668930054, 29.2930755615, 31.0977878571], [483.883728027, -221.552352905, -21.0626392365, 22.36095047, 25.0340137482, 63.7346343994, 14.2790565491, 33.9616279602, 2.80657529831, 43.172252655, 29.2930755615, 65.4887924194, 17.1705570221], [-299.98815918, 149.602661133, -19.3488311768, -20.4954891205, 27.5634841919, -20.8700561523, 36.8862228394, 0.399868547916, 34.0751495361, 0.235158264637, 31.0977878571, 17.1705570221, 56.9351043701]], "icov": [[0.0001241947175, -6.40163489152e-05, 0.000102945443359, -0.000154440131155, 9.81904304354e-05, -0.000421231117798, 4.58903232357e-05, 6.75570845488e-05, 0.000242023932515, -0.000548765412532, 0.000551504257601, -0.000705094367731, 0.000338658050168], [-6.40163489152e-05, 0.000873874465469, -0.000518011860549, -0.00040519767208, -0.000333502568537, 0.00163677276578, -3.15592333209e-05, -0.000556110753678, -0.000723213190213, 0.0015539600281, -0.00149762909859, 0.00233459053561, -0.00162926432677], [0.000102945443359, -0.000518011860549, 0.00171355472412, 0.000129370877403, -0.000878043589182, -0.00192094733939, 0.00120932399295, -0.000101690406154, 0.000146943799336, 0.000254578480963, 0.000619800703134, -0.000800082518253, 0.00128438381944], [-0.000154440131155, -0.00040519767208, 0.000129370877403, 0.00519475573674, -0.000562506960705, -0.00132270471659, 0.00182962906547, -0.00365560175851, -0.000654978735838, 0.00174338591751, -0.000409125932492, -0.000291265518172, 0.00148883007932], [9.81904304354e-05, -0.000333502568537, -0.000878043589182, -0.000562506960705, 0.00697918562219, -0.00255017518066, -0.00516661629081, 0.00346838892438, 0.000678483804222, -0.00304151792079, 0.00341489352286, -0.00188493076712, -0.00178811594378], [-0.000421231117798, 0.00163677276578, -0.00192094733939, -0.00132270471659, -0.00255017518066, 0.0131708206609, -0.00663818791509, -0.00150598585606, 0.00466311303899, -0.00215116352774, -0.00120432290714, 0.000508435652591, 0.000447019992862], [4.58903232357e-05, -3.15592333209e-05, 0.00120932399295, 0.00182962906547, -0.00516661629081, -0.00663818791509, 0.0240045730025, -0.00588691746816, -0.0121808927506, 0.0126514183357, -0.0118016013876, 0.00339752319269, -0.00138878158759], [6.75570845488e-05, -0.000556110753678, -0.000101690406154, -0.00365560175851, 0.00346838892438, -0.00150598585606, -0.00588691746816, 0.021280830726, -0.00605414574966, -0.0114297773689, 0.0131556466222, -0.00916939880699, 0.00115030375309], [0.000242023932515, -0.000723213190213, 0.000146943799336, -0.000654978735838, 0.000678483804222, 0.00466311303899, -0.0121808927506, -0.00605414574966, 0.0314948260784, -0.0135283749551, -0.00818274822086, 0.00954701192677, -0.0048986938782], [-0.000548765412532, 0.0015539600281, 0.000254578480963, 0.00174338591751, -0.00304151792079, -0.00215116352774, 0.0126514183357, -0.0114297773689, -0.0135283749551, 0.0390369482338, -0.0174495726824, -0.00338280457072, 0.00479377806187], [0.000551504257601, -0.00149762909859, 0.000619800703134, -0.000409125932492, 0.00341489352286, -0.00120432290714, -0.0118016013876, 0.0131556466222, -0.00818274822086, -0.0174495726824, 0.0431867316365, -0.0206401646137, -3.12697011395e-05], [-0.000705094367731, 0.00233459053561, -0.000800082518253, -0.000291265518172, -0.00188493076712, 0.000508435652591, 0.00339752319269, -0.00916939880699, 0.00954701192677, -0.00338280457072, -0.0206401646137, 0.0488691851497, -0.0204283129424], [0.000338658050168, -0.00162926432677, 0.00128438381944, 0.00148883007932, -0.00178811594378, 0.000447019992862, -0.00138878158759, 0.00115030375309, -0.0048986938782, 0.00479377806187, -3.12697011395e-05, -0.0204283129424, 0.0356128029525]]}, "melbands": {"dmean": [0.00250061647967, 0.00182062084787, 0.00123670406174, 0.00053185102297, 0.000227689262829, 0.000155783665832, 0.000127973602503, 8.70528820087e-05, 5.95728051849e-05, 5.7904238929e-05, 6.61006270093e-05, 4.33671593782e-05, 4.11183209508e-05, 4.48545179097e-05, 5.15965657542e-05, 3.75833078579e-05, 4.41675038019e-05, 3.38305471814e-05, 2.85065652861e-05, 3.01462332573e-05, 1.76284411282e-05, 2.70011660177e-05, 1.69811100932e-05, 1.3799507542e-05, 1.28485562527e-05, 1.21698913063e-05, 1.12288571472e-05, 1.02589146991e-05, 8.34866295918e-06, 6.99483098288e-06, 6.00490875513e-06, 5.33049524165e-06, 4.47577076557e-06, 3.76673506253e-06, 2.96129178423e-06, 2.73360683423e-06, 2.26123165703e-06, 1.88775891274e-06, 1.71472424881e-06, 1.45966225773e-06], "dmean2": [0.00363222626038, 0.00286129885353, 0.00212858594023, 0.0009199558408, 0.000393163179979, 0.000262806075625, 0.000212011436815, 0.000147299069795, 0.000100688295788, 9.76748924586e-05, 0.000109204098408, 7.18434748705e-05, 6.8712135544e-05, 7.30768006179e-05, 8.29339551274e-05, 6.22489824309e-05, 7.25518693798e-05, 5.60752632737e-05, 4.76882123621e-05, 5.04502095282e-05, 2.95998324873e-05, 4.59455804958e-05, 2.85240075755e-05, 2.2775015168e-05, 2.1384910724e-05, 2.01136626856e-05, 1.86588895303e-05, 1.72119234776e-05, 1.39563662742e-05, 1.17095733003e-05, 1.01099494714e-05, 9.02227748156e-06, 7.59024260333e-06, 6.47469005344e-06, 4.82360565002e-06, 4.5408069127e-06, 3.63426920558e-06, 2.9639670629e-06, 2.7630119348e-06, 2.32979527937e-06], "dvar": [1.80110491783e-05, 1.28557630887e-05, 1.31271153805e-05, 1.78522930128e-06, 2.54904165331e-07, 8.0869099861e-08, 6.96374300446e-08, 4.69509586765e-08, 1.12963318699e-08, 1.17186855775e-08, 1.46427332481e-08, 4.67051419761e-09, 4.65005323136e-09, 5.77190384377e-09, 8.39110114725e-09, 4.3327936794e-09, 6.08718231376e-09, 2.97254620918e-09, 2.02040584263e-09, 2.2683424028e-09, 6.26547314031e-10, 1.98424410236e-09, 6.03353145223e-10, 3.64875435421e-10, 2.80271195141e-10, 2.83347290075e-10, 2.43958381274e-10, 1.76781631001e-10, 1.19013562894e-10, 9.08811012557e-11, 8.09674341462e-11, 5.9348366499e-11, 3.82912937469e-11, 2.92924920431e-11, 1.94535759029e-11, 1.66646973998e-11, 9.85612372967e-12, 7.72543660987e-12, 8.16007244414e-12, 4.97797636445e-12], "dvar2": [3.99605742132e-05, 3.15293727908e-05, 3.5741195461e-05, 4.9184254749e-06, 7.267019555e-07, 2.17808462821e-07, 1.87618326208e-07, 1.27633938973e-07, 3.02560110299e-08, 3.07680139144e-08, 3.74092046229e-08, 1.18290284234e-08, 1.23072991798e-08, 1.42069200848e-08, 2.04944399229e-08, 1.093896973e-08, 1.53506842793e-08, 7.83447084984e-09, 5.37931432731e-09, 6.27290663857e-09, 1.69529335015e-09, 5.40209299515e-09, 1.64053726159e-09, 9.67166902122e-10, 7.4806816297e-10, 7.64788288254e-10, 6.65344002115e-10, 4.80330775154e-10, 3.12536108105e-10, 2.50496401399e-10, 2.31555885577e-10, 1.66230640364e-10, 1.01798167118e-10, 8.08833555688e-11, 5.13089501442e-11, 4.54340697009e-11, 2.4152473424e-11, 1.95430061023e-11, 2.20245679333e-11, 1.25827100475e-11], "max": [0.0431296527386, 0.0344989672303, 0.0401671789587, 0.0114642996341, 0.00949185714126, 0.00315249082632, 0.00595815293491, 0.00458984728903, 0.00151154270861, 0.00168546661735, 0.00256593874656, 0.000918534584343, 0.00108445028309, 0.00138429482467, 0.00149802817032, 0.00113500549924, 0.0013149199076, 0.000874363642652, 0.000720582262147, 0.000979401986115, 0.00033697579056, 0.000871237891261, 0.000395821698476, 0.000488186720759, 0.000268529984169, 0.000221955095185, 0.00030313548632, 0.000164189012139, 0.000155258356244, 0.000136647780892, 0.000138025425258, 0.000102635414805, 8.40323991724e-05, 8.13626757008e-05, 8.19087144919e-05, 5.13076483912e-05, 3.79259581678e-05, 3.65047089872e-05, 4.88930600113e-05, 2.86613667413e-05], "mean": [0.00674348836765, 0.00367639097385, 0.00140289741103, 0.000610497663729, 0.000280525360722, 0.000207770761335, 0.000184227566933, 0.000114990885777, 8.35070968606e-05, 7.56893932703e-05, 9.58212258411e-05, 6.45824911771e-05, 6.07205183769e-05, 7.29042658349e-05, 8.26795148896e-05, 5.58155297767e-05, 7.00599994161e-05, 5.69065778109e-05, 4.39311588707e-05, 4.8330075515e-05, 3.09676324832e-05, 4.32225097029e-05, 2.98127069982e-05, 2.7068232157e-05, 2.49871154665e-05, 2.42191781581e-05, 2.29323868552e-05, 2.22176622628e-05, 1.92870720639e-05, 1.64204539033e-05, 1.41389928103e-05, 1.24314738059e-05, 1.07566038423e-05, 9.41965299717e-06, 8.30684530229e-06, 7.68432073528e-06, 6.77720072417e-06, 5.53836980544e-06, 4.78087986266e-06, 4.41012434749e-06], "median": [0.00354319205508, 0.00209769164212, 0.000526865012944, 0.000204592040973, 0.000132305955049, 0.000119346594147, 9.65922663454e-05, 5.31997575308e-05, 3.89865563193e-05, 3.74457740691e-05, 3.69305416825e-05, 3.08299386234e-05, 2.95240242849e-05, 3.64847510355e-05, 3.29279719153e-05, 2.32435231737e-05, 2.98269023915e-05, 3.09958923026e-05, 2.23774004553e-05, 2.79949235846e-05, 2.13014118344e-05, 2.80853637378e-05, 2.06582499231e-05, 1.98222624022e-05, 1.80213137355e-05, 1.70027506101e-05, 1.65438250406e-05, 1.71248811967e-05, 1.41360096677e-05, 1.21516404761e-05, 9.78172829491e-06, 8.0935551523e-06, 6.94263417245e-06, 6.08372329225e-06, 5.70993688598e-06, 5.80936057304e-06, 5.09180472363e-06, 3.91030062019e-06, 3.0328064895e-06, 3.11903841066e-06], "min": [1.275972259e-23, 1.62781889554e-23, 2.55844126088e-23, 7.17358868316e-24, 1.47530336803e-23, 5.45668617106e-24, 1.23955126098e-23, 1.09880009503e-23, 1.58216073076e-23, 7.91095117077e-24, 9.02896113325e-24, 2.37198120638e-23, 1.40895101511e-23, 8.62281136303e-24, 6.93605398713e-24, 7.46773598206e-24, 9.53953478807e-24, 1.00474996799e-23, 9.79785833554e-24, 1.44083219751e-23, 1.66648980375e-23, 7.26545547988e-24, 1.18302227738e-23, 1.71779684371e-23, 9.5938518057e-24, 1.03056181235e-23, 1.0820158171e-23, 1.06338915452e-23, 8.46313092746e-24, 4.91674953562e-24, 1.17163262474e-23, 8.30278074897e-24, 5.87812209347e-24, 9.32717422125e-24, 7.7717069658e-24, 9.00906053919e-24, 1.07675932134e-23, 8.7563268601e-24, 7.71932029081e-24, 8.45247972751e-24], "var": [6.22987645329e-05, 2.09138543141e-05, 9.91688739305e-06, 1.44098441979e-06, 2.35599571852e-07, 7.87624898635e-08, 7.39357943758e-08, 4.36519798086e-08, 1.49762513502e-08, 1.31128006231e-08, 2.68355204724e-08, 8.28361557126e-09, 7.52509432544e-09, 1.1351543705e-08, 1.74045009516e-08, 7.85289522298e-09, 1.15432188252e-08, 5.87253623507e-09, 3.33323280088e-09, 4.05376354706e-09, 1.09372044754e-09, 2.83690870795e-09, 1.02890118647e-09, 7.88470455593e-10, 6.17374873446e-10, 6.16242556983e-10, 5.5457471948e-10, 4.39051933698e-10, 3.46762063508e-10, 2.7191407459e-10, 2.23253401876e-10, 1.79938591804e-10, 1.33388244894e-10, 9.87573980926e-11, 7.63836979778e-11, 6.28441187978e-11, 4.78061201736e-11, 3.52738185883e-11, 2.93817123409e-11, 2.33603466432e-11]}, "mfcc": {"mean": [-612.825622559, 87.2962036133, 10.452542305, 31.374294281, 12.6543750763, 14.2505378723, 8.88040828705, 7.48605585098, 5.41124916077, 5.77291584015, 2.71203327179, 4.92368602753, 2.96520805359], "cov": [[12257.2158203, -2554.93066406, -622.967529297, -87.4128036499, 352.566833496, 526.149169922, 364.196380615, 122.092750549, -30.3259925842, -12.5364990234, -29.416135788, 29.6519870758, 15.9440813065], [-2554.93066406, 2570.72583008, 506.201446533, 349.714904785, -30.7887172699, -204.277816772, -137.003158569, -35.8086280823, 55.9221038818, -30.7102146149, -13.56407547, -29.166759491, -18.4722442627], [-622.967529297, 506.201446533, 691.56842041, 70.8240737915, 141.958618164, 68.3747634888, 43.4294967651, 23.2013759613, -2.33850884438, -14.8460655212, -7.99745225906, -36.5362968445, -23.536403656], [-87.4128036499, 349.714904785, 70.8240737915, 243.406280518, 39.5943641663, -27.5368328094, -15.4431800842, 19.5720348358, 29.9463119507, 7.61207199097, 5.081635952, 14.262638092, 2.39652204514], [352.566833496, -30.7887172699, 141.958618164, 39.5943641663, 179.758804321, 124.228309631, 88.504737854, 44.4926567078, 19.5727939606, 9.56072044373, 0.520561993122, 2.21335864067, -0.25131380558], [526.149169922, -204.277816772, 68.3747634888, -27.5368328094, 124.228309631, 193.61428833, 116.024253845, 62.0611724854, 15.7734127045, 25.6561450958, 15.8885192871, 11.1933488846, 10.6686201096], [364.196380615, -137.003158569, 43.4294967651, -15.4431800842, 88.504737854, 116.024253845, 116.733322144, 63.3675270081, 20.250164032, 22.3144130707, 12.9356050491, 13.9510602951, 9.70166301727], [122.092750549, -35.8086280823, 23.2013759613, 19.5720348358, 44.4926567078, 62.0611724854, 63.3675270081, 79.7272567749, 38.1306266785, 27.4586353302, 20.3130378723, 20.3803291321, 14.5346279144], [-30.3259925842, 55.9221038818, -2.33850884438, 29.9463119507, 19.5727939606, 15.7734127045, 20.250164032, 38.1306266785, 56.9405288696, 34.6895103455, 15.7355232239, 16.7623214722, 13.0272865295], [-12.5364990234, -30.7102146149, -14.8460655212, 7.61207199097, 9.56072044373, 25.6561450958, 22.3144130707, 27.4586353302, 34.6895103455, 63.4594039917, 36.5980262756, 26.117275238, 17.5912666321], [-29.416135788, -13.56407547, -7.99745225906, 5.081635952, 0.520561993122, 15.8885192871, 12.9356050491, 20.3130378723, 15.7355232239, 36.5980262756, 54.6452674866, 36.3491783142, 17.7337703705], [29.6519870758, -29.166759491, -36.5362968445, 14.262638092, 2.21335864067, 11.1933488846, 13.9510602951, 20.3803291321, 16.7623214722, 26.117275238, 36.3491783142, 57.4867362976, 32.6144218445], [15.9440813065, -18.4722442627, -23.536403656, 2.39652204514, -0.25131380558, 10.6686201096, 9.70166301727, 14.5346279144, 13.0272865295, 17.5912666321, 17.7337703705, 32.6144218445, 48.9937782288]], "icov": [[0.000121937104268, 0.00010462798673, 9.99037074507e-05, -0.00017197013949, -8.36381150293e-05, -0.000193312051124, -0.000181240800885, 0.000147714352352, -3.45939224644e-05, 0.000204468844458, 1.60363470059e-05, 3.9526988985e-05, -6.4288892645e-06], [0.00010462798673, 0.000768316269387, -0.000455272849649, -0.000894179567695, 0.000301650114125, 0.00024677766487, -0.000109598513518, 0.000620606122538, -0.00125947070774, 0.000837993400637, -0.000390255765524, 0.00036170904059, -0.000199460017029], [9.99037074507e-05, -0.000455272849649, 0.00242371321656, 0.000106633429823, -0.00213465816341, -0.000204288458917, 0.000144296704093, -0.000802330672741, 0.00153201539069, 0.000104327518784, -0.00107567117084, 0.00183294841554, -7.76889937697e-05], [-0.00017197013949, -0.000894179567695, 0.000106633429823, 0.00667025987059, -0.00324039417319, 0.00192625797354, 0.00292376405559, -0.00319403246976, -0.00028273879434, -0.000893798656762, 0.00111298472621, -0.00263068894856, 0.00112075312063], [-8.36381150293e-05, 0.000301650114125, -0.00213465816341, -0.00324039417319, 0.0150742940605, -0.00681144604459, -0.00573670398444, 0.00415001669899, -0.00461043044925, 0.00233069364913, 0.00192123115994, -0.00138954236172, 0.001357986941], [-0.000193312051124, 0.00024677766487, -0.000204288458917, 0.00192625797354, -0.00681144604459, 0.0173791758716, -0.00941517669708, -0.00257092784159, 0.0032408637926, -0.00279361126013, -0.00212714634836, 0.00247638742439, -0.00196590740234], [-0.000181240800885, -0.000109598513518, 0.000144296704093, 0.00292376405559, -0.00573670398444, -0.00941517669708, 0.031825736165, -0.0167033597827, 0.00463574938476, -0.00347502995282, 0.00386883760802, -0.00341847678646, 0.0015082701575], [0.000147714352352, 0.000620606122538, -0.000802330672741, -0.00319403246976, 0.00415001669899, -0.00257092784159, -0.0167033597827, 0.0354366451502, -0.0188009757549, 0.00560294091702, -0.00583011191338, -0.000215184059925, -0.00142643938307], [-3.45939224644e-05, -0.00125947070774, 0.00153201539069, -0.00028273879434, -0.00461043044925, 0.0032408637926, 0.00463574938476, -0.0188009757549, 0.0419400334358, -0.0211264844984, 0.00863918848336, -0.00189429358579, -0.00121584394947], [0.000204468844458, 0.000837993400637, 0.000104327518784, -0.000893798656762, 0.00233069364913, -0.00279361126013, -0.00347502995282, 0.00560294091702, -0.0211264844984, 0.03936432302, -0.0218288004398, 0.0037804027088, -0.00314228865318], [1.60363470059e-05, -0.000390255765524, -0.00107567117084, 0.00111298472621, 0.00192123115994, -0.00212714634836, 0.00386883760802, -0.00583011191338, 0.00863918848336, -0.0218288004398, 0.0468455553055, -0.0254660826176, 0.00624968856573], [3.9526988985e-05, 0.00036170904059, 0.00183294841554, -0.00263068894856, -0.00138954236172, 0.00247638742439, -0.00341847678646, -0.000215184059925, -0.00189429358579, 0.0037804027088, -0.0254660826176, 0.0470686815679, -0.0216417722404], [-6.4288892645e-06, -0.000199460017029, -7.76889937697e-05, 0.00112075312063, 0.001357986941, -0.00196590740234, 0.0015082701575, -0.00142643938307, -0.00121584394947, -0.00314228865318, 0.00624968856573, -0.0216417722404, 0.0344010591507]]}, "spectral_contrast_coeffs": {"dmean": [0.0490636825562, 0.0491295866668, 0.0393340848386, 0.0308705810457, 0.0210817735642, 0.0164438392967], "dmean2": [0.0787970423698, 0.0824077650905, 0.0646446123719, 0.0499859116971, 0.0339089743793, 0.0273839291185], "dvar": [0.00198002019897, 0.00165997748263, 0.00100352754816, 0.00065267708851, 0.000336365832482, 0.000228661199799], "dvar2": [0.00485036615282, 0.004772731103, 0.00266833673231, 0.00160849688109, 0.000801582180429, 0.00057090719929], "max": [-0.381565630436, -0.505510389805, -0.526615858078, -0.577852189541, -0.617216646671, -0.623280465603], "mean": [-0.691925644875, -0.758306205273, -0.786778628826, -0.784350216389, -0.794005632401, -0.765530645847], "median": [-0.69970035553, -0.760787665844, -0.790963172913, -0.785046577454, -0.795365929604, -0.761339306831], "min": [-0.958836913109, -0.970852434635, -0.966673076153, -0.955359578133, -0.968319773674, -0.961403906345], "var": [0.00579517241567, 0.00403239345178, 0.0033383036498, 0.00328828277998, 0.00200415076688, 0.00127821962815]}, "spectral_contrast_valleys": {"dmean": [0.331500977278, 0.409345507622, 0.361985296011, 0.29145771265, 0.231781378388, 0.209557309747], "dmean2": [0.550190508366, 0.667765319347, 0.582894444466, 0.464266270399, 0.363092273474, 0.293381363153], "dvar": [0.109989516437, 0.192852541804, 0.152589514852, 0.124059990048, 0.105922587216, 0.0918695703149], "dvar2": [0.240167081356, 0.445893079042, 0.33046028018, 0.252274364233, 0.212183520198, 0.173510402441], "max": [-4.88660144806, -4.6172709465, -5.23810768127, -5.56149864197, -5.53352117538, -7.56164979935], "mean": [-6.89857959747, -6.91067552567, -7.36578607559, -7.51207685471, -7.121859