{"lowlevel": {"average_loudness": 0.970151662827, "barkbands_crest": {"dmean": 2.27158927917, "dmean2": 3.79959750175, "dvar": 4.67483520508, "dvar2": 12.742688179, "max": 25.6961517334, "mean": 8.48464393616, "median": 7.97571277618, "min": 2.76783466339, "var": 8.4440908432}, "barkbands_flatness_db": {"dmean": 0.0209450982511, "dmean2": 0.032401252538, "dvar": 0.000420618162025, "dvar2": 0.00105593772605, "max": 0.416227817535, "mean": 0.113123089075, "median": 0.109844952822, "min": 0.0268297102302, "var": 0.00132126756944}, "barkbands_kurtosis": {"dmean": 2.44703054428, "dmean2": 4.01052856445, "dvar": 15.140622139, "dvar2": 39.0350914001, "max": 77.1676101685, "mean": 2.04736208916, "median": 0.631033420563, "min": -1.91836583614, "var": 21.7666130066}, "barkbands_skewness": {"dmean": 0.602066814899, "dmean2": 0.932600915432, "dvar": 0.408522218466, "dvar2": 0.981639564037, "max": 6.64273881912, "mean": 1.33231317997, "median": 1.2733963728, "min": -4.94016361237, "var": 1.02587866783}, "barkbands_spread": {"dmean": 7.22957181931, "dmean2": 11.1562795639, "dvar": 56.2879104614, "dvar2": 128.265884399, "max": 102.547210693, "mean": 28.4724998474, "median": 26.7579345703, "min": 1.24421560764, "var": 179.31451416}, "dissonance": {"dmean": 0.0119409561157, "dmean2": 0.0200262255967, "dvar": 0.000140349948197, "dvar2": 0.000363304367056, "max": 0.500000119209, "mean": 0.476438909769, "median": 0.480690479279, "min": 0.344488918781, "var": 0.000318572565448}, "dynamic_complexity": 1.69135379791, "erbbands_crest": {"dmean": 2.34217572212, "dmean2": 3.74855208397, "dvar": 4.72722482681, "dvar2": 11.4935770035, "max": 28.6677570343, "mean": 7.89072132111, "median": 7.11834049225, "min": 2.11470341682, "var": 11.8187065125}, "erbbands_flatness_db": {"dmean": 0.0176676753908, "dmean2": 0.0253821760416, "dvar": 0.000336710509146, "dvar2": 0.000652146933135, "max": 0.340457081795, "mean": 0.137440904975, "median": 0.134237706661, "min": 0.0463014133275, "var": 0.00149956264067}, "erbbands_kurtosis": {"dmean": 0.843041419983, "dmean2": 1.33911466599, "dvar": 1.58033907413, "dvar2": 3.45673131943, "max": 24.2065505981, "mean": 0.0298666544259, "median": -0.483596801758, "min": -1.77392482758, "var": 3.11181259155}, "erbbands_skewness": {"dmean": 0.384230852127, "dmean2": 0.58830934763, "dvar": 0.129767403007, "dvar2": 0.299081653357, "max": 3.28116583824, "mean": -0.422440439463, "median": -0.38173058629, "min": -3.49194645882, "var": 0.467196673155}, "erbbands_spread": {"dmean": 9.76598453522, "dmean2": 15.1783742905, "dvar": 91.5080718994, "dvar2": 211.398605347, "max": 129.200241089, "mean": 43.8164634705, "median": 41.9164505005, "min": 3.74960875511, "var": 284.062103271}, "hfc": {"dmean": 8.41078090668, "dmean2": 11.8248157501, "dvar": 104.046180725, "dvar2": 200.452728271, "max": 221.980697632, "mean": 27.2209682465, "median": 23.1211585999, "min": 1.16344316349e-16, "var": 367.902893066}, "melbands_crest": {"dmean": 3.19824910164, "dmean2": 5.40842628479, "dvar": 10.0976686478, "dvar2": 28.1417999268, "max": 30.414226532, "mean": 12.6387443542, "median": 12.0954885483, "min": 2.26397442818, "var": 16.320520401}, "melbands_flatness_db": {"dmean": 0.0279759522527, "dmean2": 0.0424289479852, "dvar": 0.000771497841924, "dvar2": 0.00191862450447, "max": 0.538933992386, "mean": 0.181883275509, "median": 0.181195095181, "min": 0.00588987534866, "var": 0.00253312871791}, "melbands_kurtosis": {"dmean": 7.37868738174, "dmean2": 12.0084543228, "dvar": 119.952560425, "dvar2": 301.934509277, "max": 158.328308105, "mean": 11.6188516617, "median": 7.59142589569, "min": -1.79738914967, "var": 186.093170166}, "melbands_skewness": {"dmean": 0.843271315098, "dmean2": 1.32690227032, "dvar": 0.805259585381, "dvar2": 1.95668399334, "max": 9.8789806366, "mean": 2.8043217659, "median": 2.67563986778, "min": -1.86964762211, "var": 1.96819555759}, "melbands_spread": {"dmean": 10.1159324646, "dmean2": 15.6228456497, "dvar": 157.656509399, "dvar2": 334.552307129, "max": 208.464233398, "mean": 28.9856243134, "median": 24.2268733978, "min": 1.07594633102, "var": 440.389770508}, "pitch_salience": {"dmean": 0.0723238363862, "dmean2": 0.120725341141, "dvar": 0.00449601886794, "dvar2": 0.0127658322453, "max": 0.851448297501, "mean": 0.577693462372, "median": 0.582096636295, "min": 0.107434511185, "var": 0.00920531805605}, "silence_rate_20dB": {"dmean": 0, "dmean2": 0, "dvar": 0, "dvar2": 0, "max": 1, "mean": 1, "median": 1, "min": 1, "var": 0}, "silence_rate_30dB": {"dmean": 0, "dmean2": 0, "dvar": 0, "dvar2": 0, "max": 1, "mean": 1, "median": 1, "min": 1, "var": 0}, "silence_rate_60dB": {"dmean": 0.00482043856755, "dmean2": 0.00964203942567, "dvar": 0.00479691149667, "dvar2": 0.0114765204489, "max": 1, "mean": 0.0160260275006, "median": 0, "min": 0, "var": 0.0157693047076}, "spectral_centroid": {"dmean": 334.708892822, "dmean2": 511.254730225, "dvar": 117219.351562, "dvar2": 242072.75, "max": 11382.1435547, "mean": 1608.27526855, "median": 1532.02087402, "min": 181.292053223, "var": 433315.75}, "spectral_complexity": {"dmean": 5.14292621613, "dmean2": 7.21827173233, "dvar": 25.2140140533, "dvar2": 41.666557312, "max": 58, "mean": 24.2193031311, "median": 24, "min": 0, "var": 85.2122650146}, "spectral_decrease": {"dmean": 2.97870172972e-09, "dmean2": 5.01832086997e-09, "dvar": 1.93758687423e-17, "dvar2": 5.30577103734e-17, "max": 1.53302458259e-17, "mean": -8.24248136411e-09, "median": -7.65866836616e-09, "min": -3.79692188801e-08, "var": 1.99230569893e-17}, "spectral_energy": {"dmean": 0.0116760525852, "dmean2": 0.0195324346423, "dvar": 0.000284225796349, "dvar2": 0.000775993568823, "max": 0.145935431123, "mean": 0.033577978611, "median": 0.0313675999641, "min": 1.04878746853e-20, "var": 0.000302901520627}, "spectral_energyband_high": {"dmean": 0.000592162075918, "dmean2": 0.000799190020189, "dvar": 1.645932457e-06, "dvar2": 2.7318596949e-06, "max": 0.0310486741364, "mean": 0.0012123369379, "median": 0.000472340005217, "min": 7.46649410042e-21, "var": 5.56834129384e-06}, "spectral_energyband_low": {"dmean": 0.00753622502089, "dmean2": 0.0132524110377, "dvar": 0.000229042227147, "dvar2": 0.000655138283037, "max": 0.127188041806, "mean": 0.0132336644456, "median": 0.0107196178287, "min": 7.11074865454e-23, "var": 0.000178498245077}, "spectral_energyband_middle_high": {"dmean": 0.00232833926566, "dmean2": 0.00339724682271, "dvar": 7.5187854236e-06, "dvar2": 1.62538035511e-05, "max": 0.0404840186238, "mean": 0.00693191960454, "median": 0.00577361183241, "min": 1.69974064432e-21, "var": 2.64532609435e-05}, "spectral_energyband_middle_low": {"dmean": 0.00606511207297, "dmean2": 0.009860615246, "dvar": 6.03335683991e-05, "dvar2": 0.000144892808748, "max": 0.0993077903986, "mean": 0.0138103989884, "median": 0.0116898920387, "min": 2.51789330548e-22, "var": 9.18673758861e-05}, "spectral_entropy": {"dmean": 0.146272987127, "dmean2": 0.209560900927, "dvar": 0.0203300770372, "dvar2": 0.0383761636913, "max": 9.81998443604, "mean": 7.66855716705, "median": 7.65344572067, "min": 5.42348480225, "var": 0.110551446676}, "spectral_flux": {"dmean": 0.0298680458218, "dmean2": 0.0452169850469, "dvar": 0.00124658050481, "dvar2": 0.00231763301417, "max": 0.31752088666, "mean": 0.0979313328862, "median": 0.0874119848013, "min": 1.02410323277e-10, "var": 0.00252786534838}, "spectral_kurtosis": {"dmean": 1.30593264103, "dmean2": 2.12230825424, "dvar": 2.52942276001, "dvar2": 6.68339729309, "max": 33.9681015015, "mean": 4.39847373962, "median": 4.07094192505, "min": -1.21920621395, "var": 6.31711959839}, "spectral_rms": {"dmean": 0.000928161549382, "dmean2": 0.00150271074381, "dvar": 1.36567302889e-06, "dvar2": 3.57795488526e-06, "max": 0.0119321430102, "mean": 0.00552368629724, "median": 0.00553195597604, "min": 3.19876113444e-12, "var": 2.2479675863e-06}, "spectral_rolloff": {"dmean": 668.070495605, "dmean2": 1083.16662598, "dvar": 768203.125, "dvar2": 1602726.5, "max": 19422.9492188, "mean": 1815.90185547, "median": 1614.99023438, "min": 129.19921875, "var": 2395358}, "spectral_skewness": {"dmean": 0.176223814487, "dmean2": 0.275854617357, "dvar": 0.0288336873055, "dvar2": 0.0685497298837, "max": 3.84796237946, "mean": 1.46723842621, "median": 1.49015188217, "min": -0.0190873276442, "var": 0.130298435688}, "spectral_spread": {"dmean": 551842.9375, "dmean2": 817184.75, "dvar": 476619177984, "dvar2": 825515311104, "max": 40779020, "mean": 4469200, "median": 4298820.5, "min": 1288562.125, "var": 1609436495870.0}, "spectral_strongpeak": {"dmean": 0.542273163795, "dmean2": 0.957238197327, "dvar": 1.17797684669, "dvar2": 3.09056282043, "max": 11.8425321579, "mean": 0.733533084393, "median": 0.357317894697, "min": 0, "var": 1.33238279819}, "zerocrossingrate": {"dmean": 0.011410234496, "dmean2": 0.0133998095989, "dvar": 0.000174120243173, "dvar2": 0.00019400617748, "max": 0.552734375, "mean": 0.0681435614824, "median": 0.0595703125, "min": 0.005859375, "var": 0.00145620154217}, "barkbands": {"dmean": [7.69924445194e-05, 0.00363460974768, 0.00384849612601, 0.0021881738212, 0.00353433005512, 0.00111820409074, 0.000692045490723, 0.000748871651012, 0.000552376965061, 0.000371194735635, 0.00032036844641, 0.000275017024251, 0.00026078656083, 0.000486529403133, 0.000410397100495, 0.000455700064776, 0.000696563103702, 0.000396079063648, 0.000321233092109, 0.000167353267898, 0.000210514699575, 0.000133765832288, 8.01757996669e-05, 8.51789300214e-05, 6.09557209827e-05, 2.77733161056e-05, 6.47041952107e-06], "dmean2": [0.000130391970742, 0.00625736499205, 0.0069084293209, 0.00388260092586, 0.00577946612611, 0.00183356262278, 0.00109776994213, 0.00123928242829, 0.000882027670741, 0.000583295943215, 0.000493362662382, 0.000429082545452, 0.000409648841014, 0.000761785951909, 0.000634431140497, 0.000715511094313, 0.00109915051144, 0.000625802262221, 0.000514399667736, 0.000248220952926, 0.000299891660688, 0.000192039835383, 0.00011499386892, 0.000124794300064, 9.03492982616e-05, 4.0890150558e-05, 9.68094718701e-06], "dvar": [1.02730002283e-08, 4.46827216365e-05, 7.17271541362e-05, 1.19733213069e-05, 2.20769943553e-05, 3.23682252201e-06, 1.6603170252e-06, 3.2764999105e-06, 2.11388487514e-06, 1.11113263301e-06, 6.73759927849e-07, 3.55219754056e-07, 5.4542823591e-07, 1.13700127713e-06, 5.53978509288e-07, 6.23600101335e-07, 1.01900093341e-06, 3.78320493155e-07, 2.21878394768e-07, 1.16604638833e-07, 2.98800301834e-07, 7.92792747006e-08, 3.07661132126e-08, 4.44277503675e-08, 2.83617698216e-08, 4.56037740904e-09, 1.99980906834e-10], "dvar2": [2.91136288411e-08, 0.000127937179059, 0.000207644159673, 3.38012541761e-05, 5.35067556484e-05, 8.001939932e-06, 4.17070214098e-06, 8.21338744572e-06, 5.29632507096e-06, 2.49196546065e-06, 1.52469135628e-06, 8.29377199807e-07, 1.34042920763e-06, 2.65545577349e-06, 1.30735463699e-06, 1.43106638006e-06, 2.43530712396e-06, 9.38207278978e-07, 5.48016714674e-07, 2.47778928042e-07, 5.87074339364e-07, 1.50453615788e-07, 5.95833391515e-08, 8.80052866137e-08, 5.59122312893e-08, 9.60636992176e-09, 4.65654487192e-10], "max": [0.00101470097434, 0.0709156543016, 0.0720616877079, 0.0393983758986, 0.0560669563711, 0.0384956523776, 0.0281039252877, 0.0339022986591, 0.0365814678371, 0.0217536091805, 0.0239306595176, 0.0133857037872, 0.0192165654153, 0.0372486189008, 0.0135696735233, 0.0188235174865, 0.0166563782841, 0.0115730660036, 0.00762830674648, 0.00813460629433, 0.0159988608211, 0.00620665494353, 0.00531957345083, 0.0048841019161, 0.005477567669, 0.0014386922121, 0.00036492239451], "mean": [0.000115396309411, 0.00676777260378, 0.00483370898291, 0.0029478429351, 0.00588654307649, 0.00194051780272, 0.00106624246109, 0.000960441539064, 0.000824928050861, 0.000616357079707, 0.000536499603186, 0.00045911379857, 0.000427300808951, 0.000794902618509, 0.000708713545464, 0.000829054100905, 0.00126316188835, 0.000713069515768, 0.000519430381246, 0.00029875439941, 0.000373436778318, 0.00024338113144, 0.000145947095007, 0.000146955033415, 0.000107581996417, 4.19107891503e-05, 9.1352058007e-06], "median": [6.21551516815e-05, 0.00574268493801, 0.00279015488923, 0.00200452818535, 0.00413151830435, 0.00123194558546, 0.000458435097244, 0.00027776369825, 0.00029250033549, 0.000214111656533, 0.00021162997291, 0.000224557559704, 0.000180044502486, 0.000361908285413, 0.000344403466443, 0.00047863976215, 0.000757122528739, 0.00043958122842, 0.000335649761837, 0.000130178479594, 0.000114341026347, 9.35165953706e-05, 5.78756480536e-05, 5.17785156262e-05, 3.85124149034e-05, 1.24054377011e-05, 2.77921935776e-06], "min": [3.61412403321e-24, 2.99074965871e-23, 2.2309109462e-23, 2.82300848464e-23, 1.30899981407e-23, 2.69105887646e-23, 5.99404283691e-23, 2.97254306456e-23, 8.69774746923e-23, 7.49290948018e-23, 5.87455249787e-23, 7.36661852905e-23, 7.85717578504e-23, 8.06481659706e-23, 1.56996244836e-22, 4.66043655794e-23, 1.79421616618e-22, 2.73553712622e-22, 4.42600596646e-22, 3.34938829299e-22, 6.36585456477e-22, 6.45637591188e-22, 4.68347855389e-22, 7.62750896679e-22, 1.02623387215e-21, 1.45449411349e-21, 2.64095868641e-21], "var": [1.78672063811e-08, 4.06531980843e-05, 4.94905725645e-05, 1.12291672849e-05, 3.418338747e-05, 6.6428547143e-06, 2.77560593531e-06, 4.13039424529e-06, 3.01752538689e-06, 2.51718074651e-06, 1.50836854118e-06, 6.47348144867e-07, 9.49188631694e-07, 1.81373627584e-06, 1.13609053187e-06, 1.39646317621e-06, 2.3365648758e-06, 7.2117632044e-07, 3.39649631087e-07, 2.56441012425e-07, 7.60521402299e-07, 2.18744872882e-07, 8.85735147449e-08, 1.18888600298e-07, 7.51699147372e-08, 9.81738335071e-09, 3.40995509607e-10]}, "erbbands": {"dmean": [0.0676322728395, 0.993188560009, 4.08190250397, 5.7310590744, 11.0303287506, 11.9130945206, 12.6599645615, 8.28247261047, 7.87891721725, 13.327044487, 15.6255426407, 12.5185995102, 12.2030706406, 9.82953357697, 12.1933774948, 10.3346509933, 11.4061450958, 20.6886005402, 21.6247520447, 20.462934494, 27.3457946777, 36.1084861755, 24.3942165375, 17.7790966034, 12.9288349152, 7.83875703812, 8.02737236023, 8.45733356476, 5.26419591904, 2.57377648354, 2.4768178463, 2.08067631721, 1.25063467026, 0.789315700531, 0.390595525503, 0.135811671615, 0.0506198145449, 0.0098876086995, 0.00109188258648, 6.73408503644e-05], "dmean2": [0.110992029309, 1.72882676125, 7.34583330154, 10.2522039413, 18.6564502716, 19.7475585938, 20.6138687134, 13.7526082993, 12.5399065018, 21.2795772552, 25.9078941345, 20.1676425934, 19.015996933, 14.8180503845, 18.9838752747, 15.9504108429, 17.56823349, 31.9922370911, 33.4462585449, 31.1831760406, 42.5012779236, 57.0231246948, 38.0729904175, 28.335067749, 20.299659729, 11.6520643234, 11.7310180664, 12.2428436279, 7.54211902618, 3.72113180161, 3.58335590363, 3.03448152542, 1.84598648548, 1.18975365162, 0.568167746067, 0.198861166835, 0.0765806138515, 0.0149044338614, 0.00164508470334, 0.000101345780422], "dvar": [0.0087741240859, 3.85406446457, 84.4628143311, 88.3215942383, 371.675415039, 249.15296936, 385.394195557, 224.400299072, 200.724716187, 826.668029785, 1600.88964844, 1342.33093262, 1377.46386719, 619.850036621, 921.214294434, 488.316680908, 976.55255127, 2541.36083984, 1815.05187988, 1450.80944824, 2115.6550293, 2899.71044922, 1375.69689941, 648.172058105, 389.639801025, 256.848724365, 499.230773926, 420.61505127, 136.528396606, 19.5128974915, 36.0820617676, 29.4659671783, 9.64943408966, 5.02503299713, 1.14830505848, 0.119001351297, 0.0159320756793, 0.000543154950719, 5.52098254047e-06, 1.87873236968e-08], "dvar2": [0.0236221458763, 11.0654344559, 244.188232422, 251.750961304, 929.43572998, 615.840759277, 982.76965332, 538.157409668, 477.294006348, 2041.21972656, 4016.29174805, 3471.49707031, 3295.36376953, 1276.34265137, 2091.19897461, 1098.24694824, 2366.67553711, 5956.02050781, 4268.03271484, 3350.54223633, 4827.97558594, 6982.515625, 3381.75854492, 1615.19897461, 924.286621094, 540.657592773, 1072.3984375, 789.47064209, 251.258743286, 39.4479866028, 71.1307220459, 57.3269462585, 19.9410037994, 10.586397171, 2.13889765739, 0.238863959908, 0.0354018285871, 0.00122095737606, 1.30137259475e-05, 4.39594636248e-08], "max": [1.10974764824, 19.3915500641, 78.909362793, 88.1091995239, 220.797058105, 271.02331543, 300.385955811, 356.825408936, 449.852905273, 517.393554688, 741.982910156, 1124.89831543, 1132.39868164, 576.397277832, 752.328369141, 660.850341797, 821.481872559, 1419.96496582, 1076.99291992, 867.421508789, 1172.01147461, 952.177612305, 704.932128906, 415.863128662, 383.54498291, 398.353210449, 680.105957031, 529.489379883, 247.608108521, 86.3047637939, 203.295776367, 149.830429077, 78.6075210571, 77.8039321899, 27.5992088318, 8.77663516998, 2.93086409569, 0.595399975777, 0.0605113990605, 0.00350311840884], "mean": [0.150676071644, 1.68987238407, 5.36922931671, 8.27194499969, 14.6693696976, 19.0079746246, 21.6162281036, 14.2921075821, 13.3407812119, 18.4859905243, 21.1821842194, 18.3705825806, 20.8913841248, 18.2015323639, 21.9431762695, 18.7261867523, 20.7983131409, 35.2890319824, 38.7927703857, 38.2590370178, 53.0865631104, 69.4168395996, 47.7203292847, 30.1462898254, 23.574300766, 14.4632053375, 14.1632375717, 14.6960830688, 9.62092876434, 4.87579393387, 4.40180444717, 3.67407655716, 2.09054374695, 1.37529563904, 0.664861142635, 0.218211814761, 0.0715759918094, 0.0140209943056, 0.00153802568093, 0.00012124665227], "median": [0.125283151865, 1.31734478474, 3.33241271973, 6.01558208466, 8.98769283295, 12.828289032, 13.85978508, 9.18423175812, 6.49346017838, 7.3481836319, 6.91031551361, 7.49029970169, 7.40756416321, 8.09525775909, 10.6616954803, 9.65853023529, 9.854429245, 16.601348877, 19.1137714386, 20.6275119781, 31.8695240021, 41.8761558533, 31.2875804901, 21.116027832, 14.5036945343, 6.7681055069, 4.27914857864, 4.60594272614, 3.39577412605, 2.43506455421, 1.61323177814, 1.28102636337, 0.735632181168, 0.497664362192, 0.220406755805, 0.0712115168571, 0.0190051253885, 0.00415803957731, 0.00048494306975, 6.36547265458e-05], "min": [3.39385808615e-22, 8.73189464511e-21, 2.83889323269e-20, 6.34379028934e-20, 6.77468999617e-20, 3.25372430988e-20, 6.71322918418e-20, 3.20147331392e-19, 6.8401870618e-19, 1.04734445196e-18, 6.29391750225e-19, 1.40753611379e-18, 2.43534897033e-18, 2.78728702401e-18, 2.6566448064e-18, 2.78822959632e-18, 2.94743291291e-18, 4.8583485477e-18, 7.57482125985e-18, 4.95964012243e-18, 4.49347380283e-18, 1.01373846113e-17, 1.47027151804e-17, 2.69673585186e-17, 1.57728883697e-17, 1.76064979792e-17, 2.35980963738e-17, 2.15672256949e-17, 2.16598169839e-17, 1.89506466222e-17, 1.48784497015e-17, 1.62414365559e-17, 1.21068594636e-17, 1.08065257504e-17, 7.52300832064e-18, 6.25262971256e-18, 2.41368159457e-18, 1.30579248486e-18, 2.84064343054e-19, 4.38371635765e-20], "var": [0.0165403522551, 3.15774440765, 57.6791648865, 74.7799530029, 380.582580566, 417.952819824, 684.472412109, 416.114685059, 419.715545654, 1141.79528809, 2070.05908203, 1597.07373047, 2788.77172852, 1453.99328613, 1847.31970215, 1005.79364014, 1948.96740723, 3741.99829102, 3628.20581055, 3316.94946289, 5315.89941406, 7065.75634766, 2802.87670898, 945.005554199, 811.785095215, 558.669128418, 1090.69238281, 1126.47766113, 387.430145264, 46.4464263916, 100.686569214, 83.5737380981, 22.9855308533, 11.8002614975, 3.22575187683, 0.288896024227, 0.0295441970229, 0.00100282486528, 8.85823465069e-06, 3.16753450136e-08]}, "gfcc": {"mean": [35.031955719, 82.2208328247, -112.248527527, 44.1232299805, -42.6226730347, 9.42817497253, -42.9328422546, 7.24649000168, -21.886724472, -3.69570326805, -16.6283473969, 2.09219384193, -9.49553203583], "cov": [[5107.90917969, 78.5042266846, 550.110534668, 245.016189575, 102.898803711, 150.530593872, -74.7478103638, 104.423477173, -212.986572266, 65.1710891724, -167.312057495, 2.52226448059, -92.1829071045], [78.5042266846, 1408.40234375, -183.41633606, 6.62885427475, 306.493621826, 82.3248443604, 59.135471344, 0.921890735626, 113.254417419, -120.352890015, 102.309486389, -40.9255981445, 42.5995292664], [550.110534668, -183.41633606, 675.592834473, 193.421829224, 82.7749176025, 103.702178955, 17.4251689911, 14.4443006516, -47.0733604431, 62.2923469543, -47.754447937, 35.4884757996, -32.2715644836], [245.016189575, 6.62885427475, 193.421829224, 294.269592285, 64.5152587891, 20.6981239319, 7.65788269043, 3.7113609314, -2.12342977524, 11.1645421982, -6.17179727554, -8.31488418579, 29.0636672974], [102.898803711, 306.493621826, 82.7749176025, 64.5152587891, 314.900604248, 41.4251785278, -18.8619270325, 57.0625190735, 40.0528793335, -11.9307346344, 25.0715713501, 25.022600174, -5.31685686111], [150.530593872, 82.3248443604, 103.702178955, 20.6981239319, 41.4251785278, 147.932189941, 77.2079696655, -8.15479946136, -11.9601068497, 14.6551513672, 1.45318603516, -7.47448158264, -2.82436943054], [-74.7478103638, 59.135471344, 17.4251689911, 7.65788269043, -18.8619270325, 77.2079696655, 160.91986084, 4.0890173912, -20.2306175232, 0.120016373694, 10.773068428, -15.7348661423, -0.242191925645], [104.423477173, 0.921890735626, 14.4443006516, 3.7113609314, 57.0625190735, -8.15479946136, 4.0890173912, 109.411743164, 22.3478832245, -10.0994539261, -2.02357935905, 17.3356666565, -14.4751091003], [-212.986572266, 113.254417419, -47.0733604431, -2.12342977524, 40.0528793335, -11.9601068497, -20.2306175232, 22.3478832245, 114.11190033, 23.9667625427, 7.17150640488, -16.8949146271, 8.43343925476], [65.1710891724, -120.352890015, 62.2923469543, 11.1645421982, -11.9307346344, 14.6551513672, 0.120016373694, -10.0994539261, 23.9667625427, 90.0342788696, 2.75553274155, -11.0039424896, -9.76300621033], [-167.312057495, 102.309486389, -47.754447937, -6.17179727554, 25.0715713501, 1.45318603516, 10.773068428, -2.02357935905, 7.17150640488, 2.75553274155, 65.583114624, 17.1175537109, 4.79758882523], [2.52226448059, -40.9255981445, 35.4884757996, -8.31488418579, 25.022600174, -7.47448158264, -15.7348661423, 17.3356666565, -16.8949146271, -11.0039424896, 17.1175537109, 76.0260772705, 18.9714756012], [-92.1829071045, 42.5995292664, -32.2715644836, 29.0636672974, -5.31685686111, -2.82436943054, -0.242191925645, -14.4751091003, 8.43343925476, -9.76300621033, 4.79758882523, 18.9714756012, 68.8309173584]], "icov": [[0.000359030032996, -0.000391125417082, 4.90991369588e-05, -0.000338675279636, 0.000270239950623, -0.000363467232091, 0.000576630060095, -0.000734183995519, 0.00124741182663, -0.00113639910705, 0.00130366161466, -0.000413858128013, 0.00045169799705], [-0.000391125417082, 0.00214572483674, -0.000134031026391, 0.000734635919798, -0.00178798695561, -0.000199188230908, -0.00102048052941, 0.00162855465896, -0.00295032933354, 0.0041781659238, -0.00386093743145, 0.00248876586556, -0.00149497843813], [4.90991369588e-05, -0.000134031026391, 0.00309681263752, -0.0021167928353, -0.000184991920833, -0.00176802044734, 0.000253005622653, 0.00010647700401, 0.000958686810918, -0.00228597782552, 0.00312488246709, -0.00332805141807, 0.00268869055435], [-0.000338675279636, 0.000734635919798, -0.0021167928353, 0.00579064805061, -0.00152187026106, 0.00136087636929, -0.000769528734963, 0.000224004805204, -0.000792375009041, 0.00188928411808, -0.00312298419885, 0.00450627040118, -0.00502240890637], [0.000270239950623, -0.00178798695561, -0.000184991920833, -0.00152187026106, 0.00621617911384, -0.00197063642554, 0.00233002193272, -0.00311426026747, 0.000502010807395, -0.00177145982161, 0.00103747658432, -0.00303325825371, 0.00222791451961], [-0.000363467232091, -0.000199188230908, -0.00176802044734, 0.00136087636929, -0.00197063642554, 0.0122034139931, -0.00600026827306, 0.00228920509107, -0.000242347305175, -0.000853800855111, -0.000391545298044, 0.00121275288984, -0.00135662045795], [0.000576630060095, -0.00102048052941, 0.000253005622653, -0.000769528734963, 0.00233002193272, -0.00600026827306, 0.0108373891562, -0.00396818621084, 0.00414351839572, -0.00193869299255, -0.000306473317323, 0.00179733103141, -0.000271904224064], [-0.000734183995519, 0.00162855465896, 0.00010647700401, 0.000224004805204, -0.00311426026747, 0.00228920509107, -0.00396818621084, 0.0146879116073, -0.00703380443156, 0.00532643450424, -0.000863491964992, -0.00352612021379, 0.00354180950671], [0.00124741182663, -0.00295032933354, 0.000958686810918, -0.000792375009041, 0.000502010807395, -0.000242347305175, 0.00414351839572, -0.00703380443156, 0.0187621880323, -0.0112359561026, 0.00538454623893, 0.00192707101814, -0.00195414060727], [-0.00113639910705, 0.0041781659238, -0.00228597782552, 0.00188928411808, -0.00177145982161, -0.000853800855111, -0.00193869299255, 0.00532643450424, -0.0112359561026, 0.0233017299324, -0.0109765324742, 0.00610862020403, -0.00127269735094], [0.00130366161466, -0.00386093743145, 0.00312488246709, -0.00312298419885, 0.00103747658432, -0.000391545298044, -0.000306473317323, -0.000863491964992, 0.00538454623893, -0.0109765324742, 0.0289282724261, -0.0125797819346, 0.00603498285636], [-0.000413858128013, 0.00248876586556, -0.00332805141807, 0.00450627040118, -0.00303325825371, 0.00121275288984, 0.00179733103141, -0.00352612021379, 0.00192707101814, 0.00610862020403, -0.0125797819346, 0.0260215997696, -0.0121424756944], [0.00045169799705, -0.00149497843813, 0.00268869055435, -0.00502240890637, 0.00222791451961, -0.00135662045795, -0.000271904224064, 0.00354180950671, -0.00195414060727, -0.00127269735094, 0.00603498285636, -0.0121424756944, 0.0232851803303]]}, "melbands": {"dmean": [0.000793282175437, 0.00184615631588, 0.00112400541548, 0.00082085840404, 0.000458193419036, 0.000186586054042, 0.000125144215417, 0.000152328997501, 0.000120782926388, 7.83831637818e-05, 6.19449274382e-05, 4.19224161305e-05, 4.61556628579e-05, 3.07871123368e-05, 2.80239310086e-05, 2.68330550171e-05, 4.28945313615e-05, 3.95363531425e-05, 2.66979477601e-05, 2.68750700343e-05, 3.58172874257e-05, 3.64010884368e-05, 4.05883074563e-05, 1.6011097614e-05, 1.53010914801e-05, 1.2152603631e-05, 6.8271492637e-06, 5.20340654475e-06, 5.07570121044e-06, 5.54575854039e-06, 4.99420048072e-06, 3.44569434674e-06, 1.99207352125e-06, 1.29453951558e-06, 1.48387243826e-06, 1.42875512665e-06, 1.30431487833e-06, 9.24589187434e-07, 7.55526457397e-07, 6.73084855407e-07], "dmean2": [0.00133841659408, 0.00330095249228, 0.00197158195078, 0.00136320234742, 0.000748871476389, 0.000307905545924, 0.000199524671189, 0.000244424736593, 0.000199091198738, 0.000126052909764, 9.66020670603e-05, 6.34575917502e-05, 7.07652361598e-05, 4.88663717988e-05, 4.32655469922e-05, 4.18610652559e-05, 6.65178449708e-05, 6.15617318545e-05, 4.13127818319e-05, 4.16893453803e-05, 5.61359847779e-05, 5.7867335272e-05, 6.38847559458e-05, 2.53691632679e-05, 2.47199423029e-05, 1.93614996533e-05, 1.04808677861e-05, 7.84000258136e-06, 7.55747669245e-06, 8.08847562439e-06, 7.37683240004e-06, 5.02986313222e-06, 2.98868576465e-06, 1.9227093162e-06, 2.21348864216e-06, 2.10682128454e-06, 1.95240158973e-06, 1.38921427606e-06, 1.16590388188e-06, 1.02336150576e-06], "dvar": [1.69619784174e-06, 1.66891186382e-05, 2.95802328765e-06, 1.37580150295e-06, 4.47699619599e-07, 1.01965994759e-07, 5.16590290545e-08, 1.07857246689e-07, 9.66242552636e-08, 5.63563027356e-08, 3.45067725505e-08, 1.23337953184e-08, 1.41764617823e-08, 4.9966830673e-09, 4.24770130181e-09, 6.47307052404e-09, 1.17531033794e-08, 6.65662591715e-09, 2.62051380595e-09, 2.25052709801e-09, 4.061976977e-09, 3.14802361956e-09, 3.87417120606e-09, 5.95938409731e-10, 5.23367627014e-10, 3.55047269363e-10, 1.55023938131e-10, 1.27914262515e-10, 1.99543104262e-10, 2.27661473007e-10, 1.44703110605e-10, 6.25920149044e-11, 1.46099122383e-11, 4.89027611808e-12, 1.24427560269e-11, 1.55664474366e-11, 1.1914294204e-11, 5.32065754302e-12, 4.1934168811e-12, 4.02170571151e-12], "dvar2": [4.78452739117e-06, 4.81727911392e-05, 8.12744838186e-06, 3.42295288647e-06, 1.12115708362e-06, 2.45480720196e-07, 1.27259966121e-07, 2.69586820423e-07, 2.42393070948e-07, 1.45527266682e-07, 8.19092633719e-08, 2.54045318115e-08, 3.15459267597e-08, 1.21157226474e-08, 9.55907086819e-09, 1.59802659994e-08, 2.73477045454e-08, 1.59456625681e-08, 6.26708507312e-09, 5.11008613202e-09, 9.46233491561e-09, 7.70297159391e-09, 9.27725185562e-09, 1.48050471882e-09, 1.32521982277e-09, 8.75820416191e-10, 3.50834056251e-10, 2.78049278046e-10, 4.49215331599e-10, 4.81366335681e-10, 2.84912621273e-10, 1.20830012662e-10, 3.070714516e-11, 1.07048510681e-11, 2.62998112871e-11, 3.06704557584e-11, 2.47287190724e-11, 1.11449885778e-11, 9.25174346855e-12, 8.565238796e-12], "max": [0.0144443586469, 0.0342134125531, 0.0167250670493, 0.015121252276, 0.00983012933284, 0.00694728735834, 0.00661402055994, 0.00696810614318, 0.00710274791345, 0.0071454225108, 0.00545246340334, 0.002691072179, 0.00352122983895, 0.00182174297515, 0.0016270596534, 0.00251971348189, 0.00324816489592, 0.002405178966, 0.000959070515819, 0.00108050147537, 0.00185258558486, 0.00111118122004, 0.00104619259946, 0.000458298774902, 0.000411819986766, 0.000321736297337, 0.000282799301203, 0.000249895703746, 0.000398429372581, 0.000466448283987, 0.000233279861277, 0.000165428034961, 8.18351254566e-05, 5.09125929966e-05, 0.000125672988361, 0.000108921674837, 9.70222754404e-05, 5.84006047575e-05, 8.12930593383e-05, 6.20221617282e-05], "mean": [0.00163296831306, 0.00268777040765, 0.00162643799558, 0.00124366104137, 0.000805163930636, 0.000326996145304, 0.000205095857382, 0.000207024131669, 0.000164797311299, 0.00011390952568, 0.000104290724266, 7.37953159842e-05, 7.93577928562e-05, 5.05271091242e-05, 4.84316224174e-05, 4.46392587037e-05, 6.92501998856e-05, 6.54598406982e-05, 4.73045583931e-05, 4.7686509788e-05, 6.41296646791e-05, 6.63726023049e-05, 7.09432206349e-05, 2.91837404802e-05, 2.34725139308e-05, 1.99314072233e-05, 1.22977480714e-05, 8.75779278431e-06, 8.42148801894e-06, 9.10404105525e-06, 8.28216798254e-06, 5.95072924625e-06, 3.53537643605e-06, 2.3029415388e-06, 2.50225025411e-06, 2.44414309236e-06, 2.20330798584e-06, 1.47844332332e-06, 1.22748735976e-06, 1.15061698125e-06], "median": [0.00145666720346, 0.00189648277592, 0.00118546048179, 0.000826894887723, 0.000534733640961, 0.000211003280128, 9.57743613981e-05, 7.96308231656e-05, 5.33729944436e-05, 4.16274124291e-05, 3.48840294464e-05, 3.11394287564e-05, 3.41333652614e-05, 2.47533535003e-05, 2.18373170355e-05, 1.77918645932e-05, 3.0416302252e-05, 2.86035356112e-05, 2.36206469708e-05, 2.56423281826e-05, 3.67769680452e-05, 3.8549555029e-05, 4.0478160372e-05, 1.9522734874e-05, 1.51881786223e-05, 1.18877433124e-05, 6.4971154643e-06, 3.44480054082e-06, 2.44873376687e-06, 2.57826150118e-06, 2.56832890955e-06, 1.93076766664e-06, 1.58446755449e-06, 1.15809245926e-06, 9.4069264378e-07, 7.92523735527e-07, 7.70028918851e-07, 4.92672086239e-07, 4.61185862832e-07, 4.11938515299e-07], "min": [6.49959144777e-24, 1.39857307659e-23, 1.16277450564e-23, 2.93005462178e-24, 2.30035350393e-24, 6.55144800823e-24, 1.10074716152e-23, 1.03512553046e-23, 5.18617866691e-24, 1.08611631608e-23, 1.33748463472e-23, 1.20055565763e-23, 8.79706758155e-24, 8.35577642459e-24, 6.99428927687e-24, 6.68562693732e-24, 9.08842704601e-24, 1.11109070571e-23, 9.79431477235e-24, 3.80785801634e-24, 6.06057181578e-24, 1.1073981267e-23, 1.03247984876e-23, 1.36723352609e-23, 2.38727469498e-23, 1.16778187912e-23, 1.21604557259e-23, 9.90659571158e-24, 1.42616269789e-23, 1.41267522745e-23, 1.19497675442e-23, 1.14950767959e-23, 1.47345459361e-23, 8.36446414974e-24, 8.27128705505e-24, 1.08120518363e-23, 8.59311469425e-24, 8.52418481722e-24, 8.35930026625e-24, 9.29553537692e-24], "var": [1.92956713363e-06, 1.14681215564e-05, 2.69195334113e-06, 1.82290193607e-06, 8.27181963814e-07, 2.03909721108e-07, 9.92822535295e-08, 1.4047097352e-07, 1.23869071444e-07, 6.82312304434e-08, 7.20056121395e-08, 2.84096799419e-08, 3.0917561844e-08, 8.1052480283e-09, 9.0200424907e-09, 1.0574114917e-08, 1.69252292181e-08, 1.2675315908e-08, 5.47739498202e-09, 4.83172035715e-09, 8.87812490191e-09, 7.28818339013e-09, 8.14276024386e-09, 1.03454400602e-09, 6.8162631095e-10, 6.20088480563e-10, 3.31180027846e-10, 2.5129084924e-10, 3.95638188877e-10, 5.01871044722e-10, 3.68677754992e-10, 1.64426916527e-10, 3.49201084715e-11, 9.68449018895e-12, 3.06253182536e-11, 4.31863260431e-11, 3.04796084205e-11, 1.20442527479e-11, 8.48679113097e-12, 9.25698146609e-12]}, "mfcc": {"mean": [-608.184631348, 110.820335388, -3.15496993065, 34.2296142578, 19.1476802826, 5.77142095566, -2.93094611168, 6.96288919449, -0.473593503237, -4.2101354599, -1.77437031269, -1.66984009743, -4.44561862946], "cov": [[3419.80444336, 28.373878479, 91.2183380127, 178.300674438, 21.9019737244, -0.973726689816, 24.6597518921, -35.5978965759, 22.4934501648, -9.80957126617, 15.1507797241, 12.8148345947, -77.8593826294], [28.373878479, 1134.09875488, -247.364974976, -10.6302690506, 199.024841309, 47.8133010864, 18.1392116547, 139.388626099, -10.5537471771, 26.9375324249, 59.1941986084, -18.9164028168, 35.9973182678], [91.2183380127, -247.364974976, 496.137634277, 103.376960754, -12.5990848541, 106.884552002, 56.2023849487, -30.1151161194, 36.1232872009, 5.73132324219, -19.4190006256, 24.9905376434, 9.40994358063], [178.300674438, -10.6302690506, 103.376960754, 244.319213867, 117.083335876, 14.6438312531, 19.7535400391, 13.1740818024, 23.8143901825, 8.10015678406, -12.8937568665, 1.12731277943, 22.9584465027], [21.9019737244, 199.024841309, -12.5990848541, 117.083335876, 300.87878418, 2.9251074791, -24.6888999939, 48.9737815857, 15.7542762756, 9.11129570007, 26.2574081421, -11.254234314, 35.6720428467], [-0.973726689816, 47.8133010864, 106.884552002, 14.6438312531, 2.9251074791, 164.407653809, 65.354637146, -17.2468681335, 22.605096817, 26.2468738556, -6.91715812683, 15.9659748077, -1.35128498077], [24.6597518921, 18.1392116547, 56.2023849487, 19.7535400391, -24.6888999939, 65.354637146, 148.400131226, 47.4780769348, -2.37669873238, -0.494878977537, 7.99909639359, 7.83263540268, -12.2530727386], [-35.5978965759, 139.388626099, -30.1151161194, 13.1740818024, 48.9737815857, -17.2468681335, 47.4780769348, 121.579490662, 13.4166517258, -17.5459251404, 14.8362865448, -5.02813148499, 6.72753620148], [22.4934501648, -10.5537471771, 36.1232872009, 23.8143901825, 15.7542762756, 22.605096817, -2.37669873238, 13.4166517258, 78.5315628052, 32.6772079468, -3.67130017281, 8.02605724335, 3.99831604958], [-9.80957126617, 26.9375324249, 5.73132324219, 8.10015678406, 9.11129570007, 26.2468738556, -0.494878977537, -17.5459251404, 32.6772079468, 85.8889007568, 30.7435073853, 3.79778623581, -1.34562575817], [15.1507797241, 59.1941986084, -19.4190006256, -12.8937568665, 26.2574081421, -6.91715812683, 7.99909639359, 14.8362865448, -3.67130017281, 30.7435073853, 77.8298187256, 16.8422641754, -9.46771717072], [12.8148345947, -18.9164028168, 24.9905376434, 1.12731277943, -11.254234314, 15.9659748077, 7.83263540268, -5.02813148499, 8.02605724335, 3.79778623581, 16.8422641754, 54.3540306091, 13.7671699524], [-77.8593826294, 35.9973182678, 9.40994358063, 22.9584465027, 35.6720428467, -1.35128498077, -12.2530727386, 6.72753620148, 3.99831604958, -1.34562575817, -9.46771717072, 13.7671699524, 60.3561058044]], "icov": [[0.000330494076479, -9.23648185562e-05, -3.99880482291e-05, -0.000309511757223, 3.44653381035e-05, 0.000157406262588, -8.5359570221e-05, 0.000297721941024, -0.000215365857002, 0.000240205714363, -9.38478624448e-05, -0.000188848556718, 0.000586009584367], [-9.23648185562e-05, 0.0015227565309, 0.000769979320467, 0.000180929506314, -0.000518195563927, -0.00152157340199, 0.00065382651519, -0.00192962936126, 0.000947602791712, -0.000645518186502, -0.000502395792864, 0.000543665839359, -0.000876176694874], [-3.99880482291e-05, 0.000769979320467, 0.00318425428122, -0.00118391425349, 0.000278439605609, -0.00219835573807, -0.000170470477315, 1.2412068827e-05, -0.000767487683333, 0.000837779894937, -0.000742233300116, 7.21880496712e-05, -0.000870068499353], [-0.000309511757223, 0.000180929506314, -0.00118391425349, 0.00663477601483, -0.00302327703685, 0.00139194179792, -0.00184225756675, 0.000396739225835, -0.000473139749374, -0.00138414977118, 0.00251981709152, -0.000571059179492, -0.000920569116715], [3.44653381035e-05, -0.000518195563927, 0.000278439605609, -0.00302327703685, 0.00604768563062, -0.0015683111269, 0.00241596531123, -0.00166559638456, -0.000536844192538, 0.00127101526596, -0.00358433369547, 0.00271415617317, -0.00259066326544], [0.000157406262588, -0.00152157340199, -0.00219835573807, 0.00139194179792, -0.0015683111269, 0.0121445506811, -0.00644665025175, 0.00529381399974, -0.00265819579363, -0.00212168926373, 0.00364189222455, -0.00305645773187, 0.0016210488975], [-8.5359570221e-05, 0.00065382651519, -0.000170470477315, -0.00184225756675, 0.00241596531123, -0.00644665025175, 0.0132110128179, -0.00835569482297, 0.00439143925905, -0.0012353946222, -0.000894621014595, -0.000702446675859, 0.00196984945796], [0.000297721941024, -0.00192962936126, 1.2412068827e-05, 0.000396739225835, -0.00166559638456, 0.00529381399974, -0.00835569482297, 0.0178330074996, -0.00834125373513, 0.00723808817565, -0.00405764998868, 0.00261675054207, -0.00171848502941], [-0.000215365857002, 0.000947602791712, -0.000767487683333, -0.000473139749374, -0.000536844192538, -0.00265819579363, 0.00439143925905, -0.00834125373513, 0.0213268641382, -0.0113958427683, 0.00699212215841, -0.005047256127, 0.00211690273136], [0.000240205714363, -0.000645518186502, 0.000837779894937, -0.00138414977118, 0.00127101526596, -0.00212168926373, -0.0012353946222, 0.00723808817565, -0.0113958427683, 0.0224168077111, -0.012423732318, 0.00576511537656, -0.00277469563298], [-9.38478624448e-05, -0.000502395792864, -0.000742233300116, 0.00251981709152, -0.00358433369547, 0.00364189222455, -0.000894621014595, -0.00405764998868, 0.00699212215841, -0.012423732318, 0.0245494488627, -0.011609647423, 0.00756533164531], [-0.000188848556718, 0.000543665839359, 7.21880496712e-05, -0.000571059179492, 0.00271415617317, -0.00305645773187, -0.000702446675859, 0.00261675054207, -0.005047256127, 0.00576511537656, -0.011609647423, 0.0268752612174, -0.00995721668005], [0.000586009584367, -0.000876176694874, -0.000870068499353, -0.000920569116715, -0.00259066326544, 0.0016210488975, 0.00196984945796, -0.00171848502941, 0.00211690273136, -0.00277469563298, 0.00756533164531, -0.00995721668005, 0.0237474311143]]}, "spectral_contrast_coeffs": {"dmean": [0.0539970695972, 0.0514267869294, 0.0375967770815, 0.0335827097297, 0.0293669179082, 0.0169536881149], "dmean2": [0.0871848315001, 0.0836741402745, 0.0603783987463, 0.052605971694, 0.0452486388385, 0.0257692281157], "dvar": [0.00209537753835, 0.00190976972226, 0.000992481596768, 0.000792885082774, 0.000737624941394, 0.000224192888709], "dvar2": [0.00527414446697, 0.00477459747344, 0.00238743727095, 0.0018486760091, 0.00147066789214, 0.000473136460641], "max": [-0.264212101698, -0.278913468122, -0.493638843298, -0.511957705021, -0.53218203783, -0.575452029705], "mean": [-0.636099755764, -0.723060250282, -0.782466471195, -0.765601396561, -0.751078903675, -0.758293271065], "median": [-0.646310567856, -0.726495921612, -0.79560148716, -0.77425134182, -0.75281649828, -0.760956406593], "min": [-0.9637414217, -0.967816710472, -0.966366767883, -0.958609521389, -0.964288175106, -0.963736891747], "var": [0.00593955861405, 0.00536518683657, 0.00444144103676, 0.00383990607224, 0.00314920186065, 0.00101536547299]}, "spectral_contrast_valleys": {"dmean": [0.414441794157, 0.427832067013, 0.337769687176, 0.289565861225, 0.267807215452, 0.285620361567], "dmean2": [0.669342279434, 0.67971098423, 0.533951580524, 0.434202939272, 0.37849009037, 0.379984617233], "dvar": [0.19012568891, 0.17220056057, 0.100978285074, 0.0808778703213, 0.0787254944444, 0.117527119815], "dvar2": [0.405527532101, 0.378194063902, 0.19535407424, 0.132355228066, 0.110512562096, 0.194321259856], "max": [-5.1570353508, -4.71986103058, -5.35420513153, -5.77600288391, -5.55773687363, -7.43627214432], "mean": [-6.73897123337, -6.71395158768, -7.22273921967, -7.40809202194, -7.18715