{"lowlevel": {"average_loudness": 0.344154000282, "barkbands_crest": {"dmean": 1.50511908531, "dmean2": 2.35976982117, "dvar": 3.68802475929, "dvar2": 8.73869037628, "max": 25.9928035736, "mean": 14.9628257751, "median": 14.4498062134, "min": 4.28006505966, "var": 23.7354373932}, "barkbands_flatness_db": {"dmean": 0.0186723470688, "dmean2": 0.0308852698654, "dvar": 0.000340113037964, "dvar2": 0.000840150110889, "max": 0.554611742496, "mean": 0.393351018429, "median": 0.396609008312, "min": 0.0414112843573, "var": 0.00300951860845}, "barkbands_kurtosis": {"dmean": 1.80905675888, "dmean2": 2.73726058006, "dvar": 44.5358428955, "dvar2": 122.143875122, "max": 271.341064453, "mean": 5.39966917038, "median": 2.2284913063, "min": -1.85226285458, "var": 133.173431396}, "barkbands_skewness": {"dmean": 0.363107532263, "dmean2": 0.565422594547, "dvar": 0.239489749074, "dvar2": 0.576822817326, "max": 14.5649900436, "mean": 0.798080742359, "median": 0.618930399418, "min": -5.52590990067, "var": 2.3056204319}, "barkbands_spread": {"dmean": 0.874782979488, "dmean2": 1.36583387852, "dvar": 4.81713438034, "dvar2": 10.3954772949, "max": 135.028411865, "mean": 4.67460489273, "median": 3.56639504433, "min": 0.255492657423, "var": 61.1283416748}, "dissonance": {"dmean": 0.0394249632955, "dmean2": 0.067836470902, "dvar": 0.00155115057714, "dvar2": 0.00403845263645, "max": 0.500000059605, "mean": 0.339826256037, "median": 0.342728674412, "min": 0.122933097184, "var": 0.00560726132244}, "dynamic_complexity": 5.98943424225, "erbbands_crest": {"dmean": 1.5015796423, "dmean2": 2.24834227562, "dvar": 4.40320968628, "dvar2": 8.92103385925, "max": 33.6075363159, "mean": 16.6913127899, "median": 15.4025335312, "min": 1.97272515297, "var": 43.3064498901}, "erbbands_flatness_db": {"dmean": 0.0120115848258, "dmean2": 0.0193062722683, "dvar": 0.000168673272128, "dvar2": 0.000357785786036, "max": 0.56397998333, "mean": 0.415978193283, "median": 0.419939875603, "min": 0.0208539497107, "var": 0.00344454683363}, "erbbands_kurtosis": {"dmean": 1.00881099701, "dmean2": 1.5174716711, "dvar": 3.83410549164, "dvar2": 7.60743713379, "max": 50.7136955261, "mean": 3.16755652428, "median": 1.40816783905, "min": -1.54188537598, "var": 28.7548599243}, "erbbands_skewness": {"dmean": 0.218332931399, "dmean2": 0.320301413536, "dvar": 0.0807728394866, "dvar2": 0.157073989511, "max": 5.19291734695, "mean": 0.613743782043, "median": 0.560982704163, "min": -3.1480038166, "var": 0.865903735161}, "erbbands_spread": {"dmean": 0.946071028709, "dmean2": 1.43831825256, "dvar": 2.49247407913, "dvar2": 5.97270298004, "max": 116.69493866, "mean": 8.56096839905, "median": 7.53853273392, "min": 0.495505124331, "var": 76.663772583}, "hfc": {"dmean": 1.77764058113, "dmean2": 2.13601541519, "dvar": 16.4369049072, "dvar2": 28.1129646301, "max": 144.576171875, "mean": 8.02783489227, "median": 5.11900997162, "min": 1.2003970934e-16, "var": 87.6115341187}, "melbands_crest": {"dmean": 1.75563836098, "dmean2": 2.71642565727, "dvar": 4.58141279221, "dvar2": 10.8386726379, "max": 35.3616294861, "mean": 16.4854221344, "median": 15.9235057831, "min": 1.90748476982, "var": 25.8293037415}, "melbands_flatness_db": {"dmean": 0.0193978976458, "dmean2": 0.0319687686861, "dvar": 0.00041041438817, "dvar2": 0.000951248803176, "max": 0.690296053886, "mean": 0.511669993401, "median": 0.51645219326, "min": 0.00529423356056, "var": 0.00427833618596}, "melbands_kurtosis": {"dmean": 1.85237002373, "dmean2": 2.819262743, "dvar": 150.003433228, "dvar2": 408.17791748, "max": 832.571716309, "mean": 5.97023916245, "median": 2.31847953796, "min": -1.71829652786, "var": 321.648620605}, "melbands_skewness": {"dmean": 0.29562574625, "dmean2": 0.453032106161, "dvar": 0.172064438462, "dvar2": 0.379638820887, "max": 20.2438259125, "mean": 1.01518952847, "median": 0.892419576645, "min": -4.11341381073, "var": 2.16975688934}, "melbands_spread": {"dmean": 1.07056486607, "dmean2": 1.65283823013, "dvar": 7.41959667206, "dvar2": 17.0554561615, "max": 170.971038818, "mean": 6.71404743195, "median": 5.60496759415, "min": 0.410186141729, "var": 63.6036071777}, "pitch_salience": {"dmean": 0.0447354018688, "dmean2": 0.0718997493386, "dvar": 0.00291900150478, "dvar2": 0.00737848645076, "max": 0.81293618679, "mean": 0.468917757273, "median": 0.470182657242, "min": 0.11399128288, "var": 0.0132489223033}, "silence_rate_20dB": {"dmean": 0, "dmean2": 0, "dvar": 0, "dvar2": 0, "max": 1, "mean": 1, "median": 1, "min": 1, "var": 0}, "silence_rate_30dB": {"dmean": 0.00514138815925, "dmean2": 0.0102842450142, "dvar": 0.00511512486264, "dvar2": 0.0121788391843, "max": 1, "mean": 0.994716525078, "median": 1, "min": 0, "var": 0.00525546865538}, "silence_rate_60dB": {"dmean": 0.0248500425369, "dmean2": 0.049707185477, "dvar": 0.0242309682071, "dvar2": 0.0509510487318, "max": 1, "mean": 0.228473514318, "median": 0, "min": 0, "var": 0.176265090704}, "spectral_centroid": {"dmean": 23.4725418091, "dmean2": 34.2447738647, "dvar": 10506.2001953, "dvar2": 14344.6943359, "max": 11013.1582031, "mean": 492.829833984, "median": 456.745758057, "min": 239.659851074, "var": 79153.671875}, "spectral_complexity": {"dmean": 0.904598712921, "dmean2": 1.46093416214, "dvar": 1.29941082001, "dvar2": 2.59379887581, "max": 20, "mean": 7.30444097519, "median": 7, "min": 0, "var": 14.0596246719}, "spectral_decrease": {"dmean": 1.00129771141e-09, "dmean2": 1.2491133683e-09, "dvar": 4.72184678942e-18, "dvar2": 8.37154756379e-18, "max": 4.50888111707e-17, "mean": -4.67431116036e-09, "median": -2.99786195868e-09, "min": -9.32488291028e-08, "var": 2.85431872164e-17}, "spectral_energy": {"dmean": 0.00393752148375, "dmean2": 0.00490325130522, "dvar": 7.31312466087e-05, "dvar2": 0.000129459760501, "max": 0.365055799484, "mean": 0.0183701142669, "median": 0.0117983371019, "min": 1.0811004229e-20, "var": 0.000439482799266}, "spectral_energyband_high": {"dmean": 1.28981113789e-07, "dmean2": 1.68802188227e-07, "dvar": 5.81958255457e-13, "dvar2": 1.10281098489e-12, "max": 3.15866236633e-05, "mean": 2.80443515521e-07, "median": 2.14718944846e-08, "min": 7.72634432724e-21, "var": 1.54210238329e-12}, "spectral_energyband_low": {"dmean": 0.000503244809806, "dmean2": 0.00077451398829, "dvar": 2.70289638138e-06, "dvar2": 5.70346401219e-06, "max": 0.0850270017982, "mean": 0.00156719994266, "median": 0.000165828489116, "min": 3.24906405539e-23, "var": 1.7074522475e-05}, "spectral_energyband_middle_high": {"dmean": 0.000318401755067, "dmean2": 0.000402469973778, "dvar": 1.99985493055e-06, "dvar2": 3.38535323863e-06, "max": 0.0688639506698, "mean": 0.00111502979416, "median": 0.000457232526969, "min": 1.60458690402e-21, "var": 6.03378475716e-06}, "spectral_energyband_middle_low": {"dmean": 0.00353401130997, "dmean2": 0.0044342703186, "dvar": 5.48469070054e-05, "dvar2": 9.64534483501e-05, "max": 0.255918383598, "mean": 0.0159134119749, "median": 0.00998882669955, "min": 3.77021466257e-22, "var": 0.000338153680786}, "spectral_entropy": {"dmean": 0.114053435624, "dmean2": 0.175393715501, "dvar": 0.0281977839768, "dvar2": 0.0612186715007, "max": 9.79025268555, "mean": 5.31436920166, "median": 5.30500125885, "min": 4.01508331299, "var": 0.246798411012}, "spectral_flux": {"dmean": 0.0132667990401, "dmean2": 0.0207591149956, "dvar": 0.000619825965259, "dvar2": 0.00142271316145, "max": 0.386167049408, "mean": 0.0281073153019, "median": 0.0181735027581, "min": 1.03975980603e-10, "var": 0.000972357287537}, "spectral_kurtosis": {"dmean": 38.0065803528, "dmean2": 65.8459396362, "dvar": 1403.70812988, "dvar2": 3850.61816406, "max": 381.087402344, "mean": 148.199249268, "median": 150.819641113, "min": -1.18369984627, "var": 4089.15698242}, "spectral_rms": {"dmean": 0.000387171108741, "dmean2": 0.000478694302728, "dvar": 4.13745794958e-07, "dvar2": 6.69971655043e-07, "max": 0.0188719909638, "mean": 0.00358921987936, "median": 0.0033927236218, "min": 3.24766385659e-12, "var": 5.0395483413e-06}, "spectral_rolloff": {"dmean": 54.2693557739, "dmean2": 95.1223373413, "dvar": 167402.796875, "dvar2": 365207.3125, "max": 19013.8183594, "mean": 703.027770996, "median": 602.9296875, "min": 21.533203125, "var": 1728666}, "spectral_skewness": {"dmean": 1.80877697468, "dmean2": 3.19852566719, "dvar": 3.00748252869, "dvar2": 8.0425567627, "max": 15.5834913254, "mean": 8.7717628479, "median": 9.21894168854, "min": -0.00881341844797, "var": 7.29702615738}, "spectral_spread": {"dmean": 300369.78125, "dmean2": 529475.875, "dvar": 190541938688, "dvar2": 347056177152, "max": 39662932, "mean": 929185.3125, "median": 741453.125, "min": 215185.640625, "var": 1772912115710.0}, "spectral_strongpeak": {"dmean": 0.255244553089, "dmean2": 0.378704547882, "dvar": 0.243478089571, "dvar2": 0.486181825399, "max": 10.4146823883, "mean": 1.35704433918, "median": 1.05625319481, "min": 0, "var": 1.3988455534}, "zerocrossingrate": {"dmean": 0.00189970829524, "dmean2": 0.00239830417559, "dvar": 3.63795479643e-05, "dvar2": 4.15880858782e-05, "max": 0.58984375, "mean": 0.0252621229738, "median": 0.02197265625, "min": 0.001953125, "var": 0.00128248485271}, "barkbands": {"dmean": [3.4981087083e-05, 0.000142454824527, 0.000365833489923, 0.000122700759675, 0.00109440123197, 0.000891216564924, 0.000969707558397, 0.000605429289863, 0.000616771867499, 0.000232360238442, 7.34467903385e-05, 3.25157307088e-05, 4.54085129604e-05, 2.1848056349e-05, 9.93354115053e-06, 6.55449275655e-06, 3.19910873259e-06, 1.04245498278e-06, 5.39231848506e-07, 1.85032675404e-07, 3.76215290032e-08, 1.89688353913e-08, 3.39356498458e-09, 1.27209787149e-09, 8.51168802107e-10, 7.77136632824e-10, 8.24239843045e-10], "dmean2": [5.93394070165e-05, 0.000247097254032, 0.00054857210489, 0.000193998625036, 0.00153214402962, 0.00119253178127, 0.00138851325028, 0.000691134366207, 0.0007811121759, 0.00029836493195, 9.95897134999e-05, 4.69812475785e-05, 6.02568397881e-05, 2.81699358311e-05, 1.48603721755e-05, 8.54279187479e-06, 4.64498407382e-06, 1.42889587096e-06, 7.40599546134e-07, 2.53579315768e-07, 4.89686939886e-08, 3.0417663055e-08, 5.10733189074e-09, 2.1565045305e-09, 1.54863055712e-09, 1.43234624161e-09, 1.51959300698e-09], "dvar": [8.72807337515e-09, 1.19251950537e-07, 1.82988549113e-06, 1.10932212749e-07, 8.28349129733e-06, 6.79383583702e-06, 2.00081794901e-05, 5.05270782014e-06, 4.31973330706e-06, 3.83967062589e-06, 6.36556194422e-08, 9.04061980833e-09, 4.34979234853e-08, 1.93192590814e-08, 6.40295594323e-10, 3.59108937031e-10, 9.63385968222e-11, 2.25964386091e-11, 1.05586824006e-11, 1.39472157781e-12, 5.74109783693e-14, 4.35848663475e-14, 8.65935652143e-16, 3.90058043553e-17, 7.05434846508e-18, 2.90838936761e-18, 2.9154170941e-18], "dvar2": [2.18487095083e-08, 3.22257136531e-07, 3.70115981241e-06, 2.35593702769e-07, 1.66985446413e-05, 1.10537066575e-05, 4.31085754826e-05, 5.53032305106e-06, 6.79014465277e-06, 6.47024398859e-06, 1.12580664791e-07, 1.8466645102e-08, 7.5421802137e-08, 2.872997662e-08, 1.42746703347e-09, 7.20466020177e-10, 2.06126324342e-10, 4.29359985066e-11, 2.28426201565e-11, 3.00921462228e-12, 1.08125144851e-13, 1.01513530925e-13, 1.74435032306e-15, 7.70080467217e-17, 1.81331522946e-17, 9.47013688867e-18, 9.66032225511e-18], "max": [0.0034372957889, 0.0122388973832, 0.069608733058, 0.00890720356256, 0.0802220255136, 0.0739083513618, 0.206761315465, 0.0986854806542, 0.062271039933, 0.111592814326, 0.00878926366568, 0.00231820065528, 0.00790603365749, 0.00688478071243, 0.000510551093612, 0.000418657087721, 0.000222082744585, 0.000158361828653, 0.00013830208627, 5.88938455621e-05, 8.90858700586e-06, 8.35841728986e-06, 1.35700327064e-06, 3.52610186383e-07, 1.20139986848e-07, 4.78154795758e-08, 5.09135453797e-08], "mean": [3.53872055712e-05, 0.000193875283003, 0.00127433717716, 0.000219211360672, 0.00527710327879, 0.00256605912, 0.00230880803429, 0.00252111582085, 0.0027256605681, 0.00055197981419, 0.000324313587043, 0.00012381914712, 0.000133202629513, 5.9526086261e-05, 2.4987377401e-05, 1.86789038708e-05, 7.82510505815e-06, 2.59344392362e-06, 1.11541476144e-06, 3.91077321638e-07, 6.82958258835e-08, 2.59073793529e-08, 4.53255522004e-09, 1.41259570707e-09, 8.64368410181e-10, 8.64142424284e-10, 9.72511515762e-10], "median": [8.45108297653e-06, 4.49402650702e-05, 4.67002682853e-05, 4.23677047365e-05, 0.00155566551257, 0.000521931622643, 0.000385849823942, 0.000274635967799, 0.000569515221287, 6.90938250045e-05, 6.75644478179e-05, 2.96458038065e-05, 2.4365281206e-05, 8.04445789981e-06, 8.18906482891e-06, 5.29200451638e-06, 1.53486359977e-06, 2.60335099256e-07, 1.37430490099e-07, 2.43983624415e-08, 3.99128552431e-09, 1.31047095397e-09, 4.46647413499e-10, 3.13197051627e-10, 3.00941910281e-10, 3.84488302307e-10, 4.80842476946e-10], "min": [1.90709707357e-24, 2.14541909222e-23, 3.83489346286e-24, 1.6323171382e-23, 5.81994375948e-23, 2.55940745771e-23, 1.34146453265e-22, 6.95519916798e-23, 5.38718728865e-23, 5.16237013482e-23, 6.41932721724e-23, 9.35892713486e-23, 1.02145483919e-22, 9.53042044695e-23, 7.70702084489e-23, 1.55143229502e-22, 1.96392778858e-22, 2.6448044906e-22, 4.16356014745e-22, 2.8602806478e-22, 4.28060564877e-22, 5.23708927271e-22, 6.69004938622e-22, 7.68668186505e-22, 1.30833335913e-21, 1.58866973568e-21, 2.55803140662e-21], "var": [1.04124762146e-08, 1.82119308079e-07, 1.36683929668e-05, 2.98101809904e-07, 8.34559978102e-05, 3.59756413673e-05, 4.30248437624e-05, 5.5721924582e-05, 2.99560251733e-05, 1.11468980322e-05, 5.09734547904e-07, 5.76937218e-08, 1.92194974602e-07, 8.5183870624e-08, 2.07777972605e-09, 1.36479982871e-09, 2.83923107247e-10, 6.95628069036e-11, 2.03804785548e-11, 3.30013382073e-12, 1.2441341902e-13, 4.89162882292e-14, 1.26528553463e-15, 5.84681498676e-17, 6.81722597556e-18, 2.14499472005e-18, 2.09196210302e-18]}, "erbbands": {"dmean": [0.00176675221883, 0.0451367124915, 0.368708401918, 0.368683665991, 0.960391044617, 4.74494886398, 6.11067914963, 7.49066972733, 16.0702857971, 10.4698219299, 13.6486101151, 18.2379169464, 7.0671081543, 4.63655328751, 3.20636439323, 1.4639223814, 2.24688792229, 1.32060456276, 0.522357106209, 0.524581193924, 0.210476890206, 0.130505308509, 0.0941959097981, 0.0405288822949, 0.0206460133195, 0.00801328569651, 0.00252845208161, 0.00110884627793, 0.000753711210564, 0.000273566867691, 8.59731444507e-05, 3.57333701686e-05, 1.83538431884e-05, 1.07383402792e-05, 6.90107754053e-06, 4.01610759582e-06, 2.06151730708e-06, 6.03074056471e-07, 1.87638124771e-06, 4.41272277385e-06], "dmean2": [0.00299473968334, 0.0772650837898, 0.566588282585, 0.572660386562, 1.50953948498, 6.70979166031, 7.79640293121, 10.7871856689, 22.2605857849, 14.3502197266, 15.6031255722, 22.686624527, 8.91809368134, 6.00223016739, 4.33689165115, 1.99663686752, 2.96376085281, 1.68014085293, 0.758203148842, 0.714969158173, 0.289224594831, 0.18933416903, 0.132880911231, 0.0566458627582, 0.0276039540768, 0.0108114946634, 0.00328812352382, 0.00145876954775, 0.00120113987941, 0.000428982952144, 0.000131588967633, 5.76454913244e-05, 3.15220204357e-05, 1.86461675185e-05, 1.15949242172e-05, 6.54335826766e-06, 3.24898110193e-06, 1.01800662833e-06, 2.31725607591e-06, 5.4815131989e-06], "dvar": [1.30717053253e-05, 0.0139356199652, 1.69395601749, 1.22424483299, 6.99129199982, 179.117324829, 306.460357666, 519.19921875, 4853.50537109, 1311.38269043, 3138.57861328, 3582.69726562, 4988.91455078, 649.378051758, 135.22052002, 17.6261367798, 100.222702026, 61.2411956787, 1.77493000031, 3.80205059052, 0.353910595179, 0.156151205301, 0.106256373227, 0.0499304458499, 0.0144441323355, 0.00235889386386, 0.00017399409262, 7.57897505537e-05, 7.68050449551e-05, 6.49005232845e-06, 5.63724086078e-07, 5.20709733109e-08, 5.5943969457e-09, 1.11514664169e-09, 4.5398443338e-10, 7.08532538196e-11, 1.8144472036e-11, 1.51111360838e-12, 1.65903159266e-11, 9.20210088684e-11], "dvar2": [3.33016796503e-05, 0.0359482429922, 3.57546401024, 2.49317932129, 15.9549131393, 400.571868896, 445.024108887, 931.360168457, 9685.66894531, 2622.07104492, 3353.67700195, 5706.05126953, 8410.15234375, 1067.88903809, 241.564849854, 34.1717224121, 177.445007324, 91.738571167, 3.69674968719, 7.72373819351, 0.780795693398, 0.336455792189, 0.215420812368, 0.107362009585, 0.0272818561643, 0.00441761408001, 0.000326731387759, 0.000146712904098, 0.00018108979566, 1.52434104166e-05, 1.17663739729e-06, 9.53902343781e-08, 1.26772743414e-08, 2.72426636805e-09, 1.14056408762e-09, 1.87542412156e-10, 4.5333539006e-11, 4.37366982908e-12, 2.91257191976e-11, 1.62568833395e-10], "max": [0.201616466045, 5.06711912155, 67.3367004395, 45.2690162659, 74.9212341309, 361.859619141, 573.463500977, 649.99798584, 2847.24243164, 1260.10583496, 2743.0534668, 1790.64990234, 4213.57519531, 1007.59698486, 459.008209229, 116.402626038, 323.560974121, 382.499359131, 29.1298313141, 50.492515564, 17.1336326599, 8.12195491791, 7.06110429764, 8.68660259247, 6.39308404922, 2.86526894569, 0.387449860573, 0.407389730215, 0.36716735363, 0.0865483805537, 0.0374904572964, 0.0149357244372, 0.00314615480602, 0.00140949827619, 0.00116716208868, 0.000352698058123, 0.00018422062567, 3.94443741243e-05, 0.000173176464159, 0.000407186395023], "mean": [0.00262743514031, 0.0811161324382, 1.18696093559, 1.12218904495, 3.17568063736, 22.1530380249, 25.4509868622, 20.102186203, 40.1118507385, 29.4965934753, 64.9730377197, 81.8023452759, 20.1956520081, 12.221619606, 14.0056886673, 6.29598999023, 6.88758087158, 3.85676503181, 1.39996755123, 1.49393880367, 0.593343853951, 0.331705212593, 0.238277778029, 0.0840336456895, 0.0454866699874, 0.0178745239973, 0.00548078212887, 0.00197638454847, 0.00105779909063, 0.000358930614311, 0.000116111456009, 5.13576924277e-05, 3.00033643725e-05, 2.12586346606e-05, 1.65523561009e-05, 1.20807462736e-05, 7.05721686245e-06, 1.59283285939e-06, 8.83127358975e-06, 2.05861124414e-05], "median": [0.00111168751027, 0.0123474430293, 0.0591976195574, 0.172385290265, 1.02760612965, 6.2182059288, 6.21725893021, 5.34402894974, 6.03186893463, 8.62551879883, 9.72059059143, 20.3584861755, 4.64370918274, 2.78905653954, 3.77128410339, 2.09151363373, 1.62771844864, 0.756172299385, 0.488447248936, 0.391983687878, 0.209130808711, 0.0803236588836, 0.0329273976386, 0.0123764686286, 0.00515723088756, 0.00140246201772, 0.000416989991209, 0.00014156610996, 6.26008841209e-05, 3.27360248775e-05, 2.04812549782e-05, 1.57519643835e-05, 1.39434214361e-05, 1.21237244457e-05, 1.00953693618e-05, 7.75400985731e-06, 4.60816727355e-06, 1.02848457573e-06, 5.7049373936e-06, 1.32410068545e-05], "min": [4.36175860999e-22, 5.48012527644e-21, 7.43491341092e-21, 2.74745617079e-20, 1.25203039793e-19, 2.59776304017e-19, 1.16651840491e-19, 2.05458674838e-19, 1.0827510909e-18, 2.52346273072e-18, 1.47708421892e-18, 9.71733629922e-19, 1.89686576529e-18, 1.30141638922e-18, 3.7926938325e-18, 3.44619283698e-18, 4.50958066372e-18, 5.16972414568e-18, 5.50805714624e-18, 6.31078216398e-18, 1.02295771993e-17, 8.68293639667e-18, 1.34273027647e-17, 2.02797025278e-17, 1.85574711335e-17, 1.46485662831e-17, 1.14108854126e-17, 2.07900713114e-17, 1.92722825685e-17, 1.98486702912e-17, 1.76289724764e-17, 1.79429123343e-17, 1.3000580139e-17, 1.24143034721e-17, 1.01792085175e-17, 5.98779212302e-18, 3.06213411935e-18, 1.28223675915e-18, 3.42672105706e-19, 3.81051218177e-20], "var": [3.89088236261e-05, 0.0343633033335, 11.300330162, 7.50009202957, 36.4855270386, 1574.47839355, 2772.35791016, 2239.32958984, 12438.4326172, 4110.59765625, 37589.0976562, 24354.7675781, 15052.4492188, 1543.09423828, 1010.49084473, 133.763153076, 430.279907227, 272.797363281, 6.76009988785, 12.8154506683, 1.24052119255, 0.44577023387, 0.34403476119, 0.0908127725124, 0.039914753288, 0.00757380202413, 0.000488387711812, 0.00013272324577, 8.26936666272e-05, 7.37184154787e-06, 7.24452547729e-07, 8.76051657883e-08, 7.74594610675e-09, 1.54131429841e-09, 6.77593314791e-10, 2.00320413035e-10, 6.33341157297e-11, 3.2956085777e-12, 9.97134944059e-11, 5.4980781039e-10]}, "gfcc": {"mean": [-258.508758545, 251.811569214, -111.074935913, -66.8247451782, -23.1282215118, -33.2152252197, -27.4803771973, -9.29994297028, -11.3700695038, -13.1686487198, -5.87326908112, -12.4927186966, -1.82957112789], "cov": [[13472.6542969, 2367.54760742, -2555.67919922, -144.497024536, 245.936386108, -1201.20935059, 332.949768066, -471.116546631, -131.441055298, -265.233276367, 80.2669067383, -275.098022461, 221.891799927], [2367.54760742, 1290.88256836, -142.962295532, -349.427398682, 187.417755127, -185.091583252, -133.429870605, -147.470245361, -65.5293426514, -149.632781982, 6.84490346909, -68.756477356, 102.083099365], [-2555.67919922, -142.962295532, 1093.61364746, 22.6320400238, -54.24193573, 289.793121338, -187.778320312, 6.53777360916, -28.7981719971, -12.0270004272, -67.0755844116, 26.8935565948, 13.5410823822], [-144.497024536, -349.427398682, 22.6320400238, 397.313415527, 16.9427680969, 59.5686340332, 128.859161377, 27.005563736, -0.382311880589, 52.5918807983, -11.5367145538, -0.00280181178823, -80.7352981567], [245.936386108, 187.417755127, -54.24193573, 16.9427680969, 187.010818481, 43.7403831482, -19.0594787598, -18.1306266785, -13.2847251892, -30.8315486908, -15.8691692352, -16.4203224182, 5.10995817184], [-1201.20935059, -185.091583252, 289.793121338, 59.5686340332, 43.7403831482, 251.660812378, 4.12122917175, 52.906993866, 52.7687149048, 20.9648189545, -48.8468933105, 11.6457414627, -47.9065437317], [332.949768066, -133.429870605, -187.778320312, 128.859161377, -19.0594787598, 4.12122917175, 201.985076904, 108.515213013, 50.2359695435, 45.8024864197, -5.17165184021, -34.7925643921, -58.6444015503], [-471.116546631, -147.470245361, 6.53777360916, 27.005563736, -18.1306266785, 52.906993866, 108.515213013, 195.08265686, 103.574325562, 18.2586078644, -31.5329265594, -4.76405954361, -50.6861495972], [-131.441055298, -65.5293426514, -28.7981719971, -0.382311880589, -13.2847251892, 52.7687149048, 50.2359695435, 103.574325562, 126.36341095, 27.9262580872, -33.5097846985, 11.6449804306, -32.3434524536], [-265.233276367, -149.632781982, -12.0270004272, 52.5918807983, -30.8315486908, 20.9648189545, 45.8024864197, 18.2586078644, 27.9262580872, 104.87071228, 59.0292701721, -2.41583204269, -40.5526237488], [80.2669067383, 6.84490346909, -67.0755844116, -11.5367145538, -15.8691692352, -48.8468933105, -5.17165184021, -31.5329265594, -33.5097846985, 59.0292701721, 124.172538757, 33.9295272827, -13.0413322449], [-275.098022461, -68.756477356, 26.8935565948, -0.00280181178823, -16.4203224182, 11.6457414627, -34.7925643921, -4.76405954361, 11.6449804306, -2.41583204269, 33.9295272827, 98.7910842896, 34.246837616], [221.891799927, 102.083099365, 13.5410823822, -80.7352981567, 5.10995817184, -47.9065437317, -58.6444015503, -50.6861495972, -32.3434524536, -40.5526237488, -13.0413322449, 34.246837616, 116.274124146]], "icov": [[0.00060456735082, -0.000720206764527, 0.000612905656453, -0.000914341770113, 0.000243771573878, 0.00113067938946, -0.00144267955329, 0.00225665839389, -0.00274731381796, 0.00232359394431, -0.00159882660955, 0.00186915206723, -0.00120011472609], [-0.000720206764527, 0.00369986216538, -0.00244209868833, 0.00354733713903, -0.00418476574123, 0.00188270688523, -0.00188632041682, 0.00170195323881, -0.00166648440063, 0.00230586365797, -0.00148269638885, -0.000141019612784, 0.00183963496238], [0.000612905656453, -0.00244209868833, 0.00471348129213, -0.00398949440569, 0.00521235633641, -0.00501068728045, 0.00577034428716, -0.00355699425563, 0.00247390056029, -0.000600650382694, -0.00036280581844, 0.00316796987318, -0.00377349555492], [-0.000914341770113, 0.00354733713903, -0.00398949440569, 0.00995499268174, -0.00675544282421, 0.00410730438307, -0.00739060901105, 0.00309328804724, 0.00391630269587, -0.0047651915811, 0.00706831132993, -0.00899996235967, 0.00848843343556], [0.000243771573878, -0.00418476574123, 0.00521235633641, -0.00675544282421, 0.0147633915767, -0.0102331079543, 0.00940226856619, -0.00706327613443, 0.00470179412514, -0.000118818185001, -0.00194456835743, 0.00507790921256, -0.00573800876737], [0.00113067938946, 0.00188270688523, -0.00501068728045, 0.00410730438307, -0.0102331079543, 0.0189120024443, -0.0125056365505, 0.012138816528, -0.0109702907503, 0.00322334468365, 0.00270640943199, -0.00367041281424, 0.00630794232711], [-0.00144267955329, -0.00188632041682, 0.00577034428716, -0.00739060901105, 0.00940226856619, -0.0125056365505, 0.0280309710652, -0.0222325753421, 0.0151179293171, -0.0126751624048, 0.00443169567734, 0.00233373790979, -0.00291968300007], [0.00225665839389, 0.00170195323881, -0.00355699425563, 0.00309328804724, -0.00706327613443, 0.012138816528, -0.0222325753421, 0.0316748805344, -0.0285921581089, 0.0202446728945, -0.0114669399336, 0.00720616988838, 0.000366244756151], [-0.00274731381796, -0.00166648440063, 0.00247390056029, 0.00391630269587, 0.00470179412514, -0.0109702907503, 0.0151179293171, -0.0285921581089, 0.0487546175718, -0.0358640663326, 0.0314251966774, -0.0248567331582, 0.0114711094648], [0.00232359394431, 0.00230586365797, -0.000600650382694, -0.0047651915811, -0.000118818185001, 0.00322334468365, -0.0126751624048, 0.0202446728945, -0.0358640663326, 0.0500211156905, -0.0383910872042, 0.0266699250787, -0.0106236012653], [-0.00159882660955, -0.00148269638885, -0.00036280581844, 0.00706831132993, -0.00194456835743, 0.00270640943199, 0.00443169567734, -0.0114669399336, 0.0314251966774, -0.0383910872042, 0.044730655849, -0.0310016609728, 0.017240004614], [0.00186915206723, -0.000141019612784, 0.00316796987318, -0.00899996235967, 0.00507790921256, -0.00367041281424, 0.00233373790979, 0.00720616988838, -0.0248567331582, 0.0266699250787, -0.0310016609728, 0.037880115211, -0.0197252109647], [-0.00120011472609, 0.00183963496238, -0.00377349555492, 0.00848843343556, -0.00573800876737, 0.00630794232711, -0.00291968300007, 0.000366244756151, 0.0114711094648, -0.0106236012653, 0.017240004614, -0.0197252109647, 0.024376237765]]}, "melbands": {"dmean": [2.71331664408e-05, 0.000144255129271, 7.27130754967e-05, 0.000183497235412, 0.000230745892623, 0.000179012480658, 0.000239937857259, 0.000111056971946, 0.000118127827591, 0.000101749305031, 3.25748078467e-05, 1.93277082872e-05, 1.03248767118e-05, 5.20392268299e-06, 3.93175241697e-06, 4.52694712294e-06, 2.25213057092e-06, 7.98900941845e-07, 6.11817483787e-07, 6.84175688548e-07, 1.77473168606e-07, 1.16410824091e-07, 2.02396833515e-07, 3.97943296093e-08, 3.30745102417e-08, 1.62791131686e-08, 1.09190185782e-08, 4.47001147208e-09, 1.7669050667e-09, 1.10197140302e-09, 5.18558640472e-10, 4.94299823295e-10, 2.80273276809e-10, 1.09604290921e-10, 5.62352421574e-11, 2.67751983779e-11, 1.80424789692e-11, 1.3325928902e-11, 9.09063449517e-12, 8.04625116535e-12], "dmean2": [4.65964003524e-05, 0.000224233735935, 0.000111427456432, 0.000266211107373, 0.000303357723169, 0.000249987817369, 0.000333901698468, 0.000148853490828, 0.000136018483317, 0.000127931023599, 4.17239716626e-05, 2.53034868365e-05, 1.39703060995e-05, 7.17472266842e-06, 5.43694659427e-06, 5.76887941861e-06, 2.91587821266e-06, 1.17243189379e-06, 8.77618958839e-07, 9.16227463676e-07, 2.57597235986e-07, 1.70806771393e-07, 2.90435792749e-07, 5.59813919665e-08, 4.66873117944e-08, 2.11789732418e-08, 1.51502259627e-08, 5.96012617038e-09, 2.37454189644e-09, 1.43640421779e-09, 7.2677469598e-10, 7.87624687693e-10, 4.54355553181e-10, 1.64468327846e-10, 8.64297661218e-11, 4.34037250585e-11, 2.99524814673e-11, 2.3389411935e-11, 1.63891209631e-11, 1.4619286684e-11], "dvar": [3.67612273955e-09, 2.38715273326e-07, 4.04898905515e-08, 2.47738967118e-07, 3.97101047156e-07, 3.2964888419e-07, 1.12065345093e-06, 1.3387261788e-07, 1.94063460413e-07, 1.14574035592e-07, 1.25064516965e-07, 1.23420891285e-08, 1.27399113481e-09, 3.05266534273e-10, 2.32730529293e-10, 5.01840791145e-10, 1.8430711124e-10, 4.54748304984e-12, 2.91133978904e-12, 5.09485726177e-12, 3.26374100272e-13, 1.22520307159e-13, 5.92685460172e-13, 7.07900467303e-14, 3.55908912639e-14, 1.11103109406e-14, 4.58041536557e-15, 7.44996182054e-16, 9.58725689529e-17, 4.74382158686e-17, 2.15101651219e-17, 2.99836626962e-17, 1.25056837688e-17, 6.90030034486e-19, 3.02003228053e-19, 2.76603574595e-20, 1.3411045344e-20, 4.17347273377e-21, 5.18829702665e-22, 7.42385461602e-22], "dvar2": [9.83941372823e-09, 5.14060047863e-07, 8.02586583859e-08, 5.56899465209e-07, 6.54364669117e-07, 5.57538157864e-07, 2.30079717767e-06, 2.41859737571e-07, 2.1341058698e-07, 1.84489749699e-07, 2.11049254517e-07, 2.0480442231e-08, 2.23669816002e-09, 5.52888401728e-10, 4.49175530104e-10, 7.79372677506e-10, 2.76966449775e-10, 9.273967011e-12, 6.1564529516e-12, 1.04240279603e-11, 7.60506837626e-13, 2.63108843523e-13, 1.23558639448e-12, 1.41418587995e-13, 7.85501627935e-14, 2.00750061106e-14, 1.041024668e-14, 1.27650543893e-15, 1.83759152461e-16, 9.39052290538e-17, 4.25104031746e-17, 6.9628126585e-17, 3.21838076156e-17, 1.44658379499e-18, 6.52647726352e-19, 5.39922434681e-20, 2.39276177036e-20, 9.74586055635e-21, 1.45803598536e-21, 1.86484254224e-21], "max": [0.00228668702766, 0.0252818800509, 0.00727156037465, 0.0169826187193, 0.0162541102618, 0.0173342563212, 0.04511237517, 0.0104309972376, 0.0212726648897, 0.0097347246483, 0.0211001131684, 0.00449888641015, 0.00119606312364, 0.000609036069363, 0.000462750671431, 0.00109411193989, 0.000655561918393, 5.68096402276e-05, 3.70252346329e-05, 5.33089805685e-05, 2.16166754399e-05, 6.7592313826e-06, 1.89618258446e-05, 1.02076537587e-05, 8.29534747027e-06, 6.25682196187e-06, 3.19622381539e-06, 1.56425653586e-06, 3.35984481126e-07, 2.96408359191e-07, 2.22121428806e-07, 2.63818122903e-07, 1.57213023044e-07, 2.76387162046e-08, 2.77665979098e-08, 1.04798347778e-08, 7.82670372956e-09, 2.7847895101e-09, 8.1332524049e-10, 1.11936648839e-09], "mean": [3.74404116883e-05, 0.000441688636784, 0.000219003399252, 0.000831944227684, 0.00104856910184, 0.00048531984794, 0.000594306970015, 0.000337219040375, 0.000574794830754, 0.000440516363597, 8.21380963316e-05, 4.76419554616e-05, 4.48561695521e-05, 2.25848707487e-05, 1.29363015731e-05, 1.38598907142e-05, 6.16395072939e-06, 2.05662513508e-06, 1.69190764154e-06, 1.90974924408e-06, 4.61820008013e-07, 2.75057374211e-07, 4.99763359585e-07, 8.0341060027e-08, 6.4766027208e-08, 3.58167326908e-08, 2.16889741722e-08, 1.01001136343e-08, 3.69317465498e-09, 1.91323112908e-09, 8.6746887451e-10, 6.88094969892e-10, 3.0028246556e-10, 1.45495129833e-10, 6.43301176217e-11, 3.16282555701e-11, 2.06465816666e-11, 1.42564588607e-11, 9.25435596211e-12, 8.12401014516e-12], "median": [1.33152379931e-05, 2.67946597887e-05, 4.16377806687e-05, 0.000248566095252, 0.000270009913947, 9.96487724478e-05, 8.59882493387e-05, 8.84952678462e-05, 9.38079028856e-05, 9.90482003544e-05, 1.03277870949e-05, 7.80504251452e-06, 1.03047896118e-05, 5.32932244823e-06, 3.41209351973e-06, 2.30162322623e-06, 8.71144607117e-07, 6.41895269382e-07, 5.29350074885e-07, 5.04544516389e-07, 1.25393412986e-07, 6.13490414025e-08, 4.28061852631e-08, 6.23482909745e-09, 8.34617885914e-09, 2.91323454249e-09, 1.98693794751e-09, 5.22175302997e-10, 2.15548009996e-10, 1.05422434671e-10, 5.11116392266e-11, 3.09700702583e-11, 1.75727852408e-11, 1.09170884138e-11, 6.98869391177e-12, 4.92661987594e-12, 4.00300192299e-12, 3.57567643029e-12, 3.0689118781e-12, 2.73375679732e-12], "min": [5.55874623396e-24, 5.07478835165e-24, 6.98622632956e-24, 1.54846264392e-23, 5.09829049017e-24, 5.7310287225e-24, 2.02193254162e-23, 2.62958231503e-23, 1.08785362445e-23, 6.2647219183e-24, 9.60877863175e-24, 4.77880458457e-24, 1.11386678612e-23, 1.00658643618e-23, 8.3939896357e-24, 1.18963237956e-23, 8.1515853013e-24, 9.53522760753e-24, 5.16604220344e-24, 9.36070238744e-24, 1.37514012117e-23, 8.37989584676e-24, 1.29247854236e-23, 9.95042324575e-24, 1.73202679004e-23, 1.60059719897e-23, 8.07839005334e-24, 1.08598883616e-23, 6.82725034678e-24, 8.89159915041e-24, 1.23301807274e-23, 9.0880539148e-24, 1.18767655672e-23, 1.05367046705e-23, 8.90106232582e-24, 1.22303290806e-23, 1.12354500502e-23, 8.88897855448e-24, 9.44570688315e-24, 1.04552192833e-23], "var": [6.63088250974e-09, 1.49574646002e-06, 2.37394843339e-07, 2.06118647839e-06, 3.88555554309e-06, 1.50987864345e-06, 2.7196258543e-06, 5.34807440999e-07, 2.28818839787e-06, 7.42138809073e-07, 3.74557174609e-07, 2.84002847906e-08, 9.72080993478e-09, 2.26181762208e-09, 9.63251811648e-10, 2.45752818095e-09, 8.0927486934e-10, 1.73040366758e-11, 9.98216960479e-12, 1.7054595583e-11, 1.17647666782e-12, 3.30402588969e-13, 1.89178599001e-12, 1.64030654294e-13, 5.78904938851e-14, 3.17571896514e-14, 1.01235387328e-14, 2.67862607569e-15, 2.33910186557e-16, 8.96813470611e-17, 3.65310520161e-17, 3.45327060789e-17, 1.07470506372e-17, 9.81690506352e-19, 3.38287324677e-19, 4.74513418549e-20, 2.21995436999e-20, 4.95963035782e-21, 5.01166791453e-22, 7.26294819593e-22]}, "mfcc": {"mean": [-858.350280762, 238.670761108, 16.1051826477, -24.9156322479, -1.5791708231, -10.7418079376, -15.012755394, -8.43194580078, -4.78634119034, -3.327729702, -3.4895837307, -2.40532517433, -1.97648668289], "cov": [[5494.63574219, 3208.81201172, -1450.4017334, -306.604156494, 299.145965576, -373.90045166, -161.968063354, -21.7048892975, -124.991241455, -122.040557861, -160.888137817, -85.7874298096, 43.2874031067], [3208.81201172, 2255.80615234, -519.243225098, -341.507904053, 183.816314697, -137.355163574, -192.204940796, -55.6333847046, -63.0289497375, -128.264160156, -181.11882019, -113.152786255, -17.2599964142], [-1450.4017334, -519.243225098, 795.352355957, 83.466003418, -95.3491210938, 174.05859375, 1.28592336178, -44.5672225952, 29.5545845032, -12.008849144, -36.1159744263, -37.3212814331, -40.4545631409], [-306.604156494, -341.507904053, 83.466003418, 304.720123291, 27.8646755219, -8.18536472321, 109.912254333, 31.5671615601, -8.18469905853, 35.1143493652, 34.7326393127, 19.2394065857, 26.5301837921], [299.145965576, 183.816314697, -95.3491210938, 27.8646755219, 162.209457397, 48.6086845398, -7.01713895798, 30.3364982605, 14.5027551651, -23.0789489746, -37.0413513184, -27.7230739594, -11.3738946915], [-373.90045166, -137.355163574, 174.05859375, -8.18536472321, 48.6086845398, 170.279342651, 36.6754875183, -28.346786499, 8.16993618011, -9.44853591919, -34.8645553589, -35.9833602905, -22.9562320709], [-161.968063354, -192.204940796, 1.28592336178, 109.912254333, -7.01713895798, 36.6754875183, 134.753662109, 31.3693828583, -23.4376316071, 41.6064872742, 41.9486503601, 11.2864208221, 20.3351364136], [-21.7048892975, -55.6333847046, -44.5672225952, 31.5671615601, 30.3364982605, -28.346786499, 31.3693828583, 127.933227539, 90.2451095581, 33.2967796326, 49.4287071228, 30.0153751373, -23.5197353363], [-124.991241455, -63.0289497375, 29.5545845032, -8.18469905853, 14.5027551651, 8.16993618011, -23.4376316071, 90.2451095581, 160.50378418, 64.9458465576, 20.5584144592, 15.6815843582, -48.7947807312], [-122.040557861, -128.264160156, -12.008849144, 35.1143493652, -23.0789489746, -9.44853591919, 41.6064872742, 33.2967796326, 64.9458465576, 115.475410461, 82.2013778687, 21.8566856384, -7.80991458893], [-160.888137817, -181.11882019, -36.1159744263, 34.7326393127, -37.0413513184, -34.8645553589, 41.9486503601, 49.4287071228, 20.5584144592, 82.2013778687, 161.673248291, 99.736541748, 0.606324017048], [-85.7874298096, -113.152786255, -37.3212814331, 19.2394065857, -27.7230739594, -35.9833602905, 11.2864208221, 30.0153751373, 15.6815843582, 21.8566856384, 99.736541748, 133.565887451, 41.8409690857], [43.2874031067, -17.2599964142, -40.4545631409, 26.5301837921, -11.3738946915, -22.9562320709, 20.3351364136, -23.5197353363, -48.7947807312, -7.80991458893, 0.606324017048, 41.8409690857, 96.6566162109]], "icov": [[2.8035800457, -3.93025445938, 3.83035373688, -3.66745567322, 3.42840003967, -3.12064123154, 2.75368785858, -2.31168675423, 1.83964657784, -1.34718048573, 0.893347382545, -0.498849272728, 0.203000709414], [-3.93025445938, 5.51081895828, -5.37067365646, 5.14465999603, -4.81134939194, 4.38138628006, -3.86720991135, 3.24832081795, -2.58580827713, 1.89447391033, -1.25621044636, 0.702126324177, -0.285627841949], [3.83035373688, -5.37067365646, 5.24048852921, -5.02237033844, 4.70332241058, -4.29038572311, 3.79313611984, -3.19009137154, 2.54412746429, -1.86660242081, 1.24072408676, -0.693785786629, 0.283691823483], [-3.66745567322, 5.14465999603, -5.02237033844, 4.82639980316, -4.52507686615, 4.13790130615, -3.67106294632, 3.09431123734, -2.47549772263, 1.82115161419, -1.21291673183, 0.680588662624, -0.279641568661], [3.42840003967, -4.81134939194, 4.70332241058, -4.52507686615, 4.26397323608, -3.90771579742, 3.47582435608, -2.94563341141, 2.36373734474, -1.74435663223, 1.16759502888, -0.656208634377, 0.270695149899], [-3.12064123154, 4.38138628006, -4.29038572311, 4.13790130615, -3.90771579742, 3.6080789566, -3.22365164757, 2.74519085884, -2.2178633213, 1.64605593681, -1.10476076603, 0.626091718674, -0.25893035531], [2.75368785858, -3.86720991135, 3.79313611984, -3.67106294632, 3.47582435608, -3.22365164757, 2.9134953022, -2.49176669121, 2.03168129921, -1.51971805096, 1.0243793726, -0.583465397358, 0.244500488043], [-2.31168675423, 3.24832081795, -3.19009137154, 3.09431123734, -2.94563341141, 2.74519085884, -2.49176669121, 2.16679596901, -1.77884209156, 1.33849728107, -0.914988517761, 0.524931073189, -0.223659664392], [1.83964657784, -2.58580827713, 2.54412746429, -2.47549772263, 2.36373734474, -2.2178633213, 2.03168129921, -1.77884209156, 1.48993444443, -1.13339281082, 0.782661736012, -0.458101540804, 0.203745052218], [-1.34718048573, 1.89447391033, -1.86660242081, 1.82115161419, -1.74435663223, 1.64605593681, -1.51971805096, 1.33849728107, -1.13339281082, 0.884766161442, -0.615606546402, 0.363708734512, -0.162637606263], [0.893347382545, -1.25621044636, 1.24072408676, -1.21291673183, 1.16759502888, -1.10476076603, 1.0243793726, -0.914988517761, 0.782661736012, -0.615606546402, 0.448624700308, -0.270326524973, 0.124227836728], [-0.498849272728, 0.702126324177, -0.693785786629, 0.680588662624, -0.656208634377, 0.626091718674, -0.583465397358, 0.524931073189, -0.458101540804, 0.363708734512, -0.270326524973, 0.175859928131, -0.0827349871397], [0.203000709414, -0.285627841949, 0.283691823483, -0.279641568661, 0.270695149899, -0.25893035531, 0.244500488043, -0.223659664392, 0.203745052218, -0.162637606263, 0.124227836728, -0.0827349871397, 0.0531633272767]]}, "spectral_contrast_coeffs": {"dmean": [0.0412531271577, 0.0343537591398, 0.0256733316928, 0.0227178614587, 0.0187970418483, 0.0392704717815], "dmean2": [0.0691666454077, 0.0559984445572, 0.0413210988045, 0.0360698178411, 0.0304340161383, 0.0690685138106], "dvar": [0.00122138485312, 0.00129520823248, 0.000870234682225, 0.000696517643519, 0.000458076654468, 0.00128254538868], "dvar2": [0.00326450704597, 0.00300066662021, 0.00206403876655, 0.00155400182121, 0.00106143660378, 0.00358118070289], "max": [-0.265107274055, -0.321153521538, -0.38178819418, -0.492287278175, -0.593417406082, -0.647652506828], "mean": [-0.558391094208, -0.645212590694, -0.653073906898, -0.702127993107, -0.7275801301, -0.883384585381], "median": [-0.550784051418, -0.646744787693, -0.647761046886, -0.699876189232, -0.718738913536, -0.898770093918], "min": [-0.957204222679, -0.96030318737, -0.954663395882, -0.955456852913, -0.958866298199, -0.962407648563], "var": [0.0134797524661, 0.00952651910484, 0.00780350808054, 0.00436520809308, 0.00328389974311, 0.00277848541737]}, "spectral_contrast_valleys": {"dmean": [0.459685266018, 0.318592369556, 0.283621817827, 0.292379230261, 0.299554437399, 0.798277080059], "dmean2": [0.755950272083, 0.514838159084, 0.450979113579, 0.460079550743, 0.469769775867, 1.4045330286], "dvar": [0.158123999834, 0.145678952336, 0.144157022238, 0.181017071009, 0.214067801833, 0.449632078409], "dvar2": [0.363871872425, 0.279939651489, 0.28572884202, 0.359379708767, 0.43622225523, 1.29164671898], "max": [-5.86627054214, -4.57206916809, -6.1830496788, -7.52085018158, -8.48270702362, -11.8096590042], "mean": [