{"lowlevel": {"average_loudness": 0.920556783676, "barkbands_crest": {"dmean": 2.26818394661, "dmean2": 3.46863436699, "dvar": 5.77796316147, "dvar2": 12.9417467117, "max": 25.0785884857, "mean": 9.81196403503, "median": 8.74003505707, "min": 2.76542234421, "var": 18.4308776855}, "barkbands_flatness_db": {"dmean": 0.0179456938058, "dmean2": 0.0250563435256, "dvar": 0.000342890765751, "dvar2": 0.00067780399695, "max": 0.343361258507, "mean": 0.144195020199, "median": 0.134010955691, "min": 0.0233178716153, "var": 0.00294605642557}, "barkbands_kurtosis": {"dmean": 1.75043737888, "dmean2": 2.64383482933, "dvar": 10.8863105774, "dvar2": 20.9182682037, "max": 121.573822021, "mean": 3.000903368, "median": 1.74254703522, "min": -1.77938556671, "var": 27.0886268616}, "barkbands_skewness": {"dmean": 0.390533000231, "dmean2": 0.57195943594, "dvar": 0.21345077455, "dvar2": 0.408065795898, "max": 9.36362934113, "mean": 1.1803984642, "median": 1.1592900753, "min": -10.1873159409, "var": 1.0752184391}, "barkbands_spread": {"dmean": 3.22052168846, "dmean2": 4.66671133041, "dvar": 12.6153087616, "dvar2": 25.4716281891, "max": 87.6688079834, "mean": 17.1948642731, "median": 16.5233802795, "min": 1.45673251152, "var": 57.5913352966}, "dissonance": {"dmean": 0.022566832602, "dmean2": 0.03877049312, "dvar": 0.000527654367033, "dvar2": 0.00144194660243, "max": 0.499999970198, "mean": 0.459056705236, "median": 0.466878950596, "min": 0.215754389763, "var": 0.0010341454763}, "dynamic_complexity": 2.33731937408, "erbbands_crest": {"dmean": 2.45120215416, "dmean2": 3.89155650139, "dvar": 7.19375038147, "dvar2": 17.3332099915, "max": 31.8882884979, "mean": 9.93309783936, "median": 8.42318630219, "min": 2.2520596981, "var": 24.2689628601}, "erbbands_flatness_db": {"dmean": 0.0174791589379, "dmean2": 0.0234133210033, "dvar": 0.000366007705452, "dvar2": 0.000629841466434, "max": 0.436863839626, "mean": 0.172965139151, "median": 0.157347247005, "min": 0.0475097894669, "var": 0.00410074321553}, "erbbands_kurtosis": {"dmean": 1.15717828274, "dmean2": 1.72883462906, "dvar": 3.1061103344, "dvar2": 6.63552045822, "max": 47.9886665344, "mean": 2.10166525841, "median": 1.29003286362, "min": -1.85803461075, "var": 10.8110132217}, "erbbands_skewness": {"dmean": 0.293521672487, "dmean2": 0.446550011635, "dvar": 0.0945248454809, "dvar2": 0.210715308785, "max": 3.98550343513, "mean": 0.571983397007, "median": 0.566066741943, "min": -2.72351908684, "var": 0.426468074322}, "erbbands_spread": {"dmean": 4.95874071121, "dmean2": 7.14575052261, "dvar": 35.9576683044, "dvar2": 69.380569458, "max": 143.584625244, "mean": 25.150604248, "median": 23.1126842499, "min": 1.50351119041, "var": 189.671707153}, "hfc": {"dmean": 4.72094678879, "dmean2": 6.64242744446, "dvar": 35.916809082, "dvar2": 70.962059021, "max": 109.67099762, "mean": 23.3370666504, "median": 19.7757644653, "min": 1.19176437183e-16, "var": 226.975311279}, "melbands_crest": {"dmean": 2.89673161507, "dmean2": 4.45725774765, "dvar": 9.22288513184, "dvar2": 20.5160579681, "max": 32.9470176697, "mean": 13.8004264832, "median": 12.8498649597, "min": 1.70281672478, "var": 32.7511367798}, "melbands_flatness_db": {"dmean": 0.0213263891637, "dmean2": 0.029818860814, "dvar": 0.000537661719136, "dvar2": 0.00104019546416, "max": 0.464578777552, "mean": 0.223553448915, "median": 0.217021912336, "min": 0.00488002458587, "var": 0.00437026750296}, "melbands_kurtosis": {"dmean": 3.20295357704, "dmean2": 4.85694694519, "dvar": 42.3168678284, "dvar2": 83.9042358398, "max": 250.392379761, "mean": 6.07646512985, "median": 3.60757112503, "min": -1.69056391716, "var": 95.9934997559}, "melbands_skewness": {"dmean": 0.510913252831, "dmean2": 0.750397622585, "dvar": 0.365468204021, "dvar2": 0.718560934067, "max": 13.232585907, "mean": 1.70796763897, "median": 1.58865499496, "min": -2.71331596375, "var": 1.63538360596}, "melbands_spread": {"dmean": 3.76583480835, "dmean2": 5.64375591278, "dvar": 19.2862892151, "dvar2": 41.2394676208, "max": 190.627487183, "mean": 20.4257259369, "median": 19.1324672699, "min": 1.1060063839, "var": 183.460083008}, "pitch_salience": {"dmean": 0.0620663464069, "dmean2": 0.0968855172396, "dvar": 0.00395168783143, "dvar2": 0.00903489999473, "max": 0.882517457008, "mean": 0.543651878834, "median": 0.54882979393, "min": 0.113078929484, "var": 0.0147738978267}, "silence_rate_20dB": {"dmean": 0, "dmean2": 0, "dvar": 0, "dvar2": 0, "max": 1, "mean": 1, "median": 1, "min": 1, "var": 0}, "silence_rate_30dB": {"dmean": 0.00261584459804, "dmean2": 0.00523217767477, "dvar": 0.00260924501345, "dvar2": 0.00707371765748, "max": 1, "mean": 0.998038291931, "median": 1, "min": 0, "var": 0.0019578251522}, "silence_rate_60dB": {"dmean": 0.000747384154238, "dmean2": 0.00149490800686, "dvar": 0.000746747944504, "dvar2": 0.00167928903829, "max": 1, "mean": 0.0110228862613, "median": 0, "min": 0, "var": 0.010901870206}, "spectral_centroid": {"dmean": 142.92678833, "dmean2": 205.863876343, "dvar": 33182.6328125, "dvar2": 59269.171875, "max": 11221.5019531, "mean": 1059.19519043, "median": 988.933105469, "min": 203.083328247, "var": 218416.6875}, "spectral_complexity": {"dmean": 2.52316880226, "dmean2": 3.76791548729, "dvar": 6.60032463074, "dvar2": 12.5617275238, "max": 54, "mean": 20.251750946, "median": 20, "min": 0, "var": 37.0220603943}, "spectral_decrease": {"dmean": 2.406185029e-09, "dmean2": 3.58991858462e-09, "dvar": 1.12616827096e-17, "dvar2": 2.29483393852e-17, "max": 4.92232603808e-16, "mean": -9.338403828e-09, "median": -8.16425327343e-09, "min": -3.4366305357e-08, "var": 3.23684177847e-17}, "spectral_energy": {"dmean": 0.00940007157624, "dmean2": 0.0139935845509, "dvar": 0.000167623715242, "dvar2": 0.000341719132848, "max": 0.131072044373, "mean": 0.0373620837927, "median": 0.03264259547, "min": 1.06562996441e-20, "var": 0.000500424474012}, "spectral_energyband_high": {"dmean": 0.000208333585761, "dmean2": 0.000273363286396, "dvar": 8.53258868005e-08, "dvar2": 1.46872849882e-07, "max": 0.00586085068062, "mean": 0.000587917515077, "median": 0.000411205634009, "min": 7.40782890042e-21, "var": 3.99026276909e-07}, "spectral_energyband_low": {"dmean": 0.00610720133409, "dmean2": 0.0090864142403, "dvar": 0.000138446383062, "dvar2": 0.000270873832051, "max": 0.122450694442, "mean": 0.0151937967166, "median": 0.00878337025642, "min": 1.19479492198e-23, "var": 0.000302531319903}, "spectral_energyband_middle_high": {"dmean": 0.00284257531166, "dmean2": 0.00419944897294, "dvar": 2.4432227292e-05, "dvar2": 5.08627053932e-05, "max": 0.105879373848, "mean": 0.010154937394, "median": 0.00596879655495, "min": 1.37410068018e-21, "var": 0.000134298650664}, "spectral_energyband_middle_low": {"dmean": 0.00468003749847, "dmean2": 0.00730295805261, "dvar": 5.77595055802e-05, "dvar2": 0.000138937670272, "max": 0.0816076397896, "mean": 0.012991828844, "median": 0.0108528016135, "min": 4.03073061227e-22, "var": 9.21191167436e-05}, "spectral_entropy": {"dmean": 0.141966223717, "dmean2": 0.188517436385, "dvar": 0.0203916747123, "dvar2": 0.0362415835261, "max": 9.80336475372, "mean": 7.34803819656, "median": 7.38170671463, "min": 5.39489269257, "var": 0.211341097951}, "spectral_flux": {"dmean": 0.0287164915353, "dmean2": 0.042819917202, "dvar": 0.00101247977, "dvar2": 0.00215044408105, "max": 0.313082635403, "mean": 0.086492806673, "median": 0.0727071091533, "min": 1.05811311102e-10, "var": 0.00285248178989}, "spectral_kurtosis": {"dmean": 2.61520290375, "dmean2": 4.09734201431, "dvar": 18.2510433197, "dvar2": 48.2271156311, "max": 86.1033630371, "mean": 8.0914478302, "median": 6.14012336731, "min": -1.23851656914, "var": 45.4545059204}, "spectral_rms": {"dmean": 0.000711006694473, "dmean2": 0.00104198080953, "dvar": 7.79763411174e-07, "dvar2": 1.51002655002e-06, "max": 0.0113081894815, "mean": 0.00574709288776, "median": 0.00564326439053, "min": 3.22434331838e-12, "var": 3.42164548783e-06}, "spectral_rolloff": {"dmean": 204.984466553, "dmean2": 327.984130859, "dvar": 156119.203125, "dvar2": 302172.8125, "max": 19724.4140625, "mean": 1193.79138184, "median": 990.52734375, "min": 64.599609375, "var": 2938677.75}, "spectral_skewness": {"dmean": 0.267759442329, "dmean2": 0.404611557722, "dvar": 0.101593397558, "dvar2": 0.248882040381, "max": 6.44218397141, "mean": 2.12982678413, "median": 2.04500460625, "min": -0.0407365560532, "var": 0.427062124014}, "spectral_spread": {"dmean": 536932.1875, "dmean2": 708807.1875, "dvar": 591029207040, "dvar2": 879797731328, "max": 42267000, "mean": 4544399.5, "median": 4442181, "min": 749278, "var": 3982749859840.0}, "spectral_strongpeak": {"dmean": 0.566128373146, "dmean2": 0.941472113132, "dvar": 0.928442001343, "dvar2": 2.07199215889, "max": 13.0896644592, "mean": 1.32834005356, "median": 0.620468199253, "min": 0, "var": 2.84653091431}, "zerocrossingrate": {"dmean": 0.00761785358191, "dmean2": 0.00887168198824, "dvar": 7.45125289541e-05, "dvar2": 8.43772431836e-05, "max": 0.77587890625, "mean": 0.055122140795, "median": 0.04833984375, "min": 0.0048828125, "var": 0.00303052156232}, "barkbands": {"dmean": [0.000215638690861, 0.00449423631653, 0.00303908670321, 0.0010920347413, 0.00143748463597, 0.000945457431953, 0.000606955843978, 0.000760110793635, 0.00172318529803, 0.00198421650566, 0.000862751738168, 0.000891400384717, 0.000415664049797, 0.000196715263883, 0.00016905402299, 0.000123497433378, 9.72398775048e-05, 6.33675954305e-05, 6.28159177722e-05, 0.000100354489405, 5.94944722252e-05, 2.23831848416e-05, 3.24116226693e-05, 2.89398849418e-05, 3.1733798096e-05, 2.47492280323e-05, 1.13851592687e-05], "dmean2": [0.000277454440948, 0.00632574735209, 0.00513247540221, 0.00185832555871, 0.00233940919861, 0.00153006520122, 0.000981880235486, 0.00117407785729, 0.00268251122907, 0.00302564515732, 0.00130883115344, 0.001386575168, 0.000631869712379, 0.0003050538362, 0.000259640830336, 0.000187250945601, 0.000144156292663, 9.42685292102e-05, 9.28882072913e-05, 0.000148288629134, 8.71636584634e-05, 3.18217171298e-05, 4.64393524453e-05, 3.96749092033e-05, 4.5159671572e-05, 3.45758671756e-05, 1.63483455253e-05], "dvar": [3.16379612286e-07, 9.97397073661e-05, 4.36011105194e-05, 2.77872072729e-06, 9.24597497942e-06, 3.31211640514e-06, 1.30447017455e-06, 2.1424523311e-06, 1.65261317306e-05, 2.17880879063e-05, 6.74431657899e-06, 2.82084806713e-06, 9.54916117735e-07, 1.28957893253e-07, 9.07776396275e-08, 7.67132064539e-08, 3.14512256239e-08, 1.31025297279e-08, 1.24773213983e-08, 2.50268055169e-08, 1.02063353324e-08, 2.61136712254e-09, 8.1633082516e-09, 4.00790778343e-09, 3.0464735179e-09, 1.92815274858e-09, 4.48587111901e-10], "dvar2": [6.12024166458e-07, 0.00019854636048, 0.000118937969091, 7.69234429754e-06, 2.37139302044e-05, 8.45232261781e-06, 3.3173510019e-06, 5.26828443981e-06, 4.00133903895e-05, 4.86666394863e-05, 1.31657498059e-05, 5.42022553418e-06, 2.04105526791e-06, 2.7457952001e-07, 2.03189344461e-07, 1.70792176846e-07, 6.22220994728e-08, 2.74750622253e-08, 2.56792453968e-08, 5.37678452872e-08, 2.17734577035e-08, 5.49416201423e-09, 1.76276842012e-08, 8.17267231668e-09, 6.25507823315e-09, 3.75841979761e-09, 9.49358258673e-10], "max": [0.00608847988769, 0.103959038854, 0.072535045445, 0.0185793228447, 0.0371526665986, 0.0219923723489, 0.0293488912284, 0.0337822139263, 0.0713518559933, 0.0974651202559, 0.103551082313, 0.0796703919768, 0.0233437344432, 0.0137503370643, 0.00971984025091, 0.016091208905, 0.0051022041589, 0.00269720074721, 0.00392353115603, 0.00321001256816, 0.00224334723316, 0.0015494847903, 0.0034417451825, 0.0030854830984, 0.0012820441043, 0.000532764999662, 0.000235281971982], "mean": [0.000270556571195, 0.0071788681671, 0.00657156156376, 0.00203577522188, 0.00271197897382, 0.00151429942343, 0.00128122058231, 0.00166667206213, 0.00296543515287, 0.00470906915143, 0.00148413598072, 0.00177178287413, 0.000824585556984, 0.000456705223769, 0.000354601652361, 0.000340681697708, 0.000228218763368, 0.000148833642015, 0.000143768687849, 0.000254061538726, 0.000125292237499, 4.19757561758e-05, 6.64319377393e-05, 6.84497281327e-05, 7.52760315663e-05, 5.16685395269e-05, 2.0116178348e-05], "median": [7.17255352356e-06, 0.00294477213174, 0.00233741709962, 0.00163670885377, 0.00161943328567, 0.00070266739931, 0.000678301323205, 0.00113216089085, 0.00146022508852, 0.00167431740556, 0.000573615485337, 0.00105356227141, 0.000341586739523, 0.00035062446841, 0.000199732094188, 0.00020471274911, 9.08061629161e-05, 5.6868611864e-05, 6.30049253232e-05, 9.41582766245e-05, 5.39721222594e-05, 1.24208572743e-05, 2.57693991443e-05, 3.63360304618e-05, 3.66756139556e-05, 1.58764305525e-05, 4.38397864855e-06], "min": [1.70357852815e-25, 1.84011272474e-24, 9.23269294228e-25, 1.18580924407e-23, 1.24022076723e-23, 2.03621613048e-23, 5.57710649822e-23, 1.96170506254e-23, 5.4413504784e-23, 5.31090191476e-23, 5.27344364354e-23, 1.02178117517e-22, 5.46089214075e-23, 3.6401001973e-23, 8.87393860578e-23, 9.1421317498e-23, 1.60884798984e-22, 2.42591893969e-22, 1.75940922491e-22, 3.19253119059e-22, 4.81975383351e-22, 4.72361024317e-22, 6.37895142285e-22, 7.35010912181e-22, 1.34262480189e-21, 1.88233632167e-21, 2.0662668779e-21], "var": [5.14344947078e-07, 0.000152383407112, 8.30068311188e-05, 3.78729168915e-06, 1.18562174976e-05, 4.42064083472e-06, 3.83124006476e-06, 4.10287339037e-06, 2.67001778411e-05, 7.5273332186e-05, 2.42729602178e-05, 1.0383991139e-05, 2.76989749182e-06, 2.91995917223e-07, 3.04392813177e-07, 2.73366197234e-07, 1.42177157159e-07, 5.06117636689e-08, 4.55346658157e-08, 1.17384075793e-07, 3.32802017056e-08, 6.49306119982e-09, 2.08004582447e-08, 1.07028848007e-08, 9.97266802472e-09, 5.34043564926e-09, 8.92026730259e-10]}, "erbbands": {"dmean": [0.175632476807, 0.885342299938, 2.97419452667, 3.49718928337, 5.24085569382, 4.16618013382, 5.59025669098, 8.02397823334, 7.55858135223, 9.31814670563, 20.7351093292, 33.0489387512, 54.3631896973, 63.7600212097, 31.5287799835, 34.0460090637, 19.1011390686, 10.9653539658, 9.76363563538, 4.35389328003, 7.30882501602, 5.13575792313, 3.27148246765, 2.93133473396, 3.31889390945, 5.00787782669, 3.17714500427, 1.55789852142, 0.844574213028, 0.784796059132, 0.974606633186, 0.651973605156, 0.506608605385, 0.442839711905, 0.190666288137, 0.0956477075815, 0.0522912442684, 0.0130661167204, 0.0018586195074, 0.000118871030281], "dmean2": [0.245713666081, 1.35724282265, 5.02732276917, 5.86612606049, 8.60845565796, 6.9368224144, 9.07249546051, 12.9667854309, 11.9859418869, 15.3725748062, 31.7888641357, 51.363445282, 81.8775482178, 93.6725997925, 46.949180603, 53.3360137939, 28.7607498169, 16.6398620605, 14.8427000046, 6.62006044388, 10.9589538574, 7.5463924408, 4.64012479782, 4.41457223892, 4.75631999969, 7.41843795776, 4.58555269241, 2.24526071548, 1.19009387493, 1.14976847172, 1.38900649548, 0.92369812727, 0.688386440277, 0.634487450123, 0.276531457901, 0.137129798532, 0.0741992220283, 0.0188548583537, 0.0026784229558, 0.000170728715602], "dvar": [0.192625761032, 3.64669322968, 43.2080841064, 36.201713562, 119.445335388, 77.7677612305, 138.039855957, 232.044631958, 198.778091431, 366.86932373, 1557.84692383, 6527.40820312, 20183.0214844, 21464.4101562, 5036.54492188, 3941.03173828, 1704.60412598, 406.871398926, 300.704376221, 77.9732055664, 290.213226318, 96.3381118774, 37.6153411865, 27.2180347443, 35.2551841736, 64.6262588501, 25.1647167206, 9.18202114105, 3.12290525436, 6.67471265793, 7.97633647919, 3.63891649246, 0.946747481823, 0.633097171783, 0.106063775718, 0.0268872156739, 0.00917853973806, 0.000571275886614, 1.19333217299e-05, 5.01560037947e-08], "dvar2": [0.371772348881, 7.86064004898, 117.835723877, 97.3301315308, 306.050567627, 206.978927612, 349.203704834, 591.602966309, 474.143188477, 979.117980957, 3850.44116211, 15686.8037109, 45071.875, 46708.09375, 9164.3984375, 8308.78808594, 3663.49926758, 794.164978027, 655.311157227, 185.474456787, 640.190917969, 185.046600342, 69.3516082764, 59.4896697998, 69.7367248535, 139.095870972, 53.514591217, 19.0224552155, 6.5545129776, 15.9224891663, 16.7533683777, 8.60569286346, 1.73820829391, 1.32849121094, 0.219226300716, 0.0541915260255, 0.018312362954, 0.00117732037324, 2.52701302088e-05, 1.07415417006e-07], "max": [3.97990608215, 20.695941925, 75.3580322266, 84.8330612183, 145.39553833, 106.604370117, 210.048294067, 207.645294189, 260.233093262, 488.404815674, 871.44732666, 1650.87133789, 2760.50244141, 3697.25146484, 2808.23486328, 3154.26220703, 1124.4744873, 806.330749512, 572.198974609, 266.639892578, 987.731933594, 306.456756592, 171.797698975, 140.205581665, 162.189468384, 157.638366699, 87.1846618652, 65.9276809692, 39.9902572632, 71.6559677124, 113.215805054, 105.086540222, 39.3621826172, 20.0337715149, 9.42297172546, 3.54004383087, 1.1195179224, 0.2773694098, 0.0378534682095, 0.00256887776777], "mean": [0.217353597283, 1.61644744873, 6.62567281723, 7.92654561996, 8.98467254639, 8.17665958405, 8.5350189209, 13.4782867432, 17.1808681488, 18.9326343536, 46.0570220947, 60.5940513611, 105.740486145, 148.263000488, 69.7543411255, 70.1045227051, 41.5690116882, 28.1753730774, 23.42694664, 11.6794109344, 18.8657627106, 12.8173418045, 8.73297786713, 7.50249004364, 8.56250762939, 13.0114974976, 7.79156351089, 3.21644711494, 1.61673891544, 1.49191606045, 1.94033777714, 1.45252561569, 1.17042708397, 0.989814996719, 0.443852752447, 0.21132157743, 0.101839445531, 0.0242832265794, 0.00330425868742, 0.000235213898122], "median": [0.0394106656313, 0.807968556881, 2.65753149986, 5.20470571518, 5.25681447983, 4.82905244827, 3.58521771431, 6.32187128067, 8.57900810242, 11.4913377762, 31.3023910522, 32.7595939636, 58.5900268555, 49.1308670044, 40.4183654785, 45.5168685913, 20.2216262817, 21.6647968292, 14.4575796127, 7.93443584442, 10.7625370026, 5.51180410385, 3.31002187729, 3.35943984985, 3.6034553051, 4.71833372116, 3.54309487343, 1.25139009953, 0.492333114147, 0.454742014408, 0.764485120773, 0.773415386677, 0.558782696724, 0.467487156391, 0.213009148836, 0.0787021815777, 0.0269898269325, 0.00626174872741, 0.000725988356862, 8.95628327271e-05], "min": [3.92336310897e-23, 4.65019039074e-22, 1.84430297716e-21, 3.11113743621e-20, 4.14729133647e-20, 5.28643956276e-20, 3.6047298079e-19, 1.39018170944e-19, 7.6634401174e-19, 5.56084522799e-19, 8.54144942763e-19, 1.26131229498e-18, 9.42554730416e-19, 2.2122548436e-18, 2.42340324151e-18, 3.44502258321e-18, 3.45958716585e-18, 2.12988750693e-18, 3.3486539739e-18, 5.01004726819e-18, 4.97099110838e-18, 1.03322344492e-17, 1.06663806751e-17, 1.32309011359e-17, 1.18905484247e-17, 1.41840911343e-17, 1.61744531242e-17, 1.90890223582e-17, 1.56220470219e-17, 1.7432503846e-17, 1.77216117419e-17, 1.0893596436e-17, 1.46470111836e-17, 1.16909993737e-17, 8.92058704101e-18, 6.46730252026e-18, 3.55891480701e-18, 1.3542077797e-18, 2.30020161691e-19, 3.11345095698e-20], "var": [0.276502072811, 5.28276062012, 78.9472885132, 62.3440093994, 145.891983032, 109.131248474, 194.023345947, 349.816589355, 799.940429688, 573.403686523, 3001.99780273, 9988.07910156, 31727.2988281, 79704.1953125, 19649.7265625, 12487.546875, 5509.10400391, 1249.46899414, 1143.6315918, 196.933044434, 931.498840332, 428.843200684, 185.14364624, 103.576637268, 160.504058838, 317.068481445, 106.147163391, 27.3318977356, 8.07272338867, 13.7640981674, 18.4646816254, 6.13808298111, 3.28229355812, 2.05539512634, 0.316155731678, 0.0787997543812, 0.0232923720032, 0.00126953818835, 2.37823387579e-05, 9.24406933223e-08]}, "gfcc": {"mean": [12.1600284576, 104.143913269, -109.84185791, -0.961061179638, -46.4636459351, 17.0945491791, -19.7745246887, 13.1163654327, -28.8719787598, -0.81978315115, -16.1532878876, -9.18221092224, -7.26759529114], "cov": [[9699.18652344, -655.622314453, 859.200317383, 497.399749756, -321.39956665, 612.057739258, -271.085906982, 389.187164307, -343.135467529, 104.13809967, -204.366119385, 65.4961624146, -179.137710571], [-655.622314453, 2082.17602539, -867.633972168, -42.7060623169, 336.781066895, -281.813140869, 203.10333252, -132.259353638, 119.924430847, -99.2129135132, 140.392715454, -180.284118652, 155.393035889], [859.200317383, -867.633972168, 1312.31286621, 75.96144104, -1.45632302761, 399.940063477, -127.492446899, 203.21685791, -43.3044815063, 94.5876541138, -140.02645874, 91.030128479, -138.97303772], [497.399749756, -42.7060623169, 75.96144104, 418.987213135, -45.2368736267, 85.8069381714, -18.601316452, 70.5143356323, -10.2017126083, -53.1319770813, 17.2440509796, 15.0303592682, 0.893632948399], [-321.39956665, 336.781066895, -1.45632302761, -45.2368736267, 356.177398682, -4.22715330124, 106.284835815, 67.7338027954, 26.7667369843, 9.7120847702, 13.7857093811, -52.1429824829, 16.1360816956], [612.057739258, -281.813140869, 399.940063477, 85.8069381714, -4.22715330124, 324.312408447, -22.8084125519, 85.1295394897, -12.4362697601, 29.9735546112, -54.9222183228, 12.947259903, -47.340713501], [-271.085906982, 203.10333252, -127.492446899, -18.601316452, 106.284835815, -22.8084125519, 174.731277466, 10.9044075012, 30.1878242493, 7.19453954697, 39.3008003235, -22.4372673035, 18.8084049225], [389.187164307, -132.259353638, 203.21685791, 70.5143356323, 67.7338027954, 85.1295394897, 10.9044075012, 217.280776978, -27.2558746338, 21.5060691833, 16.4881954193, -2.72547602654, -9.27096939087], [-343.135467529, 119.924430847, -43.3044815063, -10.2017126083, 26.7667369843, -12.4362697601, 30.1878242493, -27.2558746338, 127.827636719, 16.7133846283, 1.934202075, 12.0798187256, 2.42733669281], [104.13809967, -99.2129135132, 94.5876541138, -53.1319770813, 9.7120847702, 29.9735546112, 7.19453954697, 21.5060691833, 16.7133846283, 91.7375259399, 10.7672185898, 8.79311561584, -10.7323303223], [-204.366119385, 140.392715454, -140.02645874, 17.2440509796, 13.7857093811, -54.9222183228, 39.3008003235, 16.4881954193, 1.934202075, 10.7672185898, 106.229408264, 5.44112348557, 25.4873332977], [65.4961624146, -180.284118652, 91.030128479, 15.0303592682, -52.1429824829, 12.947259903, -22.4372673035, -2.72547602654, 12.0798187256, 8.79311561584, 5.44112348557, 92.7725372314, -2.94385695457], [-179.137710571, 155.393035889, -138.97303772, 0.893632948399, 16.1360816956, -47.340713501, 18.8084049225, -9.27096939087, 2.42733669281, -10.7323303223, 25.4873332977, -2.94385695457, 73.8851928711]], "icov": [[0.000177431851625, -0.000157142800163, 0.000109030981548, -0.000188707635971, 0.000191324463231, -0.000210321348277, 9.09011578187e-05, -0.00033832032932, 0.000586223322898, -0.000560420798138, 0.000577005790547, -0.000402156467317, 0.000410184584325], [-0.000157142800163, 0.00127499131486, 9.75427465164e-05, 0.000135219233925, -0.000975578324869, 0.00023634932586, -0.000105046172393, 0.00089601270156, -0.00145578559022, 0.00144705316052, -0.00159697618801, 0.00198943167925, -0.00148883927613], [0.000109030981548, 9.75427465164e-05, 0.00218806485645, -0.000206706230529, -0.000503904710058, -0.00152564956807, 0.000868484028615, -0.00124399352353, 0.000730927335098, -0.00156886002515, 0.00192395085469, -0.00189540989231, 0.00194153643679], [-0.000188707635971, 0.000135219233925, -0.000206706230529, 0.00342914019711, 0.000375079485821, -0.000771109829657, 8.21711873868e-05, -0.000664930732455, -0.00115552614443, 0.00324868853204, -0.00190729473252, 0.000295075093163, -0.00067298556678], [0.000191324463231, -0.000975578324869, -0.000503904710058, 0.000375079485821, 0.00497207790613, 9.66130755842e-05, -0.00207479367964, -0.00205017533153, 0.000320965860737, -0.000700110045727, 0.00140170904342, 0.000571709184442, 0.000237284082687], [-0.000210321348277, 0.00023634932586, -0.00152564956807, -0.000771109829657, 9.66130755842e-05, 0.00580131914467, -0.000934682029765, -0.00017333496362, -0.0007329643704, -0.000276137492619, 0.000775457709096, 0.00131344934925, -0.000186346529517], [9.09011578187e-05, -0.000105046172393, 0.000868484028615, 8.21711873868e-05, -0.00207479367964, -0.000934682029765, 0.00838201120496, -0.000374428345822, -0.000974293332547, -0.00069891352905, -0.00180468312465, 0.000155396599439, 0.00030661947676], [-0.00033832032932, 0.00089601270156, -0.00124399352353, -0.000664930732455, -0.00205017533153, -0.00017333496362, -0.000374428345822, 0.00800629891455, -0.000243244066951, 0.000720912939869, -0.00400774739683, 0.00245967996307, -0.00200672983192], [0.000586223322898, -0.00145578559022, 0.000730927335098, -0.00115552614443, 0.000320965860737, -0.0007329643704, -0.000974293332547, -0.000243244066951, 0.0119884628803, -0.00518302898854, 0.00406884402037, -0.00495243631303, 0.00280202017166], [-0.000560420798138, 0.00144705316052, -0.00156886002515, 0.00324868853204, -0.000700110045727, -0.000276137492619, -0.00069891352905, 0.000720912939869, -0.00518302898854, 0.0178968515247, -0.00691785523668, 0.00304291141219, -0.00187049538363], [0.000577005790547, -0.00159697618801, 0.00192395085469, -0.00190729473252, 0.00140170904342, 0.000775457709096, -0.00180468312465, -0.00400774739683, 0.00406884402037, -0.00691785523668, 0.0176543258131, -0.00583925005049, 0.00108562421519], [-0.000402156467317, 0.00198943167925, -0.00189540989231, 0.000295075093163, 0.000571709184442, 0.00131344934925, 0.000155396599439, 0.00245967996307, -0.00495243631303, 0.00304291141219, -0.00583925005049, 0.0175474248827, -0.00442391261458], [0.000410184584325, -0.00148883927613, 0.00194153643679, -0.00067298556678, 0.000237284082687, -0.000186346529517, 0.00030661947676, -0.00200672983192, 0.00280202017166, -0.00187049538363, 0.00108562421519, -0.00442391261458, 0.019904749468]]}, "melbands": {"dmean": [0.00137862260453, 0.00129516539164, 0.000638418889139, 0.000347875145962, 0.000179128561285, 0.000177772293682, 0.000117687435704, 9.95738228085e-05, 0.000170708415681, 0.000242033973336, 0.00027883722214, 0.000278955354588, 0.000119844939036, 0.000108002946945, 5.92047763348e-05, 3.50207737938e-05, 2.08048040804e-05, 1.58366074174e-05, 9.11124607228e-06, 7.45438865124e-06, 9.17241959542e-06, 5.61389515497e-06, 4.51294090453e-06, 3.35187655764e-06, 2.58018394561e-06, 2.78458833236e-06, 2.81916504719e-06, 3.70771772396e-06, 2.53800294558e-06, 1.45640569826e-06, 8.10906044535e-07, 5.40161181561e-07, 3.84003868703e-07, 5.10228517214e-07, 6.31857744793e-07, 5.39524137366e-07, 3.87439285987e-07, 3.5959106981e-07, 4.10053644373e-07, 3.90995040789e-07], "dmean2": [0.00191303552128, 0.00214400794357, 0.00106705259532, 0.000575897749513, 0.000287918956019, 0.000287280679913, 0.000187463432667, 0.000162468015333, 0.000261817505816, 0.000375343457563, 0.000416121067246, 0.000409738830058, 0.000178113041329, 0.000166865764186, 9.17411307455e-05, 5.37047417311e-05, 3.19776081597e-05, 2.41897814703e-05, 1.39877420224e-05, 1.11668105092e-05, 1.39003986988e-05, 8.42656663735e-06, 6.43625753582e-06, 4.9650825531e-06, 3.98245401811e-06, 4.07663310398e-06, 4.18027229898e-06, 5.58200099476e-06, 3.75752415493e-06, 2.19744333663e-06, 1.18596369703e-06, 7.89108867139e-07, 5.61539707178e-07, 7.82420784162e-07, 9.26668292323e-07, 7.87303690686e-07, 5.67524864437e-07, 5.02619741383e-07, 5.806202239e-07, 5.75618742005e-07], "dvar": [1.05211402115e-05, 7.42180827729e-06, 1.04754349195e-06, 5.74486307414e-07, 1.33884853426e-07, 1.11193280361e-07, 4.51505535182e-08, 3.88262932915e-08, 1.08118079822e-07, 3.47348247942e-07, 5.014548492e-07, 4.12769935565e-07, 1.00552362881e-07, 4.60844091776e-08, 1.56318460398e-08, 5.65447955125e-09, 1.48643131137e-09, 9.09347597222e-10, 3.46387890593e-10, 2.51915072136e-10, 4.01698896368e-10, 1.20138926585e-10, 8.33895730246e-11, 3.74650623025e-11, 2.37306910233e-11, 3.18394061116e-11, 2.43563086366e-11, 3.73294103961e-11, 1.78909092402e-11, 9.59557867192e-12, 2.7688591437e-12, 1.16578220601e-12, 1.61935916065e-12, 3.29242731169e-12, 4.1009591556e-12, 2.44059698666e-12, 1.54670167733e-12, 4.87491720168e-13, 6.68334853605e-13, 4.92067432807e-13], "dvar2": [2.05336946237e-05, 1.94196763914e-05, 2.80064500657e-06, 1.51025858486e-06, 3.31825361854e-07, 2.82265204987e-07, 1.08462685944e-07, 1.01006492059e-07, 2.69396792874e-07, 8.3697568698e-07, 1.09373263513e-06, 8.90637863904e-07, 1.7499242233e-07, 8.25490431566e-08, 3.30608500576e-08, 1.24774022225e-08, 3.03634317689e-09, 1.98262717355e-09, 8.12718892185e-10, 5.53115386825e-10, 9.09116726344e-10, 2.34263941579e-10, 1.57104912413e-10, 7.67211780217e-11, 5.31783020397e-11, 6.04711558605e-11, 5.4094694002e-11, 8.26338997229e-11, 3.86050288959e-11, 2.29675722885e-11, 5.97567091296e-12, 2.49501266002e-12, 3.60877365317e-12, 8.26306210955e-12, 8.90488290745e-12, 5.61398453766e-12, 3.80412281537e-12, 9.77599078078e-13, 1.3689137714e-12, 1.08775846403e-12], "max": [0.0309706795961, 0.031084228307, 0.0132582467049, 0.00928364042193, 0.00614349963143, 0.00436596060172, 0.004499880597, 0.00476572336629, 0.00758424866945, 0.0104846674949, 0.0138852288947, 0.0163186378777, 0.0143670514226, 0.0122423926368, 0.00260928273201, 0.00187745958101, 0.0017701581819, 0.000825994531624, 0.000596762751229, 0.000707987812348, 0.00109567272011, 0.000451451924164, 0.000188062535017, 0.000105267870822, 0.000130408268888, 0.000177552792593, 0.000116305003758, 0.000120831478853, 8.17590916995e-05, 0.000101406971226, 2.96078396786e-05, 1.78070131369e-05, 6.13323209109e-05, 5.75308586122e-05, 0.000103580947325, 5.14112361998e-05, 7.8930723248e-05, 3.04266613966e-05, 3.20699582517e-05, 1.57085014507e-05], "mean": [0.00192645704374, 0.00306555372663, 0.00143837137148, 0.000650075788144, 0.000298571307212, 0.000295035162708, 0.000267372204689, 0.00020956309163, 0.000370666792151, 0.00041745006456, 0.000549492076971, 0.000639588921331, 0.000231407029787, 0.000218424538616, 0.000122305980767, 6.86646089889e-05, 5.03975061292e-05, 3.6710040149e-05, 1.82796138688e-05, 2.02077335416e-05, 2.05459655263e-05, 1.19429141705e-05, 1.07556525109e-05, 7.82310689829e-06, 5.51917310077e-06, 6.34131356492e-06, 6.68477241561e-06, 8.92883417691e-06, 5.740659617e-06, 2.74999183603e-06, 1.48452943449e-06, 9.56876533564e-07, 6.65491086238e-07, 9.00263842141e-07, 1.15765124065e-06, 1.04247942545e-06, 8.275029586e-07, 7.84285930422e-07, 8.66554955792e-07, 8.28839006317e-07], "median": [0.000630825874396, 0.00162776326761, 0.00110655324534, 0.000387024832889, 0.00014256646682, 0.000141055439599, 0.000138051284011, 0.000137107461342, 0.000246368523221, 0.000209638077649, 0.000286520866212, 0.000192092309589, 0.0001095349362, 0.000127349310787, 6.55454132357e-05, 3.56632335752e-05, 3.75581803382e-05, 2.21470036195e-05, 1.07646492324e-05, 1.26860695673e-05, 1.08092517621e-05, 5.09790834258e-06, 3.28515875481e-06, 2.8950628348e-06, 2.38740949499e-06, 2.4287423912e-06, 2.52358358921e-06, 3.15072179546e-06, 2.1884322905e-06, 1.08231768081e-06, 4.19083960423e-07, 2.79063300468e-07, 1.76872006818e-07, 2.74453043403e-07, 4.2509185505e-07, 4.57515341168e-07, 4.47188796215e-07, 3.51751282324e-07, 3.87396141832e-07, 3.86707256439e-07], "min": [4.27119468016e-25, 6.21109189992e-25, 6.34245587747e-24, 3.11479066021e-24, 1.02723376596e-23, 3.05873144327e-24, 1.21344525039e-23, 5.30247293599e-24, 7.97436217691e-24, 7.56454262576e-24, 4.70831434066e-24, 8.24350574056e-24, 8.54186082352e-24, 7.34101099966e-24, 1.10820592026e-23, 5.28594708889e-24, 3.48895665667e-24, 4.2567171104e-24, 8.14916034287e-24, 5.8634398143e-24, 5.44681752113e-24, 1.14320649534e-23, 6.7066429807e-24, 1.18124292272e-23, 9.12557529489e-24, 5.87571054568e-24, 9.98788940558e-24, 8.98645257451e-24, 9.24572985481e-24, 8.63204261334e-24, 1.01768492025e-23, 8.75250640674e-24, 7.97962782345e-24, 9.79329793065e-24, 9.94115334125e-24, 9.01408400544e-24, 5.71565540118e-24, 9.73144255821e-24, 1.12135946588e-23, 9.01176475438e-24], "var": [1.54473127623e-05, 1.33327894218e-05, 1.66919710409e-06, 7.14911720934e-07, 1.97326286866e-07, 1.63092408911e-07, 1.79536471023e-07, 6.37070201037e-08, 2.02163079166e-07, 5.39307336567e-07, 8.75400303357e-07, 1.58418151841e-06, 4.21970810294e-07, 1.93654656755e-07, 3.96302510808e-08, 1.43219258675e-08, 4.23694901386e-09, 3.03586156214e-09, 7.82824194356e-10, 8.73464023332e-10, 1.09699793693e-09, 4.32269581241e-10, 3.83935050419e-10, 1.54626034199e-10, 6.7140230875e-11, 1.27930832594e-10, 9.19011602929e-11, 1.55292528836e-10, 7.23044610296e-11, 2.32968991321e-11, 6.7234069874e-12, 2.79278813617e-12, 3.31053500585e-12, 5.67087956455e-12, 8.36589738457e-12, 4.49217919807e-12, 2.13147403373e-12, 1.50913515625e-12, 1.9661904483e-12, 1.44536888968e-12]}, "mfcc": {"mean": [-637.531921387, 151.369476318, -5.11948013306, -0.647857606411, -0.94799977541, -0.440587639809, 19.0820941925, 3.80250477791, 7.28163480759, 8.20318889618, -8.58394813538, 2.93275666237, -1.27822208405], "cov": [[5143.67236328, -709.800048828, 620.673461914, 163.798782349, 1.12188398838, 87.0199737549, 190.295455933, 129.832061768, -7.76568174362, 52.8002891541, -48.2292442322, -9.80593395233, -43.0677833557], [-709.800048828, 1536.5559082, -549.86529541, 47.448677063, 102.224060059, -74.2906112671, 138.548019409, -58.5981369019, 59.3022880554, 97.3614196777, -20.9055519104, 34.1766700745, 20.8062210083], [620.673461914, -549.86529541, 940.454956055, -41.7745475769, 106.277839661, 178.970825195, -39.789188385, 107.721549988, 48.2400169373, -24.9307479858, 71.8909835815, 4.15096473694, -10.4048395157], [163.798782349, 47.448677063, -41.7745475769, 293.815673828, 65.2142333984, -44.6380767822, 68.7053756714, 64.1708297729, -1.485501647, 20.5759277344, -33.0787010193, 38.2220649719, -4.93412637711], [1.12188398838, 102.224060059, 106.277839661, 65.2142333984, 226.976150513, 24.3651428223, 63.9632911682, 64.5481872559, 51.0594444275, 47.7948303223, 9.68288326263, 25.0051898956, 1.78615558147], [87.0199737549, -74.2906112671, 178.970825195, -44.6380767822, 24.3651428223, 224.515930176, -20.7240486145, 21.1565685272, 49.8588371277, -14.4294595718, 55.0474281311, -34.4731903076, -4.18125677109], [190.295455933, 138.548019409, -39.789188385, 68.7053756714, 63.9632911682, -20.7240486145, 209.26411438, 48.0802078247, 18.9169960022, 80.1674957275, -10.7474250793, 14.9162473679, 13.8897857666], [129.832061768, -58.5981369019, 107.721549988, 64.1708297729, 64.5481872559, 21.1565685272, 48.0802078247, 136.682647705, 28.0127849579, 19.6967773438, 7.37362146378, 15.7874975204, 14.2391614914], [-7.76568174362, 59.3022880554, 48.2400169373, -1.485501647, 51.0594444275, 49.8588371277, 18.9169960022, 28.0127849579, 110.847686768, 27.5624465942, 24.7733726501, 1.00550734997, 3.20492601395], [52.8002891541, 97.3614196777, -24.9307479858, 20.5759277344, 47.7948303223, -14.4294595718, 80.1674957275, 19.6967773438, 27.5624465942, 117.185646057, 7.26753997803, 6.95210456848, 11.9363536835], [-48.2292442322, -20.9055519104, 71.8909835815, -33.0787010193, 9.68288326263, 55.0474281311, -10.7474250793, 7.37362146378, 24.7733726501, 7.26753997803, 79.2461547852, 10.767244339, 6.52562952042], [-9.80593395233, 34.1766700745, 4.15096473694, 38.2220649719, 25.0051898956, -34.4731903076, 14.9162473679, 15.7874975204, 1.00550734997, 6.95210456848, 10.767244339, 89.0325164795, 25.8539905548], [-43.0677833557, 20.8062210083, -10.4048395157, -4.93412637711, 1.78615558147, -4.18125677109, 13.8897857666, 14.2391614914, 3.20492601395, 11.9363536835, 6.52562952042, 25.8539905548, 64.0991668701]], "icov": [[0.000244628026849, 7.92449282017e-05, -0.000154898123583, -0.000106908664748, 0.000171355146449, -9.41173930187e-05, -0.000280732725514, -6.48536297376e-06, 1.66410354723e-05, -0.000113434143714, 0.000271876167972, -6.14931996097e-05, 0.000174043030711], [7.92449282017e-05, 0.00102266226895, 0.000575586687773, 3.53105860995e-05, -0.000552772136871, -0.000152515029185, -0.000463635544293, 0.000502291426528, -0.000482792587718, -0.000201825605473, 8.89153016033e-05, -0.000329843169311, -2.50527182288e-06], [-0.000154898123583, 0.000575586687773, 0.00198494596407, 0.000468976184493, -0.00101717782672, -0.000922685430851, 0.000299855106277, -0.000836509047076, -5.23537055415e-05, 0.000210878526559, -0.000623700791039, -0.000565238529816, 0.000411232002079], [-0.000106908664748, 3.53105860995e-05, 0.000468976184493, 0.00478558801115, -0.000842571491376, 8.96058045328e-05, -0.000661965052132, -0.00200149952434, 0.000350162212271, 0.000196606633835, 0.00167386804242, -0.00204471917823, 0.00157879234757], [0.000171355146449, -0.000552772136871, -0.00101717782672, -0.000842571491376, 0.00682762777433, -0.000369611399947, -0.000699274882209, -0.00160475808661, -0.00152144953609, -0.00149556633551, 0.000700860226061, -0.00130916468333, 0.00116949912626], [-9.41173930187e-05, -0.000152515029185, -0.000922685430851, 8.96058045328e-05, -0.000369611399947, 0.00742777390406, -9.00196664588e-06, -0.000179222071893, -0.00212591607124, 0.00169249752071, -0.00424561230466, 0.00373319792561, -0.000902436499018], [-0.000280732725514, -0.000463635544293, 0.000299855106277, -0.000661965052132, -0.000699274882209, -9.00196664588e-06, 0.00788843538612, -0.00175260403194, 0.000397917465307, -0.00420227181166, 0.000796307926066, 2.0758356186e-05, -0.000668348628096], [-6.48536297376e-06, 0.000502291426528, -0.000836509047076, -0.00200149952434, -0.00160475808661, -0.000179222071893, -0.00175260403194, 0.0110662691295, -0.00157217634842, 0.000363862374797, -0.000251449353527, 0.000173630614881, -0.0025363243185], [1.66410354723e-05, -0.000482792587718, -5.23537055415e-05, 0.000350162212271, -0.00152144953609, -0.00212591607124, 0.000397917465307, -0.00157217634842, 0.012194252573, -0.00212243781425, -0.00170369411353, -1.15581235605e-06, 0.00031252935878], [-0.000113434143714, -0.000201825605473, 0.000210878526559, 0.000196606633835, -0.00149556633551, 0.00169249752071, -0.00420227181166, 0.000363862374797, -0.00212243781425, 0.0131269441918, -0.00243034795858, 0.00146038015373, -0.00165944348555], [0.000271876167972, 8.89153016033e-05, -0.000623700791039, 0.00167386804242, 0.000700860226061, -0.00424561230466, 0.000796307926066, -0.000251449353527, -0.00170369411353, -0.00243034795858, 0.0184390842915, -0.00474353507161, 0.000342080951668], [-6.14931996097e-05, -0.000329843169311, -0.000565238529816, -0.00204471917823, -0.00130916468333, 0.00373319792561, 2.0758356186e-05, 0.000173630614881, -1.15581235605e-06, 0.00146038015373, -0.00474353507161, 0.0163302831352, -0.00632215524092], [0.000174043030711, -2.50527182288e-06, 0.000411232002079, 0.00157879234757, 0.00116949912626, -0.000902436499018, -0.000668348628096, -0.0025363243185, 0.00031252935878, -0.00165944348555, 0.000342080951668, -0.00632215524092, 0.0193322226405]]}, "spectral_contrast_coeffs": {"dmean": [0.0461288541555, 0.0403799898922, 0.0371371395886, 0.0292217247188, 0.0217392221093, 0.0161277018487], "dmean2": [0.0753263905644, 0.066616229713, 0.0590231157839, 0.0456306450069, 0.0329569093883, 0.0259738825262], "dvar": [0.00172762630973, 0.00113508419599, 0.00097585277399, 0.000638179888483, 0.000418240844738, 0.000239419256104], "dvar2": [0.00437500607222, 0.00305129843764, 0.00243237055838, 0.00142215332016, 0.000836644147057, 0.000559728243388], "max": [-0.338091790676, -0.463782727718, -0.362645417452, -0.488560467958, -0.57173037529, -0.613148450851], "mean": [-0.625248849392, -0.733758151531, -0.723874032497, -0.745093464851, -0.784348368645, -0.794516742229], "median": [-0.622866690159, -0.737101316452, -0.732458233833, -0.749935209751, -0.800720512867, -0.799862444401], "min": [-0.971517384052, -0.965864181519, -0.969892978668, -0.962684750557, -0.95760089159, -0.960337221622], "var": [0.00535979634151, 0.00360669498332, 0.00465073529631, 0.00305402744561, 0.00301548512653, 0.00190556666348]}, "spectral_contrast_valleys": {"dmean": [0.365129143, 0.312416672707, 0.265296071768, 0.281507730484, 0.247458487749, 0.300522208214], "dmean2": [0.58125692606, 0.506290256977, 0.422391831875, 0.412939757109, 0.348813831806, 0.383823543787], "dvar": [0.111534275115, 0.0846734270453, 0.0626690238714, 0.0771944224834, 0.0789881125093, 0.145057916641], "dvar2": [0.245396986604, 0.189875170588, 0.127760723233, 0.13658554852, 0.122266344726, 0.249462455511], "max"