{"lowlevel": {"average_loudness": 0.514643907547, "barkbands_crest": {"dmean": 2.11980390549, "dmean2": 3.19030547142, "dvar": 4.51633405685, "dvar2": 11.0573892593, "max": 26.9993438721, "mean": 15.8848075867, "median": 14.9501552582, "min": 4.78946399689, "var": 28.6923370361}, "barkbands_flatness_db": {"dmean": 0.0385717302561, "dmean2": 0.0623760819435, "dvar": 0.00162066693883, "dvar2": 0.00385116855614, "max": 0.818814635277, "mean": 0.506372988224, "median": 0.494848102331, "min": 0.0597844533622, "var": 0.0104411570355}, "barkbands_kurtosis": {"dmean": 488.632446289, "dmean2": 721.399780273, "dvar": 19968638, "dvar2": 43781516, "max": 174564.34375, "mean": 644.153869629, "median": 2.48561811447, "min": -1.9730758667, "var": 39303016}, "barkbands_skewness": {"dmean": 1.68445205688, "dmean2": 2.45117688179, "dvar": 56.3642730713, "dvar2": 138.660903931, "max": 202.280456543, "mean": -0.107385389507, "median": 0.452063322067, "min": -161.989074707, "var": 108.869621277}, "barkbands_spread": {"dmean": 0.823339402676, "dmean2": 1.24075686932, "dvar": 6.96599721909, "dvar2": 14.5164613724, "max": 121.198677063, "mean": 3.66631364822, "median": 1.74440288544, "min": 0.000627174274996, "var": 95.1571044922}, "dissonance": {"dmean": 0.0854561552405, "dmean2": 0.149132266641, "dvar": 0.00796379894018, "dvar2": 0.0224921107292, "max": 0.500000119209, "mean": 0.292945146561, "median": 0.292745679617, "min": 0.0125287258998, "var": 0.0139923393726}, "dynamic_complexity": 7.31225347519, "erbbands_crest": {"dmean": 2.60334515572, "dmean2": 4.0010843277, "dvar": 7.15191602707, "dvar2": 18.0008144379, "max": 35.1815872192, "mean": 18.8585586548, "median": 17.5697803497, "min": 2.53426814079, "var": 53.3387451172}, "erbbands_flatness_db": {"dmean": 0.0288791749626, "dmean2": 0.0465558953583, "dvar": 0.00102906371467, "dvar2": 0.00242163613439, "max": 0.811196744442, "mean": 0.513504683971, "median": 0.51267939806, "min": 0.0749434679747, "var": 0.00920607335865}, "erbbands_kurtosis": {"dmean": 4.44230937958, "dmean2": 6.87923526764, "dvar": 151.597991943, "dvar2": 387.21887207, "max": 337.583404541, "mean": 9.3281545639, "median": 1.55152463913, "min": -1.96517241001, "var": 559.108154297}, "erbbands_skewness": {"dmean": 0.520992100239, "dmean2": 0.762493908405, "dvar": 0.469675630331, "dvar2": 1.13600766659, "max": 15.2599191666, "mean": 0.10364484787, "median": 0.14729309082, "min": -10.3599805832, "var": 4.11661100388}, "erbbands_spread": {"dmean": 1.33174455166, "dmean2": 1.9619654417, "dvar": 6.62150621414, "dvar2": 16.2665462494, "max": 128.63861084, "mean": 5.75308132172, "median": 3.8809273243, "min": 0.136042863131, "var": 42.882648468}, "hfc": {"dmean": 1.52086389065, "dmean2": 2.09485411644, "dvar": 5.48926591873, "dvar2": 12.7951049805, "max": 49.3711509705, "mean": 7.74716377258, "median": 4.90461349487, "min": 1.12283441877e-16, "var": 61.6319351196}, "melbands_crest": {"dmean": 2.39496684074, "dmean2": 3.67770314217, "dvar": 6.2588891983, "dvar2": 16.0543270111, "max": 37.2881851196, "mean": 17.6891479492, "median": 16.9048118591, "min": 1.79184520245, "var": 34.3879776001}, "melbands_flatness_db": {"dmean": 0.0429489687085, "dmean2": 0.0699077770114, "dvar": 0.00182456569746, "dvar2": 0.00443293666467, "max": 0.901463508606, "mean": 0.610242247581, "median": 0.605031013489, "min": 0.00379443378188, "var": 0.0108869913965}, "melbands_kurtosis": {"dmean": 4.57111787796, "dmean2": 6.86563491821, "dvar": 123.538978577, "dvar2": 287.572357178, "max": 338.420776367, "mean": 11.9194068909, "median": 1.9033446312, "min": -1.95258522034, "var": 833.003051758}, "melbands_skewness": {"dmean": 0.564461708069, "dmean2": 0.811857104301, "dvar": 0.551145851612, "dvar2": 1.23154211044, "max": 10.3491382599, "mean": 0.441857904196, "median": 0.479517936707, "min": -14.6518936157, "var": 5.43871116638}, "melbands_spread": {"dmean": 1.27572643757, "dmean2": 1.86568057537, "dvar": 14.7676334381, "dvar2": 29.9484519958, "max": 209.766372681, "mean": 6.0016169548, "median": 3.19651651382, "min": 0.13877479732, "var": 270.870910645}, "pitch_salience": {"dmean": 0.0607532151043, "dmean2": 0.0974371880293, "dvar": 0.00475931214169, "dvar2": 0.0124442940578, "max": 0.956986069679, "mean": 0.464320540428, "median": 0.476652026176, "min": 0.00495226960629, "var": 0.032493378967}, "silence_rate_20dB": {"dmean": 0, "dmean2": 0, "dvar": 0, "dvar2": 0, "max": 1, "mean": 1, "median": 1, "min": 1, "var": 0}, "silence_rate_30dB": {"dmean": 0.000302206113702, "dmean2": 0.000604503555223, "dvar": 0.000302135216771, "dvar2": 0.000604219618253, "max": 1, "mean": 0.999395668507, "median": 1, "min": 0, "var": 0.000604037370067}, "silence_rate_60dB": {"dmean": 0.0329404659569, "dmean2": 0.0658908858895, "dvar": 0.0318539664149, "dvar2": 0.0703115835786, "max": 1, "mean": 0.261066615582, "median": 0, "min": 0, "var": 0.192902132869}, "spectral_centroid": {"dmean": 40.75050354, "dmean2": 54.7278823853, "dvar": 23443.5449219, "dvar2": 40904.0898438, "max": 11367.125, "mean": 631.689208984, "median": 493.966644287, "min": 164.693847656, "var": 314384.125}, "spectral_complexity": {"dmean": 0.691447556019, "dmean2": 1.20205533504, "dvar": 0.675118744373, "dvar2": 1.67190778255, "max": 16, "mean": 5.36168622971, "median": 6, "min": 0, "var": 10.7869119644}, "spectral_decrease": {"dmean": 7.42064520942e-10, "dmean2": 1.04616770802e-09, "dvar": 1.6967200069e-18, "dvar2": 4.16461367465e-18, "max": 3.05670129634e-16, "mean": -4.11887723928e-09, "median": -2.34240604691e-09, "min": -3.22003543829e-08, "var": 2.24109002889e-17}, "spectral_energy": {"dmean": 0.00293183093891, "dmean2": 0.00413198908791, "dvar": 2.60237338807e-05, "dvar2": 6.39487334411e-05, "max": 0.126009210944, "mean": 0.0162482690066, "median": 0.00930076278746, "min": 1.04450309301e-20, "var": 0.000343043822795}, "spectral_energyband_high": {"dmean": 4.22227195429e-08, "dmean2": 7.9424594901e-08, "dvar": 2.49424558698e-13, "dvar2": 7.47295508894e-13, "max": 2.52765894402e-05, "mean": 3.52580258323e-08, "median": 1.08010560496e-08, "min": 7.31751838742e-21, "var": 1.2690238129e-13}, "spectral_energyband_low": {"dmean": 5.3032013966e-05, "dmean2": 8.50212891237e-05, "dvar": 1.45160727882e-08, "dvar2": 3.35106129512e-08, "max": 0.00474669039249, "mean": 0.000100170254882, "median": 2.27960899792e-05, "min": 5.04246264613e-23, "var": 6.814421738e-08}, "spectral_energyband_middle_high": {"dmean": 0.000491743441671, "dmean2": 0.000595819437876, "dvar": 9.93293838292e-07, "dvar2": 1.56178487032e-06, "max": 0.0384210832417, "mean": 0.00154971342999, "median": 0.000412755762227, "min": 1.24930596468e-21, "var": 7.68769768911e-06}, "spectral_energyband_middle_low": {"dmean": 0.00273570534773, "dmean2": 0.00388033641502, "dvar": 2.64488007815e-05, "dvar2": 6.49884750601e-05, "max": 0.125941202044, "mean": 0.0147334001958, "median": 0.00757649354637, "min": 2.93323071778e-22, "var": 0.000335735210683}, "spectral_entropy": {"dmean": 0.273393660784, "dmean2": 0.44520893693, "dvar": 0.145786345005, "dvar2": 0.359713643789, "max": 9.80490112305, "mean": 4.66209554672, "median": 4.83122301102, "min": 2.17925310135, "var": 0.76878041029}, "spectral_flux": {"dmean": 0.0117812491953, "dmean2": 0.0196876451373, "dvar": 0.000294438999845, "dvar2": 0.000760043796618, "max": 0.267954736948, "mean": 0.0312914960086, "median": 0.0271050184965, "min": 6.41052905204e-11, "var": 0.000686010986101}, "spectral_kurtosis": {"dmean": 96.8070449829, "dmean2": 167.30090332, "dvar": 9164.1953125, "dvar2": 26756.625, "max": 1081.57507324, "mean": 252.792770386, "median": 243.417495728, "min": -1.22398400307, "var": 17050.1699219}, "spectral_rms": {"dmean": 0.000346594286384, "dmean2": 0.000467301113531, "dvar": 2.20902819592e-07, "dvar2": 4.5852792141e-07, "max": 0.0110876429826, "mean": 0.00330779212527, "median": 0.00301229394972, "min": 3.19222079326e-12, "var": 4.91043965667e-06}, "spectral_rolloff": {"dmean": 72.943939209, "dmean2": 128.284957886, "dvar": 210682.46875, "dvar2": 450723.0625, "max": 19035.3515625, "mean": 914.187316895, "median": 602.9296875, "min": 172.265625, "var": 3027931.25}, "spectral_skewness": {"dmean": 2.4318420887, "dmean2": 4.11997365952, "dvar": 5.00219392776, "dvar2": 13.9368991852, "max": 29.5392112732, "mean": 12.6682405472, "median": 13.1313362122, "min": -0.0497990436852, "var": 14.7792520523}, "spectral_spread": {"dmean": 422866.46875, "dmean2": 744166.6875, "dvar": 381390979072, "dvar2": 757964537856, "max": 41167124, "mean": 1151641.875, "median": 661158, "min": 119359.039062, "var": 5070304837630.0}, "spectral_strongpeak": {"dmean": 0.389383465052, "dmean2": 0.579848349094, "dvar": 0.293875187635, "dvar2": 0.652061581612, "max": 9.74892902374, "mean": 1.47141730785, "median": 1.2273247242, "min": 0, "var": 1.4504660368}, "zerocrossingrate": {"dmean": 0.0025154822506, "dmean2": 0.00285323895514, "dvar": 6.82206664351e-05, "dvar2": 6.34638781776e-05, "max": 0.83935546875, "mean": 0.0362975411117, "median": 0.0244140625, "min": 0.00634765625, "var": 0.00375728076324}, "barkbands": {"dmean": [5.77278683522e-07, 1.27467119455e-05, 3.15977558785e-05, 4.03967824241e-05, 0.000824748945888, 0.00112648867071, 0.000942381448112, 0.00102077017073, 0.000382270314731, 0.000154843452037, 4.7839126637e-05, 0.000200022361241, 7.59027680033e-05, 0.000107288207801, 2.29580255109e-05, 1.30866297354e-07, 7.39583896348e-08, 3.84216924942e-08, 2.27086118798e-08, 1.41834854972e-08, 1.1076457973e-08, 7.79280195928e-09, 5.3690007995e-09, 3.92536936289e-09, 3.04145308938e-09, 2.71699240884e-09, 1.79048442739e-09], "dmean2": [9.83283143796e-07, 2.22286689677e-05, 5.21616093465e-05, 6.54135001241e-05, 0.00104712310713, 0.00149359239731, 0.00153237301856, 0.00139014725573, 0.000504036783241, 0.000183474781807, 6.37733610347e-05, 0.000239991306444, 9.84581783996e-05, 0.000147143495269, 2.95280206046e-05, 2.35949556782e-07, 1.20607239751e-07, 6.73469955359e-08, 4.11347258478e-08, 2.64234909508e-08, 2.07862598245e-08, 1.46970124959e-08, 1.01728652169e-08, 7.42359951289e-09, 5.72319480696e-09, 5.09308195618e-09, 3.2970386421e-09], "dvar": [9.90721480548e-12, 1.18279419592e-09, 5.63764501749e-09, 8.47845438301e-09, 4.45391151516e-06, 6.45472755423e-06, 8.61128592078e-06, 5.15675628776e-06, 2.20273682316e-06, 1.87090805071e-07, 5.54688384113e-08, 4.43946106543e-07, 1.39739668725e-07, 2.50843527283e-07, 3.64362122696e-08, 3.15948303761e-13, 7.8122844836e-14, 5.6731410612e-14, 2.2177966996e-14, 1.84492127657e-14, 1.33965892375e-14, 7.51772149171e-15, 4.59726200386e-15, 3.02617576417e-15, 2.57154099413e-15, 2.15940631397e-15, 6.02491888404e-16], "dvar2": [2.71343694042e-11, 3.3616982531e-09, 1.38015812112e-08, 2.01728660443e-08, 7.81281141826e-06, 1.22550554806e-05, 2.83984063572e-05, 1.00003762782e-05, 4.01968372898e-06, 2.58939394371e-07, 8.09839235671e-08, 5.47924685179e-07, 2.49743862923e-07, 4.7705026418e-07, 5.66830706816e-08, 8.99465289576e-13, 2.0570784659e-13, 1.67572837659e-13, 6.53060301691e-14, 5.50317068662e-14, 3.99807343807e-14, 2.24879607259e-14, 1.37837527511e-14, 9.08346528284e-15, 7.72325149526e-15, 6.48688832413e-15, 1.81127026694e-15], "max": [0.000164564640727, 0.000920795253478, 0.00284214457497, 0.00249735638499, 0.0778971612453, 0.086571469903, 0.0711788162589, 0.0642285495996, 0.0521155595779, 0.0176783595234, 0.0152624929324, 0.0384120941162, 0.0136236818507, 0.0184169262648, 0.0142697021365, 1.24645566757e-05, 1.06764400698e-05, 1.13417481771e-05, 6.84470705892e-06, 6.46705348117e-06, 5.76208913117e-06, 4.2825622586e-06, 3.42558996635e-06, 2.84296220343e-06, 2.65034395852e-06, 2.42935993811e-06, 1.39470171234e-06], "mean": [6.50549907277e-07, 1.56725436682e-05, 5.00859714521e-05, 7.01906246832e-05, 0.00341924163513, 0.00483745476231, 0.00229651248083, 0.00273011508398, 0.00115473824553, 0.000499195535667, 0.000127327017253, 0.000585369707551, 0.000157955772011, 0.000246435345616, 5.700251495e-05, 1.30686771627e-07, 1.02954508918e-07, 4.75321400017e-08, 2.44271056715e-08, 1.08309050617e-08, 8.00267763168e-09, 5.61612978345e-09, 3.89194232397e-09, 3.02943248265e-09, 2.71234679161e-09, 3.12350501019e-09, 3.78393982814e-09], "median": [9.90651898292e-08, 2.97468977806e-06, 8.68968709256e-06, 1.04864548121e-05, 0.0004155653005, 0.000943113700487, 0.000386502273614, 0.000292589480523, 0.000152589491336, 2.49675249506e-05, 3.86669080399e-06, 2.41759462369e-05, 6.64507922465e-07, 4.05494205324e-07, 9.35611410569e-08, 3.19584643194e-08, 2.19938183221e-08, 1.17452252368e-08, 4.97594987436e-09, 2.21255125332e-09, 1.52429047162e-09, 1.1077074813e-09, 8.09053268824e-10, 7.65259744462e-10, 9.77820158177e-10, 1.64391100732e-09, 3.02889158199e-09], "min": [1.38293832676e-23, 7.4114460233e-24, 1.14258865948e-23, 8.70666254409e-24, 2.1077079122e-23, 3.72057536923e-23, 2.5676049847e-23, 1.02855053259e-23, 5.96321983253e-23, 1.27465391466e-23, 4.11641819841e-23, 5.23114018863e-23, 3.76422777628e-23, 7.26831068304e-23, 1.23269146855e-22, 9.26825798677e-23, 1.77191336445e-22, 1.09965720818e-22, 1.54404514907e-22, 2.93854297022e-22, 4.18181173822e-22, 3.62834743199e-22, 4.66010959087e-22, 7.89031602099e-22, 1.09603935323e-21, 1.41117123573e-21, 2.06542697454e-21], "var": [6.86420364993e-12, 1.51849288699e-09, 2.10267057099e-08, 3.71892490136e-08, 5.7038385421e-05, 8.74539837241e-05, 4.10466855101e-05, 2.44483508141e-05, 1.37055394589e-05, 2.05433912015e-06, 5.14503255999e-07, 3.97788744522e-06, 4.55306604863e-07, 1.07166943053e-06, 2.18311839717e-07, 2.56858417999e-13, 9.70945871447e-14, 3.35145729528e-14, 1.39876284993e-14, 9.51864794125e-15, 6.88071163428e-15, 3.83711515524e-15, 2.33149016281e-15, 1.53064623981e-15, 1.29867557341e-15, 1.09018434268e-15, 3.04722564464e-16]}, "erbbands": {"dmean": [0.000211987498915, 0.00366651918739, 0.0274349022657, 0.0934416726232, 0.929116785526, 3.06376051903, 7.28161382675, 9.40615940094, 16.8359165192, 8.53184509277, 21.8798465729, 9.41224575043, 6.26865673065, 2.98249387741, 2.89962172508, 9.00479316711, 3.73827505112, 6.50475215912, 1.94130182266, 0.184053331614, 0.0119060473517, 0.00395327992737, 0.00233582616784, 0.00152226863429, 0.000938080833293, 0.000670677633025, 0.000513522652909, 0.000390770146623, 0.000291820877464, 0.000207943128771, 0.000144361940329, 9.46226136875e-05, 5.94865668972e-05, 3.623198063e-05, 2.09034587897e-05, 1.13968735604e-05, 5.38168114872e-06, 1.73390731106e-06, 1.51141068727e-06, 3.30497391587e-06], "dmean2": [0.000368809327483, 0.00635137688369, 0.0455701798201, 0.144861474633, 1.37872576714, 3.97314763069, 9.15560626984, 12.8972225189, 27.6391468048, 11.687081337, 30.0244159698, 12.624830246, 8.09792995453, 3.10984492302, 3.34081554413, 11.0897808075, 4.71014738083, 8.93399238586, 2.57184243202, 0.25091779232, 0.0179435014725, 0.00651342794299, 0.00407483568415, 0.00266929483041, 0.00172474596184, 0.0012490937952, 0.000960690900683, 0.000733926892281, 0.000550252909306, 0.000392543064663, 0.000272977689747, 0.000178857066203, 0.000112016052299, 6.78620199324e-05, 3.88730841223e-05, 2.09807803913e-05, 9.84023972705e-06, 3.18855995829e-06, 2.18518221118e-06, 4.65198036181e-06], "dvar": [5.59834575142e-07, 8.43020607135e-05, 0.00378779228777, 0.0429681241512, 4.84210395813, 59.7106971741, 305.356140137, 534.760131836, 3146.14599609, 314.57144165, 2166.56762695, 1489.07617188, 343.002502441, 103.21231842, 111.118026733, 878.162902832, 302.221130371, 893.645874023, 154.10710144, 1.69353747368, 0.00241517066024, 0.000233593425946, 0.000191999439267, 7.28649320081e-05, 6.47141641821e-05, 4.02150399168e-05, 2.57270748989e-05, 1.64777011378e-05, 1.12779789561e-05, 5.75532021685e-06, 3.17307080877e-06, 1.60455067544e-06, 7.54381346724e-07, 3.36242663934e-07, 1.1695340163e-07, 3.51147839694e-08, 7.51925277598e-09, 7.7718470548e-10, 2.19582789451e-11, 3.21581858365e-11], "dvar2": [1.64955440596e-06, 0.000234605569858, 0.00965475291014, 0.0932877883315, 10.1199741364, 109.934043884, 494.096374512, 1117.72875977, 10374.8349609, 606.960754395, 4400.52099609, 2899.82373047, 591.790405273, 79.751701355, 114.048820496, 1250.43127441, 519.862670898, 1720.56811523, 248.275726318, 2.98881316185, 0.0053272373043, 0.000657740805764, 0.000567036331631, 0.000213093662751, 0.000192462539417, 0.000119956799608, 7.67011442804e-05, 4.92177496199e-05, 3.37282508553e-05, 1.72364107129e-05, 9.51801939664e-06, 4.8146903282e-06, 2.26513793677e-06, 1.00967179151e-06, 3.51379014774e-07, 1.05512810933e-07, 2.25892939909e-08, 2.33537300609e-09, 6.30228855214e-11, 7.8978636131e-11], "max": [0.032318931073, 0.18938241899, 1.71193659306, 8.47034740448, 87.0492095947, 261.50881958, 423.739532471, 760.658935547, 1312.0925293, 441.24118042, 1170.18371582, 1433.39123535, 658.075622559, 646.718017578, 799.331665039, 1241.77954102, 668.651062012, 1192.61865234, 882.033081055, 95.2684402466, 2.90653395653, 0.632262289524, 0.679650723934, 0.346732288599, 0.408831894398, 0.298436194658, 0.250891238451, 0.193545356393, 0.170977979898, 0.116898946464, 0.0889558941126, 0.0651150047779, 0.0450236611068, 0.030510192737, 0.0177912320942, 0.00983234867454, 0.00455873925239, 0.0014922816772, 0.000261801207671, 0.000140447344165], "mean": [0.000250859040534, 0.00498813902959, 0.0454376935959, 0.216859355569, 3.07311701775, 12.7139835358, 28.8495826721, 39.2922401428, 43.870716095, 28.2654495239, 59.4716300964, 31.1064739227, 18.2245349884, 10.6410484314, 9.45797729492, 25.4095401764, 8.7645149231, 14.8007917404, 4.92873382568, 0.445284575224, 0.0237143542618, 0.00626202812418, 0.00325928046368, 0.00193734408822, 0.000934650481213, 0.000529149081558, 0.00038848631084, 0.000290172494715, 0.00021776460926, 0.000159461473231, 0.000114174501505, 8.04544033599e-05, 5.71174132347e-05, 4.08949126722e-05, 2.85956521111e-05, 1.92136885744e-05, 1.08781878225e-05, 3.37931692229e-06, 8.36076924315e-06, 1.83241227205e-05], "median": [6.08576810919e-05, 0.001025601523, 0.00913791172206, 0.0492939576507, 0.421175301075, 1.71037971973, 5.33201932907, 6.88191556931, 8.74431037903, 5.91806125641, 8.79216194153, 6.17036628723, 2.76475214958, 0.946094632149, 1.07877802849, 1.27101707458, 0.20789295435, 0.0559944435954, 0.0184555444866, 0.00624326011166, 0.00352146988735, 0.00181381998118, 0.001060248469, 0.00047344021732, 0.000233536993619, 0.000132393732201, 9.19339145184e-05, 6.42583836452e-05, 5.09055062139e-05, 4.09082131227e-05, 3.20081853715e-05, 2.64112131845e-05, 2.26356114581e-05, 1.92854149645e-05, 1.54161498358e-05, 1.14770755317e-05, 6.95891003488e-06, 2.42561236519e-06, 5.06923515786e-06, 1.05713015728e-05], "min": [2.51711302738e-22, 1.17754047348e-21, 8.58126053192e-21, 3.04052561558e-20, 3.23702721685e-20, 5.54889169266e-20, 1.95617539069e-19, 2.84080369678e-19, 4.16017667784e-19, 3.43887595918e-19, 3.9729738145e-19, 1.10275397247e-18, 5.50463727139e-19, 1.20786308912e-18, 2.01551924069e-18, 2.17491632434e-18, 2.2703402934e-18, 2.75904087404e-18, 5.46343075219e-18, 5.72107600631e-18, 6.71471803174e-18, 9.97482542299e-18, 7.07572363929e-18, 7.6940188133e-18, 8.27659219255e-18, 1.35580800195e-17, 1.42477426824e-17, 1.33330852385e-17, 1.0140130851e-17, 1.64771962653e-17, 1.28945016701e-17, 1.61851800024e-17, 1.38138723891e-17, 1.10023500071e-17, 8.62015835126e-18, 4.6978866758e-18, 2.82044249091e-18, 1.19738033262e-18, 2.85823006585e-19, 2.70834797616e-20], "var": [4.37584731117e-07, 0.000131103341118, 0.0118178846315, 0.271570324898, 59.3242034912, 767.33190918, 3718.4140625, 6590.19238281, 16126.9667969, 2163.5378418, 10006.5517578, 8923.72363281, 1939.05908203, 1653.05993652, 1217.44909668, 6791.25195312, 1077.08398438, 3602.53564453, 929.374328613, 9.96398639679, 0.0107634011656, 0.000275993807008, 0.000117136376502, 5.07609183842e-05, 3.56310702045e-05, 2.0763853172e-05, 1.32563591251e-05, 8.45846807351e-06, 5.75593276153e-06, 2.93088055514e-06, 1.61105731422e-06, 8.13666190425e-07, 3.82576018865e-07, 1.70694562485e-07, 5.95763154365e-08, 1.79844246162e-08, 3.87654575107e-09, 3.96045918283e-10, 8.6887635975e-11, 4.26119833863e-10]}, "gfcc": {"mean": [-345.011810303, 202.655578613, -74.6905441284, -92.8213195801, -59.1817169189, -22.8167228699, -35.3246803284, -30.8033237457, -23.8869476318, -9.55694580078, 0.165278464556, -5.03808498383, -5.40666151047], "cov": [[19778.6542969, 8232.53125, -645.650146484, -1580.66455078, -2179.97485352, -1846.58728027, 753.156799316, 736.798522949, 967.41003418, -762.508178711, -186.567108154, -857.790649414, -74.510848999], [8232.53125, 5135.70361328, 1402.28991699, -582.602111816, -1646.51916504, -1316.20666504, 440.828674316, 592.904052734, 382.236480713, -535.70904541, -237.98147583, -377.001464844, -52.9913825989], [-645.650146484, 1402.28991699, 3210.88647461, 1204.67895508, -1091.37988281, -965.887023926, -42.4204406738, 292.480743408, 34.2916641235, -139.522094727, -204.919921875, 6.71757125854, 111.23664856], [-1580.66455078, -582.602111816, 1204.67895508, 1315.86889648, 184.919342041, -222.470550537, -370.908966064, -161.032577515, 32.358001709, 188.99446106, -35.8198738098, -12.0517854691, 53.8716049194], [-2179.97485352, -1646.51916504, -1091.37988281, 184.919342041, 1519.28417969, 887.838562012, -522.74005127, -794.889892578, -299.914428711, 307.46887207, 251.875152588, 91.7927627563, -46.4774055481], [-1846.58728027, -1316.20666504, -965.887023926, -222.470550537, 887.838562012, 892.854064941, -28.3189487457, -470.063873291, -412.971038818, 37.0707550049, 178.485794067, 209.773895264, 12.8420343399], [753.156799316, 440.828674316, -42.4204406738, -370.908966064, -522.74005127, -28.3189487457, 564.703552246, 419.983032227, -33.8964653015, -320.411865234, -119.328765869, 53.4379196167, 47.9412117004], [736.798522949, 592.904052734, 292.480743408, -161.032577515, -794.889892578, -470.063873291, 419.983032227, 723.082885742, 345.818359375, -154.826293945, -249.72354126, -140.423782349, -33.5432472229], [967.41003418, 382.236480713, 34.2916641235, 32.358001709, -299.914428711, -412.971038818, -33.8964653015, 345.818359375, 480.384002686, 179.114257812, -113.79750061, -266.851837158, -114.146438599], [-762.508178711, -535.70904541, -139.522094727, 188.99446106, 307.46887207, 37.0707550049, -320.411865234, -154.826293945, 179.114257812, 366.976928711, 110.185424805, -103.682312012, -140.73739624], [-186.567108154, -237.98147583, -204.919921875, -35.8198738098, 251.875152588, 178.485794067, -119.328765869, -249.72354126, -113.79750061, 110.185424805, 195.635559082, 96.7095413208, -40.6597976685], [-857.790649414, -377.001464844, 6.71757125854, -12.0517854691, 91.7927627563, 209.773895264, 53.4379196167, -140.423782349, -266.851837158, -103.682312012, 96.7095413208, 250.330307007, 125.118804932], [-74.510848999, -52.9913825989, 111.23664856, 53.8716049194, -46.4774055481, 12.8420343399, 47.9412117004, -33.5432472229, -114.146438599, -140.73739624, -40.6597976685, 125.118804932, 214.393814087]], "icov": [[0.000989477382973, -0.00153204472736, 0.00158119027037, -0.0017334476579, 0.00238218321465, -0.00213413219899, 0.00142334762495, 0.000724907498807, -0.00270979478955, 0.00433221505955, -0.00511925015599, 0.00371803995222, -0.0017197849229], [-0.00153204472736, 0.0035439832136, -0.00317820720375, 0.00359448418021, -0.00369606981985, 0.00432144990191, -0.00295741460286, 0.00153186544776, 0.00122894125525, -0.00277806119993, 0.00646595051512, -0.00460454262793, 0.00367429549806], [0.00158119027037, -0.00317820720375, 0.00438063545153, -0.00440239952877, 0.00480795372277, -0.00270159356296, 0.00242761871777, 9.52217160375e-05, -0.000429109233664, 0.00318887806498, -0.00563726015389, 0.00472233397886, -0.00268668169156], [-0.0017334476579, 0.00359448418021, -0.00440239952877, 0.00652619078755, -0.00738870585337, 0.00860053487122, -0.00708375545219, 0.00294073089026, 0.00328335165977, -0.00937436986715, 0.0126998694614, -0.00868204422295, 0.00392715027556], [0.00238218321465, -0.00369606981985, 0.00480795372277, -0.00738870585337, 0.0165205616504, -0.0199045855552, 0.0181412547827, -0.00303219095804, -0.0113375009969, 0.0228490866721, -0.0228915289044, 0.01597074233, -0.00517988530919], [-0.00213413219899, 0.00432144990191, -0.00270159356296, 0.00860053487122, -0.0199045855552, 0.0375221781433, -0.0354965627193, 0.0192729029804, 0.0152707938105, -0.0365395694971, 0.0413243845105, -0.0266326013952, 0.0114813372493], [0.00142334762495, -0.00295741460286, 0.00242761871777, -0.00708375545219, 0.0181412547827, -0.0354965627193, 0.0471746847034, -0.0337054021657, -0.00259097479284, 0.0383712463081, -0.0487517341971, 0.0332579016685, -0.0143249882385], [0.000724907498807, 0.00153186544776, 9.52217160375e-05, 0.00294073089026, -0.00303219095804, 0.0192729029804, -0.0337054021657, 0.0509473830462, -0.0307790525258, -0.00346064008772, 0.0409277155995, -0.0362974368036, 0.0238244067878], [-0.00270979478955, 0.00122894125525, -0.000429109233664, 0.00328335165977, -0.0113375009969, 0.0152707938105, -0.00259097479284, -0.0307790525258, 0.057344917208, -0.0445498935878, 0.0068297390826, 0.0149011258036, -0.0149632394314], [0.00433221505955, -0.00277806119993, 0.00318887806498, -0.00937436986715, 0.0228490866721, -0.0365395694971, 0.0383712463081, -0.00346064008772, -0.0445498935878, 0.0786198526621, -0.0620264038444, 0.0330894775689, -0.00364336627536], [-0.00511925015599, 0.00646595051512, -0.00563726015389, 0.0126998694614, -0.0228915289044, 0.0413243845105, -0.0487517341971, 0.0409277155995, 0.0068297390826, -0.0620264038444, 0.102979212999, -0.0762950107455, 0.0363944992423], [0.00371803995222, -0.00460454262793, 0.00472233397886, -0.00868204422295, 0.01597074233, -0.0266326013952, 0.0332579016685, -0.0362974368036, 0.0149011258036, 0.0330894775689, -0.0762950107455, 0.0759780779481, -0.0373275652528], [-0.0017197849229, 0.00367429549806, -0.00268668169156, 0.00392715027556, -0.00517988530919, 0.0114813372493, -0.0143249882385, 0.0238244067878, -0.0149632394314, -0.00364336627536, 0.0363944992423, -0.0373275652528, 0.0288300644606]]}, "melbands": {"dmean": [2.62686307906e-06, 1.08955655378e-05, 2.5190620363e-05, 0.000148797858856, 0.000231220430578, 0.000229988116189, 0.000232895559748, 0.000128079074784, 0.000157376707648, 5.35959406989e-05, 3.16155746987e-05, 1.26457416627e-05, 8.22466063255e-06, 2.4421404305e-05, 1.2421840438e-05, 8.299512956e-06, 1.26166341943e-05, 2.88429964712e-06, 8.70539508924e-07, 1.27090329372e-08, 7.11486736193e-09, 4.03511446478e-09, 2.46200482223e-09, 1.85860538071e-09, 1.18093135271e-09, 7.67323482531e-10, 5.51811429883e-10, 4.18868217889e-10, 3.27326388216e-10, 2.70848121708e-10, 2.10802791889e-10, 1.71068298416e-10, 1.34084576775e-10, 1.08376502217e-10, 8.5471352218e-11, 6.9092932764e-11, 5.31191306219e-11, 4.29550284231e-11, 3.50632682611e-11, 2.87179186681e-11], "dmean2": [4.61450827061e-06, 1.81623945537e-05, 4.02934638259e-05, 0.000204875308555, 0.000288600684144, 0.000323378801113, 0.000380985467928, 0.00017074077914, 0.000216075306525, 7.10659660399e-05, 4.1138202505e-05, 1.315836289e-05, 1.00615015981e-05, 2.93502762361e-05, 1.54232056957e-05, 1.08604835987e-05, 1.74242850335e-05, 3.85071280107e-06, 1.15688487767e-06, 2.34671269084e-08, 1.17958611767e-08, 6.72617694875e-09, 4.35403402221e-09, 3.21211590659e-09, 2.07872941083e-09, 1.40746814203e-09, 1.02415931291e-09, 7.82482689754e-10, 6.11937833739e-10, 5.08660114029e-10, 3.96216864873e-10, 3.22814580622e-10, 2.53095489011e-10, 2.05058789393e-10, 1.61770569163e-10, 1.31058816577e-10, 1.00481997722e-10, 8.12409098327e-11, 6.60782054074e-11, 5.40717227937e-11], "dvar": [6.06970723682e-11, 5.93544491334e-10, 2.78867329229e-09, 1.215855292e-07, 3.25223282971e-07, 3.32168696104e-07, 5.46971648419e-07, 8.47151540029e-08, 1.09256347969e-07, 4.54113688875e-08, 8.87893847334e-09, 2.00603422762e-09, 1.33606081754e-09, 6.70175737127e-09, 1.84474091558e-09, 1.56000290463e-09, 3.49800410859e-09, 3.62236657336e-10, 4.80220932464e-11, 4.35235597969e-15, 5.46132168978e-16, 2.42745746049e-16, 2.17286582632e-16, 1.17583697605e-16, 4.22774922752e-17, 3.27234767908e-17, 3.30289678259e-17, 1.45924586222e-17, 9.20092434087e-18, 9.15515891912e-18, 4.47581018803e-18, 3.96149947523e-18, 2.2037774831e-18, 1.72190641578e-18, 1.08942002779e-18, 8.72881307421e-19, 4.95929725606e-19, 4.02561972458e-19, 2.94696276413e-19, 2.19296126941e-19], "dvar2": [1.76934703e-10, 1.52769241701e-09, 6.95270596651e-09, 2.17380247136e-07, 5.39845700587e-07, 7.80118398325e-07, 1.78450022759e-06, 1.56618199298e-07, 2.24457565423e-07, 8.52071764257e-08, 1.56182462518e-08, 1.50811096944e-09, 1.79231718356e-09, 8.00035326876e-09, 2.95663538097e-09, 2.86275358974e-09, 6.81171075101e-09, 5.84759074496e-10, 8.09837821802e-11, 1.27271130307e-14, 1.35625359091e-15, 6.61462216313e-16, 6.35603200406e-16, 3.42102499003e-16, 1.22949929258e-16, 9.68757934522e-17, 9.8553666459e-17, 4.35138559757e-17, 2.74075046313e-17, 2.7333400829e-17, 1.33697111417e-17, 1.184528262e-17, 6.59510275208e-18, 5.15786527083e-18, 3.26759689131e-18, 2.61850847144e-18, 1.48854005002e-18, 1.20852710836e-18, 8.85045515316e-19, 6.58408160439e-19], "max": [0.000275170779787, 0.000672302558087, 0.00146651442628, 0.0144798271358, 0.0144867170602, 0.0197827350348, 0.0186838023365, 0.00850862357765, 0.00766251329333, 0.00770069099963, 0.0032405576203, 0.00288974842988, 0.00226739165373, 0.00531061692163, 0.00143677555025, 0.00174309546128, 0.00205577746965, 0.00131149403751, 0.000518363143783, 1.72252873654e-06, 8.34269599181e-07, 6.09676419572e-07, 7.39248207537e-07, 4.95058429806e-07, 2.46263169856e-07, 2.78011299315e-07, 2.9978650673e-07, 1.68685360791e-07, 1.4454344921e-07, 1.56100966819e-07, 9.53267900172e-08, 1.02265374835e-07, 7.20084045724e-08, 6.54766836305e-08, 5.24030880911e-08, 4.78263721959e-08, 3.57763383363e-08, 3.28905152003e-08, 2.82636989368e-08, 2.46532856352e-08], "mean": [3.23093581756e-06, 1.75705354195e-05, 6.03454536758e-05, 0.00057888275478, 0.000944585597608, 0.00092055980349, 0.000616794801317, 0.000390403467463, 0.000450278108474, 0.000167067439179, 8.66412738105e-05, 4.39962350356e-05, 2.46556155616e-05, 7.13887493475e-05, 3.20678700518e-05, 1.81329032785e-05, 2.83461831714e-05, 7.3745300142e-06, 2.11230940295e-06, 1.17634577634e-08, 9.4214129831e-09, 5.43864109304e-09, 3.00536817655e-09, 2.42672415496e-09, 1.37925293409e-09, 7.76069819519e-10, 4.44804831856e-10, 3.08453262932e-10, 2.4093849138e-10, 1.95093982636e-10, 1.50874562843e-10, 1.22241203271e-10, 9.69104033133e-11, 7.84331558035e-11, 6.2006955126e-11, 5.05918397453e-11, 4.01973107578e-11, 3.35390326622e-11, 2.89091528494e-11, 2.48134950087e-11], "median": [6.69248947816e-07, 3.5302955439e-06, 1.19420456031e-05, 7.16741706128e-05, 0.000166091835126, 0.000159575225553, 0.000113044668979, 6.22729130555e-05, 7.05153943272e-05, 2.43434060394e-05, 8.80997777131e-06, 2.21040363613e-06, 1.15766647468e-06, 3.17396143146e-06, 7.66416178521e-07, 6.40223660753e-08, 4.08132834195e-08, 1.39016593792e-08, 6.04452043973e-09, 2.38643060868e-09, 2.29963359466e-09, 1.22824816984e-09, 8.6086526796e-10, 5.35295752169e-10, 2.76988071368e-10, 1.59306193237e-10, 9.3765308018e-11, 6.12594350247e-11, 4.92405283214e-11, 3.68425186192e-11, 2.75848059672e-11, 2.2851500206e-11, 2.00047287763e-11, 1.61885921335e-11, 1.29636475166e-11, 1.06557210972e-11, 9.72508445302e-12, 8.90695069783e-12, 8.62247079292e-12, 8.33046739229e-12], "min": [2.68564026979e-24, 4.87837736904e-24, 5.41971107714e-24, 2.53484260523e-24, 6.20758235636e-24, 7.18206814903e-24, 6.20778548804e-24, 3.06175140003e-24, 3.89864604577e-24, 7.33650975933e-24, 2.2770544971e-24, 4.66208393617e-24, 5.7834284137e-24, 7.88078197431e-24, 4.34228603608e-24, 4.37289936123e-24, 5.48442962023e-24, 8.01932645965e-24, 9.34646739241e-24, 6.0333580867e-24, 8.49843245296e-24, 9.59483472639e-24, 7.01006333954e-24, 5.7702792857e-24, 4.83007226037e-24, 5.44500826865e-24, 6.28387624994e-24, 8.75263814651e-24, 8.37283790824e-24, 1.00207675504e-23, 6.39073258715e-24, 5.61513519476e-24, 6.7518683764e-24, 9.29015613441e-24, 7.10601249144e-24, 7.61810154806e-24, 9.45552346825e-24, 1.02782501721e-23, 8.47531488414e-24, 9.12121604953e-24], "var": [6.43296804714e-11, 1.76204928426e-09, 1.60596496102e-08, 1.78617801794e-06, 3.86348256143e-06, 3.55215593117e-06, 3.15883335134e-06, 4.71252064926e-07, 5.51010884919e-07, 2.77426266848e-07, 4.64885516749e-08, 3.24937126095e-08, 1.30268862364e-08, 6.23813747325e-08, 1.04936503931e-08, 5.6070854626e-09, 1.41829543665e-08, 2.1785915294e-09, 2.85217099938e-10, 2.53757645525e-15, 9.52170594195e-16, 2.89832625224e-16, 1.36053476013e-16, 7.95326681257e-17, 3.05595491473e-17, 1.99366657647e-17, 1.70054718548e-17, 7.54490544582e-18, 4.75865095001e-18, 4.68862556166e-18, 2.2990585567e-18, 2.02080761314e-18, 1.12390560112e-18, 8.74822079933e-19, 5.52635851729e-19, 4.41848915652e-19, 2.50984950918e-19, 2.0348082137e-19, 1.48923736328e-19, 1.1077315835e-19]}, "mfcc": {"mean": [-943.87512207, 196.407958984, 49.4168167114, -32.3757781982, -32.9776344299, -13.8662834167, -10.8455858231, -18.5962314606, -22.8426361084, -17.0769195557, -7.18758869171, -3.27958130836, -5.04661130905], "cov": [[6433.58300781, 6251.13916016, 1297.95788574, -1220.07397461, -1443.67919922, -1117.06188965, -673.671813965, -132.204879761, 198.993865967, 304.242156982, 277.915863037, 95.6639099121, -95.3574752808], [6251.13916016, 6487.44628906, 2048.80444336, -746.636962891, -1499.46594238, -1352.32702637, -770.875671387, -74.2871932983, 278.353820801, 271.707763672, 150.245773315, 11.4278068542, -89.9784317017], [1297.95788574, 2048.80444336, 1962.91760254, 921.451843262, -304.521026611, -744.487182617, -428.690612793, 36.3837127686, 205.641464233, 22.8717479706, -207.58706665, -194.804214478, -36.9356880188], [-1220.07397461, -746.636962891, 921.451843262, 1373.88806152, 694.723571777, 66.4461212158, -132.192840576, -102.838264465, -29.6769580841, -76.7372283936, -224.223327637, -235.356964111, -62.7804298401], [-1443.67919922, -1499.46594238, -304.521026611, 694.723571777, 1035.65979004, 763.04309082, 173.413513184, -287.191986084, -332.914367676, -136.08770752, -50.5512161255, -110.716911316, -96.9823455811], [-1117.06188965, -1352.32702637, -744.487182617, 66.4461212158, 763.04309082, 919.153320312, 448.188842773, -175.971740723, -428.667663574, -261.625976562, -26.2154712677, 17.9134178162, -45.801322937], [-673.671813965, -770.875671387, -428.690612793, -132.192840576, 173.413513184, 448.188842773, 469.423248291, 180.685256958, -180.858459473, -314.685089111, -152.640075684, 56.1883163452, 63.0969314575], [-132.204879761, -74.2871932983, 36.3837127686, -102.838264465, -287.191986084, -175.971740723, 180.685256958, 392.087463379, 215.566650391, -124.708175659, -211.753814697, -17.9715652466, 104.616226196], [198.993865967, 278.353820801, 205.641464233, -29.6769580841, -332.914367676, -428.667663574, -180.858459473, 215.566650391, 410.097076416, 249.92741394, -36.7091369629, -125.627708435, -4.54174375534], [304.242156982, 271.707763672, 22.8717479706, -76.7372283936, -136.08770752, -261.625976562, -314.685089111, -124.708175659, 249.92741394, 472.824310303, 290.748382568, -54.4164505005, -132.539459229], [277.915863037, 150.245773315, -207.58706665, -224.223327637, -50.5512161255, -26.2154712677, -152.640075684, -211.753814697, -36.7091369629, 290.748382568, 436.38760376, 232.586166382, -51.1676254272], [95.6639099121, 11.4278068542, -194.804214478, -235.356964111, -110.716911316, 17.9134178162, 56.1883163452, -17.9715652466, -125.627708435, -54.4164505005, 232.586166382, 392.520507812, 176.263122559], [-95.3574752808, -89.9784317017, -36.9356880188, -62.7804298401, -96.9823455811, -45.801322937, 63.0969314575, 104.616226196, -4.54174375534, -132.539459229, -51.1676254272, 176.263122559, 227.711547852]], "icov": [[0.125649169087, -0.179824203253, 0.185621455312, -0.192762687802, 0.199510127306, -0.20487049222, 0.206287622452, -0.198865756392, 0.177867174149, -0.141198053956, 0.092685572803, -0.0457565523684, 0.0141007974744], [-0.179824203253, 0.259862929583, -0.273081958294, 0.287295162678, -0.296546161175, 0.29981315136, -0.294690102339, 0.279160261154, -0.247210994363, 0.196330115199, -0.129357546568, 0.0642544925213, -0.0197615344077], [0.185621455312, -0.273081958294, 0.300476372242, -0.328229010105, 0.345221489668, -0.342920482159, 0.325385481119, -0.292244553566, 0.248436197639, -0.190441712737, 0.124153725803, -0.0611481703818, 0.0195678975433], [-0.192762687802, 0.287295162678, -0.328229010105, 0.381922274828, -0.428732782602, 0.446039229631, -0.4254950881, 0.368015378714, -0.287042319775, 0.196552172303, -0.11211682111, 0.0492027923465, -0.0138004682958], [0.199510127306, -0.296546161175, 0.345221489668, -0.428732782602, 0.534530520439, -0.615696489811, 0.637806296349, -0.579325735569, 0.459411770105, -0.31012070179, 0.17094181478, -0.0704748407006, 0.0190269649029], [-0.20487049222, 0.29981315136, -0.342920482159, 0.446039229631, -0.615696489811, 0.814336180687, -0.957838654518, 0.980368077755, -0.858673810959, 0.64273583889, -0.390304774046, 0.178756654263, -0.0524945743382], [0.206287622452, -0.294690102339, 0.325385481119, -0.4254950881, 0.637806296349, -0.957838654518, 1.29833650589, -1.51248776913, 1.49840188026, -1.24541199207, 0.835101783276, -0.414459586143, 0.132973149419], [-0.198865756392, 0.279160261154, -0.292244553566, 0.368015378714, -0.579325735569, 0.980368077755, -1.51248776913, 2.00117588043, -2.20595693588, 2.00124001503, -1.43174684048, 0.747066378593, -0.247920364141], [0.177867174149, -0.247210994363, 0.248436197639, -0.287042319775, 0.459411770105, -0.858673810959, 1.49840188026, -2.20595693588, 2.6785235405, -2.61462807655, 1.98501312733, -1.0807762146, 0.373396813869], [-0.141198053956, 0.196330115199, -0.190441712737, 0.196552172303, -0.31012070179, 0.64273583889, -1.24541199207, 2.00124001503, -2.61462807655, 2.71489572525, -2.16057252884, 1.22189426422, -0.438635140657], [0.092685572803, -0.129357546568, 0.124153725803, -0.11211682111, 0.17094181478, -0.390304774046, 0.835101783276, -1.43174684048, 1.98501312733, -2.16057252884, 1.7936218977, -1.04707086086, 0.393168151379], [-0.0457565523684, 0.0642544925213, -0.0611481703818, 0.0492027923465, -0.0704748407006, 0.178756654263, -0.414459586143, 0.747066378593, -1.0807762146, 1.22189426422, -1.04707086086, 0.631239533424, -0.24681545794], [0.0141007974744, -0.0197615344077, 0.0195678975433, -0.0138004682958, 0.0190269649029, -0.0524945743382, 0.132973149419, -0.247920364141, 0.373396813869, -0.438635140657, 0.393168151379, -0.24681545794, 0.107993923128]]}, "spectral_contrast_coeffs": {"dmean": [0.0410498008132, 0.0449370928109, 0.0416554920375, 0.0382666885853, 0.0201836358756, 0.0248298663646], "dmean2": [0.0687936991453, 0.072726637125, 0.0659393817186, 0.0622654668987, 0.0335666313767, 0.0438404269516], "dvar": [0.00127418420743, 0.00198268145323, 0.00173026323318, 0.00159137463197, 0.000378117780201, 0.000547926989384], "dvar2": [0.00311365071684, 0.00488079478964, 0.00393236894161, 0.00386248365976, 0.000931211165152, 0.00149037083611], "max": [-0.216520935297, -0.251723229885, -0.290511846542, -0.333124279976, -0.67240267992, -0.719648063183], "mean": [-0.562260210514, -0.633821845055, -0.685237646103, -0.758258581161, -0.871771395206, -0.905755758286], "median": [-0.542461395264, -0.642734408379, -0.678201496601, -0.781148433685, -0.882607579231, -0.909693717957], "min": [-0.974353432655, -0.97270488739, -0.978978097439, -0.98362582922, -0.961632966995, -0.963239252567], "var": [0.0162608288229, 0.0168065167964, 0.0162022467703, 0.0191394276917, 0.00281424820423, 0.00095721508842]}, "spectral_contrast_valleys": {"dmean": [0.498388379812, 0.443584084511, 0.530182898045, 0.684535861015, 0.547975718975, 0.637170433998], "dmean2": [0.842245995998, 0.732784509659, 0.868973791599, 1.13098740578, 0.905778765678, 1.125390172], "dvar": [0.231840133667, 0.315464377403, 0.420009881258, 0.511976659298, 0.344077855349, 0.319457054138], "dvar2": [0.53401362896, 0.725385129452, 0.983965754509, 1.24745607376, 0.7