{"lowlevel": {"average_loudness": 0.953477919102, "barkbands_crest": {"dmean": 2.51428699493, "dmean2": 3.85819578171, "dvar": 10.2251987457, "dvar2": 23.5405139923, "max": 26.611661911, "mean": 18.2130069733, "median": 19.7918949127, "min": 3.97862839699, "var": 24.1399250031}, "barkbands_flatness_db": {"dmean": 0.0541705191135, "dmean2": 0.0733845308423, "dvar": 0.00418738322333, "dvar2": 0.00860321242362, "max": 0.916537642479, "mean": 0.457414031029, "median": 0.46332681179, "min": 0.0625272840261, "var": 0.0254144910723}, "barkbands_kurtosis": {"dmean": 37.8805084229, "dmean2": 56.8557929993, "dvar": 7393.26757812, "dvar2": 16649.234375, "max": 1215.71936035, "mean": 53.3438491821, "median": 21.7456531525, "min": -1.96597111225, "var": 9565.49316406}, "barkbands_skewness": {"dmean": 1.85207843781, "dmean2": 2.59217357635, "dvar": 6.10564231873, "dvar2": 12.709113121, "max": 26.270822525, "mean": 4.03741502762, "median": 3.78041315079, "min": -9.44486999512, "var": 14.8595914841}, "barkbands_spread": {"dmean": 6.88925170898, "dmean2": 10.4551801682, "dvar": 206.53817749, "dvar2": 452.515869141, "max": 123.946762085, "mean": 10.9230670929, "median": 3.28714823723, "min": 0.0363435745239, "var": 400.021789551}, "dissonance": {"dmean": 0.0509354658425, "dmean2": 0.0835232064128, "dvar": 0.00237597175874, "dvar2": 0.00634655356407, "max": 0.500000059605, "mean": 0.35661008954, "median": 0.372202545404, "min": 0.0363473035395, "var": 0.00953862257302}, "dynamic_complexity": 4.74843406677, "erbbands_crest": {"dmean": 3.33227300644, "dmean2": 5.13255214691, "dvar": 11.0074367523, "dvar2": 24.6642494202, "max": 33.3565292358, "mean": 13.9281187057, "median": 13.1421432495, "min": 2.64515995979, "var": 26.1970214844}, "erbbands_flatness_db": {"dmean": 0.0339203067124, "dmean2": 0.0481722615659, "dvar": 0.0015895657707, "dvar2": 0.00328425550833, "max": 0.647328972816, "mean": 0.316254585981, "median": 0.306476682425, "min": 0.0593164898455, "var": 0.0160475485027}, "erbbands_kurtosis": {"dmean": 6.10811662674, "dmean2": 9.34499359131, "dvar": 349.632232666, "dvar2": 660.540222168, "max": 309.20980835, "mean": 6.62240123749, "median": 0.393508911133, "min": -1.97049748898, "var": 608.090698242}, "erbbands_skewness": {"dmean": 0.983143389225, "dmean2": 1.30570077896, "dvar": 1.49109554291, "dvar2": 2.67117166519, "max": 12.922624588, "mean": 0.515567421913, "median": 0.471593648195, "min": -8.89364719391, "var": 4.21866750717}, "erbbands_spread": {"dmean": 18.4122905731, "dmean2": 26.3851585388, "dvar": 847.512756348, "dvar2": 1821.42956543, "max": 212.288101196, "mean": 38.8881568909, "median": 23.3489112854, "min": 0.612208366394, "var": 1799.60595703}, "hfc": {"dmean": 16.8631191254, "dmean2": 27.5918178558, "dvar": 2300.06323242, "dvar2": 5671.24121094, "max": 594.274963379, "mean": 19.5756549835, "median": 6.83921098709, "min": 1.15679938116e-16, "var": 2071.84643555}, "melbands_crest": {"dmean": 3.60774421692, "dmean2": 5.40931034088, "dvar": 21.1605472565, "dvar2": 44.7914962769, "max": 38.8301086426, "mean": 25.4569816589, "median": 27.5252380371, "min": 1.77468109131, "var": 55.4016494751}, "melbands_flatness_db": {"dmean": 0.0630240738392, "dmean2": 0.0821339413524, "dvar": 0.005615436472, "dvar2": 0.0108331926167, "max": 1, "mean": 0.563858866692, "median": 0.572686553001, "min": 0.00562701048329, "var": 0.039448287338}, "melbands_kurtosis": {"dmean": 86.9194412231, "dmean2": 128.103790283, "dvar": 60088.2617188, "dvar2": 124583.460938, "max": 6835.94091797, "mean": 119.220436096, "median": 51.5695877075, "min": -1.97783517838, "var": 82018.0546875}, "melbands_skewness": {"dmean": 2.47681808472, "dmean2": 3.54727339745, "dvar": 13.2430896759, "dvar2": 27.2718372345, "max": 61.2596206665, "mean": 6.16532182693, "median": 5.45654726028, "min": -4.72708511353, "var": 32.1082572937}, "melbands_spread": {"dmean": 7.25204896927, "dmean2": 11.6718063354, "dvar": 562.964050293, "dvar2": 1447.00378418, "max": 295.40133667, "mean": 10.1700105667, "median": 2.93205618858, "min": 0.0422209538519, "var": 669.300537109}, "pitch_salience": {"dmean": 0.0830905809999, "dmean2": 0.125672355294, "dvar": 0.0133013939485, "dvar2": 0.0311578903347, "max": 0.917144417763, "mean": 0.287712156773, "median": 0.230968445539, "min": 0.0141437062994, "var": 0.0293948613107}, "silence_rate_20dB": {"dmean": 0, "dmean2": 0, "dvar": 0, "dvar2": 0, "max": 1, "mean": 1, "median": 1, "min": 1, "var": 0}, "silence_rate_30dB": {"dmean": 0.12157329917, "dmean2": 0.243182837963, "dvar": 0.106788001955, "dvar2": 0.207874372602, "max": 1, "mean": 0.59064501524, "median": 1, "min": 0, "var": 0.241788655519}, "silence_rate_60dB": {"dmean": 0.0512514896691, "dmean2": 0.102518253028, "dvar": 0.0486232452095, "dvar2": 0.101241126657, "max": 1, "mean": 0.181141063571, "median": 0, "min": 0, "var": 0.148340821266}, "spectral_centroid": {"dmean": 358.041503906, "dmean2": 507.480773926, "dvar": 613728.125, "dvar2": 1149537.125, "max": 11475.5185547, "mean": 888.298828125, "median": 481.443908691, "min": 46.7202568054, "var": 1476003.125}, "spectral_complexity": {"dmean": 1.43057215214, "dmean2": 2.2640440464, "dvar": 13.0058641434, "dvar2": 19.7806587219, "max": 62, "mean": 4.92358112335, "median": 4, "min": 0, "var": 28.3596954346}, "spectral_decrease": {"dmean": 5.93946536398e-09, "dmean2": 8.51424974968e-09, "dvar": 1.15223506472e-16, "dvar2": 2.51927477318e-16, "max": 3.82371927624e-16, "mean": -1.95811526993e-08, "median": -2.11726778332e-08, "min": -9.79690923941e-08, "var": 2.86212379938e-16}, "spectral_energy": {"dmean": 0.0232835784554, "dmean2": 0.033636122942, "dvar": 0.0017869612202, "dvar2": 0.00394360208884, "max": 0.382500112057, "mean": 0.0756792724133, "median": 0.0816650018096, "min": 1.05331773642e-20, "var": 0.00424492824823}, "spectral_energyband_high": {"dmean": 0.00169464875944, "dmean2": 0.00278673809953, "dvar": 2.60480392171e-05, "dvar2": 6.51773807476e-05, "max": 0.0633704960346, "mean": 0.00155957019888, "median": 1.60495574164e-06, "min": 7.56670735475e-21, "var": 2.29860343097e-05}, "spectral_energyband_low": {"dmean": 0.0190764386207, "dmean2": 0.0265069417655, "dvar": 0.00103011657484, "dvar2": 0.00217578466982, "max": 0.315820217133, "mean": 0.0658564344049, "median": 0.0726990252733, "min": 8.1814286982e-24, "var": 0.00319089903496}, "spectral_energyband_middle_high": {"dmean": 0.000814730767161, "dmean2": 0.00132831302471, "dvar": 2.36176347244e-05, "dvar2": 5.68237192056e-05, "max": 0.0746002495289, "mean": 0.000844349968247, "median": 0.000156178037287, "min": 1.61156916869e-21, "var": 2.04001753445e-05}, "spectral_energyband_middle_low": {"dmean": 0.0067451777868, "dmean2": 0.0109896576032, "dvar": 0.00048928760225, "dvar2": 0.00124756374862, "max": 0.246112197638, "mean": 0.00752211548388, "median": 0.00094447581796, "min": 3.13277112738e-22, "var": 0.000540066044778}, "spectral_entropy": {"dmean": 0.38015511632, "dmean2": 0.498998880386, "dvar": 0.310860753059, "dvar2": 0.522198617458, "max": 9.80659198761, "mean": 6.03014802933, "median": 5.68334579468, "min": 3.15008640289, "var": 1.87579965591}, "spectral_flux": {"dmean": 0.0523678809404, "dmean2": 0.0788810476661, "dvar": 0.00557588599622, "dvar2": 0.0107927862555, "max": 0.577374458313, "mean": 0.0840586200356, "median": 0.0467534102499, "min": 1.02631271537e-10, "var": 0.00931863393635}, "spectral_kurtosis": {"dmean": 32.8072776794, "dmean2": 54.2965660095, "dvar": 3054.15625, "dvar2": 9050.76855469, "max": 711.690185547, "mean": 97.2820205688, "median": 19.9445152283, "min": -1.35161340237, "var": 16269.1015625}, "spectral_rms": {"dmean": 0.00135793839581, "dmean2": 0.00177945301402, "dvar": 4.36503296442e-06, "dvar2": 8.08170352684e-06, "max": 0.0193176306784, "mean": 0.00736327655613, "median": 0.00892598275095, "min": 3.20566229811e-12, "var": 1.9615607016e-05}, "spectral_rolloff": {"dmean": 506.877563477, "dmean2": 915.440002441, "dvar": 2571893.5, "dvar2": 6020136.5, "max": 19810.546875, "mean": 921.678833008, "median": 86.1328125, "min": 43.06640625, "var": 5934430.5}, "spectral_skewness": {"dmean": 1.4034383297, "dmean2": 2.13430023193, "dvar": 2.87920165062, "dvar2": 7.25899744034, "max": 21.031621933, "mean": 5.69961690903, "median": 3.60172200203, "min": -0.579515039921, "var": 28.1374111176}, "spectral_spread": {"dmean": 1397080.625, "dmean2": 1899184.5, "dvar": 4721231790080.0, "dvar2": 7470749581310.0, "max": 40245528, "mean": 4502660, "median": 2185090, "min": 123831.445312, "var": 21222228230100.0}, "spectral_strongpeak": {"dmean": 0.283448964357, "dmean2": 0.494369566441, "dvar": 0.420947492123, "dvar2": 1.08366298676, "max": 10.7923974991, "mean": 0.541485488415, "median": 0.385340511799, "min": 0, "var": 0.418244481087}, "zerocrossingrate": {"dmean": 0.0119487773627, "dmean2": 0.012952295132, "dvar": 0.000418847630499, "dvar2": 0.000479176465888, "max": 0.82958984375, "mean": 0.0367845334113, "median": 0.01904296875, "min": 0.00146484375, "var": 0.00594558520243}, "barkbands": {"dmean": [0.00192045513541, 0.0166074074805, 0.00313347787596, 0.000678152951878, 0.00277022621594, 0.00193512765691, 0.00107940286398, 0.000285341258859, 0.000472760177217, 0.000199307803996, 2.9213648304e-05, 2.24523628276e-05, 8.24236922199e-05, 1.6787342247e-05, 4.3226267735e-05, 8.44633905217e-05, 9.44943749346e-05, 8.89645598363e-05, 0.000177934096428, 0.00013623702398, 0.000143036115333, 0.000356444012141, 0.000565872876905, 0.000284789188299, 0.000206976241316, 9.2103597126e-05, 1.19028754852e-06], "dmean2": [0.00196089316159, 0.0235426221043, 0.00568289728835, 0.00125279440545, 0.00436539528891, 0.00345097552054, 0.00163850432727, 0.000474359665532, 0.000741952855606, 0.000314594391966, 4.89070844196e-05, 3.72206195607e-05, 0.000140178555739, 2.74913472822e-05, 7.29961539037e-05, 0.000134023779538, 0.000157963411766, 0.000142966397107, 0.000310475501465, 0.000205123593332, 0.000230080418987, 0.000594046898186, 0.000942294835113, 0.000470007682452, 0.000348703149939, 0.000148164166603, 1.89637773929e-06], "dvar": [5.92542437516e-06, 0.000751008104999, 0.000141247772262, 8.9860859589e-06, 0.000153118075104, 6.2430241087e-05, 3.28735914081e-05, 2.80048811874e-06, 3.63521894542e-06, 6.05520824593e-07, 8.22711143655e-09, 1.26581642945e-08, 1.87478093494e-07, 8.6848279679e-09, 9.45134814856e-08, 4.63100803927e-07, 6.76454192217e-07, 5.82583595587e-07, 2.66441998065e-06, 1.22454207485e-06, 1.29570639729e-06, 1.8915596911e-06, 2.22759945245e-06, 5.87314332279e-07, 3.67601728612e-07, 6.76558045143e-08, 1.02577321637e-11], "dvar2": [6.12790154264e-06, 0.00160153838806, 0.000416804716224, 2.60397646343e-05, 0.00035576330265, 0.000172974672751, 6.53956449241e-05, 6.74995226291e-06, 8.65389210958e-06, 1.52744837578e-06, 2.24229328438e-08, 3.22528528329e-08, 4.97567384627e-07, 2.11809449979e-08, 2.34428654267e-07, 1.06828224489e-06, 1.72807585841e-06, 1.347983698e-06, 7.09636924512e-06, 2.70252076007e-06, 3.22878804582e-06, 4.94526966577e-06, 5.73293982598e-06, 1.51757171807e-06, 9.78711454991e-07, 1.66942101032e-07, 2.57564507916e-11], "max": [0.024563184008, 0.262099385262, 0.109711617231, 0.0364725589752, 0.219569206238, 0.106666229665, 0.125154361129, 0.0691133663058, 0.0393222868443, 0.0251585692167, 0.00265920977108, 0.00322048040107, 0.0130693009123, 0.00159301271196, 0.00500393006951, 0.0140598155558, 0.0126371327788, 0.01354462374, 0.0234756227583, 0.0178115908056, 0.0204270575196, 0.0205310638994, 0.0127391070127, 0.00667975796387, 0.00539643038064, 0.002250372665, 2.63560323219e-05], "mean": [0.00728839356452, 0.0545870922506, 0.00392422219738, 0.000518541492056, 0.00341017404571, 0.00152209412772, 0.00113255938049, 0.000289534131298, 0.000572661519982, 0.000240790483076, 3.38509198627e-05, 2.45800019911e-05, 9.78813113761e-05, 1.94272215595e-05, 3.99488708354e-05, 8.3116668975e-05, 7.1209971793e-05, 7.22662516637e-05, 0.000132508925162, 0.000119527954666, 0.000116738578072, 0.000291773001663, 0.000585283036344, 0.000276315608062, 0.000156079229782, 7.17461080058e-05, 9.42127883263e-07], "median": [0.00746918097138, 0.0564984194934, 0.00149107351899, 0.000110691631562, 4.59277325717e-05, 0.00013557584316, 9.7720134363e-05, 8.00644215815e-07, 6.49044595775e-05, 7.43875934859e-05, 9.3433955044e-06, 5.48852767679e-06, 8.94817094377e-06, 8.33220724417e-07, 1.31322929064e-06, 1.11058326979e-07, 8.60016271531e-08, 7.01256510638e-08, 1.57026619263e-07, 5.40685682893e-08, 1.64678340298e-07, 4.09783098121e-07, 2.05726934155e-07, 4.87455977805e-08, 1.07761524148e-08, 4.60623539311e-09, 2.85662449251e-09], "min": [6.60678462858e-24, 1.80389316235e-24, 2.89980791974e-24, 7.02158623078e-24, 2.48208820272e-23, 4.92927057257e-23, 5.50180625382e-23, 5.24563093237e-23, 1.03887528611e-22, 3.06020318162e-23, 5.35514123433e-23, 5.25611016064e-23, 1.99640740086e-22, 1.28368192285e-22, 1.10185415425e-22, 2.27054767259e-22, 2.88604976745e-22, 1.9703487377e-22, 2.53584323584e-22, 1.96542839135e-22, 4.89601055597e-22, 3.91488796606e-22, 6.2630693967e-22, 9.15027153216e-22, 1.60568550327e-21, 1.37071703487e-21, 2.25304793567e-21], "var": [3.80684941774e-05, 0.00231394963339, 8.06029420346e-05, 5.09570281793e-06, 0.000260444678133, 4.226582314e-05, 4.25518264819e-05, 2.96828420687e-06, 4.29057718065e-06, 5.74180376134e-07, 8.63803339968e-09, 1.24523209521e-08, 2.16024830024e-07, 9.39809741141e-09, 7.90521568206e-08, 4.20814984636e-07, 5.08581365466e-07, 5.16230613812e-07, 1.84996690678e-06, 1.23293909837e-06, 1.03858405964e-06, 1.47824880514e-06, 2.17105070988e-06, 5.23059895841e-07, 2.65845699232e-07, 5.67685489727e-08, 8.67314033093e-12]}, "erbbands": {"dmean": [0.713842868805, 3.21661901474, 4.30549621582, 2.79733777046, 6.01450777054, 8.56965923309, 14.5586357117, 15.8282718658, 18.9801292419, 8.03169345856, 5.52447652817, 12.8294935226, 5.53628635406, 5.43825817108, 1.26587510109, 1.23644042015, 3.74293160439, 1.36996996403, 1.64742732048, 2.45929551125, 5.35350179672, 5.70447826385, 5.1429901123, 7.32046604156, 9.0212469101, 6.44478416443, 5.38044548035, 6.49174833298, 10.1910142899, 16.9559268951, 15.6790504456, 8.07531356812, 4.01050186157, 2.34480595589, 1.44922554493, 0.73032104969, 0.109483666718, 0.00655918195844, 0.000321604165947, 4.32103479397e-05], "dmean2": [0.927610039711, 4.82182168961, 7.25686311722, 5.12481355667, 9.36752414703, 14.3013553619, 24.7503128052, 27.9000263214, 28.932554245, 13.2436323166, 9.22288703918, 19.8593444824, 8.95377731323, 8.46699523926, 2.06051278114, 2.04806447029, 6.35245418549, 2.2695953846, 2.73241496086, 3.84509897232, 8.58655357361, 9.59969425201, 8.37362289429, 12.2880935669, 14.8345165253, 9.84816932678, 8.53233337402, 10.6510505676, 16.9317169189, 27.8687019348, 26.2681808472, 13.4946107864, 6.57230901718, 3.94436860085, 2.44764041901, 1.183131814, 0.175787523389, 0.0105602219701, 0.000520589994267, 6.68791035423e-05], "dvar": [0.966981947422, 41.0143013, 181.80859375, 144.098419189, 849.066162109, 1610.51367188, 5203.31835938, 4125.66552734, 10300.1992188, 1428.55407715, 630.369995117, 2696.56176758, 390.188018799, 686.931762695, 20.0439510345, 31.4879608154, 366.372344971, 48.4635429382, 120.720001221, 292.398376465, 1994.92211914, 2495.57543945, 1977.51281738, 4253.24267578, 6639.10351562, 2734.82348633, 1956.6048584, 2233.02783203, 2228.47338867, 2131.3581543, 1736.23876953, 448.655578613, 114.852485657, 43.8307151794, 18.8731746674, 4.41141700745, 0.0971371978521, 0.000334331329213, 7.50673962102e-07, 6.29342755687e-09], "dvar2": [1.88275647163, 85.2012557983, 511.021575928, 416.163909912, 1854.93359375, 4186.20019531, 12669.3740234, 11242.453125, 21149.0273438, 3553.49658203, 1546.69213867, 6317.71875, 914.656616211, 1787.8927002, 53.7465667725, 78.9708404541, 971.190856934, 124.86013031, 307.815338135, 671.520507812, 4720.39355469, 6408.53710938, 4711.45214844, 10985.9941406, 17236.1757812, 6131.22998047, 4816.82714844, 5632.11425781, 5830.15429688, 5392.44042969, 4518.48535156, 1164.06225586, 292.567352295, 114.919197083, 50.4384231567, 11.0778198242, 0.241563379765, 0.000835850834846, 1.91158892449e-06, 1.53919366142e-08], "max": [8.93895244598, 58.9012527466, 137.756851196, 118.155387878, 485.535644531, 776.079528809, 1469.92724609, 964.359558105, 2203.04125977, 1224.15380859, 1109.35095215, 1106.72351074, 790.593505859, 979.959655762, 178.537002563, 165.862716675, 519.956176758, 189.78364563, 193.163925171, 267.172454834, 888.071777344, 754.782165527, 734.390258789, 1011.70892334, 1487.98156738, 836.716003418, 843.574645996, 828.192626953, 757.307617188, 383.063018799, 352.769805908, 180.931381226, 92.3225631714, 56.9563903809, 39.3144645691, 18.5496730804, 2.78364109993, 0.158018484712, 0.00732805300504, 0.000571109936573], "mean": [2.46357607841, 8.30266857147, 7.67110347748, 2.5024189949, 8.38733673096, 9.0772190094, 11.3622894287, 13.3304710388, 19.7552947998, 8.30930233002, 5.51580190659, 15.9017877579, 6.8546667099, 6.43800401688, 1.66066336632, 1.50436520576, 4.51334047318, 1.62103569508, 1.5124989748, 2.7560338974, 4.76177883148, 4.23663949966, 4.05787467957, 5.43666744232, 7.14424085617, 5.51335287094, 4.3140707016, 5.29439973831, 8.80302906036, 14.8649158478, 16.4355010986, 8.56177520752, 3.68753528595, 1.85080564022, 1.06658685207, 0.560603201389, 0.0855991616845, 0.00513156550005, 0.000277559476672, 9.8413482192e-05], "median": [2.60441541672, 7.09614276886, 4.75008106232, 0.869451999664, 0.367480009794, 0.13071796298, 0.253085076809, 1.50125181675, 2.14724326134, 0.388943701982, 0.259284675121, 2.00265955925, 2.12242436409, 1.27710402012, 0.559924423695, 0.431483358145, 0.488777399063, 0.111155316234, 0.10619007796, 0.0264496877789, 0.00814154837281, 0.00589288910851, 0.0049711028114, 0.00593498814851, 0.00782465282828, 0.00403099460527, 0.00526439072564, 0.0063513610512, 0.0123456977308, 0.0145131414756, 0.00606316467747, 0.00200058659539, 0.000590255658608, 0.000197491244762, 0.000114453017886, 6.96218630765e-05, 3.73797520297e-05, 3.46453839484e-06, 4.66356941615e-05, 9.64646387729e-05], "min": [1.18237653162e-22, 3.10110259033e-22, 2.75477579025e-21, 9.61191626605e-21, 6.14098175901e-20, 9.5957545786e-20, 1.34515994891e-19, 6.07396397352e-19, 6.64833906233e-19, 9.94706193291e-19, 1.87111811436e-18, 2.00092487955e-18, 1.2164954426e-18, 1.7730620566e-18, 1.42223552686e-18, 2.66739339807e-18, 7.77012108402e-18, 9.26157653211e-18, 4.72596284015e-18, 8.33669182714e-18, 1.33809930581e-17, 1.7221422243e-17, 1.11930573245e-17, 9.87475807557e-18, 1.27278992229e-17, 1.01853726674e-17, 1.65428760603e-17, 2.16071702467e-17, 1.40852662121e-17, 1.27049548871e-17, 2.06161251548e-17, 1.74853424892e-17, 1.6258785842e-17, 1.34162814102e-17, 1.34827180755e-17, 6.16500192078e-18, 2.30952383901e-18, 1.12628219441e-18, 3.37128548036e-19, 3.23906511846e-20], "var": [4.54300928116, 78.2895812988, 136.918930054, 82.813041687, 1819.35473633, 1957.96533203, 5210.86181641, 2986.23681641, 12712.5341797, 1390.55285645, 621.388000488, 3289.97338867, 419.806640625, 617.402038574, 24.1119651794, 32.475528717, 422.544433594, 53.3728485107, 96.0930175781, 293.59262085, 1710.04846191, 1851.54199219, 1671.6295166, 3124.61401367, 5028.97949219, 2647.08276367, 1597.69909668, 1766.23864746, 1748.29748535, 1806.94091797, 1717.36242676, 464.817169189, 98.3094482422, 32.7516365051, 13.5653457642, 3.58222794533, 0.0809208452702, 0.00027846681769, 6.12745168382e-07, 8.6524210019e-09]}, "gfcc": {"mean": [-216.588424683, 142.613800049, -42.6373023987, -3.21400117874, -50.8443641663, 33.4372596741, -2.81640219688, 0.0606335662305, 5.54626846313, 8.86074733734, 4.96720027924, 4.04988384247, 2.97999358177], "cov": [[30175.546875, -6320.18847656, 3068.56079102, 9813.26269531, -1477.89660645, 2862.81640625, -206.201889038, 2179.44580078, 259.225860596, 106.446960449, -1090.94641113, 294.868438721, -1179.96838379], [-6320.18847656, 9148.86425781, -1451.2791748, -5073.64501953, 2339.9909668, -1332.97277832, 1096.99475098, -866.22467041, 521.566589355, -304.458404541, 648.794128418, -638.28729248, 642.581726074], [3068.56079102, -1451.2791748, 5112.06835938, 3044.64428711, 836.523071289, 1749.45336914, 259.063751221, 540.420288086, -225.360977173, -111.129814148, -312.885131836, -37.9346313477, -360.335601807], [9813.26269531, -5073.64501953, 3044.64428711, 7071.20263672, 21.8616352081, 1352.63647461, 42.4491996765, 1076.56005859, 39.6954154968, -208.466949463, -552.21295166, 117.454071045, -632.589660645], [-1477.89660645, 2339.9909668, 836.523071289, 21.8616352081, 1894.04162598, -2.34939265251, 614.350158691, 72.2997970581, 252.519882202, -170.751739502, 100.846504211, -295.287200928, 35.3436508179], [2862.81640625, -1332.97277832, 1749.45336914, 1352.63647461, -2.34939265251, 1232.64331055, 126.92250061, 363.845550537, -52.7476997375, 57.8334197998, -174.067092896, 28.4842205048, -245.833724976], [-206.201889038, 1096.99475098, 259.063751221, 42.4491996765, 614.350158691, 126.92250061, 696.864318848, 129.284866333, 165.680389404, -52.3228683472, 75.7243881226, -151.304916382, -8.772605896], [2179.44580078, -866.22467041, 540.420288086, 1076.56005859, 72.2997970581, 363.845550537, 129.284866333, 438.716400146, 93.8462982178, 65.9596405029, -101.054229736, 32.5111885071, -148.510360718], [259.225860596, 521.566589355, -225.360977173, 39.6954154968, 252.519882202, -52.7476997375, 165.680389404, 93.8462982178, 285.134155273, 29.4057769775, 35.9671707153, -63.8053703308, 25.3963069916], [106.446960449, -304.458404541, -111.129814148, -208.466949463, -170.751739502, 57.8334197998, -52.3228683472, 65.9596405029, 29.4057769775, 214.264938354, 37.6028022766, 84.1576080322, -24.659318924], [-1090.94641113, 648.794128418, -312.885131836, -552.21295166, 100.846504211, -174.067092896, 75.7243881226, -101.054229736, 35.9671707153, 37.6028022766, 179.358306885, 14.6168432236, 76.954536438], [294.868438721, -638.28729248, -37.9346313477, 117.454071045, -295.287200928, 28.4842205048, -151.304916382, 32.5111885071, -63.8053703308, 84.1576080322, 14.6168432236, 194.004592896, 15.5953435898], [-1179.96838379, 642.581726074, -360.335601807, -632.589660645, 35.3436508179, -245.833724976, -8.772605896, -148.510360718, 25.3963069916, -24.659318924, 76.954536438, 15.5953435898, 190.927429199]], "icov": [[0.000253957114182, -0.000594073382672, 0.000299747596728, -0.000621131737716, 0.000474516768008, -0.000586327165365, 0.000448889564723, -0.000735523237381, 0.000515886000358, -0.00063386594411, 0.00081938970834, -0.000259205698967, 0.000222805058002], [-0.000594073382672, 0.00210008653812, -0.000867060327437, 0.00189667823724, -0.00150346942246, 0.00163036456797, -0.00146533444058, 0.00203383434564, -0.00204917346127, 0.00228266487829, -0.00254859193228, 0.00106663105544, -0.000692041474395], [0.000299747596728, -0.000867060327437, 0.000995879527181, -0.00100612605456, 0.000272723002126, -0.00148223014548, 0.000695735856425, -0.000865478941705, 0.00150903488975, -0.00110722973477, 0.00122019962873, -0.000291710224701, -9.52854315983e-05], [-0.000621131737716, 0.00189667823724, -0.00100612605456, 0.00222141062841, -0.00133013119921, 0.00170556921512, -0.00129138655029, 0.00141104205977, -0.00224087270908, 0.00298631726764, -0.00210725679062, 0.000231598110986, 0.000233790604398], [0.000474516768008, -0.00150346942246, 0.000272723002126, -0.00133013119921, 0.00227088318206, -0.000830710574519, 0.000632613082416, -0.00184919044841, 0.000754772801884, -0.001087177312, 0.00117300916463, 0.000165914243553, 0.000473874912132], [-0.000586327165365, 0.00163036456797, -0.00148223014548, 0.00170556921512, -0.000830710574519, 0.00369895715266, -0.00167321134359, 0.00133742776234, -0.00181946612429, 0.0014342420036, -0.00152255420107, 0.000439892522991, 0.000627723697107], [0.000448889564723, -0.00146533444058, 0.000695735856425, -0.00129138655029, 0.000632613082416, -0.00167321134359, 0.0038029148709, -0.00274302205071, 0.00107882311568, -0.000894946220797, -4.16117945861e-05, 0.000778447836637, 0.000204015057534], [-0.000735523237381, 0.00203383434564, -0.000865478941705, 0.00141104205977, -0.00184919044841, 0.00133742776234, -0.00274302205071, 0.00870215520263, -0.00364366709255, 0.000104486120108, -0.000246129842708, -0.0011320579797, 0.00104801775888], [0.000515886000358, -0.00204917346127, 0.00150903488975, -0.00224087270908, 0.000754772801884, -0.00181946612429, 0.00107882311568, -0.00364366709255, 0.00877070054412, -0.00461187679321, 0.00163879373576, 0.0019434671849, -0.00234023388475], [-0.00063386594411, 0.00228266487829, -0.00110722973477, 0.00298631726764, -0.001087177312, 0.0014342420036, -0.000894946220797, 0.000104486120108, -0.00461187679321, 0.011885794811, -0.00488878367469, -0.00264744088054, 0.00262820674106], [0.00081938970834, -0.00254859193228, 0.00122019962873, -0.00210725679062, 0.00117300916463, -0.00152255420107, -4.16117945861e-05, -0.000246129842708, 0.00163879373576, -0.00488878367469, 0.0140302823856, -0.00453248387203, 0.00045740880887], [-0.000259205698967, 0.00106663105544, -0.000291710224701, 0.000231598110986, 0.000165914243553, 0.000439892522991, 0.000778447836637, -0.0011320579797, 0.0019434671849, -0.00264744088054, -0.00453248387203, 0.0123818749562, -0.00506905419752], [0.000222805058002, -0.000692041474395, -9.52854315983e-05, 0.000233790604398, 0.000473874912132, 0.000627723697107, 0.000204015057534, 0.00104801775888, -0.00234023388475, 0.00262820674106, 0.00045740880887, -0.00506905419752, 0.0119639718905]]}, "melbands": {"dmean": [0.00524035748094, 0.00282984692603, 0.000539163767826, 0.000569088093471, 0.000482227565954, 0.000356143078534, 0.000265290931566, 8.00585985417e-05, 4.73188956676e-05, 7.90262129158e-05, 2.60474316747e-05, 2.33422124438e-05, 3.98374322685e-06, 2.78506058748e-06, 5.10724203195e-06, 8.26156792755e-06, 1.92917059394e-06, 2.16148328036e-06, 3.81215158995e-06, 2.84093812297e-06, 7.34645072953e-06, 5.75913827561e-06, 5.26845224158e-06, 4.82966106574e-06, 6.05381001151e-06, 6.50703259453e-06, 6.43667226541e-06, 4.22766197516e-06, 3.39148300554e-06, 3.18891443385e-06, 3.93898699258e-06, 6.09232529314e-06, 6.79957565808e-06, 1.0293608284e-05, 9.71931240201e-06, 8.08762160887e-06, 3.67761663256e-06, 2.91935634777e-06, 2.08903111343e-06, 1.95183633878e-06], "dmean2": [0.00726275006309, 0.00426923157647, 0.000955516588874, 0.000901848019566, 0.000823484209832, 0.000621830520686, 0.000406112492783, 0.000134642526973, 7.86719028838e-05, 0.000122210156405, 4.2496547394e-05, 3.63237522834e-05, 6.53791266814e-06, 4.59176953882e-06, 8.59423016664e-06, 1.4065151845e-05, 3.16408977596e-06, 3.59664318239e-06, 6.34063962934e-06, 4.12074132328e-06, 1.19204496514e-05, 9.67800406215e-06, 8.82814492797e-06, 7.97149641585e-06, 1.03262445919e-05, 1.12214656838e-05, 1.04767932498e-05, 6.48034165351e-06, 5.48521484234e-06, 5.07891945745e-06, 6.5684571382e-06, 1.0564479453e-05, 1.08992690002e-05, 1.69745217136e-05, 1.63476179296e-05, 1.36620201374e-05, 6.08209711572e-06, 4.83929761685e-06, 3.3796718526e-06, 3.33658203999e-06], "dvar": [6.22962761554e-05, 4.68465477752e-05, 4.70031272926e-06, 8.17519412522e-06, 5.33804632141e-06, 2.01515945264e-06, 1.89552031316e-06, 1.75973227101e-07, 4.23255457349e-08, 1.00856794916e-07, 9.28671273215e-09, 1.29783508385e-08, 1.59199306515e-10, 1.6157009064e-10, 6.52397025291e-10, 2.27499508121e-09, 9.49020376173e-11, 1.91605037392e-10, 8.28105750639e-10, 3.15600795497e-10, 4.00158706171e-09, 2.55285281803e-09, 2.11638817582e-09, 1.85762150107e-09, 2.97959523721e-09, 3.49168161051e-09, 3.6636131906e-09, 1.17207465955e-09, 8.29102397848e-10, 6.20329954071e-10, 8.81762995952e-10, 1.00611008413e-09, 4.67384853042e-10, 7.69909191956e-10, 7.06276037654e-10, 4.32410662832e-10, 9.27459428701e-11, 6.08181768835e-11, 3.08562723983e-11, 3.20962943723e-11], "dvar2": [0.000132888875669, 0.000112280431495, 1.32609366119e-05, 1.87777732208e-05, 1.30074622575e-05, 5.46945875612e-06, 3.891794222e-06, 4.48389272378e-07, 1.04011306234e-07, 2.35552690242e-07, 2.17765983024e-08, 3.38530092847e-08, 4.29589142037e-10, 4.16397444303e-10, 1.75980396921e-09, 5.99130256518e-09, 2.3611318456e-10, 5.05203434642e-10, 2.02035965735e-09, 6.58365251205e-10, 9.59885948504e-09, 6.58497745221e-09, 5.33822452908e-09, 4.59082905024e-09, 7.82519826714e-09, 9.22517351398e-09, 9.7519361475e-09, 2.67405564358e-09, 2.09661132899e-09, 1.53466939157e-09, 2.25354601646e-09, 2.7630753241e-09, 1.11950670956e-09, 1.96083571602e-09, 1.86865634078e-09, 1.11340592301e-09, 2.37477704168e-10, 1.55859491979e-10, 7.72820557549e-11, 8.54153900387e-11], "max": [0.0773497521877, 0.075077265501, 0.0215138662606, 0.0550731904805, 0.0446552559733, 0.0208564419299, 0.0295918099582, 0.0156756509095, 0.00865296926349, 0.00710006058216, 0.0040004439652, 0.00427980255336, 0.000435699737864, 0.000320689345244, 0.000760857074056, 0.00170900451485, 0.000145178826642, 0.00026404572418, 0.000438292860053, 0.000276580976788, 0.00127321796026, 0.000802757102065, 0.000676796946209, 0.000804272654932, 0.000839027808979, 0.000881437386852, 0.00117270229384, 0.00060756545281, 0.000555994512979, 0.000470138678793, 0.000501385191455, 0.000516404339578, 0.000295940466458, 0.000237606218434, 0.000229406621656, 0.000175893117557, 8.28177435324e-05, 6.64331455482e-05, 4.85479686176e-05, 4.8247842642e-05], "mean": [0.0178572535515, 0.00654256716371, 0.000554962432943, 0.00075711455429, 0.00037414682447, 0.000301752297673, 0.000277242797893, 8.03662842372e-05, 4.8033951316e-05, 9.79867836577e-05, 3.11117182719e-05, 2.72487359325e-05, 4.99454063174e-06, 3.23125891555e-06, 6.19923594058e-06, 9.67083269643e-06, 2.24407654059e-06, 2.01956277124e-06, 3.36934795087e-06, 3.97791700379e-06, 6.11216955804e-06, 4.24324980486e-06, 3.96541736336e-06, 3.66050494449e-06, 4.37038488599e-06, 5.06406331624e-06, 4.97163091495e-06, 3.47417699231e-06, 2.58340583059e-06, 2.74436115433e-06, 3.09672032017e-06, 4.81230972582e-06, 6.15991484665e-06, 9.01950352272e-06, 9.20951151784e-06, 9.3752396424e-06, 3.73561010747e-06, 2.64718823928e-06, 1.81315647296e-06, 1.47460093558e-06], "median": [0.0185321867466, 0.00558405229822, 0.000140593168908, 1.51216745508e-05, 7.96231415734e-06, 3.23707936332e-05, 2.92785480269e-05, 2.01679085876e-06, 1.87205955626e-06, 1.20002096082e-05, 9.24646974454e-06, 4.46583089797e-06, 1.52511017859e-06, 8.49867603847e-07, 1.33638775424e-06, 6.59568229366e-07, 9.68176294691e-08, 1.56664668793e-07, 6.40472990199e-08, 6.94478874408e-09, 6.25189144898e-09, 4.15398115905e-09, 4.71886529851e-09, 2.70368682997e-09, 4.11001588319e-09, 5.79224801456e-09, 2.93494140102e-09, 1.75093273214e-09, 2.49122455998e-09, 4.18797307944e-09, 2.11756745472e-09, 5.06064079531e-09, 1.02704564853e-08, 3.36854344418e-09, 3.3578850811e-09, 2.33122698923e-09, 7.31378291263e-10, 4.01234129255e-10, 1.76883965808e-10, 9.93846116515e-11], "min": [1.20004281915e-24, 1.02674733461e-24, 3.67671501845e-24, 5.42500748926e-24, 4.55812232405e-24, 1.20502700013e-23, 1.04997575812e-23, 1.05032956223e-23, 1.88713404117e-23, 1.16098008374e-23, 5.65544638145e-24, 6.45895051722e-24, 5.40916519013e-24, 4.64594660306e-24, 1.27195064611e-23, 1.92230824453e-23, 1.71433910859e-23, 6.23799964957e-24, 9.41159495988e-24, 1.22257268661e-23, 1.72876769009e-23, 1.7888407102e-23, 1.11287447799e-23, 1.02245500437e-23, 7.19077007368e-24, 1.05266175061e-23, 6.56018227618e-24, 6.56476003601e-24, 1.13342564563e-23, 8.83437675806e-24, 1.47014516434e-23, 9.30834805575e-24, 5.50072551438e-24, 7.39306161991e-24, 1.37014852491e-23, 7.56513821575e-24, 1.24261432899e-23, 1.05435385725e-23, 1.27550580555e-23, 1.04225730636e-23], "var": [0.000234339022427, 5.95886704104e-05, 3.50989489561e-06, 1.55607303896e-05, 5.34860600965e-06, 1.48094852648e-06, 2.35145989791e-06, 1.64932316693e-07, 4.24628474605e-08, 1.25138186036e-07, 9.77820491244e-09, 1.16218927815e-08, 1.83706147516e-10, 1.71023195605e-10, 7.21132209502e-10, 2.69104916129e-09, 1.10999022473e-10, 1.47359124902e-10, 6.92420232262e-10, 4.39593195178e-10, 3.32699712224e-09, 1.88895743491e-09, 1.61419544398e-09, 1.47526169059e-09, 2.115960962e-09, 2.48107068224e-09, 2.73246314464e-09, 1.08771769369e-09, 6.42563224851e-10, 5.11748310394e-10, 6.75499378655e-10, 6.92930490764e-10, 4.48856396496e-10, 6.3948873974e-10, 5.983401552e-10, 5.39710887093e-10, 9.14634548654e-11, 5.13926366741e-11, 2.61153026287e-11, 2.29823920311e-11]}, "mfcc": {"mean": [-847.368103027, 146.735824585, 72.7713851929, 2.83220720291, -5.43289613724, 25.5366973877, 11.5176973343, 15.2747097015, 5.18286132812, 13.0226716995, 10.865187645, 4.99264526367, 8.42586517334], "cov": [[14957.8798828, -3142.38525391, 1784.56481934, 2045.53942871, 612.046813965, 885.274230957, -653.827941895, 800.527038574, 425.027069092, 621.824707031, 192.676300049, 191.591903687, 123.101608276], [-3142.38525391, 7442.22412109, -1530.58825684, -1064.40551758, -124.390060425, -139.797698975, 768.939880371, -145.221176147, 283.44418335, 136.008224487, 253.71925354, -0.928043961525, -23.4285335541], [1784.56481934, -1530.58825684, 3524.82592773, 1337.17724609, 1093.52929688, 1182.13000488, 525.32623291, 701.927429199, 214.716064453, 220.222488403, 21.874704361, 47.1009483337, -21.9313201904], [2045.53942871, -1064.40551758, 1337.17724609, 2462.41674805, 1429.17004395, 756.805786133, 224.35585022, 595.661010742, 392.541870117, 236.578430176, 61.5866470337, 76.3138046265, 26.6167888641], [612.046813965, -124.390060425, 1093.52929688, 1429.17004395, 1248.53918457, 708.965515137, 327.730957031, 438.290679932, 284.362182617, 171.04864502, 95.9458694458, 77.5568084717, -13.8495759964], [885.274230957, -139.797698975, 1182.13000488, 756.805786133, 708.965515137, 761.590332031, 394.082397461, 406.633728027, 223.236572266, 208.495513916, 130.880233765, 58.1055488586, -30.4920597076], [-653.827941895, 768.939880371, 525.32623291, 224.35585022, 327.730957031, 394.082397461, 519.101867676, 254.78553772, 150.836044312, 90.4222183228, 103.224739075, 45.8060379028, -43.3242149353], [800.527038574, -145.221176147, 701.927429199, 595.661010742, 438.290679932, 406.633728027, 254.78553772, 387.613067627, 218.473419189, 153.168121338, 78.3910140991, 52.0578155518, 3.41068553925], [425.027069092, 283.44418335, 214.716064453, 392.541870117, 284.362182617, 223.236572266, 150.836044312, 218.473419189, 267.122009277, 179.361846924, 93.9917678833, 27.1839427948, 24.5315761566], [621.824707031, 136.008224487, 220.222488403, 236.578430176, 171.04864502, 208.495513916, 90.4222183228, 153.168121338, 179.361846924, 213.930206299, 126.539581299, 43.0510063171, 3.64529848099], [192.676300049, 253.71925354, 21.874704361, 61.5866470337, 95.9458694458, 130.880233765, 103.224739075, 78.3910140991, 93.9917678833, 126.539581299, 190.207992554, 102.703926086, 12.4615135193], [191.591903687, -0.928043961525, 47.1009483337, 76.3138046265, 77.5568084717, 58.1055488586, 45.8060379028, 52.0578155518, 27.1839427948, 43.0510063171, 102.703926086, 134.315933228, 47.2753944397], [123.101608276, -23.4285335541, -21.9313201904, 26.6167888641, -13.8495759964, -30.4920597076, -43.3242149353, 3.41068553925, 24.5315761566, 3.64529848099, 12.4615135193, 47.2753944397, 129.054840088]], "icov": [[0.000142967153806, -3.89699307561e-05, -2.52167410508e-06, -0.000150389532791, 0.000313133612508, -0.000399554468459, 0.000621268234681, -0.000396856630687, 8.55086618685e-05, -0.000126248734887, 7.33425913495e-05, -0.000259259308223, 0.000120594530017], [-3.89699307561e-05, 0.000298394938, 0.000113712550956, 0.000242054331466, -0.000406295526773, 0.000406624050811, -0.000904613756575, 0.000486460601678, -0.000302187836496, -0.000259033142356, -9.42496117204e-05, 0.000368196546333, -0.00026434060419], [-2.52167410508e-06, 0.000113712550956, 0.000817640393507, 2.63372148765e-05, -7.01574972481e-05, -0.00101714592893, -0.000260226748651, -0.000578042992856, 0.000857989303768, -0.000582231092267, 0.000856866827235, -9.16315457289e-06, -0.000389398424886], [-0.000150389532791, 0.000242054331466, 2.63372148765e-05, 0.00186627975199, -0.00228280364536, 0.00106355873868, -0.000471624487545, -0.000433871260611, -0.000484699063236, -0.00041355099529, 0.000399634125642, 0.000405436992878, -0.000416881783167], [0.000313133612508, -0.000406295526773, -7.01574972481e-05, -0.00228280364536, 0.00515778828412, -0.0039322716184, 0.00215490884148, -8.68791903486e-05, -0.00167489994783, 0.00250116293319, 0.00023744686041, -0.00227677077055, 0.00149540300481], [-0.000399554468459, 0.000406624050811, -0.00101714592893, 0.00106355873868, -0.0039322716184, 0.00944832246751, -0.00469467835501, -0.000957943033427, 0.0023685018532, -0.0039527034387, -0.00220104889013, 0.00330873951316, -0.00101568317041], [0.000621268234681, -0.000904613756575, -0.000260226748651, -0.000471624487545, 0.00215490884148, -0.00469467835501, 0.00915685202926, -0.00411139521748, -0.00148258218542, 0.00379059812985, -0.00108616193756, -0.00232146773487, 0.00273092533462], [-0.000396856630687, 0.000486460601678, -0.000578042992856, -0.000433871260611, -8.68791903486e-05, -0.000957943033427, -0.00411139521748, 0.0126088103279, -0.00683221919462, 0.000730857194867, 0.00189440615941, -0.00248230504803, 0.000513478706125], [8.55086618685e-05, -0.000302187836496, 0.000857989303768, -0.000484699063236, -0.00167489994783, 0.0023685018532, -0.00148258218542, -0.00683221919462, 0.018141662702, -0.0118486136198, -0.000200721740839, 0.0048844893463, -0.00471164099872], [-0.000126248734887, -0.000259033142356, -0.000582231092267, -0.00041355099529, 0.00250116293319, -0.0039527034387, 0.00379059812985, 0.000730857194867, -0.0118486136198, 0.0210317932069, -0.00900389906019, 0.000839582120534, 0.00286750588566], [7.33425913495e-05, -9.42496117204e-05, 0.000856866827235, 0.000399634125642, 0.00023744686041, -0.00220104889013, -0.00108616193756, 0.00189440615941, -0.000200721740839, -0.00900389906019, 0.0189985670149, -0.0125259803608, 0.00211336417124], [-0.000259259308223, 0.000368196546333, -9.16315457289e-06, 0.000405436992878, -0.00227677077055, 0.00330873951316, -0.00232146773487, -0.00248230504803, 0.0048844893463, 0.000839582120534, -0.0125259803608, 0.0200197976083, -0.00702366651967], [0.000120594530017, -0.00026434060419, -0.000389398424886, -0.000416881783167, 0.00149540300481, -0.00101568317041, 0.00273092533462, 0.000513478706125, -0.00471164099872, 0.00286750588566, 0.00211336417124, -0.00702366651967, 0.0116126118228]]}, "spectral_contrast_coeffs": {"dmean": [0.0456483513117, 0.0501551367342, 0.0377808921039, 0.0358363352716, 0.0216781217605, 0.0237037204206], "dmean2": [0.0718670934439, 0.0778590068221, 0.0585986077785, 0.0568475909531, 0.0334381237626, 0.038488317281], "dvar": [0.00205443194136, 0.00238294829614, 0.00124359072652, 0.00143734773155, 0.00050406815717, 0.000729499617592], "dvar2": [0.00492607150227, 0.00546659482643, 0.00285657215863, 0.00321840401739, 0.00103097816464, 0.00183976464905], "max": [-0.351857870817, -0.266824245453, -0.336749136448, -0.402929067612, -0.633982241154, -0.54117757082], "mean": [-0.691061139107, -0.629070043564, -0.692038118839, -0.722421944141, -0.842210114002, -0.821381390095], "median": [-0.656643331051, -0.636994838715, -0.687120676041, -0.719923913479, -0.84183382988, -0.827694773674], "min": [-0.990346372128, -0.969349205494, -0.972658216953, -0.984883368015, -0.967813134193, -0.966755092144], "var": [0.0121670803055, 0.0164109580219, 0.011792964302, 0.0109462523833, 0.00397667847574, 0.00771749112755]}, "spectral_contrast_valleys": {"dmean": [0.631293773651, 0.624883830547, 0.468309998512, 0.52593010664, 0.56572830677, 0.837074756622], "dmean2": [0.92123144865, 1.02262783051, 0.747930288315, 0.838781416416, 0.786078870296, 1.08061397076], "dvar": [0.635065197945, 0.836028158665, 0.513499319553, 0.652621924877, 0.679935991764, 1.00378835201], "dvar2": [1.18600296974, 1.84378635883, 1.15449213982, 1.42234241962, 1.3720523119, 2.06520652771], "max": [-4.36331176758, -4.27507925034, -5.79692029953, -5.78721809387, -4.49929523468, -7.27471876144], "mean": [-8.