{"lowlevel": {"average_loudness": 0.913469195366, "barkbands_crest": {"dmean": 2.09670209885, "dmean2": 3.31776428223, "dvar": 5.31483268738, "dvar2": 13.5815811157, "max": 26.0666942596, "mean": 13.3198480606, "median": 12.393415451, "min": 3.38976311684, "var": 19.2223911285}, "barkbands_flatness_db": {"dmean": 0.0316943265498, "dmean2": 0.0413167215884, "dvar": 0.00113528477959, "dvar2": 0.00203266250901, "max": 0.519791483879, "mean": 0.27281871438, "median": 0.270288228989, "min": 0.0430841594934, "var": 0.00593054387718}, "barkbands_kurtosis": {"dmean": 8.0077791214, "dmean2": 12.1285715103, "dvar": 150.908462524, "dvar2": 354.066375732, "max": 282.954101562, "mean": 17.5248889923, "median": 11.1132545471, "min": -1.93383908272, "var": 404.761016846}, "barkbands_skewness": {"dmean": 0.767516195774, "dmean2": 1.13042855263, "dvar": 0.743531763554, "dvar2": 1.69791090488, "max": 13.7507886887, "mean": 2.44010972977, "median": 2.14165496826, "min": -3.53019213676, "var": 2.30665659904}, "barkbands_spread": {"dmean": 1.84228610992, "dmean2": 2.85917901993, "dvar": 14.0450429916, "dvar2": 33.7987937927, "max": 109.340187073, "mean": 5.14741849899, "median": 3.65740728378, "min": 0.19270645082, "var": 46.7022972107}, "dissonance": {"dmean": 0.0325886011124, "dmean2": 0.0500821880996, "dvar": 0.00101979367901, "dvar2": 0.00245991465636, "max": 0.499656915665, "mean": 0.365746051073, "median": 0.375284671783, "min": 0.13506424427, "var": 0.0046820146963}, "dynamic_complexity": 3.88044166565, "erbbands_crest": {"dmean": 2.57922458649, "dmean2": 3.77905869484, "dvar": 7.99898576736, "dvar2": 17.5930309296, "max": 29.1406669617, "mean": 14.9811677933, "median": 14.2987499237, "min": 2.73539090157, "var": 30.7817382812}, "erbbands_flatness_db": {"dmean": 0.0319511033595, "dmean2": 0.0393974818289, "dvar": 0.00103186711203, "dvar2": 0.00166410498787, "max": 0.475178420544, "mean": 0.243527799845, "median": 0.240550935268, "min": 0.0564773418009, "var": 0.00626252405345}, "erbbands_kurtosis": {"dmean": 3.85063409805, "dmean2": 5.66520452499, "dvar": 36.3593788147, "dvar2": 79.7206344604, "max": 127.167770386, "mean": 7.98003864288, "median": 4.92604637146, "min": -1.77880728245, "var": 111.819145203}, "erbbands_skewness": {"dmean": 0.536833405495, "dmean2": 0.766062378883, "dvar": 0.360550612211, "dvar2": 0.811667442322, "max": 9.19704627991, "mean": 1.96306908131, "median": 1.83360481262, "min": -1.73301136494, "var": 1.44461238384}, "erbbands_spread": {"dmean": 6.79058647156, "dmean2": 9.87644386292, "dvar": 120.50567627, "dvar2": 250.841705322, "max": 119.979660034, "mean": 17.6042289734, "median": 12.8999700546, "min": 0.523340523243, "var": 236.629867554}, "hfc": {"dmean": 2.53059148788, "dmean2": 3.28860664368, "dvar": 14.035569191, "dvar2": 27.5904140472, "max": 48.4359283447, "mean": 8.38924217224, "median": 6.85778808594, "min": 1.16762565337e-16, "var": 48.4032287598}, "melbands_crest": {"dmean": 2.52056670189, "dmean2": 3.97567439079, "dvar": 6.9527797699, "dvar2": 17.6995506287, "max": 31.741399765, "mean": 16.5936260223, "median": 15.610502243, "min": 3.05207753181, "var": 27.7673435211}, "melbands_flatness_db": {"dmean": 0.0349523127079, "dmean2": 0.0462272167206, "dvar": 0.00151651538908, "dvar2": 0.00275431829505, "max": 0.65656799078, "mean": 0.373831570148, "median": 0.373131334782, "min": 0.0126359937713, "var": 0.00737717142329}, "melbands_kurtosis": {"dmean": 9.78631496429, "dmean2": 14.7988986969, "dvar": 281.642944336, "dvar2": 687.631408691, "max": 300.923034668, "mean": 19.118106842, "median": 10.9092655182, "min": -1.24433898926, "var": 534.906494141}, "melbands_skewness": {"dmean": 0.765558004379, "dmean2": 1.12063133717, "dvar": 0.964187204838, "dvar2": 2.18857693672, "max": 12.9969873428, "mean": 2.31935405731, "median": 1.97000002861, "min": -1.71794915199, "var": 2.67220187187}, "melbands_spread": {"dmean": 1.43463599682, "dmean2": 2.24122977257, "dvar": 11.5689163208, "dvar2": 25.6442966461, "max": 140.00881958, "mean": 5.07345676422, "median": 4.18369674683, "min": 0.429801493883, "var": 19.5209960938}, "pitch_salience": {"dmean": 0.0585911720991, "dmean2": 0.0909751579165, "dvar": 0.00402550026774, "dvar2": 0.00976997613907, "max": 0.959804952145, "mean": 0.515199422836, "median": 0.52227473259, "min": 0.0892837718129, "var": 0.0171946249902}, "silence_rate_20dB": {"dmean": 0, "dmean2": 0, "dvar": 0, "dvar2": 0, "max": 1, "mean": 1, "median": 1, "min": 1, "var": 0}, "silence_rate_30dB": {"dmean": 0.0176648516208, "dmean2": 0.0353339798748, "dvar": 0.0173517651856, "dvar2": 0.0425582900643, "max": 1, "mean": 0.983789026737, "median": 1, "min": 0, "var": 0.0159460492432}, "silence_rate_60dB": {"dmean": 0.0166969150305, "dmean2": 0.0333978720009, "dvar": 0.016419744119, "dvar2": 0.0342180170119, "max": 1, "mean": 0.107186064124, "median": 0, "min": 0, "var": 0.0956904515624}, "spectral_centroid": {"dmean": 68.2971878052, "dmean2": 103.457984924, "dvar": 27422.9140625, "dvar2": 50547.4335938, "max": 10540.7724609, "mean": 407.83895874, "median": 370.515625, "min": 140.697647095, "var": 43454.5820312}, "spectral_complexity": {"dmean": 1.49836659431, "dmean2": 2.39109396935, "dvar": 6.58024311066, "dvar2": 15.4728565216, "max": 34, "mean": 8.2472782135, "median": 8, "min": 0, "var": 14.9238538742}, "spectral_decrease": {"dmean": 2.39560637993e-09, "dmean2": 3.36785266342e-09, "dvar": 1.82744777567e-17, "dvar2": 4.08234179461e-17, "max": 1.5447999486e-15, "mean": -7.51933981746e-09, "median": -5.85138248965e-09, "min": -4.18935393043e-08, "var": 4.71683233783e-17}, "spectral_energy": {"dmean": 0.00924966391176, "dmean2": 0.0129687190056, "dvar": 0.000268637784757, "dvar2": 0.000598076847382, "max": 0.160070955753, "mean": 0.0291404910386, "median": 0.022797614336, "min": 1.04802596154e-20, "var": 0.000700483971741}, "spectral_energyband_high": {"dmean": 8.58904459164e-05, "dmean2": 0.000128456245875, "dvar": 3.66744288272e-08, "dvar2": 8.65038174425e-08, "max": 0.00239937007427, "mean": 9.09065056476e-05, "median": 1.771378993e-05, "min": 7.42688475066e-21, "var": 3.99327788614e-08}, "spectral_energyband_low": {"dmean": 0.00537540018559, "dmean2": 0.00868825707585, "dvar": 0.000212793995161, "dvar2": 0.000535643426701, "max": 0.15230512619, "mean": 0.00971591752023, "median": 0.00459926109761, "min": 5.31860877026e-23, "var": 0.000264273810899}, "spectral_energyband_middle_high": {"dmean": 0.000328390917275, "dmean2": 0.000433721404988, "dvar": 4.41328751322e-07, "dvar2": 9.22218760024e-07, "max": 0.0107963057235, "mean": 0.000806661671959, "median": 0.000391538371332, "min": 1.46739578845e-21, "var": 1.21362563732e-06}, "spectral_energyband_middle_low": {"dmean": 0.00587881542742, "dmean2": 0.00743676209822, "dvar": 8.89586153789e-05, "dvar2": 0.000150740437675, "max": 0.134691476822, "mean": 0.0191854946315, "median": 0.0140393991023, "min": 4.41104108576e-22, "var": 0.000365362095181}, "spectral_entropy": {"dmean": 0.347063064575, "dmean2": 0.447801560163, "dvar": 0.160757139325, "dvar2": 0.262006282806, "max": 9.79336547852, "mean": 6.03903388977, "median": 5.96764230728, "min": 3.90684866905, "var": 0.663386702538}, "spectral_flux": {"dmean": 0.025276651606, "dmean2": 0.0374290645123, "dvar": 0.00140069040935, "dvar2": 0.00272851064801, "max": 0.35593521595, "mean": 0.0542821250856, "median": 0.0399642437696, "min": 1.02373137745e-10, "var": 0.00283207395114}, "spectral_kurtosis": {"dmean": 10.8507003784, "dmean2": 16.5418720245, "dvar": 163.501022339, "dvar2": 364.854522705, "max": 165.01675415, "mean": 26.9883384705, "median": 16.7193565369, "min": -1.18118405342, "var": 722.325561523}, "spectral_rms": {"dmean": 0.000742117408663, "dmean2": 0.00100811047014, "dvar": 1.2293172631e-06, "dvar2": 2.5611102501e-06, "max": 0.0124966707081, "mean": 0.00477404613048, "median": 0.00471609737724, "min": 3.19759973708e-12, "var": 5.63826824873e-06}, "spectral_rolloff": {"dmean": 70.5339736938, "dmean2": 124.284667969, "dvar": 100272.203125, "dvar2": 213708.671875, "max": 19186.0839844, "mean": 481.066802979, "median": 387.59765625, "min": 86.1328125, "var": 1272615.375}, "spectral_skewness": {"dmean": 0.813799619675, "dmean2": 1.17562675476, "dvar": 0.637425005436, "dvar2": 1.2839422226, "max": 11.1453256607, "mean": 3.83039832115, "median": 3.36450338364, "min": 0.0512103587389, "var": 3.42979359627}, "spectral_spread": {"dmean": 981306.25, "dmean2": 1335401.375, "dvar": 1213779935230.0, "dvar2": 2288164798460.0, "max": 40170256, "mean": 3337847, "median": 2794846.25, "min": 602495.25, "var": 4247516872700.0}, "spectral_strongpeak": {"dmean": 0.307299822569, "dmean2": 0.460028707981, "dvar": 0.206772878766, "dvar2": 0.425960630178, "max": 5.24779987335, "mean": 0.989770293236, "median": 0.756066441536, "min": 2.80366463379e-09, "var": 0.558272242546}, "zerocrossingrate": {"dmean": 0.00466794520617, "dmean2": 0.00599846197292, "dvar": 6.61635931465e-05, "dvar2": 0.000114890237455, "max": 0.564453125, "mean": 0.0226893648505, "median": 0.01806640625, "min": 0.00439453125, "var": 0.000745422905311}, "barkbands": {"dmean": [0.000284324458335, 0.0034984650556, 0.00208787131123, 0.000960807141382, 0.00220826151781, 0.00373001443222, 0.000275414378848, 0.000125499893329, 0.000115014845505, 4.41404881713e-05, 4.82518225908e-05, 0.000136803879286, 5.17410662724e-05, 4.52640379081e-05, 3.83484948543e-05, 2.03762265301e-05, 1.86497418326e-05, 1.86219331226e-05, 7.62672607379e-06, 1.46899583342e-05, 2.19416160689e-05, 2.1551930331e-05, 9.7169449873e-06, 1.00391098385e-05, 1.2147704183e-05, 7.05602542439e-06, 1.3099897842e-06], "dmean2": [0.000454439112218, 0.00580927543342, 0.00346830138005, 0.00109972013161, 0.00308988639154, 0.00503945630044, 0.000385235849535, 0.000177308160346, 0.000150715612108, 6.26489563729e-05, 6.59024444758e-05, 0.000150336403749, 8.00493362476e-05, 7.5405172538e-05, 6.21443105047e-05, 3.2113326597e-05, 3.04964232782e-05, 2.91186552204e-05, 1.29595428007e-05, 2.29288943956e-05, 3.43665960827e-05, 3.50800801243e-05, 1.53782511916e-05, 1.53494165716e-05, 1.85589015018e-05, 1.05161070678e-05, 1.9495998913e-06], "dvar": [8.48295258038e-07, 0.00014279683819, 2.04177285923e-05, 8.48938907438e-06, 1.7448053768e-05, 5.27258634975e-05, 4.38223537458e-07, 9.28129963995e-08, 4.14571381668e-08, 1.26500241393e-08, 2.47868747749e-08, 1.39395481824e-07, 2.04521182212e-08, 2.00462295652e-08, 1.0931761274e-08, 5.35786170985e-09, 3.03081182373e-09, 2.63021848745e-09, 8.16562817363e-10, 1.35320976646e-09, 2.79499734468e-09, 4.04287980871e-09, 5.99865435102e-10, 6.15731798881e-10, 7.36810390478e-10, 2.60559518406e-10, 9.33907898931e-12], "dvar2": [1.93957566808e-06, 0.000376135343686, 5.36067964276e-05, 1.04141572592e-05, 2.94375658996e-05, 0.000104224222014, 7.42355837247e-07, 1.79707058123e-07, 8.04164415058e-08, 2.64649653303e-08, 5.07563662211e-08, 1.71939447569e-07, 4.89205405074e-08, 5.40585354258e-08, 2.87440489188e-08, 1.36946685103e-08, 7.93820920109e-09, 6.63680976842e-09, 2.23610352457e-09, 3.38670491651e-09, 6.94283652791e-09, 1.03785158245e-08, 1.5134133946e-09, 1.48840395564e-09, 1.69008840256e-09, 5.66190538898e-10, 2.00651630727e-11], "max": [0.0094849774614, 0.126253396273, 0.0840790197253, 0.0596151798964, 0.0698832795024, 0.111604779959, 0.0334121584892, 0.00779411848634, 0.00465330621228, 0.00197486416437, 0.00673832977191, 0.0100774308667, 0.00250970129855, 0.00215044966899, 0.0021133297123, 0.00104480306618, 0.000659293786157, 0.00102363352198, 0.000494642183185, 0.000584618595894, 0.000755180022679, 0.000711725850124, 0.000384253973607, 0.000362829101505, 0.000339958176482, 0.000203677816899, 3.51746057277e-05], "mean": [0.000274418620393, 0.00363408285193, 0.00515219336376, 0.00255952100269, 0.00678646285087, 0.00841436069459, 0.000731623615138, 0.00032149074832, 0.000360770209227, 9.91756969597e-05, 0.000132514847792, 0.000323348707752, 7.48701786506e-05, 5.26029507455e-05, 5.10507743456e-05, 2.21341451834e-05, 2.14102674363e-05, 2.39485252678e-05, 6.91122204444e-06, 1.63943932421e-05, 2.34140370594e-05, 1.89368838619e-05, 9.06449804461e-06, 9.7956171885e-06, 1.19656579045e-05, 6.88766795065e-06, 1.28558167489e-06], "median": [2.64818736468e-05, 0.00058895041002, 0.00184044684283, 0.000550740398467, 0.00364425498992, 0.0045884763822, 0.000286514143227, 0.000114595750347, 0.000175326422323, 3.7917670852e-05, 2.97894293908e-05, 5.74901823711e-05, 2.03567797143e-05, 1.27623998196e-05, 1.27814000734e-05, 3.34411606673e-06, 4.6434251999e-06, 5.73402121518e-06, 1.07144535377e-06, 3.50694926965e-06, 4.70622944704e-06, 2.42028545472e-06, 1.08418771561e-06, 9.91041702036e-07, 7.7766077311e-07, 4.58395845726e-07, 8.02650816922e-08], "min": [2.09133810178e-23, 4.22340666982e-23, 2.68556897649e-25, 6.39648180543e-24, 4.27146880933e-23, 6.37098897642e-23, 4.80899231926e-24, 1.5412215319e-23, 2.24493405319e-22, 1.39065600543e-22, 4.53106431612e-23, 1.11527488706e-22, 5.23738165612e-23, 4.18256260759e-23, 8.13799827661e-23, 2.46357474168e-22, 1.77693872396e-22, 1.39574750304e-22, 2.4019648312e-22, 5.26100804023e-22, 3.77743987116e-22, 4.92998382904e-22, 6.1270182798e-22, 8.53235590158e-22, 8.98570782671e-22, 1.73206874481e-21, 2.32662439908e-21], "var": [7.97500717908e-07, 0.000115638053103, 6.05042005191e-05, 4.23095516453e-05, 7.93914878159e-05, 0.000127940103994, 2.53985126619e-06, 3.76472627295e-07, 2.71343509439e-07, 3.57921727812e-08, 1.13744775376e-07, 5.71782095449e-07, 2.8320663148e-08, 1.81818755607e-08, 1.24914478761e-08, 5.03128427809e-09, 2.77116640746e-09, 3.09956149636e-09, 5.70471225814e-10, 1.39035694069e-09, 2.85028778357e-09, 3.27114380028e-09, 5.43911526929e-10, 6.58401888565e-10, 8.21731460654e-10, 2.9912283761e-10, 1.08285888936e-11]}, "erbbands": {"dmean": [0.120902679861, 0.756207704544, 2.35361194611, 2.09087014198, 7.1888051033, 6.08841896057, 9.60236740112, 41.7768516541, 14.5123786926, 3.22487568855, 2.8285484314, 1.81520760059, 1.94734382629, 2.03134846687, 3.25420188904, 3.59654045105, 2.14471316338, 2.72705483437, 1.41626167297, 1.64355111122, 1.2518966198, 1.02860057354, 1.05903434753, 0.492046535015, 0.491151660681, 0.682656705379, 0.86962723732, 0.822376728058, 0.838083386421, 0.450336098671, 0.277906179428, 0.22027747333, 0.160423532128, 0.12431293726, 0.0917547568679, 0.0369451791048, 0.0131171206012, 0.00228255800903, 0.000230860445299, 1.46205711644e-05], "dmean2": [0.200253218412, 1.31786680222, 3.89237713814, 2.88946318626, 8.46369934082, 9.49316215515, 14.4827136993, 57.48229599, 18.9506816864, 4.31123638153, 3.87001490593, 2.51167702675, 2.62707495689, 2.68048071861, 3.72914838791, 4.19400119781, 3.24241828918, 4.44375610352, 2.30822920799, 2.63874459267, 1.98488950729, 1.65209472179, 1.66629719734, 0.775822103024, 0.818072915077, 1.05727565289, 1.3486289978, 1.29850614071, 1.36865854263, 0.730501055717, 0.437850236893, 0.332515269518, 0.252136558294, 0.193289801478, 0.140954330564, 0.0549823492765, 0.0195891782641, 0.00339397555217, 0.000343571795383, 1.98569086933e-05], "dvar": [0.178382083774, 6.66288089752, 27.9160919189, 18.5447654724, 529.862304688, 109.730636597, 282.98739624, 7023.11376953, 834.888183594, 44.973487854, 36.9238128662, 11.3710079193, 12.5872392654, 29.3647937775, 60.394153595, 85.264793396, 32.9991989136, 60.1202964783, 16.2474365234, 16.2883911133, 17.5473442078, 8.40419578552, 8.20810985565, 2.31055736542, 3.230219841, 2.80905771255, 4.67290353775, 4.43131160736, 5.85242652893, 1.63324832916, 0.495094120502, 0.303712844849, 0.171375721693, 0.08731739223, 0.0426961034536, 0.00704584317282, 0.000919772486668, 2.75342845271e-05, 2.84104658022e-07, 7.00416724619e-10], "dvar2": [0.439741998911, 18.604675293, 70.6184692383, 34.0971336365, 672.873168945, 279.365386963, 619.766723633, 14432.4755859, 1469.84057617, 87.7405014038, 69.0968093872, 24.2617473602, 26.734910965, 58.3173980713, 81.7362136841, 116.363471985, 77.5386199951, 159.724365234, 42.4319229126, 41.6659164429, 44.4587669373, 21.722612381, 20.9764270782, 6.02996683121, 8.86963367462, 6.93107461929, 11.5947732925, 11.2490367889, 15.0263023376, 4.19827985764, 1.23516631126, 0.720559060574, 0.429982602596, 0.209590166807, 0.0977598875761, 0.0156939923763, 0.00201628613286, 5.79906518396e-05, 6.08753850884e-07, 1.40271316784e-09], "max": [4.21185827255, 27.3030090332, 102.129501343, 73.2880554199, 441.985015869, 172.102844238, 295.92086792, 1283.63830566, 596.559143066, 204.272598267, 147.01171875, 77.5617752075, 93.3857650757, 150.439041138, 188.777206421, 244.39680481, 106.4088974, 99.678276062, 58.5224227905, 64.9209442139, 57.8528938293, 35.0186843872, 52.2895927429, 30.7257461548, 35.7711143494, 21.2524967194, 42.3341331482, 31.5386638641, 26.9356460571, 19.5835781097, 11.5955343246, 11.0105752945, 6.17405080795, 3.97932815552, 2.92439675331, 1.0906624794, 0.372504085302, 0.0631902739406, 0.0061132228002, 0.000329895759933], "mean": [0.101616509259, 0.869808018208, 4.96838903427, 7.0248670578, 17.1247825623, 22.1261520386, 30.1066970825, 87.3134002686, 32.2900848389, 10.5320396423, 7.59438991547, 5.33023691177, 6.19298553467, 6.13532876968, 8.34678840637, 8.35874938965, 3.4726293087, 3.42684912682, 1.75032508373, 2.25035262108, 1.43129873276, 1.25380194187, 1.39756548405, 0.549444496632, 0.476969301701, 0.75960958004, 0.95567548275, 0.829217493534, 0.743481576443, 0.402498304844, 0.260679453611, 0.221599176526, 0.145597577095, 0.118168793619, 0.0909739136696, 0.0358989462256, 0.0126825291663, 0.00223614345305, 0.000238540553255, 3.90945679101e-05], "median": [0.0142214372754, 0.240789711475, 2.33403325081, 2.59208393097, 2.6602807045, 9.8646774292, 18.7837600708, 45.8481140137, 16.6101512909, 4.92456817627, 2.94986629486, 2.87038302422, 3.18849611282, 2.33425331116, 2.57268381119, 2.01397180557, 1.20317602158, 0.974071145058, 0.523851513863, 0.575930595398, 0.281036883593, 0.306954652071, 0.343011081219, 0.123661667109, 0.0815875977278, 0.168509736657, 0.206186413765, 0.143007680774, 0.100042268634, 0.0493703484535, 0.029003880918, 0.0233206227422, 0.0135107878596, 0.00819292664528, 0.0056398306042, 0.00248700031079, 0.000807196542155, 0.00013185419084, 3.12539450533e-05, 2.94150304398e-05], "min": [1.31193844085e-21, 8.99140882981e-21, 4.14401896473e-21, 1.15757286664e-20, 3.37593249057e-20, 1.75577654089e-19, 3.88891236023e-19, 5.67540870885e-19, 1.49455316194e-19, 1.28493706441e-19, 1.21863267051e-18, 4.14408511979e-18, 6.63577977229e-18, 2.23443631211e-18, 2.79619637959e-18, 4.23455427698e-18, 3.05325392188e-18, 1.65952583066e-18, 2.65479212862e-18, 7.83108594952e-18, 1.38638622222e-17, 1.14769465379e-17, 7.37940811194e-18, 1.08434850074e-17, 1.78134949644e-17, 2.66921489114e-17, 1.34398064268e-17, 1.66907379035e-17, 1.89501288072e-17, 1.87831574374e-17, 1.46403060575e-17, 1.25620114598e-17, 1.65793696146e-17, 1.11388488702e-17, 6.4989545864e-18, 7.04465638985e-18, 2.88328629718e-18, 1.39615317798e-18, 3.14252945744e-19, 3.26724742043e-20], "var": [0.146454185247, 5.23722457886, 66.7719802856, 96.5389480591, 2454.02612305, 772.350646973, 1195.32666016, 15587.2763672, 2314.34985352, 258.134521484, 164.329147339, 54.9680213928, 71.858795166, 130.126296997, 256.762298584, 332.306060791, 49.5460586548, 58.6519012451, 15.3220977783, 20.6012878418, 16.711566925, 8.38812255859, 10.0019311905, 2.05049324036, 2.30920696259, 2.9651119709, 4.89142799377, 4.11916017532, 4.7543592453, 1.33888864517, 0.462333619595, 0.359720081091, 0.151229038835, 0.08834220469, 0.0479452945292, 0.00792279001325, 0.00103603163734, 3.27326415572e-05, 3.31764908879e-07, 1.51873824628e-09]}, "gfcc": {"mean": [-109.980140686, 149.768615723, -68.2593307495, 4.82551145554, -60.6955223083, -4.96760320663, -37.474822998, -13.0886249542, -24.3777770996, 1.06039106846, -11.5083503723, 4.22124576569, -2.5481159687], "cov": [[12011.1669922, -1886.73706055, -807.45135498, 1782.09692383, -155.299224854, 727.064575195, -315.605102539, 385.433258057, -286.817626953, 447.844573975, -230.922012329, 155.199020386, -121.643470764], [-1886.73706055, 1823.47070312, -86.1304931641, -498.980529785, 200.639892578, -212.45652771, 272.939208984, -292.935302734, 122.524650574, -305.052337646, 138.477722168, -81.9722976685, 171.31262207], [-807.45135498, -86.1304931641, 885.057983398, 4.16530275345, 111.64125061, 91.7493591309, 39.2830581665, 62.5207633972, -65.0183181763, 54.0019264221, -62.0585327148, 38.682094574, -61.1794929504], [1782.09692383, -498.980529785, 4.16530275345, 594.796508789, 64.4085998535, 155.708938599, -41.4765319824, 92.9938278198, -27.5636196136, 99.2058258057, -75.4627761841, -28.1370296478, -70.370262146], [-155.299224854, 200.639892578, 111.64125061, 64.4085998535, 277.57421875, 97.7370834351, 87.8003463745, -11.0836782455, 11.656624794, -23.2073116302, -21.2127075195, -5.04296159744, -14.5470838547], [727.064575195, -212.45652771, 91.7493591309, 155.708938599, 97.7370834351, 254.121200562, 34.8335189819, 48.4837913513, -64.7540588379, 28.4595050812, -37.7277526855, 18.9845314026, -25.3876190186], [-315.605102539, 272.939208984, 39.2830581665, -41.4765319824, 87.8003463745, 34.8335189819, 149.8934021, -17.1639499664, 15.7137298584, -35.6319160461, 18.5395431519, 1.87113392353, 17.0805530548], [385.433258057, -292.935302734, 62.5207633972, 92.9938278198, -11.0836782455, 48.4837913513, -17.1639499664, 155.447219849, 14.2536821365, 75.313659668, -34.1494293213, 19.0358352661, -36.3164253235], [-286.817626953, 122.524650574, -65.0183181763, -27.5636196136, 11.656624794, -64.7540588379, 15.7137298584, 14.2536821365, 111.618118286, 15.9580230713, 22.7565574646, -14.9164209366, 6.97813844681], [447.844573975, -305.052337646, 54.0019264221, 99.2058258057, -23.2073116302, 28.4595050812, -35.6319160461, 75.313659668, 15.9580230713, 152.464019775, 7.97989559174, 34.2859115601, -38.8807144165], [-230.922012329, 138.477722168, -62.0585327148, -75.4627761841, -21.2127075195, -37.7277526855, 18.5395431519, -34.1494293213, 22.7565574646, 7.97989559174, 107.700164795, 34.7651939392, 28.8717803955], [155.199020386, -81.9722976685, 38.682094574, -28.1370296478, -5.04296159744, 18.9845314026, 1.87113392353, 19.0358352661, -14.9164209366, 34.2859115601, 34.7651939392, 99.8115768433, 23.7933998108], [-121.643470764, 171.31262207, -61.1794929504, -70.370262146, -14.5470838547, -25.3876190186, 17.0805530548, -36.3164253235, 6.97813844681, -38.8807144165, 28.8717803955, 23.7933998108, 87.9984130859]], "icov": [[0.00035198542173, -0.000563595676795, 0.000516169646289, -0.00101982441265, 0.000611025490798, -0.00073928036727, 0.000701472454239, -0.000427857914474, 0.000795197556727, -0.000849478587043, 0.000875084369909, -0.00122532469686, 0.000307889538817], [-0.000563595676795, 0.00347009836696, -0.00112690287642, 0.00240578013472, -0.0024089042563, 0.00230365130119, -0.00364642986096, 0.00239556794986, -0.00264158472419, 0.00341426115483, -0.00318732857704, 0.00409695040435, -0.00277537293732], [0.000516169646289, -0.00112690287642, 0.002270224737, -0.00123548437841, 0.000445407727966, -0.00102957466152, 0.000868435541634, -0.00112768029794, 0.00235687568784, -0.00217206799425, 0.00233561359346, -0.00259492197074, 0.00142907106783], [-0.00101982441265, 0.00240578013472, -0.00123548437841, 0.00583867169917, -0.00282714748755, 0.0013324408792, -0.00215244037099, 0.00127002806403, -0.00229550246149, 0.00146223243792, -0.00220819446258, 0.00532451411709, -0.001311242464], [0.000611025490798, -0.0024089042563, 0.000445407727966, -0.00282714748755, 0.00786987971514, -0.00414198357612, 0.000169156497577, 0.0001162297267, -0.00085146271158, -0.0012495307019, 0.00363963423297, -0.00447497097775, 0.00323548074812], [-0.00073928036727, 0.00230365130119, -0.00102957466152, 0.0013324408792, -0.00414198357612, 0.0095286751166, -0.00436372449622, -0.000293930032058, 0.00262642744929, 0.0016743906308, -0.00214201095514, 0.00295622413978, -0.00193187466357], [0.000701472454239, -0.00364642986096, 0.000868435541634, -0.00215244037099, 0.000169156497577, -0.00436372449622, 0.0137777831405, -0.00298223691061, 0.00102549162693, -0.00154140661471, 0.00108363339677, -0.00399833125994, 0.00177812203765], [-0.000427857914474, 0.00239556794986, -0.00112768029794, 0.00127002806403, 0.0001162297267, -0.000293930032058, -0.00298223691061, 0.0129600455984, -0.00589707028121, -0.00070119072916, 0.00210024090484, -0.000397029769374, 0.000414442794863], [0.000795197556727, -0.00264158472419, 0.00235687568784, -0.00229550246149, -0.00085146271158, 0.00262642744929, 0.00102549162693, -0.00589707028121, 0.0179429836571, -0.00658849906176, 0.000204248804948, 0.000597142847255, -0.000533402024303], [-0.000849478587043, 0.00341426115483, -0.00217206799425, 0.00146223243792, -0.0012495307019, 0.0016743906308, -0.00154140661471, -0.00070119072916, -0.00658849906176, 0.0167128983885, -0.0065357661806, 0.000205370844924, 0.00212009274401], [0.000875084369909, -0.00318732857704, 0.00233561359346, -0.00220819446258, 0.00363963423297, -0.00214201095514, 0.00108363339677, 0.00210024090484, 0.000204248804948, -0.0065357661806, 0.0187436714768, -0.00995844509453, 0.00155172776431], [-0.00122532469686, 0.00409695040435, -0.00259492197074, 0.00532451411709, -0.00447497097775, 0.00295622413978, -0.00399833125994, -0.000397029769374, 0.000597142847255, 0.000205370844924, -0.00995844509453, 0.0228777062148, -0.00936555769295], [0.000307889538817, -0.00277537293732, 0.00142907106783, -0.001311242464, 0.00323548074812, -0.00193187466357, 0.00177812203765, 0.000414442794863, -0.000533402024303, 0.00212009274401, 0.00155172776431, -0.00936555769295, 0.0199430603534]]}, "melbands": {"dmean": [0.000992593588307, 0.00111899897456, 0.000567647803109, 0.000455100554973, 0.000327513378579, 0.000851156364661, 0.000213940249523, 3.327838931e-05, 2.24899631576e-05, 1.28960055008e-05, 9.96574090095e-06, 8.23947902973e-06, 8.07549804449e-06, 1.94037384063e-05, 2.47126445174e-06, 6.78486549077e-06, 4.78248830404e-06, 1.87001353424e-06, 3.64239781447e-06, 1.30837565848e-06, 1.53483358645e-06, 1.18850118724e-06, 8.36477909161e-07, 9.63658180808e-07, 3.39067412369e-07, 3.04479783608e-07, 4.32150528695e-07, 4.67871501542e-07, 5.49996286736e-07, 5.70754082219e-07, 4.44234984798e-07, 4.78809397464e-07, 4.23840333497e-07, 1.95405718273e-07, 1.63813012932e-07, 1.49086773149e-07, 1.29960270101e-07, 1.13361743104e-07, 1.04138372592e-07, 1.12614678471e-07], "dmean2": [0.00164015369955, 0.00187863118481, 0.000698084011674, 0.00061611662386, 0.000502512441017, 0.00116167741362, 0.000277675979305, 4.49404833489e-05, 3.07980080834e-05, 1.74195974978e-05, 1.33656694743e-05, 1.08837957669e-05, 9.91297383734e-06, 2.13791881833e-05, 3.8621492422e-06, 1.04809059849e-05, 7.95439336798e-06, 3.11064832204e-06, 5.91765456193e-06, 2.10514485843e-06, 2.44872103394e-06, 1.94387439478e-06, 1.34481445002e-06, 1.50027130985e-06, 5.44737645214e-07, 5.16871011769e-07, 7.0392292173e-07, 7.30820545414e-07, 8.53751600971e-07, 9.11897359401e-07, 7.04466742718e-07, 7.85056556651e-07, 6.99359645751e-07, 3.15145229024e-07, 2.6251439067e-07, 2.31983747767e-07, 1.96818604081e-07, 1.78264414785e-07, 1.676219199e-07, 1.76618499381e-07], "dvar": [1.1904463463e-05, 7.67064739193e-06, 2.06092863664e-06, 1.05272135897e-06, 2.92787802891e-07, 2.87051375381e-06, 1.76764814341e-07, 4.76941952599e-09, 2.13153961148e-09, 5.25819776609e-10, 3.26850768673e-10, 4.64240312859e-10, 3.92852528286e-10, 2.84779555493e-09, 4.01419626705e-11, 3.26914939563e-10, 2.20692394914e-10, 4.02209619776e-11, 1.03541855645e-10, 1.88592596401e-11, 2.4838950341e-11, 1.26516149987e-11, 5.98846753436e-12, 7.53480871446e-12, 1.17523558159e-12, 1.31649183742e-12, 1.91832682551e-12, 1.32386571323e-12, 1.94213612206e-12, 2.1649455232e-12, 1.37636581819e-12, 1.85868811661e-12, 1.87378498134e-12, 2.88694496911e-13, 1.68060457586e-13, 1.93637708407e-13, 1.07814541257e-13, 8.5117195681e-14, 8.00045793503e-14, 7.16459023727e-14], "dvar2": [3.02169355564e-05, 2.02401934075e-05, 2.63956985691e-06, 1.65153619491e-06, 6.71183443046e-07, 5.78572280574e-06, 3.0809837881e-07, 9.49450651433e-09, 4.02515842879e-09, 1.07452025055e-09, 6.88111068126e-10, 9.14401609986e-10, 7.1193723139e-10, 3.54038443007e-09, 9.94164611745e-11, 7.67410635039e-10, 5.94910898322e-10, 1.06148402568e-10, 2.73614381152e-10, 4.84050993732e-11, 6.2595310879e-11, 3.31915224472e-11, 1.59973041758e-11, 1.87626841147e-11, 3.08829806346e-12, 3.62191288246e-12, 5.14646355046e-12, 3.2474494014e-12, 4.77233877416e-12, 5.5893198056e-12, 3.52069350236e-12, 4.77052945758e-12, 4.89498762704e-12, 7.47853276702e-13, 4.17789853277e-13, 4.85520586409e-13, 2.60271134072e-13, 2.1281843746e-13, 2.05175665954e-13, 1.73470314719e-13], "max": [0.0345929116011, 0.0411515124142, 0.0281008370221, 0.0181632917374, 0.00849724747241, 0.0260312519968, 0.00772923324257, 0.00191336730495, 0.000964847858995, 0.000506608921569, 0.000473292078823, 0.000530494260602, 0.000764793890994, 0.00144960684702, 7.45069628465e-05, 0.000351019989466, 0.000211387989111, 8.32834411995e-05, 0.000208491808735, 5.96041863901e-05, 6.69515211484e-05, 4.1845094529e-05, 5.32822305104e-05, 6.97211362422e-05, 2.02359315153e-05, 2.00703125302e-05, 2.91034939437e-05, 1.76865596586e-05, 2.59969892795e-05, 2.00332488021e-05, 1.62088308571e-05, 1.91211493075e-05, 2.0585493985e-05, 1.07452869997e-05, 4.93935613122e-06, 1.00587794805e-05, 6.97844689057e-06, 3.58569832315e-06, 4.29039300798e-06, 4.52423137176e-06], "mean": [0.000930926122237, 0.00215695379302, 0.00168576056603, 0.00128939165734, 0.00109052588232, 0.00181167351548, 0.000487658166094, 0.000103177902929, 5.70940464968e-05, 3.93940390495e-05, 3.14308526868e-05, 2.38157426793e-05, 2.18520763156e-05, 4.54743712908e-05, 3.85115254176e-06, 9.81124048849e-06, 5.50640652364e-06, 2.05564970202e-06, 4.82447239847e-06, 1.51412746163e-06, 1.70280031853e-06, 1.36723679134e-06, 1.09280711058e-06, 1.19789319797e-06, 3.54792746293e-07, 2.77053914033e-07, 4.35403592292e-07, 5.15227668529e-07, 6.13843781139e-07, 5.74374439566e-07, 4.32293518315e-07, 4.25279353067e-07, 3.5485021499e-07, 1.76885919245e-07, 1.5054774849e-07, 1.42054929597e-07, 1.30158724687e-07, 1.02201717311e-07, 8.90030520395e-08, 1.06690094981e-07], "median": [0.00015252828598, 0.00109386479016, 0.000635554955807, 0.000476866698591, 0.000681383302435, 0.00096070789732, 0.000259544322034, 4.42388627562e-05, 2.01977200049e-05, 1.99893256649e-05, 1.58499951795e-05, 8.48422314448e-06, 7.29943940314e-06, 7.24259371054e-06, 1.33848936912e-06, 2.7179380595e-06, 1.30395028464e-06, 4.83037638332e-07, 1.16099408842e-06, 2.63817582891e-07, 3.02376918171e-07, 2.84035479581e-07, 2.80845995348e-07, 2.63041044946e-07, 7.03151101789e-08, 4.12576000031e-08, 7.06824252461e-08, 1.06727924276e-07, 1.31964497996e-07, 9.93523343595e-08, 6.43355235752e-08, 5.71188607523e-08, 3.74441242457e-08, 2.09544772645e-08, 1.54222945525e-08, 1.42788314506e-08, 1.31248834023e-08, 9.29103372016e-09, 5.88468518359e-09, 6.88171297725e-09], "min": [1.30474138513e-23, 5.79783814142e-24, 2.10017689379e-24, 7.11905788423e-24, 1.25080365182e-23, 1.1908214296e-23, 2.21943412443e-24, 1.26525045601e-24, 1.52837871859e-23, 2.78017870174e-23, 3.23180472542e-23, 8.2671999667e-24, 8.70906304782e-24, 1.03874892637e-23, 9.64449352037e-24, 4.94857100124e-24, 2.8620891272e-24, 4.09386584842e-24, 6.69018339791e-24, 1.44818075239e-23, 1.61318536798e-23, 1.1486835566e-23, 7.56264147098e-24, 6.56106619482e-24, 8.92464768917e-24, 9.52949337761e-24, 1.63300518268e-23, 1.87450642912e-23, 6.84319164795e-24, 9.17009150464e-24, 1.05932304987e-23, 1.22247368456e-23, 7.77309141669e-24, 1.19398294745e-23, 8.21469180713e-24, 7.42565971909e-24, 8.35431150989e-24, 1.32106694045e-23, 9.26271876327e-24, 9.27410518157e-24], "var": [9.61300065683e-06, 1.29057161757e-05, 1.01559544419e-05, 4.61806621388e-06, 1.39908104302e-06, 6.53540246276e-06, 4.87317379338e-07, 2.53888821078e-08, 9.7863761539e-09, 3.01427505178e-09, 1.87906556981e-09, 1.98306859822e-09, 1.74128278463e-09, 1.15785248056e-08, 5.16482655255e-11, 4.7647014112e-10, 1.98813229768e-10, 3.33658621565e-11, 1.18970208685e-10, 1.81632504176e-11, 2.40318390188e-11, 1.18497486129e-11, 6.1356223921e-12, 8.69916031571e-12, 9.83157891037e-13, 9.29462778444e-13, 1.52991844454e-12, 1.41837420715e-12, 2.11993508685e-12, 1.96613255191e-12, 1.24752411092e-12, 1.522275795e-12, 1.42643492504e-12, 2.41688749092e-13, 1.57666360436e-13, 1.86438958347e-13, 1.22504504913e-13, 7.54367204012e-14, 6.60848871285e-14, 7.20559069768e-14]}, "mfcc": {"mean": [-769.335693359, 187.121261597, 41.1474571228, 18.7922973633, -4.36649656296, 3.58635950089, -8.19910240173, -10.2020368576, -4.88278055191, -14.1814222336, -9.87839889526, 1.20103728771, -2.28827857971], "cov": [[9641.48925781, -1434.69177246, -684.492431641, 777.32043457, 183.864273071, 512.489685059, 116.161399841, 27.8458118439, 85.6956558228, 93.4765472412, 249.174697876, 105.78931427, -283.021209717], [-1434.69177246, 1781.25219727, 28.5143089294, -209.181472778, -84.753074646, -13.3681230545, 23.9781570435, 46.5511360168, 5.11448764801, -128.015289307, -151.811218262, -46.2907447815, 12.9094963074], [-684.492431641, 28.5143089294, 582.388366699, -3.12665963173, 51.240272522, 7.27783298492, 64.6721115112, 10.82670784, 5.9632229805, -16.047170639, 6.9310631752, -23.4345531464, 16.6846179962], [777.32043457, -209.181472778, -3.12665963173, 314.842407227, 80.158821106, 89.1507873535, 25.1814918518, 5.11727046967, 29.3770198822, 46.520778656, 79.0266571045, 29.2689990997, -61.1917152405], [183.864273071, -84.753074646, 51.240272522, 80.158821106, 195.937286377, 115.268890381, 65.1781387329, 39.6677322388, 34.9183082581, 24.5107593536, 30.6420555115, -1.90613675117, -11.6841592789], [512.489685059, -13.3681230545, 7.27783298492, 89.1507873535, 115.268890381, 225.296051025, 118.800369263, 46.8123550415, 32.4711875916, -6.62736415863, 38.6335296631, 1.13974952698, -24.4641189575], [116.161399841, 23.9781570435, 64.6721115112, 25.1814918518, 65.1781387329, 118.800369263, 156.363555908, 64.6990585327, 25.8810901642, -6.26372051239, 15.3277845383, -1.51142311096, -1.65113389492], [27.8458118439, 46.5511360168, 10.82670784, 5.11727046967, 39.6677322388, 46.8123550415, 64.6990585327, 104.02633667, 40.5446662903, 1.37512755394, -5.3866558075, -3.94061040878, 5.96484708786], [85.6956558228, 5.11448764801, 5.9632229805, 29.3770198822, 34.9183082581, 32.4711875916, 25.8810901642, 40.5446662903, 90.2290725708, 31.7239303589, 15.5753231049, -4.42946434021, -6.69740390778], [93.4765472412, -128.015289307, -16.047170639, 46.520778656, 24.5107593536, -6.62736415863, -6.26372051239, 1.37512755394, 31.7239303589, 106.804153442, 51.3912010193, 11.1192808151, -11.5532016754], [249.174697876, -151.811218262, 6.9310631752, 79.0266571045, 30.6420555115, 38.6335296631, 15.3277845383, -5.3866558075, 15.5753231049, 51.3912010193, 145.450286865, 42.5176544189, -26.5568904877], [105.78931427, -46.2907447815, -23.4345531464, 29.2689990997, -1.90613675117, 1.13974952698, -1.51142311096, -3.94061040878, -4.42946434021, 11.1192808151, 42.5176544189, 82.8917694092, 15.6943464279], [-283.021209717, 12.9094963074, 16.6846179962, -61.1917152405, -11.6841592789, -24.4641189575, -1.65113389492, 5.96484708786, -6.69740390778, -11.5532016754, -26.5568904877, 15.6943464279, 107.165779114]], "icov": [[0.00017882672546, 0.000123528501717, 0.000178832866368, -0.000260983157204, 0.000156696100021, -0.000378618307877, 6.01276551606e-05, -2.5763099984e-05, -6.78928627167e-05, 0.000104416780232, 6.33334711893e-05, -0.000105628540041, 0.000251721270615], [0.000123528501717, 0.000777821522206, 7.50097533455e-05, 0.000174574932316, 0.000350780348526, -0.000418266630732, 4.06435065088e-05, -0.000233463040786, -0.000389890832594, 0.00060592131922, 0.000501080125105, -0.000208875339013, 0.000472641782835], [0.000178832866368, 7.50097533455e-05, 0.00217327545397, -0.000390105764382, -0.000596011930611, 0.000714044144843, -0.00139168964233, 0.000576392514631, -0.000227360214922, 0.000732131942641, -0.000505465839524, 0.000735175504815, -0.000221560563659], [-0.000260983157204, 0.000174574932316, -0.000390105764382, 0.00526504497975, -0.0010273627704, -0.000960406730883, 0.000684420461766, 0.000170840445207, -0.000486220611492, -0.000873831333593, -0.000660217716359, -0.00146859849337, 0.00195345468819], [0.000156696100021, 0.000350780348526, -0.000596011930611, -0.0010273627704, 0.00859357044101, -0.00437502982095, 0.000579094339628, -0.00147202704102, -0.000535654835403, -0.00164974934887, 0.000383117847377, 0.000436471833382, -0.000273511424894], [-0.000378618307877, -0.000418266630732, 0.000714044144843, -0.000960406730883, -0.00437502982095, 0.0118864709511, -0.00704521080479, 0.00129046046641, -0.0011030100286, 0.00281237019226, -0.00189605064224, 0.000983031466603, 6.74371258356e-05], [6.01276551606e-05, 4.06435065088e-05, -0.00139168964233, 0.000684420461766, 0.000579094339628, -0.00704521080479, 0.0143868979067, -0.00630286987871, 0.000945516920183, -0.000275214464637, -0.000313011842081, -0.000328258029185, -0.000211381251574], [-2.5763099984e-05, -0.000233463040786, 0.000576392514631, 0.000170840445207, -0.00147202704102, 0.00129046046641, -0.00630286987871, 0.0159153770655, -0.00581829063594, 0.000682256126311, 0.0012104427442, -0.000270662683761, -0.000831434328575], [-6.78928627167e-05, -0.000389890832594, -0.000227360214922, -0.000486220611492, -0.000535654835403, -0.0011030100286, 0.000945516920183, -0.00581829063594, 0.0161098297685, -0.00480292551219, -0.000415137445088, 0.0014711401891, -0.000175671899342], [0.000104416780232, 0.00060592131922, 0.000732131942641, -0.000873831333593, -0.00164974934887, 0.00281237019226, -0.000275214464637, 0.000682256126311, -0.00480292551219, 0.0144057795405, -0.00417666370049, 0.000598208745942, 0.000140004980494], [6.33334711893e-05, 0.000501080125105, -0.000505465839524, -0.000660217716359, 0.000383117847377, -0.00189605064224, -0.000313011842081, 0.0012104427442, -0.000415137445088, -0.00417666370049, 0.0118239717558, -0.00564812030643, 0.00262640975416], [-0.000105628540041, -0.000208875339013, 0.000735175504815, -0.00146859849337, 0.000436471833382, 0.000983031466603, -0.000328258029185, -0.000270662683761, 0.0014711401891, 0.000598208745942, -0.00564812030643, 0.0165510307997, -0.00459194742143], [0.000251721270615, 0.000472641782835, -0.000221560563659, 0.00195345468819, -0.000273511424894, 6.74371258356e-05, -0.000211381251574, -0.000831434328575, -0.000175671899342, 0.000140004980494, 0.00262640975416, -0.00459194742143, 0.0124451573938]]}, "spectral_contrast_coeffs": {"dmean": [0.044914688915, 0.0416312105954, 0.0345873683691, 0.0288254227489, 0.0230100005865, 0.0207952335477], "dmean2": [0.0705663189292, 0.0623142793775, 0.0500338748097, 0.0441912971437, 0.0332732759416, 0.0306604579091], "dvar": [0.00153848482296, 0.00164089165628, 0.00109521846753, 0.000637361372355, 0.000425694481237, 0.000352557573933], "dvar2": [0.00346474861726, 0.00368512840942, 0.00215470558032, 0.00135918881278, 0.000837986997794, 0.000747203419451], "max": [-0.248998001218, -0.356467187405, -0.482579082251, -0.553770899773, -0.59328609705, -0.642181098461], "mean": [-0.539037287235, -0.60830950737, -0.708515107632, -0.775809884071, -0.807904779911, -0.797641098499], "median": [-0.539355278015, -0.606735110283, -0.710900485516, -0.779028534889, -0.81511759758, -0.79917383194], "min": [-0.968972742558, -0.955319106579, -0.970813274384, -0.968377411366, -0.961154401302, -0.961057603359], "var": [0.00754709960893, 0.00731775164604, 0.00596900237724, 0.00333106541075, 0.00261184992269, 0.00176304148044]}, "spectral_contrast_valleys": {"dmean": [0.464069485664, 0.322997838259, 0.383900761604, 0.412996172905, 0.470198839903, 0.579795181751], "dmean2": [0.725402593613, 0.479763358831, 0.549896359444, 0.564244449139, 0.590258598328, 0.695731759071], "dvar": [0.179162696004, 0.119623608887, 0.176293864846, 0.236680999398, 0.269022792578, 0.323704183102], "dvar2": [0.37319049239