{"lowlevel": {"average_loudness": 0.431188315153, "barkbands_crest": {"dmean": 1.63246285915, "dmean2": 2.37355160713, "dvar": 2.51077008247, "dvar2": 6.23834896088, "max": 26.5579051971, "mean": 11.3749446869, "median": 10.6232452393, "min": 3.68493795395, "var": 16.7693443298}, "barkbands_flatness_db": {"dmean": 0.0124161094427, "dmean2": 0.0183312464505, "dvar": 0.000132374741952, "dvar2": 0.00031220325036, "max": 0.482860833406, "mean": 0.228069365025, "median": 0.221242159605, "min": 0.0398763231933, "var": 0.00310381548479}, "barkbands_kurtosis": {"dmean": 2.42852735519, "dmean2": 3.38239717484, "dvar": 71.3727874756, "dvar2": 111.57233429, "max": 652.405334473, "mean": 7.2444229126, "median": 3.44276690483, "min": -1.802038908, "var": 729.332885742}, "barkbands_skewness": {"dmean": 0.333848327398, "dmean2": 0.468283027411, "dvar": 0.13712452352, "dvar2": 0.268673956394, "max": 21.2034626007, "mean": 1.62633824348, "median": 1.46814393997, "min": -10.0632257462, "var": 2.2373445034}, "barkbands_spread": {"dmean": 1.32800662518, "dmean2": 1.93104493618, "dvar": 3.26451802254, "dvar2": 6.8204293251, "max": 102.728767395, "mean": 7.88036489487, "median": 7.25654602051, "min": 0.140911668539, "var": 19.6200256348}, "dissonance": {"dmean": 0.0278124753386, "dmean2": 0.0461557246745, "dvar": 0.000584400026128, "dvar2": 0.00156289560255, "max": 0.500000059605, "mean": 0.403819859028, "median": 0.409166276455, "min": 0.174852564931, "var": 0.00215766695328}, "dynamic_complexity": 4.76631879807, "erbbands_crest": {"dmean": 2.06781029701, "dmean2": 2.90181422234, "dvar": 3.5653116703, "dvar2": 7.8779129982, "max": 31.2226314545, "mean": 12.4493875504, "median": 11.6151008606, "min": 2.81131315231, "var": 21.3679065704}, "erbbands_flatness_db": {"dmean": 0.00996561907232, "dmean2": 0.0136648546904, "dvar": 7.94526858954e-05, "dvar2": 0.000162387979799, "max": 0.427436381578, "mean": 0.257419705391, "median": 0.25591313839, "min": 0.0636514797807, "var": 0.00233583711088}, "erbbands_kurtosis": {"dmean": 1.01719999313, "dmean2": 1.48116481304, "dvar": 3.12129878998, "dvar2": 5.84115886688, "max": 130.057815552, "mean": 1.78602981567, "median": 0.611741662025, "min": -1.71105861664, "var": 38.069316864}, "erbbands_skewness": {"dmean": 0.276494473219, "dmean2": 0.394201159477, "dvar": 0.0669709667563, "dvar2": 0.144539952278, "max": 10.0092830658, "mean": 0.825719177723, "median": 0.799469292164, "min": -3.65016269684, "var": 0.817318916321}, "erbbands_spread": {"dmean": 2.58459377289, "dmean2": 3.71626591682, "dvar": 7.68820428848, "dvar2": 17.8284015656, "max": 96.3592529297, "mean": 18.3864803314, "median": 17.7727432251, "min": 1.1491767168, "var": 56.4999046326}, "hfc": {"dmean": 1.30754709244, "dmean2": 1.77904105186, "dvar": 3.93266320229, "dvar2": 9.05027389526, "max": 59.6508789062, "mean": 8.9025850296, "median": 5.62267971039, "min": 1.12787598534e-16, "var": 73.2315063477}, "melbands_crest": {"dmean": 1.95631241798, "dmean2": 2.90139627457, "dvar": 3.68261599541, "dvar2": 9.41642284393, "max": 34.7003173828, "mean": 13.7390165329, "median": 12.9135103226, "min": 1.7200704813, "var": 21.0102005005}, "melbands_flatness_db": {"dmean": 0.0128613281995, "dmean2": 0.0189585201442, "dvar": 0.00015207650722, "dvar2": 0.000358065706678, "max": 0.597806870937, "mean": 0.306956201792, "median": 0.30112400651, "min": 0.00397967780009, "var": 0.00389561220072}, "melbands_kurtosis": {"dmean": 2.63629388809, "dmean2": 3.73785972595, "dvar": 25.6771869659, "dvar2": 45.3790779114, "max": 603.822753906, "mean": 8.88880348206, "median": 5.20809555054, "min": -1.81402409077, "var": 642.602050781}, "melbands_skewness": {"dmean": 0.339164942503, "dmean2": 0.477372825146, "dvar": 0.117933899164, "dvar2": 0.25117239356, "max": 16.0237693787, "mean": 1.85295665264, "median": 1.7122964859, "min": -7.06520986557, "var": 1.46095240116}, "melbands_spread": {"dmean": 1.84733045101, "dmean2": 2.6680586338, "dvar": 18.1226882935, "dvar2": 44.4250869751, "max": 260.065002441, "mean": 10.7448186874, "median": 9.53028774261, "min": 0.385809242725, "var": 93.5528793335}, "pitch_salience": {"dmean": 0.0447374619544, "dmean2": 0.0668229907751, "dvar": 0.00163951306604, "dvar2": 0.00406135525554, "max": 0.861382782459, "mean": 0.523747384548, "median": 0.528840065002, "min": 0.0759303420782, "var": 0.0111243454739}, "silence_rate_20dB": {"dmean": 0, "dmean2": 0, "dvar": 0, "dvar2": 0, "max": 1, "mean": 1, "median": 1, "min": 1, "var": 0}, "silence_rate_30dB": {"dmean": 0.000476928573335, "dmean2": 0.000953970884439, "dvar": 0.000476703396998, "dvar2": 0.00119156262372, "max": 1, "mean": 0.999642372131, "median": 1, "min": 0, "var": 0.000357548036845}, "silence_rate_60dB": {"dmean": 0.0164540354162, "dmean2": 0.0329119972885, "dvar": 0.0161831006408, "dvar2": 0.0365939550102, "max": 1, "mean": 0.102169767022, "median": 0, "min": 0, "var": 0.0917292162776}, "spectral_centroid": {"dmean": 57.1463012695, "dmean2": 84.9151763916, "dvar": 13089.65625, "dvar2": 26233.9082031, "max": 11984.3779297, "mean": 636.522155762, "median": 569.611328125, "min": 212.644378662, "var": 456433.09375}, "spectral_complexity": {"dmean": 1.30940747261, "dmean2": 2.20796561241, "dvar": 1.50303709507, "dvar2": 3.82875466347, "max": 25, "mean": 10.8061513901, "median": 11, "min": 0, "var": 21.6485080719}, "spectral_decrease": {"dmean": 7.65675467473e-10, "dmean2": 1.10464248859e-09, "dvar": 1.61491722099e-18, "dvar2": 4.23709703018e-18, "max": 2.1934570211e-28, "mean": -4.74735095679e-09, "median": -2.95328117517e-09, "min": -3.25546665181e-08, "var": 2.15735073045e-17}, "spectral_energy": {"dmean": 0.00299344328232, "dmean2": 0.00431013479829, "dvar": 2.45351675403e-05, "dvar2": 6.41341175651e-05, "max": 0.127118453383, "mean": 0.0187250636518, "median": 0.0116788242012, "min": 1.00736890352e-20, "var": 0.000333885924192}, "spectral_energyband_high": {"dmean": 5.644058092e-06, "dmean2": 8.45285558171e-06, "dvar": 8.95487572983e-10, "dvar2": 1.73692105143e-09, "max": 0.00143456086516, "mean": 2.69415122602e-05, "median": 5.78313301958e-06, "min": 7.00540230123e-21, "var": 4.72188066425e-09}, "spectral_energyband_low": {"dmean": 0.000646367145237, "dmean2": 0.00105760048609, "dvar": 1.68662222677e-06, "dvar2": 4.80914422951e-06, "max": 0.0214619059116, "mean": 0.002011887962, "median": 0.00124296918511, "min": 1.82403353068e-23, "var": 5.92411697653e-06}, "spectral_energyband_middle_high": {"dmean": 0.000493864761665, "dmean2": 0.000644133368041, "dvar": 6.99402960436e-07, "dvar2": 1.34949095809e-06, "max": 0.0388226099312, "mean": 0.00227152882144, "median": 0.00147568015382, "min": 1.36909993313e-21, "var": 8.27751773613e-06}, "spectral_energyband_middle_low": {"dmean": 0.00276384805329, "dmean2": 0.00393895059824, "dvar": 2.32325055549e-05, "dvar2": 6.10835195403e-05, "max": 0.124165773392, "mean": 0.0152909094468, "median": 0.00909388065338, "min": 1.5448206309e-22, "var": 0.000256661296589}, "spectral_entropy": {"dmean": 0.0940987020731, "dmean2": 0.138412743807, "dvar": 0.00885492190719, "dvar2": 0.0211839154363, "max": 9.82059288025, "mean": 6.37496757507, "median": 6.39839076996, "min": 3.92356061935, "var": 0.202939838171}, "spectral_flux": {"dmean": 0.00803777668625, "dmean2": 0.0135606490076, "dvar": 9.83903591987e-05, "dvar2": 0.000273225479759, "max": 0.212903082371, "mean": 0.0349422134459, "median": 0.0290018431842, "min": 6.4320292148e-11, "var": 0.000524649221916}, "spectral_kurtosis": {"dmean": 6.93078517914, "dmean2": 12.2436094284, "dvar": 49.7906723022, "dvar2": 151.164810181, "max": 110.667663574, "mean": 19.2374820709, "median": 15.8204231262, "min": -1.26820611954, "var": 162.856719971}, "spectral_rms": {"dmean": 0.000311862619128, "dmean2": 0.000437716138549, "dvar": 1.39030731816e-07, "dvar2": 3.58422198588e-07, "max": 0.0111363371834, "mean": 0.00379966571927, "median": 0.00337549624965, "min": 3.13496255865e-12, "var": 3.83097722079e-06}, "spectral_rolloff": {"dmean": 99.4390792847, "dmean2": 167.986679077, "dvar": 67463.59375, "dvar2": 115228.492188, "max": 19789.0136719, "mean": 807.642456055, "median": 667.529296875, "min": 172.265625, "var": 1387167.25}, "spectral_skewness": {"dmean": 0.496103227139, "dmean2": 0.871898651123, "dvar": 0.209699943662, "dvar2": 0.640172064304, "max": 9.06979370117, "mean": 3.017162323, "median": 2.84576511383, "min": -0.0987979918718, "var": 0.858363449574}, "spectral_spread": {"dmean": 200899.609375, "dmean2": 338276.21875, "dvar": 159454183424, "dvar2": 341044723712, "max": 43362404, "mean": 2412400.25, "median": 2130754.75, "min": 741024.875, "var": 5290861264900.0}, "spectral_strongpeak": {"dmean": 0.294269293547, "dmean2": 0.465620428324, "dvar": 0.188868641853, "dvar2": 0.424799591303, "max": 9.45142269135, "mean": 1.10271680355, "median": 0.812616169453, "min": 0, "var": 0.9222676754}, "zerocrossingrate": {"dmean": 0.00290232454427, "dmean2": 0.00361535418779, "dvar": 1.8356829969e-05, "dvar2": 1.99483947654e-05, "max": 0.52197265625, "mean": 0.0310868900269, "median": 0.02783203125, "min": 0.00732421875, "var": 0.00114927440882}, "barkbands": {"dmean": [2.36892392422e-05, 0.000228284305194, 0.00031781863072, 0.000497163797263, 0.00109518808313, 0.00138530822005, 0.000548771989997, 0.000593335193116, 0.000301120569929, 0.000263414578512, 0.000140249845572, 0.000104428872874, 0.000196530236281, 7.05996208126e-05, 0.000101005651231, 4.55406261608e-05, 5.1326562243e-05, 1.3850839423e-05, 1.1279968021e-05, 5.63778758078e-06, 2.2295191684e-06, 1.61577759172e-06, 8.43114378313e-07, 7.13540714514e-07, 4.85211785417e-07, 4.3287118956e-07, 3.39522010506e-08], "dmean2": [3.74659248337e-05, 0.000375845644157, 0.000510131765623, 0.000815764302388, 0.00154537369963, 0.00209856382571, 0.000687764259055, 0.000665266183205, 0.000346660322975, 0.000269582436886, 0.00017280591419, 0.000132921995828, 0.000283947243588, 0.000106490617327, 0.000157854374265, 7.26144353393e-05, 8.34677994135e-05, 2.23595125135e-05, 1.86332490557e-05, 9.5834966487e-06, 3.70189377463e-06, 2.55726786236e-06, 1.34774654725e-06, 1.08665597054e-06, 6.50949061765e-07, 6.1295395426e-07, 4.70861394319e-08], "dvar": [1.65813573982e-09, 3.76422491399e-07, 5.46604098872e-07, 7.9284268395e-07, 4.10822349295e-06, 1.44861796798e-05, 3.34429819304e-06, 1.36893322633e-06, 3.85855230434e-07, 2.39525576262e-07, 9.49649177073e-08, 7.65199885677e-08, 4.47809526349e-07, 1.50680143918e-08, 2.9572388982e-08, 6.01356298091e-09, 7.37535632567e-09, 5.55907320177e-10, 3.57102569737e-10, 1.60549601391e-10, 3.11802944575e-11, 2.49064883301e-11, 2.07348391928e-11, 2.78901467893e-11, 4.13825189394e-11, 5.25983735733e-11, 3.79492986514e-14], "dvar2": [3.76638142896e-09, 1.15230682241e-06, 1.48289132085e-06, 2.39164387494e-06, 1.00664428828e-05, 4.29475148849e-05, 4.70176928502e-06, 1.70144801359e-06, 5.29505143732e-07, 2.10441839954e-07, 1.25968838915e-07, 1.24041562799e-07, 1.01670661934e-06, 3.26889946223e-08, 7.14476442454e-08, 1.57812021229e-08, 1.89225843883e-08, 1.33480870801e-09, 9.62133817062e-10, 4.44338621453e-10, 7.89609905238e-11, 5.47532123807e-11, 4.74991712629e-11, 5.46994775863e-11, 7.13824971355e-11, 1.11723727492e-10, 7.96287135622e-14], "max": [0.000647596432827, 0.0117271831259, 0.0142871923745, 0.0146351568401, 0.0625827163458, 0.116012521088, 0.0985161289573, 0.0366470851004, 0.021071260795, 0.0354542024434, 0.0141732683405, 0.00848721433431, 0.0328635312617, 0.00291186594404, 0.00413498003036, 0.00118502718396, 0.00149205513299, 0.000517900451086, 0.000533845857717, 0.000334720592946, 0.000180298302439, 0.000211992373806, 0.000205130039831, 0.000250371755101, 0.0002897377708, 0.000287945644232, 8.10090932646e-06], "mean": [2.71825520031e-05, 0.000578636012506, 0.000807417382021, 0.00119332585018, 0.00416142074391, 0.00434985850006, 0.00183005700819, 0.00225752871484, 0.000916818331461, 0.000938573677558, 0.000388446816942, 0.000243776230491, 0.000421393284341, 0.000131037391839, 0.000200503709493, 8.60538202687e-05, 0.000101307465229, 2.93514585792e-05, 2.75487418548e-05, 1.42942144521e-05, 6.66108735459e-06, 5.76034699407e-06, 2.95780478154e-06, 2.77313029073e-06, 1.48367519159e-06, 8.53798098888e-07, 1.03308586574e-07], "median": [8.68154529599e-06, 3.8049685827e-05, 0.000355164083885, 0.000575003039557, 0.00209205364808, 0.00129621545784, 0.000775813590735, 0.000470061786473, 0.000207766599488, 0.000263553694822, 8.44487658469e-05, 6.05452223681e-05, 7.45102443034e-05, 5.03828923684e-05, 8.5143459728e-05, 3.50476693711e-05, 4.3815234676e-05, 1.53500132001e-05, 1.07237083284e-05, 3.82776033803e-06, 1.83477777682e-06, 8.70542180564e-07, 4.24037551738e-07, 2.28795570933e-07, 1.69346307644e-07, 1.31792546654e-07, 3.64568464306e-08], "min": [2.21187032885e-24, 3.95892211868e-24, 8.77251290537e-25, 8.46798794405e-25, 1.11214375613e-23, 1.67842810915e-23, 1.36125427597e-23, 5.21785577099e-24, 1.73525843762e-23, 2.27811354286e-23, 1.60077721703e-23, 3.44762539395e-23, 2.72199358355e-23, 3.20086780953e-23, 4.87935397884e-23, 7.33047544673e-23, 8.22492380639e-23, 1.28108562384e-22, 1.36220551601e-22, 1.13752429868e-22, 2.4975697242e-22, 2.93782075229e-22, 3.84722566228e-22, 5.86204330962e-22, 8.01567245594e-22, 1.34024726348e-21, 1.85363137727e-21], "var": [2.45404363497e-09, 1.1157295603e-06, 1.46145055169e-06, 2.2577864911e-06, 3.90683708247e-05, 6.77258576616e-05, 2.3444663384e-05, 1.78615991899e-05, 3.19242622027e-06, 3.85764587918e-06, 8.91059073638e-07, 3.20396935649e-07, 1.81640052688e-06, 4.43539889261e-08, 1.26438820303e-07, 1.57899133768e-08, 2.00236698333e-08, 1.69654279514e-09, 1.52326840031e-09, 7.17342130141e-10, 1.81475987016e-10, 1.67705821452e-10, 6.93240118088e-11, 1.17867146598e-10, 9.75707570294e-11, 6.39746103315e-11, 8.18523986654e-14]}, "erbbands": {"dmean": [0.00333268474787, 0.0636511594057, 0.288121461868, 1.07759654522, 2.09092831612, 4.06819438934, 8.49768161774, 12.2951507568, 8.10065174103, 11.3158502579, 10.2106809616, 7.84157323837, 8.72287464142, 5.19190835953, 5.12345457077, 5.70687389374, 9.40677928925, 4.36383771896, 4.98163509369, 3.29169249535, 2.20446062088, 1.92515671253, 1.02387797832, 0.755737304688, 0.359901249409, 0.295340031385, 0.118911199272, 0.0717388018966, 0.0578209757805, 0.0453792363405, 0.0228798184544, 0.0189996957779, 0.00994081795216, 0.00564367324114, 0.00361442635767, 0.00249121477827, 0.000671484856866, 7.11986867827e-05, 6.17433852312e-06, 3.41124950864e-06], "dmean2": [0.00533222546801, 0.106042996049, 0.471146702766, 1.75422871113, 3.31544065475, 5.75572347641, 12.239947319, 19.1513023376, 10.0212717056, 14.3743143082, 11.0638399124, 9.00461006165, 8.90816783905, 5.78839540482, 6.44418954849, 7.39089393616, 13.5437889099, 6.46587944031, 7.6193356514, 5.38181972504, 3.52937245369, 3.13467931747, 1.65832257271, 1.25405263901, 0.605836749077, 0.50296497345, 0.194825798273, 0.118348546326, 0.092488899827, 0.0740262493491, 0.0367687866092, 0.0298243258148, 0.0147281540558, 0.00798741169274, 0.00496162939817, 0.00349019374698, 0.000988507876173, 9.86542800092e-05, 8.55350754136e-06, 4.90729553349e-06], "dvar": [7.72741841502e-05, 0.0289437118918, 0.466195732355, 3.79896521568, 14.0172796249, 82.5022277832, 347.028839111, 1561.00500488, 790.934448242, 476.553985596, 635.064208984, 282.66708374, 268.796844482, 191.850860596, 123.099517822, 189.723129272, 1078.1817627, 54.3779792786, 94.0515060425, 38.1531562805, 11.2344322205, 9.72473430634, 2.59624767303, 1.5576056242, 0.373638480902, 0.506397068501, 0.0694251582026, 0.0564196556807, 0.0291772298515, 0.0269626379013, 0.0139433722943, 0.0185907725245, 0.00600108224899, 0.00390692194924, 0.00231756502762, 0.00171078112908, 0.000140329168062, 6.05264631304e-07, 1.13947740132e-09, 3.30006022509e-11], "dvar2": [0.000214153667912, 0.0887215211987, 1.27834331989, 11.312915802, 37.9219856262, 210.512512207, 884.878540039, 4847.41308594, 1137.14746094, 867.070617676, 746.24017334, 409.723907471, 241.444915771, 196.062210083, 174.441207886, 326.430480957, 2479.38549805, 118.570655823, 217.469161987, 109.141029358, 28.1455364227, 25.3675823212, 6.38255739212, 4.1605963707, 1.05786502361, 1.41169083118, 0.187296673656, 0.124598927796, 0.067805506289, 0.0631489604712, 0.0297293979675, 0.043317951262, 0.0101525727659, 0.0065583740361, 0.00389496609569, 0.00353673705831, 0.000312043266604, 1.30906016693e-06, 2.07139350117e-09, 8.52859033396e-11], "max": [0.170446708798, 3.31355476379, 12.9413452148, 26.5896053314, 68.8710861206, 279.595275879, 574.929138184, 1265.58850098, 1530.41442871, 704.734985352, 754.204711914, 639.197387695, 612.104553223, 1273.87915039, 401.013214111, 431.132263184, 1533.11791992, 180.355392456, 256.081695557, 214.242767334, 70.7246627808, 74.799911499, 31.1093654633, 29.0107002258, 13.1113433838, 18.7457695007, 8.06241893768, 8.39827346802, 7.2078332901, 6.2132525444, 5.30436706543, 5.80764627457, 4.37828731537, 2.75551390648, 2.10410690308, 1.66645681858, 0.463815331459, 0.03118692711, 0.00135521532502, 0.000184700998943], "mean": [0.0115451877937, 0.154877647758, 0.72045981884, 2.86983203888, 5.11718034744, 16.4194412231, 31.0793037415, 35.3351211548, 28.0956935883, 40.9405250549, 38.6944999695, 25.5814914703, 30.6339302063, 19.9032020569, 13.6205263138, 14.0871782303, 20.577589035, 9.18768692017, 10.4728775024, 6.79912757874, 4.86270523071, 4.06732273102, 2.29820656776, 1.73907399178, 0.942078590393, 0.753256320953, 0.360789388418, 0.229276522994, 0.197293072939, 0.148458153009, 0.0827910900116, 0.0678305774927, 0.0367175489664, 0.0185955706984, 0.0103899119422, 0.00499987788498, 0.00121419352945, 0.00018962485774, 2.71367061941e-05, 2.21289374167e-05], "median": [0.000617004348896, 0.0225146301091, 0.365676283836, 1.80191659927, 3.16039443016, 6.34081172943, 11.1626605988, 10.0098257065, 11.9137115479, 11.5627069473, 10.5508995056, 6.84265041351, 9.56485176086, 5.28676795959, 4.55083274841, 4.24844741821, 4.61692523956, 4.53838825226, 4.37405204773, 3.70280504227, 2.66469621658, 2.00759267807, 1.29540872574, 0.822180986404, 0.382604539394, 0.191429793835, 0.0980880856514, 0.0510387271643, 0.0341382697225, 0.0204049050808, 0.0116219278425, 0.0057245483622, 0.00333979330026, 0.00198298948817, 0.00120311975479, 0.000587732414715, 0.000238394990447, 5.06324577145e-05, 1.25532751554e-05, 1.36985399877e-05], "min": [1.72333139716e-22, 4.6560781961e-22, 1.52554410155e-21, 6.06574976308e-21, 1.91001577214e-20, 2.91542197963e-20, 9.35408406912e-20, 1.14730519648e-19, 1.58259051152e-19, 3.01939095706e-19, 1.34121998426e-19, 4.61389765154e-19, 8.18094292018e-19, 1.004838949e-18, 7.59178197793e-19, 1.71311048734e-18, 2.05219105238e-18, 1.84913723715e-18, 2.58487055144e-18, 3.3522675124e-18, 4.5357141944e-18, 4.9354115887e-18, 8.0634873057e-18, 8.19031642748e-18, 7.72447146755e-18, 5.62527691084e-18, 8.80818643066e-18, 9.46806976432e-18, 1.09280344465e-17, 1.21552453935e-17, 9.97129418895e-18, 1.16123791652e-17, 1.0163355601e-17, 8.91634608601e-18, 5.72372050272e-18, 4.24650993196e-18, 2.78182039413e-18, 1.10362189173e-18, 2.31269333663e-19, 2.91983317874e-20], "var": [0.000525074661709, 0.0767790451646, 1.17295229435, 10.5985307693, 40.7752952576, 765.779663086, 3017.57495117, 5393.27294922, 6029.14794922, 5415.52050781, 6009.11279297, 2408.79663086, 2837.68359375, 3975.3671875, 748.565063477, 818.709777832, 4176.68310547, 176.198104858, 418.693237305, 109.299179077, 37.8923149109, 28.5050354004, 8.1751909256, 5.52522516251, 1.60806596279, 2.08982396126, 0.438779324293, 0.309293329716, 0.182011321187, 0.147316768765, 0.0525578968227, 0.0596678070724, 0.0263133514673, 0.0113064013422, 0.00516402535141, 0.00229363981634, 0.000145589190652, 8.09450284578e-07, 3.43721739959e-09, 4.62369031951e-10]}, "gfcc": {"mean": [-117.287612915, 158.133544922, -130.849304199, -7.65808343887, -55.4971122742, -20.5604228973, -43.9954299927, -10.6269693375, -21.4623088837, -9.34630775452, -14.0734214783, -6.91835832596, -9.05146789551], "cov": [[18471.1484375, 1157.31079102, -1042.91113281, 732.022155762, 9.58760070801, 913.730529785, 235.748046875, 600.544555664, 183.020721436, 212.668289185, -62.4490776062, -65.5830535889, -269.564788818], [1157.31079102, 1199.2611084, -117.895568848, -130.880813599, 224.250244141, -177.82131958, 107.407875061, -91.7603149414, 24.2805690765, -144.542755127, 24.7983436584, -126.413360596, -1.23642790318], [-1042.91113281, -117.895568848, 626.018371582, 273.656158447, 21.588727951, 123.503593445, 49.5877876282, 52.4553375244, 15.0798158646, 26.109380722, 19.9989204407, 11.7575120926, 5.90150260925], [732.022155762, -130.880813599, 273.656158447, 450.833862305, 46.6860733032, 216.098190308, 75.3900299072, 123.611755371, 54.0419654846, 60.5127410889, 37.4996147156, 19.4543228149, 6.76336574554], [9.58760070801, 224.250244141, 21.588727951, 46.6860733032, 245.365737915, 43.4360771179, 68.2646102905, -4.74469470978, 2.58588624001, -12.3508338928, 8.31554412842, -0.916746258736, -0.786914169788], [913.730529785, -177.82131958, 123.503593445, 216.098190308, 43.4360771179, 268.616394043, 79.5547637939, 103.425422668, 21.0430984497, 74.3952484131, 17.0845565796, 31.0122890472, -27.7941112518], [235.748046875, 107.407875061, 49.5877876282, 75.3900299072, 68.2646102905, 79.5547637939, 137.446258545, 75.3962478638, 29.8232879639, 0.18333992362, 22.3012714386, 5.59859418869, 1.48781454563], [600.544555664, -91.7603149414, 52.4553375244, 123.611755371, -4.74469470978, 103.425422668, 75.3962478638, 163.16078186, 70.7270278931, 46.3019180298, -6.85545015335, 13.6513023376, -7.23005962372], [183.020721436, 24.2805690765, 15.0798158646, 54.0419654846, 2.58588624001, 21.0430984497, 29.8232879639, 70.7270278931, 110.468917847, 47.596282959, 3.9997420311, -31.3195610046, -7.07173013687], [212.668289185, -144.542755127, 26.109380722, 60.5127410889, -12.3508338928, 74.3952484131, 0.18333992362, 46.3019180298, 47.596282959, 111.517120361, 35.4234199524, 8.43159008026, -23.0474853516], [-62.4490776062, 24.7983436584, 19.9989204407, 37.4996147156, 8.31554412842, 17.0845565796, 22.3012714386, -6.85545015335, 3.9997420311, 35.4234199524, 95.4576263428, 47.2917900085, 17.1423149109], [-65.5830535889, -126.413360596, 11.7575120926, 19.4543228149, -0.916746258736, 31.0122890472, 5.59859418869, 13.6513023376, -31.3195610046, 8.43159008026, 47.2917900085, 122.598434448, 61.6341896057], [-269.564788818, -1.23642790318, 5.90150260925, 6.76336574554, -0.786914169788, -27.7941112518, 1.48781454563, -7.23005962372, -7.07173013687, -23.0474853516, 17.1423149109, 61.6341896057, 102.783683777]], "icov": [[0.000235934770899, -0.00079555233242, 0.000656424206682, -0.000535268569365, 0.000678993470501, -0.00105266354512, 0.000696881848853, -0.000623855157755, 0.000364845851436, -0.000569851719774, 0.000868099159561, -0.000828267133329, 0.000522517715581], [-0.00079555233242, 0.00475614098832, -0.00202412460931, 0.00214806268923, -0.00385705009103, 0.00417857337743, -0.00332416919991, 0.00213419343345, -0.00201295688748, 0.0046591674909, -0.00570515496656, 0.00568641582504, -0.00230781198479], [0.000656424206682, -0.00202412460931, 0.00406826194376, -0.00302372872829, 0.00198192871176, -0.00268409494311, 0.00118510180619, -0.00102948921267, 0.00112700811587, -0.00159039662685, 0.00264594843611, -0.00227156584151, 0.00150415592361], [-0.000535268569365, 0.00214806268923, -0.00302372872829, 0.00694330316037, -0.0025849067606, -0.00154466985259, 0.000834923470393, -0.00191784393974, -0.00128161057364, 0.0035997799132, -0.00607091607526, 0.00528097478673, -0.00368094141595], [0.000678993470501, -0.00385705009103, 0.00198192871176, -0.0025849067606, 0.00852531474084, -0.00376318930648, -0.00126364605967, 0.00159404869191, 0.000455423607491, -0.0037300309632, 0.00616577360779, -0.00582460639998, 0.00262805772945], [-0.00105266354512, 0.00417857337743, -0.00268409494311, -0.00154466985259, -0.00376318930648, 0.0155583219603, -0.00847080536187, 0.00255702924915, 0.00133142597042, -0.0032637999393, -0.000166698388057, 0.000436011265265, 0.00115221797023], [0.000696881848853, -0.00332416919991, 0.00118510180619, 0.000834923470393, -0.00126364605967, -0.00847080536187, 0.0206398665905, -0.0121766524389, 0.00132477551233, 0.00528611009941, -0.00618437025696, 0.0019272309728, -0.000638662313577], [-0.000623855157755, 0.00213419343345, -0.00102948921267, -0.00191784393974, 0.00159404869191, 0.00255702924915, -0.0121766524389, 0.0219517890364, -0.0109809441492, -0.00216886098497, 0.00833292026073, -0.00759140821174, 0.00291946902871], [0.000364845851436, -0.00201295688748, 0.00112700811587, -0.00128161057364, 0.000455423607491, 0.00133142597042, 0.00132477551233, -0.0109809441492, 0.0220994874835, -0.0100046191365, -0.000704155536368, 0.00814540777355, -0.00496563734487], [-0.000569851719774, 0.0046591674909, -0.00159039662685, 0.0035997799132, -0.0037300309632, -0.0032637999393, 0.00528611009941, -0.00216886098497, -0.0100046191365, 0.0263140704483, -0.015612567775, 0.00569126103073, 0.00167901127134], [0.000868099159561, -0.00570515496656, 0.00264594843611, -0.00607091607526, 0.00616577360779, -0.000166698388057, -0.00618437025696, 0.00833292026073, -0.000704155536368, -0.015612567775, 0.0300333816558, -0.0189396291971, 0.00593230454251], [-0.000828267133329, 0.00568641582504, -0.00227156584151, 0.00528097478673, -0.00582460639998, 0.000436011265265, 0.0019272309728, -0.00759140821174, 0.00814540777355, 0.00569126103073, -0.0189396291971, 0.0307166650891, -0.0162333864719], [0.000522517715581, -0.00230781198479, 0.00150415592361, -0.00368094141595, 0.00262805772945, 0.00115221797023, -0.000638662313577, 0.00291946902871, -0.00496563734487, 0.00167901127134, 0.00593230454251, -0.0162333864719, 0.0205537322909]]}, "melbands": {"dmean": [4.64923941763e-05, 0.000125392252812, 0.000205917735002, 0.000190458580619, 0.000285750778858, 0.000266080809524, 0.000119463271403, 0.000123331890791, 7.92548744357e-05, 4.72500250908e-05, 4.32084016211e-05, 2.08037945413e-05, 1.67500638781e-05, 1.33257162815e-05, 2.16219541471e-05, 1.51273261508e-05, 8.38934920466e-06, 7.58015175961e-06, 5.24818597114e-06, 4.83978647026e-06, 2.77768845081e-06, 2.3613963549e-06, 1.83200245374e-06, 7.52933203785e-07, 6.78273863741e-07, 3.49871129401e-07, 2.24720082542e-07, 2.1118380289e-07, 9.16265321393e-08, 6.3880072787e-08, 4.70848391387e-08, 3.9301109922e-08, 3.34283853931e-08, 2.53680614293e-08, 1.49775658542e-08, 1.46725245287e-08, 1.22682859427e-08, 7.89280640845e-09, 6.94362656262e-09, 4.82820494696e-09], "dmean2": [7.54183274694e-05, 0.000208302590181, 0.000334022683091, 0.00028330317582, 0.000405904138461, 0.000407832936617, 0.000147160506458, 0.00015354185598, 8.53530873428e-05, 5.44917056686e-05, 4.41031625087e-05, 2.33107439271e-05, 2.12345948967e-05, 1.66305890161e-05, 3.03776505461e-05, 2.15230065805e-05, 1.26208724396e-05, 1.15859966172e-05, 8.25275947136e-06, 7.8276025306e-06, 4.4824687393e-06, 3.79506286663e-06, 3.03660749523e-06, 1.24109294575e-06, 1.12746693048e-06, 5.84714825891e-07, 3.85239474099e-07, 3.58020827207e-07, 1.50775449015e-07, 1.05577683485e-07, 7.71574448777e-08, 6.35019006268e-08, 5.4048395981e-08, 4.20610319907e-08, 2.46920794922e-08, 2.39701662963e-08, 1.9439585941e-08, 1.19699139489e-08, 9.9154400246e-09, 7.03727742746e-09], "dvar": [1.5333583292e-08, 8.98725645015e-08, 1.22628776467e-07, 1.1682828216e-07, 3.46609908775e-07, 6.516103781e-07, 1.79373301989e-07, 5.65085436222e-08, 3.79324767152e-08, 1.07123669935e-08, 6.57530518922e-09, 3.39015682194e-09, 1.11664733016e-09, 9.00890972932e-10, 4.43937020478e-09, 1.8089768572e-09, 2.26926186175e-10, 2.14979867241e-10, 7.65268404201e-11, 7.2195013856e-11, 2.17592784069e-11, 1.63670049735e-11, 1.16275669648e-11, 1.89156307805e-12, 1.35603876218e-12, 3.83394596452e-13, 1.96400892511e-13, 2.48603926074e-13, 5.03964884689e-14, 2.10622636682e-14, 2.38492815855e-14, 1.28840411308e-14, 1.01993481816e-14, 9.35815637357e-15, 3.94403993582e-15, 1.34987769863e-14, 5.90352995709e-15, 2.39624667866e-15, 3.96782038581e-15, 2.8112756704e-15], "dvar2": [4.61556481923e-08, 2.53142502515e-07, 3.60090268714e-07, 3.11721748858e-07, 8.66692460022e-07, 1.99669329959e-06, 2.51747763969e-07, 9.61209991601e-08, 4.50701200805e-08, 1.56850941124e-08, 5.891492183e-09, 3.38352013074e-09, 1.63435220912e-09, 1.46971368409e-09, 9.64940127801e-09, 4.04535960286e-09, 4.86731044358e-10, 4.97444141434e-10, 1.91370405633e-10, 1.9774298865e-10, 5.42026250272e-11, 4.09796467593e-11, 3.19833361184e-11, 5.25902975682e-12, 3.61166760561e-12, 1.07098011015e-12, 5.60691738264e-13, 6.92294420575e-13, 1.38297535858e-13, 5.39478706119e-14, 5.17321272896e-14, 3.1225957692e-14, 2.55913911888e-14, 2.28019609216e-14, 8.53218998275e-15, 3.62862578797e-14, 1.35071575303e-14, 4.53605370903e-15, 5.88862175371e-15, 5.39716476738e-15], "max": [0.00211155973375, 0.00533885788172, 0.00536807021126, 0.00819853041321, 0.0165748260915, 0.0256724264473, 0.0231382213533, 0.00873421970755, 0.00557891698554, 0.00415853131562, 0.00299309333786, 0.00571304839104, 0.00106153113302, 0.000986943836324, 0.00333994021639, 0.00179174705409, 0.000347994937329, 0.000391272100387, 0.000188176942174, 0.000206679789699, 8.77320126165e-05, 9.26204884308e-05, 6.64954859531e-05, 3.86840038118e-05, 2.75310248981e-05, 1.39259000207e-05, 9.80050390353e-06, 1.47091650433e-05, 6.81415986037e-06, 3.12569409289e-06, 5.74536761633e-06, 4.24706831836e-06, 3.47818422597e-06, 3.57403996532e-06, 2.96330813399e-06, 5.29968156116e-06, 2.66268466476e-06, 2.75087359114e-06, 3.33805382979e-06, 2.35368543144e-06], "mean": [0.000136938630021, 0.000327200657921, 0.000561029824894, 0.000665664789267, 0.00112444290426, 0.000794886727817, 0.000410508742789, 0.000461743416963, 0.000287576083792, 0.000148629449541, 0.00014815715258, 7.7557109762e-05, 4.35402725998e-05, 3.22998930642e-05, 4.83841031382e-05, 3.26023728121e-05, 1.55843117682e-05, 1.53736600623e-05, 1.06615088953e-05, 8.92434400157e-06, 5.37957839697e-06, 4.71472230856e-06, 3.19464561471e-06, 1.53635335209e-06, 1.39410622069e-06, 7.83549239713e-07, 5.20857099673e-07, 4.89268643378e-07, 2.43958595547e-07, 1.56046709776e-07, 1.26449307913e-07, 1.15281551416e-07, 1.00319375917e-07, 7.20374728758e-08, 4.76433932306e-08, 4.32715978604e-08, 4.04300095624e-08, 2.66837716367e-08, 2.01944576617e-08, 1.36407978246e-08], "median": [8.34352067614e-06, 0.00016456245794, 0.000359399127774, 0.000375744712073, 0.000428653293056, 0.000235528190387, 0.000170060287928, 0.000117897237942, 8.39035928948e-05, 3.8602775021e-05, 4.40661751782e-05, 1.63659733516e-05, 1.18382586152e-05, 1.00331526482e-05, 9.81512857834e-06, 7.12983182893e-06, 5.70881002204e-06, 6.1028285927e-06, 5.0485259635e-06, 3.50292043549e-06, 2.46429090112e-06, 1.94292078959e-06, 1.31622675781e-06, 7.4100432812e-07, 5.6374540236e-07, 2.7068296049e-07, 1.87744177538e-07, 1.02662284007e-07, 6.13549246964e-08, 4.09142941749e-08, 2.43119870902e-08, 2.06295620586e-08, 1.35789282041e-08, 9.57874135565e-09, 7.22346626958e-09, 4.23707957609e-09, 2.97511171254e-09, 2.37825981131e-09, 1.84315895879e-09, 1.5343852855e-09], "min": [1.32051785381e-24, 6.53266907578e-25, 1.25852857224e-24, 1.94582442477e-24, 3.03142423418e-24, 2.54519522132e-24, 2.32823579263e-24, 3.28108825827e-24, 9.8929300769e-25, 2.50746222928e-24, 3.72540390795e-24, 3.79260736289e-24, 2.10233087849e-24, 4.13247980087e-24, 4.00281473388e-24, 3.90447967217e-24, 2.91648818636e-24, 4.29187427436e-24, 4.60386876238e-24, 5.49296825067e-24, 5.4732345007e-24, 5.31138233105e-24, 5.19628673612e-24, 4.43910648485e-24, 6.35968814952e-24, 4.7123158376e-24, 3.64168998868e-24, 3.65713154647e-24, 4.96444485481e-24, 5.09244581972e-24, 4.65518889743e-24, 5.94249550992e-24, 4.86344896527e-24, 6.40474946215e-24, 4.92198559988e-24, 6.72533425099e-24, 6.45350619368e-24, 6.93807425991e-24, 6.27402298281e-24, 6.45528191958e-24], "var": [6.3538266204e-08, 2.43032076241e-07, 3.64628618854e-07, 7.54996506203e-07, 3.37873666467e-06, 2.4301027679e-06, 1.32314698931e-06, 7.49602577343e-07, 3.34742992436e-07, 9.3956835201e-08, 6.93878021707e-08, 7.35234380045e-08, 7.59915952386e-09, 3.85827059191e-09, 2.13635242829e-08, 6.76426736845e-09, 6.8877381576e-10, 9.24587795215e-10, 2.89369306294e-10, 1.82460879738e-10, 5.82769180135e-11, 4.58547817772e-11, 2.31948019819e-11, 4.90427186708e-12, 4.37012795743e-12, 1.36622549211e-12, 6.98961233944e-13, 9.91413656899e-13, 2.29107748398e-13, 9.20491777961e-14, 1.11452520661e-13, 5.87001286337e-14, 6.1930698742e-14, 3.63860315847e-14, 1.56449882211e-14, 2.34277082055e-14, 2.13388622771e-14, 1.14209196164e-14, 1.30703256988e-14, 6.75477858733e-15]}, "mfcc": {"mean": [-753.37286377, 191.374084473, -19.711473465, 10.4989395142, -4.39702510834, -13.1204614639, -17.558511734, -10.2662448883, -11.7863578796, -7.87046146393, -8.23543739319, -7.80283403397, -5.71371936798], "cov": [[9092.19042969, 1242.30859375, -194.908416748, 497.189575195, 24.2564888, 469.480834961, 121.178627014, 413.009063721, 254.480560303, 359.270751953, 257.239624023, 345.420806885, 155.365921021], [1242.30859375, 1420.99597168, -260.034942627, 50.8016700745, 67.7580718994, -67.1286087036, -1.92259693146, -13.777425766, -2.28170013428, -35.0290374756, -17.0944709778, -74.9474487305, -26.2151012421], [-194.908416748, -260.034942627, 547.549987793, 126.088546753, 62.4196891785, 65.4878082275, 55.8365745544, 46.9525337219, 28.0392150879, 43.5292396545, 14.0038232803, 52.0863952637, 31.3908023834], [497.189575195, 50.8016700745, 126.088546753, 230.831115723, 97.797416687, 92.5786132812, 73.8389511108, 81.7522201538, 55.3571510315, 43.0348510742, 23.8057422638, 40.2227020264, 30.1995601654], [24.2564888, 67.7580718994, 62.4196891785, 97.797416687, 134.576690674, 76.7067184448, 42.0310249329, 25.6384544373, 24.0898342133, 21.4695854187, 9.13548755646, 8.81725215912, 10.6984987259], [469.480834961, -67.1286087036, 65.4878082275, 92.5786132812, 76.7067184448, 186.185577393, 100.463439941, 65.7132949829, 25.5785274506, 43.3752403259, 43.2307510376, 60.5997924805, 35.5534286499], [121.178627014, -1.92259693146, 55.8365745544, 73.8389511108, 42.0310249329, 100.463439941, 136.223831177, 82.3921051025, 17.5094108582, 8.47164916992, 17.8945407867, 35.8196411133, 30.059135437], [413.009063721, -13.777425766, 46.9525337219, 81.7522201538, 25.6384544373, 65.7132949829, 82.3921051025, 142.979934692, 71.610206604, 26.0615463257, 19.0728187561, 39.9778785706, 29.7038192749], [254.480560303, -2.28170013428, 28.0392150879, 55.3571510315, 24.0898342133, 25.5785274506, 17.5094108582, 71.610206604, 116.487342834, 75.5434265137, 21.4104499817, 12.4811944962, 5.63634777069], [359.270751953, -35.0290374756, 43.5292396545, 43.0348510742, 21.4695854187, 43.3752403259, 8.47164916992, 26.0615463257, 75.5434265137, 140.603363037, 75.7813415527, 31.9438533783, 4.7050614357], [257.239624023, -17.0944709778, 14.0038232803, 23.8057422638, 9.13548755646, 43.2307510376, 17.8945407867, 19.0728187561, 21.4104499817, 75.7813415527, 101.519805908, 60.1816215515, 10.3663263321], [345.420806885, -74.9474487305, 52.0863952637, 40.2227020264, 8.81725215912, 60.5997924805, 35.8196411133, 39.9778785706, 12.4811944962, 31.9438533783, 60.1816215515, 113.578292847, 59.5073699951], [155.365921021, -26.2151012421, 31.3908023834, 30.1995601654, 10.6984987259, 35.5534286499, 30.059135437, 29.7038192749, 5.63634777069, 4.7050614357, 10.3663263321, 59.5073699951, 91.5671615601]], "icov": [[0.000327401212417, -0.000416327791754, 0.000143818397191, -0.000584881694522, 0.00107318686787, -0.00127893011086, 0.00129417493008, -0.00111497135367, 0.000682430458255, -0.0010386913782, 0.000773359613959, -0.000882082327735, 0.000273981568171], [-0.000416327791754, 0.00144134298898, 0.000326089852024, 0.000293679098831, -0.00208312598988, 0.00239646621048, -0.00206624367274, 0.00154591770843, -0.000931925955229, 0.00160797673743, -0.00153921614401, 0.00171697104815, -0.000566719681956], [0.000143818397191, 0.000326089852024, 0.00257598585449, -0.00143831642345, -0.000275954982499, 0.00016796879936, -9.83269055723e-05, -0.000439191586338, 0.000937463017181, -0.00157124153338, 0.0015103087062, -0.00142807769589, 0.000362506631063], [-0.000584881694522, 0.000293679098831, -0.00143831642345, 0.00966068170965, -0.00611693831161, 0.00167924840935, -0.00289493659511, -0.00049493520055, -0.00189778022468, 0.00104751752224, -0.000704675447196, 0.000487757584779, -0.000617268262431], [0.00107318686787, -0.00208312598988, -0.000275954982499, -0.00611693831161, 0.017192447558, -0.00944163650274, 0.00457679061219, -0.000959703524131, 7.68853788031e-05, -0.00219257525168, 0.00206980202347, -0.000386452273233, 0.000285586196696], [-0.00127893011086, 0.00239646621048, 0.00016796879936, 0.00167924840935, -0.00944163650274, 0.0183471310884, -0.0122581757605, 0.00402090884745, -0.000850781740155, 0.00109527911991, -0.00275907246396, -0.000253451231401, -0.000583092332818], [0.00129417493008, -0.00206624367274, -9.83269055723e-05, -0.00289493659511, 0.00457679061219, -0.0122581757605, 0.0229602865875, -0.0133883543313, 0.00698676193133, -0.00335162156262, 0.00222407863475, -0.00137473607901, -0.000384522689274], [-0.00111497135367, 0.00154591770843, -0.000439191586338, -0.00049493520055, -0.000959703524131, 0.00402090884745, -0.0133883543313, 0.0237829573452, -0.0160517394543, 0.00994806271046, -0.00499950861558, 0.00113400246482, -0.00181497097947], [0.000682430458255, -0.000931925955229, 0.000937463017181, -0.00189778022468, 7.68853788031e-05, -0.000850781740155, 0.00698676193133, -0.0160517394543, 0.0267956163734, -0.0179638825357, 0.00967540964484, -0.00261739990674, 0.00199397816323], [-0.0010386913782, 0.00160797673743, -0.00157124153338, 0.00104751752224, -0.00219257525168, 0.00109527911991, -0.00335162156262, 0.00994806271046, -0.0179638825357, 0.0272191558033, -0.0197258163244, 0.00819124560803, -0.00326302694157], [0.000773359613959, -0.00153921614401, 0.0015103087062, -0.000704675447196, 0.00206980202347, -0.00275907246396, 0.00222407863475, -0.00499950861558, 0.00967540964484, -0.0197258163244, 0.0316743850708, -0.018064616248, 0.00825488101691], [-0.000882082327735, 0.00171697104815, -0.00142807769589, 0.000487757584779, -0.000386452273233, -0.000253451231401, -0.00137473607901, 0.00113400246482, -0.00261739990674, 0.00819124560803, -0.018064616248, 0.028186801821, -0.0139887183905], [0.000273981568171, -0.000566719681956, 0.000362506631063, -0.000617268262431, 0.000285586196696, -0.000583092332818, -0.000384522689274, -0.00181497097947, 0.00199397816323, -0.00326302694157, 0.00825488101691, -0.0139887183905, 0.0194824915379]]}, "spectral_contrast_coeffs": {"dmean": [0.0378471538424, 0.0316523462534, 0.0267175529152, 0.0256525538862, 0.0172688886523, 0.0108905909583], "dmean2": [0.0623818971217, 0.0497338846326, 0.0404714234173, 0.0410480685532, 0.0289230532944, 0.0183644853532], "dvar": [0.00106510461774, 0.000669882982038, 0.000461024756078, 0.000413502799347, 0.000174425687874, 7.1322232543e-05], "dvar2": [0.00293647637591, 0.00167156942189, 0.00105143047404, 0.00103501463309, 0.000481502036564, 0.000206012482522], "max": [-0.237714543939, -0.328013300896, -0.387874037027, -0.488198399544, -0.580920696259, -0.663990437984], "mean": [-0.514331161976, -0.642160356045, -0.673735141754, -0.686462581158, -0.743448674679, -0.774069964886], "median": [-0.518956661224, -0.644476473331, -0.672461509705, -0.682253479958, -0.740779399872, -0.777682065964], "min": [-0.981342434883, -0.972816169262, -0.977989077568, -0.966753900051, -0.963506639004, -0.964310646057], "var": [0.0119859576225, 0.00668240804225, 0.00590560911223, 0.00411803741008, 0.00282329390757, 0.00130610796623]}, "spectral_contrast_valleys": {"dmean": [0.371918082237, 0.254805624485, 0.226743921638, 0.189149364829, 0.126241698861, 0.102027632296], "dmean2": [0.623858630657, 0.407251000404, 0.371718287468, 0.318356156349, 0.213616132736, 0.163891792297], "dvar": [0.113378860056, 0.0522669963539, 0.0391216054559, 0.0302865635604, 0.019580880