{"lowlevel": {"average_loudness": 0.968706548214, "barkbands_crest": {"dmean": 2.61435317993, "dmean2": 4.23096609116, "dvar": 7.40609693527, "dvar2": 20.2186203003, "max": 26.5918807983, "mean": 11.7599773407, "median": 10.4825325012, "min": 2.69631385803, "var": 27.5065631866}, "barkbands_flatness_db": {"dmean": 0.0255514495075, "dmean2": 0.0379442311823, "dvar": 0.00069407816045, "dvar2": 0.00150983931962, "max": 0.520330250263, "mean": 0.156543016434, "median": 0.133522927761, "min": 0.0388918109238, "var": 0.0073577882722}, "barkbands_kurtosis": {"dmean": 7.58440971375, "dmean2": 11.184595108, "dvar": 378.196655273, "dvar2": 800.247070312, "max": 396.154602051, "mean": 17.7555713654, "median": 4.01072406769, "min": -1.87104690075, "var": 1978.41308594}, "barkbands_skewness": {"dmean": 0.720964133739, "dmean2": 1.08294939995, "dvar": 0.800255119801, "dvar2": 1.82174146175, "max": 13.6422977448, "mean": 2.28347039223, "median": 1.80669999123, "min": -2.87136626244, "var": 3.87306785583}, "barkbands_spread": {"dmean": 5.38681840897, "dmean2": 8.14509010315, "dvar": 56.4575538635, "dvar2": 128.717666626, "max": 113.243339539, "mean": 19.2356033325, "median": 17.0651187897, "min": 0.135617911816, "var": 210.269790649}, "dissonance": {"dmean": 0.0228652525693, "dmean2": 0.0380918644369, "dvar": 0.000558654370252, "dvar2": 0.00140388251748, "max": 0.499886631966, "mean": 0.44861766696, "median": 0.460962831974, "min": 0.231722310185, "var": 0.00187584431842}, "dynamic_complexity": 3.24391722679, "erbbands_crest": {"dmean": 3.20641088486, "dmean2": 4.75011920929, "dvar": 10.0071153641, "dvar2": 21.1840820312, "max": 34.2851982117, "mean": 12.4338130951, "median": 10.3213024139, "min": 2.75916838646, "var": 51.2515220642}, "erbbands_flatness_db": {"dmean": 0.0217301268131, "dmean2": 0.0286296717823, "dvar": 0.000522434653249, "dvar2": 0.000929016969167, "max": 0.455285131931, "mean": 0.15192937851, "median": 0.134966313839, "min": 0.0381126068532, "var": 0.00526365777478}, "erbbands_kurtosis": {"dmean": 2.36926555634, "dmean2": 3.48194003105, "dvar": 41.9304084778, "dvar2": 79.8359909058, "max": 183.269622803, "mean": 5.86759662628, "median": 0.270154476166, "min": -1.71299445629, "var": 478.586395264}, "erbbands_skewness": {"dmean": 0.439521700144, "dmean2": 0.627226889133, "dvar": 0.299637585878, "dvar2": 0.602463006973, "max": 10.6498565674, "mean": 0.968148648739, "median": 0.58434855938, "min": -3.92110466957, "var": 3.24403786659}, "erbbands_spread": {"dmean": 9.6552734375, "dmean2": 13.8444871902, "dvar": 117.388221741, "dvar2": 258.287841797, "max": 139.078186035, "mean": 38.7585449219, "median": 35.9765205383, "min": 0.861703515053, "var": 474.359558105}, "hfc": {"dmean": 6.23435115814, "dmean2": 8.68252944946, "dvar": 92.6801071167, "dvar2": 197.375976562, "max": 124.061538696, "mean": 19.0577716827, "median": 15.991850853, "min": 1.15932181881e-16, "var": 237.525634766}, "melbands_crest": {"dmean": 3.12001514435, "dmean2": 5.05280065536, "dvar": 8.60724830627, "dvar2": 22.1704597473, "max": 33.3277206421, "mean": 15.495765686, "median": 14.770772934, "min": 2.2668671608, "var": 27.5533447266}, "melbands_flatness_db": {"dmean": 0.0308843310922, "dmean2": 0.0460642948747, "dvar": 0.00106311845593, "dvar2": 0.00238662585616, "max": 0.622606098652, "mean": 0.238344579935, "median": 0.218454584479, "min": 0.0070099006407, "var": 0.00928055495024}, "melbands_kurtosis": {"dmean": 13.297369957, "dmean2": 20.7507572174, "dvar": 866.562133789, "dvar2": 1891.86181641, "max": 698.46472168, "mean": 29.0907936096, "median": 10.8891687393, "min": -1.77292203903, "var": 3448.71679688}, "melbands_skewness": {"dmean": 0.925947189331, "dmean2": 1.37745940685, "dvar": 1.27942073345, "dvar2": 3.00722908974, "max": 21.3672370911, "mean": 3.16573429108, "median": 2.67721843719, "min": -2.86504149437, "var": 5.58694219589}, "melbands_spread": {"dmean": 5.38250684738, "dmean2": 8.18745136261, "dvar": 58.4227333069, "dvar2": 126.743179321, "max": 140.197540283, "mean": 17.3137836456, "median": 14.3257856369, "min": 0.351151049137, "var": 187.191390991}, "pitch_salience": {"dmean": 0.0712346881628, "dmean2": 0.113338857889, "dvar": 0.00522405607626, "dvar2": 0.0131682325155, "max": 0.814582526684, "mean": 0.47665515542, "median": 0.475549548864, "min": 0.0940039157867, "var": 0.0162081476301}, "silence_rate_20dB": {"dmean": 0, "dmean2": 0, "dvar": 0, "dvar2": 0, "max": 1, "mean": 1, "median": 1, "min": 1, "var": 0}, "silence_rate_30dB": {"dmean": 0.00460829492658, "dmean2": 0.00922367442399, "dvar": 0.00458713108674, "dvar2": 0.0137506360188, "max": 1, "mean": 0.997697591782, "median": 1, "min": 0, "var": 0.00229705637321}, "silence_rate_60dB": {"dmean": 0.0122887864709, "dmean2": 0.0245964638889, "dvar": 0.0121377678588, "dvar2": 0.0301406532526, "max": 1, "mean": 0.0560245588422, "median": 0, "min": 0, "var": 0.0528859272599}, "spectral_centroid": {"dmean": 240.806930542, "dmean2": 364.782501221, "dvar": 142553.203125, "dvar2": 266682.09375, "max": 10873.7558594, "mean": 1084.68322754, "median": 976.867858887, "min": 130.655258179, "var": 445586.53125}, "spectral_complexity": {"dmean": 3.74039936066, "dmean2": 5.58032274246, "dvar": 25.3581352234, "dvar2": 53.4026451111, "max": 53, "mean": 15.0982351303, "median": 14, "min": 0, "var": 83.2258377075}, "spectral_decrease": {"dmean": 3.59544971573e-09, "dmean2": 5.85082871041e-09, "dvar": 3.92092841686e-17, "dvar2": 1.03626778391e-16, "max": 2.13959993081e-17, "mean": -8.27636270628e-09, "median": -6.77342004707e-09, "min": -5.14080191749e-08, "var": 4.45839133597e-17}, "spectral_energy": {"dmean": 0.014028351754, "dmean2": 0.0226779598743, "dvar": 0.000579077342991, "dvar2": 0.00152463163249, "max": 0.196942806244, "mean": 0.0329654850066, "median": 0.0270900744945, "min": 1.05319487102e-20, "var": 0.000677911564708}, "spectral_energyband_high": {"dmean": 0.00035202660365, "dmean2": 0.000505900476128, "dvar": 4.66056491177e-07, "dvar2": 1.01312832612e-06, "max": 0.00977250281721, "mean": 0.000721881398931, "median": 0.000379707227694, "min": 7.40701141333e-21, "var": 9.11333358999e-07}, "spectral_energyband_low": {"dmean": 0.00909422244877, "dmean2": 0.0158844720572, "dvar": 0.000461894873297, "dvar2": 0.00127114914358, "max": 0.176461741328, "mean": 0.0132799157873, "median": 0.00877631176263, "min": 1.19590631656e-22, "var": 0.000395771872718}, "spectral_energyband_middle_high": {"dmean": 0.00197840342298, "dmean2": 0.0027340548113, "dvar": 7.77794230089e-06, "dvar2": 1.51552421812e-05, "max": 0.0380472429097, "mean": 0.00564446346834, "median": 0.00360527797602, "min": 1.5394467337e-21, "var": 4.11463697674e-05}, "spectral_energyband_middle_low": {"dmean": 0.0061366665177, "dmean2": 0.00941998325288, "dvar": 9.39253732213e-05, "dvar2": 0.000226371572353, "max": 0.0852250382304, "mean": 0.0147392088547, "median": 0.0116489306092, "min": 4.05035747159e-22, "var": 0.000167701378814}, "spectral_entropy": {"dmean": 0.222033187747, "dmean2": 0.301537305117, "dvar": 0.0588613301516, "dvar2": 0.110358446836, "max": 9.79996299744, "mean": 7.32187366486, "median": 7.4913892746, "min": 3.79891896248, "var": 0.602675914764}, "spectral_flux": {"dmean": 0.0344929471612, "dmean2": 0.0531189516187, "dvar": 0.00239185546525, "dvar2": 0.00476926052943, "max": 0.388893932104, "mean": 0.0826127976179, "median": 0.0639079064131, "min": 1.02625283271e-10, "var": 0.00425869273022}, "spectral_kurtosis": {"dmean": 1.68691444397, "dmean2": 2.71006512642, "dvar": 10.2238702774, "dvar2": 31.1554450989, "max": 59.5031318665, "mean": 5.6054854393, "median": 4.15253782272, "min": -1.21475696564, "var": 37.8204116821}, "spectral_rms": {"dmean": 0.00105121429078, "dmean2": 0.00162708712742, "dvar": 2.35046923081e-06, "dvar2": 5.77105902266e-06, "max": 0.0138614326715, "mean": 0.00521781621501, "median": 0.00514094764367, "min": 3.20547538166e-12, "var": 4.93588049721e-06}, "spectral_rolloff": {"dmean": 454.066436768, "dmean2": 757.536865234, "dvar": 1225768, "dvar2": 2394277.25, "max": 19250.6835938, "mean": 1178.72119141, "median": 796.728515625, "min": 64.599609375, "var": 3149641}, "spectral_skewness": {"dmean": 0.23746214807, "dmean2": 0.357968896627, "dvar": 0.0905600339174, "dvar2": 0.244099110365, "max": 6.27469062805, "mean": 1.76107120514, "median": 1.61128652096, "min": 0.0249706190079, "var": 0.476706504822}, "spectral_spread": {"dmean": 638701.625, "dmean2": 852479.6875, "dvar": 1253077286910.0, "dvar2": 1573724094460.0, "max": 40714144, "mean": 5364042, "median": 5218163.5, "min": 1248261.375, "var": 3602694012930.0}, "spectral_strongpeak": {"dmean": 0.483146995306, "dmean2": 0.802747309208, "dvar": 0.739315330982, "dvar2": 1.48161292076, "max": 8.10902404785, "mean": 1.08555352688, "median": 0.537803292274, "min": 0, "var": 1.83706998825}, "zerocrossingrate": {"dmean": 0.0106716826558, "dmean2": 0.0122760888189, "dvar": 0.000283114495687, "dvar2": 0.000336209923262, "max": 0.55029296875, "mean": 0.0569801367819, "median": 0.048828125, "min": 0.00927734375, "var": 0.00187525467481}, "barkbands": {"dmean": [0.000136960079544, 0.00658351974562, 0.00263228896074, 0.00206022965722, 0.00268032215536, 0.00190710288007, 0.00061472679954, 0.000216528045712, 0.000395292474423, 0.000678302836604, 0.000484035001136, 0.00091041601263, 0.000313843367621, 0.000160171228345, 0.000197095461772, 0.000159764415002, 0.000134465488372, 0.00011184925097, 0.000172710599145, 9.61786427069e-05, 9.23641346162e-05, 8.12110447441e-05, 5.65270456718e-05, 3.55526426574e-05, 3.70909838239e-05, 5.06465512444e-05, 1.37686474773e-05], "dmean2": [0.00022206074209, 0.011414415203, 0.00480943638831, 0.00363206560723, 0.00424516340718, 0.00277592684142, 0.000996367656626, 0.000325274915667, 0.000594116630964, 0.0010180787649, 0.000698245130479, 0.00123275385704, 0.000438846793259, 0.000258554355241, 0.000315663142828, 0.000240129607846, 0.000215989595745, 0.000173959895619, 0.000252517987974, 0.000151953223394, 0.000142635544762, 0.000126177386846, 8.54419049574e-05, 5.16996587976e-05, 5.14092134836e-05, 7.1401540481e-05, 1.82170024345e-05], "dvar": [6.50072635722e-08, 0.000263532128884, 4.44452125521e-05, 2.17278102355e-05, 1.99128189706e-05, 8.1544258137e-06, 2.26871816267e-06, 1.62554229632e-07, 6.0850521777e-07, 2.8822225886e-06, 1.42284545745e-06, 4.20448395744e-06, 7.57355280712e-07, 8.16819891725e-08, 1.39384695785e-07, 8.96680418805e-08, 5.16128899619e-08, 4.2789274346e-08, 1.03730300793e-07, 2.75595954946e-08, 2.19541451685e-08, 2.36586625846e-08, 1.62818576399e-08, 3.86026055565e-09, 1.01183079693e-08, 5.32849782076e-08, 4.67176020091e-10], "dvar2": [1.71160920104e-07, 0.000731153064407, 0.000127796374727, 5.71743985347e-05, 4.89367776026e-05, 1.95927459572e-05, 5.98873793933e-06, 3.82584460112e-07, 1.32861316615e-06, 6.97282712281e-06, 2.94976484838e-06, 7.61668297855e-06, 1.39940914323e-06, 2.0411890489e-07, 3.46413600028e-07, 1.66463550499e-07, 1.33011482717e-07, 1.07150384565e-07, 1.89597542999e-07, 6.94578261573e-08, 4.91423932658e-08, 5.2382851834e-08, 3.67789212419e-08, 8.58912319046e-09, 2.20519158489e-08, 1.23395466289e-07, 8.98928209647e-10], "max": [0.00195096782409, 0.129584297538, 0.0680692866445, 0.0499678254128, 0.0445578619838, 0.0380036607385, 0.0157711226493, 0.00584838865325, 0.01336629875, 0.0241323765367, 0.0227636136115, 0.0324967615306, 0.0175493657589, 0.00488025927916, 0.00509043084458, 0.0039745150134, 0.00229549291544, 0.0022312074434, 0.00536604318768, 0.00296676135622, 0.00266618188471, 0.00284317601472, 0.00178253464401, 0.000788835459389, 0.00171102653258, 0.00375450286083, 0.000215822117752], "mean": [0.000166064142832, 0.00833266694099, 0.00360600883141, 0.00227907695808, 0.00528037268668, 0.00473731569946, 0.000832099409308, 0.000381489633583, 0.000711727363523, 0.00122227123939, 0.000796738197096, 0.00195259379689, 0.000465769990114, 0.000213456965866, 0.000268329575192, 0.000238707551034, 0.00018904566241, 0.00016792997485, 0.000308512186166, 0.00017979038239, 0.000178723159479, 0.000131126114866, 9.32834664127e-05, 6.97718132869e-05, 7.12722467142e-05, 6.75735063851e-05, 2.38057018578e-05], "median": [2.26660777116e-05, 0.00348285213113, 0.00172122451477, 0.000587261922192, 0.00294202519581, 0.00276518939063, 0.000277323735645, 0.000135561596835, 0.000189324622625, 0.000311569281621, 0.000177008347237, 0.000348174158717, 7.06842474756e-05, 8.63661334733e-05, 0.00011377116607, 8.36851759232e-05, 8.88505237526e-05, 6.73751346767e-05, 0.0001185505389, 8.80070001585e-05, 8.82414533407e-05, 6.1677688791e-05, 3.51165108441e-05, 2.9644003007e-05, 3.00878091366e-05, 2.29823017435e-05, 1.08232652565e-05], "min": [1.17356741655e-22, 2.29478059607e-23, 3.78901315484e-23, 5.08062584346e-23, 6.18515038654e-23, 1.78391711375e-23, 1.15253285072e-22, 9.60400791654e-23, 4.7986105942e-23, 6.91470472891e-23, 7.05818843015e-23, 7.00219950072e-23, 1.84713308192e-22, 1.32412827296e-22, 1.05428855535e-22, 2.16771984292e-22, 7.86434116641e-23, 1.67913650624e-22, 3.48779892441e-22, 2.5467883338e-22, 5.57567392681e-22, 4.46955411766e-22, 3.89729472704e-22, 7.12977080465e-22, 1.1608056161e-21, 1.66597800342e-21, 2.50098441907e-21], "var": [9.4285923069e-08, 0.000225104187848, 3.36734046869e-05, 2.09741083381e-05, 4.26240985689e-05, 3.76836396754e-05, 2.66171241492e-06, 4.2102220732e-07, 2.04842604035e-06, 5.53620338906e-06, 3.8611274249e-06, 1.90001246665e-05, 1.67793007222e-06, 1.24530600942e-07, 1.80535678851e-07, 1.99973598569e-07, 7.4570877473e-08, 7.32068770048e-08, 2.85320538751e-07, 6.13941821825e-08, 6.15147541794e-08, 3.94746209054e-08, 2.69237094841e-08, 9.06798369726e-09, 1.59535638034e-08, 5.56092665249e-08, 1.18775600466e-09]}, "erbbands": {"dmean": [0.155186459422, 1.60557866096, 3.13167071342, 4.99507808685, 6.96655225754, 9.23958492279, 19.354883194, 13.2889900208, 10.861992836, 5.6937494278, 5.33000040054, 7.89883136749, 19.2603092194, 18.3205661774, 23.3023490906, 39.0138320923, 16.593296051, 8.54936313629, 9.22859954834, 8.49666500092, 9.8976316452, 6.23547744751, 5.25950145721, 8.24842071533, 8.05452728271, 4.50421047211, 4.65400743484, 2.7904446125, 3.03734564781, 1.98668396473, 1.6825710535, 0.959561824799, 0.538798630238, 0.405922800303, 0.318059414625, 0.320935189724, 0.0541244186461, 0.0138872517273, 0.00212032324634, 0.000178419461008], "dmean2": [0.253019958735, 2.8324239254, 5.6621222496, 8.90279960632, 11.7578802109, 14.8216514587, 28.7813796997, 20.2460670471, 17.0889968872, 9.30444431305, 7.92901945114, 12.1564435959, 29.0745849609, 26.5029697418, 33.1647872925, 51.8637809753, 22.473783493, 13.5241041183, 14.6656265259, 13.3406543732, 15.1041669846, 9.81718826294, 8.18644046783, 12.6423406601, 11.8197574615, 7.07707881927, 7.15560054779, 4.39944028854, 4.80432796478, 2.99329972267, 2.5886797905, 1.43185806274, 0.788909494877, 0.583490669727, 0.445288091898, 0.468621253967, 0.075654193759, 0.0189354978502, 0.00285807205364, 0.000243583344854], "dvar": [0.131566524506, 16.5396766663, 62.9175491333, 114.639808655, 255.097137451, 241.566360474, 952.550231934, 509.267181396, 537.620117188, 223.314163208, 99.679901123, 220.86277771, 3136.37084961, 1350.09216309, 2654.40625, 7663.84082031, 1774.37744141, 218.186752319, 333.5234375, 241.224121094, 370.255950928, 113.80821228, 76.4204940796, 229.996139526, 240.216079712, 55.8195381165, 59.3261985779, 20.2332897186, 31.7507648468, 13.1694278717, 17.2771568298, 4.49397659302, 0.751134991646, 0.692303359509, 1.02576327324, 2.80320501328, 0.0349675640464, 0.000821892754175, 1.1642505342e-05, 7.47116146727e-08], "dvar2": [0.341233730316, 46.8694114685, 180.250961304, 314.886169434, 650.649230957, 620.221252441, 2220.08520508, 1287.71069336, 1364.85913086, 581.805603027, 232.902984619, 539.537597656, 7673.93017578, 2985.54345703, 5598.80615234, 12801.8291016, 3126.24023438, 534.050109863, 771.083435059, 603.638671875, 734.920227051, 279.644287109, 189.51914978, 464.571014404, 472.431152344, 137.852416992, 134.567550659, 47.7311058044, 71.1297531128, 29.5883312225, 39.8489685059, 10.5733671188, 1.63823163509, 1.51314985752, 2.23715090752, 6.43260765076, 0.0820650160313, 0.0016982544912, 2.30213354371e-05, 1.49101836655e-07], "max": [2.88521742821, 34.4380340576, 72.7786941528, 113.024383545, 140.67767334, 186.125778198, 338.988342285, 317.154815674, 276.30355835, 165.14402771, 161.790374756, 172.984588623, 722.446716309, 532.971801758, 1132.60119629, 1627.66906738, 911.570495605, 247.422576904, 301.497619629, 168.042190552, 251.679077148, 118.335258484, 105.181716919, 248.525604248, 231.274780273, 120.946678162, 130.220550537, 42.5637550354, 104.569404602, 40.5961990356, 61.197933197, 28.7272872925, 12.9365005493, 12.7221431732, 17.9752731323, 27.8303279877, 2.97743535042, 0.369079679251, 0.040132381022, 0.00287632923573], "mean": [0.194164067507, 2.00595641136, 4.54060649872, 6.05293321609, 8.10485458374, 20.943529129, 41.3996658325, 30.667963028, 19.2156143188, 6.68820810318, 9.93760299683, 13.8829460144, 36.0440673828, 33.9721603394, 44.9059638977, 86.8564605713, 28.3070888519, 13.0473527908, 12.4208164215, 12.3881425858, 14.7363567352, 9.23640918732, 8.48585891724, 14.1698083878, 14.7312469482, 8.64678764343, 8.97591018677, 5.15267515182, 4.80943870544, 3.32048344612, 2.73713302612, 1.63093054295, 1.09161353111, 0.787123441696, 0.55496442318, 0.384411066771, 0.0880160778761, 0.0234678685665, 0.00378685374744, 0.000309138034936], "median": [0.0560619197786, 0.851317107677, 2.39757704735, 2.68303894997, 3.27599430084, 9.55256748199, 23.6930789948, 14.5775842667, 7.16942548752, 2.57966542244, 3.89130759239, 5.1161737442, 9.37938785553, 12.6463527679, 17.3533344269, 18.1251678467, 6.55632066727, 6.12491178513, 4.98221969604, 5.70106124878, 5.45381212234, 4.71312093735, 4.20469808578, 5.92764139175, 5.48124885559, 4.68350076675, 3.97956204414, 3.01097726822, 2.27796363831, 1.46879720688, 0.989909052849, 0.642329037189, 0.48581340909, 0.344142645597, 0.22225125134, 0.102735824883, 0.0356614664197, 0.0100679742172, 0.00183412467595, 0.000166042576893], "min": [1.54345540928e-21, 3.68372930456e-21, 3.89165213751e-20, 9.34087502871e-20, 2.3938319999e-19, 1.95300741819e-19, 1.04641707909e-19, 2.65479972834e-19, 1.75622272728e-18, 1.13967641988e-18, 2.15982565484e-18, 1.0268716284e-18, 1.683318647e-18, 2.77407508847e-18, 2.59757852719e-18, 3.26002529358e-18, 7.57716962561e-18, 8.96053821024e-18, 5.35634022778e-18, 6.88517596775e-18, 1.15885514005e-17, 5.82080214173e-18, 7.50036011547e-18, 2.01524159752e-17, 1.12409428101e-17, 1.27168447812e-17, 2.47039342824e-17, 1.76982290004e-17, 1.58342635168e-17, 1.39422681909e-17, 1.14634825191e-17, 1.22100667886e-17, 1.23813237811e-17, 1.38612748012e-17, 8.18122902128e-18, 6.07288005673e-18, 3.35344024772e-18, 1.34734424857e-18, 3.63368112934e-19, 3.50835861364e-20], "var": [0.136793881655, 13.11921978, 47.944568634, 102.133682251, 239.302337646, 1035.09399414, 2832.99755859, 2044.72021484, 1168.36816406, 193.543304443, 293.266204834, 500.518859863, 5633.76367188, 3497.62011719, 8062.76953125, 41499.4296875, 4372.61181641, 408.255279541, 465.486663818, 349.520172119, 751.941833496, 166.870101929, 133.817871094, 592.626708984, 629.833679199, 127.688819885, 174.590301514, 37.000213623, 52.4499053955, 22.9558029175, 26.8005256653, 7.09361076355, 2.06155896187, 1.33230233192, 1.43649351597, 2.84436988831, 0.0404907092452, 0.00166198611259, 2.87238781311e-05, 1.54624970605e-07]}, "gfcc": {"mean": [-17.9682712555, 77.6397476196, -87.6015396118, 22.9730033875, -49.9226303101, 3.52160167694, -29.4907455444, -3.29529500008, -33.6694755554, -2.5984351635, -10.9078741074, 8.96192169189, -1.83906900883], "cov": [[23581.5253906, -80.9409408569, -863.056518555, -87.033531189, -113.708953857, 1907.62963867, 464.514434814, 691.891052246, -165.34211731, 367.894287109, -231.370361328, 227.582870483, -416.131347656], [-80.9409408569, 1219.88525391, 175.797927856, 193.137237549, 104.216575623, -144.371154785, 99.3752975464, -20.8027801514, 48.2549171448, -110.27645874, 68.103553772, -49.1182670593, 68.9786834717], [-863.056518555, 175.797927856, 1094.54675293, 375.56463623, 170.050109863, 151.34703064, 141.332977295, 126.466430664, 169.788360596, -6.97519731522, -29.52602005, -30.5017700195, 15.9519491196], [-87.033531189, 193.137237549, 375.56463623, 493.836547852, 110.930732727, 66.7792358398, 104.875663757, 68.9749755859, 52.928188324, -59.814125061, -8.5949382782, -57.6161689758, -0.219683691859], [-113.708953857, 104.216575623, 170.050109863, 110.930732727, 442.567626953, 233.257339478, 157.474990845, 67.3833007812, 17.1367225647, 57.439743042, 82.1141738892, 35.3147125244, -36.992477417], [1907.62963867, -144.371154785, 151.34703064, 66.7792358398, 233.257339478, 493.18572998, 196.609954834, 161.430221558, 24.3028354645, 104.139289856, 16.7439537048, 67.4754180908, -79.3457336426], [464.514434814, 99.3752975464, 141.332977295, 104.875663757, 157.474990845, 196.609954834, 205.475234985, 117.837043762, 25.2430725098, 20.7924308777, 16.9849834442, 12.37038517, -9.70948600769], [691.891052246, -20.8027801514, 126.466430664, 68.9749755859, 67.3833007812, 161.430221558, 117.837043762, 162.087265015, 64.9621734619, 38.6687736511, -24.6327800751, 6.26725816727, -18.2100582123], [-165.34211731, 48.2549171448, 169.788360596, 52.928188324, 17.1367225647, 24.3028354645, 25.2430725098, 64.9621734619, 119.080429077, 35.7728118896, -15.5508518219, -14.8587970734, 3.20547747612], [367.894287109, -110.27645874, -6.97519731522, -59.814125061, 57.439743042, 104.139289856, 20.7924308777, 38.6687736511, 35.7728118896, 125.666725159, 46.3953742981, 38.2052841187, -34.3667488098], [-231.370361328, 68.103553772, -29.52602005, -8.5949382782, 82.1141738892, 16.7439537048, 16.9849834442, -24.6327800751, -15.5508518219, 46.3953742981, 126.317649841, 56.7506828308, -1.86318135262], [227.582870483, -49.1182670593, -30.5017700195, -57.6161689758, 35.3147125244, 67.4754180908, 12.37038517, 6.26725816727, -14.8587970734, 38.2052841187, 56.7506828308, 94.0737838745, 15.3475255966], [-416.131347656, 68.9786834717, 15.9519491196, -0.219683691859, -36.992477417, -79.3457336426, -9.70948600769, -18.2100582123, 3.20547747612, -34.3667488098, -1.86318135262, 15.3475255966, 77.3801574707]], "icov": [[0.000116418457765, -0.000202818380785, 0.000132232060423, -9.06646819203e-05, 0.000295333535178, -0.000629867077805, 0.000331949297106, -0.000352928967914, 0.000416156486608, -0.000287782371743, 0.000338193698553, -0.000120445205539, 0.000120248143503], [-0.000202818380785, 0.00162301643286, -0.000191438259208, 0.000136282033054, -0.000675737217534, 0.00145341351163, -0.00164721859619, 0.0010915932944, -0.0018856144743, 0.00194586522412, -0.0019612479955, 0.000901589286514, -0.000563885434531], [0.000132232060423, -0.000191438259208, 0.00177743926179, -0.0010248455219, 6.64512481308e-05, -0.0010078944033, 6.48921777611e-05, 0.000178319081897, -0.00172577938065, 0.000109567889012, 0.000806846830528, -0.000566939648706, -0.000187160316273], [-9.06646819203e-05, 0.000136282033054, -0.0010248455219, 0.00372812221758, -0.000427571387263, -0.000117482399219, -0.000386765692383, -0.000747845042497, -0.000593280652538, 0.00280024460517, -0.00241765799001, 0.00286251306534, -0.000294311961625], [0.000295333535178, -0.000675737217534, 6.64512481308e-05, -0.000427571387263, 0.0048713600263, -0.00295818038285, -0.00108301523142, 0.000222592163482, 0.000917500816286, -0.000953832932282, -0.00136967783328, 0.000336839759257, 0.000826243369374], [-0.000629867077805, 0.00145341351163, -0.0010078944033, -0.000117482399219, -0.00295818038285, 0.0107652246952, -0.00623654853553, 0.000570913369302, -0.00103542034049, -0.000971042783931, 0.00224075606093, -0.00593784544617, 0.00534414267167], [0.000331949297106, -0.00164721859619, 6.48921777611e-05, -0.000386765692383, -0.00108301523142, -0.00623654853553, 0.0169432759285, -0.0104712313041, 0.00499318540096, 0.000337354053045, -0.00303906737827, 0.00478608207777, -0.00509135005996], [-0.000352928967914, 0.0010915932944, 0.000178319081897, -0.000747845042497, 0.000222592163482, 0.000570913369302, -0.0104712313041, 0.0199640039355, -0.00940665788949, -0.000639133213554, 0.00465455418453, -0.00380562758073, 0.00213886913843], [0.000416156486608, -0.0018856144743, -0.00172577938065, -0.000593280652538, 0.000917500816286, -0.00103542034049, 0.00499318540096, -0.00940665788949, 0.0204325802624, -0.00968534033746, 0.0028015752323, 0.00353136775084, -0.00371820968576], [-0.000287782371743, 0.00194586522412, 0.000109567889012, 0.00280024460517, -0.000953832932282, -0.000971042783931, 0.000337354053045, -0.000639133213554, -0.00968534033746, 0.0209176484495, -0.00927788484842, -0.000686936662532, 0.00474756211042], [0.000338193698553, -0.0019612479955, 0.000806846830528, -0.00241765799001, -0.00136967783328, 0.00224075606093, -0.00303906737827, 0.00465455418453, 0.0028015752323, -0.00927788484842, 0.0214408449829, -0.0135586503893, 0.00471959169954], [-0.000120445205539, 0.000901589286514, -0.000566939648706, 0.00286251306534, 0.000336839759257, -0.00593784544617, 0.00478608207777, -0.00380562758073, 0.00353136775084, -0.000686936662532, -0.0135586503893, 0.0279987081885, -0.0138801978901], [0.000120248143503, -0.000563885434531, -0.000187160316273, -0.000294311961625, 0.000826243369374, 0.00534414267167, -0.00509135005996, 0.00213886913843, -0.00371820968576, 0.00474756211042, 0.00471959169954, -0.0138801978901, 0.0249788500369]]}, "melbands": {"dmean": [0.00165226636454, 0.00179438747, 0.000922913372051, 0.000491106125992, 0.00063409586437, 0.000309974857373, 0.00015768360754, 5.50473341718e-05, 4.38859315182e-05, 5.58955543966e-05, 9.75593648036e-05, 7.65152362874e-05, 7.41538897273e-05, 0.000111265631858, 6.31274670013e-05, 2.43214126385e-05, 1.64829325513e-05, 1.43714232763e-05, 1.26930372062e-05, 1.0253779692e-05, 1.24955577121e-05, 7.16129125067e-06, 5.53876543563e-06, 5.8533032643e-06, 7.17950479157e-06, 6.74393504596e-06, 4.4719026846e-06, 2.97429915008e-06, 3.28993246512e-06, 2.297629635e-06, 1.60356614742e-06, 1.75431932803e-06, 1.72211525751e-06, 9.66051970863e-07, 1.03007391772e-06, 8.62973024596e-07, 5.24707274963e-07, 4.27964494065e-07, 3.28404183847e-07, 3.62775438134e-07], "dmean2": [0.00280960765667, 0.00320158805698, 0.00163200427778, 0.000787587196101, 0.000961377169006, 0.000464278302388, 0.000249972334132, 8.84589826455e-05, 6.58192657284e-05, 8.47973278724e-05, 0.00014761161583, 0.000111299799755, 0.000107798325189, 0.000152414228069, 8.45918984851e-05, 3.45993939845e-05, 2.62856628979e-05, 2.29739289352e-05, 2.0682315153e-05, 1.53703622345e-05, 1.93966279767e-05, 1.16308638098e-05, 8.71284009918e-06, 9.19584635994e-06, 1.11233166535e-05, 9.88964529824e-06, 6.75624505675e-06, 4.78838092022e-06, 5.12083215654e-06, 3.74400087821e-06, 2.52622317021e-06, 2.80724816548e-06, 2.69132260655e-06, 1.4641565258e-06, 1.62540038673e-06, 1.30937121412e-06, 8.05305830909e-07, 6.36666300124e-07, 4.98238250657e-07, 5.37476807949e-07], "dvar": [1.60477502504e-05, 2.07022603718e-05, 3.94715380025e-06, 8.17257898689e-07, 9.83051336334e-07, 2.58008185483e-07, 1.15667418754e-07, 1.86313027228e-08, 6.14387474229e-09, 1.16328546795e-08, 8.142698249e-08, 2.52618725938e-08, 2.90094046562e-08, 6.68176483032e-08, 1.63662914332e-08, 3.0944582452e-09, 8.57018289668e-10, 7.55848938994e-10, 7.54973916717e-10, 2.76860895321e-10, 6.06759142929e-10, 1.71192351961e-10, 9.57828746873e-11, 1.24062010665e-10, 1.87134599483e-10, 1.93713087238e-10, 6.3729840849e-11, 2.57908139289e-11, 3.24088741954e-11, 1.48494081614e-11, 7.11051833732e-12, 8.95050700223e-12, 1.56861936634e-11, 2.79499925808e-12, 6.07101868777e-12, 5.43859965743e-12, 1.2298247273e-12, 4.84454924093e-13, 2.51373899994e-13, 6.74045075397e-13], "dvar2": [4.37564522144e-05, 5.88848924963e-05, 1.04155233203e-05, 2.08520782508e-06, 2.35096194956e-06, 6.51585082778e-07, 2.92395782253e-07, 4.81488413584e-08, 1.45223468806e-08, 2.72652638245e-08, 2.00493630587e-07, 5.60923609783e-08, 6.19256752543e-08, 1.33918121037e-07, 2.81345062803e-08, 5.57568613502e-09, 2.0732773276e-09, 1.76929815243e-09, 2.0783230692e-09, 5.8135118941e-10, 1.25827381847e-09, 4.41002984131e-10, 2.16451287449e-10, 2.99624908218e-10, 3.8190292595e-10, 3.55725005008e-10, 1.41203201909e-10, 6.44804973304e-11, 7.55061360658e-11, 3.42149537869e-11, 1.71302087099e-11, 2.21654673782e-11, 3.21763969635e-11, 6.43895006758e-12, 1.45524460538e-11, 1.2721990128e-11, 2.97911630261e-12, 1.09434726905e-12, 5.63263194767e-13, 1.49768196976e-12], "max": [0.0304759442806, 0.0386427305639, 0.0189664289355, 0.00917489826679, 0.00936869438738, 0.00658967113122, 0.00381205463782, 0.00147764536086, 0.00122892332729, 0.00159051036462, 0.00374059961177, 0.00220903172158, 0.00302447634749, 0.00468270713463, 0.00189528067131, 0.00124164251611, 0.000553345947992, 0.000433070730651, 0.00033614813583, 0.000220117741264, 0.000310142699163, 0.000142136021168, 0.000186655204743, 0.000133418099722, 0.000224552539294, 0.000212703613215, 0.000123198027723, 8.89553848538e-05, 0.000105500686914, 4.87367797177e-05, 2.58840300376e-05, 3.71413298126e-05, 9.22004546737e-05, 1.611837979e-05, 3.33616771968e-05, 3.34313554049e-05, 1.57037247845e-05, 1.00379111245e-05, 5.59094905839e-06, 1.36699345603e-05], "mean": [0.00205883709714, 0.00256324000657, 0.00113393948413, 0.000907387002371, 0.00139422784559, 0.000743734708522, 0.000268549454631, 6.53900642646e-05, 7.92472128524e-05, 0.000100181787275, 0.000180740695214, 0.000134662899654, 0.000128623418277, 0.000234401115449, 0.000126899612951, 3.62939863408e-05, 2.28537519433e-05, 1.82995845535e-05, 1.68220303749e-05, 1.58027178259e-05, 1.75459208549e-05, 9.36946435104e-06, 8.33559988678e-06, 8.68154165801e-06, 1.1706792975e-05, 1.16276569315e-05, 8.06050411484e-06, 5.10210065841e-06, 5.94248786001e-06, 4.16085640609e-06, 2.67959831035e-06, 2.66774736701e-06, 2.57435226558e-06, 1.5689385009e-06, 1.61830553225e-06, 1.27715270537e-06, 8.98190478438e-07, 7.99500298854e-07, 6.52856556371e-07, 6.61839351324e-07], "median": [0.000823312671855, 0.00156536058057, 0.000507960445248, 0.000409372238209, 0.000815982697532, 0.00037020171294, 9.01179155335e-05, 2.23046481551e-05, 3.24263419316e-05, 3.06369984173e-05, 4.51190644526e-05, 4.4188247557e-05, 3.69279005099e-05, 4.74271946587e-05, 2.4872197173e-05, 8.30178396427e-06, 9.28470672079e-06, 6.59740362607e-06, 7.57342058932e-06, 6.70354074828e-06, 5.645388228e-06, 4.39162931798e-06, 3.47965305991e-06, 3.41139320881e-06, 4.63493870484e-06, 3.7874285681e-06, 3.54826192961e-06, 2.55874510913e-06, 2.48439300776e-06, 1.94186645786e-06, 1.52340192017e-06, 1.23987001643e-06, 1.14306385512e-06, 6.35574451735e-07, 5.74157581923e-07, 4.35503864082e-07, 3.55363539484e-07, 3.33613712655e-07, 3.06657994997e-07, 2.73307534826e-07], "min": [1.52883278693e-23, 1.42264500934e-23, 2.30527465492e-23, 1.55590049785e-23, 4.76050458929e-24, 6.4122637567e-24, 2.50215193321e-23, 1.44707981811e-23, 1.59445291915e-23, 6.38835929912e-24, 8.10826342696e-24, 1.11396705034e-23, 9.8087998363e-24, 7.09324635541e-24, 7.62793943241e-24, 2.38746323274e-23, 1.51790990329e-23, 8.44634554511e-24, 8.0487351942e-24, 8.53154725604e-24, 1.59242176009e-23, 5.51190603999e-24, 4.89262025268e-24, 8.03942190235e-24, 1.81130652215e-23, 1.06293303514e-23, 6.04049688346e-24, 8.33940598308e-24, 1.71330033655e-23, 1.21371393641e-23, 9.32570141794e-24, 9.29889513552e-24, 7.98226656318e-24, 7.35684817119e-24, 6.21965232264e-24, 7.84684675589e-24, 6.52813046317e-24, 8.07871269745e-24, 1.10750659507e-23, 1.20616911294e-23], "var": [1.44088608067e-05, 1.59035225806e-05, 3.64865309166e-06, 1.68570693404e-06, 2.56521070696e-06, 1.06973573111e-06, 2.34630675777e-07, 1.71237992674e-08, 1.73010352711e-08, 3.26074456325e-08, 1.42259168001e-07, 6.4848478587e-08, 7.65004131154e-08, 2.48893087473e-07, 7.31498275286e-08, 7.56455609263e-09, 1.50077883454e-09, 1.04003294865e-09, 7.55055185042e-10, 5.78470216173e-10, 1.13896048148e-09, 2.04302491591e-10, 2.02776392899e-10, 2.04859559871e-10, 4.57724663727e-10, 5.09969066975e-10, 1.4484027866e-10, 5.40358278955e-11, 9.09344613498e-11, 3.23602464269e-11, 1.09042289087e-11, 1.37341544387e-11, 2.53961938285e-11, 5.19043271904e-12, 9.22883731241e-12, 7.27045593868e-12, 1.91806705067e-12, 1.20280760178e-12, 6.55396039089e-13, 1.15209979144e-12]}, "mfcc": {"mean": [-669.320678711, 117.20753479, 15.4187164307, 25.4455375671, 0.164084479213, 7.12891387939, 7.56371021271, 1.66408908367, -5.81180000305, -9.46405220032, -10.4621734619, -6.61170530319, 0.767961740494], "cov": [[15002.6699219, 877.290893555, -993.147155762, -391.926452637, -80.5616455078, 557.615234375, 491.606750488, 312.918701172, 186.646377563, 91.0005950928, 166.701629639, 209.656829834, 298.797790527], [877.290893555, 1185.03442383, 73.3370742798, 204.409851074, 103.887382507, 47.379234314, 112.809547424, 70.6111450195, 28.9162826538, 5.32500982285, 16.8356666565, -2.66008639336, 7.3704533577], [-993.147155762, 73.3370742798, 864.597473145, 344.001281738, 178.851699829, 78.481048584, 14.9822702408, 120.971115112, 141.681869507, 114.983886719, 25.4264144897, -2.57807254791, -59.8922920227], [-391.926452637, 204.409851074, 344.001281738, 427.591400146, 147.855743408, 42.6083526611, 83.5993347168, 95.5370559692, 57.7139320374, 63.3113594055, 9.95324134827, -14.1112413406, -57.4811286926], [-80.5616455078, 103.887382507, 178.851699829, 147.855743408, 252.759094238, 157.733566284, 134.016311646, 98.0323867798, 46.4698371887, 36.3036346436, 71.262512207, 46.1010704041, 34.9776039124], [557.615234375, 47.379234314, 78.481048584, 42.6083526611, 157.733566284, 234.793869019, 175.616760254, 115.217453003, 63.9907646179, 36.9661407471, 83.4995727539, 68.0317153931, 48.6652565002], [491.606750488, 112.809547424, 14.9822702408, 83.5993347168, 134.016311646, 175.616760254, 263.519989014, 144.730300903, 58.8469047546, 30.4051761627, 60.7389755249, 62.9164924622, 64.8358688354], [312.918701172, 70.6111450195, 120.971115112, 95.5370559692, 98.0323867798, 115.217453003, 144.730300903, 180.663742065, 110.534202576, 60.8595542908, 42.5706558228, 28.2239761353, 27.8592014313], [186.646377563, 28.9162826538, 141.681869507, 57.7139320374, 46.4698371887, 63.9907646179, 58.8469047546, 110.534202576, 161.972488403, 100.346237183, 32.1546821594, 15.7205352783, -1.9904435873], [91.0005950928, 5.32500982285, 114.983886719, 63.3113594055, 36.3036346436, 36.9661407471, 30.4051761627, 60.8595542908, 100.346237183, 125.349487305, 47.2382125854, 16.2020130157, -12.9483709335], [166.701629639, 16.8356666565, 25.4264144897, 9.95324134827, 71.262512207, 83.4995727539, 60.7389755249, 42.5706558228, 32.1546821594, 47.2382125854, 103.835083008, 59.5739173889, 22.3058166504], [209.656829834, -2.66008639336, -2.57807254791, -14.1112413406, 46.1010704041, 68.0317153931, 62.9164924622, 28.2239761353, 15.7205352783, 16.2020130157, 59.5739173889, 104.466491699, 53.1171684265], [298.797790527, 7.3704533577, -59.8922920227, -57.4811286926, 34.9776039124, 48.6652565002, 64.8358688354, 27.8592014313, -1.9904435873, -12.9483709335, 22.3058166504, 53.1171684265, 116.095741272]], "icov": [[9.96587623376e-05, -8.73945173225e-05, 0.000135601963848, -1.74939868884e-05, 0.000259368476691, -0.000426453276305, 0.000102924277599, -0.000115143760922, -4.41001839135e-06, -0.00014226330677, 8.37001862237e-05, -2.23400838877e-05, -0.000140685253427], [-8.73945173225e-05, 0.00104287720751, -5.03426963405e-06, -0.000512733706273, -0.000347651337506, 0.00059150060406, -0.000433260778664, 0.000256338244071, -0.000361317943316, 0.00057419820223, -0.000379204924684, 0.000310585746774, -7.18931114534e-05], [0.000135601963848, -5.03426963405e-06, 0.00244041951373, -0.00154656369705, -0.000537593208719, -0.0013252182398, 0.00187446316704, -0.00070529000368, -0.00104913336691, -0.000525734969415, 0.000793006969616, -0.000452906766441, -3.73087532353e-05], [-1.74939868884e-05, -0.000512733706273, -0.00154656369705, 0.005627266597, -0.00270751211792, 0.00250363443047, -0.00219067931175, -0.00140751840081, 0.00194385927171, -0.00185994559433, 0.00147024798207, -0.000426995946327, 0.00313208252192], [0.000259368476691, -0.000347651337506, -0.000537593208719, -0.00270751211792, 0.0107732079923, -0.00605970295146, 0.000172449683305, -0.000329052883899, 0.000779919442721, 0.000529438315425, -0.00305396411568, 0.0012954416452, -0.00291986577213], [-0.000426453276305, 0.00059150060406, -0.0013252182398, 0.00250363443047, -0.00605970295146, 0.0158274266869, -0.00663390010595, -0.000308103801217, -0.00181521952618, 0.00252324389294, -0.00427091587335, -0.00117690337356, 0.00219517271034], [0.000102924277599, -0.000433260778664, 0.00187446316704, -0.00219067931175, 0.000172449683305, -0.00663390010595, 0.0129103977233, -0.00696891685948, 0.0020535076037, -0.000762656214647, 0.00149498367682, -0.00179703568574, -0.0026788066607], [-0.000115143760922, 0.000256338244071, -0.00070529000368, -0.00140751840081, -0.000329052883899, -0.000308103801217, -0.00696891685948, 0.0184378363192, -0.0101999938488, 0.00263591506518, -0.00171227171086, 0.0026298596058, -0.00184007408097], [-4.41001839135e-06, -0.000361317943316, -0.00104913336691, 0.00194385927171, 0.000779919442721, -0.00181521952618, 0.0020535076037, -0.0101999938488, 0.0205159205943, -0.0129386410117, 0.00413936236873, -0.00136708887294, 0.00102111953311], [-0.00014226330677, 0.00057419820223, -0.000525734969415, -0.00185994559433, 0.000529438315425, 0.00252324389294, -0.000762656214647, 0.00263591506518, -0.0129386410117, 0.0212559551001, -0.00920276623219, 0.00127122749109, 0.00104917166755], [8.37001862237e-05, -0.000379204924684, 0.000793006969616, 0.00147024798207, -0.00305396411568, -0.00427091587335, 0.00149498367682, -0.00171227171086, 0.00413936236873, -0.00920276623219, 0.0223794169724, -0.00937932729721, 0.00226814532652], [-2.23400838877e-05, 0.000310585746774, -0.000452906766441, -0.000426995946327, 0.0012954416452, -0.00117690337356, -0.00179703568574, 0.0026298596058, -0.00136708887294, 0.00127122749109, -0.00937932729721, 0.0188554469496, -0.00663822377101], [-0.000140685253427, -7.18931114534e-05, -3.73087532353e-05, 0.00313208252192, -0.00291986577213, 0.00219517271034, -0.0026788066607, -0.00184007408097, 0.00102111953311, 0.00104917166755, 0.00226814532652, -0.00663822377101, 0.0151447663084]]}, "spectral_contrast_coeffs": {"dmean": [0.0495073758066, 0.0496651567519, 0.0405095927417, 0.0359890535474, 0.025217153132, 0.0178052075207], "dmean2": [0.0789541304111, 0.0771000832319, 0.0597348697484, 0.0528612136841, 0.0383759886026, 0.027175789699], "dvar": [0.00199642195366, 0.0018945398042, 0.00115613336675, 0.00099133013282, 0.000458079855889, 0.000228585573495], "dvar2": [0.00443879654631, 0.00473651988432, 0.00233087246306, 0.00185935792979, 0.000882450549398, 0.000545392744243], "max": [-0.255774974823, -0.355160176754, -0.428728669882, -0.542658686638, -0.630172550678, -0.672719955444], "mean": [-0.611907720566, -0.666341304779, -0.733580708504, -0.772973716259, -0.789948403835, -0.772674679756], "median": [-0.632597208023, -0.668772578239, -0.731311321259, -0.779386520386, -0.794299542904, -0.769760072231], "min": [-0.981768250465, -0.951723277569, -0.969506263733, -0.961617827415, -0.961525857449, -0.959174573421], "var": [0.0117743108422, 0.00869733467698, 0.00767408404499, 0.00534200575203, 0.00257564592175, 0.00104783743154]}, "spectral_contrast_valleys": {"dmean": [0.452854454517, 0.436612963676, 0.389203339815, 0.415908038616, 0.366641521454, 0.361475616693], "dmean2": [0.69966006279, 0.66885393858, 0.573148429394, 0.575605869293, 0.488280504942, 0.447848111391], "dvar": [0.412249863148, 0.309630632401, 0.263681977987, 0.304722696543, 0.283546507359, 0.251317888498], "dvar2": [0.648107111454, 0.499221503735, 0.387591481209, 0.468705862761, 0.409719258547, 0.395306318998], "max": [-4.96601343155, -4.92323827744, -5.55432081223, -5.90415096283, -5.98114824295, -8.23906230927], 