{"lowlevel": {"average_loudness": 0.979485630989, "barkbands_crest": {"dmean": 3.98231887817, "dmean2": 5.90350341797, "dvar": 10.916434288, "dvar2": 24.624370575, "max": 26.3362159729, "mean": 15.2217178345, "median": 15.3196964264, "min": 3.05989384651, "var": 33.8368911743}, "barkbands_flatness_db": {"dmean": 0.039280269295, "dmean2": 0.0543617121875, "dvar": 0.00110924767796, "dvar2": 0.00217570527457, "max": 0.539750754833, "mean": 0.180379375815, "median": 0.170414760709, "min": 0.0193072799593, "var": 0.00552375335246}, "barkbands_kurtosis": {"dmean": 18.6409931183, "dmean2": 26.5020122528, "dvar": 1298.37133789, "dvar2": 2560.01855469, "max": 800.68737793, "mean": 28.1543617249, "median": 9.09461116791, "min": -1.88868629932, "var": 2656.86254883}, "barkbands_skewness": {"dmean": 1.45541894436, "dmean2": 1.97937083244, "dvar": 2.20316076279, "dvar2": 4.01349401474, "max": 22.8063602448, "mean": 3.5762887001, "median": 2.83014369011, "min": -3.7856156826, "var": 9.13689804077}, "barkbands_spread": {"dmean": 7.91445446014, "dmean2": 11.8131713867, "dvar": 117.565139771, "dvar2": 240.182769775, "max": 119.157661438, "mean": 17.9172992706, "median": 12.845076561, "min": 0.151069045067, "var": 303.985961914}, "dissonance": {"dmean": 0.0221149288118, "dmean2": 0.0378534458578, "dvar": 0.000470715545816, "dvar2": 0.00127392751165, "max": 0.500000119209, "mean": 0.46533626318, "median": 0.472450524569, "min": 0.282853424549, "var": 0.00079411722254}, "dynamic_complexity": 3.05574774742, "erbbands_crest": {"dmean": 3.2513217926, "dmean2": 5.27666568756, "dvar": 9.40468406677, "dvar2": 22.7945823669, "max": 31.6444168091, "mean": 9.02789783478, "median": 7.92550230026, "min": 2.1059627533, "var": 20.7712268829}, "erbbands_flatness_db": {"dmean": 0.0221063755453, "dmean2": 0.0323508344591, "dvar": 0.000528094533365, "dvar2": 0.00108661851846, "max": 0.333553433418, "mean": 0.123707942665, "median": 0.119440808892, "min": 0.0291673969477, "var": 0.00217489199713}, "erbbands_kurtosis": {"dmean": 1.56093859673, "dmean2": 2.44868993759, "dvar": 5.87461566925, "dvar2": 14.028626442, "max": 42.5940551758, "mean": 1.15342235565, "median": 0.251312255859, "min": -1.85242307186, "var": 9.31717014313}, "erbbands_skewness": {"dmean": 0.501664996147, "dmean2": 0.744041204453, "dvar": 0.236159145832, "dvar2": 0.539460480213, "max": 5.24158287048, "mean": 0.414000749588, "median": 0.427361249924, "min": -3.88592076302, "var": 0.856257498264}, "erbbands_spread": {"dmean": 13.8910512924, "dmean2": 19.9307880402, "dvar": 216.855697632, "dvar2": 426.129547119, "max": 177.653945923, "mean": 48.661857605, "median": 40.7858123779, "min": 2.37211823463, "var": 839.255187988}, "hfc": {"dmean": 9.97840690613, "dmean2": 14.1983165741, "dvar": 155.548477173, "dvar2": 319.617584229, "max": 151.726470947, "mean": 21.1269321442, "median": 15.5765686035, "min": 6.07018935117e-10, "var": 365.185516357}, "melbands_crest": {"dmean": 4.31995391846, "dmean2": 6.86655426025, "dvar": 17.6148166656, "dvar2": 37.9182739258, "max": 37.442401886, "mean": 20.7466144562, "median": 20.4343757629, "min": 2.87090229988, "var": 57.0759544373}, "melbands_flatness_db": {"dmean": 0.0471559092402, "dmean2": 0.0644201859832, "dvar": 0.00169069680851, "dvar2": 0.0031568526756, "max": 0.706228256226, "mean": 0.280199617147, "median": 0.273449599743, "min": 0.0157664865255, "var": 0.0092297969386}, "melbands_kurtosis": {"dmean": 36.6481132507, "dmean2": 52.5393676758, "dvar": 3024.33691406, "dvar2": 5719.01171875, "max": 1892.6541748, "mean": 61.1023674011, "median": 26.5178260803, "min": -1.8725861311, "var": 7816.72949219}, "melbands_skewness": {"dmean": 1.85145175457, "dmean2": 2.58634591103, "dvar": 3.17489480972, "dvar2": 5.92890501022, "max": 30.9465370178, "mean": 5.18378973007, "median": 4.33997774124, "min": -2.3640806675, "var": 12.8658351898}, "melbands_spread": {"dmean": 7.62675333023, "dmean2": 11.8302021027, "dvar": 251.07484436, "dvar2": 580.147155762, "max": 219.297592163, "mean": 15.1877269745, "median": 8.3183555603, "min": 0.188281327486, "var": 507.528594971}, "pitch_salience": {"dmean": 0.121036238968, "dmean2": 0.186505109072, "dvar": 0.0146153848618, "dvar2": 0.032262429595, "max": 0.901716291904, "mean": 0.402239739895, "median": 0.387979418039, "min": 0.0534700974822, "var": 0.0323067642748}, "silence_rate_20dB": {"dmean": 0, "dmean2": 0, "dvar": 0, "dvar2": 0, "max": 1, "mean": 1, "median": 1, "min": 1, "var": 0}, "silence_rate_30dB": {"dmean": 0.0969213247299, "dmean2": 0.193870276213, "dvar": 0.0875315964222, "dvar2": 0.164845257998, "max": 1, "mean": 0.811600387096, "median": 1, "min": 0, "var": 0.152915805578}, "silence_rate_60dB": {"dmean": 0.0228050164878, "dmean2": 0.045473985374, "dvar": 0.0222838521004, "dvar2": 0.0622290931642, "max": 1, "mean": 0.0322074964643, "median": 0, "min": 0, "var": 0.0311703328043}, "spectral_centroid": {"dmean": 294.263580322, "dmean2": 429.196899414, "dvar": 143131.71875, "dvar2": 310348.78125, "max": 5308.5390625, "mean": 1127.84204102, "median": 952.161132812, "min": 101.566329956, "var": 657736.9375}, "spectral_complexity": {"dmean": 4.05045604706, "dmean2": 5.70021390915, "dvar": 17.0012493134, "dvar2": 30.3807754517, "max": 51, "mean": 15.1353855133, "median": 13, "min": 0, "var": 73.4103317261}, "spectral_decrease": {"dmean": 7.26538829099e-09, "dmean2": 1.01592947388e-08, "dvar": 8.98590651614e-17, "dvar2": 1.45992719434e-16, "max": -5.33193547085e-23, "mean": -1.64932920654e-08, "median": -1.12114975082e-08, "min": -8.01551394147e-08, "var": 2.52690654003e-16}, "spectral_energy": {"dmean": 0.0279069468379, "dmean2": 0.0390800610185, "dvar": 0.00131089694332, "dvar2": 0.00213302252814, "max": 0.306130409241, "mean": 0.0641659125686, "median": 0.0442023947835, "min": 5.52596027747e-14, "var": 0.00365809770301}, "spectral_energyband_high": {"dmean": 0.000604857283179, "dmean2": 0.000855583522934, "dvar": 1.25105202642e-06, "dvar2": 2.45568094215e-06, "max": 0.0184137374163, "mean": 0.000993430963717, "median": 0.000339520076523, "min": 3.98857955399e-14, "var": 3.21536890624e-06}, "spectral_energyband_low": {"dmean": 0.0261818096042, "dmean2": 0.0369885191321, "dvar": 0.00133244821336, "dvar2": 0.0022388540674, "max": 0.290159404278, "mean": 0.0514295399189, "median": 0.0296113733202, "min": 9.1431690354e-16, "var": 0.00343400682323}, "spectral_energyband_middle_high": {"dmean": 0.00174221000634, "dmean2": 0.00249019847251, "dvar": 6.83346524966e-06, "dvar2": 1.30521621031e-05, "max": 0.0374036505818, "mean": 0.00386445177719, "median": 0.00157504819799, "min": 8.6904106551e-15, "var": 3.09119968733e-05}, "spectral_energyband_middle_low": {"dmean": 0.00921598169953, "dmean2": 0.0163804031909, "dvar": 0.000387020001654, "dvar2": 0.00108702364378, "max": 0.120631724596, "mean": 0.0098175900057, "median": 0.00508856028318, "min": 5.54649826417e-16, "var": 0.000250696291914}, "spectral_entropy": {"dmean": 0.232922285795, "dmean2": 0.341551244259, "dvar": 0.0603330433369, "dvar2": 0.125782743096, "max": 8.85158348083, "mean": 7.56007099152, "median": 7.56227302551, "min": 4.63445234299, "var": 0.227457746863}, "spectral_flux": {"dmean": 0.0574491620064, "dmean2": 0.085998877883, "dvar": 0.00432311464101, "dvar2": 0.00674909958616, "max": 0.545436918736, "mean": 0.136750891805, "median": 0.106407895684, "min": 3.33587536261e-06, "var": 0.0102089680731}, "spectral_kurtosis": {"dmean": 1.76780152321, "dmean2": 2.67365574837, "dvar": 5.48044300079, "dvar2": 12.8430356979, "max": 38.1840248108, "mean": 5.32224607468, "median": 5.0524559021, "min": -1.20895385742, "var": 14.426697731}, "spectral_rms": {"dmean": 0.0017849059077, "dmean2": 0.00248479377478, "dvar": 3.82763255402e-06, "dvar2": 6.23204869044e-06, "max": 0.0172818936408, "mean": 0.00705693941563, "median": 0.00656690867618, "min": 7.34246619061e-09, "var": 1.28004603539e-05}, "spectral_rolloff": {"dmean": 627.598327637, "dmean2": 1034.63024902, "dvar": 2256387.5, "dvar2": 4671767, "max": 18561.6210938, "mean": 1073.49975586, "median": 344.53125, "min": 43.06640625, "var": 4124558.5}, "spectral_skewness": {"dmean": 0.277128696442, "dmean2": 0.402627587318, "dvar": 0.0952112451196, "dvar2": 0.199680238962, "max": 5.67360019684, "mean": 1.80851948261, "median": 1.76406979561, "min": 0.0219524689019, "var": 0.397980421782}, "spectral_spread": {"dmean": 1035263.4375, "dmean2": 1406308.625, "dvar": 1485667958780.0, "dvar2": 2647020535810.0, "max": 17783638, "mean": 6010612, "median": 5175072, "min": 1476860.5, "var": 6870295117820.0}, "spectral_strongpeak": {"dmean": 0.372235029936, "dmean2": 0.607348203659, "dvar": 0.448466360569, "dvar2": 1.02422821522, "max": 17.0259780884, "mean": 0.652393758297, "median": 0.501391232014, "min": 0, "var": 0.701642215252}, "zerocrossingrate": {"dmean": 0.0167212672532, "dmean2": 0.018260743469, "dvar": 0.000475614506286, "dvar2": 0.000557917170227, "max": 0.49951171875, "mean": 0.0516100823879, "median": 0.03466796875, "min": 0.001953125, "var": 0.00295006576926}, "barkbands": {"dmean": [0.000782507937402, 0.0239029154181, 0.0108625981957, 0.00381843768992, 0.00271591357887, 0.00129329727497, 0.000775905384216, 0.00125056947581, 0.000761169940233, 0.000805586285423, 0.000445648329332, 0.000415233604144, 0.000260811444605, 0.000242479873123, 0.00018946484488, 0.00021045669564, 8.67297931109e-05, 0.00010005391232, 7.55346991355e-05, 6.33660092717e-05, 9.27846485865e-05, 8.351165161e-05, 7.83907598816e-05, 0.000120100383356, 0.000111626221042, 0.000126238519442, 2.17244069063e-05], "dmean2": [0.000984456157312, 0.0337827093899, 0.0195246916264, 0.00713927671313, 0.00499811861664, 0.00226060952991, 0.001337060472, 0.00216830521822, 0.00127921195235, 0.00125578779262, 0.000702786142938, 0.000629694724921, 0.00041221579886, 0.000375763018383, 0.000286541093374, 0.000307237438392, 0.000124419166241, 0.000151205764269, 0.000113481284643, 9.36805881793e-05, 0.000141971497214, 0.000120932709251, 0.000110674947791, 0.000180929608177, 0.000161003306857, 0.000187407524209, 3.22385858453e-05], "dvar": [1.57319379923e-06, 0.00112867809366, 0.000785376993008, 0.000109042091935, 4.07569641538e-05, 6.89671924192e-06, 2.11921496884e-06, 8.38685264171e-06, 2.65891026174e-06, 3.69823237634e-06, 1.39027122259e-06, 8.45604461119e-07, 5.02817329107e-07, 3.4699988305e-07, 1.60127711979e-07, 3.22233660199e-07, 2.22409575201e-08, 3.35191714385e-08, 1.66079949793e-08, 7.14212600172e-09, 9.44798728142e-08, 3.89188450356e-08, 2.98761300144e-08, 8.15847300828e-08, 4.41435901166e-08, 6.39845794126e-08, 1.85089366056e-09], "dvar2": [2.30472937801e-06, 0.00197252677754, 0.00218615517952, 0.000315107143251, 0.000116498209536, 1.85622848221e-05, 5.47912259208e-06, 2.23600327445e-05, 7.02314764567e-06, 8.47844330565e-06, 3.50309301211e-06, 1.72992315584e-06, 9.33557657845e-07, 7.50883543787e-07, 3.51120860387e-07, 5.72833755541e-07, 4.40588401318e-08, 7.89948657598e-08, 3.71431738699e-08, 1.52117198837e-08, 2.11550400309e-07, 8.28564594713e-08, 6.53235190384e-08, 1.58312303711e-07, 8.52232844295e-08, 1.43987449519e-07, 3.86430132338e-09], "max": [0.011838125065, 0.256907045841, 0.209507018328, 0.0665166005492, 0.0490739680827, 0.0244538262486, 0.0157174002379, 0.0333702899516, 0.0256447736174, 0.0386999845505, 0.0162638481706, 0.0136217363179, 0.013257320039, 0.0113864764571, 0.00890965014696, 0.0111128250137, 0.00371681782417, 0.00448435544968, 0.00171624240465, 0.00131023372523, 0.00779020413756, 0.00316526205279, 0.00249398965389, 0.00606071623042, 0.00210574152879, 0.00234686490148, 0.000781142734922], "mean": [0.0017749076942, 0.0388739965856, 0.00907645840198, 0.0028179786168, 0.00236666528508, 0.00132561975624, 0.000764593947679, 0.00107469363138, 0.000944923260249, 0.00107766769361, 0.000647765758913, 0.000563451030757, 0.000379441305995, 0.000341884879163, 0.000313634838676, 0.000299342616927, 0.000150980122271, 0.00018671026919, 0.000138139541377, 0.000130663334858, 0.000155097644893, 0.000122963901958, 0.00011351104331, 0.000186058488907, 0.000150213454617, 0.000158921437105, 2.95676309179e-05], "median": [0.000192514358787, 0.020877238363, 0.00215532956645, 0.000709676416591, 0.000982264173217, 0.000498198147397, 0.000203600095119, 0.000275428465102, 0.000343526015058, 0.000230070625548, 0.000179182956344, 0.000128401588881, 0.000115535920486, 6.94723858032e-05, 6.26790424576e-05, 6.04241286055e-05, 5.83194341743e-05, 7.70496990299e-05, 5.18218876095e-05, 7.10327585693e-05, 3.4811651858e-05, 2.09046229429e-05, 3.05037901853e-05, 3.09204006044e-05, 2.8979329727e-05, 2.81390639429e-05, 5.47339004697e-06], "min": [6.52901571952e-16, 4.08981891178e-16, 1.47729666372e-16, 8.17181190087e-17, 1.06242409514e-16, 3.25453814962e-17, 3.12136140926e-17, 6.6989956444e-17, 2.263699522e-16, 3.21804545563e-16, 8.24793461949e-16, 7.5163347929e-16, 3.51523781778e-16, 5.09631772276e-16, 4.91408917207e-16, 1.17243081834e-15, 6.72321390455e-16, 1.08503459411e-15, 1.1939738308e-15, 2.07437902914e-15, 2.59291692934e-15, 2.92786827328e-15, 2.71830173422e-15, 4.46895006488e-15, 5.82957466344e-15, 8.98090738062e-15, 1.23308871116e-14], "var": [6.76302397551e-06, 0.00246304250322, 0.000492685067002, 6.19716083747e-05, 2.48238848144e-05, 5.75610647502e-06, 2.07490052162e-06, 6.52811104374e-06, 3.43702618011e-06, 6.77135176375e-06, 2.29207694247e-06, 1.58037482834e-06, 1.10423457045e-06, 6.80097798522e-07, 4.74957033703e-07, 6.36912943719e-07, 5.67551587949e-08, 7.47288879666e-08, 4.38381491108e-08, 2.41371154175e-08, 2.6973125955e-07, 8.98986769471e-08, 5.36649018557e-08, 2.07518880302e-07, 7.32601037612e-08, 8.90951383781e-08, 3.04847413979e-09]}, "erbbands": {"dmean": [0.686318039894, 5.87337589264, 12.1753606796, 13.1122493744, 9.53370285034, 9.22468185425, 10.2118453979, 10.7338562012, 8.22647285461, 22.98670578, 21.0190563202, 18.3473415375, 26.1039161682, 16.6688938141, 18.9574871063, 15.1993741989, 10.4886789322, 12.6375513077, 9.50394058228, 10.7940645218, 8.39193153381, 4.7773399353, 4.72731876373, 5.33991336823, 2.85992479324, 3.09228348732, 3.022554636, 4.23153591156, 2.89866137505, 2.41348147392, 2.44200706482, 3.05806183815, 1.44670200348, 0.9876486063, 0.990596354008, 0.506471633911, 0.250174254179, 0.0479916371405, 0.00421120878309, 0.000186236706213], "dmean2": [0.883202850819, 8.4562292099, 20.3475475311, 24.139919281, 17.8182201385, 16.8542861938, 18.0933151245, 18.94830513, 13.9344644547, 39.5867424011, 36.041519165, 30.7110919952, 41.3040390015, 25.234954834, 29.7410812378, 22.9627513885, 15.9905033112, 19.4439334869, 14.4865245819, 15.7196702957, 12.4816007614, 6.7682595253, 6.96601867676, 7.80814218521, 4.2499461174, 4.56682300568, 4.52566576004, 6.44701242447, 4.24696159363, 3.41404390335, 3.5186419487, 4.61866474152, 2.12936234474, 1.43564844131, 1.39577078819, 0.703770458698, 0.381572663784, 0.0745764002204, 0.00638648774475, 0.000274662103038], "dvar": [0.916618406773, 77.3209533691, 751.57019043, 1266.20031738, 611.028930664, 455.255065918, 438.735351562, 525.63067627, 216.697067261, 2363.72998047, 1796.77661133, 1861.60009766, 4185.40185547, 1549.4822998, 2750.96020508, 1217.76257324, 562.897705078, 1050.42028809, 386.212738037, 804.164123535, 316.756317139, 65.3229675293, 56.5237541199, 92.5495986938, 16.9441814423, 17.7423152924, 28.8201351166, 286.061798096, 37.176902771, 29.7393932343, 28.8768577576, 52.0049171448, 8.81553173065, 3.37591290474, 3.61948776245, 0.912969172001, 0.271086484194, 0.0101521378383, 6.31750444882e-05, 1.47744799506e-07], "dvar2": [1.40196895599, 145.315261841, 1973.64160156, 3586.25634766, 1760.19384766, 1285.0234375, 1197.57214355, 1440.79846191, 562.48626709, 6023.97705078, 4697.1796875, 5070.94921875, 9608.43066406, 3322.78662109, 6814.02441406, 2628.21191406, 1049.54956055, 2035.15539551, 943.936401367, 1384.41687012, 691.864074707, 123.175491333, 122.898979187, 203.78237915, 37.7988739014, 38.3106613159, 64.7540588379, 621.526000977, 74.8050231934, 58.8445892334, 61.8968009949, 107.933273315, 18.9123134613, 6.3336186409, 7.44532823563, 2.01019191742, 0.604208469391, 0.0241653118283, 0.000138413975947, 3.38877981676e-07], "max": [7.88527345657, 64.7815933228, 219.059860229, 220.630477905, 170.164001465, 257.714996338, 166.0965271, 231.166564941, 123.670455933, 445.272857666, 425.233123779, 763.94543457, 1403.20837402, 856.249023438, 769.754211426, 602.967773438, 443.849121094, 603.426452637, 552.977966309, 688.231445312, 311.594085693, 130.935028076, 119.939247131, 179.797042847, 55.9001083374, 61.4906654358, 92.2808151245, 389.043823242, 87.96824646, 90.2099304199, 104.918441772, 134.194824219, 52.0901260376, 18.1584625244, 19.444562912, 12.4391689301, 4.84248971939, 1.3645683527, 0.116942495108, 0.00700904987752], "mean": [1.20207870007, 8.14348125458, 12.598865509, 10.1432723999, 7.62962532043, 8.07730293274, 9.80780506134, 10.8524112701, 9.24756336212, 20.1975841522, 20.3334293365, 22.7735557556, 34.941986084, 24.8548088074, 29.2411518097, 21.6128311157, 16.0999221802, 20.1150169373, 15.8420829773, 19.4943599701, 13.4177455902, 8.66516304016, 9.30513763428, 9.84295272827, 5.77271604538, 6.28392410278, 5.46360683441, 6.87777137756, 4.22271633148, 3.84212303162, 3.57397580147, 4.48516130447, 2.12351465225, 1.39331555367, 1.29019761086, 0.666932344437, 0.309923410416, 0.0566276721656, 0.00546687887982, 0.000276849285001], "median": [0.342194229364, 3.995677948, 4.73422241211, 3.01431822777, 2.81682014465, 3.19693279266, 3.57115840912, 4.06134939194, 2.90695500374, 4.91326713562, 6.41133022308, 9.25160694122, 8.75825691223, 6.54892206192, 7.9682970047, 5.54827547073, 5.88068437576, 4.40494537354, 3.20620059967, 3.69654107094, 3.45981192589, 2.92925095558, 3.77391552925, 3.50272226334, 2.73307681084, 3.28582167625, 2.05132389069, 1.06713449955, 0.7631752491, 0.812671542168, 0.891799211502, 0.695642411709, 0.42112660408, 0.309956848621, 0.22841501236, 0.125310063362, 0.0471932478249, 0.0103753516451, 0.00101022713352, 0.000122232449939], "min": [2.11780141086e-14, 6.23182129273e-14, 1.5425700539e-13, 2.6091872803e-13, 2.18484505119e-13, 4.13451418284e-13, 4.33423072823e-13, 2.23280093958e-13, 2.06610336478e-13, 1.30613271934e-12, 1.90481159491e-12, 5.4361272428e-12, 4.4093708719e-12, 2.36880202953e-11, 3.19001908222e-11, 3.14172646232e-11, 1.8127922774e-11, 1.89551534191e-11, 2.08055413176e-11, 3.66603934709e-11, 7.57421347863e-11, 3.58487232954e-11, 6.87893075835e-11, 6.71008734687e-11, 5.81747636175e-11, 9.58138707263e-11, 7.02942218322e-11, 1.18497531232e-10, 6.77260469928e-11, 9.96718610424e-11, 1.1133767519e-10, 8.33142790868e-11, 7.51578452252e-11, 6.54802254085e-11, 4.89141747939e-11, 3.09664238696e-11, 1.67453707151e-11, 6.87755147971e-12, 1.73136852077e-12, 1.83280325053e-13], "var": [2.87898755074, 129.962081909, 582.942626953, 752.875671387, 353.802825928, 294.365997314, 333.58984375, 399.240478516, 250.423965454, 2033.05871582, 1550.65026855, 2153.68066406, 6923.65478516, 4469.48974609, 4700, 2311.13842773, 1298.46533203, 2642.57470703, 977.477478027, 3289.65771484, 733.513977051, 187.523483276, 166.845184326, 242.140808105, 53.8264160156, 56.374130249, 79.5624313354, 777.962097168, 87.4458084106, 82.2749938965, 52.8540153503, 133.021102905, 18.2343082428, 5.89107179642, 5.76573562622, 1.47070872784, 0.359099417925, 0.0122125875205, 9.64757418842e-05, 2.1673420747e-07]}, "gfcc": {"mean": [-0.95510083437, 78.2784729004, -74.4769363403, 23.0842552185, -39.1178894043, 21.6322975159, -23.2313747406, 18.8238010406, -19.756357193, 6.59238624573, -14.4488515854, 3.70521426201, -11.2422876358], "cov": [[9176.79199219, 505.544342041, 192.445571899, 106.836555481, 452.291900635, 315.479644775, -90.1304550171, -26.111787796, -283.11151123, -50.2245330811, -114.239753723, 68.803237915, -14.5027418137], [505.544342041, 2103.91699219, -81.9029541016, -68.9510955811, 608.292602539, -20.9689769745, 120.380653381, 46.7634925842, 7.20746517181, -42.9471435547, 179.380783081, -15.4970521927, 138.170837402], [192.445571899, -81.9029541016, 1296.87695312, 70.6876449585, 50.7757759094, 191.386611938, -70.774848938, -39.0062713623, 13.4894227982, 33.9946479797, -79.2693862915, 98.2204971313, -61.0245819092], [106.836555481, -68.9510955811, 70.6876449585, 424.284179688, 142.069961548, 47.1655769348, 99.0046691895, 28.3335857391, 86.9434509277, -12.9772939682, 16.0500640869, 13.3930082321, 31.7801742554], [452.291900635, 608.292602539, 50.7757759094, 142.069961548, 560.963012695, 127.133575439, 119.139884949, 85.8168258667, 10.2573385239, -24.9576416016, 38.4348068237, 15.0363845825, 53.343170166], [315.479644775, -20.9689769745, 191.386611938, 47.1655769348, 127.133575439, 249.017028809, 109.919570923, 21.5821475983, 19.4389133453, 19.7299594879, -0.896911621094, 21.8224067688, -7.97240400314], [-90.1304550171, 120.380653381, -70.774848938, 99.0046691895, 119.139884949, 109.919570923, 220.128204346, 80.4004898071, 66.198135376, 23.8471565247, 50.4333000183, -11.6350784302, 13.2161369324], [-26.111787796, 46.7634925842, -39.0062713623, 28.3335857391, 85.8168258667, 21.5821475983, 80.4004898071, 158.856994629, 65.6298370361, 21.3742713928, 22.5331916809, -5.77549695969, 27.1059970856], [-283.11151123, 7.20746517181, 13.4894227982, 86.9434509277, 10.2573385239, 19.4389133453, 66.198135376, 65.6298370361, 151.476272583, 41.3751869202, 16.9017543793, 4.60249614716, 26.8247489929], [-50.2245330811, -42.9471435547, 33.9946479797, -12.9772939682, -24.9576416016, 19.7299594879, 23.8471565247, 21.3742713928, 41.3751869202, 77.5265884399, 32.7252540588, 4.89359331131, -3.90377855301], [-114.239753723, 179.380783081, -79.2693862915, 16.0500640869, 38.4348068237, -0.896911621094, 50.4333000183, 22.5331916809, 16.9017543793, 32.7252540588, 119.461151123, 20.2534656525, 27.2778244019], [68.803237915, -15.4970521927, 98.2204971313, 13.3930082321, 15.0363845825, 21.8224067688, -11.6350784302, -5.77549695969, 4.60249614716, 4.89359331131, 20.2534656525, 84.7066726685, 33.793636322], [-14.5027418137, 138.170837402, -61.0245819092, 31.7801742554, 53.343170166, -7.97240400314, 13.2161369324, 27.1059970856, 26.8247489929, -3.90377855301, 27.2778244019, 33.793636322, 92.5978622437]], "icov": [[0.000144999910844, -0.000117867544759, 8.83686880115e-05, -0.00021661700157, 5.64974143344e-05, -0.000325435947161, 0.000261774926912, -0.000224786592298, 0.000445572426543, -0.000326089619193, 0.000351470371243, -0.000261634471826, 0.00014816300245], [-0.000117867544759, 0.00137025734875, -0.000463091244455, 0.00128094805405, -0.00162315182388, 0.00122836651281, -0.000860893575009, 0.00130509771407, -0.00115007197019, 0.00150949764065, -0.00217893929221, 0.0017714612186, -0.00163408915978], [8.83686880115e-05, -0.000463091244455, 0.00140026584268, -0.000772592786234, 0.000367231288692, -0.00146396155469, 0.00131228170358, -0.000570981006604, 0.000270798394922, -0.00125328905415, 0.00151454878505, -0.00221347995102, 0.00176543474663], [-0.00021661700157, 0.00128094805405, -0.000772592786234, 0.00462295114994, -0.00209336145781, 0.00179915118497, -0.00231380527839, 0.00232649827376, -0.00350747979246, 0.00327505683526, -0.0023032866884, 0.00158507865854, -0.00177686067764], [5.64974143344e-05, -0.00162315182388, 0.000367231288692, -0.00209336145781, 0.00466067250818, -0.00247381068766, 0.000587008078583, -0.00276147015393, 0.00214831042103, -0.000396050570998, 0.00168452318758, -0.00148053676821, 0.000623069645371], [-0.000325435947161, 0.00122836651281, -0.00146396155469, 0.00179915118497, -0.00247381068766, 0.00897737499326, -0.00577225815505, 0.00248575909063, -0.000936293508857, -2.62068224401e-05, -0.000188503880054, -0.00018706638366, -0.000778007379267], [0.000261774926912, -0.000860893575009, 0.00131228170358, -0.00231380527839, 0.000587008078583, -0.00577225815505, 0.0111894924194, -0.00380997825414, -0.000780908216257, -0.000769352482166, -0.00180868804455, 0.000817266001832, 0.00209598941728], [-0.000224786592298, 0.00130509771407, -0.000570981006604, 0.00232649827376, -0.00276147015393, 0.00248575909063, -0.00380997825414, 0.0110707655549, -0.00452519580722, 0.000614507182036, -0.00169288530014, 0.0026864327956, -0.0031944012735], [0.000445572426543, -0.00115007197019, 0.000270798394922, -0.00350747979246, 0.00214831042103, -0.000936293508857, -0.000780908216257, -0.00452519580722, 0.013739974238, -0.00768427969888, 0.00408668583259, -0.00149921572302, -0.00167499098461], [-0.000326089619193, 0.00150949764065, -0.00125328905415, 0.00327505683526, -0.000396050570998, -2.62068224401e-05, -0.000769352482166, 0.000614507182036, -0.00768427969888, 0.0224388539791, -0.00919235683978, 0.00245524430647, 0.000886291498318], [0.000351470371243, -0.00217893929221, 0.00151454878505, -0.0023032866884, 0.00168452318758, -0.000188503880054, -0.00180868804455, -0.00169288530014, 0.00408668583259, -0.00919235683978, 0.0167242772877, -0.00670354813337, 0.000810422818176], [-0.000261634471826, 0.0017714612186, -0.00221347995102, 0.00158507865854, -0.00148053676821, -0.00018706638366, 0.000817266001832, 0.0026864327956, -0.00149921572302, 0.00245524430647, -0.00670354813337, 0.0207171943039, -0.0098014594987], [0.00014816300245, -0.00163408915978, 0.00176543474663, -0.00177686067764, 0.000623069645371, -0.000778007379267, 0.00209598941728, -0.0031944012735, -0.00167499098461, 0.000886291498318, 0.000810422818176, -0.0098014594987, 0.0191051382571]]}, "melbands": {"dmean": [0.00631736265495, 0.00624363357201, 0.00215664249845, 0.000642529164907, 0.000366977037629, 0.000233142010984, 0.00013682548888, 0.000272512988886, 0.000159166476806, 0.000113711386803, 0.000130754182464, 6.95023991284e-05, 6.10873685218e-05, 5.12131809955e-05, 2.60343458649e-05, 2.79896376014e-05, 2.34568979067e-05, 1.73849057319e-05, 1.38660461744e-05, 1.55431243911e-05, 9.66904372035e-06, 5.3612998272e-06, 4.06866274716e-06, 5.24089227838e-06, 4.72953388453e-06, 2.32403090195e-06, 2.05066726267e-06, 2.29229362958e-06, 1.84824205007e-06, 2.63609285867e-06, 2.54120186582e-06, 1.72091199602e-06, 1.38571192565e-06, 1.4391790728e-06, 1.43798354202e-06, 1.91321964849e-06, 1.67028201759e-06, 1.01770251604e-06, 8.79888830241e-07, 8.72591158441e-07], "dmean2": [0.00863626133651, 0.00921084359288, 0.00393543066457, 0.00119261932559, 0.000651913462207, 0.000408851046814, 0.000233141050558, 0.000470662547741, 0.000270638731308, 0.000191169034224, 0.000207431337913, 0.000105652907223, 9.65699728113e-05, 7.58328169468e-05, 4.1723731556e-05, 4.32357410318e-05, 3.62186110578e-05, 2.68773674179e-05, 2.09492063732e-05, 2.2831498427e-05, 1.49139332279e-05, 7.72394923843e-06, 6.01421106694e-06, 8.00043380877e-06, 7.01914359524e-06, 3.45772787114e-06, 3.17537774208e-06, 3.43725719176e-06, 2.82743485513e-06, 4.0514205466e-06, 3.91926096199e-06, 2.59071316577e-06, 2.03727017833e-06, 2.09456402445e-06, 2.08156416193e-06, 2.94423489322e-06, 2.48390892921e-06, 1.50273478994e-06, 1.28213036987e-06, 1.28600424887e-06], "dvar": [7.56893641665e-05, 0.000118124531582, 3.25273576891e-05, 2.40719805333e-06, 5.79283550906e-07, 2.34631315266e-07, 6.1918370875e-08, 3.62354484196e-07, 9.2223764625e-08, 6.99204107946e-08, 1.05601230871e-07, 2.9475556218e-08, 2.70130584568e-08, 1.19905578799e-08, 2.99020652683e-09, 7.50904671776e-09, 3.63317198548e-09, 1.56798840578e-09, 8.92969420629e-10, 1.79547776646e-09, 4.21634477332e-10, 9.10913289243e-11, 4.08455699819e-11, 9.15299017135e-11, 8.10776168425e-11, 1.21479493131e-11, 8.53996474232e-12, 1.09044830457e-11, 7.73121757586e-12, 1.11610706788e-10, 7.9108004869e-11, 1.3908676294e-11, 9.78163730569e-12, 1.11084795876e-11, 1.15365191358e-11, 2.70260289842e-11, 1.37705367942e-11, 4.40385965542e-12, 2.89911952951e-12, 2.8224668696e-12], "dvar2": [0.000120986980619, 0.000262521381956, 9.1280657216e-05, 6.92920684742e-06, 1.59592536875e-06, 6.37346715848e-07, 1.61737403914e-07, 9.41683083511e-07, 2.3918769898e-07, 1.91767270508e-07, 2.43243817977e-07, 6.40382751271e-08, 6.63500401288e-08, 2.41377282606e-08, 7.20429138568e-09, 1.35335760376e-08, 7.14158732151e-09, 3.98087340869e-09, 1.93845783869e-09, 3.44345929548e-09, 9.73666369752e-10, 1.74370282102e-10, 8.68837363166e-11, 2.27703453315e-10, 1.80846407294e-10, 2.70356046578e-11, 1.9645507443e-11, 2.49790257922e-11, 1.78933222406e-11, 2.55099552593e-10, 1.75647121847e-10, 2.85921529508e-11, 2.09891427155e-11, 2.28534552393e-11, 2.53854281346e-11, 5.76502838523e-11, 2.89003231069e-11, 9.78994663114e-12, 6.2780427558e-12, 5.46962995729e-12], "max": [0.0647968202829, 0.0862324461341, 0.0347725898027, 0.010509416461, 0.00738191138953, 0.00489631760865, 0.00219653267413, 0.0062143439427, 0.00307580968365, 0.00492530036718, 0.00705716758966, 0.00373148429208, 0.00235325028189, 0.00153256184421, 0.000901525374502, 0.00172865949571, 0.00119483610615, 0.00123330065981, 0.000613944779616, 0.000891629897524, 0.000310502218781, 0.000193621803191, 8.32394289318e-05, 0.000188861056813, 0.000149107640027, 4.5561355364e-05, 3.93813934352e-05, 5.20275498275e-05, 3.6588000512e-05, 0.000283007742837, 0.000186253484571, 5.30727702426e-05, 6.35960459476e-05, 4.95754284202e-05, 5.47062445548e-05, 0.000110340115498, 6.0873284383e-05, 3.32315139531e-05, 2.57992342085e-05, 1.6292618966e-05], "mean": [0.0107492627576, 0.00836071744561, 0.00172600359656, 0.000537444080692, 0.000358580087777, 0.000242028065259, 0.00014712412667, 0.00023528955353, 0.000162489945069, 0.00014051317703, 0.000172457672306, 9.81878256425e-05, 9.46024010773e-05, 7.23006814951e-05, 3.46354026988e-05, 4.25704456575e-05, 3.57775170414e-05, 2.49390868703e-05, 2.49752556556e-05, 2.38136744883e-05, 1.41718592204e-05, 8.9610048235e-06, 7.4288441283e-06, 9.48243541643e-06, 8.04633418738e-06, 4.24580412073e-06, 3.80369715458e-06, 4.3274590098e-06, 3.21318452734e-06, 4.13419820688e-06, 3.92377523895e-06, 2.40172676058e-06, 2.05136871045e-06, 2.1894143174e-06, 2.00326303457e-06, 2.7031510399e-06, 2.49127970164e-06, 1.45332558077e-06, 1.20614754451e-06, 1.17982347092e-06], "median": [0.0048080701381, 0.0040941783227, 0.000586604117416, 0.000222226924961, 0.00013893970754, 9.11445022211e-05, 4.26992301072e-05, 5.49191390746e-05, 5.19532441103e-05, 5.20616522408e-05, 4.00384706154e-05, 2.18866207433e-05, 2.76830851362e-05, 1.55890447786e-05, 1.25630922412e-05, 1.09973489089e-05, 7.3194964898e-06, 4.64187405669e-06, 4.9888826652e-06, 4.44453507953e-06, 3.82362350138e-06, 3.00006695397e-06, 2.83172494164e-06, 3.85272460335e-06, 2.55078043665e-06, 1.74448530288e-06, 2.04283310268e-06, 2.07692505683e-06, 1.37493043439e-06, 6.78231856455e-07, 5.21331628534e-07, 4.37710042434e-07, 3.39207076649e-07, 4.99242844398e-07, 5.71729970034e-07, 3.75026843358e-07, 4.08855555634e-07, 2.91637832106e-07, 2.68150188276e-07, 2.59879783471e-07], "min": [1.82507396583e-16, 8.15947036613e-17, 4.35451300203e-17, 2.13399694021e-17, 1.7006787072e-17, 5.15442668102e-18, 3.90955211918e-18, 1.49294420776e-17, 1.94300887771e-17, 3.35613776641e-17, 2.08880558181e-17, 9.0566258263e-17, 1.11881101227e-16, 7.8904335115e-17, 8.13486604425e-17, 2.03705104155e-17, 4.07019646712e-17, 3.5159080326e-17, 4.47709388962e-17, 5.70218344927e-17, 9.68462399433e-17, 3.88427108083e-17, 4.0133493067e-17, 5.99278523335e-17, 5.64474998323e-17, 3.8186740039e-17, 7.01276311784e-17, 5.85800376259e-17, 3.67669440745e-17, 5.68146489103e-17, 7.14902623451e-17, 2.55720983855e-17, 8.08823489527e-17, 3.32352666707e-17, 6.60638913523e-17, 4.58242111312e-17, 5.82976580172e-17, 4.9739429024e-17, 5.50211228189e-17, 5.27579004147e-17], "var": [0.000198499925318, 0.000150525593199, 1.98173947865e-05, 1.42223188959e-06, 4.27346094511e-07, 1.89981605558e-07, 6.64460344524e-08, 2.96839687053e-07, 8.67419842621e-08, 8.25885422273e-08, 1.73377372903e-07, 8.21335675028e-08, 4.7478025067e-08, 2.54092906715e-08, 4.40668435076e-09, 1.74866734426e-08, 8.40311997763e-09, 3.33516059214e-09, 3.50476714317e-09, 4.90451990132e-09, 8.23471679734e-10, 2.29832861076e-10, 1.09603069676e-10, 1.99992689076e-10, 1.89688820207e-10, 3.44450648559e-11, 2.11774660308e-11, 3.05334819928e-11, 1.86397997731e-11, 2.70425210003e-10, 2.12633077812e-10, 2.85507156111e-11, 2.41797484812e-11, 2.63692522678e-11, 1.63087616328e-11, 6.08954692227e-11, 3.618783051e-11, 8.37122038355e-12, 5.11948469728e-12, 4.56480686584e-12]}, "mfcc": {"mean": [-662.186828613, 126.518882751, 22.0161705017, 20.3243465424, 13.1195211411, 9.2903881073, 12.0541143417, 12.7095918655, 6.5211648941, 9.42867946625, 1.72164821625, 4.46635341644, 2.31363129616], "cov": [[7023.12451172, 76.8932495117, -368.006500244, 89.6514129639, 68.6537322998, 161.307250977, 166.807800293, 82.2207336426, -43.8294334412, 65.717048645, -66.0103759766, -90.9963378906, -44.0097084045], [76.8932495117, 1920.72314453, -262.184997559, 67.3958587646, 298.616729736, -4.7278881073, 220.848953247, 49.1088905334, -17.7619667053, 63.6812400818, -4.4265794754, -33.2399940491, 63.6564826965], [-368.006500244, -262.184997559, 1046.25915527, -26.4342212677, 35.6907196045, 133.02835083, -107.269805908, -13.1245059967, 33.3224563599, -114.021453857, 62.8666572571, 47.1916732788, -13.69069767], [89.6514129639, 67.3958587646, -26.4342212677, 357.671966553, 138.912734985, 46.2452545166, 41.7280158997, 75.8493270874, 59.4932174683, 26.1609191895, -0.251440316439, 48.4109306335, 36.7924461365], [68.6537322998, 298.616729736, 35.6907196045, 138.912734985, 311.452819824, 87.6526870728, 87.1208648682, 77.5751342773, 59.7161140442, 2.19873142242, -1.02177155018, -2.39452528954, 27.5848846436], [161.307250977, -4.7278881073, 133.02835083, 46.2452545166, 87.6526870728, 258.804138184, 80.1527023315, 74.8010253906, 39.5735588074, 8.9872303009, 37.7076950073, 9.24451065063, -7.3037815094], [166.807800293, 220.848953247, -107.269805908, 41.7280158997, 87.1208648682, 80.1527023315, 216.068115234, 86.9672012329, 8.45053100586, 66.0535812378, 22.7444763184, 2.0962498188, 16.0058708191], [82.2207336426, 49.1088905334, -13.1245059967, 75.8493270874, 77.5751342773, 74.8010253906, 86.9672012329, 143.736038208, 74.7310180664, 47.6886863708, 22.6412639618, 15.955488205, 20.2313899994], [-43.8294334412, -17.7619667053, 33.3224563599, 59.4932174683, 59.7161140442, 39.5735588074, 8.45053100586, 74.7310180664, 140.065917969, 57.5415802002, 25.3684177399, 19.9793891907, 11.6760931015], [65.717048645, 63.6812400818, -114.021453857, 26.1609191895, 2.19873142242, 8.9872303009, 66.0535812378, 47.6886863708, 57.5415802002, 135.881408691, 40.5870323181, 11.740983963, 10.1681013107], [-66.0103759766, -4.4265794754, 62.8666572571, -0.251440316439, -1.02177155018, 37.7076950073, 22.7444763184, 22.6412639618, 25.3684177399, 40.5870323181, 85.3886108398, 45.082321167, 13.6234140396], [-90.9963378906, -33.2399940491, 47.1916732788, 48.4109306335, -2.39452528954, 9.24451065063, 2.0962498188, 15.955488205, 19.9793891907, 11.740983963, 45.082321167, 87.1911239624, 35.2808494568], [-44.0097084045, 63.6564826965, -13.69069767, 36.7924461365, 27.5848846436, -7.3037815094, 16.0058708191, 20.2313899994, 11.6760931015, 10.1681013107, 13.6234140396, 35.2808494568, 68.8672943115]], "icov": [[0.000153217202751, 9.82737765298e-06, 4.34750472778e-05, -3.58584220521e-05, -4.01955776397e-06, -0.000119715143228, -2.40750759986e-05, -5.68853392906e-05, 0.000122006560559, -9.30945752771e-05, 0.000114524300443, 8.73046301422e-05, 5.35283179488e-05], [9.82737765298e-06, 0.000731829670258, 9.15751734283e-05, 0.000103938124084, -0.000753521395382, 0.000242773254286, -0.000531506200787, 0.000284060690319, 0.000263378809905, -0.000191444763914, -0.000163170756423, 0.00034971779678, -0.000503118033521], [4.34750472778e-05, 9.15751734283e-05, 0.00142029835843, 0.00015812338097, -0.000272612436675, -0.000655770883895, 0.000541363551747, 0.000143367738929, -0.00053132098401, 0.00146224640775, -0.00135819555726, -0.00023880272056, 0.000277923798421], [-3.58584220521e-05, 0.000103938124084, 0.00015812338097, 0.00422981474549, -0.00180760317016, -0.00022490650008, 0.000542077992577, -0.00116195739247, 3.33633906848e-05, -0.000937426579185, 0.00230678287335, -0.00330759468488, -6.08800546615e-05], [-4.01955776397e-06, -0.000753521395382, -0.000272612436675, -0.00180760317016, 0.00612460030243, -0.000870345393196, -0.00161248620134, -0.000122589597595, -0.00257379096001, 0.00232525216416, -0.000163697113749, 0.00215226551518, -0.00150645559188], [-0.000119715143228, 0.000242773254286, -0.000655770883895, -0.00022490650008, -0.000870345393196, 0.00608067726716, -0.00196112203412, -0.00157099252101, -0.000467034988105, 0.00130028789863, -0.00243331119418, 0.000639682286419, 0.00164055346977], [-2.40750759986e-05, -0.000531506200787, 0.000541363551747, 0.000542077992577, -0.00161248620134, -0.00196112203412, 0.00992989819497, -0.00518916454166, 0.00477971043438, -0.00421092519537, -4.52221138403e-05, -0.000452214648249, 3.6133153003e-07], [-5.68853392906e-05, 0.000284060690319, 0.000143367738929, -0.00116195739247, -0.000122589597595, -0.00157099252101, -0.00518916454166, 0.0152347013354, -0.00697307894006, 0.000694834510796, -0.000390360306483, 0.000735857232939, -0.0022567587439], [0.000122006560559, 0.000263378809905, -0.00053132098401, 3.33633906848e-05, -0.00257379096001, -0.000467034988105, 0.00477971043438, -0.00697307894006, 0.0148230316117, -0.00688434252515, 0.00082619744353, -0.00157419568859, 0.000776409346145], [-9.30945752771e-05, -0.000191444763914, 0.00146224640775, -0.000937426579185, 0.00232525216416, 0.00130028789863, -0.00421092519537, 0.000694834510796, -0.00688434252515, 0.0155444145203, -0.00766142178327, 0.00301202852279, -0.000265305512585], [0.000114524300443, -0.000163170756423, -0.00135819555726, 0.00230678287335, -0.000163697113749, -0.00243331119418, -4.52221138403e-05, -0.000390360306483, 0.00082619744353, -0.00766142178327, 0.0234972797334, -0.0119148641825, 0.00110115343705], [8.73046301422e-05, 0.00034971779678, -0.00023880272056, -0.00330759468488, 0.00215226551518, 0.000639682286419, -0.000452214648249, 0.000735857232939, -0.00157419568859, 0.00301202852279, -0.0119148641825, 0.0233875568956, -0.00925547629595], [5.35283179488e-05, -0.000503118033521, 0.000277923798421, -6.08800546615e-05, -0.00150645559188, 0.00164055346977, 3.6133153003e-07, -0.0022567587439, 0.000776409346145, -0.000265305512585, 0.00110115343705, -0.00925547629595, 0.0209793113172]]}, "spectral_contrast_coeffs": {"dmean": [0.0601482316852, 0.0532189495862, 0.043998170644, 0.0361172370613, 0.0249421279877, 0.0196456685662], "dmean2": [0.0936494320631, 0.089035615325, 0.0697809830308, 0.0569658093154, 0.0385217629373, 0.0300144869834], "dvar": [0.0028877237346, 0.00194066984113, 0.00151580513921, 0.000933149713092, 0.000449638988357, 0.000331148185069], "dvar2": [0.00689162779599, 0.00534247653559, 0.00356648117304, 0.00214327988215, 0.00100034661591, 0.000683476566337], "max": [-0.341899126768, -0.427541851997, -0.504581212997, -0.543505728245, -0.568994700909, -0.538771271706], "mean": [-0.674857854843, -0.755884051323, -0.769466817379, -0.791658222675, -0.798576831818, -0.799555659294], "median": [-0.682393670082, -0.762627065182, -0.780693769455, -0.802784264088, -0.805290043354, -0.80480068922], "min": [-0.960044384003, -0.974713206291, -0.975785493851, -0.949609696865, -0.954022407532, -0.926493287086], "var": [0.00761527754366, 0.00410770857707, 0.00514255836606, 0.00375294755213, 0.00201212894171, 0.00196291203611]}, "spectral_contrast_valleys": {"dmean": [0.488367795944, 0.546518445015, 0.446956932545, 0.450992375612, 0.391904890537, 0.494113385677], "dmean2": [0.757240951061, 0.860712647438, 0.698595523834, 0.668850421906, 0.530484855175, 0.63272279501], "dvar": [0.221931755543, 0.288357198238, 0.20647905767, 0.221527785063, 0.170324593782, 0.272242426872], "dvar2": [0.479851424694, 0.665626168251, 0.461602777243, 0.465094923973, 0.311350017786, 0.533942699432], "max": [-5.06692695618, -4.5302233696, -5.14365768433, -6.01740074158, -5.90058088303, -7.80691289902], "mean": [-6.88456010818, -6.86482620239, -7.40129709244, -8.0022649765, -7.983