{"lowlevel": {"average_loudness": 0.87999778986, "barkbands_crest": {"dmean": 1.19993293285, "dmean2": 1.26654028893, "dvar": 1.00715506077, "dvar2": 1.31365227699, "max": 26.7127990723, "mean": 17.0460262299, "median": 16.7647361755, "min": 5.04858827591, "var": 14.1794691086}, "barkbands_flatness_db": {"dmean": 0.0156529527158, "dmean2": 0.0248470027, "dvar": 0.000157898946782, "dvar2": 0.000434943853179, "max": 0.690855741501, "mean": 0.47414547205, "median": 0.470384389162, "min": 0.0350174978375, "var": 0.00459870370105}, "barkbands_kurtosis": {"dmean": 8.01539897919, "dmean2": 10.6984062195, "dvar": 129.936447144, "dvar2": 237.727920532, "max": 773.321289062, "mean": 28.3090858459, "median": 21.7964096069, "min": -1.52082037926, "var": 832.524169922}, "barkbands_skewness": {"dmean": 0.585812032223, "dmean2": 0.769607067108, "dvar": 0.307403624058, "dvar2": 0.584944486618, "max": 19.442237854, "mean": 3.65075659752, "median": 3.44950342178, "min": -2.32246565819, "var": 2.82213377953}, "barkbands_spread": {"dmean": 0.410618960857, "dmean2": 0.580484092236, "dvar": 0.677023053169, "dvar2": 1.48422658443, "max": 66.7770004272, "mean": 1.68690168858, "median": 1.0702354908, "min": 0.0499975197017, "var": 6.30409145355}, "dissonance": {"dmean": 0.0480166487396, "dmean2": 0.0815028473735, "dvar": 0.00197254912928, "dvar2": 0.00544510083273, "max": 0.499968588352, "mean": 0.293889790773, "median": 0.300923496485, "min": 0.0348325073719, "var": 0.00707339588553}, "dynamic_complexity": 2.74015688896, "erbbands_crest": {"dmean": 1.43788850307, "dmean2": 1.71195328236, "dvar": 1.4608310461, "dvar2": 2.25137639046, "max": 28.7098484039, "mean": 15.447851181, "median": 15.0485610962, "min": 2.69340777397, "var": 17.8113384247}, "erbbands_flatness_db": {"dmean": 0.0117563325912, "dmean2": 0.0177247282118, "dvar": 8.84047767613e-05, "dvar2": 0.000216534856008, "max": 0.613445460796, "mean": 0.426461815834, "median": 0.420958220959, "min": 0.0568756125867, "var": 0.00352849066257}, "erbbands_kurtosis": {"dmean": 2.97178959846, "dmean2": 4.15207195282, "dvar": 11.6024770737, "dvar2": 23.7559566498, "max": 173.313751221, "mean": 9.02561855316, "median": 6.86748409271, "min": -1.89300644398, "var": 74.6157913208}, "erbbands_skewness": {"dmean": 0.384043395519, "dmean2": 0.526249349117, "dvar": 0.114882096648, "dvar2": 0.246045976877, "max": 8.12863731384, "mean": 2.15662622452, "median": 2.08777928352, "min": -1.14948487282, "var": 0.978282094002}, "erbbands_spread": {"dmean": 1.97090697289, "dmean2": 2.97695994377, "dvar": 9.13612174988, "dvar2": 22.0176029205, "max": 76.9376831055, "mean": 7.16952228546, "median": 5.48800849915, "min": 0.423433929682, "var": 38.3237419128}, "hfc": {"dmean": 0.808140873909, "dmean2": 0.824276983738, "dvar": 0.60824161768, "dvar2": 0.635700821877, "max": 35.0203857422, "mean": 8.23568439484, "median": 7.24203777313, "min": 1.05958666712e-16, "var": 23.1377182007}, "melbands_crest": {"dmean": 1.25513637066, "dmean2": 1.45976853371, "dvar": 1.14554274082, "dvar2": 1.60918307304, "max": 30.6927509308, "mean": 17.0684719086, "median": 16.7676467896, "min": 1.57534110546, "var": 13.2714242935}, "melbands_flatness_db": {"dmean": 0.0147369122133, "dmean2": 0.0232075043023, "dvar": 0.000151224245201, "dvar2": 0.000415013666498, "max": 0.81696164608, "mean": 0.563453257084, "median": 0.560088634491, "min": 0.00296502979472, "var": 0.00666254758835}, "melbands_kurtosis": {"dmean": 5.52128458023, "dmean2": 7.73250389099, "dvar": 44.6429710388, "dvar2": 93.5271835327, "max": 230.465545654, "mean": 17.9043121338, "median": 13.6695356369, "min": -1.37977170944, "var": 238.081741333}, "melbands_skewness": {"dmean": 0.489820182323, "dmean2": 0.661758840084, "dvar": 0.230362653732, "dvar2": 0.498340129852, "max": 10.6556053162, "mean": 2.62244606018, "median": 2.46370720863, "min": -0.546000957489, "var": 1.60399317741}, "melbands_spread": {"dmean": 0.491670787334, "dmean2": 0.663661599159, "dvar": 2.39239668846, "dvar2": 5.28247261047, "max": 163.818313599, "mean": 3.04075312614, "median": 1.72539663315, "min": 0.31229698658, "var": 101.125694275}, "pitch_salience": {"dmean": 0.0332198888063, "dmean2": 0.0454269424081, "dvar": 0.000745879544411, "dvar2": 0.00152459496167, "max": 0.892592906952, "mean": 0.448537766933, "median": 0.455077856779, "min": 0.0520521365106, "var": 0.00690249586478}, "silence_rate_20dB": {"dmean": 0, "dmean2": 0, "dvar": 0, "dvar2": 0, "max": 1, "mean": 1, "median": 1, "min": 1, "var": 0}, "silence_rate_30dB": {"dmean": 8.92657917575e-05, "dmean2": 0.000178539543413, "dvar": 8.92515381565e-05, "dvar2": 0.000178482587216, "max": 1, "mean": 0.999866127968, "median": 1, "min": 0, "var": 0.000133860652568}, "silence_rate_60dB": {"dmean": 0.0015175184235, "dmean2": 0.00303517235443, "dvar": 0.00151493726298, "dvar2": 0.00338203529827, "max": 1, "mean": 0.0357939824462, "median": 0, "min": 0, "var": 0.0345131233335}, "spectral_centroid": {"dmean": 18.1820297241, "dmean2": 24.9406433105, "dvar": 6471.30273438, "dvar2": 13183.2460938, "max": 11780.1376953, "mean": 414.851074219, "median": 341.612457275, "min": 251.153594971, "var": 650988.5625}, "spectral_complexity": {"dmean": 0.735371589661, "dmean2": 1.25022315979, "dvar": 0.569909989834, "dvar2": 1.25722181797, "max": 11, "mean": 6.37195396423, "median": 6, "min": 0, "var": 2.59774470329}, "spectral_decrease": {"dmean": 5.90861026772e-10, "dmean2": 5.87428106158e-10, "dvar": 3.47590495779e-19, "dvar2": 3.6712625295e-19, "max": 1.83157117343e-28, "mean": -6.47069020587e-09, "median": -5.41021139e-09, "min": -2.82001675345e-08, "var": 1.73463761463e-17}, "spectral_energy": {"dmean": 0.00229978468269, "dmean2": 0.00228716153651, "dvar": 5.25891073266e-06, "dvar2": 5.54612870474e-06, "max": 0.109610453248, "mean": 0.0251688733697, "median": 0.021074032411, "min": 9.87675542594e-21, "var": 0.000260705681285}, "spectral_energyband_high": {"dmean": 4.57360641803e-07, "dmean2": 7.91742252204e-07, "dvar": 1.28546305544e-12, "dvar2": 3.62396614453e-12, "max": 3.29756439896e-05, "mean": 8.18050352791e-07, "median": 3.85874642461e-07, "min": 6.78096655218e-21, "var": 1.8280195066e-12}, "spectral_energyband_low": {"dmean": 4.02892828788e-06, "dmean2": 5.9009389588e-06, "dvar": 1.00737779229e-10, "dvar2": 2.48442405537e-10, "max": 0.000301594176563, "mean": 6.98894518791e-06, "median": 2.01550824386e-06, "min": 1.1027532348e-23, "var": 1.84481624421e-10}, "spectral_energyband_middle_high": {"dmean": 8.84051114554e-05, "dmean2": 0.000119796139188, "dvar": 1.6901568145e-08, "dvar2": 3.36196102069e-08, "max": 0.00302280252799, "mean": 0.000228911550948, "median": 0.000144149031257, "min": 1.15806043064e-21, "var": 6.56446133007e-08}, "spectral_energyband_middle_low": {"dmean": 0.00229762145318, "dmean2": 0.00228175870143, "dvar": 5.26235908183e-06, "dvar2": 5.56321992917e-06, "max": 0.109527759254, "mean": 0.0249309130013, "median": 0.0208184197545, "min": 1.85648771008e-22, "var": 0.000262122077402}, "spectral_entropy": {"dmean": 0.0783316716552, "dmean2": 0.114345185459, "dvar": 0.0038356971927, "dvar2": 0.00789200887084, "max": 9.82258319855, "mean": 4.60962486267, "median": 4.58310031891, "min": 3.46821856499, "var": 0.268159300089}, "spectral_flux": {"dmean": 0.00534696970135, "dmean2": 0.0081722130999, "dvar": 2.19274334086e-05, "dvar2": 5.44210997759e-05, "max": 0.0873989537358, "mean": 0.0265082139522, "median": 0.0253589022905, "min": 6.46872139187e-11, "var": 0.0001148132651}, "spectral_kurtosis": {"dmean": 39.4079971313, "dmean2": 70.2530136108, "dvar": 2597.45019531, "dvar2": 8624.44921875, "max": 1092.81359863, "mean": 135.286712646, "median": 115.39553833, "min": -1.27577865124, "var": 7324.828125}, "spectral_rms": {"dmean": 0.000225285606575, "dmean2": 0.000217017179239, "dvar": 3.6800994252e-08, "dvar2": 3.37194130395e-08, "max": 0.0103410361335, "mean": 0.00467216270044, "median": 0.00453431718051, "min": 3.10416796434e-12, "var": 2.72584861705e-06}, "spectral_rolloff": {"dmean": 26.0092754364, "dmean2": 42.555393219, "dvar": 18641.8476562, "dvar2": 25569.5683594, "max": 19659.8144531, "mean": 523.892883301, "median": 387.59765625, "min": 258.3984375, "var": 1968460}, "spectral_skewness": {"dmean": 1.36244606972, "dmean2": 2.39570426941, "dvar": 1.46847474575, "dvar2": 4.52865362167, "max": 24.8092956543, "mean": 9.15990161896, "median": 8.80653953552, "min": -0.0832752734423, "var": 9.51089477539}, "spectral_spread": {"dmean": 424410.125, "dmean2": 793617.9375, "dvar": 191775621120, "dvar2": 550463340544, "max": 43493024, "mean": 1315794.125, "median": 1058211, "min": 100691.789062, "var": 9090924281860.0}, "spectral_strongpeak": {"dmean": 0.261743932962, "dmean2": 0.428714334965, "dvar": 0.133483961225, "dvar2": 0.391705691814, "max": 4.22947359085, "mean": 1.25386142731, "median": 1.18215847015, "min": 0, "var": 0.38847091794}, "zerocrossingrate": {"dmean": 0.00135262950789, "dmean2": 0.00173228257336, "dvar": 9.12698578759e-06, "dvar2": 1.22268365885e-05, "max": 0.52294921875, "mean": 0.0195089336485, "median": 0.01611328125, "min": 0.0107421875, "var": 0.00139333179686}, "barkbands": {"dmean": [3.1813735859e-06, 2.50637958743e-06, 1.08589949832e-06, 1.3108086705e-06, 0.00133371329866, 0.00180457020178, 0.000133275010739, 8.60796353663e-05, 0.000200898823095, 3.77553783437e-06, 2.06577988138e-05, 5.04180097778e-05, 3.24308962263e-06, 2.66212907718e-07, 1.91924209503e-05, 1.80912029464e-05, 1.42267590491e-05, 4.0036121618e-07, 8.10555604858e-07, 3.34480716901e-07, 2.68279478632e-07, 4.36428457817e-08, 4.81111648298e-08, 3.22611732884e-08, 1.22129657498e-08, 5.77187675432e-09, 1.67314473387e-09], "dmean2": [5.64630818189e-06, 3.85198245567e-06, 1.4043050669e-06, 1.66956908743e-06, 0.00131495622918, 0.00173964502756, 0.000142894408782, 7.11017200956e-05, 0.000171922278241, 4.03384001402e-06, 2.21304126171e-05, 5.91054267716e-05, 4.5049819164e-06, 3.92269697613e-07, 3.05038793158e-05, 2.96796206385e-05, 2.37532967731e-05, 6.73518002259e-07, 1.39706401114e-06, 5.83637245199e-07, 4.62228598508e-07, 7.69590258187e-08, 8.22281833734e-08, 5.50843850533e-08, 2.11343582635e-08, 9.83554393486e-09, 3.10537173753e-09], "dvar": [5.89588239341e-11, 3.85347240228e-11, 6.01180476928e-12, 1.07123771659e-11, 2.07339758163e-06, 4.02572595704e-06, 6.19396018919e-08, 2.17180158302e-08, 7.48724033883e-08, 4.34151499473e-11, 1.29456434461e-09, 6.27061602643e-09, 1.50520609865e-10, 7.27180414408e-13, 4.82843054428e-09, 4.39667369179e-09, 2.00406202744e-09, 1.59039600066e-12, 5.08063946816e-12, 9.71479190495e-13, 6.48961407616e-13, 7.09901574171e-15, 6.76851957931e-15, 3.72865300986e-15, 3.79231023576e-16, 8.40367525878e-17, 3.54672919581e-18], "dvar2": [1.65973956801e-10, 9.99591798223e-11, 1.14772184812e-11, 1.88470055534e-11, 1.99519581656e-06, 3.70379711967e-06, 1.06849157078e-07, 1.49514853831e-08, 5.62031168272e-08, 8.37267130627e-11, 1.58379909188e-09, 8.14834688612e-09, 2.77739248267e-10, 1.40516450472e-12, 1.12826459286e-08, 1.0863646871e-08, 5.29932009385e-09, 4.08671360641e-12, 1.43596514887e-11, 2.76611307644e-12, 1.77468012074e-12, 2.0134455965e-14, 1.82067665252e-14, 1.00590735963e-14, 1.08741634488e-15, 2.22229628684e-16, 1.21529764371e-17], "max": [0.000275572645478, 0.00017971037596, 8.32683435874e-05, 0.000135556067107, 0.0710311383009, 0.0791851058602, 0.00920477882028, 0.00791176874191, 0.0112508712336, 0.000258105341345, 0.0015841134591, 0.00268613151275, 0.00040765342419, 2.9253986213e-05, 0.00206285319291, 0.00193198316265, 0.000904186454136, 5.34104547114e-05, 5.4919753893e-05, 3.07187001454e-05, 2.57899846474e-05, 2.57727310782e-06, 1.36028575071e-06, 1.53131884417e-06, 4.89158310302e-07, 1.97946931735e-07, 2.58899000016e-08], "mean": [3.12072393172e-06, 3.11878648063e-06, 2.14845863411e-06, 2.47779303209e-06, 0.0115701565519, 0.0117563810199, 0.000508950033691, 0.000335774122505, 0.000749425438698, 1.08394433482e-05, 5.03449664393e-05, 0.000100768498669, 5.29267435923e-06, 4.27957616012e-07, 2.57130250247e-05, 2.35581792367e-05, 1.79870439752e-05, 4.84826841785e-07, 1.01041302969e-06, 4.12416454765e-07, 3.39901617963e-07, 7.02372631167e-08, 8.09138285263e-08, 6.21258138267e-08, 2.63797925726e-08, 1.37248976628e-08, 2.75008860129e-09], "median": [6.70357621857e-07, 4.88938269427e-07, 5.12744634307e-07, 4.24429117629e-07, 0.00798233784735, 0.00888952985406, 0.000238285894739, 0.0001644223521, 0.000417336123064, 6.818557722e-06, 2.42338010139e-05, 4.91287937621e-05, 2.45069486482e-07, 6.07830514809e-08, 7.45241663935e-07, 1.89003770856e-07, 1.23119525597e-06, 7.55014184506e-08, 1.83856258218e-07, 6.97860542687e-08, 6.85171244186e-08, 4.19780619154e-08, 5.06443811332e-08, 3.47513733345e-08, 1.43001877007e-08, 5.80948800177e-09, 1.99167060622e-09], "min": [1.20279261571e-25, 2.5847408185e-24, 1.15491267841e-24, 6.92931474842e-25, 5.38176292329e-24, 8.31095019251e-24, 6.61974837427e-24, 8.13250117828e-24, 1.49522967895e-23, 1.06172386915e-23, 1.00333135942e-23, 1.56036797493e-23, 1.50491720641e-23, 3.53962803251e-23, 3.45644706768e-23, 3.64730596835e-23, 4.79488748627e-23, 7.21827544463e-23, 1.33924840149e-22, 1.39862817063e-22, 2.08175344178e-22, 2.36753641694e-22, 4.24346481517e-22, 4.40986726074e-22, 9.09446814282e-22, 1.28288584229e-21, 1.87165446344e-21], "var": [6.37122299363e-11, 5.14224704484e-11, 2.18065288049e-11, 3.57433006803e-11, 0.000125212376588, 0.000102006779343, 6.11945552009e-07, 2.86619439294e-07, 8.55990265336e-07, 1.64446498085e-10, 6.68294486417e-09, 2.53301237763e-08, 3.68402308659e-10, 1.73447519368e-12, 8.244123606e-09, 7.044025363e-09, 2.86752621648e-09, 2.03154658894e-12, 6.33073151193e-12, 1.06116797207e-12, 7.36673092319e-13, 8.70563522529e-15, 1.02330211294e-14, 7.33372645381e-15, 9.78673408082e-16, 3.05324513722e-16, 6.54850766817e-18]}, "erbbands": {"dmean": [0.000104677652416, 0.000473728519864, 0.00103617773857, 0.00689037749544, 0.385372877121, 7.17910766602, 7.97313642502, 19.6500148773, 5.69129800797, 3.09138631821, 3.41359114647, 2.95787453651, 2.21219325066, 0.72568833828, 1.03675961494, 1.2197561264, 0.198102027178, 0.0195975545794, 0.194311663508, 1.44398188591, 0.963354110718, 0.951645553112, 0.134226068854, 0.0384253188968, 0.0291405543685, 0.0128568382934, 0.0206946842372, 0.0022609452717, 0.00147855503019, 0.00160925998352, 0.00131810363382, 0.000992182060145, 0.000339038437232, 0.000181828057976, 7.81084090704e-05, 3.76334464818e-05, 1.0540025869e-05, 1.40409053984e-06, 1.04680998447e-06, 2.54180167758e-06], "dmean2": [0.000162807045854, 0.000713758054189, 0.00132433441468, 0.00450380938128, 0.190653845668, 3.51919651031, 11.1105051041, 20.0111637115, 3.3335518837, 2.97496843338, 2.76060438156, 2.51516652107, 2.00728988647, 0.754108071327, 1.19914269447, 1.4515607357, 0.270500540733, 0.0282153915614, 0.309517621994, 2.30862116814, 1.5794261694, 1.58577513695, 0.224733904004, 0.0656609609723, 0.0504770316184, 0.0222293678671, 0.0358065515757, 0.00389597984031, 0.00261150533333, 0.00280680391006, 0.00224108132534, 0.0016848196974, 0.000589894654695, 0.000312469492201, 0.000135556561872, 6.34767566225e-05, 1.79286907951e-05, 2.48653918788e-06, 9.59132307798e-07, 2.51431356446e-06], "dvar": [8.0170373451e-08, 1.21187679269e-06, 5.0119019761e-06, 6.96991774021e-05, 0.177988305688, 60.2282752991, 70.8790817261, 515.460327148, 43.0030212402, 30.1650276184, 29.8976287842, 20.8415050507, 9.58328056335, 1.66449248791, 2.47915363312, 3.63549947739, 0.438266515732, 0.00193147291429, 0.819390177727, 26.4942302704, 17.1416721344, 8.3885345459, 0.316654115915, 0.0107836797833, 0.0100601762533, 0.002120656427, 0.00339426542632, 3.7444919144e-05, 1.22250230561e-05, 8.9320801635e-06, 6.92698904459e-06, 4.47458751296e-06, 3.6605575815e-07, 1.07107581471e-07, 1.8563229176e-08, 4.45985826047e-09, 3.21576126838e-10, 2.97692513002e-12, 1.08241584099e-12, 6.41392494671e-12], "dvar2": [2.13616800693e-07, 3.02091370941e-06, 1.11075469249e-05, 7.93517683633e-05, 0.0734836310148, 18.5582008362, 136.095947266, 485.704833984, 15.5661039352, 38.8352355957, 19.7939243317, 15.5285053253, 8.93909263611, 1.91484832764, 3.13022446632, 5.00908517838, 0.818483710289, 0.00369471893646, 1.91796720028, 61.9584655762, 42.445350647, 22.1754226685, 0.839962244034, 0.0290757026523, 0.0292295962572, 0.00595550984144, 0.00956994108856, 0.000102486796095, 3.42669991369e-05, 2.53472662735e-05, 1.8155820726e-05, 1.18982588901e-05, 1.04586615635e-06, 2.98865188597e-07, 5.35715578565e-08, 1.17737357641e-08, 8.60703674999e-10, 8.56271650806e-12, 9.6734436867e-13, 6.67712846819e-12], "max": [0.0103677865118, 0.0230022631586, 0.0694736912847, 0.436160117388, 23.3714179993, 427.619842529, 322.970306396, 878.358886719, 264.720855713, 239.622406006, 206.856933594, 254.712219238, 109.967124939, 59.0670509338, 56.5320358276, 63.7017974854, 21.8238143921, 1.17751479149, 36.0991096497, 127.379379272, 133.202667236, 63.1061439514, 18.7207069397, 3.11954307556, 2.6216070652, 1.62717461586, 1.61639165878, 0.277307748795, 0.146990254521, 0.071718968451, 0.0526231713593, 0.0555152520537, 0.0137460520491, 0.0106183225289, 0.0025540178176, 0.00172280403785, 0.000339016114594, 4.21043550887e-05, 5.05974057887e-05, 0.000121166624012], "mean": [0.000157966234838, 0.000794018502347, 0.00405109254643, 0.062354568392, 3.65629172325, 69.1524963379, 57.2954444885, 103.733673096, 29.9650535583, 12.2746534348, 12.596570015, 11.0560436249, 6.27966976166, 1.94217860699, 2.50098562241, 2.4754948616, 0.355519711971, 0.0365503802896, 0.269602924585, 1.94916212559, 1.31095981598, 1.21511173248, 0.17809137702, 0.0517764724791, 0.0380649082363, 0.0171321630478, 0.0275965668261, 0.0036998107098, 0.0024520449806, 0.00272757420316, 0.00227155769244, 0.00177218485624, 0.000691512657795, 0.000374399620341, 0.000174214088474, 9.46966247284e-05, 2.9972898119e-05, 4.095039003e-06, 1.20316735774e-05, 2.78793777397e-05], "median": [5.30490942765e-05, 0.000292936747428, 0.00230706622824, 0.0419821217656, 2.49271917343, 47.7099494934, 45.9569091797, 71.2157745361, 19.9180450439, 6.0150179863, 5.81860542297, 5.71874713898, 3.49694871902, 1.08937978745, 1.35979366302, 1.21646904945, 0.0762148499489, 0.0146466903389, 0.0204880479723, 0.0996237546206, 0.096948005259, 0.158935457468, 0.0169338919222, 0.0149668175727, 0.00672170706093, 0.00521969795227, 0.00389764900319, 0.00192140764557, 0.00140325084794, 0.0017468072474, 0.00127657491248, 0.000888726091944, 0.000400709628593, 0.000204972922802, 0.000100714794826, 4.71174134873e-05, 1.85778226296e-05, 2.99785006064e-06, 1.01979258034e-05, 2.33806604228e-05], "min": [1.10133893342e-22, 2.47042255921e-22, 1.44417778185e-21, 5.13009984205e-21, 1.39872089524e-20, 1.96409625898e-20, 1.82337102636e-20, 9.43629225107e-20, 1.10706828805e-19, 1.19982522001e-19, 2.05093422898e-19, 4.20621393182e-19, 4.82656578702e-19, 4.27125255845e-19, 1.00066964852e-18, 1.02254288885e-18, 1.12053049742e-18, 1.66002141524e-18, 1.65070591398e-18, 2.83827567774e-18, 2.79219303222e-18, 3.11435940809e-18, 5.22578837965e-18, 5.19670884521e-18, 7.73085399316e-18, 7.27550926392e-18, 8.55388629494e-18, 7.67239300337e-18, 7.9063494591e-18, 1.25775037255e-17, 1.13945320519e-17, 9.83897258791e-18, 9.27160692421e-18, 8.3628390063e-18, 6.53398072226e-18, 3.78176305429e-18, 2.10022191503e-18, 9.94499087945e-19, 2.5440836713e-19, 2.76044226017e-20], "var": [1.03927149553e-07, 1.96257997231e-06, 2.54964652413e-05, 0.00371430418454, 12.7394237518, 4467.99023438, 1941.56494141, 10442.0498047, 983.301269531, 358.539764404, 322.283935547, 223.00479126, 66.3497314453, 8.61119270325, 11.9588527679, 14.5831041336, 1.0967694521, 0.00451627979055, 1.38846576214, 43.8584709167, 28.6425571442, 11.8911733627, 0.469437807798, 0.0131788058206, 0.0127042038366, 0.00227111345157, 0.00413576141, 4.73479340144e-05, 1.41167502079e-05, 1.1677263501e-05, 1.07729665615e-05, 8.06186289992e-06, 7.24270591945e-07, 2.18209777358e-07, 4.05434299466e-08, 1.31293838024e-08, 9.16037024012e-10, 1.24635128607e-11, 5.58017070051e-11, 3.17016746187e-10]}, "gfcc": {"mean": [-230.874099731, 187.330245972, -92.9227828979, -49.7099876404, -91.2222824097, -59.5003242493, -55.7452697754, -26.0765724182, -23.127450943, -31.9313488007, -5.59814596176, 8.09955692291, 16.8902950287], "cov": [[9169.49316406, 738.789306641, -1495.73571777, 161.384002686, -199.550079346, -458.778717041, -704.630371094, 157.464477539, 104.215209961, -268.476013184, -160.007247925, -33.6722831726, 121.778869629], [738.789306641, 834.880249023, 376.846557617, -235.957000732, -23.0309143066, -111.954216003, 135.703567505, -194.747512817, -31.1770782471, -72.7772979736, 46.3491401672, 19.0161342621, 52.4968032837], [-1495.73571777, 376.846557617, 997.904663086, -37.1036643982, 16.1686840057, 21.4194602966, 229.374710083, -173.020172119, -47.661075592, 21.0619850159, 64.1647796631, 22.7036399841, -0.531815707684], [161.384002686, -235.957000732, -37.1036643982, 306.100585938, 97.2604522705, -23.8144550323, -76.2568817139, 68.4634552002, 30.3324146271, -10.7682313919, -26.9353237152, -17.562128067, -10.0647411346], [-199.550079346, -23.0309143066, 16.1686840057, 97.2604522705, 290.376556396, 8.75056648254, -80.5071105957, 0.189037442207, 58.774066925, 21.4718608856, -33.7637290955, -12.2679691315, 18.0422878265], [-458.778717041, -111.954216003, 21.4194602966, -23.8144550323, 8.75056648254, 190.65838623, 23.6416473389, -59.7917823792, -24.7414550781, 21.6717033386, 10.3258666992, -4.70060920715, -13.9290380478], [-704.630371094, 135.703567505, 229.374710083, -76.2568817139, -80.5071105957, 23.6416473389, 257.590576172, -33.2627716064, -89.4449310303, -24.197063446, 66.388458252, 26.470413208, -23.1769828796], [157.464477539, -194.747512817, -173.020172119, 68.4634552002, 0.189037442207, -59.7917823792, -33.2627716064, 207.587799072, 31.9346599579, -22.6304073334, -28.3115062714, 0.925661563873, -11.7881307602], [104.215209961, -31.1770782471, -47.661075592, 30.3324146271, 58.774066925, -24.7414550781, -89.4449310303, 31.9346599579, 167.921966553, 53.5684165955, -51.1845741272, -12.5382480621, 38.9232215881], [-268.476013184, -72.7772979736, 21.0619850159, -10.7682313919, 21.4718608856, 21.6717033386, -24.197063446, -22.6304073334, 53.5684165955, 126.387145996, 14.2111206055, -18.6632900238, 11.4760017395], [-160.007247925, 46.3491401672, 64.1647796631, -26.9353237152, -33.7637290955, 10.3258666992, 66.388458252, -28.3115062714, -51.1845741272, 14.2111206055, 132.503845215, 43.2174949646, -33.2739219666], [-33.6722831726, 19.0161342621, 22.7036399841, -17.562128067, -12.2679691315, -4.70060920715, 26.470413208, 0.925661563873, -12.5382480621, -18.6632900238, 43.2174949646, 91.2482452393, -1.59130012989], [121.778869629, 52.4968032837, -0.531815707684, -10.0647411346, 18.0422878265, -13.9290380478, -23.1769828796, -11.7881307602, 38.9232215881, 11.4760017395, -33.2739219666, -1.59130012989, 75.8988265991]], "icov": [[0.000626183231361, -0.00214655627497, 0.0011341056088, -0.00168749457225, 0.00118835060857, -0.00052654434694, 0.00178452278487, -0.000964843027759, 0.000731847132556, -0.000634204654489, 0.000427046528785, -0.000532123318408, 0.000176771791303], [-0.00214655627497, 0.0118054095656, -0.00476937741041, 0.0088449222967, -0.00506525905803, 0.005487897899, -0.00693635782227, 0.00698262359947, -0.00412624329329, 0.00654854578897, -0.0035144907888, 0.00356881436892, -0.00274422834627], [0.0011341056088, -0.00476937741041, 0.00380526878871, -0.00400571152568, 0.00200197356753, -0.00128556415439, 0.001766008907, -0.00114954449236, 0.00131111685187, -0.00230236211792, 0.00131631270051, -0.00150248105638, 0.000844863650855], [-0.00168749457225, 0.0088449222967, -0.00400571152568, 0.0109291933477, -0.00508320564404, 0.00401566363871, -0.00423599546775, 0.00370697700419, -0.00304761482403, 0.00533577008173, -0.00278760655783, 0.00332149956375, -0.00115774478763], [0.00118835060857, -0.00506525905803, 0.00200197356753, -0.00508320564404, 0.0068587558344, -0.00231398735195, 0.00459343148395, -0.00240784650669, 0.00098040967714, -0.0023380483035, 0.0015584116336, -0.00156191503629, 0.000411545101088], [-0.00052654434694, 0.005487897899, -0.00128556415439, 0.00401566363871, -0.00231398735195, 0.00974999461323, -0.0029290036764, 0.0057814437896, -0.00115047988947, 0.00268485513516, -0.00112559995614, 0.00165485288016, -0.000359272497008], [0.00178452278487, -0.00693635782227, 0.001766008907, -0.00423599546775, 0.00459343148395, -0.0029290036764, 0.0124071091413, -0.00475114583969, 0.00458727544174, -0.00185732718091, -0.000242016118136, -0.00185960216913, 0.000589647970628], [-0.000964843027759, 0.00698262359947, -0.00114954449236, 0.00370697700419, -0.00240784650669, 0.0057814437896, -0.00475114583969, 0.0118779800832, -0.0040606460534, 0.00513585098088, -0.000978021649644, 0.0013782014139, 0.000135316571686], [0.000731847132556, -0.00412624329329, 0.00131111685187, -0.00304761482403, 0.00098040967714, -0.00115047988947, 0.00458727544174, -0.0040606460534, 0.0120130097494, -0.00690662162378, 0.00406742002815, -0.00271921651438, -0.00177947373595], [-0.000634204654489, 0.00654854578897, -0.00230236211792, 0.00533577008173, -0.0023380483035, 0.00268485513516, -0.00185732718091, 0.00513585098088, -0.00690662162378, 0.0165599137545, -0.00686761876568, 0.00594331370667, -0.00338949775323], [0.000427046528785, -0.0035144907888, 0.00131631270051, -0.00278760655783, 0.0015584116336, -0.00112559995614, -0.000242016118136, -0.000978021649644, 0.00406742002815, -0.00686761876568, 0.0146791730076, -0.00743915140629, 0.00581425521523], [-0.000532123318408, 0.00356881436892, -0.00150248105638, 0.00332149956375, -0.00156191503629, 0.00165485288016, -0.00185960216913, 0.0013782014139, -0.00271921651438, 0.00594331370667, -0.00743915140629, 0.0157406516373, -0.00329896993935], [0.000176771791303, -0.00274422834627, 0.000844863650855, -0.00115774478763, 0.000411545101088, -0.000359272497008, 0.000589647970628, 0.000135316571686, -0.00177947373595, -0.00338949775323, 0.00581425521523, -0.00329896993935, 0.0185844637454]]}, "melbands": {"dmean": [8.69758423505e-07, 5.15657177402e-07, 7.75747082571e-07, 0.000246585957939, 0.000281886314042, 0.000399187643779, 8.68235292728e-05, 2.95524223475e-05, 3.45593653037e-05, 1.96573637368e-05, 1.11743820526e-05, 2.62343314716e-06, 2.4325661343e-06, 6.94927166478e-06, 8.6498772589e-07, 1.38496432101e-07, 1.95426572702e-08, 4.59636950723e-08, 1.74157446509e-06, 1.34860351864e-06, 1.04979540083e-06, 1.03001218577e-06, 3.65240765632e-07, 1.14333111867e-08, 3.02730924773e-08, 3.60613867656e-08, 7.53243156737e-09, 7.31999527659e-09, 1.91858084975e-08, 2.79381895396e-09, 8.90136464538e-10, 1.05133890482e-09, 8.35538860322e-10, 9.84933024029e-10, 9.35913568867e-10, 4.34817737371e-10, 7.4541323114e-10, 2.9592325812e-10, 1.65614175152e-10, 1.64470548292e-10], "dmean2": [1.31207195864e-06, 7.35043329314e-07, 1.06087634322e-06, 9.68369640759e-05, 0.000382425118005, 0.000397587224143, 5.19173809153e-05, 2.79797641269e-05, 2.7889796911e-05, 1.69732866198e-05, 1.01285868368e-05, 2.73245996141e-06, 2.77686990557e-06, 8.10091842141e-06, 1.203337888e-06, 1.93541310978e-07, 2.86783823356e-08, 7.1259094625e-08, 2.78626544059e-06, 2.16664648178e-06, 1.72565364664e-06, 1.7154300167e-06, 6.13817633166e-07, 1.94063094483e-08, 5.17336040673e-08, 6.26563974038e-08, 1.30042430158e-08, 1.2694600926e-08, 3.32703216088e-08, 4.76665062976e-09, 1.55305235339e-09, 1.85215565107e-09, 1.48023937552e-09, 1.70882163975e-09, 1.58780744108e-09, 7.4814482387e-10, 1.26246024745e-09, 5.14506437455e-10, 2.91486917936e-10, 2.8142668751e-10], "dvar": [4.93246025621e-12, 1.45805698244e-12, 3.20835090266e-12, 7.1295140458e-08, 8.48411616516e-08, 2.09657443406e-07, 9.63935864462e-09, 2.56699173029e-09, 3.32219274313e-09, 7.16423143032e-10, 2.46375947421e-10, 2.25929587538e-11, 1.32560950064e-11, 1.2362842694e-10, 1.25928859354e-11, 4.49914411282e-13, 3.58536171672e-15, 4.05210431452e-14, 4.49466470986e-11, 2.47205970971e-11, 2.89073261855e-11, 1.206263648e-11, 2.6514415663e-12, 1.47290527434e-15, 9.33286312273e-15, 1.76731594853e-14, 1.13139853067e-15, 6.39685475695e-16, 3.09553336299e-15, 3.09206042203e-16, 4.32334260316e-18, 7.41484701093e-18, 3.48976623011e-18, 3.78564253137e-18, 3.47272755026e-18, 7.81963042862e-19, 3.22552689895e-18, 3.54950852267e-19, 9.71752655076e-20, 9.21674946921e-20], "dvar2": [1.24795555834e-11, 3.47983447613e-12, 5.68337824719e-12, 1.74745267145e-08, 1.62564191442e-07, 1.92205860117e-07, 3.93710797297e-09, 3.08567282836e-09, 2.22854268372e-09, 5.60045121389e-10, 2.28022017934e-10, 2.5938719922e-11, 1.7289537857e-11, 1.59664212407e-10, 2.37821862897e-11, 8.38709689806e-13, 6.7697867406e-15, 9.33895295081e-14, 1.05426001262e-10, 5.82209211397e-11, 7.15610209978e-11, 3.18118968667e-11, 7.04191999851e-12, 3.81875910424e-15, 2.51285164822e-14, 5.15373063236e-14, 3.17293438668e-15, 1.8013521464e-15, 8.80288985423e-15, 8.45083130349e-16, 1.21383742178e-17, 2.06092446664e-17, 1.00480962545e-17, 1.07282984527e-17, 9.10442793215e-18, 2.10007157495e-18, 8.56386705621e-18, 9.94874110955e-19, 2.89530662735e-19, 2.53256207935e-19], "max": [7.47338272049e-05, 2.5220995667e-05, 6.47947163088e-05, 0.0149130634964, 0.0112041151151, 0.0179385077208, 0.00398032553494, 0.00218130741268, 0.0022663732525, 0.00139195309021, 0.000553690304514, 0.000216475818888, 0.000125957521959, 0.000383818318369, 0.000153367087478, 3.09930546791e-05, 1.84362272648e-06, 7.35527555662e-06, 0.00023244949989, 0.00012222447549, 0.000174007524038, 8.2276383182e-05, 5.41155131941e-05, 1.91634376279e-06, 3.00701958622e-06, 3.43985561813e-06, 1.22357505461e-06, 8.65549907303e-07, 1.7098365106e-06, 9.07054641175e-07, 5.72061864546e-08, 1.09833827366e-07, 4.66213201378e-08, 4.19941805774e-08, 4.04425044565e-08, 2.2321406945e-08, 4.91041589612e-08, 1.63526685526e-08, 8.59780069362e-09, 9.41331013138e-09], "mean": [1.20198205877e-06, 9.1266065283e-07, 1.5509434661e-06, 0.00235808664002, 0.00241081765853, 0.00224618031643, 0.000454381370218, 0.000109896580398, 0.000120446071378, 7.22664262867e-05, 3.02784046653e-05, 6.21581739324e-06, 6.92194862495e-06, 1.36100898089e-05, 1.4598905409e-06, 2.23565606916e-07, 3.21581516971e-08, 6.4046851378e-08, 2.37110748458e-06, 1.79073924755e-06, 1.41652708407e-06, 1.29879958877e-06, 4.65130739258e-07, 1.42468863373e-08, 3.78170064153e-08, 4.54060860022e-08, 9.4567793596e-09, 9.34950961096e-09, 2.51681608887e-08, 3.7569303224e-09, 1.33686250958e-09, 1.51294110573e-09, 1.25357058067e-09, 1.57885926555e-09, 1.46612066931e-09, 7.53580309265e-10, 1.21888932281e-09, 4.89529916603e-10, 2.89272827914e-10, 2.93899904413e-10], "median": [2.54164547187e-07, 2.39435678395e-07, 3.51486619365e-07, 0.00161277398001, 0.00189892272465, 0.00158771243878, 0.000309839786496, 4.69041187898e-05, 4.85610144096e-05, 4.15065442212e-05, 1.60008275998e-05, 3.0383162084e-06, 3.83000133297e-06, 6.44831516183e-06, 1.50432356349e-07, 1.71673484317e-08, 6.38563957267e-09, 5.82503512092e-09, 7.38369436704e-08, 6.00274461249e-08, 4.32871694045e-09, 9.26930141532e-08, 1.92920346365e-08, 2.46332998444e-09, 4.93810636826e-09, 1.74304504164e-09, 1.44938272495e-09, 1.88308990623e-09, 2.21696083713e-09, 6.21003026779e-10, 6.15256345871e-10, 6.63865407091e-10, 6.3229688152e-10, 8.95075236151e-10, 7.1127759238e-10, 3.63021890326e-10, 4.36300717777e-10, 2.26495822098e-10, 1.46296447179e-10, 1.28902263863e-10], "min": [1.64455213418e-24, 4.97255217555e-25, 1.10707526565e-24, 1.80702099584e-24, 7.77123443812e-25, 2.35677165258e-24, 1.39289377111e-24, 1.28219459661e-24, 1.29762392705e-24, 2.76458434159e-24, 1.92838113243e-24, 1.53819396263e-24, 2.45138250196e-24, 2.14237227475e-24, 1.84718229895e-24, 1.56685643476e-24, 2.91398079197e-24, 2.13315147684e-24, 3.4286525792e-24, 3.45130984769e-24, 2.61599371262e-24, 2.48344792282e-24, 3.67833888862e-24, 3.60102381459e-24, 3.7158212201e-24, 4.67694844221e-24, 4.02399880462e-24, 4.61436337343e-24, 4.05635906225e-24, 4.0828691274e-24, 3.56726569544e-24, 4.34431143645e-24, 4.55173136743e-24, 5.8574933808e-24, 5.41992998604e-24, 6.64831302765e-24, 5.47118504007e-24, 4.83134903174e-24, 5.85563797995e-24, 6.52969792978e-24], "var": [7.24287990694e-12, 3.28339026974e-12, 1.16098302846e-11, 5.34442870048e-06, 3.32659510605e-06, 4.4985445129e-06, 2.18805965346e-07, 3.19749133837e-08, 3.43563648642e-08, 7.80547271262e-09, 1.68884262131e-09, 1.13784308364e-10, 8.16605741361e-11, 4.92018148446e-10, 3.20150260469e-11, 1.05843784258e-12, 8.14036016464e-15, 7.45092870865e-14, 7.55843235223e-11, 3.95270309539e-11, 4.84725037886e-11, 1.72451254665e-11, 3.92434522378e-12, 1.67523974022e-15, 1.12043815727e-14, 2.21199706501e-14, 1.21484154625e-15, 6.88600728426e-16, 3.83187710349e-15, 3.56072983979e-16, 5.53499924597e-18, 8.13485479459e-18, 4.25320471825e-18, 4.86007694159e-18, 5.21450315455e-18, 1.31682252473e-18, 5.51497609847e-18, 5.67942415374e-19, 1.52592010926e-19, 1.77386336197e-19]}, "mfcc": {"mean": [-891.806945801, 212.237457275, 38.7815170288, -16.3987808228, -42.742275238, -57.1661376953, -41.952419281, -17.8227386475, -20.0268001556, -36.3350524902, -38.5388374329, -10.2549800873, 6.5258769989], "cov": [[1618.36157227, 802.433227539, -356.040496826, 8.46090316772, 39.8523139954, -214.489685059, -198.501693726, 32.6169700623, 35.856628418, -53.5697669983, -103.290748596, 92.2785110474, 56.542339325], [802.433227539, 893.740661621, 306.961578369, -8.45945167542, -32.7113609314, -43.6163787842, -51.2793464661, -22.9308395386, 16.8028087616, -38.7406425476, -75.3934326172, -38.2240715027, 52.1128768921], [-356.040496826, 306.961578369, 702.158935547, 108.476501465, -68.5994491577, 117.8331604, 132.8072052, -12.3371858597, -34.2685165405, -32.5254631042, 36.2856712341, -16.5683917999, -61.4153213501], [8.46090316772, -8.45945167542, 108.476501465, 240.084884644, 139.937072754, 24.179151535, 12.6324853897, 8.75775814056, 13.782992363, 10.8045549393, 35.2952308655, 67.2885360718, -38.3726997375], [39.8523139954, -32.7113609314, -68.5994491577, 139.937072754, 290.730102539, 131.661499023, -83.3186950684, -71.9186859131, 53.2279510498, 113.374740601, -8.08393669128, -94.7408752441, 80.9509735107], [-214.489685059, -43.6163787842, 117.8331604, 24.179151535, 131.661499023, 233.231338501, 54.0237846375, -70.1319732666, -7.96022796631, 63.3575935364, 20.130821228, -102.360710144, 42.4910163879], [-198.501693726, -51.2793464661, 132.8072052, 12.6324853897, -83.3186950684, 54.0237846375, 219.302871704, 94.9787445068, -71.7827148438, -105.038047791, 60.2809257507, 136.617782593, -114.034805298], [32.6169700623, -22.9308395386, -12.3371858597, 8.75775814056, -71.9186859131, -70.1319732666, 94.9787445068, 158.718795776, 3.3503139019, -105.715316772, 22.1854782104, 153.685256958, -89.2831420898], [35.856628418, 16.8028087616, -34.2685165405, 13.782992363, 53.2279510498, -7.96022796631, -71.7827148438, 3.3503139019, 130.703903198, 93.9159088135, -46.3746910095, -75.0839309692, 59.9982261658], [-53.5697669983, -38.7406425476, -32.5254631042, 10.8045549393, 113.374740601, 63.3575935364, -105.038047791, -105.715316772, 93.9159088135, 238.676483154, 0.023001326248, -218.969360352, 102.780944824], [-103.290748596, -75.3934326172, 36.2856712341, 35.2952308655, -8.08393669128, 20.130821228, 60.2809257507, 22.1854782104, -46.3746910095, 0.023001326248, 152.893676758, 106.869567871, -107.693695068], [92.2785110474, -38.2240715027, -16.5683917999, 67.2885360718, -94.7408752441, -102.360710144, 136.617782593, 153.685256958, -75.0839309692, -218.969360352, 106.869567871, 451.723419189, -165.784606934], [56.542339325, 52.1128768921, -61.4153213501, -38.3726997375, 80.9509735107, 42.4910163879, -114.034805298, -89.2831420898, 59.9982261658, 102.780944824, -107.693695068, -165.784606934, 264.976135254]], "icov": [[0.0316865108907, -0.0442853160203, 0.0446081981063, -0.0415389835835, 0.0392575934529, -0.0372936502099, 0.0350329317153, -0.0303723886609, 0.0281011257321, -0.0235363617539, 0.0182293634862, -0.010799636133, 0.00852020643651], [-0.0442853160203, 0.0636443197727, -0.0638386532664, 0.0595693141222, -0.0566442981362, 0.0539515838027, -0.0489547140896, 0.0429159700871, -0.0395706705749, 0.0335639826953, -0.0251598227769, 0.0149674238637, -0.0121112717316], [0.0446081981063, -0.0638386532664, 0.0670669227839, -0.0635869503021, 0.0611246488988, -0.0573503449559, 0.0495716258883, -0.0425486192107, 0.0388100482523, -0.0325622297823, 0.0249489545822, -0.014083459042, 0.0120635619387], [-0.0415389835835, 0.0595693141222, -0.0635869503021, 0.0694366320968, -0.0660079047084, 0.0593388676643, -0.0511998608708, 0.0428105257452, -0.0382843501866, 0.0310678482056, -0.0241465047002, 0.0120585979894, -0.0101447543129], [0.0392575934529, -0.0566442981362, 0.0611246488988, -0.0660079047084, 0.07114392519, -0.064338684082, 0.0545611344278, -0.0437138527632, 0.0375796854496, -0.0332072637975, 0.0249070636928, -0.0139176528901, 0.0104923956096], [-0.0372936502099, 0.0539515838027, -0.0573503449559, 0.0593388676643, -0.064338684082, 0.0678283795714, -0.0571379326284, 0.0473730564117, -0.0392938479781, 0.0337935499847, -0.0272518582642, 0.0159981381148, -0.0124780852348], [0.0350329317153, -0.0489547140896, 0.0495716258883, -0.0511998608708, 0.0545611344278, -0.0571379326284, 0.0608525499701, -0.0487319342792, 0.0417671650648, -0.0323471017182, 0.0250444449484, -0.0153952408582, 0.0121259689331], [-0.0303723886609, 0.0429159700871, -0.0425486192107, 0.0428105257452, -0.0437138527632, 0.0473730564117, -0.0487319342792, 0.0544668622315, -0.0429452247918, 0.0346448346972, -0.0235837362707, 0.0118323275819, -0.00837939046323], [0.0281011257321, -0.0395706705749, 0.0388100482523, -0.0382843501866, 0.0375796854496, -0.0392938479781, 0.0417671650648, -0.0429452247918, 0.0503187403083, -0.0380253084004, 0.0277992486954, -0.0142345977947, 0.00931032281369], [-0.0235363617539, 0.0335639826953, -0.0325622297823, 0.0310678482056, -0.0332072637975, 0.0337935499847, -0.0323471017182, 0.0346448346972, -0.0380253084004, 0.0416960977018, -0.0281821601093, 0.0172719825059, -0.0103592742234], [0.0182293634862, -0.0251598227769, 0.0249489545822, -0.0241465047002, 0.0249070636928, -0.0272518582642, 0.0250444449484, -0.0235837362707, 0.0277992486954, -0.0281821601093, 0.0307459048927, -0.0140084587038, 0.011304997839], [-0.010799636133, 0.0149674238637, -0.014083459042, 0.0120585979894, -0.0139176528901, 0.0159981381148, -0.0153952408582, 0.0118323275819, -0.0142345977947, 0.0172719825059, -0.0140084587038, 0.0123632503673, -0.00454395543784], [0.00852020643651, -0.0121112717316, 0.0120635619387, -0.0101447543129, 0.0104923956096, -0.0124780852348, 0.0121259689331, -0.00837939046323, 0.00931032281369, -0.0103592742234, 0.011304997839, -0.00454395543784, 0.0105170989409]]}, "spectral_contrast_coeffs": {"dmean": [0.0396570302546, 0.023560134694, 0.0252464972436, 0.03549708426, 0.0277458038181, 0.0377994067967], "dmean2": [0.0706530883908, 0.031920786947, 0.0350803658366, 0.057298514992, 0.046868532896, 0.0700279995799], "dvar": [0.000886544759851, 0.000365731189959, 0.00040275946958, 0.000791358470451, 0.000492700724863, 0.00100267503876], "dvar2": [0.00274120038375, 0.000739860639442, 0.000807119067758, 0.00206262036227, 0.00139880855568, 0.00335042737424], "max": [-0.160125806928, -0.324348449707, -0.396515667439, -0.446675539017, -0.471580684185, -0.637221217155], "mean": [-0.35152515769, -0.537753582001, -0.60028475523, -0.725371658802, -0.724479854107, -0.836050748825], "median": [-0.338729411364, -0.533192336559, -0.596847653389, -0.727427482605, -0.718810796738, -0.835822820663], "min": [-0.980258822441, -0.97780662775, -0.979347407818, -0.973072052002, -0.966955780983, -0.966880023479], "var": [0.00662905024365, 0.00542261265218, 0.00527397589758, 0.00827439501882, 0.00719821965322, 0.00257328152657]}, "spectral_contrast_valleys": {"dmean": [0.544164001942, 0.208626642823, 0.235582783818, 0.318983286619, 0.240008503199, 0.632943153381], "dmean2": [0.972