{"lowlevel": {"average_loudness": 0.439211547375, "barkbands_crest": {"dmean": 2.54559922218, "dmean2": 3.92354488373, "dvar": 7.61766767502, "dvar2": 18.3602561951, "max": 26.3531684875, "mean": 12.9208755493, "median": 11.9897880554, "min": 2.29448103905, "var": 35.7176017761}, "barkbands_flatness_db": {"dmean": 0.0300703905523, "dmean2": 0.0443210415542, "dvar": 0.000890608411282, "dvar2": 0.00207197736017, "max": 0.64629971981, "mean": 0.190352752805, "median": 0.165895998478, "min": 0.0166557524353, "var": 0.0134231662378}, "barkbands_kurtosis": {"dmean": 6.55566596985, "dmean2": 10.0165128708, "dvar": 138.124786377, "dvar2": 311.100524902, "max": 358.340148926, "mean": 8.44840621948, "median": 2.21617746353, "min": -1.94609105587, "var": 340.815704346}, "barkbands_skewness": {"dmean": 1.01401078701, "dmean2": 1.48916447163, "dvar": 1.1326611042, "dvar2": 2.66860032082, "max": 17.124256134, "mean": 2.08940219879, "median": 1.70461344719, "min": -3.19309282303, "var": 3.91914248466}, "barkbands_spread": {"dmean": 14.8285341263, "dmean2": 23.1371116638, "dvar": 297.003723145, "dvar2": 685.375976562, "max": 125.278419495, "mean": 32.994140625, "median": 22.8797664642, "min": 0.278095275164, "var": 765.995056152}, "dissonance": {"dmean": 0.0167497433722, "dmean2": 0.0271542072296, "dvar": 0.000331503746565, "dvar2": 0.000846666516736, "max": 0.500000059605, "mean": 0.447694271803, "median": 0.472398787737, "min": 0.130404606462, "var": 0.00348931760527}, "dynamic_complexity": 4.22293329239, "erbbands_crest": {"dmean": 2.28589916229, "dmean2": 3.60938930511, "dvar": 4.78534460068, "dvar2": 10.6541223526, "max": 33.3405685425, "mean": 8.33095836639, "median": 7.01265764236, "min": 2.2346394062, "var": 19.1004543304}, "erbbands_flatness_db": {"dmean": 0.0155417341739, "dmean2": 0.0235017668456, "dvar": 0.000250553828664, "dvar2": 0.000533435144462, "max": 0.525916457176, "mean": 0.159373000264, "median": 0.109791889787, "min": 0.0415369234979, "var": 0.0110647166148}, "erbbands_kurtosis": {"dmean": 1.17583680153, "dmean2": 1.859359622, "dvar": 2.51789069176, "dvar2": 5.94551467896, "max": 48.1065750122, "mean": 0.330851793289, "median": -0.247913837433, "min": -1.89487230778, "var": 5.03061962128}, "erbbands_skewness": {"dmean": 0.462690532207, "dmean2": 0.690841495991, "dvar": 0.173160791397, "dvar2": 0.409273922443, "max": 5.77197217941, "mean": -0.295099407434, "median": -0.336215019226, "min": -5.95285511017, "var": 0.81652456522}, "erbbands_spread": {"dmean": 14.9889593124, "dmean2": 22.9997005463, "dvar": 282.55847168, "dvar2": 673.912719727, "max": 172.975692749, "mean": 53.9925003052, "median": 47.6774597168, "min": 2.08217048645, "var": 1078.3605957}, "hfc": {"dmean": 30.0022773743, "dmean2": 47.8194847107, "dvar": 2816.18457031, "dvar2": 6812.10595703, "max": 488.475799561, "mean": 32.3990631104, "median": 11.4180088043, "min": 1.1718191282e-16, "var": 3003.89038086}, "melbands_crest": {"dmean": 2.89721250534, "dmean2": 4.41858625412, "dvar": 11.2280015945, "dvar2": 27.5775356293, "max": 39.1557807922, "mean": 21.1858959198, "median": 20.2282848358, "min": 1.74192035198, "var": 81.1917419434}, "melbands_flatness_db": {"dmean": 0.039297811687, "dmean2": 0.0573660731316, "dvar": 0.00149855727796, "dvar2": 0.00349816563539, "max": 0.709114134312, "mean": 0.248068466783, "median": 0.234958618879, "min": 0.00621580239385, "var": 0.0166711490601}, "melbands_kurtosis": {"dmean": 27.5519351959, "dmean2": 41.7887916565, "dvar": 2842.26147461, "dvar2": 6507.15478516, "max": 878.599243164, "mean": 42.2789993286, "median": 14.1138505936, "min": -1.745449543, "var": 4918.14355469}, "melbands_skewness": {"dmean": 1.56245684624, "dmean2": 2.28382134438, "dvar": 3.8549284935, "dvar2": 8.91794109344, "max": 25.2659759521, "mean": 4.65896558762, "median": 3.42924404144, "min": -1.87756872177, "var": 13.8108606339}, "melbands_spread": {"dmean": 15.8697481155, "dmean2": 24.9389381409, "dvar": 556.993713379, "dvar2": 1303.4798584, "max": 249.907119751, "mean": 28.6923027039, "median": 16.0236282349, "min": 0.278403073549, "var": 1118.49584961}, "pitch_salience": {"dmean": 0.0806375294924, "dmean2": 0.124833717942, "dvar": 0.00779406260699, "dvar2": 0.0186983458698, "max": 0.905923247337, "mean": 0.428033530712, "median": 0.433997124434, "min": 0.031871471554, "var": 0.0320489034057}, "silence_rate_20dB": {"dmean": 0, "dmean2": 0, "dvar": 0, "dvar2": 0, "max": 1, "mean": 1, "median": 1, "min": 1, "var": 0}, "silence_rate_30dB": {"dmean": 0.0329698473215, "dmean2": 0.065943069756, "dvar": 0.0318873412907, "dvar2": 0.0744964629412, "max": 1, "mean": 0.965188920498, "median": 1, "min": 0, "var": 0.0336028151214}, "silence_rate_60dB": {"dmean": 0.0388061217964, "dmean2": 0.0776162222028, "dvar": 0.0373031720519, "dvar2": 0.0818238854408, "max": 1, "mean": 0.245776593685, "median": 0, "min": 0, "var": 0.185345828533}, "spectral_centroid": {"dmean": 460.53213501, "dmean2": 705.299377441, "dvar": 261916.765625, "dvar2": 610445.375, "max": 10920.6777344, "mean": 1858.10888672, "median": 1738.47119141, "min": 147.093963623, "var": 1175780.5}, "spectral_complexity": {"dmean": 6.04546165466, "dmean2": 9.20110607147, "dvar": 69.4760971069, "dvar2": 131.155792236, "max": 65, "mean": 12.4138422012, "median": 8, "min": 0, "var": 138.497787476}, "spectral_decrease": {"dmean": 2.18601092783e-09, "dmean2": 3.41476980026e-09, "dvar": 1.70618276699e-17, "dvar2": 4.02218094866e-17, "max": 1.58212271503e-18, "mean": -7.217559439e-09, "median": -3.03001090884e-09, "min": -7.8777212309e-08, "var": 7.10218001857e-17}, "spectral_energy": {"dmean": 0.0102117955685, "dmean2": 0.0159178301692, "dvar": 0.0003301067336, "dvar2": 0.000782502815127, "max": 0.300599247217, "mean": 0.0301793888211, "median": 0.0148011855781, "min": 1.07950293035e-20, "var": 0.00118280272}, "spectral_energyband_high": {"dmean": 0.0031653738115, "dmean2": 0.00503851100802, "dvar": 3.16129189741e-05, "dvar2": 7.58372771088e-05, "max": 0.0558876097202, "mean": 0.0032051934395, "median": 0.000952693284489, "min": 7.33833845882e-21, "var": 3.38212485076e-05}, "spectral_energyband_low": {"dmean": 0.00611684238538, "dmean2": 0.0097140269354, "dvar": 0.000185261465958, "dvar2": 0.000448065606179, "max": 0.281269192696, "mean": 0.0212345253676, "median": 0.00528762163594, "min": 8.52096437146e-23, "var": 0.000820445537101}, "spectral_energyband_middle_high": {"dmean": 0.00175873399712, "dmean2": 0.00278757861815, "dvar": 2.37654694502e-05, "dvar2": 5.92529249843e-05, "max": 0.0514550842345, "mean": 0.00205612182617, "median": 0.000829745898955, "min": 1.8862567458e-21, "var": 2.18117966142e-05}, "spectral_energyband_middle_low": {"dmean": 0.00191904837266, "dmean2": 0.00302372779697, "dvar": 1.52987140609e-05, "dvar2": 3.68219516531e-05, "max": 0.0767217501998, "mean": 0.00384868192486, "median": 0.00206415122375, "min": 2.8769825371e-22, "var": 3.16492805723e-05}, "spectral_entropy": {"dmean": 0.181777536869, "dmean2": 0.271604210138, "dvar": 0.0386071763933, "dvar2": 0.0857739150524, "max": 9.81362342834, "mean": 7.55852079391, "median": 8.1139125824, "min": 3.60949873924, "var": 1.2108849287}, "spectral_flux": {"dmean": 0.026491291821, "dmean2": 0.0416832230985, "dvar": 0.00140217051376, "dvar2": 0.00304233795032, "max": 0.363380372524, "mean": 0.06530752033, "median": 0.0523088797927, "min": 1.03899132353e-10, "var": 0.0034623448737}, "spectral_kurtosis": {"dmean": 3.8992357254, "dmean2": 6.61285257339, "dvar": 110.963142395, "dvar2": 319.659057617, "max": 441.693908691, "mean": 10.519616127, "median": 1.68657159805, "min": -1.24613416195, "var": 856.202575684}, "spectral_rms": {"dmean": 0.000801636429969, "dmean2": 0.00120198377408, "dvar": 1.26619693219e-06, "dvar2": 2.88365095003e-06, "max": 0.0171250570565, "mean": 0.00450039748102, "median": 0.0038000238128, "min": 3.24526364982e-12, "var": 9.18968999031e-06}, "spectral_rolloff": {"dmean": 1565.60266113, "dmean2": 2683.55395508, "dvar": 5555293, "dvar2": 12860090, "max": 20090.4785156, "mean": 2449.18164062, "median": 990.52734375, "min": 43.06640625, "var": 9826266}, "spectral_skewness": {"dmean": 0.346127182245, "dmean2": 0.569436311722, "dvar": 0.321374475956, "dvar2": 0.931388139725, "max": 16.2227344513, "mean": 1.65228950977, "median": 1.01579880714, "min": 0.0221625119448, "var": 2.89715957642}, "spectral_spread": {"dmean": 856162.6875, "dmean2": 1268814.625, "dvar": 901301862400, "dvar2": 1745590288380.0, "max": 41336920, "mean": 5957734.5, "median": 6314337, "min": 235696.890625, "var": 8715531452420.0}, "spectral_strongpeak": {"dmean": 0.167442828417, "dmean2": 0.283920228481, "dvar": 0.195756211877, "dvar2": 0.544165730476, "max": 13.7797784805, "mean": 0.415551006794, "median": 0.312060952187, "min": 0, "var": 0.209546551108}, "zerocrossingrate": {"dmean": 0.0235818624496, "dmean2": 0.0319106243551, "dvar": 0.000594265817199, "dvar2": 0.00112935842481, "max": 0.52734375, "mean": 0.0854509398341, "median": 0.06494140625, "min": 0.00146484375, "var": 0.00476003950462}, "barkbands": {"dmean": [0.000758909329306, 0.00526256579906, 0.00127570540644, 0.000806018419098, 0.000561067310628, 0.000502756854985, 0.000264583533863, 0.000123086938402, 0.000177631329279, 0.000106832027086, 0.000128520448925, 0.000112322421046, 0.000109327949758, 6.6776156018e-05, 0.000156485533807, 0.000204651412787, 0.000223413007916, 0.000280102394754, 0.00032876219484, 0.000582377775572, 0.000491888320539, 0.000402673089411, 0.000589641625993, 0.000876367557794, 0.000284200767055, 0.000218008295633, 0.000155328307301], "dmean2": [0.0012269099243, 0.0084538012743, 0.0021269179415, 0.00140252511483, 0.000869830546435, 0.000838764186483, 0.000377270625904, 0.000179603390279, 0.00026925856946, 0.000156104724738, 0.000199184287339, 0.000167336387676, 0.000167988036992, 0.000107140549517, 0.000256451603491, 0.000344667787431, 0.000363285798812, 0.000460120529169, 0.000542598660104, 0.000970113149378, 0.000767832796555, 0.000625359476544, 0.000984783866443, 0.00140995683614, 0.00045519755804, 0.000367116736015, 0.00025361412554], "dvar": [4.53884877061e-06, 0.000159404458827, 1.62850319612e-05, 7.04913418303e-06, 2.01421084967e-06, 1.31068918563e-06, 3.59194928023e-07, 6.27099083772e-08, 1.98373967919e-07, 4.2497024566e-08, 1.05701985831e-07, 7.80604096917e-08, 5.85057762237e-08, 2.46362183987e-08, 1.48389176502e-07, 3.44885904724e-07, 3.66551461184e-07, 6.7714557872e-07, 1.26790030208e-06, 3.33129605679e-06, 1.47479534007e-06, 8.85584711341e-07, 1.68855967786e-06, 1.77947674729e-06, 2.37659477875e-07, 1.40221885658e-07, 6.63232810894e-08], "dvar2": [1.1541135791e-05, 0.00039694699808, 4.34488392784e-05, 1.92357001652e-05, 4.51208097729e-06, 3.45235957866e-06, 6.87820545409e-07, 1.39616986417e-07, 4.55204826721e-07, 9.70326041738e-08, 2.78522264807e-07, 1.6632623101e-07, 1.39359755735e-07, 5.59582851167e-08, 3.76046614292e-07, 9.11659356007e-07, 8.9715985041e-07, 1.61481909799e-06, 3.37715187015e-06, 8.77654474607e-06, 3.42482076121e-06, 2.15024692807e-06, 4.44344868811e-06, 4.27993427365e-06, 5.94085406647e-07, 3.50980002395e-07, 1.57394282496e-07], "max": [0.041593760252, 0.265248000622, 0.0530330911279, 0.0506161488593, 0.038785815239, 0.0292638223618, 0.0221895687282, 0.00553679838777, 0.00947484746575, 0.00576141569763, 0.0088591966778, 0.00492157135159, 0.00572562171146, 0.00356957572512, 0.00601853523403, 0.00996499508619, 0.00931595824659, 0.0111216753721, 0.0136445388198, 0.022150080651, 0.0156240295619, 0.0101260263473, 0.0129020372406, 0.0111721716821, 0.00424332497641, 0.00274505466223, 0.00147871451918], "mean": [0.00347930239514, 0.0161499921232, 0.00147448654752, 0.00098564394284, 0.00116835092194, 0.000655051495414, 0.000530395831447, 0.000213282735785, 0.000246539711952, 0.000167194055393, 0.000161686737556, 0.000142554563354, 0.00015057514247, 7.14668858564e-05, 0.000168893951923, 0.000180453105713, 0.000225487514399, 0.000256370578427, 0.000301488500554, 0.00050289061619, 0.000487509765662, 0.000423486664658, 0.000521757872775, 0.000894509721547, 0.000291693926556, 0.000191149985767, 0.000137115290272], "median": [7.25580030121e-05, 0.00194065482356, 8.61171283759e-05, 8.88027861947e-05, 0.000464224634925, 0.000267310417257, 0.000152444117703, 6.19711499894e-05, 6.83246471453e-05, 6.93876791047e-05, 5.27009142388e-05, 2.98249651678e-05, 5.29318385816e-05, 2.03841937036e-05, 4.93915867992e-05, 3.64791776519e-05, 5.81632011745e-05, 4.39533978351e-05, 6.0096004745e-05, 8.71977972565e-05, 8.94815093488e-05, 0.000119510987133, 0.000112429996079, 0.000266154063866, 8.56598926475e-05, 4.13616144215e-05, 1.26293070934e-05], "min": [4.30716949845e-23, 5.16792750212e-23, 2.12757994949e-23, 7.58488675686e-25, 2.23618463912e-23, 1.08885940633e-22, 5.22357438146e-23, 6.08791476027e-23, 3.96601713366e-23, 5.01987282525e-23, 6.2627692509e-23, 5.60527009471e-23, 2.53712712274e-22, 5.4431806357e-23, 1.06463771623e-22, 3.76422891224e-22, 2.54377627354e-22, 2.16049412946e-22, 2.97751194163e-22, 3.19394912074e-22, 3.78119585881e-22, 4.9475745437e-22, 7.42960560134e-22, 7.68668186505e-22, 1.22935578599e-21, 1.5021255602e-21, 2.41254152481e-21], "var": [4.34431785834e-05, 0.00060094188666, 1.51376589201e-05, 7.26040570953e-06, 5.66993230677e-06, 1.55831060056e-06, 1.66008078395e-06, 1.70469490968e-07, 3.10702205297e-07, 7.6225440182e-08, 1.02156427317e-07, 1.12615346382e-07, 9.12644964046e-08, 3.10479748578e-08, 1.42261626479e-07, 2.70727980478e-07, 3.49090782947e-07, 6.3752065671e-07, 1.00943793768e-06, 2.54914630204e-06, 1.52339350734e-06, 9.14079123504e-07, 1.37325093874e-06, 1.99573469217e-06, 2.4951768296e-07, 1.26790027366e-07, 7.01760285438e-08]}, "erbbands": {"dmean": [0.211637988687, 1.04011070728, 1.24795162678, 2.53576588631, 1.78885829449, 1.89758837223, 3.2071955204, 4.27072620392, 4.703166008, 2.57515954971, 2.71441984177, 4.78926706314, 2.56049609184, 4.24741744995, 5.16369247437, 4.73791646957, 5.26724672318, 2.9779522419, 6.01185750961, 9.75230979919, 12.1549806595, 11.9068994522, 14.339641571, 13.2256212234, 22.9425621033, 25.9021663666, 25.6969814301, 16.5710201263, 14.9173307419, 11.0212640762, 18.8051433563, 15.5091753006, 16.1114635468, 4.80065488815, 1.57864677906, 1.15552055836, 0.316955447197, 0.108035191894, 0.0240487195551, 0.00162414391525], "dmean2": [0.33345079422, 1.69631230831, 2.09117698669, 4.32420349121, 2.97925376892, 2.91490936279, 5.17769241333, 7.27686834335, 6.79741477966, 3.82064843178, 3.96418786049, 7.23681640625, 3.89532613754, 6.51145219803, 7.59970426559, 7.03277873993, 8.02955150604, 4.64779663086, 9.81065177917, 15.9388427734, 20.5348701477, 19.2686271667, 23.7128639221, 21.0569648743, 39.1308174133, 42.7668228149, 41.314037323, 25.3805370331, 23.3335399628, 17.2687511444, 32.0997238159, 25.3709774017, 25.8933696747, 7.67364692688, 2.54397249222, 1.93465685844, 0.532752394676, 0.175702869892, 0.0400360040367, 0.00261631677859], "dvar": [0.264077067375, 6.8710770607, 12.310965538, 67.7970123291, 24.7565555573, 26.8537158966, 64.1065597534, 102.071868896, 97.2518463135, 30.8188457489, 32.7947883606, 155.597091675, 31.2348937988, 109.45664978, 138.230499268, 104.455039978, 135.531799316, 49.095451355, 246.020965576, 591.444824219, 1213.88964844, 1005.86175537, 1699.07434082, 1356.47436523, 7811.97265625, 6300.375, 5009.27246094, 1279.66967773, 1254.24719238, 604.38079834, 1916.55273438, 693.849182129, 583.405273438, 59.488697052, 8.53311157227, 4.16203212738, 0.283850163221, 0.0312513560057, 0.00163427519146, 7.1582394412e-06], "dvar2": [0.652077794075, 17.4155273438, 32.0395889282, 178.858673096, 63.7447776794, 58.9175453186, 154.536193848, 273.870941162, 190.029205322, 72.4087677002, 72.207901001, 358.59765625, 76.2033462524, 286.815826416, 310.140289307, 231.49710083, 320.950897217, 104.990394592, 616.656677246, 1473.68103027, 3193.84350586, 2378.58569336, 4181.72705078, 3078.25708008, 21586.9511719, 16475.2265625, 12264.734375, 2868.20214844, 3042.65283203, 1472.97741699, 5178.4296875, 1737.61279297, 1390.97631836, 145.393661499, 21.1822719574, 10.481637001, 0.708301126957, 0.0749441534281, 0.00404453882948, 1.623854223e-05], "max": [9.58547019958, 52.1622047424, 46.377872467, 113.200172424, 104.336235046, 147.07875061, 221.278289795, 227.903259277, 335.94744873, 194.088272095, 145.227050781, 269.657165527, 137.41242981, 259.739013672, 382.452606201, 165.583312988, 286.872894287, 187.416854858, 339.683837891, 413.593780518, 636.500488281, 488.051025391, 578.851196289, 423.929962158, 1099.39331055, 981.532226562, 881.48840332, 458.871765137, 396.689758301, 276.409362793, 432.35736084, 237.382202148, 187.377593994, 73.3582992554, 24.5158405304, 19.1850719452, 3.16799736023, 1.06305968761, 0.235225632787, 0.0158308986574], "mean": [0.804901242256, 2.2993247509, 1.79884195328, 2.8570933342, 3.10805463791, 4.16843318939, 4.99231624603, 5.19875383377, 9.19461536407, 4.71436882019, 4.80015707016, 6.76674747467, 3.64962983131, 6.08677339554, 7.19976139069, 6.81261444092, 7.46361494064, 3.62673568726, 6.53320741653, 10.2700958252, 10.6530351639, 12.0206403732, 13.4148721695, 13.1670351028, 19.621295929, 22.8481903076, 23.3234806061, 17.4340820312, 15.5194692612, 11.4327754974, 15.8269891739, 15.1502504349, 16.5321655273, 5.0469994545, 1.54490733147, 1.05150306225, 0.269755721092, 0.0966538190842, 0.0200863480568, 0.00148222513963], "median": [0.0799368023872, 0.266379058361, 0.316453397274, 0.336868554354, 0.823564708233, 1.49543523788, 1.96976411343, 1.97369611263, 2.64823961258, 2.02395987511, 1.64929366112, 1.98206806183, 1.63305020332, 2.33364629745, 2.57973098755, 2.15786027908, 2.81105732918, 1.26836776733, 1.94252252579, 2.69003605843, 2.32700777054, 2.82570075989, 2.85146808624, 2.67786169052, 3.56819152832, 4.16226291656, 3.96904802322, 3.87155866623, 4.15875577927, 2.88144826889, 3.09244298935, 4.25975322723, 4.65477466583, 1.58510804176, 0.378749191761, 0.245335310698, 0.0544502586126, 0.0123541746289, 0.00207130145282, 0.00013976979244], "min": [1.36611998266e-21, 1.25311150037e-20, 2.35504443469e-20, 1.4426550102e-20, 5.99853972272e-21, 6.15146756574e-20, 5.76744185778e-19, 9.74388155905e-19, 7.07337186141e-19, 1.17716982871e-18, 1.26661938239e-18, 7.11511604802e-19, 7.36333071936e-19, 2.36011503246e-18, 2.69573281265e-18, 4.40469953872e-18, 1.07967253145e-17, 3.22677676885e-18, 4.34614921342e-18, 8.65985640321e-18, 2.33741785819e-17, 1.39550812186e-17, 9.93241173708e-18, 1.15495026853e-17, 1.79579372429e-17, 1.53042409218e-17, 1.40185706393e-17, 1.63518105737e-17, 2.00381409735e-17, 1.77496697083e-17, 2.12131444162e-17, 1.32806535682e-17, 1.62877636332e-17, 1.02292306106e-17, 9.24584024813e-18, 5.91519378938e-18, 2.73121720657e-18, 1.18286424345e-18, 2.89612631163e-19, 3.84296124936e-20], "var": [1.48966765404, 16.1456127167, 14.1834945679, 61.7765769958, 42.1992073059, 85.426940918, 106.425697327, 111.221290588, 441.006591797, 70.3383865356, 88.9143753052, 235.423233032, 39.7888679504, 127.054138184, 185.906143188, 177.243362427, 215.502029419, 71.9094085693, 242.532913208, 591.253845215, 949.12298584, 1003.98016357, 1549.82385254, 1420.93981934, 5495.35791016, 4951.12060547, 4525.875, 1476.93432617, 1266.37670898, 629.34942627, 1434.40966797, 682.758361816, 667.631530762, 66.7777404785, 8.34170913696, 3.80951356888, 0.25571373105, 0.0328760407865, 0.00156082923058, 7.84698750067e-06]}, "gfcc": {"mean": [-59.0159416199, 59.3023071289, -100.999229431, 25.8504810333, -54.9281768799, 4.13077926636, -33.7792701721, -0.0164248328656, -20.146938324, -2.7378513813, -6.72992610931, 1.13787341118, -2.35893559456], "cov": [[24351.3515625, -8493.28125, 4738.72460938, 4060.14306641, -409.708190918, 2770.72241211, 734.222106934, 2462.14941406, 838.723632812, 1544.42138672, 234.567703247, 548.938232422, -251.658035278], [-8493.28125, 5751.51513672, -2512.42163086, -1901.17236328, 467.282287598, -1443.55578613, -133.788711548, -1218.46252441, -284.814941406, -794.807678223, -68.3416748047, -348.844055176, 168.861968994], [4738.72460938, -2512.42163086, 3270.72998047, 1458.3449707, 503.708648682, 1264.3515625, 579.343444824, 1057.29138184, 395.389160156, 566.084228516, 100.056556702, 113.189437866, -106.726898193], [4060.14306641, -1901.17236328, 1458.3449707, 1438.31115723, 161.058990479, 883.235534668, 360.119049072, 696.587646484, 313.188903809, 401.923797607, 81.6941146851, 100.6901474, -36.9714508057], [-409.708190918, 467.282287598, 503.708648682, 161.058990479, 641.247009277, 168.563049316, 310.774200439, 153.902236938, 194.116027832, 53.9556083679, 70.1485595703, -16.6260318756, 26.6711673737], [2770.72241211, -1443.55578613, 1264.3515625, 883.235534668, 168.563049316, 844.434692383, 307.45614624, 594.679199219, 250.066864014, 349.234405518, 77.5117111206, 90.6344451904, -28.5412502289], [734.222106934, -133.788711548, 579.343444824, 360.119049072, 310.774200439, 307.45614624, 395.673095703, 300.197631836, 221.742202759, 149.374435425, 87.3432159424, 15.5908098221, 15.3369874954], [2462.14941406, -1218.46252441, 1057.29138184, 696.587646484, 153.902236938, 594.679199219, 300.197631836, 602.977355957, 285.868927002, 328.878295898, 105.845443726, 93.5458221436, -17.3438339233], [838.723632812, -284.814941406, 395.389160156, 313.188903809, 194.116027832, 250.066864014, 221.742202759, 285.868927002, 288.417175293, 205.272659302, 134.35269165, 55.2854652405, 29.7474555969], [1544.42138672, -794.807678223, 566.084228516, 401.923797607, 53.9556083679, 349.234405518, 149.374435425, 328.878295898, 205.272659302, 324.013793945, 145.921920776, 127.163642883, 13.1140317917], [234.567703247, -68.3416748047, 100.056556702, 81.6941146851, 70.1485595703, 77.5117111206, 87.3432159424, 105.845443726, 134.35269165, 145.921920776, 198.618225098, 108.367835999, 71.9153137207], [548.938232422, -348.844055176, 113.189437866, 100.6901474, -16.6260318756, 90.6344451904, 15.5908098221, 93.5458221436, 55.2854652405, 127.163642883, 108.367835999, 162.890686035, 67.5842895508], [-251.658035278, 168.861968994, -106.726898193, -36.9714508057, 26.6711673737, -28.5412502289, 15.3369874954, -17.3438339233, 29.7474555969, 13.1140317917, 71.9153137207, 67.5842895508, 125.648735046]], "icov": [[0.000107782994746, 6.24987878837e-05, -5.14926023243e-06, -0.000164030148881, 8.53366655065e-05, 5.89314149693e-05, -1.43374772961e-05, -0.000154834022396, 2.77318958979e-05, -8.03312141215e-05, 5.42389716429e-05, -6.64626422804e-05, 6.14168384345e-05], [6.24987878837e-05, 0.000805017072707, 0.000193131272681, 0.000318494159728, -0.000587267277297, 0.00021391257178, -0.000602450512815, 0.0007364146295, -0.000164823519299, 0.000258674874203, -0.000450955209089, 0.00106260110624, -0.000651930458844], [-5.14926023243e-06, 0.000193131272681, 0.00108313083183, -8.03316943347e-05, -0.000836995895952, -0.000450156105217, -0.000119879099657, -0.00103206199128, 0.00111677998211, -0.000387237814721, -0.000146869264427, 0.000435123773059, 0.000200134556508], [-0.000164030148881, 0.000318494159728, -8.03316943347e-05, 0.00261707091704, -0.000137043360155, -0.00148438301403, -0.00052476557903, 0.000298657512758, -0.000759492511861, 0.000219614579692, 0.000222530361498, 0.000510401965585, -0.00050256063696], [8.53366655065e-05, -0.000587267277297, -0.000836995895952, -0.000137043360155, 0.00392380356789, -0.000335122778779, -0.00171151291579, 0.000836829014588, -0.00213407934643, 0.00103848450817, 0.000363096856745, -0.00110609980766, 0.000408277759561], [5.89314149693e-05, 0.00021391257178, -0.000450156105217, -0.00148438301403, -0.000335122778779, 0.00598459504545, -0.000618690683041, -0.00265143997967, 0.00144791277125, -0.00199542450719, 0.000739324023016, 0.000580168911256, -0.000718262104783], [-1.43374772961e-05, -0.000602450512815, -0.000119879099657, -0.00052476557903, -0.00171151291579, -0.000618690683041, 0.00767957651988, -0.00274283904582, -0.00157967291307, 0.000692739617079, -0.000758220616262, 0.000780000642408, -0.000252428959357], [-0.000154834022396, 0.0007364146295, -0.00103206199128, 0.000298657512758, 0.000836829014588, -0.00265143997967, -0.00274283904582, 0.0122048007324, -0.00560674164444, -0.00116628000978, 0.00117131823208, -0.00063213868998, 0.000269748474238], [2.77318958979e-05, -0.000164823519299, 0.00111677998211, -0.000759492511861, -0.00213407934643, 0.00144791277125, -0.00157967291307, -0.00560674164444, 0.0144474636763, -0.00517749367282, -0.00412899302319, 0.0041132317856, -0.00152630696539], [-8.03312141215e-05, 0.000258674874203, -0.000387237814721, 0.000219614579692, 0.00103848450817, -0.00199542450719, 0.000692739617079, -0.00116628000978, -0.00517749367282, 0.0146356802434, -0.00462433090433, -0.00525857834145, 0.00348140881397], [5.42389716429e-05, -0.000450955209089, -0.000146869264427, 0.000222530361498, 0.000363096856745, 0.000739324023016, -0.000758220616262, 0.00117131823208, -0.00412899302319, -0.00462433090433, 0.0142816575244, -0.00550667149946, -0.00275150034577], [-6.64626422804e-05, 0.00106260110624, 0.000435123773059, 0.000510401965585, -0.00110609980766, 0.000580168911256, 0.000780000642408, -0.00063213868998, 0.0041132317856, -0.00525857834145, -0.00550667149946, 0.0173403415829, -0.00745756505057], [6.14168384345e-05, -0.000651930458844, 0.000200134556508, -0.00050256063696, 0.000408277759561, -0.000718262104783, -0.000252428959357, 0.000269748474238, -0.00152630696539, 0.00348140881397, -0.00275150034577, -0.00745756505057, 0.0143823167309]]}, "melbands": {"dmean": [0.00164080807008, 0.000827555835713, 0.000406165898312, 0.000119931064546, 0.000106359693746, 9.60064353421e-05, 6.84437327436e-05, 2.72419893008e-05, 2.52070367424e-05, 2.7026530006e-05, 1.24220632642e-05, 1.70911553141e-05, 1.79434900929e-05, 1.30048783831e-05, 1.350065304e-05, 7.86334840086e-06, 5.76382763029e-06, 9.02656120161e-06, 1.15590601126e-05, 1.41266364153e-05, 1.47026830746e-05, 1.26283903228e-05, 1.2345981304e-05, 1.37591259772e-05, 9.99168150884e-06, 1.4105831724e-05, 2.0392197257e-05, 1.62544092746e-05, 1.7291851691e-05, 1.1759932022e-05, 9.39183246373e-06, 9.20120146475e-06, 6.67134509058e-06, 5.47878880752e-06, 1.05005583464e-05, 1.09554584924e-05, 9.87429393717e-06, 1.28117362692e-05, 7.19876607036e-06, 3.38156837643e-06], "dmean2": [0.00259614665993, 0.00135386595502, 0.000688445637934, 0.000187537400052, 0.000169284190633, 0.000162042255397, 9.79819669737e-05, 4.05768805649e-05, 3.68829751096e-05, 4.10757893405e-05, 1.90406990441e-05, 2.61312052316e-05, 2.70812415692e-05, 1.90565297089e-05, 2.06054683076e-05, 1.21501589092e-05, 9.00802751858e-06, 1.47952368934e-05, 1.9062686988e-05, 2.3489630621e-05, 2.49807126238e-05, 2.04936659429e-05, 2.00184749701e-05, 2.29520373978e-05, 1.60006511578e-05, 2.36060095631e-05, 3.54661460733e-05, 2.64142927335e-05, 2.8209784432e-05, 1.83024367288e-05, 1.46517631947e-05, 1.44950108734e-05, 1.05642866401e-05, 8.54489553603e-06, 1.82632811629e-05, 1.80850729521e-05, 1.6301202777e-05, 2.07722896448e-05, 1.15058446681e-05, 5.47251238459e-06], "dvar": [1.53007986228e-05, 4.01275292461e-06, 1.67468624568e-06, 9.81887495755e-08, 7.41496748446e-08, 4.93043579297e-08, 2.11044142162e-08, 3.36785799249e-09, 2.83775980492e-09, 4.94455232314e-09, 7.75497110972e-10, 1.70054159643e-09, 1.63290458932e-09, 9.49192169308e-10, 8.1130679952e-10, 3.08901987323e-10, 1.98583344213e-10, 5.32793198449e-10, 9.25718279809e-10, 1.49877188438e-09, 1.83926196495e-09, 1.22998022878e-09, 1.03655817263e-09, 1.84423787353e-09, 7.36648131383e-10, 2.54251908416e-09, 6.58261889441e-09, 2.09261097339e-09, 2.18034390542e-09, 9.42256161984e-10, 3.87369442079e-10, 4.68894589822e-10, 2.79951339888e-10, 1.34814978625e-10, 6.67548405442e-10, 5.54772339179e-10, 2.54175847036e-10, 3.83266668402e-10, 1.10224655792e-10, 3.86059309521e-11], "dvar2": [3.77464930352e-05, 1.01409432318e-05, 4.40342091679e-06, 2.31153606478e-07, 1.7046802725e-07, 1.30694232325e-07, 4.04185342973e-08, 7.95698884559e-09, 6.37968922135e-09, 1.13758851228e-08, 1.9197659018e-09, 4.38264624592e-09, 3.93420318545e-09, 1.98319782818e-09, 1.96809613051e-09, 7.55168094724e-10, 3.99788480099e-10, 1.33921507217e-09, 2.36549335675e-09, 3.90324483845e-09, 4.8503250305e-09, 2.98952751443e-09, 2.468445226e-09, 4.67010785599e-09, 1.63907165618e-09, 6.85369050402e-09, 1.84552941818e-08, 5.27216359458e-09, 5.45630829407e-09, 2.16158912991e-09, 9.04646912936e-10, 1.14169684817e-09, 6.97379043402e-10, 3.23857551887e-10, 1.83632087314e-09, 1.43092326876e-09, 6.33414543039e-10, 9.30282129108e-10, 2.53344761836e-10, 9.86942472192e-11], "max": [0.0802588015795, 0.031416207552, 0.017819615081, 0.0104685612023, 0.0080495281145, 0.00516600301489, 0.0051169898361, 0.00179201073479, 0.00114990235306, 0.00150890625082, 0.000703240628354, 0.000971061177552, 0.000956250587478, 0.00075913866749, 0.000528479344212, 0.000366110791219, 0.00042371021118, 0.000487491139211, 0.000530557241291, 0.000579890795052, 0.000785890442785, 0.000593083619606, 0.000529364217073, 0.000660821446218, 0.000305037014186, 0.000614587042946, 0.00102421955671, 0.000538845080882, 0.000563470472116, 0.000433615321526, 0.000219765104703, 0.000237714179093, 0.000220478032134, 0.000142220873386, 0.000257411098573, 0.000228265053011, 0.000156874273671, 0.000158820257639, 9.46903892327e-05, 5.62319801247e-05], "mean": [0.00582411093637, 0.00159024517052, 0.000504042487592, 0.000263077410636, 0.000180954302778, 0.00011944801372, 0.000135176771437, 4.81389542983e-05, 4.29890169471e-05, 3.73345792468e-05, 1.69923841895e-05, 2.42952046392e-05, 2.34267954511e-05, 1.81594969035e-05, 1.88529356819e-05, 1.07507257781e-05, 6.58847420709e-06, 9.61619480222e-06, 1.19449105114e-05, 1.39364346978e-05, 1.24734469864e-05, 1.23292802527e-05, 1.2496522686e-05, 1.20775921459e-05, 1.00510769698e-05, 1.2479785255e-05, 1.64684897754e-05, 1.47194577949e-05, 1.51638496391e-05, 1.19028181871e-05, 9.64217360888e-06, 9.45829015109e-06, 6.92599223839e-06, 5.7267907323e-06, 8.51035929372e-06, 9.83019617706e-06, 9.67717460298e-06, 1.29238596855e-05, 7.55275823394e-06, 3.44013710674e-06], "median": [0.000711014610715, 0.000360952108167, 6.81575911585e-05, 8.69168943609e-05, 7.64918950154e-05, 4.49889557785e-05, 3.85639250453e-05, 2.06941695069e-05, 1.50878067871e-05, 1.06223196781e-05, 7.08945754013e-06, 8.32045225252e-06, 7.64964352129e-06, 4.60117735201e-06, 7.79341553425e-06, 3.95870210923e-06, 1.84237205758e-06, 2.77343133348e-06, 3.32943318426e-06, 3.21678430737e-06, 2.41985617322e-06, 2.65271182798e-06, 3.22493042404e-06, 2.00356271307e-06, 2.03691615752e-06, 2.31016656471e-06, 2.45209912464e-06, 2.75518459603e-06, 2.533361112e-06, 2.14953342947e-06, 2.11198539546e-06, 2.38496386373e-06, 1.68913072685e-06, 1.38833888741e-06, 1.48342132889e-06, 2.15495583689e-06, 2.71742601399e-06, 3.63568324246e-06, 2.08218466469e-06, 9.01438056644e-07], "min": [1.57457977746e-23, 1.43580194706e-23, 2.40395243725e-24, 1.12311655494e-24, 1.66814562279e-23, 2.13259884034e-23, 1.02264172775e-23, 1.24341896712e-23, 1.06353422604e-23, 4.33291318524e-24, 3.70250682574e-24, 9.20426022589e-24, 9.32641770364e-24, 3.74334063278e-24, 3.0373634496e-23, 1.48125721682e-23, 5.13208450249e-24, 5.95818910877e-24, 8.7632459591e-24, 1.99512767914e-23, 2.84863510446e-23, 1.60445425548e-23, 7.69369651089e-24, 1.07575991346e-23, 8.47423572242e-24, 1.38171527682e-23, 1.14867101371e-23, 9.67744818469e-24, 9.13693252535e-24, 9.19651992268e-24, 8.721680878e-24, 1.12354879155e-23, 9.92272555051e-24, 1.04660109005e-23, 1.35957810432e-23, 8.32274760735e-24, 8.57146992874e-24, 1.11476119661e-23, 1.21182958437e-23, 7.21104695438e-24], "var": [7.24405690562e-05, 7.17102875569e-06, 1.6611107867e-06, 2.81184895812e-07, 1.46908348597e-07, 5.90633035813e-08, 9.85851116297e-08, 6.95098290038e-09, 6.52418519209e-09, 7.30106330948e-09, 9.53001455528e-10, 2.16941864473e-09, 1.92482185746e-09, 1.50091605811e-09, 1.1411608325e-09, 4.35693509049e-10, 3.13336939728e-10, 5.26123367095e-10, 8.24385004705e-10, 1.29424648776e-09, 1.41966605138e-09, 1.17189691284e-09, 1.03289454767e-09, 1.56896129422e-09, 7.96175014806e-10, 1.93031257645e-09, 4.3139603001e-09, 1.78108305882e-09, 1.90296622904e-09, 9.66117186252e-10, 4.31047308957e-10, 4.64230431874e-10, 2.76713152392e-10, 1.45083986491e-10, 4.71158778659e-10, 4.66809924049e-10, 2.56406812449e-10, 4.22592877358e-10, 1.33457259133e-10, 3.88384290007e-11]}, "mfcc": {"mean": [-701.089660645, 84.4981307983, 13.8350372314, 16.7643032074, 3.46003198624, -0.412815272808, -2.22227787971, -2.51263022423, -4.8244843483, -4.73773431778, -8.17141723633, 1.84429895878, -1.30415022373], "cov": [[15089.2587891, -4616.82470703, 3001.84326172, 2146.38305664, 1074.63635254, 1100.54833984, 1333.19287109, 1272.8503418, 1416.25024414, 1476.77294922, 1057.11523438, 1363.17370605, 753.097167969], [-4616.82470703, 2967.4284668, -1387.55700684, -737.656005859, -322.694793701, -406.470245361, -454.140991211, -424.786865234, -473.71673584, -490.541442871, -334.997070312, -470.781494141, -230.670684814], [3001.84326172, -1387.55700684, 2125.49609375, 789.499694824, 644.716064453, 585.979064941, 708.927612305, 578.803161621, 632.655334473, 627.847167969, 436.449951172, 485.335632324, 205.771530151], [2146.38305664, -737.656005859, 789.499694824, 752.008605957, 391.845184326, 374.084320068, 400.79119873, 369.757324219, 404.630401611, 385.768249512, 306.920410156, 321.471466064, 190.066009521], [1074.63635254, -322.694793701, 644.716064453, 391.845184326, 483.332977295, 297.449371338, 332.443664551, 285.572021484, 299.960571289, 299.873779297, 235.011856079, 227.048477173, 124.083587646], [1100.54833984, -406.470245361, 585.979064941, 374.084320068, 297.449371338, 390.647338867, 314.455627441, 270.354705811, 279.862731934, 265.901245117, 212.789825439, 200.853622437, 116.293144226], [1333.19287109, -454.140991211, 708.927612305, 400.79119873, 332.443664551, 314.455627441, 437.942199707, 329.980102539, 339.656005859, 318.516723633, 235.93838501, 246.982025146, 126.222328186], [1272.8503418, -424.786865234, 578.803161621, 369.757324219, 285.572021484, 270.354705811, 329.980102539, 358.645080566, 329.24395752, 299.103759766, 234.408126831, 219.789016724, 123.757049561], [1416.25024414, -473.71673584, 632.655334473, 404.630401611, 299.960571289, 279.862731934, 339.656005859, 329.24395752, 399.906555176, 358.047607422, 260.134460449, 254.503585815, 141.77255249], [1476.77294922, -490.541442871, 627.847167969, 385.768249512, 299.873779297, 265.901245117, 318.516723633, 299.103759766, 358.047607422, 397.414550781, 296.049468994, 272.227142334, 155.400726318], [1057.11523438, -334.997070312, 436.449951172, 306.920410156, 235.011856079, 212.789825439, 235.93838501, 234.408126831, 260.134460449, 296.049468994, 299.929748535, 264.876159668, 160.347381592], [1363.17370605, -470.781494141, 485.335632324, 321.471466064, 227.048477173, 200.853622437, 246.982025146, 219.789016724, 254.503585815, 272.227142334, 264.876159668, 334.579101562, 213.204788208], [753.097167969, -230.670684814, 205.771530151, 190.066009521, 124.083587646, 116.293144226, 126.222328186, 123.757049561, 141.77255249, 155.400726318, 160.347381592, 213.204788208, 210.492523193]], "icov": [[0.000189884725842, 0.000174082219019, 4.73511863675e-05, -0.000248377560638, 7.586178981e-05, 4.52594213129e-05, 4.56859015685e-05, -0.000205282500247, 0.000178726084414, -0.000503305287566, 0.000479518814245, -0.000526612391695, 0.000132274915813], [0.000174082219019, 0.000767952296883, 0.000338180165272, 0.000132274857606, -0.000362394552212, 0.000165092977113, -0.000339702877682, 0.000135630631121, -0.000180363073014, 0.000163578777574, -0.000412672496168, 0.000514886225574, -0.000191359140445], [4.73511863675e-05, 0.000338180165272, 0.00146550801583, -6.88046784489e-05, -0.000512273749337, -0.000373907911126, -0.000881565560121, -8.27179683256e-05, 0.000131605163915, -0.0010425853543, 0.000995550537482, -0.00123282172717, 0.00108789501246], [-0.000248377560638, 0.000132274857606, -6.88046784489e-05, 0.00421651545912, -0.000918198202271, -0.00110793951899, -0.000240958281211, -0.000129786683829, -0.00164947391022, 0.0010209355969, -0.00100729649421, 0.000428008846939, -0.000641251332127], [7.586178981e-05, -0.000362394552212, -0.000512273749337, -0.000918198202271, 0.00562860816717, -0.00117628998123, -0.00108900771011, -0.000728969695047, 0.00070783944102, -0.00145388382953, 8.26345858513e-05, -0.000552273879293, 0.000167858393979], [4.52594213129e-05, 0.000165092977113, -0.000373907911126, -0.00110793951899, -0.00117628998123, 0.00774605153129, -0.00264569860883, -0.000466780678835, -0.0007015162264, 0.00113981135655, -0.00228084251285, 0.0023107980378, -0.00131235050503], [4.56859015685e-05, -0.000339702877682, -0.000881565560121, -0.000240958281211, -0.00108900771011, -0.00264569860883, 0.0118557261303, -0.00502797728404, -0.000895229517482, -0.00183078728151, 0.00350302737206, -0.00412771804258, 0.0019611204043], [-0.000205282500247, 0.000135630631121, -8.27179683256e-05, -0.000129786683829, -0.000728969695047, -0.000466780678835, -0.00502797728404, 0.0159778948873, -0.00889576878399, 0.00391843775287, -0.00556666124612, 0.00425559328869, -0.00158148352057], [0.000178726084414, -0.000180363073014, 0.000131605163915, -0.00164947391022, 0.00070783944102, -0.0007015162264, -0.000895229517482, -0.00889576878399, 0.0222799666226, -0.0146119501442, 0.00602341163903, -0.00380063406192, 0.00130352936685], [-0.000503305287566, 0.000163578777574, -0.0010425853543, 0.0010209355969, -0.00145388382953, 0.00113981135655, -0.00183078728151, 0.00391843775287, -0.0146119501442, 0.0257404409349, -0.015418776311, 0.00542477890849, -0.00181229948066], [0.000479518814245, -0.000412672496168, 0.000995550537482, -0.00100729649421, 8.26345858513e-05, -0.00228084251285, 0.00350302737206, -0.00556666124612, 0.00602341163903, -0.015418776311, 0.0249701924622, -0.01431522239, 0.00295654614456], [-0.000526612391695, 0.000514886225574, -0.00123282172717, 0.000428008846939, -0.000552273879293, 0.0023107980378, -0.00412771804258, 0.00425559328869, -0.00380063406192, 0.00542477890849, -0.01431522239, 0.0248151030391, -0.0133859459311], [0.000132274915813, -0.000191359140445, 0.00108789501246, -0.000641251332127, 0.000167858393979, -0.00131235050503, 0.0019611204043, -0.00158148352057, 0.00130352936685, -0.00181229948066, 0.00295654614456, -0.0133859459311, 0.0157294813544]]}, "spectral_contrast_coeffs": {"dmean": [0.0447652414441, 0.0435048192739, 0.0394868552685, 0.0318330302835, 0.0236558336765, 0.0200073160231], "dmean2": [0.0735584571958, 0.0693777948618, 0.0613094456494, 0.0508646033704, 0.039366107434, 0.0316060073674], "dvar": [0.00156180199701, 0.00144185021054, 0.00114871968981, 0.00068823993206, 0.000404574471759, 0.000361925543984], "dvar2": [0.00403093080968, 0.00378634245135, 0.00274808006361, 0.00168680981733, 0.00106886413414, 0.000848072231747], "max": [-0.203474372625, -0.314369738102, -0.424329698086, -0.473711997271, -0.53696835041, -0.605496764183], "mean": [-0.609161019325, -0.696882903576, -0.737441539764, -0.75621753931, -0.779236555099, -0.775786221027], "median": [-0.64774620533, -0.714828550816, -0.753821134567, -0.778788864613, -0.79916870594, -0.779129445553], "min": [-0.971377193928, -0.977706670761, -0.96809232235, -0.966646671295, -0.961688935757, -0.961424708366], "var": [0.0226159226149, 0.0116356005892, 0.00898740533739, 0.00725879194215, 0.00369936437346, 0.00202934676781]}, "spectral_contrast_valleys": {"dmean": [0.474717378616, 0.481708645821, 0.471683233976, 0.45197018981, 0.460023522377, 0.544276416302], "dmean2": [0.769718885422, 0.750134706497, 0.720608592033, 0.675658166409, 0.656566143036, 0.809592485428], "dvar": [0.219161391258, 0.20867612958, 0.219478279352, 0.200722977519, 0.217009976506, 0.237253338099], "dvar2": [0.536721885204, 0.470656335354, 0.492035746574, 0.423832774162, 0.478086382151, 0.550597369671], "max": [-4.75427865982, -4.8725028038, -5.52065324783, -5.7074804306, -4.90799808502, -7.001516819], "mean": [-8.68444538116, -7.96686887