{"lowlevel": {"average_loudness": 0.651286303997, "barkbands_crest": {"dmean": 1.61977767944, "dmean2": 2.51467323303, "dvar": 3.12986421585, "dvar2": 7.8535323143, "max": 25.5398159027, "mean": 10.9556884766, "median": 10.3290500641, "min": 2.63535022736, "var": 16.2021751404}, "barkbands_flatness_db": {"dmean": 0.0156580731273, "dmean2": 0.0238703321666, "dvar": 0.000296356069157, "dvar2": 0.000593699980527, "max": 0.53021466732, "mean": 0.245516315103, "median": 0.229534462094, "min": 0.0424336716533, "var": 0.00602826569229}, "barkbands_kurtosis": {"dmean": 1.59008049965, "dmean2": 2.52212142944, "dvar": 11.542096138, "dvar2": 33.0107040405, "max": 73.2124099731, "mean": 3.09157466888, "median": 2.05516433716, "min": -1.74448430538, "var": 22.2018032074}, "barkbands_skewness": {"dmean": 0.346228927374, "dmean2": 0.514613389969, "dvar": 0.216799721122, "dvar2": 0.554826796055, "max": 7.96944093704, "mean": 1.20909690857, "median": 1.35916042328, "min": -2.73672866821, "var": 1.33985233307}, "barkbands_spread": {"dmean": 2.13964295387, "dmean2": 3.14453077316, "dvar": 6.54116821289, "dvar2": 14.1604089737, "max": 74.5811309814, "mean": 12.0047168732, "median": 10.3654317856, "min": 0.760773301125, "var": 52.892665863}, "dissonance": {"dmean": 0.0201434586197, "dmean2": 0.0340534895658, "dvar": 0.000472868268844, "dvar2": 0.00131783331744, "max": 0.500000059605, "mean": 0.445525437593, "median": 0.454331547022, "min": 0.171747744083, "var": 0.00160661281552}, "dynamic_complexity": 5.73626995087, "erbbands_crest": {"dmean": 2.10259461403, "dmean2": 3.20575261116, "dvar": 5.68683004379, "dvar2": 13.0432462692, "max": 33.9647483826, "mean": 12.1219644547, "median": 10.7393732071, "min": 2.5859336853, "var": 32.3580627441}, "erbbands_flatness_db": {"dmean": 0.0122868008912, "dmean2": 0.0179531127214, "dvar": 0.00022231710318, "dvar2": 0.000417619099608, "max": 0.536345541477, "mean": 0.281517416239, "median": 0.264367967844, "min": 0.0834070295095, "var": 0.00528303254396}, "erbbands_kurtosis": {"dmean": 1.0025883913, "dmean2": 1.59435808659, "dvar": 7.15109682083, "dvar2": 20.1859378815, "max": 60.8618392944, "mean": 0.689764380455, "median": -0.0189633369446, "min": -1.74092674255, "var": 8.53684139252}, "erbbands_skewness": {"dmean": 0.321648269892, "dmean2": 0.476629257202, "dvar": 0.174561336637, "dvar2": 0.444643706083, "max": 7.09331178665, "mean": 0.423738211393, "median": 0.484905093908, "min": -2.78943681717, "var": 0.922367632389}, "erbbands_spread": {"dmean": 3.10777592659, "dmean2": 4.61948633194, "dvar": 10.6774835587, "dvar2": 23.9124088287, "max": 59.2682762146, "mean": 22.0830459595, "median": 22.0464706421, "min": 1.3334197998, "var": 85.1231155396}, "hfc": {"dmean": 2.47876548767, "dmean2": 3.32409071922, "dvar": 15.8450269699, "dvar2": 33.1014900208, "max": 130.64616394, "mean": 12.4844017029, "median": 9.63384532928, "min": 1.08295326211e-16, "var": 118.717758179}, "melbands_crest": {"dmean": 1.83222031593, "dmean2": 2.8182964325, "dvar": 3.86748957634, "dvar2": 9.63531017303, "max": 31.0353775024, "mean": 13.614030838, "median": 12.7553482056, "min": 1.00167059898, "var": 25.6860523224}, "melbands_flatness_db": {"dmean": 0.0158413872123, "dmean2": 0.0229978151619, "dvar": 0.000342062179698, "dvar2": 0.000647593755275, "max": 0.546338915825, "mean": 0.281818985939, "median": 0.268051058054, "min": 1.33744293862e-07, "var": 0.00716836936772}, "melbands_kurtosis": {"dmean": 2.42018556595, "dmean2": 3.84095573425, "dvar": 34.9538078308, "dvar2": 100.358131409, "max": 119.948501587, "mean": 5.9999370575, "median": 4.70821142197, "min": -1.7439827919, "var": 57.7545051575}, "melbands_skewness": {"dmean": 0.370135992765, "dmean2": 0.557165086269, "dvar": 0.300594061613, "dvar2": 0.789797067642, "max": 9.07599067688, "mean": 1.73442029953, "median": 1.78623378277, "min": -1.81371545792, "var": 1.29985594749}, "melbands_spread": {"dmean": 3.56670641899, "dmean2": 5.19854784012, "dvar": 30.670671463, "dvar2": 61.6726989746, "max": 164.9556427, "mean": 19.2572784424, "median": 13.2558069229, "min": 0.935337662697, "var": 389.547729492}, "pitch_salience": {"dmean": 0.047741279006, "dmean2": 0.0721358060837, "dvar": 0.00274140108377, "dvar2": 0.00670769391581, "max": 0.996071636677, "mean": 0.533660292625, "median": 0.539700210094, "min": 0.0850673392415, "var": 0.0135503448546}, "silence_rate_20dB": {"dmean": 0, "dmean2": 0, "dvar": 0, "dvar2": 0, "max": 1, "mean": 1, "median": 1, "min": 1, "var": 0}, "silence_rate_30dB": {"dmean": 0.000596658734139, "dmean2": 0.00119349546731, "dvar": 0.000596267811488, "dvar2": 0.00149030494504, "max": 1, "mean": 0.998508572578, "median": 1, "min": 0, "var": 0.00148904195521}, "silence_rate_60dB": {"dmean": 0.0334128886461, "dmean2": 0.0668357461691, "dvar": 0.0322942584753, "dvar2": 0.0695260241628, "max": 1, "mean": 0.167486950755, "median": 0, "min": 0, "var": 0.139439553022}, "spectral_centroid": {"dmean": 131.377593994, "dmean2": 189.438781738, "dvar": 82508.484375, "dvar2": 154876.84375, "max": 11912.8173828, "mean": 1258.09558105, "median": 858.147399902, "min": 253.959655762, "var": 1946653.5}, "spectral_complexity": {"dmean": 1.40781617165, "dmean2": 2.24078774452, "dvar": 2.15622329712, "dvar2": 4.70920705795, "max": 32, "mean": 13.3691272736, "median": 14, "min": 0, "var": 48.50157547}, "spectral_decrease": {"dmean": 9.66751567688e-10, "dmean2": 1.3598899784e-09, "dvar": 3.14062259933e-18, "dvar2": 8.27947326263e-18, "max": 4.1872926923e-19, "mean": -5.24923393641e-09, "median": -4.12254541615e-09, "min": -5.54094725658e-08, "var": 2.33655196553e-17}, "spectral_energy": {"dmean": 0.00384351518005, "dmean2": 0.0053953579627, "dvar": 4.85845521325e-05, "dvar2": 0.000127340608742, "max": 0.217821538448, "mean": 0.0209441427141, "median": 0.0168259851635, "min": 9.79985105499e-21, "var": 0.000364228937542}, "spectral_energyband_high": {"dmean": 1.62038068083e-05, "dmean2": 2.350937757e-05, "dvar": 1.01529995522e-09, "dvar2": 2.11737760658e-09, "max": 0.000977891148068, "mean": 4.71729435958e-05, "median": 3.42016646755e-05, "min": 6.98467593389e-21, "var": 3.60446139602e-09}, "spectral_energyband_low": {"dmean": 0.000588042195886, "dmean2": 0.000877753191162, "dvar": 2.15754312194e-06, "dvar2": 5.39845041203e-06, "max": 0.0423353724182, "mean": 0.00212476379238, "median": 0.000724159704987, "min": 2.02560989561e-23, "var": 1.14547810881e-05}, "spectral_energyband_middle_high": {"dmean": 0.00108486611862, "dmean2": 0.00137936836109, "dvar": 4.00340059059e-06, "dvar2": 6.40926236883e-06, "max": 0.0739432126284, "mean": 0.00425398070365, "median": 0.00288466946222, "min": 1.03158530258e-21, "var": 2.50672201219e-05}, "spectral_energyband_middle_low": {"dmean": 0.00310040451586, "dmean2": 0.00450152391568, "dvar": 4.15053073084e-05, "dvar2": 0.000115339556942, "max": 0.208650246263, "mean": 0.0153747433797, "median": 0.011255947873, "min": 1.55849859547e-22, "var": 0.000254951533861}, "spectral_entropy": {"dmean": 0.122530587018, "dmean2": 0.178782492876, "dvar": 0.0262818969786, "dvar2": 0.0464209616184, "max": 9.81957817078, "mean": 6.52477884293, "median": 6.54097747803, "min": 4.50079631805, "var": 0.479212969542}, "spectral_flux": {"dmean": 0.0105884829536, "dmean2": 0.0160839203745, "dvar": 0.000218889908865, "dvar2": 0.000493139377795, "max": 0.220922708511, "mean": 0.0358629785478, "median": 0.0289377775043, "min": 6.33237004499e-11, "var": 0.000775252643507}, "spectral_kurtosis": {"dmean": 7.05384731293, "dmean2": 12.454369545, "dvar": 67.776802063, "dvar2": 209.386978149, "max": 93.455619812, "mean": 15.2426958084, "median": 11.47427845, "min": -1.28740012646, "var": 165.747024536}, "spectral_rms": {"dmean": 0.000372607173631, "dmean2": 0.000498957117088, "dvar": 2.47187301738e-07, "dvar2": 5.36231425485e-07, "max": 0.01457768213, "mean": 0.0039683971554, "median": 0.00405161641538, "min": 3.0920591608e-12, "var": 4.6850614126e-06}, "spectral_rolloff": {"dmean": 257.032775879, "dmean2": 425.4190979, "dvar": 483592.0625, "dvar2": 987515.375, "max": 20025.8789062, "mean": 1729.07019043, "median": 990.52734375, "min": 279.931640625, "var": 7473374}, "spectral_skewness": {"dmean": 0.541202843189, "dmean2": 0.946993172169, "dvar": 0.304210543633, "dvar2": 0.941177606583, "max": 7.6390581131, "mean": 2.4027402401, "median": 2.20682621002, "min": -0.0932201892138, "var": 0.910772264004}, "spectral_spread": {"dmean": 267058.5625, "dmean2": 446116.8125, "dvar": 1077284306940.0, "dvar2": 1913767198720.0, "max": 51268040, "mean": 2948076, "median": 2191418, "min": 772187.4375, "var": 24208459431900.0}, "spectral_strongpeak": {"dmean": 0.404020905495, "dmean2": 0.632525324821, "dvar": 0.607574045658, "dvar2": 1.33751559258, "max": 11.4272756577, "mean": 1.45572245121, "median": 1.1226183176, "min": 0, "var": 1.79185116291}, "zerocrossingrate": {"dmean": 0.00580627890304, "dmean2": 0.00705833407119, "dvar": 0.000177064503077, "dvar2": 0.000305578927509, "max": 0.52490234375, "mean": 0.0593410655856, "median": 0.03857421875, "min": 0.00732421875, "var": 0.00544675905257}, "barkbands": {"dmean": [5.03941009811e-07, 0.000235075029195, 0.000228249031352, 0.000488346617203, 0.000776598230004, 0.00171238207258, 0.00075606093742, 0.000373340444639, 0.000156784066348, 0.000163416785654, 0.000256783998339, 0.000329787842929, 9.63778147707e-05, 0.000184032091056, 0.000179490802111, 0.000171416628291, 0.000268282281468, 2.95572808682e-05, 3.94129929191e-05, 1.83091287909e-05, 7.82286770118e-06, 2.95942527373e-06, 1.09360178158e-06, 1.10961650535e-06, 3.98408644742e-07, 8.0581976647e-08, 1.0542315465e-08], "dmean2": [8.70482665505e-07, 0.000356414529961, 0.000338282843586, 0.000725082005374, 0.00116225273814, 0.00258189649321, 0.00109214754775, 0.000535873696208, 0.000192400169908, 0.00021911917429, 0.000303783483105, 0.000431705149822, 0.000149938612594, 0.000267283612629, 0.000269505311735, 0.000245825620368, 0.00035029213177, 4.33990644524e-05, 5.80399682804e-05, 2.68233743554e-05, 1.15765278679e-05, 4.56006591776e-06, 1.60786407832e-06, 1.63050924584e-06, 5.95203289322e-07, 1.16559149888e-07, 1.59199213812e-08], "dvar": [1.1236469654e-12, 6.58978308365e-07, 3.98414243818e-07, 1.29888690026e-06, 3.47108675669e-06, 1.65211040439e-05, 4.11716655435e-06, 1.89646016224e-06, 5.17513171872e-07, 2.46845218044e-07, 1.20845754736e-06, 9.82939695859e-07, 1.88699829096e-07, 2.88665603421e-07, 1.47720726318e-07, 1.71293407902e-07, 4.90533864195e-07, 2.2969834923e-09, 5.84691983718e-09, 1.33624555865e-09, 2.58085219862e-10, 4.87013276929e-11, 5.19301528862e-12, 8.8686159111e-12, 2.06757115769e-12, 5.29511059565e-14, 8.52603300613e-16], "dvar2": [3.08968497488e-12, 1.94784615815e-06, 7.77207219471e-07, 3.40022961609e-06, 8.77443744685e-06, 5.02370312461e-05, 1.31205306388e-05, 3.74372120859e-06, 7.00629243511e-07, 3.9316381617e-07, 1.44155387716e-06, 1.82135715932e-06, 4.36613589727e-07, 5.5627299389e-07, 3.01007986536e-07, 3.27586121784e-07, 8.55621181017e-07, 5.12020248422e-09, 1.30364314899e-08, 3.12827164173e-09, 5.78717074262e-10, 1.06921936582e-10, 1.06468991609e-11, 1.97691793491e-11, 4.48894480615e-12, 1.08695814665e-13, 1.92446690297e-15], "max": [1.78438531293e-05, 0.0185886770487, 0.019372144714, 0.0282739698887, 0.0583870634437, 0.118548795581, 0.065997466445, 0.0668154358864, 0.0545699894428, 0.0263679679483, 0.0527880899608, 0.032529450953, 0.0306317731738, 0.0225712303072, 0.0108924871311, 0.00726456893608, 0.018901200965, 0.00105877756141, 0.00220691715367, 0.000956671196036, 0.000305695546558, 0.000217865061131, 7.41812982596e-05, 8.34158927319e-05, 5.86025344091e-05, 6.7524770202e-06, 8.40887423692e-07], "mean": [5.59841112135e-07, 0.000745960162021, 0.000594365294091, 0.00180650618859, 0.00303135975264, 0.00607782090083, 0.00275795161724, 0.00106486061122, 0.000498468871228, 0.000586815178394, 0.00068241340341, 0.000894159427844, 0.0002267905802, 0.000383824430173, 0.000362148217391, 0.00036848068703, 0.000628672074527, 7.42807824281e-05, 8.98192956811e-05, 3.96470531996e-05, 1.70021939994e-05, 6.23791902399e-06, 2.57690862782e-06, 2.39553037318e-06, 8.23959226182e-07, 1.87719905398e-07, 2.90563786365e-08], "median": [1.27949974171e-07, 2.17733577301e-05, 9.67525411397e-05, 0.00028764270246, 0.00103598833084, 0.0020988075994, 0.00125858350657, 0.000416807626607, 0.000203078569029, 0.000289925257675, 0.000179274429684, 0.000251180637861, 0.000104433544038, 0.000142773496918, 0.000175510183908, 9.09097434487e-05, 0.000117701034469, 4.48912724096e-05, 5.45921684534e-05, 2.23607748921e-05, 8.96802066563e-06, 3.25395512846e-06, 1.41294594869e-06, 9.04309843008e-07, 3.03114831013e-07, 7.46555173237e-08, 1.25563826003e-08], "min": [4.14178451385e-25, 2.62775819252e-24, 2.6043688118e-25, 6.18934300476e-25, 6.60074353177e-24, 4.12678185855e-24, 6.56956222677e-24, 1.1771409249e-23, 6.30421584509e-24, 8.11985337138e-24, 1.4722296504e-23, 2.73244315064e-23, 2.23183233573e-23, 2.69396535558e-23, 3.3508842257e-23, 4.77069596221e-23, 1.00707548261e-22, 8.96319600839e-23, 1.30125913221e-22, 1.54645388851e-22, 2.35265357778e-22, 3.57306456462e-22, 3.98999181564e-22, 5.14887417623e-22, 8.26749907121e-22, 1.34595331528e-21, 1.80271069614e-21], "var": [1.39246318469e-12, 2.77598360299e-06, 1.85758062798e-06, 8.953280485e-06, 2.21305072046e-05, 7.03702462488e-05, 1.65033306985e-05, 7.16698741599e-06, 2.74539320344e-06, 1.12618715775e-06, 5.45967441212e-06, 4.62975594928e-06, 3.27525555122e-07, 1.04962009573e-06, 3.85855059903e-07, 6.02254431215e-07, 2.33755531553e-06, 7.6277908434e-09, 1.32928281715e-08, 3.68282071506e-09, 6.11042216825e-10, 1.10340230008e-10, 1.45985792899e-11, 2.90197310626e-11, 4.32176126483e-12, 1.74155869305e-13, 4.00300359334e-15]}, "erbbands": {"dmean": [0.00209082709625, 0.067370057106, 0.255171775818, 0.926623404026, 1.63679897785, 3.42513990402, 6.41540145874, 15.4936351776, 13.4818925858, 10.9550485611, 7.59035301208, 3.01368498802, 4.67629241943, 6.00197649002, 9.8927526474, 16.1835651398, 5.08862638474, 9.73580932617, 4.66352081299, 11.8843994141, 15.5549468994, 9.32724189758, 1.89556252956, 2.18036389351, 1.47135305405, 0.999358177185, 0.434735357761, 0.173930764198, 0.111120127141, 0.0585045106709, 0.0307215694338, 0.0204792506993, 0.0187273640186, 0.00659611308947, 0.00222802953795, 0.000604257569648, 0.000142043456435, 1.48090011862e-05, 3.20445155921e-06, 4.40340909336e-06], "dmean2": [0.00311220879667, 0.102398298681, 0.37734913826, 1.38943397999, 2.57198905945, 5.09616374969, 9.14109706879, 23.0456066132, 21.0778179169, 14.9340076447, 10.2926177979, 3.87568068504, 6.16808319092, 7.54627132416, 11.6481628418, 20.9793548584, 7.60802602768, 14.2020349503, 7.16633272171, 17.4115219116, 20.9613037109, 12.5341510773, 2.75669980049, 3.16883277893, 2.18112945557, 1.47336137295, 0.6488032341, 0.255969733, 0.167969405651, 0.0916036143899, 0.0452977232635, 0.0308883842081, 0.0273667685688, 0.00983998831362, 0.00346057373099, 0.000899869541172, 0.000208822719287, 2.10243870242e-05, 4.68138841825e-06, 6.16732677372e-06], "dvar": [3.97473449993e-05, 0.0541469268501, 0.595506310463, 5.07592535019, 8.4326133728, 95.6439971924, 219.188369751, 1494.53356934, 2199.64746094, 923.34173584, 998.442749023, 134.446395874, 269.419403076, 433.829772949, 1405.58349609, 2481.93725586, 469.923828125, 771.6484375, 69.1069641113, 698.319763184, 1051.75280762, 469.397369385, 10.6108551025, 22.9044113159, 10.9987564087, 3.96721243858, 0.808960735798, 0.148547947407, 0.075285628438, 0.018706696108, 0.00539999594912, 0.0033201277256, 0.00317183649167, 0.000458920345409, 4.77087633044e-05, 2.53779353443e-06, 3.03381739286e-07, 1.66224012332e-09, 4.22242518727e-11, 6.16116532792e-11], "dvar2": [0.00010816649592, 0.156388625503, 1.19644296169, 13.7611236572, 21.9565792084, 249.04586792, 503.695281982, 4600.96923828, 7533.96630859, 2230.06103516, 1787.15454102, 224.580535889, 370.170715332, 600.227478027, 1741.63867188, 4558.29199219, 1075.48339844, 1515.74572754, 161.685333252, 1389.35888672, 1973.24584961, 825.453125, 23.260679245, 50.2957382202, 24.8410453796, 9.53424549103, 1.88154530525, 0.31660681963, 0.156062439084, 0.0525775179267, 0.0114268483594, 0.00755791738629, 0.0074345828034, 0.00112167384941, 0.000116383613204, 5.72952149014e-06, 6.16937938958e-07, 3.18595039239e-09, 1.05473775547e-10, 1.59520674448e-10], "max": [0.117150962353, 5.65638828278, 24.5789203644, 56.7139358521, 61.9211044312, 280.102233887, 430.983001709, 1110.09069824, 1762.07897949, 1207.10375977, 1842.47705078, 640.223205566, 1231.00720215, 1033.99682617, 1684.18823242, 1629.04833984, 1542.38513184, 1115.45080566, 248.47517395, 749.882995605, 523.212768555, 623.823547363, 61.068523407, 170.251724243, 75.204864502, 57.9895362854, 17.5138282776, 13.1906099319, 8.96256351471, 3.57856702805, 2.60330891609, 2.19572639465, 2.33888030052, 0.667835712433, 0.185438737273, 0.0473995245993, 0.0185191258788, 0.00120897497982, 0.000204818672501, 0.000244481052505], "mean": [0.00717546558008, 0.215910300612, 0.772847056389, 3.3377597332, 5.00255584717, 13.3585615158, 25.2713756561, 52.363861084, 46.5562591553, 37.8809318542, 23.0217475891, 10.9329795837, 17.1843719482, 20.1320304871, 28.4646549225, 44.1600112915, 14.1132726669, 20.9695968628, 11.7007513046, 23.5208282471, 36.9941940308, 22.0510997772, 5.03970766068, 5.42084026337, 3.34324836731, 2.20483589172, 0.98255777359, 0.433252722025, 0.245433703065, 0.127563476562, 0.0697719454765, 0.0436577647924, 0.0402986779809, 0.0141819119453, 0.00459023471922, 0.00135634315666, 0.000327353161993, 4.34818539361e-05, 1.53802247951e-05, 2.43067916017e-05], "median": [0.000381761521567, 0.0103172808886, 0.152749955654, 0.864631891251, 2.50368785858, 3.37277770042, 9.80654525757, 15.5130081177, 19.1074924469, 16.8875389099, 8.77232933044, 5.41201543808, 8.79227352142, 10.29783535, 9.74524879456, 12.6265640259, 7.91577911377, 7.69402456284, 7.25464105606, 11.2038946152, 11.6543283463, 7.09179830551, 3.47636580467, 3.19656991959, 1.99283134937, 1.18322741985, 0.643956661224, 0.23522888124, 0.13318388164, 0.0665226504207, 0.0352497287095, 0.019003264606, 0.0147857181728, 0.00492927012965, 0.00161126896273, 0.000508976576384, 0.000111997775093, 2.08276796911e-05, 1.1622504644e-05, 1.97029075935e-05], "min": [9.68988647013e-23, 6.25696197246e-22, 2.75554319413e-21, 5.57904282988e-21, 1.39533785578e-20, 1.74597584003e-20, 4.7240898706e-20, 4.34450282673e-20, 1.15412517138e-19, 1.39836187946e-19, 2.97837727434e-19, 1.68725315744e-19, 4.67206240727e-19, 5.11956608469e-19, 7.06409296289e-19, 1.03352091975e-18, 1.16253059303e-18, 1.92754982332e-18, 2.40097589356e-18, 3.05185412549e-18, 3.19287621901e-18, 5.78605269778e-18, 6.35907710404e-18, 5.80032983516e-18, 7.21671409316e-18, 8.26693651326e-18, 9.00173263192e-18, 9.62634002118e-18, 1.10978389098e-17, 1.05201938727e-17, 1.05205975368e-17, 1.0670062456e-17, 9.93181451268e-18, 7.85239081338e-18, 5.87362630923e-18, 4.01524801708e-18, 2.32068540061e-18, 9.22755748864e-19, 2.1482455657e-19, 2.50973044041e-20], "var": [0.000232327744015, 0.236275166273, 3.23811459541, 26.1623268127, 43.8471565247, 536.388244629, 1568.74133301, 5976.84130859, 6865.69238281, 4394.22705078, 4442.86572266, 735.109191895, 1390.95605469, 2015.32104492, 6689.97753906, 11811.5898438, 866.385009766, 2870.16943359, 230.600036621, 1807.87695312, 4360.23193359, 1925.85559082, 32.9753227234, 56.6919136047, 23.4781837463, 10.621717453, 1.7992194891, 0.4854349792, 0.185794889927, 0.0414980016649, 0.012888665311, 0.00814718846232, 0.0123152369633, 0.0013205598807, 0.000109024920675, 6.9929305937e-06, 8.71811550951e-07, 6.59207133324e-09, 2.27720398094e-10, 4.68733940551e-10]}, "gfcc": {"mean": [-142.024215698, 119.475357056, -175.916183472, -4.40031528473, -53.8410568237, -23.4838638306, -40.9049720764, -12.2108659744, -20.0907363892, -7.61895036697, -5.21590662003, -3.4039516449, -1.40840303898], "cov": [[39869.7070312, 10473.328125, -1728.33935547, 1432.95275879, -1172.81665039, -987.475524902, -1397.21704102, -521.512329102, 91.2413101196, -176.631072998, 89.3354415894, -783.68145752, -152.559295654], [10473.328125, 9523.90917969, 2759.28662109, 1021.66168213, 897.856262207, -1078.97387695, 534.175842285, -695.378356934, 253.680862427, -406.827606201, -9.55413722992, -615.870727539, -108.795669556], [-1728.33935547, 2759.28662109, 2654.67089844, 693.329406738, 623.79864502, 1.00363731384, 409.712402344, -104.426490784, 23.7567691803, -186.898544312, -74.9319915771, -165.68927002, -5.13732242584], [1432.95275879, 1021.66168213, 693.329406738, 470.014099121, 124.724090576, 76.6310119629, 30.7075424194, -9.80458259583, 4.16266536713, -57.1866569519, -38.0521202087, -77.8197479248, 0.214414507151], [-1172.81665039, 897.856262207, 623.79864502, 124.724090576, 452.874023438, 17.8958454132, 314.594146729, -34.8624763489, 26.8845157623, -87.3008346558, -43.2312278748, -59.2200508118, -24.5882759094], [-987.475524902, -1078.97387695, 1.00363731384, 76.6310119629, 17.8958454132, 449.771972656, 72.4884872437, 193.338729858, -54.6694221497, 4.36124515533, -32.6771278381, 81.1401367188, 28.2948551178], [-1397.21704102, 534.175842285, 409.712402344, 30.7075424194, 314.594146729, 72.4884872437, 494.506500244, 32.996131897, 22.0586433411, -71.6373596191, -43.0903511047, 0.978197693825, 6.39114522934], [-521.512329102, -695.378356934, -104.426490784, -9.80458259583, -34.8624763489, 193.338729858, 32.996131897, 239.314544678, 55.2449951172, 72.864944458, 14.799779892, 28.0515823364, -12.6197109222], [91.2413101196, 253.680862427, 23.7567691803, 4.16266536713, 26.8845157623, -54.6694221497, 22.0586433411, 55.2449951172, 204.459579468, 92.5842208862, 53.0250320435, -38.0090179443, -45.7095947266], [-176.631072998, -406.827606201, -186.898544312, -57.1866569519, -87.3008346558, 4.36124515533, -71.6373596191, 72.864944458, 92.5842208862, 160.353256226, 60.8109817505, 13.2089042664, -24.9523868561], [89.3354415894, -9.55413722992, -74.9319915771, -38.0521202087, -43.2312278748, -32.6771278381, -43.0903511047, 14.799779892, 53.0250320435, 60.8109817505, 130.133422852, 46.3118782043, 16.0902938843], [-783.68145752, -615.870727539, -165.68927002, -77.8197479248, -59.2200508118, 81.1401367188, 0.978197693825, 28.0515823364, -38.0090179443, 13.2089042664, 46.3118782043, 167.18069458, 95.8758087158], [-152.559295654, -108.795669556, -5.13732242584, 0.214414507151, -24.5882759094, 28.2948551178, 6.39114522934, -12.6197109222, -45.7095947266, -24.9523868561, 16.0902938843, 95.8758087158, 139.314575195]], "icov": [[0.000474671745906, -0.00135147140827, 0.00131434807554, -0.000747457903344, 0.00136345275678, -0.00166786508635, 0.00112281064503, -0.000947553955484, 0.000938673561905, -0.000599030812737, 0.000658322183881, -0.000531747762579, 0.000446652353276], [-0.00135147140827, 0.00436372309923, -0.00383176095784, 0.00127954583149, -0.00400999700651, 0.00572610832751, -0.00364695000462, 0.00312495464459, -0.00312008126639, 0.00251227896661, -0.00267756939866, 0.00266348314472, -0.00173327012453], [0.00131434807554, -0.00383176095784, 0.00454883789644, -0.00304043199867, 0.00301818270236, -0.00455450173467, 0.00296953576617, -0.00269069033675, 0.00278410874307, -0.00170966726728, 0.00176089664456, -0.0015288448194, 0.00115314777941], [-0.000747457903344, 0.00127954583149, -0.00304043199867, 0.00693965749815, -0.00168890261557, -0.000501789792906, -0.000200437221793, 0.00128468952607, -0.00153783033602, 0.000278742256342, 0.000227539625484, 0.00116652273573, -0.00129639531951], [0.00136345275678, -0.00400999700651, 0.00301818270236, -0.00168890261557, 0.00965241901577, -0.00578066520393, 0.000554646016099, -0.00150885281619, 0.00170589296613, -0.000690217129886, 0.00183528731577, -0.000955970783252, 0.00207297177985], [-0.00166786508635, 0.00572610832751, -0.00455450173467, -0.000501789792906, -0.00578066520393, 0.0129840411246, -0.00490710744634, -0.000276104401564, -0.0020454803016, 0.00341566139832, -0.00240392447449, 0.00102652446367, -0.00146726612002], [0.00112281064503, -0.00364695000462, 0.00296953576617, -0.000200437221793, 0.000554646016099, -0.00490710744634, 0.00733387237415, -0.00368777569383, 0.00181800441351, -0.00103646540083, 0.00315768434666, -0.00322433095425, 0.00118049152661], [-0.000947553955484, 0.00312495464459, -0.00269069033675, 0.00128468952607, -0.00150885281619, -0.000276104401564, -0.00368777569383, 0.0115281539038, -0.00475405156612, -0.000300238287309, -0.00219523534179, 0.00280412542634, -0.000985072460026], [0.000938673561905, -0.00312008126639, 0.00278410874307, -0.00153783033602, 0.00170589296613, -0.0020454803016, 0.00181800441351, -0.00475405156612, 0.0117604574189, -0.00654763588682, -0.000314954057103, -0.000524692761246, 0.00198221858591], [-0.000599030812737, 0.00251227896661, -0.00170966726728, 0.000278742256342, -0.000690217129886, 0.00341566139832, -0.00103646540083, -0.000300238287309, -0.00654763588682, 0.0148418024182, -0.00481932517141, 0.00139088043943, 0.000556682876777], [0.000658322183881, -0.00267756939866, 0.00176089664456, 0.000227539625484, 0.00183528731577, -0.00240392447449, 0.00315768434666, -0.00219523534179, -0.000314954057103, -0.00481932517141, 0.0141960289329, -0.00728327035904, 0.00156914372928], [-0.000531747762579, 0.00266348314472, -0.0015288448194, 0.00116652273573, -0.000955970783252, 0.00102652446367, -0.00322433095425, 0.00280412542634, -0.000524692761246, 0.00139088043943, -0.00728327035904, 0.018935572356, -0.01064899005], [0.000446652353276, -0.00173327012453, 0.00115314777941, -0.00129639531951, 0.00207297177985, -0.00146726612002, 0.00118049152661, -0.000985072460026, 0.00198221858591, 0.000556682876777, 0.00156914372928, -0.01064899005, 0.0147759933025]]}, "melbands": {"dmean": [4.23468809458e-05, 0.00011788840493, 0.00018385364092, 0.000155007248395, 0.000211751248571, 0.00035133046913, 0.000194189880858, 0.000107115629362, 5.49589349248e-05, 1.95392567548e-05, 2.39152141148e-05, 2.38160246226e-05, 3.66785789083e-05, 3.90132954635e-05, 2.33283299167e-05, 9.87506791716e-06, 2.04452044272e-05, 7.73042665969e-06, 1.16448018161e-05, 1.45292715388e-05, 2.17443575821e-05, 1.32714258143e-05, 3.15042234433e-06, 1.70142504885e-06, 1.8966721882e-06, 1.32948059672e-06, 7.25378527022e-07, 6.98928772636e-07, 3.23334290897e-07, 1.89362921788e-07, 9.90283908209e-08, 7.71463959381e-08, 4.99283210331e-08, 3.06068486111e-08, 2.10463166894e-08, 1.5624832983e-08, 1.2666186322e-08, 1.49295047436e-08, 1.28783907982e-08, 4.3674353023e-09], "dmean2": [6.34874668322e-05, 0.000176715664566, 0.000275214057183, 0.00024071840744, 0.000300292827887, 0.000527243711986, 0.00030105910264, 0.00014842764358, 7.36027650419e-05, 2.45492792601e-05, 3.16526457027e-05, 3.01075269817e-05, 4.28917410318e-05, 5.04760864715e-05, 3.1811210647e-05, 1.4855387235e-05, 2.98251816275e-05, 1.18937250591e-05, 1.74604519998e-05, 2.11129463423e-05, 2.89117615466e-05, 1.75083259819e-05, 4.59113744e-06, 2.54534256783e-06, 2.7575670174e-06, 1.98169732357e-06, 1.0663974308e-06, 1.02897865872e-06, 4.89655462843e-07, 2.69234448069e-07, 1.50123312892e-07, 1.15013662594e-07, 8.13261777921e-08, 4.72203289803e-08, 3.148574379e-08, 2.28910330691e-08, 1.96100611305e-08, 2.17726832119e-08, 1.97228597898e-08, 6.60871046776e-09], "dvar": [1.94918108321e-08, 1.37602341965e-07, 1.56681977614e-07, 1.34553019393e-07, 2.15124643432e-07, 8.15174246327e-07, 3.92425874907e-07, 9.49998337774e-08, 5.42864206921e-08, 7.21144211013e-09, 6.86834189523e-09, 7.24253945705e-09, 2.66813646732e-08, 1.31884005938e-08, 4.3185122145e-09, 9.82374182001e-10, 3.98365340715e-09, 2.55552079498e-10, 6.50261733348e-10, 6.98180457892e-10, 2.20944396112e-09, 1.17078147177e-09, 7.57760451608e-11, 1.01553574577e-11, 2.02701883056e-11, 1.02075283989e-11, 2.80415859803e-12, 2.34232815435e-12, 6.2858680934e-13, 1.92605412413e-13, 5.97939327717e-14, 5.18104507322e-14, 1.51749154285e-14, 4.27237404661e-15, 3.81863840204e-15, 1.22948886349e-15, 1.26754615969e-15, 2.21067086552e-15, 2.97497283427e-15, 2.94397153428e-16], "dvar2": [5.77074104058e-08, 3.17525376659e-07, 4.0748147967e-07, 3.57702305109e-07, 4.98085114486e-07, 2.56290377365e-06, 1.3318405081e-06, 2.31061576983e-07, 9.66872875097e-08, 1.03905675175e-08, 9.43716305102e-09, 1.00880264142e-08, 3.20984341329e-08, 2.46444002983e-08, 8.87071571753e-09, 2.26483165555e-09, 7.80225661856e-09, 5.53273593606e-10, 1.32328359381e-09, 1.44220835274e-09, 4.11677181233e-09, 2.00686089968e-09, 1.57504689846e-10, 2.33903538899e-11, 4.44490416696e-11, 2.3653211334e-11, 6.28433936833e-12, 5.42639414305e-12, 1.49930122571e-12, 3.78767086055e-13, 1.31896460442e-13, 1.00325353765e-13, 4.2546088858e-14, 1.12075028891e-14, 8.01580481678e-15, 2.90336530418e-15, 2.87826390631e-15, 5.23820844692e-15, 6.73034041625e-15, 7.40121136866e-16], "max": [0.00289550004527, 0.0113235944882, 0.00983787700534, 0.008883504197, 0.0119503252208, 0.0280798785388, 0.0235107205808, 0.0128469662741, 0.014286685735, 0.00610726838931, 0.0061752400361, 0.00451748212799, 0.00797736365348, 0.0038139091339, 0.00302730035037, 0.00195841724053, 0.00255573564209, 0.000563281064387, 0.000709095504135, 0.000616270932369, 0.000977480201982, 0.00102092244197, 0.000199600995984, 8.14311133581e-05, 0.000161472620675, 7.52639170969e-05, 3.0764087569e-05, 4.15176218667e-05, 1.75137502083e-05, 1.28485708046e-05, 5.33589854967e-06, 8.0854351836e-06, 2.97495353152e-06, 1.35144409796e-06, 2.34715844272e-06, 9.67299115473e-07, 1.16241483283e-06, 2.22488438339e-06, 2.25285157285e-06, 5.15282920333e-07], "mean": [0.000136866627145, 0.000365013984265, 0.000658217002638, 0.000574082601815, 0.000873300072271, 0.00121431646403, 0.000690374232363, 0.000357831682777, 0.000161094721989, 6.60359728499e-05, 8.75086625456e-05, 8.07427932159e-05, 9.73689020611e-05, 0.000106188796053, 6.33998497506e-05, 2.45701794483e-05, 4.19296156906e-05, 1.76663234015e-05, 2.31644407904e-05, 2.97805781884e-05, 5.08247103426e-05, 3.04824479826e-05, 6.04200795351e-06, 3.94573726226e-06, 4.39178438683e-06, 2.93243942906e-06, 1.4913856603e-06, 1.45563387832e-06, 6.2635734821e-07, 4.04643799357e-07, 2.11753828694e-07, 1.61458743264e-07, 8.48578949331e-08, 6.06113701451e-08, 4.08349478676e-08, 3.17503925373e-08, 2.29636434312e-08, 3.06472358602e-08, 2.2902467478e-08, 8.01104782511e-09], "median": [4.25352845923e-06, 3.98454430979e-05, 0.00017674540868, 0.000239133019932, 0.000360536650987, 0.000391971756471, 0.000303730659653, 0.000155164525495, 5.48351890757e-05, 2.89289873763e-05, 4.43157223344e-05, 3.86122956115e-05, 2.56005641859e-05, 3.09570059471e-05, 2.37448130065e-05, 1.08229396574e-05, 1.30871467263e-05, 9.3939333965e-06, 1.20203803817e-05, 1.22457158795e-05, 9.95023674477e-06, 5.71868895349e-06, 2.47163075073e-06, 2.26402880799e-06, 2.02164551411e-06, 1.54426470544e-06, 6.67450080982e-07, 6.51871403079e-07, 3.38760202112e-07, 1.50153269374e-07, 9.34645854045e-08, 7.45034327565e-08, 3.39704904206e-08, 2.68241606705e-08, 1.54636659033e-08, 1.38373197345e-08, 8.43006908724e-09, 1.06578115222e-08, 6.03313399239e-09, 2.7053526086e-09], "min": [1.37093779996e-24, 1.91741734636e-24, 1.90010914645e-24, 1.04304431344e-24, 1.96743290269e-24, 9.02280762376e-25, 1.64921124529e-24, 1.5924920476e-24, 1.94520477453e-24, 1.04838598645e-24, 2.27433075761e-24, 1.9011109998e-24, 2.47538536994e-24, 3.11303189482e-24, 2.70704857425e-24, 2.46757406926e-24, 2.07131483985e-24, 3.86508001425e-24, 3.04691568742e-24, 3.88105129214e-24, 3.20625415179e-24, 5.1635056212e-24, 4.18574684463e-24, 4.49157204594e-24, 4.1181394929e-24, 4.56061709667e-24, 3.92341312275e-24, 5.37699228697e-24, 5.2814955468e-24, 4.73816641503e-24, 5.55380993685e-24, 5.14598462607e-24, 5.52999580384e-24, 5.46577621527e-24, 5.28687321159e-24, 5.27000657657e-24, 6.33593120893e-24, 6.66844870225e-24, 6.55762912786e-24, 6.08654230007e-24], "var": [8.50010053455e-08, 7.28281520423e-07, 1.00124725577e-06, 7.34305160677e-07, 1.56881515068e-06, 3.16742875839e-06, 1.31936531034e-06, 3.96005248149e-07, 2.50725463502e-07, 3.92452008668e-08, 3.56865932361e-08, 3.32672129844e-08, 1.16913739134e-07, 6.06731092034e-08, 1.71570722074e-08, 2.18278661812e-09, 1.46865879458e-08, 7.55109419437e-10, 1.67195457479e-09, 2.16089279803e-09, 1.00722159502e-08, 5.0129238538e-09, 1.84597712116e-10, 2.60195025248e-11, 4.86594514681e-11, 2.09129796813e-11, 6.95631096129e-12, 6.29153673604e-12, 1.18146594938e-12, 5.32274961954e-13, 1.58585736773e-13, 1.21416033694e-13, 2.80746359862e-14, 1.09659570446e-14, 7.55382203592e-15, 3.25822954568e-15, 2.61893291104e-15, 9.0206730364e-15, 6.51529907973e-15, 5.19508970534e-16]}, "mfcc": {"mean": [-754.04309082, 148.365570068, -53.0740013123, 7.21695518494, -7.67935037613, -14.6314468384, -15.4353523254, -13.6325187683, -11.8827753067, -10.4026508331, -12.8162813187, 0.486205130816, 5.43136072159], "cov": [[15755.8876953, 7410.66064453, 259.875976562, 1467.29760742, 135.768753052, -130.908843994, -353.559692383, -402.139068604, -437.481719971, 4.70830392838, -66.0017242432, -228.641281128, -628.048950195], [7410.66064453, 7370.81933594, 1708.03967285, 1348.61486816, 467.051971436, 6.15470933914, 314.809936523, -79.2276535034, -222.284606934, 19.2395839691, -19.9212837219, -455.131561279, -823.846191406], [259.875976562, 1708.03967285, 1510.76831055, 499.75994873, 296.351898193, 248.078292847, 355.936096191, 245.834960938, 90.4432525635, -19.9044818878, -49.3237075806, -206.059616089, -237.852203369], [1467.29760742, 1348.61486816, 499.75994873, 473.802124023, 127.347503662, 108.090820312, 114.464004517, 50.2084541321, 14.0405950546, 25.7312107086, 9.15910148621, -101.764167786, -184.893051147], [135.768753052, 467.051971436, 296.351898193, 127.347503662, 211.402450562, 78.5813903809, 96.9698028564, 68.6697158813, 26.2774047852, 25.6595687866, 21.1941184998, -17.2468795776, -59.2408256531], [-130.908843994, 6.15470933914, 248.078292847, 108.090820312, 78.5813903809, 212.432952881, 123.088218689, 112.495704651, 79.7982940674, 3.83041548729, -12.7073078156, -0.00154466589447, 16.2912216187], [-353.559692383, 314.809936523, 355.936096191, 114.464004517, 96.9698028564, 123.088218689, 278.858215332, 171.543533325, 107.845970154, 19.9855823517, 8.95120716095, -5.73037147522, -4.72547388077], [-402.139068604, -79.2276535034, 245.834960938, 50.2084541321, 68.6697158813, 112.495704651, 171.543533325, 236.979858398, 131.792358398, 29.3041305542, 10.9511861801, 22.9535884857, 44.3777961731], [-437.481719971, -222.284606934, 90.4432525635, 14.0405950546, 26.2774047852, 79.7982940674, 107.845970154, 131.792358398, 183.048614502, 69.254699707, 56.2399253845, 53.877281189, 62.2927970886], [4.70830392838, 19.2395839691, -19.9044818878, 25.7312107086, 25.6595687866, 3.83041548729, 19.9855823517, 29.3041305542, 69.254699707, 183.564758301, 141.329696655, 64.094291687, -9.90401744843], [-66.0017242432, -19.9212837219, -49.3237075806, 9.15910148621, 21.1941184998, -12.7073078156, 8.95120716095, 10.9511861801, 56.2399253845, 141.329696655, 234.672409058, 98.5252304077, -16.7905731201], [-228.641281128, -455.131561279, -206.059616089, -101.764167786, -17.2468795776, -0.00154466589447, -5.73037147522, 22.9535884857, 53.877281189, 64.094291687, 98.5252304077, 201.237594604, 118.506599426], [-628.048950195, -823.846191406, -237.852203369, -184.893051147, -59.2408256531, 16.2912216187, -4.72547388077, 44.3777961731, 62.2927970886, -9.90401744843, -16.7905731201, 118.506599426, 271.800598145]], "icov": [[0.000228383141803, -0.000289173331112, 0.00026352488203, -0.000405950588174, 0.000164264565683, -0.000237433006987, 0.000609695271123, -0.000284973531961, 0.000121727578517, -4.15564136347e-06, 0.000135746129672, -0.000246323237661, -0.000199421629077], [-0.000289173331112, 0.000796776439529, -0.000487635785248, -0.000474264554214, -0.00049370812485, 0.00100612884853, -0.00120242778212, 0.00070994097041, 0.00017292665143, -9.09385198611e-05, -4.92729195685e-05, 0.00027272166335, 0.000527912634425], [0.00026352488203, -0.000487635785248, 0.00207813642919, -0.000918244651984, -0.000671663496178, -0.000905868539121, -6.61692320136e-05, -0.0011693952838, 3.17730227835e-05, 0.000444845674792, 1.16496457849e-05, 0.000704592326656, 0.000124927959405], [-0.000405950588174, -0.000474264554214, -0.000918244651984, 0.00719573581591, 3.11938274535e-05, -0.00255775614642, -0.000325733999489, 0.000285348214675, -0.00103752780706, -0.000444278819486, -0.00046498462325, 0.000787053373642, 0.00167337257881], [0.000164264565683, -0.00049370812485, -0.000671663496178, 3.11938274535e-05, 0.00766546232626, -0.0018584150821, 3.51309245161e-05, -0.00102801411413, 0.00105932191946, -0.000745555851609, -0.000237647793256, -0.00100404478144, 0.000420279655373], [-0.000237433006987, 0.00100612884853, -0.000905868539121, -0.00255775614642, -0.0018584150821, 0.00955693796277, -0.00225834688172, -0.00020194206445, -0.00127181131393, 0.000387493550079, 0.000881624873728, -0.000328457303112, -0.000512533122674], [0.000609695271123, -0.00120242778212, -6.61692320136e-05, -0.000325733999489, 3.51309245161e-05, -0.00225834688172, 0.0102617368102, -0.00468749320135, -0.00136865314562, 0.000532903883141, 8.18123517092e-05, -0.000848460709676, -0.000720454496332], [-0.000284973531961, 0.00070994097041, -0.0011693952838, 0.000285348214675, -0.00102801411413, -0.00020194206445, -0.00468749320135, 0.0114966612309, -0.0045040701516, -0.000210732847336, 0.000688943604473, -0.000147758546518, -0.000374815252144], [0.000121727578517, 0.00017292665143, 3.17730227835e-05, -0.00103752780706, 0.00105932191946, -0.00127181131393, -0.00136865314562, -0.0045040701516, 0.0126712331548, -0.00318817980587, -0.000960745441262, -0.000222351925913, -0.00183647347149], [-4.15564136347e-06, -9.09385198611e-05, 0.000444845674792, -0.000444278819486, -0.000745555851609, 0.000387493550079, 0.000532903883141, -0.000210732847336, -0.00318817980587, 0.0114169940352, -0.00575816584751, -0.000313836208079, 0.000587591261137], [0.000135746129672, -4.92729195685e-05, 1.16496457849e-05, -0.00046498462325, -0.000237647793256, 0.000881624873728, 8.18123517092e-05, 0.000688943604473, -0.000960745441262, -0.00575816584751, 0.0100504318252, -0.0043965424411, 0.00219065858983], [-0.000246323237661, 0.00027272166335, 0.000704592326656, 0.000787053373642, -0.00100404478144, -0.000328457303112, -0.000848460709676, -0.000147758546518, -0.000222351925913, -0.000313836208079, -0.0043965424411, 0.0108480928466, -0.00374223920517], [-0.000199421629077, 0.000527912634425, 0.000124927959405, 0.00167337257881, 0.000420279655373, -0.000512533122674, -0.000720454496332, -0.000374815252144, -0.00183647347149, 0.000587591261137, 0.00219065858983, -0.00374223920517, 0.00844640936702]]}, "spectral_contrast_coeffs": {"dmean": [0.0418255887926, 0.0319802090526, 0.0305051300675, 0.0285760685802, 0.0232550650835, 0.0205883383751], "dmean2": [0.0704136192799, 0.0507379211485, 0.0461354441941, 0.0444066785276, 0.0350097864866, 0.033514380455], "dvar": [0.00147377047688, 0.000951003690716, 0.000888618349563, 0.000670848763548, 0.000500998401549, 0.000574707286432], "dvar2": [0.00398687785491, 0.00232635019347, 0.00178459228482, 0.00151204981375, 0.00102910224814, 0.00170411355793], "max": [-0.259605199099, -0.301532864571, -0.345937341452, -0.436588227749, -0.452655345201, -0.561572492123], "mean": [-0.590459167957, -0.647281110287, -0.692901194096, -0.692841589451, -0.69305562973, -0.730257987976], "median": [-0.579730272293, -0.646758556366, -0.712735235691, -0.699917674065, -0.691140055656, -0.720174849033], "min": [-0.990316390991, -0.996630907059, -0.99801492691, -0.993228018284, -0.987612009048, -0.96462059021], "var": [0.0245594754815, 0.0141725055873, 0.0110225165263, 0.00819630827755, 0.00611664261669, 0.00343745644204]}, "spectral_contrast_valleys": {"dmean": [0.500150024891, 0.295221179724, 0.275073647499, 0.246768429875, 0.221414268017, 0.279758632183], "dmean2": [0.841769218445, 0.470028221607, 0.428856819868, 0.38455504179, 0.328425675631,