{"lowlevel": {"average_loudness": 0.107791356742, "barkbands_crest": {"dmean": 2.21241307259, "dmean2": 3.45157217979, "dvar": 3.98978233337, "dvar2": 10.2644758224, "max": 26.709444046, "mean": 12.4532670975, "median": 11.2855224609, "min": 2.83214569092, "var": 24.2579784393}, "barkbands_flatness_db": {"dmean": 0.0190289728343, "dmean2": 0.0274401381612, "dvar": 0.000357242795872, "dvar2": 0.000903180800378, "max": 0.761748671532, "mean": 0.259824365377, "median": 0.259063750505, "min": 0.0684045553207, "var": 0.00977953150868}, "barkbands_kurtosis": {"dmean": 7.28901720047, "dmean2": 12.5565538406, "dvar": 6807.91992188, "dvar2": 20505.5390625, "max": 4655.47607422, "mean": 11.3627557755, "median": 2.88939762115, "min": -1.95972955227, "var": 5616.20654297}, "barkbands_skewness": {"dmean": 0.518442094326, "dmean2": 0.792590379715, "dvar": 0.99028801918, "dvar2": 2.79513859749, "max": 49.7299728394, "mean": 0.874053895473, "median": 0.674036979675, "min": -5.83125352859, "var": 3.81959080696}, "barkbands_spread": {"dmean": 2.02955365181, "dmean2": 3.08500909805, "dvar": 9.1540813446, "dvar2": 21.9986724854, "max": 141.113449097, "mean": 9.26875782013, "median": 5.89924383163, "min": 0.046734649688, "var": 92.4667739868}, "dissonance": {"dmean": 0.0341756418347, "dmean2": 0.0575359724462, "dvar": 0.0011403755052, "dvar2": 0.00309369596653, "max": 0.499999970198, "mean": 0.421552628279, "median": 0.439417093992, "min": 0.14936798811, "var": 0.00373774534091}, "dynamic_complexity": 5.89897727966, "erbbands_crest": {"dmean": 2.66462492943, "dmean2": 4.04500055313, "dvar": 5.60463571548, "dvar2": 13.7416620255, "max": 34.6021385193, "mean": 13.9896192551, "median": 13.2669391632, "min": 2.92159199715, "var": 29.7851390839}, "erbbands_flatness_db": {"dmean": 0.0172242857516, "dmean2": 0.0239881500602, "dvar": 0.000266332353931, "dvar2": 0.000637124583591, "max": 0.466081023216, "mean": 0.280792742968, "median": 0.293170422316, "min": 0.0701795071363, "var": 0.00476611824706}, "erbbands_kurtosis": {"dmean": 3.09137272835, "dmean2": 4.69141244888, "dvar": 74.0326538086, "dvar2": 196.006225586, "max": 341.402832031, "mean": 7.7705039978, "median": 3.91190385818, "min": -1.83564352989, "var": 427.092773438}, "erbbands_skewness": {"dmean": 0.427850067616, "dmean2": 0.622461855412, "dvar": 0.174679636955, "dvar2": 0.407254457474, "max": 14.9776763916, "mean": 1.21682751179, "median": 1.1215480566, "min": -5.10034894943, "var": 2.1534819603}, "erbbands_spread": {"dmean": 3.04173374176, "dmean2": 4.47626209259, "dvar": 13.0316572189, "dvar2": 30.2180118561, "max": 188.065856934, "mean": 15.2898645401, "median": 9.78435230255, "min": 0.701611161232, "var": 209.611984253}, "hfc": {"dmean": 3.08991122246, "dmean2": 4.33876752853, "dvar": 137.306930542, "dvar2": 330.997955322, "max": 486.853240967, "mean": 11.9921369553, "median": 6.81027507782, "min": 1.26018570807e-16, "var": 755.425292969}, "melbands_crest": {"dmean": 2.87667965889, "dmean2": 4.45009565353, "dvar": 6.89422941208, "dvar2": 18.079460144, "max": 38.0981521606, "mean": 16.1307888031, "median": 15.09953022, "min": 1.97521078587, "var": 41.0131645203}, "melbands_flatness_db": {"dmean": 0.0208174176514, "dmean2": 0.0297042485327, "dvar": 0.000440401199739, "dvar2": 0.00109744467773, "max": 0.945530295372, "mean": 0.345090538263, "median": 0.345369249582, "min": 0.00529204262421, "var": 0.0147221265361}, "melbands_kurtosis": {"dmean": 3.95278406143, "dmean2": 6.31290245056, "dvar": 180.945205688, "dvar2": 500.314971924, "max": 793.887512207, "mean": 9.19367313385, "median": 3.17316579819, "min": -1.84293806553, "var": 1591.3034668}, "melbands_skewness": {"dmean": 0.487194031477, "dmean2": 0.735208332539, "dvar": 0.294979333878, "dvar2": 0.746197938919, "max": 21.1484603882, "mean": 1.12819766998, "median": 0.83108651638, "min": -3.77798199654, "var": 3.15080285072}, "melbands_spread": {"dmean": 2.66450500488, "dmean2": 4.06849765778, "dvar": 18.9883747101, "dvar2": 42.2191047668, "max": 221.36781311, "mean": 12.9841146469, "median": 8.4849319458, "min": 0.0653386414051, "var": 227.590774536}, "pitch_salience": {"dmean": 0.0555052943528, "dmean2": 0.0871203169227, "dvar": 0.00234227790497, "dvar2": 0.00602951040491, "max": 0.874643623829, "mean": 0.511598944664, "median": 0.522431313992, "min": 0.0527225658298, "var": 0.0168376043439}, "silence_rate_20dB": {"dmean": 0.000560067186598, "dmean2": 0.00112029130105, "dvar": 0.000559725798666, "dvar2": 0.0011191010708, "max": 1, "mean": 0.998740017414, "median": 1, "min": 0, "var": 0.00125850527547}, "silence_rate_30dB": {"dmean": 0.00728087360039, "dmean2": 0.0145637867972, "dvar": 0.00722798425704, "dvar2": 0.0185531675816, "max": 1, "mean": 0.985160291195, "median": 1, "min": 0, "var": 0.0146199027076}, "silence_rate_60dB": {"dmean": 0.0145617472008, "dmean2": 0.0291275735945, "dvar": 0.0143510587513, "dvar2": 0.032199844718, "max": 1, "mean": 0.136077284813, "median": 0, "min": 0, "var": 0.117563873529}, "spectral_centroid": {"dmean": 82.6647567749, "dmean2": 124.330780029, "dvar": 20214.8867188, "dvar2": 40925.0585938, "max": 10726.7714844, "mean": 808.650268555, "median": 572.127563477, "min": 67.5359344482, "var": 413539.46875}, "spectral_complexity": {"dmean": 1.31083726883, "dmean2": 2.23666143417, "dvar": 1.65056109428, "dvar2": 4.42509794235, "max": 27, "mean": 10.24401474, "median": 10, "min": 0, "var": 28.3471851349}, "spectral_decrease": {"dmean": 1.51880652499e-09, "dmean2": 2.20556750641e-09, "dvar": 1.06013378092e-17, "dvar2": 2.64977217628e-17, "max": 5.47823270257e-16, "mean": -5.88971627025e-09, "median": -3.42131967201e-09, "min": -9.78568763799e-08, "var": 5.77089171793e-17}, "spectral_energy": {"dmean": 0.00598988169804, "dmean2": 0.00867789983749, "dvar": 0.000172136511537, "dvar2": 0.000428708270192, "max": 0.413492292166, "mean": 0.023316802457, "median": 0.013532393612, "min": 1.14509269837e-20, "var": 0.000946361455135}, "spectral_energyband_high": {"dmean": 1.34683341457e-05, "dmean2": 2.10057587537e-05, "dvar": 1.00864949726e-09, "dvar2": 2.44974418528e-09, "max": 0.000961542711593, "mean": 4.22259654442e-05, "median": 1.00942634162e-05, "min": 8.34732189934e-21, "var": 6.34031183111e-09}, "spectral_energyband_low": {"dmean": 0.00235103373416, "dmean2": 0.00388742587529, "dvar": 5.62460591027e-05, "dvar2": 0.000148583290866, "max": 0.158241078258, "mean": 0.00528357131407, "median": 0.00148206553422, "min": 4.53172475047e-23, "var": 0.000135654729092}, "spectral_energyband_middle_high": {"dmean": 0.00160838500597, "dmean2": 0.00239798659459, "dvar": 0.000100938363175, "dvar2": 0.000244446942816, "max": 0.401856690645, "mean": 0.00416367594153, "median": 0.000579646904953, "min": 1.80285286781e-21, "var": 0.000504992029164}, "spectral_energyband_middle_low": {"dmean": 0.00330814393237, "dmean2": 0.00436372729018, "dvar": 2.92746317427e-05, "dvar2": 6.24942331342e-05, "max": 0.248281702399, "mean": 0.0142801124603, "median": 0.00777968158945, "min": 3.49219003975e-22, "var": 0.000316609599395}, "spectral_entropy": {"dmean": 0.1508205235, "dmean2": 0.201445892453, "dvar": 0.0201109554619, "dvar2": 0.0416282713413, "max": 9.8068780899, "mean": 6.32991600037, "median": 6.27521133423, "min": 3.42676448822, "var": 0.558121144772}, "spectral_flux": {"dmean": 0.0118539016694, "dmean2": 0.0200639925897, "dvar": 0.000285370217171, "dvar2": 0.000808991841041, "max": 0.438516497612, "mean": 0.0472914762795, "median": 0.0430524162948, "min": 1.07009005823e-10, "var": 0.00105748604983}, "spectral_kurtosis": {"dmean": 8.96269035339, "dmean2": 14.6616039276, "dvar": 121.224952698, "dvar2": 307.951751709, "max": 246.669647217, "mean": 22.3700008392, "median": 14.1067848206, "min": -1.19071817398, "var": 576.239440918}, "spectral_rms": {"dmean": 0.000513048958965, "dmean2": 0.000735166482627, "dvar": 4.75734566407e-07, "dvar2": 1.17005231459e-06, "max": 0.0200849976391, "mean": 0.00409079296514, "median": 0.00363350170664, "min": 3.3423997077e-12, "var": 6.01355031904e-06}, "spectral_rolloff": {"dmean": 121.469657898, "dmean2": 212.445480347, "dvar": 135411.28125, "dvar2": 290116.03125, "max": 19702.8808594, "mean": 971.105285645, "median": 624.462890625, "min": 21.533203125, "var": 3735928}, "spectral_skewness": {"dmean": 0.615105450153, "dmean2": 0.982476294041, "dvar": 0.394345670938, "dvar2": 0.948223292828, "max": 13.3407344818, "mean": 3.1059486866, "median": 2.7452788353, "min": -0.185985162854, "var": 2.99066329002}, "spectral_spread": {"dmean": 269363.15625, "dmean2": 414092.25, "dvar": 186767622144, "dvar2": 295183581184, "max": 39874896, "mean": 2365399.5, "median": 2236137.75, "min": 408477.875, "var": 2313659088900.0}, "spectral_strongpeak": {"dmean": 0.476694494486, "dmean2": 0.748002171516, "dvar": 0.763439416885, "dvar2": 1.59553849697, "max": 31.1449165344, "mean": 1.36577153206, "median": 0.882106304169, "min": 0, "var": 4.32589626312}, "zerocrossingrate": {"dmean": 0.00331459706649, "dmean2": 0.00410420168191, "dvar": 4.91578357469e-05, "dvar2": 4.61401650682e-05, "max": 0.72021484375, "mean": 0.0368923395872, "median": 0.02587890625, "min": 0.00146484375, "var": 0.00421498948708}, "barkbands": {"dmean": [0.000280450185528, 0.00177240197081, 0.00052692880854, 0.000379378529033, 0.000525715528056, 0.00169167527929, 0.000538105610758, 0.000922179140616, 0.00102534540929, 0.000361851445632, 0.000200432070415, 0.00107250490692, 6.19623242528e-05, 4.66242490802e-05, 9.29328234633e-05, 7.26209473214e-05, 7.89111072663e-05, 4.77705179946e-05, 2.78832922049e-05, 1.74857323145e-05, 5.33168167749e-06, 2.04264711101e-06, 1.5836046714e-06, 4.58828452565e-07, 2.70549094239e-07, 8.65015934437e-08, 4.08321589873e-08], "dmean2": [0.000413983856561, 0.00296722305939, 0.000948379340116, 0.000614344375208, 0.000804672890808, 0.00219281995669, 0.000800277397502, 0.00120455399156, 0.00130456266925, 0.000545903574675, 0.000315421901178, 0.00156076613348, 0.00010250681953, 7.86454984336e-05, 0.00015270896256, 0.000123180638184, 0.000136037982884, 8.1316466094e-05, 4.63550059067e-05, 2.84603720502e-05, 8.47511000757e-06, 3.26784129356e-06, 2.38297889155e-06, 7.29753139694e-07, 4.34245407632e-07, 1.24276297697e-07, 6.07229324601e-08], "dvar": [5.80833159347e-07, 4.54786641058e-05, 1.37270535561e-06, 4.1583912207e-06, 5.87313570577e-06, 1.21111506814e-05, 6.75466651501e-07, 3.20441608892e-06, 2.61063200924e-06, 7.46598880141e-06, 1.07113953618e-06, 8.84474502527e-05, 3.23325899387e-08, 7.49263620037e-08, 7.73192141423e-08, 4.79223700722e-08, 1.01391599117e-07, 1.71666219018e-08, 6.77706379903e-09, 1.30507149532e-09, 3.16874804174e-10, 9.50797496291e-11, 1.30082361549e-10, 4.55673823327e-12, 4.47323298194e-12, 2.54047542551e-13, 6.30958772643e-14], "dvar2": [1.12464749691e-06, 0.000121874945762, 4.39860241386e-06, 1.11351300802e-05, 1.26547420223e-05, 2.50046959991e-05, 1.38985421927e-06, 5.82739676247e-06, 4.22376524511e-06, 1.78053523996e-05, 2.53063308264e-06, 0.000212820435991, 8.94504950111e-08, 1.91661186477e-07, 2.04248607361e-07, 1.35286384761e-07, 2.88564251605e-07, 4.65041836151e-08, 1.926759019e-08, 3.7448875112e-09, 7.41251171554e-10, 1.72981712288e-10, 2.9611973984e-10, 1.18533091328e-11, 1.22094435256e-11, 5.5752581371e-13, 1.21335951811e-13], "max": [0.0193812474608, 0.143266692758, 0.0292016379535, 0.0874672681093, 0.179508730769, 0.0704192221165, 0.0225835293531, 0.0485846810043, 0.03779617697, 0.104187265038, 0.0403762720525, 0.39824283123, 0.00560936005786, 0.0115556325763, 0.00649724435061, 0.00325895380229, 0.00861503183842, 0.00261677498929, 0.00260287593119, 0.000681476551108, 0.000854803482071, 0.000771809776779, 0.000452249252703, 8.40289576445e-05, 8.68533898029e-05, 3.18334568874e-05, 1.35753316499e-05], "mean": [0.000742596923374, 0.00298819039017, 0.00120740442071, 0.000711718341336, 0.00182664790191, 0.00580084556714, 0.00113739189692, 0.00203680503182, 0.00259268726222, 0.000674676382914, 0.00036058074329, 0.00246300105937, 0.000111159286462, 7.86229647929e-05, 0.00014665920753, 0.000118859941722, 0.000120136610349, 8.15682069515e-05, 5.45309740119e-05, 3.77973301511e-05, 1.26843451653e-05, 5.65265372643e-06, 3.99003829443e-06, 1.38878510825e-06, 7.69383859733e-07, 3.31142473442e-07, 1.55253331968e-07], "median": [0.000105367973447, 0.000554395723157, 0.000282095279545, 0.000109625056211, 0.000446261750767, 0.00155173544772, 0.000648736546282, 0.00100812548772, 0.00137874577194, 2.32732782024e-05, 0.000101648096461, 7.87421886344e-05, 2.31067588174e-05, 7.53136009735e-06, 2.79040959867e-05, 1.12999387056e-05, 5.78336448598e-06, 3.36938114742e-06, 1.06558154584e-05, 9.72771522356e-06, 2.84196039502e-06, 4.88042132929e-07, 2.85256476218e-07, 2.10438031445e-07, 8.92119800255e-08, 5.09335045251e-08, 3.23225819443e-08], "min": [5.46722764045e-23, 6.63551612604e-24, 1.18264827842e-23, 1.57224900903e-23, 5.63398400057e-23, 1.92613895308e-23, 5.94325281639e-23, 4.78488599217e-23, 9.46571618223e-23, 8.86622985701e-23, 5.61083629726e-23, 5.1714041699e-23, 2.40267871877e-22, 1.20117136356e-22, 6.74381473764e-23, 1.02556461518e-22, 2.75931604448e-22, 2.16683606627e-22, 3.21549499465e-22, 4.17644798894e-22, 5.32729356085e-22, 4.40249967854e-22, 6.06041973917e-22, 9.57874543491e-22, 1.14536181479e-21, 2.27707212025e-21, 2.55606341954e-21], "var": [4.15201566284e-06, 7.88555335021e-05, 4.05990022045e-06, 1.25523611132e-05, 5.91987263761e-05, 0.000110220571514, 2.34885533246e-06, 9.75121929514e-06, 1.35930740726e-05, 2.20051606448e-05, 3.25546352542e-06, 0.0004483035882, 8.5814129136e-08, 1.43473087633e-07, 1.40923432923e-07, 9.17918541177e-08, 2.02070012278e-07, 3.48924125149e-08, 1.60660249549e-08, 3.96450650086e-09, 1.2464800303e-09, 5.05874175882e-10, 3.94263288683e-10, 1.40209224439e-11, 6.9012408635e-12, 1.83610396852e-12, 3.85923958806e-13]}, "erbbands": {"dmean": [0.0868501067162, 0.281099140644, 0.576066851616, 0.848007977009, 1.56546723843, 2.07631325722, 4.23597812653, 19.0106811523, 7.19613218307, 11.7939987183, 25.4729137421, 17.6077136993, 13.4633808136, 11.4210519791, 14.450053215, 46.4920921326, 6.54672527313, 2.19854688644, 2.98206996918, 4.06631994247, 3.8999273777, 4.98783874512, 2.15920424461, 1.69480752945, 1.62908673286, 0.624674022198, 0.304961204529, 0.199044376612, 0.0991941764951, 0.051938880235, 0.0418567471206, 0.0142972329631, 0.00688526406884, 0.00380380148999, 0.00178751174826, 0.000527122931089, 0.00014879189257, 5.47421150259e-05, 7.34695686333e-06, 6.7848859544e-06], "dmean2": [0.141862586141, 0.496015936136, 1.03121960163, 1.38821268082, 2.545378685, 3.03637957573, 5.36173582077, 24.9132785797, 9.13407325745, 17.863910675, 31.9258499146, 23.7394332886, 17.8394603729, 17.5202941895, 22.3835144043, 66.9123535156, 9.88606643677, 3.69736790657, 4.96655273438, 6.69069910049, 6.60944271088, 8.64422702789, 3.68571972847, 2.84876132011, 2.71057844162, 1.00344932079, 0.49918782711, 0.312129408121, 0.156294390559, 0.082328543067, 0.0634850561619, 0.0219215191901, 0.0110702002421, 0.00615379912779, 0.00282623362727, 0.000835846061818, 0.000211508275243, 7.95524756541e-05, 1.13144315037e-05, 9.79079050012e-06], "dvar": [0.107506789267, 1.19249868393, 1.72428691387, 12.7255496979, 66.3653030396, 102.458488464, 75.245513916, 1762.73803711, 170.337768555, 339.612548828, 1599.04846191, 820.985656738, 1811.63598633, 8384.015625, 7225.52832031, 229126.984375, 1585.07836914, 141.841842651, 57.49659729, 111.417137146, 141.035400391, 334.001281738, 38.7677726746, 31.2191810608, 26.5840167999, 1.53920102119, 0.437465578318, 0.758458733559, 0.294432878494, 0.0637696683407, 0.0927225798368, 0.005931858439, 0.00081804022193, 0.00130642170552, 0.000107947875222, 8.90999399417e-06, 9.74198087533e-07, 1.39015014611e-07, 9.0532409347e-10, 2.33043112585e-10], "dvar2": [0.270810514688, 3.40204954147, 5.55895376205, 32.5926589966, 164.03894043, 208.301467896, 131.657058716, 3791.37402344, 273.570770264, 796.1171875, 2928.51635742, 1657.29858398, 3404.92724609, 20356.9902344, 18025.359375, 552066.1875, 3840.6184082, 358.641296387, 152.577438354, 294.178070068, 391.615844727, 977.948059082, 108.260566711, 83.392074585, 73.8514480591, 4.20721149445, 1.25360620022, 1.63268172741, 0.518404603004, 0.15003913641, 0.209510490298, 0.013972886838, 0.00215558614582, 0.00363418995403, 0.000285753427306, 2.45048067882e-05, 1.76002015451e-06, 2.52669849488e-07, 1.70579683711e-09, 5.76479475267e-10], "max": [5.8552031517, 26.8819541931, 23.6603031158, 163.520278931, 403.01159668, 676.776977539, 496.93649292, 854.563110352, 520.925354004, 362.45501709, 1050.07543945, 960.696289062, 1562.05187988, 3493.2121582, 2612.42504883, 20611.4316406, 1547.70874023, 583.508728027, 155.383483887, 231.639892578, 219.874847412, 361.833557129, 105.919006348, 134.459259033, 170.538101196, 39.98462677, 12.0554218292, 50.491985321, 44.2862434387, 8.93138790131, 13.0516138077, 3.57617592812, 0.964061498642, 1.60947573185, 0.296303421259, 0.142366051674, 0.0610951259732, 0.0207405723631, 0.00167987495661, 0.000510880141519], "mean": [0.146752730012, 0.438555628061, 1.44891822338, 1.90704751015, 4.22110033035, 7.35217285156, 12.3270816803, 61.5057182312, 25.1189842224, 26.2610206604, 59.6934013367, 44.4541511536, 31.8668117523, 20.3558425903, 28.7872257233, 112.299232483, 14.1077880859, 4.3642206192, 5.28489971161, 7.03138065338, 6.85837936401, 7.74977254868, 4.04932928085, 3.22486662865, 3.23742365837, 1.50126981735, 0.717621564865, 0.487943977118, 0.258572310209, 0.131897062063, 0.110236875713, 0.0403288975358, 0.0203430391848, 0.00970085151494, 0.00520844338462, 0.00181703700218, 0.000545124989003, 0.000200791298994, 3.33918760589e-05, 2.76232967735e-05], "median": [0.0142750730738, 0.111020311713, 0.338262856007, 0.705525457859, 1.1538823843, 1.62808525562, 5.23493242264, 12.6900691986, 10.21971035, 14.8299846649, 35.9939804077, 25.632604599, 5.33280658722, 3.32888197899, 3.69457697868, 2.99656963348, 1.61428833008, 0.882917821407, 1.57447361946, 0.72688126564, 0.765155315399, 0.415781378746, 0.198651939631, 0.504070043564, 0.571524918079, 0.389223515987, 0.15593701601, 0.103678271174, 0.0249902121723, 0.00960042327642, 0.00848098471761, 0.00529331341386, 0.00310293515213, 0.00123011285905, 0.000574837031309, 0.000247699354077, 9.32733091759e-05, 3.12074407702e-05, 1.31821179821e-05, 1.62289688888e-05], "min": [4.15559984672e-22, 1.23677880302e-21, 8.42179400387e-21, 3.76280357059e-20, 1.46450750639e-19, 1.50119102786e-19, 1.25928580588e-19, 2.29667214063e-19, 9.27749334825e-19, 7.49172672802e-19, 1.40472463028e-18, 2.62459590036e-18, 3.19328463944e-18, 1.94233671074e-18, 1.53834242335e-18, 3.50519314853e-18, 1.04203622717e-17, 6.7425464555e-18, 5.33345131305e-18, 3.50989318878e-18, 7.19406506081e-18, 1.4710426158e-17, 1.14410220839e-17, 1.45495130591e-17, 2.03992781028e-17, 1.76878644273e-17, 2.08902147595e-17, 2.03352427429e-17, 1.55748414787e-17, 1.50435086297e-17, 1.90473986298e-17, 1.9429850549e-17, 1.40074351339e-17, 9.41565960071e-18, 1.02828559026e-17, 6.90940574225e-18, 4.33730375754e-18, 1.80008273849e-18, 3.2800004129e-19, 3.59171289311e-20], "var": [0.236844673753, 1.43829441071, 5.73862981796, 54.6827430725, 307.813568115, 1033.9197998, 399.634399414, 14758.1572266, 1499.51269531, 1127.86975098, 5388.72070312, 3682.61206055, 8790.23242188, 22046.3613281, 20015.8144531, 1182001.75, 7215.37744141, 258.989929199, 124.343719482, 225.510284424, 295.223297119, 582.043029785, 86.3786849976, 54.0348434448, 64.2655563354, 6.48864984512, 1.44589054585, 3.36730360985, 1.56115233898, 0.169023498893, 0.306547224522, 0.0151526089758, 0.0028058970347, 0.00142019742634, 0.000259353895672, 4.80005073769e-05, 6.10836923443e-06, 8.88618558292e-07, 5.62766899748e-09, 1.36346500756e-09]}, "gfcc": {"mean": [-141.007720947, 166.634765625, -118.156761169, 5.00546979904, -52.7078437805, -22.8823833466, -14.0520219803, 2.41866207123, -9.72133541107, 3.4217774868, -4.39743185043, -9.41383075714, -2.67139053345], "cov": [[22569.9472656, 2109.24023438, -3796.23022461, -417.30657959, -1454.53039551, 312.529541016, -936.678955078, 451.511260986, -84.8030395508, -15.2890033722, 56.6221733093, 85.2857971191, -104.880134583], [2109.24023438, 2720.75732422, -101.95803833, -637.347167969, -217.103607178, -608.211120605, 267.732177734, -146.876358032, 103.56451416, 199.663330078, 160.674407959, -231.397399902, 180.440048218], [-3796.23022461, -101.95803833, 1732.62854004, 173.382461548, 359.636108398, 259.812011719, 89.7637405396, -5.10395145416, 29.8617172241, -71.7205734253, 2.162078619, -47.3785743713, -18.9623336792], [-417.30657959, -637.347167969, 173.382461548, 702.141784668, 335.657318115, 187.204040527, 44.7110099792, 80.2721252441, 60.8531608582, -22.7332782745, -87.1017303467, 58.0510826111, -92.3603134155], [-1454.53039551, -217.103607178, 359.636108398, 335.657318115, 511.386260986, 146.462722778, 175.125808716, 66.6703643799, 89.743927002, 65.4450836182, -8.22063922882, 46.5506286621, -39.7790412903], [312.529541016, -608.211120605, 259.812011719, 187.204040527, 146.462722778, 579.727783203, -86.3547668457, 157.13571167, 41.8238067627, -76.150177002, 16.5991382599, 74.7194824219, -52.179019928], [-936.678955078, 267.732177734, 89.7637405396, 44.7110099792, 175.125808716, -86.3547668457, 332.473632812, 38.0480270386, 97.3090820312, 134.343078613, 53.4991874695, -2.14478421211, 40.8284187317], [451.511260986, -146.876358032, -5.10395145416, 80.2721252441, 66.6703643799, 157.13571167, 38.0480270386, 180.96635437, 103.025428772, 44.1754798889, 12.6804685593, 32.0144081116, -10.6828489304], [-84.8030395508, 103.56451416, 29.8617172241, 60.8531608582, 89.743927002, 41.8238067627, 97.3090820312, 103.025428772, 195.435592651, 112.504722595, 48.5700683594, 5.58602762222, 19.594537735], [-15.2890033722, 199.663330078, -71.7205734253, -22.7332782745, 65.4450836182, -76.150177002, 134.343078613, 44.1754798889, 112.504722595, 205.054962158, 82.3512954712, 5.62717628479, 23.5269184113], [56.6221733093, 160.674407959, 2.162078619, -87.1017303467, -8.22063922882, 16.5991382599, 53.4991874695, 12.6804685593, 48.5700683594, 82.3512954712, 132.184371948, 33.7667045593, 37.5784416199], [85.2857971191, -231.397399902, -47.3785743713, 58.0510826111, 46.5506286621, 74.7194824219, -2.14478421211, 32.0144081116, 5.58602762222, 5.62717628479, 33.7667045593, 103.776229858, 7.85487604141], [-104.880134583, 180.440048218, -18.9623336792, -92.3603134155, -39.7790412903, -52.179019928, 40.8284187317, -10.6828489304, 19.594537735, 23.5269184113, 37.5784416199, 7.85487604141, 94.8950042725]], "icov": [[0.000328959140461, -0.000775680702645, 0.000592311494984, -0.000591147807427, 0.000749789818656, -0.00081270741066, 0.000835655373521, -0.00104263063986, 0.000818295695353, -0.00063233851688, 0.000483191164676, -0.0010275474051, 0.000653538969345], [-0.000775680702645, 0.00267321546562, -0.00134944997262, 0.00180688069668, -0.00199292553589, 0.00249919597991, -0.00222204905003, 0.00247501325794, -0.00235789571889, 0.00187967775855, -0.00225090468302, 0.00417356938124, -0.00211117463186], [0.000592311494984, -0.00134944997262, 0.00190110737458, -0.000986631959677, 0.000640784332063, -0.00178991293069, 0.00137727416586, -0.0015070240479, 0.00130085390992, -0.000452004547697, 0.000291779113468, -0.00079401693074, 0.000956003146712], [-0.000591147807427, 0.00180688069668, -0.000986631959677, 0.0040429122746, -0.00279887975194, 0.00148085586261, -0.00175084895454, 0.00216292124242, -0.00276960805058, 0.00169405923225, 0.000500305031892, 0.00117217644583, 0.000143222670886], [0.000749789818656, -0.00199292553589, 0.000640784332063, -0.00279887975194, 0.00651901774108, -0.00291845435277, -0.000158093884238, -0.00136380130425, 0.00144988438115, -0.00304154562764, 0.00300392252393, -0.00470355758443, 0.00271902768873], [-0.00081270741066, 0.00249919597991, -0.00178991293069, 0.00148085586261, -0.00291845435277, 0.00628919387236, -0.000897323770914, -0.000900062790606, -0.00219597737305, 0.00412114523351, -0.00443096412346, 0.00305576692335, -0.00111377192661], [0.000835655373521, -0.00222204905003, 0.00137727416586, -0.00175084895454, -0.000158093884238, -0.000897323770914, 0.00803285744041, -0.00409659417346, 0.00229109916836, -0.00343076442368, 0.000285696442006, -0.00189125305042, -0.000336192577379], [-0.00104263063986, 0.00247501325794, -0.0015070240479, 0.00216292124242, -0.00136380130425, -0.000900062790606, -0.00409659417346, 0.0155264660716, -0.0082241166383, 0.000516984320711, 0.00182935874909, 0.000744941236917, -0.000826737261377], [0.000818295695353, -0.00235789571889, 0.00130085390992, -0.00276960805058, 0.00144988438115, -0.00219597737305, 0.00229109916836, -0.0082241166383, 0.0139744253829, -0.00601859949529, -8.74256365933e-05, -0.000603410473559, -0.000867896480486], [-0.00063233851688, 0.00187967775855, -0.000452004547697, 0.00169405923225, -0.00304154562764, 0.00412114523351, -0.00343076442368, 0.000516984320711, -0.00601859949529, 0.0139639414847, -0.00782560650259, 0.00380830350332, 0.000375261995941], [0.000483191164676, -0.00225090468302, 0.000291779113468, 0.000500305031892, 0.00300392252393, -0.00443096412346, 0.000285696442006, 0.00182935874909, -8.74256365933e-05, -0.00782560650259, 0.0183484703302, -0.00980201736093, -0.000231289144722], [-0.0010275474051, 0.00417356938124, -0.00079401693074, 0.00117217644583, -0.00470355758443, 0.00305576692335, -0.00189125305042, 0.000744941236917, -0.000603410473559, 0.00380830350332, -0.00980201736093, 0.0218964722008, -0.00623369915411], [0.000653538969345, -0.00211117463186, 0.000956003146712, 0.000143222670886, 0.00271902768873, -0.00111377192661, -0.000336192577379, -0.000826737261377, -0.000867896480486, 0.000375261995941, -0.000231289144722, -0.00623369915411, 0.016877733171]]}, "melbands": {"dmean": [0.000595814490225, 0.000297467457131, 0.000161594318342, 0.000139369061799, 0.000119900265418, 0.000383259059163, 0.00011839812214, 0.000144987672684, 0.000227648866712, 0.000116136012366, 6.9090136094e-05, 4.86723074573e-05, 3.47943932866e-05, 0.000110327004222, 6.53946044622e-05, 6.54348104945e-06, 4.10000211559e-06, 3.81248833037e-06, 9.53450762609e-06, 4.91023047289e-06, 4.03405192628e-06, 6.56814791e-06, 2.21868390327e-06, 1.63897459515e-06, 1.42205169595e-06, 1.45419392084e-06, 8.79311187418e-07, 4.04935292408e-07, 2.93214895919e-07, 1.46842367599e-07, 9.62686499406e-08, 7.52314690544e-08, 2.78921241659e-08, 3.28350147072e-08, 3.00891969118e-08, 1.71131020466e-08, 7.66303553945e-09, 5.4605586719e-09, 4.32583835419e-09, 3.49572015779e-09], "dmean2": [0.000980240758508, 0.000528884876985, 0.000267138559138, 0.000213593171793, 0.000156116657308, 0.000501340371557, 0.000154288660269, 0.000208037541597, 0.000280506181298, 0.000157594797201, 9.25204149098e-05, 7.49168393668e-05, 5.51999728486e-05, 0.000162421667483, 9.30209935177e-05, 1.12997440738e-05, 6.89618718752e-06, 6.41248198008e-06, 1.56687001436e-05, 8.29466080177e-06, 6.79722370478e-06, 1.14124395623e-05, 3.81625704904e-06, 2.78369566331e-06, 2.39199675889e-06, 2.44563466367e-06, 1.45383467043e-06, 6.66120456572e-07, 4.95739300277e-07, 2.34499793805e-07, 1.50651743525e-07, 1.20446657093e-07, 4.54901396552e-08, 5.1871698048e-08, 4.59728646263e-08, 2.64545327866e-08, 1.21910908035e-08, 8.940967966e-09, 7.02055080737e-09, 5.86677639802e-09], "dvar": [5.19287050338e-06, 6.37883260879e-07, 5.33483841991e-07, 4.52637493709e-07, 6.7094973133e-08, 6.85069096562e-07, 3.71590047621e-08, 6.96168100944e-08, 1.21443804346e-07, 4.07931466384e-08, 5.10860864722e-08, 1.69345298673e-07, 4.40642047295e-08, 8.87824910478e-07, 4.03376702707e-07, 4.90327389802e-10, 7.61075980016e-10, 1.57251933697e-10, 9.13722819629e-10, 2.59816529402e-10, 2.06351269405e-10, 6.55988485754e-10, 3.74399747316e-11, 2.09203297047e-11, 2.37118137625e-11, 2.2589024401e-11, 5.01007872342e-12, 8.62317866852e-13, 4.60547778299e-13, 2.24673808746e-13, 3.7095180443e-13, 1.80431109506e-13, 6.94970077376e-15, 4.65549026738e-14, 7.26363955962e-14, 1.76074077058e-14, 1.80785545361e-15, 4.81422981094e-16, 2.99316059041e-16, 1.88573166278e-15], "dvar2": [1.35012724058e-05, 1.92259517462e-06, 1.40904967338e-06, 1.03208981272e-06, 1.16727008503e-07, 1.44396358337e-06, 6.01005964995e-08, 1.3966560175e-07, 2.20333731704e-07, 7.89619249986e-08, 9.84893375744e-08, 4.10417584362e-07, 1.08091334994e-07, 2.1245220978e-06, 9.72529619503e-07, 1.48698497959e-09, 1.930345217e-09, 4.08183292722e-10, 2.40308462018e-09, 7.37898020464e-10, 5.60895052626e-10, 1.90411109102e-09, 1.0543536183e-10, 5.49425990815e-11, 6.319923751e-11, 6.58428866984e-11, 1.38132422167e-11, 2.40609246936e-12, 1.35768609896e-12, 5.19425431486e-13, 7.7481174688e-13, 3.18576409827e-13, 1.54342074603e-14, 1.10120856119e-13, 1.675934375e-13, 3.63900837903e-14, 4.60402471491e-15, 1.27751076116e-15, 8.05260511609e-16, 5.29731652356e-15], "max": [0.0452481210232, 0.0198914967477, 0.0316302552819, 0.0460546724498, 0.017382632941, 0.0169769786298, 0.00692406762391, 0.0065007135272, 0.00992259290069, 0.00671688560396, 0.00804205983877, 0.0160137694329, 0.00620121136308, 0.0408734232187, 0.025833690539, 0.000457725836895, 0.00128376099747, 0.000418860290665, 0.000710660708137, 0.000284398411168, 0.000324072811054, 0.000567485811189, 0.000103811144072, 0.000144621022628, 0.000118278505397, 0.000137176539283, 5.59649088245e-05, 2.65919297817e-05, 1.02138619695e-05, 1.80917650141e-05, 3.93665577576e-05, 3.49368347088e-05, 3.09153620037e-06, 7.0977712312e-06, 1.22660148918e-05, 8.73121189215e-06, 1.60110175784e-06, 7.0998191859e-07, 7.54185180085e-07, 2.00237286663e-06], "mean": [0.00103970349301, 0.000673587608617, 0.000372290582163, 0.000458340131445, 0.000362777413102, 0.00127004424576, 0.000397024850827, 0.000315081793815, 0.00052785227308, 0.000286084308755, 0.000157350121299, 8.24656890472e-05, 6.54997056699e-05, 0.00025657939841, 0.000150841093273, 1.02390595202e-05, 7.21097694623e-06, 6.5316353357e-06, 1.44818968693e-05, 8.00427005743e-06, 6.92035473548e-06, 9.55593259278e-06, 3.59557930096e-06, 3.05200387629e-06, 2.45748287853e-06, 2.62281196228e-06, 1.67449400124e-06, 8.69406676429e-07, 5.64522053992e-07, 3.16475137652e-07, 2.31567284459e-07, 1.69846828157e-07, 6.86207854983e-08, 7.33586702495e-08, 7.39997361165e-08, 3.95956973875e-08, 1.91714217834e-08, 1.46488892128e-08, 1.10086366689e-08, 7.25436066773e-09], "median": [0.000161423173267, 0.000181961731869, 0.00015350751346, 9.63080092333e-05, 0.000154269655468, 0.000290189200314, 0.000170978149981, 0.000148381106555, 0.000323568965541, 0.000142599092214, 2.01802995434e-05, 9.82608253253e-06, 1.47115888467e-05, 5.84426743444e-06, 5.88173452343e-06, 2.12997338167e-06, 1.06129152755e-06, 2.11187716559e-06, 1.31075182708e-06, 6.0803387214e-07, 7.32490263999e-07, 4.04500383411e-07, 1.54656731866e-07, 1.83565205703e-07, 4.05287181593e-07, 3.74174589979e-07, 4.12566492969e-07, 2.0089338193e-07, 9.61688897405e-08, 6.9226530286e-08, 4.87296780705e-08, 1.13665414858e-08, 6.56864207471e-09, 4.08476408253e-09, 4.48939063702e-09, 4.48225456751e-09, 2.65195687632e-09, 2.27598451197e-09, 1.4578217522e-09, 8.09867617413e-10], "min": [5.77184675232e-24, 3.92388801702e-24, 1.02637445978e-23, 1.04171338677e-23, 5.75624347804e-24, 5.58297727996e-24, 1.30088180426e-23, 7.24556277443e-24, 1.48186542858e-23, 1.43085042493e-23, 1.56526112136e-23, 7.47755098944e-24, 5.70257017091e-24, 5.19907496499e-24, 1.83201585641e-23, 2.07423102196e-23, 1.18598989322e-23, 9.59520075785e-24, 4.52227924553e-24, 6.68717468242e-24, 8.93361703766e-24, 1.62036968202e-23, 1.20594712749e-23, 1.02863975276e-23, 1.12107563373e-23, 1.47839901599e-23, 1.60568566735e-23, 9.76103825279e-24, 1.16497211435e-23, 1.55320590677e-23, 1.04382800731e-23, 8.65264213816e-24, 8.29145270637e-24, 9.03571457146e-24, 1.19092319266e-23, 9.8749963103e-24, 1.21653592853e-23, 1.0501947459e-23, 7.69494843314e-24, 8.15416960962e-24], "var": [1.05320250441e-05, 1.39075643801e-06, 1.90785590348e-06, 3.80613164452e-06, 5.29859164544e-07, 5.96724112256e-06, 3.38042099202e-07, 2.29534492746e-07, 4.18191746121e-07, 1.97731694129e-07, 2.4012476274e-07, 4.52043224186e-07, 1.19863500458e-07, 4.68758571515e-06, 1.90612070128e-06, 7.97831578581e-10, 1.25403876172e-09, 3.71463276805e-10, 1.63585012203e-09, 4.83737938595e-10, 4.51472859098e-10, 1.1559451174e-09, 6.89218057626e-11, 5.34495538107e-11, 3.71856295756e-11, 4.92831123133e-11, 1.23965004928e-11, 2.76735947526e-12, 1.06429719638e-12, 6.2083671537e-13, 1.74909999678e-12, 9.15597025281e-13, 2.95870404186e-14, 1.09840007098e-13, 2.3678707107e-13, 4.01127969816e-14, 3.87339272933e-15, 1.45183120049e-15, 1.04546365004e-15, 1.46138880263e-15]}, "mfcc": {"mean": [-771.647766113, 189.274414062, -3.18977022171, 22.963262558, -15.5748109818, -15.181438446, -1.19063746929, -7.16168451309, -0.0258936565369, 10.0503358841, -1.36068582535, 3.68886303902, 5.23916482925], "cov": [[12101.4296875, 1815.27160645, -1674.94189453, 166.436325073, -386.149047852, 5.2523431778, -328.101501465, 335.774383545, -24.5405521393, 64.1742630005, 154.800979614, 262.46762085, -0.278691679239], [1815.27160645, 2414.80615234, 174.196258545, -303.837341309, -445.354827881, -376.634857178, -50.2053337097, -360.920379639, -67.0932540894, 168.483078003, -31.7233505249, 17.0429077148, 44.3742980957], [-1674.94189453, 174.196258545, 767.64666748, -33.0108757019, 99.7685928345, 37.5207557678, 47.1294670105, -41.2315673828, 7.97292089462, 56.2626228333, 16.7504253387, -26.8705158234, -38.1817474365], [166.436325073, -303.837341309, -33.0108757019, 473.008636475, 191.828170776, 140.093765259, 75.6794815063, 81.7251815796, 97.3984146118, 44.6021690369, 84.9351425171, 57.2137031555, 36.8981170654], [-386.149047852, -445.354827881, 99.7685928345, 191.828170776, 344.001159668, 223.179504395, 55.794593811, 168.848007202, 69.0959014893, 10.4390048981, 70.2714691162, 38.9350662231, 23.2461738586], [5.2523431778, -376.634857178, 37.5207557678, 140.093765259, 223.179504395, 276.717437744, 89.868927002, 169.950714111, 64.4161148071, 6.87052583694, 73.7732391357, 53.7124023438, 19.5300331116], [-328.101501465, -50.2053337097, 47.1294670105, 75.6794815063, 55.794593811, 89.868927002, 162.177032471, 40.2183914185, 46.8672790527, 40.3463516235, 33.5056495667, 43.0111083984, 46.2119979858], [335.774383545, -360.920379639, -41.2315673828, 81.7251815796, 168.848007202, 169.950714111, 40.2183914185, 258.27154541, 85.0341720581, -8.89929008484, 59.1147003174, 33.9274673462, 6.38577032089], [-24.5405521393, -67.0932540894, 7.97292089462, 97.3984146118, 69.0959014893, 64.4161148071, 46.8672790527, 85.0341720581, 145.907348633, 98.3645477295, 75.606010437, 45.3663787842, 33.580329895], [64.1742630005, 168.483078003, 56.2626228333, 44.6021690369, 10.4390048981, 6.87052583694, 40.3463516235, -8.89929008484, 98.3645477295, 197.210754395, 117.483528137, 70.1255187988, 58.4058837891], [154.800979614, -31.7233505249, 16.7504253387, 84.9351425171, 70.2714691162, 73.7732391357, 33.5056495667, 59.1147003174, 75.606010437, 117.483528137, 166.416625977, 92.690322876, 34.895614624], [262.46762085, 17.0429077148, -26.8705158234, 57.2137031555, 38.9350662231, 53.7124023438, 43.0111083984, 33.9274673462, 45.3663787842, 70.1255187988, 92.690322876, 143.583053589, 78.8465957642], [-0.278691679239, 44.3742980957, -38.1817474365, 36.8981170654, 23.2461738586, 19.5300331116, 46.2119979858, 6.38577032089, 33.580329895, 58.4058837891, 34.895614624, 78.8465957642, 138.807815552]], "icov": [[0.00036706685205, -0.00050473283045, 0.000770636775997, -0.000510031590238, 0.000549262447748, -0.000733589346055, 0.000955648487434, -0.00129783421289, 0.000986292259768, -0.00073893670924, 0.000433902459918, -0.000686711748131, 0.000615734548774], [-0.00050473283045, 0.00137765414547, -0.00125464657322, 0.000806920288596, -0.000200606446015, 0.0012982096523, -0.00133491598535, 0.00203976058401, -0.0011928306194, 0.000358951918315, -0.000375882576918, 0.00064716587076, -0.000935091578867], [0.000770636775997, -0.00125464657322, 0.00334336049855, -0.000603849766776, -0.000206039170735, -0.00154015817679, 0.00130276603159, -0.00196500867605, 0.00206782273017, -0.00213497271761, 0.000948522589169, -0.00110698433127, 0.00217911507934], [-0.000510031590238, 0.000806920288596, -0.000603849766776, 0.00408129440621, -0.0026124343276, 0.000997799565084, -0.00216876599006, 0.00327821657993, -0.00343147478998, 0.00204054545611, -0.00168383796699, 0.000897575693671, -0.000756641093176], [0.000549262447748, -0.000200606446015, -0.000206039170735, -0.0026124343276, 0.00949273258448, -0.00563414162025, 0.00313829514198, -0.00397757114843, 0.00206440896727, -0.00147544813808, 0.000483156123664, -0.000237103551626, -0.000821235182229], [-0.000733589346055, 0.0012982096523, -0.00154015817679, 0.000997799565084, -0.00563414162025, 0.0127680851147, -0.00581179419532, -0.000504796567839, -0.00129492965061, 0.0025640707463, -0.00253662210889, -3.2747448131e-05, -0.000109495507786], [0.000955648487434, -0.00133491598535, 0.00130276603159, -0.00216876599006, 0.00313829514198, -0.00581179419532, 0.0117751760408, -0.00312785524875, 0.00148164259735, -0.00283341994509, 0.00260528200306, -0.0023913315963, -0.000583483837545], [-0.00129783421289, 0.00203976058401, -0.00196500867605, 0.00327821657993, -0.00397757114843, -0.000504796567839, -0.00312785524875, 0.014502460137, -0.00960173737258, 0.00686578080058, -0.00401113182306, 0.00259492080659, -0.00198697252199], [0.000986292259768, -0.0011928306194, 0.00206782273017, -0.00343147478998, 0.00206440896727, -0.00129492965061, 0.00148164259735, -0.00960173737258, 0.0196354743093, -0.0113954273984, 0.0028953095898, -0.00173738214653, 0.00195281894412], [-0.00073893670924, 0.000358951918315, -0.00213497271761, 0.00204054545611, -0.00147544813808, 0.0025640707463, -0.00283341994509, 0.00686578080058, -0.0113954273984, 0.018701646477, -0.0111906211823, 0.00307839363813, -0.00477975932881], [0.000433902459918, -0.000375882576918, 0.000948522589169, -0.00168383796699, 0.000483156123664, -0.00253662210889, 0.00260528200306, -0.00401113182306, 0.0028953095898, -0.0111906211823, 0.0187978129834, -0.00921010877937, 0.00493683945388], [-0.000686711748131, 0.00064716587076, -0.00110698433127, 0.000897575693671, -0.000237103551626, -3.2747448131e-05, -0.0023913315963, 0.00259492080659, -0.00173738214653, 0.00307839363813, -0.00921010877937, 0.0174032021314, -0.00847539305687], [0.000615734548774, -0.000935091578867, 0.00217911507934, -0.000756641093176, -0.000821235182229, -0.000109495507786, -0.000583483837545, -0.00198697252199, 0.00195281894412, -0.00477975932881, 0.00493683945388, -0.00847539305687, 0.0138554126024]]}, "spectral_contrast_coeffs": {"dmean": [0.0404155217111, 0.0379264205694, 0.0350596792996, 0.0259448252618, 0.0189531054348, 0.0182862989604], "dmean2": [0.0691399425268, 0.0596451386809, 0.0553959906101, 0.0418921746314, 0.0294408015907, 0.0267726574093], "dvar": [0.00103265559301, 0.000957922195084, 0.000792132865172, 0.000443392258603, 0.000253504520515, 0.000335116812494], "dvar2": [0.00305458530784, 0.00240531237796, 0.00196988764219, 0.00121052959003, 0.000613113981672, 0.00072342006024], "max": [-0.270125240088, -0.365971952677, -0.30126619339, -0.446494013071, -0.567223548889, -0.553286373615], "mean": [-0.665929973125, -0.712918281555, -0.698191046715, -0.762644052505, -0.780683517456, -0.75804156065], "median": [-0.684883236885, -0.718275904655, -0.701287031174, -0.764177322388, -0.782232761383, -0.753542542458], "min": [-0.966480135918, -0.971888065338, -0.961495995522, -0.964842379093, -0.961578965187, -0.961486458778], "var": [0.0127693656832, 0.00728723965585, 0.009447039105, 0.00425204122439, 0.00330095062964, 0.00338733126409]}, "spectral_contrast_valleys": {"dmean": [0.35823187232, 0.268298596144, 0.246100127697, 0.212995573878, 0.188830301166, 0.188944712281], "dmean2": [0.61157220602, 0.437789052725, 0.405375868082, 0.334391057491, 0.263190180063, 0.302687376738], "dvar": [0.0978915914893, 0.06217