{"lowlevel": {"average_loudness": 0.92158895731, "barkbands_crest": {"dmean": 2.60062861443, "dmean2": 4.19255208969, "dvar": 6.97533559799, "dvar2": 18.5558052063, "max": 25.8449039459, "mean": 13.1785764694, "median": 12.5113039017, "min": 3.62141919136, "var": 24.143157959}, "barkbands_flatness_db": {"dmean": 0.0317423008382, "dmean2": 0.0460590645671, "dvar": 0.00142572075129, "dvar2": 0.00280171097256, "max": 0.564909994602, "mean": 0.224233925343, "median": 0.214583665133, "min": 0.0289585161954, "var": 0.00822231639177}, "barkbands_kurtosis": {"dmean": 8.39617347717, "dmean2": 13.0536546707, "dvar": 463.598510742, "dvar2": 1035.92150879, "max": 599.818481445, "mean": 16.1549415588, "median": 8.11196517944, "min": -1.62850236893, "var": 974.954406738}, "barkbands_skewness": {"dmean": 0.740642488003, "dmean2": 1.12427771091, "dvar": 0.93298637867, "dvar2": 2.12163543701, "max": 17.4795093536, "mean": 2.63867855072, "median": 2.31115293503, "min": -2.08705353737, "var": 3.89556932449}, "barkbands_spread": {"dmean": 3.17360091209, "dmean2": 5.23878383636, "dvar": 23.6722946167, "dvar2": 58.8682174683, "max": 106.648979187, "mean": 9.0853471756, "median": 7.0432472229, "min": 0.210743024945, "var": 51.3173332214}, "dissonance": {"dmean": 0.0283164456487, "dmean2": 0.0447454862297, "dvar": 0.000767146528233, "dvar2": 0.00179397547618, "max": 0.499996513128, "mean": 0.419860064983, "median": 0.42736697197, "min": 0.20344465971, "var": 0.00255855638534}, "dynamic_complexity": 4.14734506607, "erbbands_crest": {"dmean": 2.60432600975, "dmean2": 3.99431276321, "dvar": 6.98129987717, "dvar2": 16.2802028656, "max": 29.3420600891, "mean": 11.3325815201, "median": 10.3805351257, "min": 2.32724666595, "var": 25.2524967194}, "erbbands_flatness_db": {"dmean": 0.0236185435206, "dmean2": 0.033015396446, "dvar": 0.000729984545615, "dvar2": 0.00144025136251, "max": 0.455431908369, "mean": 0.191108003259, "median": 0.176975399256, "min": 0.0616845227778, "var": 0.00531967962161}, "erbbands_kurtosis": {"dmean": 2.13605117798, "dmean2": 3.28298211098, "dvar": 10.7719221115, "dvar2": 23.4164676666, "max": 91.7127456665, "mean": 3.42201066017, "median": 1.63042497635, "min": -1.79444181919, "var": 28.6449337006}, "erbbands_skewness": {"dmean": 0.525846660137, "dmean2": 0.803781867027, "dvar": 0.394530951977, "dvar2": 0.963676452637, "max": 6.39478683472, "mean": 1.22165858746, "median": 1.16574645042, "min": -2.24962377548, "var": 1.0063816309}, "erbbands_spread": {"dmean": 9.30143547058, "dmean2": 14.3589715958, "dvar": 166.031478882, "dvar2": 371.483001709, "max": 131.467224121, "mean": 31.5711479187, "median": 24.7020187378, "min": 2.16488265991, "var": 513.033874512}, "hfc": {"dmean": 5.49727869034, "dmean2": 8.25555038452, "dvar": 95.4276733398, "dvar2": 241.436981201, "max": 95.919303894, "mean": 12.6757736206, "median": 9.16568088531, "min": 1.0529716045e-16, "var": 159.342788696}, "melbands_crest": {"dmean": 3.34755539894, "dmean2": 5.20439338684, "dvar": 10.8932504654, "dvar2": 24.5862464905, "max": 37.3431663513, "mean": 17.7082939148, "median": 16.8490715027, "min": 1.5392370224, "var": 54.9009437561}, "melbands_flatness_db": {"dmean": 0.0361086241901, "dmean2": 0.0524747744203, "dvar": 0.00194565940183, "dvar2": 0.00374636636116, "max": 0.716737806797, "mean": 0.309628307819, "median": 0.298309445381, "min": 0.00358919473365, "var": 0.0125399176031}, "melbands_kurtosis": {"dmean": 16.0627574921, "dmean2": 24.5843086243, "dvar": 1746.99768066, "dvar2": 3930.34179688, "max": 1630.34436035, "mean": 32.4805679321, "median": 14.6475086212, "min": -1.38843476772, "var": 4747.37109375}, "melbands_skewness": {"dmean": 0.983694911003, "dmean2": 1.48497033119, "dvar": 1.75455093384, "dvar2": 4.08132219315, "max": 31.7327423096, "mean": 3.36566185951, "median": 2.70085048676, "min": -0.474738806486, "var": 7.37031698227}, "melbands_spread": {"dmean": 2.692912817, "dmean2": 4.3370013237, "dvar": 17.8599853516, "dvar2": 40.2688102722, "max": 157.573410034, "mean": 10.8072938919, "median": 6.90915346146, "min": 0.132214605808, "var": 389.169158936}, "pitch_salience": {"dmean": 0.0734560936689, "dmean2": 0.118232063949, "dvar": 0.00538815790787, "dvar2": 0.0127998432145, "max": 0.913624227047, "mean": 0.49380671978, "median": 0.4958101511, "min": 0.0661212652922, "var": 0.0277567915618}, "silence_rate_20dB": {"dmean": 0.000448430480901, "dmean2": 0.000897062127478, "dvar": 0.000448251317721, "dvar2": 0.000896204845048, "max": 1, "mean": 0.999551653862, "median": 1, "min": 0, "var": 0.00044815093861}, "silence_rate_30dB": {"dmean": 0.0717488825321, "dmean2": 0.143529936671, "dvar": 0.0666019618511, "dvar2": 0.127869337797, "max": 1, "mean": 0.85855191946, "median": 1, "min": 0, "var": 0.121446743608}, "silence_rate_60dB": {"dmean": 0.0201793722808, "dmean2": 0.0401435308158, "dvar": 0.0197718609124, "dvar2": 0.0407750755548, "max": 1, "mean": 0.132481500506, "median": 0, "min": 0, "var": 0.114930018783}, "spectral_centroid": {"dmean": 198.473220825, "dmean2": 325.508789062, "dvar": 121817.6875, "dvar2": 275255.0625, "max": 11706.6796875, "mean": 941.809265137, "median": 609.892822266, "min": 108.863861084, "var": 2633831.75}, "spectral_complexity": {"dmean": 3.18654704094, "dmean2": 5.18883180618, "dvar": 28.9477596283, "dvar2": 73.5294265747, "max": 48, "mean": 10.2528581619, "median": 9, "min": 0, "var": 47.4251976013}, "spectral_decrease": {"dmean": 5.53828272132e-09, "dmean2": 8.17319012469e-09, "dvar": 9.92093427521e-17, "dvar2": 1.91898199406e-16, "max": 1.63101530127e-28, "mean": -1.33154482995e-08, "median": -8.14685474637e-09, "min": -1.06947751988e-07, "var": 2.4495668733e-16}, "spectral_energy": {"dmean": 0.021291743964, "dmean2": 0.0313963890076, "dvar": 0.00144926551729, "dvar2": 0.00281582004391, "max": 0.406767964363, "mean": 0.0514052957296, "median": 0.0318275019526, "min": 9.87575053074e-21, "var": 0.00357299228199}, "spectral_energyband_high": {"dmean": 0.000209097401239, "dmean2": 0.000324280845234, "dvar": 2.06120517987e-07, "dvar2": 5.30132638232e-07, "max": 0.00480576884001, "mean": 0.000317310012178, "median": 7.90147169027e-05, "min": 6.90770370828e-21, "var": 2.79504945411e-07}, "spectral_energyband_low": {"dmean": 0.0172520242631, "dmean2": 0.0256366338581, "dvar": 0.0012981799664, "dvar2": 0.00253961421549, "max": 0.377275764942, "mean": 0.0339761599898, "median": 0.0100750373676, "min": 2.01307805127e-23, "var": 0.00304023409262}, "spectral_energyband_middle_high": {"dmean": 0.00100391358137, "dmean2": 0.00156712951139, "dvar": 4.7130852181e-06, "dvar2": 1.10278369903e-05, "max": 0.0532059893012, "mean": 0.00175746635068, "median": 0.00076721602818, "min": 1.2267828625e-21, "var": 9.26362008613e-06}, "spectral_energyband_middle_low": {"dmean": 0.00593720283359, "dmean2": 0.00891561899334, "dvar": 0.000119721211377, "dvar2": 0.000290373311145, "max": 0.147776931524, "mean": 0.0163417048752, "median": 0.0121242841706, "min": 1.2688348033e-22, "var": 0.000273938814644}, "spectral_entropy": {"dmean": 0.270131319761, "dmean2": 0.383423238993, "dvar": 0.119705475867, "dvar2": 0.238993600011, "max": 9.82017230988, "mean": 7.01978397369, "median": 7.03258323669, "min": 4.41963577271, "var": 0.635032534599}, "spectral_flux": {"dmean": 0.0434378944337, "dmean2": 0.0680943503976, "dvar": 0.00438850466162, "dvar2": 0.00902813766152, "max": 0.513853609562, "mean": 0.0850826948881, "median": 0.0567935407162, "min": 6.24769957991e-11, "var": 0.00716446619481}, "spectral_kurtosis": {"dmean": 4.61188077927, "dmean2": 7.57233285904, "dvar": 80.6326370239, "dvar2": 205.233337402, "max": 165.605773926, "mean": 9.07403755188, "median": 4.79576969147, "min": -1.26106369495, "var": 150.176956177}, "spectral_rms": {"dmean": 0.00125434866641, "dmean2": 0.00180214631837, "dvar": 3.49452875525e-06, "dvar2": 6.50360243526e-06, "max": 0.0199210140854, "mean": 0.00598032167181, "median": 0.00557236233726, "min": 3.1040101045e-12, "var": 1.43872430272e-05}, "spectral_rolloff": {"dmean": 130.622467041, "dmean2": 220.147674561, "dvar": 170414.875, "dvar2": 309852.34375, "max": 19638.28125, "mean": 924.970825195, "median": 430.6640625, "min": 64.599609375, "var": 8106290.5}, "spectral_skewness": {"dmean": 0.4890204072, "dmean2": 0.771884739399, "dvar": 0.442334115505, "dvar2": 1.06678509712, "max": 9.29725265503, "mean": 2.06778883934, "median": 1.83753454685, "min": -0.0974792689085, "var": 1.19415700436}, "spectral_spread": {"dmean": 618918.8125, "dmean2": 858776.625, "dvar": 1032651603970.0, "dvar2": 1713131356160.0, "max": 42536812, "mean": 5057672.5, "median": 4265986, "min": 602534.1875, "var": 33713299652600.0}, "spectral_strongpeak": {"dmean": 0.30612680316, "dmean2": 0.49735814333, "dvar": 0.200280249119, "dvar2": 0.445384174585, "max": 5.87674427032, "mean": 0.770834088326, "median": 0.486025959253, "min": 0, "var": 0.552461624146}, "zerocrossingrate": {"dmean": 0.00632926356047, "dmean2": 0.00758352596313, "dvar": 8.38306950754e-05, "dvar2": 9.46691507124e-05, "max": 0.52490234375, "mean": 0.0402732975781, "median": 0.02587890625, "min": 0.00146484375, "var": 0.00578976515681}, "barkbands": {"dmean": [0.00146181543823, 0.0157917495817, 0.00211233110167, 0.00113701052032, 0.00237634521909, 0.00133918842766, 0.00191189802717, 0.00104610912967, 0.000264646136202, 0.000396241230192, 0.000174936256371, 4.97462933708e-05, 5.58732390346e-05, 6.538398884e-05, 6.11712384853e-05, 5.88345828874e-05, 0.000132115615997, 0.000245632079896, 8.73818644322e-05, 8.79078070284e-05, 7.24534402252e-05, 4.31528715126e-05, 2.2572294256e-05, 2.59648768406e-05, 1.41524415085e-05, 1.25171836771e-05, 7.24217579773e-06], "dmean2": [0.00155679194722, 0.023898139596, 0.00373066775501, 0.00194428872783, 0.00379478791729, 0.00216130446643, 0.00304369884543, 0.0014217448188, 0.000408685213188, 0.000556589511689, 0.000253307371167, 7.8522862168e-05, 8.75971163623e-05, 0.000100429817394, 0.000100153949461, 9.89026302705e-05, 0.000222650021897, 0.000456211157143, 0.00015346382861, 0.000156788970344, 0.000127323408378, 6.97785362718e-05, 3.38854006259e-05, 3.83586157113e-05, 2.11114820559e-05, 1.88438716577e-05, 1.17851077448e-05], "dvar": [9.02595911612e-06, 0.00116391049232, 2.67878949671e-05, 5.07422782903e-06, 2.60885299213e-05, 8.53696201375e-06, 2.83568660961e-05, 7.86969849287e-06, 1.00572526662e-06, 1.85057365343e-06, 3.36680614055e-07, 1.30959962874e-08, 1.65873750291e-08, 2.93918773764e-08, 2.07804795593e-08, 2.26698855244e-08, 1.01129835173e-07, 8.45279885198e-07, 5.01581496337e-08, 5.46486838005e-08, 3.47739401718e-08, 1.36570514897e-08, 3.43838468808e-09, 5.36046185218e-09, 1.03227704162e-09, 1.39569156232e-09, 1.1105131259e-09], "dvar2": [1.24718344523e-05, 0.00236063776538, 7.76637243689e-05, 1.33458479468e-05, 6.07434885751e-05, 2.26923893933e-05, 7.48380261939e-05, 1.36195913001e-05, 2.59937542069e-06, 3.21987477037e-06, 6.93033825883e-07, 3.17966346586e-08, 4.10638882897e-08, 6.25097271723e-08, 4.9876220487e-08, 5.80498458191e-08, 2.6764547556e-07, 2.42439273279e-06, 1.40979267371e-07, 1.55404578095e-07, 9.85289503319e-08, 3.61521053094e-08, 8.55318305071e-09, 1.25473995638e-08, 2.40397546314e-09, 3.18907700247e-09, 2.68841948703e-09], "max": [0.0401422567666, 0.341358602047, 0.0424001924694, 0.0322264395654, 0.098558396101, 0.0514437071979, 0.0840719491243, 0.0781531110406, 0.0195916295052, 0.0514901652932, 0.0220769513398, 0.00220976676792, 0.00224633445032, 0.00381307979114, 0.00268793455325, 0.00256821815856, 0.00401671929285, 0.00964597146958, 0.00266926502809, 0.0024869965855, 0.00217942241579, 0.00199803430587, 0.00132961163763, 0.00110007601324, 0.000479957379866, 0.000490292964969, 0.000547626928892], "mean": [0.00329179945402, 0.0268155355006, 0.00308988941833, 0.00164338969626, 0.00489679304883, 0.00407714629546, 0.00272348918952, 0.00221360940486, 0.000404015561799, 0.000735666893888, 0.00031963881338, 7.51894549467e-05, 8.15035527921e-05, 0.00010117648344, 8.35184764583e-05, 6.68864522595e-05, 0.000162755604833, 0.000171899417182, 8.9184861281e-05, 8.8854409114e-05, 8.23510927148e-05, 6.63000537315e-05, 3.91899557144e-05, 3.57892749889e-05, 2.18005825445e-05, 1.84236232599e-05, 9.5044642876e-06], "median": [0.000369947287254, 0.00651688408107, 0.000985592952929, 0.000470019265777, 0.00216433126479, 0.00213380157948, 0.000750608858652, 0.000835781218484, 9.03256877791e-05, 0.000130487111164, 8.40944267111e-05, 2.83683748421e-05, 2.78450661426e-05, 2.356740697e-05, 1.82794356078e-05, 1.52967313625e-05, 3.92879883293e-05, 1.7207912606e-05, 2.19071480387e-05, 2.04795305763e-05, 1.99198893824e-05, 1.57630583999e-05, 9.21086939343e-06, 6.07683796261e-06, 3.88125818063e-06, 1.2748747622e-06, 5.96637335093e-08], "min": [5.1145757347e-25, 3.66160478224e-24, 5.15834272379e-25, 6.75661485385e-25, 7.43711161286e-24, 1.07557279565e-23, 8.29773992779e-24, 7.64428936353e-24, 5.27528957806e-24, 1.05065914832e-23, 1.46499248268e-23, 9.71544603677e-24, 3.05364648532e-23, 3.69152193764e-23, 4.02251061853e-23, 4.05065875335e-23, 6.03589979654e-23, 9.41288143425e-23, 1.2785111605e-22, 1.47978466595e-22, 2.65979612946e-22, 3.22884958936e-22, 4.14047492192e-22, 5.13797249717e-22, 9.0835710076e-22, 1.20716670644e-21, 2.06019206833e-21], "var": [3.33708230755e-05, 0.00231152679771, 2.77221388387e-05, 9.76260525931e-06, 5.4935553635e-05, 2.75688598776e-05, 3.18848360621e-05, 2.48058568104e-05, 1.59039723258e-06, 5.7647439462e-06, 7.49280729906e-07, 2.02197352195e-08, 2.31191741307e-08, 5.58151569408e-08, 3.94385004654e-08, 2.64142361317e-08, 1.09459392661e-07, 4.80950802739e-07, 3.56860994088e-08, 4.00478867846e-08, 2.71026010523e-08, 1.69366192182e-08, 5.93772986335e-09, 6.88128620752e-09, 1.75231573696e-09, 2.3904838109e-09, 1.4993449815e-09]}, "erbbands": {"dmean": [0.741759598255, 2.99140930176, 3.08044576645, 2.8435690403, 4.60490846634, 7.08633327484, 17.8787689209, 9.80334091187, 21.6843147278, 35.7010955811, 11.5574588776, 6.7806353569, 11.0529994965, 7.89365720749, 7.08555603027, 2.09606528282, 2.71824622154, 3.32622361183, 2.90587830544, 3.71248030663, 3.42703723907, 8.43016529083, 14.7532653809, 5.21097564697, 4.94359397888, 4.24369668961, 3.70858502388, 2.06042838097, 1.62010490894, 0.951072275639, 0.674815118313, 0.623421669006, 0.365775108337, 0.169434770942, 0.0982035249472, 0.0668780580163, 0.017959581688, 0.00619439827278, 0.00151978002395, 9.02763786144e-05], "dmean2": [1.00941383839, 4.98237466812, 5.55532360077, 4.87887096405, 7.8276424408, 11.0601167679, 28.807264328, 15.5550346375, 34.0417785645, 52.849647522, 16.3039245605, 10.2597293854, 16.0605297089, 10.6201610565, 10.3258581161, 3.27161383629, 4.20552873611, 5.03935527802, 4.73223495483, 5.95904779434, 5.83951044083, 14.4000549316, 27.4418735504, 9.30236148834, 8.75960826874, 7.49663972855, 6.60403013229, 3.54077267647, 2.61610984802, 1.44629096985, 1.03463637829, 0.913617730141, 0.559824228287, 0.247340321541, 0.150049433112, 0.100260779262, 0.0273689292371, 0.00971190351993, 0.00245666899718, 0.000145111989696], "dvar": [2.41706776619, 47.3910675049, 60.8153114319, 31.0140628815, 122.593948364, 269.365631104, 2062.28564453, 356.617767334, 3738.0402832, 6688.37011719, 616.809570312, 672.807006836, 1124.98156738, 1625.24365234, 438.603912354, 22.5881099701, 40.1180610657, 71.9491500854, 50.4910354614, 130.399963379, 57.5123176575, 494.105224609, 3194.17871094, 225.76763916, 189.574325562, 120.340332031, 106.096969604, 26.3744277954, 17.3798084259, 7.20403814316, 4.11254644394, 3.48307561874, 0.900174736977, 0.121800020337, 0.0572698153555, 0.0404724813998, 0.00307181919925, 0.00043236053898, 4.92948092869e-05, 1.19527598486e-07], "dvar2": [4.17137479782, 122.044418335, 178.313568115, 83.7377700806, 316.926605225, 586.844421387, 5718.83056641, 925.537231445, 9856.50585938, 15431.1171875, 1227.36706543, 1732.7088623, 2384.44067383, 2387.81860352, 966.786071777, 58.1207618713, 98.3521270752, 153.805877686, 119.239387512, 305.443756104, 158.04258728, 1328.70458984, 9188.20703125, 638.271057129, 536.768249512, 340.426818848, 303.120758057, 73.4786605835, 46.4774665833, 18.7384662628, 10.5553340912, 7.52273416519, 2.26018571854, 0.275092810392, 0.137378439307, 0.0928326100111, 0.00718688685447, 0.00103944807779, 0.000117454743304, 3.03363833609e-07], "max": [18.8018016815, 59.6780166626, 68.9587478638, 81.7777023315, 107.781768799, 372.424530029, 746.446350098, 261.50378418, 922.4609375, 1407.53527832, 604.16583252, 508.153808594, 675.70501709, 1911.4666748, 758.707946777, 96.6119384766, 116.12033844, 193.087310791, 154.402679443, 230.652252197, 77.139755249, 270.015930176, 618.943359375, 163.27494812, 119.485519409, 114.265769958, 127.324874878, 76.7311019897, 56.964099884, 55.6489562988, 53.9182395935, 30.254327774, 11.449757576, 4.86059856415, 3.83873009682, 3.02204680443, 0.674760580063, 0.27600851655, 0.120265215635, 0.00578972604126], "mean": [1.22212660313, 4.11509895325, 4.45881032944, 4.66234731674, 5.68139743805, 16.2536640167, 43.1304893494, 27.3538799286, 34.3327980042, 63.1183929443, 23.7399940491, 11.535993576, 20.2337245941, 15.4540605545, 13.0175237656, 3.5064573288, 4.1168012619, 5.33349466324, 4.24833345413, 4.79698133469, 4.10707092285, 9.52055072784, 10.4551334381, 4.88021612167, 4.74875259399, 4.42834043503, 3.93776917458, 2.69639444351, 2.41248297691, 1.59633553028, 1.12572848797, 0.898405492306, 0.496239095926, 0.267370432615, 0.145199790597, 0.0954678580165, 0.0261044502258, 0.00858835317194, 0.00198571244255, 0.000137873503263], "median": [0.171127974987, 1.1270955801, 1.67809259892, 1.41229951382, 2.03908514977, 6.94413661957, 16.2717342377, 19.7140750885, 12.141658783, 24.0582942963, 11.9626178741, 3.47198748589, 3.85671114922, 4.05835962296, 3.74529671669, 1.57392013073, 1.55472683907, 1.49865984917, 1.1663954258, 1.00900018215, 1.37169146538, 1.99521124363, 1.17807900906, 1.10486841202, 1.09956455231, 1.0693205595, 0.933164060116, 0.678195595741, 0.573732733727, 0.365787863731, 0.256704002619, 0.158687248826, 0.0881821066141, 0.051189340651, 0.0223982520401, 0.0076504140161, 0.00206644483842, 0.000292179000098, 3.72569011233e-05, 4.43199023721e-05], "min": [8.81659599103e-23, 8.30834818214e-22, 1.0421615418e-21, 4.01765985602e-21, 1.10175441194e-20, 2.53621039821e-20, 3.68631068968e-20, 4.88094205555e-20, 1.44851849289e-19, 1.77946143601e-19, 1.91299113434e-19, 2.01290136915e-19, 5.88527890592e-19, 5.07890808963e-19, 6.58690435823e-19, 5.87082289074e-19, 1.87521906904e-18, 2.37110950357e-18, 2.72340614005e-18, 3.94342061577e-18, 3.32792730929e-18, 4.77637991208e-18, 4.57656450895e-18, 6.48259088593e-18, 7.06009737034e-18, 7.23352819347e-18, 7.99305783963e-18, 9.14777715933e-18, 1.1733226944e-17, 1.11846176007e-17, 1.04350141219e-17, 1.18547943699e-17, 8.294561037e-18, 8.69859658002e-18, 6.55046229596e-18, 3.91137191652e-18, 2.30800451502e-18, 8.64854295058e-19, 2.5695339508e-19, 2.94500305694e-20], "var": [5.68274116516, 56.8411903381, 56.4149894714, 62.6389961243, 128.284378052, 728.346191406, 4366.70849609, 828.638183594, 4216.45507812, 14359.6777344, 1686.86889648, 1142.44458008, 2835.86914062, 5566.13134766, 919.628540039, 33.758014679, 57.2183380127, 136.310836792, 101.016395569, 211.893157959, 49.661567688, 476.675842285, 1802.31286621, 147.788574219, 125.817375183, 93.2011489868, 73.2701339722, 25.9310417175, 21.3718490601, 10.0963535309, 5.69909000397, 4.8921995163, 1.07559609413, 0.225291088223, 0.0931221246719, 0.0657812282443, 0.00464703235775, 0.000722429074813, 6.62644815748e-05, 1.39630330409e-07]}, "gfcc": {"mean": [-92.4211883545, 124.447937012, -88.4500045776, 28.7129688263, -59.8671264648, -6.14097309113, -28.1520957947, 4.99045228958, -11.1384859085, 4.55987453461, -4.79842710495, 5.08323287964, -2.58493852615], "cov": [[44692.5351562, 550.042358398, -119.755943298, 2825.32128906, -2013.21032715, 990.156188965, -1157.30786133, 1201.57470703, -561.364135742, 713.068847656, -242.28704834, 717.122802734, -64.4740219116], [550.042358398, 2652.73535156, -898.461975098, -271.024383545, 184.839416504, -391.076873779, 275.802825928, -317.241607666, 217.626907349, -273.060394287, 102.042724609, -282.15322876, 75.1811523438], [-119.755943298, -898.461975098, 2165.83691406, 779.309082031, 304.172393799, 448.27355957, 86.709854126, 401.040008545, 103.122886658, 307.169128418, 158.036056519, 227.384750366, 53.359172821], [2825.32128906, -271.024383545, 779.309082031, 1149.64855957, 162.056015015, 352.388549805, 37.3484649658, 329.100982666, 56.891544342, 150.530609131, 44.7929992676, 40.6624603271, -7.38499689102], [-2013.21032715, 184.839416504, 304.172393799, 162.056015015, 472.113616943, 61.128868103, 221.079452515, 24.685344696, 120.81552887, -19.5791664124, 59.6881217957, -81.4555206299, 19.1851997375], [990.156188965, -391.076873779, 448.27355957, 352.388549805, 61.128868103, 337.919769287, 25.0462188721, 197.759338379, 7.62927913666, 120.101638794, 5.52923154831, 58.9681816101, -14.1953306198], [-1157.30786133, 275.802825928, 86.709854126, 37.3484649658, 221.079452515, 25.0462188721, 214.287033081, 0.233731910586, 95.5209579468, -32.2414321899, 48.2568054199, -62.1524085999, 15.3847408295], [1201.57470703, -317.241607666, 401.040008545, 329.100982666, 24.685344696, 197.759338379, 0.233731910586, 285.464111328, 34.5576515198, 121.769462585, 34.6004295349, 78.6216659546, 13.0250597], [-561.364135742, 217.626907349, 103.122886658, 56.891544342, 120.81552887, 7.62927913666, 95.5209579468, 34.5576515198, 134.768096924, 22.3593215942, 56.473285675, -33.326171875, 12.0404777527], [713.068847656, -273.060394287, 307.169128418, 150.530609131, -19.5791664124, 120.101638794, -32.2414321899, 121.769462585, 22.3593215942, 145.500717163, 40.2714881897, 67.6507415771, -8.84652900696], [-242.28704834, 102.042724609, 158.036056519, 44.7929992676, 59.6881217957, 5.52923154831, 48.2568054199, 34.6004295349, 56.473285675, 40.2714881897, 110.234397888, 33.1469535828, 35.229927063], [717.122802734, -282.15322876, 227.384750366, 40.6624603271, -81.4555206299, 58.9681816101, -62.1524085999, 78.6216659546, -33.326171875, 67.6507415771, 33.1469535828, 135.653182983, 32.9098587036], [-64.4740219116, 75.1811523438, 53.359172821, -7.38499689102, 19.1851997375, -14.1953306198, 15.3847408295, 13.0250597, 12.0404777527, -8.84652900696, 35.229927063, 32.9098587036, 81.2087936401]], "icov": [[6.48275454296e-05, -0.000153002489242, 5.9611054894e-05, -0.000173491775058, 0.000174758431967, -6.68588036206e-05, 7.9114062828e-05, -0.000143458004459, 0.000220882197027, -0.000281159504084, 0.000262556277448, -0.000337980338372, 5.29048520548e-05], [-0.000153002489242, 0.00119725486729, 5.26529292983e-05, 0.000203819276066, -4.84467454953e-05, 0.000419578747824, -0.000640320999082, 0.000714139197953, -0.00146958383266, 0.00136420642957, -0.0015538437292, 0.00177100347355, -0.000831482640933], [5.9611054894e-05, 5.26529292983e-05, 0.00117864646018, -0.000552070501726, -0.00053874833975, -0.000289173272904, -0.000160221054102, 4.85895434394e-05, -0.000133612978971, -0.00123792688828, 6.88466971042e-05, -0.00170346116647, -0.000181359806447], [-0.000173491775058, 0.000203819276066, -0.000552070501726, 0.00219457200728, -0.000753346132115, -0.000848849827889, 0.000628920155577, -0.00103002635296, -0.000253181846347, 0.00114735111129, -0.00111156550702, 0.00201361533254, 0.00014026449935], [0.000174758431967, -4.84467454953e-05, -0.00053874833975, -0.000753346132115, 0.00576399546117, -0.000358439632691, -0.00356376753189, -2.90077623504e-05, -0.000419042626163, 0.000395956158172, -0.000302325031953, 0.00209398241714, -0.000887665024493], [-6.68588036206e-05, 0.000419578747824, -0.000289173272904, -0.000848849827889, -0.000358439632691, 0.00764879770577, -0.00309992814437, -0.00209014303982, 0.00166696275119, -0.00340070319362, 0.00238649360836, -0.000387457985198, 0.000519595749211], [7.9114062828e-05, -0.000640320999082, -0.000160221054102, 0.000628920155577, -0.00356376753189, -0.00309992814437, 0.0133954025805, -0.000569531519432, -0.0038608990144, 0.00439483858645, -0.00308447075076, 0.00150949752424, 0.000449331302661], [-0.000143458004459, 0.000714139197953, 4.85895434394e-05, -0.00103002635296, -2.90077623504e-05, -0.00209014303982, -0.000569531519432, 0.00924418866634, -0.00320362439379, -0.00209223246202, 0.000334101525368, -0.00162750843447, -0.00187222892419], [0.000220882197027, -0.00146958383266, -0.000133612978971, -0.000253181846347, -0.000419042626163, 0.00166696275119, -0.0038608990144, -0.00320362439379, 0.0179878007621, -0.0066531766206, -0.00277612125501, 0.00371304480359, -0.00045583411702], [-0.000281159504084, 0.00136420642957, -0.00123792688828, 0.00114735111129, 0.000395956158172, -0.00340070319362, 0.00439483858645, -0.00209223246202, -0.0066531766206, 0.021753732115, -0.00787878688425, -0.000863752269652, 0.00537075754255], [0.000262556277448, -0.0015538437292, 6.88466971042e-05, -0.00111156550702, -0.000302325031953, 0.00238649360836, -0.00308447075076, 0.000334101525368, -0.00277612125501, -0.00787878688425, 0.0206223409623, -0.0081540858373, -0.00356861832552], [-0.000337980338372, 0.00177100347355, -0.00170346116647, 0.00201361533254, 0.00209398241714, -0.000387457985198, 0.00150949752424, -0.00162750843447, 0.00371304480359, -0.000863752269652, -0.0081540858373, 0.0233757086098, -0.00777306314558], [5.29048520548e-05, -0.000831482640933, -0.000181359806447, 0.00014026449935, -0.000887665024493, 0.000519595749211, 0.000449331302661, -0.00187222892419, -0.00045583411702, 0.00537075754255, -0.00356861832552, -0.00777306314558, 0.019124140963]]}, "melbands": {"dmean": [0.00513588357717, 0.00230909581296, 0.000561732857022, 0.000321420491673, 0.000613373704255, 0.000229289493291, 0.000351696042344, 0.000369760353351, 7.74176078266e-05, 3.93860646e-05, 5.56025479455e-05, 3.31305127474e-05, 2.60660526692e-05, 7.95256528363e-06, 5.90689705859e-06, 5.00812348037e-06, 6.86788234816e-06, 4.70170743938e-06, 4.42446525994e-06, 4.99848283653e-06, 3.94855624108e-06, 8.53192523209e-06, 1.32772929646e-05, 1.04730297608e-05, 3.64654715668e-06, 3.16970658787e-06, 3.71108740183e-06, 2.65077278527e-06, 2.32093793784e-06, 1.94688072952e-06, 1.06395646071e-06, 1.01868431557e-06, 7.34870241104e-07, 4.59261940478e-07, 4.29663970181e-07, 3.66490610304e-07, 3.92158597151e-07, 2.87870449256e-07, 1.77324750439e-07, 1.35275996627e-07], "dmean2": [0.00744593841955, 0.00407560542226, 0.000963299477007, 0.000514696061146, 0.000984970945865, 0.000366520136595, 0.000554994272534, 0.000535589642823, 0.000111206711153, 5.98184415139e-05, 8.08787590358e-05, 4.50000516139e-05, 3.76668685931e-05, 1.21139037219e-05, 9.32275906962e-06, 7.87830322224e-06, 1.03876036519e-05, 7.6821543189e-06, 7.22311415302e-06, 8.2336464402e-06, 6.78505921314e-06, 1.43163370012e-05, 2.42498172156e-05, 1.95585744223e-05, 6.43402381684e-06, 5.58803003514e-06, 6.65894503982e-06, 4.67753534394e-06, 4.12724648413e-06, 3.47124000655e-06, 1.82341136679e-06, 1.66318295669e-06, 1.18814762118e-06, 6.90028684858e-07, 6.76716922499e-07, 5.47802812889e-07, 5.8668587144e-07, 4.56562759155e-07, 2.70897345445e-07, 1.97800062551e-07], "dvar": [0.000120694538055, 3.10162904498e-05, 1.16476064704e-06, 4.21651947136e-07, 2.29846864386e-06, 2.10493851682e-07, 1.01275168163e-06, 7.32183650598e-07, 2.873544247e-08, 2.01783887377e-08, 2.8196760482e-08, 3.18979758163e-08, 7.5263555388e-09, 3.27415677903e-10, 1.6294902927e-10, 1.2693453233e-10, 3.54117429824e-10, 1.28427421475e-10, 1.16630052838e-10, 1.99364774689e-10, 7.81905373781e-11, 4.74939532147e-10, 2.23111529252e-09, 1.51484025324e-09, 1.00703965999e-10, 6.27072491155e-11, 1.25831858822e-10, 4.51705513271e-11, 3.96560700944e-11, 2.5520439928e-11, 8.40694614618e-12, 6.65480431178e-12, 5.409200865e-12, 1.25917256222e-12, 2.54455180884e-12, 1.16845346333e-12, 1.53541177168e-12, 6.42385396179e-13, 1.56529926824e-13, 7.55600551745e-14], "dvar2": [0.000220456990064, 8.76729754964e-05, 3.14559497383e-06, 9.87326188806e-07, 6.11821451457e-06, 5.50756169559e-07, 2.67258451458e-06, 1.57052954819e-06, 6.34775716435e-08, 5.15570555137e-08, 5.96861227109e-08, 4.70042778034e-08, 1.55827528658e-08, 8.12965028629e-10, 4.10231904002e-10, 3.22539023268e-10, 7.49955875179e-10, 3.09756997829e-10, 2.82012024844e-10, 4.84123907629e-10, 2.1281984508e-10, 1.21941956532e-09, 6.37721653263e-09, 4.34153957229e-09, 2.831965773e-10, 1.75495076804e-10, 3.59613033796e-10, 1.27618124401e-10, 1.1257213911e-10, 7.27925150712e-11, 2.33415006073e-11, 1.75960634952e-11, 1.46214464147e-11, 3.16403131993e-12, 6.77929804307e-12, 2.81944649919e-12, 3.46451534995e-12, 1.66455607978e-12, 3.77321600614e-13, 1.71554543032e-13], "max": [0.123848587275, 0.053012792021, 0.0118603697047, 0.00998585019261, 0.0221151188016, 0.00677300523967, 0.0146651593968, 0.0178819559515, 0.00343175115995, 0.00272549549118, 0.00334550440311, 0.00846933107823, 0.00325333699584, 0.000360762904165, 0.000232300444623, 0.000172543790541, 0.000440907781012, 0.000214791303733, 0.000165612858837, 0.000268512609182, 8.79733634065e-05, 0.000365984858945, 0.000488713791128, 0.000429115316365, 0.000135174050229, 8.22224028525e-05, 0.000100276571175, 7.50812614569e-05, 7.08710431354e-05, 6.92685134709e-05, 4.99448542541e-05, 3.48975991074e-05, 4.43335338787e-05, 2.22065282287e-05, 4.85722448502e-05, 2.29338165809e-05, 2.05423420994e-05, 9.51763740886e-06, 4.84926795252e-06, 3.67833945347e-06], "mean": [0.00886591617018, 0.00339724263176, 0.000862146553118, 0.000611467577983, 0.00145739538129, 0.000650903675705, 0.000528030039277, 0.000683946302161, 0.000152107604663, 6.3875108026e-05, 0.00010027839744, 6.2315921241e-05, 4.80837807117e-05, 1.24122652778e-05, 8.65933179739e-06, 7.35389176043e-06, 1.06921470433e-05, 6.70542249281e-06, 5.84984536545e-06, 5.89104411119e-06, 4.51691494163e-06, 1.04244754766e-05, 1.02592421172e-05, 7.28285567675e-06, 3.57846693078e-06, 3.19724449582e-06, 3.36520611199e-06, 2.78679908661e-06, 2.41245425059e-06, 2.13826388062e-06, 1.41912903473e-06, 1.45629769577e-06, 1.10550342924e-06, 7.73437022872e-07, 6.80248263052e-07, 5.61184037906e-07, 5.22731625097e-07, 3.65553717074e-07, 2.60854477574e-07, 2.13234443436e-07], "median": [0.00178616179619, 0.00128713878803, 0.000310151983285, 0.000238149616052, 0.000585126574151, 0.000439928175183, 0.000170924336999, 0.000256887869909, 7.00492237229e-05, 1.6380496163e-05, 1.72295658558e-05, 1.39490075526e-05, 1.28714946186e-05, 4.45618570666e-06, 3.28478517986e-06, 2.84496240965e-06, 2.3886479994e-06, 1.73718433416e-06, 1.22095332244e-06, 1.17457420856e-06, 1.34855429224e-06, 2.16275793719e-06, 1.06932577637e-06, 7.99866313628e-07, 8.08023401078e-07, 7.83202722232e-07, 6.68070299525e-07, 6.64287313157e-07, 5.73758200062e-07, 4.77629555462e-07, 3.36896448516e-07, 3.2765322544e-07, 2.4055736958e-07, 1.78920004146e-07, 1.48405547407e-07, 1.195760575e-07, 8.03703628094e-08, 6.10706649695e-08, 4.87387445958e-08, 4.03825382023e-08], "min": [1.16118885577e-24, 1.00946309635e-24, 9.21133551934e-25, 1.10783908022e-24, 1.19877906398e-24, 1.46338095818e-24, 2.04193470151e-24, 1.93386608231e-24, 1.59310292176e-24, 9.03583763376e-25, 2.13739199864e-24, 1.71563086832e-24, 2.38635295045e-24, 1.71203011272e-24, 3.00594915453e-24, 3.20851956309e-24, 3.01567304848e-24, 4.03149534981e-24, 2.74624056453e-24, 3.86198531292e-24, 3.59357538992e-24, 3.61638254198e-24, 4.93829451023e-24, 3.95973819529e-24, 4.71896987934e-24, 4.56352483796e-24, 4.47621884057e-24, 4.17653492141e-24, 4.3522284445e-24, 5.57080515619e-24, 4.51725104612e-24, 5.92997076532e-24, 6.01920947194e-24, 5.98330604556e-24, 4.63894467367e-24, 5.44997414805e-24, 6.0302598355e-24, 4.49971348491e-24, 5.67595203182e-24, 5.75907667198e-24], "var": [0.000269501062576, 3.10613722831e-05, 1.88050501038e-06, 8.69725170105e-07, 4.4768371481e-06, 5.06978778958e-07, 1.08764379547e-06, 1.78388711447e-06, 6.77504345958e-08, 3.49459803317e-08, 7.11009064958e-08, 1.08552079325e-07, 1.6658351143e-08, 5.07728692423e-10, 2.33654151582e-10, 1.67125396855e-10, 6.80091427618e-10, 2.325409032e-10, 1.92842464219e-10, 2.84962775599e-10, 6.87801482435e-11, 5.96051319413e-10, 1.33188582385e-09, 8.61499871441e-10, 7.1256299472e-11, 4.55889943851e-11, 7.96674948234e-11, 3.68768626746e-11, 2.79223900945e-11, 1.91376706149e-11, 8.38718851315e-12, 8.2930702236e-12, 6.00087731242e-12, 2.19854559905e-12, 2.89439826273e-12, 1.50617289908e-12, 1.95898245542e-12, 6.67444506781e-13, 2.34420474568e-13, 1.4354484398e-13]}, "mfcc": {"mean": [-721.215637207, 146.503845215, 26.1015090942, 32.7149276733, -3.12066960335, -3.13840103149, -6.61108112335, -0.507488548756, -1.14936375618, -1.18461537361, -0.16560895741, 5.25549936295, 4.56752586365], "cov": [[15126.5595703, 426.771820068, 768.188171387, 1179.39221191, 13.6769304276, 210.510879517, 19.9696044922, 258.384490967, 149.118896484, 93.6280899048, 125.8516922, 208.212020874, 19.918554306], [426.771820068, 2272.08666992, -28.8889064789, 63.6780700684, 4.21527147293, -32.3925971985, -6.36061906815, 9.12117004395, 26.317937851, 34.0889701843, -19.2113800049, 11.0539274216, 96.9383544922], [768.188171387, -28.8889064789, 1025.87927246, 564.063415527, 230.905975342, 209.462387085, 101.529541016, 143.977508545, 68.3660125732, 85.4312744141, 134.911834717, 140.080673218, 91.8650741577], [1179.39221191, 63.6780700684, 564.063415527, 863.761352539, 327.99710083, 232.704238892, 179.806091309, 186.218521118, 139.947799683, 134.008544922, 152.650726318, 139.160644531, 67.4417419434], [13.6769304276, 4.21527147293, 230.905975342, 327.99710083, 254.910934448, 142.713409424, 114.202964783, 95.5976257324, 79.6247253418, 79.2730178833, 75.2574234009, 62.271396637, 31.4917106628], [210.510879517, -32.3925971985, 209.462387085, 232.704238892, 142.713409424, 220.638061523, 105.596908569, 82.289604187, 63.5453948975, 75.2181472778, 69.8073501587, 31.4861831665, 36.8376731873], [19.9696044922, -6.36061906815, 101.529541016, 179.806091309, 114.202964783, 105.596908569, 146.244476318, 95.2107391357, 63.5641937256, 55.8448944092, 48.1497383118, 37.108291626, 21.2776012421], [258.384490967, 9.12117004395, 143.977508545, 186.218521118, 95.5976257324, 82.289604187, 95.2107391357, 135.393936157, 77.4962158203, 60.1049537659, 52.0701637268, 45.0132408142, 16.4756851196], [149.118896484, 26.317937851, 68.3660125732, 139.947799683, 79.6247253418, 63.5453948975, 63.5641937256, 77.4962158203, 103.014846802, 70.2673873901, 46.3015785217, 23.8163318634, 10.536775589], [93.6280899048, 34.0889701843, 85.4312744141, 134.008544922, 79.2730178833, 75.2181472778, 55.8448944092, 60.1049537659, 70.2673873901, 109.055908203, 63.1987953186, 25.9830989838, 17.4645576477], [125.8516922, -19.2113800049, 134.911834717, 152.650726318, 75.2574234009, 69.8073501587, 48.1497383118, 52.0701637268, 46.3015785217, 63.1987953186, 99.0093460083, 66.1742553711, 30.6301631927], [208.212020874, 11.0539274216, 140.080673218, 139.160644531, 62.271396637, 31.4861831665, 37.108291626, 45.0132408142, 23.8163318634, 25.9830989838, 66.1742553711, 118.789855957, 57.722820282], [19.918554306, 96.9383544922, 91.8650741577, 67.4417419434, 31.4917106628, 36.8376731873, 21.2776012421, 16.4756851196, 10.536775589, 17.4645576477, 30.6301631927, 57.722820282, 82.9935073853]], "icov": [[8.83310349309e-05, -1.72464515344e-05, 4.4836692723e-06, -0.000211357852095, 0.000305151130306, -0.000144681092934, 0.00018871226348, -0.000126916260342, -4.42499913333e-05, -4.52587437394e-06, 0.000156182126375, -0.00021133707196, 0.000186893157661], [-1.72464515344e-05, 0.000498638779391, 5.86315582041e-05, -8.17314576125e-05, -6.50462461635e-05, 0.000298923667287, 6.30373251624e-05, -8.22548827273e-05, -5.42922316527e-05, -0.000294191238936, 0.000285884685582, 0.000367435801309, -0.000976862385869], [4.4836692723e-06, 5.86315582041e-05, 0.00181710254401, -0.00089424464386, -0.000195844098926, -0.000813924532849, 0.00119550258387, -0.00124163471628, 0.00104779948015, 0.000237958520302, -0.000497952336445, -0.000305984169245, -0.000765162636526], [-0.000211357852095, -8.17314576125e-05, -0.00089424464386, 0.00368905160576, -0.00292449793778, 3.75624358639e-06, -0.000777234847192, -0.000231826707022, -0.000756562629249, 0.000171264997334, -0.00101676268969, -0.000468528363854, 0.000252694007941], [0.000305151130306, -6.50462461635e-05, -0.000195844098926, -0.00292449793778, 0.0110815977678, -0.00288099609315, -0.00226478371769, 0.00077079521725, -0.00166410615202, -0.0012533768313, 0.00140791072045, -0.0025741532445, 0.0018432661891], [-0.000144681092934, 0.000298923667287, -0.000813924532849, 3.75624358639e-06, -0.00288099609315, 0.0107779502869, -0.00418212171644, -0.00012014189997, 0.000710215244908, -0.00134778791107, -0.00382272689603, 0.00553793320432, -0.00425863219425], [0.00018871226348, 6.30373251624e-05, 0.00119550258387, -0.000777234847192, -0.00226478371769, -0.00418212171644, 0.0173443108797, -0.00852335151285, -0.000173057385837, 9.75447183009e-05, 0.000873644545209, -0.000956148782279, -0.000505588890519], [-0.000126916260342, -8.22548827273e-05, -0.00124163471628, -0.000231826707022, 0.00077079521725, -0.00012014189997, -0.00852335151285, 0.0206411611289, -0.00905088800937, -0.000478154077427, 0.00106200575829, -0.00367037998512, 0.00294822826982], [-4.42499913333e-05, -5.42922316527e-05, 0.00104779948015, -0.000756562629249, -0.00166410615202, 0.000710215244908, -0.000173057385837, -0.00905088800937, 0.0245267450809, -0.009610501118, -0.00107166415546, 0.00181505130604, -0.00027203882928], [-4.52587437394e-06, -0.000294191238936, 0.000237958520302, 0.000171264997334, -0.0012533768313, -0.00134778791107, 9.75447183009e-05, -0.000478154077427, -0.009610501118, 0.022739585489, -0.0111874779686, 0.00468638632447, -0.00160963728558], [0.000156182126375, 0.000285884685582, -0.000497952336445, -0.00101676268969, 0.00140791072045, -0.00382272689603, 0.000873644545209, 0.00106200575829, -0.00107166415546, -0.0111874779686, 0.0287372805178, -0.0138478828594, 0.00324936956167], [-0.00021133707196, 0.000367435801309, -0.000305984169245, -0.000468528363854, -0.0025741532445, 0.00553793320432, -0.000956148782279, -0.00367037998512, 0.00181505130604, 0.00468638632447, -0.0138478828594, 0.0237889979035, -0.0128178764135], [0.000186893157661, -0.000976862385869, -0.000765162636526, 0.000252694007941, 0.0018432661891, -0.00425863219425, -0.000505588890519, 0.00294822826982, -0.00027203882928, -0.00160963728558, 0.00324936956167, -0.0128178764135, 0.0226110443473]]}, "spectral_contrast_coeffs": {"dmean": [0.0472475066781, 0.0430429466069, 0.036594837904, 0.0273501127958, 0.0198513176292, 0.0211853217334], "dmean2": [0.07754201442, 0.0688012912869, 0.0565984994173, 0.0437315963209, 0.0316150337458, 0.0361438915133], "dvar": [0.00176540948451, 0.00160199578386, 0.00101217685733, 0.000591545947827, 0.000332961644745, 0.00064258556813], "dvar2": [0.00439374474809, 0.00383181637153, 0.00222272193059, 0.00133176229428, 0.000756883528084, 0.00168471259531], "max": [-0.247880384326, -0.392078846693, -0.492153674364, -0.609507918358, -0.646943688393, -0.615827322006], "mean": [-0.636298894882, -0.657592773438, -0.750682592392, -0.810543477535, -0.819064617157, -0.773518562317], "median": [-0.640789628029, -0.650975346565, -0.75036162138, -0.815801143646, -0.823065340519, -0.77628672123], "min": [-0.978504240513, -0.979818820953, -0.974875807762, -0.97225278616, -0.965955674648, -0.964460611343], "var": [0.0109760044143, 0.00910205021501, 0.00626965798438, 0.0030942929443, 0.00209361547604, 0.00242589483969]}, "spectral_contrast_valleys": {"dmean": [0.451220661402, 0.400665730238, 0.399643957615, 0.418288856745, 0.472008734941, 0.464425653219], "dmean2": [0.719746410847, 0.610248327255, 0.60457521677, 0.622322201729, 0.668471515179, 0.57954710722], "dvar": [0.31150534749, 0.23294146359, 0.256216913462, 0.315799027681, 0.48139154911, 0.330812036991], "dvar2": [0.527931451797, 0.3665394485, 0.410156160593, 0.542697250843, 0.915076375008, 0.570090532303], "max": [-4.