{"lowlevel": {"average_loudness": 0.904698550701, "barkbands_crest": {"dmean": 2.25369429588, "dmean2": 3.64209008217, "dvar": 5.97475147247, "dvar2": 14.5041351318, "max": 26.7362174988, "mean": 16.0160121918, "median": 15.8366823196, "min": 2.61938500404, "var": 31.7776832581}, "barkbands_flatness_db": {"dmean": 0.035800807178, "dmean2": 0.0535269267857, "dvar": 0.00198694481514, "dvar2": 0.00375088956207, "max": 0.675699174404, "mean": 0.32650077343, "median": 0.344096004963, "min": 0.0289650354534, "var": 0.0172777213156}, "barkbands_kurtosis": {"dmean": 26.0727481842, "dmean2": 39.8683319092, "dvar": 5122.35595703, "dvar2": 10179.8876953, "max": 2227.26123047, "mean": 52.5205726624, "median": 12.6354780197, "min": -1.89048862457, "var": 18136.6699219}, "barkbands_skewness": {"dmean": 1.13229882717, "dmean2": 1.74159932137, "dvar": 2.68143725395, "dvar2": 5.77497720718, "max": 33.0003166199, "mean": 3.91179609299, "median": 2.97959065437, "min": -5.99123716354, "var": 12.1819219589}, "barkbands_spread": {"dmean": 2.82919836044, "dmean2": 4.64691925049, "dvar": 57.3792877197, "dvar2": 137.325286865, "max": 161.454284668, "mean": 8.8017578125, "median": 3.29043889046, "min": 0.0546427480876, "var": 301.432922363}, "dissonance": {"dmean": 0.0276025701314, "dmean2": 0.0458988659084, "dvar": 0.000946784450207, "dvar2": 0.00226475088857, "max": 0.500000059605, "mean": 0.396447002888, "median": 0.416582047939, "min": 0.077369697392, "var": 0.00621745176613}, "dynamic_complexity": 9.50344181061, "erbbands_crest": {"dmean": 2.2795689106, "dmean2": 3.44720840454, "dvar": 6.18851995468, "dvar2": 13.3587417603, "max": 32.355014801, "mean": 13.4045906067, "median": 12.810300827, "min": 2.26230454445, "var": 35.9123649597}, "erbbands_flatness_db": {"dmean": 0.023033419624, "dmean2": 0.0336257964373, "dvar": 0.000822066096589, "dvar2": 0.00161085848231, "max": 0.613867342472, "mean": 0.221346780658, "median": 0.230723008513, "min": 0.0124916229397, "var": 0.00763803580776}, "erbbands_kurtosis": {"dmean": 3.47155332565, "dmean2": 5.25222873688, "dvar": 48.081577301, "dvar2": 105.129623413, "max": 152.259597778, "mean": 6.69789218903, "median": 2.36029434204, "min": -1.8107162714, "var": 158.287307739}, "erbbands_skewness": {"dmean": 0.537269115448, "dmean2": 0.801368951797, "dvar": 0.499010592699, "dvar2": 1.01726484299, "max": 10.0356588364, "mean": 1.22003614902, "median": 0.886592149734, "min": -2.48386502266, "var": 3.1060936451}, "erbbands_spread": {"dmean": 7.11448287964, "dmean2": 11.3654127121, "dvar": 160.633773804, "dvar2": 379.561584473, "max": 158.307876587, "mean": 26.8182277679, "median": 15.9346790314, "min": 0.333723932505, "var": 622.612487793}, "hfc": {"dmean": 3.04296445847, "dmean2": 4.15405988693, "dvar": 33.0555114746, "dvar2": 67.6432189941, "max": 107.726600647, "mean": 8.0646314621, "median": 3.71689200401, "min": 1.2518241694e-16, "var": 111.173690796}, "melbands_crest": {"dmean": 2.50033068657, "dmean2": 3.93447804451, "dvar": 7.06393480301, "dvar2": 16.4230289459, "max": 39.2425918579, "mean": 20.9473457336, "median": 21.5790176392, "min": 2.25658893585, "var": 29.0030555725}, "melbands_flatness_db": {"dmean": 0.0400621443987, "dmean2": 0.0596027970314, "dvar": 0.00255978130735, "dvar2": 0.00479815714061, "max": 0.823664069176, "mean": 0.442669838667, "median": 0.469075739384, "min": 0.00567713240162, "var": 0.0236750673503}, "melbands_kurtosis": {"dmean": 22.0485839844, "dmean2": 35.2993812561, "dvar": 2260.83520508, "dvar2": 5598.28759766, "max": 729.402770996, "mean": 48.8691596985, "median": 23.3542404175, "min": -1.62091159821, "var": 5106.86523438}, "melbands_skewness": {"dmean": 0.981621086597, "dmean2": 1.5521992445, "dvar": 2.04262089729, "dvar2": 4.93456506729, "max": 20.3811779022, "mean": 3.89528298378, "median": 3.3965909481, "min": -4.77552938461, "var": 5.97226905823}, "melbands_spread": {"dmean": 2.46806693077, "dmean2": 4.0277261734, "dvar": 64.2665252686, "dvar2": 164.072219849, "max": 162.035873413, "mean": 6.33495807648, "median": 2.80509066582, "min": 0.182211771607, "var": 146.276184082}, "pitch_salience": {"dmean": 0.0726570785046, "dmean2": 0.114970579743, "dvar": 0.00670479796827, "dvar2": 0.0158033277839, "max": 0.962733983994, "mean": 0.354113519192, "median": 0.345283895731, "min": 0.0281735211611, "var": 0.0275778695941}, "silence_rate_20dB": {"dmean": 0.0163716822863, "dmean2": 0.0327506102622, "dvar": 0.0161032639444, "dvar2": 0.0392018072307, "max": 1, "mean": 0.984959065914, "median": 1, "min": 0, "var": 0.014814500697}, "silence_rate_30dB": {"dmean": 0.108407080173, "dmean2": 0.216862142086, "dvar": 0.0966533496976, "dvar2": 0.195953905582, "max": 1, "mean": 0.762663125992, "median": 1, "min": 0, "var": 0.181013718247}, "silence_rate_60dB": {"dmean": 0.0287610627711, "dmean2": 0.0575348511338, "dvar": 0.0279322043061, "dvar2": 0.0595348775387, "max": 1, "mean": 0.289095342159, "median": 0, "min": 0, "var": 0.205515921116}, "spectral_centroid": {"dmean": 117.426994324, "dmean2": 187.989944458, "dvar": 95189.921875, "dvar2": 206606.59375, "max": 11742.7949219, "mean": 527.517028809, "median": 318.877105713, "min": 83.9179153442, "var": 409062.03125}, "spectral_complexity": {"dmean": 0.900884926319, "dmean2": 1.41801285744, "dvar": 2.30827713013, "dvar2": 4.59738111496, "max": 30, "mean": 4.88365411758, "median": 4, "min": 0, "var": 15.7923460007}, "spectral_decrease": {"dmean": 7.74662556324e-09, "dmean2": 1.10109388274e-08, "dvar": 1.99617859164e-16, "dvar2": 4.15329714903e-16, "max": -5.32468953591e-29, "mean": -1.67168465737e-08, "median": -6.96803059697e-09, "min": -1.54493733362e-07, "var": 5.24884294557e-16}, "spectral_energy": {"dmean": 0.0294940508902, "dmean2": 0.0418945960701, "dvar": 0.00288920616731, "dvar2": 0.00600626179948, "max": 0.587699592113, "mean": 0.0638247132301, "median": 0.0268027018756, "min": 1.15553787308e-20, "var": 0.00762562640011}, "spectral_energyband_high": {"dmean": 3.21882216667e-05, "dmean2": 5.63266330573e-05, "dvar": 9.53750145527e-08, "dvar2": 2.76366591834e-07, "max": 0.0101545797661, "mean": 2.58066829701e-05, "median": 2.86127851723e-06, "min": 8.43274445346e-21, "var": 5.42004237047e-08}, "spectral_energyband_low": {"dmean": 0.028656212613, "dmean2": 0.0413445420563, "dvar": 0.00283196964301, "dvar2": 0.00598857505247, "max": 0.582335650921, "mean": 0.0554719790816, "median": 0.020140863955, "min": 4.19047172702e-23, "var": 0.00661756983027}, "spectral_energyband_middle_high": {"dmean": 0.000128884057631, "dmean2": 0.000181687399163, "dvar": 2.23834547342e-07, "dvar2": 4.89454009767e-07, "max": 0.0109777385369, "mean": 0.000264608999714, "median": 2.89204726869e-05, "min": 1.89189029814e-21, "var": 4.32939486927e-07}, "spectral_energyband_middle_low": {"dmean": 0.00268020038493, "dmean2": 0.0034968291875, "dvar": 4.03310114052e-05, "dvar2": 6.19873826508e-05, "max": 0.122076250613, "mean": 0.00915003474802, "median": 0.00218653259799, "min": 3.83897834239e-22, "var": 0.000251911435043}, "spectral_entropy": {"dmean": 0.26838439703, "dmean2": 0.402243793011, "dvar": 0.130479037762, "dvar2": 0.261682927608, "max": 9.81936264038, "mean": 6.26038360596, "median": 6.02144145966, "min": 2.79909539223, "var": 1.06892716885}, "spectral_flux": {"dmean": 0.0423225313425, "dmean2": 0.0697333738208, "dvar": 0.00442803790793, "dvar2": 0.0112564731389, "max": 0.588954329491, "mean": 0.0708349123597, "median": 0.0409593768418, "min": 1.07495949642e-10, "var": 0.00713223870844}, "spectral_kurtosis": {"dmean": 7.98544597626, "dmean2": 12.7530698776, "dvar": 151.297988892, "dvar2": 370.944030762, "max": 366.360351562, "mean": 23.8147163391, "median": 14.6218967438, "min": -1.1844587326, "var": 860.013427734}, "spectral_rms": {"dmean": 0.00152788241394, "dmean2": 0.00206955522299, "dvar": 5.34074933967e-06, "dvar2": 9.88957526715e-06, "max": 0.0239450521767, "mean": 0.00595984142274, "median": 0.00511360680684, "min": 3.35760932946e-12, "var": 2.67481955234e-05}, "spectral_rolloff": {"dmean": 236.329040527, "dmean2": 421.922851562, "dvar": 959785.125, "dvar2": 2588394.75, "max": 18949.21875, "mean": 688.54498291, "median": 172.265625, "min": 64.599609375, "var": 4358674.5}, "spectral_skewness": {"dmean": 0.589124321938, "dmean2": 0.915038526058, "dvar": 0.476169079542, "dvar2": 1.07381379604, "max": 16.5274772644, "mean": 3.43006038666, "median": 3.17274785042, "min": -0.0710035860538, "var": 3.98191428185}, "spectral_spread": {"dmean": 696498.125, "dmean2": 1094764.875, "dvar": 1007105671170.0, "dvar2": 2084977770500.0, "max": 40505196, "mean": 3621094.25, "median": 3062198.25, "min": 228511.84375, "var": 5674424598530.0}, "spectral_strongpeak": {"dmean": 0.2036896348, "dmean2": 0.309530168772, "dvar": 0.125095054507, "dvar2": 0.296453863382, "max": 3.90495491028, "mean": 0.584690213203, "median": 0.436814963818, "min": 0, "var": 0.342522531748}, "zerocrossingrate": {"dmean": 0.00556478602812, "dmean2": 0.00671135494485, "dvar": 0.000127119754325, "dvar2": 0.000172172731254, "max": 0.501953125, "mean": 0.0244731400162, "median": 0.009765625, "min": 0.00244140625, "var": 0.00190715224016}, "barkbands": {"dmean": [0.000140837728395, 0.0234169904143, 0.00635246932507, 0.00133917364292, 0.000646969536319, 0.000435547437519, 0.000486110890051, 0.00042382592801, 0.000269165902864, 7.89390396676e-05, 2.62101475528e-05, 1.49860825331e-05, 8.2053738879e-06, 6.31172406429e-06, 1.03805004983e-05, 3.24859638567e-06, 5.50610775463e-06, 3.70120687876e-06, 3.9430351535e-06, 4.60698720417e-06, 6.62348520564e-06, 7.61490036894e-06, 4.85379678139e-06, 3.89727983929e-06, 4.0535487642e-06, 2.15352201849e-06, 8.44134888212e-07], "dmean2": [0.000233968268731, 0.0350911282003, 0.00878163985908, 0.00202067871578, 0.000947479216848, 0.000739687064197, 0.000543790869415, 0.000571919837967, 0.000312304851832, 0.000118780117191, 3.95147144445e-05, 2.36117011809e-05, 1.2138090824e-05, 9.46667114476e-06, 1.3515410501e-05, 5.20962612427e-06, 7.72271596361e-06, 6.09794460615e-06, 6.42530631012e-06, 7.76412707637e-06, 1.12665247798e-05, 1.34041865749e-05, 8.47909632284e-06, 7.07157187207e-06, 7.52165624363e-06, 3.9597111936e-06, 1.51728795572e-06], "dvar": [1.25603250467e-07, 0.00198543001898, 0.000172672400367, 1.21910361486e-05, 2.0697243599e-06, 1.59537307809e-06, 2.70752252618e-06, 2.00852969101e-06, 1.25336168821e-06, 1.24980360283e-07, 2.63508059817e-08, 4.56744642108e-09, 7.91302634529e-10, 5.11073572351e-10, 1.42889822197e-09, 1.56523280448e-10, 4.86843232395e-10, 2.81737772001e-10, 4.36764263645e-10, 1.30236543772e-09, 1.64974744976e-09, 5.8690203808e-09, 1.61990842962e-09, 2.09797157424e-09, 2.80456724511e-09, 1.21758314542e-09, 5.0740876778e-11], "dvar2": [3.21684126448e-07, 0.00445879856125, 0.000328305904986, 2.45799856202e-05, 4.15493695982e-06, 4.58351041743e-06, 3.27756083607e-06, 3.8968150875e-06, 1.80940787686e-06, 2.97738978361e-07, 5.16239104797e-08, 1.17104903552e-08, 1.46788847744e-09, 1.09286313332e-09, 2.38017605625e-09, 4.04208722049e-10, 1.10685238752e-09, 7.65122576407e-10, 1.22346244247e-09, 3.7127154684e-09, 4.67515759439e-09, 1.71582961173e-08, 4.62809257584e-09, 6.08516659284e-09, 8.15262701792e-09, 3.55848661648e-09, 1.48851708737e-10], "max": [0.00525359157473, 0.483399122953, 0.189800426364, 0.06504470855, 0.0291176661849, 0.0186161659658, 0.0505355037749, 0.0307192057371, 0.021177386865, 0.00726265041158, 0.0103170536458, 0.00142634590156, 0.000854886835441, 0.000624995038379, 0.0013899684418, 0.000338920595823, 0.000514329003636, 0.000501790782437, 0.000567696872167, 0.00100660952739, 0.000941841804888, 0.00276924786158, 0.00130047858693, 0.00154835788999, 0.00174502329901, 0.00112661824096, 0.000237436397583], "mean": [0.00016162810789, 0.0434504374862, 0.010781657882, 0.00306728412397, 0.00151169637684, 0.00077843980398, 0.00159119104501, 0.00140469230246, 0.000777965935413, 0.000120945180242, 4.58831491414e-05, 2.56972289208e-05, 1.81165687536e-05, 1.28051942738e-05, 2.32794118347e-05, 5.19218610862e-06, 9.65207891568e-06, 4.97261089549e-06, 5.81513722864e-06, 4.22816992796e-06, 5.67670213059e-06, 6.3224765654e-06, 3.90001150663e-06, 2.71605540547e-06, 2.64508480541e-06, 1.40761733292e-06, 5.52267465537e-07], "median": [1.18464758998e-05, 0.011858265847, 0.00288226199336, 0.000502161332406, 0.000337713921908, 8.17518157419e-05, 9.9526179838e-05, 4.91877690365e-05, 1.95661468751e-05, 7.38422068025e-06, 2.85900932795e-06, 1.61808588928e-06, 1.68057556493e-06, 8.47288674777e-07, 6.88134718985e-07, 9.49190109623e-07, 5.32822127752e-07, 1.04441687654e-06, 1.2661562323e-06, 5.21644892615e-07, 4.64242503995e-07, 7.53075710236e-07, 3.17665495686e-07, 2.06658612001e-07, 2.3499782742e-07, 1.08717408409e-07, 1.77380528044e-08], "min": [6.12200002004e-24, 1.89089438333e-23, 1.23989520434e-23, 8.91080870231e-24, 4.13404892409e-23, 3.47562269856e-23, 7.27523751288e-23, 9.22636821053e-23, 9.73439715784e-23, 5.83338658039e-23, 7.595234837e-23, 1.94765125308e-22, 1.37473565641e-22, 4.49975632006e-23, 1.33411979586e-22, 2.00953291036e-22, 3.18284221163e-22, 2.09831510317e-22, 3.48873015893e-22, 3.69053365269e-22, 4.60891011999e-22, 4.60128000488e-22, 6.99040218054e-22, 8.10230579164e-22, 1.49840243965e-21, 1.97472831674e-21, 2.50270623106e-21], "var": [1.2961675111e-07, 0.00447999453172, 0.000423161895014, 4.65610864921e-05, 7.76895194576e-06, 3.95570941691e-06, 1.89823877008e-05, 1.00835068224e-05, 6.3603451963e-06, 1.47422966279e-07, 6.27694731747e-08, 6.99334590237e-09, 3.76321240836e-09, 1.82796466852e-09, 6.54164633573e-09, 1.87395834961e-10, 9.21551668309e-10, 2.38285030596e-10, 3.47764372854e-10, 7.90850496202e-10, 1.05338171519e-09, 3.26904947556e-09, 9.69818780838e-10, 1.17291198976e-09, 1.54871515612e-09, 6.62387811268e-10, 2.78476356558e-11]}, "erbbands": {"dmean": [0.336482942104, 6.27352333069, 10.8216276169, 3.44189620018, 3.68614196777, 1.86082100868, 2.49327087402, 4.15632009506, 7.56505823135, 8.48774719238, 5.4208445549, 7.6829328537, 1.71059131622, 2.32831335068, 1.14243793488, 0.733826935291, 0.433580756187, 0.321888297796, 0.581582307816, 0.275629103184, 0.219763562083, 0.229279130697, 0.212054207921, 0.224906042218, 0.18733137846, 0.217486947775, 0.252832323313, 0.285405427217, 0.267334729433, 0.204515770078, 0.133631765842, 0.0898165777326, 0.0618906952441, 0.0486889928579, 0.0274267885834, 0.0106888758019, 0.00317948474549, 0.000841379631311, 0.000139054885949, 3.87785148632e-05], "dmean2": [0.50934201479, 9.40697669983, 14.9869508743, 5.1607465744, 5.38617706299, 2.80416989326, 3.90221095085, 7.12132883072, 8.43518638611, 10.8283424377, 7.5376329422, 8.81886482239, 2.50358128548, 3.38994312286, 1.75180506706, 1.14115202427, 0.635229945183, 0.458927094936, 0.740503847599, 0.423354297876, 0.322645455599, 0.337557017803, 0.347623735666, 0.361501932144, 0.307811558247, 0.366610586643, 0.430173665285, 0.49582606554, 0.469108462334, 0.359503626823, 0.234301552176, 0.161776989698, 0.112650729716, 0.0902473926544, 0.0512349903584, 0.0198908448219, 0.00577779905871, 0.00149196817074, 0.00024666308309, 5.79158913752e-05], "dvar": [0.407021731138, 143.556793213, 456.825683594, 53.8039169312, 77.0374145508, 25.7717685699, 40.7635688782, 150.526275635, 686.772644043, 671.025085449, 276.33770752, 1014.08374023, 54.6977577209, 125.390655518, 36.4266738892, 10.4492053986, 1.9886200428, 1.23322188854, 4.35143995285, 1.29727351665, 0.54443114996, 0.974466979504, 0.671480000019, 1.94901871681, 0.882838129997, 3.17913365364, 3.83140945435, 3.63552737236, 6.74902868271, 3.61760425568, 1.27803122997, 1.0022162199, 0.490035504103, 0.292775332928, 0.192272439599, 0.0341704189777, 0.00215425458737, 8.66211485118e-05, 1.86156671589e-06, 8.65236948755e-09], "dvar2": [0.895635545254, 322.070983887, 860.651245117, 117.751808167, 146.249237061, 57.6494674683, 96.3964538574, 464.631988525, 807.814575195, 1272.79846191, 581.81237793, 1463.00292969, 140.618774414, 293.025512695, 74.7688674927, 26.15376091, 3.8781478405, 2.40016102791, 6.70656108856, 3.27996993065, 1.24703192711, 2.44343495369, 1.78861403465, 5.52028179169, 2.4721057415, 9.14046859741, 10.8827409744, 10.5022478104, 19.7075119019, 10.4451370239, 3.66114211082, 2.90309643745, 1.416867733, 0.843619465828, 0.56445556879, 0.0998043119907, 0.0062833270058, 0.000253466365393, 5.48966090719e-06, 2.22716725062e-08], "max": [9.12934875488, 133.998672485, 275.574981689, 111.463623047, 154.609008789, 117.618690491, 105.416687012, 149.698455811, 792.244750977, 533.419433594, 242.5287323, 595.230773926, 172.676132202, 255.08140564, 340.883758545, 70.7003097534, 40.6710548401, 33.3493843079, 82.3748474121, 30.594417572, 14.0338344574, 24.857667923, 20.1814670563, 43.325668335, 26.426612854, 48.4260025024, 64.8569107056, 52.3088378906, 95.2374038696, 64.788520813, 35.7894973755, 34.1308174133, 22.8179740906, 16.3619174957, 15.7862567902, 5.78271579742, 1.62822830677, 0.293427526951, 0.0484371036291, 0.00277264835313], "mean": [0.635602772236, 11.4784002304, 19.2774028778, 7.78226613998, 9.33062744141, 3.92624473572, 4.80262374878, 7.3790602684, 24.3678092957, 30.6010246277, 16.2016334534, 22.3187942505, 3.25896453857, 3.67718434334, 1.9556261301, 1.28525614738, 0.987239480019, 0.743398725986, 1.32755064964, 0.565642356873, 0.402678132057, 0.388470888138, 0.288165718317, 0.340745508671, 0.236902832985, 0.205904468894, 0.220224007964, 0.238370493054, 0.228984922171, 0.166476219893, 0.105548098683, 0.0641149431467, 0.0429157167673, 0.031963057816, 0.0176695790142, 0.00675858883187, 0.00219539203681, 0.000591955555137, 0.000113865018648, 7.57490852266e-05], "median": [0.159394875169, 3.3205537796, 5.93800592422, 2.46838331223, 1.65847039223, 0.812532186508, 0.571205496788, 0.859867155552, 1.51570117474, 1.91936182976, 0.884886860847, 0.721154630184, 0.261727929115, 0.237872779369, 0.146305695176, 0.0963307321072, 0.0935279726982, 0.063003115356, 0.0522248931229, 0.0347395800054, 0.0558471865952, 0.0321065336466, 0.0535357259214, 0.0623278543353, 0.0536786429584, 0.029130268842, 0.02111912705, 0.019879585132, 0.0328257679939, 0.0123220030218, 0.00891409534961, 0.00505234347656, 0.00349414744414, 0.00269790343009, 0.00158671149984, 0.000468309124699, 0.000229027806199, 4.22806224378e-05, 2.81420689134e-05, 3.45543085132e-05], "min": [1.02895785303e-21, 2.51072156273e-21, 1.00866508908e-20, 2.87130158748e-20, 6.43202331883e-20, 1.53922375845e-19, 1.4173081929e-19, 3.60064095073e-19, 4.60425014065e-19, 2.23510033135e-18, 1.79737351519e-18, 2.51293871858e-18, 2.31214103847e-18, 1.61700481806e-18, 6.05040431871e-18, 6.84261669805e-18, 5.7322888531e-18, 2.53970566282e-18, 5.5485827924e-18, 7.4737439249e-18, 1.10171573672e-17, 1.7308535942e-17, 1.29025137415e-17, 1.69152744264e-17, 1.69892905477e-17, 1.96774472131e-17, 1.3898379642e-17, 1.96492618609e-17, 1.67956955427e-17, 1.82361478614e-17, 2.20815103515e-17, 1.71412833309e-17, 1.40629869295e-17, 1.17763123006e-17, 1.28226610339e-17, 8.28652911325e-18, 3.36634964195e-18, 1.28138186799e-18, 3.64795206285e-19, 3.92774952396e-20], "var": [1.29661476612, 313.659851074, 1105.15112305, 157.838424683, 356.290435791, 78.4717254639, 111.740829468, 310.347290039, 4631.13183594, 3891.75146484, 1057.82434082, 5066.88476562, 70.9717102051, 146.561386108, 78.0825195312, 17.2171707153, 8.17198085785, 5.37934732437, 21.752702713, 2.50903367996, 1.04535889626, 1.39766347408, 0.64497256279, 1.50409007072, 0.64862883091, 1.8820567131, 2.35759758949, 2.18969154358, 3.78110432625, 2.08823227882, 0.758301615715, 0.56440705061, 0.276116043329, 0.165515512228, 0.103154778481, 0.0185716971755, 0.00118288001977, 4.7681540309e-05, 1.00775821466e-06, 1.25593002664e-08]}, "gfcc": {"mean": [-190.436584473, 145.61517334, -45.9694290161, 31.4770450592, -40.8829498291, 2.91659188271, -14.1907396317, 10.1255159378, -4.93024921417, 1.16570866108, -7.82622766495, -6.85945034027, -14.6476249695], "cov": [[19614.703125, 3025.65209961, -655.460205078, 805.540100098, -181.53414917, 128.40838623, -6.11653661728, -34.6195373535, 299.541900635, -10.9299201965, -90.558555603, -309.573730469, 130.6434021], [3025.65209961, 3645.98388672, 366.923309326, -781.392089844, 387.799682617, -172.593032837, 465.624603271, 38.6869621277, 408.174926758, -239.163497925, 202.09854126, -277.524505615, 170.333358765], [-655.460205078, 366.923309326, 1300.21472168, 190.357696533, 262.48236084, 131.829025269, 300.770111084, 59.5597419739, 106.352210999, -13.8511238098, 54.9013519287, -41.3928146362, 23.4343643188], [805.540100098, -781.392089844, 190.357696533, 893.405212402, 25.1172657013, 179.614959717, -22.2770004272, -29.7806720734, -111.815559387, 26.4621334076, -51.5486907959, 39.5530090332, 3.23974442482], [-181.53414917, 387.799682617, 262.48236084, 25.1172657013, 392.401153564, 43.0297546387, 149.186416626, 3.77240943909, 50.2089538574, -74.3494720459, 49.4668502808, -25.1884555817, 47.4318313599], [128.40838623, -172.593032837, 131.829025269, 179.614959717, 43.0297546387, 163.157058716, 47.9311065674, -8.10366344452, -46.0200767517, -6.22432565689, -34.9864387512, 7.4213476181, 16.9380645752], [-6.11653661728, 465.624603271, 300.770111084, -22.2770004272, 149.186416626, 47.9311065674, 261.331970215, 53.2287216187, 89.7205352783, -59.1889915466, 40.5433654785, -44.854927063, 36.2265815735], [-34.6195373535, 38.6869621277, 59.5597419739, -29.7806720734, 3.77240943909, -8.10366344452, 53.2287216187, 114.179191589, 52.9626121521, 22.9275836945, 2.54098558426, -11.1925191879, -29.7643260956], [299.541900635, 408.174926758, 106.352210999, -111.815559387, 50.2089538574, -46.0200767517, 89.7205352783, 52.9626121521, 176.146911621, 18.6700382233, 62.4948158264, -51.7050590515, 10.8665466309], [-10.9299201965, -239.163497925, -13.8511238098, 26.4621334076, -74.3494720459, -6.22432565689, -59.1889915466, 22.9275836945, 18.6700382233, 109.42653656, 19.5636520386, 29.3783321381, -29.6771221161], [-90.558555603, 202.09854126, 54.9013519287, -51.5486907959, 49.4668502808, -34.9864387512, 40.5433654785, 2.54098558426, 62.4948158264, 19.5636520386, 90.7436599731, 10.8972930908, 18.0660686493], [-309.573730469, -277.524505615, -41.3928146362, 39.5530090332, -25.1884555817, 7.4213476181, -44.854927063, -11.1925191879, -51.7050590515, 29.3783321381, 10.8972930908, 84.6524734497, 9.89449977875], [130.6434021, 170.333358765, 23.4343643188, 3.23974442482, 47.4318313599, 16.9380645752, 36.2265815735, -29.7643260956, 10.8665466309, -29.6771221161, 18.0660686493, 9.89449977875, 74.8398513794]], "icov": [[0.000102285026514, -0.000213636376429, 0.000109794025775, -0.000259765860392, 7.87030294305e-05, -0.000145713624079, 0.00011823069508, 6.24623935437e-05, -0.000222158545512, -0.000256623985479, 0.000420266354922, -0.000154812136316, 8.4764433268e-05], [-0.000213636376429, 0.00124894909095, -0.000286786525976, 0.000984300975688, -0.000221427515498, 0.000580933236051, -0.000573883880861, -0.000284629204543, 0.000273749697953, 0.00131696870085, -0.00210173823871, 0.00241989828646, -0.00157909537666], [0.000109794025775, -0.000286786525976, 0.00133807351813, -0.000510064302944, -0.000343322695699, -0.000552589190193, -0.00117281719577, 0.00036562839523, -0.000443589815404, -0.0010557846399, 0.000576149788685, -0.00032992992783, 0.000670210341923], [-0.000259765860392, 0.000984300975688, -0.000510064302944, 0.00246735243127, -0.000349027191987, -0.000949015608057, -0.000106132378278, -0.000203183153644, 0.00107030675281, 0.000574227480683, -0.00170362310018, 0.00156756397337, -0.00105101848021], [7.87030294305e-05, -0.000221427515498, -0.000343322695699, -0.000349027191987, 0.00413194624707, -0.00115472753532, -0.000215405380004, -0.000271884724498, -0.000471973966341, 0.00273487274535, -0.00222257734276, -0.000195270127733, -0.000156707901624], [-0.000145713624079, 0.000580933236051, -0.000552589190193, -0.000949015608057, -0.00115472753532, 0.0120966834947, -0.0042816135101, 0.00095132709248, 0.003409009194, -0.00398355722427, 0.00464175408706, 0.00130642938893, -0.00377660756931], [0.00011823069508, -0.000573883880861, -0.00117281719577, -0.000106132378278, -0.000215405380004, -0.0042816135101, 0.0111488848925, -0.00484197679907, -0.00259306537919, 0.00589136173949, -0.00364369293675, 0.000590147392359, -0.00123098772019], [6.24623935437e-05, -0.000284629204543, 0.00036562839523, -0.000203183153644, -0.000271884724498, 0.00095132709248, -0.00484197679907, 0.015470190905, -0.00538036506623, -0.0033294656314, 0.00612099282444, -0.00491313869134, 0.00751938670874], [-0.000222158545512, 0.000273749697953, -0.000443589815404, 0.00107030675281, -0.000471973966341, 0.003409009194, -0.00259306537919, -0.00538036506623, 0.0176786761731, -0.00657345354557, -0.00798301119357, 0.0116856368259, -0.00629112869501], [-0.000256623985479, 0.00131696870085, -0.0010557846399, 0.000574227480683, 0.00273487274535, -0.00398355722427, 0.00589136173949, -0.0033294656314, -0.00657345354557, 0.0227224677801, -0.00864995177835, -0.00498657627031, 0.0054608983919], [0.000420266354922, -0.00210173823871, 0.000576149788685, -0.00170362310018, -0.00222257734276, 0.00464175408706, -0.00364369293675, 0.00612099282444, -0.00798301119357, -0.00864995177835, 0.027853300795, -0.0120533024892, 0.00109830428846], [-0.000154812136316, 0.00241989828646, -0.00032992992783, 0.00156756397337, -0.000195270127733, 0.00130642938893, 0.000590147392359, -0.00491313869134, 0.0116856368259, -0.00498657627031, -0.0120533024892, 0.0296338256449, -0.0122958356515], [8.4764433268e-05, -0.00157909537666, 0.000670210341923, -0.00105101848021, -0.000156707901624, -0.00377660756931, -0.00123098772019, 0.00751938670874, -0.00629112869501, 0.0054608983919, 0.00109830428846, -0.0122958356515, 0.025623364374]]}, "melbands": {"dmean": [0.00492451572791, 0.00694060465321, 0.000650810892694, 0.000173258827999, 8.93308460945e-05, 8.86275665835e-05, 0.000110336048238, 9.77345043793e-05, 4.5818505896e-05, 4.20317082899e-05, 7.39893403079e-06, 1.01332188933e-05, 3.85794055546e-06, 1.93517962543e-06, 1.44159434967e-06, 7.24553729015e-07, 6.41217297925e-07, 8.88281135758e-07, 5.46027308701e-07, 2.89947564625e-07, 2.90264978275e-07, 2.61339891949e-07, 2.52742495377e-07, 1.81344162797e-07, 1.95073837972e-07, 1.25074521407e-07, 1.34890967729e-07, 1.52496284045e-07, 1.63923516538e-07, 1.47687089225e-07, 1.76089002935e-07, 1.59335570515e-07, 1.34596021439e-07, 1.03646350169e-07, 7.57302842658e-08, 6.67870878601e-08, 5.28379544562e-08, 4.52252102434e-08, 3.90544947493e-08, 4.20316048633e-08], "dmean2": [0.00743990158662, 0.00989995989949, 0.000959673372563, 0.000255161401583, 0.000136442919029, 0.000151092142914, 0.000120980977954, 0.00012693212193, 6.27166300546e-05, 4.81214665342e-05, 1.16701367006e-05, 1.47926784848e-05, 5.78961999054e-06, 3.10052837449e-06, 2.22115318138e-06, 1.01045907286e-06, 9.39757342167e-07, 1.14973272503e-06, 7.43607188269e-07, 4.60675380509e-07, 4.08905123095e-07, 3.60685362466e-07, 4.19102946125e-07, 2.99531933479e-07, 3.1525655686e-07, 2.07524280427e-07, 2.25017402045e-07, 2.61309054395e-07, 2.81288293991e-07, 2.49590641488e-07, 3.12322100626e-07, 2.81228977883e-07, 2.38133111452e-07, 1.82211593369e-07, 1.32483592097e-07, 1.18886937628e-07, 9.65030011457e-08, 8.33391879951e-08, 7.11860650426e-08, 7.85231293321e-08], "dvar": [8.69895375217e-05, 0.000175165463588, 1.89926709027e-06, 1.50009171307e-07, 4.92530176643e-08, 6.70005491088e-08, 1.50019658918e-07, 1.01959720666e-07, 2.04790389091e-08, 2.97486195677e-08, 1.31163391259e-09, 2.45449238712e-09, 6.09219508174e-10, 6.97009394646e-11, 2.27932204361e-11, 7.11677418386e-12, 5.82128139096e-12, 9.40219169882e-12, 3.99179127253e-12, 1.54353038597e-12, 9.02357127821e-13, 1.2087844831e-12, 9.07526657989e-13, 7.75224990538e-13, 1.46904493778e-12, 4.60429491842e-13, 5.81424719568e-13, 1.82232462627e-12, 1.94556979034e-12, 8.3741900133e-13, 1.5491453606e-12, 3.13927486437e-12, 1.33886684291e-12, 9.11082515855e-13, 4.12237952108e-13, 3.22194446687e-13, 4.50277971376e-13, 2.90853387382e-13, 1.90335093064e-13, 2.06792495996e-13], "dvar2": [0.00019847114163, 0.000353962532245, 3.8616594793e-06, 3.01141682257e-07, 1.08316925207e-07, 2.00658746508e-07, 1.74611471948e-07, 1.9534864748e-07, 3.96818329307e-08, 4.28078337222e-08, 3.43929351665e-09, 5.73426106598e-09, 1.18932852455e-09, 1.75567754779e-10, 5.52036402701e-11, 1.00973170797e-11, 1.17005407099e-11, 1.50545773764e-11, 7.87500360061e-12, 4.01260968896e-12, 1.8653282044e-12, 2.74206156912e-12, 2.37305249236e-12, 2.14991522848e-12, 4.15898912531e-12, 1.28827981269e-12, 1.64881411475e-12, 5.26732780656e-12, 5.50424332849e-12, 2.36797430622e-12, 4.51351629682e-12, 9.20270804006e-12, 3.88687953351e-12, 2.62022586787e-12, 1.18157848956e-12, 9.2406594529e-13, 1.30888117185e-12, 8.45721442096e-13, 5.43942820473e-13, 5.97624380538e-13], "max": [0.106040500104, 0.151778876781, 0.0233256127685, 0.00704865483567, 0.00442461529747, 0.00312835304067, 0.0118891885504, 0.00685544777662, 0.00222476455383, 0.00323346117511, 0.000851538788993, 0.00114863913041, 0.00158901058603, 0.000166749174241, 8.04251540103e-05, 0.000101464371255, 7.39126699045e-05, 0.000117494950246, 6.04992528679e-05, 3.83806982427e-05, 2.54118076555e-05, 2.75235724985e-05, 2.01989823836e-05, 2.64380305453e-05, 3.69174886146e-05, 1.93864561879e-05, 2.30846544582e-05, 3.88637745345e-05, 4.99588277307e-05, 2.17894394154e-05, 3.46422057191e-05, 6.76767303958e-05, 3.60177764378e-05, 3.35250479111e-05, 2.05835349334e-05, 1.70015428012e-05, 2.23909901251e-05, 1.85344142665e-05, 1.51706753968e-05, 1.28636775116e-05], "mean": [0.00920492596924, 0.0127921747044, 0.00160422665067, 0.000436019705376, 0.000177953348611, 0.000156651061843, 0.000360046862625, 0.00034957533353, 0.000133177469252, 0.000120250981126, 1.16441642604e-05, 1.58513594215e-05, 6.84184533384e-06, 3.05760522679e-06, 2.77924505099e-06, 1.7616673631e-06, 1.35148570735e-06, 2.00299427888e-06, 1.19753235595e-06, 5.28779821707e-07, 5.2084425306e-07, 4.625856036e-07, 3.26359469227e-07, 2.31548085594e-07, 2.94578001103e-07, 1.55324812567e-07, 1.48262699895e-07, 1.37063366878e-07, 1.38847312314e-07, 1.31467615461e-07, 1.40466710263e-07, 1.35949690616e-07, 1.10666732667e-07, 8.34597813082e-08, 6.0685572123e-08, 4.97836758484e-08, 3.60195713256e-08, 3.13560697407e-08, 2.65317137149e-08, 2.71032849497e-08], "median": [0.00249226507731, 0.00432906625792, 0.000459689763375, 9.41793259699e-05, 2.32676575251e-05, 1.79845592356e-05, 2.12471568375e-05, 1.99322348635e-05, 5.7716711126e-06, 3.14608791996e-06, 8.75834757608e-07, 8.76404385508e-07, 4.17709259182e-07, 2.39526144696e-07, 2.48898743394e-07, 1.32036660716e-07, 8.51263237678e-08, 8.95145362279e-08, 4.32607549783e-08, 5.59269075495e-08, 6.17032327455e-08, 2.34681944988e-08, 5.06451947047e-08, 4.55910225128e-08, 5.19458751569e-08, 3.5871487114e-08, 2.76626082041e-08, 1.81741697247e-08, 1.31491573185e-08, 1.21841932099e-08, 9.7506847041e-09, 1.99499670117e-08, 1.14360974024e-08, 5.12920550477e-09, 5.22270093839e-09, 4.10247835703e-09, 2.52285725644e-09, 2.52748955099e-09, 2.03895877959e-09, 2.31784280658e-09], "min": [7.17402492324e-24, 4.62104699745e-24, 5.74107092182e-24, 7.46925769474e-24, 6.19086639377e-24, 7.66397459856e-24, 9.42603584761e-24, 2.53446698911e-23, 1.29680970427e-23, 1.59581212649e-23, 1.05205921865e-23, 5.49501652801e-24, 1.59543410435e-23, 2.46614421942e-23, 1.82183150435e-23, 8.10083787926e-24, 4.19763852835e-24, 7.81673277969e-24, 1.01825408339e-23, 1.35249760438e-23, 1.13138644019e-23, 1.70032688788e-23, 1.62017956654e-23, 1.01150545724e-23, 1.39673061306e-23, 1.38556223591e-23, 1.05543065239e-23, 1.35038393047e-23, 7.74450309749e-24, 1.043432788e-23, 1.16686506497e-23, 9.56332919956e-24, 8.97872883739e-24, 1.00750656354e-23, 1.16916246459e-23, 1.271042115e-23, 9.275543275e-24, 1.11002132587e-23, 8.06735704472e-24, 1.02019152578e-23], "var": [0.000216405416722, 0.000398490403313, 7.16544218449e-06, 6.32224271158e-07, 1.4955681138e-07, 1.47948398421e-07, 1.04619687136e-06, 5.63947708088e-07, 8.31748749874e-08, 1.4900182066e-07, 1.37777633746e-09, 2.83647971777e-09, 1.44132494828e-09, 1.04639664988e-10, 4.51772265431e-11, 5.06463135319e-11, 2.3563690929e-11, 4.57093633777e-11, 1.47753406732e-11, 2.29451115226e-12, 2.06960208519e-12, 2.33677530451e-12, 9.96746738965e-13, 5.87824439732e-13, 1.17590800378e-12, 3.24951166236e-13, 3.83846464813e-13, 1.05226320279e-12, 1.19422657527e-12, 5.40895290797e-13, 9.03088855867e-13, 1.7259522804e-12, 7.70020115379e-13, 5.30803049084e-13, 2.44723187028e-13, 1.89205679661e-13, 2.49885154886e-13, 1.6123760042e-13, 1.1024820244e-13, 1.1588185923e-13]}, "mfcc": {"mean": [-845.502624512, 173.038909912, 51.8087234497, 43.7636489868, 9.24438667297, 7.193608284, 3.66527295113, 10.0981254578, 6.82998752594, 8.46577644348, 13.7490444183, 5.426653862, 4.95252895355], "cov": [[10612.1884766, 3401.64038086, -236.094299316, 122.907676697, -48.1021385193, 274.05758667, -159.8722229, 38.065486908, 132.860076904, 150.79548645, -13.3860788345, -96.0141906738, -34.0449752808], [3401.64038086, 3447.54980469, 272.184997559, 2.57148599625, 140.8019104, -58.7415733337, 9.03497505188, 153.829376221, 195.223449707, 199.286346436, 198.131103516, 6.43947076797, 24.0926494598], [-236.094299316, 272.184997559, 787.786376953, 288.657409668, 78.5668945312, 123.174446106, 164.151153564, 130.304031372, 112.504440308, 86.0104980469, 78.5420303345, 61.5640678406, 25.6192207336], [122.907676697, 2.57148599625, 288.657409668, 407.902008057, 152.071502686, 149.667266846, 130.688095093, 91.2777404785, 41.712890625, 26.7137546539, 30.5021400452, 22.4463386536, 21.1389255524], [-48.1021385193, 140.8019104, 78.5668945312, 152.071502686, 210.36517334, 96.6154937744, 82.9160995483, 53.6598320007, 25.0088272095, 7.26752996445, 2.8944914341, -10.0278577805, 6.62765645981], [274.05758667, -58.7415733337, 123.174446106, 149.667266846, 96.6154937744, 198.029525757, 106.493675232, 54.2536239624, 26.6433506012, 1.77376270294, -37.2649688721, -15.3091831207, -15.0097866058], [-159.8722229, 9.03497505188, 164.151153564, 130.688095093, 82.9160995483, 106.493675232, 163.347900391, 98.0904769897, 43.3291816711, 4.04830408096, -2.64130783081, 0.402322858572, -7.24189949036], [38.065486908, 153.829376221, 130.304031372, 91.2777404785, 53.6598320007, 54.2536239624, 98.0904769897, 119.126213074, 63.1761894226, 21.3567771912, 10.264670372, 11.9117898941, -3.69599485397], [132.860076904, 195.223449707, 112.504440308, 41.712890625, 25.0088272095, 26.6433506012, 43.3291816711, 63.1761894226, 91.5786361694, 52.1097793579, 22.9586830139, 10.5742492676, -2.0866086483], [150.79548645, 199.286346436, 86.0104980469, 26.7137546539, 7.26752996445, 1.77376270294, 4.04830408096, 21.3567771912, 52.1097793579, 87.8520431519, 59.2006378174, 27.7905483246, 8.48682785034], [-13.3860788345, 198.131103516, 78.5420303345, 30.5021400452, 2.8944914341, -37.2649688721, -2.64130783081, 10.264670372, 22.9586830139, 59.2006378174, 114.65901947, 59.9825553894, 30.1608581543], [-96.0141906738, 6.43947076797, 61.5640678406, 22.4463386536, -10.0278577805, -15.3091831207, 0.402322858572, 11.9117898941, 10.5742492676, 27.7905483246, 59.9825553894, 82.171913147, 39.200378418], [-34.0449752808, 24.0926494598, 25.6192207336, 21.1389255524, 6.62765645981, -15.0097866058, -7.24189949036, -3.69599485397, -2.0866086483, 8.48682785034, 30.1608581543, 39.200378418, 70.2066421509]], "icov": [[0.000229856232181, -0.000291080854367, 0.000243364615017, -0.000320685241604, 0.000568005838431, -0.000824215589091, 0.000531305035111, -2.0884866899e-05, -5.24461756868e-05, -4.04369056923e-05, 0.000230688732699, -1.35488435262e-05, -4.52349850093e-05], [-0.000291080854367, 0.000796523934696, -0.000419922580477, 0.000682830926962, -0.00108543515671, 0.00104417081457, -9.88494139165e-05, -0.000755553890485, -0.000205761039979, -0.000225117022637, -0.00115233380347, 0.000935563002713, -0.000197360306629], [0.000243364615017, -0.000419922580477, 0.00253727287054, -0.0015844713198, 0.00141643604729, -0.00100703421049, -0.000958627206273, 0.000422475335654, -0.00138802477159, -0.000558910600375, 4.87215584144e-05, -0.000818592088763, -0.000149895015056], [-0.000320685241604, 0.000682830926962, -0.0015844713198, 0.00582786044106, -0.00299674482085, -0.00120645482093, -0.000390993227484, -0.00198717648163, 0.00141561520286, 0.000119482028822, -0.00234578363597, 0.000908825313672, -0.00115843338426], [0.000568005838431, -0.00108543515671, 0.00141643604729, -0.00299674482085, 0.00957599934191, -0.00414336938411, -0.000468916085083, -0.000185463824891, -0.000369988469174, 0.00053075136384, -0.000659886398353, 0.0021414202638, -0.00180194166023], [-0.000824215589091, 0.00104417081457, -0.00100703421049, -0.00120645482093, -0.00414336938411, 0.0145434718579, -0.00777468970045, 0.00293329008855, 7.51418701839e-05, -0.00340927555226, 0.00590438302606, -0.00224405713379, 0.00195645098574], [0.000531305035111, -9.88494139165e-05, -0.000958627206273, -0.000390993227484, -0.000468916085083, -0.00777468970045, 0.020726442337, -0.0131140071899, 0.000845745787956, 0.00372946076095, -0.00349904061295, 0.00291229877621, 4.01593788411e-05], [-2.0884866899e-05, -0.000755553890485, 0.000422475335654, -0.00198717648163, -0.000185463824891, 0.00293329008855, -0.0131140071899, 0.026567004621, -0.012678258121, 0.00301360781305, 0.00326428515837, -0.0060114027001, 0.00259689218365], [-5.24461756868e-05, -0.000205761039979, -0.00138802477159, 0.00141561520286, -0.000369988469174, 7.51418701839e-05, 0.000845745787956, -0.012678258121, 0.0285043381155, -0.015148697421, 0.00356371281669, 0.00124001258519, 5.12994301971e-05], [-4.04369056923e-05, -0.000225117022637, -0.000558910600375, 0.000119482028822, 0.00053075136384, -0.00340927555226, 0.00372946076095, 0.00301360781305, -0.015148697421, 0.0292170438915, -0.0131733044982, 0.000299729872495, 0.00149979942944], [0.000230688732699, -0.00115233380347, 4.87215584144e-05, -0.00234578363597, -0.000659886398353, 0.00590438302606, -0.00349904061295, 0.00326428515837, 0.00356371281669, -0.0131733044982, 0.0260212086141, -0.0137124340981, 0.000507417193148], [-1.35488435262e-05, 0.000935563002713, -0.000818592088763, 0.000908825313672, 0.0021414202638, -0.00224405713379, 0.00291229877621, -0.0060114027001, 0.00124001258519, 0.000299729872495, -0.0137124340981, 0.0280266590416, -0.0107579212636], [-4.52349850093e-05, -0.000197360306629, -0.000149895015056, -0.00115843338426, -0.00180194166023, 0.00195645098574, 4.01593788411e-05, 0.00259689218365, 5.12994301971e-05, 0.00149979942944, 0.000507417193148, -0.0107579212636, 0.0210311952978]]}, "spectral_contrast_coeffs": {"dmean": [0.0405490510166, 0.0362992808223, 0.0285098589957, 0.0223878920078, 0.0169258564711, 0.0153975831345], "dmean2": [0.0661300569773, 0.0583969168365, 0.0446134805679, 0.0363480523229, 0.0276455935091, 0.0248347371817], "dvar": [0.00124403985683, 0.00113493984099, 0.000741902797017, 0.000393671536585, 0.000251607300015, 0.000247805379331], "dvar2": [0.00310499803163, 0.0027251096908, 0.00154597638175, 0.000921104743611, 0.000566960778087, 0.000589325441979], "max": [-0.351767539978, -0.348157703876, -0.411163777113, -0.568949520588, -0.625835895538, -0.689161777496], "mean": [-0.64443564415, -0.714383065701, -0.771791696548, -0.818387925625, -0.842577695847, -0.814323067665], "median": [-0.633751392365, -0.725393354893, -0.787805080414, -0.827187001705, -0.848681628704, -0.814673006535], "min": [-0.958643138409, -0.96377235651, -0.958062231541, -0.959167718887, -0.964390993118, -0.964683830738], "var": [0.00972082372755, 0.0110296029598, 0.00840038061142, 0.00292567256838, 0.00154934427701, 0.00146420847159]}, "spectral_contrast_valleys": {"dmean": [0.42508867383, 0.372397601604, 0.362452983856, 0.346844166517, 0.320294260979, 0.41611161828], "dmean2": [0.659741461277, 0.595114827156, 0.554887533188, 0.515521645546, 0.451642125845, 0.5879316926], "dvar": [0.248637914658, 0.202481105924, 0.199649631977, 0.19668468833, 0.185433223844, 0.30030