{"lowlevel": {"average_loudness": 0.953226566315, "barkbands_crest": {"dmean": 3.72742724419, "dmean2": 5.85981702805, "dvar": 10.0146837234, "dvar2": 22.6487064362, "max": 26.5357112885, "mean": 13.4677791595, "median": 12.8725528717, "min": 2.14586782455, "var": 28.3234653473}, "barkbands_flatness_db": {"dmean": 0.0541623644531, "dmean2": 0.0758764073253, "dvar": 0.00220677489415, "dvar2": 0.00436083972454, "max": 0.612171590328, "mean": 0.172953307629, "median": 0.159373730421, "min": 0.0175559204072, "var": 0.00779233081266}, "barkbands_kurtosis": {"dmean": 19.1268539429, "dmean2": 30.079574585, "dvar": 1769.19091797, "dvar2": 4349.15527344, "max": 1317.57043457, "mean": 24.8689689636, "median": 9.35088634491, "min": -1.95400238037, "var": 3397.34594727}, "barkbands_skewness": {"dmean": 1.51808083057, "dmean2": 2.25641894341, "dvar": 2.51629924774, "dvar2": 5.63320732117, "max": 29.2459964752, "mean": 3.41480946541, "median": 2.91730737686, "min": -5.02306175232, "var": 6.82451820374}, "barkbands_spread": {"dmean": 12.5558347702, "dmean2": 18.9540863037, "dvar": 207.261398315, "dvar2": 392.903045654, "max": 132.290145874, "mean": 24.8434047699, "median": 17.5678367615, "min": 0.125319615006, "var": 551.14440918}, "dissonance": {"dmean": 0.0192984770983, "dmean2": 0.0324976108968, "dvar": 0.000470686296467, "dvar2": 0.00126406468917, "max": 0.500000119209, "mean": 0.470243692398, "median": 0.478393286467, "min": 0.204483225942, "var": 0.000773377134465}, "dynamic_complexity": 3.78307938576, "erbbands_crest": {"dmean": 2.94535112381, "dmean2": 4.90758323669, "dvar": 8.52970218658, "dvar2": 21.4683628082, "max": 27.242609024, "mean": 7.59400510788, "median": 6.45983934402, "min": 2.15476226807, "var": 16.5723724365}, "erbbands_flatness_db": {"dmean": 0.0248682759702, "dmean2": 0.0375688411295, "dvar": 0.000648475426715, "dvar2": 0.00135251204483, "max": 0.345508038998, "mean": 0.114864483476, "median": 0.104437246919, "min": 0.0394509360194, "var": 0.00157863460481}, "erbbands_kurtosis": {"dmean": 1.9469666481, "dmean2": 3.14214682579, "dvar": 11.6819887161, "dvar2": 27.4891662598, "max": 71.8900222778, "mean": 0.905936956406, "median": -0.421550154686, "min": -1.92730474472, "var": 15.8818016052}, "erbbands_skewness": {"dmean": 0.684599220753, "dmean2": 1.02560400963, "dvar": 0.493029594421, "dvar2": 1.04213905334, "max": 6.69512653351, "mean": 0.329601556063, "median": 0.214789032936, "min": -6.53914499283, "var": 1.37880825996}, "erbbands_spread": {"dmean": 21.39204216, "dmean2": 33.9321670532, "dvar": 405.936187744, "dvar2": 917.941589355, "max": 221.489593506, "mean": 69.032875061, "median": 66.104095459, "min": 2.60563993454, "var": 1186.49890137}, "hfc": {"dmean": 14.1932258606, "dmean2": 21.2439537048, "dvar": 434.01473999, "dvar2": 955.407897949, "max": 210.244781494, "mean": 19.4168872833, "median": 10.1145305634, "min": 1.20191976747e-16, "var": 587.032897949}, "melbands_crest": {"dmean": 4.51274204254, "dmean2": 7.22529459, "dvar": 14.2498426437, "dvar2": 34.8415184021, "max": 36.2243995667, "mean": 19.1155757904, "median": 18.8522224426, "min": 2.67787957191, "var": 37.4868087769}, "melbands_flatness_db": {"dmean": 0.0611379146576, "dmean2": 0.0849918350577, "dvar": 0.00290257739834, "dvar2": 0.00554886460304, "max": 0.755091786385, "mean": 0.26193729043, "median": 0.251093506813, "min": 0.0085080312565, "var": 0.0118990680203}, "melbands_kurtosis": {"dmean": 47.1194992065, "dmean2": 72.4388122559, "dvar": 5589.88818359, "dvar2": 12885.0205078, "max": 1974.92993164, "mean": 73.2152633667, "median": 39.7200775146, "min": -1.85163903236, "var": 12750.2763672}, "melbands_skewness": {"dmean": 2.14868378639, "dmean2": 3.2726984024, "dvar": 4.5428981781, "dvar2": 10.4275979996, "max": 37.721496582, "mean": 5.93165826797, "median": 5.21511125565, "min": -3.81810593605, "var": 13.223446846}, "melbands_spread": {"dmean": 10.8716812134, "dmean2": 16.2300357819, "dvar": 307.930908203, "dvar2": 548.803710938, "max": 277.443145752, "mean": 18.8021240234, "median": 8.87677001953, "min": 0.152301594615, "var": 963.113708496}, "pitch_salience": {"dmean": 0.112833209336, "dmean2": 0.17260158062, "dvar": 0.00878136325628, "dvar2": 0.0203081648797, "max": 0.861582100391, "mean": 0.493713140488, "median": 0.510723590851, "min": 0.0184626411647, "var": 0.0261549223214}, "silence_rate_20dB": {"dmean": 0, "dmean2": 0, "dvar": 0, "dvar2": 0, "max": 1, "mean": 1, "median": 1, "min": 1, "var": 0}, "silence_rate_30dB": {"dmean": 0.0619652941823, "dmean2": 0.123936578631, "dvar": 0.0581208877265, "dvar2": 0.128890886903, "max": 1, "mean": 0.929627835751, "median": 1, "min": 0, "var": 0.0654261186719}, "silence_rate_60dB": {"dmean": 0.0270675234497, "dmean2": 0.0541376657784, "dvar": 0.026334580034, "dvar2": 0.0600996203721, "max": 1, "mean": 0.0732237771153, "median": 0, "min": 0, "var": 0.0678695961833}, "spectral_centroid": {"dmean": 465.90725708, "dmean2": 709.851623535, "dvar": 255565.859375, "dvar2": 493585.53125, "max": 11128.8466797, "mean": 1297.27929688, "median": 1077.73461914, "min": 95.6639862061, "var": 872457.1875}, "spectral_complexity": {"dmean": 6.36309146881, "dmean2": 9.38979148865, "dvar": 65.8925704956, "dvar2": 119.887229919, "max": 60, "mean": 12.5803766251, "median": 8, "min": 0, "var": 146.795013428}, "spectral_decrease": {"dmean": 5.26540322454e-09, "dmean2": 8.72031158394e-09, "dvar": 6.21715102619e-17, "dvar2": 1.62215240024e-16, "max": 2.4637219577e-29, "mean": -1.01402282127e-08, "median": -7.55730855673e-09, "min": -7.36876515361e-08, "var": 9.85880043806e-17}, "spectral_energy": {"dmean": 0.0207078419626, "dmean2": 0.0342768393457, "dvar": 0.000925903965253, "dvar2": 0.00240310817026, "max": 0.280690133572, "mean": 0.0400327034295, "median": 0.0299338921905, "min": 1.08087714876e-20, "var": 0.00147810752969}, "spectral_energyband_high": {"dmean": 0.00131409335881, "dmean2": 0.00193150888663, "dvar": 4.67236759505e-06, "dvar2": 9.87609655567e-06, "max": 0.0210970100015, "mean": 0.00154270464554, "median": 0.000506356242113, "min": 7.44475637554e-21, "var": 6.19380352873e-06}, "spectral_energyband_low": {"dmean": 0.0162092037499, "dmean2": 0.0255249775946, "dvar": 0.000648190965876, "dvar2": 0.00164442090318, "max": 0.267549276352, "mean": 0.0279557444155, "median": 0.0204610861838, "min": 8.67773249034e-23, "var": 0.000969175074715}, "spectral_energyband_middle_high": {"dmean": 0.00172230659518, "dmean2": 0.00284270616248, "dvar": 9.20445745578e-06, "dvar2": 2.33531554841e-05, "max": 0.0372239537537, "mean": 0.00190152926371, "median": 0.000580126768909, "min": 1.50814756026e-21, "var": 1.03633747131e-05}, "spectral_energyband_middle_low": {"dmean": 0.00851117260754, "dmean2": 0.0145581020042, "dvar": 0.000348656758433, "dvar2": 0.00091788393911, "max": 0.172020539641, "mean": 0.00996299088001, "median": 0.00548965297639, "min": 5.09643928606e-22, "var": 0.000285703572445}, "spectral_entropy": {"dmean": 0.312667965889, "dmean2": 0.452179133892, "dvar": 0.125572621822, "dvar2": 0.233092620969, "max": 9.79045295715, "mean": 7.75373506546, "median": 7.94547653198, "min": 4.9728512764, "var": 0.384596258402}, "spectral_flux": {"dmean": 0.0421052873135, "dmean2": 0.0655336156487, "dvar": 0.00227026618086, "dvar2": 0.00447701662779, "max": 0.4437751472, "mean": 0.111241668463, "median": 0.0955977216363, "min": 1.03965239195e-10, "var": 0.00548602081835}, "spectral_kurtosis": {"dmean": 1.58762550354, "dmean2": 2.47403287888, "dvar": 8.8334274292, "dvar2": 19.1515846252, "max": 78.5794219971, "mean": 2.80563306808, "median": 1.48558187485, "min": -1.23631083965, "var": 14.886089325}, "spectral_rms": {"dmean": 0.00152607110795, "dmean2": 0.00242374441586, "dvar": 3.09325923809e-06, "dvar2": 6.99514384905e-06, "max": 0.0165482331067, "mean": 0.00555701367557, "median": 0.00540405418724, "min": 3.24732862128e-12, "var": 8.17576528789e-06}, "spectral_rolloff": {"dmean": 917.835571289, "dmean2": 1541.59973145, "dvar": 2747791.25, "dvar2": 5402528, "max": 19272.2167969, "mean": 1327.44445801, "median": 301.46484375, "min": 64.599609375, "var": 5434691}, "spectral_skewness": {"dmean": 0.303387612104, "dmean2": 0.454932630062, "dvar": 0.15425299108, "dvar2": 0.295565128326, "max": 7.43066358566, "mean": 1.33940029144, "median": 1.14347374439, "min": -0.00190378143452, "var": 0.453755170107}, "spectral_spread": {"dmean": 1109379.75, "dmean2": 1760200.75, "dvar": 1627240136700.0, "dvar2": 3422786158590.0, "max": 41156272, "mean": 6820820.5, "median": 6894916, "min": 1219073.375, "var": 4002546712580.0}, "spectral_strongpeak": {"dmean": 0.198333024979, "dmean2": 0.331803500652, "dvar": 0.0651788935065, "dvar2": 0.1766859442, "max": 5.99037218094, "mean": 0.344584941864, "median": 0.291227251291, "min": 0, "var": 0.0751302912831}, "zerocrossingrate": {"dmean": 0.0212289411575, "dmean2": 0.0235666036606, "dvar": 0.000518632994499, "dvar2": 0.00051230227109, "max": 0.5048828125, "mean": 0.0632040575147, "median": 0.04931640625, "min": 0.001953125, "var": 0.00310004060157}, "barkbands": {"dmean": [0.000963583763223, 0.0128166023642, 0.00528348144144, 0.00350396963768, 0.00404043961316, 0.00139872764703, 0.000376534444513, 0.00030117877759, 0.000521152862348, 0.000403741229093, 0.0001820292091, 0.000212100319914, 0.000168795566424, 0.000260918139247, 0.000157285729074, 0.000130447384436, 0.00017432605091, 0.000159607006935, 0.000170842715306, 0.000186046308954, 0.000249241798883, 0.000210344951483, 0.000347595079802, 0.000226521573495, 0.000119162010378, 9.37621443882e-05, 1.80559509317e-05], "dmean2": [0.00165614392608, 0.0207951981574, 0.00894090998918, 0.00614894367754, 0.00718142418191, 0.00245333788916, 0.000625565706287, 0.000504869676661, 0.000914500385989, 0.00069159688428, 0.000303723383695, 0.000358652963769, 0.000297866412438, 0.000464026263217, 0.000272627716186, 0.000223489274504, 0.000298747821944, 0.00027511495864, 0.000278294523014, 0.000295180565445, 0.000380935845897, 0.00031767465407, 0.000516705564223, 0.000336026103469, 0.000179074937478, 0.000151127722347, 3.04592813336e-05], "dvar": [1.37720121529e-06, 0.000442513643065, 9.81715056696e-05, 0.000108906817331, 8.15267849248e-05, 6.01861438554e-06, 3.87420556081e-07, 5.20901039636e-07, 2.06544905268e-06, 9.29807526973e-07, 1.4897439371e-07, 2.39832274929e-07, 1.10033440137e-07, 3.09102915708e-07, 1.03561276887e-07, 8.68855920544e-08, 3.0386729577e-07, 3.56347612751e-07, 1.68855081029e-07, 1.23940949948e-07, 2.12501305441e-07, 1.35617355568e-07, 4.19888635861e-07, 1.81687525469e-07, 4.48528432173e-08, 2.19134204116e-08, 1.70118841236e-09], "dvar2": [3.7937925299e-06, 0.00119835941587, 0.000268025760306, 0.000285529764369, 0.000231290061492, 1.71398041857e-05, 1.00203351394e-06, 1.36977530474e-06, 5.60242597203e-06, 2.48402602665e-06, 3.75754666493e-07, 6.18047067746e-07, 2.93602937518e-07, 8.40723089368e-07, 2.77473418464e-07, 2.29614570912e-07, 8.35272089716e-07, 9.96625090011e-07, 4.22647133291e-07, 2.84188246269e-07, 4.90792103847e-07, 3.02052995949e-07, 8.48361025874e-07, 4.14386960301e-07, 9.46197573626e-08, 5.33237702882e-08, 4.26153690114e-09], "max": [0.0163917541504, 0.225434318185, 0.100228823721, 0.106500938535, 0.0755875408649, 0.0435843840241, 0.00769025320187, 0.0159404296428, 0.0175337605178, 0.0121401585639, 0.00554163800552, 0.0100149866194, 0.00392271811143, 0.0057722395286, 0.00549108581617, 0.00365800736472, 0.00974357686937, 0.0133627569303, 0.00727492477745, 0.005288568791, 0.00641515757889, 0.00435374025255, 0.0069597736001, 0.00615423172712, 0.00471383845434, 0.00243723602034, 0.00075495254714], "mean": [0.00119598256424, 0.0189676266164, 0.00654095970094, 0.00296687660739, 0.00397941051051, 0.00165071687661, 0.000470867555123, 0.000315089622745, 0.000419445976149, 0.000368089444237, 0.000172302767169, 0.000197358836886, 0.000142336866702, 0.000215472013224, 0.000152718712343, 0.000126733517391, 0.000172684231075, 0.000156699199579, 0.000185053184396, 0.000216284344788, 0.000266231567366, 0.000247312476858, 0.000375395495212, 0.000278939813143, 0.000155531379278, 8.23179434519e-05, 1.42039552884e-05], "median": [0.000741547788493, 0.0124094448984, 0.00377607252449, 0.000966573308688, 0.00181408238132, 0.000723095261492, 0.000202466879273, 9.22552135307e-05, 7.871822163e-05, 6.43998282612e-05, 3.00622432405e-05, 3.4872762626e-05, 2.57352330664e-05, 3.00694518955e-05, 3.09200731863e-05, 2.36064915953e-05, 3.84550658055e-05, 3.84548184229e-05, 4.49433500762e-05, 5.74285295443e-05, 5.59329855605e-05, 6.58960052533e-05, 8.9335735538e-05, 0.000119332718896, 6.84526457917e-05, 2.26101910812e-05, 1.43489182847e-06], "min": [1.7513593648e-24, 6.57632189698e-23, 9.01402720745e-24, 1.71645735789e-23, 4.43570586326e-23, 2.08692761201e-22, 7.88082204844e-23, 8.5832155943e-23, 5.33708263048e-23, 3.68038795482e-23, 4.2565634403e-23, 2.23639769467e-22, 9.64542058971e-23, 8.98604015803e-23, 5.75789511612e-23, 1.42801254516e-22, 2.39358271077e-22, 1.77071328613e-22, 2.84060355381e-22, 3.71965663027e-22, 3.04914429836e-22, 6.3403171809e-22, 5.05511862563e-22, 7.7004698915e-22, 1.29524781017e-21, 1.57882454964e-21, 2.41604088654e-21], "var": [1.85375233741e-06, 0.000576395250391, 9.57135926001e-05, 7.82774804975e-05, 5.70130905544e-05, 6.56910287944e-06, 5.35132983259e-07, 5.74667240016e-07, 1.50129983467e-06, 8.38317532725e-07, 1.56509386784e-07, 2.52129751743e-07, 9.02142645032e-08, 2.39502014665e-07, 1.0056041333e-07, 8.13381291209e-08, 2.30018741831e-07, 2.46629696221e-07, 1.72107590402e-07, 1.57992701588e-07, 2.43520503318e-07, 1.71350691858e-07, 5.20866819897e-07, 2.17877925479e-07, 6.30562553283e-08, 2.21777973763e-08, 1.41084666172e-09]}, "erbbands": {"dmean": [0.442593365908, 2.75390553474, 5.8695025444, 8.53654193878, 14.4514398575, 12.2600193024, 13.2528686523, 8.55614280701, 5.04470443726, 6.77634000778, 6.03782844543, 11.0753965378, 15.7417116165, 9.4171037674, 8.51895713806, 7.85150718689, 7.11979055405, 14.4752569199, 9.0720949173, 7.95962762833, 6.71991586685, 9.96001243591, 8.8470659256, 8.95387649536, 8.41296672821, 8.64057922363, 11.443104744, 8.07078170776, 7.40397691727, 8.39523696899, 10.7141065598, 5.28096389771, 3.32530522346, 1.6856751442, 0.694675683975, 0.440218836069, 0.17088380456, 0.028211735189, 0.00316997384652, 0.000136527087307], "dmean2": [0.677542328835, 4.59846878052, 9.98089694977, 14.1940917969, 26.1484622955, 21.4682750702, 23.2148246765, 14.800031662, 8.21519947052, 11.6231775284, 10.083024025, 19.2192192078, 27.7401008606, 15.7003259659, 14.3308286667, 13.2013273239, 12.3630199432, 25.9391860962, 15.8382291794, 13.6604690552, 11.346116066, 17.0975074768, 15.3369703293, 14.8396606445, 13.5589771271, 13.5309886932, 17.9524497986, 12.3509092331, 11.2114953995, 12.3612642288, 16.0602874756, 7.94203138351, 4.89759063721, 2.53082323074, 1.0455955267, 0.695405781269, 0.279303610325, 0.0464793220162, 0.00539989257231, 0.000227427080972], "dvar": [0.403903961182, 23.7741641998, 125.798187256, 420.152648926, 1675.10693359, 534.131591797, 426.83972168, 264.355102539, 66.4630813599, 199.328430176, 244.468048096, 769.202453613, 2213.62719727, 425.105529785, 341.719909668, 312.029174805, 166.432662964, 980.392944336, 303.567749023, 277.729675293, 210.607177734, 1017.07373047, 929.070495605, 604.821350098, 337.294464111, 256.726531982, 537.916137695, 205.479919434, 165.794158936, 211.058944702, 441.253936768, 101.598518372, 37.1036262512, 9.93955898285, 1.34818184376, 0.534684598446, 0.0664927512407, 0.00239583989605, 6.93579786457e-05, 7.30570377527e-08], "dvar2": [0.978333294392, 67.5840072632, 363.127624512, 1006.61419678, 4711.59228516, 1500.14294434, 1249.44824219, 710.634277344, 167.712005615, 537.930175781, 661.801574707, 2030.84069824, 6123.58789062, 1093.36486816, 870.557983398, 794.811462402, 425.156188965, 2686.29125977, 808.17010498, 751.050354004, 545.340209961, 2788.42114258, 2608.12353516, 1568.49694824, 799.039245605, 569.541564941, 1330.32873535, 440.477416992, 367.153411865, 455.51953125, 914.200195312, 233.824798584, 79.4937667847, 21.7918186188, 2.71728825569, 1.26059091091, 0.163565978408, 0.00601746980101, 0.000176149056642, 1.84586326668e-07], "max": [7.82133102417, 48.521572113, 116.785804749, 212.069091797, 401.134521484, 231.935501099, 364.460876465, 269.502685547, 97.0187149048, 293.319580078, 412.952270508, 408.153259277, 557.291259766, 422.201812744, 329.160797119, 361.620880127, 178.95880127, 341.617034912, 189.567855835, 173.316436768, 176.176132202, 551.768249512, 671.665588379, 462.860107422, 332.444274902, 249.561462402, 370.858154297, 176.115829468, 158.998764038, 136.230560303, 227.745605469, 126.602294922, 117.491889954, 68.2314834595, 27.8149528503, 14.6877784729, 3.55369114876, 0.65782558918, 0.161043420434, 0.00352889392525], "mean": [0.700881779194, 3.6882121563, 7.53978538513, 8.89273357391, 11.7598047256, 13.1651058197, 15.7696762085, 10.5801706314, 6.8356385231, 7.09226131439, 6.72672510147, 9.46827983856, 12.840795517, 9.06684875488, 7.95471763611, 7.67884683609, 6.49906873703, 11.5730295181, 8.36986732483, 8.00323677063, 6.92007064819, 9.84895992279, 8.71275520325, 9.25322723389, 9.69014167786, 10.2192153931, 11.7870492935, 9.16699504852, 8.79245471954, 9.49263954163, 11.4066972733, 6.07228422165, 4.42388057709, 2.30846190453, 0.807624936104, 0.414387226105, 0.144011557102, 0.0233836341649, 0.00247194431722, 0.000143375174957], "median": [0.466651201248, 2.28103709221, 4.93288516998, 4.35460472107, 4.0615363121, 6.36479663849, 7.59738445282, 4.96743011475, 3.54958248138, 2.37646698952, 2.2012488842, 1.99129343033, 2.07649302483, 1.81551158428, 1.42682158947, 1.53719377518, 1.25291395187, 1.61679840088, 1.51004576683, 1.81352007389, 1.45879554749, 2.24997663498, 2.36394786835, 2.00277733803, 2.58928442001, 2.78474068642, 2.3267660141, 2.22790503502, 2.33861064911, 2.45495939255, 2.62010240555, 1.99660503864, 2.18066120148, 1.21017372608, 0.272051334381, 0.122723765671, 0.0359579697251, 0.00480476301163, 0.000244429975282, 6.06903195148e-05], "min": [1.46120253615e-21, 1.61647247564e-20, 1.20716993762e-20, 4.63299272823e-20, 1.31134958761e-19, 1.44000680439e-19, 3.35968866667e-19, 2.23358617724e-18, 1.72365404162e-18, 9.43721778863e-19, 2.23492972535e-18, 1.11745834863e-18, 1.18565463384e-18, 1.33995235582e-18, 2.30107522303e-18, 9.74506194578e-18, 5.10447365742e-18, 3.38949001958e-18, 4.24620428873e-18, 4.23706725168e-18, 9.61594566961e-18, 1.4953630493e-17, 8.41913526443e-18, 1.12042250899e-17, 1.74190373457e-17, 1.74396738476e-17, 1.40032280933e-17, 1.39527965458e-17, 1.84345537488e-17, 2.11317597701e-17, 1.53485844201e-17, 1.40132402875e-17, 1.40019410003e-17, 1.1607926452e-17, 1.07526481684e-17, 6.44340899468e-18, 3.14124670711e-18, 1.04954981887e-18, 3.35264108785e-19, 3.65006046869e-20], "var": [0.745089411736, 25.0467624664, 115.072967529, 390.805236816, 1052.97668457, 437.967956543, 468.861053467, 295.54888916, 95.8035736084, 190.225723267, 271.824951172, 628.277282715, 1592.47070312, 426.491546631, 357.229858398, 348.398681641, 165.297775269, 718.177246094, 277.74118042, 268.854187012, 217.861190796, 764.369384766, 647.391845703, 561.372070312, 380.434844971, 344.875915527, 545.954162598, 261.121459961, 212.533874512, 266.814300537, 525.814331055, 116.332489014, 49.4841575623, 13.4329328537, 1.92351984978, 0.588095724583, 0.0644068941474, 0.00212449533865, 5.508506365e-05, 6.45153050982e-08]}, "gfcc": {"mean": [-21.0747909546, 66.6801147461, -63.0559196472, 56.9369316101, -54.2433586121, 24.315196991, -35.9988479614, 11.7645015717, -20.7525196075, 3.91748738289, -12.3767366409, 2.53217506409, -7.93340778351], "cov": [[10369.203125, -543.938354492, -503.873596191, -320.831420898, -312.27557373, 173.999145508, -9.94975948334, -214.962127686, -209.782089233, 36.0549507141, -233.982574463, 99.1610794067, -153.50730896], [-543.938354492, 1981.25695801, 148.127212524, -284.183502197, 139.064987183, -107.916816711, 95.0217056274, -82.2534484863, 99.4962615967, -79.8938980103, 129.442947388, -19.431974411, 192.913330078], [-503.873596191, 148.127212524, 1011.04144287, 203.359390259, 53.7962608337, -17.2193508148, -16.2558727264, -7.75506687164, 95.9494857788, 0.83220654726, 34.2058448792, 34.7294960022, 6.40426206589], [-320.831420898, -284.183502197, 203.359390259, 615.563781738, 57.5019073486, 59.112651825, -37.7432518005, 44.9171142578, 16.7789497375, -22.0875720978, 27.2937526703, -38.5200843811, 22.2681217194], [-312.27557373, 139.064987183, 53.7962608337, 57.5019073486, 462.854858398, 102.572029114, 89.3748397827, 20.7474822998, 73.830619812, 26.9336700439, 7.21712303162, 37.9772186279, -4.44812965393], [173.999145508, -107.916816711, -17.2193508148, 59.112651825, 102.572029114, 265.850250244, 90.3239974976, 37.4076423645, 24.5550174713, 28.3442344666, 19.2054424286, -2.13846445084, -10.2582445145], [-9.94975948334, 95.0217056274, -16.2558727264, -37.7432518005, 89.3748397827, 90.3239974976, 212.495773315, 61.7489547729, 31.8801059723, 13.3751163483, 11.6704463959, -0.548081219196, 15.4249162674], [-214.962127686, -82.2534484863, -7.75506687164, 44.9171142578, 20.7474822998, 37.4076423645, 61.7489547729, 134.766662598, 48.4796676636, 12.497177124, 3.33029317856, 0.192905515432, -0.460774600506], [-209.782089233, 99.4962615967, 95.9494857788, 16.7789497375, 73.830619812, 24.5550174713, 31.8801059723, 48.4796676636, 130.917572021, 33.9106636047, 42.0652809143, 11.0914497375, 23.843870163], [36.0549507141, -79.8938980103, 0.83220654726, -22.0875720978, 26.9336700439, 28.3442344666, 13.3751163483, 12.497177124, 33.9106636047, 89.2917404175, 30.8043708801, 9.36480903625, -15.8013706207], [-233.982574463, 129.442947388, 34.2058448792, 27.2937526703, 7.21712303162, 19.2054424286, 11.6704463959, 3.33029317856, 42.0652809143, 30.8043708801, 92.184928894, 12.7179708481, 38.5973701477], [99.1610794067, -19.431974411, 34.7294960022, -38.5200843811, 37.9772186279, -2.13846445084, -0.548081219196, 0.192905515432, 11.0914497375, 9.36480903625, 12.7179708481, 85.1657485962, 16.1988105774], [-153.50730896, 192.913330078, 6.40426206589, 22.2681217194, -4.44812965393, -10.2582445145, 15.4249162674, -0.460774600506, 23.843870163, -15.8013706207, 38.5973701477, 16.1988105774, 92.1615982056]], "icov": [[0.000126058366732, -3.90046989196e-05, 7.09740706952e-05, -5.8611320128e-05, 0.000183445314178, -0.000165427278262, -8.8667118689e-05, 0.000291834614472, -6.83264515828e-05, -0.000200358830625, 0.000468715996249, -0.000367663305951, 0.000159230199642], [-3.90046989196e-05, 0.00110369850881, -0.000271148659522, 0.000848377530929, -0.000675562303513, 0.000487502460601, -0.000226999574807, 0.000375743198674, -0.000252725469181, 0.00144737830851, -0.00168109801598, 0.00156164739747, -0.00175674876664], [7.09740706952e-05, -0.000271148659522, 0.00134228018578, -0.000759343325626, 0.000391490291804, 3.72260692529e-05, -0.000237500105868, 0.000775993918069, -0.00129385583568, -1.68491515069e-05, 0.000536345818546, -0.00134770595469, 0.00118676654529], [-5.8611320128e-05, 0.000848377530929, -0.000759343325626, 0.00292188534513, -0.00111315608956, -0.000233775965171, 0.00107933278196, -0.00123938522302, 0.000755542481784, 0.00172461615875, -0.00225264579058, 0.00287038716488, -0.00225415104069], [0.000183445314178, -0.000675562303513, 0.000391490291804, -0.00111315608956, 0.00361878029071, -0.00111658114474, -0.00122203794308, 0.00136020360515, -0.00200076960027, -0.00112938263919, 0.00251542916521, -0.00306082749739, 0.00203162920661], [-0.000165427278262, 0.000487502460601, 3.72260692529e-05, -0.000233775965171, -0.00111658114474, 0.00541605381295, -0.00192398496438, -0.000326795794535, 0.000107333922642, 6.37502089376e-05, -0.00219375453889, 0.00104612275027, 0.000345283246133], [-8.8667118689e-05, -0.000226999574807, -0.000237500105868, 0.00107933278196, -0.00122203794308, -0.00192398496438, 0.00739591848105, -0.0036726470571, 0.00105978373904, -0.00035075697815, -0.000196207969566, 0.0014917521039, -0.00196050177328], [0.000291834614472, 0.000375743198674, 0.000775993918069, -0.00123938522302, 0.00136020360515, -0.000326795794535, -0.0036726470571, 0.012010387145, -0.00538141420111, 0.000120234260976, 0.00236198934726, -0.00172342464793, 0.00137572281528], [-6.83264515828e-05, -0.000252725469181, -0.00129385583568, 0.000755542481784, -0.00200076960027, 0.000107333922642, 0.00105978373904, -0.00538141420111, 0.0138747878373, -0.00359893473797, -0.00344891194254, 0.0014773189323, -0.00298830284737], [-0.000200358830625, 0.00144737830851, -1.68491515069e-05, 0.00172461615875, -0.00112938263919, 6.37502089376e-05, -0.00035075697815, 0.000120234260976, -0.00359893473797, 0.0185783915222, -0.00933695863932, 0.000892889220268, 0.00410279165953], [0.000468715996249, -0.00168109801598, 0.000536345818546, -0.00225264579058, 0.00251542916521, -0.00219375453889, -0.000196207969566, 0.00236198934726, -0.00344891194254, -0.00933695863932, 0.0222582370043, -0.00433476781473, -0.00453994004056], [-0.000367663305951, 0.00156164739747, -0.00134770595469, 0.00287038716488, -0.00306082749739, 0.00104612275027, 0.0014917521039, -0.00172342464793, 0.0014773189323, 0.000892889220268, -0.00433476781473, 0.0173201691359, -0.00622871331871], [0.000159230199642, -0.00175674876664, 0.00118676654529, -0.00225415104069, 0.00203162920661, 0.000345283246133, -0.00196050177328, 0.00137572281528, -0.00298830284737, 0.00410279165953, -0.00453994004056, -0.00622871331871, 0.020199323073]]}, "melbands": {"dmean": [0.003728230251, 0.0030360952951, 0.00159480806906, 0.00102644169237, 0.000430278741987, 0.000205840769922, 7.66157972976e-05, 7.3206370871e-05, 4.78644360555e-05, 7.76546003181e-05, 7.83915820648e-05, 3.85414241464e-05, 2.68987096206e-05, 2.51752771874e-05, 1.57825379574e-05, 1.94804033526e-05, 2.78028455796e-05, 1.44943878695e-05, 1.13149435492e-05, 1.07136193037e-05, 7.30709689378e-06, 1.04778064269e-05, 8.62606430019e-06, 8.74020315678e-06, 7.26716780264e-06, 5.88245166e-06, 5.72094131712e-06, 6.00096382186e-06, 7.63146636018e-06, 5.80194728173e-06, 4.57588475911e-06, 3.85980320061e-06, 4.70508075523e-06, 4.86587441628e-06, 7.94066636445e-06, 3.54880626219e-06, 3.02701141663e-06, 2.6132995572e-06, 1.80611107226e-06, 1.30067917326e-06], "dmean2": [0.0059383623302, 0.00500433519483, 0.00266476511024, 0.00183612375986, 0.000747324433178, 0.000358529185178, 0.000124804369989, 0.000125598162413, 8.05107702035e-05, 0.000135901325848, 0.000138218820211, 6.43357998342e-05, 4.51737105323e-05, 4.25226207881e-05, 2.66602637566e-05, 3.48597750417e-05, 4.98174122185e-05, 2.53683429037e-05, 1.94087497221e-05, 1.86366887647e-05, 1.21895664051e-05, 1.79970156751e-05, 1.49730667545e-05, 1.53286982822e-05, 1.204556429e-05, 9.56270105235e-06, 9.01328530745e-06, 9.58840519161e-06, 1.22611018014e-05, 8.91206673259e-06, 7.14119505574e-06, 5.87675958741e-06, 7.25375912225e-06, 7.22500453776e-06, 1.20055901789e-05, 5.28641703568e-06, 4.64344111606e-06, 3.95228380512e-06, 2.68403914561e-06, 1.98644102056e-06], "dvar": [3.30560360453e-05, 3.1377247069e-05, 1.49851548485e-05, 6.10045481153e-06, 4.14729981912e-07, 1.43594832025e-07, 1.53885899579e-08, 2.4743680882e-08, 1.44225484888e-08, 4.3565329122e-08, 5.4898837476e-08, 7.23638571287e-09, 3.26914406656e-09, 3.05720737614e-09, 1.26892063523e-09, 1.46460754635e-09, 3.8162331073e-09, 7.90248533278e-10, 5.81175718661e-10, 5.54709111977e-10, 2.44133574467e-10, 9.75724501195e-10, 6.16379114415e-10, 1.63899716021e-09, 3.7990643964e-10, 1.94335381121e-10, 1.20694509942e-10, 1.31428035122e-10, 2.98470859139e-10, 1.13688385095e-10, 6.81717043927e-11, 4.3610101641e-11, 7.24654850015e-11, 7.51568668411e-11, 2.7429442051e-10, 3.98641328281e-11, 3.54554441362e-11, 2.50819677527e-11, 9.71210438461e-12, 6.36017367245e-12], "dvar2": [8.65225301823e-05, 8.9658802608e-05, 3.71862843167e-05, 1.73659282154e-05, 1.19158255529e-06, 3.92932491877e-07, 3.8592133933e-08, 6.65273702793e-08, 3.92829413443e-08, 1.16384846649e-07, 1.51677980398e-07, 1.86698745352e-08, 8.35761060358e-09, 8.03834065977e-09, 2.90743495945e-09, 3.9276160102e-09, 1.04868060902e-08, 2.09984585275e-09, 1.52943846476e-09, 1.52611889792e-09, 6.15111461766e-10, 2.65147725997e-09, 1.71106306901e-09, 4.67079708244e-09, 9.76690728294e-10, 4.77568762314e-10, 2.56816234945e-10, 3.06526692917e-10, 7.7233625051e-10, 2.60140353703e-10, 1.50309514835e-10, 9.61286952816e-11, 1.68336872219e-10, 1.58962967789e-10, 5.72889513606e-10, 8.80976194773e-11, 8.45357950308e-11, 5.61632441942e-11, 2.00615878077e-11, 1.40376963526e-11], "max": [0.0676609054208, 0.0606780610979, 0.0407359153032, 0.0218493714929, 0.010493257083, 0.00633465871215, 0.0015299487859, 0.00369052984752, 0.00307859363966, 0.00298216333613, 0.00274246186018, 0.00179564487189, 0.000833799596876, 0.000750952633098, 0.00137649651151, 0.000357292185072, 0.000683820864651, 0.000306301750243, 0.000563841371331, 0.000261890905676, 0.000211339312955, 0.000554513826501, 0.000353860523319, 0.00100895157084, 0.000426068727393, 0.000248976750299, 0.000186741352081, 0.000170592218637, 0.000258488347754, 0.000137867085868, 0.000103996768303, 8.75243349583e-05, 8.46182811074e-05, 9.35018179007e-05, 0.000178189904545, 9.10374801606e-05, 8.12827056507e-05, 8.75879486557e-05, 7.31294567231e-05, 5.28119271621e-05], "mean": [0.00570819526911, 0.00422778213397, 0.00165982660837, 0.000934864045121, 0.000549154588953, 0.000253220030572, 0.000102297810372, 7.49173486838e-05, 5.25948198629e-05, 6.31189104752e-05, 6.35921751382e-05, 3.66031272279e-05, 2.52032095887e-05, 2.34031722357e-05, 1.54861118062e-05, 1.58850198204e-05, 2.20479523705e-05, 1.31662927743e-05, 1.12104953587e-05, 9.95261962089e-06, 7.65093682276e-06, 1.04169512269e-05, 8.17294221633e-06, 8.07224023447e-06, 7.43300097383e-06, 6.41319184069e-06, 7.11857228453e-06, 6.68236862111e-06, 7.46351543057e-06, 6.23292180535e-06, 5.11100961376e-06, 4.68915141028e-06, 5.14482144354e-06, 5.46392493561e-06, 8.18746229925e-06, 3.89683464164e-06, 3.48519074578e-06, 3.26000917994e-06, 2.65330299953e-06, 1.68946951362e-06], "median": [0.00381055660546, 0.00285391998477, 0.000815529958345, 0.000381451798603, 0.000292432843708, 0.000116661321954, 5.01842878293e-05, 2.41394027398e-05, 1.71320534719e-05, 1.14144695544e-05, 9.87422572507e-06, 6.86245766701e-06, 4.3284808271e-06, 4.23224264523e-06, 2.90651496471e-06, 2.63149604507e-06, 2.85013038592e-06, 2.12012855627e-06, 2.48350352194e-06, 1.95688789972e-06, 1.4843583358e-06, 2.22357880375e-06, 2.25484973271e-06, 1.82828193829e-06, 1.44321847984e-06, 1.65534208918e-06, 2.00014596885e-06, 1.70995963344e-06, 1.43923375617e-06, 1.34559536491e-06, 1.2292239262e-06, 1.26499503494e-06, 1.2652606074e-06, 1.39407052302e-06, 1.62982883012e-06, 1.17958882129e-06, 1.16267051453e-06, 1.47642265347e-06, 1.58790328442e-06, 7.53118797547e-07], "min": [1.73312504219e-23, 1.23707684098e-23, 9.14423106644e-24, 1.22185695311e-23, 1.0237638035e-23, 4.80815928214e-23, 2.39858096502e-23, 1.12200972393e-23, 1.80172059997e-23, 6.34904404932e-24, 5.66592403199e-24, 4.84247236494e-24, 6.17911157742e-24, 1.96006486295e-23, 2.26704755986e-23, 8.527135157e-24, 6.1469248692e-24, 8.17127369177e-24, 4.42058363637e-24, 6.15914669121e-24, 1.21252725295e-23, 1.51328418072e-23, 9.79449778808e-24, 8.294908706e-24, 8.93332752571e-24, 1.02465300751e-23, 1.17724126801e-23, 1.23403286341e-23, 9.88500695518e-24, 6.44818769346e-24, 9.42862173366e-24, 8.26279654513e-24, 1.6486904196e-23, 9.32881662965e-24, 8.39274560205e-24, 9.22285841059e-24, 8.12308060135e-24, 9.91207908373e-24, 9.57658285163e-24, 9.68010585708e-24], "var": [4.99456218677e-05, 3.07382906612e-05, 1.33117810037e-05, 4.04791853725e-06, 4.87657700887e-07, 1.60287072504e-07, 2.26426557504e-08, 2.31447359056e-08, 1.57837227732e-08, 3.34844756367e-08, 3.96503594402e-08, 7.20705850554e-09, 3.369896584e-09, 2.93793678274e-09, 1.85274184883e-09, 1.13586562378e-09, 2.77593326103e-09, 7.19313664188e-10, 5.82296322271e-10, 4.69204730624e-10, 2.74982592252e-10, 7.78814512881e-10, 4.45079223477e-10, 1.02791952727e-09, 3.66140451291e-10, 2.01362537755e-10, 1.67710415e-10, 1.59566443392e-10, 2.66508565216e-10, 1.33938707347e-10, 8.22078932705e-11, 5.77318193251e-11, 8.26366822193e-11, 9.35162225435e-11, 3.16319498372e-10, 4.79803627385e-11, 3.86300678945e-11, 3.02070070346e-11, 1.46475002266e-11, 8.29447188017e-12]}, "mfcc": {"mean": [-676.056091309, 93.2850341797, 49.3956298828, 36.4525985718, 17.846162796, 13.396443367, 5.65365695953, 7.23858308792, 1.97046804428, 4.03006696701, 0.491740942001, 0.714554011822, 0.126831874251], "cov": [[9944.73046875, -563.427062988, -752.077209473, -345.195068359, -445.267089844, 216.036254883, -39.6963500977, -47.2255935669, -149.134002686, 22.8317222595, -238.998352051, -134.674087524, -146.082717896], [-563.427062988, 1951.73120117, 6.14513587952, -138.878265381, 14.6811532974, -6.66156816483, -16.3557033539, 4.48189878464, 9.99580860138, -52.6294517517, 13.0208969116, -29.7832069397, -7.07504224777], [-752.077209473, 6.14513587952, 872.24786377, 230.83430481, 77.6111907959, -22.5500469208, -55.0202941895, -17.2170372009, -7.69063282013, -16.8212280273, 3.63087534904, 7.02244329453, 46.8751411438], [-345.195068359, -138.878265381, 230.83430481, 402.902374268, 160.838317871, 9.25136947632, 4.61393642426, 17.0257663727, 26.2591266632, -7.71514892578, -2.40988373756, 19.1554393768, 12.2017879486], [-445.267089844, 14.6811532974, 77.6111907959, 160.838317871, 299.835662842, 110.326828003, 7.76484394073, 42.8201065063, 27.0450172424, 11.5443983078, 30.7247333527, 45.1991119385, 24.4026107788], [216.036254883, -6.66156816483, -22.5500469208, 9.25136947632, 110.326828003, 216.753417969, 88.4472045898, 49.7363891602, 18.4217453003, 40.5947685242, 20.2694721222, 14.8673725128, 17.7789745331], [-39.6963500977, -16.3557033539, -55.0202941895, 4.61393642426, 7.76484394073, 88.4472045898, 153.989471436, 66.763343811, 36.7596054077, 40.8823890686, 16.3393554688, 3.10065484047, 11.5808258057], [-47.2255935669, 4.48189878464, -17.2170372009, 17.0257663727, 42.8201065063, 49.7363891602, 66.763343811, 134.241760254, 70.0893173218, 26.1709213257, 10.7506151199, 25.4329147339, 17.7566223145], [-149.134002686, 9.99580860138, -7.69063282013, 26.2591266632, 27.0450172424, 18.4217453003, 36.7596054077, 70.0893173218, 94.7285308838, 45.8143730164, 20.8070602417, 18.9444637299, 13.0868635178], [22.8317222595, -52.6294517517, -16.8212280273, -7.71514892578, 11.5443983078, 40.5947685242, 40.8823890686, 26.1709213257, 45.8143730164, 95.8769607544, 46.3017616272, 16.1052951813, 12.4106140137], [-238.998352051, 13.0208969116, 3.63087534904, -2.40988373756, 30.7247333527, 20.2694721222, 16.3393554688, 10.7506151199, 20.8070602417, 46.3017616272, 71.3345947266, 38.4501533508, 18.2739315033], [-134.674087524, -29.7832069397, 7.02244329453, 19.1554393768, 45.1991119385, 14.8673725128, 3.10065484047, 25.4329147339, 18.9444637299, 16.1052951813, 38.4501533508, 75.0770568848, 38.9190711975], [-146.082717896, -7.07504224777, 46.8751411438, 12.2017879486, 24.4026107788, 17.7789745331, 11.5808258057, 17.7566223145, 13.0868635178, 12.4106140137, 18.2739315033, 38.9190711975, 60.6815109253]], "icov": [[0.000156200709171, 1.64326756931e-05, 0.000107919498987, -6.92345929565e-05, 0.000346751214238, -0.000426967104431, 0.000336622033501, -0.000167371879797, 0.000337820209097, -0.000471200764878, 0.000722058000974, -0.000277335260762, 0.00026283468469], [1.64326756931e-05, 0.000577747239731, -4.2534997192e-05, 0.000316758261761, -0.000163557211636, -2.66036768153e-05, 1.69950162672e-05, 2.38840584643e-05, -0.000442265009042, 0.000785532873124, -0.000648315355647, 0.000617577752564, -0.000126713086502], [0.000107919498987, -4.2534997192e-05, 0.00160322792362, -0.00103618344292, 0.000411675660871, -0.000366845284589, 0.00100782548543, -0.00033955310937, 0.000581122760195, -0.000258844986092, -0.000126457307488, 0.000990169937722, -0.00159567955416], [-6.92345929565e-05, 0.000316758261761, -0.00103618344292, 0.0043080127798, -0.00278308242559, 0.00150471145753, -0.00162866141181, 0.00106997031253, -0.00165878701955, 0.000770507147536, 0.000983268371783, -0.000551397853997, 0.000738196598832], [0.000346751214238, -0.000163557211636, 0.000411675660871, -0.00278308242559, 0.00747018540278, -0.00492179067805, 0.00333603424951, -0.00159659655765, 0.000430415791925, 0.000202032315428, -0.000558741157874, -0.00213453592733, 0.00072890939191], [-0.000426967104431, -2.66036768153e-05, -0.000366845284589, 0.00150471145753, -0.00492179067805, 0.00998628512025, -0.0054690730758, -0.000250707991654, 0.00150557409506, -0.00161881034728, -0.000386481900932, 0.00109047896694, -0.00145627453458], [0.000336622033501, 1.69950162672e-05, 0.00100782548543, -0.00162866141181, 0.00333603424951, -0.0054690730758, 0.012818519026, -0.00535845477134, 0.00126201263629, -0.00262795342132, -0.000716702081263, 0.00267863390036, -0.00149309309199], [-0.000167371879797, 2.38840584643e-05, -0.00033955310937, 0.00106997031253, -0.00159659655765, -0.000250707991654, -0.00535845477134, 0.0163314100355, -0.0113589279354, 0.00311557948589, 0.00239002727903, -0.00399322761223, 0.000260161847109], [0.000337820209097, -0.000442265009042, 0.000581122760195, -0.00165878701955, 0.000430415791925, 0.00150557409506, 0.00126201263629, -0.0113589279354, 0.0241476967931, -0.0111488383263, 0.0026933979243, -0.00107838981785, 6.80287848809e-05], [-0.000471200764878, 0.000785532873124, -0.000258844986092, 0.000770507147536, 0.000202032315428, -0.00161881034728, -0.00262795342132, 0.00311557948589, -0.0111488383263, 0.0244431570172, -0.0162330381572, 0.00564241921529, -0.0023399211932], [0.000722058000974, -0.000648315355647, -0.000126457307488, 0.000983268371783, -0.000558741157874, -0.000386481900932, -0.000716702081263, 0.00239002727903, 0.0026933979243, -0.0162330381572, 0.0343393236399, -0.0166360195726, 0.0044057648629], [-0.000277335260762, 0.000617577752564, 0.000990169937722, -0.000551397853997, -0.00213453592733, 0.00109047896694, 0.00267863390036, -0.00399322761223, -0.00107838981785, 0.00564241921529, -0.0166360195726, 0.0313345082104, -0.0160619318485], [0.00026283468469, -0.000126713086502, -0.00159567955416, 0.000738196598832, 0.00072890939191, -0.00145627453458, -0.00149309309199, 0.000260161847109, 6.80287848809e-05, -0.0023399211932, 0.0044057648629, -0.0160619318485, 0.0279627069831]]}, "spectral_contrast_coeffs": {"dmean": [0.0614468865097, 0.0557898133993, 0.0392385274172, 0.0318724028766, 0.0231492836028, 0.0209342166781], "dmean2": [0.100309081376, 0.0935224965215, 0.0642909705639, 0.0517671816051, 0.037408541888, 0.0327440872788], "dvar": [0.00287339044735, 0.00192722049542, 0.00107652379666, 0.000774807704147, 0.000410737877246, 0.000373319460778], "dvar2": [0.00746251177043, 0.00534464977682, 0.00268127629533, 0.00198372732848, 0.000992224551737, 0.00079901504796], "max": [-0.361222952604, -0.422559022903, -0.441388607025, -0.536174058914, -0.59686756134, -0.654183983803], "mean": [-0.689976513386, -0.753723323345, -0.820874273777, -0.832113921642, -0.824407279491, -0.798308908939], "median": [-0.704603731632, -0.757512390614, -0.82820212841, -0.838844180107, -0.826368808746, -0.800510168076], "min": [-0.958760857582, -0.965646505356, -0.960340559483, -0.963705658913, -0.962260067463, -0.959789156914], "var": [0.00670977402478, 0.0049638133496, 0.00271721812896, 0.00165832252242, 0.000969972228631, 0.00115473917685]}, "spectral_contrast_valleys": {"dmean": [0.507498323917, 0.541238725185, 0.697460055351, 0.669669270515, 0.537629425526, 0.536761522293], "dmean2": [0.766216635704, 0.816521346569, 1.01616072655, 0.968308925629, 0.741137564182, 0.705114066601], "dvar": [0.257788717747, 0.249979153275, 0.440088689327, 0.389515399933, 0.288373082876, 0.347211480141], "dvar2": [0.45926618576, 0.545126438141, 0.961336016655, 0.815350651741, 0.55391305685, 0.627994656563], "max": [-4.96053552628, -4.75566864014, -5.08394861221, -5.7542052269, -5.12268924713, -7.35590076447]