{"lowlevel": {"average_loudness": 0.200695231557, "barkbands_crest": {"dmean": 1.88405835629, "dmean2": 3.09329247475, "dvar": 3.81826090813, "dvar2": 10.8525733948, "max": 25.997423172, "mean": 13.3720827103, "median": 12.8296165466, "min": 3.3457903862, "var": 15.3426885605}, "barkbands_flatness_db": {"dmean": 0.0226292815059, "dmean2": 0.03873597458, "dvar": 0.000395791663323, "dvar2": 0.00110665883403, "max": 0.595718324184, "mean": 0.410308599472, "median": 0.418436944485, "min": 0.0379417017102, "var": 0.00418213894591}, "barkbands_kurtosis": {"dmean": 1.89914894104, "dmean2": 2.98296141624, "dvar": 6.0123872757, "dvar2": 14.7738599777, "max": 86.0104217529, "mean": 6.77029180527, "median": 5.09463834763, "min": -1.81428015232, "var": 39.4820137024}, "barkbands_skewness": {"dmean": 0.354458212852, "dmean2": 0.572051107883, "dvar": 0.127145335078, "dvar2": 0.340428292751, "max": 7.24729251862, "mean": 1.61156308651, "median": 1.57381391525, "min": -2.60629153252, "var": 0.97349947691}, "barkbands_spread": {"dmean": 0.606859982014, "dmean2": 0.981782615185, "dvar": 1.43459546566, "dvar2": 4.02918481827, "max": 86.7845840454, "mean": 3.60216808319, "median": 2.52060937881, "min": 0.329165309668, "var": 43.0855751038}, "dissonance": {"dmean": 0.0422504618764, "dmean2": 0.072512075305, "dvar": 0.00159207405522, "dvar2": 0.00423541758209, "max": 0.500000119209, "mean": 0.374409854412, "median": 0.381150245667, "min": 0.0778973922133, "var": 0.00477896863595}, "dynamic_complexity": 5.27820014954, "erbbands_crest": {"dmean": 1.99201774597, "dmean2": 3.16672635078, "dvar": 4.3454656601, "dvar2": 11.263086319, "max": 31.8998966217, "mean": 14.9921131134, "median": 14.2403392792, "min": 2.26681184769, "var": 26.5919456482}, "erbbands_flatness_db": {"dmean": 0.0144612444565, "dmean2": 0.0243784040213, "dvar": 0.000186910561752, "dvar2": 0.000481187016703, "max": 0.571268618107, "mean": 0.432904928923, "median": 0.441447556019, "min": 0.0535041056573, "var": 0.00388843449764}, "erbbands_kurtosis": {"dmean": 1.09909534454, "dmean2": 1.6840621233, "dvar": 2.23123121262, "dvar2": 5.03149223328, "max": 37.6055984497, "mean": 2.92736244202, "median": 1.71053361893, "min": -1.55458891392, "var": 13.7647457123}, "erbbands_skewness": {"dmean": 0.235404193401, "dmean2": 0.365627557039, "dvar": 0.0590580031276, "dvar2": 0.139169350266, "max": 4.86165618896, "mean": 1.20686852932, "median": 1.08995974064, "min": -3.20632386208, "var": 0.629165530205}, "erbbands_spread": {"dmean": 1.27516376972, "dmean2": 2.01645469666, "dvar": 2.51100802422, "dvar2": 6.29038238525, "max": 106.530662537, "mean": 8.44442749023, "median": 7.25833511353, "min": 0.784573018551, "var": 68.4674377441}, "hfc": {"dmean": 1.57715606689, "dmean2": 2.20503568649, "dvar": 10.4531011581, "dvar2": 19.575592041, "max": 125.433998108, "mean": 8.1610326767, "median": 5.19843864441, "min": 1.23627343858e-16, "var": 89.7616653442}, "melbands_crest": {"dmean": 2.14088916779, "dmean2": 3.5011305809, "dvar": 4.4581155777, "dvar2": 12.3073663712, "max": 33.3469581604, "mean": 15.8116531372, "median": 15.3137407303, "min": 1.67643249035, "var": 21.0518989563}, "melbands_flatness_db": {"dmean": 0.0255528818816, "dmean2": 0.0438187979162, "dvar": 0.000527967058588, "dvar2": 0.00143620907329, "max": 0.722096502781, "mean": 0.52563893795, "median": 0.537448465824, "min": 0.00315087358467, "var": 0.00608891341835}, "melbands_kurtosis": {"dmean": 2.05750989914, "dmean2": 3.25485301018, "dvar": 7.21762514114, "dvar2": 18.2047767639, "max": 59.2584037781, "mean": 6.85062885284, "median": 4.91691493988, "min": -1.50666105747, "var": 46.2114486694}, "melbands_skewness": {"dmean": 0.363850176334, "dmean2": 0.587107896805, "dvar": 0.129817947745, "dvar2": 0.34773555398, "max": 6.36130332947, "mean": 1.47714829445, "median": 1.41487121582, "min": -2.51863789558, "var": 0.903287470341}, "melbands_spread": {"dmean": 0.901092350483, "dmean2": 1.46747374535, "dvar": 3.29325342178, "dvar2": 8.36535930634, "max": 153.36227417, "mean": 5.26542425156, "median": 4.05633449554, "min": 0.535848796368, "var": 74.8161315918}, "pitch_salience": {"dmean": 0.0483651608229, "dmean2": 0.0788773596287, "dvar": 0.00220424099825, "dvar2": 0.00583645934239, "max": 0.848974525928, "mean": 0.534804880619, "median": 0.540245592594, "min": 0.112599425018, "var": 0.0134837944061}, "silence_rate_20dB": {"dmean": 0, "dmean2": 0, "dvar": 0, "dvar2": 0, "max": 1, "mean": 1, "median": 1, "min": 1, "var": 0}, "silence_rate_30dB": {"dmean": 0.00359066436067, "dmean2": 0.00718177296221, "dvar": 0.00357725238428, "dvar2": 0.00750246318057, "max": 1, "mean": 0.992571473122, "median": 1, "min": 0, "var": 0.00737257441506}, "silence_rate_60dB": {"dmean": 0.0169627927244, "dmean2": 0.0339276865125, "dvar": 0.0166754219681, "dvar2": 0.0399625822902, "max": 1, "mean": 0.136870130897, "median": 0, "min": 0, "var": 0.118123985827}, "spectral_centroid": {"dmean": 28.5642604828, "dmean2": 46.6105422974, "dvar": 5905.15087891, "dvar2": 7348.59228516, "max": 11135.9335938, "mean": 462.927947998, "median": 430.579467773, "min": 265.146789551, "var": 65226.6289062}, "spectral_complexity": {"dmean": 1.06271278858, "dmean2": 1.7789747715, "dvar": 1.35815119743, "dvar2": 3.03914570808, "max": 25, "mean": 8.82004451752, "median": 9, "min": 0, "var": 15.3259925842}, "spectral_decrease": {"dmean": 9.52122158893e-10, "dmean2": 1.38220301871e-09, "dvar": 2.60028650972e-18, "dvar2": 5.30978939803e-18, "max": 4.7891189071e-18, "mean": -4.6833639189e-09, "median": -3.12092307553e-09, "min": -6.30373335753e-08, "var": 2.53045699775e-17}, "spectral_energy": {"dmean": 0.00373348291032, "dmean2": 0.00541122630239, "dvar": 4.04201055062e-05, "dvar2": 8.21273351903e-05, "max": 0.249260395765, "mean": 0.0184163060039, "median": 0.0122711509466, "min": 1.07754742368e-20, "var": 0.000392868532799}, "spectral_energyband_high": {"dmean": 2.71453103551e-07, "dmean2": 3.93718408986e-07, "dvar": 7.5285125356e-12, "dvar2": 1.76878425101e-11, "max": 0.000167402584339, "mean": 4.96391749039e-07, "median": 1.21781322804e-08, "min": 7.94392271671e-21, "var": 9.59993803201e-12}, "spectral_energyband_low": {"dmean": 0.000204523836146, "dmean2": 0.000350906979293, "dvar": 1.79797822852e-07, "dvar2": 5.66512767364e-07, "max": 0.014500901103, "mean": 0.000516273372341, "median": 0.000145443074871, "min": 4.13087423227e-23, "var": 8.31313968774e-07}, "spectral_energyband_middle_high": {"dmean": 0.000204793584999, "dmean2": 0.000296870537568, "dvar": 7.69539212797e-07, "dvar2": 1.78806681106e-06, "max": 0.074240654707, "mean": 0.000913519354071, "median": 0.000539481523447, "min": 1.51240382457e-21, "var": 2.17867795982e-06}, "spectral_energyband_middle_low": {"dmean": 0.00364356394857, "dmean2": 0.00530879152939, "dvar": 3.85187231586e-05, "dvar2": 7.95759333414e-05, "max": 0.227957502007, "mean": 0.0172594971955, "median": 0.0112757142633, "min": 2.47416011907e-22, "var": 0.000357647339115}, "spectral_entropy": {"dmean": 0.128506183624, "dmean2": 0.20553560555, "dvar": 0.021344486624, "dvar2": 0.0511369556189, "max": 9.78687095642, "mean": 5.42677211761, "median": 5.3829574585, "min": 3.83706140518, "var": 0.263582289219}, "spectral_flux": {"dmean": 0.0121135860682, "dmean2": 0.0200241878629, "dvar": 0.00028037460288, "dvar2": 0.00072731799446, "max": 0.283449560404, "mean": 0.0327119752765, "median": 0.0267462022603, "min": 1.03804978502e-10, "var": 0.000625992834102}, "spectral_kurtosis": {"dmean": 49.1711387634, "dmean2": 85.8642120361, "dvar": 2119.35693359, "dvar2": 6091.96044922, "max": 531.747924805, "mean": 179.622344971, "median": 185.198120117, "min": -1.17360782623, "var": 6848.01220703}, "spectral_rms": {"dmean": 0.000389791181078, "dmean2": 0.000576052989345, "dvar": 2.28027772664e-07, "dvar2": 4.96795394156e-07, "max": 0.0155942579731, "mean": 0.00371769280173, "median": 0.0034600365907, "min": 3.24232285985e-12, "var": 4.14584656028e-06}, "spectral_rolloff": {"dmean": 55.4043235779, "dmean2": 99.6093444824, "dvar": 109632.742188, "dvar2": 305346.15625, "max": 18841.5527344, "mean": 689.508850098, "median": 538.330078125, "min": 258.3984375, "var": 2078555}, "spectral_skewness": {"dmean": 1.99917078018, "dmean2": 3.52356553078, "dvar": 3.74407625198, "dvar2": 10.3886795044, "max": 17.7736606598, "mean": 9.62241458893, "median": 10.3266582489, "min": -0.0106523688883, "var": 10.5412492752}, "spectral_spread": {"dmean": 287380.5625, "dmean2": 511876.96875, "dvar": 112120971264, "dvar2": 197634277376, "max": 40195840, "mean": 884827.0625, "median": 650376.75, "min": 182670.890625, "var": 1750713892860.0}, "spectral_strongpeak": {"dmean": 0.292814075947, "dmean2": 0.473178416491, "dvar": 0.193882226944, "dvar2": 0.448949158192, "max": 11.9721355438, "mean": 1.16197383404, "median": 0.880720376968, "min": 0, "var": 1.00247263908}, "zerocrossingrate": {"dmean": 0.0017358121695, "dmean2": 0.00248847506009, "dvar": 1.54703284352e-05, "dvar2": 3.07101545332e-05, "max": 0.52294921875, "mean": 0.0254815761, "median": 0.02099609375, "min": 0.01025390625, "var": 0.00141554209404}, "barkbands": {"dmean": [6.20274136054e-07, 3.74234332412e-05, 0.000114045433293, 0.000171838793904, 0.00135067629162, 0.00126797670964, 0.00103227025829, 0.000790768186562, 0.000391828303691, 0.000112033623736, 8.03948423709e-05, 4.9623533414e-05, 3.58733668691e-05, 4.01493671234e-05, 1.57318463607e-05, 4.48233777206e-06, 4.30631735071e-06, 1.74772947048e-06, 9.37018455716e-07, 3.09709292878e-07, 1.42854233331e-07, 1.89172126852e-08, 2.91977020339e-09, 9.82065762045e-10, 7.37597871669e-10, 6.91280643839e-10, 7.39035832531e-10], "dmean2": [1.08163612822e-06, 6.40761645627e-05, 0.000196982568013, 0.000289000367047, 0.00228696409613, 0.00172745680902, 0.00134638254531, 0.00120137876365, 0.000549250340555, 0.000162384225405, 0.000111823326733, 7.98734399723e-05, 5.30818469997e-05, 6.07066758676e-05, 2.33582504734e-05, 6.14006057731e-06, 6.468371339e-06, 2.67446193902e-06, 1.27044097553e-06, 4.77622904782e-07, 2.07707017807e-07, 2.8924368678e-08, 4.86095341756e-09, 1.7383928741e-09, 1.35166566828e-09, 1.26816790402e-09, 1.35581401661e-09], "dvar": [2.81908003885e-12, 1.56027510911e-08, 6.07736012626e-08, 1.56125452122e-07, 8.60128329805e-06, 7.40317545933e-06, 6.75648061588e-06, 3.19130276694e-06, 7.64252035879e-06, 1.18110961012e-07, 5.8487808019e-07, 1.46727510142e-08, 7.77043496214e-09, 2.34847377101e-08, 2.41704434245e-09, 3.66231600601e-10, 4.49865589225e-10, 1.93995222664e-10, 8.22907089693e-11, 2.2088978216e-11, 4.08274976327e-12, 8.78223139827e-14, 1.34527074996e-15, 3.19966828174e-17, 4.54048537217e-18, 1.4519593316e-18, 1.64885116825e-18], "dvar2": [8.18216761705e-12, 4.78757726796e-08, 1.8906933974e-07, 4.85644875425e-07, 2.58808304352e-05, 1.3612305338e-05, 1.10503087853e-05, 8.33767171571e-06, 1.42107282954e-05, 3.20725632719e-07, 1.3808408994e-06, 3.93165642265e-08, 1.75924270707e-08, 5.13364071253e-08, 5.49630163604e-09, 5.09063624587e-10, 9.66787094825e-10, 4.56243709479e-10, 1.57700477676e-10, 5.73951546012e-11, 9.82030515934e-12, 2.24011008853e-13, 3.30007170272e-15, 7.86995582825e-17, 1.34724602087e-17, 4.62890188067e-18, 5.2575252318e-18], "max": [9.72973139142e-05, 0.0046899295412, 0.00716939195991, 0.0111921802163, 0.0897801369429, 0.100455462933, 0.130400538445, 0.0483619570732, 0.158851891756, 0.0122719742358, 0.0721911489964, 0.00472704553977, 0.00304368650541, 0.00915360543877, 0.00199507107027, 0.00117380439769, 0.000934836803935, 0.000858532555867, 0.000452798529295, 0.000332626834279, 0.00014400910004, 2.09464724321e-05, 1.99232295017e-06, 3.64242907835e-07, 1.63201548276e-07, 2.2208654471e-08, 2.36483455041e-08], "mean": [8.00592147243e-07, 0.000109450207674, 0.000222811984713, 0.000341320614098, 0.00314928987063, 0.0050596143119, 0.00493842782453, 0.00272933673114, 0.000839089858346, 0.000370682915673, 0.000248945259955, 0.000162435957463, 9.14095071494e-05, 9.06322311494e-05, 3.60519152309e-05, 1.02391149994e-05, 1.04329174064e-05, 2.6771094781e-06, 1.91261210603e-06, 4.69972377459e-07, 2.21609525397e-07, 2.64393893445e-08, 3.64242080941e-09, 1.04260167166e-09, 7.83617837286e-10, 8.26859414271e-10, 9.26021925807e-10], "median": [4.00778901621e-07, 5.07234972247e-06, 5.19784334756e-05, 0.00011917653319, 0.00162478641141, 0.00196071621031, 0.00141784921288, 0.00121003156528, 0.000103959682747, 0.000173740962055, 8.12896541902e-05, 5.59379404876e-05, 3.96602990804e-05, 2.32247984968e-05, 9.21775063034e-06, 2.16781836571e-06, 1.02773492472e-06, 2.09240909044e-07, 5.84729136222e-08, 8.82938611113e-09, 2.04393812986e-09, 5.90769544395e-10, 3.46873918478e-10, 3.14072684526e-10, 3.52129048142e-10, 4.35156993772e-10, 5.19398968279e-10], "min": [7.71447905144e-24, 2.52178321016e-23, 9.64661555621e-24, 1.69188197411e-23, 4.25487464687e-23, 1.95079211855e-23, 3.55103338348e-23, 9.18402089496e-23, 3.0664446491e-23, 7.64428115938e-23, 1.01869281628e-22, 1.10661205836e-22, 8.8472681652e-23, 3.2726235441e-23, 1.53861526169e-22, 1.64967602242e-22, 1.89484843818e-22, 2.53317019644e-22, 2.54297479086e-22, 2.68643362721e-22, 3.5254739115e-22, 4.75986401846e-22, 6.12659065408e-22, 8.16267775847e-22, 1.28226616365e-21, 1.88358496858e-21, 2.71419607846e-21], "var": [3.30668131765e-12, 1.18390701687e-07, 1.603513482e-07, 4.07677049452e-07, 2.00447011593e-05, 6.61186204525e-05, 8.33502344904e-05, 1.64981775015e-05, 2.33294576901e-05, 3.26421002228e-07, 1.10565315481e-06, 9.56483816594e-08, 2.56620786843e-08, 6.28142942105e-08, 7.13311543166e-09, 1.25870669443e-09, 1.30463451153e-09, 2.28418103876e-10, 1.43093620286e-10, 2.21306861725e-11, 4.27790528695e-12, 8.60751831681e-14, 1.45866506231e-15, 3.69317052176e-17, 3.33481110635e-18, 1.2254807954e-18, 1.35564593659e-18]}, "erbbands": {"dmean": [0.000224431612878, 0.0119740348309, 0.10254047811, 0.367173701525, 1.07546496391, 6.34150934219, 7.9005279541, 10.2658729553, 14.1392774582, 25.3355770111, 9.77022457123, 7.43951177597, 7.34041833878, 2.69046068192, 2.8572678566, 2.18696498871, 1.70464503765, 2.24566292763, 0.963739097118, 0.429415911436, 0.241343989968, 0.220419570804, 0.0987465009093, 0.0696223303676, 0.0344792790711, 0.0138988336548, 0.0092029934749, 0.00205467897467, 0.000588112452533, 0.000144417441334, 7.70664046286e-05, 2.7285557735e-05, 1.54116423801e-05, 9.4425631687e-06, 5.70379506826e-06, 3.45429384652e-06, 1.78661525752e-06, 5.23212918324e-07, 1.75798663804e-06, 4.16882267018e-06], "dmean2": [0.00037471941323, 0.0206134654582, 0.178551241755, 0.622740328312, 1.85805630684, 10.9513692856, 11.9692907333, 14.667345047, 16.6613426208, 38.4257659912, 13.3114004135, 10.7923574448, 9.87653160095, 3.80407428741, 4.00205421448, 3.49538040161, 2.46986651421, 3.38399815559, 1.41642487049, 0.644378781319, 0.329349637032, 0.331220716238, 0.151526525617, 0.0995751842856, 0.049257658422, 0.0207418613136, 0.0135227935389, 0.0028698076494, 0.000874463119544, 0.000218448840315, 0.000129263658891, 4.75264823763e-05, 2.70967557299e-05, 1.66358022398e-05, 9.84219514066e-06, 5.77331502427e-06, 2.90356115329e-06, 8.96124618066e-07, 2.53063217315e-06, 6.02990121479e-06], "dvar": [4.42947822421e-07, 0.00147423241287, 0.0581555627286, 0.684219956398, 4.98314714432, 217.099227905, 282.759155273, 564.426025391, 1610.11657715, 4447.34570312, 411.521240234, 2938.44921875, 2368.15429688, 109.444526672, 635.148864746, 22.3876667023, 17.6509437561, 74.6332931519, 7.63882541656, 2.09811758995, 1.517593503, 1.5098631382, 0.434137493372, 0.265267580748, 0.160107553005, 0.0206060819328, 0.0190431028605, 0.000548498705029, 5.062087439e-05, 1.81236600838e-06, 1.13546593639e-06, 4.42171312898e-08, 7.04971370169e-09, 1.59206203776e-09, 1.07247058456e-10, 3.19280886452e-11, 8.32609502177e-12, 7.78771144794e-13, 9.21049000957e-12, 5.1065207618e-11], "dvar2": [1.19972673929e-06, 0.0046174088493, 0.188904419541, 2.16178917885, 15.8533439636, 670.928344727, 722.85760498, 1126.40063477, 2200.84130859, 10992.1337891, 731.383728027, 6342.90820312, 3849.26416016, 275.672668457, 1503.6328125, 58.0980644226, 38.8104896545, 163.537734985, 16.899066925, 5.14829063416, 2.05332350731, 3.43812060356, 1.00035095215, 0.595430135727, 0.317896217108, 0.050412774086, 0.046255517751, 0.00122366205323, 0.00012369689648, 4.44487568529e-06, 2.80972858491e-06, 1.07217061895e-07, 1.78175181276e-08, 4.4144239375e-09, 3.0907301718e-10, 8.56209547706e-11, 2.08304710286e-11, 2.20108523422e-12, 1.83391878072e-11, 1.03129865758e-10], "max": [0.0342348888516, 1.35468125343, 5.0502371788, 26.8544445038, 56.7485122681, 385.118804932, 598.806091309, 876.039611816, 1773.36035156, 3055.52490234, 750.558349609, 2949.81030273, 3229.05126953, 782.528259277, 2386.82397461, 150.29510498, 153.082626343, 520.102233887, 125.575752258, 54.4665298462, 76.2708206177, 57.2853012085, 31.6247634888, 25.5804157257, 31.5182685852, 8.00737667084, 9.95231246948, 1.3791115284, 0.4503454566, 0.0762541219592, 0.0674694105983, 0.0118234939873, 0.00610953336582, 0.00310665508732, 0.000377190328436, 0.000147757207742, 8.70656658662e-05, 2.17226770474e-05, 0.000120412209071, 0.000281115440885], "mean": [0.00079677766189, 0.0341087691486, 0.212020754814, 0.832313358784, 2.4335167408, 13.3291683197, 25.7765922546, 39.9286270142, 68.06300354, 83.0063476562, 47.5655479431, 17.3279380798, 22.5040912628, 9.52434539795, 9.50876522064, 7.61831760406, 4.85411882401, 5.19429254532, 2.44968438148, 0.982624590397, 0.582336783409, 0.505859851837, 0.169311821461, 0.138357877731, 0.0605672374368, 0.0236331168562, 0.0146901058033, 0.00364398164675, 0.000909024267457, 0.000225381649216, 0.000106231454993, 4.20946089434e-05, 2.67396972049e-05, 2.04651278182e-05, 1.60770687216e-05, 1.19614196592e-05, 7.00472401149e-06, 1.56989062816e-06, 8.85147164809e-06, 2.06450731639e-05], "median": [9.14705669857e-05, 0.00316967908293, 0.0492439717054, 0.324212133884, 1.11709213257, 6.21637630463, 12.5686187744, 12.2562503815, 17.4307022095, 24.5892562866, 20.5719623566, 5.11273765564, 5.94668579102, 4.3359837532, 3.87062120438, 3.33228302002, 2.35164546967, 1.45699644089, 0.841147303581, 0.326357245445, 0.108378708363, 0.0534666590393, 0.0177073534578, 0.00782586075366, 0.00203107995912, 0.000585070811212, 0.000172579311766, 6.22678053332e-05, 3.07204463752e-05, 2.07330358535e-05, 1.76501780516e-05, 1.59020346473e-05, 1.44382302096e-05, 1.27833391161e-05, 1.06813749881e-05, 8.10168967291e-06, 4.76927516502e-06, 1.06139361833e-06, 5.91158232055e-06, 1.37396364153e-05], "min": [5.20093495701e-22, 6.21680150554e-21, 1.57880926214e-20, 2.34321962934e-20, 1.04242548027e-19, 1.24123426922e-19, 2.28092649918e-19, 1.2579452563e-19, 3.08410801722e-19, 1.0048944735e-18, 2.18589011594e-18, 8.86158590228e-19, 1.18790528889e-18, 3.93909528834e-18, 4.01709924729e-18, 4.23843458123e-18, 4.07055786232e-18, 2.33819267827e-18, 4.19695519583e-18, 7.91078976463e-18, 1.0946896646e-17, 9.82926066033e-18, 1.56780322601e-17, 1.43788508095e-17, 9.07338384376e-18, 1.33152843118e-17, 1.71702859375e-17, 1.19700644698e-17, 1.62265092545e-17, 1.89216655223e-17, 1.8002384966e-17, 1.33325343363e-17, 1.66469767404e-17, 1.33106082598e-17, 9.17250158784e-18, 5.86242752451e-18, 3.66935499931e-18, 1.5288389453e-18, 3.23256315573e-19, 4.15713284706e-20], "var": [5.9045191847e-06, 0.00984947849065, 0.149534523487, 2.47121810913, 14.1070718765, 425.369934082, 1605.08679199, 5004.56933594, 16798.2753906, 30273.8808594, 4728.69628906, 5614.84863281, 10113.2529297, 295.064788818, 1190.46179199, 152.577484131, 62.2120323181, 197.459274292, 25.7200069427, 4.49655866623, 5.12951850891, 3.44904136658, 0.586301803589, 0.409426599741, 0.2258425951, 0.0239693466574, 0.0192662030458, 0.000771877355874, 5.96174613747e-05, 2.44533043769e-06, 1.22457959151e-06, 5.44556826299e-08, 7.58475948714e-09, 1.53018631099e-09, 3.07293329671e-10, 1.52746190696e-10, 5.10310058099e-11, 2.62274793897e-12, 9.03064636959e-11, 4.95736618422e-10]}, "gfcc": {"mean": [-259.77142334, 250.189086914, -114.951698303, -87.5724868774, -34.7750854492, -40.1488304138, -42.4157180786, -22.646604538, -17.4310722351, -11.5666799545, -1.41670370102, -14.3677206039, -5.8400478363], "cov": [[12818.7207031, 3332.53222656, -2191.86376953, 231.264297485, 1141.71008301, -1126.27685547, 504.87322998, 157.197357178, 180.210189819, -170.266845703, 7.03237485886, -450.318725586, 147.559204102], [3332.53222656, 1894.40600586, -173.741271973, -457.215270996, 470.239349365, -98.7240142822, -43.6398086548, -50.7485809326, 37.1869277954, -185.636505127, 13.2363424301, -181.529693604, 15.9127645493], [-2191.86376953, -173.741271973, 793.045776367, -159.834899902, -139.634872437, 330.083435059, -186.227996826, -84.7299346924, -35.7985610962, -38.4505805969, 14.811170578, 83.7074356079, -39.5881462097], [231.264297485, -457.215270996, -159.834899902, 591.262756348, 62.7139778137, -45.104598999, 214.920181274, 60.7237281799, -52.8017158508, 58.9970741272, -38.0515518188, 13.0338020325, 5.4506688118], [1141.71008301, 470.239349365, -139.634872437, 62.7139778137, 319.865905762, -22.9801044464, 60.3146209717, 65.4851150513, 20.8935432434, -30.8266239166, 12.0394458771, -59.6682891846, 2.84740900993], [-1126.27685547, -98.7240142822, 330.083435059, -45.104598999, -22.9801044464, 272.568511963, -10.4543924332, -7.01983070374, 14.5476179123, 2.78047132492, -2.1325571537, 34.7265052795, -36.9389038086], [504.87322998, -43.6398086548, -186.227996826, 214.920181274, 60.3146209717, -10.4543924332, 205.354858398, 85.8326644897, 4.16267633438, 41.6075057983, -16.8295249939, -25.1181545258, 0.684262156487], [157.197357178, -50.7485809326, -84.7299346924, 60.7237281799, 65.4851150513, -7.01983070374, 85.8326644897, 127.588905334, 60.0392036438, 33.2496452332, 17.2388210297, 0.921210706234, -5.36128664017], [180.210189819, 37.1869277954, -35.7985610962, -52.8017158508, 20.8935432434, 14.5476179123, 4.16267633438, 60.0392036438, 116.792427063, 48.8523368835, 22.7186985016, 13.8161392212, -5.8618555069], [-170.266845703, -185.636505127, -38.4505805969, 58.9970741272, -30.8266239166, 2.78047132492, 41.6075057983, 33.2496452332, 48.8523368835, 107.742424011, 39.7919845581, 21.7902908325, -4.565990448], [7.03237485886, 13.2363424301, 14.811170578, -38.0515518188, 12.0394458771, -2.1325571537, -16.8295249939, 17.2388210297, 22.7186985016, 39.7919845581, 70.1299285889, 38.005821228, 3.27728748322], [-450.318725586, -181.529693604, 83.7074356079, 13.0338020325, -59.6682891846, 34.7265052795, -25.1181545258, 0.921210706234, 13.8161392212, 21.7902908325, 38.005821228, 87.3633956909, 27.301656723], [147.559204102, 15.9127645493, -39.5881462097, 5.4506688118, 2.84740900993, -36.9389038086, 0.684262156487, -5.36128664017, -5.8618555069, -4.565990448, 3.27728748322, 27.301656723, 61.4217033386]], "icov": [[0.00100252358243, -0.0017404682003, 0.00125021766871, -0.00186592701357, 0.000686420302372, 0.00158987171017, -0.00076330115553, 0.00119162991177, -0.00293859839439, 0.00210808357224, -0.00262631475925, 0.00150609854609, -0.000602375774179], [-0.0017404682003, 0.00752178160474, -0.00465863430873, 0.0075219552964, -0.00747829070315, 0.00147456990089, -0.00765925366431, 0.00751801626757, -0.00173643603921, 0.00368789676577, -0.00108828139491, 0.0018958383007, -0.000138704141136], [0.00125021766871, -0.00465863430873, 0.00821642950177, -0.00609453674406, 0.00622641853988, -0.0072246179916, 0.00994998123497, -0.00602386239916, 0.00221376749687, 9.75015336735e-06, -0.00305190193467, 0.0012681275839, -0.00141901429743], [-0.00186592701357, 0.0075219552964, -0.00609453674406, 0.0137541331351, -0.0115209054202, 0.00548127479851, -0.0130031714216, 0.00778034236282, 0.00370226660743, -0.00388436275534, 0.0109684914351, -0.0103728147224, 0.00612976308912], [0.000686420302372, -0.00747829070315, 0.00622641853988, -0.0115209054202, 0.0182129051536, -0.0100046722218, 0.0153531702235, -0.0152802905068, 0.00332828983665, 0.000347974331817, -0.00856334995478, 0.00993659999222, -0.00665838643909], [0.00158987171017, 0.00147456990089, -0.0072246179916, 0.00548127479851, -0.0100046722218, 0.0217679664493, -0.0197462439537, 0.0152617068961, -0.0122048417106, 0.00541529571638, 0.00213752663694, -0.00677965395153, 0.0078999651596], [-0.00076330115553, -0.00765925366431, 0.00994998123497, -0.0130031714216, 0.0153531702235, -0.0197462439537, 0.0392291732132, -0.0310853105038, 0.0201914589852, -0.0173225719482, 0.00906731933355, 0.00115339213517, -0.00470962794498], [0.00119162991177, 0.00751801626757, -0.00602386239916, 0.00778034236282, -0.0152802905068, 0.0152617068961, -0.0310853105038, 0.0413182675838, -0.0278807543218, 0.0204733274877, -0.0168827790767, 0.00676820240915, 0.00120957556646], [-0.00293859839439, -0.00173643603921, 0.00221376749687, 0.00370226660743, 0.00332828983665, -0.0122048417106, 0.0201914589852, -0.0278807543218, 0.0410176329315, -0.0312724336982, 0.0289584528655, -0.0220888946205, 0.00831810943782], [0.00210808357224, 0.00368789676577, 9.75015336735e-06, -0.00388436275534, 0.000347974331817, 0.00541529571638, -0.0173225719482, 0.0204733274877, -0.0312724336982, 0.0451589971781, -0.0416993424296, 0.0268716458231, -0.00979509204626], [-0.00262631475925, -0.00108828139491, -0.00305190193467, 0.0109684914351, -0.00856334995478, 0.00213752663694, 0.00906731933355, -0.0168827790767, 0.0289584528655, -0.0416993424296, 0.0692991241813, -0.0495471134782, 0.0217484962195], [0.00150609854609, 0.0018958383007, 0.0012681275839, -0.0103728147224, 0.00993659999222, -0.00677965395153, 0.00115339213517, 0.00676820240915, -0.0220888946205, 0.0268716458231, -0.0495471134782, 0.0612659677863, -0.0310307778418], [-0.000602375774179, -0.000138704141136, -0.00141901429743, 0.00612976308912, -0.00665838643909, 0.0078999651596, -0.00470962794498, 0.00120957556646, 0.00831810943782, -0.00979509204626, 0.0217484962195, -0.0310307778418, 0.034221444279]]}, "melbands": {"dmean": [5.77486207476e-06, 4.03618250857e-05, 7.28918821551e-05, 0.000236805790337, 0.000297087186482, 0.000244789640419, 0.000212977509364, 0.000260022847215, 6.54798059259e-05, 5.17819134984e-05, 3.65742089343e-05, 1.0517022929e-05, 1.17796835184e-05, 6.15652606939e-06, 4.22252651333e-06, 3.71438613911e-06, 4.2141114136e-06, 1.49118920945e-06, 8.95565108294e-07, 3.98503829047e-07, 3.00280788679e-07, 2.58878969817e-07, 1.50425563561e-07, 8.87904860747e-08, 5.55367840605e-08, 3.58533149836e-08, 1.6594597696e-08, 7.3860393357e-09, 4.99087349226e-09, 3.48228690328e-09, 7.90402243656e-10, 4.4306358582e-10, 9.38910130199e-11, 7.00886362837e-11, 5.3149172563e-11, 2.50098552979e-11, 1.31365794978e-11, 1.07780780828e-11, 9.31870206e-12, 6.94998008796e-12], "dmean2": [9.79373999144e-06, 7.0004571171e-05, 0.000123185382108, 0.000411876215367, 0.000471016566735, 0.000334615557222, 0.000255707389442, 0.00039906182792, 8.69341383805e-05, 7.36439978937e-05, 4.90502025059e-05, 1.50298437802e-05, 1.62199594342e-05, 1.00174675026e-05, 6.36612139715e-06, 5.47236732018e-06, 6.36294180367e-06, 2.21158643399e-06, 1.34107040139e-06, 5.82638222113e-07, 4.0926167344e-07, 3.85700275274e-07, 2.3671766769e-07, 1.34694218445e-07, 7.83972211593e-08, 4.79873385473e-08, 2.63540371748e-08, 1.06671880218e-08, 7.40251770992e-09, 4.95819962865e-09, 1.15875586904e-09, 6.68454236408e-10, 1.43057288238e-10, 1.0841054443e-10, 8.81385520124e-11, 4.42600608941e-11, 2.31329105177e-11, 1.92321072262e-11, 1.67386295796e-11, 1.2700024192e-11], "dvar": [3.54596074725e-10, 9.63740731663e-09, 2.15178115326e-08, 2.91610746217e-07, 3.62861214853e-07, 3.26779911575e-07, 3.39370814118e-07, 4.61314812128e-07, 2.91924582285e-08, 1.41306045975e-07, 6.0449842465e-08, 1.38835798413e-09, 1.29120882875e-08, 2.60917315531e-10, 7.11287417854e-11, 1.33745334252e-10, 2.4108190444e-10, 1.75906650357e-11, 9.68940032375e-12, 1.71638788252e-12, 2.61234913909e-12, 2.18128791939e-12, 1.00573228131e-12, 7.00648686205e-13, 1.71375229546e-13, 1.63904941052e-13, 9.82298620157e-14, 4.73411627012e-15, 6.58457663394e-15, 1.67201085063e-15, 1.17913339005e-16, 3.62424156132e-17, 6.94331528768e-19, 4.45414632778e-19, 6.66030629784e-19, 1.00231142109e-19, 5.11166680064e-21, 3.37636688156e-21, 3.84866015219e-21, 6.36991423232e-22], "dvar2": [1.04464992212e-09, 3.12308792161e-08, 6.63378543209e-08, 9.24287633097e-07, 9.90329340311e-07, 5.82709105856e-07, 4.77810772281e-07, 1.179143851e-06, 5.42098241851e-08, 2.81043895711e-07, 9.78022356435e-08, 3.63744989684e-09, 3.02437612731e-08, 7.15322356903e-10, 1.63809077414e-10, 2.93198493262e-10, 5.24335019847e-10, 3.88557450104e-11, 2.22355189816e-11, 4.00681961568e-12, 3.51437390474e-12, 4.87038447766e-12, 2.3444354097e-12, 1.62223771742e-12, 3.82281310557e-13, 3.0540270291e-13, 2.52606258393e-13, 1.06818952284e-14, 1.60263597234e-14, 3.90680309691e-15, 2.68943681014e-16, 8.99722631738e-17, 1.68978637221e-18, 1.08641322626e-18, 1.66677172603e-18, 2.35992354015e-19, 1.23731267379e-20, 8.53228239237e-21, 1.01273644944e-20, 1.84341016332e-21], "max": [0.000805473071523, 0.00211696606129, 0.00395673559979, 0.0137994494289, 0.0209811255336, 0.0228178948164, 0.0258681271225, 0.029159842059, 0.00572145637125, 0.0201790854335, 0.0165245141834, 0.00239925086498, 0.0107236392796, 0.000647305976599, 0.000276744918665, 0.000648688001093, 0.000899061618838, 0.000187677811482, 0.000137694514706, 5.7107401517e-05, 9.95045047603e-05, 7.2264650953e-05, 3.8678299461e-05, 5.56094819331e-05, 1.72351847141e-05, 2.5275250664e-05, 2.23452007049e-05, 3.66296421817e-06, 5.88918510402e-06, 2.70652208201e-06, 6.37876894416e-07, 3.89555907532e-07, 4.76927120019e-08, 3.80530309485e-08, 5.80798165117e-08, 1.79113541776e-08, 4.98592411802e-09, 3.7860075075e-09, 5.10954034638e-09, 2.1436925568e-09], "mean": [1.81812811206e-05, 9.08817601157e-05, 0.000162688636919, 0.000506960961502, 0.000873392738868, 0.000966644729488, 0.00104725325946, 0.000828490999993, 0.000318065140164, 0.000110940170998, 0.000111357156129, 3.56461350748e-05, 3.67806351278e-05, 2.01978709811e-05, 1.38935602081e-05, 9.45325427892e-06, 9.41528560361e-06, 3.69958138435e-06, 2.06515392165e-06, 8.6444237013e-07, 6.74825400893e-07, 6.10688744018e-07, 2.28320757856e-07, 1.36257426675e-07, 1.11448642315e-07, 6.67517454644e-08, 2.26826557537e-08, 1.36642368531e-08, 7.85784859403e-09, 5.72810288091e-09, 1.27868260424e-09, 6.27238316842e-10, 1.49590589915e-10, 9.49832087982e-11, 6.18753798198e-11, 3.05294851899e-11, 1.40394492906e-11, 1.10436963394e-11, 9.22980442075e-12, 7.23169874678e-12], "median": [9.63037336987e-07, 1.80221832125e-05, 7.35965513741e-05, 0.000231214013183, 0.000475916313007, 0.000297870254144, 0.000285729387542, 0.000269226584351, 0.000118265255878, 1.96651653823e-05, 2.83482950181e-05, 1.49756742758e-05, 1.27249295474e-05, 7.53774384066e-06, 6.89652915753e-06, 3.8626812966e-06, 2.37039466811e-06, 1.18235448099e-06, 5.47542924778e-07, 2.38725078816e-07, 7.52148281435e-08, 5.14001285978e-08, 1.89619875357e-08, 8.23715673448e-09, 5.40571676311e-09, 1.61855195913e-09, 5.27467181044e-10, 2.85310719494e-10, 8.23410922779e-11, 5.38719902021e-11, 2.11890748003e-11, 1.3346223432e-11, 8.3756352548e-12, 6.78364526011e-12, 5.49440874742e-12, 4.63340824042e-12, 3.9998143686e-12, 3.63122639596e-12, 3.4026572792e-12, 3.15926104721e-12], "min": [6.16133893566e-24, 8.53619601336e-24, 7.58195673025e-24, 7.43321621771e-24, 7.71494684595e-24, 3.24216605842e-24, 5.24424632371e-24, 1.33934965967e-23, 1.52348147009e-23, 5.0116155815e-24, 5.86336881682e-24, 1.58686202621e-23, 1.4371554746e-23, 1.38360822744e-23, 9.56633318189e-24, 8.28542423134e-24, 3.35500018636e-24, 4.34422978935e-24, 1.3490849921e-23, 8.92817310855e-24, 1.42527980476e-23, 1.12446600013e-23, 1.0502480729e-23, 1.37467185334e-23, 1.1962535258e-23, 8.11408758703e-24, 5.39545754861e-24, 9.78070218857e-24, 1.20907787976e-23, 5.11135363233e-24, 8.47174134424e-24, 8.17844364854e-24, 1.13556479975e-23, 1.04542316295e-23, 1.04300546204e-23, 8.53679160334e-24, 7.63895824153e-24, 1.09408278571e-23, 1.16969841669e-23, 1.12594077559e-23], "var": [3.36483130248e-09, 3.15740678047e-08, 6.93763979598e-08, 6.29289559129e-07, 1.51381129854e-06, 3.01759155263e-06, 3.71211217498e-06, 2.73659679806e-06, 2.52420221614e-07, 3.58194597538e-07, 2.57843083773e-07, 4.12920497794e-09, 2.4887262029e-08, 1.5153234223e-09, 3.72617742217e-10, 3.90378201987e-10, 6.52025156089e-10, 5.96490287719e-11, 2.30942955731e-11, 4.44808599676e-12, 8.87758443147e-12, 5.51510616689e-12, 1.35097130965e-12, 8.20072742352e-13, 2.78991944564e-13, 2.6312250447e-13, 9.69993603126e-14, 6.69287784306e-15, 6.42878652263e-15, 2.06658103207e-15, 1.54240967456e-16, 3.91664130518e-17, 1.08737461693e-18, 5.50751947884e-19, 6.91957675506e-19, 1.16006730086e-19, 6.33059013466e-21, 3.38268120192e-21, 3.07401096114e-21, 4.52561701069e-22]}, "mfcc": {"mean": [-854.166442871, 242.914031982, 10.9376211166, -39.6624565125, -11.7119550705, -14.0576591492, -23.219379425, -22.9367256165, -18.4669055939, -11.90691185, -6.13858699799, -4.39824771881, -4.52359485626], "cov": [[5430.15478516, 3208.30371094, -1202.96166992, 34.998840332, 447.581451416, -319.576690674, -75.0831222534, 98.9593811035, 51.5972747803, 67.4512634277, 78.4507598877, 41.5448112488, -41.8138771057], [3208.30371094, 2433.75537109, -271.951690674, -267.005279541, 250.806503296, -42.3984985352, -129.377212524, 6.66286849976, -9.11796474457, -19.2830753326, 14.4185094833, -4.39543581009, -38.2137565613], [-1202.96166992, -271.951690674, 718.234191895, -156.503799438, -141.981552124, 217.170425415, -3.21614146233, -75.619468689, -48.3158798218, -71.5692520142, -66.4819717407, -43.3215103149, -6.96578788757], [34.998840332, -267.005279541, -156.503799438, 311.160461426, 86.7944564819, -40.2368621826, 111.857521057, 62.7726974487, 25.8351478577, 26.6324424744, 3.10145187378, 13.3977918625, 14.7452478409], [447.581451416, 250.806503296, -141.981552124, 86.7944564819, 237.477630615, 42.1606712341, 15.5395832062, 87.8513412476, 40.9749946594, 18.806306839, 33.5265388489, 21.5454025269, 14.6609592438], [-319.576690674, -42.3984985352, 217.170425415, -40.2368621826, 42.1606712341, 182.065170288, 59.5806922913, 11.9267702103, 18.413640976, -0.709243237972, -1.55410087109, -7.49823570251, -6.97470760345], [-75.0831222534, -129.377212524, -3.21614146233, 111.857521057, 15.5395832062, 59.5806922913, 149.446746826, 70.2556991577, 22.7749156952, 32.6951217651, 16.4459114075, 1.80266904831, -4.43058681488], [98.9593811035, 6.66286849976, -75.619468689, 62.7726974487, 87.8513412476, 11.9267702103, 70.2556991577, 127.997444153, 70.8432693481, 34.4808006287, 38.091884613, 23.4490394592, 11.9514942169], [51.5972747803, -9.11796474457, -48.3158798218, 25.8351478577, 40.9749946594, 18.413640976, 22.7749156952, 70.8432693481, 98.2263031006, 56.0867996216, 25.2234134674, 22.7341537476, 11.7206916809], [67.4512634277, -19.2830753326, -71.5692520142, 26.6324424744, 18.806306839, -0.709243237972, 32.6951217651, 34.4808006287, 56.0867996216, 87.6935119629, 61.0135765076, 15.9067382812, 2.65229225159], [78.4507598877, 14.4185094833, -66.4819717407, 3.10145187378, 33.5265388489, -1.55410087109, 16.4459114075, 38.091884613, 25.2234134674, 61.0135765076, 102.902671814, 60.5743904114, 8.65202903748], [41.5448112488, -4.39543581009, -43.3215103149, 13.3977918625, 21.5454025269, -7.49823570251, 1.80266904831, 23.4490394592, 22.7341537476, 15.9067382812, 60.5743904114, 100.780914307, 50.6342010498], [-41.8138771057, -38.2137565613, -6.96578788757, 14.7452478409, 14.6609592438, -6.97470760345, -4.43058681488, 11.9514942169, 11.7206916809, 2.65229225159, 8.65202903748, 50.6342010498, 75.9554519653]], "icov": [[1.7971726656, -2.52145552635, 2.46483659744, -2.35673737526, 2.20590472221, -2.00851297379, 1.75796580315, -1.47668707371, 1.17417252064, -0.862264215946, 0.562541842461, -0.316484868526, 0.12485384196], [-2.52145552635, 3.53877329826, -3.45988082886, 3.31144738197, -3.10222101212, 2.8268404007, -2.47687649727, 2.08281159401, -1.65763258934, 1.21839272976, -0.79513579607, 0.447572946548, -0.176229938865], [2.46483659744, -3.45988082886, 3.39140987396, -3.24689912796, 3.05170416832, -2.79248189926, 2.45177125931, -2.06826782227, 1.65270781517, -1.21673119068, 0.798000216484, -0.449532866478, 0.176777124405], [-2.35673737526, 3.31144738197, -3.24689912796, 3.12934684753, -2.94676780701, 2.70594406128, -2.3936252594, 2.02622699738, -1.62604665756, 1.20339930058, -0.788993656635, 0.446892619133, -0.176981419325], [2.20590472221, -3.10222101212, 3.05170416832, -2.94676780701, 2.79801750183, -2.58205318451, 2.2956328392, -1.96118056774, 1.58254301548, -1.1772236824, 0.777456045151, -0.441915690899, 0.173798307776], [-2.00851297379, 2.8268404007, -2.79248189926, 2.70594406128, -2.58205318451, 2.41195726395, -2.15697193146, 1.85453629494, -1.51458156109, 1.1367213726, -0.75837790966, 0.433935582638, -0.171517461538], [1.75796580315, -2.47687649727, 2.45177125931, -2.3936252594, 2.2956328392, -2.15697193146, 1.96129333973, -1.7002042532, 1.40076339245, -1.06572508812, 0.716355323792, -0.413636684418, 0.167122945189], [-1.47668707371, 2.08281159401, -2.06826782227, 2.02622699738, -1.96118056774, 1.85453629494, -1.7002042532, 1.50727832317, -1.25474023819, 0.963484048843, -0.659084498882, 0.383778244257, -0.156363889575], [1.17417252064, -1.65763258934, 1.65270781517, -1.62604665756, 1.58254301548, -1.51458156109, 1.40076339245, -1.25474023819, 1.07820487022, -0.841577649117, 0.581682920456, -0.344542443752, 0.140684738755], [-0.862264215946, 1.21839272976, -1.21673119068, 1.20339930058, -1.1772236824, 1.1367213726, -1.06572508812, 0.963484048843, -0.841577649117, 0.691494345665, -0.485877633095, 0.290615141392, -0.121727973223], [0.562541842461, -0.79513579607, 0.798000216484, -0.788993656635, 0.777456045151, -0.75837790966, 0.716355323792, -0.659084498882, 0.581682920456, -0.485877633095, 0.364966630936, -0.22287145257, 0.0959894359112], [-0.316484868526, 0.447572946548, -0.449532866478, 0.446892619133, -0.441915690899, 0.433935582638, -0.413636684418, 0.383778244257, -0.344542443752, 0.290615141392, -0.22287145257, 0.153149232268, -0.0700887516141], [0.12485384196, -0.176229938865, 0.176777124405, -0.176981419325, 0.173798307776, -0.171517461538, 0.167122945189, -0.156363889575, 0.140684738755, -0.121727973223, 0.0959894359112, -0.0700887516141, 0.0471916571259]]}, "spectral_contrast_coeffs": {"dmean": [0.0446882992983, 0.0311247929931, 0.0242253411561, 0.0209165178239, 0.017756940797, 0.0343940667808], "dmean2": [0.0763481706381, 0.0510445311666, 0.0387595482171, 0.0336288399994, 0.0296009685844, 0.0610916800797], "dvar": [0.00135582557414, 0.000799776404165, 0.000558050931431, 0.000349181558704, 0.000295944075333, 0.00103963329457], "dvar2": [0.00391974393278, 0.00202222797088, 0.00131766020786, 0.000897180812899, 0.000748596910853, 0.00287172454409], "max": [-0.222832873464, -0.339536100626, -0.375522822142, -0.579303443432, -0.591580808163, -0.611438930035], "mean": [-0.509504854679, -0.637685596943, -0.727415859699, -0.725100934505, -0.732592463493, -0.903925538063], "median": [-0.499969244003, -0.638148844242, -0.730102002621, -0.722968220711, -0.725020229816, -0.914948225021], "min": [-0.966597855091, -0.967822134495, -0.959525108337, -0.953809440136, -0.960855424404, -0.963534832001], "var": [0.0108852153644, 0.00798456557095, 0.00411366159096, 0.0023629560601, 0.00377812888473, 0.00271923164837]}, "spectral_contrast_valleys": {"dmean": [0.422806769609, 0.23748268187, 0.236938506365, 0.22858081758, 0.254274189472, 0.867617964745], "dmean2": [0.715706288815, 0.392776310444, 0.381425648928, 0.369040995836, 0.414160311222, 1.55078077316], "dvar": [0.139133140445, 0.062751673162, 0.0711151212454, 0.0773389264941, 0.105347834527, 0.461362123489], "dvar2": [0.35873901844, 0.127363651991, 0.133865773678, 0.150197982788, 0.222199067473, 1.38545429707], "max": [-6.32567501068, -4.6903219223, -5.98165845871, -7.10144233704, -8.14885234833, -12.0302772522], "mean": [-9.38780021667, -6.99338197708, -8.33458137512, -9.91116333008, -12.464