{"lowlevel": {"average_loudness": 0.967989087105, "barkbands_crest": {"dmean": 3.49517703056, "dmean2": 4.967710495, "dvar": 11.8483715057, "dvar2": 19.9943294525, "max": 26.8178501129, "mean": 14.7361183167, "median": 14.435344696, "min": 2.04651355743, "var": 48.5861625671}, "barkbands_flatness_db": {"dmean": 0.0499864369631, "dmean2": 0.0628407597542, "dvar": 0.00289208255708, "dvar2": 0.00406671967357, "max": 0.616038262844, "mean": 0.183728024364, "median": 0.154076829553, "min": 0.016833268106, "var": 0.0134016014636}, "barkbands_kurtosis": {"dmean": 43.5576705933, "dmean2": 63.8499298096, "dvar": 31018.9296875, "dvar2": 61482.46875, "max": 6759.89550781, "mean": 60.5423736572, "median": 6.1426076889, "min": -1.93302702904, "var": 44364.5585938}, "barkbands_skewness": {"dmean": 1.9359382391, "dmean2": 2.5672917366, "dvar": 7.20321130753, "dvar2": 11.3875923157, "max": 69.2854385376, "mean": 4.29292345047, "median": 2.41707372665, "min": -3.04306578636, "var": 26.0028057098}, "barkbands_spread": {"dmean": 12.5663290024, "dmean2": 17.5503082275, "dvar": 254.663345337, "dvar2": 396.520812988, "max": 115.841468811, "mean": 26.6531467438, "median": 17.7408714294, "min": 0.0518848970532, "var": 695.268615723}, "dissonance": {"dmean": 0.0182766672224, "dmean2": 0.0295028649271, "dvar": 0.000393099384382, "dvar2": 0.000952869129833, "max": 0.500000059605, "mean": 0.466503381729, "median": 0.474786400795, "min": 0.27444922924, "var": 0.000881989428308}, "dynamic_complexity": 3.63333678246, "erbbands_crest": {"dmean": 2.66266608238, "dmean2": 4.08283424377, "dvar": 7.50244092941, "dvar2": 15.4699621201, "max": 28.7451000214, "mean": 8.0951461792, "median": 6.58234786987, "min": 2.0448012352, "var": 21.8104686737}, "erbbands_flatness_db": {"dmean": 0.0219215601683, "dmean2": 0.032265663147, "dvar": 0.000543070491403, "dvar2": 0.000983935198747, "max": 0.380722552538, "mean": 0.115932255983, "median": 0.102938860655, "min": 0.0414953492582, "var": 0.00247098412365}, "erbbands_kurtosis": {"dmean": 1.64006733894, "dmean2": 2.53580832481, "dvar": 13.3313350677, "dvar2": 27.7065086365, "max": 83.7758712769, "mean": 1.10767269135, "median": -0.154358386993, "min": -1.90896260738, "var": 22.9960613251}, "erbbands_skewness": {"dmean": 0.558092653751, "dmean2": 0.797725081444, "dvar": 0.424494177103, "dvar2": 0.728944718838, "max": 8.58350467682, "mean": 0.330948978662, "median": 0.238305285573, "min": -3.62391853333, "var": 1.39570212364}, "erbbands_spread": {"dmean": 17.9731578827, "dmean2": 26.7296619415, "dvar": 381.256103516, "dvar2": 787.982421875, "max": 205.536376953, "mean": 60.2534484863, "median": 55.0787887573, "min": 6.28791904449, "var": 1037.37780762}, "hfc": {"dmean": 17.9753246307, "dmean2": 24.1402511597, "dvar": 573.096618652, "dvar2": 1063.1505127, "max": 267.113220215, "mean": 30.3699989319, "median": 16.2016487122, "min": 1.11378029831e-16, "var": 1117.86425781}, "melbands_crest": {"dmean": 4.23195505142, "dmean2": 6.25359964371, "dvar": 18.8779602051, "dvar2": 36.9296035767, "max": 38.7607269287, "mean": 22.265537262, "median": 22.3237743378, "min": 1.28842401505, "var": 88.9834213257}, "melbands_flatness_db": {"dmean": 0.0603787228465, "dmean2": 0.0744139105082, "dvar": 0.00388993253, "dvar2": 0.00577471777797, "max": 0.772574424744, "mean": 0.266351908445, "median": 0.23453746736, "min": 0.00038421220961, "var": 0.020248202607}, "melbands_kurtosis": {"dmean": 90.8124847412, "dmean2": 133.150238037, "dvar": 52220.7265625, "dvar2": 104677.367188, "max": 3777.52172852, "mean": 146.194244385, "median": 28.396194458, "min": -1.82727360725, "var": 118959.445312}, "melbands_skewness": {"dmean": 2.53492927551, "dmean2": 3.50660395622, "dvar": 12.0148077011, "dvar2": 22.3126106262, "max": 47.1200904846, "mean": 6.78128576279, "median": 4.50238275528, "min": -1.35241723061, "var": 42.1971740723}, "melbands_spread": {"dmean": 12.7470417023, "dmean2": 18.1577625275, "dvar": 362.309204102, "dvar2": 709.380187988, "max": 253.493728638, "mean": 22.1474590302, "median": 11.9039878845, "min": 0.0601418539882, "var": 901.407409668}, "pitch_salience": {"dmean": 0.104071006179, "dmean2": 0.141832947731, "dvar": 0.0113880289719, "dvar2": 0.0191799104214, "max": 0.990903735161, "mean": 0.409197062254, "median": 0.435833632946, "min": 0.012918044813, "var": 0.0495102629066}, "silence_rate_20dB": {"dmean": 0.0124257160351, "dmean2": 0.0248547885567, "dvar": 0.0122702894732, "dvar2": 0.0363908298314, "max": 1, "mean": 0.993652939796, "median": 1, "min": 0, "var": 0.00630730995908}, "silence_rate_30dB": {"dmean": 0.108589954674, "dmean2": 0.217209234834, "dvar": 0.0967922881246, "dvar2": 0.203242629766, "max": 1, "mean": 0.746252536774, "median": 1, "min": 0, "var": 0.189348012209}, "silence_rate_60dB": {"dmean": 0.0248514320701, "dmean2": 0.0497095771134, "dvar": 0.0242313798517, "dvar2": 0.0545335412025, "max": 1, "mean": 0.0637407153845, "median": 0, "min": 0, "var": 0.0596758723259}, "spectral_centroid": {"dmean": 458.288024902, "dmean2": 668.540039062, "dvar": 316310.65625, "dvar2": 531554.75, "max": 11721.0371094, "mean": 1508.28051758, "median": 1232.79858398, "min": 72.4484558105, "var": 1296186.375}, "spectral_complexity": {"dmean": 6.3030796051, "dmean2": 9.04579257965, "dvar": 68.9914474487, "dvar2": 112.508140564, "max": 63, "mean": 14.8781900406, "median": 12, "min": 0, "var": 160.793655396}, "spectral_decrease": {"dmean": 8.60611226727e-09, "dmean2": 1.05630757474e-08, "dvar": 1.37709782767e-16, "dvar2": 2.1907219426e-16, "max": 1.55240726688e-28, "mean": -1.93379587898e-08, "median": -9.15450382166e-09, "min": -1.04068355711e-07, "var": 5.41554485294e-16}, "spectral_energy": {"dmean": 0.0328802578151, "dmean2": 0.0405391789973, "dvar": 0.00194490025751, "dvar2": 0.00314406189136, "max": 0.395414113998, "mean": 0.0757405534387, "median": 0.0397132523358, "min": 1.03020595467e-20, "var": 0.00776202511042}, "spectral_energyband_high": {"dmean": 0.00163991586305, "dmean2": 0.0021963827312, "dvar": 5.29821818418e-06, "dvar2": 9.44511612033e-06, "max": 0.0194528605789, "mean": 0.00218351138756, "median": 0.000628875219263, "min": 7.18185268903e-21, "var": 9.50760932028e-06}, "spectral_energyband_low": {"dmean": 0.0313977077603, "dmean2": 0.0379768908024, "dvar": 0.00217275833711, "dvar2": 0.00323818437755, "max": 0.392605274916, "mean": 0.0631067752838, "median": 0.0155422389507, "min": 2.91995002356e-23, "var": 0.00784262828529}, "spectral_energyband_middle_high": {"dmean": 0.00186868710443, "dmean2": 0.00264777452685, "dvar": 1.52152124429e-05, "dvar2": 2.99721323245e-05, "max": 0.0955836102366, "mean": 0.00292358756997, "median": 0.00132848101202, "min": 1.12691352628e-21, "var": 3.46775559592e-05}, "spectral_energyband_middle_low": {"dmean": 0.00501138251275, "dmean2": 0.00802045874298, "dvar": 9.4589915534e-05, "dvar2": 0.000234344945056, "max": 0.136476799846, "mean": 0.008130854927, "median": 0.00445617735386, "min": 1.6604619598e-22, "var": 0.000128037412651}, "spectral_entropy": {"dmean": 0.268358647823, "dmean2": 0.379856437445, "dvar": 0.108634829521, "dvar2": 0.186422154307, "max": 9.81829547882, "mean": 7.83931541443, "median": 7.97544384003, "min": 4.86820268631, "var": 0.354172319174}, "spectral_flux": {"dmean": 0.0565456524491, "dmean2": 0.0854651704431, "dvar": 0.0041579445824, "dvar2": 0.00981493201107, "max": 0.507678329945, "mean": 0.117534734309, "median": 0.0904414951801, "min": 6.50169848515e-11, "var": 0.00839527975768}, "spectral_kurtosis": {"dmean": 1.38546741009, "dmean2": 2.0844771862, "dvar": 6.97396278381, "dvar2": 16.5776634216, "max": 94.3344955444, "mean": 3.02511453629, "median": 2.20690917969, "min": -1.2822855711, "var": 10.5888795853}, "spectral_rms": {"dmean": 0.0016740206629, "dmean2": 0.00203014258295, "dvar": 2.88291153083e-06, "dvar2": 4.33016157331e-06, "max": 0.0196410249919, "mean": 0.00724087655544, "median": 0.00622451910749, "min": 3.17029800849e-12, "var": 2.14627089008e-05}, "spectral_rolloff": {"dmean": 1196.48181152, "dmean2": 1881.63354492, "dvar": 3984343.5, "dvar2": 6875592.5, "max": 19573.6816406, "mean": 1993.48510742, "median": 473.73046875, "min": 43.06640625, "var": 9294073}, "spectral_skewness": {"dmean": 0.266939938068, "dmean2": 0.379481971264, "dvar": 0.113448604941, "dvar2": 0.21195229888, "max": 7.97304344177, "mean": 1.42949974537, "median": 1.32858300209, "min": -0.255479574203, "var": 0.32109028101}, "spectral_spread": {"dmean": 1119942.5, "dmean2": 1634684.25, "dvar": 1346431614980.0, "dvar2": 2438354960380.0, "max": 41797336, "mean": 7232923, "median": 7202935, "min": 900036.25, "var": 8429390790660.0}, "spectral_strongpeak": {"dmean": 0.278273582458, "dmean2": 0.426335632801, "dvar": 0.222614064813, "dvar2": 0.520934164524, "max": 12.5501375198, "mean": 0.609692156315, "median": 0.377710580826, "min": 0, "var": 0.479978531599}, "zerocrossingrate": {"dmean": 0.0259854122996, "dmean2": 0.0270111933351, "dvar": 0.000818674918264, "dvar2": 0.000811543141026, "max": 0.521484375, "mean": 0.0745801627636, "median": 0.0556640625, "min": 0.00146484375, "var": 0.00531640183181}, "barkbands": {"dmean": [0.00202078558505, 0.0302205812186, 0.00405495334417, 0.00100476259831, 0.00171943567693, 0.00144092005212, 0.00068457442103, 0.000547601550352, 0.000689164618962, 0.000375669740606, 0.000222744769417, 0.000178091271664, 0.000159189949045, 0.000214230312849, 0.000317140627885, 0.000267323572189, 0.000249921897193, 0.000184306889423, 0.000209391422686, 0.000256874162005, 0.000249432807323, 0.00020596999093, 0.000217435517698, 0.000374120805645, 0.000371192698367, 0.000154823646881, 3.97029762098e-05], "dmean2": [0.00226456718519, 0.0387268811464, 0.00713758915663, 0.00174638186581, 0.00288898334838, 0.00237149628811, 0.00107268441934, 0.000892715353984, 0.00106259726454, 0.000621425337158, 0.000345943204593, 0.000298156199278, 0.000249291508226, 0.000353410927346, 0.000502130249515, 0.000412663881434, 0.000381041259971, 0.000280582054984, 0.000312068266794, 0.000365082320059, 0.000362308579497, 0.000284603243927, 0.000292016775347, 0.000524539093021, 0.000511663209181, 0.000214505504118, 6.17098921794e-05], "dvar": [7.59460590416e-06, 0.00265726540238, 0.000107290084998, 5.30030501977e-06, 1.6408823285e-05, 1.4906285287e-05, 1.2640719433e-05, 7.61016235629e-06, 1.32000586746e-05, 2.55532040683e-06, 3.83809179993e-07, 1.83195936643e-07, 1.21837146594e-07, 2.59228784216e-07, 1.92925676856e-06, 2.56695034295e-06, 4.48085927474e-07, 2.41222863906e-07, 2.04422946126e-07, 2.11523868643e-07, 1.75258179524e-07, 1.1509880693e-07, 1.01479123771e-07, 3.15376496474e-07, 2.93822154163e-07, 5.02002457381e-08, 3.0796252215e-09], "dvar2": [1.15931006803e-05, 0.00395202357322, 0.000279385858448, 1.3858985767e-05, 4.27237500844e-05, 3.84461163776e-05, 3.09079550789e-05, 2.02095998247e-05, 3.46215128957e-05, 6.80527409713e-06, 8.71720146733e-07, 4.92259118801e-07, 2.92142857461e-07, 6.55708731756e-07, 4.43041699327e-06, 5.81228778174e-06, 8.77581669556e-07, 5.00740725329e-07, 4.14730720877e-07, 4.06313944268e-07, 3.67583851357e-07, 2.26148472393e-07, 1.86507321587e-07, 5.6696228512e-07, 6.13119311765e-07, 8.44705425607e-08, 6.74451783311e-09], "max": [0.0279914271086, 0.386898338795, 0.0837951600552, 0.0230598375201, 0.0689085572958, 0.108439803123, 0.129792243242, 0.0755986049771, 0.104098014534, 0.0575347021222, 0.0183329451829, 0.0113505814224, 0.00508035439998, 0.00894895195961, 0.0597509518266, 0.0567281767726, 0.0173445940018, 0.0120757492259, 0.00754729798064, 0.013406089507, 0.00710167270154, 0.00717021385208, 0.00446338485926, 0.00710755446926, 0.00563378399238, 0.00266145565547, 0.000410036882386], "mean": [0.00429929932579, 0.0548598021269, 0.00344247440808, 0.000942931801546, 0.00195321184583, 0.00250280438922, 0.00093029072741, 0.000639803824015, 0.000958117947448, 0.000435732770711, 0.000283179688267, 0.00021417280368, 0.000195633474505, 0.000240726265474, 0.000383027276257, 0.000331276882207, 0.000303591426928, 0.000236285588471, 0.000250286597293, 0.000316308083711, 0.000317481346428, 0.000258105283137, 0.00028464247589, 0.000470839993795, 0.000449543498689, 0.000199918242288, 4.10786669818e-05], "median": [0.000986147439107, 0.00906275399029, 0.000724354642443, 0.00028232979821, 0.0005878888187, 0.000602066691499, 0.00020571971254, 0.000149633880937, 0.000216015556362, 0.000135440481245, 6.85888153384e-05, 8.64431640366e-05, 5.25889008713e-05, 7.20488242223e-05, 7.58544556447e-05, 5.12109763804e-05, 5.49379838048e-05, 5.61533233849e-05, 6.52865492157e-05, 7.14107227395e-05, 8.63070672494e-05, 5.59956824873e-05, 7.12069668225e-05, 0.000130981614348, 0.000111209839815, 6.12389339949e-05, 1.03355614556e-05], "min": [1.51776207076e-24, 7.95519049033e-24, 6.05540428381e-25, 9.00763191209e-25, 6.78948284208e-24, 1.33918999423e-23, 1.31861784288e-23, 1.03989143362e-23, 3.74549864067e-23, 2.1337480529e-23, 1.46692408749e-23, 2.2542747974e-23, 3.12124429183e-23, 2.90831527184e-23, 7.08041663719e-23, 8.91388336657e-23, 8.89968513246e-23, 1.22799351787e-22, 1.39574939631e-22, 2.10652215959e-22, 2.80462998192e-22, 3.60003300529e-22, 3.82816754011e-22, 5.94751089823e-22, 7.90750940219e-22, 1.40653450066e-21, 2.20779251278e-21], "var": [3.70959060092e-05, 0.00750247295946, 7.86246091593e-05, 4.03706144425e-06, 1.74750439328e-05, 3.10842624458e-05, 1.28855172079e-05, 5.8449518292e-06, 1.37407732836e-05, 1.99073315343e-06, 5.52006099497e-07, 1.63400045494e-07, 1.47602975176e-07, 2.69043965773e-07, 2.6218176572e-06, 3.77870128432e-06, 7.73173837842e-07, 4.20183056349e-07, 2.86379076897e-07, 3.49503920916e-07, 2.58229647443e-07, 1.72891873262e-07, 1.76999193968e-07, 5.19580851233e-07, 4.50817623232e-07, 9.03946713038e-08, 4.06381728268e-09]}, "erbbands": {"dmean": [1.16811549664, 5.8868970871, 4.81160831451, 4.1700463295, 4.31002664566, 6.04498147964, 8.60940361023, 12.3334264755, 9.12552452087, 11.8127183914, 11.5448493958, 15.8994321823, 15.1759243011, 7.87236499786, 8.68298435211, 7.25737094879, 7.26241779327, 9.98488140106, 13.1408729553, 14.595495224, 13.9825696945, 12.5411758423, 10.6396017075, 11.0052909851, 10.5173416138, 12.0743970871, 9.91557884216, 10.1694440842, 7.52322721481, 7.45720529556, 6.06435441971, 6.23097658157, 7.01926040649, 4.9801568985, 2.15421819687, 0.79898750782, 0.296131551266, 0.055007353425, 0.00774919241667, 0.000229231838603], "dmean2": [1.6959387064, 7.32563638687, 7.82451963425, 7.35663747787, 7.18812179565, 10.2016353607, 14.0574588776, 20.0090866089, 13.6061143875, 19.4722213745, 18.5398082733, 24.2655887604, 24.7536067963, 11.9947633743, 13.4386873245, 12.0135755539, 11.4861812592, 15.723482132, 19.7692222595, 22.9797134399, 21.3770542145, 18.999004364, 16.2278728485, 16.2520828247, 15.0255832672, 17.1297206879, 15.3449716568, 14.3972454071, 10.4886016846, 10.201292038, 8.15021800995, 8.73188018799, 9.83814334869, 6.89485216141, 3.0315849781, 1.12380588055, 0.413565307856, 0.0820244252682, 0.0119978263974, 0.000335864140652], "dvar": [3.77801370621, 119.728797913, 111.683776855, 102.063499451, 113.444160461, 252.640884399, 466.804016113, 1165.82568359, 2664.65307617, 2721.18334961, 4136.27294922, 7033.81445312, 6561.6640625, 575.662658691, 502.203674316, 354.803283691, 243.480270386, 615.242492676, 1443.29077148, 5613.9765625, 4230.79980469, 934.29888916, 719.750671387, 693.181213379, 397.061096191, 474.510559082, 332.622772217, 266.568939209, 175.81942749, 126.782196045, 77.5207977295, 86.7509994507, 113.632049561, 55.2874603271, 9.49586582184, 1.31413221359, 0.199035897851, 0.00555759854615, 0.000120367782074, 1.12083583304e-07], "dvar2": [7.71702671051, 151.674468994, 267.651885986, 273.711639404, 292.433319092, 646.699645996, 1128.72961426, 2923.8269043, 6485.64697266, 7283.56884766, 11101.2529297, 18295.125, 15995.2509766, 1401.80029297, 1160.77307129, 955.755554199, 589.631774902, 1511.51818848, 3287.20825195, 12431.7597656, 9834.32617188, 1761.98522949, 1490.77270508, 1474.90771484, 750.399353027, 924.527770996, 725.01776123, 548.619445801, 364.694488525, 248.7109375, 139.966949463, 153.768798828, 208.06338501, 118.078269958, 18.6046600342, 2.53111481667, 0.314135313034, 0.00987378042191, 0.000266725750407, 2.15076781274e-07], "max": [14.2087726593, 81.7585525513, 82.3120880127, 75.7942657471, 94.5909576416, 330.162658691, 498.94909668, 1009.82067871, 2198.40820312, 1024.28540039, 1964.35009766, 2757.23144531, 3335.70581055, 944.459594727, 695.70135498, 570.40032959, 178.479370117, 499.802001953, 1146.52844238, 3272.78515625, 1990.5682373, 654.246337891, 742.594848633, 534.354797363, 435.132568359, 600.524475098, 395.7003479, 271.136169434, 273.512298584, 235.80166626, 124.720161438, 143.521392822, 110.597167969, 89.3466110229, 33.0113945007, 13.8639059067, 4.81255674362, 0.581844389439, 0.0766823142767, 0.0025656723883], "mean": [2.27563524246, 9.49073982239, 5.73008584976, 4.03658246994, 4.14227581024, 6.98759651184, 14.0649032593, 20.6997032166, 14.272026062, 13.9997024536, 14.5964231491, 23.1095905304, 17.1193656921, 11.0622262955, 11.9684858322, 8.97683429718, 9.02608585358, 11.9213533401, 16.7412185669, 19.960811615, 18.2935123444, 16.0363578796, 13.495803833, 13.6527872086, 12.880525589, 14.6022872925, 12.2670526505, 12.7772426605, 9.29355239868, 9.11870002747, 8.06784915924, 8.12366294861, 8.58231735229, 5.76554584503, 2.76029014587, 1.03714418411, 0.366271346807, 0.0640943422914, 0.00794322323054, 0.000342560437275], "median": [0.399246841669, 1.33571755886, 1.39319741726, 1.04435658455, 1.19744682312, 1.91101181507, 3.50104737282, 5.18487644196, 4.1889462471, 3.46525096893, 4.84968900681, 5.47181463242, 5.08304738998, 3.63297367096, 3.72305631638, 3.74634003639, 2.83063602448, 3.78205299377, 4.43596982956, 3.59515023232, 3.51429963112, 2.93093729019, 3.07371449471, 3.16206407547, 3.32571029663, 3.56048178673, 3.39857363701, 3.30298638344, 2.0625910759, 2.00423836708, 2.21502757072, 2.37810397148, 2.16246008873, 1.39363396168, 0.66279309988, 0.322546780109, 0.0996039733291, 0.0184927787632, 0.00189673807472, 0.000206171811442], "min": [1.77338430605e-22, 1.52519190355e-21, 2.58895010929e-21, 9.06325722082e-21, 9.43927139375e-21, 2.71103599003e-20, 3.12138284358e-20, 1.13660303031e-19, 1.86680395388e-19, 1.33046379286e-19, 3.40383271102e-19, 6.84153226427e-19, 7.24673082323e-19, 8.66762807526e-19, 1.23339722405e-18, 1.34625319734e-18, 2.59116870463e-18, 2.71374053459e-18, 3.75743153658e-18, 4.5206830819e-18, 5.23932477678e-18, 5.01895558979e-18, 6.31166517928e-18, 7.71267835356e-18, 8.02819729923e-18, 9.41900223756e-18, 1.10201633416e-17, 1.1026819664e-17, 1.35362060554e-17, 1.33541915791e-17, 1.06217120949e-17, 1.03203553085e-17, 1.06147778398e-17, 8.68205379495e-18, 5.61129424977e-18, 4.63592216252e-18, 2.55437302264e-18, 1.0030681621e-18, 2.7506032699e-19, 3.13139043652e-20], "var": [10.0750961304, 316.306182861, 132.015228271, 74.4454650879, 91.8920516968, 294.040985107, 1027.02612305, 2417.75683594, 2976.40161133, 2129.2355957, 3065.31298828, 7020.14013672, 6023.09130859, 672.20501709, 714.054138184, 312.084320068, 289.846069336, 675.959533691, 1730.10510254, 12203.8671875, 6319.19091797, 1769.45910645, 1191.38244629, 1069.89550781, 639.446228027, 771.352478027, 457.451446533, 407.536651611, 246.043212891, 198.231307983, 140.356445312, 152.469055176, 180.482009888, 78.7324371338, 16.0177536011, 2.21318626404, 0.354724645615, 0.00926273316145, 0.000158104798174, 1.8453249595e-07]}, "gfcc": {"mean": [-10.2468166351, 48.4439086914, -71.3441390991, 34.6015968323, -49.0106658936, 21.1979064941, -31.4219474792, 17.7153167725, -16.3180847168, 10.8467674255, -9.62024307251, 3.82566142082, -3.77189469337], "cov": [[17346.796875, -1121.13684082, 235.358673096, 620.624328613, -404.03036499, 660.722167969, -66.4565200806, 484.987304688, -420.346954346, 241.117767334, -266.738769531, 179.013519287, -37.0520858765], [-1121.13684082, 2191.72412109, 139.85244751, -291.135375977, 235.385635376, 156.645721436, 222.961715698, 55.6136741638, 234.524917603, 3.53270030022, 247.42250061, -54.678768158, 124.021186829], [235.358673096, 139.85244751, 1829.16015625, 701.743225098, 454.546813965, 569.153808594, 394.505401611, 222.684631348, 140.105422974, 124.883483887, 99.109954834, 57.3840408325, 26.7101249695], [620.624328613, -291.135375977, 701.743225098, 866.91796875, 469.585632324, 352.781951904, 198.217910767, 170.175750732, 101.230575562, 64.5209350586, 1.8041793108, 14.3149986267, -12.5894927979], [-404.03036499, 235.385635376, 454.546813965, 469.585632324, 672.735351562, 352.19708252, 271.038299561, 151.858703613, 158.547180176, 67.4670562744, 59.7882804871, 5.22176790237, 18.9070854187], [660.722167969, 156.645721436, 569.153808594, 352.781951904, 352.19708252, 483.242767334, 265.557342529, 155.224838257, 89.8331451416, 92.7663879395, 59.922039032, 14.8303689957, 10.7157478333], [-66.4565200806, 222.961715698, 394.505401611, 198.217910767, 271.038299561, 265.557342529, 321.958068848, 153.706237793, 133.676742554, 80.0251998901, 82.3447570801, 30.4253864288, 36.5783119202], [484.987304688, 55.6136741638, 222.684631348, 170.175750732, 151.858703613, 155.224838257, 153.706237793, 232.810302734, 134.825408936, 66.5464477539, 55.8323402405, 23.0119228363, 43.5648269653], [-420.346954346, 234.524917603, 140.105422974, 101.230575562, 158.547180176, 89.8331451416, 133.676742554, 134.825408936, 195.389221191, 72.0559463501, 86.1421966553, 13.9922466278, 41.116973877], [241.117767334, 3.53270030022, 124.883483887, 64.5209350586, 67.4670562744, 92.7663879395, 80.0251998901, 66.5464477539, 72.0559463501, 104.859352112, 56.622505188, 35.0663566589, 10.506819725], [-266.738769531, 247.42250061, 99.109954834, 1.8041793108, 59.7882804871, 59.922039032, 82.3447570801, 55.8323402405, 86.1421966553, 56.622505188, 137.912277222, 48.8004493713, 56.0434417725], [179.013519287, -54.678768158, 57.3840408325, 14.3149986267, 5.22176790237, 14.8303689957, 30.4253864288, 23.0119228363, 13.9922466278, 35.0663566589, 48.8004493713, 86.9641647339, 41.9206199646], [-37.0520858765, 124.021186829, 26.7101249695, -12.5894927979, 18.9070854187, 10.7157478333, 36.5783119202, 43.5648269653, 41.116973877, 10.506819725, 56.0434417725, 41.9206199646, 95.3336334229]], "icov": [[0.000119612675917, -9.97743409243e-05, 8.31885117805e-05, -0.000165887147887, 0.00021751539316, -0.000235235725995, 0.00016084384697, -0.000566228642128, 0.000645427557174, -0.000524594157469, 0.000433176726801, -0.000345627719071, -1.18109301184e-05], [-9.97743409243e-05, 0.00106105033774, -0.000192231687834, 0.000834478880279, -0.00052938592853, -0.000195773624, -0.000271740311291, 0.00100725435186, -0.0014462651452, 0.00152496935334, -0.00199944060296, 0.00180783448741, -0.000647934619337], [8.31885117805e-05, -0.000192231687834, 0.00113291875459, -0.000841898028739, 0.000518188928254, -0.000832479447126, -0.000486844975967, -0.000312131596729, 0.00060712324921, -0.00036604271736, 0.000214955231058, -0.000665244529955, 0.000118701747851], [-0.000165887147887, 0.000834478880279, -0.000841898028739, 0.00336262863129, -0.00196563918144, -0.000426352256909, 0.000635596341453, 0.000209553792956, -0.00169988244306, 0.00156114879064, -0.000592119991779, 0.000632479088381, 0.000259072025074], [0.00021751539316, -0.00052938592853, 0.000518188928254, -0.00196563918144, 0.00423096772283, -0.0017638716381, -0.00103802850936, -0.000169285180164, -0.000514089595526, -0.000220188812818, 0.00137230171822, -0.000977766700089, 7.24684941815e-05], [-0.000235235725995, -0.000195773624, -0.000832479447126, -0.000426352256909, -0.0017638716381, 0.00687602721155, -0.0028788219206, -0.000556127517484, 0.00231968052685, -0.00231893244199, -0.00113935139962, 0.00214543472975, 0.000257324718405], [0.00016084384697, -0.000271740311291, -0.000486844975967, 0.000635596341453, -0.00103802850936, -0.0028788219206, 0.00871057342738, -0.00245029851794, -0.00112983153667, -0.000806214753538, 0.000248207157711, -0.00185479375068, 0.000189230078831], [-0.000566228642128, 0.00100725435186, -0.000312131596729, 0.000209553792956, -0.000169285180164, -0.000556127517484, -0.00245029851794, 0.0125221963972, -0.0088261263445, 0.00218924111687, -0.000906425877474, 0.00206925161183, -0.00291301752441], [0.000645427557174, -0.0014462651452, 0.00060712324921, -0.00169988244306, -0.000514089595526, 0.00231968052685, -0.00112983153667, -0.0088261263445, 0.0190641991794, -0.00925586186349, -0.0014574789675, 0.00207417202182, -0.00121171493083], [-0.000524594157469, 0.00152496935334, -0.00036604271736, 0.00156114879064, -0.000220188812818, -0.00231893244199, -0.000806214753538, 0.00218924111687, -0.00925586186349, 0.0225155558437, -0.00691214390099, -0.00402377778664, 0.00507752923295], [0.000433176726801, -0.00199944060296, 0.000214955231058, -0.000592119991779, 0.00137230171822, -0.00113935139962, 0.000248207157711, -0.000906425877474, -0.0014574789675, -0.00691214390099, 0.0198718141764, -0.00818416383117, -0.00388686172664], [-0.000345627719071, 0.00180783448741, -0.000665244529955, 0.000632479088381, -0.000977766700089, 0.00214543472975, -0.00185479375068, 0.00206925161183, 0.00207417202182, -0.00402377778664, -0.00818416383117, 0.0234250165522, -0.00843792781234], [-1.18109301184e-05, -0.000647934619337, 0.000118701747851, 0.000259072025074, 7.24684941815e-05, 0.000257324718405, 0.000189230078831, -0.00291301752441, -0.00121171493083, 0.00507752923295, -0.00388686172664, -0.00843792781234, 0.0185023527592]]}, "melbands": {"dmean": [0.00946405623108, 0.00347149302252, 0.000690207933076, 0.000391664798371, 0.000285273650661, 0.000270223652478, 0.000137665090733, 0.000128050611238, 9.68819585978e-05, 0.000100358003692, 7.49489408918e-05, 3.21747393173e-05, 3.17857702612e-05, 1.85299413715e-05, 1.88394697034e-05, 1.67378511833e-05, 1.9653545678e-05, 2.02709998121e-05, 2.55624945567e-05, 1.8886221369e-05, 1.64622342709e-05, 1.43218958328e-05, 1.03565316749e-05, 9.91030083242e-06, 9.38221000979e-06, 7.72617295297e-06, 9.02035390027e-06, 7.84128042142e-06, 5.91522530158e-06, 7.20434127288e-06, 5.20249614056e-06, 4.17137607656e-06, 4.22221546614e-06, 4.27411532655e-06, 3.33900356964e-06, 3.84545637644e-06, 3.70013844986e-06, 4.88713521918e-06, 4.47276852356e-06, 4.46633657702e-06], "dmean2": [0.0126190986484, 0.00431375717744, 0.00118865154218, 0.000658167817164, 0.000469401507871, 0.000440953386715, 0.000209171921597, 0.000211915757973, 0.000155611589435, 0.000154105015099, 0.000122199620819, 4.96396169183e-05, 4.89670383104e-05, 2.99204057228e-05, 3.20514045598e-05, 2.60119286395e-05, 3.19986284012e-05, 3.05935936922e-05, 4.09993372159e-05, 2.96069956676e-05, 2.59611861111e-05, 2.17193937715e-05, 1.59368137247e-05, 1.4959159671e-05, 1.41158207043e-05, 1.16479241115e-05, 1.30597072712e-05, 1.11564158942e-05, 9.62872582022e-06, 1.09471156975e-05, 7.16542763257e-06, 6.08757409282e-06, 5.82847951591e-06, 5.99816303293e-06, 4.54139126305e-06, 5.22349546372e-06, 5.27927477378e-06, 6.87338251737e-06, 6.34753541817e-06, 6.30672366242e-06], "dvar": [0.000256323895883, 3.68204055121e-05, 2.68311032414e-06, 1.01673765585e-06, 4.12629049151e-07, 5.53798713554e-07, 5.51561413431e-07, 3.45994521922e-07, 3.71132415466e-07, 2.698374999e-07, 1.5882687876e-07, 1.0115324578e-08, 7.37647765092e-09, 1.78649739446e-09, 1.99853067429e-09, 1.48352286011e-09, 2.47610310034e-09, 2.38585484702e-09, 1.72384222452e-08, 1.95098319722e-08, 4.92430762833e-09, 1.32853261725e-09, 6.39929831348e-10, 8.62269811108e-10, 5.42483669097e-10, 2.54432003244e-10, 2.93596896794e-10, 2.14784218189e-10, 1.25371865667e-10, 1.46226974973e-10, 7.53206039206e-11, 6.25010251887e-11, 4.39285587073e-11, 4.31430481618e-11, 2.45843137514e-11, 3.13063498736e-11, 3.25568842718e-11, 5.79307921078e-11, 4.58838106399e-11, 4.55458865067e-11], "dvar2": [0.000432564178482, 4.77772919112e-05, 6.87076681061e-06, 2.6538111797e-06, 1.00665420177e-06, 1.40858060149e-06, 1.31766898903e-06, 9.32066541282e-07, 1.009920652e-06, 6.74748150686e-07, 3.78668005396e-07, 2.44302125196e-08, 1.63328142122e-08, 4.55033610791e-09, 5.32957766808e-09, 3.54180151874e-09, 6.29038732214e-09, 5.37537703238e-09, 4.00567543579e-08, 4.58703581785e-08, 1.19852261449e-08, 2.56747001437e-09, 1.14898413006e-09, 1.98414529251e-09, 1.22369503419e-09, 5.22993481855e-10, 5.61980850744e-10, 4.46209763583e-10, 2.83533752032e-10, 3.20776988305e-10, 1.54214474524e-10, 1.35191621786e-10, 8.60760421273e-11, 8.566625187e-11, 4.78318704089e-11, 5.37338853968e-11, 5.92412993661e-11, 1.06105645103e-10, 9.32333099612e-11, 9.92237680908e-11], "max": [0.118671916425, 0.0525544397533, 0.0121867051348, 0.0154071049765, 0.0132238902152, 0.0215786732733, 0.0304073393345, 0.0138197401538, 0.0221705175936, 0.0168233029544, 0.0162867903709, 0.00368930236436, 0.00297615327872, 0.00116404728033, 0.000730063708033, 0.00075862952508, 0.0010331022786, 0.00130463740788, 0.00595420505852, 0.00547016877681, 0.00201432593167, 0.000950557587203, 0.000967716623563, 0.00076667702524, 0.000493875064421, 0.000322967302054, 0.000590485869907, 0.00032187893521, 0.000248539290624, 0.000225459007197, 0.000152742344653, 0.000177387628355, 0.000118121482956, 0.000124275815324, 6.97104042047e-05, 8.37725019665e-05, 9.74999784376e-05, 8.82249732967e-05, 0.000100769902929, 6.76441122778e-05], "mean": [0.0177342798561, 0.00619288906455, 0.000678854819853, 0.000403857644415, 0.000462308700662, 0.000466227997094, 0.000210504149436, 0.000148749197251, 0.000125407255837, 0.000142537624924, 8.16536994535e-05, 4.31897860835e-05, 4.21508484578e-05, 2.41137786361e-05, 2.14723295358e-05, 2.01723523787e-05, 2.23421284318e-05, 2.49534423347e-05, 2.97661954392e-05, 2.44885923166e-05, 2.08759829547e-05, 1.75231652975e-05, 1.26428212752e-05, 1.20838167277e-05, 1.09591965156e-05, 8.9028635557e-06, 1.0394875062e-05, 9.50810499489e-06, 7.12425617166e-06, 8.56676615513e-06, 6.48579089102e-06, 5.00480700794e-06, 5.15990586791e-06, 5.09654228154e-06, 4.31703665527e-06, 5.16384443472e-06, 4.78887841382e-06, 6.00958037467e-06, 5.34434138899e-06, 5.00459645991e-06], "median": [0.00303416559473, 0.00116480805445, 0.000164816403412, 0.00010198981181, 0.000127254170366, 0.000119089934742, 5.6121039961e-05, 3.54799594788e-05, 3.61761303793e-05, 3.21717852785e-05, 2.1316758648e-05, 1.30044918478e-05, 1.10211121864e-05, 8.72970576893e-06, 7.71533177613e-06, 5.52534993403e-06, 6.69338078296e-06, 7.0514320214e-06, 5.19618333783e-06, 3.62361788575e-06, 4.08324149248e-06, 3.0080061606e-06, 2.46140734816e-06, 2.86206136479e-06, 2.31801868722e-06, 2.41313705374e-06, 1.97440476768e-06, 2.45914861807e-06, 1.9629135295e-06, 2.05927085517e-06, 1.7868710529e-06, 1.07663731796e-06, 1.04653088329e-06, 1.0593287243e-06, 1.22282904158e-06, 1.47499736158e-06, 1.38101995617e-06, 1.52401617015e-06, 1.37772838116e-06, 1.10775442863e-06], "min": [2.47205184097e-24, 2.82258455079e-24, 1.5705806471e-24, 1.35793352655e-24, 9.94723624769e-25, 2.52749771855e-24, 2.73883671051e-24, 1.53638500597e-24, 3.35981223788e-24, 5.172149959e-24, 3.30920049992e-24, 3.03837252103e-24, 2.89573720025e-24, 3.25903565167e-24, 5.77028954089e-24, 3.07619051283e-24, 4.234408124e-24, 5.12691706913e-24, 5.28749167854e-24, 4.99717587706e-24, 4.70649719956e-24, 3.90900931148e-24, 5.93076751484e-24, 6.10110033365e-24, 5.70794704684e-24, 4.19312979384e-24, 5.13103689521e-24, 5.47962111859e-24, 5.05635937761e-24, 6.31383205953e-24, 6.08747710024e-24, 6.73340035374e-24, 6.33344116948e-24, 6.70832404329e-24, 5.6561244074e-24, 5.95749570003e-24, 5.58741698913e-24, 7.40426344476e-24, 6.83721523773e-24, 6.43549728808e-24], "var": [0.000701773213223, 0.000115306291264, 2.11114661397e-06, 9.53495089107e-07, 9.02358294752e-07, 1.15266107059e-06, 6.2834919845e-07, 2.64753708734e-07, 2.6497693284e-07, 2.96046408721e-07, 1.46851007798e-07, 1.12938343122e-08, 1.11787974433e-08, 1.87785809125e-09, 1.78854420163e-09, 1.7481354142e-09, 2.51497400683e-09, 2.96971491842e-09, 2.2516804421e-08, 2.90396187097e-08, 6.70701183481e-09, 2.32978325521e-09, 1.17944831679e-09, 1.16393994443e-09, 7.54309947837e-10, 3.45962758441e-10, 4.6609777149e-10, 3.24466592483e-10, 1.61043053892e-10, 2.01618680085e-10, 1.12659222229e-10, 7.94285054395e-11, 6.71013036802e-11, 6.47660119979e-11, 4.13028014568e-11, 5.9246212103e-11, 5.53092918687e-11, 9.11760181244e-11, 6.74349881491e-11, 6.16865725167e-11]}, "mfcc": {"mean": [-665.484924316, 88.1906433105, 32.9319534302, 22.5312652588, 15.0103549957, 6.9140458107, 7.33332967758, 4.32015705109, 6.88310527802, 8.71304988861, 2.08541989326, 3.88619327545, 2.87208199501], "cov": [[10991.1875, -641.74029541, -159.502578735, -26.100233078, -171.957366943, 10.8713026047, 91.839515686, -95.4703979492, 53.7480049133, -107.621635437, -57.2174873352, -51.7209434509, -103.481948853], [-641.74029541, 2106.31396484, 142.389450073, -249.682785034, 47.4230422974, 57.65259552, 137.393539429, 99.4845962524, 43.4224739075, 163.84928894, 75.3338546753, 94.9987335205, 85.4239959717], [-159.502578735, 142.389450073, 1271.07763672, 341.163574219, 274.51651001, 353.052307129, 280.325469971, 207.116012573, 144.317718506, 139.065704346, 125.535987854, 93.504699707, 74.9998397827], [-26.100233078, -249.682785034, 341.163574219, 554.593811035, 353.572875977, 246.584686279, 167.909637451, 173.551040649, 152.867477417, 99.1410369873, 90.6460494995, 58.1650276184, 54.3684539795], [-171.957366943, 47.4230422974, 274.51651001, 353.572875977, 478.950500488, 296.077941895, 209.558914185, 185.316741943, 154.847183228, 140.082824707, 98.5436935425, 59.4457588196, 59.7197723389], [10.8713026047, 57.65259552, 353.052307129, 246.584686279, 296.077941895, 435.241668701, 266.711273193, 177.002944946, 133.787612915, 102.631340027, 132.468521118, 54.7838783264, 58.1383323669], [91.839515686, 137.393539429, 280.325469971, 167.909637451, 209.558914185, 266.711273193, 274.370483398, 173.775878906, 128.754470825, 106.910484314, 92.6029510498, 67.986328125, 54.9805412292], [-95.4703979492, 99.4845962524, 207.116012573, 173.551040649, 185.316741943, 177.002944946, 173.775878906, 198.194290161, 141.458206177, 109.925186157, 93.2795639038, 70.7227096558, 59.8749084473], [53.7480049133, 43.4224739075, 144.317718506, 152.867477417, 154.847183228, 133.787612915, 128.754470825, 141.458206177, 173.774841309, 116.023681641, 83.4572143555, 61.680316925, 45.9123954773], [-107.621635437, 163.84928894, 139.065704346, 99.1410369873, 140.082824707, 102.631340027, 106.910484314, 109.925186157, 116.023681641, 163.140731812, 93.9308395386, 69.4355239868, 56.6611061096], [-57.2174873352, 75.3338546753, 125.535987854, 90.6460494995, 98.5436935425, 132.468521118, 92.6029510498, 93.2795639038, 83.4572143555, 93.9308395386, 133.677444458, 71.9348068237, 50.4166526794], [-51.7209434509, 94.9987335205, 93.504699707, 58.1650276184, 59.4457588196, 54.7838783264, 67.986328125, 70.7227096558, 61.680316925, 69.4355239868, 71.9348068237, 100.834007263, 60.5487709045], [-103.481948853, 85.4239959717, 74.9998397827, 54.3684539795, 59.7197723389, 58.1383323669, 54.9805412292, 59.8749084473, 45.9123954773, 56.6611061096, 50.4166526794, 60.5487709045, 87.2357330322]], "icov": [[9.96168018901e-05, 2.44781695073e-05, 1.46851389218e-05, -1.09470920506e-05, 5.95658566453e-05, 2.06282802537e-05, -0.000205490883673, 0.000218412402319, -0.000203757590498, 8.72724776855e-05, -5.74601244807e-06, -2.06283584703e-05, 8.16648826003e-05], [2.44781695073e-05, 0.000652889313642, -7.14975321898e-05, 0.000644330400974, -0.000227792814258, 8.353980229e-05, -0.000273621553788, -0.000260785891442, 0.000375834788429, -0.000667635176796, 0.0001534215844, -0.000206020587939, -0.000208518715226], [1.46851389218e-05, -7.14975321898e-05, 0.00115656398702, -0.000586310750805, 0.000377402378945, -0.000595221761614, -0.000443074124632, -0.000196012901142, 0.000421647710027, -0.000445316400146, 0.00031337220571, -0.000403217040002, 0.000176691988599], [-1.09470920506e-05, 0.000644330400974, -0.000586310750805, 0.00463786348701, -0.00277358316816, -4.59572911495e-05, 0.000742552743759, -0.00114702200517, -0.00118291622493, 0.000963388301898, -0.000181549810804, -0.000312605814543, -0.000462974770926], [5.95658566453e-05, -0.000227792814258, 0.000377402378945, -0.00277358316816, 0.00630554370582, -0.0027644680813, 0.000201623290195, -0.00110921263695, 0.000295111211017, -0.00305822095834, 0.00220026308671, 4.61287163489e-05, 0.000385252933484], [2.06282802537e-05, 8.353980229e-05, -0.000595221761614, -4.59572911495e-05, -0.0027644680813, 0.0094483839348, -0.00700261443853, 0.00147289736196, -0.000474121712614, 0.00344344344921, -0.00687780184671, 0.00452392920852, -0.00167095847428], [-0.000205490883673, -0.000273621553788, -0.000443074124632, 0.000742552743759, 0.000201623290195, -0.00700261443853, 0.0151376333088, -0.00744982808828, 0.000215213964111, -0.00215110671706, 0.00434913299978, -0.00377504504286, 0.00143449148163], [0.000218412402319, -0.000260785891442, -0.000196012901142, -0.00114702200517, -0.00110921263695, 0.00147289736196, -0.00744982808828, 0.0206698104739, -0.00900938268751, 0.00132641452365, -0.00293808337301, -0.000140271426062, -0.00264051905833], [-0.000203757590498, 0.000375834788429, 0.000421647710027, -0.00118291622493, 0.000295111211017, -0.000474121712614, 0.000215213964111, -0.00900938268751, 0.0186880230904, -0.0076915519312, 0.000254587386735, -0.00135604781099, 0.00188127998263], [8.72724776855e-05, -0.000667635176796, -0.000445316400146, 0.000963388301898, -0.00305822095834, 0.00344344344921, -0.00215110671706, 0.00132641452365, -0.0076915519312, 0.0183540508151, -0.0074936747551, 8.85863773874e-05, -0.00282002449967], [-5.74601244807e-06, 0.0001534215844, 0.00031337220571, -0.000181549810804, 0.00220026308671, -0.00687780184671, 0.00434913299978, -0.00293808337301, 0.000254587386735, -0.0074936747551, 0.0213244520128, -0.0096710473299, 0.00116128346417], [-2.06283584703e-05, -0.000206020587939, -0.000403217040002, -0.000312605814543, 4.61287163489e-05, 0.00452392920852, -0.00377504504286, -0.000140271426062, -0.00135604781099, 8.85863773874e-05, -0.0096710473299, 0.025106402114, -0.0110327973962], [8.16648826003e-05, -0.000208518715226, 0.000176691988599, -0.000462974770926, 0.000385252933484, -0.00167095847428, 0.00143449148163, -0.00264051905833, 0.00188127998263, -0.00282002449967, 0.00116128346417, -0.0110327973962, 0.0214870646596]]}, "spectral_contrast_coeffs": {"dmean": [0.0541236959398, 0.0519615076482, 0.0446666255593, 0.0333077199757, 0.0241550859064, 0.0199707876891], "dmean2": [0.085829615593, 0.0843955129385, 0.0696645230055, 0.0529836155474, 0.0381180047989, 0.0317161306739], "dvar": [0.00219751498662, 0.00229720026255, 0.00163635867648, 0.000922477571294, 0.000528231088538, 0.000379581382731], "dvar2": [0.0051144156605, 0.00538793159649, 0.00365275796503, 0.00206062989309, 0.00114876881707, 0.000775029824581], "max": [-0.298600256443, -0.300512492657, -0.388452887535, -0.396409392357, -0.5039960742, -0.624277234077], "mean": [-0.675455152988, -0.719394981861, -0.770527005196, -0.806818962097, -0.818186819553, -0.80661970377], "median": [-0.685792922974, -0.735361039639, -0.773686349392, -0.812819838524, -0.824867844582, -0.806861877441], "min": [-0.973143517971, -0.980766952038, -0.983660578728, -0.98161816597, -0.987254440784, -0.963482320309], "var": [0.00956708472222, 0.00922354403883, 0.0058501441963, 0.00310819526203, 0.00181225850247, 0.00132225162815]}, "spectral_contrast_valleys": {"dmean": [0.467206031084, 0.506413042545, 0.512645602226, 0.51691621542, 0.558722913265, 0.572818696499], "dmean2": [0.727237820625, 0.773088395596, 0.77554422617, 0.752238512039, 0.758483767509, 0.68992382288], "dvar": [0.211859688163, 0.305896401405, 0.334330141544, 0.349970132113, 0.404078036547, 0.427915722132], "dvar2": [0.401803672314, 0.563215196133, 0.651084542274, 0.637364983559, 0.684723556042, 0.678551614285], "max": [-5.18734264374, -4.84910058975, -5.46935987473, -5.577729702, -5.07672309875, -7.27652025223], "mean": [-7.43893241882, -7.40566