{"lowlevel": {"average_loudness": 0.689072787762, "barkbands_crest": {"dmean": 3.69116091728, "dmean2": 5.29961872101, "dvar": 13.0823879242, "dvar2": 22.3673629761, "max": 26.8244190216, "mean": 12.849480629, "median": 11.4799442291, "min": 2.04867172241, "var": 49.5913467407}, "barkbands_flatness_db": {"dmean": 0.0468870699406, "dmean2": 0.0663095116615, "dvar": 0.00250002252869, "dvar2": 0.00444701174274, "max": 0.585002660751, "mean": 0.160136371851, "median": 0.136022031307, "min": 0.0161546822637, "var": 0.00911216251552}, "barkbands_kurtosis": {"dmean": 22.2236843109, "dmean2": 28.9379196167, "dvar": 10536.3847656, "dvar2": 18245.0703125, "max": 5212.45507812, "mean": 29.2178382874, "median": 1.7149283886, "min": -1.81351661682, "var": 17722.3652344}, "barkbands_skewness": {"dmean": 1.38660442829, "dmean2": 1.74304246902, "dvar": 4.95453596115, "dvar2": 7.13972806931, "max": 66.7218475342, "mean": 2.76457905769, "median": 1.41511940956, "min": -2.84098720551, "var": 16.4561367035}, "barkbands_spread": {"dmean": 8.34296512604, "dmean2": 12.9541368484, "dvar": 107.24786377, "dvar2": 219.465270996, "max": 99.7397613525, "mean": 22.0816497803, "median": 19.5473232269, "min": 0.0540620982647, "var": 286.569824219}, "dissonance": {"dmean": 0.0139278778806, "dmean2": 0.0228488631546, "dvar": 0.000296003592666, "dvar2": 0.000734119035769, "max": 0.500000119209, "mean": 0.471036821604, "median": 0.477404475212, "min": 0.145854592323, "var": 0.000873689132277}, "dynamic_complexity": 3.9986436367, "erbbands_crest": {"dmean": 2.47071456909, "dmean2": 3.91325116158, "dvar": 7.26181650162, "dvar2": 16.3808555603, "max": 31.6480674744, "mean": 8.78426170349, "median": 7.25388908386, "min": 2.34673166275, "var": 22.7479953766}, "erbbands_flatness_db": {"dmean": 0.0260459054261, "dmean2": 0.0370134413242, "dvar": 0.000919759972021, "dvar2": 0.00177978130523, "max": 0.407394111156, "mean": 0.150047779083, "median": 0.139449894428, "min": 0.051406763494, "var": 0.00289802369662}, "erbbands_kurtosis": {"dmean": 1.10058605671, "dmean2": 1.68998265266, "dvar": 5.25135040283, "dvar2": 11.4349412918, "max": 61.7214508057, "mean": 0.757286727428, "median": -0.0994962453842, "min": -1.79701852798, "var": 10.8433046341}, "erbbands_skewness": {"dmean": 0.375449210405, "dmean2": 0.575241923332, "dvar": 0.180954366922, "dvar2": 0.389958977699, "max": 7.68186759949, "mean": 0.140264689922, "median": 0.0640801414847, "min": -3.03471255302, "var": 0.651410937309}, "erbbands_spread": {"dmean": 10.1682538986, "dmean2": 14.8870067596, "dvar": 132.969360352, "dvar2": 221.22102356, "max": 175.605621338, "mean": 39.986831665, "median": 35.8885307312, "min": 1.83540809155, "var": 430.354827881}, "hfc": {"dmean": 8.92481040955, "dmean2": 13.1534805298, "dvar": 157.274597168, "dvar2": 357.424713135, "max": 429.480651855, "mean": 23.2036056519, "median": 14.8640146255, "min": 5.24883398612e-05, "var": 1204.55981445}, "melbands_crest": {"dmean": 4.83092355728, "dmean2": 7.70187854767, "dvar": 20.1574020386, "dvar2": 41.311340332, "max": 37.4426879883, "mean": 18.3096084595, "median": 18.0593910217, "min": 2.14667844772, "var": 68.6057281494}, "melbands_flatness_db": {"dmean": 0.0558647997677, "dmean2": 0.0792034119368, "dvar": 0.00365687604062, "dvar2": 0.00606196001172, "max": 0.710831820965, "mean": 0.231580197811, "median": 0.205278545618, "min": 0.0131692979485, "var": 0.0154231609777}, "melbands_kurtosis": {"dmean": 27.5964946747, "dmean2": 39.713760376, "dvar": 3964.31347656, "dvar2": 7291.40039062, "max": 1670.36071777, "mean": 45.5538215637, "median": 7.42642211914, "min": -1.72322750092, "var": 9679.87402344}, "melbands_skewness": {"dmean": 1.52461516857, "dmean2": 2.19282650948, "dvar": 4.59678316116, "dvar2": 7.43924808502, "max": 32.3325614929, "mean": 3.91918087006, "median": 2.46335625648, "min": -2.02933502197, "var": 14.9428949356}, "melbands_spread": {"dmean": 10.6296768188, "dmean2": 16.4317989349, "dvar": 227.626113892, "dvar2": 459.776947021, "max": 184.489273071, "mean": 24.7391986847, "median": 20.0104179382, "min": 0.190502613783, "var": 549.93182373}, "pitch_salience": {"dmean": 0.104060806334, "dmean2": 0.155243620276, "dvar": 0.012616282329, "dvar2": 0.0209099221975, "max": 0.882376492023, "mean": 0.442762881517, "median": 0.484434902668, "min": 0.0113379675895, "var": 0.0446252077818}, "silence_rate_20dB": {"dmean": 0.0017479971284, "dmean2": 0.00349650345743, "dvar": 0.00174478220288, "dvar2": 0.00523188989609, "max": 1, "mean": 0.999126136303, "median": 1, "min": 0, "var": 0.000873222132213}, "silence_rate_30dB": {"dmean": 0.10284049809, "dmean2": 0.205710962415, "dvar": 0.0922652482986, "dvar2": 0.167764693499, "max": 1, "mean": 0.761870086193, "median": 1, "min": 0, "var": 0.181430533528}, "silence_rate_60dB": {"dmean": 0.0273852869868, "dmean2": 0.0546328686178, "dvar": 0.0266341101378, "dvar2": 0.0601017661393, "max": 1, "mean": 0.0562190487981, "median": 0, "min": 0, "var": 0.0530569329858}, "spectral_centroid": {"dmean": 327.311096191, "dmean2": 502.134399414, "dvar": 152258.5, "dvar2": 286963.25, "max": 4812.03662109, "mean": 1397.81738281, "median": 1304.70983887, "min": 81.8152008057, "var": 565089.625}, "spectral_complexity": {"dmean": 4.05156612396, "dmean2": 6.36844396591, "dvar": 19.5213394165, "dvar2": 43.2848129272, "max": 54, "mean": 17.5972919464, "median": 17, "min": 0, "var": 69.1176223755}, "spectral_decrease": {"dmean": 7.68093144643e-09, "dmean2": 9.78034897514e-09, "dvar": 1.63065184647e-16, "dvar2": 1.98117922633e-16, "max": -1.22498900096e-15, "mean": -1.66077640529e-08, "median": -4.49583348328e-09, "min": -9.31006454152e-08, "var": 5.48100461789e-16}, "spectral_energy": {"dmean": 0.0294550061226, "dmean2": 0.0375418290496, "dvar": 0.00233015161939, "dvar2": 0.00282353837974, "max": 0.354150891304, "mean": 0.0647860392928, "median": 0.0180972646922, "min": 1.35813644775e-08, "var": 0.0079769231379}, "spectral_energyband_high": {"dmean": 0.000571408600081, "dmean2": 0.000874422374181, "dvar": 9.32938291953e-07, "dvar2": 2.15936597669e-06, "max": 0.0175651833415, "mean": 0.000778984103817, "median": 0.000316594610922, "min": 4.62964527825e-10, "var": 1.36355185987e-06}, "spectral_energyband_low": {"dmean": 0.028273999691, "dmean2": 0.0374719053507, "dvar": 0.00260075251572, "dvar2": 0.00320537295192, "max": 0.351459622383, "mean": 0.0512150377035, "median": 0.00679862964898, "min": 1.75064442109e-11, "var": 0.00771848950535}, "spectral_energyband_middle_high": {"dmean": 0.00242081074975, "dmean2": 0.0038034056779, "dvar": 3.36792618327e-05, "dvar2": 7.41646872484e-05, "max": 0.273452371359, "mean": 0.00716998521239, "median": 0.00273540476337, "min": 1.16834275588e-09, "var": 0.00043076678412}, "spectral_energyband_middle_low": {"dmean": 0.00462248409167, "dmean2": 0.00816655624658, "dvar": 0.000125033999211, "dvar2": 0.000350863789208, "max": 0.091200940311, "mean": 0.00651356671005, "median": 0.00339807569981, "min": 2.0927429234e-10, "var": 0.000102407131635}, "spectral_entropy": {"dmean": 0.266074448824, "dmean2": 0.401295304298, "dvar": 0.101804681122, "dvar2": 0.212591171265, "max": 8.80595684052, "mean": 7.62657022476, "median": 7.62378263474, "min": 3.94725584984, "var": 0.304277539253}, "spectral_flux": {"dmean": 0.0634466335177, "dmean2": 0.0932986214757, "dvar": 0.00548460520804, "dvar2": 0.0134140057489, "max": 0.479744970798, "mean": 0.123639881611, "median": 0.071768373251, "min": 0.00011653911497, "var": 0.0123564768583}, "spectral_kurtosis": {"dmean": 2.42796087265, "dmean2": 3.85520648956, "dvar": 25.1554145813, "dvar2": 59.4042816162, "max": 146.680007935, "mean": 5.76693296432, "median": 4.08343505859, "min": -0.318353176117, "var": 40.5874290466}, "spectral_rms": {"dmean": 0.00167956331279, "dmean2": 0.00214007473551, "dvar": 5.30656416231e-06, "dvar2": 6.04962087891e-06, "max": 0.018587982282, "mean": 0.0063246069476, "median": 0.00420188857242, "min": 3.64007041753e-06, "var": 2.3205200705e-05}, "spectral_rolloff": {"dmean": 884.551574707, "dmean2": 1415.79675293, "dvar": 2592087.5, "dvar2": 4641390.5, "max": 14750.2441406, "mean": 1854.43383789, "median": 1227.39257812, "min": 64.599609375, "var": 5906505}, "spectral_skewness": {"dmean": 0.297862201929, "dmean2": 0.452368199825, "dvar": 0.154683887959, "dvar2": 0.34129679203, "max": 9.67379760742, "mean": 1.76354014874, "median": 1.67421793938, "min": 0.207043841481, "var": 0.449624866247}, "spectral_spread": {"dmean": 915871.5625, "dmean2": 1334258.875, "dvar": 1332503379970.0, "dvar2": 2255760654340.0, "max": 12131301, "mean": 5214808, "median": 4967817, "min": 979785.375, "var": 4123693416450.0}, "spectral_strongpeak": {"dmean": 0.517977118492, "dmean2": 0.813477396965, "dvar": 1.20029985905, "dvar2": 3.0197622776, "max": 28.9780979156, "mean": 1.05605888367, "median": 0.451316654682, "min": 0, "var": 5.55989170074}, "zerocrossingrate": {"dmean": 0.0197922829539, "dmean2": 0.0222468171269, "dvar": 0.000567012757529, "dvar2": 0.000588873808738, "max": 0.3876953125, "mean": 0.0690425857902, "median": 0.0556640625, "min": 0.00244140625, "var": 0.00357308238745}, "barkbands": {"dmean": [0.000857702980284, 0.0265805572271, 0.00841259676963, 0.00245951651596, 0.00112297048327, 0.000736685469747, 0.000345604290487, 0.00038685646723, 0.0003557568416, 0.00033544114558, 0.000627290864941, 0.000351618160494, 0.000457348796772, 0.000860829313751, 0.000327973073581, 0.000236433974351, 0.000164550525369, 0.000127594030346, 0.000127321603941, 9.32029506657e-05, 9.01482853806e-05, 8.24218077469e-05, 7.7135511674e-05, 0.000119214782899, 0.000115072973131, 6.77515999996e-05, 5.95555457039e-06], "dmean2": [0.00124648830388, 0.0362758114934, 0.0137796625495, 0.00472741154954, 0.00204481324181, 0.0011610497022, 0.000563079840504, 0.000608723959886, 0.000516010913998, 0.000518306042068, 0.00101342611015, 0.000554215046577, 0.000677510688547, 0.00138895167038, 0.000519727356732, 0.000380337995011, 0.000278381659882, 0.000204878408113, 0.000210453334148, 0.000142021788633, 0.000144255260238, 0.000130423373776, 0.000124729354866, 0.000181065537618, 0.000169915074366, 0.000107933839899, 8.65867150424e-06], "dvar": [2.97401516036e-06, 0.00265337037854, 0.000452982203569, 5.96863683313e-05, 7.78923185862e-06, 3.58278748536e-06, 7.99786732841e-07, 7.01540272985e-07, 1.35240247801e-06, 2.24771565627e-06, 6.45995896775e-06, 2.40323720391e-06, 6.74139164403e-06, 1.65226156241e-05, 1.71043586761e-06, 3.71288507495e-07, 8.53150154967e-08, 6.88429793172e-08, 8.98105270153e-08, 6.67407462629e-08, 2.02392573811e-08, 2.20698357367e-08, 1.60520716719e-08, 4.97716428072e-08, 5.36131175011e-08, 2.02484606859e-08, 9.65303600942e-11], "dvar2": [6.810146715e-06, 0.00341141643003, 0.00108363723848, 0.000172484913492, 2.24253599299e-05, 7.89380737842e-06, 1.85397641417e-06, 1.58574243869e-06, 2.61963646153e-06, 4.35534229837e-06, 1.31216002046e-05, 4.39603036284e-06, 8.89184229891e-06, 4.01437027904e-05, 3.34090555043e-06, 8.45646468406e-07, 1.85612009318e-07, 1.52535093889e-07, 2.08051162076e-07, 1.37123876698e-07, 4.8780780304e-08, 5.43976490519e-08, 4.01871460554e-08, 1.15326805883e-07, 1.18549053241e-07, 5.19626581763e-08, 1.99634878073e-10], "max": [0.0302362646908, 0.335902273655, 0.129259049892, 0.0489190965891, 0.0294306874275, 0.0538551844656, 0.0323838070035, 0.0218060351908, 0.0566136799753, 0.0815796554089, 0.0968501865864, 0.0730579718947, 0.201303243637, 0.239628359675, 0.0504477620125, 0.0239874832332, 0.0121961217374, 0.00600092066452, 0.0106048407033, 0.0152002861723, 0.00208026589826, 0.00601469632238, 0.00350522506051, 0.00336886686273, 0.00283649866469, 0.00219154497609, 0.000161604795721], "mean": [0.00139687606134, 0.0424407050014, 0.00660233525559, 0.00145576999057, 0.0011922873091, 0.00160390418023, 0.000626392720733, 0.000662712322082, 0.000765147386119, 0.000772840168793, 0.00106482359115, 0.000557589635719, 0.00087689422071, 0.00221006502397, 0.000576573482249, 0.000440279050963, 0.000254349753959, 0.000221260561375, 0.000226099626161, 0.000158269118401, 0.000126412443933, 0.000101394783997, 8.99408769328e-05, 0.000141391908983, 0.000141490396345, 7.25295394659e-05, 7.6728156273e-06], "median": [0.00032546807779, 0.00445001106709, 0.000316035497235, 6.36759650661e-05, 0.000544694252312, 0.000898754922673, 0.00022616336355, 0.000295510515571, 0.000262451561866, 0.000223872746574, 0.000149514424265, 0.000177784560947, 0.000183283060323, 0.000438783783466, 0.00024661741918, 0.000171899882844, 0.000119561955216, 9.5279647212e-05, 8.04461596999e-05, 5.38028252777e-05, 4.35928886873e-05, 3.98881020374e-05, 3.77869182557e-05, 3.93078516936e-05, 3.74075316358e-05, 2.1931988158e-05, 2.94348114949e-06], "min": [2.73426951653e-13, 5.0312824653e-13, 5.79970303011e-14, 1.09038646168e-13, 6.99031804663e-12, 9.1906222216e-12, 1.10002673637e-10, 4.41866022938e-11, 2.19697194465e-11, 1.48837248082e-10, 3.02784047834e-11, 9.86516684315e-12, 1.2726494858e-10, 1.6627112881e-11, 7.21107982354e-12, 1.22262608024e-11, 1.10183589683e-11, 6.33450236709e-12, 1.13939777752e-11, 9.53167319379e-12, 1.53653808427e-11, 1.76753923997e-11, 2.534072778e-11, 3.26225088609e-11, 5.54389797958e-11, 8.01322827537e-11, 1.25581905985e-10], "var": [9.48265187617e-06, 0.00649646110833, 0.000384963786928, 3.24918655679e-05, 5.1093975344e-06, 9.16744647839e-06, 2.35173524743e-06, 1.56226667514e-06, 4.56661337012e-06, 1.3709898667e-05, 2.27141208597e-05, 5.52273695575e-06, 3.20581930282e-05, 0.00019387503562, 3.20604863191e-06, 1.50383368691e-06, 2.24113463787e-07, 1.91226220636e-07, 3.2385906934e-07, 1.73314290919e-07, 3.6301255335e-08, 3.13144958852e-08, 2.11025508179e-08, 6.82413840991e-08, 7.04807376906e-08, 2.08842081406e-08, 1.77618281194e-10]}, "erbbands": {"dmean": [0.937270760536, 6.28652715683, 11.0815582275, 8.09539031982, 6.03089380264, 2.93758106232, 3.65613269806, 7.13753604889, 4.18285608292, 8.90359973907, 5.153008461, 9.3300819397, 8.84449672699, 17.5047912598, 21.9263019562, 12.8352975845, 20.6255302429, 47.0796585083, 21.9071331024, 13.1967592239, 11.8853359222, 8.44790077209, 6.92554855347, 7.19476175308, 4.97929096222, 3.8312921524, 4.06517028809, 3.7691283226, 2.84052205086, 2.31518864632, 2.41422343254, 2.94207930565, 1.57894098759, 1.14609980583, 0.962676346302, 0.385371953249, 0.103251390159, 0.0143425790593, 0.00116681726649, 5.78119434067e-05], "dmean2": [1.2340092659, 8.02891635895, 16.8446044922, 14.3641738892, 11.4595527649, 5.15108108521, 5.58025121689, 11.2782716751, 6.557700634, 14.1394710541, 8.27417373657, 13.6565637589, 13.1878623962, 27.1673145294, 34.5752563477, 20.2951011658, 31.2017917633, 75.2126541138, 33.8433189392, 20.6838760376, 19.3638477325, 14.2543411255, 11.1002321243, 11.9131765366, 7.85643959045, 5.84235572815, 6.51899576187, 6.12002563477, 4.46443414688, 3.64555835724, 3.95627570152, 4.61438941956, 2.376039505, 1.74012100697, 1.51519083977, 0.634289443493, 0.156947404146, 0.0204482022673, 0.00170372752473, 7.7158852946e-05], "dvar": [2.99230241776, 141.727966309, 643.747070312, 513.98828125, 355.895446777, 34.1980819702, 41.5114364624, 477.7550354, 119.82736969, 450.442016602, 120.551460266, 938.538024902, 1311.45898438, 5423.41552734, 8640.65820312, 1537.83435059, 13345.5214844, 58975.4492188, 4659.05273438, 2389.82714844, 713.647216797, 215.372390747, 214.521118164, 281.215484619, 297.274536133, 66.6628036499, 45.3219528198, 36.4285354614, 28.9608860016, 15.6330499649, 15.8737564087, 29.3768577576, 9.09006404877, 5.21225547791, 4.52349615097, 0.73540520668, 0.0407047830522, 0.000553895020857, 4.2523151933e-06, 4.87423168494e-09], "dvar2": [5.06989955902, 187.316864014, 1391.95690918, 1406.4473877, 1026.49462891, 95.1595001221, 95.1907653809, 1069.15185547, 263.124847412, 1038.26489258, 275.600921631, 1881.74633789, 2430.14428711, 8965.80957031, 17969.0566406, 2776.5078125, 16450.7519531, 139558.390625, 9031.25390625, 5363.01318359, 1743.66394043, 508.808166504, 474.697509766, 679.710388184, 611.173339844, 130.872421265, 105.105278015, 89.2640686035, 70.8221664429, 37.484085083, 39.5164871216, 73.4493865967, 18.7571048737, 10.8509817123, 10.9928359985, 1.91992175579, 0.100754186511, 0.00114376028068, 9.13553049031e-06, 8.89489726319e-09], "max": [11.2151470184, 86.1087112427, 161.710922241, 139.478149414, 132.901382446, 76.722114563, 177.813201904, 665.745727539, 324.470397949, 549.179748535, 380.137878418, 1565.81140137, 1590.68835449, 3899.66040039, 3797.36303711, 1732.86437988, 10657.5322266, 14050.8457031, 1984.40136719, 2211.52075195, 798.221435547, 424.563415527, 440.123321533, 688.954833984, 919.415161133, 436.331970215, 162.042327881, 102.085845947, 262.713348389, 127.348358154, 96.0950698853, 77.0465393066, 52.4432678223, 42.0088310242, 22.698299408, 15.0855407715, 2.52856898308, 0.286416262388, 0.0261568278074, 0.00143185479101], "mean": [1.14979088306, 9.57976055145, 10.8924560547, 5.68011569977, 3.95659041405, 3.82292342186, 9.07140731812, 13.8680849075, 8.56752681732, 15.2402362823, 9.94232463837, 20.1785755157, 19.7083797455, 35.8149528503, 38.8859558105, 21.7815532684, 39.943572998, 121.179527283, 46.7475547791, 27.8200931549, 20.8787670135, 13.7851085663, 12.4748849869, 12.7183361053, 9.88841724396, 7.41285514832, 6.07813692093, 4.97201299667, 3.72633075714, 2.79604268074, 2.75017642975, 3.18071174622, 2.11762189865, 1.59757959843, 0.993911504745, 0.395309001207, 0.118114024401, 0.0179935283959, 0.00143372511957, 0.000111657318485], "median": [0.144607961178, 0.640422344208, 0.604046463966, 0.407527089119, 0.509433031082, 2.04621839523, 5.1919965744, 5.94126605988, 3.6866543293, 5.40203142166, 4.74079608917, 7.62428617477, 5.43868732452, 8.18144989014, 7.38197517395, 7.77516269684, 9.1769990921, 21.0089912415, 19.1749858856, 12.4132909775, 8.72456359863, 7.04015159607, 5.51209831238, 5.09393644333, 3.51326417923, 2.63119649887, 2.0449719429, 1.72713971138, 1.46651315689, 1.08396244049, 1.18993127346, 0.824663519859, 0.645075380802, 0.452041476965, 0.243503630161, 0.108506575227, 0.0395148545504, 0.00674218684435, 0.000546479830518, 5.49919495825e-05], "min": [8.0556394888e-11, 3.59034108e-10, 2.91296786692e-09, 3.18527355603e-08, 3.4342221511e-08, 1.91213374023e-08, 1.31328867781e-08, 1.36207177093e-07, 1.28419776502e-06, 1.15316947813e-06, 1.27291070839e-06, 5.12576832534e-07, 1.54212318648e-06, 5.21005722476e-06, 1.81811549282e-06, 2.61788363787e-06, 5.64319407204e-06, 1.56746216362e-06, 4.68898747386e-07, 6.37877519694e-07, 5.68184077565e-07, 5.26781263943e-07, 4.44534407507e-07, 4.21105085024e-07, 6.35550122752e-07, 4.69019568072e-07, 6.66668483973e-07, 5.61098261187e-07, 7.18191131455e-07, 6.81641836309e-07, 7.2555673114e-07, 5.38876520295e-07, 5.71258112814e-07, 4.35741384308e-07, 4.01155574536e-07, 2.67947172006e-07, 1.56699982767e-07, 6.14871069615e-08, 1.84140205306e-08, 2.1920332216e-09], "var": [5.31809997559, 353.029815674, 723.499511719, 336.561798096, 198.585494995, 34.4598083496, 122.743843079, 1191.67260742, 303.803222656, 1088.43579102, 301.513824463, 2902.40161133, 6041.97802734, 35686.6757812, 29913.2714844, 5078.80273438, 51334.7148438, 628479.3125, 17599.8964844, 6238.27148438, 2241.62109375, 540.330200195, 553.210388184, 887.91973877, 903.2109375, 332.739624023, 117.52532959, 58.9281158447, 43.7404327393, 23.5218009949, 19.7128829956, 33.7662200928, 15.5176591873, 8.54486370087, 4.48782587051, 0.708230495453, 0.0481227710843, 0.000913709227461, 6.2734934545e-06, 1.30259705244e-08]}, "gfcc": {"mean": [-10.0256719589, 71.4142456055, -111.201560974, 16.9512443542, -43.2117805481, 18.1354503632, -36.2053642273, 10.5266256332, -16.9058876038, 13.1020402908, -10.3360490799, 4.86398029327, -6.22211313248], "cov": [[8084.36767578, -650.285217285, 581.069885254, 786.121337891, 187.795562744, 775.50579834, -31.3902111053, 326.59967041, -208.571762085, 11.2766265869, -130.282516479, -14.0657730103, -180.553482056], [-650.285217285, 3006.95385742, 156.894973755, 190.053588867, 894.644775391, 13.1307506561, 591.28137207, 68.859916687, 443.576904297, -4.22907876968, 301.111846924, -22.8707046509, 172.002914429], [581.069885254, 156.894973755, 1323.52526855, 423.80758667, 248.006484985, 383.338104248, 179.177597046, 189.499725342, 118.794784546, 19.8150348663, -47.4840774536, 20.6984977722, -6.35655260086], [786.121337891, 190.053588867, 423.80758667, 729.194458008, 368.633392334, 284.245635986, 287.642578125, 116.498512268, 186.524139404, 52.5821342468, 26.8862228394, -40.1708984375, -4.72041082382], [187.795562744, 894.644775391, 248.006484985, 368.633392334, 725.650390625, 251.131469727, 352.728729248, 137.610809326, 276.081481934, 79.1797332764, 123.556137085, -2.73779463768, 57.2131729126], [775.50579834, 13.1307506561, 383.338104248, 284.245635986, 251.131469727, 409.518035889, 203.788299561, 118.666351318, 101.711708069, 40.4720153809, 5.900141716, -5.20074462891, -3.41020512581], [-31.3902111053, 591.28137207, 179.177597046, 287.642578125, 352.728729248, 203.788299561, 420.339874268, 110.611961365, 212.540328979, 71.3712158203, 104.311080933, 5.60364151001, 53.9488258362], [326.59967041, 68.859916687, 189.499725342, 116.498512268, 137.610809326, 118.666351318, 110.611961365, 188.210845947, 96.9396209717, 34.791229248, 47.9829177856, 20.1942005157, 37.6828727722], [-208.571762085, 443.576904297, 118.794784546, 186.524139404, 276.081481934, 101.711708069, 212.540328979, 96.9396209717, 258.567230225, 86.3594512939, 100.613136292, 18.4257221222, 65.7098846436], [11.2766265869, -4.22907876968, 19.8150348663, 52.5821342468, 79.1797332764, 40.4720153809, 71.3712158203, 34.791229248, 86.3594512939, 131.010620117, 65.0382766724, 24.1331119537, 18.4878826141], [-130.282516479, 301.111846924, -47.4840774536, 26.8862228394, 123.556137085, 5.900141716, 104.311080933, 47.9829177856, 100.613136292, 65.0382766724, 151.656280518, 37.2540817261, 65.8316802979], [-14.0657730103, -22.8707046509, 20.6984977722, -40.1708984375, -2.73779463768, -5.20074462891, 5.60364151001, 20.1942005157, 18.4257221222, 24.1331119537, 37.2540817261, 89.5283355713, 44.697467804], [-180.553482056, 172.002914429, -6.35655260086, -4.72041082382, 57.2131729126, -3.41020512581, 53.9488258362, 37.6828727722, 65.7098846436, 18.4878826141, 65.8316802979, 44.697467804, 116.687705994]], "icov": [[0.000246815674473, -0.000192777835764, 0.000187005964108, -0.000421467295382, 0.000152288077516, -0.00063731946284, 0.00048555523972, -0.000619243481196, 0.000687605177518, -0.000389241060475, 0.000186322373338, -0.000414592446759, 0.000269553362159], [-0.000192777835764, 0.00129078770988, -0.000543881207705, 0.000954983290285, -0.00129019259475, 0.00146122172009, -0.00146284641232, 0.00138128444087, -0.00135672662873, 0.00202901428565, -0.00160409614909, 0.00129628914874, -0.000435439462308], [0.000187005964108, -0.000543881207705, 0.0015151995467, -0.000959392404184, 0.000532396661583, -0.00155856832862, 0.000912556191906, -0.00147349201143, 0.000618336722255, -0.000740380957723, 0.00143885693979, -0.00140415900387, 0.000377354386728], [-0.000421467295382, 0.000954983290285, -0.000959392404184, 0.00363545445725, -0.0013361639576, 0.00104037416168, -0.00217658211477, 0.00157209928147, -0.00224720803089, 0.00147776934318, -0.00078270357335, 0.0023199794814, -0.000196640598006], [0.000152288077516, -0.00129019259475, 0.000532396661583, -0.0013361639576, 0.00437314389274, -0.00212133186869, 0.000540143286344, -0.00129834609106, -0.000604680797551, -0.00135724141728, 0.000568084593397, -0.000816048239358, 0.000623399449978], [-0.00063731946284, 0.00146122172009, -0.00155856832862, 0.00104037416168, -0.00212133186869, 0.00737051805481, -0.00357418414205, 0.000990171218291, -0.00147810857743, 0.0015532609541, -0.00047077529598, 0.00175198877696, -0.000413881003624], [0.00048555523972, -0.00146284641232, 0.000912556191906, -0.00217658211477, 0.000540143286344, -0.00357418414205, 0.00771054625511, -0.00212368252687, -2.85597270704e-05, -0.00205679726787, 0.00011570177594, -0.00138042680919, 0.000426400074502], [-0.000619243481196, 0.00138128444087, -0.00147349201143, 0.00157209928147, -0.00129834609106, 0.000990171218291, -0.00212368252687, 0.0104428250343, -0.00384369329549, 0.00254335277714, -0.0029055646155, 0.00133288337383, -0.00184573058505], [0.000687605177518, -0.00135672662873, 0.000618336722255, -0.00224720803089, -0.000604680797551, -0.00147810857743, -2.85597270704e-05, -0.00384369329549, 0.0130573231727, -0.00587468780577, 0.000570825650357, -0.00105522258673, -0.00182561541442], [-0.000389241060475, 0.00202901428565, -0.000740380957723, 0.00147776934318, -0.00135724141728, 0.0015532609541, -0.00205679726787, 0.00254335277714, -0.00587468780577, 0.0148892067373, -0.00648987619206, -0.000180495437235, 0.00194644730072], [0.000186322373338, -0.00160409614909, 0.00143885693979, -0.00078270357335, 0.000568084593397, -0.00047077529598, 0.00011570177594, -0.0029055646155, 0.000570825650357, -0.00648987619206, 0.0157291479409, -0.00359255215153, -0.00349891604856], [-0.000414592446759, 0.00129628914874, -0.00140415900387, 0.0023199794814, -0.000816048239358, 0.00175198877696, -0.00138042680919, 0.00133288337383, -0.00105522258673, -0.000180495437235, -0.00359255215153, 0.0173577610403, -0.00587513297796], [0.000269553362159, -0.000435439462308, 0.000377354386728, -0.000196640598006, 0.000623399449978, -0.000413881003624, 0.000426400074502, -0.00184573058505, -0.00182561541442, 0.00194644730072, -0.00349891604856, -0.00587513297796, 0.0146667128429]]}, "melbands": {"dmean": [0.00792026799172, 0.00618228083476, 0.00137231801637, 0.000310997944325, 0.000115788374387, 0.000149647996295, 6.7133900302e-05, 9.95650334517e-05, 3.85576677218e-05, 6.1627215473e-05, 4.49241088063e-05, 6.72848545946e-05, 8.17159016151e-05, 3.82555845135e-05, 3.86992869608e-05, 5.46477094758e-05, 9.91559791146e-05, 4.03002050007e-05, 2.19985613512e-05, 1.81736868399e-05, 1.38819805215e-05, 9.4810666269e-06, 7.96325184638e-06, 5.60310581932e-06, 6.42736767986e-06, 3.86056262869e-06, 3.12837369165e-06, 2.82064434032e-06, 3.01886188936e-06, 2.00327576749e-06, 2.57818851424e-06, 1.77827985226e-06, 1.36293635933e-06, 1.22938774894e-06, 1.50852201841e-06, 1.1746213886e-06, 2.13451767195e-06, 1.01190607893e-06, 1.03662398487e-06, 9.43630368511e-07], "dmean2": [0.0101968832314, 0.00828197132796, 0.00241159996949, 0.000578982289881, 0.000175560620846, 0.000236215535551, 0.000105903302028, 0.000157663453138, 6.15698372712e-05, 8.88636059244e-05, 6.68196371407e-05, 0.000104954502604, 0.000129925872898, 5.93409858993e-05, 6.16173783783e-05, 7.95660816948e-05, 0.000160416282597, 6.19808924966e-05, 3.31767369062e-05, 2.90773787128e-05, 2.30692767218e-05, 1.60237414093e-05, 1.31787583086e-05, 8.96924666449e-06, 1.07152554847e-05, 6.34280831946e-06, 4.913344128e-06, 4.41782231064e-06, 4.80848939333e-06, 3.26620533997e-06, 4.25570260632e-06, 2.84227053271e-06, 2.18290642806e-06, 1.95545294446e-06, 2.53068378697e-06, 1.85243402484e-06, 3.36695188707e-06, 1.56187923039e-06, 1.52213124238e-06, 1.48603885464e-06], "dvar": [0.00020945086726, 0.00014119296975, 1.4274143723e-05, 7.35105004424e-07, 3.50947928496e-08, 1.87635066595e-07, 2.95097795089e-08, 5.21317993218e-08, 7.17540382666e-09, 4.21796464423e-08, 3.87187384376e-08, 9.00877310528e-08, 1.19930575693e-07, 2.69235655992e-08, 2.52823255664e-08, 1.05864792488e-07, 2.75651700576e-07, 1.82650214953e-08, 9.99917837419e-09, 2.50370435495e-09, 9.79194836326e-10, 3.31317584479e-10, 2.04838118689e-10, 1.38384012582e-10, 2.61959426373e-10, 8.38904848366e-11, 2.08497816234e-10, 4.22026268099e-11, 3.26378229998e-11, 1.08949724242e-11, 1.81802385646e-11, 1.12873660071e-11, 6.9725189164e-12, 4.15224972461e-12, 6.48541940637e-12, 3.55455031728e-12, 1.65715739742e-11, 3.85619791307e-12, 4.28463601404e-12, 3.40614429023e-12], "dvar2": [0.000281132524833, 0.000240757435677, 3.84519080399e-05, 2.11923338611e-06, 7.872585428e-08, 4.16908221723e-07, 6.55787246728e-08, 1.19851947034e-07, 1.58840123277e-08, 8.29908444189e-08, 7.23799189473e-08, 1.50499118945e-07, 2.45510307195e-07, 5.14830240661e-08, 4.84111133403e-08, 1.40173156638e-07, 6.75738760947e-07, 3.13999564128e-08, 1.85558146626e-08, 5.89993565114e-09, 2.38686048704e-09, 7.35852823119e-10, 4.94985163968e-10, 3.14921921873e-10, 6.34425012525e-10, 1.72961756029e-10, 4.39066838442e-10, 9.64872348685e-11, 7.39419983575e-11, 2.77406396465e-11, 4.53750439999e-11, 2.82557241493e-11, 1.70815566553e-11, 9.9153072905e-12, 1.61689897582e-11, 8.79908645945e-12, 4.15982838453e-11, 7.69646672782e-12, 9.35527436768e-12, 6.8374889084e-12], "max": [0.0952229276299, 0.0836153626442, 0.0217565838248, 0.00745504721999, 0.00487961806357, 0.013022037223, 0.004394358024, 0.00532469851896, 0.00288333673961, 0.0107160117477, 0.00816644076258, 0.0151751600206, 0.0150841278955, 0.00855842977762, 0.0064743142575, 0.0241976846009, 0.0315467603505, 0.0052745314315, 0.00450917845592, 0.00240582320839, 0.000768994854297, 0.00065393402474, 0.000375254807295, 0.000298231723718, 0.000681733479723, 0.000300253654132, 0.000915926822927, 0.000374164956156, 0.00017800956266, 4.3181975343e-05, 8.34838137962e-05, 0.00016100416542, 0.000109020984382, 6.32791270618e-05, 4.93543775519e-05, 5.48517527932e-05, 4.38975548605e-05, 4.41344673163e-05, 4.47771490144e-05, 3.11420044454e-05], "mean": [0.0114581892267, 0.00845641363412, 0.000968347594608, 0.000259988213656, 0.000285146583337, 0.000301588879665, 0.00013215294166, 0.000170394501765, 7.2640410508e-05, 0.000131497523398, 9.48069719016e-05, 0.000139211391797, 0.000137596900458, 6.62309321342e-05, 5.6581266108e-05, 0.000107335858047, 0.000254244281678, 7.59589602239e-05, 4.20799515268e-05, 3.64847219316e-05, 2.07184257306e-05, 1.41314430948e-05, 1.33302701215e-05, 9.36374453886e-06, 1.07373616629e-05, 6.86989778842e-06, 5.84034523854e-06, 4.95846143167e-06, 4.47367256129e-06, 2.47031744038e-06, 3.16538830702e-06, 2.25737608162e-06, 1.59617263762e-06, 1.47058131006e-06, 1.63097683981e-06, 1.42675321513e-06, 2.20743186219e-06, 1.34017500386e-06, 1.51116717007e-06, 1.29010936689e-06], "median": [0.00132571952417, 0.00053670204943, 5.69127769268e-05, 8.31884826766e-05, 0.000184121221537, 0.000144230289152, 5.47281088075e-05, 5.93513323111e-05, 3.4574768506e-05, 4.59302245872e-05, 2.55007507803e-05, 3.1674389902e-05, 2.27888194786e-05, 1.71314131876e-05, 1.64621051226e-05, 2.18867535295e-05, 4.21087825089e-05, 3.0497663829e-05, 1.82102048711e-05, 1.42338203659e-05, 8.16919964564e-06, 6.25266147836e-06, 6.74375041854e-06, 3.69047916138e-06, 3.87443742511e-06, 2.53250027527e-06, 2.02687215278e-06, 1.63049185176e-06, 1.40875420129e-06, 7.74447471485e-07, 1.05966057617e-06, 8.75040427673e-07, 5.86327359997e-07, 5.35138326541e-07, 6.6791824338e-07, 5.72078874939e-07, 4.47823879313e-07, 4.28372288752e-07, 4.26985593549e-07, 3.58904856057e-07], "min": [5.60992658577e-13, 1.87282413427e-13, 1.7955217391e-12, 1.89898964609e-12, 4.51551800508e-13, 3.24464500406e-12, 2.0863014441e-11, 1.11064569e-11, 1.00722598664e-11, 2.54098760262e-12, 8.64540210255e-12, 1.23325976167e-11, 3.58656637375e-12, 4.01577165618e-12, 1.32194307584e-11, 7.09769222562e-12, 2.0493619822e-12, 6.61997637697e-13, 5.05891823658e-13, 8.97852755685e-13, 5.08816621649e-13, 5.39450103511e-13, 4.27229676333e-13, 3.16869225086e-13, 2.79516888151e-13, 4.43818403252e-13, 3.00916653791e-13, 3.14979758855e-13, 4.33104859485e-13, 3.37573664768e-13, 2.70116936631e-13, 3.75865435781e-13, 2.98427434023e-13, 3.82593750518e-13, 3.3191263865e-13, 3.72714012431e-13, 2.56949978872e-13, 3.10309991678e-13, 3.52961746202e-13, 3.02367099457e-13], "var": [0.000483693176648, 0.000281792250462, 9.62613557931e-06, 4.43669449623e-07, 1.0397215533e-07, 4.76958007312e-07, 7.80283713198e-08, 1.24794908629e-07, 1.98259293427e-08, 1.36257739314e-07, 1.66539692259e-07, 5.69153257857e-07, 3.47585057625e-07, 7.02507492178e-08, 6.01135425882e-08, 4.87860233989e-07, 3.12744555231e-06, 4.83348578939e-08, 2.08856878459e-08, 1.25244099536e-08, 2.02842409536e-09, 8.7148888106e-10, 4.08783451533e-10, 3.68483271673e-10, 7.81731623878e-10, 2.83922135802e-10, 4.18092227505e-10, 1.66987104699e-10, 8.79649061925e-11, 1.46983848703e-11, 2.77127296805e-11, 1.59343371831e-11, 9.86458744551e-12, 6.46139825672e-12, 7.67707425409e-12, 4.86945032907e-12, 1.83218423072e-11, 6.60207435596e-12, 8.03624007617e-12, 5.62765155657e-12]}, "mfcc": {"mean": [-658.67578125, 114.351699829, -6.17250442505, 10.2998437881, 12.4625930786, 8.86073589325, 1.00825810432, -1.02024352551, 1.9417642355, 7.1368894577, 3.87332224846, 1.63558602333, -0.0402475595474], "cov": [[6308.13671875, -400.541656494, 75.2788391113, 40.4878196716, 186.405456543, 166.21005249, 214.198181152, 100.763153076, -50.4971237183, -6.29408502579, -85.3936233521, -46.167350769, -38.6961593628], [-400.541656494, 2631.18505859, -222.771575928, 370.10760498, 321.402282715, 223.205978394, 218.213699341, 243.477233887, 155.568283081, 213.871994019, 164.352172852, 80.1857299805, 140.691162109], [75.2788391113, -222.771575928, 1015.29553223, 131.93927002, 161.275619507, 156.909317017, 101.986862183, 147.288238525, 135.533096313, 51.7882385254, 18.9081497192, 8.99954605103, 8.82304000854], [40.4878196716, 370.10760498, 131.93927002, 522.174743652, 207.785308838, 240.038299561, 141.227401733, 149.18699646, 157.600860596, 128.128845215, 130.890945435, 95.4659500122, 66.4520950317], [186.405456543, 321.402282715, 161.275619507, 207.785308838, 386.876739502, 185.765075684, 129.493377686, 146.485321045, 129.821273804, 125.919265747, 75.1081542969, 54.7411842346, 55.81798172], [166.21005249, 223.205978394, 156.909317017, 240.038299561, 185.765075684, 403.820159912, 170.935089111, 162.778640747, 164.532226562, 122.704345703, 128.97984314, 86.9424591064, 55.1276855469], [214.198181152, 218.213699341, 101.986862183, 141.227401733, 129.493377686, 170.935089111, 225.398391724, 143.479431152, 101.018318176, 108.651176453, 68.9510574341, 45.0720367432, 53.0971565247], [100.763153076, 243.477233887, 147.288238525, 149.18699646, 146.485321045, 162.778640747, 143.479431152, 217.863189697, 140.093597412, 97.0640182495, 68.3315353394, 54.9490699768, 48.5097160339], [-50.4971237183, 155.568283081, 135.533096313, 157.600860596, 129.821273804, 164.532226562, 101.018318176, 140.093597412, 186.700836182, 117.125572205, 83.9589691162, 58.4864082336, 45.5490455627], [-6.29408502579, 213.871994019, 51.7882385254, 128.128845215, 125.919265747, 122.704345703, 108.651176453, 97.0640182495, 117.125572205, 160.499450684, 96.5245513916, 59.7449073792, 56.4628677368], [-85.3936233521, 164.352172852, 18.9081497192, 130.890945435, 75.1081542969, 128.97984314, 68.9510574341, 68.3315353394, 83.9589691162, 96.5245513916, 140.704223633, 83.4670181274, 48.2871170044], [-46.167350769, 80.1857299805, 8.99954605103, 95.4659500122, 54.7411842346, 86.9424591064, 45.0720367432, 54.9490699768, 58.4864082336, 59.7449073792, 83.4670181274, 109.187767029, 59.7539253235], [-38.6961593628, 140.691162109, 8.82304000854, 66.4520950317, 55.81798172, 55.1276855469, 53.0971565247, 48.5097160339, 45.5490455627, 56.4628677368, 48.2871170044, 59.7539253235, 90.8222427368]], "icov": [[0.000181006471394, 5.02040202264e-05, 2.97692004096e-05, -1.58563361765e-05, -0.000104205784737, -9.77625822998e-05, -0.000203885909286, -0.000102920486825, 0.000259073218331, -4.29289430031e-05, 0.0002019595413, -7.08446623321e-06, 9.96567177936e-05], [5.02040202264e-05, 0.000545224873349, 0.000230954232393, -0.000224239032832, -0.000249865901424, 1.45255962707e-05, -2.51426172326e-05, -0.000549284392036, 0.000375766016077, -0.000236555861193, -0.000286682101432, 0.000640816113446, -0.000539324828424], [2.97692004096e-05, 0.000230954232393, 0.00127640273422, -0.000122460842249, -0.00036462553544, -0.00013930987916, -0.000126014550915, -0.000575413112529, -0.000572878867388, 0.000342049577739, 0.000193972067791, 0.000464763958007, -2.40628414758e-05], [-1.58563361765e-05, -0.000224239032832, -0.000122460842249, 0.00329915480688, -0.00069771980634, -0.000620165024884, -0.000360728416126, 0.000220282716327, -0.00107649795245, 0.000512932194397, -0.00107803277206, -0.000801556336228, 0.000158595968969], [-0.000104205784737, -0.000249865901424, -0.00036462553544, -0.00069771980634, 0.00451485347003, -0.000743171258364, 0.000284768699203, -0.000957642274443, 7.07311337464e-05, -0.00216791802086, 0.00110998470336, -4.166466897e-05, -0.000340508675436], [-9.77625822998e-05, 1.45255962707e-05, -0.00013930987916, -0.000620165024884, -0.000743171258364, 0.00560848740861, -0.0022474762518, -5.77891114517e-06, -0.0024822326377, 0.00174933415838, -0.00273946602829, -0.000634172465652, 0.000803703791462], [-0.000203885909286, -2.51426172326e-05, -0.000126014550915, -0.000360728416126, 0.000284768699203, -0.0022474762518, 0.0105184558779, -0.00478841550648, 0.00258604739793, -0.00451378524303, 0.000555069476832, 0.00181033008266, -0.00215134001337], [-0.000102920486825, -0.000549284392036, -0.000575413112529, 0.000220282716327, -0.000957642274443, -5.77891114517e-06, -0.00478841550648, 0.0130416760221, -0.00698156002909, 0.00213215523399, 0.000841123110149, -0.0020801872015, 0.000224732299102], [0.000259073218331, 0.000375766016077, -0.000572878867388, -0.00107649795245, 7.07311337464e-05, -0.0024822326377, 0.00258604739793, -0.00698156002909, 0.017222950235, -0.00791702605784, 0.0002213701664, 4.190123218e-05, 0.000190896287677], [-4.29289430031e-05, -0.000236555861193, 0.000342049577739, 0.000512932194397, -0.00216791802086, 0.00174933415838, -0.00451378524303, 0.00213215523399, -0.00791702605784, 0.0191413760185, -0.00785156898201, 0.00164259574376, -0.00312542519532], [0.0002019595413, -0.000286682101432, 0.000193972067791, -0.00107803277206, 0.00110998470336, -0.00273946602829, 0.000555069476832, 0.000841123110149, 0.0002213701664, -0.00785156898201, 0.0205114316195, -0.0105858156458, 0.00233651977032], [-7.08446623321e-06, 0.000640816113446, 0.000464763958007, -0.000801556336228, -4.166466897e-05, -0.000634172465652, 0.00181033008266, -0.0020801872015, 4.190123218e-05, 0.00164259574376, -0.0105858156458, 0.023172672838, -0.0106510110199], [9.96567177936e-05, -0.000539324828424, -2.40628414758e-05, 0.000158595968969, -0.000340508675436, 0.000803703791462, -0.00215134001337, 0.000224732299102, 0.000190896287677, -0.00312542519532, 0.00233651977032, -0.0106510110199, 0.0202464461327]]}, "spectral_contrast_coeffs": {"dmean": [0.0583552159369, 0.045100800693, 0.0394188724458, 0.0342404991388, 0.0235243290663, 0.0247244928032], "dmean2": [0.0903756916523, 0.0732144340873, 0.0632188916206, 0.0542487204075, 0.036354701966, 0.0382321663201], "dvar": [0.00271729007363, 0.00171233387664, 0.00122505775653, 0.000956499832682, 0.000518364482559, 0.000688527303282], "dvar2": [0.0060791214928, 0.00429570861161, 0.00290938350372, 0.00213525653817, 0.00100950803608, 0.00152799359057], "max": [-0.304420173168, -0.414536058903, -0.43950855732, -0.457657039165, -0.56273573637, -0.578868865967], "mean": [-0.64215785265, -0.715052843094, -0.747312486172, -0.760177969933, -0.788024187088, -0.793782234192], "median": [-0.649877429008, -0.714397072792, -0.752408564091, -0.765068531036, -0.799075961113, -0.80519759655], "min": [-0.897858738899, -0.959339857101, -0.960057258606, -0.980295479298, -0.975941300392, -0.917120218277], "var": [0.0100161591545, 0.00547656975687, 0.00487730232999, 0.00386791117489, 0.00238633761182, 0.00220708642155]}, "spectral_contrast_valleys": {"dmean": [0.530261158943, 0.429066628218, 0.434831529856, 0.427553534508, 0.468147814274, 0.628218531609], "dmean2": [0.798855364323, 0.690157175064, 0.701312720776, 0.650519013405, 0.648822128773, 0.858845412731], "dvar": [0.301647394896, 0.229641661048, 0.256772279739, 0.233304232359, 0.260221391916, 0.666490793228], "dvar2": [0.56158465147, 0.533576488495, 0.5973072052, 0.527605473995, 0.582719564438, 1.37382996082], "max": [-5.35976362228, -4.8199801445, -5.3498415947, -5.66243171692, -5.9338517189, -7.579586505