{"lowlevel": {"average_loudness": 0.978321313858, "barkbands_crest": {"dmean": 2.1903553009, "dmean2": 3.46016526222, "dvar": 7.41378927231, "dvar2": 18.4736785889, "max": 24.2002124786, "mean": 11.3216333389, "median": 10.9506807327, "min": 2.62951350212, "var": 15.4411802292}, "barkbands_flatness_db": {"dmean": 0.0254984665662, "dmean2": 0.0368002988398, "dvar": 0.000650693546049, "dvar2": 0.00135892117396, "max": 0.410149425268, "mean": 0.183419778943, "median": 0.177999064326, "min": 0.0548474006355, "var": 0.0028749066405}, "barkbands_kurtosis": {"dmean": 6.25608825684, "dmean2": 9.73295116425, "dvar": 83.2073898315, "dvar2": 191.411636353, "max": 106.880126953, "mean": 13.3990869522, "median": 8.76961231232, "min": -1.50551044941, "var": 188.442306519}, "barkbands_skewness": {"dmean": 0.670676708221, "dmean2": 1.01589715481, "dvar": 0.582799494267, "dvar2": 1.25066447258, "max": 8.72827911377, "mean": 2.76228404045, "median": 2.55471491814, "min": -0.529162466526, "var": 1.8973004818}, "barkbands_spread": {"dmean": 3.95210051537, "dmean2": 5.9029712677, "dvar": 26.2465648651, "dvar2": 47.5822067261, "max": 57.8019943237, "mean": 11.9222078323, "median": 9.52439880371, "min": 1.43292379379, "var": 79.224609375}, "dissonance": {"dmean": 0.0205921456218, "dmean2": 0.0335730910301, "dvar": 0.000395007955376, "dvar2": 0.000949580455199, "max": 0.499931871891, "mean": 0.45061686635, "median": 0.4565513134, "min": 0.169290885329, "var": 0.0011740764603}, "dynamic_complexity": 2.28153347969, "erbbands_crest": {"dmean": 1.9536550045, "dmean2": 2.92689561844, "dvar": 3.94622039795, "dvar2": 8.40631771088, "max": 25.5434951782, "mean": 9.13444423676, "median": 8.24218940735, "min": 2.94217729568, "var": 14.9489059448}, "erbbands_flatness_db": {"dmean": 0.0160538945347, "dmean2": 0.0220516081899, "dvar": 0.00029800547054, "dvar2": 0.000489075435326, "max": 0.344275861979, "mean": 0.157185509801, "median": 0.14882491529, "min": 0.079486168921, "var": 0.00173705711495}, "erbbands_kurtosis": {"dmean": 1.495262146, "dmean2": 2.18727517128, "dvar": 6.82927370071, "dvar2": 15.3888692856, "max": 49.5212745667, "mean": 2.03031420708, "median": 0.614396572113, "min": -1.69443416595, "var": 22.1504802704}, "erbbands_skewness": {"dmean": 0.363533109426, "dmean2": 0.54605692625, "dvar": 0.160536840558, "dvar2": 0.371301263571, "max": 6.06662368774, "mean": 1.09350156784, "median": 0.942106962204, "min": -0.855829656124, "var": 0.700696647167}, "erbbands_spread": {"dmean": 11.3610219955, "dmean2": 15.7390079498, "dvar": 136.302474976, "dvar2": 259.476654053, "max": 123.697364807, "mean": 43.0465774536, "median": 38.7630271912, "min": 2.65829348564, "var": 534.315673828}, "hfc": {"dmean": 4.80036115646, "dmean2": 7.12975788116, "dvar": 65.7913970947, "dvar2": 144.225997925, "max": 62.9522895813, "mean": 12.777929306, "median": 9.46153354645, "min": 7.16229478712e-05, "var": 105.336044312}, "melbands_crest": {"dmean": 2.34632015228, "dmean2": 3.77551722527, "dvar": 7.4558968544, "dvar2": 19.665266037, "max": 31.5112361908, "mean": 13.7746229172, "median": 12.8892593384, "min": 3.6031370163, "var": 15.3677330017}, "melbands_flatness_db": {"dmean": 0.0315980911255, "dmean2": 0.0447311773896, "dvar": 0.000995485344902, "dvar2": 0.00184385164175, "max": 0.508819103241, "mean": 0.256505697966, "median": 0.252646237612, "min": 0.0297178588808, "var": 0.00457207392901}, "melbands_kurtosis": {"dmean": 15.2594079971, "dmean2": 23.3527984619, "dvar": 651.389892578, "dvar2": 1474.19384766, "max": 301.871948242, "mean": 32.579624176, "median": 20.1818904877, "min": -0.511135339737, "var": 1321.2265625}, "melbands_skewness": {"dmean": 0.976579606533, "dmean2": 1.43089842796, "dvar": 1.36506283283, "dvar2": 2.79571986198, "max": 14.1141300201, "mean": 3.82844400406, "median": 3.40601491928, "min": -0.0242002345622, "var": 4.37986373901}, "melbands_spread": {"dmean": 3.46561002731, "dmean2": 5.35610342026, "dvar": 31.7250041962, "dvar2": 67.0850372314, "max": 91.0576553345, "mean": 10.1110572815, "median": 8.40681171417, "min": 1.05279099941, "var": 66.2003250122}, "pitch_salience": {"dmean": 0.0708292350173, "dmean2": 0.11402964592, "dvar": 0.00705902138725, "dvar2": 0.0157546252012, "max": 0.894878447056, "mean": 0.595642328262, "median": 0.610184967518, "min": 0.180380374193, "var": 0.016362901777}, "silence_rate_20dB": {"dmean": 0, "dmean2": 0, "dvar": 0, "dvar2": 0, "max": 1, "mean": 1, "median": 1, "min": 1, "var": 0}, "silence_rate_30dB": {"dmean": 0.0618716180325, "dmean2": 0.123791106045, "dvar": 0.058044757694, "dvar2": 0.10846529156, "max": 1, "mean": 0.891379952431, "median": 1, "min": 0, "var": 0.0968194082379}, "silence_rate_60dB": {"dmean": 0.0185614842921, "dmean2": 0.0363636352122, "dvar": 0.0182171538472, "dvar2": 0.0373626463115, "max": 1, "mean": 0.0336296856403, "median": 0, "min": 0, "var": 0.0324976705015}, "spectral_centroid": {"dmean": 156.362213135, "dmean2": 241.179107666, "dvar": 59011.953125, "dvar2": 132106.90625, "max": 3172.36474609, "mean": 667.102233887, "median": 586.776184082, "min": 236.461624146, "var": 120159.296875}, "spectral_complexity": {"dmean": 3.1059551239, "dmean2": 4.8549323082, "dvar": 18.9933490753, "dvar2": 43.7880020142, "max": 40, "mean": 11.7506761551, "median": 11, "min": 0, "var": 32.6201629639}, "spectral_decrease": {"dmean": 4.50439063826e-09, "dmean2": 7.2094432646e-09, "dvar": 8.65743905059e-17, "dvar2": 1.91537588364e-16, "max": -2.77356432363e-14, "mean": -1.02730002283e-08, "median": -6.32342445073e-09, "min": -7.11412369014e-08, "var": 1.63089430965e-16}, "spectral_energy": {"dmean": 0.0173346009105, "dmean2": 0.0277145467699, "dvar": 0.00126714853104, "dvar2": 0.00279625901021, "max": 0.272351652384, "mean": 0.0399316474795, "median": 0.0247589182109, "min": 1.47216823621e-07, "var": 0.00239059235901}, "spectral_energyband_high": {"dmean": 0.000304853921989, "dmean2": 0.000450530700618, "dvar": 2.52270950796e-07, "dvar2": 5.38795347893e-07, "max": 0.00371766695753, "mean": 0.000484745105496, "median": 0.000199448215426, "min": 1.21413334941e-09, "var": 4.31543440982e-07}, "spectral_energyband_low": {"dmean": 0.0144110452384, "dmean2": 0.0233069173992, "dvar": 0.00115197175182, "dvar2": 0.00267025013454, "max": 0.252558559179, "mean": 0.0211985800415, "median": 0.00624015135691, "min": 1.75372938394e-09, "var": 0.00181138620246}, "spectral_energyband_middle_high": {"dmean": 0.00085582229076, "dmean2": 0.00132753700018, "dvar": 1.68326221228e-06, "dvar2": 4.38515280621e-06, "max": 0.0122569482774, "mean": 0.00196090550162, "median": 0.00152341823559, "min": 2.22672298378e-08, "var": 2.95851077681e-06}, "spectral_energyband_middle_low": {"dmean": 0.00725312903523, "dmean2": 0.0126255378127, "dvar": 0.000389143329812, "dvar2": 0.00108341127634, "max": 0.153496265411, "mean": 0.0183116644621, "median": 0.0167454481125, "min": 2.08015773495e-08, "var": 0.000303891778458}, "spectral_entropy": {"dmean": 0.234481424093, "dmean2": 0.32244348526, "dvar": 0.0626469254494, "dvar2": 0.10662766546, "max": 8.52758693695, "mean": 7.21211671829, "median": 7.2617316246, "min": 5.0367732048, "var": 0.287383913994}, "spectral_flux": {"dmean": 0.0387951657176, "dmean2": 0.0632934272289, "dvar": 0.00388442585245, "dvar2": 0.00886890571564, "max": 0.446169435978, "mean": 0.0814018622041, "median": 0.0434973053634, "min": 0.000407999759773, "var": 0.00789021328092}, "spectral_kurtosis": {"dmean": 2.16575789452, "dmean2": 3.27240157127, "dvar": 11.9290399551, "dvar2": 24.842414856, "max": 60.7873420715, "mean": 4.82354736328, "median": 3.28124380112, "min": -0.482051134109, "var": 32.8444328308}, "spectral_rms": {"dmean": 0.00104977097362, "dmean2": 0.00163494958542, "dvar": 3.36592802341e-06, "dvar2": 6.48186187391e-06, "max": 0.016300579533, "mean": 0.00550724891946, "median": 0.00491477781907, "min": 1.19844135043e-05, "var": 8.6279160314e-06}, "spectral_rolloff": {"dmean": 214.523712158, "dmean2": 355.744384766, "dvar": 257290.921875, "dvar2": 525980.1875, "max": 7687.35351562, "mean": 620.235351562, "median": 430.6640625, "min": 86.1328125, "var": 407425.1875}, "spectral_skewness": {"dmean": 0.334733873606, "dmean2": 0.474819123745, "dvar": 0.146733939648, "dvar2": 0.28690430522, "max": 6.43475818634, "mean": 1.77117860317, "median": 1.63882279396, "min": 0.601358354092, "var": 0.539474487305}, "spectral_spread": {"dmean": 721756.1875, "dmean2": 1064654.75, "dvar": 746158161920, "dvar2": 1416139243520.0, "max": 26477842, "mean": 5242980.5, "median": 5039715.5, "min": 1305362.875, "var": 2630269534210.0}, "spectral_strongpeak": {"dmean": 0.275109052658, "dmean2": 0.49508818984, "dvar": 0.106358893216, "dvar2": 0.271767169237, "max": 2.55879187584, "mean": 0.674311459064, "median": 0.625121176243, "min": 0, "var": 0.187905311584}, "zerocrossingrate": {"dmean": 0.00895786471665, "dmean2": 0.0104312738404, "dvar": 8.13224905869e-05, "dvar2": 9.14871998248e-05, "max": 0.14453125, "mean": 0.0416086576879, "median": 0.0361328125, "min": 0.00634765625, "var": 0.000545897462871}, "barkbands": {"dmean": [5.42268826393e-05, 0.0102151371539, 0.00745096756145, 0.00278009055182, 0.00372431753203, 0.000925381027628, 0.00045188923832, 0.00038097644574, 0.000185628494364, 0.00033656929736, 0.000154867491801, 0.000144009944052, 0.000155873131007, 0.00012155630975, 0.000102492551378, 0.000100977151305, 5.43798050785e-05, 4.69218175567e-05, 4.02200748795e-05, 0.000104447077319, 6.17949408479e-05, 8.17546169856e-05, 5.94539560552e-05, 6.29715286777e-05, 2.73092300631e-05, 3.96480299969e-06, 4.65284188067e-07], "dmean2": [7.61369010434e-05, 0.0166565664113, 0.0121749350801, 0.00476317247376, 0.00669036014006, 0.00149156781845, 0.000692192057613, 0.000583171437029, 0.000310076226015, 0.000473285355838, 0.000240619221586, 0.000234714956605, 0.000274296733551, 0.000198382083909, 0.000180793402251, 0.000173588618054, 9.34749332373e-05, 7.13740373612e-05, 6.25708416919e-05, 0.000179654845851, 9.66346269706e-05, 0.000123677484225, 8.22544461698e-05, 8.33634621813e-05, 3.85240382457e-05, 6.57325972497e-06, 7.71061252181e-07], "dvar": [1.8789759082e-08, 0.000692748581059, 0.000544454844203, 7.35996945878e-05, 0.000105016690213, 2.20006177187e-06, 9.65149865806e-07, 4.52231716963e-07, 3.78065379891e-07, 3.40796106002e-07, 9.98111460149e-08, 6.22215310386e-08, 1.56377296889e-07, 6.3744018064e-08, 2.53790233273e-08, 5.04010699842e-08, 8.8041458568e-09, 4.76427697294e-09, 4.14331502441e-09, 5.33742650077e-08, 1.32951409881e-08, 1.7192254731e-08, 1.0384825444e-08, 9.79513092858e-09, 2.49039189271e-09, 1.29121241477e-10, 2.4650980042e-12], "dvar2": [3.63995944497e-08, 0.00163149274886, 0.00133989949245, 0.000199067450012, 0.000301371066598, 5.8871200963e-06, 2.46649824476e-06, 1.12205020741e-06, 1.08631149942e-06, 7.33685681098e-07, 2.07650927564e-07, 1.51436651663e-07, 4.29836632065e-07, 1.50603938209e-07, 7.33240881345e-08, 1.37285326218e-07, 2.32903438757e-08, 1.05348876289e-08, 1.00525605617e-08, 1.42522239344e-07, 3.14465289364e-08, 3.71598538607e-08, 1.90195486027e-08, 1.79586070459e-08, 5.71425173845e-09, 3.50470319432e-10, 6.27906147216e-12], "max": [0.00114156806376, 0.199921816587, 0.164832934737, 0.0677398964763, 0.0930725336075, 0.0192512217909, 0.0216482784599, 0.00958774890751, 0.013061392121, 0.00950698833913, 0.00559347867966, 0.00344425928779, 0.00423022545874, 0.00632299808785, 0.00149455736391, 0.00180842611007, 0.00157172407489, 0.000580504420213, 0.000502193288412, 0.00165286369156, 0.000807554635685, 0.00101138313767, 0.00106228783261, 0.00089471047977, 0.000604380911682, 0.00020331707492, 2.55613122135e-05], "mean": [7.63823627494e-05, 0.0113319540396, 0.00791466329247, 0.00378072285093, 0.009476268664, 0.002452082932, 0.00108363677282, 0.000886867230292, 0.00031256309012, 0.000717054586858, 0.00032278362778, 0.000237068874412, 0.000167130463524, 0.000168879108969, 0.000130580068799, 0.000113119385787, 9.57054799073e-05, 7.28309169062e-05, 6.42274972051e-05, 9.88101382973e-05, 7.88621255197e-05, 0.000106267354568, 9.38691591728e-05, 9.6985604614e-05, 4.40318872279e-05, 7.65705317463e-06, 7.12232065325e-07], "median": [4.57034639112e-06, 0.00246974895708, 0.00321920402348, 0.00216782838106, 0.00795774068683, 0.00184144044761, 0.000364378385711, 0.00049041735474, 0.000103656042484, 0.000299784762319, 5.22889895365e-05, 8.10559722595e-05, 4.15959766542e-05, 5.70588490518e-05, 6.66100240778e-05, 5.15553365403e-05, 4.08482956118e-05, 3.51914495695e-05, 3.1044237403e-05, 2.73713758361e-05, 3.03318138322e-05, 3.79699231416e-05, 2.96597499982e-05, 3.09948845825e-05, 1.38590603456e-05, 2.70204350272e-06, 2.02670364047e-07], "min": [1.14240474719e-11, 3.12171150041e-10, 1.23803345353e-09, 2.14236572926e-10, 2.23434026836e-09, 1.42356970656e-09, 5.8556115512e-09, 4.83798334727e-09, 2.95991453569e-09, 6.32242813658e-10, 9.39901045882e-10, 5.48287282243e-09, 4.03781141856e-09, 2.65674171551e-09, 1.17549725509e-09, 7.86675280473e-10, 3.77677139562e-10, 4.39443870182e-10, 4.52295118025e-10, 2.09129200068e-10, 1.28115934528e-10, 3.62638197249e-10, 9.57361689924e-11, 1.14662494777e-10, 1.52846263424e-10, 1.32197003344e-10, 1.3535803034e-10], "var": [3.66415910946e-08, 0.000812976097222, 0.000452506123111, 5.24383685843e-05, 8.58925704961e-05, 5.43958731214e-06, 3.75427748622e-06, 1.21601158298e-06, 3.49269811295e-07, 9.47470141455e-07, 4.74234610692e-07, 1.4113503255e-07, 1.52010244392e-07, 1.54300764166e-07, 2.80752576742e-08, 3.78415023761e-08, 2.02033394459e-08, 8.49491232913e-09, 6.33708507891e-09, 3.99904926951e-08, 1.50571253243e-08, 2.49726497259e-08, 2.32211547768e-08, 2.39562965021e-08, 4.57808679855e-09, 2.85154455604e-10, 3.36912485757e-12]}, "erbbands": {"dmean": [0.224750772119, 2.57093667984, 7.71623659134, 7.04914665222, 14.9452381134, 9.89752960205, 7.78551101685, 7.51356697083, 7.79434013367, 6.49640512466, 7.80627822876, 4.58049201965, 9.01216888428, 8.14782619476, 6.68170690536, 5.79977416992, 7.27571630478, 6.70492267609, 5.02107334137, 6.2412481308, 4.19630670547, 2.29345655441, 2.21172857285, 2.40335178375, 2.8640961647, 4.29543495178, 3.23401165009, 2.53804326057, 2.80801963806, 2.68854856491, 1.4060703516, 1.33914482594, 0.954778552055, 0.434130549431, 0.136517971754, 0.0259581860155, 0.00717401411384, 0.00109507981688, 8.11689897091e-05, 2.10706239159e-05], "dmean2": [0.354509234428, 4.20347976685, 12.190747261, 11.4834661484, 27.1972618103, 17.4664402008, 12.5552282333, 12.3128633499, 12.2201395035, 10.0274143219, 11.6749124527, 7.45659971237, 12.7226400375, 11.9683551788, 10.3373756409, 9.36085700989, 12.8232364655, 11.2348823547, 8.52499389648, 10.9195203781, 6.99697828293, 3.84366774559, 3.36680817604, 3.77275109291, 4.5292096138, 7.28624820709, 5.48732376099, 3.88409781456, 4.25429821014, 3.8779335022, 2.0259103775, 1.88461863995, 1.24167764187, 0.587574064732, 0.206610187888, 0.0405020341277, 0.0119270607829, 0.00184055545833, 0.000132359898998, 3.34839496645e-05], "dvar": [0.309093862772, 43.0704345703, 555.502685547, 407.049743652, 2296.30273438, 578.494995117, 121.530357361, 168.116043091, 241.533432007, 195.579376221, 186.319076538, 208.984649658, 387.736968994, 192.525634766, 140.550964355, 89.176612854, 340.539001465, 219.801956177, 69.3871994019, 151.319534302, 45.9980010986, 14.3019018173, 11.240530014, 15.9037122726, 34.5296096802, 86.6061553955, 51.7107200623, 21.6796379089, 19.6108436584, 24.024356842, 5.85587501526, 4.54483032227, 2.21125411987, 0.534625172615, 0.0951208472252, 0.00339775718749, 0.000556344690267, 1.78373975359e-05, 6.74465496786e-08, 1.88014648295e-09], "dvar2": [0.740453004837, 100.93321228, 1381.31176758, 837.378051758, 6594.33496094, 1648.60620117, 295.092163086, 458.402862549, 656.32244873, 487.196716309, 456.931732178, 597.856445312, 889.33404541, 381.538238525, 305.99810791, 206.132202148, 940.828308105, 539.373474121, 186.214813232, 419.989471436, 118.618919373, 36.7869644165, 23.4898147583, 38.7558860779, 81.4262237549, 234.372070312, 140.138412476, 51.7571868896, 42.6201095581, 42.9362297058, 11.1516618729, 8.69666385651, 3.96670818329, 1.10472142696, 0.244654878974, 0.00880970433354, 0.00146226608194, 4.83786243421e-05, 1.67168423104e-07, 4.07471878461e-09], "max": [4.00716543198, 50.0351409912, 178.863113403, 153.426589966, 369.114074707, 233.514160156, 147.058868408, 192.014663696, 322.4296875, 254.394546509, 199.968383789, 319.851348877, 366.253173828, 256.088562012, 218.242843628, 143.732391357, 213.338317871, 340.032897949, 98.7164306641, 95.9430923462, 54.8877754211, 49.8221549988, 33.3029632568, 30.7012882233, 51.2047958374, 75.4120788574, 52.212978363, 47.0335617065, 44.342124939, 47.7653427124, 29.1857452393, 18.4128456116, 13.7443227768, 7.65114450455, 4.13729143143, 0.989994347095, 0.493031233549, 0.0805103778839, 0.00400944147259, 0.000393253430957], "mean": [0.225425168872, 2.96271252632, 8.86019039154, 11.5020523071, 26.5166072845, 28.7746734619, 23.7162399292, 17.5874576569, 18.4172992706, 13.781411171, 19.6939697266, 8.999958992, 17.8705692291, 17.8555908203, 14.3964233398, 10.2426252365, 8.38145542145, 8.81130695343, 6.8570766449, 7.51242685318, 6.20970439911, 4.37757301331, 3.98883008957, 3.59277033806, 3.80258274078, 4.32316350937, 3.59391832352, 3.16458559036, 3.67298102379, 3.92751479149, 2.30725622177, 1.97930037975, 1.5240932703, 0.681992053986, 0.219701275229, 0.051107198, 0.0129329962656, 0.00172209972516, 0.000145647092722, 4.94835767313e-05], "median": [0.0335772521794, 0.723875522614, 3.22021222115, 6.72427272797, 20.2721099854, 23.410036087, 15.7809877396, 12.9679098129, 8.76229095459, 3.89859485626, 11.6065645218, 4.99257898331, 7.75520324707, 7.18808317184, 4.53944540024, 4.36220550537, 2.43288493156, 2.92809009552, 3.19225692749, 3.50892233849, 3.23529601097, 2.0619134903, 1.89167964458, 1.70115041733, 1.65328943729, 1.3756057024, 1.24558436871, 1.13280463219, 1.31414687634, 1.16351699829, 0.761813700199, 0.598294496536, 0.485324978828, 0.212080672383, 0.0663397908211, 0.0186222866178, 0.00412876950577, 0.000522972026374, 5.49626056454e-05, 3.05406501866e-05], "min": [2.75118505755e-09, 1.0991011834e-07, 1.12640532279e-06, 1.42777798828e-06, 4.56473162558e-06, 8.89557850314e-06, 7.49820992496e-06, 1.35069485623e-05, 8.50102151162e-05, 4.61571471533e-05, 0.000130743021145, 7.12151959306e-05, 2.64225309365e-05, 1.84602940863e-05, 0.000118710093375, 0.000240141511313, 0.000229982601013, 0.000178767280886, 0.000118071686302, 4.19358220825e-05, 4.35742549598e-05, 2.04305761144e-05, 1.76592275238e-05, 3.45046428265e-05, 1.40831825775e-05, 1.07358609966e-05, 4.86173667014e-06, 5.77936862101e-06, 1.36728504003e-05, 7.51392099119e-06, 2.96462917504e-06, 2.96177108794e-06, 1.47984337673e-06, 1.34291155973e-06, 1.24612495256e-06, 5.88926525324e-07, 2.39323782125e-07, 8.11382179222e-08, 2.10921502486e-08, 1.87306503641e-09], "var": [0.338055342436, 53.5223274231, 511.727874756, 438.587158203, 1441.27392578, 653.140014648, 494.306976318, 336.91494751, 793.982299805, 628.694519043, 489.967102051, 199.337524414, 747.210693359, 718.083129883, 633.467773438, 226.387710571, 345.151733398, 454.845245361, 93.4182510376, 138.375183105, 60.0902633667, 34.4593811035, 25.7511482239, 21.7848358154, 37.6433486938, 65.7639312744, 40.6910743713, 24.9488620758, 29.002494812, 45.6382904053, 12.6756029129, 10.1472940445, 5.7017865181, 1.09308815002, 0.143564343452, 0.00915439799428, 0.0010514856549, 2.20445217565e-05, 1.08411349231e-07, 3.49655282506e-09]}, "gfcc": {"mean": [-16.5964756012, 107.454704285, -89.6210174561, 36.9984283447, -67.9859848022, 16.4913406372, -44.8673820496, 0.478517740965, -25.7376251221, -6.77432537079, -17.5905075073, -3.74467372894, -5.35799884796], "cov": [[3295.72070312, -106.061065674, 296.556549072, 811.979797363, 206.431289673, 326.138702393, 123.96837616, 6.97432088852, -72.1250762939, -39.6356239319, -30.8556079865, -121.11529541, -78.4750976562], [-106.061065674, 824.882751465, 321.646881104, 146.350982666, 339.200561523, -103.619430542, 119.284934998, -42.6670455933, 23.5331764221, -80.0542144775, 60.3614044189, -15.3352746964, 56.4948043823], [296.556549072, 321.646881104, 759.499023438, 335.438781738, 204.637924194, 87.167350769, 25.8719940186, -31.0588874817, -41.8103065491, -42.2314491272, 33.1238098145, 1.67640173435, 46.5811309814], [811.979797363, 146.350982666, 335.438781738, 847.462768555, 213.715393066, 127.464820862, 50.3774528503, -40.3804588318, 1.08667516708, -89.4665298462, 78.8636474609, -103.400253296, 61.3797836304], [206.431289673, 339.200561523, 204.637924194, 213.715393066, 399.75, 25.2317504883, 114.464179993, 12.6560201645, -15.9423894882, -11.9718341827, 6.90798330307, -17.1724967957, 6.74304866791], [326.138702393, -103.619430542, 87.167350769, 127.464820862, 25.2317504883, 240.774459839, 9.62241649628, -13.551864624, -3.22350740433, -7.8520655632, 5.4047203064, -9.28493499756, -26.3461914062], [123.96837616, 119.284934998, 25.8719940186, 50.3774528503, 114.464179993, 9.62241649628, 162.946624756, 58.893863678, 15.7650747299, -9.06222724915, 0.996516704559, -2.74724316597, -2.00359106064], [6.97432088852, -42.6670455933, -31.0588874817, -40.3804588318, 12.6560201645, -13.551864624, 58.893863678, 124.161407471, 37.5850257874, 19.5338172913, -26.169801712, 0.388865619898, 0.997312188148], [-72.1250762939, 23.5331764221, -41.8103065491, 1.08667516708, -15.9423894882, -3.22350740433, 15.7650747299, 37.5850257874, 84.9903717041, 8.98766708374, 8.57630443573, -11.0319814682, 4.13590764999], [-39.6356239319, -80.0542144775, -42.2314491272, -89.4665298462, -11.9718341827, -7.8520655632, -9.06222724915, 19.5338172913, 8.98766708374, 84.379989624, 8.50162696838, 9.63655090332, -19.5296192169], [-30.8556079865, 60.3614044189, 33.1238098145, 78.8636474609, 6.90798330307, 5.4047203064, 0.996516704559, -26.169801712, 8.57630443573, 8.50162696838, 87.5856323242, 11.4253253937, 26.4422550201], [-121.11529541, -15.3352746964, 1.67640173435, -103.400253296, -17.1724967957, -9.28493499756, -2.74724316597, 0.388865619898, -11.0319814682, 9.63655090332, 11.4253253937, 81.5304031372, 11.260840416], [-78.4750976562, 56.4948043823, 46.5811309814, 61.3797836304, 6.74304866791, -26.3461914062, -2.00359106064, 0.997312188148, 4.13590764999, -19.5296192169, 26.4422550201, 11.260840416, 83.2837753296]], "icov": [[0.000513653096277, -0.000123946723761, 7.11586108082e-05, -0.000657485099509, 0.000254394981312, -0.000423751829658, -0.000286433467409, -0.000180861228728, 0.000631036411505, -0.000530640070792, 0.000636822311208, -0.000110689325084, 0.000510473153554], [-0.000123946723761, 0.00451220851392, -0.0015758536756, 0.00180205341894, -0.00359366019256, 0.00251551019028, -0.001462477725, 0.00268405559473, -0.0035118216183, 0.00466832378879, -0.00344661716372, 0.0019761971198, -0.00050874898443], [7.11586108082e-05, -0.0015758536756, 0.00242571230046, -0.00123556947801, 0.000540414592251, -0.00130108988378, 0.000839897664264, -0.000977655523457, 0.00188886211254, -0.00154316984117, 0.00132576329634, -0.00150051922537, -0.000407227256801], [-0.000657485099509, 0.00180205341894, -0.00123556947801, 0.00413607154042, -0.00246898480691, 0.000409614382079, -3.42406747222e-05, 0.000966490828432, -0.00194722879678, 0.00435572210699, -0.00448169279844, 0.00426871376112, -0.00191821460612], [0.000254394981312, -0.00359366019256, 0.000540414592251, -0.00246898480691, 0.00698422873393, -0.00171550631057, -0.00186361803208, -0.00139341782779, 0.00359636871144, -0.00510072382167, 0.00391359906644, -0.00177385797724, 0.000681098375935], [-0.000423751829658, 0.00251551019028, -0.00130108988378, 0.000409614382079, -0.00171550631057, 0.00670526176691, -0.000886298366822, 0.00193813757505, -0.00262573966756, 0.00273442897014, -0.00205757073127, 9.38868397498e-05, 0.0019478687318], [-0.000286433467409, -0.001462477725, 0.000839897664264, -3.42406747222e-05, -0.00186361803208, -0.000886298366822, 0.0109659265727, -0.00626351730898, 0.000730687344912, 0.00170142576098, -0.0017528567696, -0.000923418789171, 0.00153103889897], [-0.000180861228728, 0.00268405559473, -0.000977655523457, 0.000966490828432, -0.00139341782779, 0.00193813757505, -0.00626351730898, 0.0158330611885, -0.00748426187783, -0.00173733755946, 0.00421474827453, 0.000162074502441, -0.00316676893272], [0.000631036411505, -0.0035118216183, 0.00188886211254, -0.00194722879678, 0.00359636871144, -0.00262573966756, 0.000730687344912, -0.00748426187783, 0.0185943059623, -0.00406706565991, -0.00040433878894, 0.00128282455262, 0.000418668059865], [-0.000530640070792, 0.00466832378879, -0.00154316984117, 0.00435572210699, -0.00510072382167, 0.00273442897014, 0.00170142576098, -0.00173733755946, -0.00406706565991, 0.02196261473, -0.0102102681994, 0.00274275382981, 0.00354893133044], [0.000636822311208, -0.00344661716372, 0.00132576329634, -0.00448169279844, 0.00391359906644, -0.00205757073127, -0.0017528567696, 0.00421474827453, -0.00040433878894, -0.0102102681994, 0.0216947551817, -0.00624109106138, -0.003979195375], [-0.000110689325084, 0.0019761971198, -0.00150051922537, 0.00426871376112, -0.00177385797724, 9.38868397498e-05, -0.000923418789171, 0.000162074502441, 0.00128282455262, 0.00274275382981, -0.00624109106138, 0.018740253523, -0.00357534573413], [0.000510473153554, -0.00050874898443, -0.000407227256801, -0.00191821460612, 0.000681098375935, 0.0019478687318, 0.00153103889897, -0.00316676893272, 0.000418668059865, 0.00354893133044, -0.003979195375, -0.00357534573413, 0.0176687464118]]}, "melbands": {"dmean": [0.00254600029439, 0.00339237228036, 0.0014275838621, 0.00096346763894, 0.000280228734482, 0.000171827312442, 0.000113150323159, 7.3657160101e-05, 5.88592520216e-05, 2.76256341749e-05, 4.55204644823e-05, 3.42842286045e-05, 2.28983662964e-05, 1.89662841876e-05, 1.3339456018e-05, 1.48413637362e-05, 1.2998973034e-05, 8.02254271548e-06, 7.38202516004e-06, 9.11134338821e-06, 4.52066569778e-06, 2.82415908259e-06, 2.25913800023e-06, 2.36404116549e-06, 1.98564930542e-06, 1.69002009898e-06, 2.78344487015e-06, 3.12544625558e-06, 2.37973472395e-06, 1.63036565937e-06, 1.44188140894e-06, 1.43909335293e-06, 1.95087227439e-06, 1.51024210027e-06, 8.64207493123e-07, 7.06748892298e-07, 9.4055747013e-07, 7.83266784765e-07, 4.61008625052e-07, 3.53015678911e-07], "dmean2": [0.00401339447126, 0.00549821555614, 0.00230938219465, 0.00174830376636, 0.000455056753708, 0.00028010722599, 0.000176630797796, 0.000114570088044, 8.81356827449e-05, 4.52584390587e-05, 6.43396633677e-05, 5.04035961058e-05, 3.55364463758e-05, 3.04348122881e-05, 2.24421437451e-05, 2.65256112471e-05, 2.14829160541e-05, 1.34876681841e-05, 1.30572307171e-05, 1.59555856953e-05, 7.52117512093e-06, 4.79450636703e-06, 3.52427696271e-06, 3.63084018318e-06, 3.18909701491e-06, 2.68125290859e-06, 4.48378023066e-06, 5.51916900804e-06, 4.23774417868e-06, 2.53337998402e-06, 2.25997973757e-06, 2.15969225792e-06, 3.06560514218e-06, 2.08266919799e-06, 1.26226484554e-06, 1.07728931198e-06, 1.31957676786e-06, 1.03851289168e-06, 6.51477364499e-07, 4.81893493998e-07], "dvar": [4.29568281106e-05, 8.76204430824e-05, 1.71792489709e-05, 8.14791565062e-06, 1.6341776643e-07, 8.43118286298e-08, 5.07113355752e-08, 2.34122854437e-08, 1.10597007108e-08, 8.19321499534e-09, 9.49372136461e-09, 3.66773811322e-09, 1.96665439489e-09, 1.08755515704e-09, 6.28027518879e-10, 1.64877200781e-09, 9.01236474338e-10, 1.96528640584e-10, 1.70167505087e-10, 4.22010815182e-10, 4.6720488589e-11, 2.61606344226e-11, 1.22665202648e-11, 1.3567486544e-11, 1.14406557145e-11, 7.4641803155e-12, 4.80364706346e-11, 6.06025715721e-11, 3.72424660555e-11, 9.45949134995e-12, 7.4552508264e-12, 5.23988274645e-12, 1.40760987935e-11, 8.38924676255e-12, 2.49960880987e-12, 1.27834656923e-12, 2.553233883e-12, 1.61789527088e-12, 6.94744717485e-13, 3.87369471352e-13], "dvar2": [0.000100861478131, 0.000215275140363, 3.77534997824e-05, 2.34820763581e-05, 4.05774642331e-07, 2.31171554788e-07, 1.34280682573e-07, 5.97762053189e-08, 2.80002243613e-08, 2.34497772311e-08, 2.17624975818e-08, 7.16681958224e-09, 4.0462548867e-09, 2.68307998041e-09, 1.61466673365e-09, 4.64568294944e-09, 2.12119766196e-09, 5.02480612674e-10, 4.88178830693e-10, 1.15406084689e-09, 1.15324763628e-10, 6.87518514342e-11, 2.7708918493e-11, 2.90113107149e-11, 2.84916812365e-11, 1.7920552195e-11, 1.12697177979e-10, 1.71756261991e-10, 1.05901905301e-10, 2.13848955904e-11, 1.84607242687e-11, 1.17751936674e-11, 3.18833050239e-11, 1.65637815963e-11, 4.91020722346e-12, 2.91947412426e-12, 4.94909625434e-12, 2.88210471114e-12, 1.56103266164e-12, 8.13734550662e-13], "max": [0.0495941117406, 0.0743577107787, 0.0315013229847, 0.0245274119079, 0.0044197072275, 0.00416377838701, 0.00496031809598, 0.00236743572168, 0.00145411421545, 0.00196564546786, 0.00181353464723, 0.00113619421609, 0.000790626974776, 0.000489395228215, 0.000352118513547, 0.000343021209119, 0.000778285379056, 0.000211458114791, 0.000138155053719, 0.00016103379312, 9.87171733868e-05, 6.49680951028e-05, 4.30034851888e-05, 3.78987497243e-05, 2.72355264315e-05, 2.26179272431e-05, 6.03324260737e-05, 6.35387332295e-05, 4.59001639683e-05, 2.24563445954e-05, 3.49465117324e-05, 2.23146980716e-05, 3.09893221129e-05, 2.88731953333e-05, 2.18784498429e-05, 8.35851733427e-06, 1.37951064971e-05, 1.28034580484e-05, 1.12857296699e-05, 6.85501117914e-06], "mean": [0.00269839493558, 0.00451008277014, 0.00242080539465, 0.00217190012336, 0.000906961213332, 0.000414800917497, 0.00026862550294, 0.000151993444888, 0.000147270970047, 4.92042854603e-05, 8.91792369657e-05, 7.30391475372e-05, 4.90260426886e-05, 3.29735048581e-05, 1.93370688066e-05, 1.45776557474e-05, 1.74008855538e-05, 1.09545308078e-05, 9.12683844945e-06, 9.62425747275e-06, 7.12616065357e-06, 4.74380340165e-06, 4.06624167226e-06, 3.44682121067e-06, 2.78631159745e-06, 2.62421349362e-06, 2.94244910037e-06, 2.93118478112e-06, 2.34792923948e-06, 1.96548489839e-06, 1.76650223693e-06, 1.89244997273e-06, 2.38734901359e-06, 2.15232148548e-06, 1.39058874993e-06, 1.03183253941e-06, 1.32530749397e-06, 1.23063409774e-06, 7.00721102476e-07, 5.37764037745e-07], "median": [0.000408840249293, 0.00141644640826, 0.00151466391981, 0.00185713497922, 0.000604155356996, 0.000309994444251, 0.000121507146105, 5.67943206988e-05, 9.48537053773e-05, 2.25548174058e-05, 3.88347725675e-05, 2.47607949859e-05, 1.09512166091e-05, 1.05919980342e-05, 6.18633885097e-06, 4.15647946284e-06, 5.30546003574e-06, 4.65686252937e-06, 4.51856931249e-06, 4.22124821853e-06, 3.45431044479e-06, 1.96804626285e-06, 1.75055220097e-06, 1.59848696057e-06, 1.22946141801e-06, 1.26763666231e-06, 8.71187353368e-07, 8.68165329848e-07, 7.49290506974e-07, 6.44768590519e-07, 6.7923434699e-07, 6.7091332312e-07, 7.32064791009e-07, 5.76436775646e-07, 4.34186461007e-07, 3.18080196848e-07, 3.70619090972e-07, 3.73831483103e-07, 2.17046689954e-07, 1.56376842142e-07], "min": [5.21806417519e-11, 4.49220272092e-10, 2.77573075635e-10, 5.84029880013e-10, 2.52888210373e-10, 3.47538053891e-10, 1.26018440127e-09, 4.91774510003e-10, 9.83927050946e-10, 3.98493404941e-10, 1.16740159206e-10, 4.31976190929e-11, 3.25533988654e-10, 5.66186875162e-10, 7.03522906598e-10, 4.05526695557e-10, 3.15976994569e-10, 1.50586834669e-10, 7.00456151415e-11, 4.98508734292e-11, 5.09527038617e-11, 2.48667093861e-11, 6.76421288773e-12, 2.48048023094e-11, 2.96583625714e-11, 1.2703922983e-11, 7.9300125494e-12, 6.76799415122e-12, 2.04029544995e-12, 4.43072314948e-12, 2.61697174347e-12, 7.27295957834e-12, 8.09963814768e-12, 2.58136914622e-12, 1.72908193839e-12, 1.30573178138e-12, 2.03600070831e-12, 1.07695059468e-12, 8.89078036453e-13, 1.18950541691e-12], "var": [4.86205426569e-05, 0.000104807651951, 1.70817147591e-05, 5.7264460338e-06, 6.29330600077e-07, 1.83663232178e-07, 1.78167553599e-07, 6.64607640033e-08, 2.62549342267e-08, 7.43821448879e-09, 1.84672810377e-08, 1.38635360969e-08, 9.67403490648e-09, 2.60838528554e-09, 1.09520081892e-09, 1.22548760029e-09, 2.19946794111e-09, 3.00764996242e-10, 1.62302171702e-10, 3.13584963552e-10, 9.21503082174e-11, 5.05260937256e-11, 3.55510135219e-11, 2.16714753781e-11, 1.4660621675e-11, 1.09620706609e-11, 4.54874332645e-11, 3.92158285012e-11, 2.42211389834e-11, 1.11089436261e-11, 8.25483344874e-12, 7.62329262216e-12, 1.75773093997e-11, 1.57190822858e-11, 5.15538393225e-12, 2.27514144677e-12, 5.36207406601e-12, 4.07569204081e-12, 1.18389814011e-12, 7.37407585081e-13]}, "mfcc": {"mean": [-665.230224609, 130.673202515, 32.9011268616, 22.3894100189, 7.4168753624, 6.7638463974, -5.00415086746, 1.06915616989, -2.39206409454, -3.14170098305, -7.13760519028, -7.03252458572, -3.73797369003], "cov": [[3477.98876953, -634.66229248, 260.797790527, 445.904693604, 204.114730835, 346.95501709, 260.24621582, 112.064796448, 53.7020072937, 68.0793609619, -23.6152877808, 80.2697219849, -7.11565446854], [-634.66229248, 951.014709473, -16.0663814545, 109.379951477, 97.8703994751, -34.0463752747, 61.16614151, 26.6185626984, 35.7723426819, -35.2122840881, -20.9416446686, -4.16680717468, 17.7037239075], [260.797790527, -16.0663814545, 624.723266602, 224.475158691, 196.054153442, 154.18132019, 84.1196670532, 45.6883239746, -37.4210395813, -8.67301654816, -17.9043884277, -22.235994339, -31.0027885437], [445.904693604, 109.379951477, 224.475158691, 628.982910156, 256.896087646, 117.607345581, 169.581512451, 61.4400062561, 44.746471405, 24.1738586426, -33.4404678345, 32.9708480835, -45.5319099426], [204.114730835, 97.8703994751, 196.054153442, 256.896087646, 278.641143799, 148.047607422, 103.359886169, 42.962223053, 8.16879463196, 13.1421613693, -9.65131950378, -6.58055782318, -22.2883815765], [346.95501709, -34.0463752747, 154.18132019, 117.607345581, 148.047607422, 219.964477539, 100.840454102, 40.8324584961, -25.4894752502, -2.39311742783, -0.30076405406, -1.68579423428, 7.86506986618], [260.24621582, 61.16614151, 84.1196670532, 169.581512451, 103.359886169, 100.840454102, 173.520767212, 53.0297813416, 31.2859725952, 10.6977977753, -6.40430164337, 23.1062679291, -1.47275900841], [112.064796448, 26.6185626984, 45.6883239746, 61.4400062561, 42.962223053, 40.8324584961, 53.0297813416, 112.669540405, 51.7576904297, 11.8067808151, 2.35265517235, -2.17140054703, 11.1447000504], [53.7020072937, 35.7723426819, -37.4210395813, 44.746471405, 8.16879463196, -25.4894752502, 31.2859725952, 51.7576904297, 104.449829102, 47.4345321655, 2.30034255981, 1.37717998028, -8.40048694611], [68.0793609619, -35.2122840881, -8.67301654816, 24.1738586426, 13.1421613693, -2.39311742783, 10.6977977753, 11.8067808151, 47.4345321655, 101.2813797, 38.5773887634, -6.51639175415, -27.8289318085], [-23.6152877808, -20.9416446686, -17.9043884277, -33.4404678345, -9.65131950378, -0.30076405406, -6.40430164337, 2.35265517235, 2.30034255981, 38.5773887634, 76.9090576172, 6.51393032074, -1.40400850773], [80.2697219849, -4.16680717468, -22.235994339, 32.9708480835, -6.58055782318, -1.68579423428, 23.1062679291, -2.17140054703, 1.37717998028, -6.51639175415, 6.51393032074, 79.8358001709, 34.6427955627], [-7.11565446854, 17.7037239075, -31.0027885437, -45.5319099426, -22.2883815765, 7.86506986618, -1.47275900841, 11.1447000504, -8.40048694611, -27.8289318085, -1.40400850773, 34.6427955627, 91.205871582]], "icov": [[0.000455699017039, 0.000311914132908, -9.00635825474e-07, -0.000223894327064, 0.000187334648217, -0.00060639437288, -0.000215994543396, -3.15774559567e-05, -0.000264707166934, -0.00013751797087, 0.000235786792473, -0.000320066465065, 2.02314440685e-05], [0.000311914132908, 0.00148290931247, 0.000132619024953, -0.000162951677339, -0.000762861862313, 0.000572654069401, -0.000794259947725, 4.55087792943e-05, -0.000490560603794, 0.000680930388626, -6.71015441185e-05, 0.000345007749274, -0.000523463764694], [-9.00635825474e-07, 0.000132619024953, 0.0023512726184, -0.000368266133592, -0.000952064641751, -0.000453783548437, -4.45802379545e-06, -0.00095603504451, 0.0014543106081, -7.93139261077e-05, 0.000297403748846, 0.00044789002277, 0.000457012181869], [-0.000223894327064, -0.000162951677339, -0.000368266133592, 0.00348752294667, -0.00258639571257, 0.00113839795813, -0.00150406523608, -0.000357118347893, -6.79174991092e-05, -0.00034805238829, 0.00124784256332, -0.0018884986639, 0.00154322397429], [0.000187334648217, -0.000762861862313, -0.000952064641751, -0.00258639571257, 0.00941236969084, -0.00504291104153, 0.000291519332677, 0.000371727073798, -0.00102871959098, -0.000515316962264, -9.42304614e-05, 0.000867126567755, 0.0006593845319], [-0.00060639437288, 0.000572654069401, -0.000453783548437, 0.00113839795813, -0.00504291104153, 0.0120426788926, -0.0047160834074, -0.0023913399782, 0.00563026545569, -0.00097379978979, -0.000444780627731, 0.0020700362511, -0.00237086717971], [-0.000215994543396, -0.000794259947725, -4.45802379545e-06, -0.00150406523608, 0.000291519332677, -0.0047160834074, 0.0118813905865, -0.00167680194136, -0.00293187238276, 0.00045071853674, 0.000287748960545, -0.00330163561739, 0.00138559821062], [-3.15774559567e-05, 4.55087792943e-05, -0.00095603504451, -0.000357118347893, 0.000371727073798, -0.0023913399782, -0.00167680194136, 0.0155111812055, -0.00961451791227, 0.00306038907729, -0.00249578128569, 0.00280926469713, -0.00319714401849], [-0.000264707166934, -0.000490560603794, 0.0014543106081, -6.79174991092e-05, -0.00102871959098, 0.00563026545569, -0.00293187238276, -0.00961451791227, 0.022080425173, -0.0102387135848, 0.00453815376386, -0.000300413055811, 1.9199498638e-05], [-0.00013751797087, 0.000680930388626, -7.93139261077e-05, -0.00034805238829, -0.000515316962264, -0.00097379978979, 0.00045071853674, 0.00306038907729, -0.0102387135848, 0.0194642432034, -0.00963870529085, 0.0011493563652, 0.00365874823183], [0.000235786792473, -6.71015441185e-05, 0.000297403748846, 0.00124784256332, -9.42304614e-05, -0.000444780627731, 0.000287748960545, -0.00249578128569, 0.00453815376386, -0.00963870529085, 0.0187329463661, -0.00327356276102, 8.9178844064e-05], [-0.000320066465065, 0.000345007749274, 0.00044789002277, -0.0018884986639, 0.000867126567755, 0.0020700362511, -0.00330163561739, 0.00280926469713, -0.000300413055811, 0.0011493563652, -0.00327356276102, 0.0188050791621, -0.00811577681452], [2.02314440685e-05, -0.000523463764694, 0.000457012181869, 0.00154322397429, 0.0006593845319, -0.00237086717971, 0.00138559821062, -0.00319714401849, 1.9199498638e-05, 0.00365874823183, 8.9178844064e-05, -0.00811577681452, 0.016973907128]]}, "spectral_contrast_coeffs": {"dmean": [0.0479212403297, 0.0440086536109, 0.0396831594408, 0.0309023633599, 0.0215156897902, 0.0219849217683], "dmean2": [0.0762255936861, 0.0704918652773, 0.0608662590384, 0.0518045686185, 0.0361663661897, 0.0329367853701], "dvar": [0.00225458107889, 0.00175963458605, 0.00109187432099, 0.000655395793729, 0.000361405138392, 0.000391174922697], "dvar2": [0.00549264112487, 0.00425719516352, 0.00253801373765, 0.0017189324135, 0.000914723263122, 0.000986763159744], "max": [-0.358334153891, -0.423759967089, -0.496519356966, -0.587255716324, -0.614535331726, -0.691254496574], "mean": [-0.596191465855, -0.663531661034, -0.731090843678, -0.799363017082, -0.815054655075, -0.787161171436], "median": [-0.590444266796, -0.659692525864, -0.73238503933, -0.811345815659, -0.820019900799, -0.789480626583], "min": [-0.894047796726, -0.944959759712, -0.979811012745, -0.923515021801, -0.914298117161, -0.948748588562], "var": [0.00556892156601, 0.0054250410758, 0.00519396457821, 0.00304295308888, 0.00142321467865, 0.0010054949671]}, "spectral_contrast_valleys": {"dmean": [0.435950011015, 0.403817564249, 0.369541108608, 0.388804972172, 0.376203894615, 0.397210270166], "dmean2": [0.669054389, 0.653920590878, 0.584544360638, 0.607084870338, 0.528416335583, 0.504348814487], "dvar": [0.322366833687, 0.232646405697, 0.15919855237, 0.219591200352, 0.178624838591, 0.156504675746], "dvar2": [0.54414665699, 0.517052829266, 0.31754758954, 0.466130435467, 0.337346941233, 0.259906768799], "max": [-4.86934804916, -4.5973277092, -5.583428