{"lowlevel": {"average_loudness": 0.184957772493, "barkbands_crest": {"dmean": 1.66276955605, "dmean2": 2.65218114853, "dvar": 4.31040859222, "dvar2": 10.6881752014, "max": 26.6986179352, "mean": 14.8064994812, "median": 14.62429142, "min": 2.58044981956, "var": 17.3873653412}, "barkbands_flatness_db": {"dmean": 0.0249786451459, "dmean2": 0.035375662148, "dvar": 0.00101935165003, "dvar2": 0.00184850255027, "max": 0.722012758255, "mean": 0.322862714529, "median": 0.318855017424, "min": 0.0135544873774, "var": 0.0108472974971}, "barkbands_kurtosis": {"dmean": 13.6628704071, "dmean2": 21.3656520844, "dvar": 893.325744629, "dvar2": 2018.41345215, "max": 1024.39379883, "mean": 39.1007270813, "median": 26.4376850128, "min": -1.93507492542, "var": 2292.046875}, "barkbands_skewness": {"dmean": 0.856783270836, "dmean2": 1.30130255222, "dvar": 1.61704230309, "dvar2": 3.72574591637, "max": 27.4264755249, "mean": 3.68297696114, "median": 3.4473323822, "min": -2.63894796371, "var": 5.44949769974}, "barkbands_spread": {"dmean": 1.99171495438, "dmean2": 3.06452417374, "dvar": 30.8276805878, "dvar2": 71.1464004517, "max": 114.434463501, "mean": 4.93841218948, "median": 2.27375984192, "min": 0.213341996074, "var": 78.2456817627}, "dissonance": {"dmean": 0.0286977775395, "dmean2": 0.0465499870479, "dvar": 0.000803313625511, "dvar2": 0.00191331841052, "max": 0.499994456768, "mean": 0.373080193996, "median": 0.379979401827, "min": 0.098110973835, "var": 0.004476594273}, "dynamic_complexity": 5.32775592804, "erbbands_crest": {"dmean": 1.95232856274, "dmean2": 2.99950766563, "dvar": 6.03921318054, "dvar2": 13.8759298325, "max": 31.6779270172, "mean": 16.3385162354, "median": 15.6838788986, "min": 2.27354431152, "var": 34.4306678772}, "erbbands_flatness_db": {"dmean": 0.0210028011352, "dmean2": 0.0297973062843, "dvar": 0.000687534629833, "dvar2": 0.00134998082649, "max": 0.540656268597, "mean": 0.246786758304, "median": 0.249317899346, "min": 0.0403786338866, "var": 0.00578659772873}, "erbbands_kurtosis": {"dmean": 5.33442974091, "dmean2": 8.12681293488, "dvar": 126.497627258, "dvar2": 272.998199463, "max": 306.883453369, "mean": 17.9737224579, "median": 11.4405555725, "min": -1.9150313139, "var": 632.579956055}, "erbbands_skewness": {"dmean": 0.532652616501, "dmean2": 0.80396425724, "dvar": 0.545319318771, "dvar2": 1.2202706337, "max": 14.1297492981, "mean": 2.88817834854, "median": 2.72245907784, "min": -4.36376905441, "var": 2.47910189629}, "erbbands_spread": {"dmean": 8.30327987671, "dmean2": 12.5743589401, "dvar": 251.851669312, "dvar2": 593.117858887, "max": 163.668167114, "mean": 21.963470459, "median": 12.4541788101, "min": 0.509660840034, "var": 602.675292969}, "hfc": {"dmean": 2.03968501091, "dmean2": 3.15638232231, "dvar": 94.8796081543, "dvar2": 256.521453857, "max": 391.774688721, "mean": 7.18342590332, "median": 4.72900676727, "min": 1.09430502561e-16, "var": 119.573928833}, "melbands_crest": {"dmean": 2.11563563347, "dmean2": 3.39491939545, "dvar": 7.54095983505, "dvar2": 17.6840839386, "max": 34.2004089355, "mean": 20.3475475311, "median": 19.7469062805, "min": 1.68246126175, "var": 37.7296295166}, "melbands_flatness_db": {"dmean": 0.0274948012084, "dmean2": 0.0378550104797, "dvar": 0.00132888706867, "dvar2": 0.00238955626264, "max": 0.843069255352, "mean": 0.402348846197, "median": 0.396862059832, "min": 0.00316520943306, "var": 0.0154814338312}, "melbands_kurtosis": {"dmean": 23.2171497345, "dmean2": 36.3848686218, "dvar": 2848.33813477, "dvar2": 7305.65380859, "max": 1235.61889648, "mean": 54.5894508362, "median": 34.3931427002, "min": -1.92238044739, "var": 5401.92773438}, "melbands_skewness": {"dmean": 1.03835570812, "dmean2": 1.57851290703, "dvar": 2.57295465469, "dvar2": 6.18020343781, "max": 23.5000400543, "mean": 3.83866858482, "median": 3.23618936539, "min": -0.348657339811, "var": 7.05002737045}, "melbands_spread": {"dmean": 1.56446993351, "dmean2": 2.50765681267, "dvar": 52.267375946, "dvar2": 131.673095703, "max": 258.393127441, "mean": 5.62550592422, "median": 2.41429424286, "min": 0.194537639618, "var": 301.102996826}, "pitch_salience": {"dmean": 0.0517321564257, "dmean2": 0.0833690911531, "dvar": 0.00477959867567, "dvar2": 0.0113524775952, "max": 0.837921380997, "mean": 0.433833986521, "median": 0.44635784626, "min": 0.0421214178205, "var": 0.0233497545123}, "silence_rate_20dB": {"dmean": 0, "dmean2": 0, "dvar": 0, "dvar2": 0, "max": 1, "mean": 1, "median": 1, "min": 1, "var": 0}, "silence_rate_30dB": {"dmean": 0.00658720219508, "dmean2": 0.0131764709949, "dvar": 0.00654345285147, "dvar2": 0.0148866120726, "max": 1, "mean": 0.971303105354, "median": 1, "min": 0, "var": 0.0278737619519}, "silence_rate_60dB": {"dmean": 0.0241530742496, "dmean2": 0.0483137257397, "dvar": 0.0235673170537, "dvar2": 0.050055410713, "max": 1, "mean": 0.171240389347, "median": 0, "min": 0, "var": 0.141918152571}, "spectral_centroid": {"dmean": 63.918346405, "dmean2": 99.2907485962, "dvar": 59675.4335938, "dvar2": 135628.125, "max": 11774.9667969, "mean": 508.335998535, "median": 291.349578857, "min": 119.351074219, "var": 1773317.875}, "spectral_complexity": {"dmean": 0.706085324287, "dmean2": 1.15764701366, "dvar": 1.2266715765, "dvar2": 2.43011951447, "max": 18, "mean": 4.80100345612, "median": 5, "min": 0, "var": 7.97278547287}, "spectral_decrease": {"dmean": 1.34155542231e-09, "dmean2": 1.95010585458e-09, "dvar": 6.66164116055e-18, "dvar2": 1.3484827386e-17, "max": 1.99621422992e-28, "mean": -7.46643458172e-09, "median": -5.3035615899e-09, "min": -7.80137199285e-08, "var": 7.6007105241e-17}, "spectral_energy": {"dmean": 0.00521922577173, "dmean2": 0.00758767593652, "dvar": 9.9930606666e-05, "dvar2": 0.000203132178285, "max": 0.299776494503, "mean": 0.02883150056, "median": 0.0205432698131, "min": 1.01180659826e-20, "var": 0.0011236401042}, "spectral_energyband_high": {"dmean": 0.000135570546263, "dmean2": 0.000218871471588, "dvar": 1.25754445435e-06, "dvar2": 3.4755444176e-06, "max": 0.0449313260615, "mean": 0.000139146257425, "median": 9.34655872697e-06, "min": 7.00061208538e-21, "var": 9.3154244496e-07}, "spectral_energyband_low": {"dmean": 0.00295403064229, "dmean2": 0.00430165370926, "dvar": 5.42948619113e-05, "dvar2": 0.000107855659735, "max": 0.24144873023, "mean": 0.0158500541002, "median": 0.00821358431131, "min": 1.09918529581e-23, "var": 0.000637557823211}, "spectral_energyband_middle_high": {"dmean": 5.85085217608e-05, "dmean2": 7.74786894908e-05, "dvar": 3.08020808859e-08, "dvar2": 6.25387457376e-08, "max": 0.00548217259347, "mean": 0.000184016826097, "median": 7.08718653186e-05, "min": 1.16982957901e-21, "var": 1.064704378e-07}, "spectral_energyband_middle_low": {"dmean": 0.00350667792372, "dmean2": 0.00522825168446, "dvar": 4.45129226136e-05, "dvar2": 9.73643036559e-05, "max": 0.223797976971, "mean": 0.017673259601, "median": 0.0112721808255, "min": 1.94085038855e-22, "var": 0.000478990463307}, "spectral_entropy": {"dmean": 0.289046257734, "dmean2": 0.435049325228, "dvar": 0.15838457644, "dvar2": 0.339999109507, "max": 9.82836151123, "mean": 5.72664690018, "median": 5.59749555588, "min": 2.75542211533, "var": 1.2012039423}, "spectral_flux": {"dmean": 0.0186936091632, "dmean2": 0.0294575262815, "dvar": 0.000818157335743, "dvar2": 0.0018974217819, "max": 0.308765739202, "mean": 0.0332457758486, "median": 0.0207592640072, "min": 6.2878112439e-11, "var": 0.00134133314714}, "spectral_kurtosis": {"dmean": 6.19290590286, "dmean2": 9.78981113434, "dvar": 64.7414245605, "dvar2": 138.788909912, "max": 125.705963135, "mean": 18.2424755096, "median": 12.0888214111, "min": -1.47513198853, "var": 366.065429688}, "spectral_rms": {"dmean": 0.000473252206575, "dmean2": 0.000675640651025, "dvar": 5.86222938637e-07, "dvar2": 1.0958161738e-06, "max": 0.0171016044915, "mean": 0.00451046368107, "median": 0.00447685318068, "min": 3.14186003603e-12, "var": 7.78414141678e-06}, "spectral_rolloff": {"dmean": 102.67149353, "dmean2": 181.081680298, "dvar": 471562.4375, "dvar2": 1130198.75, "max": 19616.7480469, "mean": 650.033508301, "median": 301.46484375, "min": 107.666015625, "var": 5619501.5}, "spectral_skewness": {"dmean": 0.547089755535, "dmean2": 0.831022441387, "dvar": 0.383534014225, "dvar2": 0.771606445312, "max": 9.85662651062, "mean": 3.3289937973, "median": 3.03659510612, "min": -0.281159311533, "var": 2.88499450684}, "spectral_spread": {"dmean": 843002.125, "dmean2": 1288522.625, "dvar": 1557066940420.0, "dvar2": 3351073521660.0, "max": 53203096, "mean": 4609691.5, "median": 3510183.5, "min": 688355.5, "var": 24494525644800.0}, "spectral_strongpeak": {"dmean": 0.165416389704, "dmean2": 0.275780051947, "dvar": 0.16080981493, "dvar2": 0.433144152164, "max": 15.2851037979, "mean": 0.862027287483, "median": 0.735495686531, "min": 0, "var": 0.482785731554}, "zerocrossingrate": {"dmean": 0.00509923091158, "dmean2": 0.00637997873127, "dvar": 9.56518560997e-05, "dvar2": 0.000129407446366, "max": 0.52587890625, "mean": 0.031119832769, "median": 0.0146484375, "min": 0.0048828125, "var": 0.00479323044419}, "barkbands": {"dmean": [9.88873694041e-07, 0.000370749825379, 0.00203042011708, 0.00109619286377, 0.00167013297323, 0.00123674608767, 0.000284611305688, 3.31575574819e-05, 1.25352526084e-05, 9.45604188018e-06, 6.96236884323e-06, 9.90844000626e-06, 6.72908117849e-06, 6.69653809382e-06, 5.78859999223e-06, 6.9465645538e-06, 6.63130049361e-06, 7.01251701685e-06, 7.87608314567e-06, 8.25042297947e-06, 1.08177109723e-05, 1.02757594505e-05, 3.21539155266e-05, 6.53372189845e-05, 1.75439890882e-05, 1.19994160741e-06, 7.70323040911e-08], "dmean2": [1.66561903825e-06, 0.000632596085779, 0.00296364887618, 0.0016069872072, 0.00265254429542, 0.00189590989612, 0.000369533081539, 4.44397264801e-05, 1.77231668204e-05, 1.20737022371e-05, 9.64705850492e-06, 1.38855702971e-05, 9.58024247666e-06, 1.02741651062e-05, 8.27995609143e-06, 1.0425954315e-05, 9.41069902183e-06, 9.74200975179e-06, 1.12899433589e-05, 1.18594534797e-05, 1.55284851644e-05, 1.4829724023e-05, 5.41677763977e-05, 0.000110219822091, 2.88706905849e-05, 2.11438145925e-06, 1.38281208706e-07], "dvar": [3.23499664556e-11, 1.02051751583e-06, 2.97141523333e-05, 1.10938826765e-05, 1.82155908988e-05, 8.6035915956e-06, 1.4446534351e-06, 2.37605917164e-08, 1.92336035987e-09, 9.1822460746e-10, 1.39254940912e-09, 1.2542402672e-09, 4.78922956848e-10, 1.69420466545e-09, 6.86523227156e-10, 1.11947728865e-09, 6.6846689295e-10, 1.69702341069e-09, 1.16841381015e-09, 1.89236004644e-09, 2.31362440317e-09, 1.82238446556e-09, 1.78490253688e-07, 4.51426956261e-07, 2.12436095381e-08, 1.93148108618e-10, 1.24630015509e-12], "dvar2": [8.16464187925e-11, 2.55114400716e-06, 5.84364497627e-05, 2.08445089811e-05, 4.52192871307e-05, 1.97323297471e-05, 2.28952808357e-06, 3.64448737855e-08, 3.29667071419e-09, 1.53244517076e-09, 2.33113284231e-09, 2.42931497141e-09, 9.19686937717e-10, 4.56449811281e-09, 1.73393222003e-09, 2.84611556545e-09, 1.39464917392e-09, 3.57822926844e-09, 2.61271626556e-09, 4.5250825309e-09, 5.16295939335e-09, 3.90592047594e-09, 5.25682992247e-07, 1.25773385662e-06, 5.28849817272e-08, 5.43397049579e-10, 3.60678392534e-12], "max": [0.000208987316, 0.0209081172943, 0.192446008325, 0.202175825834, 0.123942181468, 0.0654853358865, 0.0626584365964, 0.0061899763532, 0.00135313021019, 0.000961989746429, 0.00197529396974, 0.00117061124183, 0.000636897690129, 0.00149872014299, 0.000860747939441, 0.00120524095837, 0.000813287391793, 0.00213322974741, 0.00127721729223, 0.00120513048023, 0.00150217383634, 0.0015115221031, 0.0203503109515, 0.0324737764895, 0.00526374718174, 0.000578293576837, 5.34790560778e-05], "mean": [8.06862033187e-07, 0.000947118562181, 0.00989602599293, 0.00603999895975, 0.00516511872411, 0.00500970520079, 0.00124228303321, 0.000149913714267, 5.28658274561e-05, 3.45653497789e-05, 1.94872536667e-05, 2.70644013654e-05, 1.72052732523e-05, 1.49171992234e-05, 1.32035484057e-05, 1.50644837049e-05, 1.42519675137e-05, 1.33601224661e-05, 1.45054809764e-05, 1.24109919852e-05, 1.55368070409e-05, 1.31535962282e-05, 2.96707567031e-05, 5.70636439079e-05, 1.53379678522e-05, 8.96552251106e-07, 7.79248523486e-08], "median": [1.21200443459e-07, 8.97635545698e-05, 0.00443221116439, 0.000382569327485, 0.00169910059776, 0.00200982880779, 0.000102079407952, 1.60877334565e-05, 1.12024954433e-05, 6.15416411165e-06, 1.41638236073e-06, 4.25113921665e-06, 3.40472752214e-06, 2.47746356763e-06, 3.01920431411e-06, 2.65443941316e-06, 2.08941901292e-06, 1.55088162046e-06, 1.65680285136e-06, 1.33466323859e-06, 1.38444534059e-06, 9.81441644399e-07, 1.38399377647e-06, 1.91827712115e-06, 5.43249484508e-07, 6.41129105361e-08, 3.64440992939e-08], "min": [5.62615400388e-25, 2.24130529303e-24, 1.29038612825e-24, 2.29177779703e-24, 9.82251812744e-24, 7.62570380061e-24, 8.23916069469e-24, 8.07992202122e-24, 1.3196754687e-23, 9.71683443197e-24, 7.30864009241e-24, 3.42178799049e-23, 2.70992054071e-23, 4.22931366027e-23, 3.45709740461e-23, 4.44904518562e-23, 7.11315625802e-23, 5.54847084736e-23, 1.11552214762e-22, 1.80025202496e-22, 2.51514832196e-22, 3.41942853908e-22, 3.70657920972e-22, 5.74174315753e-22, 7.32112498375e-22, 1.21982816379e-21, 1.92351884941e-21], "var": [2.50599506424e-11, 3.51463268089e-06, 0.000285288697341, 0.000219129709876, 8.36075923871e-05, 5.73839752178e-05, 1.4740554434e-05, 2.47550218546e-07, 1.57142725499e-08, 5.93433346907e-09, 6.75418521112e-09, 4.97750107797e-09, 2.04234607004e-09, 2.93356050562e-09, 1.1518606069e-09, 1.87825421882e-09, 1.86897164411e-09, 3.20563842138e-09, 2.72153921621e-09, 2.71515898653e-09, 3.92002386107e-09, 3.13889936265e-09, 1.00218102261e-07, 3.0789604466e-07, 1.91715425757e-08, 1.18896878454e-10, 7.04985169634e-13]}, "erbbands": {"dmean": [0.00324680539779, 0.130817815661, 1.74335837364, 3.67547035217, 3.29808831215, 6.01084136963, 10.7165002823, 8.48295307159, 6.32884311676, 2.12622141838, 0.660504102707, 0.293822675943, 0.286541759968, 0.287060678005, 0.304687201977, 0.424322724342, 0.355451971292, 0.332469493151, 0.244664341211, 0.38080060482, 0.386777341366, 0.294629245996, 0.310582458973, 0.444659024477, 0.444551050663, 0.402343899012, 0.44182613492, 0.407013863325, 0.346936702728, 0.548993527889, 1.07092058659, 1.10224151611, 1.20669043064, 0.352675944567, 0.0546148978174, 0.0109550366178, 0.00151789234951, 0.000152351029101, 1.76842186193e-05, 6.53403685646e-06], "dmean2": [0.0055159246549, 0.21114332974, 2.50002813339, 5.4209485054, 5.02668094635, 9.6440782547, 16.6849212646, 13.0546474457, 9.15603733063, 2.53561782837, 0.876438438892, 0.411924600601, 0.374352633953, 0.365300059319, 0.417452424765, 0.590666115284, 0.500952720642, 0.497083127499, 0.374033331871, 0.543668031693, 0.572120070457, 0.414146631956, 0.430479884148, 0.62953722477, 0.646461308002, 0.57505106926, 0.640356481075, 0.569587349892, 0.493591219187, 0.85960817337, 1.83342123032, 1.81356358528, 2.05522203445, 0.588419318199, 0.0886318013072, 0.0190258044749, 0.00264402362518, 0.000265425565885, 3.07877126033e-05, 9.71818553808e-06], "dvar": [9.21964310692e-05, 0.11915975064, 20.6683120728, 112.18057251, 85.342124939, 250.280349731, 1283.98364258, 494.218994141, 495.991210938, 145.288314819, 7.53965997696, 1.28368890285, 1.07043278217, 0.772174656391, 1.68459403515, 2.50355958939, 1.3012393713, 2.47286915779, 3.04418110847, 4.16678762436, 2.98956537247, 1.57720696926, 1.23384141922, 6.98612308502, 4.10781955719, 5.18245410919, 4.20276546478, 3.73415327072, 1.93318545818, 13.7426996231, 249.66305542, 101.665061951, 167.049880981, 9.8099489212, 0.141626760364, 0.0132994540036, 0.00027622844209, 2.66490951617e-06, 5.06117814325e-08, 2.77071005028e-10], "dvar2": [0.000236388295889, 0.270718604326, 39.1215820312, 220.261611938, 185.546340942, 620.738220215, 3107.46386719, 1179.46582031, 1056.29394531, 166.829544067, 12.1714887619, 2.09266281128, 1.77883136272, 1.34128129482, 2.86255788803, 4.85229492188, 2.51426029205, 6.09751844406, 8.7275390625, 10.6969165802, 7.01462507248, 3.19185686111, 2.51915550232, 15.2462921143, 9.62257099152, 12.3513736725, 9.91368770599, 7.0762219429, 3.97196054459, 38.0670166016, 739.026428223, 270.647186279, 478.096191406, 26.299369812, 0.327774971724, 0.0369659103453, 0.000776179193053, 7.50988237996e-06, 1.46211434071e-07, 6.78270051235e-10], "max": [0.173992857337, 6.50890684128, 130.04876709, 551.036010742, 237.520004272, 525.415649414, 912.506774902, 565.85748291, 891.961914062, 729.85723877, 92.1108474731, 40.2541999817, 42.4430923462, 25.3262577057, 67.1288452148, 60.6111755371, 34.7341842651, 53.22838974, 72.5133209229, 93.7721176147, 41.4336090088, 55.2979393005, 23.5684375763, 125.306640625, 67.2478866577, 77.7634735107, 55.2494735718, 94.6050186157, 57.609577179, 145.474472046, 774.055725098, 424.829956055, 624.972595215, 134.231369019, 16.0932369232, 4.40910959244, 0.600095152855, 0.0654989108443, 0.00987439230084, 0.000557445455343], "mean": [0.00721517298371, 0.447864443064, 8.25576877594, 21.415643692, 9.93672370911, 18.5600605011, 44.1868095398, 32.5911178589, 23.2630023956, 10.5524053574, 3.0843334198, 1.36980438232, 1.18705141544, 1.05155694485, 0.913459658623, 1.19004130363, 0.975133478642, 0.810696005821, 0.516410589218, 0.886097371578, 0.85569691658, 0.657528400421, 0.629215121269, 0.834137678146, 0.794932186604, 0.629725396633, 0.663265168667, 0.581079602242, 0.45224609971, 0.585111737251, 0.936500787735, 1.01188015938, 1.00197100639, 0.301868647337, 0.0485198758543, 0.00842932332307, 0.00117967510596, 0.000132643690449, 2.86924605462e-05, 3.28812238877e-05], "median": [0.00263600167818, 0.115877002478, 3.7513256073, 5.76125955582, 3.82471561432, 6.06310606003, 10.8197040558, 12.1250324249, 5.10112333298, 0.981143653393, 0.639096140862, 0.383049547672, 0.302366644144, 0.236289530993, 0.185442909598, 0.287033289671, 0.254023164511, 0.173245623708, 0.141723573208, 0.191095918417, 0.153731882572, 0.107543461025, 0.1004640311, 0.0973915755749, 0.0903378874063, 0.0728249847889, 0.0661558136344, 0.0476515069604, 0.0345770530403, 0.0342605002224, 0.0388077944517, 0.0360266529024, 0.0324648395181, 0.0107236299664, 0.00196289154701, 0.000415712129325, 0.000114081973152, 2.97221595247e-05, 1.636298839e-05, 2.36619453062e-05], "min": [8.08605336372e-23, 4.60694415239e-22, 1.63842658823e-21, 7.93208046302e-21, 1.17944266577e-20, 3.09213942398e-20, 2.19659298004e-20, 8.90889029356e-20, 1.28700217251e-19, 2.56773198954e-19, 2.45007381921e-19, 2.33763128113e-19, 4.903748976e-19, 6.44295787105e-19, 7.67899162991e-19, 1.46485869626e-18, 1.21719596118e-18, 1.94941406806e-18, 1.85473807708e-18, 3.22087173326e-18, 4.03925982949e-18, 5.854231819e-18, 5.0740367196e-18, 6.32525575675e-18, 7.6319058211e-18, 8.36893946332e-18, 9.4073232745e-18, 9.94875517162e-18, 1.14864161015e-17, 1.03337961662e-17, 1.12639036896e-17, 1.09305565202e-17, 1.0399461072e-17, 7.15723153531e-18, 6.61460146707e-18, 4.52491700586e-18, 2.24536171365e-18, 9.41451064684e-19, 2.51318201308e-19, 2.60505202002e-20], "var": [0.000156594527652, 0.552324950695, 169.164123535, 1989.06835938, 361.822723389, 1341.56750488, 7296.93457031, 2920.59399414, 3292.78588867, 2301.72583008, 60.7253303528, 10.6686925888, 7.82975625992, 4.65279817581, 8.05389595032, 10.2455615997, 5.73837375641, 7.18080663681, 2.36474227905, 6.98315095901, 6.42647886276, 4.94775772095, 2.98420953751, 13.0861959457, 8.18433094025, 7.91334724426, 6.50606679916, 7.68922567368, 3.58595323563, 10.8926048279, 135.568756104, 78.8563690186, 105.944740295, 7.53601932526, 0.144965067506, 0.00857662223279, 0.000172711050254, 1.65059191204e-06, 2.92625639275e-08, 1.47477496881e-09]}, "gfcc": {"mean": [-186.558944702, 130.481430054, -52.7108192444, 40.4326667786, -63.884223938, 0.896442234516, -53.8199768066, -15.0287876129, -23.5193634033, -14.9986600876, -2.86843562126, -14.4243879318, -4.24365711212], "cov": [[39312.5429688, 3483.95507812, -2723.62426758, 1851.4753418, -2214.83862305, -210.764022827, -1452.65380859, -281.079772949, -211.629898071, -145.774398804, 483.712738037, -132.865356445, 185.92237854], [3483.95507812, 1627.32434082, 214.709960938, -55.0584335327, 189.948562622, -221.936828613, -46.9216346741, -224.278762817, 5.92871952057, -216.627548218, -4.68192148209, -197.74079895, 13.6324281693], [-2723.62426758, 214.709960938, 1202.54553223, -40.6810112, 398.17565918, 177.790725708, 122.540710449, -8.50409603119, -20.7589473724, -120.228088379, -127.63658905, -140.463851929, -44.7236175537], [1851.4753418, -55.0584335327, -40.6810112, 466.416351318, -20.97615242, 103.7706604, 1.81993699074, 26.9822425842, 4.87835550308, 1.17187619209, 26.7406215668, -17.5526714325, -14.2592964172], [-2214.83862305, 189.948562622, 398.17565918, -20.97615242, 546.821350098, 42.7963409424, 165.598999023, -32.2782440186, 50.7127418518, -36.8076591492, -19.3950614929, -60.5994262695, -31.2233848572], [-210.764022827, -221.936828613, 177.790725708, 103.7706604, 42.7963409424, 276.921173096, 25.0332145691, 54.3184165955, -15.2158985138, 32.3578643799, -15.7845840454, 14.9518518448, -10.8560028076], [-1452.65380859, -46.9216346741, 122.540710449, 1.81993699074, 165.598999023, 25.0332145691, 209.386169434, 28.2039775848, 35.8208236694, -2.20086598396, -4.32183504105, -13.8528614044, -12.516201973], [-281.079772949, -224.278762817, -8.50409603119, 26.9822425842, -32.2782440186, 54.3184165955, 28.2039775848, 137.692565918, 30.5584506989, 50.7316627502, 20.2840023041, 33.6103782654, -9.11044692993], [-211.629898071, 5.92871952057, -20.7589473724, 4.87835550308, 50.7127418518, -15.2158985138, 35.8208236694, 30.5584506989, 112.787193298, 49.0227432251, 30.285364151, 9.47479057312, -5.33557891846], [-145.774398804, -216.627548218, -120.228088379, 1.17187619209, -36.8076591492, 32.3578643799, -2.20086598396, 50.7316627502, 49.0227432251, 153.639022827, 68.6154251099, 58.0399055481, -0.429951697588], [483.712738037, -4.68192148209, -127.63658905, 26.7406215668, -19.3950614929, -15.7845840454, -4.32183504105, 20.2840023041, 30.285364151, 68.6154251099, 121.676170349, 57.2703437805, 2.40346336365], [-132.865356445, -197.74079895, -140.463851929, -17.5526714325, -60.5994262695, 14.9518518448, -13.8528614044, 33.6103782654, 9.47479057312, 58.0399055481, 57.2703437805, 126.232543945, 41.0323791504], [185.92237854, 13.6324281693, -44.7236175537, -14.2592964172, -31.2233848572, -10.8560028076, -12.516201973, -9.11044692993, -5.33557891846, -0.429951697588, 2.40346336365, 41.0323791504, 85.7543411255]], "icov": [[0.000159245988471, -0.000505380157847, 0.0002578117128, -0.000555530248675, 0.000436717906268, -0.000310601724777, 0.000546491355635, -0.000262308982201, 0.000134370566229, -8.59208739712e-05, -0.000204296462471, 0.000113868583867, -9.2078698799e-05], [-0.000505380157847, 0.0030027825851, -0.000929672154598, 0.00193739542738, -0.00159687933046, 0.00132748147007, -0.00117841549218, 0.00200394075364, -0.00132193637546, 0.00199697935022, -0.00142310420051, 0.00193047849461, -0.000872887612786], [0.0002578117128, -0.000929672154598, 0.00193717901129, -0.000561410270166, -0.000160893963766, -0.00153835024685, 0.000886117806658, -0.000929043395445, 0.000407283339882, 0.000423090648837, 0.000204661904718, 0.00109548866749, -0.000219365028897], [-0.000555530248675, 0.00193739542738, -0.000561410270166, 0.00461354013532, -0.00141791230999, -0.000349901529262, -0.0018299423391, 0.000779203139246, -0.000961126759648, 0.00143385643605, -0.000951066962443, 0.00126564409584, -5.62258264836e-06], [0.000436717906268, -0.00159687933046, -0.000160893963766, -0.00141791230999, 0.00462354999036, -0.00117530021816, -0.000649833236821, 0.000631452247035, -0.000942312995903, -0.000138069139211, -0.000961805169936, 0.000144219156937, 0.000392861344153], [-0.000310601724777, 0.00132748147007, -0.00153835024685, -0.000349901529262, -0.00117530021816, 0.00644329097122, -0.000999724725261, -0.000621508748736, 0.0013804032933, -0.00172396074049, 0.00184220797382, -0.00161325093359, 0.000575242098421], [0.000546491355635, -0.00117841549218, 0.000886117806658, -0.0018299423391, -0.000649833236821, -0.000999724725261, 0.00892084650695, -0.00229173712432, -0.000896335928701, 0.000846465292852, -0.00131850759499, 0.00140246830415, -0.000829886936117], [-0.000262308982201, 0.00200394075364, -0.000929043395445, 0.000779203139246, 0.000631452247035, -0.000621508748736, -0.00229173712432, 0.0117898033932, -0.00325131765567, -8.2827420556e-05, -0.000849552860018, -0.00078636535909, 0.00116182793863], [0.000134370566229, -0.00132193637546, 0.000407283339882, -0.000961126759648, -0.000942312995903, 0.0013804032933, -0.000896335928701, -0.00325131765567, 0.0132551463321, -0.00511333532631, 0.000333635107381, -0.000345162698068, 0.000281723827356], [-8.59208739712e-05, 0.00199697935022, 0.000423090648837, 0.00143385643605, -0.000138069139211, -0.00172396074049, 0.000846465292852, -8.2827420556e-05, -0.00511333532631, 0.0142502356321, -0.00690395059064, 0.00104859960265, -0.000380812678486], [-0.000204296462471, -0.00142310420051, 0.000204661904718, -0.000951066962443, -0.000961805169936, 0.00184220797382, -0.00131850759499, -0.000849552860018, 0.000333635107381, -0.00690395059064, 0.0175940953195, -0.00910194497555, 0.00406627170742], [0.000113868583867, 0.00193047849461, 0.00109548866749, 0.00126564409584, 0.000144219156937, -0.00161325093359, 0.00140246830415, -0.00078636535909, -0.000345162698068, 0.00104859960265, -0.00910194497555, 0.0196760799736, -0.00897841900587], [-9.2078698799e-05, -0.000872887612786, -0.000219365028897, -5.62258264836e-06, 0.000392861344153, 0.000575242098421, -0.000829886936117, 0.00116182793863, 0.000281723827356, -0.000380812678486, 0.00406627170742, -0.00897841900587, 0.0163001585752]]}, "melbands": {"dmean": [6.13785668975e-05, 0.000659207580611, 0.00056121306261, 0.000342949613696, 0.000335293181706, 0.00019817474822, 9.26302018343e-05, 1.87002497114e-05, 4.4823141252e-06, 1.71590750142e-06, 1.42084070376e-06, 1.15837462999e-06, 1.12432917376e-06, 1.150412686e-06, 8.69784344104e-07, 6.7335724907e-07, 6.25424490863e-07, 3.90479129919e-07, 4.26449020097e-07, 5.11213841037e-07, 4.58870943021e-07, 2.85956161861e-07, 3.68827585362e-07, 3.33149102971e-07, 3.69656646626e-07, 2.99590624309e-07, 3.06428233898e-07, 2.53440219922e-07, 3.02403435626e-07, 2.53643349879e-07, 2.22980929721e-07, 1.89963827779e-07, 2.20763311631e-07, 3.3856514392e-07, 6.5862025167e-07, 5.48686386992e-07, 7.51697541546e-07, 9.30792737108e-07, 6.17629154931e-07, 1.92802701804e-07], "dmean2": [0.000105739600258, 0.000956754724029, 0.000820361659862, 0.000542800524272, 0.000523694267031, 0.000305585330352, 0.000133750450914, 2.23861752602e-05, 6.07624770055e-06, 2.43853673965e-06, 1.85810688436e-06, 1.4760959175e-06, 1.53486018917e-06, 1.61890875461e-06, 1.20408276416e-06, 9.68541712609e-07, 9.39317203574e-07, 6.18799333552e-07, 6.00793271133e-07, 7.37598156775e-07, 6.88839804752e-07, 4.00822671054e-07, 5.35303399829e-07, 4.59544253317e-07, 5.32289391231e-07, 4.24282575295e-07, 4.61769388949e-07, 3.64506092865e-07, 4.34018602391e-07, 3.75625177185e-07, 3.10604775677e-07, 2.70040658279e-07, 3.24680200947e-07, 5.44632598576e-07, 1.16306171094e-06, 8.94042500477e-07, 1.24490145481e-06, 1.57946112722e-06, 1.07002279037e-06, 3.13112849426e-07], "dvar": [2.92180359907e-08, 2.91838341582e-06, 2.26491329158e-06, 9.61876139627e-07, 1.10759367544e-06, 2.46841096896e-07, 1.07493363544e-07, 1.21091980887e-08, 3.80039666403e-10, 4.1089576186e-11, 2.68917752649e-11, 1.33409013003e-11, 3.3224728524e-11, 1.75346716313e-11, 6.76024947827e-12, 3.6851346627e-12, 1.06418355031e-11, 1.21791708663e-11, 3.84603113246e-12, 7.98973907867e-12, 4.09021774783e-12, 2.14381897651e-12, 2.27405464251e-12, 2.39866590132e-12, 5.41996265577e-12, 1.88231982085e-12, 2.59915916914e-12, 2.308656738e-12, 2.42511219439e-12, 1.67059660376e-12, 1.07746212126e-12, 6.25453736112e-13, 8.96726865939e-13, 7.05575571927e-12, 1.28475535766e-10, 1.96589949181e-11, 6.03412389499e-11, 1.00924456292e-10, 4.46410582111e-11, 2.1468478037e-12], "dvar2": [7.46063690826e-08, 5.62434524909e-06, 4.43315138909e-06, 2.31737067224e-06, 2.76209993899e-06, 5.93794538872e-07, 2.23118462372e-07, 1.41131026865e-08, 6.33535834904e-10, 6.90330986819e-11, 4.45553559325e-11, 2.32376964893e-11, 5.4917157627e-11, 3.41524482306e-11, 1.30549104513e-11, 7.08833209143e-12, 2.68359848232e-11, 3.53773711714e-11, 9.3751638397e-12, 2.1022043481e-11, 9.28248797272e-12, 4.20746597285e-12, 4.90543586654e-12, 4.71572520616e-12, 1.19671147991e-11, 3.90081716928e-12, 6.87754974499e-12, 5.46229814852e-12, 5.51336797397e-12, 4.04686787553e-12, 1.99873104179e-12, 1.28696272389e-12, 1.89109773847e-12, 2.0055582195e-11, 3.82679804511e-10, 5.39807226696e-11, 1.58477328482e-10, 2.86345197553e-10, 1.29086491496e-10, 5.02185966422e-12], "max": [0.00322145177051, 0.0499836280942, 0.077906742692, 0.0343334972858, 0.024778554216, 0.0121846720576, 0.0141099374741, 0.00665523670614, 0.00071003602352, 0.000218663946725, 0.000210820580833, 0.000110763146949, 0.000309296068735, 0.000127647130284, 7.83707437222e-05, 7.03109180904e-05, 0.000113163448987, 0.000144214980537, 7.64857541071e-05, 0.000134799032821, 4.6841094445e-05, 7.5364325312e-05, 5.27820229763e-05, 6.75940609653e-05, 0.000109370659629, 5.36944717169e-05, 3.61796373909e-05, 5.41280824109e-05, 4.43894605269e-05, 4.25639045716e-05, 4.91411410621e-05, 3.71657406504e-05, 3.57813114533e-05, 0.000109697321022, 0.000564305169974, 0.000164438359207, 0.000352779374225, 0.000476107234135, 0.000331309071044, 6.87638384989e-05], "mean": [0.000139124967973, 0.00307266367599, 0.00316118728369, 0.000946927582845, 0.00137454003561, 0.000771205755882, 0.000341894250596, 9.08557049115e-05, 2.00084232347e-05, 7.52627511247e-06, 5.66830158277e-06, 4.1259563659e-06, 3.2827394989e-06, 3.06124684357e-06, 2.44551165451e-06, 1.74688148036e-06, 1.4742743133e-06, 7.41886140077e-07, 9.94576680569e-07, 1.15910211207e-06, 9.74218892225e-07, 6.36171023416e-07, 7.14872214758e-07, 6.25067059445e-07, 6.69262249176e-07, 5.66438814076e-07, 4.58376803181e-07, 3.88120440675e-07, 4.55820611478e-07, 3.35168891752e-07, 3.17005145689e-07, 2.51595736245e-07, 2.62352642721e-07, 3.43653283608e-07, 5.36112679583e-07, 5.24204494923e-07, 6.74438240367e-07, 7.76926697199e-07, 4.98623762724e-07, 1.68968639969e-07], "median": [1.60991148732e-05, 0.00136430060957, 0.00103538297117, 0.000290268828394, 0.000413030385971, 0.000286095310003, 6.19220591034e-05, 6.30327895124e-06, 3.30822149408e-06, 1.74510807938e-06, 1.22683968584e-06, 7.71776115016e-07, 3.84956933885e-07, 4.91955120197e-07, 5.85338455039e-07, 4.24963246815e-07, 2.32071457162e-07, 1.68229703945e-07, 2.22265967409e-07, 2.02729665943e-07, 1.36972175824e-07, 8.15948908439e-08, 9.64105382195e-08, 7.15068466661e-08, 7.06113496562e-08, 5.63000739362e-08, 5.05314901034e-08, 4.00662187872e-08, 3.8402859559e-08, 3.06095522262e-08, 2.22450147191e-08, 1.78129688777e-08, 1.79850498938e-08, 1.73818843763e-08, 2.09623340908e-08, 2.14664694909e-08, 2.03449666003e-08, 2.35643380364e-08, 1.66342459806e-08, 6.32762731101e-09], "min": [1.13458846605e-24, 8.24429706665e-25, 1.41706111659e-24, 1.44867166053e-24, 1.01974865927e-24, 2.01743682332e-24, 2.36637583689e-24, 2.52754820565e-24, 1.86170720037e-24, 1.47281583321e-24, 2.46867137478e-24, 2.27443074573e-24, 1.47597196709e-24, 3.25662370945e-24, 2.86350927404e-24, 2.39459161653e-24, 3.17017402057e-24, 2.50036169227e-24, 3.29792964974e-24, 3.70975409088e-24, 3.4397344972e-24, 4.17788466242e-24, 3.78708888643e-24, 2.93347117836e-24, 4.92754154723e-24, 4.30737815216e-24, 4.1581335575e-24, 4.97817655659e-24, 5.07938070541e-24, 4.70020051182e-24, 5.8455125558e-24, 4.61169465699e-24, 5.07440851512e-24, 5.13861272091e-24, 5.56503818854e-24, 5.90334355433e-24, 5.96939211691e-24, 6.65932947019e-24, 6.44403670738e-24, 4.70510407121e-24], "var": [7.82501174967e-08, 2.39576220338e-05, 3.93687914766e-05, 4.48745458925e-06, 6.06733374298e-06, 1.48194260419e-06, 7.57060547585e-07, 1.88612901297e-07, 2.76755174333e-09, 3.35370398119e-10, 1.96147820208e-10, 8.06849656532e-11, 1.62663549297e-10, 6.41030423187e-11, 3.22164170341e-11, 1.71408998106e-11, 2.82478016672e-11, 8.37787911961e-12, 7.53472197829e-12, 1.18080250439e-11, 9.58174165011e-12, 7.28078881906e-12, 4.66602624594e-12, 5.44498127142e-12, 9.74680232357e-12, 4.91894242352e-12, 2.97553865228e-12, 3.45874999648e-12, 3.90114199625e-12, 2.21621527553e-12, 2.27930196418e-12, 1.20507358432e-12, 1.47493855237e-12, 4.89984225069e-12, 6.73155836628e-11, 1.47757535374e-11, 4.66748480143e-11, 6.64233390513e-11, 2.68888609295e-11, 2.20020334417e-12]}, "mfcc": {"mean": [-823.20111084, 144.248748779, 60.6357307434, 33.2651138306, 18.6539211273, 1.80929625034, -7.54054832458, -11.6453256607, -17.2035655975, -9.94341564178, -13.8592710495, -3.93017148972, -6.75679206848], "cov": [[14453.0126953, 1418.2956543, 35.2498512268, 540.952209473, -211.443893433, -206.561065674, -456.946716309, -221.497467041, -467.421569824, -50.9767875671, -151.404602051, 223.908935547, 83.6051025391], [1418.2956543, 2352.95776367, 442.615753174, 226.582397461, 237.329238892, -11.9556341171, -51.7107696533, -132.775726318, -102.491195679, -106.321220398, -119.534797668, -105.320762634, -129.02444458], [35.2498512268, 442.615753174, 769.143737793, 113.646057129, 177.258560181, 84.9740142822, 72.1387481689, 31.8106822968, 31.5904178619, 9.07212257385, -42.3804244995, -41.9801979065, -76.049446106], [540.952209473, 226.582397461, 113.646057129, 375.555480957, 136.868499756, 91.1494598389, 56.1641273499, 36.9235801697, 5.64840459824, 8.60270309448, 10.8779554367, 13.3545722961, 4.97501516342], [-211.443893433, 237.329238892, 177.258560181, 136.868499756, 319.543731689, 146.714416504, 90.9738693237, 40.3601875305, 36.7550125122, 11.4212779999, 14.4384555817, 14.1220159531, 17.3227615356], [-206.561065674, -11.9556341171, 84.9740142822, 91.1494598389, 146.714416504, 225.110931396, 104.632019043, 47.1919174194, 52.0982398987, 19.4627094269, 19.9847698212, 11.7891302109, 21.0725097656], [-456.946716309, -51.7107696533, 72.1387481689, 56.1641273499, 90.9738693237, 104.632019043, 179.517272949, 70.0864105225, 44.022026062, 31.7324619293, 21.065372467, 4.83525133133, 10.6756696701], [-221.497467041, -132.775726318, 31.8106822968, 36.9235801697, 40.3601875305, 47.1919174194, 70.0864105225, 130.397918701, 52.6786384583, 17.6378116608, 17.2454147339, 10.7175893784, 12.9209184647], [-467.421569824, -102.491195679, 31.5904178619, 5.64840459824, 36.7550125122, 52.0982398987, 44.022026062, 52.6786384583, 122.284736633, 38.1110649109, 21.4433612823, 4.03206586838, 1.48293280602], [-50.9767875671, -106.321220398, 9.07212257385, 8.60270309448, 11.4212779999, 19.4627094269, 31.7324619293, 17.6378116608, 38.1110649109, 109.59980011, 39.5918579102, 15.4037256241, 19.8304405212], [-151.404602051, -119.534797668, -42.3804244995, 10.8779554367, 14.4384555817, 19.9847698212, 21.065372467, 17.2454147339, 21.4433612823, 39.5918579102, 105.832794189, 51.7559738159, 31.5894584656], [223.908935547, -105.320762634, -41.9801979065, 13.3545722961, 14.1220159531, 11.7891302109, 4.83525133133, 10.7175893784, 4.03206586838, 15.4037256241, 51.7559738159, 129.417663574, 78.6526031494], [83.6051025391, -129.02444458, -76.049446106, 4.97501516342, 17.3227615356, 21.0725097656, 10.6756696701, 12.9209184647, 1.48293280602, 19.8304405212, 31.5894584656, 78.6526031494, 140.147064209]], "icov": [[0.000106293256977, -5.67573079024e-05, -3.19850641972e-06, -0.000170956933289, 0.000138130402775, -9.68515232671e-05, 0.00026626358158, -9.81028206297e-05, 0.000351441383827, -0.000212941289647, 0.000219300171011, -0.000310902105412, 2.63859401457e-05], [-5.67573079024e-05, 0.000675679184496, -0.000236795312958, -0.000206246317248, -0.00059207592858, 0.00034391117515, -7.21374963177e-05, 0.000673683534842, 1.35946111186e-05, 0.000438334362116, 0.000133478708449, 0.000332644296577, 0.00022065891244], [-3.19850641972e-06, -0.000236795312958, 0.00178089318797, -6.5465537773e-05, -0.000660602236167, -0.000101595236629, -0.000261405250058, -0.000312773627229, -0.000172440355527, -0.000502531649545, 0.000743967480958, -0.000313243304845, 0.000979328295216], [-0.000170956933289, -0.000206246317248, -6.5465537773e-05, 0.00372646772303, -0.00101238675416, -0.000636907527223, -0.000434540153947, -0.000784380012192, 0.000178539965418, -1.89059721833e-06, -0.00053867517272, 0.000100482517155, 0.000134021145641], [0.000138130402775, -0.00059207592858, -0.000660602236167, -0.00101238675416, 0.00596245098859, -0.00272458023392, -0.00042442601989, -0.000394530477934, 1.73067965079e-05, -1.19203778013e-05, -0.000249776319833, -0.0005833095056, -0.00082346558338], [-9.68515232671e-05, 0.00034391117515, -0.000101595236629, -0.000636907527223, -0.00272458023392, 0.0082594845444, -0.00320718158036, 0.000783780473284, -0.00213195523247, 0.000901120190974, -0.000405206083087, 0.000678812444676, -0.000785780022852], [0.00026626358158, -7.21374963177e-05, -0.000261405250058, -0.000434540153947, -0.00042442601989, -0.00320718158036, 0.0100839650258, -0.00376070197672, 0.00114670838229, -0.00201674271375, 8.77661368577e-05, -0.000191376238945, 0.000122443030705], [-9.81028206297e-05, 0.000673683534842, -0.000312773627229, -0.000784380012192, -0.000394530477934, 0.000783780473284, -0.00376070197672, 0.0118725309148, -0.00403558462858, 0.00137520348653, -0.000369135173969, 0.00028024869971, -0.000566306349356], [0.000351441383827, 1.35946111186e-05, -0.000172440355527, 0.000178539965418, 1.73067965079e-05, -0.00213195523247, 0.00114670838229, -0.00403558462858, 0.0129647403955, -0.00377345574088, 0.000140757518238, -0.000920589314774, 0.00118775712326], [-0.000212941289647, 0.000438334362116, -0.000502531649545, -1.89059721833e-06, -1.19203778013e-05, 0.000901120190974, -0.00201674271375, 0.00137520348653, -0.00377345574088, 0.0126199247316, -0.00434574531391, 0.00177630595863, -0.00161233800463], [0.000219300171011, 0.000133478708449, 0.000743967480958, -0.00053867517272, -0.000249776319833, -0.000405206083087, 8.77661368577e-05, -0.000369135173969, 0.000140757518238, -0.00434574531391, 0.0145535962656, -0.00590880727395, 0.00118315662257], [-0.000310902105412, 0.000332644296577, -0.000313243304845, 0.000100482517155, -0.0005833095056, 0.000678812444676, -0.000191376238945, 0.00028024869971, -0.000920589314774, 0.00177630595863, -0.00590880727395, 0.0148099763319, -0.00694437883794], [2.63859401457e-05, 0.00022065891244, 0.000979328295216, 0.000134021145641, -0.00082346558338, -0.000785780022852, 0.000122443030705, -0.000566306349356, 0.00118775712326, -0.00161233800463, 0.00118315662257, -0.00694437883794, 0.0119584258646]]}, "spectral_contrast_coeffs": {"dmean": [0.0469025708735, 0.0334566496313, 0.0308419428766, 0.028990983963, 0.0276490077376, 0.0204098410904], "dmean2": [0.0741687044501, 0.0536229461432, 0.0495155826211, 0.0458879582584, 0.0416782908142, 0.0279045980424], "dvar": [0.00197834940627, 0.00139155576471, 0.00101724627893, 0.000947808614001, 0.00100242858753, 0.000538760854397], "dvar2": [0.0043498123996, 0.00318302935921, 0.00231086020358, 0.00207169330679, 0.00202183355577, 0.0010435731383], "max": [-0.150944560766, -0.274785816669, -0.516022562981, -0.539546728134, -0.456269204617, -0.567867040634], "mean": [-0.486578345299, -0.577118694782, -0.740497469902, -0.759989440441, -0.77731525898, -0.828410804272], "median": [-0.469017773867, -0.563645064831, -0.736907958984, -0.752953648567, -0.778134346008, -0.840429782867], "min": [-0.978956341743, -0.976551890373, -0.980054140091, -0.970320940018, -0.966799020767, -0.966565549374], "var": [0.0200477633625, 0.0148416571319, 0.00703754276037, 0.00548712536693, 0.00648656999692, 0.00383121403866]}, "spectral_contrast_valleys": {"dmean": [0.562403917313, 0.313740372658, 0.370201081038, 0.383209466934, 0.395422667265, 0.371342211962], "dmean2": [0.894610702991, 0.511747300625, 0.604515492916, 0.62134873867, 0.629442870617, 0.596692502499], "dvar":