{"lowlevel": {"average_loudness": 0.715095102787, "barkbands_crest": {"dmean": 2.21690416336, "dmean2": 3.34852051735, "dvar": 7.37848043442, "dvar2": 15.1237926483, "max": 26.9558010101, "mean": 12.4631700516, "median": 11.5578250885, "min": 2.26837801933, "var": 33.897064209}, "barkbands_flatness_db": {"dmean": 0.0268359836191, "dmean2": 0.0382511690259, "dvar": 0.00129462068435, "dvar2": 0.00231052702293, "max": 0.661539793015, "mean": 0.159580230713, "median": 0.131331205368, "min": 0.020131520927, "var": 0.0101624997333}, "barkbands_kurtosis": {"dmean": 11.8049478531, "dmean2": 18.4163188934, "dvar": 15744.0595703, "dvar2": 38749.0546875, "max": 4796.95898438, "mean": 13.1480703354, "median": 2.00154256821, "min": -1.8985325098, "var": 16070.40625}, "barkbands_skewness": {"dmean": 0.737819194794, "dmean2": 1.05514192581, "dvar": 1.50760889053, "dvar2": 3.29291892052, "max": 39.7657737732, "mean": 1.66161227226, "median": 1.43975186348, "min": -13.9154253006, "var": 4.0809378624}, "barkbands_spread": {"dmean": 10.2640724182, "dmean2": 15.6716051102, "dvar": 201.577255249, "dvar2": 428.07522583, "max": 112.14012146, "mean": 31.8002033234, "median": 27.2390899658, "min": 0.0179114155471, "var": 523.727233887}, "dissonance": {"dmean": 0.0261752288789, "dmean2": 0.0436815656722, "dvar": 0.00147874664981, "dvar2": 0.00414468534291, "max": 0.500000238419, "mean": 0.453390032053, "median": 0.46871227026, "min": 0.0589047260582, "var": 0.00269751669839}, "dynamic_complexity": 5.50941753387, "erbbands_crest": {"dmean": 2.50184130669, "dmean2": 3.84735751152, "dvar": 8.95450878143, "dvar2": 16.779750824, "max": 33.7737960815, "mean": 9.93296337128, "median": 7.52491950989, "min": 2.10689139366, "var": 46.2659454346}, "erbbands_flatness_db": {"dmean": 0.0216854233295, "dmean2": 0.0313749909401, "dvar": 0.0010033773724, "dvar2": 0.00174637453165, "max": 0.667007565498, "mean": 0.153419628739, "median": 0.115947172046, "min": 0.0432802811265, "var": 0.00973255652934}, "erbbands_kurtosis": {"dmean": 2.52995538712, "dmean2": 3.86476182938, "dvar": 171.084274292, "dvar2": 327.112884521, "max": 449.42401123, "mean": 3.02512550354, "median": -0.24030828476, "min": -1.91313374043, "var": 584.195739746}, "erbbands_skewness": {"dmean": 0.493371367455, "dmean2": 0.717771530151, "dvar": 0.468737661839, "dvar2": 0.972002267838, "max": 15.1319150925, "mean": 0.163878440857, "median": 0.052080579102, "min": -5.45643997192, "var": 1.93714892864}, "erbbands_spread": {"dmean": 11.3568944931, "dmean2": 17.781578064, "dvar": 247.296264648, "dvar2": 621.668273926, "max": 139.447906494, "mean": 48.0727806091, "median": 44.9052238464, "min": 0.182377621531, "var": 828.52557373}, "hfc": {"dmean": 19.3587818146, "dmean2": 31.0749969482, "dvar": 2646.73876953, "dvar2": 6062.06689453, "max": 443.542785645, "mean": 24.243888855, "median": 8.99322319031, "min": 6.75120688243e-08, "var": 2807.33129883}, "melbands_crest": {"dmean": 2.74862480164, "dmean2": 4.06002378464, "dvar": 11.4109754562, "dvar2": 22.9513187408, "max": 35.8814888, "mean": 19.6134853363, "median": 19.8985939026, "min": 2.41246938705, "var": 70.5912094116}, "melbands_flatness_db": {"dmean": 0.0346341989934, "dmean2": 0.0467708483338, "dvar": 0.00222323206253, "dvar2": 0.00382435158826, "max": 0.70571744442, "mean": 0.234689101577, "median": 0.213297113776, "min": 0.0168420113623, "var": 0.0155614959076}, "melbands_kurtosis": {"dmean": 11.1853847504, "dmean2": 16.1540260315, "dvar": 562.561279297, "dvar2": 1142.42150879, "max": 414.557556152, "mean": 22.111366272, "median": 11.8236865997, "min": -1.88493394852, "var": 1376.46765137}, "melbands_skewness": {"dmean": 0.890499889851, "dmean2": 1.27348470688, "dvar": 1.28304052353, "dvar2": 2.5608818531, "max": 18.3347797394, "mean": 3.10217881203, "median": 2.96815919876, "min": -7.24262142181, "var": 6.35471439362}, "melbands_spread": {"dmean": 12.909611702, "dmean2": 19.4744281769, "dvar": 619.376525879, "dvar2": 1434.76721191, "max": 249.308853149, "mean": 31.3845024109, "median": 18.6248664856, "min": 0.166220590472, "var": 1140.38928223}, "pitch_salience": {"dmean": 0.0700487270951, "dmean2": 0.106016166508, "dvar": 0.00716581521556, "dvar2": 0.016349837184, "max": 0.972312569618, "mean": 0.4876537323, "median": 0.476700484753, "min": 0.0210812669247, "var": 0.0350373834372}, "silence_rate_20dB": {"dmean": 0, "dmean2": 0, "dvar": 0, "dvar2": 0, "max": 1, "mean": 1, "median": 1, "min": 1, "var": 0}, "silence_rate_30dB": {"dmean": 0.0296069420874, "dmean2": 0.0592239610851, "dvar": 0.0287298038602, "dvar2": 0.0645673498511, "max": 1, "mean": 0.966655313969, "median": 1, "min": 0, "var": 0.032232940197}, "silence_rate_60dB": {"dmean": 0.0561510957778, "dmean2": 0.112151123583, "dvar": 0.0529959313571, "dvar2": 0.109099626541, "max": 1, "mean": 0.282238870859, "median": 0, "min": 0, "var": 0.202582538128}, "spectral_centroid": {"dmean": 345.447845459, "dmean2": 512.835266113, "dvar": 326453.125, "dvar2": 689241.6875, "max": 6090.23046875, "mean": 1589.45581055, "median": 1349.41430664, "min": 252.752532959, "var": 1006679.4375}, "spectral_complexity": {"dmean": 3.588565588, "dmean2": 5.297311306, "dvar": 42.2846946716, "dvar2": 65.8553009033, "max": 61, "mean": 11.9508333206, "median": 9, "min": 0, "var": 116.363708496}, "spectral_decrease": {"dmean": 2.03064942639e-09, "dmean2": 3.18928128351e-09, "dvar": 3.45790050322e-17, "dvar2": 8.3917717989e-17, "max": -7.88933538787e-19, "mean": -4.80032813499e-09, "median": -2.76180922576e-09, "min": -6.56068905869e-08, "var": 5.87392467328e-17}, "spectral_energy": {"dmean": 0.00924213882536, "dmean2": 0.0145824905485, "dvar": 0.0006140601472, "dvar2": 0.00147551042028, "max": 0.254318475723, "mean": 0.0203165151179, "median": 0.0118314363062, "min": 9.10116600139e-12, "var": 0.000993296504021}, "spectral_energyband_high": {"dmean": 0.00196718191728, "dmean2": 0.00323958299123, "dvar": 3.50711889041e-05, "dvar2": 8.65848996909e-05, "max": 0.0542031265795, "mean": 0.00220433156937, "median": 0.000636815675534, "min": 4.49401627023e-12, "var": 3.16213372571e-05}, "spectral_energyband_low": {"dmean": 0.00453194463626, "dmean2": 0.00710564758629, "dvar": 0.000283884059172, "dvar2": 0.000677658070344, "max": 0.23487894237, "mean": 0.0117842853069, "median": 0.00624764710665, "min": 2.75121478334e-13, "var": 0.000543397211004}, "spectral_energyband_middle_high": {"dmean": 0.00196474953555, "dmean2": 0.00301478197798, "dvar": 2.53361704381e-05, "dvar2": 5.00435198774e-05, "max": 0.055908665061, "mean": 0.00265699392185, "median": 0.000993431545794, "min": 3.104177939e-12, "var": 3.39073958457e-05}, "spectral_energyband_middle_low": {"dmean": 0.00279940874316, "dmean2": 0.00501138111576, "dvar": 0.000115590766654, "dvar2": 0.000335209129844, "max": 0.111462466419, "mean": 0.00404939707369, "median": 0.00178150669672, "min": 5.02240989683e-13, "var": 7.81037815614e-05}, "spectral_entropy": {"dmean": 0.280343353748, "dmean2": 0.410861670971, "dvar": 0.148022294044, "dvar2": 0.264573037624, "max": 9.02653694153, "mean": 7.50455236435, "median": 7.75960540771, "min": 2.99198746681, "var": 0.79516351223}, "spectral_flux": {"dmean": 0.028869016096, "dmean2": 0.0442520603538, "dvar": 0.00257040280849, "dvar2": 0.0044079143554, "max": 0.477029621601, "mean": 0.0540346316993, "median": 0.0319785922766, "min": 1.4937006199e-05, "var": 0.0048464811407}, "spectral_kurtosis": {"dmean": 5.75784635544, "dmean2": 9.21746063232, "dvar": 204.454589844, "dvar2": 449.101379395, "max": 294.779052734, "mean": 11.4047498703, "median": 2.63917183876, "min": -1.00548458099, "var": 521.78527832}, "spectral_rms": {"dmean": 0.000718503724784, "dmean2": 0.00108345597982, "dvar": 1.94098834072e-06, "dvar2": 4.14259466197e-06, "max": 0.0157516859472, "mean": 0.00359307881445, "median": 0.0033974791877, "min": 9.42294349215e-08, "var": 6.91076502335e-06}, "spectral_rolloff": {"dmean": 1202.35217285, "dmean2": 1993.32958984, "dvar": 4946647.5, "dvar2": 9963371, "max": 16343.7011719, "mean": 2627.94067383, "median": 904.39453125, "min": 64.599609375, "var": 9624376}, "spectral_skewness": {"dmean": 0.474380522966, "dmean2": 0.726020395756, "dvar": 0.68962085247, "dvar2": 1.42909348011, "max": 14.6913442612, "mean": 2.00699782372, "median": 1.40092790127, "min": 0.0506181791425, "var": 2.5632557869}, "spectral_spread": {"dmean": 1158958.25, "dmean2": 1710005.75, "dvar": 3372242436100.0, "dvar2": 5498015842300.0, "max": 21088260, "mean": 6190221, "median": 6436063, "min": 488092.09375, "var": 9963611095040.0}, "spectral_strongpeak": {"dmean": 0.200522199273, "dmean2": 0.32672470808, "dvar": 0.265446633101, "dvar2": 0.631370902061, "max": 7.63463306427, "mean": 0.417160362005, "median": 0.281446546316, "min": 0, "var": 0.378256320953}, "zerocrossingrate": {"dmean": 0.0216367505491, "dmean2": 0.0250293165445, "dvar": 0.000779926020186, "dvar2": 0.000985910650343, "max": 0.44482421875, "mean": 0.0748722553253, "median": 0.05712890625, "min": 0.001953125, "var": 0.00327868922614}, "barkbands": {"dmean": [0.000326095352648, 0.00319933076389, 0.00156829541083, 0.000857280974742, 0.00120625842828, 0.00044019712368, 0.000317111698678, 0.000244285096414, 8.01422429504e-05, 0.000561664928682, 0.000172305997694, 9.73176211119e-05, 0.000115527094749, 7.48224410927e-05, 0.000282078399323, 0.000396738701966, 0.000182606338058, 0.000208448138437, 0.000164890414453, 0.00027982640313, 0.000300227722619, 0.000391407782445, 0.000385520164855, 0.000299298553728, 0.000271983328275, 0.000187108496903, 4.78128858958e-05], "dmean2": [0.000410688458942, 0.00479671359062, 0.00295593892224, 0.00163539208006, 0.00210628262721, 0.000737842638046, 0.000556275597773, 0.000433117442299, 0.000134534115205, 0.000811052508652, 0.000310578732751, 0.000156955662533, 0.000189640457393, 0.000126144805108, 0.000472351908684, 0.000677724776324, 0.000285533023998, 0.000334880052833, 0.000249390897807, 0.000456216512248, 0.000500253110658, 0.000654741481412, 0.00062204443384, 0.000487615645397, 0.000441996526206, 0.000308390590362, 7.57254019845e-05], "dvar": [1.19703224755e-06, 0.000127885781694, 8.48745694384e-05, 2.59188618656e-05, 1.13819769467e-05, 1.91905019165e-06, 1.49109564518e-06, 6.30786018974e-07, 6.50014087e-08, 1.42947953918e-06, 4.41434110598e-07, 1.48308615167e-07, 1.89620934066e-07, 5.21758245497e-08, 4.95773349485e-07, 2.07378684536e-06, 4.01466792255e-07, 5.9013069631e-07, 3.55020347342e-07, 1.21675543596e-06, 1.30697981149e-06, 1.74220076588e-06, 9.17259171729e-07, 8.48443676205e-07, 6.2435253767e-07, 1.48199063688e-07, 9.73751124178e-09], "dvar2": [1.50997391302e-06, 0.000270704273134, 0.000246248848271, 7.69644830143e-05, 3.16897239827e-05, 5.27747988599e-06, 4.30966201748e-06, 1.85163821698e-06, 1.73551526927e-07, 3.0506253097e-06, 1.2674008758e-06, 3.51208825577e-07, 4.71728156981e-07, 1.28295994273e-07, 1.34766560222e-06, 5.31061823494e-06, 8.17569969058e-07, 1.39608755489e-06, 7.69965083691e-07, 3.02106013805e-06, 3.32076797349e-06, 4.50441666544e-06, 2.28003955272e-06, 2.10907910514e-06, 1.42354588206e-06, 3.42557825661e-07, 2.22618723456e-08], "max": [0.019004477188, 0.165173143148, 0.0983664989471, 0.0555568188429, 0.0345651619136, 0.0147468559444, 0.0138174314052, 0.00850769598037, 0.00382284563966, 0.0159899145365, 0.00796645786613, 0.00702601252124, 0.00727834226564, 0.00227319356054, 0.0086181666702, 0.013917456381, 0.00834935344756, 0.0099821370095, 0.00696980580688, 0.010500668548, 0.0112484097481, 0.0126438355073, 0.00901692081243, 0.00955866277218, 0.0146607356146, 0.00348261906765, 0.00105845637154], "mean": [0.000834049133118, 0.00946243200451, 0.00114965054672, 0.00060712749837, 0.00176169560291, 0.000721637043171, 0.000389514927519, 0.000388465181459, 0.000115846502013, 0.000746179313865, 0.000155877816724, 0.000121084849525, 0.000136762217153, 9.48058295762e-05, 0.000325541914208, 0.000398004049202, 0.000229985176702, 0.000192538645933, 0.0001730073418, 0.000266059330897, 0.000298841332551, 0.000393762689782, 0.000458177004475, 0.00036274921149, 0.000270402815659, 0.000160721159773, 0.000101609119156], "median": [0.00024626069353, 0.00481345597655, 0.000187075260328, 8.8637949375e-05, 0.00059051066637, 0.000182750329259, 0.000131689739646, 0.000140897842357, 4.30105865235e-05, 0.000264571222942, 3.12855117954e-05, 2.85345049633e-05, 2.73509995168e-05, 2.861815301e-05, 9.35388816288e-05, 3.14813150908e-05, 2.63472502411e-05, 1.54228346219e-05, 1.96145483642e-05, 1.74576434802e-05, 2.88921582978e-05, 4.37179733126e-05, 7.74264190113e-05, 6.88294676365e-05, 4.1495070036e-05, 1.72132968146e-05, 2.87370712613e-05], "min": [9.12295683875e-14, 1.06162359448e-13, 6.51225357277e-14, 1.40359068362e-14, 1.17423296564e-14, 1.47747516532e-14, 1.05716840447e-13, 5.67477583479e-14, 1.59874568553e-13, 1.04965656392e-12, 6.37790059481e-13, 2.03841853336e-13, 2.07370741672e-13, 7.32931171809e-14, 8.58578548426e-14, 1.23131363504e-13, 2.27867692163e-13, 2.57483162396e-13, 2.12298386336e-13, 2.75719063466e-13, 2.34971655848e-13, 3.61726165514e-13, 3.49261309977e-13, 6.39543539654e-13, 6.09136764466e-13, 1.02014989338e-12, 1.2580339331e-12], "var": [3.2544583064e-06, 0.00031257639057, 4.72117608297e-05, 1.38952264024e-05, 1.04873561213e-05, 2.26724296226e-06, 9.66119046097e-07, 5.48141258605e-07, 6.13288904106e-08, 1.95772190636e-06, 2.69555471277e-07, 1.48287753632e-07, 1.73298730033e-07, 4.91401088709e-08, 4.64300200065e-07, 2.10482994589e-06, 5.63728804082e-07, 5.45371506178e-07, 3.81183525633e-07, 1.0348185242e-06, 1.06027948732e-06, 1.4434649529e-06, 9.7061104043e-07, 7.88408669905e-07, 6.59014176563e-07, 1.53076371134e-07, 2.33358559143e-08]}, "erbbands": {"dmean": [0.138057619333, 0.693321287632, 1.66028690338, 2.58958148956, 2.77830910683, 5.08291339874, 4.53316402435, 3.26937603951, 3.38674426079, 6.33293867111, 4.48734092712, 2.03952312469, 4.69971609116, 22.9425544739, 5.50277614594, 4.55745840073, 4.98932504654, 4.03281021118, 9.83614063263, 20.6626110077, 18.393611908, 9.69228935242, 10.5065021515, 8.886967659, 9.08417606354, 12.102273941, 12.8357791901, 12.7288503647, 14.6067638397, 11.919552803, 10.2336969376, 7.16058778763, 4.65884113312, 3.0989420414, 1.90093302727, 1.01060891151, 0.314289540052, 0.054502248764, 0.00908234156668, 0.000459292205051], "dmean2": [0.180342227221, 1.15001273155, 3.07155656815, 4.94021606445, 5.14287662506, 8.78719329834, 7.12886857986, 5.81764936447, 5.89440488815, 11.2657728195, 7.82479095459, 3.47467374802, 6.94664001465, 33.8752403259, 9.08103370667, 7.24540615082, 8.15943622589, 6.57129859924, 14.9227762222, 37.0486106873, 30.5528240204, 14.4151687622, 16.5872459412, 13.8701181412, 14.220498085, 19.6822185516, 21.4499969482, 21.1141223907, 24.7761039734, 19.6955757141, 16.4562072754, 11.6216983795, 7.60168361664, 5.06924962997, 3.07630491257, 1.65249550343, 0.525992512703, 0.0893341228366, 0.0144033404067, 0.000712270091753], "dvar": [0.225674957037, 8.12414646149, 88.1272964478, 241.703735352, 176.986114502, 185.227264404, 133.918701172, 145.113098145, 168.649185181, 597.76776123, 185.888275146, 43.5747451782, 78.1869277954, 2452.10644531, 265.010009766, 296.100250244, 351.949645996, 134.004257202, 358.450775146, 5124.71142578, 4404.69042969, 1086.56213379, 1381.90649414, 981.264526367, 1171.14257812, 2223.93066406, 2635.10180664, 2233.27807617, 2753.01391602, 782.471923828, 767.953063965, 428.122467041, 220.822280884, 85.972946167, 31.9248447418, 4.68355369568, 0.402739971876, 0.0122550576925, 0.000317510071909, 8.95646280696e-07], "dvar2": [0.289000332355, 21.9933052063, 252.602172852, 710.01739502, 521.734069824, 504.390960693, 325.475372314, 418.183807373, 482.755157471, 1741.13464355, 534.420837402, 118.253013611, 179.941650391, 5514.06445312, 697.751708984, 684.959899902, 893.768798828, 311.417816162, 772.821472168, 14429.4570312, 10573.7802734, 2051.46313477, 3179.91967773, 1996.94433594, 2664.37036133, 5397.19287109, 6815.43310547, 5691.93847656, 7288.68017578, 1861.2421875, 1935.45385742, 1039.57128906, 561.428222656, 202.998580933, 72.9222640991, 10.4858427048, 0.943612396717, 0.0292595401406, 0.000693641370162, 1.94214453586e-06], "max": [7.88959360123, 41.3808326721, 103.362258911, 163.595855713, 159.334243774, 139.866744995, 199.297302246, 134.997879028, 161.562225342, 269.589355469, 158.173980713, 91.3366928101, 105.587226868, 601.470458984, 175.522247314, 292.961090088, 296.820983887, 152.966583252, 184.52835083, 673.586853027, 660.270874023, 413.082427979, 499.759063721, 319.078857422, 378.946563721, 461.431182861, 512.494812012, 414.574584961, 513.787536621, 251.176986694, 268.815368652, 209.466796875, 155.420410156, 151.261795044, 121.49282074, 25.743719101, 5.64472150803, 1.07715165615, 0.19047883153, 0.00932664144784], "mean": [0.46233946085, 1.35803520679, 1.37826430798, 1.87107646465, 2.79882717133, 6.86243247986, 9.1697511673, 4.21370363235, 4.32107400894, 8.07079219818, 7.61790990829, 3.26578521729, 7.44859886169, 27.5084552765, 6.75320625305, 5.90586566925, 5.79043292999, 5.97549247742, 13.3888483047, 19.7507953644, 19.7352619171, 12.084022522, 10.4062585831, 9.48150539398, 9.18845462799, 11.9689178467, 11.8487167358, 12.7232294083, 14.4370212555, 13.5315732956, 12.1414680481, 8.89451122284, 5.45336437225, 3.35798311234, 1.73631119728, 0.853364348412, 0.268562555313, 0.0738721117377, 0.0187523644418, 0.00102335715201], "median": [0.295339345932, 0.389468669891, 0.335235953331, 0.295077085495, 0.728761792183, 2.0612051487, 2.53013277054, 1.28606987, 1.35513758659, 2.91555404663, 2.51010847092, 1.37720441818, 3.52271127701, 7.8428902626, 2.3692150116, 1.5588644743, 1.2437582016, 1.96028697491, 4.77946376801, 2.69760847092, 1.62654066086, 1.32208132744, 0.998078644276, 0.951954245567, 1.01672530174, 0.872224271297, 0.979600906372, 1.26354122162, 1.52053141594, 2.21455621719, 2.11820173264, 1.66068601608, 0.932747244835, 0.604982256889, 0.201605558395, 0.0590458400548, 0.0289997309446, 0.0181309096515, 0.00506203994155, 0.000291009433568], "min": [4.01330574676e-12, 2.64387400861e-11, 6.17904338807e-11, 5.25393756279e-11, 6.35581864916e-11, 3.70363358038e-11, 5.03604866142e-11, 1.97323796192e-10, 1.12508735661e-09, 1.56552193431e-09, 1.51774703916e-09, 3.47403261713e-09, 1.79544539236e-08, 4.2009013157e-08, 1.6719690521e-08, 8.63309690402e-09, 8.86968987146e-09, 5.41965405887e-09, 4.46716796887e-09, 3.59460239352e-09, 9.9394634745e-09, 1.29734347709e-08, 1.10976836609e-08, 1.46851988347e-08, 1.10199032122e-08, 1.21669314623e-08, 1.2320795939e-08, 7.18634929342e-09, 1.2136618821e-08, 1.60221560463e-08, 8.81501716066e-09, 1.1770135977e-08, 1.00473540599e-08, 5.01196195657e-09, 5.76788261597e-09, 3.45860362572e-09, 2.04810057802e-09, 7.32824412264e-10, 1.57923119026e-10, 1.93890754147e-11], "var": [0.742073178291, 9.17017364502, 51.2298202515, 132.588470459, 102.869544983, 174.80291748, 336.899353027, 100.24974823, 115.06879425, 388.786376953, 198.376556396, 40.9642562866, 119.402526855, 3035.19335938, 223.418609619, 309.071014404, 310.978424072, 150.719818115, 497.870483398, 4390.55273438, 4961.86376953, 1618.68395996, 1377.44067383, 1132.54638672, 1161.0513916, 1987.04870605, 2024.25366211, 1832.48303223, 2138.23046875, 848.776184082, 761.131530762, 424.57019043, 197.602005005, 86.8589172363, 33.3913536072, 5.096575737, 0.401494771242, 0.0166630633175, 0.000804498733487, 2.40279427999e-06]}, "gfcc": {"mean": [-70.8796234131, 68.5464630127, -80.8152008057, 12.4830780029, -48.0015487671, 18.0868721008, -25.8997688293, 0.984083592892, -9.09565639496, -0.963765621185, -12.400847435, 2.95841121674, 1.9356174469], "cov": [[28613.2597656, -7234.06347656, 1972.03125, 3359.59594727, -801.55847168, 270.591705322, -895.782897949, 537.879150391, 359.895385742, 817.934082031, 420.592346191, 777.348754883, -563.357299805], [-7234.06347656, 6691.40576172, -776.413208008, -932.274475098, 799.048583984, -678.202148438, 213.677322388, -369.667144775, 124.470672607, -209.337265015, 83.1099395752, -547.880004883, 240.532897949], [1972.03125, -776.413208008, 1159.67419434, 241.202255249, -309.793731689, 285.639160156, -46.7820014954, 92.4768066406, 65.2451095581, 160.20501709, 25.3252449036, 149.651016235, -67.9728622437], [3359.59594727, -932.274475098, 241.202255249, 772.764160156, -53.3887863159, -32.6056861877, -60.2295722961, 119.357917786, 20.6688804626, 150.081085205, 67.1176605225, 109.786087036, -119.336357117], [-801.55847168, 799.048583984, -309.793731689, -53.3887863159, 432.516662598, -59.3746986389, 26.5499210358, 54.5548820496, 57.332736969, -29.357006073, 59.5457191467, -71.3257293701, 70.9608459473], [270.591705322, -678.202148438, 285.639160156, -32.6056861877, -59.3746986389, 397.871673584, 25.6795005798, 119.013908386, -0.803021073341, 40.8563613892, -46.8438720703, 89.9236450195, -20.5711574554], [-895.782897949, 213.677322388, -46.7820014954, -60.2295722961, 26.5499210358, 25.6795005798, 316.878875732, -1.96406674385, 30.2977676392, -7.84342050552, 53.6205215454, -16.3645305634, 73.124710083], [537.879150391, -369.667144775, 92.4768066406, 119.357917786, 54.5548820496, 119.013908386, -1.96406674385, 233.508758545, -51.3854217529, 41.4085922241, 13.3487377167, 68.8638000488, 3.12345027924], [359.895385742, 124.470672607, 65.2451095581, 20.6688804626, 57.332736969, -0.803021073341, 30.2977676392, -51.3854217529, 169.344161987, 16.7686367035, 51.2377586365, -0.33557882905, 29.8938655853], [817.934082031, -209.337265015, 160.20501709, 150.081085205, -29.357006073, 40.8563613892, -7.84342050552, 41.4085922241, 16.7686367035, 134.641036987, 0.0396288745105, 37.0502281189, -7.62357282639], [420.592346191, 83.1099395752, 25.3252449036, 67.1176605225, 59.5457191467, -46.8438720703, 53.6205215454, 13.3487377167, 51.2377586365, 0.0396288745105, 155.476593018, -24.1261730194, 16.2457695007], [777.348754883, -547.880004883, 149.651016235, 109.786087036, -71.3257293701, 89.9236450195, -16.3645305634, 68.8638000488, -0.33557882905, 37.0502281189, -24.1261730194, 142.831863403, -16.926404953], [-563.357299805, 240.532897949, -67.9728622437, -119.336357117, 70.9608459473, -20.5711574554, 73.124710083, 3.12345027924, 29.8938655853, -7.62357282639, 16.2457695007, -16.926404953, 151.385162354]], "icov": [[0.000108627195004, 4.36280461145e-05, 7.48466482037e-06, -0.00034186913399, 0.000116326991701, -3.80806595786e-05, 0.000280561274849, -1.95092570721e-06, -0.000211815247894, -0.000123184043332, -0.00025766165345, -7.42925622035e-05, -7.14292982593e-05], [4.36280461145e-05, 0.000409625587054, -0.000278830557363, 0.000288532435661, -0.000711890461389, 0.000657907512505, -0.000170762519701, 0.00015360537509, -7.30701358407e-05, -0.000188782418263, 0.000206772121601, 0.000644849613309, 0.000171005303855], [7.48466482037e-06, -0.000278830557363, 0.00193928705994, -0.000378388853278, 0.00181190506555, -0.00140061741695, 0.000622214574832, -0.000489834463224, -0.000936277676374, -0.0010591337923, -0.00109756470192, -0.000683601945639, -0.000113839931146], [-0.00034186913399, 0.000288532435661, -0.000378388853278, 0.00414896383882, -0.001117677195, 0.00202257046476, -0.00122083968017, -0.0010441201739, 0.000120620868984, -0.00200694426894, 0.00021328299772, -0.000430064741522, 0.00258419313468], [0.000116326991701, -0.000711890461389, 0.00181190506555, -0.001117677195, 0.00598333962262, -0.0014017848298, 0.00131157669239, -0.00289657199755, -0.00274536479264, 8.49776115501e-05, -0.00153521366883, 0.00057256501168, -0.00129724328872], [-3.80806595786e-05, 0.000657907512505, -0.00140061741695, 0.00202257046476, -0.0014017848298, 0.00582048064098, -0.00148034153972, -0.00225223437883, -0.000978536787443, -0.000552440469619, 0.00221415609121, -6.32450901321e-05, 0.00190871057566], [0.000280561274849, -0.000170762519701, 0.000622214574832, -0.00122083968017, 0.00131157669239, -0.00148034153972, 0.00490587903187, 0.00016005182988, -0.00066023285035, -0.000300724990666, -0.00251385895535, -0.000434898509411, -0.00222021644004], [-1.95092570721e-06, 0.00015360537509, -0.000489834463224, -0.0010441201739, -0.00289657199755, -0.00225223437883, 0.00016005182988, 0.00924984086305, 0.00486355274916, -0.000694755872246, -0.00184215442277, -0.00286678154953, -0.00162902497686], [-0.000211815247894, -7.30701358407e-05, -0.000936277676374, 0.000120620868984, -0.00274536479264, -0.000978536787443, -0.00066023285035, 0.00486355274916, 0.0102884219959, -0.000557400810067, -0.002220710041, -0.00181645806879, -0.00164947437588], [-0.000123184043332, -0.000188782418263, -0.0010591337923, -0.00200694426894, 8.49776115501e-05, -0.000552440469619, -0.000300724990666, -0.000694755872246, -0.000557400810067, 0.0116308135912, 0.00184904900379, 0.000390142784454, -0.0016304126475], [-0.00025766165345, 0.000206772121601, -0.00109756470192, 0.00021328299772, -0.00153521366883, 0.00221415609121, -0.00251385895535, -0.00184215442277, -0.002220710041, 0.00184904900379, 0.0105352243409, 0.00296224863268, 0.00039299094351], [-7.42925622035e-05, 0.000644849613309, -0.000683601945639, -0.000430064741522, 0.00057256501168, -6.32450901321e-05, -0.000434898509411, -0.00286678154953, -0.00181645806879, 0.000390142784454, 0.00296224863268, 0.012925661169, -0.000449106068118], [-7.14292982593e-05, 0.000171005303855, -0.000113839931146, 0.00258419313468, -0.00129724328872, 0.00190871057566, -0.00222021644004, -0.00162902497686, -0.00164947437588, -0.0016304126475, 0.00039299094351, -0.000449106068118, 0.0101788686588]]}, "melbands": {"dmean": [0.000962200923823, 0.000864449306391, 0.000449572369689, 0.000267430965323, 0.000177765003173, 7.44915014366e-05, 5.52279161639e-05, 6.68152570142e-05, 3.22828091157e-05, 1.13897194751e-05, 2.48281849053e-05, 9.89154577837e-05, 2.05836331588e-05, 1.11666795419e-05, 1.20165013868e-05, 1.01304067357e-05, 7.05007460056e-06, 1.41446853377e-05, 2.18309487536e-05, 3.13879172609e-05, 1.97398148885e-05, 1.05308754428e-05, 9.08028141566e-06, 1.02431540654e-05, 6.70610825182e-06, 7.31241652829e-06, 7.08995139576e-06, 8.58518524183e-06, 8.50096603244e-06, 7.1773192758e-06, 7.65303411754e-06, 8.37516472529e-06, 7.29049179427e-06, 7.0567439252e-06, 6.03474336458e-06, 5.76103366257e-06, 4.11982318838e-06, 3.4262684494e-06, 2.75390971183e-06, 2.61304921878e-06], "dmean2": [0.00134232034907, 0.00151077739429, 0.000852420693263, 0.0004727220512, 0.000289630464977, 0.000130789485411, 9.63626735029e-05, 0.000119293836178, 5.58902902412e-05, 1.92831885215e-05, 3.64903644368e-05, 0.000145267185871, 3.55877746188e-05, 1.81447721843e-05, 1.95485881704e-05, 1.67024518305e-05, 1.166808579e-05, 2.1636389647e-05, 3.80631099688e-05, 5.59570762562e-05, 3.19655591738e-05, 1.60875642905e-05, 1.3972888155e-05, 1.67930884345e-05, 1.0584912161e-05, 1.18451416711e-05, 1.11622703116e-05, 1.40550855576e-05, 1.43719571497e-05, 1.17651579785e-05, 1.27681396407e-05, 1.4097076928e-05, 1.23874015117e-05, 1.16032215374e-05, 9.65485014603e-06, 9.49677178141e-06, 6.69812834531e-06, 5.57987004868e-06, 4.5661963668e-06, 4.27823897553e-06], "dvar": [1.09871280074e-05, 1.87511468539e-05, 6.96938286637e-06, 7.03809917013e-07, 2.04563036732e-07, 7.05219136421e-08, 4.48717081269e-08, 6.48493170274e-08, 8.68804495013e-09, 1.34435229615e-09, 2.26823515526e-09, 4.53273649725e-08, 5.33220978483e-09, 2.04108041579e-09, 1.84771331568e-09, 1.3431792345e-09, 4.12157946661e-10, 7.94325771825e-10, 3.91400734046e-09, 1.31359980671e-08, 4.8547494913e-09, 1.31066801856e-09, 1.07026409957e-09, 1.50571866087e-09, 5.55326395979e-10, 8.68939087351e-10, 7.47804429491e-10, 1.15535581102e-09, 1.23830234955e-09, 7.23970605687e-10, 8.32592050859e-10, 1.00704389272e-09, 4.52125448192e-10, 2.26859961372e-10, 2.31536623208e-10, 3.65294711147e-10, 1.1800402322e-10, 1.18866555487e-10, 7.98372687405e-11, 5.88894072395e-11], "dvar2": [1.76371486305e-05, 5.22686968907e-05, 2.04521329579e-05, 1.9955677999e-06, 5.36195955192e-07, 2.02377336223e-07, 1.28893887563e-07, 1.89301871956e-07, 2.47158755684e-08, 3.61842489305e-09, 5.18323606258e-09, 1.00578517959e-07, 1.50015591061e-08, 4.83793183292e-09, 4.15835366141e-09, 3.41625061573e-09, 9.66035029748e-10, 1.78561365693e-09, 1.11411591064e-08, 3.59713219211e-08, 1.13196305662e-08, 2.51385423589e-09, 2.40173503308e-09, 3.63039109885e-09, 1.12110765116e-09, 2.10714556914e-09, 1.72831726708e-09, 2.87165802249e-09, 3.29078408967e-09, 1.77006842517e-09, 2.16337792125e-09, 2.68312727592e-09, 1.15723863825e-09, 5.28288524038e-10, 5.69389313476e-10, 9.64848312357e-10, 2.74299416514e-10, 3.02063096758e-10, 2.00366709335e-10, 1.39186856485e-10], "max": [0.0513085797429, 0.0522402487695, 0.0278900787234, 0.00943646579981, 0.0061505693011, 0.00283918390051, 0.00230976380408, 0.00271064252593, 0.00123394443654, 0.000483458017698, 0.000618381425738, 0.00265463278629, 0.000825200520921, 0.000827833893709, 0.00063084118301, 0.000590524170548, 0.000237227970501, 0.000259512336925, 0.00069788552355, 0.00115790590644, 0.000708019128069, 0.00046610791469, 0.000604108790867, 0.000444458244601, 0.000242529888055, 0.000371083122445, 0.0003231743176, 0.000339414691553, 0.000365463085473, 0.000269282318186, 0.000255591701716, 0.000304879358737, 0.000210688856896, 0.000189804864931, 0.000144871344673, 0.000212805447518, 0.000107523941551, 0.00011941602861, 9.01709718164e-05, 0.000142236036481], "mean": [0.00321840518154, 0.00104173074942, 0.000342987914337, 0.000330855691573, 0.000335439690389, 0.000101258840004, 6.94893024047e-05, 8.76302074175e-05, 5.60144690098e-05, 1.70938510564e-05, 3.90210479964e-05, 0.000118938682135, 2.1372901756e-05, 1.5073133909e-05, 1.45624135257e-05, 1.19483329399e-05, 1.03401544038e-05, 1.85376156878e-05, 2.30419045693e-05, 3.00355332001e-05, 2.14489773498e-05, 1.31237957248e-05, 9.59919179877e-06, 9.42736005527e-06, 7.31681620891e-06, 6.93472247804e-06, 7.14726866136e-06, 8.21443063614e-06, 7.48357524571e-06, 7.08520383341e-06, 7.53072572479e-06, 8.00138695922e-06, 7.71090981289e-06, 7.91627007857e-06, 7.21643800716e-06, 6.55096300761e-06, 5.09970141138e-06, 3.94146854887e-06, 3.17188369081e-06, 2.72919828603e-06], "median": [0.00186738884076, 0.000316524878144, 6.08753543929e-05, 0.000109002205136, 9.94435104076e-05, 2.77954022749e-05, 2.18776367547e-05, 3.20939798257e-05, 1.86250781553e-05, 6.51707796351e-06, 1.80624992936e-05, 3.31537230522e-05, 5.76056572754e-06, 4.57531450593e-06, 3.29015597345e-06, 2.72308466265e-06, 2.9396728678e-06, 6.83859434503e-06, 5.54058351554e-06, 2.37873382503e-06, 1.78399204742e-06, 1.38353493639e-06, 9.46360046328e-07, 7.76807951297e-07, 7.43179043639e-07, 7.13714598533e-07, 6.0443574057e-07, 5.40077394362e-07, 6.00438170295e-07, 5.83462451687e-07, 7.06114064997e-07, 7.00801251696e-07, 9.15061377782e-07, 1.20505865198e-06, 1.17483932627e-06, 9.64902483247e-07, 8.53350570651e-07, 5.81594804316e-07, 4.93958623338e-07, 4.08763867199e-07], "min": [5.17418512278e-14, 3.19380887839e-14, 1.12883327021e-14, 3.54013608657e-15, 1.74357592319e-15, 4.3469959552e-15, 1.77626908679e-14, 1.45827089553e-14, 1.36271185715e-14, 2.38241331773e-14, 9.47427832259e-14, 1.76970309067e-13, 6.65700269431e-14, 2.78836995133e-14, 2.13241255979e-14, 1.7453134207e-14, 8.94689223152e-15, 6.69624522254e-15, 5.75663877393e-15, 5.15501287084e-15, 1.29012731691e-14, 1.4146268453e-14, 8.63304026655e-15, 1.31580486659e-14, 1.18177164357e-14, 7.39166943663e-15, 7.77323829761e-15, 8.3006145631e-15, 8.500986136e-15, 5.35178963591e-15, 3.93783541948e-15, 5.8820119321e-15, 9.50200374384e-15, 8.03356794472e-15, 4.65749917542e-15, 4.36032274807e-15, 8.94674400076e-15, 8.00952152638e-15, 4.66263092453e-15, 3.94813322253e-15], "var": [3.49757210643e-05, 1.31688566398e-05, 3.84686563848e-06, 5.25124107753e-07, 3.76457876428e-07, 5.26991392746e-08, 3.00732025948e-08, 4.26480788462e-08, 1.01781303385e-08, 1.24922605593e-09, 3.41987438368e-09, 5.74189797931e-08, 3.5789613495e-09, 2.00790428728e-09, 1.95477056764e-09, 1.19408216648e-09, 4.6373310747e-10, 1.01815678111e-09, 3.37118888361e-09, 1.18516236824e-08, 5.73215874766e-09, 1.96509253314e-09, 1.13843634519e-09, 1.32833111177e-09, 6.57063403686e-10, 7.55214835113e-10, 7.39980687836e-10, 9.79566094905e-10, 8.9284263316e-10, 6.25539564592e-10, 6.58792576047e-10, 7.668349844e-10, 4.01108896098e-10, 2.70277605852e-10, 2.49924692053e-10, 3.03922470524e-10, 1.27103563785e-10, 1.07357144008e-10, 7.17442355525e-11, 5.99648872224e-11]}, "mfcc": {"mean": [-716.741638184, 105.229194641, 28.6067218781, 6.73739480972, 8.05162239075, 13.1995363235, -2.48768687248, 5.8497633934, 6.04698944092, 6.87154483795, -4.01435756683, -5.74508142471, 1.48754429817], "cov": [[16777.0957031, -3848.80200195, 179.515655518, 1137.09631348, 437.633789062, 283.981536865, -95.8304595947, 458.305389404, 46.6767044067, -17.2289943695, 250.316207886, 669.957824707, 336.227172852], [-3848.80200195, 4218.45458984, 127.603729248, -224.580612183, 220.171417236, -30.6706752777, 76.3750762939, -233.375869751, 130.586868286, 168.489181519, -26.8480854034, -199.344436646, -2.36390161514], [179.515655518, 127.603729248, 1005.63171387, -70.3204803467, -121.411743164, 165.894943237, -66.0339660645, 11.753651619, -27.1766719818, 61.3318939209, 63.3856124878, -22.4804821014, 1.8091148138], [1137.09631348, -224.580612183, -70.3204803467, 484.624694824, 40.3268127441, -33.2550125122, 36.4836959839, 11.8785200119, 20.0651988983, -25.7617034912, 52.0239334106, 106.430488586, 34.6731529236], [437.633789062, 220.171417236, -121.411743164, 40.3268127441, 321.999389648, -24.0060214996, 0.65199637413, 43.1571311951, 17.6362438202, 41.6504745483, 1.56005322933, 41.3079414368, 32.2372093201], [283.981536865, -30.6706752777, 165.894943237, -33.2550125122, -24.0060214996, 195.487792969, -24.8048934937, 30.1416893005, 22.8471736908, 27.9993400574, 47.4959411621, -3.93553757668, 23.3850631714], [-95.8304595947, 76.3750762939, -66.0339660645, 36.4836959839, 0.65199637413, -24.8048934937, 204.90663147, 14.8106737137, 24.0180492401, 30.8315467834, 18.9533634186, 24.7711448669, -20.9233570099], [458.305389404, -233.375869751, 11.753651619, 11.8785200119, 43.1571311951, 30.1416893005, 14.8106737137, 160.935256958, -8.09541034698, 12.7586421967, 13.4670553207, 5.50581884384, 24.9205188751], [46.6767044067, 130.586868286, -27.1766719818, 20.0651988983, 17.6362438202, 22.8471736908, 24.0180492401, -8.09541034698, 132.918609619, 10.8191270828, -9.01204204559, 1.02998840809, 21.2975521088], [-17.2289943695, 168.489181519, 61.3318939209, -25.7617034912, 41.6504745483, 27.9993400574, 30.8315467834, 12.7586421967, 10.8191270828, 111.213172913, -1.24870860577, -10.9229373932, 3.80192685127], [250.316207886, -26.8480854034, 63.3856124878, 52.0239334106, 1.56005322933, 47.4959411621, 18.9533634186, 13.4670553207, -9.01204204559, -1.24870860577, 102.321250916, 41.4102401733, 16.3477783203], [669.957824707, -199.344436646, -22.4804821014, 106.430488586, 41.3079414368, -3.93553757668, 24.7711448669, 5.50581884384, 1.02998840809, -10.9229373932, 41.4102401733, 144.493423462, 28.517162323], [336.227172852, -2.36390161514, 1.8091148138, 34.6731529236, 32.2372093201, 23.3850631714, -20.9233570099, 24.9205188751, 21.2975521088, 3.80192685127, 16.3477783203, 28.517162323, 70.1999282837]], "icov": [[0.000113085174235, 9.10060989554e-05, -4.25384678238e-05, -0.000168673766893, -0.000150100371684, -0.000118048701552, 4.32569831901e-05, -7.63808056945e-05, -4.1817966121e-05, -6.32098235656e-05, 3.62778846466e-05, -0.000219587105676, -0.000209031102713], [9.10060989554e-05, 0.000425177451689, -0.000121423392557, -4.07957086281e-05, -0.00048109254567, 5.26746007381e-05, -0.000191954051843, 0.000600698462222, -0.000250770011917, -0.00033652051934, -0.000207042976399, 0.000461137155071, -0.000510166282766], [-4.25384678238e-05, -0.000121423392557, 0.00135654897895, 9.73811620497e-05, 0.000673878297675, -0.000739401206374, 0.000567653216422, -0.000192363077076, 0.000279339612462, -0.00080965802772, -0.000570762553252, -0.000118426316476, 0.000431051274063], [-0.000168673766893, -4.07957086281e-05, 9.73811620497e-05, 0.00292035052553, 0.00011324910156, 0.00090534001356, -0.000274995312793, 0.000150189982378, -0.000478380912682, 0.000399922893848, -0.00113058032002, -0.000948667293414, -0.000355170283001], [-0.000150100371684, -0.00048109254567, 0.000673878297675, 0.00011324910156, 0.00458407541737, 0.000804204086307, 0.000956221891101, -0.00158829626162, -0.000198908091988, -0.00175775797106, -8.82473614183e-05, -0.00141622254159, -0.000143339959322], [-0.000118048701552, 5.26746007381e-05, -0.000739401206374, 0.00090534001356, 0.000804204086307, 0.00806551799178, 0.00125088519417, -0.000962165882811, -0.00206183828413, -0.00177905126475, -0.00396161712706, 0.000843471847475, -0.00090084184194], [4.32569831901e-05, -0.000191954051843, 0.000567653216422, -0.000274995312793, 0.000956221891101, 0.00125088519417, 0.00687466561794, -0.00176578317769, -0.00185845955275, -0.00260402867571, -0.00203659175895, -0.00184674968477, 0.0036569298245], [-7.63808056945e-05, 0.000600698462222, -0.000192363077076, 0.000150189982378, -0.00158829626162, -0.000962165882811, -0.00176578317769, 0.00861255265772, 0.00112473731861, -0.000228839431657, -0.000177720809006, 0.00213584396988, -0.00337205594406], [-4.1817966121e-05, -0.000250770011917, 0.000279339612462, -0.000478380912682, -0.000198908091988, -0.00206183828413, -0.00185845955275, 0.00112473731861, 0.00937180127949, 0.000362793682143, 0.0024517099373, 0.000442867021775, -0.00336783379316], [-6.32098235656e-05, -0.00033652051934, -0.00080965802772, 0.000399922893848, -0.00175775797106, -0.00177905126475, -0.00260402867571, -0.000228839431657, 0.000362793682143, 0.0119783468544, 0.00166112289298, 0.000879128812812, -0.000683071848471], [3.62778846466e-05, -0.000207042976399, -0.000570762553252, -0.00113058032002, -8.82473614183e-05, -0.00396161712706, -0.00203659175895, -0.000177720809006, 0.0024517099373, 0.00166112289298, 0.0145954545587, -0.00316867651418, -0.00173678353895], [-0.000219587105676, 0.000461137155071, -0.000118426316476, -0.000948667293414, -0.00141622254159, 0.000843471847475, -0.00184674968477, 0.00213584396988, 0.000442867021775, 0.000879128812812, -0.00316867651418, 0.01159109734, -0.00355308223516], [-0.000209031102713, -0.000510166282766, 0.000431051274063, -0.000355170283001, -0.000143339959322, -0.00090084184194, 0.0036569298245, -0.00337205594406, -0.00336783379316, -0.000683071848471, -0.00173678353895, -0.00355308223516, 0.0209528245032]]}, "spectral_contrast_coeffs": {"dmean": [0.0401446782053, 0.0344010181725, 0.0374128073454, 0.0351411141455, 0.0262179691344, 0.0236117392778], "dmean2": [0.0651264935732, 0.0551283992827, 0.0589146465063, 0.0563676282763, 0.0418380871415, 0.0362479425967], "dvar": [0.00187179027125, 0.00120154593606, 0.00113298068754, 0.00115564349107, 0.000731705280486, 0.000578779727221], "dvar2": [0.00466142874211, 0.0029713830445, 0.00250155455433, 0.00269211526029, 0.00167761486955, 0.00117836613208], "max": [-0.37663179636, -0.424769461155, -0.495134413242, -0.539193809032, -0.604768574238, -0.565346479416], "mean": [-0.703830838203, -0.774211466312, -0.768193364143, -0.781735777855, -0.802414655685, -0.78057795763], "median": [-0.708145260811, -0.782546401024, -0.773115336895, -0.789902687073, -0.809409856796, -0.783720135689], "min": [-0.917029201984, -0.963582515717, -0.948443830013, -0.954842507839, -0.952013909817, -0.923726499081], "var": [0.00694412039593, 0.00456234905869, 0.00454435590655, 0.00403528986499, 0.00298869167455, 0.00387310073711]}, "spectral_contrast_valleys": {"dmean": [0.298294425011, 0.35150551796, 0.379063904285, 0.440029859543, 0.474588721991, 0.671272933483], "dmean2": [0.476756244898, 0.571555197239, 0.599006950855, 0.663575530052, 0.67152094841, 0.902276337147], "dvar": [0.116230517626, 0.189749956131, 0.161579266191, 0.273389548063, 0.411058425903, 0.879313766956], "dvar2": [0.250960350037, 0.455395072699, 0.347482919693, 0.559829890728, 0.753752529621, 1.46126639843], "max": [-4.96471643448, -4.32847