{"lowlevel": {"average_loudness": 0.977334618568, "barkbands_crest": {"dmean": 2.23608088493, "dmean2": 3.64347314835, "dvar": 5.86421346664, "dvar2": 15.7430381775, "max": 21.5220565796, "mean": 9.05709457397, "median": 8.20364189148, "min": 3.33807325363, "var": 10.7493810654}, "barkbands_flatness_db": {"dmean": 0.0239836089313, "dmean2": 0.0351151749492, "dvar": 0.00062540062936, "dvar2": 0.00146064499859, "max": 0.313391506672, "mean": 0.144195064902, "median": 0.141078025103, "min": 0.0360706597567, "var": 0.00187360611744}, "barkbands_kurtosis": {"dmean": 3.04328680038, "dmean2": 5.09477710724, "dvar": 37.7952766418, "dvar2": 103.313575745, "max": 73.950012207, "mean": 3.06928181648, "median": 1.53447961807, "min": -1.60621869564, "var": 30.6167316437}, "barkbands_skewness": {"dmean": 0.601860702038, "dmean2": 0.921484291553, "dvar": 0.600334763527, "dvar2": 1.50425815582, "max": 7.17345666885, "mean": 1.30490887165, "median": 1.22483956814, "min": -1.39916622639, "var": 0.991237223148}, "barkbands_spread": {"dmean": 4.22328090668, "dmean2": 6.57378673553, "dvar": 21.3257732391, "dvar2": 51.1454925537, "max": 81.2181167603, "mean": 16.6090946198, "median": 15.8327913284, "min": 2.08239865303, "var": 44.6205635071}, "dissonance": {"dmean": 0.0239179618657, "dmean2": 0.0390333719552, "dvar": 0.00041041043005, "dvar2": 0.00108005816583, "max": 0.499974995852, "mean": 0.43622520566, "median": 0.439762234688, "min": 0.206003382802, "var": 0.00119548267685}, "dynamic_complexity": 1.48466980457, "erbbands_crest": {"dmean": 2.65903139114, "dmean2": 4.03854322433, "dvar": 4.70859861374, "dvar2": 11.0521383286, "max": 28.5114612579, "mean": 12.1574707031, "median": 11.6467838287, "min": 3.65088438988, "var": 18.0796527863}, "erbbands_flatness_db": {"dmean": 0.0214932244271, "dmean2": 0.0277889594436, "dvar": 0.000383991049603, "dvar2": 0.000714332214557, "max": 0.302770495415, "mean": 0.173028424382, "median": 0.173105925322, "min": 0.0546742603183, "var": 0.00206391233951}, "erbbands_kurtosis": {"dmean": 0.810821056366, "dmean2": 1.16970872879, "dvar": 0.747662007809, "dvar2": 1.43877184391, "max": 13.8750629425, "mean": 0.6653008461, "median": 0.291756391525, "min": -1.51743519306, "var": 2.18977546692}, "erbbands_skewness": {"dmean": 0.337453961372, "dmean2": 0.478550583124, "dvar": 0.0792189016938, "dvar2": 0.165553808212, "max": 3.14225721359, "mean": 0.194242268801, "median": 0.198293268681, "min": -1.75441360474, "var": 0.404035151005}, "erbbands_spread": {"dmean": 5.87330245972, "dmean2": 8.67609500885, "dvar": 38.2145881653, "dvar2": 88.3106079102, "max": 75.7913894653, "mean": 26.5044384003, "median": 24.9022903442, "min": 6.96591091156, "var": 107.831878662}, "hfc": {"dmean": 5.61805868149, "dmean2": 8.20689964294, "dvar": 35.6180648804, "dvar2": 80.9635620117, "max": 71.7956771851, "mean": 23.4669895172, "median": 21.780670166, "min": 6.87544670654e-05, "var": 101.535842896}, "melbands_crest": {"dmean": 2.68382644653, "dmean2": 4.28192424774, "dvar": 6.14800739288, "dvar2": 15.8075008392, "max": 26.1452388763, "mean": 12.737030983, "median": 12.1779212952, "min": 5.07711982727, "var": 14.5325813293}, "melbands_flatness_db": {"dmean": 0.0295716114342, "dmean2": 0.0441145934165, "dvar": 0.00116339570377, "dvar2": 0.00271387840621, "max": 0.436726689339, "mean": 0.229090198874, "median": 0.226196303964, "min": 0.0702929347754, "var": 0.00304171838798}, "melbands_kurtosis": {"dmean": 5.87989854813, "dmean2": 9.78614330292, "dvar": 130.447097778, "dvar2": 352.027740479, "max": 106.193649292, "mean": 7.31404542923, "median": 4.29988288879, "min": -1.45833146572, "var": 111.704116821}, "melbands_skewness": {"dmean": 0.753619194031, "dmean2": 1.15754497051, "dvar": 0.979373216629, "dvar2": 2.43776011467, "max": 8.39651870728, "mean": 1.96672725677, "median": 1.80977272987, "min": -0.637557208538, "var": 1.67580914497}, "melbands_spread": {"dmean": 5.46004343033, "dmean2": 8.29363632202, "dvar": 34.5702285767, "dvar2": 77.3821487427, "max": 75.4811553955, "mean": 19.3100566864, "median": 17.3904895782, "min": 1.58323931694, "var": 95.6452407837}, "pitch_salience": {"dmean": 0.0543129406869, "dmean2": 0.0871324166656, "dvar": 0.00212393794209, "dvar2": 0.00551269156858, "max": 0.853259623051, "mean": 0.518091917038, "median": 0.518287837505, "min": 0.269531160593, "var": 0.00622808141634}, "silence_rate_20dB": {"dmean": 0, "dmean2": 0, "dvar": 0, "dvar2": 0, "max": 1, "mean": 1, "median": 1, "min": 1, "var": 0}, "silence_rate_30dB": {"dmean": 0.0937651023269, "dmean2": 0.187620893121, "dvar": 0.084971472621, "dvar2": 0.169824615121, "max": 1, "mean": 0.910628020763, "median": 1, "min": 0, "var": 0.0813835039735}, "silence_rate_60dB": {"dmean": 0.000966650550254, "dmean2": 0.00145067693666, "dvar": 0.000965735351201, "dvar2": 0.00144857377745, "max": 1, "mean": 0.0014492754126, "median": 0, "min": 0, "var": 0.00144718016963}, "spectral_centroid": {"dmean": 165.617843628, "dmean2": 252.381530762, "dvar": 29714.8320312, "dvar2": 65004.1953125, "max": 2750.99194336, "mean": 952.044555664, "median": 901.745727539, "min": 287.951934814, "var": 105752.882812}, "spectral_complexity": {"dmean": 2.41565966606, "dmean2": 3.8602514267, "dvar": 4.7648563385, "dvar2": 10.9316854477, "max": 32, "mean": 17.0768108368, "median": 16, "min": 0, "var": 15.0583229065}, "spectral_decrease": {"dmean": 6.30720498052e-09, "dmean2": 1.07890105738e-08, "dvar": 1.73802624273e-16, "dvar2": 4.8057790691e-16, "max": -1.28362983305e-15, "mean": -1.24866721407e-08, "median": -9.71022551255e-09, "min": -8.43970298092e-08, "var": 1.39093212563e-16}, "spectral_energy": {"dmean": 0.0241689328104, "dmean2": 0.0412574484944, "dvar": 0.0025106582325, "dvar2": 0.00693806167692, "max": 0.322292536497, "mean": 0.0492560714483, "median": 0.0388053059578, "min": 1.10809441622e-08, "var": 0.0020269677043}, "spectral_energyband_high": {"dmean": 0.00019654375501, "dmean2": 0.000293222576147, "dvar": 1.17699215707e-07, "dvar2": 2.84301506781e-07, "max": 0.00368625717238, "mean": 0.000378696364351, "median": 0.000197215704247, "min": 3.56726292949e-09, "var": 2.05219492955e-07}, "spectral_energyband_low": {"dmean": 0.0203399024904, "dmean2": 0.0359359234571, "dvar": 0.00230371113867, "dvar2": 0.00643166340888, "max": 0.299857348204, "mean": 0.0242557059973, "median": 0.0137020330876, "min": 6.82941037056e-10, "var": 0.0015980998287}, "spectral_energyband_middle_high": {"dmean": 0.001901417505, "dmean2": 0.00251852837391, "dvar": 2.80687982013e-06, "dvar2": 5.20036428497e-06, "max": 0.0226922929287, "mean": 0.00680312886834, "median": 0.00606390228495, "min": 1.79824832802e-09, "var": 1.15268558147e-05}, "spectral_energyband_middle_low": {"dmean": 0.00690877111629, "dmean2": 0.0107058454305, "dvar": 7.8692632087e-05, "dvar2": 0.000196475986741, "max": 0.0915644094348, "mean": 0.0215227641165, "median": 0.0191768482327, "min": 3.3209446304e-09, "var": 0.000189493512153}, "spectral_entropy": {"dmean": 0.164996728301, "dmean2": 0.226037144661, "dvar": 0.0277782883495, "dvar2": 0.0520564056933, "max": 8.5318813324, "mean": 7.18544435501, "median": 7.17189884186, "min": 6.29181051254, "var": 0.127925395966}, "spectral_flux": {"dmean": 0.0443213507533, "dmean2": 0.0704214721918, "dvar": 0.00517695816234, "dvar2": 0.00983776245266, "max": 0.532061219215, "mean": 0.0993069633842, "median": 0.0689976364374, "min": 0.000105266066385, "var": 0.00722347944975}, "spectral_kurtosis": {"dmean": 1.89719820023, "dmean2": 3.1399512291, "dvar": 3.37120175362, "dvar2": 9.72929000854, "max": 20.641784668, "mean": 6.92905521393, "median": 6.4798822403, "min": 1.43703269958, "var": 7.60589408875}, "spectral_rms": {"dmean": 0.00137791142333, "dmean2": 0.00222029886208, "dvar": 5.06734386363e-06, "dvar2": 1.32687637233e-05, "max": 0.0177322234958, "mean": 0.0064710942097, "median": 0.00615295302123, "min": 3.28795931637e-06, "var": 6.17959040028e-06}, "spectral_rolloff": {"dmean": 308.521636963, "dmean2": 512.09173584, "dvar": 250562.125, "dvar2": 446135.40625, "max": 14061.1816406, "mean": 1083.37841797, "median": 1076.66015625, "min": 107.666015625, "var": 414957.96875}, "spectral_skewness": {"dmean": 0.211470916867, "dmean2": 0.344447314739, "dvar": 0.0330837592483, "dvar2": 0.0925844237208, "max": 3.15920448303, "mean": 2.02986907959, "median": 2.01549005508, "min": 1.21268129349, "var": 0.0982369035482}, "spectral_spread": {"dmean": 695981.125, "dmean2": 975258.0625, "dvar": 712515190784, "dvar2": 1559559667710.0, "max": 10874000, "mean": 4258631.5, "median": 3984467.5, "min": 2151655.5, "var": 1829592498180.0}, "spectral_strongpeak": {"dmean": 0.779231905937, "dmean2": 1.34049999714, "dvar": 1.18234241009, "dvar2": 2.68834614754, "max": 7.47817659378, "mean": 1.46105146408, "median": 0.812408328056, "min": 0, "var": 2.01383781433}, "zerocrossingrate": {"dmean": 0.00753331370652, "dmean2": 0.00915857870132, "dvar": 5.06704236614e-05, "dvar2": 7.96117165009e-05, "max": 0.1904296875, "mean": 0.0490753315389, "median": 0.0458984375, "min": 0.01416015625, "var": 0.000305954163196}, "barkbands": {"dmean": [0.000803860777523, 0.0128088444471, 0.00617361720651, 0.00390188861638, 0.00243093143217, 0.000424108467996, 0.000745677039959, 0.00129996193573, 0.00121078779921, 0.000328501744661, 0.000242731111939, 0.000681351462845, 0.000460212817416, 0.000613612646703, 0.000531354045961, 0.000366447056876, 0.000145334910485, 5.57114071853e-05, 5.43871137779e-05, 4.52677850262e-05, 3.34652031597e-05, 2.56330476986e-05, 2.66921833827e-05, 3.38136669598e-05, 3.49003348674e-05, 3.86356477975e-05, 2.46331219387e-05], "dmean2": [0.00131341454107, 0.0231968350708, 0.0108752930537, 0.00658033741638, 0.00390269071795, 0.000649741268717, 0.000978553085588, 0.00174000265542, 0.00166628940497, 0.00047284734319, 0.000335310673108, 0.000945790845435, 0.000666180509143, 0.000757473055273, 0.000756312103476, 0.000541058485396, 0.000242609690758, 9.2531365226e-05, 8.87865389814e-05, 7.12061519152e-05, 5.39774955541e-05, 4.00421631639e-05, 4.40255971625e-05, 5.16651743965e-05, 5.16558866366e-05, 6.0103047872e-05, 3.55996489816e-05], "dvar": [3.41924555869e-06, 0.00123053463176, 0.000148994557094, 3.68435721612e-05, 2.23378938244e-05, 4.64542637246e-07, 1.32975810629e-06, 3.44636919181e-06, 3.89701563108e-06, 3.27349141571e-07, 2.08161310411e-07, 8.93772778454e-07, 3.05567567693e-07, 7.90443891674e-07, 6.61062074414e-07, 4.07453256912e-07, 1.10814667664e-07, 3.75957354137e-09, 2.71398459262e-09, 3.34913363709e-09, 2.10994621774e-09, 2.44640840918e-09, 4.44759740148e-09, 3.91328436322e-09, 4.76385286774e-09, 8.26847301738e-09, 2.66524535775e-09], "dvar2": [8.88454360393e-06, 0.00349689484574, 0.00040958460886, 9.97134848149e-05, 5.63554094697e-05, 1.14144393137e-06, 2.09732638723e-06, 6.64748631607e-06, 7.03534578861e-06, 6.06990852248e-07, 3.15963717412e-07, 1.70403313859e-06, 6.74950513257e-07, 1.15353611818e-06, 1.21383038731e-06, 8.79768037976e-07, 2.69102542916e-07, 9.91448700915e-09, 6.8395413777e-09, 8.39007174847e-09, 5.34916244632e-09, 6.2902367759e-09, 1.20391723257e-08, 9.62532809012e-09, 1.16085958624e-08, 2.15256115155e-08, 5.60719071174e-09], "max": [0.0132419224828, 0.215948820114, 0.0976997539401, 0.050005543977, 0.0510571412742, 0.00778663344681, 0.0334363728762, 0.034586019814, 0.0338393636048, 0.0140320667997, 0.0109777711332, 0.0130416573957, 0.00626774411649, 0.0107787288725, 0.00919382274151, 0.00744202453643, 0.00703473668545, 0.000842328066938, 0.000781709735747, 0.000619294238277, 0.000490935402922, 0.000547230651136, 0.000644402171019, 0.000654326751828, 0.00104150199331, 0.00129362335429, 0.000331263552653], "mean": [0.000814192055259, 0.0120200626552, 0.00787243247032, 0.00614324212074, 0.00508632464334, 0.00090932182502, 0.0019748210907, 0.00370531040244, 0.00334250205196, 0.000695994822308, 0.000481154595036, 0.00137973343953, 0.00090394273866, 0.00124568643514, 0.000958704156801, 0.000759474001825, 0.000294502009638, 0.000116569426609, 0.000124986341689, 9.74935974227e-05, 6.68258508085e-05, 5.01212743984e-05, 3.86561223422e-05, 5.55416554562e-05, 4.95578860864e-05, 4.30203435826e-05, 2.593253339e-05], "median": [0.000196205917746, 0.0053589195013, 0.00392223708332, 0.0035192524083, 0.00291571393609, 0.00053314527031, 0.000940050231293, 0.00163505063392, 0.00118594989181, 0.000297864462482, 0.000147264174302, 0.00058781565167, 0.000579636311159, 0.000432898319559, 0.000321264378726, 0.000184529984836, 0.000147546568769, 9.77074523689e-05, 0.000105954008177, 6.66512059979e-05, 3.94947419409e-05, 2.40503541136e-05, 1.74248689291e-05, 2.42729765887e-05, 2.00159793167e-05, 9.92846253212e-06, 2.05306218959e-06], "min": [1.37719193688e-11, 2.17631551669e-10, 2.37271646775e-10, 5.5658400111e-10, 1.0832788e-09, 8.78064787546e-10, 2.6469944292e-11, 4.0217559838e-10, 1.71611155841e-10, 5.09431996587e-10, 6.32936827949e-11, 4.66798717735e-11, 8.86941839418e-11, 3.08404107807e-10, 1.36051600541e-10, 6.09933839546e-11, 7.00168187318e-11, 2.11851203247e-10, 1.86828427728e-10, 3.31641936135e-10, 3.17767478997e-10, 2.5463145481e-10, 3.57303769905e-10, 2.44134990002e-10, 2.02294125895e-10, 8.62927715395e-11, 2.09080669444e-11], "var": [3.09594861392e-06, 0.000758371665142, 0.000123104793602, 5.03477276652e-05, 3.73151087842e-05, 1.16702801733e-06, 1.18165353342e-05, 2.42797686951e-05, 2.54741789831e-05, 1.59879573403e-06, 9.17672423384e-07, 3.53210293724e-06, 8.35168293634e-07, 3.06763331537e-06, 1.77754748165e-06, 1.30409546273e-06, 4.25410689786e-07, 6.69919009155e-09, 6.12986816861e-09, 8.56656789949e-09, 4.46441283941e-09, 4.05738020959e-09, 4.31486180119e-09, 6.17894979626e-09, 6.41692388115e-09, 7.46149542152e-09, 3.44338357827e-09]}, "erbbands": {"dmean": [0.323743283749, 3.03686952591, 7.42834854126, 10.3587999344, 11.1726903915, 6.75765657425, 3.65896630287, 3.54655790329, 8.49015712738, 20.5129394531, 24.4524040222, 25.2452716827, 19.5802154541, 8.79434204102, 11.1509332657, 34.740234375, 21.4706687927, 36.7312965393, 29.0164337158, 13.404800415, 24.7845096588, 5.56398439407, 2.86093139648, 2.77157735825, 2.98287200928, 2.38823843002, 1.71524560452, 0.972535550594, 0.980478286743, 0.77496612072, 0.7436632514, 0.708593606949, 0.571196615696, 0.358181774616, 0.28475728631, 0.173271402717, 0.072015799582, 0.0194561500102, 0.00415573781356, 0.000274037825875], "dmean2": [0.568187236786, 5.5952630043, 13.3348522186, 17.4158267975, 18.2253704071, 10.8575935364, 5.5442109108, 5.40754795074, 11.1747341156, 27.7143344879, 32.3299179077, 34.8134841919, 26.9686222076, 12.7475328445, 15.635509491, 48.2110099792, 31.2816047668, 44.9618644714, 40.5113487244, 20.0204334259, 36.7111091614, 8.98878765106, 4.73410320282, 4.58857917786, 4.86252784729, 3.83516836166, 2.76734685898, 1.51245379448, 1.56561386585, 1.2269705534, 1.2155393362, 1.06361722946, 0.904943704605, 0.540118992329, 0.423364698887, 0.270547568798, 0.113030970097, 0.0297824312001, 0.00590006401762, 0.000388904940337], "dvar": [0.686524748802, 71.2242279053, 281.53302002, 248.116516113, 326.647277832, 191.25567627, 42.5450897217, 33.2375793457, 199.058044434, 1385.66235352, 1134.63549805, 1702.19274902, 1482.87207031, 225.09362793, 271.716552734, 2304.51538086, 665.588439941, 2945.07617188, 2295.16748047, 590.665527344, 1990.84338379, 91.8482589722, 8.11802387238, 9.48702907562, 9.11744117737, 10.9924955368, 5.03476953506, 2.78404641151, 4.04206943512, 2.57680797577, 3.43918275833, 1.95534908772, 1.29308784008, 0.450208961964, 0.366229057312, 0.156623914838, 0.0358795449138, 0.00130380643532, 7.63620992075e-05, 3.22549936982e-07], "dvar2": [1.90835261345, 204.074157715, 785.619873047, 668.767944336, 831.704589844, 484.551422119, 97.5586929321, 81.2185592651, 280.62713623, 2979.31274414, 1936.12939453, 3084.55810547, 2811.81298828, 436.680389404, 460.475006104, 4377.52441406, 1530.80529785, 4207.87744141, 4129.44091797, 1211.71154785, 4338.21923828, 224.451004028, 20.3801822662, 23.4838829041, 23.8362731934, 28.3714008331, 13.0416297913, 6.5706486702, 10.6249704361, 6.7772231102, 9.43221187592, 4.55802440643, 3.34246015549, 1.12006759644, 0.89366465807, 0.401374548674, 0.0947360321879, 0.00313766044565, 0.000155427085701, 6.57463431253e-07], "max": [5.77655601501, 51.8060722351, 114.100128174, 119.138023376, 169.186737061, 179.675628662, 101.856918335, 71.1825180054, 507.584075928, 820.91583252, 811.322631836, 939.221557617, 654.098388672, 320.760498047, 330.013977051, 663.299316406, 300.66418457, 672.637268066, 552.92755127, 387.427429199, 511.86819458, 203.199478149, 39.2574386597, 35.9898529053, 32.8838882446, 34.9768104553, 24.6316184998, 16.3688182831, 19.9539909363, 16.6144924164, 20.060628891, 17.4673538208, 14.034526825, 8.43975257874, 10.2497768402, 5.63253259659, 3.11370372772, 0.389401674271, 0.0649880990386, 0.00396630726755], "mean": [0.307337373495, 2.83282852173, 8.44247913361, 17.165769577, 20.6444911957, 13.9206933975, 8.95557022095, 7.13455247879, 21.688243866, 62.2006912231, 68.5308761597, 76.3048858643, 47.4515075684, 18.1960506439, 24.8189907074, 71.8604660034, 45.8866271973, 77.1512069702, 53.6918106079, 26.4363498688, 54.5749969482, 13.406578064, 6.62780952454, 6.21537065506, 6.71098804474, 5.13811254501, 3.5709297657, 2.01177954674, 1.81865370274, 1.37096893787, 1.07159018517, 1.15284848213, 0.866781353951, 0.524604558945, 0.388453751802, 0.199587255716, 0.0755604207516, 0.0208100583404, 0.00454063806683, 0.000334039883455], "median": [0.124289929867, 1.23655295372, 4.11520576477, 10.2784109116, 14.0795135498, 8.02610015869, 3.83668088913, 4.55787658691, 11.5144882202, 18.7597084045, 44.5345840454, 29.1711673737, 18.6333389282, 8.98910617828, 14.1317844391, 31.2771759033, 32.2568893433, 28.2056388855, 22.1372795105, 15.1632137299, 12.9668769836, 8.63802146912, 5.72376060486, 5.08345794678, 5.4390668869, 3.42159795761, 2.05727791786, 1.14503490925, 0.844754457474, 0.6608710289, 0.502579450607, 0.519524097443, 0.350627660751, 0.223145335913, 0.140688866377, 0.0578721016645, 0.0148028796539, 0.00392568204552, 0.000378312950488, 7.62878917158e-05], "min": [5.59771118347e-09, 5.28650829779e-08, 2.35716328234e-07, 1.1164611351e-06, 3.84373106499e-06, 3.2229709177e-06, 4.05443552154e-06, 7.3229989539e-06, 1.24100586163e-06, 2.63668084699e-06, 9.30918213271e-06, 3.74273804482e-06, 1.50881851368e-05, 7.78707453719e-06, 2.74850367532e-06, 1.46907973431e-06, 3.72769318346e-06, 8.06584284874e-06, 1.46829879668e-05, 4.67855807074e-06, 4.3347040446e-06, 4.19661319029e-06, 9.62513604463e-06, 8.50276137498e-06, 1.47069922605e-05, 1.17329218483e-05, 1.35342215799e-05, 9.11848201213e-06, 1.21484217743e-05, 6.21085155217e-06, 1.01439536593e-05, 5.73613851884e-06, 3.57328440259e-06, 3.60326635018e-06, 9.46995896811e-07, 4.83438611809e-07, 1.12203800029e-07, 1.99516048127e-08, 3.86177045897e-09, 6.05180794366e-10], "var": [0.463467538357, 42.4915161133, 196.149902344, 354.161499023, 523.41595459, 313.954040527, 132.99118042, 63.4521141052, 1642.73706055, 9884.890625, 6218.53027344, 15826.8828125, 5601.76904297, 646.314331055, 1056.88818359, 8944.57324219, 1615.37756348, 11289.6894531, 5686.25830078, 1689.5892334, 6459.12939453, 329.759613037, 15.774312973, 17.7594642639, 20.7415122986, 23.6588191986, 12.9083557129, 5.11709833145, 5.89634227753, 3.56322669983, 3.25370168686, 3.04238605499, 1.74890506268, 0.618718504906, 0.467827349901, 0.149488657713, 0.0296962335706, 0.00150353519712, 0.000103162077721, 4.42348238039e-07]}, "gfcc": {"mean": [26.7823410034, 105.844940186, -110.500747681, 13.2234477997, -39.8165969849, 15.5928964615, -31.5430335999, 7.62901353836, -19.5480079651, 4.12008666992, -18.8642959595, -14.3562307358, -20.0871601105], "cov": [[1994.8392334, -680.195861816, 792.316894531, -14.7534570694, 82.2153701782, 95.2006149292, -89.5179290771, -28.8151092529, -80.4414138794, 17.177986145, -144.322021484, 58.211643219, -12.4242219925], [-680.195861816, 1279.0637207, -216.240081787, 325.85748291, 176.824829102, -10.2479705811, 136.868270874, -37.4801483154, 80.177520752, -89.3995742798, 167.011611938, -59.7997627258, 118.703330994], [792.316894531, -216.240081787, 763.593017578, 71.8593902588, 170.474868774, 37.1562957764, 10.2660923004, -37.3490180969, -53.6754417419, 3.87684464455, -16.2810516357, 70.8690948486, 13.7865161896], [-14.7534570694, 325.85748291, 71.8593902588, 222.365005493, 99.9874267578, 33.4945869446, 28.4899501801, -13.7050065994, 4.1811542511, -56.7390060425, 8.08501815796, -3.9240860939, 76.3296508789], [82.2153701782, 176.824829102, 170.474868774, 99.9874267578, 219.201675415, 43.8863983154, 37.3943595886, -21.3131656647, 10.7676992416, -33.5316238403, -8.51476383209, 10.2518701553, 64.439956665], [95.2006149292, -10.2479705811, 37.1562957764, 33.4945869446, 43.8863983154, 100.511322021, 0.437089711428, 14.0589036942, -27.2234382629, -0.634480655193, -10.3645935059, 4.6405916214, 7.60979032516], [-89.5179290771, 136.868270874, 10.2660923004, 28.4899501801, 37.3943595886, 0.437089711428, 101.946746826, 20.5804405212, 28.8014431, -21.6695175171, 20.0765361786, -5.37152528763, 19.3611106873], [-28.8151092529, -37.4801483154, -37.3490180969, -13.7050065994, -21.3131656647, 14.0589036942, 20.5804405212, 107.282836914, 28.4220046997, 0.876989841461, -40.8330574036, -7.4987912178, 1.85064232349], [-80.4414138794, 80.177520752, -53.6754417419, 4.1811542511, 10.7676992416, -27.2234382629, 28.8014431, 28.4220046997, 85.2509613037, 6.00337505341, -5.58723068237, -30.1933937073, 11.7219820023], [17.177986145, -89.3995742798, 3.87684464455, -56.7390060425, -33.5316238403, -0.634480655193, -21.6695175171, 0.876989841461, 6.00337505341, 85.5433425903, 46.7617759705, 6.23221874237, -50.6704902649], [-144.322021484, 167.011611938, -16.2810516357, 8.08501815796, -8.51476383209, -10.3645935059, 20.0765361786, -40.8330574036, -5.58723068237, 46.7617759705, 145.835189819, 36.6793136597, -25.8188800812], [58.211643219, -59.7997627258, 70.8690948486, -3.9240860939, 10.2518701553, 4.6405916214, -5.37152528763, -7.4987912178, -30.1933937073, 6.23221874237, 36.6793136597, 85.206161499, 19.9012241364], [-12.4242219925, 118.703330994, 13.7865161896, 76.3296508789, 64.439956665, 7.60979032516, 19.3611106873, 1.85064232349, 11.7219820023, -50.6704902649, -25.8188800812, 19.9012241364, 104.68585968]], "icov": [[0.00114479498006, 0.000189052327187, -0.00121206254698, 3.56737837137e-05, 0.000604449945968, -0.00105262908619, 0.000536942097824, 0.00059263134608, -0.000637263641693, -3.77862670575e-05, 0.000843680405524, -0.000140740594361, -6.23259911663e-05], [0.000189052327187, 0.00338231096976, 0.000899396662135, -0.00315428921022, -0.0019774499815, 0.00125052104704, -0.000450234481832, -0.00124350737315, -3.27070883941e-05, 0.00258715078235, -0.00579300522804, 0.00398699659854, -0.00133052375168], [-0.00121206254698, 0.000899396662135, 0.0037605301477, -0.00205738516524, -0.00302707543597, 0.00227473443374, -0.00171005434822, -0.000401444296585, 0.00182139279786, -0.00085197360022, -0.000803299131803, -0.000897140940651, 0.00121863710228], [3.56737837137e-05, -0.00315428921022, -0.00205738516524, 0.011809328571, 0.000718839408364, -0.00364992860705, 0.00223723915406, 0.000290316296741, -0.000367852742784, 0.00277283019386, 0.000551526143681, 0.000649929745123, -0.00395900104195], [0.000604449945968, -0.0019774499815, -0.00302707543597, 0.000718839408364, 0.0106324320659, -0.00536602456123, -0.00120074488223, 0.00414024107158, -0.0037421695888, -0.00123098760378, 0.00452478416264, -0.00257416558452, -0.00238890829496], [-0.00105262908619, 0.00125052104704, 0.00227473443374, -0.00364992860705, -0.00536602456123, 0.0166424345225, -0.00150673883036, -0.00529380515218, 0.00894223432988, -0.00338990520686, -0.00181445723865, 0.00300057069398, -0.000375629722839], [0.000536942097824, -0.000450234481832, -0.00171005434822, 0.00223723915406, -0.00120074488223, -0.00150673883036, 0.016313649714, -0.0045968927443, -0.00464174291119, 0.00801770947874, -0.00641506770626, 0.00235111056827, -0.000547599745914], [0.00059263134608, -0.00124350737315, -0.000401444296585, 0.000290316296741, 0.00414024107158, -0.00529380515218, -0.0045968927443, 0.016508422792, -0.0064720059745, -0.00435167504475, 0.0103484038264, -0.00692139053717, 0.00220254552551], [-0.000637263641693, -3.27070883941e-05, 0.00182139279786, -0.000367852742784, -0.0037421695888, 0.00894223432988, -0.00464174291119, -0.0064720059745, 0.0237667430192, -0.00800026021898, -0.000865746871568, 0.00871304422617, -0.00578729156405], [-3.77862670575e-05, 0.00258715078235, -0.00085197360022, 0.00277283019386, -0.00123098760378, -0.00338990520686, 0.00801770947874, -0.00435167504475, -0.00800026021898, 0.0301054231822, -0.0157329086214, 0.00354588916525, 0.00566388294101], [0.000843680405524, -0.00579300522804, -0.000803299131803, 0.000551526143681, 0.00452478416264, -0.00181445723865, -0.00641506770626, 0.0103484038264, -0.000865746871568, -0.0157329086214, 0.0288052130491, -0.017214551568, 0.00758128613234], [-0.000140740594361, 0.00398699659854, -0.000897140940651, 0.000649929745123, -0.00257416558452, 0.00300057069398, 0.00235111056827, -0.00692139053717, 0.00871304422617, 0.00354588916525, -0.017214551568, 0.0283027812839, -0.012724804692], [-6.23259911663e-05, -0.00133052375168, 0.00121863710228, -0.00395900104195, -0.00238890829496, -0.000375629722839, -0.000547599745914, 0.00220254552551, -0.00578729156405, 0.00566388294101, 0.00758128613234, -0.012724804692, 0.0230182670057]]}, "melbands": {"dmean": [0.00322349183261, 0.00402189884335, 0.00177726428956, 0.000662343052682, 0.000140393778565, 7.97957545728e-05, 0.000134241345222, 0.000236150313867, 0.000195689164684, 0.000166040481417, 9.74115973804e-05, 3.60559533874e-05, 3.49632100551e-05, 7.92119681137e-05, 5.7254856074e-05, 5.93291551922e-05, 6.73870381434e-05, 4.31230255344e-05, 2.43933245656e-05, 1.7986732928e-05, 3.09387323796e-05, 6.59027318761e-06, 3.7920210616e-06, 3.45293642567e-06, 2.3141803922e-06, 2.45356454798e-06, 1.6639403384e-06, 1.66159088621e-06, 1.28851877434e-06, 7.63018420002e-07, 6.02951161e-07, 6.21428512204e-07, 4.81772019612e-07, 4.55627741758e-07, 4.62006283897e-07, 4.21970497655e-07, 4.35653646491e-07, 4.1939281914e-07, 3.51210758254e-07, 2.99302257645e-07], "dmean2": [0.00575069943443, 0.00727328937501, 0.00296134036034, 0.0010687650647, 0.000216131389607, 0.000122172627016, 0.000176184941665, 0.000318498467095, 0.00026085958234, 0.000229905039305, 0.000134668633109, 5.29343196831e-05, 4.81016468257e-05, 0.000109717693704, 8.38745254441e-05, 7.68125755712e-05, 8.35075261421e-05, 6.04692722845e-05, 3.53407704097e-05, 2.72902525467e-05, 4.61167401227e-05, 1.09470120151e-05, 6.42464647171e-06, 5.73678835281e-06, 3.84561963074e-06, 4.06906156059e-06, 2.67800328402e-06, 2.69781730822e-06, 2.12217923945e-06, 1.1921119949e-06, 9.48389583755e-07, 9.99714984573e-07, 7.68795644035e-07, 7.40451014281e-07, 7.7242310681e-07, 6.64116271309e-07, 6.51105096949e-07, 6.75923786275e-07, 5.61471551919e-07, 4.61476020064e-07], "dvar": [7.48794336687e-05, 9.67941959971e-05, 7.24117626305e-06, 1.55068369168e-06, 5.42386189295e-08, 1.63083235805e-08, 4.78720068031e-08, 1.80128495231e-07, 6.85206202888e-08, 7.11261805009e-08, 3.75578146361e-08, 4.12270839689e-09, 4.2209373774e-09, 1.0860491173e-08, 3.71179376124e-09, 5.97585714246e-09, 9.5366070596e-09, 4.9726107676e-09, 1.21386101171e-09, 7.57299500886e-10, 3.10970915685e-09, 2.29757463055e-10, 1.88028898007e-11, 1.74306662853e-11, 7.85908144119e-12, 6.48720443683e-12, 3.72804781837e-12, 5.05978071941e-12, 3.33818346229e-12, 1.52439877128e-12, 9.9673914955e-13, 1.54909667992e-12, 8.34959109231e-13, 9.73414166112e-13, 1.46760522571e-12, 7.82789035415e-13, 6.88223078787e-13, 7.52557738348e-13, 4.47139721083e-13, 3.37203274201e-13], "dvar2": [0.00021136518626, 0.000273249926977, 1.92071584024e-05, 3.97477833758e-06, 1.24311299032e-07, 4.03499598178e-08, 6.82127918594e-08, 3.84705970191e-07, 1.17286866441e-07, 1.29091901613e-07, 7.08580927267e-08, 8.02602162508e-09, 6.29440144451e-09, 2.05033447997e-08, 7.97930255203e-09, 9.4791356986e-09, 1.41274441035e-08, 8.83014550368e-09, 2.35191932596e-09, 1.62100488588e-09, 6.82784362382e-09, 5.55751389353e-10, 4.86423817891e-11, 4.50495994675e-11, 1.95782383361e-11, 1.73350656746e-11, 9.20713765645e-12, 1.28217185133e-11, 8.94793614203e-12, 3.80115210141e-12, 2.42595613736e-12, 4.06899253874e-12, 2.20873254582e-12, 2.56605479053e-12, 4.09248069461e-12, 1.98260570287e-12, 1.59364427037e-12, 1.9282290608e-12, 1.18922634327e-12, 8.26075969781e-13], "max": [0.0536482557654, 0.0636296346784, 0.0216016471386, 0.0128322653472, 0.0030229461845, 0.0014695385471, 0.00778222503141, 0.00923278462142, 0.00619312888011, 0.005042986013, 0.00323341856711, 0.00134731654543, 0.00159439095296, 0.00147190957796, 0.000734960136469, 0.000934165611397, 0.0011589047499, 0.000805304094683, 0.000385631603422, 0.000359976576874, 0.000631672970485, 0.000309460767312, 5.86290261708e-05, 4.93602201459e-05, 3.17136036756e-05, 2.95963200188e-05, 1.9260967747e-05, 2.24532341235e-05, 2.07487646549e-05, 1.43830193338e-05, 1.17473746286e-05, 1.26965951495e-05, 1.13226051326e-05, 1.02465473901e-05, 1.32871100504e-05, 8.65606671141e-06, 1.17661584227e-05, 1.16715500553e-05, 7.18110140951e-06, 7.57614952818e-06], "mean": [0.00310207996517, 0.00433421414346, 0.00307771819644, 0.00131132476963, 0.000340511323884, 0.000159519011504, 0.0003467706847, 0.000721218588296, 0.000555587408599, 0.000468043261208, 0.00022535304015, 6.72079040669e-05, 7.05312704667e-05, 0.00016287973267, 0.000119617376185, 0.000119137504953, 0.000137633658596, 7.77264431235e-05, 4.5126897021e-05, 3.46777087543e-05, 6.79417207721e-05, 1.34302463266e-05, 6.7002324613e-06, 6.34942989564e-06, 4.5857477744e-06, 5.12110545969e-06, 3.55211386704e-06, 3.33359662363e-06, 2.43851582127e-06, 1.45012450048e-06, 1.12896350402e-06, 1.08182848635e-06, 8.49506420764e-07, 7.35900243853e-07, 6.18526883045e-07, 6.30153408565e-07, 7.14112388778e-07, 6.3065044742e-07, 4.9598924079e-07, 4.19843502186e-07], "median": [0.00135500670876, 0.0022281864658, 0.00204442394897, 0.00084522634279, 0.000162393582286, 0.000101682715467, 0.000171510037035, 0.000231375641306, 0.000330853479682, 0.000169499195181, 7.26990983821e-05, 2.82250803139e-05, 2.3633663659e-05, 7.82330898801e-05, 8.50923242979e-05, 6.23326559435e-05, 4.72291721962e-05, 3.03432789224e-05, 1.84615273611e-05, 1.50367177412e-05, 1.42446715472e-05, 6.58484714222e-06, 5.32389549335e-06, 4.90677348353e-06, 3.4644981497e-06, 4.1465295908e-06, 2.65424000645e-06, 1.99613941732e-06, 1.31120646074e-06, 7.92704724972e-07, 6.11234440839e-07, 4.88903424412e-07, 4.03990895848e-07, 3.35758215897e-07, 2.88599494525e-07, 2.96589377058e-07, 3.05263768041e-07, 2.30898010045e-07, 2.02132838467e-07, 1.8626879239e-07], "min": [5.57850605987e-11, 1.04505959442e-10, 2.72619871122e-10, 2.91400931163e-10, 1.25996241218e-10, 1.61071586624e-10, 1.51461568981e-11, 4.24884155636e-11, 7.30006680105e-11, 2.0833322914e-11, 7.84277087718e-11, 3.58686066959e-11, 8.73562333581e-12, 5.95329037803e-12, 2.47163184017e-12, 1.13881846661e-11, 1.71798356791e-11, 2.94296184644e-11, 1.11145190274e-11, 2.07591929757e-12, 6.16379126558e-12, 4.09357920825e-12, 3.85888153029e-12, 1.403837116e-11, 4.94169375559e-12, 1.13866928039e-11, 1.27044208487e-11, 6.37489323482e-12, 6.99171449903e-12, 1.24071204699e-11, 2.08877446589e-12, 5.9613477349e-12, 5.71785370787e-12, 3.16215218073e-12, 4.85986554818e-12, 6.24622619252e-12, 2.33330108707e-12, 2.16795288319e-12, 3.24930989233e-12, 2.85031937289e-12], "var": [4.77098474221e-05, 6.25575485174e-05, 9.95533173409e-06, 2.33985997511e-06, 1.67131034345e-07, 3.29329878923e-08, 4.05129640058e-07, 1.29425416162e-06, 4.21420310204e-07, 5.18523165738e-07, 1.42978066719e-07, 1.17599565641e-08, 1.91543936268e-08, 4.30319957445e-08, 1.22278276393e-08, 2.21325571204e-08, 3.7158919497e-08, 1.26016086455e-08, 3.42115225038e-09, 2.08533701418e-09, 1.05253645799e-08, 8.52834747267e-10, 2.96162122604e-11, 2.8264213886e-11, 1.44752621348e-11, 1.31742568243e-11, 7.68591874173e-12, 1.2378551309e-11, 7.54736811243e-12, 2.8129152653e-12, 1.78380422412e-12, 2.20992863766e-12, 1.25280558497e-12, 1.1883845687e-12, 1.250109391e-12, 9.86619965414e-13, 1.14382158259e-12, 1.02165194707e-12, 5.48236911597e-13, 4.46762987933e-13]}, "mfcc": {"mean": [-626.552062988, 146.758987427, -6.08350133896, 13.1290664673, 9.63886356354, 8.8619890213, 3.94161987305, -0.661231398582, 1.96787929535, 11.0654163361, 5.69907474518, 4.63021945953, -2.06524348259], "cov": [[1342.62207031, -339.110626221, 401.377563477, -50.3514022827, 112.866523743, 61.6745452881, 5.1471657753, -23.3223228455, 43.2506103516, -25.2920532227, -47.0082435608, -62.6067619324, -82.2938232422], [-339.110626221, 731.669189453, -63.2424964905, 251.345657349, 93.3721008301, 83.1708831787, 73.7465896606, 63.5662612915, -22.6611442566, 29.1406402588, 11.4694633484, 18.884765625, 29.4047737122], [401.377563477, -63.2424964905, 393.146209717, 79.1964797974, 108.922492981, 61.3664131165, 57.9871940613, 9.39449691772, -1.25978147984, -40.8150634766, -12.7583189011, -30.0466098785, -3.74308657646], [-50.3514022827, 251.345657349, 79.1964797974, 212.872451782, 90.4737930298, 58.9524383545, 36.1114463806, 42.175327301, 23.6949138641, 1.24166297913, -25.6431236267, -16.1214332581, -5.52974224091], [112.866523743, 93.3721008301, 108.922492981, 90.4737930298, 171.951950073, 82.6844177246, 39.1447181702, 17.4849510193, 25.6101398468, -2.93879842758, -28.702255249, -33.5324020386, -13.8545827866], [61.6745452881, 83.1708831787, 61.3664131165, 58.9524383545, 82.6844177246, 104.445785522, 47.4562835693, 5.22166442871, -8.79703521729, -11.8461294174, -11.7094049454, -18.245300293, -5.3261590004], [5.1471657753, 73.7465896606, 57.9871940613, 36.1114463806, 39.1447181702, 47.4562835693, 88.5709457397, 34.8458099365, -10.1062526703, -18.3801212311, -2.55632138252, 5.61060810089, 6.33647871017], [-23.3223228455, 63.5662612915, 9.39449691772, 42.175327301, 17.4849510193, 5.22166442871, 34.8458099365, 85.7129669189, 50.669178009, 4.73262119293, -23.9669017792, 0.488206773996, -17.8509140015], [43.2506103516, -22.6611442566, -1.25978147984, 23.6949138641, 25.6101398468, -8.79703521729, -10.1062526703, 50.669178009, 129.46105957, 49.0215377808, -36.6969299316, -27.6948070526, -45.2595901489], [-25.2920532227, 29.1406402588, -40.8150634766, 1.24166297913, -2.93879842758, -11.8461294174, -18.3801212311, 4.73262119293, 49.0215377808, 93.770652771, 19.5214614868, -8.56685352325, -25.6190261841], [-47.0082435608, 11.4694633484, -12.7583189011, -25.6431236267, -28.702255249, -11.7094049454, -2.55632138252, -23.9669017792, -36.6969299316, 19.5214614868, 82.3994827271, 35.7195930481, 14.0529146194], [-62.6067619324, 18.884765625, -30.0466098785, -16.1214332581, -33.5324020386, -18.245300293, 5.61060810089, 0.488206773996, -27.6948070526, -8.56685352325, 35.7195930481, 73.8752441406, 28.4676780701], [-82.2938232422, 29.4047737122, -3.74308657646, -5.52974224091, -13.8545827866, -5.3261590004, 6.33647871017, -17.8509140015, -45.2595901489, -25.6190261841, 14.0529146194, 28.4676780701, 86.8318939209]], "icov": [[0.00141986017115, 0.000176474946784, -0.001560619683, 0.000921344268136, -0.000240601162659, -0.000691919121891, 0.000691122782882, 0.00031816601404, -0.00012584576325, -0.000166461104527, 0.000761214643717, -0.000480597023852, 0.00113109650556], [0.000176474946784, 0.00360558950342, 0.00149816356134, -0.00414021266624, -0.000746791076381, -0.000510065292474, -0.0011183868628, -0.0016858947929, 0.00218616449274, -0.00185255310498, -0.000682752637658, -0.000147111175465, -0.00091659539612], [-0.001560619683, 0.00149816356134, 0.00608585868031, -0.00367392483167, -0.00179346161895, 0.00125852972269, -0.00322212581523, -0.000140817413921, 0.000346488319337, 0.00139495776966, -0.00260410248302, 0.00186127051711, -0.00155739136972], [0.000921344268136, -0.00414021266624, -0.00367392483167, 0.0126410350204, -0.00152578600682, -0.00211776024662, 0.00295737897977, -0.00132566515822, -0.00183535204269, 0.000835652288515, 0.00234420620836, -0.000488282821607, 0.00113079545554], [-0.000240601162659, -0.000746791076381, -0.00179346161895, -0.00152578600682, 0.012483773753, -0.00713756354526, -6.38369019725e-05, 0.00119572610129, -0.00276503013447, 5.5623917433e-05, 0.00110433727968, 0.00142082420643, -0.000414431706304], [-0.000691919121891, -0.000510065292474, 0.00125852972269, -0.00211776024662, -0.00713756354526, 0.0212472993881, -0.00930906832218, 0.00422935374081, 0.00182552309707, 0.000637175166048, 3.30568109348e-05, 0.00245262146927, 0.0014796651667], [0.000691122782882, -0.0011183868628, -0.00322212581523, 0.00295737897977, -6.38369019725e-05, -0.00930906832218, 0.023366542533, -0.0114612523466, 0.00339008774608, 0.00111675856169, -0.000867224705871, -0.00170677597634, -0.000762948882766], [0.00031816601404, -0.0016858947929, -0.000140817413921, -0.00132566515822, 0.00119572610129, 0.00422935374081, -0.0114612523466, 0.0259414613247, -0.0109389396384, 0.00301998923533, 0.00388602539897, -0.00428687734529, 0.00336741213687], [-0.00012584576325, 0.00218616449274, 0.000346488319337, -0.00183535204269, -0.00276503013447, 0.00182552309707, 0.00339008774608, -0.0109389396384, 0.020425112918, -0.0103843081743, 0.00620716391131, 0.000528466654941, 0.00261764111929], [-0.000166461104527, -0.00185255310498, 0.00139495776966, 0.000835652288515, 5.5623917433e-05, 0.000637175166048, 0.00111675856169, 0.00301998923533, -0.0103843081743, 0.0202806349844, -0.00962794199586, 0.0034369523637, 0.00217263866216], [0.000761214643717, -0.000682752637658, -0.00260410248302, 0.00234420620836, 0.00110433727968, 3.30568109348e-05, -0.000867224705871, 0.00388602539897, 0.00620716391131, -0.00962794199586, 0.0235856212676, -0.0101128797978, 0.00192318786867], [-0.000480597023852, -0.000147111175465, 0.00186127051711, -0.000488282821607, 0.00142082420643, 0.00245262146927, -0.00170677597634, -0.00428687734529, 0.000528466654941, 0.0034369523637, -0.0101128797978, 0.0227411966771, -0.00526561588049], [0.00113109650556, -0.00091659539612, -0.00155739136972, 0.00113079545554, -0.000414431706304, 0.0014796651667, -0.000762948882766, 0.00336741213687, 0.00261764111929, 0.00217263866216, 0.00192318786867, -0.00526561588049, 0.0170968379825]]}, "spectral_contrast_coeffs": {"dmean": [0.0486456640065, 0.0462411940098, 0.0436653420329, 0.0388537608087, 0.0250868238509, 0.0186088364571], "dmean2": [0.0814675539732, 0.0733939036727, 0.0670683383942, 0.0587358213961, 0.0400917492807, 0.0288655273616], "dvar": [0.00165255286265, 0.00158451858442, 0.00151808233932, 0.00116852985229, 0.000424634694355, 0.00027986074565], "dvar2": [0.00440762098879, 0.00389189645648, 0.00357426214032, 0.00278087309562, 0.00102589535527, 0.000613803509623], "max": [-0.398642867804, -0.410933345556, -0.461093306541, -0.520356357098, -0.597332239151, -0.693661808968], "mean": [-0.619850754738, -0.664714396, -0.655206561089, -0.686165988445, -0.752990841866, -0.77929276228], "median": [-0.621875286102, -0.666345953941, -0.653382897377, -0.685411334038, -0.754494905472, -0.77692425251], "min": [-0.882897615433, -0.930997788906, -0.956070423126, -0.899837195873, -0.890510559082, -0.893095195293], "var": [0.00393340876326, 0.00544749200344, 0.00490421894938, 0.00304446113296, 0.00153519969899, 0.00066759652691]}, "spectral_contrast_valleys": {"dmean": [0.499051570892, 0.380963712931, 0.356179773808, 0.32869848609, 0.225870937109, 0.337704867125], "dmean2": [0.751312613487, 0.607532680035, 0.560524046421, 0.500910520554, 0.329591661692, 0.435554474592], "dvar": [0.27298861742, 0.133678227663, 0.136617913842, 0.137716934085, 0.0685684904456, 0.165865853429], "dvar2": [0.507793545723, 0.290540277958, 0.288770645857, 0.276252388954, 0.106704518199, 0.296797573566], "max": [-4.89296197891, -5.10259723663, -5.86142730713, -6.25464820862, -6.64755296707, -8.34565162659], "mean": [-6.82