{"lowlevel": {"average_loudness": 0.549453318119, "barkbands_crest": {"dmean": 1.88348186016, "dmean2": 3.05452203751, "dvar": 3.22412514687, "dvar2": 9.08242034912, "max": 26.5880794525, "mean": 11.9952821732, "median": 11.3066577911, "min": 4.03591680527, "var": 16.0461235046}, "barkbands_flatness_db": {"dmean": 0.0154343955219, "dmean2": 0.0257373861969, "dvar": 0.000191776925931, "dvar2": 0.00052789086476, "max": 0.405340492725, "mean": 0.278862148523, "median": 0.276778280735, "min": 0.0654055401683, "var": 0.00123282487039}, "barkbands_kurtosis": {"dmean": 1.97957587242, "dmean2": 3.2145280838, "dvar": 14.7408571243, "dvar2": 43.6574554443, "max": 135.340942383, "mean": 4.79572296143, "median": 3.17995405197, "min": -1.75992333889, "var": 56.6967506409}, "barkbands_skewness": {"dmean": 0.36184322834, "dmean2": 0.580576598644, "dvar": 0.175687551498, "dvar2": 0.495858103037, "max": 9.6598443985, "mean": 1.53724014759, "median": 1.47343659401, "min": -1.94738507271, "var": 0.841544687748}, "barkbands_spread": {"dmean": 1.07766056061, "dmean2": 1.74771511555, "dvar": 1.49827516079, "dvar2": 3.84746074677, "max": 39.4956512451, "mean": 6.38699913025, "median": 5.8849105835, "min": 0.433021843433, "var": 9.29667377472}, "dissonance": {"dmean": 0.0316071510315, "dmean2": 0.053509067744, "dvar": 0.000756534747779, "dvar2": 0.00209100381471, "max": 0.499999940395, "mean": 0.411792486906, "median": 0.417135804892, "min": 0.231329724193, "var": 0.00192452443298}, "dynamic_complexity": 3.05641031265, "erbbands_crest": {"dmean": 2.03485894203, "dmean2": 3.18251562119, "dvar": 3.62918782234, "dvar2": 9.4251127243, "max": 31.9515151978, "mean": 12.84674263, "median": 11.7414617538, "min": 2.4199347496, "var": 26.5279808044}, "erbbands_flatness_db": {"dmean": 0.0110119730234, "dmean2": 0.0173155032098, "dvar": 0.000114684851724, "dvar2": 0.000275291356957, "max": 0.425405710936, "mean": 0.305723845959, "median": 0.306697666645, "min": 0.0310493577272, "var": 0.00117763981689}, "erbbands_kurtosis": {"dmean": 0.91771709919, "dmean2": 1.44272708893, "dvar": 2.24713182449, "dvar2": 4.81611633301, "max": 87.5185241699, "mean": 1.54538273811, "median": 0.574364066124, "min": -1.62710368633, "var": 15.7003355026}, "erbbands_skewness": {"dmean": 0.278414189816, "dmean2": 0.43611690402, "dvar": 0.0663827285171, "dvar2": 0.161262586713, "max": 7.68622732162, "mean": 0.740051329136, "median": 0.671887099743, "min": -2.75764298439, "var": 0.880253612995}, "erbbands_spread": {"dmean": 2.08226680756, "dmean2": 3.21458554268, "dvar": 4.33867931366, "dvar2": 10.5999288559, "max": 92.5516738892, "mean": 15.3042058945, "median": 15.0116252899, "min": 2.35887312889, "var": 27.5398426056}, "hfc": {"dmean": 1.91506373882, "dmean2": 2.94086122513, "dvar": 6.80036020279, "dvar2": 15.2992200851, "max": 60.6803741455, "mean": 11.2461147308, "median": 8.329246521, "min": 1.16751725962e-16, "var": 77.9346618652}, "melbands_crest": {"dmean": 2.46453809738, "dmean2": 4.01687526703, "dvar": 5.90320491791, "dvar2": 16.0660305023, "max": 39.2700653076, "mean": 15.6720018387, "median": 15.189950943, "min": 2.48876547813, "var": 22.6765880585}, "melbands_flatness_db": {"dmean": 0.0147472526878, "dmean2": 0.024043360725, "dvar": 0.000212043174542, "dvar2": 0.000539173313882, "max": 0.505785703659, "mean": 0.35526996851, "median": 0.350650250912, "min": 0.00782366003841, "var": 0.00173121318221}, "melbands_kurtosis": {"dmean": 2.39550542831, "dmean2": 3.81708908081, "dvar": 16.7904911041, "dvar2": 43.3060874939, "max": 136.711593628, "mean": 6.65828514099, "median": 4.75667858124, "min": -1.71704757214, "var": 75.1847991943}, "melbands_skewness": {"dmean": 0.362823992968, "dmean2": 0.567453682423, "dvar": 0.147258326411, "dvar2": 0.367701023817, "max": 11.26679039, "mean": 1.80890977383, "median": 1.7293715477, "min": -0.967022120953, "var": 0.814038872719}, "melbands_spread": {"dmean": 1.64297151566, "dmean2": 2.64807891846, "dvar": 7.12059640884, "dvar2": 15.4275579453, "max": 152.250518799, "mean": 8.83401679993, "median": 8.01008605957, "min": 0.625993907452, "var": 24.4792957306}, "pitch_salience": {"dmean": 0.0502894595265, "dmean2": 0.0811752304435, "dvar": 0.00234362715855, "dvar2": 0.00623960886151, "max": 0.85675406456, "mean": 0.517768383026, "median": 0.518825471401, "min": 0.0276848319918, "var": 0.0117654213682}, "silence_rate_20dB": {"dmean": 0, "dmean2": 0, "dvar": 0, "dvar2": 0, "max": 1, "mean": 1, "median": 1, "min": 1, "var": 0}, "silence_rate_30dB": {"dmean": 0.0113136395812, "dmean2": 0.0226301234215, "dvar": 0.0111869685352, "dvar2": 0.028154682368, "max": 1, "mean": 0.982654571533, "median": 1, "min": 0, "var": 0.0170435700566}, "silence_rate_60dB": {"dmean": 0.00226272782311, "dmean2": 0.00452602468431, "dvar": 0.00225760345347, "dvar2": 0.00525967637077, "max": 1, "mean": 0.0209904480726, "median": 0, "min": 0, "var": 0.0205514635891}, "spectral_centroid": {"dmean": 46.202922821, "dmean2": 73.2607498169, "dvar": 12707.0429688, "dvar2": 15045.1894531, "max": 11285.4306641, "mean": 513.747314453, "median": 487.866394043, "min": 260.497253418, "var": 35286.8046875}, "spectral_complexity": {"dmean": 1.47001886368, "dmean2": 2.4430475235, "dvar": 1.60898518562, "dvar2": 4.0715508461, "max": 25, "mean": 11.6060838699, "median": 12, "min": 0, "var": 9.2205619812}, "spectral_decrease": {"dmean": 1.47632939207e-09, "dmean2": 2.40759345793e-09, "dvar": 9.59424872214e-18, "dvar2": 2.43896172301e-17, "max": 1.66693901048e-29, "mean": -6.77103084712e-09, "median": -4.97158314516e-09, "min": -9.5428489999e-08, "var": 4.04592367922e-17}, "spectral_energy": {"dmean": 0.00572349829599, "dmean2": 0.00931777246296, "dvar": 0.000140023927088, "dvar2": 0.000354842690285, "max": 0.365673154593, "mean": 0.0265755169094, "median": 0.0195162147284, "min": 1.05268143742e-20, "var": 0.000610287766904}, "spectral_energyband_high": {"dmean": 2.61355148723e-06, "dmean2": 4.32551405538e-06, "dvar": 2.19902950016e-11, "dvar2": 5.88466081419e-11, "max": 0.000102909194538, "mean": 7.83838095231e-06, "median": 4.09702806792e-06, "min": 7.86903136732e-21, "var": 8.85429160546e-11}, "spectral_energyband_low": {"dmean": 0.00217852671631, "dmean2": 0.00372712709941, "dvar": 9.60700999713e-05, "dvar2": 0.000250351207796, "max": 0.308842122555, "mean": 0.00496465340257, "median": 0.00122757663485, "min": 4.58431400494e-23, "var": 0.000184266667929}, "spectral_energyband_middle_high": {"dmean": 0.000781549490057, "dmean2": 0.00110589375254, "dvar": 1.47030073094e-06, "dvar2": 3.1339650377e-06, "max": 0.0265931393951, "mean": 0.00339998537675, "median": 0.00162346265279, "min": 1.31067454684e-21, "var": 1.44329524119e-05}, "spectral_energyband_middle_low": {"dmean": 0.00407516630366, "dmean2": 0.00652196723968, "dvar": 3.12483025482e-05, "dvar2": 7.76564847911e-05, "max": 0.140470892191, "mean": 0.0193806383759, "median": 0.0142499636859, "min": 2.60678189984e-22, "var": 0.000228226796025}, "spectral_entropy": {"dmean": 0.105925053358, "dmean2": 0.174311459064, "dvar": 0.0105014098808, "dvar2": 0.0259740483016, "max": 9.79832172394, "mean": 6.26571035385, "median": 6.28697824478, "min": 4.76339817047, "var": 0.0822696313262}, "spectral_flux": {"dmean": 0.0145245827734, "dmean2": 0.023906417191, "dvar": 0.000484770425828, "dvar2": 0.00124563300051, "max": 0.506310105324, "mean": 0.0480153746903, "median": 0.0394212305546, "min": 1.0260026162e-10, "var": 0.00117242115084}, "spectral_kurtosis": {"dmean": 12.0067424774, "dmean2": 21.0894584656, "dvar": 100.674201965, "dvar2": 299.72277832, "max": 94.7659683228, "mean": 26.0870723724, "median": 23.2905693054, "min": -1.22301948071, "var": 211.682662964}, "spectral_rms": {"dmean": 0.000492708466481, "dmean2": 0.000790660560597, "dvar": 4.07620092346e-07, "dvar2": 9.86153054328e-07, "max": 0.0188879407942, "mean": 0.00468894699588, "median": 0.00436350889504, "min": 3.20469388873e-12, "var": 3.94122025682e-06}, "spectral_rolloff": {"dmean": 88.9594192505, "dmean2": 156.368209839, "dvar": 105909.359375, "dvar2": 178141.859375, "max": 18863.0859375, "mean": 685.206359863, "median": 624.462890625, "min": 21.533203125, "var": 185379.65625}, "spectral_skewness": {"dmean": 0.794425785542, "dmean2": 1.39255058765, "dvar": 0.408502787352, "dvar2": 1.22709453106, "max": 7.4347858429, "mean": 3.36583185196, "median": 3.23618841171, "min": -0.0180125944316, "var": 0.955395162106}, "spectral_spread": {"dmean": 207931.046875, "dmean2": 357228.53125, "dvar": 155449786368, "dvar2": 208810983424, "max": 40922552, "mean": 1616098.625, "median": 1589452, "min": 727851.25, "var": 364225626112}, "spectral_strongpeak": {"dmean": 0.37656095624, "dmean2": 0.646430432796, "dvar": 0.354339003563, "dvar2": 0.844251394272, "max": 8.16819667816, "mean": 1.24602353573, "median": 0.863107264042, "min": 0, "var": 1.09914314747}, "zerocrossingrate": {"dmean": 0.00240912009031, "dmean2": 0.00323754898272, "dvar": 6.05252680543e-05, "dvar2": 9.55327413976e-05, "max": 0.50390625, "mean": 0.0245885457844, "median": 0.02392578125, "min": 0, "var": 0.000122733981698}, "barkbands": {"dmean": [0.000717679271474, 0.00118774618022, 0.000708706211299, 0.000438133632997, 0.0018986169016, 0.0017084616702, 0.00120367121417, 0.00047731451923, 0.000273621582892, 0.000318261765642, 0.000271111290203, 0.000280811887933, 0.00019750049978, 7.77479581302e-05, 3.51905473508e-05, 6.02924374107e-05, 1.64472075994e-05, 1.69725117303e-05, 4.71589282824e-06, 3.89318529415e-06, 1.23982340483e-06, 2.80185673773e-07, 1.53252997848e-07, 7.66319345757e-08, 9.29226757762e-08, 3.74436375239e-08, 8.83227713189e-10], "dmean2": [0.00124345405493, 0.00201761769131, 0.00123726099264, 0.000734807632398, 0.0030433924403, 0.00273800268769, 0.0018781706458, 0.000700928096194, 0.000370000052499, 0.000420639960794, 0.000373749702703, 0.000406211795053, 0.000305446446873, 0.000121290577226, 5.68737341382e-05, 0.000101276200439, 2.53453308687e-05, 2.65696453425e-05, 7.92197442934e-06, 6.59404713588e-06, 1.99418332159e-06, 4.70604106795e-07, 2.52110822885e-07, 1.2917432457e-07, 1.60447712005e-07, 5.80981627252e-08, 1.61209667837e-09], "dvar": [1.92797469936e-05, 7.69144244259e-05, 2.26608381126e-06, 7.68222037095e-07, 1.23290747069e-05, 8.23920618132e-06, 6.3377551669e-06, 8.18961098048e-07, 2.30761742159e-07, 5.02225134369e-07, 3.29757682493e-07, 4.01901587566e-07, 4.80138396597e-07, 4.23958397278e-08, 2.70847566597e-09, 8.2941880919e-08, 9.46444478345e-10, 5.29586152709e-09, 8.23586407406e-11, 4.26475139925e-11, 5.65572762234e-12, 2.33666872743e-13, 1.42078203044e-13, 5.04521724149e-14, 3.81296529723e-13, 4.87759585868e-14, 1.98019842174e-18], "dvar2": [5.32105586899e-05, 0.000199060435989, 7.32297849027e-06, 2.36309028878e-06, 3.22409541695e-05, 2.08138317248e-05, 1.79858379852e-05, 1.84718260243e-06, 4.41727820544e-07, 9.20964680517e-07, 6.26968812867e-07, 8.41542430408e-07, 1.04714729332e-06, 1.006812127e-07, 6.8682770582e-09, 2.05279164334e-07, 1.64199454034e-09, 1.1669062161e-08, 2.226244189e-10, 1.17879483952e-10, 1.25853069285e-11, 6.36226585738e-13, 3.73495478252e-13, 1.41609407577e-13, 1.03747479357e-12, 1.2594287592e-13, 5.84647617358e-18], "max": [0.0850373953581, 0.287639468908, 0.0252164676785, 0.0210961475968, 0.120531857014, 0.0774647071958, 0.088822491467, 0.0229145623744, 0.00953289400786, 0.0202533230186, 0.015942633152, 0.0177678391337, 0.0254266951233, 0.00574866402894, 0.00124259642325, 0.00816978048533, 0.00130818784237, 0.00295580527745, 0.000218380795559, 0.000123552585137, 6.19705169811e-05, 8.16148713056e-06, 7.4006484283e-06, 5.1757865549e-06, 1.79671369551e-05, 7.01644512446e-06, 2.72211533314e-08], "mean": [0.000712094304617, 0.00175391091034, 0.00144624733366, 0.00169356528204, 0.00546351633966, 0.00535224704072, 0.00429900502786, 0.00142999715172, 0.000824726826977, 0.00114482128993, 0.00072381348582, 0.000778786081355, 0.000461045565316, 0.00017953015049, 7.48736056266e-05, 0.000134737070766, 3.66491913155e-05, 4.12638910348e-05, 1.09161519504e-05, 8.92922253115e-06, 3.41224563272e-06, 7.00831435552e-07, 3.61055953135e-07, 2.0641685694e-07, 1.34441819455e-07, 7.87221736687e-08, 7.77982456235e-10], "median": [1.02980466181e-05, 4.00259814342e-05, 0.000405733793741, 0.000329496862832, 0.00323481694795, 0.00207322556525, 0.00155327527318, 0.000684574246407, 0.000520134170074, 0.000224906907533, 0.000182619201951, 0.000174211221747, 0.000138776667882, 6.12502699369e-05, 5.0147256843e-05, 3.17154081131e-05, 1.96233195311e-05, 1.09200218503e-05, 6.77575735608e-06, 4.93964944326e-06, 1.39379312714e-06, 3.51165454049e-07, 1.17574543879e-07, 5.03778458949e-08, 2.26612399956e-08, 3.66313646083e-09, 3.2357994062e-10], "min": [2.06654767452e-23, 1.66495830919e-23, 8.12081341511e-24, 2.15895294769e-23, 3.81311979747e-23, 9.22075136311e-24, 2.05421604307e-23, 9.88132597243e-23, 6.36988015353e-23, 7.13342682784e-23, 7.3460027537e-23, 6.69310044777e-23, 7.42507312212e-23, 1.01105153089e-22, 1.14242344045e-22, 1.60306608117e-22, 2.28284027119e-22, 1.28438634408e-22, 2.03205141822e-22, 2.59783078981e-22, 3.84961496419e-22, 5.66034735337e-22, 1.0784074411e-21, 8.4560194095e-22, 1.32060101711e-21, 1.35099041305e-21, 2.45760671232e-21], "var": [2.09593126783e-05, 0.000113252732262, 5.25905488757e-06, 7.89180467109e-06, 5.31936566404e-05, 6.09393027844e-05, 6.88970103511e-05, 4.52360336567e-06, 8.87118687842e-07, 6.707106877e-06, 2.38367215388e-06, 2.87576744995e-06, 1.86517002021e-06, 1.80681851703e-07, 6.40319752776e-09, 3.44093166404e-07, 4.03004563054e-09, 2.92481185937e-08, 2.02991443099e-10, 1.1286805518e-10, 3.21279461368e-11, 6.97171487207e-13, 4.55450727046e-13, 1.67832951313e-13, 2.95518221439e-13, 6.18337033052e-14, 1.69764055553e-18]}, "erbbands": {"dmean": [0.0528590679169, 0.23165102303, 0.598293542862, 1.51683223248, 2.24572205544, 7.1549744606, 13.9301757812, 12.729470253, 16.0649547577, 17.4225311279, 8.06583118439, 5.6251912117, 8.0091791153, 8.94117355347, 11.7631473541, 9.9237947464, 9.29093742371, 3.51995325089, 2.40094280243, 2.76139688492, 2.54501843452, 0.870691299438, 0.798576593399, 0.469056427479, 0.215314596891, 0.195551082492, 0.0482978150249, 0.0505373924971, 0.0109302401543, 0.00595820508897, 0.00425193179399, 0.00226802402176, 0.000959292810876, 0.000765832315665, 0.000742969859857, 0.000304858374875, 5.00021051266e-05, 3.44814657183e-06, 2.65029461843e-06, 6.3189240791e-06], "dmean2": [0.0890651419759, 0.391123950481, 1.02622663975, 2.62881374359, 3.5658223629, 11.464307785, 22.3162059784, 20.4855384827, 26.8919239044, 23.9549846649, 11.3558425903, 7.56642818451, 10.7598648071, 11.9680814743, 16.5481338501, 14.456987381, 14.1576929092, 5.39328765869, 3.73107218742, 4.55093383789, 4.29880714417, 1.31644392014, 1.25009202957, 0.755119860172, 0.358855515718, 0.331474214792, 0.080907382071, 0.0800736322999, 0.0182885471731, 0.00991878844798, 0.00703399349004, 0.00382391945459, 0.00161505828146, 0.00138339179102, 0.0012692931341, 0.000486343516968, 7.24043202354e-05, 5.47494346392e-06, 4.28008524977e-06, 1.02633230199e-05], "dvar": [0.136185437441, 2.79290819168, 1.81722974777, 10.8211240768, 27.5766582489, 203.696563721, 598.780029297, 737.041503906, 1233.40710449, 1910.82189941, 219.155288696, 87.737159729, 304.594268799, 436.588134766, 496.473907471, 523.253662109, 972.225097656, 62.9104347229, 49.4108276367, 51.766960144, 157.321166992, 3.7451646328, 9.04362869263, 2.36884641647, 0.103291928768, 0.139869987965, 0.00555345928296, 0.0139256659895, 0.000396123272367, 0.000138315575896, 0.000119940923469, 4.12282279285e-05, 1.15107995953e-05, 3.07216650981e-05, 2.21764239541e-05, 5.542864983e-06, 3.97237123195e-08, 2.46861059372e-10, 2.78189207781e-11, 1.65293778664e-10], "dvar2": [0.336333453655, 7.68239164352, 5.1431016922, 36.7308769226, 74.5553741455, 508.648742676, 1583.68566895, 1804.13928223, 4020.84277344, 3999.70727539, 439.718475342, 170.520980835, 540.812133789, 852.153015137, 1029.98266602, 1133.3145752, 2113.77709961, 158.782104492, 113.759490967, 134.179244995, 372.577880859, 6.24093532562, 19.4644184113, 5.41292619705, 0.273427903652, 0.387061446905, 0.0152545999736, 0.0296545475721, 0.00105893134605, 0.000364790088497, 0.000322036008583, 0.000113335736387, 3.29708054778e-05, 9.01566090761e-05, 5.95223682467e-05, 1.43542129081e-05, 8.5564749952e-08, 6.80680012355e-10, 6.93210072678e-11, 4.17115286755e-10], "max": [10.7768344879, 53.8096504211, 24.5391674042, 74.0096740723, 226.773803711, 479.521697998, 610.182739258, 904.102722168, 846.395385742, 2348.46313477, 255.801010132, 205.45274353, 722.413085938, 702.17401123, 549.887329102, 902.634643555, 1197.08789062, 284.870697021, 210.125823975, 225.20413208, 387.635955811, 83.2256469727, 128.247497559, 59.1003761292, 6.26066398621, 8.53445339203, 1.34919261932, 3.26934123039, 0.415011644363, 0.236562415957, 0.236782863736, 0.153071954846, 0.0907780081034, 0.140877261758, 0.132176220417, 0.0988641083241, 0.00571979489177, 0.000683043093886, 0.000165543635376, 0.000399175158236], "mean": [0.0688849762082, 0.336727768183, 1.26431763172, 5.16217088699, 6.15074443817, 21.5940284729, 38.7755088806, 43.462802887, 48.2008666992, 71.9979324341, 27.8954849243, 18.4272785187, 28.8049736023, 30.6509571075, 32.8122940063, 29.1588745117, 23.750787735, 8.99883079529, 6.01333189011, 5.80857086182, 5.88601350784, 2.15376472473, 2.09373259544, 1.17775571346, 0.541261732578, 0.446547836065, 0.137701585889, 0.133139386773, 0.0324154533446, 0.0155534613878, 0.0103347105905, 0.0058351312764, 0.00230849557556, 0.00111076282337, 0.00112626806367, 0.000578716397285, 0.000116609910037, 7.58421128921e-06, 1.28441324705e-05, 2.97863371088e-05], "median": [0.000907888053916, 0.0197125766426, 0.368427246809, 1.23493635654, 4.97896385193, 12.5254650116, 14.7184524536, 13.6242599487, 21.6592731476, 19.459154129, 14.7679367065, 12.7600536346, 7.88027763367, 10.8317136765, 12.2523088455, 8.46974372864, 7.12739658356, 3.9887778759, 2.57015752792, 2.70791292191, 1.69492912292, 1.01045393944, 0.755943536758, 0.478500247002, 0.365141689777, 0.235033288598, 0.0911458805203, 0.0374810546637, 0.0145483203232, 0.00612869579345, 0.00328609580174, 0.00151808513328, 0.000606772955507, 0.000279069936369, 0.000154517489136, 5.14991188538e-05, 1.16005121527e-05, 1.8928544705e-06, 9.58961027209e-06, 2.19504690904e-05], "min": [9.0420393111e-22, 2.4358108263e-21, 6.94660543088e-21, 4.58872854882e-20, 1.19770182153e-19, 1.22223173335e-19, 7.18136882068e-20, 7.04720400274e-20, 2.59342344388e-19, 3.90531922919e-19, 2.87645233775e-18, 1.40335399201e-18, 1.89472150635e-18, 1.89019724198e-18, 4.09756696369e-18, 3.00898052716e-18, 3.50927859358e-18, 3.82901409242e-18, 6.72766506269e-18, 7.10801759759e-18, 7.91278823299e-18, 1.46256368365e-17, 6.99184421646e-18, 1.1137167212e-17, 8.90362735691e-18, 1.19533827184e-17, 1.79565657775e-17, 1.46192609284e-17, 1.96438471366e-17, 2.62750712117e-17, 2.9948735822e-17, 1.66598873754e-17, 1.62916182949e-17, 1.10274036535e-17, 1.12998992811e-17, 4.80194682404e-18, 2.7938068616e-18, 1.20111339872e-18, 3.55714107328e-19, 3.45205895632e-20], "var": [0.20141993463, 3.56248474121, 4.47646522522, 67.8928375244, 46.8993110657, 954.920959473, 3405.82202148, 6088.56640625, 6633.70068359, 37315.6757812, 1213.19824219, 339.014099121, 4190.06982422, 3797.51757812, 2869.39160156, 3797.7512207, 4060.63916016, 275.806427002, 206.786254883, 194.614303589, 595.80456543, 17.4368629456, 53.4744110107, 12.857167244, 0.336187839508, 0.35763579607, 0.0197968967259, 0.0762523636222, 0.00185561075341, 0.000474447006127, 0.000397767609684, 0.000146229038364, 2.28806675295e-05, 1.84925520443e-05, 1.88642952708e-05, 5.16878299095e-06, 1.00586554197e-07, 2.96880936501e-10, 1.34727243251e-10, 7.49588335847e-10]}, "gfcc": {"mean": [-119.388389587, 202.039428711, -147.190841675, -11.8557100296, -51.3758583069, -28.6228809357, -28.8130168915, -21.1474571228, -21.044500351, -13.7231988907, -4.28903055191, -13.0063819885, -2.08956623077], "cov": [[4873.91064453, -60.923160553, -63.3064041138, 164.971694946, 49.409866333, 455.259460449, 85.8111801147, 132.852035522, -155.180541992, 60.914150238, -43.5840644836, 65.9315948486, -96.1540756226], [-60.923160553, 654.297424316, -21.4539375305, -23.9201850891, 226.952606201, -163.605377197, 104.019271851, -84.7411727905, 114.956542969, -117.305892944, 8.32754611969, -104.453544617, 57.4228363037], [-63.3064041138, -21.4539375305, 467.793579102, 86.4030456543, 105.500808716, 198.357513428, 23.5975551605, 63.4990158081, -59.0522766113, 73.6079711914, -72.660484314, 61.8721199036, -71.1278610229], [164.971694946, -23.9201850891, 86.4030456543, 162.688217163, 59.5873756409, 90.2717819214, 31.8081989288, 31.2306518555, 6.01147651672, 20.0111198425, -15.4179611206, -1.44486308098, -27.3680915833], [49.409866333, 226.952606201, 105.500808716, 59.5873756409, 231.499511719, 39.2022094727, 59.3032913208, 17.9407615662, 64.4894180298, 15.6917943954, 5.45974397659, 11.2711801529, 5.77366161346], [455.259460449, -163.605377197, 198.357513428, 90.2717819214, 39.2022094727, 295.688018799, 41.2051620483, 64.711555481, -95.6204986572, 48.5409240723, -48.5668525696, 51.7821617126, -45.1945838928], [85.8111801147, 104.019271851, 23.5975551605, 31.8081989288, 59.3032913208, 41.2051620483, 90.0968704224, 15.9609518051, 7.70334863663, -29.7154636383, -18.8723449707, -14.6323766708, -7.69528865814], [132.852035522, -84.7411727905, 63.4990158081, 31.2306518555, 17.9407615662, 64.711555481, 15.9609518051, 122.557441711, 35.0856781006, 39.9747276306, -4.56912946701, 35.5548706055, -4.50447177887], [-155.180541992, 114.956542969, -59.0522766113, 6.01147651672, 64.4894180298, -95.6204986572, 7.70334863663, 35.0856781006, 169.613372803, 44.894493103, 53.0389404297, -4.72114896774, 38.8470191956], [60.914150238, -117.305892944, 73.6079711914, 20.0111198425, 15.6917943954, 48.5409240723, -29.7154636383, 39.9747276306, 44.894493103, 151.401931763, 46.2056007385, 56.1082344055, -34.8867492676], [-43.5840644836, 8.32754611969, -72.660484314, -15.4179611206, 5.45974397659, -48.5668525696, -18.8723449707, -4.56912946701, 53.0389404297, 46.2056007385, 109.600204468, 32.2941970825, 25.5400009155], [65.9315948486, -104.453544617, 61.8721199036, -1.44486308098, 11.2711801529, 51.7821617126, -14.6323766708, 35.5548706055, -4.72114896774, 56.1082344055, 32.2941970825, 105.429389954, 11.215306282], [-96.1540756226, 57.4228363037, -71.1278610229, -27.3680915833, 5.77366161346, -45.1945838928, -7.69528865814, -4.50447177887, 38.8470191956, -34.8867492676, 25.5400009155, 11.215306282, 113.950325012]], "icov": [[0.000357494194759, -0.000933911825996, 0.000820612418465, -0.000434451241745, 0.000526655174326, -0.000964665785432, 0.000679354649037, -0.000735383713618, 0.00053573952755, -0.000544912007172, 0.000418624229496, -0.000735161069315, 0.000416751019657], [-0.000933911825996, 0.0110515048727, -0.00476959673688, 0.00403445027769, -0.0084030777216, 0.00580915482715, -0.00795521587133, 0.00618617795408, -0.00395053252578, 0.00540563184768, -0.00390110816807, 0.00768244219944, -0.00280835386366], [0.000820612418465, -0.00476959673688, 0.00705983070657, -0.00238065817393, 0.00128976348788, -0.00408927816898, 0.00412556296214, -0.00357530661859, 0.00314625469036, -0.00416273297742, 0.0049061649479, -0.00517196767032, 0.00244337273762], [-0.000434451241745, 0.00403445027769, -0.00238065817393, 0.0102779259905, -0.00403299322352, -0.000805164396297, -0.00303098186851, 0.00205747131258, -0.00360867241398, 0.00278531876393, -0.00204873806797, 0.00445481808856, 0.000448189966846], [0.000526655174326, -0.0084030777216, 0.00128976348788, -0.00403299322352, 0.0142193892971, -0.00508105941117, 0.0023192812223, -0.0022124950774, -0.0016294142697, -0.00285193277523, 0.0020722693298, -0.00679798424244, 0.00173582183197], [-0.000964665785432, 0.00580915482715, -0.00408927816898, -0.000805164396297, -0.00508105941117, 0.0139685794711, -0.00869282893836, -0.000202079667361, 0.00595565978438, -0.00251148152165, -0.000571628741454, 0.00352771906182, -0.0043030846864], [0.000679354649037, -0.00795521587133, 0.00412556296214, -0.00303098186851, 0.0023192812223, -0.00869282893836, 0.0245967637748, -0.00566918449476, -0.00131785788108, 0.00357140484266, 0.0023952673655, -0.00472931144759, 0.00577235827222], [-0.000735383713618, 0.00618617795408, -0.00357530661859, 0.00205747131258, -0.0022124950774, -0.000202079667361, -0.00566918449476, 0.0172156058252, -0.00965632591397, 0.00384645326994, 0.000130858112243, 1.40705269587e-05, -0.000706980004907], [0.00053573952755, -0.00395053252578, 0.00314625469036, -0.00360867241398, -0.0016294142697, 0.00595565978438, -0.00131785788108, -0.00965632591397, 0.0208390634507, -0.0118976701051, -0.000248484429903, 0.00209148484282, -0.00538300676271], [-0.000544912007172, 0.00540563184768, -0.00416273297742, 0.00278531876393, -0.00285193277523, -0.00251148152165, 0.00357140484266, 0.00384645326994, -0.0118976701051, 0.0214350298047, -0.00766208628193, -0.00141323031858, 0.00690333545208], [0.000418624229496, -0.00390110816807, 0.0049061649479, -0.00204873806797, 0.0020722693298, -0.000571628741454, 0.0023952673655, 0.000130858112243, -0.000248484429903, -0.00766208628193, 0.0185938347131, -0.00822034105659, -0.000894798722584], [-0.000735161069315, 0.00768244219944, -0.00517196767032, 0.00445481808856, -0.00679798424244, 0.00352771906182, -0.00472931144759, 1.40705269587e-05, 0.00209148484282, -0.00141323031858, -0.00822034105659, 0.0230723936111, -0.00679947063327], [0.000416751019657, -0.00280835386366, 0.00244337273762, 0.000448189966846, 0.00173582183197, -0.0043030846864, 0.00577235827222, -0.000706980004907, -0.00538300676271, 0.00690333545208, -0.000894798722584, -0.00679947063327, 0.0155610889196]]}, "melbands": {"dmean": [0.000389380584238, 0.000307998270728, 0.00023797324684, 0.000331209972501, 0.000452361186035, 0.000290792406304, 0.000243206915911, 0.000169321341673, 6.14585442236e-05, 3.43375104421e-05, 4.16631155531e-05, 3.80436067644e-05, 4.2523832235e-05, 3.15207471431e-05, 2.96708458336e-05, 1.24907401187e-05, 6.58336739434e-06, 4.79707523482e-06, 2.55103122981e-06, 5.66059361518e-06, 2.54859332927e-06, 1.04037690107e-06, 5.17835815117e-07, 1.20060440167e-06, 3.01248661572e-07, 1.97291626591e-07, 1.60710072805e-07, 1.30525094733e-07, 3.97350952142e-08, 3.37353220914e-08, 2.63589807759e-08, 6.04084782196e-09, 6.59378551759e-09, 3.24002047414e-09, 3.34523786449e-09, 1.75135006497e-09, 1.21299292832e-09, 7.78450137684e-10, 5.30877786176e-10, 7.4967915209e-10], "dmean2": [0.0006650336436, 0.000525401090272, 0.000408161256928, 0.000526974501554, 0.00072569900658, 0.00046830784413, 0.000401636847528, 0.000232038466493, 8.58268758748e-05, 4.65459197585e-05, 5.58930514671e-05, 5.06944561494e-05, 5.86521200603e-05, 4.61228046333e-05, 4.39887735411e-05, 1.91520812223e-05, 1.01643836388e-05, 7.48352886148e-06, 4.16166540163e-06, 9.47632543102e-06, 4.33725426774e-06, 1.54891608872e-06, 8.57365250795e-07, 1.8693963284e-06, 5.00379826462e-07, 3.2956242535e-07, 2.71732346846e-07, 2.22005667183e-07, 6.7322041275e-08, 5.43477938209e-08, 4.19999608425e-08, 9.95601201481e-09, 1.1312346615e-08, 5.27792121119e-09, 5.56604451418e-09, 2.96599655947e-09, 2.05812611398e-09, 1.29400135052e-09, 9.35930333235e-10, 1.35889066666e-09], "dvar": [7.96883523435e-06, 1.17826937185e-06, 2.20414563046e-07, 5.30863474069e-07, 6.25412098998e-07, 3.29644109343e-07, 2.52708929338e-07, 1.68147082036e-07, 1.42233700373e-08, 3.16191761662e-09, 7.81585018927e-09, 8.70254446284e-09, 7.13518888418e-09, 6.22997786692e-09, 6.8397758568e-09, 1.36765920811e-09, 2.09758169167e-10, 2.64467864275e-10, 1.54963437915e-11, 6.19996887163e-10, 1.46785486543e-10, 6.26190765907e-12, 8.47009907958e-13, 3.15198249445e-11, 4.95179689353e-13, 1.51872072318e-13, 6.41718801578e-14, 6.533700447e-14, 4.88851258871e-15, 5.82916004081e-15, 4.06025963244e-15, 1.32622529355e-16, 2.04516581571e-16, 5.47946043713e-17, 8.54832400163e-17, 2.51427370537e-17, 1.09701768172e-17, 5.26833193291e-18, 1.27401274339e-17, 2.79527523126e-17], "dvar2": [2.03910349228e-05, 3.20075514537e-06, 7.32300463824e-07, 1.36448170451e-06, 1.67819359831e-06, 8.21070159418e-07, 8.01687519925e-07, 3.55267530949e-07, 2.74998352978e-08, 6.22294971109e-09, 1.3739105853e-08, 1.68902012376e-08, 1.35298572346e-08, 1.31109976209e-08, 1.44256278034e-08, 3.01599012431e-09, 5.20309073604e-10, 6.03210870143e-10, 4.20062942763e-11, 1.66258395939e-09, 3.59006380179e-10, 9.04403028162e-12, 2.28806860611e-12, 6.86194087662e-11, 1.22904009019e-12, 3.97480307132e-13, 1.78601965574e-13, 1.82883656136e-13, 1.34793714615e-14, 1.31338650283e-14, 9.36294126269e-15, 3.29122936697e-16, 6.00332801421e-16, 1.35891653015e-16, 2.28135407091e-16, 7.07014695304e-17, 3.01793967901e-17, 1.45919523876e-17, 3.7478560938e-17, 8.15062416579e-17], "max": [0.0893275588751, 0.0317264460027, 0.0108084594831, 0.032247018069, 0.0175370965153, 0.0181333832443, 0.0111225331202, 0.021515738219, 0.00254813488573, 0.00111768813804, 0.00354199064896, 0.00314290379174, 0.00232693692669, 0.00219987612218, 0.00267492327839, 0.00144282390829, 0.000482019939227, 0.000503325485624, 8.12826983747e-05, 0.000728022947442, 0.000363446306437, 0.00011957953393, 2.57057872659e-05, 0.00023241591407, 2.3418222554e-05, 1.03764978121e-05, 4.76746026834e-06, 5.93597997067e-06, 1.53442010742e-06, 2.04691809813e-06, 1.71569968188e-06, 3.71119540432e-07, 2.77382184777e-07, 2.0007819046e-07, 2.14958916445e-07, 1.58876446221e-07, 7.12343961595e-08, 5.15189135797e-08, 1.15152765545e-07, 1.42547577298e-07], "mean": [0.000578496837988, 0.000595206336584, 0.0007897419855, 0.00097702734638, 0.00131427729502, 0.000983215169981, 0.000767826626543, 0.000676304218359, 0.000204044728889, 0.000104966631625, 0.000147707905853, 0.000129992200527, 0.000117058196338, 8.24802045827e-05, 8.18025509943e-05, 3.06210058625e-05, 1.54939916683e-05, 1.09838347271e-05, 5.33533284397e-06, 1.12483348857e-05, 5.25315135746e-06, 2.30259934142e-06, 1.11217241283e-06, 2.85559326585e-06, 6.72367320931e-07, 4.38760736188e-07, 3.54038121486e-07, 2.6758095828e-07, 8.47760404099e-08, 8.79704913359e-08, 6.52869260875e-08, 1.60661510762e-08, 1.38040014974e-08, 7.22209581028e-09, 7.25298754389e-09, 4.00064514849e-09, 2.80749312687e-09, 1.74910197437e-09, 9.31496102474e-10, 8.90933105069e-10], "median": [9.82337587629e-06, 0.000139673589729, 0.000272315111943, 0.000696597388014, 0.000510928803124, 0.000331578485202, 0.000339978316333, 0.000192542633158, 0.000112040142994, 6.9835652539e-05, 3.76439347747e-05, 3.98935953854e-05, 3.5931567254e-05, 1.98196194106e-05, 1.81977229659e-05, 1.00488750832e-05, 6.37314587948e-06, 3.55710062649e-06, 3.56088730769e-06, 2.94287656288e-06, 1.6333952999e-06, 1.04323601136e-06, 6.9296561378e-07, 5.29911005742e-07, 3.27662178279e-07, 2.5319212682e-07, 2.14648409269e-07, 1.28814178879e-07, 5.47445502264e-08, 2.87326535897e-08, 1.66582214689e-08, 7.73867725457e-09, 4.39607816816e-09, 2.43765874153e-09, 1.84933579561e-09, 1.19662557641e-09, 6.90195678388e-10, 3.78278047775e-10, 2.34971653246e-10, 1.78423428809e-10], "min": [7.49879264703e-24, 3.33254565512e-24, 9.96293142426e-24, 9.66225472366e-24, 2.91868043082e-24, 1.54260004661e-24, 4.35059747458e-24, 5.70366392656e-24, 2.35161502662e-23, 8.15264631921e-24, 9.66974416909e-24, 7.70066925243e-24, 1.15158482924e-23, 9.09771667203e-24, 1.10821436108e-23, 4.56281407429e-24, 7.80321959239e-24, 1.18243678481e-23, 6.81347525765e-24, 1.1639101498e-23, 8.60011504593e-24, 1.54169595285e-23, 8.42575233118e-24, 6.46781336949e-24, 9.7867046312e-24, 5.81656214944e-24, 6.8326777098e-24, 8.08351133834e-24, 1.13494601726e-23, 1.06541376603e-23, 7.6431841694e-24, 1.30342832615e-23, 8.59362114295e-24, 1.7334011435e-23, 1.74537715645e-23, 1.49062146909e-23, 8.33091152885e-24, 1.27943953934e-23, 8.71001046977e-24, 9.37285163424e-24], "var": [1.26085606098e-05, 1.99848409466e-06, 1.32370382744e-06, 1.43445049616e-06, 3.79605330636e-06, 2.6242430522e-06, 1.45136766605e-06, 3.10889458888e-06, 7.3682528523e-08, 1.1609270878e-08, 1.14051978528e-07, 8.07468012454e-08, 5.08759896434e-08, 4.05815150373e-08, 3.72515565061e-08, 5.90284354729e-09, 9.142359092e-10, 1.12683351539e-09, 3.44172364219e-11, 2.09257544626e-09, 4.461727654e-10, 2.87837288726e-11, 2.01405385425e-12, 1.76881023717e-10, 2.06874599916e-12, 3.9809079427e-13, 1.67347472685e-13, 1.51558060264e-13, 1.09674545988e-14, 3.42645155955e-14, 2.09051356683e-14, 6.10561941869e-16, 4.94820924737e-16, 1.60082913989e-16, 2.73518453023e-16, 6.27784556907e-17, 3.34731274189e-17, 1.55108358973e-17, 8.48629653991e-18, 1.69552553742e-17]}, "mfcc": {"mean": [-751.666503906, 227.885055542, -30.0760669708, 10.0061807632, -11.0289573669, -12.965801239, -5.87074232101, -14.2300891876, -12.4144573212, -9.48802280426, -10.6106710434, -3.68437790871, -2.15257763863], "cov": [[2554.55615234, 591.700439453, -302.704223633, 123.694534302, -109.762992859, 268.65057373, 86.2640304565, 171.790435791, 14.2389678955, 32.5652656555, 6.46559429169, 48.6362800598, 16.4368247986], [591.700439453, 636.087219238, -54.5512771606, 11.1650924683, 111.903045654, 2.59394717216, 58.9693641663, 14.7027702332, 55.957321167, 15.0651979446, -30.5938663483, -9.46455574036, 11.6150341034], [-302.704223633, -54.5512771606, 292.010223389, 31.9276638031, 51.9640274048, 92.4145507812, 39.4067459106, 48.763710022, 9.69962024689, 9.65038490295, -10.6844215393, 21.4055347443, 5.34041929245], [123.694534302, 11.1650924683, 31.9276638031, 111.786514282, 47.1424407959, 45.8503646851, 6.4761095047, 22.8828239441, 27.6952190399, 20.2782516479, 21.326292038, 24.3877334595, 34.4486465454], [-109.762992859, 111.903045654, 51.9640274048, 47.1424407959, 163.219314575, 37.2449417114, 21.239068985, 12.3864040375, 44.3852005005, 24.62890625, 12.5736961365, 21.3321151733, 38.9738121033], [268.65057373, 2.59394717216, 92.4145507812, 45.8503646851, 37.2449417114, 210.426559448, 78.3841094971, 73.4397659302, 12.1853513718, 12.6553583145, 0.741000235081, 32.9556808472, 16.0183010101], [86.2640304565, 58.9693641663, 39.4067459106, 6.4761095047, 21.239068985, 78.3841094971, 109.055412292, 60.4130744934, 4.19828891754, -2.33644676208, -18.9153594971, -5.28210783005, -14.0805072784], [171.790435791, 14.7027702332, 48.763710022, 22.8828239441, 12.3864040375, 73.4397659302, 60.4130744934, 125.093986511, 42.8222160339, 7.87503767014, -7.5129532814, -0.927212297916, 5.48986816406], [14.2389678955, 55.957321167, 9.69962024689, 27.6952190399, 44.3852005005, 12.1853513718, 4.19828891754, 42.8222160339, 100.199310303, 40.6133422852, -7.68056106567, -11.2732133865, 11.9179649353], [32.5652656555, 15.0651979446, 9.65038490295, 20.2782516479, 24.62890625, 12.6553583145, -2.33644676208, 7.87503767014, 40.6133422852, 69.1168289185, 28.6052742004, 3.91070580482, 5.09108638763], [6.46559429169, -30.5938663483, -10.6844215393, 21.326292038, 12.5736961365, 0.741000235081, -18.9153594971, -7.5129532814, -7.68056106567, 28.6052742004, 84.9125518799, 49.1103057861, 28.1652050018], [48.6362800598, -9.46455574036, 21.4055347443, 24.3877334595, 21.3321151733, 32.9556808472, -5.28210783005, -0.927212297916, -11.2732133865, 3.91070580482, 49.1103057861, 98.2962036133, 58.1567192078], [16.4368247986, 11.6150341034, 5.34041929245, 34.4486465454, 38.9738121033, 16.0183010101, -14.0805072784, 5.48986816406, 11.9179649353, 5.09108638763, 28.1652050018, 58.1567192078, 101.278747559]], "icov": [[0.00238841865212, -0.00290685729124, 0.00329123181291, -0.00307439640164, 0.00362056610174, -0.00410895515233, 0.00334397470579, -0.00410609459504, 0.00315425777808, -0.0024831474293, 0.00154593528714, -0.00158320576884, 0.00099485355895], [-0.00290685729124, 0.0056636040099, -0.00324642867781, 0.00388784147799, -0.00589096592739, 0.00542625319213, -0.00550761353225, 0.00530919805169, -0.00446754693985, 0.00272832368501, -0.000808487762697, 0.00141689006705, -0.00117395119742], [0.00329123181291, -0.00324642867781, 0.00921328831464, -0.00459015835077, 0.0030709579587, -0.00671440595761, 0.00480530457571, -0.00703124562278, 0.0055268718861, -0.00474618235603, 0.00448521599174, -0.00387574639171, 0.00240946793929], [-0.00307439640164, 0.00388784147799, -0.00459015835077, 0.0162823256105, -0.00656367791817, 0.00317109981552, -0.00343646993861, 0.00480814091861, -0.0059598274529, 0.00293355970643, -0.00421603070572, 0.00257993885316, -0.00371236400679], [0.00362056610174, -0.00589096592739, 0.0030709579587, -0.00656367791817, 0.0157173071057, -0.006679284852, 0.00282972026616, -0.00325682992116, 0.000676994037349, -0.00310846534558, 0.000146408114233, -0.00151931645814, -0.00135501695331], [-0.00410895515233, 0.00542625319213, -0.00671440595761, 0.00317109981552, -0.006679284852, 0.0158743616194, -0.0102178836241, 0.00455809617415, -0.00395927857608, 0.00212651770562, -0.00071752857184, -0.000461510353489, -0.00146447494626], [0.00334397470579, -0.00550761353225, 0.00480530457571, -0.00343646993861, 0.00282972026616, -0.0102178836241, 0.0231314152479, -0.0134447067976, 0.0093194283545, -0.00469564134255, 0.00522230472416, -0.00253834458999, 0.00462088920176], [-0.00410609459504, 0.00530919805169, -0.00703124562278, 0.00480814091861, -0.00325682992116, 0.00455809617415, -0.0134447067976, 0.0232678186148, -0.0145563753322, 0.0086569301784, -0.00614034151658, 0.00468869972974, -0.00351221929304], [0.00315425777808, -0.00446754693985, 0.0055268718861, -0.0059598274529, 0.000676994037349, -0.00395927857608, 0.0093194283545, -0.0145563753322, 0.0265209190547, -0.0166760962456, 0.00989740621299, -0.00137771083973, -5.7342913351e-05], [-0.0024831474293, 0.00272832368501, -0.00474618235603, 0.00293355970643, -0.00310846534558, 0.00212651770562, -0.00469564134255, 0.0086569301784, -0.0166760962456, 0.0301300026476, -0.0151517968625, 0.00580537226051, 0.000408188352594], [0.00154593528714, -0.000808487762697, 0.00448521599174, -0.00421603070572, 0.000146408114233, -0.00071752857184, 0.00522230472416, -0.00614034151658, 0.00989740621299, -0.0151517968625, 0.0264495462179, -0.0128790978342, 0.00179233215749], [-0.00158320576884, 0.00141689006705, -0.00387574639171, 0.00257993885316, -0.00151931645814, -0.000461510353489, -0.00253834458999, 0.00468869972974, -0.00137771083973, 0.00580537226051, -0.0128790978342, 0.0242404974997, -0.0109956786036], [0.00099485355895, -0.00117395119742, 0.00240946793929, -0.00371236400679, -0.00135501695331, -0.00146447494626, 0.00462088920176, -0.00351221929304, -5.7342913351e-05, 0.000408188352594, 0.00179233215749, -0.0109956786036, 0.018370218575]]}, "spectral_contrast_coeffs": {"dmean": [0.0443303063512, 0.0365400128067, 0.028183395043, 0.0239874683321, 0.0172663703561, 0.0249101798981], "dmean2": [0.0741176009178, 0.0600501038134, 0.0445895940065, 0.039317637682, 0.0291649959981, 0.0424396432936], "dvar": [0.00131069880445, 0.00100316957105, 0.000558445288334, 0.000378261727747, 0.000185471653822, 0.000495988526382], "dvar2": [0.00368943088688, 0.00275915092789, 0.00135571195278, 0.000998295843601, 0.000510001380462, 0.00144359399565], "max": [-0.239003434777, -0.341293334961, -0.431830048561, -0.516548573971, -0.611194729805, -0.555052638054], "mean": [-0.506508290768, -0.655961513519, -0.708661437035, -0.738893985748, -0.774325609207, -0.737829685211], "median": [-0.501584351063, -0.665402173996, -0.715107560158, -0.745376467705, -0.77735209465, -0.740227222443], "min": [-0.961407899857, -0.97091460228, -0.970889747143, -0.965986430645, -0.965355217457, -0.961540162563], "var": [0.00766510562971, 0.00660126237199, 0.00407579122111, 0.00275417021476, 0.00105494004674, 0.00154989294242]}, "spectral_contrast_valleys": {"dmean": [0.429953753948, 0.263839542866, 0.23098026216, 0.193367913365, 0.14359973371, 0.356795817614], "dmean2": [0.72286438942, 0.424019515514, 0.367022067308, 0.319346725941, 0.240977361798, 0.606830239296], "dvar": [0.14371432364, 0.0712120458484, 0.0572967305779, 0.0426996611059, 0.0264467671514, 0.1353697180