{"lowlevel": {"average_loudness": 0.876309037209, "barkbands_crest": {"dmean": 2.0096757412, "dmean2": 3.20909905434, "dvar": 2.8976764679, "dvar2": 7.34398126602, "max": 20.3179721832, "mean": 9.8319311142, "median": 9.39973068237, "min": 3.67765951157, "var": 9.47888088226}, "barkbands_flatness_db": {"dmean": 0.0168762654066, "dmean2": 0.0246448963881, "dvar": 0.000222811344429, "dvar2": 0.000462966418127, "max": 0.261484920979, "mean": 0.145196303725, "median": 0.144266784191, "min": 0.0290130786598, "var": 0.00150149525143}, "barkbands_kurtosis": {"dmean": 2.52299118042, "dmean2": 3.92767572403, "dvar": 6.44790124893, "dvar2": 16.0694828033, "max": 43.6393051147, "mean": 6.89600849152, "median": 5.88332223892, "min": -1.72471165657, "var": 28.6236572266}, "barkbands_skewness": {"dmean": 0.374049931765, "dmean2": 0.583320200443, "dvar": 0.109299056232, "dvar2": 0.268708646297, "max": 5.69444513321, "mean": 2.10385227203, "median": 2.19598436356, "min": -2.19574356079, "var": 1.19578802586}, "barkbands_spread": {"dmean": 4.00716781616, "dmean2": 6.06686353683, "dvar": 22.8353729248, "dvar2": 51.6958465576, "max": 75.1728134155, "mean": 15.9923677444, "median": 13.3744049072, "min": 3.1339006424, "var": 97.9428100586}, "dissonance": {"dmean": 0.0172006618232, "dmean2": 0.0284183081239, "dvar": 0.000223190392717, "dvar2": 0.000609159120359, "max": 0.499989807606, "mean": 0.451156258583, "median": 0.453187048435, "min": 0.35205796361, "var": 0.000634314550553}, "dynamic_complexity": 2.86178684235, "erbbands_crest": {"dmean": 2.24398684502, "dmean2": 3.41595602036, "dvar": 4.10270023346, "dvar2": 8.97805118561, "max": 27.8501853943, "mean": 8.97439289093, "median": 8.19777393341, "min": 2.7511882782, "var": 14.6200256348}, "erbbands_flatness_db": {"dmean": 0.0147461593151, "dmean2": 0.0198691841215, "dvar": 0.000210210244404, "dvar2": 0.000364820851246, "max": 0.263722121716, "mean": 0.150789812207, "median": 0.150190919638, "min": 0.0652863383293, "var": 0.00125060416758}, "erbbands_kurtosis": {"dmean": 0.830400586128, "dmean2": 1.28659749031, "dvar": 0.747875392437, "dvar2": 1.71581792831, "max": 14.2704792023, "mean": 0.515638768673, "median": 0.185760140419, "min": -1.81962132454, "var": 2.31626105309}, "erbbands_skewness": {"dmean": 0.302249193192, "dmean2": 0.456744074821, "dvar": 0.062745437026, "dvar2": 0.145217061043, "max": 3.49242854118, "mean": 0.845632195473, "median": 0.913322925568, "min": -1.9727653265, "var": 0.467365920544}, "erbbands_spread": {"dmean": 8.24866676331, "dmean2": 12.3006734848, "dvar": 91.1055374146, "dvar2": 204.282363892, "max": 113.694641113, "mean": 41.3215904236, "median": 37.9358215332, "min": 12.0450305939, "var": 252.881652832}, "hfc": {"dmean": 3.4741435051, "dmean2": 5.11151218414, "dvar": 21.8927536011, "dvar2": 51.5051841736, "max": 75.4214096069, "mean": 15.9551324844, "median": 13.9144926071, "min": 1.07381337956e-16, "var": 113.463233948}, "melbands_crest": {"dmean": 2.52859759331, "dmean2": 4.17242956161, "dvar": 5.67522907257, "dvar2": 16.29920578, "max": 26.7447624207, "mean": 11.6973791122, "median": 11.2676963806, "min": 1.60968351364, "var": 15.3737850189}, "melbands_flatness_db": {"dmean": 0.0180656313896, "dmean2": 0.0272236764431, "dvar": 0.000281260930933, "dvar2": 0.000661897705868, "max": 0.349656134844, "mean": 0.208989053965, "median": 0.214090466499, "min": 0.00348212569952, "var": 0.00339679513127}, "melbands_kurtosis": {"dmean": 5.12464189529, "dmean2": 7.95387411118, "dvar": 35.4382591248, "dvar2": 84.4459533691, "max": 105.432830811, "mean": 15.8109588623, "median": 13.667219162, "min": -1.67773091793, "var": 125.017311096}, "melbands_skewness": {"dmean": 0.525517165661, "dmean2": 0.809523046017, "dvar": 0.273604810238, "dvar2": 0.664808571339, "max": 8.30501174927, "mean": 2.93058919907, "median": 2.86560964584, "min": -0.379743337631, "var": 1.30365025997}, "melbands_spread": {"dmean": 3.58445310593, "dmean2": 5.68335008621, "dvar": 24.7287483215, "dvar2": 61.4325332642, "max": 157.54536438, "mean": 18.2175178528, "median": 11.8267717361, "min": 2.58850598335, "var": 596.577209473}, "pitch_salience": {"dmean": 0.0579399988055, "dmean2": 0.092016428709, "dvar": 0.00251615792513, "dvar2": 0.00669943261892, "max": 0.883619427681, "mean": 0.614249706268, "median": 0.615687131882, "min": 0.2672059834, "var": 0.00839574635029}, "silence_rate_20dB": {"dmean": 0, "dmean2": 0, "dvar": 0, "dvar2": 0, "max": 1, "mean": 1, "median": 1, "min": 1, "var": 0}, "silence_rate_30dB": {"dmean": 0.00464037107304, "dmean2": 0.00928381923586, "dvar": 0.00461886404082, "dvar2": 0.0138396015391, "max": 1, "mean": 0.997680604458, "median": 1, "min": 0, "var": 0.00231404020451}, "silence_rate_60dB": {"dmean": 0.000662910169922, "dmean2": 0.0013262599241, "dvar": 0.0006624518428, "dvar2": 0.0013245238224, "max": 1, "mean": 0.0765407532454, "median": 0, "min": 0, "var": 0.0706832557917}, "spectral_centroid": {"dmean": 155.108474731, "dmean2": 239.275405884, "dvar": 58049.1289062, "dvar2": 110764.78125, "max": 12113.6376953, "mean": 1243.88208008, "median": 768.092285156, "min": 295.251953125, "var": 3752933.25}, "spectral_complexity": {"dmean": 1.98740470409, "dmean2": 3.29442977905, "dvar": 3.87257266045, "dvar2": 10.2740879059, "max": 37, "mean": 15.587143898, "median": 16, "min": 0, "var": 37.414691925}, "spectral_decrease": {"dmean": 1.90634441566e-09, "dmean2": 3.00539770848e-09, "dvar": 9.27362359055e-18, "dvar2": 2.47974933727e-17, "max": 1.81655842915e-28, "mean": -7.11788805674e-09, "median": -6.24462792587e-09, "min": -5.11302289397e-08, "var": 2.33507908773e-17}, "spectral_energy": {"dmean": 0.00740860169753, "dmean2": 0.0116413431242, "dvar": 0.000139604904689, "dvar2": 0.00037194028846, "max": 0.199818000197, "mean": 0.0283117331564, "median": 0.0248389840126, "min": 1.00281900626e-20, "var": 0.000361681188224}, "spectral_energyband_high": {"dmean": 0.000260152068222, "dmean2": 0.000389983004425, "dvar": 2.2808157496e-07, "dvar2": 5.37176617854e-07, "max": 0.00624413695186, "mean": 0.000521193898749, "median": 0.000294003286399, "min": 6.91097284885e-21, "var": 4.61094742832e-07}, "spectral_energyband_low": {"dmean": 0.00351774226874, "dmean2": 0.00612966157496, "dvar": 0.000100873345218, "dvar2": 0.000282244349364, "max": 0.139176785946, "mean": 0.00585383875296, "median": 0.00265975296497, "min": 2.35750040229e-23, "var": 9.90011685644e-05}, "spectral_energyband_middle_high": {"dmean": 0.000732737185899, "dmean2": 0.00108838861343, "dvar": 1.08725510017e-06, "dvar2": 2.56261409959e-06, "max": 0.0229638572782, "mean": 0.00276704016142, "median": 0.00213345419616, "min": 1.18628726222e-21, "var": 5.68711902815e-06}, "spectral_energyband_middle_low": {"dmean": 0.00518552633002, "dmean2": 0.00769804185256, "dvar": 3.48604444298e-05, "dvar2": 7.88718170952e-05, "max": 0.101064287126, "mean": 0.0205130074173, "median": 0.0184900388122, "min": 1.60149732082e-22, "var": 0.000173794091097}, "spectral_entropy": {"dmean": 0.142954051495, "dmean2": 0.204658269882, "dvar": 0.0209849197417, "dvar2": 0.0398793071508, "max": 9.83197212219, "mean": 7.28959560394, "median": 7.20244932175, "min": 6.21402692795, "var": 0.355372816324}, "spectral_flux": {"dmean": 0.0175047852099, "dmean2": 0.0287001803517, "dvar": 0.000624481413979, "dvar2": 0.00122957478743, "max": 0.342443495989, "mean": 0.0653303712606, "median": 0.0587955489755, "min": 6.4828330204e-11, "var": 0.00158922735136}, "spectral_kurtosis": {"dmean": 1.83972263336, "dmean2": 3.00604391098, "dvar": 3.27091240883, "dvar2": 9.00868797302, "max": 20.8493480682, "mean": 5.61258935928, "median": 5.26362037659, "min": -1.3004502058, "var": 10.3175840378}, "spectral_rms": {"dmean": 0.000611113500781, "dmean2": 0.000941461068578, "dvar": 6.03960813805e-07, "dvar2": 1.55993393491e-06, "max": 0.0139622492716, "mean": 0.00488352589309, "median": 0.00492271827534, "min": 3.12787469536e-12, "var": 3.77240939997e-06}, "spectral_rolloff": {"dmean": 241.189468384, "dmean2": 409.082672119, "dvar": 306847.625, "dvar2": 667473.0625, "max": 19422.9492188, "mean": 1518.1229248, "median": 645.99609375, "min": 172.265625, "var": 11925395}, "spectral_skewness": {"dmean": 0.228622943163, "dmean2": 0.361100971699, "dvar": 0.0446395650506, "dvar2": 0.10744599998, "max": 3.37633943558, "mean": 1.77188622952, "median": 1.83447682858, "min": -0.102662466466, "var": 0.327092796564}, "spectral_spread": {"dmean": 525219.8125, "dmean2": 792134.9375, "dvar": 1010407964670.0, "dvar2": 1975383097340.0, "max": 43429432, "mean": 5543947, "median": 4115850.5, "min": 2134340, "var": 46846911184900.0}, "spectral_strongpeak": {"dmean": 0.358954519033, "dmean2": 0.572547793388, "dvar": 0.178119316697, "dvar2": 0.401156187057, "max": 4.81419801712, "mean": 0.952172160149, "median": 0.817065596581, "min": 0, "var": 0.526242494583}, "zerocrossingrate": {"dmean": 0.00967305060476, "dmean2": 0.0120053077117, "dvar": 0.000173567357706, "dvar2": 0.000300626503304, "max": 0.53369140625, "mean": 0.0689267739654, "median": 0.04833984375, "min": 0.01416015625, "var": 0.00773470522836}, "barkbands": {"dmean": [7.03829391568e-06, 0.00152153533418, 0.00175685738213, 0.00147201877553, 0.00247916579247, 0.00207647541538, 0.00193071900867, 0.000358953839168, 0.000537604675628, 0.000273219193332, 0.000290359603241, 5.51133198314e-05, 0.000199795380468, 0.000144256511703, 0.000174626766238, 0.000122073222883, 0.000152447493747, 8.49757270771e-05, 7.71320992499e-05, 6.48985223961e-05, 7.36974616302e-05, 4.7209479817e-05, 5.08481643919e-05, 5.38054518984e-05, 5.69202529732e-05, 1.36379485411e-05, 3.3272847304e-06], "dmean2": [1.15788634503e-05, 0.00269330153242, 0.00310805579647, 0.00231468304992, 0.00411135051399, 0.0025201770477, 0.00285899103619, 0.000493092171382, 0.000747379264794, 0.000387189997127, 0.000422537123086, 8.64189569256e-05, 0.000318481266731, 0.000235634448472, 0.000289710442303, 0.000204207128263, 0.000254877639236, 0.000139459953061, 0.000131228778628, 0.000109199136205, 0.000115524118883, 8.28463817015e-05, 8.38695341372e-05, 7.48937382014e-05, 8.5395455244e-05, 2.1610130716e-05, 4.42011878476e-06], "dvar": [7.0462674584e-10, 2.48986580118e-05, 2.6963522032e-05, 9.66474181041e-06, 1.00286861198e-05, 7.05862703398e-06, 9.23059633351e-06, 3.63237603551e-07, 6.4617205453e-07, 3.36967531211e-07, 3.35285534447e-07, 6.84177692278e-09, 1.28221159912e-07, 5.2587225241e-08, 9.05011745544e-08, 3.55007827579e-08, 9.11833240025e-08, 2.05640002804e-08, 2.12662065735e-08, 1.28482753325e-08, 5.21047738289e-08, 2.88162400608e-08, 2.27195702251e-08, 1.19591838654e-08, 1.11498144051e-08, 1.74225223137e-09, 8.26248860997e-11], "dvar2": [1.72325087533e-09, 6.9219226134e-05, 7.72796847741e-05, 2.34043654928e-05, 3.06116999127e-05, 9.52828577283e-06, 2.06847344089e-05, 5.98408860242e-07, 1.20125275771e-06, 6.78329058701e-07, 7.90138415141e-07, 1.71204508348e-08, 3.3126963217e-07, 1.39429786827e-07, 2.56779628671e-07, 9.47831750864e-08, 2.65147804157e-07, 5.25251131478e-08, 5.68819729097e-08, 3.59157503738e-08, 1.25141653484e-07, 8.32072117873e-08, 5.93090234702e-08, 2.38323316637e-08, 2.57271075554e-08, 4.39587033441e-09, 1.62792640479e-10], "max": [0.000327949004713, 0.0656231343746, 0.0738728791475, 0.0701200813055, 0.0380712635815, 0.0468165613711, 0.0632986351848, 0.0139967240393, 0.0171735677868, 0.0144830131903, 0.0118292840198, 0.00182076147757, 0.0067817075178, 0.00347333983518, 0.00472077634186, 0.00257931556553, 0.00661688297987, 0.00307525065728, 0.0029599617701, 0.00181002239697, 0.00476277805865, 0.00382469664328, 0.00178163370583, 0.00123637635261, 0.00151236669626, 0.000609650742263, 0.000210381986108], "mean": [7.43069585951e-06, 0.00184700172395, 0.00268449238501, 0.00280772522092, 0.00585495727137, 0.00533326575533, 0.00428753672168, 0.000857309787534, 0.00133473833557, 0.000498557521496, 0.000467459409265, 9.8898759461e-05, 0.000309468159685, 0.000243579459493, 0.000269626762019, 0.000221297843382, 0.00027631042758, 0.000184948163223, 0.00013561664673, 0.000124924161355, 0.000117837516882, 6.85239647282e-05, 7.7762932051e-05, 8.64174653543e-05, 9.34360650717e-05, 1.70532821357e-05, 5.60999660593e-06], "median": [3.22876701375e-07, 0.000690144021064, 0.000744799152017, 0.00157004408538, 0.0047240043059, 0.00310212536715, 0.00246292492375, 0.000406988227041, 0.00065379566513, 0.000190795020899, 0.000247035583016, 5.21146830579e-05, 0.000169521852513, 0.000139823299833, 0.000163081102073, 0.000143201032188, 0.000153903703904, 0.000130672560772, 6.23889209237e-05, 6.81490491843e-05, 3.92966976506e-05, 2.23016395466e-05, 1.66244535649e-05, 2.10195612453e-05, 3.33634452545e-05, 3.85802286473e-06, 6.14745431449e-07], "min": [3.26030098456e-25, 1.91418597488e-24, 2.06718574466e-24, 2.60802365368e-24, 3.3033678596e-24, 7.38948255798e-24, 9.41938653904e-24, 4.81384381382e-24, 1.10429175023e-23, 1.94341248255e-23, 1.41195515521e-23, 2.57262497995e-23, 1.61994085723e-23, 3.47644090509e-23, 3.85268811384e-23, 3.95554989608e-23, 5.7347814916e-23, 8.70875681202e-23, 1.30574024081e-22, 1.86201945518e-22, 2.15809422526e-22, 2.95806027254e-22, 3.29227425858e-22, 6.16163980721e-22, 7.62870248179e-22, 1.29836740795e-21, 1.79774215986e-21], "var": [6.40479225211e-10, 1.97806330107e-05, 2.7989537557e-05, 2.16258704313e-05, 2.42438836722e-05, 4.0661325329e-05, 3.49654437741e-05, 2.17838373828e-06, 3.1798119835e-06, 7.49308242121e-07, 6.46903174584e-07, 1.70582978853e-08, 1.88446279026e-07, 1.08020465461e-07, 1.31322238417e-07, 6.46904894097e-08, 1.57729630246e-07, 4.48342092341e-08, 4.28334985259e-08, 2.87897137241e-08, 7.02798175212e-08, 2.56170764601e-08, 2.64520796378e-08, 2.38387212192e-08, 1.97976319782e-08, 1.92568982982e-09, 1.74344247372e-10]}, "erbbands": {"dmean": [0.0222449507564, 0.427230626345, 1.83470201492, 3.42548251152, 5.3029255867, 12.286026001, 10.4560489655, 17.9133453369, 23.9780158997, 28.3982200623, 5.88478136063, 13.8526735306, 7.52653694153, 5.76365375519, 9.17086791992, 2.47669124603, 9.78918266296, 5.06790971756, 4.49402332306, 15.0043525696, 4.81435441971, 7.92762804031, 5.10786485672, 3.05602312088, 4.02824020386, 3.3089094162, 1.76035130024, 3.54602050781, 1.57185006142, 1.41862130165, 1.46759009361, 1.74415147305, 0.670943379402, 0.512609243393, 0.467834174633, 0.138101667166, 0.00951001513749, 0.00345590524375, 0.000672328227665, 3.16516670864e-05], "dmean2": [0.0380103290081, 0.767922639847, 3.27414298058, 5.59019041061, 8.89809894562, 20.3210334778, 13.8348550797, 22.3749141693, 37.1738739014, 38.3169555664, 7.61356496811, 19.4556045532, 10.5230388641, 8.28048038483, 13.2714548111, 3.94107460976, 15.5372714996, 8.21647167206, 7.3150267601, 24.652671814, 8.22444152832, 13.2576322556, 8.38457393646, 5.05408859253, 6.88144350052, 5.49163722992, 2.89726543427, 5.53970861435, 2.59009695053, 2.49740314484, 2.37237358093, 2.52139782906, 0.945537686348, 0.773566424847, 0.6904296875, 0.216136053205, 0.0147596318275, 0.00495551899076, 0.000894952216186, 4.40762414655e-05], "dvar": [0.00590271549299, 1.94377720356, 30.6277809143, 60.2146224976, 68.8288116455, 290.952545166, 160.285873413, 498.893066406, 1806.02001953, 3077.57397461, 70.7811126709, 476.43258667, 184.490310669, 92.6628875732, 324.144927979, 10.7132635117, 311.631713867, 107.351081848, 41.6130256653, 688.354980469, 56.7420387268, 216.335021973, 70.9732894897, 33.5572967529, 71.2685546875, 34.4545516968, 10.6763286591, 151.96963501, 16.8630580902, 42.075466156, 17.2752399445, 13.4865121841, 1.79141616821, 1.63067889214, 0.985253095627, 0.137348175049, 0.00132328993641, 8.74643446878e-05, 3.74691626348e-06, 6.224492477e-09], "dvar2": [0.0156362876296, 5.47368383408, 88.3985824585, 157.934814453, 187.747802734, 897.667419434, 266.596679688, 710.06628418, 4695.64599609, 4931.97851562, 99.4553909302, 890.961303711, 378.561248779, 202.699752808, 765.531555176, 27.4411182404, 801.138366699, 290.649169922, 107.194999695, 1919.30700684, 168.769195557, 627.113952637, 180.338760376, 90.8401031494, 191.458984375, 93.7777709961, 27.1550483704, 370.597106934, 44.5916213989, 122.133331299, 44.7333908081, 28.1786899567, 3.9694442749, 4.04301118851, 2.14461541176, 0.347596645355, 0.00259267422371, 0.00017894996563, 7.33260731067e-06, 1.23125198925e-08], "max": [1.03744959831, 17.7332935333, 78.3532485962, 181.863601685, 140.690887451, 206.158691406, 223.276916504, 366.879394531, 895.932922363, 1612.93835449, 266.190032959, 476.618682861, 331.920684814, 198.879943848, 380.752502441, 50.8095703125, 329.839508057, 165.730743408, 125.3699646, 416.440704346, 134.868682861, 251.54385376, 176.242462158, 132.79347229, 208.996032715, 115.001060486, 60.1874084473, 252.829788208, 56.9842262268, 158.856903076, 47.7754135132, 39.6425323486, 17.7297878265, 22.5416469574, 13.1714344025, 4.55889368057, 1.55483281612, 0.39807844162, 0.0441817678511, 0.00190450041555], "mean": [0.0271900910884, 0.535389065742, 2.8059015274, 6.50908470154, 10.8244695663, 27.6050872803, 29.4114093781, 46.9102783203, 47.4035835266, 61.4084663391, 18.0705528259, 33.6295814514, 17.0768642426, 12.3631896973, 15.7227897644, 5.27230215073, 15.3881149292, 9.5749540329, 8.94708919525, 23.0092048645, 10.0187683105, 15.4327411652, 11.9186315536, 6.30715560913, 7.58017921448, 6.41818475723, 3.53821444511, 5.01467752457, 2.5940413475, 2.01853704453, 2.27647590637, 2.55074763298, 1.10704100132, 0.806822419167, 0.790092885494, 0.17008896172, 0.0158135723323, 0.00597197283059, 0.00111885054503, 7.72508356022e-05], "median": [0.00896005984396, 0.214843332767, 0.885690569878, 3.66444396973, 7.87385082245, 19.3235759735, 21.4686088562, 29.0250377655, 26.7927093506, 27.8055992126, 11.6419639587, 14.8623352051, 9.75483036041, 8.26713085175, 9.21928024292, 3.9130191803, 8.5441570282, 5.66886138916, 6.37197208405, 13.209444046, 6.96678447723, 9.20138931274, 8.04344558716, 3.57824277878, 3.38967657089, 3.44508814812, 1.83719182014, 1.43609464169, 0.943783521652, 0.500788331032, 0.565376996994, 0.675024151802, 0.341376543045, 0.271321296692, 0.17495085299, 0.0484846159816, 0.00539272930473, 0.00111176632345, 0.000141000025906, 4.39284995082e-05], "min": [8.31259780739e-23, 5.89335187366e-22, 3.02027774476e-21, 7.64869920959e-21, 1.54120517913e-20, 1.67603271092e-20, 6.09144010267e-20, 7.16654354691e-20, 1.11935023994e-19, 2.72484693358e-19, 2.5395442592e-19, 3.42379878305e-19, 5.75074056423e-19, 9.45948032084e-19, 1.03917469924e-18, 1.33827441994e-18, 1.03892675185e-18, 1.98662437433e-18, 2.46431518102e-18, 3.53536993805e-18, 4.03627949774e-18, 4.68816689001e-18, 5.10684642501e-18, 5.76031000994e-18, 7.44604660927e-18, 8.97491791801e-18, 8.92725577111e-18, 8.5962553131e-18, 1.23565538577e-17, 1.14291338441e-17, 1.08412541012e-17, 1.14790136622e-17, 9.90230815305e-18, 7.85962368066e-18, 6.14035938315e-18, 3.98978450269e-18, 2.33732207068e-18, 1.00026588098e-18, 2.39864980998e-19, 2.57382255916e-20], "var": [0.00497480900958, 1.52166974545, 29.340045929, 104.688774109, 132.039642334, 729.299926758, 827.781005859, 2851.58154297, 4830.15185547, 13460.5478516, 590.983703613, 2252.67871094, 506.422973633, 226.551986694, 625.401123047, 23.9372692108, 459.592773438, 212.469833374, 90.167755127, 1028.96142578, 117.337486267, 394.49899292, 175.207901001, 65.2696838379, 169.998687744, 75.7995605469, 27.5551967621, 183.422271729, 24.2272148132, 34.5578231812, 20.3135204315, 21.9989109039, 3.56223368645, 2.29576396942, 2.1497194767, 0.131921410561, 0.00259055895731, 0.00019152990717, 7.53159474698e-06, 1.32356987592e-08]}, "gfcc": {"mean": [-43.6520080566, 97.2165756226, -101.247398376, 23.5324230194, -62.6996917725, -4.1213054657, -51.9379463196, 5.00415992737, -25.0815982819, -1.09914445877, -15.3340883255, -4.53039550781, -6.73870277405], "cov": [[56119.015625, 3956.58959961, -3662.93017578, 669.323669434, -2779.79125977, 446.503479004, -2249.61376953, 455.002197266, -1083.28381348, -0.503310024738, -744.005859375, -164.225769043, -271.094573975], [3956.58959961, 1104.84765625, -573.25213623, 12.3659677505, -171.382720947, -111.27495575, -180.949874878, -11.9849176407, -82.9293518066, -23.9745941162, -75.5256958008, -29.971408844, 51.1917037964], [-3662.93017578, -573.25213623, 790.536560059, -90.0001831055, 281.048919678, 146.259780884, 186.536102295, 14.1498785019, 66.6721878052, -2.67893695831, 60.3408508301, 5.59779167175, 29.1823959351], [669.323669434, 12.3659677505, -90.0001831055, 272.238006592, -41.2452087402, -5.60617351532, 15.2186346054, -25.9406585693, -3.85421705246, -3.23333764076, -2.44554615021, 1.88395452499, -23.1084575653], [-2779.79125977, -171.382720947, 281.048919678, -41.2452087402, 248.894821167, 24.1536159515, 154.364379883, -24.1244792938, 66.686630249, -7.67952108383, 39.4296455383, 11.3217887878, 24.8564376831], [446.503479004, -111.27495575, 146.259780884, -5.60617351532, 24.1536159515, 142.165756226, 13.1177310944, 43.1874275208, -10.3845281601, 9.32231044769, 6.85832691193, -1.44671726227, 8.89952754974], [-2249.61376953, -180.949874878, 186.536102295, 15.2186346054, 154.364379883, 13.1177310944, 251.044876099, -31.0471954346, 95.6942749023, -19.1833953857, 27.4482307434, 27.4248485565, -12.1270561218], [455.002197266, -11.9849176407, 14.1498785019, -25.9406585693, -24.1244792938, 43.1874275208, -31.0471954346, 105.000717163, -5.13052034378, 37.2850265503, -6.37052679062, -1.849645257, 12.2245979309], [-1083.28381348, -82.9293518066, 66.6721878052, -3.85421705246, 66.686630249, -10.3845281601, 95.6942749023, -5.13052034378, 111.004173279, 6.83157634735, 27.4896373749, 9.93971443176, -9.48275661469], [-0.503310024738, -23.9745941162, -2.67893695831, -3.23333764076, -7.67952108383, 9.32231044769, -19.1833953857, 37.2850265503, 6.83157634735, 87.1367645264, 7.96871328354, 12.4196023941, 14.3498563766], [-744.005859375, -75.5256958008, 60.3408508301, -2.44554615021, 39.4296455383, 6.85832691193, 27.4482307434, -6.37052679062, 27.4896373749, 7.96871328354, 74.6067047119, 10.0366630554, 6.34212398529], [-164.225769043, -29.971408844, 5.59779167175, 1.88395452499, 11.3217887878, -1.44671726227, 27.4248485565, -1.849645257, 9.93971443176, 12.4196023941, 10.0366630554, 58.587474823, 12.0633792877], [-271.094573975, 51.1917037964, 29.1823959351, -23.1084575653, 24.8564376831, 8.89952754974, -12.1270561218, 12.2245979309, -9.48275661469, 14.3498563766, 6.34212398529, 12.0633792877, 72.1689834595]], "icov": [[8.98054713616e-05, -0.000224902774789, 6.17137193331e-05, -9.8820317362e-05, 0.000569957657717, -0.000702566874679, 0.000332054652972, 2.7090002277e-06, -3.91741959902e-05, 8.99665319594e-05, 0.000266644608928, -0.000286753347609, 0.000387412321288], [-0.000224902774789, 0.00236891862005, 0.00126802490558, 0.000399013777496, -0.00190943479538, 0.00180501665454, -0.000545269751456, 6.11457217019e-05, 0.000170052837348, 0.000427381222835, 0.000118909483717, 0.00157836801372, -0.00291398377158], [6.17137193331e-05, 0.00126802490558, 0.00395635748282, 0.000569336814806, -0.00252179917879, -0.00276766181923, -1.79400740308e-05, -5.17653143106e-06, 0.000215340056457, 0.000592049036641, 0.00014382028894, 0.000898491824046, -0.00112966552842], [-9.8820317362e-05, 0.000399013777496, 0.000569336814806, 0.00431717187166, 0.000166352692759, 3.01356794807e-05, -0.00146564398892, 0.00127692846581, 0.00050374888815, -0.000659943965729, -0.000542896217667, 0.000550066877622, 0.000127481282107], [0.000569957657717, -0.00190943479538, -0.00252179917879, 0.000166352692759, 0.0142849991098, -0.00348338135518, -0.00230936822481, 0.00172080798075, -0.0012318927329, 6.9337853347e-05, 0.000141776021337, -0.000540739914868, -0.000699366559274], [-0.000702566874679, 0.00180501665454, -0.00276766181923, 3.01356794807e-05, -0.00348338135518, 0.0163075085729, -0.00335420062765, -0.00438908115029, 0.00266943289898, -0.000287416798528, -0.00275161373429, 0.00245979591273, -0.00318352063186], [0.000332054652972, -0.000545269751456, -1.79400740308e-05, -0.00146564398892, -0.00230936822481, -0.00335420062765, 0.0111630791798, 0.000813387800008, -0.00574094243348, 0.00240194587968, 0.0024264564272, -0.00480236532167, 0.00347667373717], [2.7090002277e-06, 6.11457217019e-05, -5.17653143106e-06, 0.00127692846581, 0.00172080798075, -0.00438908115029, 0.000813387800008, 0.0143333245069, -0.00168710167054, -0.0051968456246, 0.00171767454594, 0.00102664413862, -0.0014758039033], [-3.91741959902e-05, 0.000170052837348, 0.000215340056457, 0.00050374888815, -0.0012318927329, 0.00266943289898, -0.00574094243348, -0.00168710167054, 0.0156618766487, -0.002189474646, -0.00382830342278, 0.000951460096985, 0.00189329066779], [8.99665319594e-05, 0.000427381222835, 0.000592049036641, -0.000659943965729, 6.9337853347e-05, -0.000287416798528, 0.00240194587968, -0.0051968456246, -0.002189474646, 0.0153871942312, -0.000749527127482, -0.00325283547863, -0.00185809563845], [0.000266644608928, 0.000118909483717, 0.00014382028894, -0.000542896217667, 0.000141776021337, -0.00275161373429, 0.0024264564272, 0.00171767454594, -0.00382830342278, -0.000749527127482, 0.017332887277, -0.0024486114271, -0.000375340401661], [-0.000286753347609, 0.00157836801372, 0.000898491824046, 0.000550066877622, -0.000540739914868, 0.00245979591273, -0.00480236532167, 0.00102664413862, 0.000951460096985, -0.00325283547863, -0.0024486114271, 0.0216196570545, -0.00610873429105], [0.000387412321288, -0.00291398377158, -0.00112966552842, 0.000127481282107, -0.000699366559274, -0.00318352063186, 0.00347667373717, -0.0014758039033, 0.00189329066779, -0.00185809563845, -0.000375340401661, -0.00610873429105, 0.0210161935538]]}, "melbands": {"dmean": [0.000313941040076, 0.000829638564028, 0.000625664077234, 0.000605196109973, 0.000394199829316, 0.000407466723118, 0.000343543244526, 0.000259875989286, 5.50798467884e-05, 7.72834391682e-05, 4.07911829825e-05, 2.66832284979e-05, 4.33980603702e-05, 5.24355891685e-06, 1.92250699911e-05, 1.52220909513e-05, 9.94066340354e-06, 9.89738873614e-06, 1.28869696709e-05, 1.60405888892e-05, 5.37985897608e-06, 8.77111324371e-06, 8.36835533846e-06, 5.22106483913e-06, 2.3361831154e-06, 3.55950464836e-06, 2.59313810602e-06, 2.19309481508e-06, 1.23105314742e-06, 9.03913246475e-07, 2.81917414213e-06, 8.16641716028e-07, 1.11271708647e-06, 6.44717431442e-07, 7.23078812825e-07, 1.08591700609e-06, 1.33519563406e-06, 4.85900443437e-07, 5.14548219144e-07, 3.8338896502e-07], "dmean2": [0.000546116149053, 0.00148435623851, 0.00100881396793, 0.00102525611874, 0.000551734527107, 0.000502453243826, 0.000532639911398, 0.000347344932379, 7.40542818676e-05, 0.000108406333311, 5.70278898522e-05, 3.82282560167e-05, 6.29121714155e-05, 8.11017343949e-06, 3.10007017106e-05, 2.40759927692e-05, 1.61513507919e-05, 1.6269430489e-05, 2.12943723454e-05, 2.63531528617e-05, 9.34416311793e-06, 1.46501934069e-05, 1.40235788422e-05, 8.52592529554e-06, 3.92401170757e-06, 6.07848414802e-06, 4.41787142336e-06, 3.6250512494e-06, 2.07716129808e-06, 1.51507344981e-06, 4.35617403127e-06, 1.35603750095e-06, 2.00529643735e-06, 1.12039856504e-06, 1.14180625133e-06, 1.835316084e-06, 1.84842485851e-06, 6.81799519953e-07, 7.96838094175e-07, 5.67097345083e-07], "dvar": [1.10170230982e-06, 6.50225229037e-06, 1.63164293099e-06, 6.12479595929e-07, 2.06836105576e-07, 2.48785937629e-07, 3.34499702603e-07, 2.55578726183e-07, 5.95325388986e-09, 1.42353986377e-08, 5.79299719305e-09, 2.27449969969e-09, 7.46882466984e-09, 9.97672361391e-11, 1.13427001125e-09, 6.35291541595e-10, 3.38651801046e-10, 2.34145702827e-10, 4.80720352414e-10, 7.17870318745e-10, 9.24698373428e-11, 2.98513741503e-10, 3.28242211189e-10, 1.15335088702e-10, 2.29953382724e-11, 4.18589399254e-11, 3.08055872478e-11, 1.41704538728e-11, 5.2806925499e-12, 3.98247233802e-12, 1.08945706623e-10, 3.85252160034e-12, 3.1583922977e-11, 5.74551170529e-12, 2.7268601873e-12, 1.924582195e-11, 1.05094830408e-11, 1.75417297875e-12, 3.22539542817e-12, 6.14198308099e-13], "dvar2": [3.01711952488e-06, 1.86764755199e-05, 4.17134378949e-06, 1.90822856894e-06, 4.26282866783e-07, 3.43875314002e-07, 8.82440588157e-07, 4.10064103562e-07, 1.01409796116e-08, 2.68027999795e-08, 1.18073275601e-08, 4.70091210403e-09, 1.75924803614e-08, 2.40936021134e-10, 2.96703772662e-09, 1.61616664496e-09, 9.10631403617e-10, 5.98653238093e-10, 1.36151223629e-09, 1.95042337836e-09, 2.8415106379e-10, 8.58278503824e-10, 9.08225827878e-10, 2.92728591367e-10, 6.30696675441e-11, 1.12529346952e-10, 8.76275510486e-11, 3.77537584528e-11, 1.3744422267e-11, 1.0499676649e-11, 2.64499810942e-10, 1.01633493288e-11, 9.23112558615e-11, 1.64856635287e-11, 6.46348599642e-12, 5.09347147792e-11, 2.02819219752e-11, 3.78877701782e-12, 7.94125962905e-12, 1.47316121975e-12], "max": [0.0142955612391, 0.0357041023672, 0.0267652813345, 0.00861299131066, 0.00658955704421, 0.00842252746224, 0.0118794655427, 0.0146880932152, 0.00173396256287, 0.00256965029985, 0.00186582980677, 0.00112084695138, 0.00179793941788, 0.000255452963756, 0.00064523902256, 0.00041484850226, 0.000290156109259, 0.000281598127913, 0.00034404543112, 0.000421304343035, 0.000178867587238, 0.000322710548062, 0.000471381441457, 0.000234065475524, 0.000111625224235, 0.000125462611322, 0.000126320694108, 7.04049234628e-05, 3.8024794776e-05, 3.12151132675e-05, 0.000222023096285, 3.44469299307e-05, 0.00013540040527, 5.78725848754e-05, 2.15091276914e-05, 5.37532760063e-05, 3.92400543205e-05, 1.9891465854e-05, 3.23480235238e-05, 1.19594988064e-05], "mean": [0.000381391175324, 0.00121777981985, 0.00126293534413, 0.00134970655199, 0.00117151322775, 0.00108831818216, 0.000705735117663, 0.000560248270631, 0.000154230205226, 0.000188126039575, 8.46988987178e-05, 5.5200249335e-05, 7.05265483703e-05, 9.78658681561e-06, 3.01191448671e-05, 2.59801563516e-05, 1.76091962203e-05, 1.61770694831e-05, 2.03172858164e-05, 2.54725146078e-05, 9.40216705203e-06, 1.47787241076e-05, 1.70780003828e-05, 8.55984671944e-06, 4.23942719863e-06, 5.98000724494e-06, 4.96187021781e-06, 3.92335869037e-06, 2.26762836064e-06, 1.53279290771e-06, 3.72276485905e-06, 1.35029563353e-06, 1.37932886446e-06, 9.79724745775e-07, 1.21207881421e-06, 1.34639083171e-06, 1.90855303117e-06, 7.60219052154e-07, 7.12193127583e-07, 6.16650481788e-07], "median": [0.000143509256304, 0.000458680500742, 0.000781577604357, 0.00109815131873, 0.000941567588598, 0.000685168313794, 0.000416033319198, 0.000251685676631, 8.7513566541e-05, 8.46778275445e-05, 4.34203211626e-05, 3.29527647409e-05, 3.76681527996e-05, 4.60561386717e-06, 1.75973782461e-05, 1.46765869431e-05, 1.01574933069e-05, 9.98517771222e-06, 1.22155497593e-05, 1.4476879187e-05, 6.00592466071e-06, 7.73716055846e-06, 1.04773362182e-05, 4.11018481827e-06, 2.35150173467e-06, 2.57211718235e-06, 2.29094212045e-06, 2.12949089473e-06, 1.09898735445e-06, 6.33669515082e-07, 8.4756970864e-07, 5.58918827664e-07, 2.82863851453e-07, 2.32030117786e-07, 2.70180635198e-07, 1.65285371168e-07, 3.54715666617e-07, 1.64824996318e-07, 9.47362508441e-08, 1.84078288612e-07], "min": [1.42761449778e-24, 1.84064993901e-24, 1.68049598968e-24, 8.60562543656e-25, 2.09961956356e-24, 1.66085729745e-24, 1.71212497325e-24, 2.415551848e-24, 2.84865995358e-24, 1.89150720993e-24, 2.15734978511e-24, 3.4817646118e-24, 2.58206855218e-24, 2.23087457971e-24, 1.59304868758e-24, 2.10657061143e-24, 2.98281541406e-24, 3.11029790014e-24, 3.64873806644e-24, 2.92818147156e-24, 4.00522667609e-24, 2.91277304593e-24, 3.98805554077e-24, 4.37873574864e-24, 3.89126309656e-24, 4.60083401448e-24, 4.64026325467e-24, 4.86737788701e-24, 3.97708840203e-24, 4.73769467621e-24, 4.624727428e-24, 6.02200519498e-24, 6.09965395718e-24, 5.32852388409e-24, 5.65891421399e-24, 5.14107948896e-24, 6.4096979866e-24, 5.92440535164e-24, 5.83272630382e-24, 6.00926509137e-24], "var": [8.83245036221e-07, 5.7071779338e-06, 3.26901363223e-06, 1.26861698391e-06, 9.9084672911e-07, 1.46563138514e-06, 9.34194076763e-07, 1.11968017791e-06, 3.82650213737e-08, 6.79310048213e-08, 1.47597090105e-08, 5.42850209229e-09, 1.43277505416e-08, 2.40088920966e-10, 1.6101459055e-09, 1.15959941649e-09, 6.90443535678e-10, 4.34330987842e-10, 7.34901806076e-10, 1.14574816301e-09, 1.53452334173e-10, 4.87607954014e-10, 5.88718851446e-10, 2.0496232489e-10, 3.77306172417e-11, 8.24563542445e-11, 7.68125354988e-11, 2.82287110354e-11, 1.22999102223e-11, 7.40958943507e-12, 1.31004054826e-10, 6.06813817944e-12, 2.21560478297e-11, 6.48249422891e-12, 5.14220220224e-12, 1.71647609321e-11, 1.79903106301e-11, 2.99487236226e-12, 3.8357611358e-12, 1.1375509909e-12]}, "mfcc": {"mean": [-667.336486816, 131.579071045, 7.98045253754, 24.1147098541, 4.6335401535, -9.38210582733, -11.8588705063, -8.26733016968, -5.49095058441, -3.43564629555, -6.99957752228, -2.80015921593, -5.19337844849], "cov": [[15019.0761719, 3096.65307617, 273.546569824, 381.217681885, 102.649002075, -106.375282288, -207.83505249, -46.1917266846, 16.2093410492, -23.6209163666, -98.4167098999, -74.3944702148, -28.5550613403], [3096.65307617, 1599.02331543, -123.691665649, 91.325088501, 35.7678375244, -88.8328552246, -105.286354065, -71.0952987671, 14.8811511993, -45.3516960144, -87.5859909058, -8.82304477692, -78.3867797852], [273.546569824, -123.691665649, 235.373718262, 27.9366092682, 39.2984199524, 44.5659790039, 47.7440071106, 22.2434463501, 4.25853013992, 17.5806484222, -16.0950431824, 5.18783330917, 18.2359218597], [381.217681885, 91.325088501, 27.9366092682, 183.45954895, 7.88523769379, 31.0657520294, -3.393409729, 2.60720539093, -4.27452325821, -6.57852983475, -2.29854869843, -7.86706590652, 15.6627588272], [102.649002075, 35.7678375244, 39.2984199524, 7.88523769379, 87.9681472778, 15.4458169937, 12.9265527725, -9.29352092743, -1.77573907375, 12.4183931351, -21.038892746, 8.32081413269, -0.504313766956], [-106.375282288, -88.8328552246, 44.5659790039, 31.0657520294, 15.4458169937, 104.255325317, 39.166053772, 29.2222385406, 7.61052274704, 3.73396873474, 3.8748588562, -11.1590528488, 20.7389183044], [-207.83505249, -105.286354065, 47.7440071106, -3.393409729, 12.9265527725, 39.166053772, 88.6340408325, 28.0690326691, 15.3541259766, 8.37858104706, -2.33806610107, 0.0178374741226, 15.1699199677], [-46.1917266846, -71.0952987671, 22.2434463501, 2.60720539093, -9.29352092743, 29.2222385406, 28.0690326691, 94.4483413696, 5.51791715622, 19.4395847321, 2.21724915504, -8.24106025696, 16.4967155457], [16.2093410492, 14.8811511993, 4.25853013992, -4.27452325821, -1.77573907375, 7.61052274704, 15.3541259766, 5.51791715622, 98.6499862671, -6.98080778122, 38.7968597412, -12.8221216202, 3.90471076965], [-23.6209163666, -45.3516960144, 17.5806484222, -6.57852983475, 12.4183931351, 3.73396873474, 8.37858104706, 19.4395847321, -6.98080778122, 83.1363372803, -11.2795438766, 22.4153518677, -0.359815627337], [-98.4167098999, -87.5859909058, -16.0950431824, -2.29854869843, -21.038892746, 3.8748588562, -2.33806610107, 2.21724915504, 38.7968597412, -11.2795438766, 118.055267334, -2.69165229797, 17.0404434204], [-74.3944702148, -8.82304477692, 5.18783330917, -7.86706590652, 8.32081413269, -11.1590528488, 0.0178374741226, -8.24106025696, -12.8221216202, 22.4153518677, -2.69165229797, 71.1544494629, 0.114437557757], [-28.5550613403, -78.3867797852, 18.2359218597, 15.6627588272, -0.504313766956, 20.7389183044, 15.1699199677, 16.4967155457, 3.90471076965, -0.359815627337, 17.0404434204, 0.114437557757, 78.7400741577]], "icov": [[0.000138128685649, -0.0003003909369, -0.000349490699591, -7.698067202e-05, 4.60930532427e-05, 6.38282072032e-05, 0.000157617701916, -6.94787086104e-05, 9.30772002903e-05, -0.000127423511003, -0.000162751282915, 0.000171680934727, -0.000155249173986], [-0.0003003909369, 0.00150099268649, 0.00113241362851, -0.000388344778912, -0.000616647826973, 0.000312187155942, 0.000313766417094, 0.000179639464477, -0.000807742064353, 0.000667005835567, 0.0010933210142, -0.000427295221016, 0.000823161331937], [-0.000349490699591, 0.00113241362851, 0.00637618359178, -0.000641543476377, -0.00206225528382, -0.000891961331945, -0.00205135182478, -0.000199804562726, -0.000630641006865, 3.82578145945e-05, 0.00121239374857, -0.000762115058023, 8.0470526882e-05], [-7.698067202e-05, -0.000388344778912, -0.000641543476377, 0.0064260084182, 0.00013458126341, -0.00226373272017, 0.000926504551899, 0.000221844573389, 0.000576762598939, 0.000285607762635, -0.000190542297787, 0.000291935837595, -0.00115855166223], [4.60930532427e-05, -0.000616647826973, -0.00206225528382, 0.00013458126341, 0.0140715381131, -0.00206684344448, -0.00120140286162, 0.00276554864831, -0.000297605991364, -0.00196567131206, 0.00172474526335, -0.000880884937942, -0.000225973708439], [6.38282072032e-05, 0.000312187155942, -0.000891961331945, -0.00226373272017, -0.00206684344448, 0.0139481863007, -0.00399894313887, -0.0024317863863, 5.15457068104e-05, 0.000248082767939, -0.000499096815474, 0.00198308611289, -0.00131255411543], [0.000157617701916, 0.000313766417094, -0.00205135182478, 0.000926504551899, -0.00120140286162, -0.00399894313887, 0.0166925620288, -0.00289308931679, -0.00272210198455, 0.00028207313153, 0.00146210030653, -0.000892550742719, -0.00108280393761], [-6.94787086104e-05, 0.000179639464477, -0.000199804562726, 0.000221844573389, 0.00276554864831, -0.0024317863863, -0.00289308931679, 0.0138169806451, -0.000123372039525, -0.00362887140363, 0.000278696825262, 0.00201901001856, -0.0015971204266], [9.30772002903e-05, -0.000807742064353, -0.000630641006865, 0.000576762598939, -0.000297605991364, 5.15457068104e-05, -0.00272210198455, -0.000123372039525, 0.0129469241947, -9.61933765211e-05, -0.00494580250233, 0.00231209420599, 0.000220267043915], [-0.000127423511003, 0.000667005835567, 3.82578145945e-05, 0.000285607762635, -0.00196567131206, 0.000248082767939, 0.00028207313153, -0.00362887140363, -9.61933765211e-05, 0.0149577734992, 0.00132421904709, -0.00485418457538, 0.000973732909188], [-0.000162751282915, 0.0010933210142, 0.00121239374857, -0.000190542297787, 0.00172474526335, -0.000499096815474, 0.00146210030653, 0.000278696825262, -0.00494580250233, 0.00132421904709, 0.0116197448224, -0.00125826196745, -0.00167259632144], [0.000171680934727, -0.000427295221016, -0.000762115058023, 0.000291935837595, -0.000880884937942, 0.00198308611289, -0.000892550742719, 0.00201901001856, 0.00231209420599, -0.00485418457538, -0.00125826196745, 0.0168160684407, -0.000912657473236], [-0.000155249173986, 0.000823161331937, 8.0470526882e-05, -0.00115855166223, -0.000225973708439, -0.00131255411543, -0.00108280393761, -0.0015971204266, 0.000220267043915, 0.000973732909188, -0.00167259632144, -0.000912657473236, 0.0149193061516]]}, "spectral_contrast_coeffs": {"dmean": [0.043566647917, 0.0402445718646, 0.0320563092828, 0.0280871018767, 0.0204678680748, 0.0162040311843], "dmean2": [0.071316421032, 0.061580196023, 0.0505518317223, 0.0455468967557, 0.0334162153304, 0.0259482506663], "dvar": [0.00144293881021, 0.0010162916733, 0.000648480490781, 0.000495573331136, 0.000292976677883, 0.000256982631981], "dvar2": [0.00396076636389, 0.0025353054516, 0.0016136757331, 0.00133619527332, 0.000760320399422, 0.000631544098724], "max": [-0.326300650835, -0.43527764082, -0.529731154442, -0.616335690022, -0.618918955326, -0.611095845699], "mean": [-0.586306631565, -0.677979946136, -0.717525482178, -0.763348519802, -0.773136973381, -0.75859862566], "median": [-0.572777330875, -0.668680489063, -0.707408487797, -0.75839728117, -0.768790602684, -0.756209790707], "min": [-0.976836323738, -0.976433038712, -0.979049682617, -0.974653184414, -0.968505263329, -0.966248333454], "var": [0.0104266684502, 0.00807240325958, 0.00608737394214, 0.00329892942682, 0.0026416531764, 0.00240006414242]}, "spectral_contrast_valleys": {"dmean": [0.357983767986, 0.286132544279, 0.254757463932, 0.206992030144, 0.205759972334, 0.239873200655], "dmean2": [0.581192433834, 0.461283445358, 0.421318411827, 0.338397860527, 0.306767374277, 0.339016139507], "dvar": [0.152991473675, 0.109345167875, 0.0945437923074, 0.0808933377266, 0.098545126617, 0.11357935518], "dvar2": [0.30826818943, 0.19196110