{"lowlevel": {"average_loudness": 0.897530436516, "barkbands_crest": {"dmean": 3.51203417778, "dmean2": 5.14516067505, "dvar": 13.0261602402, "dvar2": 25.9971790314, "max": 26.5844306946, "mean": 15.3664035797, "median": 14.8117008209, "min": 3.02520275116, "var": 34.0405921936}, "barkbands_flatness_db": {"dmean": 0.0443699136376, "dmean2": 0.0572172962129, "dvar": 0.00198794831522, "dvar2": 0.00358877098188, "max": 0.547358632088, "mean": 0.223270639777, "median": 0.208178564906, "min": 0.0257782731205, "var": 0.0123837795109}, "barkbands_kurtosis": {"dmean": 31.2416172028, "dmean2": 43.5039329529, "dvar": 6082.41503906, "dvar2": 12513.0800781, "max": 1343.53173828, "mean": 40.3063735962, "median": 5.00349903107, "min": -1.8842716217, "var": 9727.85839844}, "barkbands_skewness": {"dmean": 1.66566181183, "dmean2": 2.15829229355, "dvar": 5.50951004028, "dvar2": 9.62833309174, "max": 29.943447113, "mean": 3.52850294113, "median": 2.15686178207, "min": -2.93497562408, "var": 18.2273960114}, "barkbands_spread": {"dmean": 10.3473110199, "dmean2": 14.4432010651, "dvar": 202.263595581, "dvar2": 390.74017334, "max": 109.264205933, "mean": 20.3724555969, "median": 10.3223924637, "min": 0.16401900351, "var": 466.399505615}, "dissonance": {"dmean": 0.0307463835925, "dmean2": 0.0477061979473, "dvar": 0.00115166173782, "dvar2": 0.00272033689544, "max": 0.499999910593, "mean": 0.418500572443, "median": 0.44500118494, "min": 0.0818403065205, "var": 0.00570449186489}, "dynamic_complexity": 3.19369673729, "erbbands_crest": {"dmean": 2.6752550602, "dmean2": 3.77732276917, "dvar": 7.95209932327, "dvar2": 15.9823989868, "max": 31.2678489685, "mean": 11.364112854, "median": 10.631857872, "min": 2.2908411026, "var": 33.7241783142}, "erbbands_flatness_db": {"dmean": 0.0211415495723, "dmean2": 0.0291183292866, "dvar": 0.000536620093044, "dvar2": 0.00104240025394, "max": 0.572161793709, "mean": 0.172696307302, "median": 0.116234205663, "min": 0.0394321531057, "var": 0.015699243173}, "erbbands_kurtosis": {"dmean": 2.23602986336, "dmean2": 3.17663311958, "dvar": 10.104716301, "dvar2": 20.7955417633, "max": 40.039516449, "mean": 2.4546983242, "median": 0.818890810013, "min": -1.76852226257, "var": 22.6533737183}, "erbbands_skewness": {"dmean": 0.644627511501, "dmean2": 0.877784371376, "dvar": 0.479534775019, "dvar2": 1.02803838253, "max": 5.46032142639, "mean": 0.561834156513, "median": 0.567375481129, "min": -5.24610424042, "var": 1.81579935551}, "erbbands_spread": {"dmean": 14.8577785492, "dmean2": 20.0818901062, "dvar": 283.151092529, "dvar2": 560.735961914, "max": 159.679855347, "mean": 52.960105896, "median": 51.6157836914, "min": 0.828940868378, "var": 1354.94494629}, "hfc": {"dmean": 15.675198555, "dmean2": 22.7478160858, "dvar": 830.734069824, "dvar2": 1998.73217773, "max": 236.704437256, "mean": 23.0374507904, "median": 10.3245248795, "min": 1.22428606949e-16, "var": 1023.18206787}, "melbands_crest": {"dmean": 3.34841060638, "dmean2": 5.24231243134, "dvar": 13.0985708237, "dvar2": 29.304983139, "max": 34.1591949463, "mean": 18.3343238831, "median": 18.2477664948, "min": 1.86561012268, "var": 39.71616745}, "melbands_flatness_db": {"dmean": 0.0532399602234, "dmean2": 0.0650051906705, "dvar": 0.00279405480251, "dvar2": 0.00455857161433, "max": 0.622065007687, "mean": 0.317355751991, "median": 0.311785191298, "min": 0.00781081290916, "var": 0.0178978871554}, "melbands_kurtosis": {"dmean": 40.7229270935, "dmean2": 57.3236083984, "dvar": 4175.95019531, "dvar2": 8155.27685547, "max": 671.758422852, "mean": 71.8467483521, "median": 23.2254314423, "min": -1.86072289944, "var": 9729.24121094}, "melbands_skewness": {"dmean": 1.6206394434, "dmean2": 2.19595360756, "dvar": 3.80375766754, "dvar2": 7.1148276329, "max": 20.2799453735, "mean": 4.86544704437, "median": 3.9838347435, "min": -1.96630978584, "var": 16.1155261993}, "melbands_spread": {"dmean": 8.12078285217, "dmean2": 11.5700330734, "dvar": 230.303421021, "dvar2": 450.992523193, "max": 203.993560791, "mean": 15.236281395, "median": 10.422167778, "min": 0.305002391338, "var": 436.41796875}, "pitch_salience": {"dmean": 0.0904807299376, "dmean2": 0.133347794414, "dvar": 0.00914605800062, "dvar2": 0.0192204359919, "max": 0.829149961472, "mean": 0.408692747355, "median": 0.418606489897, "min": 0.0429127626121, "var": 0.0193277765065}, "silence_rate_20dB": {"dmean": 0.0375757589936, "dmean2": 0.0751606225967, "dvar": 0.0361639782786, "dvar2": 0.0893998146057, "max": 1, "mean": 0.971882224083, "median": 1, "min": 0, "var": 0.0273285862058}, "silence_rate_30dB": {"dmean": 0.103515148163, "dmean2": 0.207055404782, "dvar": 0.0928053930402, "dvar2": 0.170965090394, "max": 1, "mean": 0.763059020042, "median": 1, "min": 0, "var": 0.180807739496}, "silence_rate_60dB": {"dmean": 0.052606061101, "dmean2": 0.105103649199, "dvar": 0.0498385988176, "dvar2": 0.100361339748, "max": 1, "mean": 0.074900008738, "median": 0, "min": 0, "var": 0.0692925229669}, "spectral_centroid": {"dmean": 366.867919922, "dmean2": 520.29510498, "dvar": 257471.03125, "dvar2": 540112.625, "max": 11508.4208984, "mean": 960.162597656, "median": 652.623840332, "min": 109.545173645, "var": 596114.625}, "spectral_complexity": {"dmean": 4.40751504898, "dmean2": 6.48114919662, "dvar": 54.230430603, "dvar2": 111.147598267, "max": 66, "mean": 10.0346622467, "median": 7, "min": 0, "var": 86.2046661377}, "spectral_decrease": {"dmean": 9.23392384777e-09, "dmean2": 1.30144730548e-08, "dvar": 3.54259115862e-16, "dvar2": 5.62773772353e-16, "max": 1.03317631313e-28, "mean": -1.73998664366e-08, "median": -4.15601952852e-09, "min": -1.69277811324e-07, "var": 7.30652420247e-16}, "spectral_energy": {"dmean": 0.0355859287083, "dmean2": 0.050332788378, "dvar": 0.00518011115491, "dvar2": 0.00824321899563, "max": 0.643507421017, "mean": 0.0677608624101, "median": 0.01715355739, "min": 1.0714695041e-20, "var": 0.0106925433502}, "spectral_energyband_high": {"dmean": 0.00135478924494, "dmean2": 0.00203350163065, "dvar": 7.41751182431e-06, "dvar2": 1.78861992026e-05, "max": 0.0233013313264, "mean": 0.00155107944738, "median": 0.00035704948823, "min": 7.89331525753e-21, "var": 8.78971059137e-06}, "spectral_energyband_low": {"dmean": 0.0333753973246, "dmean2": 0.0463649369776, "dvar": 0.0048341867514, "dvar2": 0.00783190969378, "max": 0.639197587967, "mean": 0.0568617470562, "median": 0.00500730285421, "min": 6.73380503939e-23, "var": 0.00983684230596}, "spectral_energyband_middle_high": {"dmean": 0.000957506359555, "dmean2": 0.0014849860454, "dvar": 6.19130742052e-06, "dvar2": 1.66250956681e-05, "max": 0.027776511386, "mean": 0.00127690716181, "median": 0.00054700486362, "min": 1.38389002749e-21, "var": 5.68638142795e-06}, "spectral_energyband_middle_low": {"dmean": 0.00601731659845, "dmean2": 0.00926612690091, "dvar": 0.000248161697527, "dvar2": 0.000584536930546, "max": 0.178145080805, "mean": 0.0108726965263, "median": 0.00679177837446, "min": 2.09211251075e-22, "var": 0.000248186959652}, "spectral_entropy": {"dmean": 0.31751537323, "dmean2": 0.425292044878, "dvar": 0.141192123294, "dvar2": 0.270525187254, "max": 9.80830192566, "mean": 7.15662193298, "median": 7.48490095139, "min": 4.04601287842, "var": 1.26568102837}, "spectral_flux": {"dmean": 0.0699814856052, "dmean2": 0.112735763192, "dvar": 0.00896023586392, "dvar2": 0.0213887933642, "max": 0.682016134262, "mean": 0.105478405952, "median": 0.0498698763549, "min": 1.03511810234e-10, "var": 0.0141145307571}, "spectral_kurtosis": {"dmean": 7.83376693726, "dmean2": 13.123500824, "dvar": 331.968505859, "dvar2": 935.788513184, "max": 270.589202881, "mean": 26.4331874847, "median": 2.43144321442, "min": -1.24609541893, "var": 2557.75878906}, "spectral_rms": {"dmean": 0.00184221682139, "dmean2": 0.00245890859514, "dvar": 8.73472163221e-06, "dvar2": 1.19691803775e-05, "max": 0.0250561796129, "mean": 0.00636884337291, "median": 0.00409086514264, "min": 3.2331656883e-12, "var": 2.55461582128e-05}, "spectral_rolloff": {"dmean": 993.774353027, "dmean2": 1600.77526855, "dvar": 4451741, "dvar2": 8062625, "max": 19143.0175781, "mean": 1552.18896484, "median": 689.0625, "min": 64.599609375, "var": 7489155}, "spectral_skewness": {"dmean": 0.577327549458, "dmean2": 0.921218514442, "dvar": 0.807430803776, "dvar2": 2.29628252983, "max": 13.0583362579, "mean": 2.80564975739, "median": 1.53458511829, "min": -0.0827983692288, "var": 8.24219894409}, "spectral_spread": {"dmean": 750300.625, "dmean2": 1124953.75, "dvar": 849356128256, "dvar2": 1415919566850.0, "max": 41658596, "mean": 6748246.5, "median": 7373014, "min": 356393.9375, "var": 12688752115700.0}, "spectral_strongpeak": {"dmean": 0.347428351641, "dmean2": 0.536598980427, "dvar": 0.223076373339, "dvar2": 0.532053112984, "max": 12.526717186, "mean": 0.919500946999, "median": 0.846939086914, "min": 0, "var": 0.470736294985}, "zerocrossingrate": {"dmean": 0.0231457147747, "dmean2": 0.0232320409268, "dvar": 0.000884275126737, "dvar2": 0.000919810088817, "max": 0.50146484375, "mean": 0.0650656819344, "median": 0.0361328125, "min": 0.00244140625, "var": 0.00397927407175}, "barkbands": {"dmean": [0.000574198085815, 0.0303334370255, 0.00880502536893, 0.00343607971445, 0.00219095894136, 0.000616634264588, 0.00030534475809, 0.000166069541592, 0.000464647338958, 0.000133993220516, 0.000113250542199, 9.92602144834e-05, 8.18714179331e-05, 5.91436837567e-05, 7.25456484361e-05, 0.00011411926971, 8.94517361303e-05, 8.81141459104e-05, 0.000174132961547, 0.000173172084033, 0.000244925555307, 0.000177330424776, 0.000202234426979, 0.000202887342311, 0.000281943270238, 0.000173387801624, 2.6661738957e-05], "dmean2": [0.00101031560916, 0.0414380170405, 0.015079298988, 0.00566568085924, 0.00357490940951, 0.000736035930458, 0.000436742237071, 0.000261804176262, 0.000562878092751, 0.000206864831853, 0.000142715987749, 0.000147959930473, 0.000131882508867, 9.60227916948e-05, 0.000117386458442, 0.000197207569727, 0.000145937214256, 0.000147618353367, 0.000306484085741, 0.000300826650346, 0.00040851184167, 0.000271658442216, 0.000315033685183, 0.000305713096168, 0.000442945951363, 0.000245030678343, 4.06065337302e-05], "dvar": [1.64711696016e-06, 0.00436697248369, 0.000585197762121, 0.000122616591398, 4.55700501334e-05, 1.01216915027e-06, 5.61080867101e-07, 2.39063098206e-07, 1.28759916151e-06, 1.24108822774e-07, 7.39051628784e-08, 4.67323673092e-08, 5.91147042428e-08, 2.37729125274e-08, 4.52880897228e-08, 1.64725236118e-07, 6.7205689902e-08, 5.35348867459e-08, 3.96253227564e-07, 2.38062284552e-07, 4.40688154413e-07, 1.30718845526e-07, 2.41725700789e-07, 2.09614157143e-07, 4.44055359594e-07, 1.43587314483e-07, 2.77014899908e-09], "dvar2": [4.5470465011e-06, 0.00743443612009, 0.00157620257232, 0.000311691546813, 0.000114974885946, 1.5840131482e-06, 1.33185938012e-06, 6.0477890429e-07, 2.62633739112e-06, 2.94945380119e-07, 1.0534499495e-07, 1.08274292643e-07, 1.57857996896e-07, 6.17159727767e-08, 1.14235767512e-07, 4.53588569371e-07, 1.65677548125e-07, 1.39696922474e-07, 1.13503097054e-06, 6.64159642838e-07, 1.19944388643e-06, 2.98010348843e-07, 6.30886859199e-07, 5.01940860431e-07, 1.08502047169e-06, 2.93571702059e-07, 6.17633633127e-09], "max": [0.0135142179206, 0.620638906956, 0.231426939368, 0.148974046111, 0.0614097975194, 0.0305362232029, 0.0173192173243, 0.0114169288427, 0.0428267903626, 0.00840828102082, 0.0101413372904, 0.00476487958804, 0.00341454241425, 0.00181132461876, 0.00223171641119, 0.00373798562214, 0.00258240918629, 0.00229635112919, 0.00688744755462, 0.00547886127606, 0.00772872008383, 0.00316865649074, 0.0115418955684, 0.00592519529164, 0.00555048976094, 0.00328058470041, 0.00044496319606], "mean": [0.000532542122528, 0.043831307441, 0.00971355289221, 0.00393124716356, 0.00245937053114, 0.00193495315034, 0.000607936934102, 0.000265118287643, 0.00162699713837, 0.000200288675842, 0.000230578909395, 0.000152196036652, 9.927245992e-05, 6.61492013023e-05, 6.59993820591e-05, 9.16820208658e-05, 8.78115242813e-05, 9.29839661694e-05, 0.000148156294017, 0.000164413446328, 0.000237475847825, 0.000208978861338, 0.000216163549339, 0.000238783890381, 0.000291868316708, 0.000217737135245, 4.70594604849e-05], "median": [1.24086991491e-05, 0.00217144005001, 0.00118534825742, 0.000460776383989, 0.000632242357824, 0.00058780645486, 9.88794781733e-05, 6.32314186078e-05, 0.000554114754777, 4.6165776439e-05, 6.4710911829e-05, 5.16131367476e-05, 3.10906216328e-05, 2.38184802583e-05, 1.14666827358e-05, 1.13577998491e-05, 1.29952240968e-05, 1.26881141114e-05, 1.65641340573e-05, 1.32934073918e-05, 2.30961686611e-05, 2.36670293816e-05, 3.57582684956e-05, 5.62285713386e-05, 7.31369073037e-05, 7.52362975618e-05, 1.2705599147e-05], "min": [1.82667842352e-24, 2.41289121738e-23, 4.15942373952e-23, 1.00732646659e-23, 2.82322147708e-23, 2.17994879622e-23, 3.54496420322e-23, 8.70389111796e-23, 2.1546482915e-23, 5.40208981778e-23, 9.80978512357e-24, 3.97238639661e-23, 9.54917072403e-23, 1.33732850337e-22, 1.18567106719e-22, 1.27814437173e-22, 2.51980146534e-22, 1.15638337546e-22, 2.28000390603e-22, 3.5113163195e-22, 3.57592794038e-22, 5.27613246016e-22, 7.1438562001e-22, 1.03117595319e-21, 1.21998225041e-21, 1.91336629791e-21, 2.31735698738e-21], "var": [1.44059356444e-06, 0.00763794453815, 0.000498842040543, 0.000114485323138, 3.7433415855e-05, 1.14728554763e-05, 2.0002698875e-06, 5.30603358584e-07, 6.83124426359e-06, 2.54063621696e-07, 3.74915941848e-07, 8.8286711275e-08, 5.56237615967e-08, 2.14965218959e-08, 3.96119190782e-08, 1.14334994805e-07, 6.73804549933e-08, 5.58999815325e-08, 2.5758666311e-07, 1.99159273961e-07, 3.73852401481e-07, 1.83546475796e-07, 2.40244048655e-07, 2.59001183167e-07, 4.26127911624e-07, 1.89170393128e-07, 4.51116388689e-09]}, "erbbands": {"dmean": [0.762808978558, 7.23742103577, 10.1846933365, 11.7330799103, 8.53185272217, 6.51828718185, 4.21721220016, 5.3424282074, 3.72205877304, 4.72895240784, 3.89031815529, 8.81516742706, 8.79224300385, 4.56336402893, 3.53813147545, 3.45629787445, 3.8503305912, 2.62112927437, 3.83615088463, 5.78000593185, 5.17716121674, 4.87434101105, 5.1626291275, 5.60098791122, 10.4367790222, 7.90350580215, 10.1372947693, 8.6715221405, 6.4385008812, 5.81164693832, 5.59502220154, 4.36456632614, 3.33794116974, 2.8550798893, 2.20955967903, 0.940046966076, 0.280048072338, 0.048362057656, 0.00510765891522, 0.000192180785234], "dmean2": [1.10458445549, 9.92468643188, 16.6760578156, 18.9404354095, 14.1046142578, 10.3883676529, 5.58349895477, 6.42031097412, 5.06940412521, 7.50618934631, 5.41854047775, 10.5986738205, 11.8752384186, 5.96080493927, 4.87697315216, 5.32787561417, 6.16547203064, 4.10691261292, 6.29512262344, 9.94777488708, 8.41214466095, 7.82110023499, 8.65677547455, 9.41992950439, 18.8502464294, 13.6115512848, 17.0933876038, 13.9305391312, 10.0900592804, 9.00310707092, 8.70097541809, 6.58647727966, 5.08143901825, 4.39109563828, 3.50267553329, 1.37044095993, 0.392151385546, 0.0690254196525, 0.00772976269946, 0.00029140690458], "dvar": [2.74631762505, 258.146209717, 696.924072266, 1032.25048828, 782.704406738, 290.716461182, 63.3816452026, 85.1197509766, 66.9056625366, 189.77130127, 82.6413421631, 516.395812988, 569.54284668, 123.679267883, 42.7541389465, 62.3740768433, 125.052261353, 37.5432624817, 133.173919678, 440.172058105, 249.188934326, 187.48348999, 202.62399292, 281.732269287, 1493.72851562, 496.899230957, 697.46081543, 524.477783203, 179.776535034, 229.188766479, 149.686981201, 87.3666000366, 58.5246620178, 46.1504135132, 27.1502761841, 4.50693225861, 0.38667345047, 0.00974848493934, 9.97361930786e-05, 1.17046539572e-07], "dvar2": [4.73733472824, 443.176818848, 1802.2722168, 2583.3815918, 1816.23937988, 732.192321777, 117.428207397, 128.658691406, 142.933670044, 511.202697754, 176.951034546, 1051.85876465, 1259.39892578, 197.576156616, 91.8484420776, 159.899887085, 336.243621826, 92.8454971313, 352.360565186, 1204.81201172, 644.08972168, 471.040557861, 529.319824219, 771.579406738, 4318.94775391, 1391.74157715, 1908.44018555, 1385.20275879, 426.747131348, 578.423217773, 384.975372314, 209.93208313, 140.506317139, 111.791732788, 66.4814529419, 9.59623527527, 0.805179417133, 0.0193234160542, 0.000236485502683, 2.91052401735e-07], "max": [14.6656885147, 152.913879395, 265.355712891, 400.37588501, 231.190811157, 173.178604126, 226.723861694, 385.295349121, 301.763153076, 219.168197632, 207.223693848, 1170.25952148, 497.312164307, 400.308074951, 101.846984863, 110.540458679, 146.550598145, 71.0454330444, 151.046524048, 210.602737427, 152.294586182, 140.759719849, 141.037384033, 188.500900269, 444.995239258, 229.746963501, 292.280273438, 263.808563232, 107.137680054, 421.771728516, 170.929290771, 101.898200989, 109.668441772, 59.6435699463, 44.3801002502, 18.5832328796, 5.27267456055, 0.926461577415, 0.0765764266253, 0.00325282127596], "mean": [1.12734985352, 10.2584056854, 12.5867071152, 14.738697052, 9.0859336853, 8.36782741547, 10.3053512573, 17.3680763245, 9.60388278961, 7.01892137527, 8.56984043121, 29.6033496857, 25.7689857483, 9.40972423553, 6.77929878235, 4.97707080841, 4.81277751923, 3.51315236092, 3.52820038795, 4.66710710526, 4.72439908981, 4.77179431915, 5.34349060059, 5.48524045944, 8.48292541504, 7.53986644745, 9.31045150757, 9.3179063797, 7.58391141891, 6.58798694611, 5.93566274643, 5.21559858322, 3.87177610397, 3.12164926529, 2.16701889038, 1.07711756229, 0.361173927784, 0.0748548582196, 0.00817499030381, 0.000417363276938], "median": [0.0509724318981, 0.583634257317, 1.22914850712, 1.96576535702, 1.6886138916, 2.50686502457, 3.73067212105, 5.04261875153, 2.78073215485, 1.76883482933, 2.72071957588, 10.1285190582, 7.99934101105, 2.85907959938, 2.9148478508, 2.01019763947, 1.62198877335, 1.54979932308, 0.739037871361, 0.675358593464, 0.70315349102, 0.79146283865, 0.740636110306, 0.708296358585, 0.914414286613, 0.645528793335, 0.662878155708, 1.06731832027, 0.87741714716, 0.755724191666, 1.02532494068, 1.22677123547, 0.929605543613, 0.798424005508, 0.482758611441, 0.306177377701, 0.124596394598, 0.026840062812, 0.00214754324406, 0.000158186681801], "min": [1.17643662357e-21, 4.35950638055e-21, 3.97692831944e-20, 3.44816636068e-20, 8.55084516542e-20, 5.0051816755e-20, 1.73542272794e-19, 2.02438922765e-19, 2.62550538544e-19, 8.90301007338e-19, 2.10231985186e-18, 5.90010560141e-19, 1.09250148237e-18, 1.52198699469e-18, 6.11317078359e-19, 2.4149130597e-18, 4.00712593064e-18, 5.48255682231e-18, 6.1140111991e-18, 6.07839197474e-18, 9.77116859309e-18, 1.37451345073e-17, 7.2699208317e-18, 6.50946226172e-18, 1.72898764017e-17, 1.71159368625e-17, 1.26245430053e-17, 1.65007824933e-17, 1.79089995835e-17, 2.13732816197e-17, 1.88555522846e-17, 1.37505012552e-17, 2.17669467994e-17, 1.35089215029e-17, 8.78926301978e-18, 6.02243361989e-18, 3.80158685126e-18, 1.44012889108e-18, 3.16676559089e-19, 3.4029089183e-20], "var": [4.86773824692, 437.602050781, 698.759338379, 1027.61743164, 704.997009277, 279.190673828, 399.417724609, 1118.64477539, 396.014770508, 260.835601807, 294.986602783, 2567.86474609, 2097.40332031, 587.852172852, 118.650871277, 78.5195922852, 114.695114136, 39.8086471558, 106.447349548, 307.154022217, 215.000610352, 184.26524353, 205.175018311, 229.414901733, 919.122070312, 402.854248047, 576.147521973, 534.741271973, 248.739776611, 245.546768188, 154.638183594, 109.63558197, 68.96900177, 45.8125953674, 25.494436264, 5.37794780731, 0.512155175209, 0.0152401793748, 0.000142907927511, 2.54705270208e-07]}, "gfcc": {"mean": [-47.6180076599, 90.8486480713, -59.8824615479, 14.0535135269, -50.2759017944, 13.3513841629, -20.7886619568, 7.94368314743, -22.124879837, 0.117289878428, -15.0673274994, -0.167938038707, -7.94785308838], "cov": [[12174.6933594, -7382.59326172, 1820.17565918, 3163.39672852, -152.357025146, 1066.82568359, -985.937316895, 609.637573242, -566.933898926, 595.796630859, -420.179595947, 530.893615723, -481.309326172], [-7382.59326172, 8247.36914062, -1335.2520752, -2219.84765625, 988.320129395, -751.040100098, 1365.96826172, -456.79989624, 763.367248535, -550.235595703, 450.115722656, -546.915039062, 487.054626465], [1820.17565918, -1335.2520752, 1126.5078125, 758.405822754, 57.5404129028, 414.929168701, -209.554870605, 213.846054077, -104.487586975, 182.370544434, -35.3729820251, 155.706314087, -78.6717376709], [3163.39672852, -2219.84765625, 758.405822754, 1521.83569336, 110.328330994, 479.898620605, -261.929168701, 214.776473999, -109.632545471, 224.117462158, -143.367874146, 144.322631836, -158.081787109], [-152.357025146, 988.320129395, 57.5404129028, 110.328330994, 501.324920654, 45.7070350647, 272.065216064, 24.5605392456, 163.77041626, -48.7104721069, 49.6268959045, -60.562335968, 60.7508125305], [1066.82568359, -751.040100098, 414.929168701, 479.898620605, 45.7070350647, 356.06362915, -33.4351081848, 143.296173096, -24.7535953522, 128.811233521, -14.947508812, 87.7988815308, -52.1262741089], [-985.937316895, 1365.96826172, -209.554870605, -261.929168701, 272.065216064, -33.4351081848, 405.407043457, 20.9453697205, 200.8046875, -77.4504699707, 86.9063262939, -80.3512802124, 101.945053101], [609.637573242, -456.79989624, 213.846054077, 214.776473999, 24.5605392456, 143.296173096, 20.9453697205, 152.440093994, 35.1165809631, 73.8532943726, -10.2858171463, 53.3036766052, -9.08578491211], [-566.933898926, 763.367248535, -104.487586975, -109.632545471, 163.77041626, -24.7535953522, 200.8046875, 35.1165809631, 178.977508545, 1.17229950428, 63.5367355347, -35.456111908, 62.3558006287], [595.796630859, -550.235595703, 182.370544434, 224.117462158, -48.7104721069, 128.811233521, -77.4504699707, 73.8532943726, 1.17229950428, 142.680679321, 34.2276878357, 72.8282928467, -35.2566108704], [-420.179595947, 450.115722656, -35.3729820251, -143.367874146, 49.6268959045, -14.947508812, 86.9063262939, -10.2858171463, 63.5367355347, 34.2276878357, 118.527030945, 34.4821815491, 46.4042053223], [530.893615723, -546.915039062, 155.706314087, 144.322631836, -60.562335968, 87.7988815308, -80.3512802124, 53.3036766052, -35.456111908, 72.8282928467, 34.4821815491, 129.253829956, 11.8564119339], [-481.309326172, 487.054626465, -78.6717376709, -158.081787109, 60.7508125305, -52.1262741089, 101.945053101, -9.08578491211, 62.3558006287, -35.2566108704, 46.4042053223, 11.8564119339, 98.7857818604]], "icov": [[0.000281352782622, 0.000122431592899, 1.98102497961e-05, -0.000246659503318, -0.000341932318406, 0.000221921145567, -0.000207290504477, -0.000275863218121, 0.000528077129275, -0.0004188521998, 0.000398673611926, -0.000464156502858, 0.000289783492917], [0.000122431592899, 0.00157590105664, -0.000622109218966, 0.000691777153406, -0.00054889213061, -0.000670295499731, -0.00138075975701, 0.00344055541791, -0.00297792628407, 0.00202763895504, -0.00279606459662, 0.00296677649021, -0.00127576605882], [1.98102497961e-05, -0.000622109218966, 0.00261905277148, -0.000598850019742, -0.000836065213662, -0.0013481361093, 0.0027113831602, -0.0044152373448, 0.00273879664019, -2.15671352635e-05, -0.000986359780654, -0.000109183820314, -0.000370194407878], [-0.000246659503318, 0.000691777153406, -0.000598850019742, 0.00284727569669, -0.00144010665826, -0.00151596800424, -0.000417927803937, 0.0029681015294, -0.00221544341184, -0.00134126422927, 0.0023087291047, -0.000124125581351, 0.000107003463199], [-0.000341932318406, -0.00054889213061, -0.000836065213662, -0.00144010665826, 0.00591813912615, -0.000494142703246, -0.00130409374833, 0.000926311011426, -0.00333563098684, 0.00399046903476, -0.00233553466387, 0.00106345675886, 9.98595278361e-05], [0.000221921145567, -0.000670295499731, -0.0013481361093, -0.00151596800424, -0.000494142703246, 0.0104555636644, -0.00501458067447, -0.00300032575615, 0.00606004521251, -0.00828895904124, 0.00554725667462, -0.00505085289478, 0.00282334187068], [-0.000207290504477, -0.00138075975701, 0.0027113831602, -0.000417927803937, -0.00130409374833, -0.00501458067447, 0.0165617987514, -0.0107247764245, -0.00394553458318, 0.0101543441415, -0.00983119942248, 0.00578011991456, -0.00259464187548], [-0.000275863218121, 0.00344055541791, -0.0044152373448, 0.0029681015294, 0.000926311011426, -0.00300032575615, -0.0107247764245, 0.0313318297267, -0.0152276046574, -0.00385005748831, 0.00864726491272, -0.00367439771071, -0.000660399906337], [0.000528077129275, -0.00297792628407, 0.00273879664019, -0.00221544341184, -0.00333563098684, 0.00606004521251, -0.00394553458318, -0.0152276046574, 0.0313442908227, -0.0169765073806, 0.00489448430017, -0.000194399035536, -0.00430855015293], [-0.0004188521998, 0.00202763895504, -2.15671352635e-05, -0.00134126422927, 0.00399046903476, -0.00828895904124, 0.0101543441415, -0.00385005748831, -0.0169765073806, 0.0393352992833, -0.0276583507657, 0.00732312491164, 0.00500571681187], [0.000398673611926, -0.00279606459662, -0.000986359780654, 0.0023087291047, -0.00233553466387, 0.00554725667462, -0.00983119942248, 0.00864726491272, 0.00489448430017, -0.0276583507657, 0.0437668338418, -0.0244555678219, 0.00335670495406], [-0.000464156502858, 0.00296677649021, -0.000109183820314, -0.000124125581351, 0.00106345675886, -0.00505085289478, 0.00578011991456, -0.00367439771071, -0.000194399035536, 0.00732312491164, -0.0244555678219, 0.0353920347989, -0.0168201830238], [0.000289783492917, -0.00127576605882, -0.000370194407878, 0.000107003463199, 9.98595278361e-05, 0.00282334187068, -0.00259464187548, -0.000660399906337, -0.00430855015293, 0.00500571681187, 0.00335670495406, -0.0168201830238, 0.0266947187483]]}, "melbands": {"dmean": [0.00814055744559, 0.00612402055413, 0.00192088889889, 0.000561914348509, 0.000154387307703, 0.000115725400974, 5.92287287873e-05, 4.92722356285e-05, 3.2344560168e-05, 6.52573507978e-05, 4.41637566837e-05, 1.85438493645e-05, 1.22521296362e-05, 1.06920624603e-05, 9.0938183348e-06, 8.99798214959e-06, 4.24888867201e-06, 6.32659839539e-06, 6.54529276289e-06, 8.66919071996e-06, 5.59876434636e-06, 5.42965926797e-06, 4.0975628508e-06, 4.82865289086e-06, 4.22149196311e-06, 7.49243690734e-06, 6.75295450492e-06, 4.97485370943e-06, 6.38862911728e-06, 6.43104567644e-06, 4.58655631519e-06, 3.79493508262e-06, 3.21726815855e-06, 3.43312990481e-06, 3.3776109376e-06, 2.69392126029e-06, 2.89663557851e-06, 2.37689118876e-06, 2.23132929023e-06, 2.50766697718e-06], "dmean2": [0.0113545395434, 0.00917169079185, 0.00310768699273, 0.000917264376767, 0.000210913131014, 0.000137914015795, 8.17861509859e-05, 7.85191441537e-05, 4.33021086792e-05, 7.84208386904e-05, 5.98422157054e-05, 2.46262497967e-05, 1.64080338436e-05, 1.53478376888e-05, 1.47334603753e-05, 1.42301396409e-05, 6.80742732584e-06, 1.05859635369e-05, 1.09635639092e-05, 1.51373569679e-05, 9.03506315808e-06, 8.61762327986e-06, 6.99847987562e-06, 7.99668123364e-06, 7.110981187e-06, 1.3397042494e-05, 1.21596422105e-05, 8.64926369104e-06, 1.09331585918e-05, 1.09205202534e-05, 7.27573706172e-06, 5.98244787398e-06, 4.96888287671e-06, 5.47576473764e-06, 5.31718524144e-06, 4.1880284698e-06, 4.49072285846e-06, 3.63121171176e-06, 3.43862507179e-06, 3.87445106753e-06], "dvar": [0.000314856879413, 0.000188198479009, 2.85115747829e-05, 3.10665313918e-06, 7.24514137573e-08, 3.60037653024e-08, 1.69056875166e-08, 2.10865049866e-08, 5.78437919785e-09, 2.87329964266e-08, 1.44303244909e-08, 1.95113525336e-09, 5.81281078826e-10, 5.65966273847e-10, 6.91316115464e-10, 6.45812125999e-10, 1.03688259367e-10, 3.93852617186e-10, 4.55109061548e-10, 1.0600971212e-09, 2.58048693524e-10, 2.3556012696e-10, 1.17166498725e-10, 1.87736992618e-10, 1.54808110775e-10, 7.61452012554e-10, 5.41234224105e-10, 1.79785103471e-10, 2.83324447237e-10, 3.27370852649e-10, 1.36356065328e-10, 6.4954625012e-11, 4.35732595838e-11, 1.26275781498e-10, 5.9570862132e-11, 2.93502409876e-11, 4.44298244029e-11, 3.03959531156e-11, 2.74105373815e-11, 3.62281593613e-11], "dvar2": [0.000542650872376, 0.000367533939425, 7.10871318006e-05, 7.66049652157e-06, 1.49631915747e-07, 5.55402834834e-08, 3.82875526839e-08, 5.70992284565e-08, 1.10432578637e-08, 5.85289150479e-08, 3.16170023495e-08, 3.300856255e-09, 1.08151421152e-09, 1.21626797522e-09, 1.83675752385e-09, 1.65806923746e-09, 2.59204352426e-10, 1.06858311089e-09, 1.2055855203e-09, 2.92348345532e-09, 6.48162246097e-10, 5.74664482667e-10, 3.15467540979e-10, 4.94184859701e-10, 4.22059970306e-10, 2.19612572572e-09, 1.54387758133e-09, 5.00062879993e-10, 7.7406975274e-10, 8.962801612e-10, 3.50313195119e-10, 1.55193607965e-10, 9.96614180071e-11, 3.36901478937e-10, 1.53724213914e-10, 7.31713717395e-11, 1.09993882058e-10, 7.20210904803e-11, 6.85702605807e-11, 8.7232103485e-11], "max": [0.160770654678, 0.135588139296, 0.0647232532501, 0.0161732640117, 0.00589678995311, 0.00743245054036, 0.00387325440533, 0.00195435550995, 0.00156866014004, 0.00813556835055, 0.00252452166751, 0.00147090863902, 0.00065269425977, 0.000668903812766, 0.000415967981098, 0.000471791543532, 0.000135185735417, 0.00028318571276, 0.000229136217968, 0.000313231983455, 0.000159177900059, 0.000158673734404, 0.000102242549474, 0.000142985023558, 0.000142317832797, 0.000284977373667, 0.000281691463897, 0.000144974896102, 0.000269870477496, 0.000237495478359, 0.000133496796479, 6.75550909364e-05, 8.01188580226e-05, 0.000363229773939, 0.000102948812128, 5.63975991099e-05, 7.15770656825e-05, 9.73437563516e-05, 5.0308459322e-05, 5.78064100409e-05], "mean": [0.0117482813075, 0.0093751354143, 0.0023457899224, 0.000619495520368, 0.000345758831827, 0.000376435491489, 0.000142916542245, 7.05812853994e-05, 7.16641079634e-05, 0.000224778646952, 0.000126562896185, 3.5306889913e-05, 2.38550128415e-05, 1.8065353288e-05, 1.04866694528e-05, 1.17349445645e-05, 5.44203885511e-06, 5.69051417187e-06, 5.64065203434e-06, 6.71935140417e-06, 5.29267981619e-06, 5.23747485204e-06, 4.14641317548e-06, 4.85745749756e-06, 4.14327769249e-06, 6.15522731096e-06, 5.61967908652e-06, 4.85930331706e-06, 5.77708988203e-06, 6.02446016273e-06, 5.15609008289e-06, 4.3565901251e-06, 3.79775769943e-06, 3.71138162336e-06, 3.48170851794e-06, 3.12424845106e-06, 3.30088960254e-06, 2.78216543848e-06, 2.46216040978e-06, 2.70436407845e-06], "median": [0.000570432341192, 0.000808724435046, 0.000333974603564, 0.000143994722748, 0.000147834420204, 0.00011891007307, 4.03168305638e-05, 1.4491559341e-05, 1.53872661031e-05, 7.1125512477e-05, 3.54803305527e-05, 7.83061750553e-06, 9.65106846706e-06, 5.85847919865e-06, 2.69128759101e-06, 3.62649302588e-06, 2.37598487729e-06, 1.07187838694e-06, 9.14813313102e-07, 7.51292247969e-07, 7.52578785068e-07, 7.77991829182e-07, 6.8048382218e-07, 5.82097868573e-07, 5.20659227732e-07, 6.16197723957e-07, 5.85147120091e-07, 3.84223426408e-07, 3.37417020546e-07, 6.39278368908e-07, 5.71026077978e-07, 4.76418563267e-07, 4.67842909302e-07, 3.87700509918e-07, 4.92410435982e-07, 6.97319933352e-07, 7.88328861745e-07, 6.64994217914e-07, 6.11987104548e-07, 6.85317729676e-07], "min": [7.70960941307e-24, 1.51297352729e-23, 8.68437327921e-24, 4.46916366306e-24, 5.47107696612e-24, 4.34587140889e-24, 5.17084163319e-24, 1.19328969649e-23, 1.48110402004e-23, 3.14262581447e-24, 5.90137455751e-24, 6.88118476687e-24, 1.55275791267e-24, 3.27836077169e-24, 1.22708339326e-23, 5.48564919919e-24, 1.12685427652e-23, 1.07893649855e-23, 8.29234885236e-24, 6.76786332011e-24, 1.31906102494e-23, 1.50875990565e-23, 9.47364754755e-24, 5.17987369613e-24, 4.76965577022e-24, 8.92256904068e-24, 1.69271264465e-23, 9.86788315151e-24, 6.19830101337e-24, 9.05688049841e-24, 9.71915683847e-24, 1.07347489896e-23, 1.01217701453e-23, 1.16514897696e-23, 1.1570664659e-23, 8.77432629937e-24, 8.28288567694e-24, 1.4820672192e-23, 1.44790102231e-23, 1.07451469652e-23], "var": [0.000542501686141, 0.000308977614623, 2.71788885584e-05, 2.61006630353e-06, 3.11955460575e-07, 4.56026583606e-07, 8.09900484455e-08, 2.89600521342e-08, 2.38742607905e-08, 1.45963909404e-07, 5.35126787327e-08, 8.68661231834e-09, 2.10073136664e-09, 1.38108247061e-09, 6.70609678899e-10, 7.46203765445e-10, 1.06155056967e-10, 2.98023217216e-10, 3.52174178708e-10, 7.16496861841e-10, 2.42652287152e-10, 2.38169928224e-10, 1.13344292285e-10, 1.84135873216e-10, 1.26004470746e-10, 4.80832262895e-10, 3.47189027528e-10, 1.60142774042e-10, 2.39222669451e-10, 2.61965393822e-10, 1.56402030216e-10, 8.521269107e-11, 6.02149233253e-11, 1.12111465944e-10, 5.82970061114e-11, 3.48775626435e-11, 5.05478159329e-11, 3.79425067754e-11, 2.73171867071e-11, 3.57016638475e-11]}, "mfcc": {"mean": [-710.184143066, 128.721893311, 46.7630653381, 13.9455890656, 5.29173851013, 6.45698261261, 10.1053514481, 7.22568845749, 4.03528213501, 1.79798591137, -0.849150180817, -1.37768042088, -4.9162979126], "cov": [[9799.55566406, -5334.9765625, 437.657928467, 1912.51416016, 689.856872559, 690.534484863, 163.359283447, 69.6684036255, 98.0045471191, -26.9434432983, -87.1816329956, 164.879211426, 332.470092773], [-5334.9765625, 5661.15332031, -413.083709717, -1152.57092285, -221.163085938, -270.373291016, 108.218521118, 214.336715698, 139.089309692, 213.623474121, 204.42149353, -62.3714485168, -209.594268799], [437.657928467, -413.083709717, 634.033935547, 218.439712524, 179.555908203, 160.410461426, 83.0621414185, 33.6389045715, 26.5938339233, 12.1708345413, 27.9971141815, 78.7815093994, 64.6213912964], [1912.51416016, -1152.57092285, 218.439712524, 767.485900879, 338.883514404, 288.998046875, 100.073478699, 68.90599823, 97.4573364258, 49.3052024841, 9.04641628265, 58.789806366, 96.1672973633], [689.856872559, -221.163085938, 179.555908203, 338.883514404, 305.323059082, 190.267822266, 92.7508621216, 69.6209335327, 78.4179611206, 39.1514549255, 23.7190608978, 45.4815292358, 64.1736450195], [690.534484863, -270.373291016, 160.410461426, 288.998046875, 190.267822266, 242.53225708, 108.862251282, 82.2799606323, 73.7351379395, 51.0943908691, 51.0003089905, 60.9013175964, 59.3315963745], [163.359283447, 108.218521118, 83.0621414185, 100.073478699, 92.7508621216, 108.862251282, 133.017959595, 90.3167495728, 64.3057785034, 43.3955917358, 36.002155304, 35.7282943726, 24.0723819733], [69.6684036255, 214.336715698, 33.6389045715, 68.90599823, 69.6209335327, 82.2799606323, 90.3167495728, 151.078125, 105.086196899, 70.1033096313, 47.9353027344, 20.1150684357, 8.13967609406], [98.0045471191, 139.089309692, 26.5938339233, 97.4573364258, 78.4179611206, 73.7351379395, 64.3057785034, 105.086196899, 124.809181213, 90.07371521, 47.8551940918, 15.507733345, 2.13537955284], [-26.9434432983, 213.623474121, 12.1708345413, 49.3052024841, 39.1514549255, 51.0943908691, 43.3955917358, 70.1033096313, 90.07371521, 119.143569946, 78.4868087769, 20.8769378662, -9.43940353394], [-87.1816329956, 204.42149353, 27.9971141815, 9.04641628265, 23.7190608978, 51.0003089905, 36.002155304, 47.9353027344, 47.8551940918, 78.4868087769, 105.030517578, 57.9912071228, 11.4420890808], [164.879211426, -62.3714485168, 78.7815093994, 58.789806366, 45.4815292358, 60.9013175964, 35.7282943726, 20.1150684357, 15.507733345, 20.8769378662, 57.9912071228, 97.557182312, 70.012046814], [332.470092773, -209.594268799, 64.6213912964, 96.1672973633, 64.1736450195, 59.3315963745, 24.0723819733, 8.13967609406, 2.13537955284, -9.43940353394, 11.4420890808, 70.012046814, 111.158950806]], "icov": [[0.000306682457449, 0.000220308764256, 0.000139744457556, -0.000368314300431, -6.06406138104e-05, -0.00011575796816, -9.16879653232e-05, -0.000305352266878, 0.000298233469948, -0.000220846544835, 0.000140732183354, -6.76860727253e-05, -0.000121795543237], [0.000220308764256, 0.000560317304917, 0.000258832646068, 0.000571965705603, -0.00071966642281, 0.000151284635649, -0.000518155167811, -0.000500732334331, 0.000263750378508, -0.000564454763662, -0.000326841662172, 0.000153358603711, 0.000119926087791], [0.000139744457556, 0.000258832646068, 0.00224628299475, 0.000224737421377, -0.00115039444063, -0.000670549692586, -0.00055670470465, -0.000148536564666, 0.000777254696004, -0.000571858370677, 0.000881849206053, -0.00191012781579, 0.000772072060499], [-0.000368314300431, 0.000571965705603, 0.000224737421377, 0.00554352393374, -0.00345199741423, -0.00229598977603, 0.000301416235743, 0.000533923041075, -0.000910473580007, -0.00210482114926, 0.00171413063072, -0.00028651356115, 0.000210311758565], [-6.06406138104e-05, -0.00071966642281, -0.00115039444063, -0.00345199741423, 0.0100471619517, -0.00313875591382, -0.000620472477749, 0.0017086857697, -0.00373558304273, 0.00263016181998, -0.000333740375936, 0.00176831602585, -0.00242045824416], [-0.00011575796816, 0.000151284635649, -0.000670549692586, -0.00229598977603, -0.00313875591382, 0.0138896564022, -0.00550504773855, -0.000943330232985, 0.000117317504191, 0.00146019284148, -0.00522615807131, 0.000874226272572, -0.00122367101721], [-9.16879653232e-05, -0.000518155167811, -0.00055670470465, 0.000301416235743, -0.000620472477749, -0.00550504773855, 0.0180741101503, -0.00795049313456, 0.00155791849829, -0.00139947060961, 0.00412701582536, -0.00486804125831, 0.00181723129936], [-0.000305352266878, -0.000500732334331, -0.000148536564666, 0.000533923041075, 0.0017086857697, -0.000943330232985, -0.00795049313456, 0.022626535967, -0.0181017518044, 0.00648284517229, -0.00557464361191, 0.00432842969894, -0.00207859510556], [0.000298233469948, 0.000263750378508, 0.000777254696004, -0.000910473580007, -0.00373558304273, 0.000117317504191, 0.00155791849829, -0.0181017518044, 0.0386250130832, -0.0242888238281, 0.0108052389696, -0.00421202043071, 0.00175936240703], [-0.000220846544835, -0.000564454763662, -0.000571858370677, -0.00210482114926, 0.00263016181998, 0.00146019284148, -0.00139947060961, 0.00648284517229, -0.0242888238281, 0.0396727956831, -0.0270443111658, 0.0109381033108, -0.000989725696854], [0.000140732183354, -0.000326841662172, 0.000881849206053, 0.00171413063072, -0.000333740375936, -0.00522615807131, 0.00412701582536, -0.00557464361191, 0.0108052389696, -0.0270443111658, 0.0433883778751, -0.0282310247421, 0.0102744949982], [-6.76860727253e-05, 0.000153358603711, -0.00191012781579, -0.00028651356115, 0.00176831602585, 0.000874226272572, -0.00486804125831, 0.00432842969894, -0.00421202043071, 0.0109381033108, -0.0282310247421, 0.0423528179526, -0.0216599944979], [-0.000121795543237, 0.000119926087791, 0.000772072060499, 0.000210311758565, -0.00242045824416, -0.00122367101721, 0.00181723129936, -0.00207859510556, 0.00175936240703, -0.000989725696854, 0.0102744949982, -0.0216599944979, 0.0232317522168]]}, "spectral_contrast_coeffs": {"dmean": [0.0564611852169, 0.0500651374459, 0.0446814633906, 0.0349374562502, 0.0209982786328, 0.0230581685901], "dmean2": [0.0868447497487, 0.0782839804888, 0.0679423734546, 0.0559842586517, 0.0342009961605, 0.037539973855], "dvar": [0.00275203678757, 0.00225478922948, 0.00176204473246, 0.000947972817812, 0.000402477860916, 0.000502340670209], "dvar2": [0.00600486295298, 0.0049390043132, 0.00382214831188, 0.0024144013878, 0.0010144355474, 0.00122070335783], "max": [-0.258684962988, -0.343836218119, -0.363440096378, -0.492953300476, -0.622106254101, -0.645633161068], "mean": [-0.637720584869, -0.658537507057, -0.686397731304, -0.776398718357, -0.815200269222, -0.807947099209], "median": [-0.657860457897, -0.663166165352, -0.703231275082, -0.793136537075, -0.822555065155, -0.814960837364], "min": [-0.955601811409, -0.964626371861, -0.975859284401, -0.952549159527, -0.959557116032, -0.959587991238], "var": [0.0113151464611, 0.010001831688, 0.0138777354732, 0.00504679977894, 0.0015274619218, 0.00140370533336]}, "spectral_contrast_valleys": {"dmean": [0.653528273106, 0.519591152668, 0.526638150215, 0.573061227798, 0.581888020039, 0.493541836739], "dmean2": [0.918232679367, 0.797594726086, 0.795281469822, 0.808592677116, 0.82528167963, 0.676084637642], "dvar": [0.602939784527, 0.316938519478, 0.308467209339, 0.386148393154, 0.504619956017, 0.297828942537], "dvar2": [0.952759385109, 0.652955651283, 0.645168304443, 0.765226721764, 1.02660703659, 0.636052727699], "max": [-4.65840482712, -5.00340366364, -5.54682779312, -5.88414096832, -5.30426740646, -7.32338762283], "mean": [-7