{"lowlevel": {"average_loudness": 0.95907241106, "barkbands_crest": {"dmean": 3.06305861473, "dmean2": 4.99646234512, "dvar": 11.8433198929, "dvar2": 27.2906131744, "max": 26.9997291565, "mean": 14.7283210754, "median": 13.5927639008, "min": 3.86394691467, "var": 28.8925666809}, "barkbands_flatness_db": {"dmean": 0.0672339349985, "dmean2": 0.0943611189723, "dvar": 0.00626117363572, "dvar2": 0.0125454384834, "max": 0.869302034378, "mean": 0.367655158043, "median": 0.341453105211, "min": 0.0480323396623, "var": 0.0218172669411}, "barkbands_kurtosis": {"dmean": 2194.40698242, "dmean2": 3572.41113281, "dvar": 439002240, "dvar2": 1034554688, "max": 447565.6875, "mean": 2229.1184082, "median": 9.58784008026, "min": -1.9575432539, "var": 480567584}, "barkbands_skewness": {"dmean": 5.45315599442, "dmean2": 8.7770614624, "dvar": 891.281921387, "dvar2": 2142.00244141, "max": 589.458312988, "mean": 6.36078453064, "median": 2.05934619904, "min": -106.529563904, "var": 1055.93005371}, "barkbands_spread": {"dmean": 9.00466823578, "dmean2": 15.383646965, "dvar": 371.67489624, "dvar2": 924.203186035, "max": 123.083580017, "mean": 10.5596294403, "median": 5.12443065643, "min": 0.000334675714839, "var": 343.99118042}, "dissonance": {"dmean": 0.0679505839944, "dmean2": 0.111707277596, "dvar": 0.00505735957995, "dvar2": 0.0122469998896, "max": 0.500000059605, "mean": 0.302759677172, "median": 0.320391714573, "min": 0.00835361145437, "var": 0.0163341779262}, "dynamic_complexity": 3.3473045826, "erbbands_crest": {"dmean": 3.52136731148, "dmean2": 5.4706697464, "dvar": 16.2218036652, "dvar2": 36.0808105469, "max": 34.3590431213, "mean": 17.8995323181, "median": 17.1655654907, "min": 2.60862803459, "var": 55.6969642639}, "erbbands_flatness_db": {"dmean": 0.0571444444358, "dmean2": 0.0789537206292, "dvar": 0.00497357547283, "dvar2": 0.00913971289992, "max": 0.77550137043, "mean": 0.29579359293, "median": 0.268909752369, "min": 0.0363309495151, "var": 0.0218702349812}, "erbbands_kurtosis": {"dmean": 16.5536308289, "dmean2": 27.5145454407, "dvar": 2183.00195312, "dvar2": 5233.75390625, "max": 640.09362793, "mean": 22.0509223938, "median": 7.15783023834, "min": -1.89246058464, "var": 3235.74755859}, "erbbands_skewness": {"dmean": 1.40779542923, "dmean2": 2.2000079155, "dvar": 3.97539043427, "dvar2": 9.41927623749, "max": 21.4585990906, "mean": 1.26465082169, "median": 1.12991404533, "min": -8.14942550659, "var": 9.4261674881}, "erbbands_spread": {"dmean": 15.068816185, "dmean2": 24.7408695221, "dvar": 769.192626953, "dvar2": 1769.58154297, "max": 218.090927124, "mean": 23.1498298645, "median": 10.5490112305, "min": 0.157210215926, "var": 1141.35778809}, "hfc": {"dmean": 21.1699752808, "dmean2": 37.6038742065, "dvar": 3799.08862305, "dvar2": 10546.0839844, "max": 612.182800293, "mean": 24.4675121307, "median": 13.8629302979, "min": 1.18969655265e-16, "var": 2429.64941406}, "melbands_crest": {"dmean": 3.38281202316, "dmean2": 5.58473730087, "dvar": 15.8508644104, "dvar2": 37.8625869751, "max": 35.3361968994, "mean": 18.4175949097, "median": 17.4495162964, "min": 2.02946853638, "var": 40.6881904602}, "melbands_flatness_db": {"dmean": 0.0717139095068, "dmean2": 0.102194882929, "dvar": 0.00693308049813, "dvar2": 0.013963514939, "max": 0.985774874687, "mean": 0.486456602812, "median": 0.471162855625, "min": 0.00595848960802, "var": 0.0246756244451}, "melbands_kurtosis": {"dmean": 38.3240852356, "dmean2": 61.429309845, "dvar": 9860.53027344, "dvar2": 23220.4550781, "max": 1452.05456543, "mean": 51.5548934937, "median": 10.6610221863, "min": -1.93785750866, "var": 17261.125}, "melbands_skewness": {"dmean": 1.59498071671, "dmean2": 2.50763821602, "dvar": 5.35743904114, "dvar2": 12.3408060074, "max": 31.9493122101, "mean": 2.78281998634, "median": 2.02744293213, "min": -6.79058504105, "var": 13.9534692764}, "melbands_spread": {"dmean": 5.58612442017, "dmean2": 9.5650177002, "dvar": 376.949249268, "dvar2": 905.063354492, "max": 282.648223877, "mean": 8.90607357025, "median": 4.59102249146, "min": 0.119825765491, "var": 456.198547363}, "pitch_salience": {"dmean": 0.0988882184029, "dmean2": 0.16031858325, "dvar": 0.0147387431934, "dvar2": 0.0359346456826, "max": 0.878721654415, "mean": 0.427561193705, "median": 0.428242444992, "min": 0.00282587017864, "var": 0.0271294731647}, "silence_rate_20dB": {"dmean": 0, "dmean2": 0, "dvar": 0, "dvar2": 0, "max": 1, "mean": 1, "median": 1, "min": 1, "var": 0}, "silence_rate_30dB": {"dmean": 0.0792492181063, "dmean2": 0.158539772034, "dvar": 0.072971701622, "dvar2": 0.175654396415, "max": 1, "mean": 0.926765680313, "median": 1, "min": 0, "var": 0.0678686350584}, "silence_rate_60dB": {"dmean": 0.0417101159692, "dmean2": 0.0834419801831, "dvar": 0.0399701818824, "dvar2": 0.0895154550672, "max": 1, "mean": 0.0836591050029, "median": 0, "min": 0, "var": 0.07666131109}, "spectral_centroid": {"dmean": 170.642227173, "dmean2": 281.671234131, "dvar": 271434.28125, "dvar2": 633990.6875, "max": 10577.8857422, "mean": 521.72088623, "median": 400.821258545, "min": 97.8710479736, "var": 438666.3125}, "spectral_complexity": {"dmean": 1.73305523396, "dmean2": 2.87144708633, "dvar": 7.83333826065, "dvar2": 19.5670013428, "max": 28, "mean": 5.60463905334, "median": 5, "min": 0, "var": 13.6729469299}, "spectral_decrease": {"dmean": 4.38442748774e-09, "dmean2": 6.73687994279e-09, "dvar": 3.61802414096e-17, "dvar2": 7.61595513192e-17, "max": 5.40849420805e-10, "mean": -1.35115802991e-08, "median": -1.30107267182e-08, "min": -6.26697271855e-08, "var": 9.29382681526e-17}, "spectral_energy": {"dmean": 0.0177122764289, "dmean2": 0.0276723653078, "dvar": 0.00056406785734, "dvar2": 0.00120009563398, "max": 0.238752707839, "mean": 0.0532150045037, "median": 0.0519564002752, "min": 1.07130584512e-20, "var": 0.00138581776991}, "spectral_energyband_high": {"dmean": 0.00171613832936, "dmean2": 0.00313542527147, "dvar": 3.85296370951e-05, "dvar2": 0.000107538588054, "max": 0.0617922283709, "mean": 0.00105890911072, "median": 9.74334852799e-06, "min": 7.99174975042e-21, "var": 2.32467591559e-05}, "spectral_energyband_low": {"dmean": 0.0133930211887, "dmean2": 0.0208365060389, "dvar": 0.000432745320722, "dvar2": 0.00101595197339, "max": 0.23040188849, "mean": 0.0310319270939, "median": 0.0255056563765, "min": 1.36196822665e-22, "var": 0.000971545639914}, "spectral_energyband_middle_high": {"dmean": 0.000717671995517, "dmean2": 0.00114647659939, "dvar": 4.42597774963e-06, "dvar2": 1.02191315818e-05, "max": 0.0584842860699, "mean": 0.00234923325479, "median": 0.000137479844852, "min": 1.35599863219e-21, "var": 4.65718840132e-05}, "spectral_energyband_middle_low": {"dmean": 0.00876182690263, "dmean2": 0.0145160127431, "dvar": 0.000218799978029, "dvar2": 0.000593001255766, "max": 0.148633539677, "mean": 0.0218849740922, "median": 0.0197702012956, "min": 2.62449125919e-22, "var": 0.000360073783668}, "spectral_entropy": {"dmean": 0.608378648758, "dmean2": 0.889457702637, "dvar": 0.599779129028, "dvar2": 1.13416337967, "max": 9.80296802521, "mean": 5.66785335541, "median": 5.65831518173, "min": 1.99712967873, "var": 1.83322954178}, "spectral_flux": {"dmean": 0.0515424385667, "dmean2": 0.0783889740705, "dvar": 0.00317757460289, "dvar2": 0.00635465979576, "max": 0.421168208122, "mean": 0.0925226137042, "median": 0.0678299367428, "min": 1.03503906834e-10, "var": 0.00598636176437}, "spectral_kurtosis": {"dmean": 30.112323761, "dmean2": 48.6532402039, "dvar": 5183.64355469, "dvar2": 13582.0488281, "max": 1678.65893555, "mean": 48.8345947266, "median": 19.6225891113, "min": -1.2098197937, "var": 6925.94873047}, "spectral_rms": {"dmean": 0.00124611554202, "dmean2": 0.00190175522584, "dvar": 2.55050804299e-06, "dvar2": 4.92163690069e-06, "max": 0.0152620272711, "mean": 0.00655583571643, "median": 0.00711963279173, "min": 3.23291892389e-12, "var": 8.93822925718e-06}, "spectral_rolloff": {"dmean": 832.087158203, "dmean2": 1589.61096191, "dvar": 7484657, "dvar2": 19316806, "max": 19035.3515625, "mean": 1042.53308105, "median": 452.197265625, "min": 64.599609375, "var": 6722854.5}, "spectral_skewness": {"dmean": 1.56559789181, "dmean2": 2.38380932808, "dvar": 4.5352602005, "dvar2": 9.3293132782, "max": 35.9675865173, "mean": 4.87250041962, "median": 3.93057274818, "min": -0.22309614718, "var": 12.8691444397}, "spectral_spread": {"dmean": 2427258.75, "dmean2": 3680028.5, "dvar": 9926766231550.0, "dvar2": 19247946268700.0, "max": 41278436, "mean": 5324360.5, "median": 3529709.25, "min": 68294.0546875, "var": 22166932291600.0}, "spectral_strongpeak": {"dmean": 0.533986270428, "dmean2": 0.94139277935, "dvar": 1.05816924572, "dvar2": 2.59206199646, "max": 13.6424102783, "mean": 1.30255031586, "median": 0.697965979576, "min": 0, "var": 2.24818730354}, "zerocrossingrate": {"dmean": 0.0182589944452, "dmean2": 0.0240473747253, "dvar": 0.00109524116851, "dvar2": 0.00148079718929, "max": 0.7314453125, "mean": 0.0408979132771, "median": 0.02197265625, "min": 0.001953125, "var": 0.00398344639689}, "barkbands": {"dmean": [0.000292116543278, 0.00924118980765, 0.00423303805292, 0.00308589078486, 0.00341256335378, 0.00129212066531, 0.00126178795472, 0.00121456978377, 0.00135869148653, 0.000572418561205, 0.000180035291123, 4.22717384936e-05, 2.83323170152e-05, 9.29564430407e-06, 6.68753955324e-06, 3.44550244336e-06, 4.43295130026e-06, 7.43009150028e-06, 2.1107161956e-05, 3.0993771361e-05, 3.95475035475e-05, 7.68816971686e-05, 9.90308690234e-05, 0.000312956864946, 0.000650990230497, 0.000423862336902, 0.000109604159661], "dmean2": [0.000504598894622, 0.0148219140247, 0.00670781824738, 0.00505628110841, 0.00596529990435, 0.00214250688441, 0.00198991061188, 0.00196101632901, 0.00208246032707, 0.00092862470774, 0.00028661559918, 6.68949578539e-05, 4.29892934335e-05, 1.46528109326e-05, 1.05115614133e-05, 5.7033334997e-06, 7.60340753914e-06, 1.38685882121e-05, 3.97278163291e-05, 5.76313541387e-05, 7.34858549549e-05, 0.000144120553159, 0.000181378753041, 0.000576935184654, 0.0012028652709, 0.000762334209867, 0.00019356062694], "dvar": [4.10406784113e-07, 0.000222392569412, 6.60341975163e-05, 3.94685484935e-05, 6.64817271172e-05, 9.10324524739e-06, 1.00400484371e-05, 1.10313239929e-05, 1.66190329765e-05, 3.74368255507e-06, 7.64391757002e-07, 2.49362290816e-08, 7.39122985038e-09, 5.38121380789e-10, 4.21609219758e-10, 6.72913530453e-11, 2.90246854329e-10, 1.08330444615e-09, 1.16842082676e-08, 2.51621852243e-08, 3.90178662713e-08, 1.55027777282e-07, 2.23477741201e-07, 2.26154270422e-06, 7.74318141339e-06, 1.07060566279e-06, 7.36910337196e-08], "dvar2": [1.16634748792e-06, 0.000569123716559, 0.0001601404947, 9.99620460789e-05, 0.000185413169675, 2.31107223954e-05, 2.22702656174e-05, 2.71173848887e-05, 4.05441242037e-05, 9.19393642107e-06, 1.45583840094e-06, 4.91968350502e-08, 1.40723228625e-08, 1.14394393957e-09, 1.08117292896e-09, 1.61184690595e-10, 7.65910168621e-10, 3.12668646529e-09, 3.36102594645e-08, 7.11796914743e-08, 1.10808457521e-07, 4.43781033255e-07, 6.27911106221e-07, 6.37547327642e-06, 2.1889594791e-05, 2.86415888695e-06, 1.89155727526e-07], "max": [0.0070724519901, 0.15069052577, 0.0927753895521, 0.0943935662508, 0.0934994071722, 0.0356465503573, 0.0516235008836, 0.067495688796, 0.0742551088333, 0.0457184761763, 0.0287915877998, 0.00422623381019, 0.00205250573345, 0.00069459452061, 0.000753281579819, 0.000283504603431, 0.000721701653674, 0.000359876663424, 0.00108078063931, 0.00167293939739, 0.00203320663422, 0.00428200187162, 0.00535520073026, 0.014449024573, 0.0288963019848, 0.00980765745044, 0.00323824444786], "mean": [0.000324056483805, 0.0183926131576, 0.00925265531987, 0.00521128298715, 0.0040109124966, 0.00207222858444, 0.00294783967547, 0.00351315364242, 0.00404130015522, 0.00173654174432, 0.000429399835411, 9.64361825027e-05, 6.34818934486e-05, 1.38962323035e-05, 1.15151742648e-05, 4.67177233077e-06, 5.77322725803e-06, 5.28795089849e-06, 1.27859020722e-05, 1.88300382433e-05, 2.39375240199e-05, 4.54668370367e-05, 6.0874484916e-05, 0.000189698374015, 0.000388803979149, 0.000266916875262, 7.46642617742e-05], "median": [7.49418104533e-05, 0.0132859908044, 0.00365930865519, 0.00117730116472, 0.000858041807078, 0.000160996511113, 0.000380130950361, 0.000104481157905, 0.000158050868777, 1.74692104338e-05, 5.29572844243e-06, 4.3803133849e-06, 5.80323921895e-06, 2.36926075559e-06, 2.9387624636e-06, 1.59410751621e-06, 1.34524884743e-06, 6.70989379614e-07, 6.2998373096e-07, 4.17490355176e-07, 6.24207757483e-07, 8.04938167676e-07, 7.98616838438e-07, 1.64732580288e-06, 1.76530988938e-06, 1.80619952062e-06, 1.22203664432e-06], "min": [3.22820720415e-23, 3.53547767752e-23, 5.48198817462e-23, 3.03532818847e-23, 2.4234614802e-23, 4.94779491989e-23, 4.62979120504e-23, 5.95535646703e-23, 4.31388365139e-23, 1.83108894484e-23, 8.45097663195e-23, 1.24286373526e-22, 6.90148215796e-23, 7.26328595462e-23, 5.85498622307e-23, 1.09569371856e-22, 2.04844053995e-22, 2.56749561702e-22, 1.72597957166e-22, 4.78751933609e-22, 3.29838471204e-22, 4.30918336568e-22, 8.78511551842e-22, 7.68719228961e-22, 1.25773397789e-21, 2.09481551424e-21, 2.22505162818e-21], "var": [3.861532889e-07, 0.000397341646021, 0.000163915683515, 7.00531018083e-05, 5.50668301003e-05, 2.01351722353e-05, 3.44969557773e-05, 6.30086578894e-05, 9.74876020337e-05, 3.23169479088e-05, 4.1415260057e-06, 1.32549189402e-07, 3.26725384525e-08, 1.31596722408e-09, 6.70640820655e-10, 1.29933397375e-10, 4.70743499736e-10, 6.22905671488e-10, 6.53178178212e-09, 1.46813752266e-08, 2.25561098688e-08, 8.77071855143e-08, 1.32959598886e-07, 1.33163632654e-06, 4.52334961665e-06, 7.15564681286e-07, 5.47803331585e-08]}, "erbbands": {"dmean": [0.199017167091, 2.36980581284, 5.44123506546, 7.26138353348, 10.8451566696, 11.3533353806, 12.6027555466, 9.92765808105, 19.1762428284, 16.4317321777, 28.6362762451, 34.3456573486, 13.4102830887, 15.9746456146, 5.5567741394, 1.8701018095, 1.33415961266, 0.582274317741, 0.382555067539, 0.246220454574, 0.201427310705, 0.221392273903, 0.322593420744, 0.856938421726, 1.31626653671, 1.2197419405, 1.36490035057, 1.86203253269, 1.97366285324, 3.31523752213, 2.83924150467, 5.3166885376, 5.84081029892, 6.99709701538, 4.76656866074, 2.83431434631, 0.430127948523, 0.128506392241, 0.0221375096589, 0.000866626156494], "dmean2": [0.318252176046, 3.81146144867, 8.82555389404, 11.4597606659, 18.5346736908, 20.2085494995, 21.6250629425, 16.4951763153, 29.6575775146, 27.1319694519, 44.8759841919, 51.973236084, 21.2697029114, 25.4490337372, 8.46687316895, 2.79016971588, 1.95218575001, 0.911137163639, 0.596302688122, 0.398166835308, 0.334639787674, 0.379268139601, 0.588935613632, 1.6182038784, 2.4640622139, 2.24346709251, 2.52543330193, 3.46819090843, 3.66735458374, 6.18141508102, 5.20816469193, 9.73421573639, 10.8119831085, 12.9680919647, 8.79992485046, 5.17736196518, 0.759090423584, 0.224974319339, 0.0394901931286, 0.00153854396194], "dvar": [0.0977890491486, 15.6951332092, 105.658454895, 186.400421143, 554.050842285, 883.982177734, 952.033325195, 572.37701416, 2269.72851562, 1531.15002441, 6020.10009766, 10656.6972656, 1592.50854492, 3286.25292969, 656.76348877, 44.9624061584, 14.172533989, 2.18941831589, 0.855711996555, 0.544462025166, 0.288825392723, 0.893827795982, 1.68559956551, 18.770242691, 45.1781616211, 37.2852630615, 46.5346946716, 86.7696380615, 97.4199523926, 280.115661621, 181.697982788, 652.162475586, 781.111938477, 995.830749512, 363.690673828, 56.4739151001, 1.04844391346, 0.0991863235831, 0.00308826845139, 4.37095195593e-06], "dvar2": [0.228898480535, 40.992515564, 264.389160156, 437.365905762, 1510.80664062, 2492.83666992, 2519.26904297, 1445.83789062, 5059.62988281, 3954.2824707, 14748.5859375, 25200.8632812, 3742.08398438, 8786.25195312, 1181.91174316, 79.8322906494, 24.8402557373, 4.90503263474, 1.99871039391, 1.32986974716, 0.721173346043, 2.42475771904, 4.80495643616, 54.1454238892, 128.807693481, 104.367652893, 131.17855835, 247.140106201, 277.211090088, 796.817077637, 512.743835449, 1828.06359863, 2210.58984375, 2825.5246582, 1025.99035645, 154.298034668, 2.7218170166, 0.248549193144, 0.00813768804073, 1.14731819849e-05], "max": [2.94026422501, 38.8125534058, 111.681762695, 232.413101196, 208.913619995, 407.284851074, 490.383514404, 376.166687012, 889.537475586, 669.09588623, 1648.34777832, 2061.57348633, 1060.45385742, 1324.23937988, 882.75579834, 211.18371582, 96.942237854, 42.5578193665, 23.7626094818, 25.1446361542, 18.4983730316, 41.9836540222, 14.1834726334, 45.8502731323, 68.0783081055, 62.8608131409, 70.4145889282, 95.3068008423, 105.015342712, 176.85055542, 145.820037842, 254.134460449, 275.619567871, 339.30847168, 194.176223755, 62.686958313, 11.1291341782, 3.6064825058, 0.645343601704, 0.0243978705257], "mean": [0.414112269878, 4.53163957596, 11.4499750137, 14.6734342575, 14.6419811249, 12.559674263, 18.0558242798, 15.1539096832, 43.1658210754, 35.988067627, 93.8094100952, 109.587791443, 42.1279830933, 43.6616973877, 14.7267484665, 5.0456662178, 3.28684186935, 0.976400613785, 0.689380347729, 0.39147657156, 0.284070849419, 0.279474079609, 0.265792489052, 0.531851172447, 0.799618065357, 0.759224116802, 0.836254060268, 1.12116074562, 1.19384205341, 1.97335112095, 1.73917067051, 3.25324702263, 3.5153594017, 4.1521987915, 2.85449814796, 1.72525548935, 0.285271286964, 0.0894977971911, 0.0146556422114, 0.000626367691439], "median": [0.230971857905, 3.31595134735, 5.80470991135, 7.92577171326, 5.02930307388, 2.70513176918, 1.81634640694, 2.51296448708, 6.1579451561, 8.1030292511, 7.32958555222, 7.09814357758, 1.92625558376, 1.34881389141, 0.44020602107, 0.403654575348, 0.381826817989, 0.191645696759, 0.173436939716, 0.127687543631, 0.102529548109, 0.0749958008528, 0.0505077280104, 0.0389315746725, 0.0303638502955, 0.0205415599048, 0.0201766621321, 0.0280948542058, 0.0296776816249, 0.0213762652129, 0.0242292061448, 0.0317300185561, 0.0267653558403, 0.0186450779438, 0.0132391965017, 0.00744230672717, 0.00337350810878, 0.00131984078325, 0.000217591237742, 8.35734390421e-05], "min": [1.87126026018e-21, 5.89859586755e-21, 4.66129264494e-20, 1.10048496435e-19, 6.78509631601e-20, 6.90730966658e-20, 2.6827648954e-19, 3.92015393799e-19, 4.19946879091e-19, 1.0169901288e-18, 1.57021968941e-18, 9.91142182224e-19, 7.29351615868e-19, 1.2105479106e-18, 4.82631556489e-18, 4.10121689814e-18, 3.95376864523e-18, 3.55217866169e-18, 3.64933722849e-18, 3.32407554277e-18, 6.81788441133e-18, 1.31217041961e-17, 1.22742038918e-17, 1.11891414515e-17, 9.8786904922e-18, 2.25964501351e-17, 1.71181470891e-17, 1.39855926027e-17, 1.30679291845e-17, 1.67108665166e-17, 3.03898778601e-17, 1.70690737721e-17, 1.31917275165e-17, 1.29245332894e-17, 9.25279849145e-18, 6.24670751296e-18, 4.35651420008e-18, 1.37951495695e-18, 3.21476610636e-19, 3.08716276937e-20], "var": [0.257965832949, 25.6349048615, 218.04536438, 394.478759766, 548.558654785, 672.607177734, 1654.27307129, 1139.12719727, 7717.28369141, 3656.84179688, 33562.2382812, 71154.9765625, 15477.9482422, 17181.1835938, 3850.0480957, 313.554748535, 77.3111877441, 5.45953083038, 2.0864405632, 0.824533343315, 0.55949306488, 1.41011917591, 1.09600698948, 10.4232358932, 25.8376178741, 22.3459453583, 27.3980731964, 49.7785110474, 56.0410728455, 161.108932495, 107.009963989, 389.870330811, 455.21472168, 576.454345703, 213.439941406, 35.6877670288, 0.753634393215, 0.0767429918051, 0.0021697494667, 3.10105815515e-06]}, "gfcc": {"mean": [-135.988449097, 124.628433228, -14.2476644516, -7.98574972153, -52.1970672607, 8.81975841522, -19.9860744476, 14.7494277954, -11.126490593, 0.252382278442, -16.7004451752, -8.26507472992, -14.5500907898], "cov": [[16693.6582031, -552.974853516, 1262.89416504, 375.751861572, 416.022399902, 1156.35681152, -1086.41027832, -39.9432411194, -958.671020508, 254.712799072, -153.991897583, 508.699371338, -152.594100952], [-552.974853516, 5180.46240234, -583.25769043, -986.322753906, 580.269042969, -331.279632568, 696.796691895, 65.3539733887, 409.216156006, -313.321807861, 90.1633300781, -370.874359131, 108.734222412], [1262.89416504, -583.25769043, 2755.72241211, 1050.08813477, 168.944610596, 213.063537598, -174.442321777, 203.412734985, -79.5772705078, 161.854156494, -34.6570777893, 96.3343734741, -124.525222778], [375.751861572, -986.322753906, 1050.08813477, 2138.71191406, 636.034790039, 132.259338379, -224.566375732, -141.054519653, -65.1020965576, 129.877029419, 39.3365821838, 67.3984603882, -114.303970337], [416.022399902, 580.269042969, 168.944610596, 636.034790039, 908.781738281, 224.65435791, -1.12525951862, -213.293731689, -150.112518311, -98.6360855103, -9.20047092438, 46.3894424438, 11.6988067627], [1156.35681152, -331.279632568, 213.063537598, 132.259338379, 224.65435791, 619.187866211, 169.439102173, -1.84103524685, -269.640960693, -154.0521698, -102.222625732, 95.2651443481, 69.3512191772], [-1086.41027832, 696.796691895, -174.442321777, -224.566375732, -1.12525951862, 169.439102173, 738.205688477, 334.252105713, 120.853248596, -258.317901611, -129.578186035, -177.311004639, 64.8858184814], [-39.9432411194, 65.3539733887, 203.412734985, -141.054519653, -213.293731689, -1.84103524685, 334.252105713, 507.710144043, 230.692306519, 29.4681930542, -65.8409576416, -143.748138428, -65.2883758545], [-958.671020508, 409.216156006, -79.5772705078, -65.1020965576, -150.112518311, -269.640960693, 120.853248596, 230.692306519, 451.128723145, 200.806228638, 85.491607666, -156.844894409, -103.228767395], [254.712799072, -313.321807861, 161.854156494, 129.877029419, -98.6360855103, -154.0521698, -258.317901611, 29.4681930542, 200.806228638, 340.210296631, 170.154724121, 58.8769836426, -98.6146316528], [-153.991897583, 90.1633300781, -34.6570777893, 39.3365821838, -9.20047092438, -102.222625732, -129.578186035, -65.8409576416, 85.491607666, 170.154724121, 226.776367188, 117.490226746, 20.118024826], [508.699371338, -370.874359131, 96.3343734741, 67.3984603882, 46.3894424438, 95.2651443481, -177.311004639, -143.748138428, -156.844894409, 58.8769836426, 117.490226746, 251.43460083, 93.579246521], [-152.594100952, 108.734222412, -124.525222778, -114.303970337, 11.6988067627, 69.3512191772, 64.8858184814, -65.2883758545, -103.228767395, -98.6146316528, 20.118024826, 93.579246521, 150.234481812]], "icov": [[0.000141129639815, -0.000167947306181, 6.59957368043e-05, -8.57758277562e-05, 0.000125274455058, -0.000318399601383, 0.000367433007341, -0.000393852969864, 0.00045567844063, -0.000405907863751, 0.000416947848862, -0.000311351235723, 0.000246480922215], [-0.000167947306181, 0.000755222688895, -0.000255372811807, 0.000538585707545, -0.000848881143611, 0.00061146664666, -0.000566428643651, 0.000640499521978, -0.00101282412652, 0.00124908948783, -0.00167842453811, 0.0014425474219, -0.000762067968026], [6.59957368043e-05, -0.000255372811807, 0.000636625802144, -0.000430741085438, 0.000287807313725, -0.000297161866911, 0.000384331273381, -0.000752884545363, 0.000541980494745, -0.000539023603778, 0.000780512578785, -0.000825751631055, 0.000501824659295], [-8.57758277562e-05, 0.000538585707545, -0.000430741085438, 0.00117570138536, -0.00111555715557, 0.000399974582251, -0.000386535684811, 0.000570025411434, -0.000593299686443, 0.000533068028744, -0.00116050324868, 0.00103617890272, -0.000170325743966], [0.000125274455058, -0.000848881143611, 0.000287807313725, -0.00111555715557, 0.00281334831379, -0.00118541601114, 0.000337172095897, 0.000292605953291, 0.000537748623174, -0.000308764632791, 0.00132309854962, -0.0017606796464, 0.00152745167725], [-0.000318399601383, 0.00061146664666, -0.000297161866911, 0.000399974582251, -0.00118541601114, 0.00435819476843, -0.00301707861945, 0.000870208372362, 0.0016906777164, -0.00121119280811, 0.000227158219786, -6.61075973767e-05, -0.000568812363781], [0.000367433007341, -0.000566428643651, 0.000384331273381, -0.000386535684811, 0.000337172095897, -0.00301707861945, 0.00732187042013, -0.00413423683494, -0.00290342583321, 0.00575745198876, -0.000788055825979, -0.000260113389231, -0.000733038410544], [-0.000393852969864, 0.000640499521978, -0.000752884545363, 0.000570025411434, 0.000292605953291, 0.000870208372362, -0.00413423683494, 0.00666068587452, -0.00242953794077, -0.00114913738798, 0.000592679833062, 0.00078455224866, 0.000209961275687], [0.00045567844063, -0.00101282412652, 0.000541980494745, -0.000593299686443, 0.000537748623174, 0.0016906777164, -0.00290342583321, -0.00242953794077, 0.0143330330029, -0.012303583324, 0.000463352509541, 0.00535844592378, -0.0010578649817], [-0.000405907863751, 0.00124908948783, -0.000539023603778, 0.000533068028744, -0.000308764632791, -0.00121119280811, 0.00575745198876, -0.00114913738798, -0.012303583324, 0.0232288036495, -0.00954659283161, -0.00470169773325, 0.00724011845887], [0.000416947848862, -0.00167842453811, 0.000780512578785, -0.00116050324868, 0.00132309854962, 0.000227158219786, -0.000788055825979, 0.000592679833062, 0.000463352509541, -0.00954659283161, 0.0173563398421, -0.00914946105331, -0.000780861650128], [-0.000311351235723, 0.0014425474219, -0.000825751631055, 0.00103617890272, -0.0017606796464, -6.61075973767e-05, -0.000260113389231, 0.00078455224866, 0.00535844592378, -0.00470169773325, -0.00914946105331, 0.0203941911459, -0.011517890729], [0.000246480922215, -0.000762067968026, 0.000501824659295, -0.000170325743966, 0.00152745167725, -0.000568812363781, -0.000733038410544, 0.000209961275687, -0.0010578649817, 0.00724011845887, -0.000780861650128, -0.011517890729, 0.0196004938334]]}, "melbands": {"dmean": [0.00219243927859, 0.002975811949, 0.00133952242322, 0.000801814778242, 0.000446203863248, 0.000224296018132, 0.00028420810122, 0.000201465634746, 0.000248175463639, 0.000192286228412, 6.78084979882e-05, 7.25239806343e-05, 2.46896015597e-05, 5.22826667293e-06, 3.77000583285e-06, 2.17047477236e-06, 1.03194020085e-06, 6.30911642929e-07, 4.03756899914e-07, 2.71789929229e-07, 2.55253695514e-07, 2.40587212375e-07, 2.08002134627e-07, 4.13341666672e-07, 6.92291507676e-07, 9.85448309621e-07, 1.09926713776e-06, 7.28297038677e-07, 7.83966527251e-07, 1.05077833723e-06, 1.06415450318e-06, 9.63087245509e-07, 1.70742384853e-06, 1.77948709279e-06, 1.27121450078e-06, 2.6453828923e-06, 3.58974716619e-06, 3.65449477613e-06, 5.51116545466e-06, 5.87589283896e-06], "dmean2": [0.00350660295226, 0.00479791732505, 0.00214776722714, 0.00139056425542, 0.0007792734541, 0.000372108712327, 0.000441608281108, 0.000335856486345, 0.000385508697946, 0.000292707991321, 0.000108193569758, 0.000116071511002, 3.79556986445e-05, 8.19953129394e-06, 5.60980288355e-06, 3.28828673446e-06, 1.63223978689e-06, 9.73673422777e-07, 6.51298364573e-07, 4.46388554565e-07, 4.28498566407e-07, 4.09684190572e-07, 3.5805595644e-07, 7.76432443672e-07, 1.30786179398e-06, 1.86265253888e-06, 2.05957258004e-06, 1.33911760258e-06, 1.44263287893e-06, 1.97578947336e-06, 1.97112899514e-06, 1.78603295353e-06, 3.19658670378e-06, 3.30474949806e-06, 2.33262016991e-06, 4.8904094001e-06, 6.64334311296e-06, 6.79156300976e-06, 1.02425092336e-05, 1.08619269668e-05], "dvar": [1.1655821254e-05, 2.72593588306e-05, 6.15864519204e-06, 3.64414358955e-06, 1.20658046399e-06, 2.79733058051e-07, 5.00893008848e-07, 2.30830778492e-07, 3.98731600626e-07, 3.21076271348e-07, 4.82930921919e-08, 6.63289725367e-08, 1.52758428129e-08, 3.574057994e-10, 1.2225237489e-10, 2.99276541049e-11, 7.3893226607e-12, 2.05806443936e-12, 2.89507025124e-12, 5.03763480583e-13, 5.01383548394e-13, 1.16577548396e-12, 4.44795730196e-13, 3.7436048185e-12, 1.22824354853e-11, 2.62324415662e-11, 3.29144420053e-11, 1.30490791783e-11, 1.50266413895e-11, 2.93554971997e-11, 2.75087660984e-11, 2.28612476172e-11, 7.59432308706e-11, 7.91367110731e-11, 3.55714520339e-11, 1.71945929717e-10, 3.07423503321e-10, 3.25136167989e-10, 6.34766850194e-10, 6.96738833295e-10], "dvar2": [2.88009487122e-05, 6.96466086083e-05, 1.52299953697e-05, 1.00975812529e-05, 3.30433954332e-06, 7.05370553078e-07, 1.09304107809e-06, 5.94008554344e-07, 9.88468855212e-07, 7.65073195907e-07, 1.12759366289e-07, 1.76330544832e-07, 2.75317191267e-08, 6.78848643965e-10, 2.33419811257e-10, 6.08693026538e-11, 1.62445387003e-11, 4.6559756918e-12, 7.94334042986e-12, 1.16494184091e-12, 1.29003741283e-12, 3.18102271954e-12, 1.09365164494e-12, 1.08272609628e-11, 3.5437239948e-11, 7.56656265422e-11, 9.38610578149e-11, 3.6395182007e-11, 4.19445173039e-11, 8.44481637396e-11, 7.78695025128e-11, 6.49113054974e-11, 2.17136642e-10, 2.2421539625e-10, 1.01011393694e-10, 4.87091311729e-10, 8.68571825574e-10, 9.22227461064e-10, 1.80418546769e-09, 1.97275928926e-09], "max": [0.0345999225974, 0.0554786175489, 0.0361396148801, 0.0189885739237, 0.0137592852116, 0.00748540181667, 0.0122719006613, 0.00836118217558, 0.0114223565906, 0.0111219873652, 0.00588547904044, 0.00593899749219, 0.00427414430305, 0.000467482430395, 0.00026682682801, 0.000124028432765, 8.97855134099e-05, 3.30971924996e-05, 7.20181706129e-05, 2.90349089482e-05, 1.98156358238e-05, 4.77236208098e-05, 2.24996401812e-05, 2.13751591218e-05, 3.7489735405e-05, 5.08738667122e-05, 6.01321989961e-05, 3.59581172233e-05, 4.37706330558e-05, 5.36993102287e-05, 5.41919944226e-05, 5.06209544255e-05, 9.37241347856e-05, 9.19397643884e-05, 5.98889964749e-05, 0.000152408931172, 0.0001753817196, 0.000188901060028, 0.000260316912318, 0.000288486655336], "mean": [0.0045052645728, 0.00615033973008, 0.00256933737546, 0.000997759168968, 0.000587976304814, 0.000339753372828, 0.000655359879602, 0.000478885805933, 0.000832192075904, 0.000586098933127, 0.000205455973628, 0.000203950330615, 6.29287824268e-05, 1.15710363389e-05, 9.71354984358e-06, 4.57184660263e-06, 1.54031192778e-06, 1.06389097709e-06, 6.43113025944e-07, 4.02707144076e-07, 3.31479469651e-07, 2.98491670492e-07, 2.43197575855e-07, 2.76915216091e-07, 4.27124689395e-07, 5.86113173995e-07, 6.58664077946e-07, 4.56790473891e-07, 4.878324944e-07, 6.16709655787e-07, 6.49758760574e-07, 5.89709316046e-07, 1.00462614228e-06, 1.06708432668e-06, 7.76073704856e-07, 1.59665921728e-06, 2.17054321183e-06, 2.19260823542e-06, 3.25905489262e-06, 3.50211303157e-06], "median": [0.00306050991639, 0.0042483061552, 0.00145631912164, 0.000263737980276, 7.13266199455e-05, 4.15233553213e-05, 8.99122096598e-05, 7.35866269679e-05, 5.71400742047e-05, 2.39403216256e-05, 2.240960157e-06, 3.2284522149e-06, 1.11111228307e-06, 6.60808723296e-07, 6.18527849383e-07, 5.27969518771e-07, 2.48328348107e-07, 2.19926732825e-07, 1.9863951195e-07, 1.21806607467e-07, 9.05172470311e-08, 6.98352380368e-08, 4.90916569618e-08, 3.18152224565e-08, 2.79690279825e-08, 2.4626871209e-08, 1.56507340421e-08, 1.26955130852e-08, 1.06225339636e-08, 1.46783669663e-08, 1.56630175496e-08, 1.76276415687e-08, 1.24072219165e-08, 1.1207748507e-08, 1.33537447766e-08, 1.50124837006e-08, 2.13079225375e-08, 1.80881070122e-08, 1.75176531059e-08, 1.47427146047e-08], "min": [1.50578463786e-23, 1.86790808096e-23, 1.7042921761e-23, 4.53728614096e-24, 7.98130651946e-24, 8.92708763595e-24, 7.46128388871e-24, 1.18371907821e-23, 1.16857397435e-23, 5.778968983e-24, 3.55877400223e-24, 4.08840850867e-24, 1.32440737195e-23, 1.42391854638e-23, 8.72116338525e-24, 7.93155148445e-24, 6.4334316558e-24, 6.18861380146e-24, 4.0974961863e-24, 5.7544413253e-24, 7.82286380665e-24, 1.27743930363e-23, 1.15690269837e-23, 1.28694594528e-23, 8.70028302595e-24, 6.44715704669e-24, 9.42842294071e-24, 1.6579955073e-23, 1.1559083392e-23, 9.06931452399e-24, 7.97416969485e-24, 6.80994589396e-24, 8.71832585257e-24, 9.33714226765e-24, 2.00349591563e-23, 1.27172274419e-23, 9.09161088862e-24, 7.57213462311e-24, 1.08461235277e-23, 1.17135202692e-23], "var": [2.42340684053e-05, 4.82868417748e-05, 1.05570907181e-05, 3.22644586959e-06, 1.57550618951e-06, 5.82700579344e-07, 1.79251549071e-06, 8.40563984639e-07, 2.20667402573e-06, 2.08527103496e-06, 4.81970289457e-07, 3.87525432188e-07, 8.84381137212e-08, 1.77750136832e-09, 6.92187585027e-10, 1.30464056225e-10, 1.82412990962e-11, 4.98902785404e-12, 2.71009430175e-12, 9.25095069992e-13, 8.21171472834e-13, 1.83787360331e-12, 7.19008348953e-13, 2.09123408694e-12, 6.81533128544e-12, 1.45515604774e-11, 1.88138879476e-11, 7.88450294636e-12, 9.05813445085e-12, 1.64063276853e-11, 1.60333378518e-11, 1.32279786083e-11, 4.30982471933e-11, 4.5996949305e-11, 2.06467863639e-11, 1.00171163031e-10, 1.79947320933e-10, 1.88341689467e-10, 3.65732832908e-10, 4.05591643604e-10]}, "mfcc": {"mean": [-822.126586914, 170.974334717, 78.3296279907, 14.8008985519, 10.0038995743, -0.725954115391, 2.6665623188, 6.3253030777, 9.76337814331, 9.42373275757, 8.57197380066, 4.02975511551, -2.36137604713], "cov": [[12733.9355469, 1448.97973633, -59.7079124451, -1183.97473145, 543.771911621, 344.005706787, 337.528320312, -270.587097168, -473.085205078, -546.366882324, -328.135284424, -214.08807373, 41.2909355164], [1448.97973633, 4361.50585938, -398.463928223, -512.911254883, 65.2340164185, -23.8057289124, 111.868934631, 149.710418701, 113.122123718, 89.6422805786, 1.29468953609, -54.724861145, -18.7298183441], [-59.7079124451, -398.463928223, 1845.64916992, 733.859008789, 317.010498047, 100.765357971, 176.220321655, 128.376953125, 93.865814209, 106.468254089, 83.2419281006, 55.7843589783, 47.5772666931], [-1183.97473145, -512.911254883, 733.859008789, 1466.19641113, 614.987060547, 247.125778198, 57.4014511108, 31.4350738525, 53.0034446716, 134.106414795, 250.412200928, 197.045288086, 99.5484085083], [543.771911621, 65.2340164185, 317.010498047, 614.987060547, 706.251953125, 363.838928223, 74.1616744995, -98.0874481201, -136.036743164, -90.7967224121, 54.367275238, 86.1784515381, 67.5373001099], [344.005706787, -23.8057289124, 100.765357971, 247.125778198, 363.838928223, 485.756103516, 232.658401489, 72.4271774292, -58.6932868958, -157.365600586, -150.192657471, -72.0587615967, -25.9927310944], [337.528320312, 111.868934631, 176.220321655, 57.4014511108, 74.1616744995, 232.658401489, 450.110443115, 380.517578125, 171.911956787, -52.1646232605, -209.588851929, -216.615585327, -92.1977386475], [-270.587097168, 149.710418701, 128.376953125, 31.4350738525, -98.0874481201, 72.4271774292, 380.517578125, 492.671234131, 331.650665283, 95.4157409668, -119.154037476, -200.555587769, -136.957183838], [-473.085205078, 113.122123718, 93.865814209, 53.0034446716, -136.036743164, -58.6932868958, 171.911956787, 331.650665283, 368.445220947, 250.735778809, 77.3617553711, -74.5112609863, -114.369468689], [-546.366882324, 89.6422805786, 106.468254089, 134.106414795, -90.7967224121, -157.365600586, -52.1646232605, 95.4157409668, 250.735778809, 366.253723145, 284.521331787, 127.03528595, -19.6780662537], [-328.135284424, 1.29468953609, 83.2419281006, 250.412200928, 54.367275238, -150.192657471, -209.588851929, -119.154037476, 77.3617553711, 284.521331787, 389.745147705, 280.226867676, 99.3612289429], [-214.08807373, -54.724861145, 55.7843589783, 197.045288086, 86.1784515381, -72.0587615967, -216.615585327, -200.555587769, -74.5112609863, 127.03528595, 280.226867676, 322.401275635, 196.009674072], [41.2909355164, -18.7298183441, 47.5772666931, 99.5484085083, 67.5373001099, -25.9927310944, -92.1977386475, -136.957183838, -114.369468689, -19.6780662537, 99.3612289429, 196.009674072, 241.940444946]], "icov": [[0.000125710634165, -1.85646094906e-05, -3.49815454683e-05, 0.000208597499295, -0.000182245668839, 9.97020470095e-05, -0.000455718225567, 0.000303359964164, -2.16505068238e-05, 0.000254194805166, -0.000397297670133, 0.000143221390317, 1.53778128151e-05], [-1.85646094906e-05, 0.000277914834442, 5.39995526196e-05, 0.000181999857887, -0.000317181111313, 8.09937992017e-05, 0.00015905588225, -0.000337394012604, 0.000149352417793, -0.000337092089467, 0.000106587802293, 9.12733958103e-05, -0.000168493395904], [-3.49815454683e-05, 5.39995526196e-05, 0.000761159637477, -0.000380704383133, -0.000195624685148, 0.000401426950702, -0.000516128260642, 0.000229791476158, -2.36361802308e-06, -0.000591184827499, 0.000736995250918, -0.000391165609471, 1.32764389491e-05], [0.000208597499295, 0.000181999857887, -0.000380704383133, 0.00203913729638, -0.00172833784018, -4.99280286022e-05, 0.000183117372217, -0.000943222257774, 0.000228677279665, 0.000291326054139, -0.00153326627333, 0.000499956251588, -0.000416282244259], [-0.000182245668839, -0.000317181111313, -0.000195624685148, -0.00172833784018, 0.00555557617918, -0.00305616925471, -0.00100011518225, 0.00114307762124, 0.00111176911741, 0.00183500815183, -0.0039697191678, 0.00175446039066, 2.66564511548e-05], [9.97020470095e-05, 8.09937992017e-05, 0.000401426950702, -4.99280286022e-05, -0.00305616925471, 0.00690706493333, -0.00508893979713, 0.00320806237869, -0.00228927657008, 0.00103325454984, 0.00432072300464, -0.00567691074684, 0.00322937010787], [-0.000455718225567, 0.00015905588225, -0.000516128260642, 0.000183117372217, -0.00100011518225, -0.00508893979713, 0.0190870892256, -0.0157578289509, 0.00539145898074, -0.00375160458498, 0.00162830413319, 0.00649935472757, -0.00548854703084], [0.000303359964164, -0.000337394012604, 0.000229791476158, -0.000943222257774, 0.00114307762124, 0.00320806237869, -0.0157578289509, 0.0252787750214, -0.0183003377169, 0.00456414138898, 0.00502215605229, -0.00611088005826, 0.00320399249904], [-2.16505068238e-05, 0.000149352417793, -2.36361802308e-06, 0.000228677279665, 0.00111176911741, -0.00228927657008, 0.00539145898074, -0.0183003377169, 0.0284332595766, -0.0133396536112, -0.00643911166117, 0.00993326678872, -0.00198666052893], [0.000254194805166, -0.000337092089467, -0.000591184827499, 0.000291326054139, 0.00183500815183, 0.00103325454984, -0.00375160458498, 0.00456414138898, -0.0133396536112, 0.0238074604422, -0.0144297489896, -0.0023379297927, 0.00413033319637], [-0.000397297670133, 0.000106587802293, 0.000736995250918, -0.00153326627333, -0.0039697191678, 0.00432072300464, 0.00162830413319, 0.00502215605229, -0.00643911166117, -0.0144297489896, 0.0329317525029, -0.0201676730067, 0.00419467315078], [0.000143221390317, 9.12733958103e-05, -0.000391165609471, 0.000499956251588, 0.00175446039066, -0.00567691074684, 0.00649935472757, -0.00611088005826, 0.00993326678872, -0.0023379297927, -0.0201676730067, 0.0317833423615, -0.0151897622272], [1.53778128151e-05, -0.000168493395904, 1.32764389491e-05, -0.000416282244259, 2.66564511548e-05, 0.00322937010787, -0.00548854703084, 0.00320399249904, -0.00198666052893, 0.00413033319637, 0.00419467315078, -0.0151897622272, 0.0143281212077]]}, "spectral_contrast_coeffs": {"dmean": [0.0596366748214, 0.0673795640469, 0.0504664219916, 0.0324126966298, 0.0233570467681, 0.0200064256787], "dmean2": [0.0906782150269, 0.103580124676, 0.0769882276654, 0.0489662699401, 0.0365514308214, 0.0319045707583], "dvar": [0.00339021161199, 0.00497435266152, 0.00260414113291, 0.0010592059698, 0.000604627479333, 0.00044559664093], "dvar2": [0.00734412064776, 0.0106820836663, 0.00558451656252, 0.00217085308395, 0.00130265089683, 0.000978489755653], "max": [-0.198914900422, -0.214139059186, -0.262115895748, -0.429512143135, -0.534062027931, -0.637031435966], "mean": [-0.61395329237, -0.61823797226, -0.707447469234, -0.826498687267, -0.856511116028, -0.860994338989], "median": [-0.610327005386, -0.630202949047, -0.747298121452, -0.8483928442, -0.865404903889, -0.865862548351], "min": [-0.985503137112, -0.956859469414, -0.970854043961, -0.97728073597, -0.961151480675, -0.965101540089], "var": [0.0144341485575, 0.0246480870992, 0.0262094512582, 0.0068145096302, 0.00205618399195, 0.00145828910172]}, "spectral_contrast_valleys": {"dmean": [0.689429402351, 0.88699644804, 0.820595264435, 0.739252984524, 0.662552475929, 0.87431281805], "dmean2": [1.02505683899, 1.37326359749, 1.27179825306, 1.11306595802, 0.95024394989, 1.18833673], "dvar": [0.650007307529, 1.07144606113, 0.858986139297, 0.724407315254, 0.652821183205, 0.890318870544], "dvar2": [1.19879961014, 2.29587078094, 1.7348793745, 1.46254050732, 1.23443961143, 1.5855191946], "max": [-4.9987411499, -4.4546084404, -5.53220510483, -7.16489267349, -6.54648208618, -6.776