{"lowlevel": {"average_loudness": 0.413006722927, "barkbands_crest": {"dmean": 1.74919009209, "dmean2": 2.53151893616, "dvar": 3.1687142849, "dvar2": 6.81859493256, "max": 26.7164878845, "mean": 15.1772413254, "median": 14.662733078, "min": 4.20903158188, "var": 29.0458068848}, "barkbands_flatness_db": {"dmean": 0.0146040888503, "dmean2": 0.021144811064, "dvar": 0.000200616806978, "dvar2": 0.000397673487896, "max": 0.579910635948, "mean": 0.308077275753, "median": 0.302431434393, "min": 0.069055147469, "var": 0.00562905846164}, "barkbands_kurtosis": {"dmean": 3.87718367577, "dmean2": 5.71687030792, "dvar": 78.9384460449, "dvar2": 188.750411987, "max": 407.037078857, "mean": 10.7324647903, "median": 5.09316921234, "min": -1.9542760849, "var": 314.826141357}, "barkbands_skewness": {"dmean": 0.449812471867, "dmean2": 0.642570018768, "dvar": 0.274352997541, "dvar2": 0.562314927578, "max": 16.6049690247, "mean": 1.57023978233, "median": 1.25495767593, "min": -3.69507741928, "var": 2.51237201691}, "barkbands_spread": {"dmean": 0.957575142384, "dmean2": 1.4205518961, "dvar": 5.4578666687, "dvar2": 10.2589759827, "max": 138.135681152, "mean": 5.42441129684, "median": 3.84955000877, "min": 0.141351804137, "var": 68.9256668091}, "dissonance": {"dmean": 0.0385627634823, "dmean2": 0.0656271204352, "dvar": 0.00128462421708, "dvar2": 0.00353468465619, "max": 0.500000059605, "mean": 0.360691308975, "median": 0.374016463757, "min": 0.0926564708352, "var": 0.00574283441529}, "dynamic_complexity": 4.38975954056, "erbbands_crest": {"dmean": 2.20695829391, "dmean2": 3.22313261032, "dvar": 5.26048755646, "dvar2": 10.7677774429, "max": 33.0661277771, "mean": 17.1373462677, "median": 16.4819202423, "min": 2.40758371353, "var": 42.2132949829}, "erbbands_flatness_db": {"dmean": 0.0135964239016, "dmean2": 0.0189807526767, "dvar": 0.000197080778889, "dvar2": 0.000351349211996, "max": 0.601578533649, "mean": 0.332947343588, "median": 0.331224143505, "min": 0.0192947164178, "var": 0.00538752693683}, "erbbands_kurtosis": {"dmean": 2.49790763855, "dmean2": 3.69838070869, "dvar": 12.5443725586, "dvar2": 27.9124889374, "max": 83.972694397, "mean": 6.63151359558, "median": 3.55543375015, "min": -1.64574766159, "var": 76.7744445801}, "erbbands_skewness": {"dmean": 0.381711632013, "dmean2": 0.555271029472, "dvar": 0.132373929024, "dvar2": 0.275322973728, "max": 7.11242437363, "mean": 1.48270654678, "median": 1.34944355488, "min": -3.45183753967, "var": 1.23876035213}, "erbbands_spread": {"dmean": 1.98859906197, "dmean2": 2.96093869209, "dvar": 8.70416927338, "dvar2": 17.6935768127, "max": 149.997360229, "mean": 10.4908065796, "median": 9.00707530975, "min": 0.477388203144, "var": 91.8221893311}, "hfc": {"dmean": 2.29192447662, "dmean2": 3.15764474869, "dvar": 22.0716705322, "dvar2": 36.3438072205, "max": 194.972793579, "mean": 10.3994932175, "median": 5.86025047302, "min": 1.1652563434e-16, "var": 165.702774048}, "melbands_crest": {"dmean": 2.07108020782, "dmean2": 3.05710983276, "dvar": 4.8959851265, "dvar2": 10.5164680481, "max": 34.8616142273, "mean": 17.901473999, "median": 16.8238735199, "min": 2.41569447517, "var": 41.3054351807}, "melbands_flatness_db": {"dmean": 0.0144954565912, "dmean2": 0.0207369476557, "dvar": 0.000213398918277, "dvar2": 0.000406319217291, "max": 0.675745368004, "mean": 0.378781676292, "median": 0.375806391239, "min": 0.00878441054374, "var": 0.00521255098283}, "melbands_kurtosis": {"dmean": 3.41529464722, "dmean2": 4.96933603287, "dvar": 32.8906402588, "dvar2": 70.869468689, "max": 141.081420898, "mean": 9.42150688171, "median": 5.39424419403, "min": -1.78325986862, "var": 148.97164917}, "melbands_skewness": {"dmean": 0.421177208424, "dmean2": 0.593418061733, "dvar": 0.212905183434, "dvar2": 0.405298769474, "max": 9.70818805695, "mean": 1.41832137108, "median": 1.18535602093, "min": -2.81523633003, "var": 2.01689529419}, "melbands_spread": {"dmean": 1.31795799732, "dmean2": 1.92014122009, "dvar": 6.5843629837, "dvar2": 8.94008541107, "max": 149.62890625, "mean": 7.27927160263, "median": 5.88443183899, "min": 0.416291445494, "var": 32.4709968567}, "pitch_salience": {"dmean": 0.0487425848842, "dmean2": 0.0723319277167, "dvar": 0.00244897976518, "dvar2": 0.00557867111638, "max": 0.862462282181, "mean": 0.457452774048, "median": 0.454712659121, "min": 0.0896176844835, "var": 0.0155285894871}, "silence_rate_20dB": {"dmean": 0, "dmean2": 0, "dvar": 0, "dvar2": 0, "max": 1, "mean": 1, "median": 1, "min": 1, "var": 0}, "silence_rate_30dB": {"dmean": 0.00526152877137, "dmean2": 0.0105246864259, "dvar": 0.00523399701342, "dvar2": 0.0122728291899, "max": 1, "mean": 0.993037283421, "median": 1, "min": 0, "var": 0.00691473204643}, "silence_rate_60dB": {"dmean": 0.02537913993, "dmean2": 0.0507661364973, "dvar": 0.024732535705, "dvar2": 0.0525202639401, "max": 1, "mean": 0.1248646155, "median": 0, "min": 0, "var": 0.109272494912}, "spectral_centroid": {"dmean": 43.7097663879, "dmean2": 64.0226821899, "dvar": 18427.6171875, "dvar2": 21023.7402344, "max": 10982.2861328, "mean": 582.807922363, "median": 547.693847656, "min": 252.0184021, "var": 56498.2734375}, "spectral_complexity": {"dmean": 1.10213553905, "dmean2": 1.85327351093, "dvar": 1.25015747547, "dvar2": 3.06602573395, "max": 26, "mean": 8.63840293884, "median": 8, "min": 0, "var": 20.9431648254}, "spectral_decrease": {"dmean": 9.80908798631e-10, "dmean2": 1.3755100392e-09, "dvar": 2.88066227348e-18, "dvar2": 5.29578771181e-18, "max": 4.80340790624e-16, "mean": -4.9403063862e-09, "median": -3.21506110623e-09, "min": -5.15424609659e-08, "var": 2.6246933836e-17}, "spectral_energy": {"dmean": 0.00390181364492, "dmean2": 0.00546671450138, "dvar": 4.62983189209e-05, "dvar2": 8.4461113147e-05, "max": 0.212217658758, "mean": 0.0195890925825, "median": 0.0127136930823, "min": 1.08001305198e-20, "var": 0.00041783528286}, "spectral_energyband_high": {"dmean": 7.68977770349e-06, "dmean2": 1.25837696032e-05, "dvar": 1.19101006835e-09, "dvar2": 2.92273472091e-09, "max": 0.0017528332537, "mean": 1.84683703992e-05, "median": 4.23901292379e-06, "min": 7.85299747281e-21, "var": 2.44526865423e-09}, "spectral_energyband_low": {"dmean": 0.000290621974273, "dmean2": 0.000391973822843, "dvar": 3.90814932416e-07, "dvar2": 7.66498942539e-07, "max": 0.0225769616663, "mean": 0.0018308510771, "median": 7.03784753568e-05, "min": 1.72264098609e-22, "var": 1.25365913846e-05}, "spectral_energyband_middle_high": {"dmean": 0.000863336259499, "dmean2": 0.0011568015907, "dvar": 1.16987894216e-05, "dvar2": 1.80683673534e-05, "max": 0.20010329783, "mean": 0.00246186554432, "median": 0.000614567426965, "min": 1.60362502383e-21, "var": 5.63014800719e-05}, "spectral_energyband_middle_low": {"dmean": 0.00346899521537, "dmean2": 0.00494557805359, "dvar": 3.39396137861e-05, "dvar2": 6.62431848468e-05, "max": 0.151659145951, "mean": 0.0156177468598, "median": 0.0102266501635, "min": 2.70207604476e-22, "var": 0.000261123816017}, "spectral_entropy": {"dmean": 0.125413402915, "dmean2": 0.184290468693, "dvar": 0.0202087312937, "dvar2": 0.0430774576962, "max": 9.80805778503, "mean": 5.84223604202, "median": 5.90293264389, "min": 3.91854071617, "var": 0.411147922277}, "spectral_flux": {"dmean": 0.0130262216553, "dmean2": 0.0215976741165, "dvar": 0.000399948097765, "dvar2": 0.000990452710539, "max": 0.279186695814, "mean": 0.0341746658087, "median": 0.0264093782753, "min": 1.03923675221e-10, "var": 0.000798916153144}, "spectral_kurtosis": {"dmean": 13.1544599533, "dmean2": 22.5862560272, "dvar": 226.762298584, "dvar2": 647.171325684, "max": 419.547241211, "mean": 36.8154678345, "median": 27.022403717, "min": -1.21640646458, "var": 1123.34838867}, "spectral_rms": {"dmean": 0.000386486848583, "dmean2": 0.000535048427992, "dvar": 2.51974171306e-07, "dvar2": 4.55990942783e-07, "max": 0.0143889412284, "mean": 0.00387243926525, "median": 0.00352187501267, "min": 3.24603018076e-12, "var": 4.11551309298e-06}, "spectral_rolloff": {"dmean": 64.1925048828, "dmean2": 115.552101135, "dvar": 120420.359375, "dvar2": 246104.859375, "max": 19745.9472656, "mean": 749.063049316, "median": 624.462890625, "min": 215.33203125, "var": 1897227.375}, "spectral_skewness": {"dmean": 0.829337537289, "dmean2": 1.4226552248, "dvar": 0.55621278286, "dvar2": 1.55987715721, "max": 15.6507511139, "mean": 4.0904302597, "median": 3.626963377, "min": 0.0043668858707, "var": 3.40200781822}, "spectral_spread": {"dmean": 253882.71875, "dmean2": 430859.84375, "dvar": 204942082048, "dvar2": 373167980544, "max": 40938392, "mean": 1777701.5, "median": 1654776.875, "min": 221264.390625, "var": 1513526788100.0}, "spectral_strongpeak": {"dmean": 0.410759687424, "dmean2": 0.616024017334, "dvar": 0.462123721838, "dvar2": 0.889868140221, "max": 15.4149103165, "mean": 1.70830154419, "median": 1.24135994911, "min": 0, "var": 2.37088274956}, "zerocrossingrate": {"dmean": 0.00222053867765, "dmean2": 0.00277226767503, "dvar": 6.77604475641e-05, "dvar2": 9.5696101198e-05, "max": 0.61474609375, "mean": 0.0285626016557, "median": 0.02490234375, "min": 0.0087890625, "var": 0.00141819589771}, "barkbands": {"dmean": [7.60305238146e-06, 0.000206160810194, 8.06042808108e-05, 0.000114051115816, 0.000617051497102, 0.00106480054092, 0.00116881192662, 0.000753374537453, 0.00112072844058, 0.00026917969808, 0.000461825082311, 0.000218228873564, 0.000128217681777, 1.75900477188e-05, 5.6819182646e-05, 2.74911672022e-05, 1.66631307366e-05, 1.15264956548e-05, 9.62203012023e-06, 9.86007398751e-06, 3.4469971979e-06, 1.40748909416e-06, 5.50732295324e-07, 2.26964047556e-07, 8.98745255995e-08, 2.51371918836e-08, 3.9336702784e-09], "dmean2": [1.21168623082e-05, 0.000273872661637, 0.000112620684376, 0.000174481436261, 0.000917402736377, 0.00146861595567, 0.00177768617868, 0.000994084170088, 0.00154503341764, 0.000378377706511, 0.000605863053352, 0.00029621378053, 0.0001860193006, 2.89350828098e-05, 9.0283989266e-05, 4.54635010101e-05, 2.72599554592e-05, 1.92296156456e-05, 1.61513653438e-05, 1.65434885275e-05, 5.61563683732e-06, 2.40170402321e-06, 9.16957901609e-07, 3.77013520847e-07, 1.44094627785e-07, 3.84387739416e-08, 6.33971097841e-09], "dvar": [5.67620284109e-10, 2.34518509501e-07, 3.67957149194e-08, 1.07110331271e-07, 2.68016333393e-06, 4.09789299738e-06, 1.26671939142e-05, 7.79621495894e-06, 9.36906872084e-06, 1.65379799455e-06, 9.29554516915e-06, 5.6938824855e-07, 9.00770302792e-08, 7.99537058782e-09, 2.81843455241e-08, 8.83075568225e-09, 3.18145954026e-09, 9.82965375762e-10, 1.44495582166e-09, 9.97751548049e-10, 7.27216231677e-10, 3.72937340731e-11, 1.08200583909e-11, 2.70235114667e-12, 2.00092777091e-13, 1.55068591702e-14, 1.51528212094e-16], "dvar2": [1.33544453274e-09, 4.57140060917e-07, 6.96506532449e-08, 2.46690291306e-07, 7.05975844539e-06, 7.82131246524e-06, 3.05401990772e-05, 1.08288431875e-05, 1.57889899128e-05, 2.76291461887e-06, 1.38121931741e-05, 1.07564085283e-06, 1.70619074424e-07, 1.9275679719e-08, 6.79887293131e-08, 2.43932731792e-08, 8.39550384768e-09, 2.61237942389e-09, 4.04179845148e-09, 2.79587930585e-09, 1.74806003006e-09, 1.04855048255e-10, 2.83296545944e-11, 7.90403940215e-12, 5.4527351601e-13, 3.79642911346e-14, 3.5381505884e-16], "max": [0.00165647570975, 0.0178198833019, 0.00697265099734, 0.0144078405574, 0.0464322343469, 0.0632695555687, 0.106404185295, 0.0957031697035, 0.0864381492138, 0.0640301406384, 0.185027956963, 0.030375437811, 0.0134001206607, 0.0043521868065, 0.00482468539849, 0.00359054352157, 0.0012998097809, 0.0010860565817, 0.00125718920026, 0.000798143853899, 0.00153833604418, 0.000213986335439, 0.000108490974526, 7.3505754699e-05, 1.67040197994e-05, 7.42465772419e-06, 5.59965144475e-07], "mean": [3.92086876673e-05, 0.00135004101321, 0.000297153950669, 0.000292138283839, 0.00175746111199, 0.00398080190644, 0.00347487721592, 0.00203509349376, 0.00371064338833, 0.000588020600844, 0.000942930928431, 0.000517937995028, 0.000310514587909, 3.09808565362e-05, 0.000115837894555, 4.79846457893e-05, 2.80997319351e-05, 2.11295100598e-05, 1.75423283508e-05, 2.00477606995e-05, 6.17019395577e-06, 2.58684553955e-06, 1.05969093056e-06, 5.14643204497e-07, 2.50019013492e-07, 8.63738449652e-08, 1.29266695126e-08], "median": [4.63468410317e-07, 9.18726709642e-06, 1.57164522534e-05, 3.07532427541e-05, 0.000480230577523, 0.00202791043557, 0.000678400683682, 0.000271208322374, 0.000661326688714, 8.45656832098e-05, 6.09654925938e-05, 6.58555873088e-05, 7.3086739576e-05, 4.65149150841e-06, 2.32539314311e-05, 8.19240085548e-06, 5.5825275922e-06, 5.70928068555e-06, 3.67227039533e-06, 4.70868508273e-06, 6.25517202479e-07, 3.40556425726e-07, 1.17391806498e-07, 4.401321263e-08, 2.52380889521e-08, 8.49439274475e-09, 4.31320756888e-09], "min": [5.53888019201e-23, 5.64612362327e-23, 8.37424886486e-23, 1.49195338184e-23, 6.33238717242e-23, 2.97003732679e-23, 2.99818199062e-23, 3.94264192286e-23, 9.02546111518e-23, 3.39371621741e-23, 5.65268631491e-23, 3.63860641029e-23, 2.45033349051e-22, 6.11234672914e-23, 1.31729408695e-22, 8.21296719942e-23, 1.62049094571e-22, 2.0130021313e-22, 4.55701241254e-22, 2.01590766378e-22, 5.97343147918e-22, 4.64794825872e-22, 7.01297243767e-22, 8.04931503852e-22, 1.14757395748e-21, 1.91693957275e-21, 2.38525183474e-21], "var": [2.32236807562e-08, 9.22928938962e-06, 3.85020598515e-07, 5.33332922714e-07, 1.16120208986e-05, 3.18828606396e-05, 7.11794709787e-05, 4.50194711448e-05, 7.68764220993e-05, 6.62965203446e-06, 3.79102202714e-05, 2.47737602876e-06, 7.06421189989e-07, 1.60917039693e-08, 7.67790240275e-08, 2.02956371709e-08, 6.17052942076e-09, 2.4669493115e-09, 2.65045652093e-09, 2.63613131324e-09, 1.11132325564e-09, 6.84661355388e-11, 1.80936793326e-11, 6.21432072467e-12, 8.99263411132e-13, 1.28795899727e-13, 1.10828818962e-15]}, "erbbands": {"dmean": [0.00487788021564, 0.0500979237258, 0.0971728786826, 0.235146924853, 0.738432884216, 2.86673378944, 4.82267284393, 10.6619977951, 13.4904403687, 12.7463598251, 23.6444244385, 29.0703964233, 12.135008812, 15.5382947922, 9.28176212311, 9.2221622467, 6.14824104309, 2.02788496017, 2.03578710556, 2.16401600838, 1.2748169899, 0.628976523876, 0.723808050156, 0.38609841466, 0.659911155701, 0.321847200394, 0.193040922284, 0.0915767922997, 0.0623005032539, 0.0205537863076, 0.0164438132197, 0.00633186800405, 0.00290427333675, 0.00145984813571, 0.00059739802964, 0.000182102638064, 4.13535999542e-05, 6.90239039614e-06, 2.22804328587e-06, 4.42991449745e-06], "dmean2": [0.00602179858834, 0.0689705088735, 0.141326323152, 0.347829043865, 1.11522448063, 4.29054689407, 7.26600933075, 14.3509893417, 20.6167373657, 18.0326251984, 31.7426528931, 39.9376296997, 15.9837646484, 21.4153766632, 11.8559627533, 12.8645915985, 8.77508449554, 3.20317435265, 3.25854802132, 3.48738574982, 2.08882188797, 1.01901209354, 1.21243059635, 0.64421671629, 1.12963831425, 0.527910232544, 0.319991648197, 0.153405562043, 0.106196366251, 0.0327145829797, 0.0275721233338, 0.0104494625703, 0.0048619848676, 0.00242736702785, 0.000939944060519, 0.000283788598608, 6.27767512924e-05, 1.10880810098e-05, 3.18306433655e-06, 6.19764932708e-06], "dvar": [0.000171391686308, 0.0141352312639, 0.0490048117936, 0.522010564804, 2.36025881767, 70.2925186157, 156.01612854, 475.779449463, 1346.89819336, 1519.08154297, 6698.56445312, 6650.60791016, 2409.12182617, 11879.8876953, 1616.36865234, 1135.76635742, 232.730484009, 31.7254524231, 36.0772018433, 49.5417823792, 14.0641336441, 3.12012553215, 4.43818378448, 1.76804339886, 7.01907300949, 0.6860896945, 1.47377407551, 0.489073365927, 0.0692861750722, 0.0169451776892, 0.00883911270648, 0.00171938806307, 0.000364801904652, 4.9769270845e-05, 9.81963967206e-06, 9.55006044023e-07, 5.10785334029e-08, 1.14521403471e-09, 1.703284562e-11, 6.07966038624e-11], "dvar2": [0.000259807391558, 0.0297984406352, 0.105845957994, 1.07580208778, 6.13013839722, 192.037460327, 366.145172119, 836.311706543, 3508.29418945, 2936.44580078, 10298.3144531, 10947.1240234, 3808.20458984, 18694.4804688, 2248.77514648, 2382.72875977, 386.294616699, 76.940826416, 88.4032821655, 121.189781189, 37.4548454285, 7.5201382637, 11.8041772842, 4.80315542221, 20.0860176086, 1.75693917274, 3.09621548653, 1.33076703548, 0.194941863418, 0.0443994812667, 0.0232872385532, 0.00497356289998, 0.00110132200643, 0.000147549319081, 2.12423819903e-05, 2.34439698943e-06, 1.22027415728e-07, 2.86035528596e-09, 3.52540600879e-11, 1.09939182757e-10], "max": [0.696374475956, 3.45635962486, 6.12393045425, 38.7711830139, 63.198928833, 252.14151001, 366.792480469, 761.446411133, 1080.57263184, 1353.15063477, 2627.39404297, 2554.54980469, 2411.26000977, 6687.77441406, 1734.98193359, 1189.06103516, 845.578491211, 231.591995239, 162.078155518, 221.487091064, 135.799285889, 57.17710495, 77.8645706177, 42.8725852966, 84.4274902344, 19.8075065613, 77.4972457886, 27.1001033783, 5.9081287384, 6.12165927887, 2.90045952797, 1.59759557247, 0.745025932789, 0.288670361042, 0.167237177491, 0.057429831475, 0.0143893603235, 0.00153632555157, 0.00011695716239, 0.000250730867265], "mean": [0.0420897714794, 0.287311911583, 0.381389468908, 0.739126265049, 2.33338570595, 7.38387680054, 13.9769973755, 41.8201675415, 37.797958374, 46.16015625, 66.8068161011, 96.8413467407, 33.2038116455, 32.8612442017, 22.3169384003, 22.5070934296, 15.5229492188, 4.10121536255, 4.29271221161, 4.5095334053, 2.44294023514, 1.26347255707, 1.31341743469, 0.80398863554, 1.22814238071, 0.702181398869, 0.403613865376, 0.156354814768, 0.111891150475, 0.0409505181015, 0.0325383618474, 0.0127253811806, 0.00687522813678, 0.00388061255217, 0.00158484105486, 0.000558749365155, 0.000141121185152, 2.33489099628e-05, 1.19008109323e-05, 2.23276128963e-05], "median": [0.000204456096981, 0.0029305939097, 0.021242884919, 0.102205261588, 0.605864942074, 2.06386852264, 5.55441999435, 19.0367050171, 13.2904443741, 9.48008060455, 13.371963501, 19.206905365, 7.96919488907, 2.90645432472, 2.64679431915, 3.26508021355, 4.20323991776, 1.54094052315, 0.957291901112, 1.1388875246, 0.569104969501, 0.341402679682, 0.376439601183, 0.174446046352, 0.221139892936, 0.208725199103, 0.0847089141607, 0.0226237736642, 0.0136442715302, 0.00579404179007, 0.00366325723007, 0.00131691875868, 0.000577778497245, 0.000339834805345, 0.000165385761647, 6.42663071631e-05, 1.96904020413e-05, 4.21720551458e-06, 7.23062566976e-06, 1.44486484714e-05], "min": [9.20250952266e-22, 1.64186611265e-20, 9.15552065554e-20, 7.03872734016e-20, 5.04988852579e-20, 2.009569253e-19, 4.49784783051e-19, 2.57279847079e-19, 4.11868142091e-19, 6.63489841135e-19, 1.34109283109e-18, 1.94182179081e-18, 5.90835310911e-19, 2.09935895886e-18, 1.97299099027e-18, 2.83408993704e-18, 1.04539962626e-17, 4.17500099519e-18, 5.20506543735e-18, 6.09487644358e-18, 5.33466726855e-18, 9.48119381192e-18, 1.12856229709e-17, 1.72597802623e-17, 2.05708932645e-17, 1.04254759022e-17, 1.91051490714e-17, 2.13547924787e-17, 1.67969330049e-17, 2.16456771585e-17, 1.88775718326e-17, 1.26417814493e-17, 1.60521693599e-17, 1.30591958116e-17, 8.74382102565e-18, 6.70755754277e-18, 3.4946519724e-18, 1.52756539734e-18, 3.75995852165e-19, 2.94528384598e-20], "var": [0.0134534426033, 0.358248949051, 0.504848122597, 3.43211841583, 23.8674373627, 237.585983276, 645.845214844, 4225.4609375, 5093.90429688, 12896.4492188, 34833.390625, 57002.046875, 10649.375, 50688.3164062, 7260.46289062, 4651.85253906, 1876.82470703, 72.4004898071, 98.5895996094, 124.544967651, 36.0837593079, 8.6486787796, 10.4884204865, 4.34284973145, 13.6076822281, 2.10483980179, 2.83116149902, 0.492922514677, 0.127479478717, 0.0242150723934, 0.0201035030186, 0.00289085879922, 0.00104320643004, 0.000253503851127, 4.25616744906e-05, 6.62404454488e-06, 3.8331381802e-07, 7.01171254391e-09, 1.80316914178e-10, 5.4705784347e-10]}, "gfcc": {"mean": [-159.299789429, 177.653106689, -141.111877441, -21.0345916748, -65.4625930786, -31.8976268768, -25.0020713806, -11.9100103378, -12.4837331772, -0.658736288548, -1.07271182537, -10.0784244537, -0.0496750995517], "cov": [[10120.9140625, 351.232543945, -692.78302002, 1159.24206543, 114.828010559, 924.780273438, 105.777244568, 442.305786133, -38.8372535706, 57.8200340271, -174.467971802, 38.1932754517, 80.7284393311], [351.232543945, 1104.31530762, 125.818450928, -82.0019836426, 299.337860107, -69.7244110107, 96.1394805908, -68.5772171021, 103.257408142, -63.2843513489, 84.4542770386, -4.27166652679, 66.2581710815], [-692.78302002, 125.818450928, 799.39642334, 322.362976074, 146.698608398, 187.259338379, -23.4656181335, 26.2739429474, 6.26453495026, -8.90433883667, -30.1247406006, 50.3473968506, 18.9081401825], [1159.24206543, -82.0019836426, 322.362976074, 719.418884277, 203.387771606, 352.463928223, 44.5752830505, 176.728622437, 23.1060905457, 35.8987426758, -9.23250102997, 83.2661132812, 24.7133636475], [114.828010559, 299.337860107, 146.698608398, 203.387771606, 378.264343262, 153.164901733, 96.0978088379, 68.5300140381, 54.2321281433, 9.8511838913, 57.5703086853, 59.0534210205, 42.7497138977], [924.780273438, -69.7244110107, 187.259338379, 352.463928223, 153.164901733, 377.416015625, 91.9600296021, 134.015487671, 8.2689743042, 8.1501865387, -37.8382835388, 47.3416213989, 25.9136276245], [105.777244568, 96.1394805908, -23.4656181335, 44.5752830505, 96.0978088379, 91.9600296021, 183.810897827, 100.578796387, 74.5178527832, 3.10921883583, 2.06302428246, -7.15549564362, 15.1311473846], [442.305786133, -68.5772171021, 26.2739429474, 176.728622437, 68.5300140381, 134.015487671, 100.578796387, 191.58757019, 73.8456726074, 30.8843917847, -16.9330863953, 7.42029285431, 5.6607093811], [-38.8372535706, 103.257408142, 6.26453495026, 23.1060905457, 54.2321281433, 8.2689743042, 74.5178527832, 73.8456726074, 163.120651245, 50.4644699097, 24.315618515, -0.342643350363, 7.6180305481], [57.8200340271, -63.2843513489, -8.90433883667, 35.8987426758, 9.8511838913, 8.1501865387, 3.10921883583, 30.8843917847, 50.4644699097, 122.065284729, 70.2024612427, 37.6765899658, 1.59893357754], [-174.467971802, 84.4542770386, -30.1247406006, -9.23250102997, 57.5703086853, -37.8382835388, 2.06302428246, -16.9330863953, 24.315618515, 70.2024612427, 171.622238159, 77.6532211304, 23.3787212372], [38.1932754517, -4.27166652679, 50.3473968506, 83.2661132812, 59.0534210205, 47.3416213989, -7.15549564362, 7.42029285431, -0.342643350363, 37.6765899658, 77.6532211304, 137.035629272, 80.6679840088], [80.7284393311, 66.2581710815, 18.9081401825, 24.7133636475, 42.7497138977, 25.9136276245, 15.1311473846, 5.6607093811, 7.6180305481, 1.59893357754, 23.3787212372, 80.6679840088, 126.159614563]], "icov": [[0.000406747421948, -0.000821918307338, 0.000948019325733, -0.000651971029583, 0.000773785170168, -0.00122509885114, 0.000827229756396, -0.000647390494123, 0.000538285181392, -0.000750973820686, 0.000595804594923, -3.09399183607e-05, -3.73174589186e-05], [-0.000821918307338, 0.00351778534241, -0.00222537433729, 0.00140175968409, -0.00301433564164, 0.002966736909, -0.00220556184649, 0.00251541147009, -0.00232883309945, 0.00297240098007, -0.00235149892978, 0.00149305397645, -0.00111490325071], [0.000948019325733, -0.00222537433729, 0.0039674974978, -0.00212654098868, 0.00163421966136, -0.00334582454525, 0.00261957966723, -0.00104497559369, 0.000900395854842, -0.00175775808748, 0.00210485025309, -0.000737887865398, 0.000299919309327], [-0.000651971029583, 0.00140175968409, -0.00212654098868, 0.00449283840135, -0.00198187492788, -0.000210001060623, 0.000248307274887, -0.00109011726454, -0.000781776325312, 0.00117734353989, -0.0010690970812, -0.000791913946159, 0.000590203271713], [0.000773785170168, -0.00301433564164, 0.00163421966136, -0.00198187492788, 0.00689086224884, -0.00360245048068, 0.000381951394957, -0.00159162364434, 0.00111051660497, -0.00126001203898, 4.40728581452e-05, -0.0012291171588, 0.00038849140401], [-0.00122509885114, 0.002966736909, -0.00334582454525, -0.000210001060623, -0.00360245048068, 0.0106327449903, -0.00533758942038, 0.000991453533061, 7.10719468771e-05, 0.00160558556672, 0.0003684933763, -0.00145142432302, 0.000235931991483], [0.000827229756396, -0.00220556184649, 0.00261957966723, 0.000248307274887, 0.000381951394957, -0.00533758942038, 0.013004434295, -0.00603627506644, -0.00157667975873, 0.000304495973978, -0.00037038460141, 0.00221243291162, -0.00138884235639], [-0.000647390494123, 0.00251541147009, -0.00104497559369, -0.00109011726454, -0.00159162364434, 0.000991453533061, -0.00603627506644, 0.0135782090947, -0.00457170093432, 0.000147229118738, 0.000471866806038, 0.000352198811015, -0.000124705649796], [0.000538285181392, -0.00232883309945, 0.000900395854842, -0.000781776325312, 0.00111051660497, 7.10719468771e-05, -0.00157667975873, -0.00457170093432, 0.0118965720758, -0.00609508622438, 0.00159429700579, 0.000653021561448, -0.000453936983831], [-0.000750973820686, 0.00297240098007, -0.00175775808748, 0.00117734353989, -0.00126001203898, 0.00160558556672, 0.000304495973978, 0.000147229118738, -0.00609508622438, 0.0165512450039, -0.00739211589098, -0.00074242282426, 0.00100914156064], [0.000595804594923, -0.00235149892978, 0.00210485025309, -0.0010690970812, 4.40728581452e-05, 0.0003684933763, -0.00037038460141, 0.000471866806038, 0.00159429700579, -0.00739211589098, 0.0142782973126, -0.00874004326761, 0.00362031394616], [-3.09399183607e-05, 0.00149305397645, -0.000737887865398, -0.000791913946159, -0.0012291171588, -0.00145142432302, 0.00221243291162, 0.000352198811015, 0.000653021561448, -0.00074242282426, -0.00874004326761, 0.0216378998011, -0.0123110953718], [-3.73174589186e-05, -0.00111490325071, 0.000299919309327, 0.000590203271713, 0.00038849140401, 0.000235931991483, -0.00138884235639, -0.000124705649796, -0.000453936983831, 0.00100914156064, 0.00362031394616, -0.0123110953718, 0.0155829871073]]}, "melbands": {"dmean": [4.9816477258e-05, 5.70717529627e-05, 4.69142614747e-05, 0.000127315637656, 0.000155981833814, 0.000225278985454, 0.000231628524489, 0.000126374899992, 0.000205617776373, 0.000182129835594, 5.52729907213e-05, 5.79017723794e-05, 3.92814254155e-05, 2.11741353269e-05, 2.35044262809e-05, 1.34751799123e-05, 2.5427161745e-06, 2.66817392003e-06, 4.5619035518e-06, 2.70624968834e-06, 1.33790797463e-06, 8.8272594212e-07, 5.94575737978e-07, 5.01114698181e-07, 3.10302795015e-07, 4.46713301017e-07, 4.83160192744e-07, 1.92192629811e-07, 1.37482572882e-07, 1.1906853814e-07, 3.60083873829e-08, 4.50175505762e-08, 1.52810564202e-08, 1.11376019518e-08, 1.17944560785e-08, 5.44047518147e-09, 4.09533651435e-09, 1.66198488305e-09, 3.02889890946e-09, 1.08958264633e-09], "dmean2": [6.30071444903e-05, 8.23216178105e-05, 7.06704231561e-05, 0.00018823602295, 0.000235487532336, 0.00030435345252, 0.000352299277438, 0.000174007436726, 0.000284917390672, 0.00024310380104, 7.37230366212e-05, 8.04181254352e-05, 5.08163684572e-05, 2.92640288535e-05, 3.01262680296e-05, 2.1024085072e-05, 4.14131318394e-06, 4.27370559919e-06, 7.21031346984e-06, 4.51027381132e-06, 2.20399806494e-06, 1.45063688706e-06, 9.7748159078e-07, 8.40904419874e-07, 5.1571981885e-07, 7.60167893077e-07, 8.21159460429e-07, 3.13072888503e-07, 2.28084516607e-07, 1.97350757958e-07, 6.19359710186e-08, 7.73168835622e-08, 2.47054359193e-08, 1.78568004827e-08, 1.9895349368e-08, 8.98536178795e-09, 7.00801594533e-09, 2.78677370069e-09, 4.97129315491e-09, 1.73676339976e-09], "dvar": [1.45064769086e-08, 1.6878619391e-08, 1.50097267948e-08, 1.01284655329e-07, 1.56478407121e-07, 2.01652127885e-07, 4.27340978604e-07, 1.35036003712e-07, 4.73443634519e-07, 2.81423410797e-07, 5.80110608439e-08, 1.61413325372e-07, 4.78039154928e-08, 5.54389023577e-09, 1.01830321952e-08, 9.84230141832e-10, 1.21912160922e-10, 7.4323915078e-11, 2.49859771762e-10, 7.54657378255e-11, 1.67662151523e-11, 7.18999556074e-12, 3.66104412411e-12, 2.11939515417e-12, 1.49263652653e-12, 4.26058450673e-12, 3.87846525729e-12, 2.58826841253e-13, 7.31809957685e-13, 6.72629757881e-13, 1.3717817843e-13, 3.33339109895e-14, 8.64991739802e-15, 7.01162565847e-15, 5.42153898747e-15, 1.06561954017e-15, 1.19506290341e-15, 1.35725052222e-16, 4.23445666967e-16, 3.3737037739e-17], "dvar2": [2.41860114158e-08, 3.76821418513e-08, 3.42067210113e-08, 2.655229423e-07, 3.7300594613e-07, 3.60078416861e-07, 1.08856238512e-06, 2.4903917506e-07, 8.16171279894e-07, 4.29068649055e-07, 9.34116854978e-08, 2.55029135587e-07, 6.87943924049e-08, 1.08078390681e-08, 1.40388163317e-08, 2.37221620125e-09, 2.96815405587e-10, 1.85229817595e-10, 5.97356386578e-10, 2.09620723557e-10, 4.44954871559e-11, 1.78915667004e-11, 9.03127919671e-12, 5.6123582344e-12, 4.0656792169e-12, 1.21330185482e-11, 1.11675191664e-11, 6.13381307552e-13, 1.40939733842e-12, 1.73903393855e-12, 4.01620685493e-13, 9.82854070483e-14, 2.18983055159e-14, 1.82311509097e-14, 1.42977043914e-14, 2.88982781186e-15, 3.6001411711e-15, 3.79575607167e-16, 1.14685063509e-15, 9.15889843723e-17], "max": [0.00551702547818, 0.00287084258161, 0.0054462547414, 0.009426580742, 0.0124392602593, 0.0148698883131, 0.0182066652924, 0.0149119067937, 0.019653942436, 0.0173330754042, 0.0120850503445, 0.0245974827558, 0.0126869613305, 0.00222074310295, 0.00626434665173, 0.000731654290576, 0.000526610994712, 0.000231317986618, 0.000543939240742, 0.000296364363749, 0.000104124374047, 8.19326087367e-05, 7.08683292032e-05, 4.62070493086e-05, 4.03006379202e-05, 7.18536539352e-05, 5.22779955645e-05, 1.4972122699e-05, 5.58706851734e-05, 3.97649746446e-05, 1.85039298231e-05, 4.43995850219e-06, 2.73032537734e-06, 3.72880367649e-06, 2.53387906923e-06, 1.36239032145e-06, 1.52545271703e-06, 5.37340213214e-07, 8.94752474778e-07, 2.01382462706e-07], "mean": [0.000383134698495, 0.000266875082161, 0.00015442269796, 0.00034686550498, 0.000473925145343, 0.000861852313392, 0.000669116387144, 0.000455027766293, 0.000549076823518, 0.000612036907114, 0.000139928757562, 0.000120190023154, 8.54865720612e-05, 4.75230117445e-05, 6.87681604177e-05, 2.4388966267e-05, 4.58556587546e-06, 5.07580534759e-06, 9.08984566195e-06, 4.75562774227e-06, 2.36883420257e-06, 1.56245812377e-06, 1.03113359273e-06, 9.54434995037e-07, 5.82801931159e-07, 7.69133976064e-07, 8.91834986305e-07, 3.97666156005e-07, 2.80048823242e-07, 2.03035185109e-07, 5.17667295696e-08, 7.62213261396e-08, 2.8579520972e-08, 1.89388664751e-08, 2.2201147587e-08, 9.63276747257e-09, 7.02754432425e-09, 3.57538132434e-09, 6.2669829326e-09, 2.42129027939e-09], "median": [2.13341650124e-06, 8.4648727352e-06, 2.30899277085e-05, 9.23615370994e-05, 0.000200773749384, 0.000408079707995, 0.000191113198525, 9.01243765838e-05, 8.31656798255e-05, 0.00010458806355, 3.01493255392e-05, 7.91761522123e-06, 6.80362336425e-06, 8.43338148115e-06, 5.61434580959e-06, 6.75605997458e-06, 1.19912363061e-06, 8.8659675157e-07, 1.60650404268e-06, 1.02462115592e-06, 4.88584305458e-07, 3.44092995874e-07, 2.73271325568e-07, 2.3290589013e-07, 8.32819964103e-08, 1.3339045779e-07, 1.01257455754e-07, 1.0502086667e-07, 6.45484661277e-08, 1.42284104498e-08, 7.92965781926e-09, 7.88448151212e-09, 2.71193711932e-09, 2.24523266645e-09, 1.99363459075e-09, 7.14613423991e-10, 5.49806422612e-10, 3.78605646834e-10, 3.30962396378e-10, 2.33665642391e-10], "min": [1.48206863915e-23, 4.00215011856e-23, 1.23908875184e-23, 6.57154976182e-24, 1.64273341536e-23, 5.80370095567e-24, 5.87770991365e-24, 7.11396973139e-24, 1.44607417822e-23, 1.08216775171e-23, 2.82701479363e-24, 8.39638382854e-24, 6.86686378599e-24, 3.86073023522e-24, 1.94071236945e-23, 2.02624903072e-23, 6.09258063587e-24, 7.07943576754e-24, 1.03338435667e-23, 5.7567507156e-24, 6.74856068262e-24, 8.95793446393e-24, 1.201563033e-23, 8.35328441299e-24, 1.47696849563e-23, 1.8050172497e-23, 1.04818212508e-23, 5.33741119105e-24, 9.51421629732e-24, 1.61381693002e-23, 1.11761434874e-23, 8.10172455892e-24, 1.19495119533e-23, 1.22523856315e-23, 1.15607060789e-23, 7.56402513301e-24, 8.00215532432e-24, 1.0986154227e-23, 1.19368767682e-23, 1.0734293028e-23], "var": [8.89731893494e-07, 2.2566044322e-07, 1.11419566906e-07, 4.08447135669e-07, 6.92938101565e-07, 1.67181894994e-06, 1.92899392459e-06, 1.18041998576e-06, 2.28608632824e-06, 2.5976141842e-06, 2.34600094018e-07, 6.98370911323e-07, 2.00033042574e-07, 1.84628312638e-08, 8.81523547491e-08, 2.41887843089e-09, 2.40764297388e-10, 1.75995135132e-10, 6.2077593066e-10, 1.71093500478e-10, 3.80356336704e-11, 1.74876935849e-11, 7.99063332863e-12, 6.19938475555e-12, 3.42538432514e-12, 7.55871840813e-12, 9.10937731496e-12, 8.08093392549e-13, 1.40862538647e-12, 9.62725884256e-13, 9.88697581379e-14, 5.70672252943e-14, 1.98871748605e-14, 8.35841270329e-15, 1.26811437056e-14, 1.6153512286e-15, 1.43648815157e-15, 2.22692002795e-16, 1.30119973159e-15, 1.02631680114e-16]}, "mfcc": {"mean": [-796.335998535, 204.755432129, -14.9381952286, 1.62999594212, -22.4565067291, -21.1787281036, -12.7768497467, -18.0948944092, -9.32325267792, -1.5356978178, -5.28122377396, 1.78344810009, 3.38512635231], "cov": [[6598.37402344, 972.783874512, -1020.86236572, 908.824768066, 209.622451782, 625.151733398, 403.154022217, 490.689605713, 424.530883789, 260.618835449, 28.7423744202, -41.5455360413, 88.8977508545], [972.783874512, 907.662963867, -52.2429542542, 85.5018005371, 160.168624878, 72.2961959839, 64.2182540894, 35.2019348145, 48.9460220337, 9.72533130646, -19.5520076752, -13.1176290512, 21.0463066101], [-1020.86236572, -52.2429542542, 722.854309082, 0.607195854187, 99.1439208984, 63.4718322754, -33.8562278748, -0.758116483688, -39.5127449036, -48.975402832, 0.922266721725, -28.415063858, -36.3818969727], [908.824768066, 85.5018005371, 0.607195854187, 427.935150146, 176.312698364, 190.464904785, 124.593307495, 146.82875061, 118.735466003, 69.6865158081, 26.9167900085, 8.62135028839, 56.5733032227], [209.622451782, 160.168624878, 99.1439208984, 176.312698364, 285.260864258, 153.841964722, 95.6895523071, 87.8985443115, 38.0801696777, 9.38095855713, -9.37565994263, 1.19576728344, 53.3089408875], [625.151733398, 72.2961959839, 63.4718322754, 190.464904785, 153.841964722, 268.863769531, 120.023193359, 117.472839355, 80.84815979, 23.6630306244, 5.6310505867, -17.1475963593, 13.8746929169], [403.154022217, 64.2182540894, -33.8562278748, 124.593307495, 95.6895523071, 120.023193359, 170.632278442, 120.493881226, 58.8271713257, 42.400390625, 11.6515893936, -0.450586915016, 26.2173194885], [490.689605713, 35.2019348145, -0.758116483688, 146.82875061, 87.8985443115, 117.472839355, 120.493881226, 209.4037323, 129.742889404, 62.5456695557, 32.0493278503, -16.6054267883, 4.71050405502], [424.530883789, 48.9460220337, -39.5127449036, 118.735466003, 38.0801696777, 80.84815979, 58.8271713257, 129.742889404, 197.213150024, 96.6561508179, 21.8325519562, -10.4570045471, -11.3305358887], [260.618835449, 9.72533130646, -48.975402832, 69.6865158081, 9.38095855713, 23.6630306244, 42.400390625, 62.5456695557, 96.6561508179, 128.623352051, 63.6015892029, 9.69198703766, 1.16100537777], [28.7423744202, -19.5520076752, 0.922266721725, 26.9167900085, -9.37565994263, 5.6310505867, 11.6515893936, 32.0493278503, 21.8325519562, 63.6015892029, 133.4949646, 68.6818008423, 7.61398887634], [-41.5455360413, -13.1176290512, -28.415063858, 8.62135028839, 1.19576728344, -17.1475963593, -0.450586915016, -16.6054267883, -10.4570045471, 9.69198703766, 68.6818008423, 143.390106201, 84.7661819458], [88.8977508545, 21.0463066101, -36.3818969727, 56.5733032227, 53.3089408875, 13.8746929169, 26.2173194885, 4.71050405502, -11.3305358887, 1.16100537777, 7.61398887634, 84.7661819458, 187.809036255]], "icov": [[0.000600096827839, -0.000593155215029, 0.000811384757981, -0.000904350541532, 0.000911714567337, -0.00132675957866, 0.000624988984782, -0.000964544306044, 0.00064659002237, -0.000680419849232, 0.000555066450033, -0.000162603537319, 8.22925067041e-05], [-0.000593155215029, 0.00187293358613, -0.000613386859186, 0.000972967070993, -0.00181840499863, 0.00148943590466, -0.000990834087133, 0.00151677604299, -0.00126964808442, 0.00105198344681, -0.000775264052209, 0.000444204342784, -8.68014758453e-05], [0.000811384757981, -0.000613386859186, 0.00278614019044, -0.00102884380613, 0.000313654221827, -0.00225744582713, 0.00175653106999, -0.00156527338549, 0.00113904778846, -0.000348299043253, 0.000148351376993, 0.000138792311191, 0.000408328836784], [-0.000904350541532, 0.000972967070993, -0.00102884380613, 0.00573994591832, -0.00276464596391, 0.000359630503226, -0.00108013814315, 0.000740146671887, -0.00175599358045, 0.000202204566449, -0.00103187398054, 0.000330781709636, -0.000933569099288], [0.000911714567337, -0.00181840499863, 0.000313654221827, -0.00276464596391, 0.00841620378196, -0.00413907552138, 0.000215952037252, -0.00261301291175, 0.00237434660085, -0.00160060729831, 0.00230417679995, -0.000793215760496, -0.000964228936937], [-0.00132675957866, 0.00148943590466, -0.00225744582713, 0.000359630503226, -0.00413907552138, 0.0110964970663, -0.00509641692042, 0.00278205866925, -0.00398741895333, 0.00439912546426, -0.0028848128859, 0.0017650173977, -3.52163297066e-05], [0.000624988984782, -0.000990834087133, 0.00175653106999, -0.00108013814315, 0.000215952037252, -0.00509641692042, 0.0147129949182, -0.00875137001276, 0.00544316880405, -0.00541516579688, 0.00380598288029, -0.00224220426753, 0.00018124129565], [-0.000964544306044, 0.00151677604299, -0.00156527338549, 0.000740146671887, -0.00261301291175, 0.00278205866925, -0.00875137001276, 0.0167339984328, -0.0100074410439, 0.00576101941988, -0.006696626544, 0.00467268517241, -0.00137833692133], [0.00064659002237, -0.00126964808442, 0.00113904778846, -0.00175599358045, 0.00237434660085, -0.00398741895333, 0.00544316880405, -0.0100074410439, 0.0162526592612, -0.0116420164704, 0.00710592325777, -0.00401068106294, 0.00227221590467], [-0.000680419849232, 0.00105198344681, -0.000348299043253, 0.000202204566449, -0.00160060729831, 0.00439912546426, -0.00541516579688, 0.00576101941988, -0.0116420164704, 0.021439999342, -0.012101303786, 0.0057645230554, -0.00212950026616], [0.000555066450033, -0.000775264052209, 0.000148351376993, -0.00103187398054, 0.00230417679995, -0.0028848128859, 0.00380598288029, -0.006696626544, 0.00710592325777, -0.012101303786, 0.0191847421229, -0.0112640969455, 0.00416916189715], [-0.000162603537319, 0.000444204342784, 0.000138792311191, 0.000330781709636, -0.000793215760496, 0.0017650173977, -0.00224220426753, 0.00467268517241, -0.00401068106294, 0.0057645230554, -0.0112640969455, 0.0166252963245, -0.00707964506], [8.22925067041e-05, -8.68014758453e-05, 0.000408328836784, -0.000933569099288, -0.000964228936937, -3.52163297066e-05, 0.00018124129565, -0.00137833692133, 0.00227221590467, -0.00212950026616, 0.00416916189715, -0.00707964506, 0.00911778304726]]}, "spectral_contrast_coeffs": {"dmean": [0.0387007109821, 0.0384458974004, 0.0337420068681, 0.0270462911576, 0.0193959437311, 0.0190900620073], "dmean2": [0.0638583377004, 0.0616264827549, 0.0524186342955, 0.0435198657215, 0.0325863808393, 0.032335948199], "dvar": [0.00101418572012, 0.00133987306617, 0.000883556902409, 0.000560123822652, 0.000278689025436, 0.000317750353133], "dvar2": [0.00268388376571, 0.0033148995135, 0.00202958425507, 0.00144065462518, 0.000747458834667, 0.000925329397433], "max": [-0.296900063753, -0.360046744347, -0.347879439592, -0.404767036438, -0.564615309238, -0.60250723362], "mean": [-0.621763288975, -0.619116663933, -0.669481396675, -0.703871428967, -0.750609755516, -0.757277727127], "median": [-0.631864070892, -0.615642488003, -0.679428517818, -0.709007620811, -0.75391972065, -0.75525033474], "min": [-0.960137009621, -0.95854973793, -0.962805628777, -0.967908620834, -0.961359977722, -0.962172746658], "var": [0.0113588357344, 0.00738444458693, 0.00895159505308, 0.00472031114623, 0.00239045149647, 0.00187169155106]}, "spectral_contrast_valleys": {"dmean": [0.368808686733, 0.328716725111, 0.275451958179, 0.245220765471, 0.16740834713, 0.238479539752], "dmean2": [0.619591593742, 0.540002644062, 0.450037866831, 0.404507637024, 0.278650939465, 0.405445814133], "dvar": [0.122226722538, 0.142715811729, 0.091999657