{"lowlevel": {"average_loudness": 0.962282121181, "barkbands_crest": {"dmean": 2.52011799812, "dmean2": 4.03317975998, "dvar": 6.20126438141, "dvar2": 16.0649013519, "max": 26.773273468, "mean": 13.4059448242, "median": 12.48416996, "min": 3.00330209732, "var": 27.3506584167}, "barkbands_flatness_db": {"dmean": 0.0476988404989, "dmean2": 0.0725827217102, "dvar": 0.00300600822084, "dvar2": 0.00636286567897, "max": 0.660150468349, "mean": 0.301679730415, "median": 0.280267506838, "min": 0.0203199852258, "var": 0.023899063468}, "barkbands_kurtosis": {"dmean": 7.48031234741, "dmean2": 11.2361850739, "dvar": 175.861434937, "dvar2": 334.066741943, "max": 370.191192627, "mean": 13.3382616043, "median": 5.82960891724, "min": -1.9313813448, "var": 943.278381348}, "barkbands_skewness": {"dmean": 0.917731583118, "dmean2": 1.37022459507, "dvar": 1.10522067547, "dvar2": 2.46620035172, "max": 10.3524303436, "mean": 1.73279058933, "median": 1.81358408928, "min": -7.03519153595, "var": 4.33922767639}, "barkbands_spread": {"dmean": 7.01308393478, "dmean2": 11.4205036163, "dvar": 198.534423828, "dvar2": 509.973297119, "max": 112.230148315, "mean": 12.5227508545, "median": 5.21202611923, "min": 0.071869187057, "var": 333.041595459}, "dissonance": {"dmean": 0.0428044684231, "dmean2": 0.0722278729081, "dvar": 0.00245542125776, "dvar2": 0.00692514516413, "max": 0.499999880791, "mean": 0.401327162981, "median": 0.432425022125, "min": 0.0415856316686, "var": 0.00827366951853}, "dynamic_complexity": 2.57480835915, "erbbands_crest": {"dmean": 2.86956167221, "dmean2": 4.53556489944, "dvar": 9.39717483521, "dvar2": 22.3781356812, "max": 34.3101081848, "mean": 15.306142807, "median": 13.5907096863, "min": 2.64998698235, "var": 63.4866867065}, "erbbands_flatness_db": {"dmean": 0.0382987819612, "dmean2": 0.0586261563003, "dvar": 0.00230186898261, "dvar2": 0.00452051777393, "max": 0.653530716896, "mean": 0.296571344137, "median": 0.287572592497, "min": 0.0385062173009, "var": 0.0243527665734}, "erbbands_kurtosis": {"dmean": 2.98236179352, "dmean2": 4.24638748169, "dvar": 29.9949550629, "dvar2": 59.589641571, "max": 99.6005554199, "mean": 5.46894931793, "median": 1.28403234482, "min": -1.89945077896, "var": 162.860733032}, "erbbands_skewness": {"dmean": 0.594785511494, "dmean2": 0.887557804585, "dvar": 0.504710376263, "dvar2": 0.93834733963, "max": 8.02642345428, "mean": 0.624547183514, "median": 0.818034350872, "min": -6.68407583237, "var": 2.63680171967}, "erbbands_spread": {"dmean": 9.94978713989, "dmean2": 15.4508218765, "dvar": 313.08795166, "dvar2": 799.215576172, "max": 174.891204834, "mean": 26.0246372223, "median": 16.691947937, "min": 0.171074181795, "var": 682.947143555}, "hfc": {"dmean": 15.0900583267, "dmean2": 24.3206138611, "dvar": 2213.78051758, "dvar2": 6424.90966797, "max": 660.189086914, "mean": 22.0239162445, "median": 12.1616783142, "min": 1.21037858259e-16, "var": 1689.7331543}, "melbands_crest": {"dmean": 2.9775121212, "dmean2": 4.78931331635, "dvar": 9.16028118134, "dvar2": 22.3178405762, "max": 34.9686431885, "mean": 16.7614688873, "median": 15.8156929016, "min": 2.09254050255, "var": 35.599609375}, "melbands_flatness_db": {"dmean": 0.0539553314447, "dmean2": 0.0810290575027, "dvar": 0.00374558172189, "dvar2": 0.00771892210469, "max": 0.787049293518, "mean": 0.388669312, "median": 0.373682707548, "min": 0.0061156610027, "var": 0.0279869008809}, "melbands_kurtosis": {"dmean": 9.10426044464, "dmean2": 13.8611955643, "dvar": 202.774078369, "dvar2": 423.887451172, "max": 199.354522705, "mean": 18.0072021484, "median": 9.50693321228, "min": -1.92293536663, "var": 607.152893066}, "melbands_skewness": {"dmean": 0.86071574688, "dmean2": 1.25009512901, "dvar": 0.958434700966, "dvar2": 1.79189574718, "max": 11.232509613, "mean": 2.31998252869, "median": 2.10681915283, "min": -4.05759143829, "var": 5.04378843307}, "melbands_spread": {"dmean": 4.09342050552, "dmean2": 6.18569612503, "dvar": 79.276550293, "dvar2": 151.847793579, "max": 200.5443573, "mean": 11.6465501785, "median": 6.28945302963, "min": 0.172955065966, "var": 415.390533447}, "pitch_salience": {"dmean": 0.075965680182, "dmean2": 0.118149802089, "dvar": 0.00627369200811, "dvar2": 0.015260014683, "max": 0.912546575069, "mean": 0.47653222084, "median": 0.489955365658, "min": 0.0478052683175, "var": 0.0215187296271}, "silence_rate_20dB": {"dmean": 0, "dmean2": 0, "dvar": 0, "dvar2": 0, "max": 1, "mean": 1, "median": 1, "min": 1, "var": 0}, "silence_rate_30dB": {"dmean": 0.0240601506084, "dmean2": 0.0481565073133, "dvar": 0.0234817154706, "dvar2": 0.0548669993877, "max": 1, "mean": 0.975957930088, "median": 1, "min": 0, "var": 0.0234639756382}, "silence_rate_60dB": {"dmean": 0.0225563906133, "dmean2": 0.0451467260718, "dvar": 0.0220479834825, "dvar2": 0.0551479160786, "max": 1, "mean": 0.0480841472745, "median": 0, "min": 0, "var": 0.0457717552781}, "spectral_centroid": {"dmean": 160.573501587, "dmean2": 240.288803101, "dvar": 150075, "dvar2": 235158.484375, "max": 11295.7607422, "mean": 701.718200684, "median": 524.047363281, "min": 181.809402466, "var": 476385.5625}, "spectral_complexity": {"dmean": 3.22105264664, "dmean2": 5.1000752449, "dvar": 25.6022224426, "dvar2": 50.4077415466, "max": 55, "mean": 10.0525922775, "median": 8, "min": 0, "var": 59.863571167}, "spectral_decrease": {"dmean": 3.15772119563e-09, "dmean2": 4.60918903045e-09, "dvar": 1.8069887867e-17, "dvar2": 3.76938429643e-17, "max": 8.58555504468e-10, "mean": -8.16099365863e-09, "median": -6.35886321376e-09, "min": -4.78388564318e-08, "var": 4.77384361088e-17}, "spectral_energy": {"dmean": 0.0124524077401, "dmean2": 0.0180441979319, "dvar": 0.000257375999354, "dvar2": 0.000535271712579, "max": 0.182842999697, "mean": 0.0327990874648, "median": 0.0258433260024, "min": 1.113143655e-20, "var": 0.000716265640222}, "spectral_energyband_high": {"dmean": 0.000888870330527, "dmean2": 0.00149929185864, "dvar": 1.30598928081e-05, "dvar2": 3.78231452487e-05, "max": 0.0490753240883, "mean": 0.000822285888717, "median": 6.38433675704e-06, "min": 8.06944010452e-21, "var": 9.4648448794e-06}, "spectral_energyband_low": {"dmean": 0.00508435955271, "dmean2": 0.00746799400076, "dvar": 0.000182055111509, "dvar2": 0.000377301272238, "max": 0.151715144515, "mean": 0.00800454523414, "median": 4.99109337397e-05, "min": 6.14798178504e-23, "var": 0.000376798445359}, "spectral_energyband_middle_high": {"dmean": 0.00208361679688, "dmean2": 0.00291851256043, "dvar": 1.73297121364e-05, "dvar2": 3.30679904437e-05, "max": 0.0526966005564, "mean": 0.00376737420447, "median": 0.00135555816814, "min": 1.63457280707e-21, "var": 3.83882179449e-05}, "spectral_energyband_middle_low": {"dmean": 0.00875279121101, "dmean2": 0.0129779921845, "dvar": 0.000152922759298, "dvar2": 0.000370578549337, "max": 0.107195936143, "mean": 0.0221431776881, "median": 0.0192108880728, "min": 3.80862827591e-22, "var": 0.00029285682831}, "spectral_entropy": {"dmean": 0.416365683079, "dmean2": 0.638768076897, "dvar": 0.256620585918, "dvar2": 0.543288171291, "max": 9.78561592102, "mean": 6.16432237625, "median": 6.2722492218, "min": 3.38993501663, "var": 1.86949515343}, "spectral_flux": {"dmean": 0.0335989966989, "dmean2": 0.0513390414417, "dvar": 0.0014357494656, "dvar2": 0.00280699459836, "max": 0.31556764245, "mean": 0.0783318281174, "median": 0.0619804449379, "min": 1.0550562507e-10, "var": 0.00361293484457}, "spectral_kurtosis": {"dmean": 22.9052791595, "dmean2": 38.0651283264, "dvar": 1193.38317871, "dvar2": 2990.09204102, "max": 396.428314209, "mean": 52.1945075989, "median": 22.971364975, "min": -1.23711895943, "var": 4307.98925781}, "spectral_rms": {"dmean": 0.00103101693094, "dmean2": 0.00143403373659, "dvar": 1.19846379221e-06, "dvar2": 2.28278008763e-06, "max": 0.0133560253307, "mean": 0.00519173312932, "median": 0.0050212549977, "min": 3.29544204425e-12, "var": 5.04503441334e-06}, "spectral_rolloff": {"dmean": 795.951599121, "dmean2": 1447.84680176, "dvar": 6463815, "dvar2": 16889894, "max": 18647.7539062, "mean": 1455.55554199, "median": 667.529296875, "min": 107.666015625, "var": 8637731}, "spectral_skewness": {"dmean": 1.22773790359, "dmean2": 1.97390151024, "dvar": 2.20229005814, "dvar2": 5.11832332611, "max": 17.5678024292, "mean": 4.64705133438, "median": 3.48670172691, "min": -0.0343091897666, "var": 11.2976808548}, "spectral_spread": {"dmean": 1215969.5, "dmean2": 1810186.625, "dvar": 4472330256380.0, "dvar2": 8470156279810.0, "max": 41355104, "mean": 3480819, "median": 1883443, "min": 275241.5, "var": 11930822508500.0}, "spectral_strongpeak": {"dmean": 1.49601709843, "dmean2": 2.70862531662, "dvar": 37.0245056152, "dvar2": 113.64944458, "max": 63.3453102112, "mean": 1.85521245003, "median": 0.957566142082, "min": 3.55379103922e-09, "var": 22.1293735504}, "zerocrossingrate": {"dmean": 0.0175549965352, "dmean2": 0.023070095107, "dvar": 0.0014201636659, "dvar2": 0.00235584704205, "max": 0.58837890625, "mean": 0.0568042397499, "median": 0.02880859375, "min": 0.005859375, "var": 0.00585588579997}, "barkbands": {"dmean": [4.84816846438e-05, 0.00269669643603, 0.00236890115775, 0.00202540704049, 0.0032485134434, 0.00280082412064, 0.000745574187022, 0.000601274310611, 0.00137971236836, 0.00134548195638, 0.000571585376747, 0.000199791029445, 0.000100154560641, 0.000152128603077, 8.70666262927e-05, 0.000123490666738, 8.12665603007e-05, 6.76443305565e-05, 4.23680503445e-05, 2.98633603961e-05, 4.3167896365e-05, 6.34439784335e-05, 4.36193986388e-05, 4.25840080425e-05, 4.63231590402e-05, 0.000554406666197, 0.000106146435428], "dmean2": [8.6826075858e-05, 0.0037862251047, 0.00378450797871, 0.00352262705564, 0.00491902930662, 0.00461973669007, 0.00105412886478, 0.000885470828507, 0.0022177437786, 0.00166039401665, 0.000914844567887, 0.000303257373162, 0.000157292903168, 0.000252296944382, 0.00014580480638, 0.000197422108613, 0.000129901367472, 0.000109012318717, 6.42335580778e-05, 4.71495732199e-05, 6.83157995809e-05, 9.74503855105e-05, 6.61656376906e-05, 6.60698642605e-05, 7.54210705054e-05, 0.0009941047756, 0.000182654286618], "dvar": [1.56590527212e-08, 6.81375458953e-05, 3.90196219087e-05, 5.86115456827e-05, 3.34985998052e-05, 2.33418741118e-05, 2.9360883218e-06, 4.312490546e-06, 1.87440473383e-05, 1.40365409607e-05, 4.28852217738e-06, 5.07529421157e-07, 5.44518385936e-08, 1.19665557463e-07, 3.62092968942e-08, 1.02117674317e-07, 3.74578412732e-08, 3.20906536899e-08, 1.15829932312e-08, 9.26799526013e-09, 1.98544558572e-08, 5.41157767486e-08, 1.61039857005e-08, 1.22866854468e-08, 1.78593531075e-08, 1.00915631265e-05, 1.04795887523e-07], "dvar2": [4.61394904505e-08, 0.000136884744279, 8.81698433659e-05, 0.000162040130817, 8.43174639158e-05, 7.78214962338e-05, 6.30761360298e-06, 6.68638722345e-06, 4.70109553135e-05, 2.0047164071e-05, 1.02126577985e-05, 8.29871908081e-07, 1.18112836844e-07, 2.86984743525e-07, 8.95502481058e-08, 2.41403427026e-07, 9.0850221568e-08, 7.28330107336e-08, 2.50089584597e-08, 2.04768664247e-08, 4.73747832075e-08, 1.18392378567e-07, 3.54427704963e-08, 2.78559717515e-08, 4.36678213589e-08, 2.9662705856e-05, 3.04672965967e-07], "max": [0.0013570766896, 0.0968355536461, 0.0582111626863, 0.0722183212638, 0.065644659102, 0.0482709743083, 0.0281959790736, 0.0356437638402, 0.0505314022303, 0.0521739274263, 0.030405106023, 0.0171305891126, 0.00319342571311, 0.00327617768198, 0.00204171030782, 0.00366917927749, 0.00244647916406, 0.0022823328618, 0.00148162432015, 0.00130571715999, 0.00179100013338, 0.00368011114188, 0.001654037158, 0.00158713175915, 0.00128103070892, 0.0441021062434, 0.00319826928899], "mean": [6.02522522968e-05, 0.00329943792894, 0.00348973087966, 0.00222305650823, 0.00761710479856, 0.00611650524661, 0.00168588233646, 0.000873794953804, 0.00211295834742, 0.00270205177367, 0.000738550734241, 0.000261936918832, 0.000133305235067, 0.000153132888954, 0.000100843637483, 0.000161668984219, 0.000100021941762, 7.59496324463e-05, 5.37962259841e-05, 3.71157802874e-05, 5.36468833161e-05, 7.55977089284e-05, 5.91531643295e-05, 5.37323794561e-05, 4.39075702161e-05, 0.000394981499994, 0.000121001663501], "median": [9.67176902122e-07, 7.18742603567e-06, 1.19556862046e-05, 0.000443616590928, 0.00466126762331, 0.00372368376702, 0.000436891277786, 8.89446673682e-05, 0.000275630445685, 0.0002115759562, 7.2992836067e-05, 3.93285990867e-05, 2.61683835561e-05, 2.97444330499e-05, 2.38701595663e-05, 3.30935508828e-05, 1.56010046339e-05, 7.69748658058e-06, 5.81846916248e-06, 2.10354414776e-06, 1.10538485387e-06, 5.86901535371e-07, 4.50893026027e-07, 4.63734124878e-07, 2.1323734245e-07, 1.67994116396e-07, 7.89064458218e-08], "min": [2.82069049575e-23, 2.79159888329e-23, 2.03241934295e-23, 9.22289075388e-24, 1.38345203298e-23, 8.46486121497e-23, 7.74458387684e-23, 6.2732857134e-23, 1.07439901796e-22, 8.71607176142e-23, 9.79688756331e-23, 1.20465169166e-22, 9.28797635396e-23, 1.5426334036e-22, 1.43518966478e-22, 1.21032467442e-22, 1.50846348328e-22, 2.05143720165e-22, 1.78952111851e-22, 5.97384092954e-22, 4.71410150315e-22, 5.00848520788e-22, 6.43038717335e-22, 7.45467496982e-22, 1.4000409511e-21, 1.71181291723e-21, 2.59788188276e-21], "var": [1.72637353302e-08, 0.000102090285509, 7.12791588739e-05, 4.08078085457e-05, 7.60949551477e-05, 5.29408098373e-05, 1.06777188194e-05, 8.39266522235e-06, 2.7422880521e-05, 4.71777020721e-05, 5.69774056203e-06, 1.06274524114e-06, 7.84130662623e-08, 1.22457848306e-07, 4.14846255126e-08, 1.28793672616e-07, 4.45390782033e-08, 3.66122563378e-08, 1.62371964763e-08, 1.19607506122e-08, 2.81798104851e-08, 7.01167834904e-08, 2.78021801137e-08, 2.00822771745e-08, 1.67814100394e-08, 6.38563733446e-06, 1.40979025787e-07]}, "erbbands": {"dmean": [0.0315151885152, 0.776171684265, 3.07194185257, 4.40544462204, 7.34523534775, 14.3735771179, 17.4333133698, 25.8331069946, 13.9364795685, 8.45721435547, 16.5810985565, 38.7610092163, 40.6576805115, 29.6456947327, 20.7509269714, 8.93654060364, 4.83514547348, 7.48591899872, 5.41124868393, 6.81644868851, 4.87661457062, 4.08695650101, 4.11522340775, 2.55402112007, 1.69287788868, 1.4220969677, 1.7330467701, 1.79845404625, 2.28906369209, 1.7105474472, 1.20054614544, 1.02703714371, 0.625531852245, 0.440835654736, 0.413591533899, 2.14730596542, 0.995404660702, 0.127157300711, 0.0143697448075, 0.000997292343527], "dmean2": [0.0456755310297, 1.11266112328, 4.86519384384, 7.41704273224, 11.2020330429, 22.94348526, 26.8484287262, 44.531337738, 18.700750351, 13.0645093918, 24.1813163757, 61.382900238, 51.7150230408, 39.585231781, 31.7496128082, 13.108590126, 7.64127445221, 12.1445875168, 8.87670230865, 10.8626537323, 7.83449649811, 6.50056266785, 6.48538255692, 3.91601848602, 2.63154006004, 2.21529483795, 2.73028492928, 2.78253245354, 3.60158753395, 2.72047829628, 1.8405572176, 1.61524963379, 0.974282205105, 0.715095937252, 0.677795827389, 3.85083794594, 1.78417026997, 0.22363910079, 0.0245718602091, 0.00165718619246], "dvar": [0.00754897110164, 5.73998641968, 73.6546859741, 250.106628418, 318.521636963, 834.3203125, 924.883483887, 2507.37817383, 1030.71508789, 541.608764648, 3137.7109375, 14607.9248047, 13668.1113281, 8468.82324219, 5965.86669922, 1186.11047363, 125.419235229, 292.960845947, 157.795120239, 264.151977539, 153.983200073, 103.561302185, 115.177116394, 42.7359657288, 20.603269577, 18.9133052826, 33.0107765198, 39.0227279663, 79.5897903442, 24.5876312256, 11.3721427917, 7.7026758194, 2.83558177948, 1.61871433258, 1.66185390949, 165.075790405, 31.8899288177, 0.211090430617, 0.00160605285782, 9.12002542464e-06], "dvar2": [0.0153891909868, 11.6838350296, 173.711730957, 655.614013672, 788.819702148, 2246.73730469, 2289.98681641, 8985.8671875, 2124.48242188, 1234.45727539, 4848.01513672, 36647.1054688, 18188.890625, 14138.7451172, 13903.59375, 1863.41992188, 271.055786133, 696.849731445, 382.464050293, 611.560546875, 372.368804932, 250.538955688, 263.986907959, 88.0699157715, 46.022983551, 41.3944473267, 81.6531600952, 88.6832427979, 171.98765564, 56.7606163025, 24.1986522675, 17.6360874176, 6.53001832962, 3.80712080002, 4.36169052124, 485.103790283, 93.7610397339, 0.632843077183, 0.00450936658308, 2.50175635301e-05], "max": [1.12124204636, 28.1508426666, 82.9771881104, 182.299240112, 182.125534058, 310.280578613, 271.317565918, 505.660522461, 629.65234375, 475.52053833, 973.706970215, 1373.09069824, 1994.06469727, 1979.31005859, 1066.03881836, 880.667419434, 156.124969482, 163.141403198, 168.612213135, 212.772872925, 230.256774902, 132.029205322, 154.993896484, 75.1487045288, 55.8372001648, 55.0124015808, 68.3956298828, 82.2309494019, 146.475662231, 48.9440231323, 43.2110595703, 35.7961158752, 22.8573875427, 14.4901418686, 16.0418453217, 178.113967896, 78.665145874, 5.04264307022, 0.388540863991, 0.0354904644191], "mean": [0.0406584627926, 0.942452967167, 4.08380937576, 6.07300901413, 16.6970920563, 26.0863628387, 36.0967254639, 51.714969635, 34.555606842, 17.0333423615, 23.5492286682, 61.703830719, 79.3294525146, 53.7701683044, 27.4400615692, 12.3736333847, 6.72537660599, 7.88374376297, 6.24516391754, 9.1027841568, 6.14607477188, 5.12221431732, 4.7970366478, 3.26848316193, 2.11821842194, 1.76220285892, 2.09464669228, 2.23675274849, 2.74662661552, 2.20944285393, 1.62806379795, 1.27915525436, 0.769424855709, 0.457761466503, 0.359337568283, 1.47043311596, 0.722732484341, 0.114379242063, 0.0157956760377, 0.00149956182577], "median": [0.000239628599957, 0.00276989140548, 0.0410073511302, 1.02566337585, 6.90256023407, 13.6740922928, 15.7509975433, 25.3147411346, 13.1310663223, 3.30574131012, 4.32825088501, 8.60110282898, 9.96972942352, 7.67479372025, 4.30811166763, 2.09794068336, 1.62320935726, 1.73883080482, 1.72672343254, 2.20831274986, 1.404992342, 0.902373254299, 0.545211672783, 0.399720132351, 0.20958404243, 0.110393255949, 0.068145737052, 0.0325331017375, 0.0235219150782, 0.0168931111693, 0.0123325567693, 0.0104217259213, 0.00647100573406, 0.00304811145179, 0.00121873151511, 0.000757894013077, 0.000303881504806, 7.19862437109e-05, 3.15056095133e-05, 4.44494326075e-05], "min": [1.0196846858e-21, 6.06679827913e-21, 1.964154097e-20, 3.3439861937e-20, 4.47971809943e-20, 3.59049667912e-20, 1.5020188547e-19, 9.76607998476e-19, 7.89332756831e-19, 1.37621616067e-18, 2.37834257764e-18, 2.23566529571e-18, 1.68882094904e-18, 4.96677290085e-18, 2.72935315506e-18, 6.31038387652e-18, 4.37229391104e-18, 7.11674848895e-18, 7.8632781646e-18, 5.15567200144e-18, 9.96309517472e-18, 8.09500950449e-18, 9.98012434199e-18, 1.08153592122e-17, 1.20892727766e-17, 2.7784146434e-17, 2.22295591375e-17, 1.55936681094e-17, 1.89218756262e-17, 2.18567356006e-17, 1.73158862689e-17, 1.47778182169e-17, 1.22695336301e-17, 1.11494442267e-17, 1.36679775813e-17, 7.53234222667e-18, 3.14195291255e-18, 1.29629469366e-18, 3.19080165004e-19, 3.82133629245e-20], "var": [0.0107496632263, 8.63533401489, 117.278282166, 227.785003662, 643.145324707, 1286.20544434, 2227.734375, 4635.11669922, 3368.16821289, 2208.74169922, 5996.11181641, 21748.6738281, 45109.765625, 25300.6289062, 7841.38769531, 2599.24316406, 182.153274536, 308.222412109, 166.582626343, 373.873779297, 166.657562256, 118.279594421, 134.388702393, 61.2992630005, 27.2732257843, 25.4712219238, 41.3820762634, 54.4065742493, 99.8051300049, 39.8142776489, 21.0181179047, 12.5487680435, 4.2623667717, 1.72045993805, 1.37001168728, 104.149978638, 20.2026004791, 0.163359060884, 0.0022889629472, 2.48542182817e-05]}, "gfcc": {"mean": [-112.070106506, 135.276077271, -99.1520690918, -27.6516132355, -52.0844039917, -21.5775413513, -41.2537727356, -11.6613960266, -23.627948761, -18.3006896973, -21.2171878815, -3.49961662292, 0.0386143289506], "cov": [[17904.921875, -5055.85644531, 1092.8347168, 3294.92626953, 333.209869385, 1531.59143066, -398.399902344, 226.339874268, -674.12878418, 996.30480957, 658.481933594, 1147.23779297, -869.338989258], [-5055.85644531, 6427.91943359, -603.077331543, -804.801147461, 857.425170898, -1030.98840332, 151.199584961, -359.78515625, 339.119995117, -949.663513184, -189.169296265, -684.209838867, 567.30645752], [1092.8347168, -603.077331543, 1432.19177246, 480.484832764, 401.86340332, 421.16015625, 111.85748291, 204.797821045, 84.2146987915, 203.99180603, -127.207321167, 8.62670898438, -140.977661133], [3294.92626953, -804.801147461, 480.484832764, 1733.37927246, 424.031860352, 579.568359375, 5.58768224716, 85.2452774048, -53.3116645813, 315.673156738, 305.991851807, 233.680053711, -220.410125732], [333.209869385, 857.425170898, 401.86340332, 424.031860352, 852.163330078, 149.903289795, 31.7070217133, 14.9620771408, -6.11656856537, -132.504013062, -67.7464904785, -28.3043384552, 19.6882839203], [1531.59143066, -1030.98840332, 421.16015625, 579.568359375, 149.903289795, 730.923217773, 182.921981812, 156.022659302, -68.721786499, 150.892227173, -16.8180809021, 124.102233887, -92.5198898315], [-398.399902344, 151.199584961, 111.85748291, 5.58768224716, 31.7070217133, 182.921981812, 358.40423584, 150.497192383, 130.185806274, -38.5257415771, -89.4947433472, -100.715240479, 25.3775405884], [226.339874268, -359.78515625, 204.797821045, 85.2452774048, 14.9620771408, 156.022659302, 150.497192383, 297.260437012, 138.744552612, 92.9970245361, -83.8354797363, -24.2370471954, -60.5796279907], [-674.12878418, 339.119995117, 84.2146987915, -53.3116645813, -6.11656856537, -68.721786499, 130.185806274, 138.744552612, 345.71105957, 78.5874328613, -76.4084320068, -164.932220459, -0.846204817295], [996.30480957, -949.663513184, 203.99180603, 315.673156738, -132.504013062, 150.892227173, -38.5257415771, 92.9970245361, 78.5874328613, 477.826599121, 205.916259766, 91.7519226074, -172.612731934], [658.481933594, -189.169296265, -127.207321167, 305.991851807, -67.7464904785, -16.8180809021, -89.4947433472, -83.8354797363, -76.4084320068, 205.916259766, 412.68359375, 218.704772949, -49.8967285156], [1147.23779297, -684.209838867, 8.62670898438, 233.680053711, -28.3043384552, 124.102233887, -100.715240479, -24.2370471954, -164.932220459, 91.7519226074, 218.704772949, 352.614898682, -14.29246521], [-869.338989258, 567.30645752, -140.977661133, -220.410125732, 19.6882839203, -92.5198898315, 25.3775405884, -60.5796279907, -0.846204817295, -172.612731934, -49.8967285156, -14.29246521, 176.57383728]], "icov": [[0.000129918931634, -1.28574047267e-05, 1.87312380149e-05, -0.000179296213901, 3.58272300218e-05, -3.6519508285e-05, 3.73674083676e-05, 2.16618154809e-05, 9.16683202377e-05, -5.38122585567e-05, 0.000237049171119, -0.000373880349798, 0.000435583642684], [-1.28574047267e-05, 0.000717259244993, -3.6384797113e-06, 4.43773096777e-05, -0.000705267186277, 0.000497273285873, -0.000132260174723, 0.000162576397997, -0.000462539988803, 0.000907199806534, -0.00119979656301, 0.00138739903923, -0.00124339084141], [1.87312380149e-05, -3.6384797113e-06, 0.00116345181596, -5.98876795266e-05, -0.000541172630619, -0.000235376850469, -0.000139238938573, -2.07896682696e-05, -0.00011187162454, -0.000692179310136, 0.000848904659506, -0.000439683150034, 0.000435061083408], [-0.000179296213901, 4.43773096777e-05, -5.98876795266e-05, 0.00158038549125, -0.00063293002313, -0.000950994901359, 0.000327834015479, 1.73459793587e-05, -0.000616054341663, 0.000388022424886, -0.0015077048447, 0.000565626716707, 0.000426806975156], [3.58272300218e-05, -0.000705267186277, -0.000541172630619, -0.00063293002313, 0.00257532880642, -0.000546212482732, 0.000467323843623, -0.000263383524725, 0.000382658618037, 0.000151619620738, 0.000983342761174, -0.000974427442998, 0.000838349515107], [-3.6519508285e-05, 0.000497273285873, -0.000235376850469, -0.000950994901359, -0.000546212482732, 0.00404565315694, -0.00246758433059, -9.29991801968e-05, 0.00143806519918, -0.000974624825176, 0.00121845700778, -0.000340485887136, -0.00127814151347], [3.73674083676e-05, -0.000132260174723, -0.000139238938573, 0.000327834015479, 0.000467323843623, -0.00246758433059, 0.0059300349094, -0.00229917280376, -0.00142772204708, 0.00171539152507, -0.00178375944961, 0.00181076256558, -0.000766603043303], [2.16618154809e-05, 0.000162576397997, -2.07896682696e-05, 1.73459793587e-05, -0.000263383524725, -9.29991801968e-05, -0.00229917280376, 0.00701238401234, -0.00247547286563, -0.000693136244081, 0.00219337781891, -0.00218355632387, 0.00205990043469], [9.16683202377e-05, -0.000462539988803, -0.00011187162454, -0.000616054341663, 0.000382658618037, 0.00143806519918, -0.00142772204708, -0.00247547286563, 0.00689983647317, -0.00308801257052, 0.00133211689536, 0.00131150055677, -0.00135726458393], [-5.38122585567e-05, 0.000907199806534, -0.000692179310136, 0.000388022424886, 0.000151619620738, -0.000974624825176, 0.00171539152507, -0.000693136244081, -0.00308801257052, 0.00766501808539, -0.00519117014483, 0.00235229637474, 0.00194188195746], [0.000237049171119, -0.00119979656301, 0.000848904659506, -0.0015077048447, 0.000983342761174, 0.00121845700778, -0.00178375944961, 0.00219337781891, 0.00133211689536, -0.00519117014483, 0.00996180158108, -0.00693137617782, 0.00254094414413], [-0.000373880349798, 0.00138739903923, -0.000439683150034, 0.000565626716707, -0.000974427442998, -0.000340485887136, 0.00181076256558, -0.00218355632387, 0.00131150055677, 0.00235229637474, -0.00693137617782, 0.0108546158299, -0.00579667510465], [0.000435583642684, -0.00124339084141, 0.000435061083408, 0.000426806975156, 0.000838349515107, -0.00127814151347, -0.000766603043303, 0.00205990043469, -0.00135726458393, 0.00194188195746, 0.00254094414413, -0.00579667510465, 0.0148772001266]]}, "melbands": {"dmean": [0.000504718220327, 0.00141544488724, 0.000840850407258, 0.000676532799844, 0.000651858281344, 0.000560173531994, 0.000193016108824, 9.28235458559e-05, 0.00014926068252, 0.000238250213442, 0.000197349931113, 0.000123600999359, 7.81339695095e-05, 2.81660595647e-05, 1.72166710399e-05, 9.06653895072e-06, 1.56294736371e-05, 9.54063489189e-06, 6.7048326855e-06, 1.03430838863e-05, 5.19618242834e-06, 4.52731046607e-06, 4.1867156142e-06, 3.0890596463e-06, 2.08174719774e-06, 1.46207355556e-06, 1.04188438854e-06, 9.43316308621e-07, 1.09771269763e-06, 1.07946129901e-06, 1.13121495815e-06, 1.4324126596e-06, 1.09814243388e-06, 8.88659599241e-07, 7.23406969882e-07, 6.49401613373e-07, 6.53193126254e-07, 4.33026229985e-07, 4.52374933957e-07, 3.56133540436e-07], "dmean2": [0.000672879628837, 0.00214597280137, 0.00138727703597, 0.00102698430419, 0.00101903162431, 0.000944445258938, 0.000258274230873, 0.000144573117723, 0.000221096837777, 0.000378078955691, 0.000251122517511, 0.000166820871527, 0.000123227306176, 4.2073235818e-05, 2.7095869882e-05, 1.44926852954e-05, 2.55857357843e-05, 1.58195416589e-05, 1.09158072519e-05, 1.67118378158e-05, 8.38971209305e-06, 7.42174461266e-06, 6.29962005405e-06, 5.04762147102e-06, 3.18667252941e-06, 2.31672220252e-06, 1.676005013e-06, 1.46236664023e-06, 1.73196281139e-06, 1.7096343754e-06, 1.7437414499e-06, 2.27855139201e-06, 1.75054481133e-06, 1.41407201681e-06, 1.13188468731e-06, 1.02918988887e-06, 1.04112473309e-06, 6.76997387927e-07, 7.38697337965e-07, 5.81163305924e-07], "dvar": [2.14115266317e-06, 1.6464955479e-05, 7.5598386502e-06, 1.62580977303e-06, 1.21725395275e-06, 1.06915661036e-06, 1.97269571345e-07, 6.13163138041e-08, 2.22403002681e-07, 5.38317635801e-07, 3.42362682204e-07, 1.61992758763e-07, 8.80787851543e-08, 1.00667465475e-08, 2.73569611409e-09, 4.14074857735e-10, 1.42093192768e-09, 5.16351128521e-10, 1.98670274676e-10, 7.34548422088e-10, 1.73324646302e-10, 1.27036450803e-10, 1.23874813185e-10, 7.05978608906e-11, 2.96248824083e-11, 1.52310664081e-11, 1.31940361414e-11, 7.41958838119e-12, 1.29163563525e-11, 1.34205051586e-11, 1.69967685759e-11, 4.00556185443e-11, 1.28897430923e-11, 6.43746514428e-12, 4.11713371729e-12, 3.69465612618e-12, 3.09368633142e-12, 1.40912878154e-12, 1.75326539311e-12, 1.06747813713e-12], "dvar2": [3.96768291466e-06, 3.63823164662e-05, 2.02069240913e-05, 3.99567989007e-06, 3.15552938446e-06, 3.73426018996e-06, 4.03650460612e-07, 1.37425260505e-07, 3.93536254251e-07, 1.34421281928e-06, 4.57150036937e-07, 2.67209060212e-07, 2.12596077631e-07, 1.86349282671e-08, 5.05968689168e-09, 9.52164125323e-10, 3.38430838909e-09, 1.24916399447e-09, 4.95448515547e-10, 1.7483887671e-09, 4.19370649318e-10, 3.20693527289e-10, 2.77007278227e-10, 1.69906977376e-10, 6.08723696449e-11, 3.55574875099e-11, 3.21025671324e-11, 1.60266678401e-11, 3.14604037266e-11, 3.38878786144e-11, 3.93723248449e-11, 8.71210950604e-11, 2.99858748942e-11, 1.50042755998e-11, 8.99038135604e-12, 8.66877316458e-12, 7.26527128389e-12, 3.29299499995e-12, 4.38397842334e-12, 2.51225537769e-12], "max": [0.0175449103117, 0.0435167253017, 0.0280331708491, 0.0142414262518, 0.00952800828964, 0.010105047375, 0.00843194220215, 0.00428844708949, 0.00722747622058, 0.00820341240615, 0.0099193463102, 0.00871845614165, 0.00457006227225, 0.00185714871623, 0.00102243479341, 0.00031575380126, 0.000360859616194, 0.000324752123561, 0.000138320116093, 0.000326614186633, 0.000243292117375, 0.000146367208799, 0.000160513984156, 0.000114983587991, 6.39030986349e-05, 5.6617311202e-05, 5.8403427829e-05, 3.42011044268e-05, 4.95076164952e-05, 7.20154348528e-05, 5.34315950063e-05, 0.00011584697495, 4.6992485295e-05, 2.64305836026e-05, 2.3365704692e-05, 2.63955116679e-05, 2.4868581022e-05, 1.71236079041e-05, 1.55926354637e-05, 1.20649538076e-05], "mean": [0.00063178956043, 0.00188140862156, 0.0013472706778, 0.00152301893104, 0.00130843895022, 0.0011758984765, 0.000476104964036, 0.000170386279933, 0.000195988715859, 0.000389475113479, 0.000385190127417, 0.000218216067879, 0.000102187113953, 3.57786084351e-05, 2.31908143178e-05, 1.13432524813e-05, 1.56314326887e-05, 1.04733862827e-05, 8.52680022945e-06, 1.31524493554e-05, 6.24779022473e-06, 5.35436220162e-06, 5.15397005074e-06, 3.38239078701e-06, 2.60713409261e-06, 1.74179672285e-06, 1.1907161479e-06, 1.14861461498e-06, 1.28490569296e-06, 1.27198654809e-06, 1.31517515456e-06, 1.65465473856e-06, 1.35984043936e-06, 1.15150044167e-06, 9.6521262094e-07, 8.03028797236e-07, 7.72411908656e-07, 5.43692181054e-07, 4.70037008427e-07, 3.56366598453e-07], "median": [1.89876163859e-06, 5.25260293216e-06, 0.000470647355542, 0.000845946779009, 0.000629543501418, 0.000628259498626, 0.000160917916219, 2.20967558562e-05, 2.85062596959e-05, 5.03248520545e-05, 4.37330636487e-05, 2.763300472e-05, 1.19749674923e-05, 5.08279981659e-06, 3.57247449756e-06, 2.50077846431e-06, 2.82642486127e-06, 2.59137254943e-06, 2.21722666538e-06, 2.67135374088e-06, 1.00730960639e-06, 8.09102914445e-07, 5.29615249434e-07, 3.50977558128e-07, 2.42504540893e-07, 1.29826759121e-07, 8.73111360988e-08, 5.6935050452e-08, 3.59256411286e-08, 2.43522748633e-08, 1.42262317482e-08, 1.26822916613e-08, 9.73490710265e-09, 7.44425276977e-09, 6.55084786416e-09, 5.9239360084e-09, 5.4085691481e-09, 4.65518601445e-09, 3.3437290714e-09, 2.04948191751e-09], "min": [9.48134130796e-24, 9.28824709102e-24, 5.76417429115e-24, 3.38805266942e-24, 4.32259133472e-24, 1.95127237707e-23, 1.36992638168e-23, 1.36263998904e-23, 2.29494467914e-23, 1.21475002633e-23, 7.53336999823e-24, 1.91379406878e-23, 9.14080741011e-24, 1.47092992317e-23, 1.10918260895e-23, 9.75108913905e-24, 1.33452530192e-23, 1.18931352198e-23, 1.22473400772e-23, 2.9968354445e-24, 1.47529831932e-23, 8.5698038545e-24, 9.50221930067e-24, 8.243508896e-24, 8.92864879168e-24, 6.78659245572e-24, 1.45774143101e-23, 1.94992800031e-23, 1.38915044862e-23, 1.39086211901e-23, 6.15293165056e-24, 9.52221061373e-24, 1.17762757319e-23, 1.20140928401e-23, 9.69806664217e-24, 9.40699590081e-24, 9.08459239315e-24, 9.52700057715e-24, 7.00675801234e-24, 9.81442441455e-24], "var": [3.3713540688e-06, 2.68677285931e-05, 7.08588004272e-06, 3.50905315827e-06, 2.75697811958e-06, 2.19485946218e-06, 6.74614796026e-07, 2.09337486012e-07, 3.87897870269e-07, 8.69857558428e-07, 1.12670636554e-06, 4.91957848681e-07, 1.13407175206e-07, 1.81200778826e-08, 5.0652877448e-09, 5.21133358689e-10, 1.4593365405e-09, 5.25209209457e-10, 2.49043008438e-10, 9.15004905178e-10, 1.92968890866e-10, 1.33642749645e-10, 1.57846416493e-10, 7.36143784819e-11, 4.29969115867e-11, 1.92350475825e-11, 1.32010782514e-11, 1.07060115981e-11, 1.52938599285e-11, 1.9235540244e-11, 2.13744751065e-11, 4.57417888289e-11, 1.83039070012e-11, 1.04858222799e-11, 7.3941217732e-12, 5.7094064719e-12, 4.56127887197e-12, 2.19409625017e-12, 1.84259487009e-12, 1.08816146198e-12]}, "mfcc": {"mean": [-767.25592041, 174.003005981, 5.70002603531, -4.05043983459, -2.65324401855, -13.6627626419, -17.2296543121, -6.8849811554, -5.59014511108, -10.9164266586, -19.4334201813, -17.0728549957, -11.8460645676], "cov": [[14045.0507812, -2324.18579102, -224.340042114, 1801.32739258, 918.017883301, 1129.11169434, 835.615112305, 333.606658936, -789.758056641, -333.55065918, 585.5390625, 824.02746582, 624.307067871], [-2324.18579102, 3921.65185547, -415.992675781, 120.820808411, 437.773864746, -324.625518799, -158.521575928, -31.9745998383, 60.50548172, -177.334060669, -353.73034668, -373.383911133, -234.335388184], [-224.340042114, -415.992675781, 995.60949707, 215.179840088, 114.52495575, 234.279296875, 75.5316543579, 115.882362366, 273.728393555, 249.707351685, 166.606414795, 95.164276123, 51.6406784058], [1801.32739258, 120.820808411, 215.179840088, 846.442565918, 496.079803467, 345.239776611, 238.934020996, 138.10710144, -76.7656478882, 9.83193492889, 174.841293335, 202.689544678, 190.128433228], [918.017883301, 437.773864746, 114.52495575, 496.079803467, 664.969055176, 308.477752686, 206.835906982, 134.48828125, -3.37844991684, -64.8533782959, -1.27070200443, 50.1502952576, 110.862045288], [1129.11169434, -324.625518799, 234.279296875, 345.239776611, 308.477752686, 495.388122559, 299.589050293, 152.181945801, 57.5631103516, 47.1820755005, 68.1921234131, 92.3736114502, 123.492279053], [835.615112305, -158.521575928, 75.5316543579, 238.934020996, 206.835906982, 299.589050293, 359.464385986, 184.561126709, 3.19059276581, -4.30622434616, 37.5569648743, 42.2614135742, 65.8333816528], [333.606658936, -31.9745998383, 115.882362366, 138.10710144, 134.48828125, 152.181945801, 184.561126709, 318.513122559, 197.943161011, 17.5922336578, -6.25918865204, 0.442053765059, -37.0087509155], [-789.758056641, 60.50548172, 273.728393555, -76.7656478882, -3.37844991684, 57.5631103516, 3.19059276581, 197.943161011, 499.348388672, 292.325469971, 34.3634719849, -8.4255027771, -101.321777344], [-333.55065918, -177.334060669, 249.707351685, 9.83193492889, -64.8533782959, 47.1820755005, -4.30622434616, 17.5922336578, 292.325469971, 397.025421143, 204.954727173, 87.7669677734, 2.12875175476], [585.5390625, -353.73034668, 166.606414795, 174.841293335, -1.27070200443, 68.1921234131, 37.5569648743, -6.25918865204, 34.3634719849, 204.954727173, 342.214355469, 272.766448975, 109.028457642], [824.02746582, -373.383911133, 95.164276123, 202.689544678, 50.1502952576, 92.3736114502, 42.2614135742, 0.442053765059, -8.4255027771, 87.7669677734, 272.766448975, 394.329498291, 210.149200439], [624.307067871, -234.335388184, 51.6406784058, 190.128433228, 110.862045288, 123.492279053, 65.8333816528, -37.0087509155, -101.321777344, 2.12875175476, 109.028457642, 210.149200439, 268.21395874]], "icov": [[0.000152624328621, 8.62098895595e-05, 0.000130050233565, -0.000233651211602, -2.69831998594e-05, -0.000195387096028, 7.21191245248e-05, -0.000184640477528, 0.000277465733234, -4.94947234984e-05, 5.30660508957e-06, -0.000180571805686, 0.000163122094818], [8.62098895595e-05, 0.000481696566567, 0.000229421697441, -0.000395796261728, -0.000456605339423, 0.000497660017572, -0.000165296602063, 0.000359127880074, -0.000405220576795, 0.00022206196445, 7.3826064181e-05, 0.000175771841896, 0.000183733340236], [0.000130050233565, 0.000229421697441, 0.00165943976026, -0.000606051064096, -2.86447107101e-06, -0.000618303369265, 0.000359361787559, 0.000188828373211, -0.00100901722908, 0.000329220609274, -0.000934307987336, 0.000675018702168, -0.000301318708807], [-0.000233651211602, -0.000395796261728, -0.000606051064096, 0.00380465574563, -0.00166389392689, -0.000746155681554, 0.000653594615869, -0.00190697715152, 0.00225339853205, -0.0014974263031, -0.000428631465184, -0.000526441494003, -0.000324670079863], [-2.69831998594e-05, -0.000456605339423, -2.86447107101e-06, -0.00166389392689, 0.00396316219121, -0.00139156938531, -0.000221819573198, 0.000433135137428, -0.00129952107091, 0.00156398373656, -0.000253652251558, 0.000616427278146, -0.000922473613173], [-0.000195387096028, 0.000497660017572, -0.000618303369265, -0.000746155681554, -0.00139156938531, 0.00701782060787, -0.00468954956159, 0.0021385375876, -0.00253368658014, 0.000817353255115, 0.000314366014209, 0.000685007136781, -0.00130042119417], [7.21191245248e-05, -0.000165296602063, 0.000359361787559, 0.000653594615869, -0.000221819573198, -0.00468954956159, 0.00917649827898, -0.00629702815786, 0.00482230214402, -0.0031374450773, 0.000515494786669, -0.000159932475071, 4.71813691547e-05], [-0.000184640477528, 0.000359127880074, 0.000188828373211, -0.00190697715152, 0.000433135137428, 0.0021385375876, -0.00629702815786, 0.0124335438013, -0.0102696213871, 0.00794078595936, -0.00333521026187, 0.00214449735358, -0.000110472727101], [0.000277465733234, -0.000405220576795, -0.00100901722908, 0.00225339853205, -0.00129952107091, -0.00253368658014, 0.00482230214402, -0.0102696213871, 0.0155962863937, -0.01310516987, 0.00819857232273, -0.00636354787275, 0.00434903427958], [-4.94947234984e-05, 0.00022206196445, 0.000329220609274, -0.0014974263031, 0.00156398373656, 0.000817353255115, -0.0031374450773, 0.00794078595936, -0.01310516987, 0.0162930805236, -0.011646039784, 0.00708858296275, -0.00374958245084], [5.30660508957e-06, 7.3826064181e-05, -0.000934307987336, -0.000428631465184, -0.000253652251558, 0.000314366014209, 0.000515494786669, -0.00333521026187, 0.00819857232273, -0.011646039784, 0.0170081239194, -0.0112505443394, 0.00499999755993], [-0.000180571805686, 0.000175771841896, 0.000675018702168, -0.000526441494003, 0.000616427278146, 0.000685007136781, -0.000159932475071, 0.00214449735358, -0.00636354787275, 0.00708858296275, -0.0112505443394, 0.0130407428369, -0.00752239208668], [0.000163122094818, 0.000183733340236, -0.000301318708807, -0.000324670079863, -0.000922473613173, -0.00130042119417, 4.71813691547e-05, -0.000110472727101, 0.00434903427958, -0.00374958245084, 0.00499999755993, -0.00752239208668, 0.0102846529335]]}, "spectral_contrast_coeffs": {"dmean": [0.0516430027783, 0.0548987612128, 0.0477510839701, 0.0325526744127, 0.0293666962534, 0.0293264985085], "dmean2": [0.0822725370526, 0.0883891806006, 0.0773311257362, 0.0522352382541, 0.046995062381, 0.0479866228998], "dvar": [0.00242083403282, 0.00290389009751, 0.00219822721556, 0.000880076142494, 0.000813814869616, 0.000847867806442], "dvar2": [0.00527226738632, 0.00703075388446, 0.00487275794148, 0.00187048432417, 0.00180670572445, 0.002050654497], "max": [-0.194310367107, -0.2910348773, -0.318680435419, -0.603481769562, -0.608152389526, -0.674577593803], "mean": [-0.499327480793, -0.618597149849, -0.697001516819, -0.813342273235, -0.798542320728, -0.815864682198], "median": [-0.509767532349, -0.621396243572, -0.722889065742, -0.822718024254, -0.806807041168, -0.812050282955], "min": [-0.968939006329, -0.972272574902, -0.958039700985, -0.95205271244, -0.957246005535, -0.958112597466], "var": [0.0212182477117, 0.0162722747773, 0.0154113741592, 0.00252455403097, 0.00253189099021, 0.00267040240578]}, "spectral_contrast_valleys": {"dmean": [0.545083940029, 0.53645658493, 0.54199641943, 0.540866911411, 0.594057738781, 0.758022844791], "dmean2": [0.825414478779, 0.825674295425, 0.855543315411, 0.840651929379, 0.849534988403, 1.08573198318], "dvar": [0.501407325268, 0.591488182545, 0.634179472923, 0.618505477905, 0.670464515686, 0.709745228291], "dvar2": [0.703435897827, 0.972652375698, 1.06540441513, 1.01064074039, 1.10957610607, 1.24982154369], "max": [-5.25476121902, -4.67441749573, -5.1817612648, -5.62272024155, -