{"lowlevel": {"average_loudness": 0.307433128357, "barkbands_crest": {"dmean": 1.52781665325, "dmean2": 2.36547923088, "dvar": 2.68994045258, "dvar2": 6.31356906891, "max": 25.3989810944, "mean": 12.8286352158, "median": 11.997426033, "min": 4.45825767517, "var": 16.7976131439}, "barkbands_flatness_db": {"dmean": 0.0243752803653, "dmean2": 0.0414274148643, "dvar": 0.000562356610317, "dvar2": 0.00144505535718, "max": 0.696567237377, "mean": 0.407463282347, "median": 0.411531984806, "min": 0.0681265592575, "var": 0.00570191117004}, "barkbands_kurtosis": {"dmean": 1.64675652981, "dmean2": 2.47743177414, "dvar": 7.34845638275, "dvar2": 17.2125549316, "max": 86.5238189697, "mean": 5.79211330414, "median": 3.99770355225, "min": -1.90300750732, "var": 51.8521232605}, "barkbands_skewness": {"dmean": 0.278212219477, "dmean2": 0.414193421602, "dvar": 0.101129367948, "dvar2": 0.224675551057, "max": 7.21135044098, "mean": 1.53714990616, "median": 1.51723647118, "min": -4.27080774307, "var": 1.14242649078}, "barkbands_spread": {"dmean": 0.78861451149, "dmean2": 1.21452844143, "dvar": 2.74803590775, "dvar2": 6.50419330597, "max": 49.8425788879, "mean": 4.6991276741, "median": 3.55605792999, "min": 0.386979788542, "var": 21.3303585052}, "dissonance": {"dmean": 0.0368374921381, "dmean2": 0.0625237748027, "dvar": 0.00128218356986, "dvar2": 0.00344247580506, "max": 0.499709367752, "mean": 0.355945140123, "median": 0.360454261303, "min": 0.0646623671055, "var": 0.00455902609974}, "dynamic_complexity": 5.68632650375, "erbbands_crest": {"dmean": 1.70355141163, "dmean2": 2.5504193306, "dvar": 3.92245531082, "dvar2": 8.54686832428, "max": 34.2797355652, "mean": 14.2257804871, "median": 12.6879758835, "min": 2.47536945343, "var": 38.9144439697}, "erbbands_flatness_db": {"dmean": 0.0136149898171, "dmean2": 0.0226822607219, "dvar": 0.000231333106058, "dvar2": 0.000558766478207, "max": 0.583982229233, "mean": 0.396433949471, "median": 0.400662511587, "min": 0.0457308553159, "var": 0.00362472282723}, "erbbands_kurtosis": {"dmean": 1.03713083267, "dmean2": 1.4566590786, "dvar": 5.14074707031, "dvar2": 9.3714017868, "max": 83.228553772, "mean": 2.66208744049, "median": 1.00210285187, "min": -1.66613042355, "var": 38.7572746277}, "erbbands_skewness": {"dmean": 0.231294602156, "dmean2": 0.333102971315, "dvar": 0.0796349048615, "dvar2": 0.164808556437, "max": 7.58461666107, "mean": 0.906273305416, "median": 0.826565206051, "min": -6.31735706329, "var": 1.00375962257}, "erbbands_spread": {"dmean": 1.59624671936, "dmean2": 2.36763644218, "dvar": 6.32301902771, "dvar2": 15.0182561874, "max": 89.1353683472, "mean": 11.8401317596, "median": 10.412987709, "min": 0.843721807003, "var": 52.2802124023}, "hfc": {"dmean": 2.30456852913, "dmean2": 2.9210934639, "dvar": 81.8823928833, "dvar2": 165.386962891, "max": 501.127441406, "mean": 9.48722839355, "median": 5.21502161026, "min": 1.18989613478e-16, "var": 279.839477539}, "melbands_crest": {"dmean": 1.862388134, "dmean2": 2.93857550621, "dvar": 4.11955356598, "dvar2": 9.54044055939, "max": 32.1047973633, "mean": 15.6610517502, "median": 14.778002739, "min": 1.87919580936, "var": 25.3623218536}, "melbands_flatness_db": {"dmean": 0.0268582571298, "dmean2": 0.045507453382, "dvar": 0.00080534623703, "dvar2": 0.00197268696502, "max": 0.875111818314, "mean": 0.510749042034, "median": 0.518043637276, "min": 0.00610773731023, "var": 0.00958936661482}, "melbands_kurtosis": {"dmean": 2.0150449276, "dmean2": 3.06010007858, "dvar": 13.7064685822, "dvar2": 32.4876823425, "max": 121.99622345, "mean": 7.24158525467, "median": 4.95858955383, "min": -1.92524254322, "var": 86.7707290649}, "melbands_skewness": {"dmean": 0.297340244055, "dmean2": 0.444077074528, "dvar": 0.128144547343, "dvar2": 0.287601828575, "max": 9.26577758789, "mean": 1.68818128109, "median": 1.62960577011, "min": -2.64142131805, "var": 1.19596731663}, "melbands_spread": {"dmean": 1.12975788116, "dmean2": 1.74732327461, "dvar": 7.57055711746, "dvar2": 18.9923381805, "max": 135.953445435, "mean": 6.83477878571, "median": 5.12179374695, "min": 0.506339013577, "var": 54.8415908813}, "pitch_salience": {"dmean": 0.0409945696592, "dmean2": 0.0640318766236, "dvar": 0.00199347245507, "dvar2": 0.00451599899679, "max": 0.991963386536, "mean": 0.500820994377, "median": 0.512583732605, "min": 0.0664541944861, "var": 0.0133101763204}, "silence_rate_20dB": {"dmean": 0.000417318718974, "dmean2": 0.000834724516608, "dvar": 0.000417149247369, "dvar2": 0.00125140871387, "max": 1, "mean": 0.999791383743, "median": 1, "min": 0, "var": 0.000208588768146}, "silence_rate_30dB": {"dmean": 0.00751173729077, "dmean2": 0.0150250419974, "dvar": 0.0074553694576, "dvar2": 0.0152171570808, "max": 1, "mean": 0.978614628315, "median": 1, "min": 0, "var": 0.0209283772856}, "silence_rate_60dB": {"dmean": 0.010641627945, "dmean2": 0.021285476163, "dvar": 0.0105290906504, "dvar2": 0.0233377031982, "max": 1, "mean": 0.140204459429, "median": 0, "min": 0, "var": 0.120544955134}, "spectral_centroid": {"dmean": 34.8953514099, "dmean2": 52.9560928345, "dvar": 12341.3730469, "dvar2": 25678.9121094, "max": 11373.9101562, "mean": 479.543395996, "median": 405.712310791, "min": 147.009231567, "var": 112571.195312}, "spectral_complexity": {"dmean": 0.940010428429, "dmean2": 1.53318035603, "dvar": 1.42819821835, "dvar2": 2.97558259964, "max": 26, "mean": 8.65752124786, "median": 9, "min": 0, "var": 16.1930656433}, "spectral_decrease": {"dmean": 1.18915111091e-09, "dmean2": 1.58446644694e-09, "dvar": 1.00648383901e-17, "dvar2": 1.98806722547e-17, "max": 1.59149293177e-28, "mean": -5.50085177409e-09, "median": -4.03960775941e-09, "min": -1.07636878965e-07, "var": 4.85532619518e-17}, "spectral_energy": {"dmean": 0.00469167297706, "dmean2": 0.00623503420502, "dvar": 0.000162223659572, "dvar2": 0.000320592575008, "max": 0.451699852943, "mean": 0.0216219890863, "median": 0.0157427377999, "min": 1.0391809451e-20, "var": 0.000769423320889}, "spectral_energyband_high": {"dmean": 1.74306057943e-06, "dmean2": 2.16040052692e-06, "dvar": 1.32723998458e-10, "dvar2": 2.67827843237e-10, "max": 0.000411247601733, "mean": 3.61716206498e-06, "median": 2.81231429256e-08, "min": 7.51470645167e-21, "var": 3.69670072331e-10}, "spectral_energyband_low": {"dmean": 0.000871789932717, "dmean2": 0.00129074661527, "dvar": 3.20982530866e-06, "dvar2": 6.313918675e-06, "max": 0.0497425086796, "mean": 0.00309948413633, "median": 0.00146489450708, "min": 3.00499301567e-23, "var": 2.12907452806e-05}, "spectral_energyband_middle_high": {"dmean": 0.000640866346657, "dmean2": 0.000802668044344, "dvar": 3.46087326761e-05, "dvar2": 7.95583036961e-05, "max": 0.438653856516, "mean": 0.00187662651297, "median": 0.000513729872182, "min": 1.30443403861e-21, "var": 5.90702911722e-05}, "spectral_energyband_middle_low": {"dmean": 0.00392802013084, "dmean2": 0.00531126558781, "dvar": 0.000112790155981, "dvar2": 0.000220316956984, "max": 0.377199083567, "mean": 0.017737980932, "median": 0.0120831374079, "min": 1.92091719876e-22, "var": 0.000614951713942}, "spectral_entropy": {"dmean": 0.126123145223, "dmean2": 0.20094409585, "dvar": 0.0410239510238, "dvar2": 0.0970910787582, "max": 9.79164409637, "mean": 5.43563508987, "median": 5.39064788818, "min": 3.22943544388, "var": 0.296305775642}, "spectral_flux": {"dmean": 0.0143449176103, "dmean2": 0.0230913255364, "dvar": 0.000583260669373, "dvar2": 0.0013767874334, "max": 0.570076107979, "mean": 0.0315967723727, "median": 0.0239356718957, "min": 6.34076541273e-11, "var": 0.000984132057056}, "spectral_kurtosis": {"dmean": 42.6482276917, "dmean2": 75.0048904419, "dvar": 2451.94604492, "dvar2": 6958.94384766, "max": 921.232421875, "mean": 138.006500244, "median": 120.065704346, "min": -1.2513563633, "var": 10445.7978516}, "spectral_rms": {"dmean": 0.000409308093367, "dmean2": 0.00054325372912, "dvar": 4.41250278982e-07, "dvar2": 7.75164437528e-07, "max": 0.0209924466908, "mean": 0.00399875920266, "median": 0.0039190268144, "min": 3.18407756758e-12, "var": 5.10449399371e-06}, "spectral_rolloff": {"dmean": 53.6514396667, "dmean2": 96.2445526123, "dvar": 48572.3828125, "dvar2": 106742.984375, "max": 19379.8828125, "mean": 582.85345459, "median": 495.263671875, "min": 107.666015625, "var": 266531.28125}, "spectral_skewness": {"dmean": 1.87862610817, "dmean2": 3.35411691666, "dvar": 3.26078486443, "dvar2": 8.92754650116, "max": 25.2828826904, "mean": 7.92216253281, "median": 7.63248348236, "min": -0.0212444588542, "var": 14.5554924011}, "spectral_spread": {"dmean": 304860.3125, "dmean2": 551379.3125, "dvar": 242716377088, "dvar2": 617414197248, "max": 42243656, "mean": 993233.3125, "median": 819484.125, "min": 111385.875, "var": 1390571814910.0}, "spectral_strongpeak": {"dmean": 0.302663654089, "dmean2": 0.466147184372, "dvar": 0.410767048597, "dvar2": 0.839112043381, "max": 22.0641708374, "mean": 1.19576060772, "median": 0.706500291824, "min": 0, "var": 1.95400619507}, "zerocrossingrate": {"dmean": 0.00212581921369, "dmean2": 0.00282015022822, "dvar": 4.37107228208e-05, "dvar2": 8.16597093944e-05, "max": 0.5185546875, "mean": 0.0229840595275, "median": 0.01953125, "min": 0.00390625, "var": 0.000400154298404}, "barkbands": {"dmean": [5.57649570965e-08, 0.000112936482765, 0.000508620520122, 0.000588789291214, 0.00102964264806, 0.000940291851293, 0.00126721663401, 0.00121145008598, 0.000272729725111, 0.000206021039048, 0.000215339488932, 6.83531761752e-05, 7.73970168666e-05, 3.4401047742e-05, 5.65353620914e-05, 6.4914500399e-05, 2.91876422125e-05, 1.36239432322e-05, 5.42910993317e-06, 1.56618136771e-06, 3.28641107217e-07, 3.57725014055e-07, 4.88375029306e-08, 9.59652801669e-09, 3.1987046345e-09, 8.39987746026e-10, 8.68178473556e-10], "dmean2": [1.04813388191e-07, 0.000162684256793, 0.000744044780731, 0.00092174106976, 0.00163531058934, 0.00122941401787, 0.00174673448782, 0.00160729512572, 0.000359379744623, 0.000255761900917, 0.000300836021779, 9.19258309295e-05, 9.6315452538e-05, 4.83359799546e-05, 8.00536145107e-05, 8.42935914989e-05, 3.95546558138e-05, 1.93931482499e-05, 6.67796530252e-06, 2.03222271011e-06, 4.32842995224e-07, 5.21331060099e-07, 7.06138010287e-08, 1.43208653824e-08, 4.35896074791e-09, 1.55387169798e-09, 1.61398072684e-09], "dvar": [3.99152180763e-14, 1.58278183449e-07, 1.55166367222e-06, 1.02693627468e-06, 4.04483489547e-06, 3.96745872422e-06, 3.45523149008e-05, 3.79206103389e-05, 2.72199645224e-06, 8.37153493194e-06, 1.94689437194e-05, 1.56419673658e-07, 1.03603198909e-07, 6.86779983994e-08, 1.84494766131e-07, 2.8685531106e-07, 3.73049289237e-08, 6.44391162652e-09, 1.94771976325e-09, 9.47547457164e-11, 4.69992057425e-12, 2.18584126493e-11, 1.35167024058e-13, 2.0462911625e-14, 4.52564706224e-15, 4.69585760176e-18, 3.29800218947e-18], "dvar2": [1.17665358251e-13, 2.84034996412e-07, 3.14078420161e-06, 2.27414057008e-06, 1.0046495845e-05, 7.62053377912e-06, 6.70310109854e-05, 6.69131259201e-05, 5.05470507051e-06, 1.66835816344e-05, 4.95915446663e-05, 2.83781020016e-07, 1.84670668091e-07, 1.15793426403e-07, 3.28918588366e-07, 5.05218451963e-07, 7.91762815311e-08, 1.6191227914e-08, 3.11330250469e-09, 1.80546105844e-10, 8.65768134267e-12, 5.36857502897e-11, 3.05009273047e-13, 4.69868454312e-14, 6.91854647845e-15, 1.32435412829e-17, 1.11638628119e-17], "max": [2.3749751108e-06, 0.015649382025, 0.0385180599988, 0.0198148693889, 0.0436456799507, 0.0623296648264, 0.254057049751, 0.251706004143, 0.0863570123911, 0.26263076067, 0.377154618502, 0.0228540468961, 0.0236191786826, 0.0252352599055, 0.0221943575889, 0.0337777025998, 0.00682783918455, 0.00180455506779, 0.00182242575102, 0.000350429152604, 9.28229201236e-05, 0.000264952075668, 1.30957096189e-05, 8.47723731567e-06, 6.91014383847e-06, 1.12460327273e-07, 4.87684310713e-08], "mean": [4.27543760395e-08, 0.000298022758216, 0.00177343608811, 0.00214158697054, 0.00296054244973, 0.00318474345841, 0.00523578515276, 0.00305588007905, 0.00103405956179, 0.000669262197334, 0.000476242479635, 0.000162629847182, 0.000237013955484, 8.53004385135e-05, 9.92813074845e-05, 0.000116838884423, 5.35116014362e-05, 2.40451972786e-05, 9.2164364105e-06, 3.37994629263e-06, 5.23053017787e-07, 5.57610633223e-07, 8.79635848605e-08, 1.20903154155e-08, 3.5226936923e-09, 7.49791340127e-10, 7.80198516903e-10], "median": [9.55060919239e-09, 3.56438249582e-05, 0.000262278481387, 0.00107063143514, 0.00149621581659, 0.00161919277161, 0.00103907403536, 0.000301328022033, 0.000221840396989, 0.000115019691293, 5.81793246965e-05, 2.90047100862e-05, 3.03079505102e-05, 1.64126140589e-05, 8.81728828972e-06, 7.99638110038e-06, 3.5539324017e-06, 1.28637657326e-06, 2.69425214583e-07, 4.14199874399e-08, 4.18526635571e-09, 8.44316616622e-10, 4.10192324551e-10, 2.95961422037e-10, 2.52931842137e-10, 2.51318632571e-10, 2.83440271254e-10], "min": [1.02010498774e-23, 1.61022177533e-23, 2.85234551173e-25, 5.34900744636e-25, 1.49988443161e-23, 2.96831003695e-23, 8.12049155986e-24, 5.78574190607e-23, 3.80906221251e-23, 3.87483775034e-23, 3.32443971489e-23, 6.15335739879e-23, 5.3800932203e-23, 8.13373211683e-23, 1.10973342319e-22, 6.78552717796e-23, 1.04349712749e-22, 1.71949955264e-22, 2.27940613879e-22, 2.11490844521e-22, 3.89617063181e-22, 3.91415262148e-22, 5.6792537618e-22, 7.56551939334e-22, 1.17218702356e-21, 1.39055755559e-21, 2.34695918849e-21], "var": [2.31628308385e-14, 7.78861078743e-07, 1.14611129902e-05, 7.29408429834e-06, 1.61861116794e-05, 1.91082635865e-05, 0.000197527027922, 0.000179664610187, 1.05432527562e-05, 2.13109651668e-05, 2.50716075243e-05, 4.33531198496e-07, 4.10965327546e-07, 1.69005730299e-07, 3.61094663504e-07, 4.745556339e-07, 6.54021121704e-08, 8.19041190425e-09, 3.84377463192e-09, 2.99108987578e-10, 1.02036790475e-11, 2.6818684426e-11, 2.61451098401e-13, 2.29622280256e-14, 9.45489600648e-15, 4.63580015338e-18, 2.51058125383e-18]}, "erbbands": {"dmean": [0.000760521914344, 0.0381302684546, 0.421181201935, 1.46864962578, 1.94297122955, 4.47761249542, 6.10402584076, 7.49972200394, 8.71711158752, 39.8374404907, 11.1202373505, 7.99030160904, 3.43309569359, 7.09828662872, 8.95902442932, 3.3877632618, 4.12121009827, 1.61826848984, 2.31575965881, 5.32429504395, 1.60718739033, 1.25011062622, 0.878718793392, 0.43945145607, 0.221443831921, 0.0829844474792, 0.026230275631, 0.015948869288, 0.0131722483784, 0.00593091128394, 0.00119831843767, 0.000324746739352, 0.000111516506877, 4.07632433053e-05, 1.87862733583e-05, 5.10984364155e-06, 2.33712034969e-06, 6.93493291237e-07, 2.25667326959e-06, 5.28495002072e-06], "dmean2": [0.00109348888509, 0.0548659190536, 0.618308186531, 2.24628329277, 3.11401844025, 7.15113067627, 8.44222068787, 10.2816963196, 12.170712471, 55.3758277893, 13.9233961105, 10.3515176773, 4.20261383057, 9.26196861267, 12.2390222549, 4.47213935852, 5.09197854996, 2.30764865875, 3.28760933876, 6.9604640007, 2.09716701508, 1.70969188213, 1.23076593876, 0.590290546417, 0.276538670063, 0.106269992888, 0.0299345590174, 0.0210976991802, 0.0187968183309, 0.00829776376486, 0.00166141078807, 0.00047940647346, 0.000169699269463, 6.05834393355e-05, 2.81623706542e-05, 8.29539476399e-06, 3.6543283386e-06, 1.15200202799e-06, 2.96978464576e-06, 6.99980273566e-06], "dvar": [7.15551095709e-06, 0.0154783437029, 1.09458136559, 7.01065778732, 12.8084716797, 90.9709625244, 168.413757324, 275.427398682, 780.337097168, 42383.609375, 3195.84765625, 2151.41625977, 1388.85339355, 11266.359375, 26338.5800781, 422.555541992, 288.042480469, 38.3491439819, 183.711334229, 3106.22631836, 71.6199874878, 55.0335044861, 28.3816242218, 8.74540996552, 2.80407452583, 0.339842170477, 0.0187637601048, 0.0219164099544, 0.0200054123998, 0.00611052755266, 0.000111647255835, 1.66658628586e-05, 3.27672410094e-06, 6.46326213882e-07, 2.9035766147e-07, 1.46008083401e-09, 3.01810902659e-11, 2.93005919007e-12, 4.05293264227e-11, 2.14448195313e-10], "dvar2": [1.4440403902e-05, 0.0279520861804, 2.26354622841, 14.2279062271, 31.3794307709, 240.388778687, 310.650878906, 639.614440918, 1644.58410645, 87227.75, 4839.35498047, 3914.2746582, 2320.27636719, 23608.6152344, 68098.671875, 784.139953613, 512.780334473, 79.9633560181, 338.651672363, 5393.01416016, 135.810012817, 120.646263123, 63.4919013977, 20.0521945953, 5.2063369751, 0.66904759407, 0.0265879761428, 0.0471996702254, 0.0492889583111, 0.0131820328534, 0.000215764230234, 4.13216803281e-05, 6.72134729029e-06, 1.01099919902e-06, 6.44402177841e-07, 2.7260114166e-09, 6.37514693813e-11, 6.89946840979e-12, 7.91132437339e-11, 4.23642565472e-10], "max": [0.102896675467, 4.9188041687, 27.7857837677, 68.818397522, 74.2750930786, 194.978118896, 389.726959229, 577.649536133, 1036.92724609, 7278.60546875, 3379.8125, 2419.70019531, 2547.87548828, 9712.80761719, 13570.6826172, 1163.22729492, 1250.71948242, 347.078338623, 1080.93481445, 3551.38720703, 413.994293213, 240.772537231, 176.935546875, 64.1481018066, 86.1463241577, 23.7905445099, 6.70477104187, 8.45750904083, 6.51282501221, 3.48401546478, 0.586115837097, 0.233251914382, 0.137668818235, 0.0696972087026, 0.0492684096098, 0.00322305271402, 0.000299618171994, 9.73307542154e-05, 0.000252919388004, 0.000546664698049], "mean": [0.00224798894487, 0.114411592484, 1.50130057335, 5.11317014694, 6.30874538422, 12.3020858765, 19.5639724731, 28.0731143951, 46.2412528992, 122.824050903, 32.8070831299, 30.4769096375, 12.8239545822, 21.2045917511, 20.6249713898, 8.71288490295, 13.0375270844, 4.63410234451, 4.67890739441, 9.13883399963, 3.36938261986, 2.3163690567, 1.57981991768, 0.742902517319, 0.402794361115, 0.165811926126, 0.0573236271739, 0.0266178175807, 0.0211747512221, 0.00879459455609, 0.00255581224337, 0.000513394246809, 0.000141621159855, 6.22950174147e-05, 2.91176747851e-05, 1.41764958244e-05, 7.86781492934e-06, 1.71367707935e-06, 1.03771535578e-05, 2.42529476964e-05], "median": [0.000444565841462, 0.0223878733814, 0.352293044329, 2.78622674942, 3.78082799911, 5.65773296356, 11.2499256134, 14.7159490585, 8.36608028412, 20.0282783508, 6.29471683502, 6.76569890976, 4.23969078064, 3.59258270264, 3.03483366966, 2.24317359924, 2.16700792313, 1.20909583569, 0.768050909042, 0.596155226231, 0.355407267809, 0.196211725473, 0.0897525399923, 0.0312666594982, 0.0131400041282, 0.00319487508386, 0.000578521518037, 0.000154088571435, 5.05926182086e-05, 2.80829408439e-05, 2.16829939745e-05, 1.76560042746e-05, 1.54942608788e-05, 1.36773660415e-05, 1.17110939755e-05, 9.0886014732e-06, 5.42000498172e-06, 9.70366727415e-07, 7.40918858355e-06, 1.74564484041e-05], "min": [9.63758511833e-22, 1.78460662867e-21, 1.1158460476e-21, 6.76327708476e-21, 3.92817700832e-20, 4.10408439728e-20, 7.95486476525e-20, 2.62374400773e-19, 1.11505277816e-19, 4.57899114667e-19, 1.41001372652e-18, 6.85950276308e-19, 1.49271245243e-18, 9.53837784164e-19, 2.38327774397e-18, 2.5608515012e-18, 3.15651501365e-18, 4.09123820482e-18, 4.80466121722e-18, 4.06584293283e-18, 5.76732077922e-18, 6.10219864636e-18, 8.44275706118e-18, 1.10423127568e-17, 9.36264394089e-18, 9.89763292823e-18, 1.29582045034e-17, 1.46567504081e-17, 1.34848414481e-17, 1.36206975919e-17, 1.74231533964e-17, 1.60245382187e-17, 1.2798965618e-17, 1.04625484829e-17, 7.91178899881e-18, 5.27190659393e-18, 2.53592337947e-18, 1.09273143858e-18, 3.42307319056e-19, 3.41670603242e-20], "var": [3.41459126503e-05, 0.0776480361819, 6.71133327484, 43.9189987183, 59.3332061768, 304.123901367, 618.382324219, 1330.90136719, 9039.44140625, 182937.578125, 14236.1376953, 8577.34082031, 6455.94042969, 23070.5195312, 32446.9355469, 1120.31298828, 1152.30993652, 109.118865967, 432.765655518, 5351.80810547, 135.064559937, 93.0232467651, 48.4599075317, 12.007267952, 4.63743400574, 0.862607121468, 0.0919008553028, 0.0383306741714, 0.0265608038753, 0.00833182223141, 0.000268796255114, 1.88355297723e-05, 4.55640565633e-06, 1.48316598825e-06, 3.2145422324e-07, 2.16571582889e-09, 1.18381887626e-10, 8.20291751191e-12, 1.8747199626e-10, 9.96974613976e-10]}, "gfcc": {"mean": [-238.911819458, 251.053390503, -119.36391449, -56.905708313, -19.5844459534, -39.9404144287, -34.6599121094, -17.8733787537, -15.1536407471, -17.8434410095, -7.60687685013, -16.3525619507, -8.59030723572], "cov": [[17379.8476562, 2055.64208984, -3027.91186523, 1227.39807129, 278.583557129, -1587.85290527, 675.604675293, -291.550720215, 64.1288604736, -91.0760726929, 314.800689697, -146.105926514, -70.5615310669], [2055.64208984, 2005.21252441, 865.997436523, -581.151000977, 487.134796143, -25.5920543671, -238.529312134, -129.555984497, -197.780090332, -204.988067627, 30.9040126801, -162.250167847, 63.2156562805], [-3027.91186523, 865.997436523, 2087.02783203, -483.342926025, 182.856231689, 585.878356934, -303.59161377, -46.4778366089, -106.870506287, -152.381637573, -65.7343673706, -108.32862854, 2.12465071678], [1227.39807129, -581.151000977, -483.342926025, 962.198303223, 24.3635559082, -49.003276825, 389.516937256, 80.2136993408, 111.241142273, 80.1438751221, -27.2409133911, 15.3665294647, -99.1466293335], [278.583557129, 487.134796143, 182.856231689, 24.3635559082, 449.473236084, 54.6840133667, -33.4945373535, 85.27318573, -76.0308456421, -38.6493186951, 26.5540733337, -37.7288322449, 15.9616785049], [-1587.85290527, -25.5920543671, 585.878356934, -49.003276825, 54.6840133667, 460.485870361, 16.4728107452, -31.4988269806, 32.2991333008, -8.93986606598, -74.5590896606, 7.27967262268, 9.01770305634], [675.604675293, -238.529312134, -303.59161377, 389.516937256, -33.4945373535, 16.4728107452, 308.343658447, 45.7956924438, 55.6372528076, 72.2469940186, -6.90608596802, 5.52906942368, -35.8981742859], [-291.550720215, -129.555984497, -46.4778366089, 80.2136993408, 85.27318573, -31.4988269806, 45.7956924438, 206.858581543, 62.5350074768, 22.2795848846, 58.2090492249, 19.8438129425, -40.1268882751], [64.1288604736, -197.780090332, -106.870506287, 111.241142273, -76.0308456421, 32.2991333008, 55.6372528076, 62.5350074768, 193.63470459, 60.9958610535, 1.97430980206, 35.5106430054, -39.6048927307], [-91.0760726929, -204.988067627, -152.381637573, 80.1438751221, -38.6493186951, -8.93986606598, 72.2469940186, 22.2795848846, 60.9958610535, 119.433776855, 31.684305191, 8.20661067963, -0.872484564781], [314.800689697, 30.9040126801, -65.7343673706, -27.2409133911, 26.5540733337, -74.5590896606, -6.90608596802, 58.2090492249, 1.97430980206, 31.684305191, 112.74243927, 26.3013248444, -18.0351390839], [-146.105926514, -162.250167847, -108.32862854, 15.3665294647, -37.7288322449, 7.27967262268, 5.52906942368, 19.8438129425, 35.5106430054, 8.20661067963, 26.3013248444, 105.205734253, 27.3039855957], [-70.5615310669, 63.2156562805, 2.12465071678, -99.1466293335, 15.9616785049, 9.01770305634, -35.8981742859, -40.1268882751, -39.6048927307, -0.872484564781, -18.0351390839, 27.3039855957, 116.177070618]], "icov": [[0.000488168501761, -0.00099711783696, 0.000797011482064, -0.000911433715373, 0.000392988789827, 0.000333805161063, -0.00032650589128, 0.00108863122296, -0.00114254583605, 0.00148694345262, -0.00203456962481, 0.000979033182375, -0.000682392797899], [-0.00099711783696, 0.00586918881163, -0.003716702573, 0.00511523522437, -0.00631190463901, 0.00375612918288, -0.00495790923014, 0.00386316794902, -0.00239501940086, 0.00253440486267, 0.00122438557446, 0.000320146442391, 0.000329527974827], [0.000797011482064, -0.003716702573, 0.0037457072176, -0.00340140168555, 0.00391177367419, -0.00386003823951, 0.00382574996911, -0.00202308944426, 0.0010653649224, 0.000372977345251, -0.00277327490039, 0.00208449480124, -0.000773721258156], [-0.000911433715373, 0.00511523522437, -0.00340140168555, 0.00722663104534, -0.00643779151142, 0.00422555301338, -0.00751318689436, 0.00359476846643, -0.00247694598511, 0.00152657460421, 0.00325861247256, -0.00154078053311, 0.00240417383611], [0.000392988789827, -0.00631190463901, 0.00391177367419, -0.00643779151142, 0.0118888719007, -0.00760400481522, 0.00933160539716, -0.0101419966668, 0.00736497342587, -0.00563401216641, 0.000619305530563, 5.0849015679e-05, -0.00100257282611], [0.000333805161063, 0.00375612918288, -0.00386003823951, 0.00422555301338, -0.00760400481522, 0.0113387508318, -0.00972724612802, 0.00918310135603, -0.00753489462659, 0.0055386768654, -0.000529673648998, -0.000755336892325, -0.000265414040769], [-0.00032650589128, -0.00495790923014, 0.00382574996911, -0.00751318689436, 0.00933160539716, -0.00972724612802, 0.0178070776165, -0.0116305109113, 0.00934585090727, -0.0110339215025, 0.00463249348104, -0.00153838586994, 0.00115964398719], [0.00108863122296, 0.00386316794902, -0.00202308944426, 0.00359476846643, -0.0101419966668, 0.00918310135603, -0.0116305109113, 0.0203566979617, -0.0132831986994, 0.0127046359703, -0.0117089012638, 0.00415535084903, -0.00144524581265], [-0.00114254583605, -0.00239501940086, 0.0010653649224, -0.00247694598511, 0.00736497342587, -0.00753489462659, 0.00934585090727, -0.0132831986994, 0.0181908849627, -0.0150165734813, 0.0113287325948, -0.00802395958453, 0.00608176738024], [0.00148694345262, 0.00253440486267, 0.000372977345251, 0.00152657460421, -0.00563401216641, 0.0055386768654, -0.0110339215025, 0.0127046359703, -0.0150165734813, 0.0278152059764, -0.0180589556694, 0.0114737767726, -0.00826742965728], [-0.00203456962481, 0.00122438557446, -0.00277327490039, 0.00325861247256, 0.000619305530563, -0.000529673648998, 0.00463249348104, -0.0117089012638, 0.0113287325948, -0.0180589556694, 0.029000049457, -0.0142676616088, 0.00985442847013], [0.000979033182375, 0.000320146442391, 0.00208449480124, -0.00154078053311, 5.0849015679e-05, -0.000755336892325, -0.00153838586994, 0.00415535084903, -0.00802395958453, 0.0114737767726, -0.0142676616088, 0.0210006367415, -0.00972076598555], [-0.000682392797899, 0.000329527974827, -0.000773721258156, 0.00240417383611, -0.00100257282611, -0.000265414040769, 0.00115964398719, -0.00144524581265, 0.00608176738024, -0.00826742965728, 0.00985442847013, -0.00972076598555, 0.0159227270633]]}, "melbands": {"dmean": [1.78083137143e-05, 0.00016393615806, 0.000249939737841, 0.000210456419154, 0.000218100962229, 0.000169202612597, 0.000157616465003, 0.000416566967033, 6.96479692124e-05, 4.3500589527e-05, 1.70146977325e-05, 2.94966412184e-05, 3.2477077184e-05, 1.03966513052e-05, 9.07924822968e-06, 6.45154341328e-06, 2.94292112812e-06, 3.60301169167e-06, 4.66345500172e-06, 6.65855714033e-06, 1.24750977193e-06, 1.12032353172e-06, 1.76230855686e-06, 4.98786505432e-07, 3.49832248503e-07, 2.22024624463e-07, 8.00598485284e-08, 5.9251700435e-08, 2.09213677493e-08, 1.0016964147e-08, 8.86160211877e-09, 1.02397121893e-08, 3.16573212089e-09, 2.94313440286e-09, 7.37285787977e-10, 3.28392646409e-10, 1.83018114552e-10, 1.05676155326e-10, 4.66767909046e-11, 2.51120374495e-11], "dmean2": [2.56142120634e-05, 0.000238319276832, 0.000385017192457, 0.000337158242473, 0.000314038130455, 0.000226878939429, 0.00021804854623, 0.00057126529282, 8.49079588079e-05, 5.71431482967e-05, 2.0738096282e-05, 3.79602606699e-05, 4.58254035038e-05, 1.32233299155e-05, 1.16182682177e-05, 8.1097432485e-06, 4.25365124102e-06, 5.11666985403e-06, 6.32190085526e-06, 8.74679699336e-06, 1.61176421898e-06, 1.52134282416e-06, 2.47629304795e-06, 6.96293795954e-07, 4.69356990607e-07, 2.64883368573e-07, 1.09246002467e-07, 7.5198542504e-08, 2.40132731477e-08, 1.33053985607e-08, 1.19343397387e-08, 1.47827918795e-08, 4.3307273323e-09, 4.17415968457e-09, 9.84617942734e-10, 5.07921260606e-10, 2.71781042116e-10, 1.65028796184e-10, 6.90234328027e-11, 4.0438725285e-11], "dvar": [4.02645961017e-09, 1.69629657876e-07, 1.77693763703e-07, 1.73225714661e-07, 1.83054694958e-07, 1.32639627282e-07, 3.02216108139e-07, 4.51002233604e-06, 1.43179804013e-07, 6.74871216688e-08, 3.85461014218e-08, 2.06774714684e-07, 4.9063237384e-07, 3.36149041935e-09, 1.29853949815e-09, 6.20002438279e-10, 1.77214409813e-10, 7.25106474864e-10, 1.66521407774e-09, 3.87666343471e-09, 4.06978131751e-11, 5.43112499418e-11, 1.77149642178e-10, 1.64743739484e-11, 5.66534969978e-12, 3.93603769369e-12, 4.06278390921e-13, 1.90071794567e-13, 1.79630412649e-14, 5.9093583908e-15, 1.40390484814e-14, 1.47469825251e-14, 1.32470584879e-15, 1.26719654684e-15, 5.73977384503e-17, 2.46930982163e-17, 1.08333015868e-17, 4.16774620763e-18, 6.90450810924e-19, 2.63885478806e-19], "dvar2": [7.52398587878e-09, 3.40652633213e-07, 3.78225735176e-07, 4.19843075861e-07, 3.78403086643e-07, 2.85669898403e-07, 6.0065821117e-07, 9.12657287699e-06, 2.07232147886e-07, 1.24689620407e-07, 6.35832790863e-08, 4.26519022767e-07, 1.2613962781e-06, 5.88325876905e-09, 2.35038721819e-09, 1.12125109197e-09, 3.47747192153e-10, 1.25405275053e-09, 2.89500290407e-09, 6.79279210658e-09, 8.07654776391e-11, 1.16280388096e-10, 3.8615680098e-10, 4.13816515776e-11, 1.25871188472e-11, 6.13530363666e-12, 8.72178143509e-13, 3.78870681573e-13, 2.32238832792e-14, 1.09403647911e-14, 3.31330218795e-14, 3.68273933484e-14, 2.73901825428e-15, 2.75179765212e-15, 1.01246437138e-16, 6.56557339683e-17, 2.62484872811e-17, 9.07472883944e-18, 1.18993064062e-18, 5.02476136372e-19], "max": [0.00242222216912, 0.0118585033342, 0.00987151730806, 0.0102451816201, 0.0106828035787, 0.0123745426536, 0.0209807865322, 0.0761217549443, 0.0258924197406, 0.0132060190663, 0.0127192409709, 0.043214853853, 0.059604011476, 0.00237231235951, 0.00194433249999, 0.00171956513077, 0.000875602592714, 0.00248586363159, 0.0025244615972, 0.00397296063602, 0.000308083428536, 0.000389088643715, 0.000492633262184, 9.98814211925e-05, 5.54522812308e-05, 8.52285156725e-05, 3.79939629056e-05, 1.68393326021e-05, 7.15251053407e-06, 2.51110213867e-06, 8.49443676998e-06, 5.81554058954e-06, 1.45824719766e-06, 1.55163536419e-06, 5.13234795108e-07, 2.69926658802e-07, 2.30397930068e-07, 1.63495542438e-07, 7.42608605719e-08, 4.09147773439e-08], "mean": [4.73328727821e-05, 0.000576215272304, 0.000944683153648, 0.00063413818134, 0.000722610624507, 0.000608717848081, 0.000781929818913, 0.00124656921253, 0.000213762104977, 0.000164316545124, 5.9687798057e-05, 8.86809284566e-05, 7.17626098776e-05, 2.5660276151e-05, 2.68076018983e-05, 1.92139978026e-05, 8.07604737929e-06, 7.05453931005e-06, 8.21067078505e-06, 1.13495989353e-05, 2.88337241727e-06, 2.09350014302e-06, 2.95553218166e-06, 8.75830664882e-07, 5.62088473544e-07, 3.84166867207e-07, 1.40735139098e-07, 1.13615989505e-07, 4.51607817809e-08, 1.54959334253e-08, 1.38904372449e-08, 1.58677515572e-08, 4.54961757157e-09, 4.09549061331e-09, 1.70871150562e-09, 4.31132712864e-10, 2.31266214512e-10, 1.06142768186e-10, 5.24145657432e-11, 2.88847192692e-11], "median": [5.5038717619e-06, 0.000100653633126, 0.000557327992283, 0.000347615918145, 0.000449476647191, 0.000313669181196, 0.000134766043629, 0.000189817874343, 4.14689056925e-05, 3.43931096722e-05, 1.59389419423e-05, 1.34718138725e-05, 9.27860401134e-06, 3.71244050257e-06, 5.47333002032e-06, 3.08096809931e-06, 1.48102890307e-06, 1.03858133116e-06, 6.74063812767e-07, 6.77339073718e-07, 1.96868143121e-07, 1.62434787399e-07, 1.05693814589e-07, 3.0152513375e-08, 1.86664621538e-08, 8.13991185566e-09, 4.23733936827e-09, 9.0890434068e-10, 2.26274624038e-10, 8.65261889915e-11, 5.44535250224e-11, 1.89946842977e-11, 1.20567202055e-11, 9.28758805974e-12, 6.53778680498e-12, 4.70603677555e-12, 3.9155787987e-12, 3.21909339462e-12, 2.68595172145e-12, 2.29655487335e-12], "min": [7.53192164961e-24, 1.19298852912e-24, 2.27332121287e-24, 2.41223192688e-24, 2.77011129831e-24, 6.32878452356e-24, 1.55091385169e-24, 7.18097084351e-24, 1.02751562597e-23, 4.4442569577e-24, 7.48403542608e-24, 3.80349364338e-24, 5.9314664456e-24, 4.14993334839e-24, 5.85707134021e-24, 5.17040618197e-24, 7.83910329724e-24, 7.29163856218e-24, 8.336723856e-24, 4.27042475192e-24, 7.19598049996e-24, 5.93364527942e-24, 7.38154109525e-24, 8.15376334626e-24, 8.7651849792e-24, 5.717295443e-24, 6.14725579635e-24, 6.87014229192e-24, 7.59518513877e-24, 9.12079400895e-24, 8.89799996779e-24, 6.71688239525e-24, 8.47802541021e-24, 7.51336290795e-24, 1.0239050096e-23, 8.37120181073e-24, 9.13723939224e-24, 7.90714649462e-24, 8.85620138387e-24, 8.30070052277e-24], "var": [1.9566366305e-08, 1.07336529709e-06, 1.25210374335e-06, 7.63623859257e-07, 7.44055967061e-07, 6.59504223677e-07, 2.82428391074e-06, 1.97432273126e-05, 5.83053804348e-07, 2.60645691696e-07, 1.79330612582e-07, 4.39910252226e-07, 6.12422695667e-07, 1.0221959279e-08, 4.46583880986e-09, 2.36602604176e-09, 5.00475660914e-10, 1.71932068582e-09, 2.97401370197e-09, 6.57387877467e-09, 9.06293928793e-11, 8.77065156613e-11, 3.08473274702e-10, 1.91685139983e-11, 8.04202537896e-12, 7.96445721873e-12, 5.56274481773e-13, 5.1056923446e-13, 9.12828094905e-14, 1.03694417148e-14, 1.87542903164e-14, 1.88213329741e-14, 1.91905055079e-15, 1.65439796516e-15, 1.57698410363e-16, 2.29235851781e-17, 1.03980226049e-17, 5.02643702484e-18, 1.42409626965e-18, 5.26294543616e-19]}, "mfcc": {"mean": [-836.722351074, 237.328735352, 4.15777015686, -15.0083684921, 2.34057998657, -13.5258522034, -17.6592693329, -12.111998558, -12.5753746033, -9.65705013275, -6.28913021088, -6.61180019379, -4.28792476654], "cov": [[7313.71533203, 3221.77929688, -2055.1394043, 423.172027588, 261.323547363, -433.979980469, -106.996871948, 35.1410331726, -161.203994751, -47.1937255859, 65.5472183228, 38.2982521057, 181.990936279], [3221.77929688, 2710.29931641, 14.8405485153, -147.326309204, 351.23840332, -2.64066457748, -65.1479949951, -26.9317169189, -138.786178589, -159.03414917, -114.25138092, -88.7863616943, -81.1891784668], [-2055.1394043, 14.8405485153, 1618.23071289, -109.216957092, 13.0579957962, 396.906951904, 101.676361084, -13.8404016495, 53.0114479065, -32.1494750977, -80.8330383301, -81.2610626221, -171.42098999], [423.172027588, -147.326309204, -109.216957092, 473.213562012, 54.9011421204, -3.80189228058, 131.561691284, 101.181121826, 62.5212364197, 101.509361267, 123.424804688, 49.6040992737, 58.6081047058], [261.323547363, 351.23840332, 13.0579957962, 54.9011421204, 323.241333008, 96.7231521606, 46.4843101501, 92.0850830078, 36.7736701965, -2.96703624725, 1.03147411346, 7.29780101776, 4.27014923096], [-433.979980469, -2.64066457748, 396.906951904, -3.80189228058, 96.7231521606, 342.950134277, 128.266830444, 19.7792644501, 100.958366394, 28.4714488983, -25.5731620789, -13.101726532, -38.2064666748], [-106.996871948, -65.1479949951, 101.676361084, 131.561691284, 46.4843101501, 128.266830444, 200.941421509, 83.8062667847, 42.8183937073, 53.2341537476, 46.3066749573, 9.78635597229, -12.5141172409], [35.1410331726, -26.9317169189, -13.8404016495, 101.181121826, 92.0850830078, 19.7792644501, 83.8062667847, 164.847503662, 65.3534011841, 15.840555191, 63.1319694519, 40.9464416504, 18.3466110229], [-161.203994751, -138.786178589, 53.0114479065, 62.5212364197, 36.7736701965, 100.958366394, 42.8183937073, 65.3534011841, 139.407302856, 57.9807128906, 9.46870231628, 35.7002716064, 29.5859966278], [-47.1937255859, -159.03414917, -32.1494750977, 101.509361267, -2.96703624725, 28.4714488983, 53.2341537476, 15.840555191, 57.9807128906, 147.926589966, 85.9001083374, 10.7660856247, 62.894908905], [65.5472183228, -114.25138092, -80.8330383301, 123.424804688, 1.03147411346, -25.5731620789, 46.3066749573, 63.1319694519, 9.46870231628, 85.9001083374, 174.225952148, 57.3337516785, 33.0760650635], [38.2982521057, -88.7863616943, -81.2610626221, 49.6040992737, 7.29780101776, -13.101726532, 9.78635597229, 40.9464416504, 35.7002716064, 10.7660856247, 57.3337516785, 153.155090332, 81.3035430908], [181.990936279, -81.1891784668, -171.42098999, 58.6081047058, 4.27014923096, -38.2064666748, -12.5141172409, 18.3466110229, 29.5859966278, 62.894908905, 33.0760650635, 81.3035430908, 166.039154053]], "icov": [[0.0275295395404, -0.0385864675045, 0.0382714048028, -0.0367371812463, 0.0354660153389, -0.032743640244, 0.0282195974141, -0.02752016671, 0.0210069194436, -0.0168271996081, 0.0143505139276, -0.00680261105299, 0.00326140923426], [-0.0385864675045, 0.0545869544148, -0.0536577180028, 0.0515672303736, -0.0503989681602, 0.0459997132421, -0.0396115370095, 0.0388333015144, -0.0291541777551, 0.0239498801529, -0.0201494749635, 0.00972291827202, -0.00463346717879], [0.0382714048028, -0.0536577180028, 0.0542476661503, -0.0511752106249, 0.0498517714441, -0.0472668483853, 0.0401029363275, -0.0393520072103, 0.0304195806384, -0.0243137013167, 0.0207316298038, -0.00989576708525, 0.00560172554106], [-0.0367371812463, 0.0515672303736, -0.0511752106249, 0.0526348724961, -0.048242058605, 0.0456377454102, -0.0408544130623, 0.0381619781256, -0.0306311603636, 0.0234518330544, -0.0215081423521, 0.00995432864875, -0.0054999506101], [0.0354660153389, -0.0503989681602, 0.0498517714441, -0.048242058605, 0.0515477545559, -0.0458000674844, 0.0393241271377, -0.0412045828998, 0.0304955188185, -0.0244213659316, 0.0210194438696, -0.00983738899231, 0.00507759908214], [-0.032743640244, 0.0459997132421, -0.0472668483853, 0.0456377454102, -0.0458000674844, 0.0499557554722, -0.0422557964921, 0.0413697324693, -0.0357796140015, 0.0256580691785, -0.0210132542998, 0.0106748808175, -0.00599367870018], [0.0282195974141, -0.0396115370095, 0.0401029363275, -0.0408544130623, 0.0393241271377, -0.0422557964921, 0.044886354357, -0.0403614640236, 0.0327800251544, -0.0277119483799, 0.0211696997285, -0.0112481983379, 0.00857875309885], [-0.02752016671, 0.0388333015144, -0.0393520072103, 0.0381619781256, -0.0412045828998, 0.0413697324693, -0.0403614640236, 0.0504917353392, -0.0384305529296, 0.0320789441466, -0.0267733111978, 0.0122052924708, -0.00893385428935], [0.0210069194436, -0.0291541777551, 0.0304195806384, -0.0306311603636, 0.0304955188185, -0.0357796140015, 0.0327800251544, -0.0384305529296, 0.0435563065112, -0.0312974490225, 0.024666050449, -0.0142940822989, 0.00881637819111], [-0.0168271996081, 0.0239498801529, -0.0243137013167, 0.0234518330544, -0.0244213659316, 0.0256580691785, -0.0277119483799, 0.0320789441466, -0.0312974490225, 0.0395261161029, -0.0266144275665, 0.0162649266422, -0.0143842073157], [0.0143505139276, -0.0201494749635, 0.0207316298038, -0.0215081423521, 0.0210194438696, -0.0210132542998, 0.0211696997285, -0.0267733111978, 0.024666050449, -0.0266144275665, 0.0272439140826, -0.0133617492393, 0.0093935970217], [-0.00680261105299, 0.00972291827202, -0.00989576708525, 0.00995432864875, -0.00983738899231, 0.0106748808175, -0.0112481983379, 0.0122052924708, -0.0142940822989, 0.0162649266422, -0.0133617492393, 0.0168372653425, -0.0102037321776], [0.00326140923426, -0.00463346717879, 0.00560172554106, -0.0054999506101, 0.00507759908214, -0.00599367870018, 0.00857875309885, -0.00893385428935, 0.00881637819111, -0.0143842073157, 0.0093935970217, -0.0102037321776, 0.0150337507948]]}, "spectral_contrast_coeffs": {"dmean": [0.0388256199658, 0.0309605263174, 0.0254330243915, 0.0240043886006, 0.0238718073815, 0.0417475402355], "dmean2": [0.0645728036761, 0.0498235635459, 0.0411183387041, 0.0378819704056, 0.0396663509309, 0.0746855512261], "dvar": [0.00113499350846, 0.00101875129621, 0.000933035044, 0.000907128443941, 0.000625688582659, 0.00171004515141], "dvar2": [0.0029563952703, 0.00239706295542, 0.00222621927969, 0.00218729395419, 0.00166048901156, 0.00479277223349], "max": [-0.260887742043, -0.291112750769, -0.397910386324, -0.495021283627, -0.513180196285, -0.545378088951], "mean": [-0.527265489101, -0.60957634449, -0.675646662712, -0.677630186081, -0.676100850105, -0.87640696764], "median": [-0.511284947395, -0.606157422066, -0.682523131371, -0.668020904064, -0.660188317299, -0.907058954239], "min": [-0.971692025661, -0.993905127048, -0.968589365482, -0.971671283245, -0.962689161301, -0.96585637331], "var": [0.0127708800137, 0.0102628078312, 0.0072658220306, 0.00519732758403, 0.0072286571376, 0.00737589597702]}, "spectral_contrast_valleys": {"dmean": [0.40977370739, 0.269710510969, 0.26806601882, 0.29621514678, 0.37262019515, 0.984894931316], "dmean2": [0.676438093185, 0.436509519815, 0.426483660936, 0.471271842718, 0.621091485023, 1.77943408489], "dvar": [0.151224091649, 0.0933148860931, 0.121167361736, 0.206778228283, 0.2383035