{"lowlevel": {"average_loudness": 0.285442888737, "barkbands_crest": {"dmean": 1.35151410103, "dmean2": 2.01299357414, "dvar": 1.88319897652, "dvar2": 4.21523952484, "max": 26.9425392151, "mean": 12.2079143524, "median": 11.4247627258, "min": 5.05711555481, "var": 19.1080703735}, "barkbands_flatness_db": {"dmean": 0.0104609262198, "dmean2": 0.0160057302564, "dvar": 0.000188982041436, "dvar2": 0.000373200688045, "max": 0.657204687595, "mean": 0.247257262468, "median": 0.246066138148, "min": 0.0577046349645, "var": 0.00624272273853}, "barkbands_kurtosis": {"dmean": 27.9056682587, "dmean2": 42.2980537415, "dvar": 141392.390625, "dvar2": 283987.5, "max": 16865.8339844, "mean": 83.4614028931, "median": 6.73675823212, "min": -1.29223310947, "var": 666079.375}, "barkbands_skewness": {"dmean": 0.547508597374, "dmean2": 0.792299389839, "dvar": 5.02033424377, "dvar2": 7.63641119003, "max": 121.649467468, "mean": 2.7925786972, "median": 1.86407983303, "min": -2.19727635384, "var": 65.0418167114}, "barkbands_spread": {"dmean": 1.59404063225, "dmean2": 2.39890599251, "dvar": 12.4699583054, "dvar2": 34.9926528931, "max": 98.0885238647, "mean": 9.67814254761, "median": 7.30329322815, "min": 0.0298055373132, "var": 55.8483276367}, "dissonance": {"dmean": 0.0266935471445, "dmean2": 0.0459316596389, "dvar": 0.000798644323368, "dvar2": 0.00225491938181, "max": 0.499993622303, "mean": 0.403940230608, "median": 0.409738510847, "min": 0.223868638277, "var": 0.00269430922344}, "dynamic_complexity": 9.11006450653, "erbbands_crest": {"dmean": 2.11272668839, "dmean2": 3.20634579659, "dvar": 4.89354085922, "dvar2": 10.3016633987, "max": 31.8367061615, "mean": 11.4594602585, "median": 10.8457756042, "min": 2.72748613358, "var": 22.0810165405}, "erbbands_flatness_db": {"dmean": 0.0111672449857, "dmean2": 0.0161066390574, "dvar": 0.000100956392998, "dvar2": 0.000205830641789, "max": 0.430448889732, "mean": 0.259294688702, "median": 0.269600629807, "min": 0.043706484139, "var": 0.00638237223029}, "erbbands_kurtosis": {"dmean": 0.702113211155, "dmean2": 1.01692283154, "dvar": 1.00212359428, "dvar2": 1.99368429184, "max": 18.2200050354, "mean": 0.856902956963, "median": 0.0950796604156, "min": -1.69834542274, "var": 5.33654689789}, "erbbands_skewness": {"dmean": 0.245464861393, "dmean2": 0.345574438572, "dvar": 0.0546415038407, "dvar2": 0.109647482634, "max": 3.85008525848, "mean": 0.414099365473, "median": 0.41909134388, "min": -3.02711677551, "var": 0.924647271633}, "erbbands_spread": {"dmean": 2.51445293427, "dmean2": 3.4889383316, "dvar": 9.80915164948, "dvar2": 14.0047283173, "max": 176.68699646, "mean": 20.3688316345, "median": 17.2785701752, "min": 2.52460169792, "var": 263.609985352}, "hfc": {"dmean": 1.3397026062, "dmean2": 1.85168540478, "dvar": 9.85238933563, "dvar2": 19.0739459991, "max": 52.4772186279, "mean": 6.87876033783, "median": 2.79232788086, "min": 1.08927762038e-16, "var": 86.8595504761}, "melbands_crest": {"dmean": 1.60352683067, "dmean2": 2.40659022331, "dvar": 3.36594223976, "dvar2": 7.61191177368, "max": 39.9871139526, "mean": 14.745844841, "median": 13.6990699768, "min": 1.16990983486, "var": 46.5359115601}, "melbands_flatness_db": {"dmean": 0.0109823476523, "dmean2": 0.0168598573655, "dvar": 0.000220948684728, "dvar2": 0.000406721665058, "max": 0.646910965443, "mean": 0.35499548912, "median": 0.365616083145, "min": 0.000267723982688, "var": 0.0120711652562}, "melbands_kurtosis": {"dmean": 39.79845047, "dmean2": 54.2670440674, "dvar": 395319.96875, "dvar2": 750451.875, "max": 25312.4726562, "mean": 131.582336426, "median": 4.97124195099, "min": -1.63756418228, "var": 2012025.875}, "melbands_skewness": {"dmean": 0.520702779293, "dmean2": 0.737215161324, "dvar": 9.73714447021, "dvar2": 15.6469268799, "max": 146.902145386, "mean": 2.93880772591, "median": 1.77528548241, "min": -1.16252362728, "var": 106.960929871}, "melbands_spread": {"dmean": 2.33779740334, "dmean2": 3.58377671242, "dvar": 35.4126701355, "dvar2": 87.3814697266, "max": 158.686553955, "mean": 16.7221221924, "median": 7.80837202072, "min": 0.0288520473987, "var": 897.171142578}, "pitch_salience": {"dmean": 0.0407781302929, "dmean2": 0.0621515735984, "dvar": 0.00157174153719, "dvar2": 0.00349709624425, "max": 0.985167264938, "mean": 0.563879668713, "median": 0.572141289711, "min": 0.00235666520894, "var": 0.0175277031958}, "silence_rate_20dB": {"dmean": 0, "dmean2": 0, "dvar": 0, "dvar2": 0, "max": 1, "mean": 1, "median": 1, "min": 1, "var": 0}, "silence_rate_30dB": {"dmean": 0.00400801608339, "dmean2": 0.00802139006555, "dvar": 0.00399206811562, "dvar2": 0.0106305032969, "max": 1, "mean": 0.99599468708, "median": 1, "min": 0, "var": 0.00398942781612}, "silence_rate_60dB": {"dmean": 0.0120240477845, "dmean2": 0.0240641701967, "dvar": 0.011879676953, "dvar2": 0.0248223748058, "max": 1, "mean": 0.395193576813, "median": 0, "min": 0, "var": 0.239013016224}, "spectral_centroid": {"dmean": 78.9060745239, "dmean2": 120.147987366, "dvar": 81603.2578125, "dvar2": 161540.421875, "max": 11793.0341797, "mean": 1184.54614258, "median": 485.30847168, "min": 283.85256958, "var": 6229732.5}, "spectral_complexity": {"dmean": 0.908483624458, "dmean2": 1.50133693218, "dvar": 1.23343777657, "dvar2": 2.71789216995, "max": 20, "mean": 7.81174898148, "median": 8, "min": 0, "var": 30.1514644623}, "spectral_decrease": {"dmean": 6.78377243268e-10, "dmean2": 9.68000124502e-10, "dvar": 2.08937385489e-18, "dvar2": 4.18686111081e-18, "max": 1.40137198878e-28, "mean": -4.06972322509e-09, "median": -1.57591906191e-09, "min": -3.3583091863e-08, "var": 3.00549689737e-17}, "spectral_energy": {"dmean": 0.00267699640244, "dmean2": 0.00381536060013, "dvar": 3.24898683175e-05, "dvar2": 6.50544534437e-05, "max": 0.131510227919, "mean": 0.0159839820117, "median": 0.00619167322293, "min": 1.02591132017e-20, "var": 0.000461727788206}, "spectral_energyband_high": {"dmean": 3.434363407e-06, "dmean2": 5.35698973181e-06, "dvar": 5.20739840137e-11, "dvar2": 9.14750428183e-11, "max": 0.000224543604418, "mean": 1.02176336441e-05, "median": 9.74007616605e-06, "min": 7.0923006942e-21, "var": 1.38212177814e-10}, "spectral_energyband_low": {"dmean": 0.000405987928389, "dmean2": 0.00058752350742, "dvar": 1.22230585475e-06, "dvar2": 2.31631338465e-06, "max": 0.0237574726343, "mean": 0.00196954282001, "median": 0.000376622600015, "min": 1.32871691908e-23, "var": 1.60617928486e-05}, "spectral_energyband_middle_high": {"dmean": 0.000481607014081, "dmean2": 0.000607782916632, "dvar": 3.91231924368e-06, "dvar2": 6.68485427013e-06, "max": 0.0357482656837, "mean": 0.00143262045458, "median": 0.00038692104863, "min": 1.16022612519e-21, "var": 1.24098969536e-05}, "spectral_energyband_middle_low": {"dmean": 0.00218397541903, "dmean2": 0.00324255903251, "dvar": 2.71147237072e-05, "dvar2": 5.71352466068e-05, "max": 0.127767667174, "mean": 0.0128408046439, "median": 0.00509794615209, "min": 1.34704184236e-22, "var": 0.000360117293894}, "spectral_entropy": {"dmean": 0.082873493433, "dmean2": 0.128675252199, "dvar": 0.00875193998218, "dvar2": 0.0195296369493, "max": 9.82440280914, "mean": 6.34450864792, "median": 6.1015291214, "min": 5.09653186798, "var": 1.02186405659}, "spectral_flux": {"dmean": 0.00881567597389, "dmean2": 0.0145866740495, "dvar": 0.000280781328911, "dvar2": 0.000695661408827, "max": 0.232402995229, "mean": 0.0243733152747, "median": 0.0170693062246, "min": 6.38325711733e-11, "var": 0.00068557204213}, "spectral_kurtosis": {"dmean": 11.4351043701, "dmean2": 19.789516449, "dvar": 178.53453064, "dvar2": 493.859924316, "max": 181.579605103, "mean": 52.524520874, "median": 43.4387741089, "min": -1.26054799557, "var": 1368.46533203}, "spectral_rms": {"dmean": 0.000247284158831, "dmean2": 0.00035269849468, "dvar": 1.83489561323e-07, "dvar2": 3.47454488292e-07, "max": 0.0113270767033, "mean": 0.00300094089471, "median": 0.00245777377859, "min": 3.16368307419e-12, "var": 6.58847693558e-06}, "spectral_rolloff": {"dmean": 143.266693115, "dmean2": 242.607498169, "dvar": 399173.25, "dvar2": 733262.6875, "max": 19530.6152344, "mean": 1748.05187988, "median": 538.330078125, "min": 21.533203125, "var": 18746804}, "spectral_skewness": {"dmean": 0.764343619347, "dmean2": 1.32302975655, "dvar": 0.633489787579, "dvar2": 1.81888782978, "max": 11.2796525955, "mean": 4.74846506119, "median": 4.47128200531, "min": -0.0841212794185, "var": 4.6781411171}, "spectral_spread": {"dmean": 309551.03125, "dmean2": 523642.34375, "dvar": 1032809480190.0, "dvar2": 1901777780740.0, "max": 42347472, "mean": 4001551, "median": 1497151, "min": 496079.25, "var": 83735789699100.0}, "spectral_strongpeak": {"dmean": 0.198840811849, "dmean2": 0.304787307978, "dvar": 0.312142938375, "dvar2": 0.64149492979, "max": 9.2413816452, "mean": 0.93266749382, "median": 0.561387300491, "min": 0, "var": 1.33906519413}, "zerocrossingrate": {"dmean": 0.00627524591982, "dmean2": 0.00846365001053, "dvar": 0.000221626454731, "dvar2": 0.00035139216925, "max": 0.5234375, "mean": 0.065153606236, "median": 0.033203125, "min": 0, "var": 0.0125466156751}, "barkbands": {"dmean": [4.51939149571e-06, 9.03838445083e-05, 0.00029142483254, 0.000147667815327, 0.000841263041366, 0.000903831387404, 0.000675512768794, 0.000639325007796, 0.000126926097437, 5.72548851778e-05, 0.000292852811981, 9.09016453079e-05, 0.000121344914078, 2.16311582335e-05, 4.19658936153e-05, 8.07750166132e-06, 2.77991489384e-06, 7.23637185729e-07, 5.43207249848e-07, 8.05546449101e-07, 6.98521986919e-08, 2.17581501261e-07, 7.18043713377e-09, 4.30488400482e-09, 1.54427688415e-08, 2.8493132298e-09, 3.37717347065e-06], "dmean2": [6.69701603329e-06, 0.000139204072184, 0.000409374857554, 0.000243736620178, 0.00137757859193, 0.00122849165928, 0.000964106700849, 0.00101149524562, 0.000169603110407, 8.63101886353e-05, 0.000385606661439, 0.000118533636851, 0.00016176259669, 3.21995285049e-05, 5.80450941925e-05, 1.16348464871e-05, 4.34121875514e-06, 1.15546481538e-06, 8.56866108734e-07, 1.14974477583e-06, 1.20624875422e-07, 3.46677779817e-07, 1.2184830922e-08, 7.66377716843e-09, 2.38170230205e-08, 4.80619810617e-09, 5.41538793186e-06], "dvar": [3.5988514252e-11, 4.95472676221e-08, 7.03086641352e-07, 1.54766652827e-07, 2.91734522762e-06, 1.13649875857e-05, 3.55056090484e-06, 5.43561372979e-06, 3.96325361862e-07, 1.42027447581e-08, 2.34329149862e-06, 6.11545601714e-07, 1.07166033558e-06, 3.1455955618e-09, 3.7202985137e-09, 2.23608714878e-10, 3.86398482655e-11, 3.91974864025e-12, 1.66414115561e-12, 5.56353192682e-11, 9.90658479593e-15, 1.0637269467e-13, 8.79462927129e-16, 2.64368247261e-17, 5.80933205831e-16, 1.42898395582e-17, 1.63336601189e-11], "dvar2": [7.1329810114e-11, 1.14209839808e-07, 1.24410416902e-06, 4.0166091253e-07, 8.80000243342e-06, 1.84361724678e-05, 7.63911066315e-06, 1.32739114633e-05, 7.12753490006e-07, 3.24808588914e-08, 4.23781375503e-06, 6.81268147673e-07, 2.22585322263e-06, 7.66700480881e-09, 6.49578035805e-09, 4.60425753079e-10, 8.13235520591e-11, 9.11771352863e-12, 3.56643382361e-12, 8.87608875288e-11, 2.68640412514e-14, 2.94367395043e-13, 2.19200120057e-15, 7.86421784178e-17, 1.57925513131e-15, 4.21854601602e-17, 4.92051017986e-11], "max": [7.88345496403e-05, 0.00349323521368, 0.0192768741399, 0.0074197454378, 0.0245444830507, 0.0995565801859, 0.0405250638723, 0.0490862801671, 0.0242554657161, 0.00248465500772, 0.0332694761455, 0.0331582650542, 0.0325548797846, 0.00139070616569, 0.00105794635601, 0.000295113597531, 0.000102957361378, 4.49783801741e-05, 3.11203766614e-05, 0.000218323446461, 1.45142746533e-06, 4.25548932981e-06, 9.30820078793e-07, 6.90517651947e-08, 2.07267405017e-07, 4.35215881112e-08, 4.20807227783e-05], "mean": [8.39616677695e-06, 0.00028546343674, 0.00143636646681, 0.000564202840906, 0.00210097059608, 0.00554983597249, 0.00199878797866, 0.00196971488185, 0.000476118613733, 0.000261700915871, 0.000687242136337, 0.000206262469874, 0.000221573369345, 7.28750455892e-05, 9.98343894025e-05, 2.29488177865e-05, 6.93867104928e-06, 1.68333156125e-06, 1.32322179525e-06, 1.28877184125e-06, 1.44714846328e-07, 4.76509995906e-07, 2.16634052919e-08, 1.34852298217e-08, 3.32404219705e-08, 1.05285939966e-08, 9.78723255685e-06], "median": [4.5311676331e-06, 8.34026723169e-05, 0.000224723611609, 4.59909570054e-05, 0.00115823489614, 0.00173231470399, 0.000297951046377, 0.000104816179373, 5.63298381167e-05, 5.03284354636e-05, 9.22368344618e-05, 2.26829506573e-05, 2.04484313144e-05, 1.30521602841e-05, 5.21693364135e-05, 9.30979604163e-06, 2.35797870118e-06, 8.55856967519e-07, 6.5233928126e-07, 3.61375271041e-07, 1.13080986353e-07, 2.87176959546e-07, 1.81605948057e-08, 1.30374662177e-08, 1.92244478114e-08, 9.22823240046e-09, 9.65156141319e-06], "min": [7.26551543331e-25, 3.46610217296e-24, 5.16472460852e-25, 8.1451688053e-25, 7.69668550486e-24, 8.28323119802e-24, 6.96488054233e-24, 6.12800167381e-24, 6.90251714347e-24, 1.10907895263e-23, 1.5761918936e-23, 2.66536599233e-23, 2.42384391996e-23, 3.01947271536e-23, 5.70144927845e-23, 6.56363890689e-23, 7.1030216042e-23, 8.38122428853e-23, 1.03497294898e-22, 1.53974743486e-22, 2.19720001671e-22, 3.56268012589e-22, 3.4478164245e-22, 5.41773362373e-22, 7.95352889683e-22, 1.23564233845e-21, 2.06164427921e-21], "var": [1.17641354991e-10, 3.03357666098e-07, 9.85637234407e-06, 1.47199000367e-06, 7.34507830202e-06, 0.000114990252769, 2.34504441323e-05, 3.2934207411e-05, 1.19284607081e-06, 2.10337930184e-07, 6.21825574854e-06, 1.86465558727e-06, 1.95838720174e-06, 1.99693044323e-08, 1.77409713586e-08, 1.43825673593e-09, 1.52870674452e-10, 9.52320514114e-12, 5.43391937349e-12, 1.00252084412e-10, 2.32681797143e-14, 3.39584399012e-13, 1.04124002613e-15, 1.02043276766e-16, 1.54599574736e-15, 7.79485444608e-17, 5.54356803517e-11]}, "erbbands": {"dmean": [0.00118894828483, 0.0305449757725, 0.295975118876, 0.410905271769, 1.09920847416, 4.22839975357, 5.29121732712, 6.38680410385, 5.4725446701, 19.9769020081, 6.30694389343, 3.23618197441, 2.19680333138, 2.67126846313, 12.111784935, 4.62870788574, 6.1023774147, 1.29675686359, 2.48891830444, 1.01122295856, 0.227583944798, 0.130657732487, 0.0578615926206, 0.0305929724127, 0.0258973762393, 0.0526908934116, 0.00744378520176, 0.00192653515842, 0.00399310793728, 0.00807642843574, 0.000474256637972, 0.000141655968037, 4.37055641669e-05, 6.67224448989e-05, 0.000209415666177, 2.20312867896e-05, 1.13670503197e-05, 0.00032653749804, 0.000169930397533, 7.24530473235e-05], "dmean2": [0.0015643609222, 0.0467048473656, 0.412876754999, 0.639277517796, 1.73229002953, 7.1290307045, 7.75455141068, 8.57993602753, 6.70815324783, 31.8807601929, 9.22083282471, 4.12508535385, 3.49510979652, 3.83891153336, 15.3859224319, 5.59711837769, 8.11441612244, 1.9460914135, 3.36757040024, 1.46240866184, 0.331685006618, 0.206957280636, 0.0925317257643, 0.0471677370369, 0.0418563745916, 0.0740451216698, 0.0114252278581, 0.00294962292537, 0.00626737624407, 0.0131599521264, 0.00077711493941, 0.000249237869866, 7.48957609176e-05, 0.000108998465294, 0.000322471634718, 3.58924589818e-05, 1.67811249412e-05, 0.000464903161628, 0.000248578493483, 0.000114876078442], "dvar": [3.04524974126e-06, 0.00698405085132, 0.779864430428, 1.09651827812, 4.14668703079, 81.9913482666, 382.311950684, 549.781921387, 271.861846924, 4237.56103516, 802.429870605, 254.505065918, 30.1255187988, 187.636871338, 4045.93481445, 1577.04272461, 2835.96582031, 13.8018512726, 11.5329933167, 4.74721288681, 0.16471812129, 0.0829129219055, 0.0208208486438, 0.00855724420398, 0.00414439477026, 0.261933684349, 0.00121290457901, 2.22072321776e-05, 3.80740129913e-05, 0.000229456083616, 1.19004187127e-06, 2.91488149173e-08, 2.84966250597e-09, 8.75058248084e-09, 1.12426995713e-07, 9.27792731531e-10, 2.55393595161e-10, 2.54061006899e-07, 6.8074967885e-08, 7.33367189198e-09], "dvar2": [5.23209291714e-06, 0.0150375962257, 1.4083840847, 2.66089463234, 9.9709148407, 259.035186768, 657.734924316, 860.961669922, 394.989685059, 10820.0097656, 1384.41833496, 427.924102783, 74.9752807617, 383.129058838, 7128.39697266, 1688.89990234, 6019.79541016, 33.8973922729, 19.8873291016, 9.72040653229, 0.324717134237, 0.188941463828, 0.041304718703, 0.0184359382838, 0.00856565125287, 0.407660573721, 0.00207987544127, 4.75882370665e-05, 8.82291788002e-05, 0.000656254938804, 3.07087930196e-06, 8.63694893383e-08, 8.12017741936e-09, 2.45821940581e-08, 3.00394958686e-07, 2.61430210813e-09, 6.95309532173e-10, 6.84459678268e-07, 1.87429364473e-07, 2.11285104967e-08], "max": [0.0268486272544, 1.4696586132, 19.636264801, 20.9123420715, 36.6279182434, 124.08795929, 681.668029785, 782.955688477, 465.775177002, 1143.94433594, 1295.11047363, 611.301574707, 115.331069946, 333.186553955, 1587.01599121, 1687.06726074, 1648.03601074, 82.6362762451, 62.2809715271, 43.0923080444, 9.9500169754, 4.30734062195, 2.5762181282, 2.28013849258, 1.63086521626, 14.949681282, 0.950647830963, 0.125266194344, 0.141644746065, 0.137846425176, 0.0294510908425, 0.00216243369505, 0.00104046217166, 0.000967079948168, 0.00268248911016, 0.00032650702633, 0.000191928353161, 0.00499440450221, 0.002425146522, 0.000889937393367], "mean": [0.00365007505752, 0.112781897187, 1.51064622402, 1.59398448467, 3.81191325188, 9.58578014374, 25.6915397644, 44.9193649292, 24.5717182159, 50.2821121216, 21.6268768311, 12.6335926056, 10.6124868393, 8.65397357941, 28.1305809021, 10.9668016434, 11.5190620422, 4.30795717239, 5.34065818787, 3.19291210175, 0.729597210884, 0.338637560606, 0.134975537658, 0.0749632045627, 0.0629971027374, 0.0850866958499, 0.0139851877466, 0.00488817552105, 0.00916477479041, 0.0146555714309, 0.00124250899535, 0.000400219636504, 0.000174744607648, 0.000209853809793, 0.000388620450394, 7.91904894868e-05, 4.34434296039e-05, 0.000697779876646, 0.000382255297154, 0.000215952866711], "median": [0.00177600001916, 0.0236408431083, 0.241352289915, 0.291025936604, 1.97664809227, 5.0912361145, 10.0747394562, 14.7139892578, 3.40986514091, 6.65898942947, 2.48141002655, 1.64903736115, 1.16767644882, 2.3211979866, 4.60831546783, 1.35481905937, 1.12642478943, 1.02810573578, 2.99901151657, 1.39152681828, 0.338519722223, 0.135003179312, 0.0585462003946, 0.0382742509246, 0.0346268713474, 0.0224911738187, 0.00758097041398, 0.00405731331557, 0.00703974021599, 0.00450183544308, 0.000746369129047, 0.000371124304365, 0.000172325162566, 0.000174325861735, 0.000188507168787, 6.75014889566e-05, 3.84896338801e-05, 0.000313634343911, 0.000203687755857, 0.000217824810534], "min": [1.4594349576e-22, 2.81006138392e-22, 8.52834116755e-22, 7.48618083744e-21, 2.01596533015e-20, 1.70539326058e-20, 5.92170587215e-20, 9.50479896166e-20, 1.26901151118e-19, 1.52143549787e-19, 2.79655341142e-19, 1.83475755523e-19, 4.61991383953e-19, 6.97546521315e-19, 6.86469900829e-19, 1.13831622476e-18, 1.2645497765e-18, 2.45576668298e-18, 2.36250475725e-18, 3.45443445102e-18, 3.84353028499e-18, 4.19272747572e-18, 5.53178813083e-18, 6.46937626205e-18, 7.18727142644e-18, 8.45719301724e-18, 6.86816747999e-18, 8.63072558358e-18, 1.14913717406e-17, 1.23058187348e-17, 1.13594910268e-17, 1.02337271645e-17, 8.77768828147e-18, 8.37027453283e-18, 5.97303108499e-18, 4.22661168874e-18, 2.3498819811e-18, 1.05315736031e-18, 2.6283617435e-19, 2.74572684632e-20], "var": [2.07747634704e-05, 0.0574646145105, 10.8124599457, 9.34449863434, 26.9808521271, 164.95413208, 2727.04248047, 7040.73681641, 4108.640625, 14534.5566406, 5545.30664062, 888.11730957, 431.487823486, 684.47857666, 9491.99414062, 4867.66064453, 5026.546875, 67.9692993164, 42.1870079041, 33.5286445618, 1.10407495499, 0.324959635735, 0.0575028471649, 0.0202734321356, 0.012134552002, 0.479826956987, 0.00219735875726, 4.04623169743e-05, 9.61749319686e-05, 0.000594638171606, 2.73279442808e-06, 9.79861738415e-08, 1.60101087943e-08, 3.52959652616e-08, 2.54888618656e-07, 4.91128382407e-09, 1.47124701311e-09, 8.24556138923e-07, 2.06835935046e-07, 2.69739661718e-08]}, "gfcc": {"mean": [-256.023773193, 165.209320068, -89.6657180786, -34.6189613342, -17.5910663605, -25.7717876434, -18.989780426, -31.1115055084, -4.70067548752, -9.49813652039, -9.16099739075, -6.21997308731, -1.21836280823], "cov": [[74172.1796875, 14916.4423828, -6357.29199219, -4221.27978516, -1438.74035645, -3005.03662109, -1456.92822266, -2925.53613281, -546.653808594, -705.27154541, -243.631881714, -405.578735352, -357.372314453], [14916.4423828, 3933.62646484, -1382.86743164, -1134.20983887, -372.918914795, -762.30645752, -430.578918457, -537.853088379, -93.8576965332, -150.988388062, 5.78334903717, -218.968109131, -46.4290542603], [-6357.29199219, -1382.86743164, 831.412719727, 401.007171631, 153.513061523, 271.094299316, 164.601959229, 247.299667358, 62.4909286499, 80.5681915283, 29.0779781342, 63.812171936, 7.4854221344], [-4221.27978516, -1134.20983887, 401.007171631, 507.539215088, 152.685531616, 309.131591797, 155.759033203, 153.459411621, 36.1140098572, 4.7157497406, -41.9133720398, 62.9480895996, 24.6096286774], [-1438.74035645, -372.918914795, 153.513061523, 152.685531616, 117.196434021, 116.506744385, 59.3940429688, 60.8674240112, 9.76365470886, 5.93986845016, -12.5200014114, 13.0411891937, 0.697200536728], [-3005.03662109, -762.30645752, 271.094299316, 309.131591797, 116.506744385, 293.113586426, 156.277999878, 125.13848877, 1.98807477951, 5.68378829956, -19.8749771118, 53.5295333862, 1.80634069443], [-1456.92822266, -430.578918457, 164.601959229, 155.759033203, 59.3940429688, 156.277999878, 164.470214844, 77.7253417969, -9.79180145264, 4.13229084015, 1.01601159573, 36.6478157043, -27.6061649323], [-2925.53613281, -537.853088379, 247.299667358, 153.459411621, 60.8674240112, 125.13848877, 77.7253417969, 196.970504761, 46.6595077515, 43.7973327637, 3.34223723412, -4.01885557175, 1.14932787418], [-546.653808594, -93.8576965332, 62.4909286499, 36.1140098572, 9.76365470886, 1.98807477951, -9.79180145264, 46.6595077515, 92.2494430542, 29.1456279755, -16.2763652802, -24.3693351746, 5.21047258377], [-705.27154541, -150.988388062, 80.5681915283, 4.7157497406, 5.93986845016, 5.68378829956, 4.13229084015, 43.7973327637, 29.1456279755, 76.2744140625, 34.4815139771, 0.896889805794, -12.5328760147], [-243.631881714, 5.78334903717, 29.0779781342, -41.9133720398, -12.5200014114, -19.8749771118, 1.01601159573, 3.34223723412, -16.2763652802, 34.4815139771, 96.3311233521, 26.6614608765, -3.31658959389], [-405.578735352, -218.968109131, 63.812171936, 62.9480895996, 13.0411891937, 53.5295333862, 36.6478157043, -4.01885557175, -24.3693351746, 0.896889805794, 26.6614608765, 83.2764511108, 5.11064386368], [-357.372314453, -46.4290542603, 7.4854221344, 24.6096286774, 0.697200536728, 1.80634069443, -27.6061649323, 1.14932787418, 5.21047258377, -12.5328760147, -3.31658959389, 5.11064386368, 62.28490448]], "icov": [[0.000169115592143, -0.000470569095341, 0.000385284482036, -0.000110013032099, -0.000262140558334, 0.000519883993547, -0.000593142816797, 0.000933411065489, -0.000192537700059, -0.000485083612148, 0.000748485326767, -0.000925576488953, 0.000358761491952], [-0.000470569095341, 0.00269956327975, -0.000185842582141, 0.00208210619166, 0.000759260961786, -0.00151072291192, 0.00195845961571, -0.00158551870845, -0.000162579191965, 0.00317600276321, -0.00289802579209, 0.00415930245072, -0.000398303673137], [0.000385284482036, -0.000185842582141, 0.00425531435758, -0.000515300023835, -0.00158106535673, 0.00165058171842, -0.00166649301536, 0.000875268888194, -0.001215819153, -0.00122078496497, 0.000438266753918, -0.00206725252792, 0.00102838675957], [-0.000110013032099, 0.00208210619166, -0.000515300023835, 0.0100828772411, -0.00204983819276, -0.00592017313465, 0.000785074546002, 0.000808556447737, -0.00297049456276, 0.00374410580844, 0.000575398036744, 0.000529479235411, -0.0014843554236], [-0.000262140558334, 0.000759260961786, -0.00158106535673, -0.00204983819276, 0.016306836158, -0.0047038430348, 0.00161720451433, -0.00119207811076, 0.000739349867217, 0.000819410837721, -0.00113129499368, 0.00372093613259, 0.000491964921821], [0.000519883993547, -0.00151072291192, 0.00165058171842, -0.00592017313465, -0.0047038430348, 0.0176373943686, -0.00909380614758, -0.000107456049591, 0.00215327111073, -0.0027533643879, 0.00431815953925, -0.00552343716845, -0.000540898414329], [-0.000593142816797, 0.00195845961571, -0.00166649301536, 0.000785074546002, 0.00161720451433, -0.00909380614758, 0.0182952675968, -0.00539749348536, 0.00164516048972, 0.00516200764105, -0.00421047676355, 0.00157221057452, 0.00694869179279], [0.000933411065489, -0.00158551870845, 0.000875268888194, 0.000808556447737, -0.00119207811076, -0.000107456049591, -0.00539749348536, 0.0174336396158, -0.00424961186945, -0.00456878496334, 0.00261787022464, 0.000499025569297, 0.000586174137425], [-0.000192537700059, -0.000162579191965, -0.001215819153, -0.00297049456276, 0.000739349867217, 0.00215327111073, 0.00164516048972, -0.00424961186945, 0.017848841846, -0.00749732460827, 0.00389960547909, 0.00357675924897, -0.00225683418103], [-0.000485083612148, 0.00317600276321, -0.00122078496497, 0.00374410580844, 0.000819410837721, -0.0027533643879, 0.00516200764105, -0.00456878496334, -0.00749732460827, 0.0276141352952, -0.0118866031989, 0.00419527571648, 0.00590098788962], [0.000748485326767, -0.00289802579209, 0.000438266753918, 0.000575398036744, -0.00113129499368, 0.00431815953925, -0.00421047676355, 0.00261787022464, 0.00389960547909, -0.0118866031989, 0.0211385078728, -0.0108093665913, -0.000878260470927], [-0.000925576488953, 0.00415930245072, -0.00206725252792, 0.000529479235411, 0.00372093613259, -0.00552343716845, 0.00157221057452, 0.000499025569297, 0.00357675924897, 0.00419527571648, -0.0108093665913, 0.0266024395823, -0.00357824098319], [0.000358761491952, -0.000398303673137, 0.00102838675957, -0.0014843554236, 0.000491964921821, -0.000540898414329, 0.00694869179279, 0.000586174137425, -0.00225683418103, 0.00590098788962, -0.000878260470927, -0.00357824098319, 0.0229819249362]]}, "melbands": {"dmean": [1.55410161824e-05, 0.000113723472168, 6.94095870131e-05, 0.000192982159206, 0.000179303766345, 0.000150628533447, 9.44828789216e-05, 0.000210450409213, 4.19378884544e-05, 1.76780467882e-05, 1.04487589851e-05, 9.2690161182e-06, 4.18308191001e-05, 1.63465447258e-05, 1.37614006235e-05, 8.13001042843e-06, 2.31789726968e-06, 3.72195199816e-06, 2.03048421099e-06, 1.07611037947e-06, 1.76840117661e-07, 1.52745371906e-07, 1.20047431551e-07, 3.87993317474e-08, 2.58565666655e-08, 2.34258905607e-08, 1.74526135766e-08, 3.74810298354e-08, 5.30302468604e-09, 8.85808593143e-10, 1.53087154064e-09, 1.52947943199e-09, 5.30872767968e-09, 3.42785488883e-09, 1.96638469396e-10, 9.02303648465e-11, 7.96669744063e-11, 4.05124128688e-11, 2.90900636912e-11, 6.98622132367e-11], "dmean2": [2.29417273658e-05, 0.000160083014634, 0.000109239081212, 0.000317269441439, 0.000273976416793, 0.000201703020139, 0.000120663127746, 0.00033730539144, 5.79901352467e-05, 2.35398347286e-05, 1.67613598023e-05, 1.34394731504e-05, 5.38550375495e-05, 2.02697265195e-05, 1.74764154508e-05, 1.07639843918e-05, 3.66194376511e-06, 5.00752139487e-06, 2.7923711059e-06, 1.6043229607e-06, 2.55155356399e-07, 2.43303759362e-07, 1.9496556547e-07, 6.15184490016e-08, 3.94683894456e-08, 3.8892050469e-08, 2.60385490947e-08, 5.19662997078e-08, 8.7679525862e-09, 1.47609369172e-09, 2.33860042442e-09, 2.37898722943e-09, 8.44096614827e-09, 5.66381075373e-09, 3.30927035774e-10, 1.5337406345e-10, 1.40885428324e-10, 6.9383970791e-11, 4.90140740494e-11, 1.13605340413e-10], "dvar": [9.72090630214e-10, 1.1146718748e-07, 2.77864078413e-08, 1.28610395222e-07, 3.39521790238e-07, 3.06363517666e-07, 7.40649781505e-08, 4.86643443764e-07, 3.99710700094e-08, 7.21844450879e-09, 7.01189495356e-10, 2.17767648358e-09, 4.50614798808e-08, 1.09238706969e-08, 9.623152053e-09, 4.90610396753e-09, 3.81787795822e-11, 2.53107691056e-11, 1.1045587188e-11, 5.12132003472e-12, 1.11729195503e-13, 1.23825862758e-13, 1.27070107366e-13, 1.39436039619e-14, 7.32832407767e-15, 1.6466830832e-15, 1.62345282345e-14, 1.36809359956e-13, 2.87668747211e-16, 5.80138655839e-18, 1.19303291947e-17, 1.94667659654e-17, 5.43606654219e-17, 5.30191075085e-17, 7.23553493364e-19, 1.11514577135e-20, 8.92871031652e-21, 2.49503784673e-21, 1.36475349887e-21, 8.42875314545e-21], "dvar2": [2.22347873446e-09, 2.07026715771e-07, 6.6159621781e-08, 3.85337017406e-07, 6.4996885385e-07, 4.84426436742e-07, 1.17139393296e-07, 1.2459198615e-06, 6.0931725443e-08, 1.23913519445e-08, 1.75152370385e-09, 4.73857486583e-09, 7.83150539974e-08, 1.35802622481e-08, 1.71763918644e-08, 1.06315738435e-08, 1.07841485741e-10, 4.22572220271e-11, 1.97400099738e-11, 1.04621814684e-11, 2.0973163256e-13, 2.96076748188e-13, 2.4968514669e-13, 3.31183817621e-14, 1.55498325398e-14, 3.63774519879e-15, 2.90740433844e-14, 2.10637808736e-13, 6.72338172295e-16, 1.2613833498e-17, 2.5500768947e-17, 3.99400055955e-17, 1.57648832466e-16, 1.4874895141e-16, 1.78884362871e-18, 3.18120028032e-20, 2.63847835626e-20, 7.10930959554e-21, 3.87294606188e-21, 2.37738768164e-20], "max": [0.000486876291689, 0.00727049214765, 0.00354241370223, 0.00435910467058, 0.0193008668721, 0.0179215762764, 0.00705118337646, 0.0131342345849, 0.00964629184455, 0.00327654881403, 0.000557276769541, 0.0011983049335, 0.00459189200774, 0.00376513716765, 0.00292199919932, 0.00214167986996, 0.000166768659255, 8.91667150427e-05, 7.12716500857e-05, 4.04130223615e-05, 6.72495298204e-06, 5.17391890753e-06, 6.40375901639e-06, 2.84160228148e-06, 2.33473315348e-06, 9.69848883869e-07, 3.9377137e-06, 1.08665017251e-05, 3.99562537723e-07, 7.09354210926e-08, 8.98936249882e-08, 1.2516984782e-07, 6.8559579347e-08, 6.42059632128e-08, 2.64531649918e-08, 1.25527210848e-09, 1.20969356754e-09, 9.78911063321e-10, 4.03207356392e-10, 8.69521454838e-10], "mean": [4.84435622639e-05, 0.000547945033759, 0.00031426580972, 0.000544273178093, 0.000832116347738, 0.00101588258985, 0.00036384651321, 0.000554738624487, 0.000146918100654, 6.96521092323e-05, 4.87901088491e-05, 2.80977237708e-05, 9.98434989015e-05, 3.81990794267e-05, 2.66827828455e-05, 1.61059542734e-05, 7.41866551834e-06, 7.76186516305e-06, 5.8392711253e-06, 2.90254388347e-06, 4.83889664338e-07, 3.64553812915e-07, 2.26709204298e-07, 8.06192019809e-08, 5.51866286003e-08, 5.43572156175e-08, 3.51728282055e-08, 5.78157006714e-08, 8.78734329746e-09, 2.13076489786e-09, 3.11743209025e-09, 3.49912210318e-09, 1.1100834918e-08, 5.69686475771e-09, 4.55130572119e-10, 2.50546278169e-10, 1.89877266688e-10, 1.19428772427e-10, 9.28954760337e-11, 1.50867068838e-10], "median": [1.80524402822e-05, 8.89449729584e-05, 6.50976799079e-05, 0.000314040808007, 0.000353856710717, 0.000319479877362, 4.44504476036e-05, 6.63246319164e-05, 1.71701976797e-05, 8.17081763671e-06, 4.53374104836e-06, 8.0387089838e-06, 1.53790060722e-05, 5.19463173987e-06, 2.65301969193e-06, 1.89686193153e-06, 1.45660715134e-06, 4.19370007876e-06, 2.86159206553e-06, 1.09095799417e-06, 2.07200343993e-07, 1.33408022407e-07, 6.67433539547e-08, 4.24193018489e-08, 2.35355344103e-08, 3.18845962965e-08, 1.44610208253e-08, 1.30307329371e-08, 5.27113463988e-09, 1.47462175804e-09, 2.46407161342e-09, 2.84868262312e-09, 6.83727741091e-09, 4.11772782538e-10, 3.60696250645e-10, 2.26286989147e-10, 1.68373620602e-10, 1.14883477731e-10, 8.09876957164e-11, 1.18932808046e-10], "min": [2.00038303105e-24, 2.80628367695e-25, 1.38155202205e-24, 1.26354996772e-24, 1.93749050374e-24, 1.96864498747e-24, 1.68480514238e-24, 1.89456444037e-24, 2.55089099427e-24, 9.17822209677e-25, 2.24886553873e-24, 2.18633391528e-24, 1.94330914177e-24, 2.00140835301e-24, 2.30179711939e-24, 2.22076355227e-24, 3.73791760849e-24, 2.50770184578e-24, 3.65103996256e-24, 3.90545628197e-24, 4.16419319255e-24, 3.11431063835e-24, 4.46760329619e-24, 4.30426964577e-24, 4.54740328207e-24, 3.87964711973e-24, 4.64562671997e-24, 4.94702049514e-24, 4.10790402266e-24, 4.74889886765e-24, 4.59126592056e-24, 5.41987318806e-24, 5.33227610099e-24, 6.65934840285e-24, 5.52307631041e-24, 6.01449681689e-24, 6.13061240897e-24, 5.84926003953e-24, 6.12446402708e-24, 6.10212979713e-24], "var": [6.04474292842e-09, 1.4321103663e-06, 3.40400163168e-07, 4.38996920593e-07, 2.59008538706e-06, 3.68316386812e-06, 9.71140821093e-07, 1.92837501345e-06, 2.78921902463e-07, 2.42942093109e-08, 9.73996705511e-09, 7.60003704414e-09, 1.28676546751e-07, 3.11722061497e-08, 2.20662315087e-08, 8.37985592028e-09, 2.08839376348e-10, 9.37377675481e-11, 8.98171259589e-11, 2.89635416345e-11, 5.97715670361e-13, 4.31147061412e-13, 2.88941667901e-13, 2.68157857844e-14, 1.57866985272e-14, 6.82714315311e-15, 2.77156414003e-14, 2.52164473113e-13, 3.73472681842e-16, 1.56830582095e-17, 1.84419619784e-17, 2.88005330311e-17, 1.70676530067e-16, 1.23883280157e-16, 7.5464933224e-19, 4.2735701505e-20, 2.39043936386e-20, 8.4159633499e-21, 6.26205975572e-21, 2.16745554296e-20]}, "mfcc": {"mean": [-856.665527344, 205.872573853, -2.11535000801, -4.47003602982, 7.42946910858, 3.2066795826, -11.3504343033, -11.2216043472, -6.45121145248, -3.52486133575, -7.19100284576, -14.9756593704, 6.33076906204], "cov": [[13352.2636719, 8878.61035156, -1113.203125, -411.34161377, -136.547927856, -220.931259155, -420.689300537, -646.122436523, -747.072570801, -401.853149414, 69.9923477173, -188.737594604, 233.633544922], [8878.61035156, 6268.81103516, -528.328430176, -364.588928223, -14.644698143, -223.431274414, -370.021759033, -490.574066162, -454.945800781, -225.234329224, 33.1115074158, -113.62210083, 45.053237915], [-1113.203125, -528.328430176, 315.348175049, 51.553401947, 64.0479202271, 42.5976028442, 6.16314744949, 59.1987304688, 111.683815002, 62.4950370789, -24.5300521851, -28.0491504669, -62.5419006348], [-411.34161377, -364.588928223, 51.553401947, 127.213928223, 33.9387626648, 65.5405883789, 47.7201118469, 62.6930999756, 42.485332489, 20.0764045715, -12.699098587, -34.233379364, 37.1214103699], [-136.547927856, -14.644698143, 64.0479202271, 33.9387626648, 113.143226624, 33.10679245, -26.5283412933, 7.55851793289, 42.3878860474, 29.2473640442, -36.0859832764, -31.1586837769, -0.314236223698], [-220.931259155, -223.431274414, 42.5976028442, 65.5405883789, 33.10679245, 148.173324585, 80.5413208008, 72.1916046143, 32.2901077271, 0.648341298103, -30.1524620056, -56.6016082764, 50.6754608154], [-420.689300537, -370.021759033, 6.16314744949, 47.7201118469, -26.5283412933, 80.5413208008, 140.378723145, 93.9096298218, 19.5747680664, 1.24668204784, -0.723615825176, 4.48096990585, 23.0322799683], [-646.122436523, -490.574066162, 59.1987304688, 62.6930999756, 7.55851793289, 72.1916046143, 93.9096298218, 130.781494141, 72.4767684937, 18.1168785095, -15.8954706192, -24.9098854065, 24.9595241547], [-747.072570801, -454.945800781, 111.683815002, 42.485332489, 42.3878860474, 32.2901077271, 19.5747680664, 72.4767684937, 129.045700073, 75.4270248413, -23.1823940277, -24.0130290985, -14.0502166748], [-401.853149414, -225.234329224, 62.4950370789, 20.0764045715, 29.2473640442, 0.648341298103, 1.24668204784, 18.1168785095, 75.4270248413, 86.7984085083, 13.3892316818, -8.40868854523, -15.8518447876], [69.9923477173, 33.1115074158, -24.5300521851, -12.699098587, -36.0859832764, -30.1524620056, -0.723615825176, -15.8954706192, -23.1823940277, 13.3892316818, 81.8932266235, 54.1175956726, -21.2893695831], [-188.737594604, -113.62210083, -28.0491504669, -34.233379364, -31.1586837769, -56.6016082764, 4.48096990585, -24.9098854065, -24.0130290985, -8.40868854523, 54.1175956726, 112.059265137, -19.7847957611], [233.633544922, 45.053237915, -62.5419006348, 37.1214103699, -0.314236223698, 50.6754608154, 23.0322799683, 24.9595241547, -14.0502166748, -15.8518447876, -21.2893695831, -19.7847957611, 97.5477905273]], "icov": [[13.4760799408, -18.734041214, 17.8141918182, -16.3096408844, 14.5160045624, -12.4405088425, 10.1555747986, -7.97336006165, 5.89572477341, -4.1298532486, 2.71673130989, -1.49590623379, 0.623716115952], [-18.734041214, 26.0439395905, -24.7648963928, 22.6746292114, -20.1814365387, 17.2961750031, -14.1201353073, 11.0872144699, -8.19796276093, 5.74416637421, -3.77972841263, 2.08249759674, -0.868919730186], [17.8141918182, -24.7648963928, 23.5559368134, -21.5634994507, 19.191614151, -16.4520683289, 13.4328756332, -10.547460556, 7.7976193428, -5.46693468094, 3.59893608093, -1.98331749439, 0.833846271038], [-16.3096408844, 22.6746292114, -21.5634994507, 19.7594871521, -17.5813465118, 15.0674581528, -12.3086557388, 9.66476154327, -7.15151357651, 5.01743984222, -3.3094727993, 1.82875072956, -0.77126210928], [14.5160045624, -20.1814365387, 19.191614151, -17.5813465118, 15.6668510437, -13.4245576859, 10.9715337753, -8.61656093597, 6.37833547592, -4.48520517349, 2.96206974983, -1.63804709911, 0.691895067692], [-12.4405088425, 17.2961750031, -16.4520683289, 15.0674581528, -13.4245576859, 11.5262546539, -9.41828155518, 7.39649295807, -5.47965240479, 3.85668182373, -2.54725575447, 1.41768693924, -0.605222821236], [10.1555747986, -14.1201353073, 13.4328756332, -12.3086557388, 10.9715337753, -9.41828155518, 7.72203779221, -6.07226514816, 4.50109624863, -3.17480897903, 2.10191035271, -1.17483317852, 0.505951821804], [-7.97336006165, 11.0872144699, -10.547460556, 9.66476154327, -8.61656093597, 7.39649295807, -6.07226514816, 4.79873800278, -3.55977654457, 2.51486682892, -1.665984869, 0.933272778988, -0.406942039728], [5.89572477341, -8.19796276093, 7.7976193428, -7.15151357651, 6.37833547592, -5.47965240479, 4.50109624863, -3.55977654457, 2.67212343216, -1.89436244965, 1.25463891029, -0.70150244236, 0.310331434011], [-4.1298532486, 5.74416637421, -5.46693468094, 5.01743984222, -4.48520517349, 3.85668182373, -3.17480897903, 2.51486682892, -1.89436244965, 1.36982393265, -0.909433782101, 0.514803767204, -0.232309639454], [2.71673130989, -3.77972841263, 3.59893608093, -3.3094727993, 2.96206974983, -2.54725575447, 2.10191035271, -1.665984869, 1.25463891029, -0.909433782101, 0.629919230938, -0.358569383621, 0.166263863444], [-1.49590623379, 2.08249759674, -1.98331749439, 1.82875072956, -1.63804709911, 1.41768693924, -1.17483317852, 0.933272778988, -0.70150244236, 0.514803767204, -0.358569383621, 0.222008362412, -0.100302062929], [0.623716115952, -0.868919730186, 0.833846271038, -0.77126210928, 0.691895067692, -0.605222821236, 0.505951821804, -0.406942039728, 0.310331434011, -0.232309639454, 0.166263863444, -0.100302062929, 0.0700313895941]]}, "spectral_contrast_coeffs": {"dmean": [0.0349683649838, 0.0270557105541, 0.0242783538997, 0.0236645620316, 0.0140349455178, 0.0182390343398], "dmean2": [0.0581423304975, 0.0445684492588, 0.0395026244223, 0.0367555916309, 0.0237565655261, 0.0316325500607], "dvar": [0.000913910625968, 0.000582488661166, 0.000478845409816, 0.000433424633229, 0.000136356859002, 0.000370926311007], "dvar2": [0.00258362409659, 0.00150845712051, 0.0011865805136, 0.0010496203322, 0.00037589808926, 0.00108271266799], "max": [-0.332434654236, -0.339982420206, -0.535417914391, -0.563059747219, -0.681017518044, -0.712902069092], "mean": [-0.598530471325, -0.674681246281, -0.757638573647, -0.742642760277, -0.793922841549, -0.806370794773], "median": [-0.581556797028, -0.663450181484, -0.752008676529, -0.72781920433, -0.786487579346, -0.789835333824], "min": [-0.979373037815, -0.993725657463, -0.989672660828, -0.985810220242, -0.993251800537, -0.969646275043], "var": [0.0147374970838, 0.0142147345468, 0.00597150996327, 0.00557244895026, 0.00313988770358, 0.00278127170168]}, "spectral_contrast_valleys": {"dmean": [0.364349424839, 0.278039306402, 0.251254796982, 0.237447366118, 0.157994389534, 0.26299059391], "dmean2": [0.58943015337, 0.447680383921, 0.401636123657, 0.379685074091, 0.253525704145, 0.455068379641], "dvar": [0.175121665001, 0.131708681583, 0.115380071104, 0.1126113832, 0.0930470153689, 0.144255101681], "dvar2": [0.345673859119, 0.224381059408, 0.171137273312, 0.166965082288, 0.118201047182, 0.331146150827], "max": [-6.41713190079, -4.79188919067, -6.01867866516, -7.49629831314, -8.40453147888, -12.2889881134], "mean": [-10.1096897125, -9.