{"lowlevel": {"average_loudness": 0.921869516373, "barkbands_crest": {"dmean": 4.00200271606, "dmean2": 6.86135435104, "dvar": 14.7066287994, "dvar2": 37.2968101501, "max": 26.8800506592, "mean": 17.210609436, "median": 17.4332199097, "min": 2.51276874542, "var": 36.5795783997}, "barkbands_flatness_db": {"dmean": 0.0688096657395, "dmean2": 0.0994650423527, "dvar": 0.00371948583052, "dvar2": 0.00709360651672, "max": 0.775180518627, "mean": 0.254310816526, "median": 0.251369655132, "min": 0.0202432982624, "var": 0.0139793232083}, "barkbands_kurtosis": {"dmean": 65.3442077637, "dmean2": 107.258911133, "dvar": 48006.3710938, "dvar2": 142668.828125, "max": 7465.96826172, "mean": 93.2220306396, "median": 31.8557853699, "min": -1.98474264145, "var": 98715.3984375}, "barkbands_skewness": {"dmean": 2.57212805748, "dmean2": 4.09977293015, "dvar": 8.69176769257, "dvar2": 22.9688625336, "max": 76.0862960815, "mean": 5.7889122963, "median": 4.76237487793, "min": -8.236992836, "var": 26.0602550507}, "barkbands_spread": {"dmean": 10.634806633, "dmean2": 16.991765976, "dvar": 274.399749756, "dvar2": 648.109375, "max": 151.705154419, "mean": 11.9929704666, "median": 4.38839912415, "min": 0.0322066284716, "var": 360.018035889}, "dissonance": {"dmean": 0.027327593416, "dmean2": 0.0436576604843, "dvar": 0.000707051309291, "dvar2": 0.00157921644859, "max": 0.500000059605, "mean": 0.450158029795, "median": 0.464170098305, "min": 0.239015385509, "var": 0.00186650431715}, "dynamic_complexity": 4.52475309372, "erbbands_crest": {"dmean": 3.26497030258, "dmean2": 5.21516895294, "dvar": 8.66840171814, "dvar2": 19.7319946289, "max": 27.6942634583, "mean": 9.8722486496, "median": 8.83307647705, "min": 2.39430093765, "var": 21.7731437683}, "erbbands_flatness_db": {"dmean": 0.0364353768528, "dmean2": 0.0507846698165, "dvar": 0.000982529949397, "dvar2": 0.00186120544095, "max": 0.494001805782, "mean": 0.13443480432, "median": 0.122217535973, "min": 0.0289638899267, "var": 0.004245294258}, "erbbands_kurtosis": {"dmean": 4.32598161697, "dmean2": 7.0768904686, "dvar": 170.292221069, "dvar2": 494.465393066, "max": 487.8230896, "mean": 6.0587682724, "median": 1.53826522827, "min": -1.84737837315, "var": 809.194274902}, "erbbands_skewness": {"dmean": 0.867888152599, "dmean2": 1.35041618347, "dvar": 0.797133624554, "dvar2": 1.83188843727, "max": 17.4295330048, "mean": 1.22041475773, "median": 1.14953291416, "min": -2.94331598282, "var": 2.51239037514}, "erbbands_spread": {"dmean": 24.4386711121, "dmean2": 39.2766609192, "dvar": 685.338684082, "dvar2": 1618.38513184, "max": 198.627426147, "mean": 51.6474609375, "median": 44.8918304443, "min": 0.600209772587, "var": 1109.55163574}, "hfc": {"dmean": 18.086971283, "dmean2": 29.6331253052, "dvar": 987.68963623, "dvar2": 2493.32885742, "max": 268.008972168, "mean": 20.1612987518, "median": 10.0253810883, "min": 1.22664598269e-16, "var": 965.673522949}, "melbands_crest": {"dmean": 3.74398779869, "dmean2": 6.17365026474, "dvar": 11.2962694168, "dvar2": 28.3673114777, "max": 36.0626029968, "mean": 20.6944541931, "median": 21.0723228455, "min": 2.20114064217, "var": 23.8622112274}, "melbands_flatness_db": {"dmean": 0.0789750218391, "dmean2": 0.115060433745, "dvar": 0.00529710855335, "dvar2": 0.0102584213018, "max": 0.956211388111, "mean": 0.367125958204, "median": 0.370101451874, "min": 0.00528828287497, "var": 0.0190490242094}, "melbands_kurtosis": {"dmean": 65.1350708008, "dmean2": 106.664138794, "dvar": 7049.96875, "dvar2": 19060.5761719, "max": 1017.26879883, "mean": 101.818847656, "median": 68.8660888672, "min": -1.51318621635, "var": 12180.8652344}, "melbands_skewness": {"dmean": 2.45248007774, "dmean2": 3.94523620605, "dvar": 5.95934486389, "dvar2": 15.5956335068, "max": 23.5828437805, "mean": 6.2906088829, "median": 5.88514232635, "min": -2.16928815842, "var": 12.2973632812}, "melbands_spread": {"dmean": 7.49493122101, "dmean2": 12.5469093323, "dvar": 234.832229614, "dvar2": 563.446838379, "max": 213.121368408, "mean": 7.94366502762, "median": 2.62307953835, "min": 0.22259747982, "var": 264.312561035}, "pitch_salience": {"dmean": 0.131630003452, "dmean2": 0.218774721026, "dvar": 0.0147478189319, "dvar2": 0.035100299865, "max": 0.923622190952, "mean": 0.37500551343, "median": 0.355250358582, "min": 0.0292945895344, "var": 0.0355677753687}, "silence_rate_20dB": {"dmean": 0.00665336009115, "dmean2": 0.0133096715435, "dvar": 0.00660885171965, "dvar2": 0.0166807807982, "max": 1, "mean": 0.994013309479, "median": 1, "min": 0, "var": 0.0059510958381}, "silence_rate_30dB": {"dmean": 0.119316920638, "dmean2": 0.238686785102, "dvar": 0.105086743832, "dvar2": 0.228291139007, "max": 1, "mean": 0.724168539047, "median": 1, "min": 0, "var": 0.19975566864}, "silence_rate_60dB": {"dmean": 0.0270569976419, "dmean2": 0.0541259981692, "dvar": 0.0263252183795, "dvar2": 0.0702737569809, "max": 1, "mean": 0.0496674068272, "median": 0, "min": 0, "var": 0.0472003221512}, "spectral_centroid": {"dmean": 428.547058105, "dmean2": 688.907714844, "dvar": 341074.75, "dvar2": 759583.9375, "max": 11225.0302734, "mean": 700.418457031, "median": 429.717407227, "min": 69.3998413086, "var": 489333.71875}, "spectral_complexity": {"dmean": 6.14415597916, "dmean2": 9.93433856964, "dvar": 77.0316772461, "dvar2": 166.731277466, "max": 63, "mean": 10.5368070602, "median": 7, "min": 0, "var": 103.235069275}, "spectral_decrease": {"dmean": 1.00774082412e-08, "dmean2": 1.62134909942e-08, "dvar": 1.62058816861e-16, "dvar2": 3.79592415477e-16, "max": 8.29362992942e-16, "mean": -1.94155589384e-08, "median": -1.07091473467e-08, "min": -1.38181789566e-07, "var": 4.45203481692e-16}, "spectral_energy": {"dmean": 0.0389998741448, "dmean2": 0.062804184854, "dvar": 0.0023776688613, "dvar2": 0.00560187548399, "max": 0.526600539684, "mean": 0.0751075297594, "median": 0.0422859378159, "min": 1.07550015166e-20, "var": 0.00648862123489}, "spectral_energyband_high": {"dmean": 0.00135976402089, "dmean2": 0.00232150452211, "dvar": 7.84046096669e-06, "dvar2": 2.04935076908e-05, "max": 0.0239990334958, "mean": 0.00100887974259, "median": 0.00011868099682, "min": 7.91018441059e-21, "var": 6.16706529399e-06}, "spectral_energyband_low": {"dmean": 0.0351322256029, "dmean2": 0.0563067682087, "dvar": 0.00225885491818, "dvar2": 0.00525334663689, "max": 0.494591802359, "mean": 0.0629697591066, "median": 0.0269112903625, "min": 7.84687641706e-23, "var": 0.00589204300195}, "spectral_energyband_middle_high": {"dmean": 0.00228871032596, "dmean2": 0.00396259548143, "dvar": 2.90257939923e-05, "dvar2": 7.71612758399e-05, "max": 0.0690564662218, "mean": 0.00180672795977, "median": 0.000295807491057, "min": 1.4641093813e-21, "var": 2.14693427552e-05}, "spectral_energyband_middle_low": {"dmean": 0.00869819801301, "dmean2": 0.0149516165257, "dvar": 0.000299879349768, "dvar2": 0.000796170439571, "max": 0.161481827497, "mean": 0.0108831534162, "median": 0.00495793763548, "min": 3.05157676674e-22, "var": 0.000293854100164}, "spectral_entropy": {"dmean": 0.525905072689, "dmean2": 0.743380844593, "dvar": 0.228963032365, "dvar2": 0.441263943911, "max": 9.79041862488, "mean": 7.20989513397, "median": 7.30603408813, "min": 3.21351051331, "var": 0.783156216145}, "spectral_flux": {"dmean": 0.0613193698227, "dmean2": 0.096697025001, "dvar": 0.0041642296128, "dvar2": 0.00802250672132, "max": 0.52453237772, "mean": 0.126725062728, "median": 0.103473186493, "min": 1.03706321308e-10, "var": 0.00796497333795}, "spectral_kurtosis": {"dmean": 3.65322208405, "dmean2": 5.45388936996, "dvar": 33.4839096069, "dvar2": 86.2666854858, "max": 163.832550049, "mean": 7.06029081345, "median": 3.97503519058, "min": -1.20703995228, "var": 141.81262207}, "spectral_rms": {"dmean": 0.00218775542453, "dmean2": 0.00344766373746, "dvar": 5.02453258377e-06, "dvar2": 1.15248758448e-05, "max": 0.0226662009954, "mean": 0.00732532516122, "median": 0.00642297137529, "min": 3.23924134044e-12, "var": 1.96154196601e-05}, "spectral_rolloff": {"dmean": 734.652282715, "dmean2": 1304.12695312, "dvar": 3951624.5, "dvar2": 10366803, "max": 19767.4804688, "mean": 760.614562988, "median": 150.732421875, "min": 64.599609375, "var": 5333337}, "spectral_skewness": {"dmean": 0.50870424509, "dmean2": 0.735698461533, "dvar": 0.270227700472, "dvar2": 0.581169426441, "max": 11.5457582474, "mean": 2.03836917877, "median": 1.78668308258, "min": -0.0212942901999, "var": 1.18497109413}, "spectral_spread": {"dmean": 1651888.875, "dmean2": 2429365.75, "dvar": 2977689239550.0, "dvar2": 6485938536450.0, "max": 41178040, "mean": 6262757.5, "median": 5932933.5, "min": 912424.9375, "var": 6601264594940.0}, "spectral_strongpeak": {"dmean": 0.232758358121, "dmean2": 0.367721825838, "dvar": 0.0773112028837, "dvar2": 0.182552203536, "max": 3.15220308304, "mean": 0.570316553116, "median": 0.410398393869, "min": 0, "var": 0.219411090016}, "zerocrossingrate": {"dmean": 0.0195861533284, "dmean2": 0.0259362049401, "dvar": 0.000741977069993, "dvar2": 0.00102346751373, "max": 0.73046875, "mean": 0.0371983684599, "median": 0.01904296875, "min": 0.00244140625, "var": 0.00367271527648}, "barkbands": {"dmean": [0.000541329791304, 0.0288582928479, 0.00843475293368, 0.0034632680472, 0.00461923796684, 0.000685307197273, 0.000772885745391, 0.000401956494898, 0.000330503738951, 0.000217372726183, 0.00018543661281, 0.000164574754308, 0.000173502601683, 0.000200650290935, 0.000350266462192, 0.000486229982926, 0.000381753197871, 0.000112914967758, 0.000120210803289, 0.000184992110007, 0.000208955272683, 0.000177148729563, 0.000150923922774, 0.000156936628628, 0.000296457554214, 0.000249303324381, 3.94494491047e-05], "dmean2": [0.000898372964002, 0.0467899553478, 0.0137478224933, 0.00604458106682, 0.00831026770175, 0.00114836543798, 0.00123175082263, 0.000629939604551, 0.000549048534594, 0.000379865261493, 0.000320367165841, 0.000281955435639, 0.000296610727673, 0.000355589727405, 0.00062901066849, 0.000885797780938, 0.000697998853866, 0.000196453125682, 0.000211807171581, 0.00033109265496, 0.000366795255104, 0.000307600857923, 0.000261172594037, 0.000272262463113, 0.000511609949172, 0.000421394332079, 5.97718681092e-05], "dvar": [1.36580013077e-06, 0.00159365125, 0.000229073120863, 3.80223755201e-05, 0.000128280124045, 2.31619878832e-06, 4.60487035525e-06, 8.78923572145e-07, 8.09488028608e-07, 3.03008278024e-07, 2.71717823352e-07, 2.0459842176e-07, 1.72965002321e-07, 2.75762232604e-07, 8.62540275648e-07, 1.99873147722e-06, 1.43630165894e-06, 6.05476415672e-08, 7.15932841899e-08, 1.79231776087e-07, 2.64031967845e-07, 1.27991967247e-07, 7.45849888517e-08, 1.14913632387e-07, 4.25591736075e-07, 3.04618168911e-07, 4.74934402916e-09], "dvar2": [3.32448121299e-06, 0.00385430734605, 0.000529826327693, 9.80333425105e-05, 0.000371671456378, 5.61877914151e-06, 1.1097325114e-05, 2.35042239183e-06, 2.20383026317e-06, 8.20454431505e-07, 7.33953243071e-07, 5.39351901807e-07, 4.42356110852e-07, 7.56485576403e-07, 2.33668561123e-06, 5.47642366655e-06, 4.02018486056e-06, 1.59224541108e-07, 1.9622751779e-07, 4.93192032991e-07, 7.281417993e-07, 3.40635892826e-07, 1.95202844111e-07, 3.0623206726e-07, 1.11663564439e-06, 7.78745345542e-07, 9.51229495172e-09], "max": [0.00992079544812, 0.409990161657, 0.176289021969, 0.0512999147177, 0.108896449208, 0.0350100919604, 0.0473725870252, 0.0181905012578, 0.0128187444061, 0.00834371056408, 0.00737127149478, 0.00785634387285, 0.00528961839154, 0.00612428272143, 0.0107386326417, 0.0204572882503, 0.0164349377155, 0.00330433482304, 0.00288519612513, 0.00411575706676, 0.00722894631326, 0.0035918771755, 0.0020121880807, 0.00258906767704, 0.00496959965676, 0.00379965407774, 0.000472671032185], "mean": [0.00054366607219, 0.0494205877185, 0.0114856893197, 0.00309177814052, 0.00456047384068, 0.00111443095375, 0.00106793979649, 0.000604320201091, 0.000364388106391, 0.000193059910089, 0.000169116363395, 0.000142017408507, 0.000145110170706, 0.000148278239067, 0.000240993031184, 0.000319655286148, 0.000248472846579, 8.98432481335e-05, 8.90148221515e-05, 0.000128661442432, 0.000154736102559, 0.00013176529319, 0.00011023361003, 0.00011395214824, 0.000212175466004, 0.000182585878065, 3.45840526279e-05], "median": [0.000104100399767, 0.0180802941322, 0.00377821503207, 0.00103598402347, 0.00125230592676, 0.000412970606703, 0.00027687306283, 0.000216242828174, 7.58845708333e-05, 4.30937652709e-05, 4.01674842578e-05, 2.26700685744e-05, 1.80817587534e-05, 1.23373120005e-05, 1.20262375276e-05, 7.86443160905e-06, 1.27572020574e-05, 1.31736978801e-05, 1.33707162604e-05, 1.42259468703e-05, 2.03168019652e-05, 1.86818106158e-05, 1.1038262528e-05, 1.19350697787e-05, 1.37967726914e-05, 1.25027636386e-05, 2.2062890821e-06], "min": [1.57863815127e-23, 1.72590854263e-23, 3.64597657996e-23, 2.04308916e-23, 1.29527552758e-22, 1.69713389448e-23, 2.96252737097e-23, 6.1683735239e-23, 4.41152443662e-23, 7.93689175723e-23, 3.0057443268e-23, 1.05974804079e-22, 7.72094392433e-23, 1.00502210922e-22, 1.1647584277e-22, 9.23503432089e-23, 1.88134780954e-22, 2.11591212872e-22, 3.00888109019e-22, 3.57652873685e-22, 3.95222797125e-22, 4.81412553183e-22, 5.05040716965e-22, 6.01115897285e-22, 1.58949328122e-21, 1.83502667973e-21, 2.54272634385e-21], "var": [1.30023033762e-06, 0.00416734907776, 0.000446797144832, 3.23496133205e-05, 9.76773080765e-05, 4.39219593318e-06, 6.98439635016e-06, 1.10579651391e-06, 7.11507766482e-07, 2.23596330784e-07, 1.95226519395e-07, 1.56311287469e-07, 1.48078910911e-07, 1.99048145078e-07, 5.85480506743e-07, 1.28720068915e-06, 8.74439535892e-07, 4.58231248501e-08, 4.92964566945e-08, 1.19712339597e-07, 1.79399592071e-07, 9.63595780945e-08, 5.97161360361e-08, 8.63718341293e-08, 3.2802597616e-07, 2.49250945217e-07, 5.83070924876e-09]}, "erbbands": {"dmean": [0.572621524334, 7.41175699234, 12.2959794998, 9.35868930817, 13.6952791214, 16.1599330902, 10.9127693176, 4.91448116302, 9.98318576813, 11.066945076, 7.20318126678, 7.92023420334, 7.16271686554, 6.06537294388, 8.57220363617, 6.1861743927, 8.33254432678, 9.18677520752, 12.7211532593, 23.656244278, 27.9139289856, 20.8155097961, 6.50597524643, 6.51661968231, 6.61792755127, 8.96819114685, 7.90900564194, 8.49437713623, 6.84152460098, 5.04354810715, 4.04447031021, 2.93856167793, 2.99081778526, 2.87423753738, 2.10849809647, 1.27892255783, 0.475998401642, 0.0529595240951, 0.00735254958272, 0.000515100895427], "dmean2": [0.919149279594, 12.1245756149, 19.5458507538, 16.6070404053, 24.3414592743, 29.3142719269, 18.8186645508, 8.09652328491, 15.5685653687, 17.7875499725, 10.8392763138, 13.0126943588, 12.3644266129, 10.5942268372, 14.676448822, 10.5267190933, 14.2562189102, 16.1726989746, 22.4469108582, 42.7421722412, 50.7550582886, 37.8682060242, 11.2848672867, 11.4288196564, 11.7197742462, 16.0737266541, 13.9504976273, 14.8792142868, 11.9560937881, 8.71688938141, 6.9464969635, 5.16489553452, 5.09873914719, 4.95427322388, 3.63449883461, 2.18829250336, 0.805878579617, 0.0857959911227, 0.0109758097678, 0.000794756982941], "dvar": [0.776028752327, 107.365058899, 388.745910645, 307.957000732, 925.20300293, 1803.51989746, 656.911682129, 97.2833023071, 831.200012207, 746.635742188, 223.142211914, 491.894439697, 310.053009033, 248.314651489, 674.436340332, 240.674682617, 406.362579346, 564.557006836, 1095.59216309, 4115.25537109, 6602.89990234, 4288.8515625, 192.436904907, 226.008026123, 192.817932129, 454.999816895, 369.07989502, 426.270263672, 202.051147461, 79.9278564453, 60.8361968994, 36.992641449, 41.0435218811, 46.1602020264, 19.7129955292, 7.21942853928, 1.23875010014, 0.0120002944022, 0.000163159333169, 8.37321579183e-07], "dvar2": [1.88499414921, 260.365936279, 799.470275879, 843.66973877, 2679.79931641, 5115.49609375, 1735.16516113, 236.625411987, 1934.59851074, 1922.45031738, 524.940673828, 1348.03845215, 827.869628906, 673.861877441, 1816.69006348, 634.65032959, 1040.44311523, 1542.98937988, 2937.44067383, 11184.6708984, 18133.4023438, 11970.0830078, 503.984069824, 619.082458496, 524.521362305, 1257.08569336, 1022.52209473, 1165.46374512, 540.169006348, 209.809417725, 159.523635864, 100.238800049, 105.99911499, 121.907371521, 51.9728775024, 18.5643997192, 3.20432400703, 0.0292496904731, 0.000331983843353, 1.82045016572e-06], "max": [9.94530487061, 106.473152161, 249.711761475, 129.3309021, 308.436584473, 423.355163574, 390.710266113, 275.186553955, 684.866760254, 498.540649414, 188.532821655, 318.862976074, 219.165740967, 239.370513916, 423.63494873, 256.342498779, 255.458328247, 257.859588623, 460.914337158, 776.00402832, 984.243774414, 959.726989746, 158.658508301, 192.957489014, 129.437194824, 208.981460571, 221.939819336, 279.936859131, 119.095245361, 91.095199585, 61.6498260498, 48.4653511047, 46.0019645691, 49.0947952271, 35.299156189, 18.0509109497, 8.11128520966, 0.776777565479, 0.0988294035196, 0.00728680193424], "mean": [0.992858886719, 12.2980365753, 18.9804992676, 9.5561876297, 13.1060533524, 14.8631649017, 13.3313846588, 8.31012535095, 15.2739639282, 15.2468175888, 11.551566124, 9.43105316162, 6.47427368164, 5.35852241516, 7.92901992798, 5.57158327103, 6.99783468246, 6.99800300598, 9.35229969025, 15.7228851318, 18.2304668427, 13.6980857849, 5.14524316788, 4.84138679504, 4.86196422577, 6.21398019791, 5.73286056519, 6.32806682587, 5.0566778183, 3.73359417915, 2.98080635071, 2.08737707138, 2.24835729599, 2.07817649841, 1.50274455547, 0.91746109724, 0.346049398184, 0.0410330593586, 0.00644804723561, 0.000494301726576], "median": [0.325264811516, 4.28715658188, 7.9482383728, 4.27596092224, 4.03872489929, 3.43460655212, 3.07985091209, 3.29872655869, 3.86202549934, 5.36732149124, 3.71466088295, 2.51274657249, 1.42910051346, 1.18523180485, 1.89569711685, 1.1231828928, 0.936276912689, 0.685113668442, 0.667578339577, 0.556576013565, 0.575645923615, 0.687587201595, 0.696271538734, 0.681136190891, 0.736470937729, 0.686568975449, 0.736457049847, 0.837625324726, 0.731914043427, 0.443618148565, 0.310946643353, 0.220772996545, 0.216933131218, 0.153998702765, 0.0974600762129, 0.064174503088, 0.0207382254303, 0.00309286266565, 0.000454222550616, 0.000121762408526], "min": [8.9851181374e-22, 3.12424683528e-21, 3.35853843325e-20, 5.97420986906e-20, 9.42252227881e-20, 5.58641389771e-19, 4.46379177071e-19, 1.74668349951e-19, 2.62023934687e-19, 7.98304667947e-19, 1.49853414958e-18, 8.91148970864e-19, 1.14558155888e-18, 3.01608311349e-18, 2.12162190466e-18, 4.00554312054e-18, 3.61677071418e-18, 3.80163358697e-18, 6.98421678403e-18, 5.82683394275e-18, 5.42605914571e-18, 1.0733346736e-17, 1.26688046127e-17, 1.18655659158e-17, 1.65227987325e-17, 1.53936442568e-17, 1.23402650171e-17, 2.01049688952e-17, 1.83849444187e-17, 1.15098104236e-17, 1.69234238098e-17, 1.36284044337e-17, 9.21111768756e-18, 1.38314962992e-17, 1.18128927088e-17, 6.89548470613e-18, 3.62390556056e-18, 1.60526526402e-18, 3.710792457e-19, 3.42049135307e-20], "var": [1.93943107128, 271.889923096, 959.694702148, 239.15687561, 751.3203125, 1288.78564453, 716.589111328, 203.185470581, 1493.63977051, 857.33026123, 430.227752686, 437.963592529, 242.189743042, 180.911880493, 484.005371094, 188.734832764, 347.457641602, 416.790588379, 786.267089844, 2725.5090332, 4223.80078125, 2637.29150391, 147.513778687, 155.265640259, 134.271011353, 299.535980225, 246.893539429, 295.637542725, 149.144470215, 63.5419197083, 48.4666786194, 26.5800285339, 33.5115432739, 34.8639450073, 15.262752533, 5.80194044113, 0.984762072563, 0.0110345184803, 0.00020252399554, 9.22316928609e-07]}, "gfcc": {"mean": [-58.6524734497, 90.6564483643, -41.2827949524, 44.1274375916, -36.8236846924, 17.5042266846, -22.3098697662, 13.3305110931, -14.545633316, 9.15954685211, -15.0565881729, 0.998836219311, -11.7340154648], "cov": [[24998.0527344, -1346.24438477, -2750.64941406, -808.869567871, -1702.67370605, -216.539642334, -1150.0534668, 133.238647461, -796.419921875, 337.606048584, -679.563781738, 317.766967773, -101.304214478], [-1346.24438477, 2365.02978516, 181.394287109, 52.2534217834, 27.5838394165, -172.265640259, 237.308990479, -67.4884719849, 199.420730591, -42.5985298157, 288.97467041, -66.1418380737, 73.0604095459], [-2750.64941406, 181.394287109, 1047.04052734, 264.150695801, 47.1040306091, -52.0117225647, 160.034500122, -7.0757651329, 55.5086708069, -29.031036377, 117.08265686, -47.1308479309, -37.598361969], [-808.869567871, 52.2534217834, 264.150695801, 452.341064453, 95.9951858521, -5.71530008316, 43.1572113037, -32.7527809143, -27.6583404541, -38.3428993225, 36.7256851196, -29.7864379883, -19.1225337982], [-1702.67370605, 27.5838394165, 47.1040306091, 95.9951858521, 443.842773438, 110.811126709, 57.9719810486, -25.9026947021, 89.0386047363, -47.0858039856, 25.4987258911, -12.904510498, 58.8468322754], [-216.539642334, -172.265640259, -52.0117225647, -5.71530008316, 110.811126709, 154.554092407, 42.642829895, 31.2163734436, 26.3974342346, 19.050994873, -19.7171840668, 0.455001622438, -11.1723871231], [-1150.0534668, 237.308990479, 160.034500122, 43.1572113037, 57.9719810486, 42.642829895, 207.151809692, 25.1437492371, 72.7624893188, -12.5769662857, 77.857208252, -24.7291240692, -2.12196350098], [133.238647461, -67.4884719849, -7.0757651329, -32.7527809143, -25.9026947021, 31.2163734436, 25.1437492371, 91.8883972168, 42.8186798096, 32.4288711548, -14.9629106522, 2.66042327881, -12.6242523193], [-796.419921875, 199.420730591, 55.5086708069, -27.6583404541, 89.0386047363, 26.3974342346, 72.7624893188, 42.8186798096, 137.307144165, 25.9574012756, 48.2184333801, -12.9855480194, 10.8941831589], [337.606048584, -42.5985298157, -29.031036377, -38.3428993225, -47.0858039856, 19.050994873, -12.5769662857, 32.4288711548, 25.9574012756, 68.4268951416, 2.5044939518, 16.1953601837, -16.6667900085], [-679.563781738, 288.97467041, 117.08265686, 36.7256851196, 25.4987258911, -19.7171840668, 77.857208252, -14.9629106522, 48.2184333801, 2.5044939518, 119.885421753, 9.88154315948, 12.1526021957], [317.766967773, -66.1418380737, -47.1308479309, -29.7864379883, -12.904510498, 0.455001622438, -24.7291240692, 2.66042327881, -12.9855480194, 16.1953601837, 9.88154315948, 69.4382171631, 27.8602199554], [-101.304214478, 73.0604095459, -37.598361969, -19.1225337982, 58.8468322754, -11.1723871231, -2.12196350098, -12.6242523193, 10.8941831589, -16.6667900085, 12.1526021957, 27.8602199554, 73.0111083984]], "icov": [[0.000111933368316, -5.521930143e-05, 0.000196748558665, -3.78857766918e-05, 0.000275741011137, -7.53820786485e-05, 0.000262179179117, -0.000219458990614, 0.00038630416384, -0.000291657692287, 0.000187872850802, -0.000157393762493, -5.75778212806e-05], [-5.521930143e-05, 0.000841730623506, 9.04991247808e-05, -5.34252976649e-05, 0.000155754183652, 0.000675543851685, -0.000467420672067, 0.000652094895486, -0.00114986125845, 0.000374040653696, -0.00151552376337, 0.00113336881623, -0.000732566288207], [0.000196748558665, 9.04991247808e-05, 0.00176811090205, -0.00070189969847, 0.000399367883801, 0.000810527475551, -0.000358460645657, -0.000413430650951, 0.000256163591985, -0.000303488981444, -0.000543440342881, -9.11361712497e-06, 0.000615781231318], [-3.78857766918e-05, -5.34252976649e-05, -0.00070189969847, 0.00314805656672, -0.00135557155591, 0.00047796178842, -0.000218371103983, -0.000420519645559, 0.00211349385791, 3.8391979615e-05, -0.000934254261665, 0.000752720923629, 0.00111230334733], [0.000275741011137, 0.000155754183652, 0.000399367883801, -0.00135557155591, 0.006642264314, -0.0051759374328, 0.00207573384978, 0.00255329697393, -0.0047416286543, 0.00407806690782, 0.000130665008328, 0.000252815254498, -0.00404629902914], [-7.53820786485e-05, 0.000675543851685, 0.000810527475551, 0.00047796178842, -0.0051759374328, 0.0139190843329, -0.00529396766797, -0.00187088549137, 0.00214642495848, -0.00570876291022, 0.00255906488746, -0.00138573092408, 0.00406574131921], [0.000262179179117, -0.000467420672067, -0.000358460645657, -0.000218371103983, 0.00207573384978, -0.00529396766797, 0.011348772794, -0.00367136532441, -0.0015478793066, 0.0049326964654, -0.00570291932672, 0.00230147433467, -0.000770374434069], [-0.000219458990614, 0.000652094895486, -0.000413430650951, -0.000420519645559, 0.00255329697393, -0.00187088549137, -0.00367136532441, 0.0205319728702, -0.00979215465486, -0.00271773338318, 0.00596351502463, -0.00278123118915, 0.000728513405193], [0.00038630416384, -0.00114986125845, 0.000256163591985, 0.00211349385791, -0.0047416286543, 0.00214642495848, -0.0015478793066, -0.00979215465486, 0.0220939200372, -0.0109332688153, -0.00364153133705, 0.00532225333154, -0.0024331251625], [-0.000291657692287, 0.000374040653696, -0.000303488981444, 3.8391979615e-05, 0.00407806690782, -0.00570876291022, 0.0049326964654, -0.00271773338318, -0.0109332688153, 0.0302828215063, -0.00393295334652, -0.00697799865156, 0.00644937762991], [0.000187872850802, -0.00151552376337, -0.000543440342881, -0.000934254261665, 0.000130665008328, 0.00255906488746, -0.00570291932672, 0.00596351502463, -0.00364153133705, -0.00393295334652, 0.0207935590297, -0.00883399415761, 0.00195980397984], [-0.000157393762493, 0.00113336881623, -9.11361712497e-06, 0.000752720923629, 0.000252815254498, -0.00138573092408, 0.00230147433467, -0.00278123118915, 0.00532225333154, -0.00697799865156, -0.00883399415761, 0.0266221221536, -0.013065258041], [-5.75778212806e-05, -0.000732566288207, 0.000615781231318, 0.00111230334733, -0.00404629902914, 0.00406574131921, -0.000770374434069, 0.000728513405193, -0.0024331251625, 0.00644937762991, 0.00195980397984, -0.013065258041, 0.0254398398101]]}, "melbands": {"dmean": [0.00669464794919, 0.00781741738319, 0.00173435779288, 0.0010739347199, 0.000463415344711, 0.000112520865514, 0.00015606173838, 0.000114483918878, 5.82554421271e-05, 4.74952757941e-05, 3.5526802094e-05, 2.44994371315e-05, 2.67552441073e-05, 2.07791090361e-05, 1.65747187566e-05, 1.70700295712e-05, 1.76231278601e-05, 1.85366498044e-05, 2.90720527119e-05, 3.43028405041e-05, 3.21663465002e-05, 2.60677297774e-05, 6.89417220201e-06, 5.07371623826e-06, 5.37554751645e-06, 4.51333153251e-06, 5.46113278688e-06, 6.10668030276e-06, 4.81679717268e-06, 4.45442537966e-06, 5.49710239284e-06, 4.06366598327e-06, 2.97267888527e-06, 2.88521755465e-06, 2.57459464592e-06, 1.64725645391e-06, 1.88058811545e-06, 2.0336151465e-06, 2.46197032538e-06, 2.35946276916e-06], "dmean2": [0.0108226547018, 0.0125417038798, 0.00304256961681, 0.00193419982679, 0.000809792662039, 0.000186082077562, 0.000243905116804, 0.000183814830962, 8.86442867341e-05, 7.92207138147e-05, 6.15414828644e-05, 4.29745559813e-05, 4.60252922494e-05, 3.52987226506e-05, 2.83770168608e-05, 2.96972775686e-05, 3.11620387947e-05, 3.26198787661e-05, 5.24018687429e-05, 6.21998478891e-05, 5.85483467148e-05, 4.77373396279e-05, 1.20959339256e-05, 8.80399147718e-06, 9.49451532506e-06, 7.96430867922e-06, 9.76025876298e-06, 1.10150622277e-05, 8.49616844789e-06, 7.87112912803e-06, 9.70192741079e-06, 7.08174138708e-06, 5.22231448485e-06, 4.99073394167e-06, 4.42418013336e-06, 2.87016291622e-06, 3.33004982167e-06, 3.49058586835e-06, 4.19425259679e-06, 4.10955044572e-06], "dvar": [8.95645134733e-05, 0.000126143670059, 8.756472198e-06, 7.1765211942e-06, 1.18169236885e-06, 5.51604806276e-08, 2.04592325304e-07, 8.19340186808e-08, 1.47152778851e-08, 1.67197367062e-08, 7.82487408202e-09, 4.14838430274e-09, 6.26511598156e-09, 3.22758797466e-09, 1.7219967674e-09, 1.68616698382e-09, 2.27040852785e-09, 2.36237740481e-09, 5.90892046404e-09, 9.66675806069e-09, 8.91351081833e-09, 7.26666682382e-09, 2.42572156806e-10, 1.26137197909e-10, 1.6368859046e-10, 1.06292828705e-10, 1.27498747671e-10, 2.34334773808e-10, 1.44477846353e-10, 1.23346055592e-10, 1.86929624557e-10, 7.44447489764e-11, 5.33306870887e-11, 2.35796139558e-11, 2.774626362e-11, 9.66243925149e-12, 1.79341246714e-11, 1.81475182104e-11, 3.39910564973e-11, 3.21085311117e-11], "dvar2": [0.000216979431571, 0.000277729966911, 2.35075131059e-05, 2.07073790079e-05, 3.18020011036e-06, 1.32387569352e-07, 4.83621306557e-07, 2.15742161913e-07, 3.56593510276e-08, 4.55447306535e-08, 2.0937136469e-08, 1.13109486222e-08, 1.69438081343e-08, 8.42089775688e-09, 4.5204360255e-09, 4.43829240027e-09, 6.25936413812e-09, 6.35921093561e-09, 1.60061883747e-08, 2.64894861601e-08, 2.45564297785e-08, 2.03833447898e-08, 6.46592723808e-10, 3.33665567398e-10, 4.51666870571e-10, 2.92743107533e-10, 3.46039086274e-10, 6.51551035347e-10, 4.01353700274e-10, 3.42027600686e-10, 5.10345710136e-10, 1.98095345683e-10, 1.4747111865e-10, 6.09797351503e-11, 7.279553349e-11, 2.60400503244e-11, 4.90873765246e-11, 4.74486908097e-11, 8.73039973648e-11, 8.59397206177e-11], "max": [0.0940334573388, 0.140943035483, 0.021792575717, 0.0263258609921, 0.0143983708695, 0.00726720225066, 0.0105632580817, 0.00555010233074, 0.00147053739056, 0.00171655346639, 0.0011146850884, 0.00101548363455, 0.00124649016652, 0.00085611018585, 0.000653918366879, 0.000652821210679, 0.000584978959523, 0.000597929407377, 0.000906178494915, 0.00154612422921, 0.000947407854255, 0.00125310884323, 0.000202098395675, 0.000144449892105, 0.000174392393092, 0.000130169690237, 0.00010932252917, 0.00015323527623, 0.000138728384627, 0.000147354890942, 0.000174844710273, 8.76035046531e-05, 0.000147674916661, 3.34478863806e-05, 4.29109823017e-05, 2.22259368456e-05, 3.46545675711e-05, 3.12500742439e-05, 4.11865039496e-05, 4.11335313402e-05], "mean": [0.0117611577734, 0.0128292804584, 0.0018547634827, 0.00100331893191, 0.000530685705598, 0.000191776183783, 0.000233065031352, 0.000157906644745, 9.09063601284e-05, 5.28658601979e-05, 3.09260140057e-05, 2.11002334254e-05, 2.44048969762e-05, 1.8865623133e-05, 1.41416976476e-05, 1.38455852721e-05, 1.31872120619e-05, 1.3806969946e-05, 1.96401015273e-05, 2.26162883337e-05, 2.07787161344e-05, 1.68725673575e-05, 5.21874153492e-06, 4.04214915761e-06, 3.90660989069e-06, 3.32880017595e-06, 3.89545584767e-06, 4.16424154537e-06, 3.49999004357e-06, 3.28636838276e-06, 4.02150317313e-06, 3.01680165649e-06, 2.17426031668e-06, 2.10735424844e-06, 1.88436195003e-06, 1.21827281419e-06, 1.3040827298e-06, 1.50829214363e-06, 1.85586713997e-06, 1.66962081494e-06], "median": [0.00416175462306, 0.00533808581531, 0.000802275084425, 0.00027298257919, 0.000124796235468, 7.55153596401e-05, 6.0364989622e-05, 5.79123734497e-05, 2.88286973955e-05, 1.12405787149e-05, 5.9196499933e-06, 4.17250612372e-06, 5.83305882174e-06, 4.18866875407e-06, 2.47651269092e-06, 1.71195529219e-06, 1.14378735816e-06, 1.03405886875e-06, 8.34976560782e-07, 6.15330122855e-07, 6.30202521279e-07, 7.36135348234e-07, 6.03988610237e-07, 6.22360289526e-07, 4.9085434739e-07, 5.07233437474e-07, 5.10939685228e-07, 4.10840925724e-07, 4.38063892716e-07, 4.22321960514e-07, 4.88333057547e-07, 4.17182434376e-07, 2.96148414236e-07, 2.17439932726e-07, 1.79377906306e-07, 1.40194615028e-07, 1.27281623463e-07, 1.45385101291e-07, 1.4701130624e-07, 1.20217194421e-07], "min": [7.59811339045e-24, 1.29549632975e-23, 1.08245103166e-23, 2.11850883794e-23, 2.13299753064e-23, 3.43388588245e-24, 4.82843537399e-24, 9.98947896031e-24, 1.1024016395e-23, 5.9203947828e-24, 6.21479293946e-24, 1.29236060765e-23, 5.26655412682e-24, 1.16970543755e-23, 8.56064202395e-24, 8.01000054603e-24, 7.08132666713e-24, 1.1967157194e-23, 8.73691851525e-24, 6.19614111222e-24, 6.63010296251e-24, 9.39828529869e-24, 1.68523250777e-23, 7.23075506638e-24, 9.79713968326e-24, 1.23491228554e-23, 1.18892193143e-23, 1.01368042564e-23, 7.51774739686e-24, 9.3178751289e-24, 1.1773093467e-23, 1.01193917296e-23, 9.19712419014e-24, 5.19335099026e-24, 9.14856270167e-24, 1.17071312847e-23, 6.80264577514e-24, 5.86443890664e-24, 7.37707929797e-24, 1.35715740575e-23], "var": [0.000244438066147, 0.000315192621201, 7.86108284956e-06, 5.28136979483e-06, 1.15219052077e-06, 1.18888451084e-07, 3.4661383097e-07, 8.84011228663e-08, 2.549734468e-08, 1.46443905891e-08, 6.00762462e-09, 2.98737923288e-09, 4.44556524926e-09, 2.53045806531e-09, 1.38916478321e-09, 1.31211841392e-09, 1.65774249883e-09, 1.70248615206e-09, 3.97674293495e-09, 6.26837914908e-09, 5.65199487212e-09, 4.39354685966e-09, 1.74713077339e-10, 9.49393827443e-11, 1.0951251711e-10, 7.19713594277e-11, 8.83659395656e-11, 1.50482737382e-10, 9.64680627047e-11, 8.37046057467e-11, 1.28574179081e-10, 5.59389028154e-11, 3.62825360034e-11, 1.93068842164e-11, 2.18201463842e-11, 7.20944614771e-12, 1.23438603089e-11, 1.45068046117e-11, 2.73539229462e-11, 2.32980058856e-11]}, "mfcc": {"mean": [-718.566955566, 128.733383179, 50.5650482178, 41.9698219299, 17.9230728149, 16.6377983093, 8.64682769775, 8.05712890625, 10.4191999435, 5.27851104736, 7.88198471069, 6.83957290649, 6.13201999664], "cov": [[15242.0917969, -679.91217041, -1055.09985352, -696.988830566, -388.817260742, -369.281158447, -417.941345215, -420.408233643, -129.734695435, -353.037902832, -434.073699951, -318.76361084, -176.666687012], [-679.91217041, 1919.94299316, 211.019592285, 130.395935059, -114.397438049, -39.8354034424, -5.65960216522, 16.7398052216, -34.7156105042, -1.23558998108, 105.294769287, 177.934692383, 61.8642082214], [-1055.09985352, 211.019592285, 836.893005371, 298.752410889, -110.238647461, -52.5881156921, 54.6817016602, 15.0048704147, -79.6755752563, 28.2135353088, 113.412101746, 26.2057991028, 17.2631893158], [-696.988830566, 130.395935059, 298.752410889, 397.453186035, 50.5962409973, 41.6411743164, 67.6497116089, 37.3717536926, -48.1429824829, 10.2268695831, 28.6912612915, 0.00566190760583, -16.8003349304], [-388.817260742, -114.397438049, -110.238647461, 50.5962409973, 236.459640503, 97.8092193604, 15.8647880554, 32.6165313721, 48.2382011414, 38.4704017639, -27.9413700104, -18.50182724, 14.5666809082], [-369.281158447, -39.8354034424, -52.5881156921, 41.6411743164, 97.8092193604, 134.410415649, 63.8107528687, 46.350353241, 26.8805675507, 27.8084011078, 18.5816650391, 2.55610775948, 9.86009788513], [-417.941345215, -5.65960216522, 54.6817016602, 67.6497116089, 15.8647880554, 63.8107528687, 106.484718323, 54.6741905212, 0.916570305824, 17.0166912079, 22.5085449219, 6.67438077927, -1.77211487293], [-420.408233643, 16.7398052216, 15.0048704147, 37.3717536926, 32.6165313721, 46.350353241, 54.6741905212, 79.4228744507, 35.4442405701, 24.9037342072, 28.6271457672, 23.2985115051, 16.4826049805], [-129.734695435, -34.7156105042, -79.6755752563, -48.1429824829, 48.2382011414, 26.8805675507, 0.916570305824, 35.4442405701, 101.159240723, 36.7677993774, 4.94837903976, 14.6370248795, 12.7529430389], [-353.037902832, -1.23558998108, 28.2135353088, 10.2268695831, 38.4704017639, 27.8084011078, 17.0166912079, 24.9037342072, 36.7677993774, 88.0947265625, 41.6604270935, 16.5738620758, 13.8409080505], [-434.073699951, 105.294769287, 113.412101746, 28.6912612915, -27.9413700104, 18.5816650391, 22.5085449219, 28.6271457672, 4.94837903976, 41.6604270935, 96.5117645264, 50.7221450806, 26.3287982941], [-318.76361084, 177.934692383, 26.2057991028, 0.00566190760583, -18.50182724, 2.55610775948, 6.67438077927, 23.2985115051, 14.6370248795, 16.5738620758, 50.7221450806, 81.4179382324, 42.498714447], [-176.666687012, 61.8642082214, 17.2631893158, -16.8003349304, 14.5666809082, 9.86009788513, -1.77211487293, 16.4826049805, 12.7529430389, 13.8409080505, 26.3287982941, 42.498714447, 67.8623428345]], "icov": [[9.80302356766e-05, 3.66978520105e-06, 0.000108197156806, 3.0943845104e-06, 0.000208033321542, -1.53468897679e-06, 0.000139397234307, 0.000190163424122, -2.61571676674e-05, 0.000106721723569, 0.000111579836812, 0.000289992924081, -0.000103627578937], [3.66978520105e-06, 0.00070756819332, -4.95789863635e-05, -0.000239561093622, 0.000205864082091, -0.000104832193756, 0.000295841775369, 5.85622074141e-05, 0.000202816576348, 4.57617679785e-05, 0.000228669348871, -0.00185634091031, 0.000308741116896], [0.000108197156806, -4.95789863635e-05, 0.00269382237457, -0.00189116795082, 0.000915217213333, 0.00195669499226, -0.00107985653449, 0.000884654175024, 0.000161734133144, -0.000116784467536, -0.00291042495519, 0.00249308068305, -0.00198910105973], [3.0943845104e-06, -0.000239561093622, -0.00189116795082, 0.00500011024997, -0.00220328452997, -0.000625090207905, -0.000637174816802, -0.00190088304225, 0.00239036930725, 0.000231943588005, 0.000857543200254, -0.00127948541194, 0.0029262509197], [0.000208033321542, 0.000205864082091, 0.000915217213333, -0.00220328452997, 0.0102360807359, -0.00681832013652, 0.00421832036227, -0.00125374831259, -0.00136334612034, -0.00387805025093, 0.00560649856925, 0.00206309999339, -0.00363623793237], [-1.53468897679e-06, -0.000104832193756, 0.00195669499226, -0.000625090207905, -0.00681832013652, 0.018917132169, -0.0103527251631, 0.000922624778468, -0.00145948596764, 0.00202872767113, -0.00769105134532, 0.0035839502234, -0.00174040684942], [0.000139397234307, 0.000295841775369, -0.00107985653449, -0.000637174816802, 0.00421832036227, -0.0103527251631, 0.0231410712004, -0.0137106217444, 0.00491591077298, -0.00253297504969, 0.00418938463554, -0.0012422328582, 0.00348864146508], [0.000190163424122, 5.85622074141e-05, 0.000884654175024, -0.00190088304225, -0.00125374831259, 0.000922624778468, -0.0137106217444, 0.0303826052696, -0.0100730024278, 0.0023437414784, -0.0048633152619, -0.00120530603454, -0.00379975303076], [-2.61571676674e-05, 0.000202816576348, 0.000161734133144, 0.00239036930725, -0.00136334612034, -0.00145948596764, 0.00491591077298, -0.0100730024278, 0.0181439127773, -0.00645145587623, 0.00374662317336, -0.00382730201818, 0.00222666654736], [0.000106721723569, 4.57617679785e-05, -0.000116784467536, 0.000231943588005, -0.00387805025093, 0.00202872767113, -0.00253297504969, 0.0023437414784, -0.00645145587623, 0.0200072228909, -0.010915027, 0.00297621986829, -0.000271813740255], [0.000111579836812, 0.000228669348871, -0.00291042495519, 0.000857543200254, 0.00560649856925, -0.00769105134532, 0.00418938463554, -0.0048633152619, 0.00374662317336, -0.010915027, 0.0286194179207, -0.0133872106671, 0.00104158802424], [0.000289992924081, -0.00185634091031, 0.00249308068305, -0.00127948541194, 0.00206309999339, 0.0035839502234, -0.0012422328582, -0.00120530603454, -0.00382730201818, 0.00297621986829, -0.0133872106671, 0.03374478966, -0.0150335486978], [-0.000103627578937, 0.000308741116896, -0.00198910105973, 0.0029262509197, -0.00363623793237, -0.00174040684942, 0.00348864146508, -0.00379975303076, 0.00222666654736, -0.000271813740255, 0.00104158802424, -0.0150335486978, 0.0261099375784]]}, "spectral_contrast_coeffs": {"dmean": [0.0621817149222, 0.0476989969611, 0.0404092147946, 0.0304232463241, 0.0257137101144, 0.0230319537222], "dmean2": [0.107467204332, 0.07686842978, 0.0652277991176, 0.0511864721775, 0.0413692444563, 0.0380318798125], "dvar": [0.00294967764057, 0.00167035090271, 0.00145327684004, 0.000769885838963, 0.000646787404548, 0.000598522135988], "dvar2": [0.00826537702233, 0.00407467782497, 0.00343545991927, 0.00203185458668, 0.00153807702009, 0.00145293108653], "max": [-0.357212603092, -0.512258708477, -0.59539270401, -0.625396728516, -0.653152108192, -0.580394566059], "mean": [-0.661756396294, -0.763970136642, -0.819367051125, -0.843327105045, -0.84116089344, -0.806551456451], "median": [-0.667941331863, -0.771553874016, -0.828166127205, -0.850063741207, -0.846806526184, -0.808089256287], "min": [-0.95747590065, -0.961126327515, -0.963950037956, -0.966192722321, -0.950276076794, -0.959501445293], "var": [0.00592017639428, 0.00587316323072, 0.00448518479243, 0.0020247369539, 0.00143588054925, 0.00145517871715]}, "spectral_contrast_valleys": {"dmean": [0.462196469307, 0.507862985134, 0.692554533482, 0.807585477829, 0.737318336964, 0.91329741478], "dmean2": [0.735272169113, 0.787337303162, 1.0370080471, 1.15109777451, 0.978673875332, 1.12436413765], "dvar": [0.178085908294, 0.276854991913, 0.637646555901, 0.846820414066, 0.527049779892, 0.565792262554], "dvar2": [0.391532897949, 0.561248421669, 1.32836544514, 1.7995288372, 1.07008552551, 1.18471157551], "max": [-4.77402496338, -4.77550649643, -5.22938632965, -5.20102453232, -5.35281658173, -7.47247362137], "