{"lowlevel": {"average_loudness": 0.973688483238, "barkbands_crest": {"dmean": 3.86896443367, "dmean2": 6.12612295151, "dvar": 11.0718326569, "dvar2": 26.5192985535, "max": 26.2954788208, "mean": 13.7372541428, "median": 13.1862077713, "min": 2.09724211693, "var": 31.5475883484}, "barkbands_flatness_db": {"dmean": 0.0378131605685, "dmean2": 0.0557479970157, "dvar": 0.00150942523032, "dvar2": 0.00277816783637, "max": 0.499070316553, "mean": 0.165096715093, "median": 0.14728602767, "min": 0.0103251161054, "var": 0.00640274118632}, "barkbands_kurtosis": {"dmean": 18.9913311005, "dmean2": 29.8528289795, "dvar": 2396.35546875, "dvar2": 5645.97070312, "max": 685.281738281, "mean": 20.073343277, "median": 3.66725301743, "min": -1.9674654007, "var": 2848.48608398}, "barkbands_skewness": {"dmean": 1.31416797638, "dmean2": 1.92113780975, "dvar": 3.00837755203, "dvar2": 6.21570539474, "max": 20.6926956177, "mean": 2.83884167671, "median": 2.04637527466, "min": -3.35492086411, "var": 7.13691806793}, "barkbands_spread": {"dmean": 8.31819629669, "dmean2": 12.3124694824, "dvar": 106.542556763, "dvar2": 216.257049561, "max": 145.151626587, "mean": 23.7366943359, "median": 18.9802207947, "min": 0.162921458483, "var": 458.079467773}, "dissonance": {"dmean": 0.0120361866429, "dmean2": 0.020024843514, "dvar": 0.00022423932387, "dvar2": 0.000582206354011, "max": 0.500000119209, "mean": 0.475485742092, "median": 0.480577498674, "min": 0.232371121645, "var": 0.000485243072035}, "dynamic_complexity": 5.00791358948, "erbbands_crest": {"dmean": 2.0909178257, "dmean2": 3.34011101723, "dvar": 5.79437828064, "dvar2": 11.8732385635, "max": 31.2391166687, "mean": 7.39733409882, "median": 6.15945625305, "min": 2.14970803261, "var": 18.4552268982}, "erbbands_flatness_db": {"dmean": 0.0151596320793, "dmean2": 0.020862551406, "dvar": 0.000322772568325, "dvar2": 0.000583345885389, "max": 0.347088366747, "mean": 0.135299563408, "median": 0.136642873287, "min": 0.0201948322356, "var": 0.00229126797058}, "erbbands_kurtosis": {"dmean": 0.734061479568, "dmean2": 1.15563726425, "dvar": 3.12633824348, "dvar2": 6.84969043732, "max": 49.5154685974, "mean": -0.0593964979053, "median": -0.527706384659, "min": -1.70422613621, "var": 5.08007240295}, "erbbands_skewness": {"dmean": 0.321568965912, "dmean2": 0.491906791925, "dvar": 0.134464532137, "dvar2": 0.272494018078, "max": 5.23607397079, "mean": 0.0586416721344, "median": -0.0508602634072, "min": -3.28071784973, "var": 0.540481507778}, "erbbands_spread": {"dmean": 10.4912986755, "dmean2": 15.665681839, "dvar": 144.927902222, "dvar2": 298.466400146, "max": 182.544113159, "mean": 51.5859107971, "median": 47.2293930054, "min": 2.945707798, "var": 497.248901367}, "hfc": {"dmean": 9.96532821655, "dmean2": 15.1636219025, "dvar": 343.941650391, "dvar2": 741.672790527, "max": 187.649841309, "mean": 16.4626674652, "median": 5.63461112976, "min": 1.10569305272e-16, "var": 623.129333496}, "melbands_crest": {"dmean": 5.00350236893, "dmean2": 7.58486270905, "dvar": 17.5993995667, "dvar2": 40.8975906372, "max": 35.7269363403, "mean": 19.1117553711, "median": 18.3909816742, "min": 1.68736994267, "var": 60.7524909973}, "melbands_flatness_db": {"dmean": 0.0446958430111, "dmean2": 0.0655610114336, "dvar": 0.00204953667708, "dvar2": 0.00364425522275, "max": 0.622389554977, "mean": 0.245485559106, "median": 0.22703281045, "min": 0.00362392631359, "var": 0.0103126075119}, "melbands_kurtosis": {"dmean": 36.5916900635, "dmean2": 55.5034980774, "dvar": 4603.53857422, "dvar2": 9967.87695312, "max": 773.577453613, "mean": 49.2275352478, "median": 19.3282375336, "min": -1.76456189156, "var": 6746.15087891}, "melbands_skewness": {"dmean": 1.6296287775, "dmean2": 2.40940570831, "dvar": 3.38397455215, "dvar2": 6.52726745605, "max": 21.117647171, "mean": 4.75870800018, "median": 3.98995184898, "min": -1.04490506649, "var": 9.70091915131}, "melbands_spread": {"dmean": 7.01304960251, "dmean2": 10.678237915, "dvar": 99.8240890503, "dvar2": 190.687515259, "max": 208.407852173, "mean": 17.8328723907, "median": 13.5418634415, "min": 0.151806220412, "var": 385.849090576}, "pitch_salience": {"dmean": 0.11378569901, "dmean2": 0.171026572585, "dvar": 0.00883061345667, "dvar2": 0.0201004259288, "max": 0.97357571125, "mean": 0.469457387924, "median": 0.490848809481, "min": 0.0554191917181, "var": 0.0258033461869}, "silence_rate_20dB": {"dmean": 0.0714103579521, "dmean2": 0.142838925123, "dvar": 0.0663099139929, "dvar2": 0.168851777911, "max": 1, "mean": 0.951804161072, "median": 1, "min": 0, "var": 0.0458704158664}, "silence_rate_30dB": {"dmean": 0.0762560591102, "dmean2": 0.152531564236, "dvar": 0.0704447999597, "dvar2": 0.134108200669, "max": 1, "mean": 0.897105693817, "median": 1, "min": 0, "var": 0.0923006981611}, "silence_rate_60dB": {"dmean": 0.0476919151843, "dmean2": 0.0953959971666, "dvar": 0.045421499759, "dvar2": 0.0995535999537, "max": 1, "mean": 0.133239835501, "median": 0, "min": 0, "var": 0.115491829813}, "spectral_centroid": {"dmean": 283.149719238, "dmean2": 439.756378174, "dvar": 110437.453125, "dvar2": 218230.90625, "max": 11432.4140625, "mean": 1365.97900391, "median": 1218.81640625, "min": 123.614730835, "var": 664364.0625}, "spectral_complexity": {"dmean": 4.42489147186, "dmean2": 6.23976516724, "dvar": 47.2796783447, "dvar2": 72.7439575195, "max": 57, "mean": 14.3360958099, "median": 13, "min": 0, "var": 129.402252197}, "spectral_decrease": {"dmean": 1.34499860138e-08, "dmean2": 2.29134968777e-08, "dvar": 1.25537270805e-15, "dvar2": 3.27797007203e-15, "max": 6.36690533629e-10, "mean": -1.28995907289e-08, "median": -3.01492586452e-09, "min": -2.28649994938e-07, "var": 9.69284789015e-16}, "spectral_energy": {"dmean": 0.0515293627977, "dmean2": 0.0875131264329, "dvar": 0.0182078443468, "dvar2": 0.0475505627692, "max": 0.87132525444, "mean": 0.0501791909337, "median": 0.0122718568891, "min": 1.01752472658e-20, "var": 0.0140912141651}, "spectral_energyband_high": {"dmean": 0.000543432252016, "dmean2": 0.000799918256234, "dvar": 1.23302390875e-06, "dvar2": 2.21488176066e-06, "max": 0.00912459474057, "mean": 0.000949850247707, "median": 0.000143936646054, "min": 7.37064454694e-21, "var": 2.84378097604e-06}, "spectral_energyband_low": {"dmean": 0.0465924441814, "dmean2": 0.0796036869287, "dvar": 0.0176387093961, "dvar2": 0.0463075116277, "max": 0.835100710392, "mean": 0.0407071486115, "median": 0.00636573880911, "min": 3.42146361089e-23, "var": 0.0134316766635}, "spectral_energyband_middle_high": {"dmean": 0.000885740912054, "dmean2": 0.00125729793217, "dvar": 3.08276889882e-06, "dvar2": 5.27950487594e-06, "max": 0.0221811253577, "mean": 0.00193735130597, "median": 0.00118694757111, "min": 1.45640929107e-21, "var": 6.46221224088e-06}, "spectral_energyband_middle_low": {"dmean": 0.00713825086132, "dmean2": 0.0117879351601, "dvar": 0.000284039619146, "dvar2": 0.000701436074451, "max": 0.128447026014, "mean": 0.00752353016287, "median": 0.00296646752395, "min": 1.96423942019e-22, "var": 0.000244404625846}, "spectral_entropy": {"dmean": 0.180003166199, "dmean2": 0.277314662933, "dvar": 0.0579163581133, "dvar2": 0.125173389912, "max": 9.80721378326, "mean": 7.56157207489, "median": 7.50477266312, "min": 4.52970647812, "var": 0.260463356972}, "spectral_flux": {"dmean": 0.0724863409996, "dmean2": 0.119423225522, "dvar": 0.0165058393031, "dvar2": 0.0361188128591, "max": 0.880702197552, "mean": 0.117152497172, "median": 0.0564201809466, "min": 6.55331899857e-11, "var": 0.0232665352523}, "spectral_kurtosis": {"dmean": 1.76066529751, "dmean2": 2.99504947662, "dvar": 7.21615076065, "dvar2": 19.3111343384, "max": 62.8287200928, "mean": 3.96862483025, "median": 2.8392739296, "min": -1.28155851364, "var": 14.0767726898}, "spectral_rms": {"dmean": 0.00236842804588, "dmean2": 0.00374465971254, "dvar": 1.92842508113e-05, "dvar2": 4.44689612777e-05, "max": 0.0291560180485, "mean": 0.00506854755804, "median": 0.00346013647504, "min": 3.15072534035e-12, "var": 2.32650745602e-05}, "spectral_rolloff": {"dmean": 705.980529785, "dmean2": 1199.37634277, "dvar": 3502560.25, "dvar2": 6690988, "max": 19896.6796875, "mean": 1587.2130127, "median": 602.9296875, "min": 21.533203125, "var": 10871573}, "spectral_skewness": {"dmean": 0.226059883833, "dmean2": 0.373493790627, "dvar": 0.0810383930802, "dvar2": 0.204440280795, "max": 6.31890630722, "mean": 1.38995957375, "median": 1.26804220676, "min": -0.0747087150812, "var": 0.274607092142}, "spectral_spread": {"dmean": 568112.375, "dmean2": 755763.0625, "dvar": 1251075555330.0, "dvar2": 2503593951230.0, "max": 48540680, "mean": 4878040, "median": 4627200, "min": 1249611.875, "var": 7185805869060.0}, "spectral_strongpeak": {"dmean": 0.372375190258, "dmean2": 0.638963520527, "dvar": 1.60179066658, "dvar2": 3.99121665955, "max": 25.3798179626, "mean": 0.449567258358, "median": 0.240949258208, "min": 0, "var": 1.39034616947}, "zerocrossingrate": {"dmean": 0.0156710762531, "dmean2": 0.0170582085848, "dvar": 0.000748091901187, "dvar2": 0.000788468925748, "max": 0.67529296875, "mean": 0.063238427043, "median": 0.04052734375, "min": 0.001953125, "var": 0.00661565270275}, "barkbands": {"dmean": [0.00137389684096, 0.0367275103927, 0.0102876042947, 0.00225703208707, 0.0043624616228, 0.000411926739616, 0.000245413306402, 0.00028411578387, 0.000160927011166, 0.000274252000963, 0.000119462136354, 0.000106987143226, 9.40453537623e-05, 9.49521636358e-05, 0.000129773383378, 0.000123773919768, 0.000112695684948, 9.58454184001e-05, 9.53888156801e-05, 9.01491293916e-05, 0.000134581699967, 0.000130095271743, 0.000102448742837, 6.72007372486e-05, 4.68875587103e-05, 4.56746238342e-05, 5.17802473041e-05], "dmean2": [0.00199558213353, 0.062600530684, 0.0196299180388, 0.00405230605975, 0.00723250256851, 0.00070406118175, 0.00040217951755, 0.000434137211414, 0.000253050442552, 0.000407133979024, 0.000182929201401, 0.00016026639787, 0.000129793435917, 0.000150546795339, 0.000216911226744, 0.000205718679354, 0.000185635086382, 0.000144500299939, 0.000140505770105, 0.000144275894854, 0.000227317592362, 0.000211161968764, 0.000149807485286, 8.79783474375e-05, 6.02700274612e-05, 5.53425452381e-05, 7.15491187293e-05], "dvar": [4.22545190304e-06, 0.0103191677481, 0.00120427738875, 3.8386653614e-05, 0.000190496066352, 1.02788271761e-06, 3.58686236268e-07, 3.44123037621e-07, 1.67409282881e-07, 4.74152017205e-07, 8.36927327441e-08, 8.06361981631e-08, 2.78559273426e-08, 2.63415973478e-08, 6.99138880123e-08, 6.47920614938e-08, 4.4172011826e-08, 3.31433724909e-08, 5.49552652274e-08, 2.64630397595e-08, 7.9828119226e-08, 8.83500774762e-08, 5.22693532901e-08, 2.56163303902e-08, 1.34604629665e-08, 1.6966929195e-08, 5.65868738533e-08], "dvar2": [8.41710152599e-06, 0.026773031801, 0.00353223108687, 0.000110472421511, 0.000476038374472, 2.73614909929e-06, 9.3137634849e-07, 7.34917080081e-07, 3.81206263e-07, 1.05321339561e-06, 1.96944384356e-07, 1.93755084865e-07, 5.49153647e-08, 6.30762073683e-08, 1.8496011478e-07, 1.55324272555e-07, 1.14420004138e-07, 6.94221711228e-08, 1.12443899525e-07, 5.84138462045e-08, 2.04702161e-07, 1.89731778732e-07, 1.03731622403e-07, 5.34805337793e-08, 1.81054300441e-08, 2.84708203679e-08, 1.10085700555e-07], "max": [0.0137921702117, 0.621487975121, 0.247434780002, 0.0524190887809, 0.110063463449, 0.010885448195, 0.0123854931444, 0.0120250722393, 0.00744947884232, 0.0163843277842, 0.00551968766376, 0.00566258747131, 0.00278486241587, 0.0023189347703, 0.00413070432842, 0.00291125825606, 0.00300311204046, 0.00249623763375, 0.00285277375951, 0.00180245575029, 0.00259360740893, 0.00225959462114, 0.00176580005791, 0.0014899544185, 0.000988654326648, 0.00285724038258, 0.00680099334568], "mean": [0.00162738433573, 0.0315489172935, 0.00666706077754, 0.0019080338534, 0.00397344212979, 0.000465792574687, 0.00037426702329, 0.000433345732745, 0.000210646438063, 0.000421427190304, 0.000183508789632, 0.000148348204675, 0.000238385386183, 0.000135127716931, 0.00020390113059, 0.000174487999175, 0.000165574383573, 0.000145665515447, 0.000139331474202, 0.000136217553518, 0.00018516369164, 0.000175676803337, 0.000151883577928, 7.92370919953e-05, 6.96278875694e-05, 7.02749821357e-05, 0.00014656491112], "median": [0.000316700839903, 0.00394719699398, 0.000650488247629, 0.000505887437612, 0.000971502275206, 0.000176326779183, 0.000170938699739, 0.000175441047759, 4.77750436403e-05, 0.000160157840583, 6.4387000748e-05, 5.5703225371e-05, 0.000116131996037, 6.8875910074e-05, 0.000111585512059, 8.44223468448e-05, 8.40670618345e-05, 7.16472859494e-05, 4.34323119407e-05, 4.25309044658e-05, 4.20563555963e-05, 2.70849250228e-05, 1.88707599591e-05, 9.87437942968e-06, 2.37235531131e-06, 7.02419356458e-07, 9.60082005008e-08], "min": [2.79956440628e-24, 1.01350987391e-23, 5.77120501397e-24, 2.53661340074e-24, 4.97589477642e-24, 8.91571068397e-24, 1.22273598081e-23, 1.30148930605e-23, 2.75795585895e-23, 3.71989379341e-23, 3.45839934065e-23, 4.87449238685e-23, 5.15629874575e-23, 4.47687083411e-23, 6.87137291493e-23, 6.99397578355e-23, 1.11074808764e-22, 7.16967656416e-23, 1.92495944826e-22, 2.07333269872e-22, 2.83941710701e-22, 4.00127795395e-22, 4.25100051941e-22, 7.8613742921e-22, 8.97833973963e-22, 1.45719174011e-21, 2.15133056972e-21], "var": [7.30379269953e-06, 0.00795737281442, 0.000676621100865, 2.33667706198e-05, 0.000150981970364, 8.3389880956e-07, 4.25349441002e-07, 6.13792451531e-07, 2.55063667964e-07, 7.75783234985e-07, 1.2403991434e-07, 9.2149726072e-08, 9.54629655325e-08, 3.88186052191e-08, 8.74916921134e-08, 7.74888704314e-08, 5.42794040825e-08, 5.04973378668e-08, 8.34121962612e-08, 4.71632439769e-08, 1.0543278961e-07, 1.44790277545e-07, 9.0510312134e-08, 3.66282790765e-08, 2.91582598066e-08, 5.02743056074e-08, 4.74541650419e-07]}, "erbbands": {"dmean": [1.25933635235, 7.72467327118, 12.4169654846, 10.2364597321, 14.1819143295, 13.1158208847, 4.97234535217, 3.08709621429, 4.02227735519, 3.86806297302, 6.21416425705, 3.76246762276, 7.47382736206, 7.11907529831, 4.51575565338, 4.00236749649, 4.63414430618, 4.88148069382, 5.16459560394, 7.88240432739, 6.19971132278, 6.08838701248, 4.76576185226, 5.72255563736, 4.10827684402, 4.42817592621, 4.78823328018, 5.81283044815, 4.73805761337, 4.57016658783, 2.56818151474, 1.34979784489, 1.20403313637, 0.586232125759, 0.310187906027, 0.187302991748, 0.0691421329975, 0.0396094582975, 0.00995460059494, 0.00067608023528], "dmean2": [2.10397934914, 13.390583992, 23.4701385498, 19.124174118, 23.3753681183, 22.8881168365, 8.98602104187, 5.16775274277, 6.69155979156, 6.26331853867, 9.10663318634, 5.86986637115, 11.0511989594, 10.722700119, 6.4909863472, 5.89234972, 6.24341058731, 7.88898801804, 8.19569206238, 13.2142019272, 10.0171546936, 10.2020492554, 7.20885038376, 8.60705089569, 6.19440317154, 7.00550937653, 7.66586065292, 9.932472229, 7.71845769882, 7.25573301315, 3.62728714943, 1.72233378887, 1.5270203352, 0.759058892727, 0.403314143419, 0.229412406683, 0.0813894420862, 0.0534057095647, 0.0125479409471, 0.000865441281348], "dvar": [10.3433532715, 509.115875244, 1755.19970703, 1039.83300781, 1557.26184082, 1959.15808105, 221.295013428, 51.302532196, 95.035484314, 85.9750823975, 186.834075928, 85.7968978882, 279.550628662, 467.13571167, 118.23399353, 98.3454818726, 68.1111755371, 68.153465271, 123.18572998, 205.421783447, 162.0415802, 143.499786377, 76.2931442261, 188.64755249, 76.7864303589, 66.782585144, 80.9935684204, 166.731140137, 115.992546082, 114.269477844, 35.0832214355, 9.68466663361, 8.35364532471, 2.19404673576, 0.557067990303, 0.206038370728, 0.0406459905207, 0.0365820303559, 0.00285276118666, 1.42812805279e-05], "dvar2": [26.5561962128, 1357.88635254, 5122.98925781, 3017.49462891, 3761.20458984, 5315.45166016, 636.081848145, 133.344146729, 247.2787323, 223.722442627, 374.641174316, 204.543716431, 583.96673584, 1054.21948242, 255.802947998, 232.784820557, 130.648574829, 165.298751831, 317.035064697, 527.429870605, 368.165771484, 379.010437012, 156.717971802, 382.868988037, 156.719665527, 146.776092529, 187.859725952, 451.667053223, 264.596832275, 271.977478027, 63.8618583679, 18.9546489716, 16.8610706329, 3.01224112511, 0.79846405983, 0.385341286659, 0.0659953281283, 0.0729433149099, 0.00482183275744, 2.31559097301e-05], "max": [18.6469135284, 143.563934326, 300.862640381, 220.447601318, 316.816314697, 355.719360352, 135.592391968, 89.8420944214, 192.745849609, 261.881317139, 266.333435059, 178.174423218, 335.863006592, 603.182128906, 202.048049927, 186.529693604, 140.371200562, 110.777267456, 197.722427368, 212.877960205, 179.470825195, 179.083297729, 119.495544434, 156.994415283, 101.431175232, 92.2967147827, 85.2311096191, 117.588562012, 88.0496749878, 89.4118728638, 48.6896629333, 31.6007766724, 27.468126297, 14.2149620056, 6.02062082291, 4.26280927658, 4.77544116974, 5.11338567734, 1.84484088421, 0.104770347476], "mean": [1.11910045147, 6.18564033508, 8.47682666779, 7.39078044891, 12.8514432907, 11.2652168274, 5.01685237885, 3.62416601181, 5.19918346405, 6.90341567993, 9.24296760559, 5.2524933815, 11.4994668961, 10.5743331909, 7.40114927292, 6.0892124176, 12.0694980621, 8.11320018768, 8.79208946228, 11.2165155411, 9.37572002411, 8.90277481079, 7.78937578201, 8.16581058502, 6.27256774902, 6.67131567001, 7.07255268097, 7.161632061, 6.10206699371, 6.06068229675, 3.90431046486, 1.76143372059, 1.38165283203, 0.826987504959, 0.454922407866, 0.244627073407, 0.113413639367, 0.0858745872974, 0.0278712119907, 0.00175105826929], "median": [0.10437438637, 0.891604661942, 1.21192920208, 1.54995083809, 3.01059794426, 2.88260889053, 2.03493261337, 1.36925244331, 2.07856941223, 3.67459201813, 3.12328290939, 1.5207016468, 3.8422036171, 4.22907066345, 2.82288575172, 3.21944355965, 5.63078451157, 4.5961689949, 4.69678592682, 6.29632616043, 4.60761165619, 4.39325523376, 3.98872375488, 2.85393428802, 2.31644773483, 2.07667136192, 1.83470976353, 1.38500285149, 0.980487823486, 0.689353942871, 0.568662703037, 0.236429139972, 0.145768135786, 0.0395648851991, 0.0125272991136, 0.00414481246844, 0.00105281372089, 0.000170677434653, 3.49229885614e-05, 1.84879972949e-05], "min": [3.06094288071e-22, 6.44941222647e-22, 7.88954286157e-21, 1.00594217852e-20, 2.40030268487e-20, 1.13813032561e-20, 2.97735034253e-20, 1.01871040598e-19, 1.88283393867e-19, 2.33768582335e-19, 3.42713283791e-19, 5.46629124615e-19, 8.15351981492e-19, 1.69789718831e-18, 1.44479811884e-18, 2.24318705581e-18, 2.91556288468e-18, 2.61041512953e-18, 3.96925263912e-18, 5.78828277671e-18, 4.42613096121e-18, 6.82635391362e-18, 4.32471820452e-18, 8.04763935235e-18, 1.14634494318e-17, 9.51566077368e-18, 9.04280711242e-18, 1.41420323089e-17, 1.47162296572e-17, 1.17909409897e-17, 1.10507020226e-17, 1.34001522154e-17, 1.26020800886e-17, 9.83856478786e-18, 6.29468233413e-18, 4.54705194546e-18, 2.69751249174e-18, 1.24399671642e-18, 2.84976826667e-19, 2.87974432272e-20], "var": [8.46973800659, 363.915557861, 1008.28100586, 597.675231934, 1326.5090332, 1303.99499512, 135.701324463, 46.3373451233, 101.262062073, 113.765388489, 350.435760498, 125.713722229, 477.11151123, 737.539245605, 185.123199463, 120.102256775, 243.319015503, 110.734199524, 158.120697021, 263.106231689, 207.572982788, 163.828582764, 127.6381073, 272.24822998, 129.231399536, 116.980278015, 134.043655396, 197.164398193, 179.10508728, 156.297683716, 63.0185470581, 15.7698364258, 12.2194604874, 4.45513057709, 1.20147883892, 0.383795887232, 0.131197199225, 0.174395397305, 0.0207095947117, 9.81494449661e-05]}, "gfcc": {"mean": [-65.8799133301, 97.6751098633, -106.25894928, 48.348285675, -41.7620124817, 17.5771369934, -21.7787399292, 2.93190002441, -11.1015453339, -2.75541377068, -11.9162406921, -2.71477174759, -6.51026964188], "cov": [[27710.4980469, 219.426635742, 106.961174011, 1231.30993652, -477.891876221, 540.361083984, -417.881866455, 6.28565359116, -359.689056396, 275.702789307, -68.4589614868, 210.97958374, -298.801300049], [219.426635742, 2509.77856445, -819.758666992, 338.568695068, 278.66104126, -137.892974854, 125.112846375, -351.721862793, 285.805999756, -160.035446167, 285.381134033, -283.909881592, 33.2307167053], [106.961174011, -819.758666992, 1301.31335449, -178.544723511, 310.663116455, 79.1289978027, 188.581817627, 214.391906738, -61.3989372253, 129.086135864, -134.870376587, 83.7481842041, -49.8777542114], [1231.30993652, 338.568695068, -178.544723511, 642.570007324, -61.3815956116, 189.889831543, 26.1460151672, -47.1667823792, 77.0805053711, -29.9010238647, 68.9480667114, -49.1786575317, 36.9971809387], [-477.891876221, 278.66104126, 310.663116455, -61.3815956116, 423.698760986, -12.0134887695, 145.936325073, -10.3459568024, 72.6156082153, 6.13695430756, 57.5184936523, -42.8566818237, 7.993953228], [540.361083984, -137.892974854, 79.1289978027, 189.889831543, -12.0134887695, 222.393081665, 43.7064399719, 100.765525818, -7.22612524033, 24.687002182, 2.775349617, -3.40603971481, 18.7881393433], [-417.881866455, 125.112846375, 188.581817627, 26.1460151672, 145.936325073, 43.7064399719, 227.32901001, 60.6641349792, 93.5110244751, 20.3584308624, 49.1123352051, -9.05546951294, 34.4609451294], [6.28565359116, -351.721862793, 214.391906738, -47.1667823792, -10.3459568024, 100.765525818, 60.6641349792, 193.631454468, -4.31656694412, 75.3235092163, -39.5862503052, 52.8270721436, 10.5324363708], [-359.689056396, 285.805999756, -61.3989372253, 77.0805053711, 72.6156082153, -7.22612524033, 93.5110244751, -4.31656694412, 145.780990601, 13.3289346695, 81.8609466553, -33.7889785767, 33.6029624939], [275.702789307, -160.035446167, 129.086135864, -29.9010238647, 6.13695430756, 24.687002182, 20.3584308624, 75.3235092163, 13.3289346695, 116.096313477, 8.42391490936, 50.1418571472, -4.78148555756], [-68.4589614868, 285.381134033, -134.870376587, 68.9480667114, 57.5184936523, 2.775349617, 49.1123352051, -39.5862503052, 81.8609466553, 8.42391490936, 136.449417114, -12.2634305954, 39.7550125122], [210.97958374, -283.909881592, 83.7481842041, -49.1786575317, -42.8566818237, -3.40603971481, -9.05546951294, 52.8270721436, -33.7889785767, 50.1418571472, -12.2634305954, 113.947647095, 17.1358184814], [-298.801300049, 33.2307167053, -49.8777542114, 36.9971809387, 7.993953228, 18.7881393433, 34.4609451294, 10.5324363708, 33.6029624939, -4.78148555756, 39.7550125122, 17.1358184814, 68.3021697998]], "icov": [[5.15639949299e-05, -5.70237461943e-05, -3.4558459447e-05, -9.52886039158e-05, 4.01270299335e-05, -9.39261808526e-05, 7.10174572305e-05, 1.25366468637e-05, 0.0001321612217, -0.000103309663245, -4.7252560762e-05, -0.000202053139219, 0.000269017589744], [-5.70237461943e-05, 0.00125867943279, 0.000743441749364, -0.000379506789614, -0.000862154818606, 0.00085912598297, -0.000780632894021, 0.000526466057636, -0.000397053954657, -5.03398587171e-05, -0.000607505033258, 0.0017398360651, 0.000172800690052], [-3.4558459447e-05, 0.000743441749364, 0.00229673017748, -0.000333449832397, -0.00198115198873, 0.000479199748952, -0.00174688140396, -0.000370202644262, 0.000776967790443, -0.00122236867901, 0.0015573380515, 0.000177208188688, 0.000964709615801], [-9.52886039158e-05, -0.000379506789614, -0.000333449832397, 0.0039139892906, 0.0010981282685, -0.00492619629949, 0.000361456390237, 0.00339944777079, -0.0033506937325, 0.000587431597523, 0.000999006209895, -0.00115911255125, -0.000676924770232], [4.01270299335e-05, -0.000862154818606, -0.00198115198873, 0.0010981282685, 0.00525128701702, -0.00103109353222, -0.000799179659225, 0.00133618095424, -0.000615718658082, 0.000383513135603, -0.00170639948919, 0.000491106708068, -0.000380600657081], [-9.39261808526e-05, 0.00085912598297, 0.000479199748952, -0.00492619629949, -0.00103109353222, 0.0143188089132, -0.00151441851631, -0.00922656897455, 0.00693424791098, -0.000424457481131, -0.00379612040706, 0.00620332825929, -0.00222976366058], [7.10174572305e-05, -0.000780632894021, -0.00174688140396, 0.000361456390237, -0.000799179659225, -0.00151441851631, 0.0101355835795, -0.00259916367941, -0.00508214905858, 0.0022777703125, -0.00110575044528, -0.00140042067505, -0.00132915237918], [1.25366468637e-05, 0.000526466057636, -0.000370202644262, 0.00339944777079, 0.00133618095424, -0.00922656897455, -0.00259916367941, 0.0172350592911, -0.00508051086217, -0.00543491495773, 0.00603421404958, -0.00312405498698, -0.00188714859542], [0.0001321612217, -0.000397053954657, 0.000776967790443, -0.0033506937325, -0.000615718658082, 0.00693424791098, -0.00508214905858, -0.00508051086217, 0.0201459862292, -0.00466808537021, -0.00635302020237, 0.00654932763427, -0.00351758534089], [-0.000103309663245, -5.03398587171e-05, -0.00122236867901, 0.000587431597523, 0.000383513135603, -0.000424457481131, 0.0022777703125, -0.00543491495773, -0.00466808537021, 0.0173424687237, -0.00455213105306, -0.00633873185143, 0.00587291549891], [-4.7252560762e-05, -0.000607505033258, 0.0015573380515, 0.000999006209895, -0.00170639948919, -0.00379612040706, -0.00110575044528, 0.00603421404958, -0.00635302020237, -0.00455213105306, 0.0179423037916, -0.00292601296678, -0.00534601695836], [-0.000202053139219, 0.0017398360651, 0.000177208188688, -0.00115911255125, 0.000491106708068, 0.00620332825929, -0.00140042067505, -0.00312405498698, 0.00654932763427, -0.00633873185143, -0.00292601296678, 0.0202710349113, -0.00859710201621], [0.000269017589744, 0.000172800690052, 0.000964709615801, -0.000676924770232, -0.000380600657081, -0.00222976366058, -0.00132915237918, -0.00188714859542, -0.00351758534089, 0.00587291549891, -0.00534601695836, -0.00859710201621, 0.0258344653994]]}, "melbands": {"dmean": [0.0107304817066, 0.00762497913092, 0.00185505009722, 0.00111079460476, 0.000224676477956, 7.26029320504e-05, 5.74676487304e-05, 4.50173065474e-05, 4.74024600408e-05, 2.37840467889e-05, 3.80990022677e-05, 3.03843335132e-05, 1.57715985551e-05, 1.26512895804e-05, 8.40050961415e-06, 1.00969355117e-05, 1.00074803413e-05, 7.85077736509e-06, 9.12322593649e-06, 9.53082690103e-06, 7.69599955674e-06, 6.26925293545e-06, 5.94327411818e-06, 4.71998600915e-06, 4.88412342747e-06, 3.3690453165e-06, 2.71948033514e-06, 2.97339011013e-06, 3.38520612786e-06, 3.13600662594e-06, 3.54160488314e-06, 2.66883284894e-06, 2.64240316028e-06, 2.62391290562e-06, 1.60592821885e-06, 9.29561622343e-07, 8.21109381377e-07, 9.12418443022e-07, 6.53997346944e-07, 4.54035813391e-07], "dmean2": [0.0182156153023, 0.013789604418, 0.00337170157582, 0.00186077866238, 0.000410829932662, 0.000121625205793, 9.47157022892e-05, 7.22407712601e-05, 6.98729927535e-05, 3.7323734432e-05, 5.65118134546e-05, 4.58625690953e-05, 2.31737503782e-05, 1.85458757187e-05, 1.19047990665e-05, 1.39190769914e-05, 1.64599969139e-05, 1.23695899674e-05, 1.52906941366e-05, 1.61927673616e-05, 1.2294566659e-05, 1.05497492768e-05, 9.60774741543e-06, 7.23460652807e-06, 7.41459007259e-06, 5.02934926772e-06, 4.35472520621e-06, 4.68505868412e-06, 5.58320107302e-06, 5.13506347488e-06, 6.04377964919e-06, 4.30278851127e-06, 4.29841065852e-06, 4.16834518546e-06, 2.29918100558e-06, 1.23761913073e-06, 1.12235034067e-06, 1.23254392292e-06, 8.41907763061e-07, 5.93461265908e-07], "dvar": [0.000830625474919, 0.000600527971983, 2.50940283877e-05, 1.24132056953e-05, 5.1702033943e-07, 2.86538934802e-08, 1.94414795374e-08, 1.04624051644e-08, 1.10622533356e-08, 3.62591356939e-09, 7.30724991627e-09, 9.05144315055e-09, 1.45337109014e-09, 1.09334963305e-09, 2.94069685269e-10, 3.29940796906e-10, 2.88910367852e-10, 2.68415040194e-10, 3.41142891713e-10, 3.18686327327e-10, 2.56831278467e-10, 1.63875454873e-10, 1.21822538168e-10, 9.88922138623e-11, 1.49779549874e-10, 5.6141678112e-11, 2.57929441694e-11, 3.1750171936e-11, 4.11965392355e-11, 3.46696560349e-11, 6.37201194587e-11, 3.4333650506e-11, 4.06680245035e-11, 3.65243148226e-11, 1.2630565864e-11, 4.61175151886e-12, 4.35245893146e-12, 5.00517249175e-12, 2.78788038661e-12, 1.33059253719e-12], "dvar2": [0.00214228802361, 0.00168488069903, 7.17172151781e-05, 3.14315948344e-05, 1.50151765865e-06, 7.42513819318e-08, 5.01301791189e-08, 2.64114667914e-08, 2.31547669927e-08, 8.50271408837e-09, 1.5418931909e-08, 2.05768611039e-08, 3.28175286946e-09, 2.56990717595e-09, 6.33083030444e-10, 6.58943510867e-10, 7.3305761461e-10, 6.66344424083e-10, 8.72945160602e-10, 7.95082499838e-10, 5.80757997248e-10, 4.32913538351e-10, 3.07025155299e-10, 2.1931480243e-10, 3.14837517168e-10, 1.10356973559e-10, 5.58241855519e-11, 7.02474883818e-11, 1.01856537094e-10, 8.33150146096e-11, 1.71817948758e-10, 7.81513395665e-11, 9.39033989455e-11, 8.67053304154e-11, 2.26690402561e-11, 7.04661849704e-12, 9.79027622861e-12, 1.11202644315e-11, 4.34383171793e-12, 1.8984770353e-12], "max": [0.167995363474, 0.166153043509, 0.0347864478827, 0.0279130320996, 0.00640203151852, 0.00187764572911, 0.0028883786872, 0.00285295513459, 0.00187835481483, 0.00113604136277, 0.00163924088702, 0.00268622417934, 0.000665265077259, 0.000626438355539, 0.000282368768239, 0.000313085212838, 0.000214092709939, 0.000295863166684, 0.000256951199844, 0.000198422727408, 0.00022418439039, 0.000212131883018, 0.000158470647875, 0.000137625378557, 0.000143152472447, 0.000106280764157, 6.69278451824e-05, 6.54232717352e-05, 6.04871565884e-05, 4.85699783894e-05, 7.40593386581e-05, 6.09835587966e-05, 4.8786863772e-05, 4.91716527904e-05, 3.00051851809e-05, 2.12993054447e-05, 2.23163042392e-05, 2.10840389627e-05, 1.59619485203e-05, 1.03287729871e-05], "mean": [0.00936813466251, 0.0058101224713, 0.00144555151928, 0.000976329785772, 0.000219298206503, 8.38170963107e-05, 7.86358650657e-05, 7.87289973232e-05, 6.77001371514e-05, 3.20181679854e-05, 5.81860695092e-05, 4.43586977781e-05, 2.53266643995e-05, 1.77330493898e-05, 1.6208323359e-05, 2.68416260951e-05, 1.37518318297e-05, 1.30462130983e-05, 1.40799456858e-05, 1.30813396026e-05, 1.11344352263e-05, 8.8224578576e-06, 8.74657962413e-06, 6.93868059898e-06, 6.59639681544e-06, 5.14368275617e-06, 4.00774843001e-06, 4.35531865151e-06, 4.45154091722e-06, 4.55625149698e-06, 4.04836237067e-06, 3.31957244271e-06, 3.44308455169e-06, 3.39500115842e-06, 2.39745759245e-06, 1.43438057876e-06, 9.45414285525e-07, 9.96895778371e-07, 8.48529964514e-07, 6.45493287266e-07], "median": [0.00100578053389, 0.00114225514699, 0.000357648124918, 0.000227231736062, 8.93359392649e-05, 3.14884055115e-05, 3.36333541782e-05, 4.19887510361e-05, 2.14724186662e-05, 8.04139290267e-06, 1.95579796127e-05, 1.6147210772e-05, 9.09189930098e-06, 7.13251392881e-06, 1.00992019725e-05, 1.13209534902e-05, 7.11387156116e-06, 6.57974806018e-06, 8.15848306956e-06, 6.73679642205e-06, 4.57745227322e-06, 4.40255780632e-06, 3.84732766179e-06, 3.32139825332e-06, 1.98559382625e-06, 1.83657675734e-06, 1.24960365611e-06, 1.35745165153e-06, 9.15987470762e-07, 1.26073757656e-06, 5.64827644212e-07, 5.55310236905e-07, 4.45664198878e-07, 3.05370576825e-07, 3.09602199877e-07, 2.2312075032e-07, 1.11248311896e-07, 1.19619329553e-07, 4.40837233384e-08, 2.67440363189e-08], "min": [3.83956825258e-24, 3.36032420861e-24, 3.2727667618e-24, 1.52486063561e-24, 7.57965956729e-25, 2.24560064066e-24, 2.61037031766e-24, 2.77296677757e-24, 3.15685647077e-24, 3.57630170268e-24, 4.22569752188e-24, 6.59228378742e-24, 4.26254442591e-24, 5.91630493343e-24, 6.44462283103e-24, 4.84642771351e-24, 4.1466694364e-24, 5.02289392586e-24, 5.07351276357e-24, 5.00474815289e-24, 4.53357731142e-24, 5.7494261421e-24, 4.67274460244e-24, 3.36728906154e-24, 5.85719085264e-24, 7.19548903961e-24, 6.03819617063e-24, 5.47553718568e-24, 5.19575267729e-24, 7.62490626223e-24, 6.94399702758e-24, 6.83021567492e-24, 6.05789166085e-24, 5.26793857771e-24, 6.01177130246e-24, 6.09265242221e-24, 8.2775876871e-24, 7.83323811641e-24, 8.60926109926e-24, 6.96697181259e-24], "var": [0.000654882518575, 0.000384223036235, 1.52091552081e-05, 9.58301734499e-06, 3.01799104818e-07, 2.56195420434e-08, 2.19598952356e-08, 1.48035308456e-08, 1.92817566358e-08, 5.33226485189e-09, 1.22021415194e-08, 1.42422482696e-08, 2.24362772805e-09, 1.32538569009e-09, 4.78200201659e-10, 1.30601918169e-09, 3.91412485756e-10, 3.63097302225e-10, 4.35568692225e-10, 3.78737180506e-10, 3.29491017803e-10, 1.75438774619e-10, 1.75563036331e-10, 1.31039804008e-10, 2.03923780639e-10, 9.39123362409e-11, 4.38121310065e-11, 5.32397008424e-11, 6.18401024832e-11, 5.40728850584e-11, 7.4528425098e-11, 5.3274582662e-11, 5.96836885469e-11, 5.01591615465e-11, 2.28651680922e-11, 9.50801850447e-12, 5.50384997994e-12, 6.40528255436e-12, 5.01057008384e-12, 2.69342794595e-12]}, "mfcc": {"mean": [-698.234436035, 119.797431946, 4.57748222351, 37.1100616455, 10.2018880844, 19.4716339111, 3.10935807228, 11.4717712402, 4.35932922363, 6.58997964859, 0.348075002432, 3.31316518784, -2.67787909508], "cov": [[12995.8291016, 148.906097412, 259.719390869, 406.532104492, -91.3476791382, 314.850128174, -27.7511253357, 172.534713745, 18.5260467529, 33.5340881348, -62.8810768127, 46.1307220459, 47.1867141724], [148.906097412, 2012.62194824, -464.289123535, 231.63885498, 144.610839844, 111.147880554, 16.6839580536, -50.0326080322, -77.3220214844, 108.726333618, 20.756855011, 118.143310547, -35.4801826477], [259.719390869, -464.289123535, 649.109069824, 45.9823036194, 58.696849823, 47.6681556702, 124.047180176, 85.5104980469, 152.926727295, 14.9230518341, 69.9351425171, -39.5127067566, 52.4050178528], [406.532104492, 231.63885498, 45.9823036194, 293.975219727, 62.5043830872, 145.564025879, 14.63377285, 46.5657539368, 27.5558719635, 47.7554931641, -1.45153701305, 58.0623054504, 14.7119283676], [-91.3476791382, 144.610839844, 58.696849823, 62.5043830872, 208.665771484, 62.282333374, 68.7817993164, 13.4942350388, 28.8338508606, 14.8012523651, 25.5859489441, 20.00415802, -19.2057781219], [314.850128174, 111.147880554, 47.6681556702, 145.564025879, 62.282333374, 147.803085327, 51.4454460144, 41.7346763611, 24.1131591797, 39.5240974426, 2.28494715691, 38.902885437, 7.45202255249], [-27.7511253357, 16.6839580536, 124.047180176, 14.63377285, 68.7817993164, 51.4454460144, 149.276031494, 62.6509895325, 68.5269393921, 26.1547164917, 41.7953262329, 14.6172227859, 14.7879638672], [172.534713745, -50.0326080322, 85.5104980469, 46.5657539368, 13.4942350388, 41.7346763611, 62.6509895325, 100.421180725, 62.0691299438, 32.4645423889, 10.6067781448, 9.09782791138, 5.66365146637], [18.5260467529, -77.3220214844, 152.926727295, 27.5558719635, 28.8338508606, 24.1131591797, 68.5269393921, 62.0691299438, 121.827438354, 42.4826850891, 52.9965019226, -11.2287597656, 19.7514877319], [33.5340881348, 108.726333618, 14.9230518341, 47.7554931641, 14.8012523651, 39.5240974426, 26.1547164917, 32.4645423889, 42.4826850891, 89.8983840942, 27.7268733978, 32.1506576538, 2.79331827164], [-62.8810768127, 20.756855011, 69.9351425171, -1.45153701305, 25.5859489441, 2.28494715691, 41.7953262329, 10.6067781448, 52.9965019226, 27.7268733978, 96.1368865967, 14.0379638672, 24.6509532928], [46.1307220459, 118.143310547, -39.5127067566, 58.0623054504, 20.00415802, 38.902885437, 14.6172227859, 9.09782791138, -11.2287597656, 32.1506576538, 14.0379638672, 88.4180450439, 22.2300872803], [47.1867141724, -35.4801826477, 52.4050178528, 14.7119283676, -19.2057781219, 7.45202255249, 14.7879638672, 5.66365146637, 19.7514877319, 2.79331827164, 24.6509532928, 22.2300872803, 82.5952148438]], "icov": [[8.65960173542e-05, -2.19556368393e-05, -5.82395841775e-05, -7.97230313765e-06, 8.49453863339e-05, -0.000208343553822, 0.000134982750751, -0.000181872674148, 6.72287933412e-05, 7.79901529313e-05, -1.12408733912e-05, 1.76443918463e-05, -1.37868601087e-05], [-2.19556368393e-05, 0.000862214306835, 0.000716084032319, -0.000896358629689, -0.000418436829932, 0.000460271199699, -0.000842558394652, 0.000690865854267, 0.000523627735674, -0.00102837756276, -0.00037272949703, 0.000224648334552, 1.32355353344e-05], [-5.82395841775e-05, 0.000716084032319, 0.00312651274726, -0.00101884303149, -0.000597453094088, 0.000231612619245, -0.00155888171867, 0.000349230947904, -0.00186912540812, 6.41125225229e-05, -0.000604980741628, 0.0015192363644, -0.00114954775199], [-7.97230313765e-06, -0.000896358629689, -0.00101884303149, 0.0090351998806, -0.000563407025766, -0.00787840597332, 0.00486857444048, -0.00223313830793, -0.00230873888358, 0.0012596307788, 0.000995699549094, -0.00295811472461, -0.000473659805721], [8.49453863339e-05, -0.000418436829932, -0.000597453094088, -0.000563407025766, 0.00740541052073, -0.00194540491793, -0.00270081590861, 0.00216520787217, -0.0013069328852, 0.00184327689931, -0.000878824095707, -0.00153165427037, 0.00340845366009], [-0.000208343553822, 0.000460271199699, 0.000231612619245, -0.00787840597332, -0.00194540491793, 0.0180972255766, -0.00579252000898, -7.08846491762e-05, 0.00258850003593, -0.0040056402795, 0.00197278149426, -0.000191250568605, -0.000490943610203], [0.000134982750751, -0.000842558394652, -0.00155888171867, 0.00486857444048, -0.00270081590861, -0.00579252000898, 0.0157811064273, -0.00696400739253, -0.00335886981338, 0.00270068040118, -0.00213226745836, -0.00244922260754, -0.000763031537645], [-0.000181872674148, 0.000690865854267, 0.000349230947904, -0.00223313830793, 0.00216520787217, -7.08846491762e-05, -0.00696400739253, 0.0210762489587, -0.008673758246, -0.002153002657, 0.00473685562611, -0.00231698295102, 0.00224524387158], [6.72287933412e-05, 0.000523627735674, -0.00186912540812, -0.00230873888358, -0.0013069328852, 0.00258850003593, -0.00335886981338, -0.008673758246, 0.0253392457962, -0.00855655688792, -0.00799243617803, 0.00899448432028, -0.00336319999769], [7.79901529313e-05, -0.00102837756276, 6.41125225229e-05, 0.0012596307788, 0.00184327689931, -0.0040056402795, 0.00270068040118, -0.002153002657, -0.00855655688792, 0.0203370060772, -0.00209616683424, -0.00741961412132, 0.00368371978402], [-1.12408733912e-05, -0.00037272949703, -0.000604980741628, 0.000995699549094, -0.000878824095707, 0.00197278149426, -0.00213226745836, 0.00473685562611, -0.00799243617803, -0.00209616683424, 0.0177306123078, -0.00363775342703, -0.00260312436149], [1.76443918463e-05, 0.000224648334552, 0.0015192363644, -0.00295811472461, -0.00153165427037, -0.000191250568605, -0.00244922260754, -0.00231698295102, 0.00899448432028, -0.00741961412132, -0.00363775342703, 0.0207454226911, -0.00648990925401], [-1.37868601087e-05, 1.32355353344e-05, -0.00114954775199, -0.000473659805721, 0.00340845366009, -0.000490943610203, -0.000763031537645, 0.00224524387158, -0.00336319999769, 0.00368371978402, -0.00260312436149, -0.00648990925401, 0.016957372427]]}, "spectral_contrast_coeffs": {"dmean": [0.0611812286079, 0.0371061749756, 0.0341941341758, 0.0273252800107, 0.0229568555951, 0.020261194557], "dmean2": [0.0995906069875, 0.0611764006317, 0.0543159656227, 0.0431737266481, 0.0344733670354, 0.0310491528362], "dvar": [0.00375045649707, 0.00100338133052, 0.000961350451689, 0.000627201166935, 0.000610036368016, 0.000508037570398], "dvar2": [0.0092521738261, 0.00259070983157, 0.00230782502331, 0.00141058955342, 0.00117156875785, 0.00114764820319], "max": [-0.348520308733, -0.515643715858, -0.478401392698, -0.581983327866, -0.585142076015, -0.594502449036], "mean": [-0.678677618504, -0.768115639687, -0.783911883831, -0.787930428982, -0.786769807339, -0.727442264557], "median": [-0.686806559563, -0.768874406815, -0.78612601757, -0.784147620201, -0.786943256855, -0.731828570366], "min": [-0.970658659935, -0.990975499153, -0.984680175781, -0.971513390541, -0.96501404047, -0.96349298954], "var": [0.00745763909072, 0.00390475895256, 0.00349976704456, 0.00349548016675, 0.00384705816396, 0.00341728050262]}, "spectral_contrast_valleys": {"dmean": [0.492921739817, 0.460636794567, 0.429225176573, 0.401461988688, 0.432981044054, 0.481743663549], "dmean2": [0.728919565678, 0.687570810318, 0.616085529327, 0.571483552456, 0.582171201706, 0.567383289337], "dvar": [0.299378186464, 0.319254219532, 0.306748062372, 0.315775752068, 0.420817553997, 0.49248957634], "dvar2": [0.50600785017, 0.59981739521, 0.516880869865, 0.596648454666, 0.808980822563, 0.854689955711], "max": [-4.63846540451, -4.92610836029, -5.289336