{"lowlevel": {"average_loudness": 0.93146020174, "barkbands_crest": {"dmean": 2.96608710289, "dmean2": 4.77567195892, "dvar": 7.56006240845, "dvar2": 18.0354633331, "max": 24.8490276337, "mean": 11.3376588821, "median": 10.4033994675, "min": 2.33211445808, "var": 21.0060272217}, "barkbands_flatness_db": {"dmean": 0.0306143835187, "dmean2": 0.0448558889329, "dvar": 0.000880895648152, "dvar2": 0.00177808420267, "max": 0.447394162416, "mean": 0.160169675946, "median": 0.146243602037, "min": 0.0233282633126, "var": 0.00571848964319}, "barkbands_kurtosis": {"dmean": 7.30969429016, "dmean2": 10.8020057678, "dvar": 174.922485352, "dvar2": 339.612518311, "max": 356.779174805, "mean": 12.388710022, "median": 7.11187076569, "min": -1.94866776466, "var": 359.555328369}, "barkbands_skewness": {"dmean": 0.800087094307, "dmean2": 1.15692508221, "dvar": 0.806786954403, "dvar2": 1.50124061108, "max": 15.5227613449, "mean": 2.54887890816, "median": 2.4493689537, "min": -4.40369319916, "var": 3.54485750198}, "barkbands_spread": {"dmean": 7.94140052795, "dmean2": 11.5455884933, "dvar": 126.119598389, "dvar2": 253.401275635, "max": 106.577507019, "mean": 19.1324939728, "median": 13.4642553329, "min": 0.47564291954, "var": 291.95098877}, "dissonance": {"dmean": 0.0216695219278, "dmean2": 0.0354671888053, "dvar": 0.000429092731792, "dvar2": 0.00110837025568, "max": 0.500000119209, "mean": 0.45604917407, "median": 0.462053745985, "min": 0.096806615591, "var": 0.000949670560658}, "dynamic_complexity": 4.91067790985, "erbbands_crest": {"dmean": 2.88972258568, "dmean2": 4.59913444519, "dvar": 7.65186071396, "dvar2": 17.9147586823, "max": 30.6983528137, "mean": 9.31756687164, "median": 8.25942707062, "min": 2.29999804497, "var": 21.862405777}, "erbbands_flatness_db": {"dmean": 0.0207617711276, "dmean2": 0.0313354060054, "dvar": 0.000415123009589, "dvar2": 0.000913438037969, "max": 0.554249882698, "mean": 0.148194640875, "median": 0.108927726746, "min": 0.0330572165549, "var": 0.0109956860542}, "erbbands_kurtosis": {"dmean": 1.19629406929, "dmean2": 1.85278129578, "dvar": 3.15560436249, "dvar2": 7.24176359177, "max": 36.2584686279, "mean": 0.60820132494, "median": -0.0274360179901, "min": -1.88204085827, "var": 5.66740894318}, "erbbands_skewness": {"dmean": 0.430208474398, "dmean2": 0.634271204472, "dvar": 0.180620789528, "dvar2": 0.380147188902, "max": 5.79169654846, "mean": 0.690012633801, "median": 0.698098659515, "min": -5.17655706406, "var": 0.649563193321}, "erbbands_spread": {"dmean": 12.0082902908, "dmean2": 17.5945739746, "dvar": 152.181976318, "dvar2": 317.514404297, "max": 173.553527832, "mean": 52.6743850708, "median": 50.8562431335, "min": 1.71158647537, "var": 842.691711426}, "hfc": {"dmean": 10.1003551483, "dmean2": 14.530547142, "dvar": 292.226287842, "dvar2": 676.083435059, "max": 242.192672729, "mean": 17.7035560608, "median": 10.3054704666, "min": 1.08521642827e-16, "var": 466.398834229}, "melbands_crest": {"dmean": 3.51350474358, "dmean2": 5.40882158279, "dvar": 10.1679592133, "dvar2": 22.2705192566, "max": 32.6038513184, "mean": 15.3101902008, "median": 14.3071136475, "min": 1.63291883469, "var": 36.530834198}, "melbands_flatness_db": {"dmean": 0.0347341708839, "dmean2": 0.0494541041553, "dvar": 0.00121102668345, "dvar2": 0.00232975371182, "max": 0.536449551582, "mean": 0.233864620328, "median": 0.235090002418, "min": 0.00314890430309, "var": 0.00559485517442}, "melbands_kurtosis": {"dmean": 17.8176498413, "dmean2": 26.071434021, "dvar": 845.25390625, "dvar2": 1637.89245605, "max": 574.041320801, "mean": 36.4071006775, "median": 22.9919433594, "min": -1.86438858509, "var": 1991.42614746}, "melbands_skewness": {"dmean": 1.07754051685, "dmean2": 1.5465067625, "dvar": 1.36840009689, "dvar2": 2.5917339325, "max": 18.9172878265, "mean": 4.05175638199, "median": 3.7826256752, "min": -2.07005548477, "var": 7.04782104492}, "melbands_spread": {"dmean": 6.13902711868, "dmean2": 9.3353509903, "dvar": 112.677566528, "dvar2": 250.074188232, "max": 184.93145752, "mean": 16.1362266541, "median": 10.6289463043, "min": 0.39524808526, "var": 383.769805908}, "pitch_salience": {"dmean": 0.0832613408566, "dmean2": 0.128878250718, "dvar": 0.00643549161032, "dvar2": 0.0128327040002, "max": 0.961085379124, "mean": 0.537921845913, "median": 0.563079535961, "min": 0.0713508427143, "var": 0.0195634700358}, "silence_rate_20dB": {"dmean": 0, "dmean2": 0, "dvar": 0, "dvar2": 0, "max": 1, "mean": 1, "median": 1, "min": 1, "var": 0}, "silence_rate_30dB": {"dmean": 0.0725924447179, "dmean2": 0.14519906044, "dvar": 0.0673171207309, "dvar2": 0.150670096278, "max": 1, "mean": 0.937951207161, "median": 1, "min": 0, "var": 0.0581954903901}, "silence_rate_60dB": {"dmean": 0.0306371357292, "dmean2": 0.0612802505493, "dvar": 0.0297004617751, "dvar2": 0.0624045282602, "max": 1, "mean": 0.171317070723, "median": 0, "min": 0, "var": 0.141976609826}, "spectral_centroid": {"dmean": 286.66607666, "dmean2": 416.851837158, "dvar": 130919.90625, "dvar2": 259046.46875, "max": 11772.5087891, "mean": 1259.22229004, "median": 931.745849609, "min": 139.093063354, "var": 1571541.625}, "spectral_complexity": {"dmean": 3.56659197807, "dmean2": 5.3873925209, "dvar": 23.1872081757, "dvar2": 49.4118232727, "max": 48, "mean": 11.4624385834, "median": 10, "min": 0, "var": 53.4612693787}, "spectral_decrease": {"dmean": 3.52028606265e-09, "dmean2": 5.10625142169e-09, "dvar": 3.76291111182e-17, "dvar2": 7.86240995583e-17, "max": 6.23341531505e-20, "mean": -8.02607935668e-09, "median": -5.62386404113e-09, "min": -6.20211508817e-08, "var": 8.25687849332e-17}, "spectral_energy": {"dmean": 0.0138755124062, "dmean2": 0.0201644841582, "dvar": 0.000565666414332, "dvar2": 0.0011862993706, "max": 0.243318781257, "mean": 0.0318980701268, "median": 0.0226782746613, "min": 1.00646797136e-20, "var": 0.00124251993839}, "spectral_energyband_high": {"dmean": 0.000863033928908, "dmean2": 0.00125119776931, "dvar": 3.24608481606e-06, "dvar2": 7.28339318812e-06, "max": 0.0429754145443, "mean": 0.00126753596123, "median": 0.000441787939053, "min": 7.02653094977e-21, "var": 5.25496943737e-06}, "spectral_energyband_low": {"dmean": 0.0100254528224, "dmean2": 0.0135694928467, "dvar": 0.000361801648978, "dvar2": 0.000708692357875, "max": 0.193665593863, "mean": 0.0181817151606, "median": 0.00829944945872, "min": 1.18793853742e-23, "var": 0.000759395363275}, "spectral_energyband_middle_high": {"dmean": 0.000745590776205, "dmean2": 0.00115970615298, "dvar": 1.65533924701e-06, "dvar2": 3.89291517422e-06, "max": 0.0200513489544, "mean": 0.00142912089359, "median": 0.000856843253132, "min": 1.15017434594e-21, "var": 2.63713013737e-06}, "spectral_energyband_middle_low": {"dmean": 0.00816942658275, "dmean2": 0.0131430467591, "dvar": 0.000285550602712, "dvar2": 0.000725407793652, "max": 0.157717868686, "mean": 0.0125927366316, "median": 0.0068037295714, "min": 1.52632291552e-22, "var": 0.000300249899738}, "spectral_entropy": {"dmean": 0.234334811568, "dmean2": 0.341202586889, "dvar": 0.0574247427285, "dvar2": 0.127015009522, "max": 9.82220840454, "mean": 7.58342599869, "median": 7.63439464569, "min": 5.02444076538, "var": 0.348134279251}, "spectral_flux": {"dmean": 0.0341983065009, "dmean2": 0.0522036291659, "dvar": 0.00189571152441, "dvar2": 0.00392665714025, "max": 0.435738474131, "mean": 0.0861114114523, "median": 0.0666120499372, "min": 6.28358060029e-11, "var": 0.00519762467593}, "spectral_kurtosis": {"dmean": 1.8351804018, "dmean2": 3.05391860008, "dvar": 12.9765033722, "dvar2": 40.7690315247, "max": 80.8092193604, "mean": 4.2363524437, "median": 2.80388855934, "min": -1.26862025261, "var": 36.3189964294}, "spectral_rms": {"dmean": 0.00102425436489, "dmean2": 0.00145854149014, "dvar": 1.97926101464e-06, "dvar2": 3.71465125681e-06, "max": 0.0154072763398, "mean": 0.00474587688223, "median": 0.00470373732969, "min": 3.13356025156e-12, "var": 8.59672400111e-06}, "spectral_rolloff": {"dmean": 640.766601562, "dmean2": 1078.8203125, "dvar": 2062053.875, "dvar2": 4531253.5, "max": 20004.3457031, "mean": 1504.94580078, "median": 581.396484375, "min": 64.599609375, "var": 6581898.5}, "spectral_skewness": {"dmean": 0.264706164598, "dmean2": 0.405111759901, "dvar": 0.0909903794527, "dvar2": 0.255945533514, "max": 7.08374834061, "mean": 1.46485543251, "median": 1.43364906311, "min": -0.249177694321, "var": 0.339769423008}, "spectral_spread": {"dmean": 691689.1875, "dmean2": 1015735.1875, "dvar": 842735157248, "dvar2": 1649387241470.0, "max": 42441392, "mean": 6519146, "median": 6683875.5, "min": 811431.6875, "var": 17610146054100.0}, "spectral_strongpeak": {"dmean": 0.309237003326, "dmean2": 0.496488630772, "dvar": 0.150248676538, "dvar2": 0.347069472075, "max": 9.09652328491, "mean": 0.619803726673, "median": 0.45370849967, "min": 0, "var": 0.310319900513}, "zerocrossingrate": {"dmean": 0.0161693077534, "dmean2": 0.0186447873712, "dvar": 0.000358936551493, "dvar2": 0.000493326224387, "max": 0.5244140625, "mean": 0.0685774087906, "median": 0.0517578125, "min": 0.0029296875, "var": 0.00390538503416}, "barkbands": {"dmean": [0.000275621336186, 0.00511760404333, 0.00643619615585, 0.00333669432439, 0.00363318901509, 0.00122545170598, 0.000752742111217, 0.000565356516745, 0.000421035452746, 0.000254189275438, 0.000164828379638, 0.000131110529765, 8.41208893689e-05, 8.66668196977e-05, 6.18525737082e-05, 6.76363924867e-05, 7.85722440924e-05, 7.16005743016e-05, 6.46786866128e-05, 0.000135014255648, 0.000136749687954, 0.00016409100499, 0.000148542399984, 0.000132115048473, 0.000123154590256, 8.91274539754e-05, 8.45312169986e-05], "dmean2": [0.000455405359389, 0.0079404944554, 0.00924824737012, 0.00553265539929, 0.00627160957083, 0.00198809360154, 0.001232375158, 0.000873434531968, 0.000679348828271, 0.000396943942178, 0.000267575785983, 0.000216488231672, 0.000139156938531, 0.000139751820825, 0.000100433200714, 0.000113807458547, 0.000129827501951, 0.000118800409837, 0.000102705678728, 0.000205738921068, 0.000211572114495, 0.000245767820161, 0.000225690178922, 0.000196480177692, 0.000179380251211, 0.000133659807034, 0.000134080619318], "dvar": [1.90497374319e-07, 8.68367424118e-05, 0.000231970159803, 8.36439940031e-05, 6.96264905855e-05, 9.87225030258e-06, 4.10540997109e-06, 1.31074352794e-06, 9.00402369552e-07, 4.64196460825e-07, 9.89806281382e-08, 1.18723420428e-07, 3.79484141888e-08, 2.92768067567e-08, 1.67519011995e-08, 2.53813290385e-08, 2.45458373627e-08, 2.87369665841e-08, 1.60358943901e-08, 1.45308746369e-07, 2.91510019679e-07, 2.26496354117e-07, 1.13202730745e-07, 8.86587869786e-08, 7.14553962666e-08, 4.45450396569e-08, 2.96982740622e-08], "dvar2": [4.94664675443e-07, 0.000206312659429, 0.000477260531625, 0.000207736709854, 0.000193920335732, 2.45091887336e-05, 9.972855878e-06, 2.68940698334e-06, 2.15592922359e-06, 9.77690206128e-07, 2.18945075403e-07, 2.63079158458e-07, 9.49485965407e-08, 7.27430844449e-08, 4.05365199185e-08, 6.87174974701e-08, 6.31145269381e-08, 7.65714247564e-08, 3.89554273283e-08, 3.31216199356e-07, 6.89588318892e-07, 5.0990672662e-07, 2.64813706963e-07, 2.04782168112e-07, 1.54095474159e-07, 1.06106433861e-07, 7.25922433276e-08], "max": [0.00739920698106, 0.101075649261, 0.136256679893, 0.0896852761507, 0.0886278599501, 0.069447375834, 0.0488325692713, 0.021427417174, 0.0197022799402, 0.0238190963864, 0.00692461431026, 0.0170646831393, 0.00408767722547, 0.00302158365957, 0.00270269671455, 0.00384722859599, 0.00213213916868, 0.00352137722075, 0.00303496653214, 0.0135208470747, 0.0243377424777, 0.0151655375957, 0.00612310878932, 0.0071464208886, 0.00541575811803, 0.00194106937852, 0.00158101075795], "mean": [0.000416905153543, 0.00832934956998, 0.00798074901104, 0.0033269575797, 0.00490259891376, 0.00161951617338, 0.000939770368859, 0.000879934174009, 0.000661073194351, 0.000410128326621, 0.000279423373286, 0.000164144410519, 0.000105764142063, 0.000116378330858, 7.69305843278e-05, 7.69174221205e-05, 9.4038892712e-05, 8.30433273222e-05, 9.66310180956e-05, 0.000177120382432, 0.000184165401151, 0.000243773291004, 0.000204463955015, 0.000193276195205, 0.000163835065905, 9.83101126621e-05, 7.28237355361e-05], "median": [0.000233404309256, 0.00388621352613, 0.00224563619122, 0.000684858125169, 0.00149017735384, 0.000538140768185, 0.00031120760832, 0.000307554844767, 0.000204967931495, 0.000147306331201, 9.82672063401e-05, 6.50169095024e-05, 3.64360384992e-05, 4.57819187432e-05, 2.86983085971e-05, 2.79897503788e-05, 3.78249169444e-05, 3.1165422115e-05, 4.04901111324e-05, 5.76615311729e-05, 4.89101330459e-05, 7.05833735992e-05, 6.03754560871e-05, 6.03761836828e-05, 5.02822695125e-05, 2.86432623398e-05, 9.15985947358e-06], "min": [3.22912415388e-26, 2.53116966885e-24, 1.03211513864e-24, 6.3354010944e-25, 1.10329076462e-23, 5.19788457388e-24, 1.07572544024e-23, 1.01407012293e-23, 1.04230787234e-23, 1.4434564222e-23, 8.52446801828e-24, 2.46401571493e-23, 2.32232824997e-23, 3.12244998684e-23, 4.56991350689e-23, 3.58547568169e-23, 7.37985624613e-23, 8.22049482572e-23, 1.24921387622e-22, 1.67339132693e-22, 2.43342662359e-22, 2.89853977061e-22, 4.5046325533e-22, 5.52576288667e-22, 8.85013381288e-22, 1.37455375139e-21, 1.98985122205e-21], "var": [3.35613378866e-07, 0.000146600839798, 0.000295949052088, 7.09139567334e-05, 6.45038162475e-05, 1.23817035274e-05, 5.03336423208e-06, 2.67621976491e-06, 1.64704954386e-06, 1.02888247966e-06, 2.77039134744e-07, 1.62076077004e-07, 5.60604327404e-08, 4.49151897897e-08, 2.16020179522e-08, 2.33340706757e-08, 2.49891396464e-08, 2.53559946373e-08, 2.59863668362e-08, 1.89588860167e-07, 3.81309092745e-07, 4.00109257725e-07, 1.68629455288e-07, 1.38025313845e-07, 1.09807324122e-07, 4.61792311057e-08, 2.85141474876e-08]}, "erbbands": {"dmean": [0.126464664936, 1.22046458721, 5.99763536453, 9.21492004395, 15.3653774261, 9.60970878601, 7.0932469368, 11.1563940048, 12.9867973328, 10.1575050354, 11.0342559814, 11.1481752396, 8.69390010834, 4.91971254349, 7.21750068665, 5.72485542297, 4.15062427521, 4.44657421112, 3.03857254982, 3.56091022491, 3.75354218483, 3.99690628052, 4.06889486313, 3.10445618629, 3.88973855972, 6.53960371017, 6.01324367523, 5.49579572678, 5.96415090561, 5.19446659088, 4.06360578537, 3.02171468735, 2.12112951279, 1.4222009182, 0.884565234184, 0.387572050095, 0.155290991068, 0.0595233440399, 0.019744573161, 0.00058627477847], "dmean2": [0.1877476722, 1.95940744877, 8.42207336426, 14.2096366882, 26.5118217468, 16.3496685028, 11.3628673553, 18.3846988678, 21.0335483551, 15.9981927872, 17.2458324432, 17.7520675659, 13.5453300476, 7.97354602814, 11.4615507126, 9.43709564209, 6.85345602036, 7.15427875519, 4.83310174942, 5.81624889374, 6.36272525787, 6.56816291809, 6.76678466797, 4.93548345566, 6.09612989426, 10.0354623795, 9.31841468811, 8.32521533966, 8.99271678925, 7.78098630905, 6.22263145447, 4.56603002548, 3.13464617729, 2.09687018394, 1.31586170197, 0.586306452751, 0.232863605022, 0.0885420739651, 0.0319663695991, 0.00095772993518], "dvar": [0.0421612560749, 5.91289949417, 180.432037354, 567.43170166, 1534.09619141, 431.588897705, 338.345123291, 937.080566406, 1277.20532227, 456.060699463, 590.079406738, 644.423706055, 694.067626953, 108.973060608, 217.948501587, 173.613723755, 90.152961731, 80.8394622803, 39.1989021301, 59.5864524841, 78.1123733521, 62.7505378723, 98.259979248, 46.4796981812, 72.7115020752, 421.794799805, 464.825195312, 447.088256836, 336.765441895, 161.0025177, 86.3764648438, 39.4529037476, 25.5794677734, 10.4618625641, 3.81348800659, 0.863965749741, 0.133251026273, 0.0160869322717, 0.00156164588407, 1.52528355102e-06], "dvar2": [0.0970988124609, 13.2521133423, 360.97857666, 1276.9329834, 4255.91992188, 1172.4387207, 797.654968262, 2388.78833008, 3083.64526367, 1034.37646484, 1209.55065918, 1539.45251465, 1423.4934082, 263.6534729, 465.259185791, 417.041809082, 228.388244629, 199.705459595, 91.7951583862, 150.637557983, 214.724533081, 159.656600952, 263.954650879, 117.4295578, 171.320068359, 992.202880859, 1097.67370605, 1040.77832031, 767.240478516, 373.956939697, 205.862075806, 91.1746139526, 58.6349716187, 22.0776786804, 8.69931030273, 2.08797621727, 0.313385099173, 0.0356702543795, 0.00390918925405, 3.85196244679e-06], "max": [2.37159872055, 28.2053985596, 121.233306885, 279.983062744, 395.451751709, 229.118103027, 583.970825195, 603.48651123, 805.493041992, 502.946258545, 581.86126709, 532.657043457, 960.788757324, 238.768325806, 385.909912109, 513.223693848, 210.302337646, 169.018203735, 169.989532471, 148.112014771, 143.706588745, 119.911842346, 149.400939941, 330.998382568, 233.323791504, 880.178344727, 885.528564453, 899.343261719, 527.930725098, 289.135437012, 147.293411255, 116.495002747, 117.657775879, 80.2584533691, 28.7242202759, 9.23417472839, 3.5162358284, 1.1474364996, 0.355391532183, 0.0119506698102], "mean": [0.219472110271, 1.98418962955, 8.29880142212, 10.6412000656, 17.3800048828, 13.0808706284, 11.2899532318, 13.8426437378, 16.2491970062, 15.4383563995, 17.3603439331, 18.3082084656, 14.4533920288, 7.73234844208, 12.7073822021, 7.88328742981, 5.47283601761, 6.20554542542, 4.11099863052, 4.55580806732, 4.34150886536, 4.73331880569, 4.81873226166, 4.57368421555, 5.63488054276, 8.5825138092, 7.91054487228, 7.55616998672, 8.42051792145, 7.78948688507, 5.46108722687, 4.2546916008, 3.08672761917, 1.95232903957, 1.10454404354, 0.450833231211, 0.168226003647, 0.0614349395037, 0.0162816718221, 0.000501057133079], "median": [0.0930336564779, 0.887890100479, 2.88621330261, 2.79002332687, 3.91899013519, 4.44196462631, 3.63358545303, 4.17697048187, 4.53747177124, 6.12695121765, 7.08984661102, 6.14808559418, 5.07709884644, 3.43808794022, 4.81847333908, 3.46876955032, 2.14524674416, 2.55545401573, 1.8056871891, 1.72554564476, 1.69759333134, 1.9179494381, 1.86166107655, 2.0764966011, 2.04619979858, 2.82840538025, 2.35448861122, 1.9722263813, 2.23449921608, 2.35576868057, 1.59736192226, 1.33696126938, 0.975319206715, 0.60883808136, 0.320940792561, 0.139284878969, 0.0467701256275, 0.012026719749, 0.00180339440703, 8.76678095665e-05], "min": [1.22197495092e-22, 3.30961304262e-22, 1.44072789748e-21, 6.28418400983e-21, 1.25846975666e-20, 1.83076443776e-20, 5.41362795234e-20, 7.99394711049e-20, 1.7219012976e-19, 1.47485269242e-19, 1.72160131538e-19, 2.5330506329e-19, 5.11439465489e-19, 4.71420519153e-19, 6.78633812091e-19, 1.47776953806e-18, 1.44916284074e-18, 2.18678822729e-18, 1.81601092836e-18, 2.92114366548e-18, 2.85758910427e-18, 4.88803936861e-18, 5.26987793348e-18, 5.25390342149e-18, 7.48299594005e-18, 8.01461085767e-18, 8.94051961223e-18, 8.67561750261e-18, 8.99033739181e-18, 1.01978870829e-17, 1.17183178406e-17, 1.02929235178e-17, 9.14408627944e-18, 7.96403207193e-18, 6.0264524769e-18, 4.17687828159e-18, 2.60737751552e-18, 8.57831118067e-19, 2.46032387947e-19, 2.6612684746e-20], "var": [0.100774459541, 9.40924263, 263.287902832, 594.854614258, 1246.57910156, 475.361907959, 523.035827637, 1049.47021484, 1634.34777832, 740.22277832, 1184.63964844, 1210.6574707, 1587.84521484, 203.949356079, 565.809875488, 232.92565918, 129.813568115, 125.063331604, 53.307926178, 71.2739486694, 65.6411972046, 62.0570602417, 83.7496566772, 53.8798294067, 124.746070862, 501.097473145, 590.850402832, 616.4296875, 551.210998535, 295.314971924, 117.147781372, 57.7752456665, 41.6569786072, 17.3936042786, 4.96580553055, 0.907544016838, 0.139329537749, 0.0182485729456, 0.00142224808224, 1.34669892304e-06]}, "gfcc": {"mean": [-56.5995063782, 62.2079696655, -96.255065918, 21.4487934113, -60.3273429871, 7.0837187767, -25.7423171997, 4.33728265762, -22.0999717712, 0.238997712731, -16.2513179779, -1.84140944481, -11.6718769073], "cov": [[41269.46875, 3065.93676758, 10088.8164062, 3326.24731445, -1379.59460449, 1405.2857666, -1611.49609375, 404.095855713, -537.808837891, 32.2205848694, -723.094543457, -1.98574256897, -974.104370117], [3065.93676758, 2689.03198242, 958.320617676, 210.607711792, -125.185783386, -247.326965332, -148.265441895, -180.86277771, -124.96509552, -233.859664917, -9.59382343292, -199.979370117, -30.2583141327], [10088.8164062, 958.320617676, 6352.26611328, 1638.73815918, 214.769561768, 957.686889648, -429.741485596, 361.629608154, -37.1238479614, 148.869567871, -168.44770813, 151.60244751, -340.506713867], [3326.24731445, 210.607711792, 1638.73815918, 874.480712891, 17.7280292511, 373.031768799, -60.1721572876, 133.842941284, 2.62801170349, 64.0749282837, -41.3169593811, 55.8555717468, -85.688079834], [-1379.59460449, -125.185783386, 214.769561768, 17.7280292511, 492.86529541, 105.278465271, 150.927230835, 96.5338058472, 97.5160751343, 64.9817581177, 50.025806427, 29.486246109, 1.86193013191], [1405.2857666, -247.326965332, 957.686889648, 373.031768799, 105.278465271, 457.289001465, 11.9804735184, 184.190628052, 36.5635910034, 109.957931519, -17.6107826233, 84.1798477173, -56.4410972595], [-1611.49609375, -148.265441895, -429.741485596, -60.1721572876, 150.927230835, 11.9804735184, 239.084075928, 31.8196144104, 72.8677978516, 14.6767263412, 50.4846839905, 0.722826421261, 54.1110458374], [404.095855713, -180.86277771, 361.629608154, 133.842941284, 96.5338058472, 184.190628052, 31.8196144104, 187.738815308, 65.3814926147, 88.6198425293, 2.34888291359, 37.4270324707, -26.8802375793], [-537.808837891, -124.96509552, -37.1238479614, 2.62801170349, 97.5160751343, 36.5635910034, 72.8677978516, 65.3814926147, 149.634262085, 64.4451293945, 44.5102882385, 3.56834316254, -4.01393508911], [32.2205848694, -233.859664917, 148.869567871, 64.0749282837, 64.9817581177, 109.957931519, 14.6767263412, 88.6198425293, 64.4451293945, 135.025314331, 46.0402946472, 52.1792602539, -18.8541469574], [-723.094543457, -9.59382343292, -168.44770813, -41.3169593811, 50.025806427, -17.6107826233, 50.4846839905, 2.34888291359, 44.5102882385, 46.0402946472, 110.975532532, 38.958442688, 26.3925800323], [-1.98574256897, -199.979370117, 151.60244751, 55.8555717468, 29.486246109, 84.1798477173, 0.722826421261, 37.4270324707, 3.56834316254, 52.1792602539, 38.958442688, 111.255302429, 26.2455635071], [-974.104370117, -30.2583141327, -340.506713867, -85.688079834, 1.86193013191, -56.4410972595, 54.1110458374, -26.8802375793, -4.01393508911, -18.8541469574, 26.3925800323, 26.2455635071, 100.407310486]], "icov": [[6.88012587489e-05, -5.43364149053e-05, -4.17210612795e-05, -0.000101633057056, 0.000166178127984, -7.18691671864e-06, 0.000116414230433, -6.85620179866e-05, 3.60990452464e-05, -5.00558526255e-05, 0.000190647129784, -0.000122080222354, 0.000308509974275], [-5.43364149053e-05, 0.000734912639018, -0.000176136760274, -8.39215499582e-05, -0.000122523808386, 0.000353543582605, 0.000125158228911, -1.70876337506e-05, 0.00028518497129, 0.000923815183342, -0.00142448174302, 0.00159432296641, -0.000703075085767], [-4.17210612795e-05, -0.000176136760274, 0.000554206315428, -0.000486871955218, -0.000467367935926, -0.000455221685115, 0.000676965282764, -5.37150917808e-05, -0.000185885743122, 0.000186008808669, 0.000313635799102, -0.000654178555124, 0.000495739979669], [-0.000101633057056, -8.39215499582e-05, -0.000486871955218, 0.00282621383667, 0.000351175258402, -0.00117718602996, -0.000963493774179, 0.000275180849712, -0.000107772306364, -0.000186013712664, -6.54231553199e-05, -1.21168852729e-06, -0.000347534922184], [0.000166178127984, -0.000122523808386, -0.000467367935926, 0.000351175258402, 0.00356007507071, 4.78987840324e-06, -0.0019506115932, -0.000717105343938, -0.000516188098118, -0.000338207464665, 6.88912405167e-05, -0.000565847381949, 0.00113155809231], [-7.18691671864e-06, 0.000353543582605, -0.000455221685115, -0.00117718602996, 4.78987840324e-06, 0.00641581835225, -0.00159049115609, -0.00315537373535, 0.00100964447483, -0.00124830729328, 0.00123591779266, -0.00208422564901, 0.00113310792949], [0.000116414230433, 0.000125158228911, 0.000676965282764, -0.000963493774179, -0.0019506115932, -0.00159049115609, 0.00910112448037, -0.000882476102561, -0.00209347391501, 0.00215637614019, -0.00218755938113, 0.00229027541354, -0.00306065776385], [-6.85620179866e-05, -1.70876337506e-05, -5.37150917808e-05, 0.000275180849712, -0.000717105343938, -0.00315537373535, -0.000882476102561, 0.0120325945318, -0.00270120799541, -0.00454792426899, 0.00265164184384, -0.000202626557439, -0.000287194299744], [3.60990452464e-05, 0.00028518497129, -0.000185885743122, -0.000107772306364, -0.000516188098118, 0.00100964447483, -0.00209347391501, -0.00270120799541, 0.0117294462398, -0.00362500199117, -0.00317126023583, 0.00345227820799, 0.000415372953285], [-5.00558526255e-05, 0.000923815183342, 0.000186008808669, -0.000186013712664, -0.000338207464665, -0.00124830729328, 0.00215637614019, -0.00454792426899, -0.00362500199117, 0.0184067394584, -0.00689653400332, -0.00276854680851, 0.0030376734212], [0.000190647129784, -0.00142448174302, 0.000313635799102, -6.54231553199e-05, 6.88912405167e-05, 0.00123591779266, -0.00218755938113, 0.00265164184384, -0.00317126023583, -0.00689653400332, 0.0184638425708, -0.00811409205198, 0.00085617339937], [-0.000122080222354, 0.00159432296641, -0.000654178555124, -1.21168852729e-06, -0.000565847381949, -0.00208422564901, 0.00229027541354, -0.000202626557439, 0.00345227820799, -0.00276854680851, -0.00811409205198, 0.0206831078976, -0.00902843568474], [0.000308509974275, -0.000703075085767, 0.000495739979669, -0.000347534922184, 0.00113155809231, 0.00113310792949, -0.00306065776385, -0.000287194299744, 0.000415372953285, 0.0030376734212, 0.00085617339937, -0.00902843568474, 0.0190355908126]]}, "melbands": {"dmean": [0.00126510602422, 0.0024575018324, 0.00166633131448, 0.000947530497797, 0.000260796048678, 0.000252161262324, 0.000184521893971, 0.000111927103717, 9.0090361482e-05, 6.50872243568e-05, 4.23175115429e-05, 1.98718735192e-05, 2.30985660892e-05, 1.7534577637e-05, 1.17123181553e-05, 6.96995084581e-06, 9.43207669479e-06, 5.08502398588e-06, 4.24136624133e-06, 5.16932868777e-06, 4.53990560345e-06, 4.28416205978e-06, 4.09313588534e-06, 3.52057713826e-06, 2.49855088441e-06, 2.58855106949e-06, 3.60982221537e-06, 4.68115604235e-06, 3.99603050028e-06, 3.31467163051e-06, 3.41386680702e-06, 3.60983972314e-06, 3.10230643663e-06, 2.95427093988e-06, 2.47137813858e-06, 2.10237681131e-06, 1.80372694558e-06, 1.64502296229e-06, 1.22098356314e-06, 1.20255469938e-06], "dmean2": [0.00192429998424, 0.00329149141908, 0.00254151551053, 0.00164390204009, 0.000418898271164, 0.000412952853367, 0.000299572071526, 0.000174411077751, 0.00014157955593, 0.000103869155282, 6.60781224724e-05, 3.235794793e-05, 3.70402995031e-05, 2.8295609809e-05, 1.95642933249e-05, 1.14486310849e-05, 1.52244692799e-05, 8.08528420748e-06, 6.9266952778e-06, 8.6056525106e-06, 7.74066757003e-06, 7.13508052286e-06, 6.75300771036e-06, 5.88315106143e-06, 3.99205509893e-06, 4.16096781919e-06, 5.55604128749e-06, 7.24120809537e-06, 6.25645134278e-06, 5.25255791217e-06, 5.20821458849e-06, 5.56002441954e-06, 4.72348983749e-06, 4.52655831396e-06, 3.87285581382e-06, 3.24206757796e-06, 2.73476643997e-06, 2.47084926741e-06, 1.81300333679e-06, 1.79729693173e-06], "dvar": [4.60241244582e-06, 2.6306930522e-05, 1.61498264788e-05, 5.23787548445e-06, 3.61576297792e-07, 4.38507356648e-07, 2.456473851e-07, 5.4240015146e-08, 3.65361820798e-08, 2.32116317278e-08, 1.6910378875e-08, 1.94915150686e-09, 2.05002881337e-09, 1.98033878185e-09, 6.75570099862e-10, 2.67674354903e-10, 3.84355519634e-10, 1.09694607564e-10, 7.86622364468e-11, 1.4472779919e-10, 1.18015056061e-10, 7.27305021764e-11, 8.87675211114e-11, 7.03958488724e-11, 3.32590205376e-11, 2.88914864255e-11, 9.8118527192e-11, 2.30185218109e-10, 1.84488063715e-10, 1.62409030668e-10, 1.81230780383e-10, 1.21989848778e-10, 8.21433962517e-11, 5.15007134161e-11, 3.49134297861e-11, 1.98910488775e-11, 1.52110980062e-11, 1.55011802006e-11, 9.08618319473e-12, 7.60495399293e-12], "dvar2": [1.13140704343e-05, 5.07287040818e-05, 3.48968824255e-05, 1.4657628526e-05, 8.5828793317e-07, 1.10851783575e-06, 5.96150698584e-07, 1.19463948067e-07, 7.70077903667e-08, 5.59328654504e-08, 3.49676589906e-08, 4.74764449976e-09, 4.46451053904e-09, 4.35281988231e-09, 1.76670000851e-09, 6.60066334923e-10, 9.50033274272e-10, 2.58465499003e-10, 1.92998492188e-10, 3.8046069073e-10, 3.23135074254e-10, 1.8568498128e-10, 2.34011698907e-10, 1.87893700598e-10, 8.4369920772e-11, 7.09418634948e-11, 2.31244967619e-10, 5.45689660125e-10, 4.29822455406e-10, 3.99847072119e-10, 4.21827073271e-10, 2.72811051527e-10, 1.96725469248e-10, 1.21515686402e-10, 8.51827497428e-11, 4.64582747273e-11, 3.57193545575e-11, 3.6654991542e-11, 2.00815180457e-11, 1.61225251899e-11], "max": [0.0218497514725, 0.0529045984149, 0.040943801403, 0.0235975049436, 0.0185679253191, 0.0132164517418, 0.0113809294999, 0.00576986605301, 0.00463277846575, 0.00361345778219, 0.00471112178639, 0.00100135849789, 0.00103359657805, 0.00250586704351, 0.000417599163484, 0.000468347076094, 0.000377373798983, 0.000287967966869, 0.000121688688523, 0.000394629809307, 0.000158827591804, 0.000122834841022, 0.000165116536664, 0.000182304429472, 0.00029554052162, 0.000130092710606, 0.000311493262416, 0.00069071049802, 0.000488481309731, 0.000558492611162, 0.000509447767399, 0.000304191140458, 0.00023389357375, 0.000145580415847, 0.000102138132206, 6.49896392133e-05, 9.52047048486e-05, 0.000102534424514, 9.86967643257e-05, 6.7809036409e-05], "mean": [0.0020958785899, 0.00384084344842, 0.00212782155722, 0.00116170826368, 0.000422195764259, 0.000319704617141, 0.000231950951274, 0.000172280604602, 0.000140498028486, 0.0001053581218, 6.77919524605e-05, 2.86755876004e-05, 3.97958210669e-05, 2.56651001109e-05, 1.46855772982e-05, 8.94821005204e-06, 1.26561508296e-05, 6.57061264064e-06, 5.10767995365e-06, 6.47899196338e-06, 4.97582641401e-06, 4.87338593302e-06, 4.81811866848e-06, 4.04047477787e-06, 3.59201203537e-06, 3.64623065252e-06, 4.74540138384e-06, 5.95366736889e-06, 5.01726344737e-06, 4.28090015703e-06, 4.54553992313e-06, 4.81418192066e-06, 4.66010669697e-06, 4.17905994254e-06, 3.16261071021e-06, 2.79257801594e-06, 2.53997313848e-06, 2.32499246522e-06, 1.74449905899e-06, 1.59908211117e-06], "median": [0.000947314896621, 0.00158651196398, 0.00068961433135, 0.000321749976138, 0.000139876123285, 9.93330031633e-05, 6.60250952933e-05, 6.51500376989e-05, 5.39775610378e-05, 3.29220420099e-05, 2.14304654946e-05, 1.11681774797e-05, 1.43975503306e-05, 1.08263211587e-05, 5.88554939895e-06, 3.3343967516e-06, 4.80641483591e-06, 2.71517683359e-06, 1.88747048924e-06, 2.36636651607e-06, 1.81357540896e-06, 1.89309480447e-06, 1.83096256023e-06, 1.46639467857e-06, 1.59679780154e-06, 1.40936185744e-06, 1.308758101e-06, 1.97480085262e-06, 1.45896012782e-06, 1.16336491374e-06, 1.06603954464e-06, 1.16366800285e-06, 1.36829635267e-06, 1.17117133414e-06, 8.74446072885e-07, 8.94801246432e-07, 7.50563344809e-07, 7.2231955528e-07, 5.45523789697e-07, 4.82640359678e-07], "min": [1.04114838486e-24, 9.22828025159e-25, 1.59060193687e-24, 1.42935511936e-24, 1.97006967026e-24, 1.37113087367e-24, 2.4216446152e-24, 1.77290532549e-24, 9.10438175781e-25, 1.79971831322e-24, 2.1917936216e-24, 1.62804561417e-24, 1.81738307826e-24, 2.33758123056e-24, 3.72765886684e-24, 2.95145661535e-24, 3.55145652847e-24, 3.15973384092e-24, 3.45854330776e-24, 2.86189980058e-24, 2.09767896573e-24, 4.31923828144e-24, 2.51891412304e-24, 3.75261803145e-24, 2.83126241517e-24, 4.18527983898e-24, 4.30748385952e-24, 3.93406471712e-24, 4.29441835078e-24, 5.00436634421e-24, 4.11433560562e-24, 4.42970207957e-24, 6.02168965062e-24, 4.88082244341e-24, 5.57730182018e-24, 6.48039688422e-24, 6.31930833193e-24, 6.15834520853e-24, 6.25116810466e-24, 6.23181498007e-24], "var": [8.71171050676e-06, 4.58339745819e-05, 1.88445501408e-05, 4.40116355094e-06, 6.15085411937e-07, 5.15383760558e-07, 3.12364051069e-07, 9.53301437789e-08, 7.20481168059e-08, 4.22335837413e-08, 3.82763793993e-08, 3.60069818406e-09, 5.62365487511e-09, 2.98670288501e-09, 8.06426259103e-10, 3.70796532367e-10, 6.01977134806e-10, 1.43566505906e-10, 9.18058545851e-11, 1.56534535334e-10, 9.98186047707e-11, 7.05982217131e-11, 8.08823980014e-11, 6.23162771385e-11, 3.70964023388e-11, 4.60936046276e-11, 1.4110407287e-10, 2.58379567741e-10, 2.31866845168e-10, 2.02849084752e-10, 2.44093106838e-10, 2.00144872897e-10, 1.29645114089e-10, 8.76398606464e-11, 4.44329850691e-11, 2.57343434756e-11, 2.22747272016e-11, 2.4003212612e-11, 1.47059534689e-11, 1.22825109458e-11]}, "mfcc": {"mean": [-692.342285156, 101.254600525, 21.9399490356, 18.6260738373, -3.68712043762, 3.70747303963, 1.79586493969, 2.66903305054, 0.365575253963, 0.133784279227, -1.76193010807, -0.325238525867, -1.05461037159], "cov": [[16451.3984375, 1810.39697266, 4542.53125, 1614.02807617, 605.656433105, 512.339355469, -58.9059410095, 279.946563721, 65.0436477661, 314.130279541, 139.572952271, 43.7384262085, 19.6958217621], [1810.39697266, 1897.03479004, 438.340820312, 246.789413452, -29.9037895203, -142.197738647, -28.9114761353, -71.8344268799, -68.8526077271, -38.6389923096, -76.2885055542, -71.5566253662, -24.7854194641], [4542.53125, 438.340820312, 2776.59008789, 802.278686523, 580.825500488, 462.96887207, 97.5410995483, 260.434753418, 96.4666595459, 195.380157471, 129.048599243, 81.1670303345, 97.9658355713], [1614.02807617, 246.789413452, 802.278686523, 508.300628662, 232.003997803, 157.970794678, 70.2260437012, 90.011680603, 46.456035614, 70.8703994751, 56.583896637, 41.7746505737, 38.5413703918], [605.656433105, -29.9037895203, 580.825500488, 232.003997803, 384.691345215, 211.303695679, 92.117149353, 125.831115723, 72.2751998901, 92.1120376587, 79.6091384888, 74.2584609985, 51.6907119751], [512.339355469, -142.197738647, 462.96887207, 157.970794678, 211.303695679, 265.441101074, 108.555770874, 119.841972351, 74.3610916138, 64.2601318359, 80.7932434082, 55.3456878662, 45.7069549561], [-58.9059410095, -28.9114761353, 97.5410995483, 70.2260437012, 92.117149353, 108.555770874, 156.275360107, 81.4007873535, 50.9976577759, 35.2946777344, 22.0332641602, 35.0454025269, 26.3242702484], [279.946563721, -71.8344268799, 260.434753418, 90.011680603, 125.831115723, 119.841972351, 81.4007873535, 140.118682861, 75.6771011353, 62.5527496338, 50.5272712708, 31.7566127777, 28.1235218048], [65.0436477661, -68.8526077271, 96.4666595459, 46.456035614, 72.2751998901, 74.3610916138, 50.9976577759, 75.6771011353, 115.092277527, 67.7537841797, 43.5757064819, 25.0545845032, 0.140621632338], [314.130279541, -38.6389923096, 195.380157471, 70.8703994751, 92.1120376587, 64.2601318359, 35.2946777344, 62.5527496338, 67.7537841797, 134.25944519, 78.5251617432, 39.2240562439, 15.5745153427], [139.572952271, -76.2885055542, 129.048599243, 56.583896637, 79.6091384888, 80.7932434082, 22.0332641602, 50.5272712708, 43.5757064819, 78.5251617432, 117.533737183, 60.3116569519, 31.9154281616], [43.7384262085, -71.5566253662, 81.1670303345, 41.7746505737, 74.2584609985, 55.3456878662, 35.0454025269, 31.7566127777, 25.0545845032, 39.2240562439, 60.3116569519, 96.8179244995, 52.5164299011], [19.6958217621, -24.7854194641, 97.9658355713, 38.5413703918, 51.6907119751, 45.7069549561, 26.3242702484, 28.1235218048, 0.140621632338, 15.5745153427, 31.9154281616, 52.5164299011, 86.3407058716]], "icov": [[0.00013892838615, -6.9460751547e-05, -0.000181721348781, -0.000195972330403, 0.000213676903513, -0.000123689314933, 0.000248008378549, -0.000118297786685, 0.000127117848024, -0.000195311382413, 0.000148039121996, -0.000199906324269, 0.000244402734097], [-6.9460751547e-05, 0.000736905203667, -9.60812903941e-05, -0.00024382652191, -0.000151516258484, 0.000966300664004, -0.000631712493487, 0.000458772381535, -9.72233829089e-05, 0.000286777416477, -0.000256599276327, 0.000615561264567, -0.000263552065007], [-0.000181721348781, -9.60812903941e-05, 0.00124582427088, -0.000729647756089, -0.000525804352947, -0.00125599058811, 0.00093048310373, -0.000792776467279, 0.000642880040687, -0.000737938564271, 0.000792916340288, 0.000174520668224, -0.000386950821849], [-0.000195972330403, -0.00024382652191, -0.000729647756089, 0.0044499495998, -0.00130715058185, 0.000483705254737, -0.00144720810931, 0.000822420814075, -0.000687538122293, 0.000674962822814, -0.00107408396434, 0.000397373107262, -0.00044924634858], [0.000213676903513, -0.000151516258484, -0.000525804352947, -0.00130715058185, 0.00641639623791, -0.00317869731225, 0.000817113614175, -0.00185623008292, 0.000771930383053, -0.00187797250692, 0.00154003896751, -0.00280480319634, 0.000758944370318], [-0.000123689314933, 0.000966300664004, -0.00125599058811, 0.000483705254737, -0.00317869731225, 0.0128591908142, -0.00556966755539, -0.000683911319356, -0.0026488348376, 0.00438661733642, -0.00629645260051, 0.00258697918616, -0.00150170142297], [0.000248008378549, -0.000631712493487, 0.00093048310373, -0.00144720810931, 0.000817113614175, -0.00556966755539, 0.013185242191, -0.00553776649758, 0.00036684339284, -0.00248701451346, 0.00557946786284, -0.00388248241507, 0.000342483399436], [-0.000118297786685, 0.000458772381535, -0.000792776467279, 0.000822420814075, -0.00185623008292, -0.000683911319356, -0.00553776649758, 0.0189047902822, -0.00755465449765, 4.30198379036e-05, -0.00269616884179, 0.00394728407264, -0.00370473205112], [0.000127117848024, -9.72233829089e-05, 0.000642880040687, -0.000687538122293, 0.000771930383053, -0.0026488348376, 0.00036684339284, -0.00755465449765, 0.0182567350566, -0.00667587388307, 0.00171272887383, -0.00299777137116, 0.00517433928326], [-0.000195311382413, 0.000286777416477, -0.000737938564271, 0.000674962822814, -0.00187797250692, 0.00438661733642, -0.00248701451346, 4.30198379036e-05, -0.00667587388307, 0.0175448395312, -0.0104471631348, 0.00160674005747, -6.02369109401e-05], [0.000148039121996, -0.000256599276327, 0.000792916340288, -0.00107408396434, 0.00154003896751, -0.00629645260051, 0.00557946786284, -0.00269616884179, 0.00171272887383, -0.0104471631348, 0.0223285220563, -0.00957213714719, 0.000510968617164], [-0.000199906324269, 0.000615561264567, 0.000174520668224, 0.000397373107262, -0.00280480319634, 0.00258697918616, -0.00388248241507, 0.00394728407264, -0.00299777137116, 0.00160674005747, -0.00957213714719, 0.0233297031373, -0.0108822742477], [0.000244402734097, -0.000263552065007, -0.000386950821849, -0.00044924634858, 0.000758944370318, -0.00150170142297, 0.000342483399436, -0.00370473205112, 0.00517433928326, -6.02369109401e-05, 0.000510968617164, -0.0108822742477, 0.0199657827616]]}, "spectral_contrast_coeffs": {"dmean": [0.0571096539497, 0.0495050698519, 0.0394673906267, 0.0307064801455, 0.0246827751398, 0.018300389871], "dmean2": [0.0875147804618, 0.079426638782, 0.064007088542, 0.0502204336226, 0.0399620980024, 0.0293319523335], "dvar": [0.00229193596169, 0.00183846172877, 0.00110243516974, 0.000709962914698, 0.000590728712268, 0.000338581332471], "dvar2": [0.00509689142928, 0.00444412510842, 0.00271767633967, 0.00176423590165, 0.0014210807858, 0.000758962822147], "max": [-0.277626305819, -0.426094144583, -0.499475300312, -0.570180296898, -0.551759362221, -0.538703322411], "mean": [-0.628582656384, -0.739637553692, -0.763884902, -0.797602772713, -0.796740293503, -0.773954391479], "median": [-0.618452787399, -0.745548009872, -0.76928126812, -0.806200861931, -0.811311244965, -0.789123654366], "min": [-0.97950732708, -0.977856457233, -0.982993125916, -0.971815407276, -0.974775373936, -0.967233836651], "var": [0.0147633515298, 0.00609794724733, 0.00384335778654, 0.00284626591019, 0.00328506319784, 0.00351264281198]}, "spectral_contrast_valleys": {"dmean": [0.506861627102, 0.432866454124, 0.394451349974, 0.422693520784, 0.399275422096, 0.427390486002], "dmean2": [0.820644140244, 0.6973528862, 0.62364166975, 0.647376298904, 0.585503876209, 0.597813427448], "dvar": [0.263964653015, 0.169248506427, 0.156884804368, 0.199589982629, 0.199674293399, 0.244703397155], "dvar2": [0.617492616177, 0.406049221754, 0.344190388918, 0.44310888648, 0.430351316929, 0.535601019859], "max": [-4.98893499374, -4.67719507217, -5.51611948013, -6.0972504