{"lowlevel": {"average_loudness": 0.858632445335, "barkbands_crest": {"dmean": 2.4310863018, "dmean2": 4.16462802887, "dvar": 4.67190122604, "dvar2": 13.4993677139, "max": 23.0159397125, "mean": 7.96540641785, "median": 7.37546348572, "min": 2.17625260353, "var": 9.38507843018}, "barkbands_flatness_db": {"dmean": 0.0186512935907, "dmean2": 0.0306760855019, "dvar": 0.000297510123346, "dvar2": 0.000800138805062, "max": 0.412061780691, "mean": 0.138754069805, "median": 0.133181765676, "min": 0.0334224812686, "var": 0.00193560926709}, "barkbands_kurtosis": {"dmean": 1.23234403133, "dmean2": 2.10773968697, "dvar": 3.42069959641, "dvar2": 9.86002254486, "max": 57.0367088318, "mean": 1.05701637268, "median": 0.572629928589, "min": -1.85978746414, "var": 5.01268339157}, "barkbands_skewness": {"dmean": 0.41240811348, "dmean2": 0.69399613142, "dvar": 0.138168334961, "dvar2": 0.387786775827, "max": 5.60432386398, "mean": 0.846031010151, "median": 0.823659598827, "min": -3.05949616432, "var": 0.443735837936}, "barkbands_spread": {"dmean": 3.19874429703, "dmean2": 5.34559822083, "dvar": 8.30814838409, "dvar2": 23.0150814056, "max": 57.95703125, "mean": 15.7401762009, "median": 13.9371976852, "min": 1.10933411121, "var": 52.0123825073}, "dissonance": {"dmean": 0.0176828633994, "dmean2": 0.0304768960923, "dvar": 0.000247144460445, "dvar2": 0.000708430306986, "max": 0.500000178814, "mean": 0.47203707695, "median": 0.47603687644, "min": 0.208455055952, "var": 0.000393265421735}, "dynamic_complexity": 1.73448288441, "erbbands_crest": {"dmean": 2.50005888939, "dmean2": 4.21543598175, "dvar": 5.64734077454, "dvar2": 15.461807251, "max": 30.8658351898, "mean": 8.79308605194, "median": 7.38192272186, "min": 2.75112891197, "var": 20.199640274}, "erbbands_flatness_db": {"dmean": 0.0156890731305, "dmean2": 0.0255952905864, "dvar": 0.000182269330253, "dvar2": 0.000465994962724, "max": 0.381107926369, "mean": 0.216396257281, "median": 0.212468221784, "min": 0.108285732567, "var": 0.00148892519064}, "erbbands_kurtosis": {"dmean": 0.621347904205, "dmean2": 1.05478310585, "dvar": 0.729409515858, "dvar2": 2.04180812836, "max": 38.8254165649, "mean": -0.141629695892, "median": -0.32907128334, "min": -1.85445547104, "var": 1.23751413822}, "erbbands_skewness": {"dmean": 0.319499760866, "dmean2": 0.533153116703, "dvar": 0.0749404728413, "dvar2": 0.2097209692, "max": 3.64787745476, "mean": 0.253595799208, "median": 0.316536337137, "min": -4.37510681152, "var": 0.342767268419}, "erbbands_spread": {"dmean": 4.20411777496, "dmean2": 7.0193939209, "dvar": 12.7050685883, "dvar2": 35.0810317993, "max": 63.7115058899, "mean": 24.8965110779, "median": 23.4387588501, "min": 2.85847830772, "var": 69.6739883423}, "hfc": {"dmean": 4.47517538071, "dmean2": 7.49625015259, "dvar": 23.3077735901, "dvar2": 64.7057113647, "max": 126.571594238, "mean": 21.2929000854, "median": 19.9154548645, "min": 5.98017322773e-05, "var": 103.498313904}, "melbands_crest": {"dmean": 3.12212729454, "dmean2": 5.32529067993, "dvar": 7.23919725418, "dvar2": 20.5757045746, "max": 30.6995487213, "mean": 10.5100240707, "median": 9.76525306702, "min": 3.04442358017, "var": 16.3798866272}, "melbands_flatness_db": {"dmean": 0.0221113134176, "dmean2": 0.0364497229457, "dvar": 0.000451482046628, "dvar2": 0.00119489443023, "max": 0.551500618458, "mean": 0.199285387993, "median": 0.194115385413, "min": 0.0471884422004, "var": 0.00294232368469}, "melbands_kurtosis": {"dmean": 2.24726772308, "dmean2": 3.84321689606, "dvar": 10.7126960754, "dvar2": 30.9911231995, "max": 88.8872680664, "mean": 3.36930561066, "median": 2.4683713913, "min": -1.89351701736, "var": 15.000576973}, "melbands_skewness": {"dmean": 0.467018842697, "dmean2": 0.787583887577, "dvar": 0.190588638186, "dvar2": 0.538929820061, "max": 7.64444065094, "mean": 1.44251406193, "median": 1.38396167755, "min": -1.69067549706, "var": 0.538901627064}, "melbands_spread": {"dmean": 5.33110666275, "dmean2": 8.92352771759, "dvar": 28.0706882477, "dvar2": 77.2661972046, "max": 115.996238708, "mean": 22.0170631409, "median": 18.9779777527, "min": 0.937830090523, "var": 145.570785522}, "pitch_salience": {"dmean": 0.0631170868874, "dmean2": 0.10726813972, "dvar": 0.00290403794497, "dvar2": 0.00830360036343, "max": 0.917673408985, "mean": 0.680876731873, "median": 0.697338044643, "min": 0.29043763876, "var": 0.00805939082056}, "silence_rate_20dB": {"dmean": 0, "dmean2": 0, "dvar": 0, "dvar2": 0, "max": 1, "mean": 1, "median": 1, "min": 1, "var": 0}, "silence_rate_30dB": {"dmean": 0.00266591832042, "dmean2": 0.00533202383667, "dvar": 0.00265915808268, "dvar2": 0.00649762852117, "max": 1, "mean": 0.997930467129, "median": 1, "min": 0, "var": 0.00206488813274}, "silence_rate_60dB": {"dmean": 0.000280622974969, "dmean2": 0.000526186544448, "dvar": 0.000280479231151, "dvar2": 0.000525851850398, "max": 1, "mean": 0.002244905103, "median": 0, "min": 0, "var": 0.00224014767446}, "spectral_centroid": {"dmean": 185.680953979, "dmean2": 308.607421875, "dvar": 30050.2109375, "dvar2": 80440.484375, "max": 3230.59399414, "mean": 1204.80078125, "median": 1068.88171387, "min": 183.12147522, "var": 260250.796875}, "spectral_complexity": {"dmean": 3.11666893959, "dmean2": 5.25702476501, "dvar": 6.06448173523, "dvar2": 16.747379303, "max": 48, "mean": 26.0133991241, "median": 26, "min": 0, "var": 40.2940139771}, "spectral_decrease": {"dmean": 2.09146877594e-09, "dmean2": 3.5970848522e-09, "dvar": 1.25417868938e-17, "dvar2": 3.70102807584e-17, "max": -2.93750539064e-15, "mean": -6.80928469166e-09, "median": -6.1014127084e-09, "min": -8.50134043162e-08, "var": 1.79809245922e-17}, "spectral_energy": {"dmean": 0.00821936968714, "dmean2": 0.014122441411, "dvar": 0.000185635595699, "dvar2": 0.000547597475816, "max": 0.323580503464, "mean": 0.0276310071349, "median": 0.0248756296933, "min": 1.65110076722e-08, "var": 0.000275982980384}, "spectral_energyband_high": {"dmean": 6.25180691713e-05, "dmean2": 0.000105246406747, "dvar": 8.6789588849e-09, "dvar2": 2.42079565282e-08, "max": 0.00196824595332, "mean": 0.000190937018488, "median": 0.00011875177006, "min": 4.44567804792e-09, "var": 4.48425652166e-08}, "spectral_energyband_low": {"dmean": 0.00200446881354, "dmean2": 0.00357856974006, "dvar": 0.000105170685856, "dvar2": 0.000316729099723, "max": 0.314841598272, "mean": 0.00219630938955, "median": 0.000859043560922, "min": 4.218511096e-10, "var": 6.76707350067e-05}, "spectral_energyband_middle_high": {"dmean": 0.00216065812856, "dmean2": 0.00359291862696, "dvar": 5.9183621488e-06, "dvar2": 1.59891897056e-05, "max": 0.0610565617681, "mean": 0.00814998708665, "median": 0.00737012689933, "min": 9.84687975603e-09, "var": 2.10771522688e-05}, "spectral_energyband_middle_low": {"dmean": 0.00652013160288, "dmean2": 0.0110991327092, "dvar": 7.34334025765e-05, "dvar2": 0.000208969824598, "max": 0.255257338285, "mean": 0.0177016053349, "median": 0.015576758422, "min": 2.02113081826e-09, "var": 0.000150635343743}, "spectral_entropy": {"dmean": 0.11553940177, "dmean2": 0.19122312963, "dvar": 0.0104169752449, "dvar2": 0.0282408334315, "max": 8.26972389221, "mean": 7.39662313461, "median": 7.42269992828, "min": 5.91812849045, "var": 0.0732172429562}, "spectral_flux": {"dmean": 0.0168598238379, "dmean2": 0.0279117356986, "dvar": 0.000526320945937, "dvar2": 0.0011783761438, "max": 0.509917974472, "mean": 0.0963184013963, "median": 0.0922107174993, "min": 0.000128495172248, "var": 0.00127355975565}, "spectral_kurtosis": {"dmean": 3.35864162445, "dmean2": 5.93298625946, "dvar": 14.6163282394, "dvar2": 45.1417579651, "max": 48.7264213562, "mean": 8.26760482788, "median": 6.60012722015, "min": 0.951284408569, "var": 27.0162944794}, "spectral_rms": {"dmean": 0.000712173816282, "dmean2": 0.00120836659335, "dvar": 6.98387339071e-07, "dvar2": 2.03099534701e-06, "max": 0.0177676193416, "mean": 0.00500045111403, "median": 0.00492634810507, "min": 4.01351462642e-06, "var": 1.95248958335e-06}, "spectral_rolloff": {"dmean": 273.815490723, "dmean2": 471.37387085, "dvar": 113285.773438, "dvar2": 291525.8125, "max": 7558.15429688, "mean": 1489.56994629, "median": 1313.52539062, "min": 107.666015625, "var": 478445.53125}, "spectral_skewness": {"dmean": 0.297888070345, "dmean2": 0.518294394016, "dvar": 0.0841857641935, "dvar2": 0.254960745573, "max": 4.79406023026, "mean": 1.82006454468, "median": 1.71337068081, "min": 0.407196372747, "var": 0.249514743686}, "spectral_spread": {"dmean": 236970.09375, "dmean2": 395035.375, "dvar": 46279221248, "dvar2": 119110459392, "max": 6780257, "mean": 2585654.75, "median": 2590535.75, "min": 1055292.875, "var": 361588948992}, "spectral_strongpeak": {"dmean": 0.819938480854, "dmean2": 1.41446316242, "dvar": 1.58848404884, "dvar2": 4.16894006729, "max": 13.6005306244, "mean": 1.4712407589, "median": 0.971222281456, "min": 0, "var": 2.95848560333}, "zerocrossingrate": {"dmean": 0.00496475212276, "dmean2": 0.00653123902157, "dvar": 1.95184038603e-05, "dvar2": 3.29978283844e-05, "max": 0.14208984375, "mean": 0.0520448647439, "median": 0.0478515625, "min": 0.009765625, "var": 0.000355184543878}, "barkbands": {"dmean": [0.000480314018205, 0.00098541600164, 0.000626391265541, 0.000745977915358, 0.00174314633477, 0.00308172847144, 0.00270207063295, 0.00161455373745, 0.00107180257328, 0.00118160888087, 0.000492836872581, 0.000741396739613, 0.00053508032579, 0.000410551729146, 0.000280821404886, 0.000211107268115, 0.000122814322822, 0.000396028859541, 6.24119566055e-05, 7.75710359449e-05, 3.18151323881e-05, 1.52417242134e-05, 8.76351623447e-06, 4.90077172799e-06, 1.91220692614e-06, 1.1209127706e-06, 6.6948643962e-07], "dmean2": [0.000861242588144, 0.0018232029397, 0.00113313680049, 0.00125917664263, 0.00294737913646, 0.00532328197733, 0.00465603591874, 0.00277020945214, 0.00186707731336, 0.00201872806065, 0.000856786267832, 0.00123354233801, 0.000923559011426, 0.000696128874552, 0.000478373869555, 0.00035761037725, 0.00021171438857, 0.000654864183161, 0.000106462670374, 0.000128204017528, 5.3916057368e-05, 2.58591862803e-05, 1.49034849528e-05, 8.30171393318e-06, 3.27079283124e-06, 1.91879848899e-06, 1.13389307899e-06], "dvar": [3.23699100591e-06, 4.18566123699e-05, 8.11929021438e-06, 3.65741198038e-06, 8.10095207271e-06, 2.34336112044e-05, 1.82960484381e-05, 5.76237425776e-06, 6.24361518931e-06, 3.16631667374e-06, 4.27634518019e-07, 1.2288680864e-06, 5.31751993549e-07, 3.44919982354e-07, 1.84485614341e-07, 8.87473774469e-08, 2.04974153206e-08, 6.27163160516e-07, 5.73933212067e-09, 3.19081614464e-08, 4.51128379098e-09, 4.51214537955e-10, 1.5689684274e-10, 6.68136795889e-11, 1.125994957e-11, 5.85096207595e-12, 2.30318802225e-12], "dvar2": [9.53200651566e-06, 0.000126450890093, 2.47480184044e-05, 9.72306224867e-06, 2.15421023313e-05, 6.92019530106e-05, 5.28160053364e-05, 1.601933036e-05, 1.82877829502e-05, 8.78644550539e-06, 1.22221797483e-06, 3.03959836856e-06, 1.5306932255e-06, 9.23304412481e-07, 4.87383204018e-07, 2.35902874124e-07, 5.85630246519e-08, 1.65820870279e-06, 1.65895617243e-08, 8.4112564025e-08, 1.25531629536e-08, 1.26255317312e-09, 4.48317272195e-10, 1.8456945694e-10, 3.0751779595e-11, 1.62868867698e-11, 6.30951931327e-12], "max": [0.0682171806693, 0.204673632979, 0.0827702954412, 0.0653274953365, 0.0694630593061, 0.097705245018, 0.143915534019, 0.0656125843525, 0.113176435232, 0.034242991358, 0.0181847494096, 0.0257554668933, 0.0232657417655, 0.0146353682503, 0.014933324419, 0.0138357114047, 0.00392002705485, 0.0150522049516, 0.00118198909331, 0.00574607588351, 0.00175993423909, 0.000639271340333, 0.000186611083336, 0.000248204392847, 8.96481797099e-05, 4.4063279347e-05, 2.29105153267e-05], "mean": [0.000449725106591, 0.000816628511529, 0.000586761336308, 0.000902095634956, 0.0028088230174, 0.00490442384034, 0.00447639310732, 0.00239620683715, 0.00167969893664, 0.00191221944988, 0.000771448772866, 0.00137561873998, 0.000992299756035, 0.000801709422376, 0.000557545979973, 0.00044004371739, 0.000273859623121, 0.0010089231655, 0.000156833208166, 0.0001700760331, 7.53859058022e-05, 3.81310819648e-05, 1.93616269826e-05, 9.66918742051e-06, 3.74077558263e-06, 2.156632263e-06, 1.31583237817e-06], "median": [0.000176764573553, 0.00021210333216, 0.000187934085261, 0.000296568061458, 0.00169960374478, 0.00301697338, 0.00301298499107, 0.00160495436285, 0.00115228339564, 0.00122263538651, 0.000565496215131, 0.000808813027106, 0.00076034932863, 0.000513717415743, 0.000398833013605, 0.000325367960613, 0.000230133693549, 0.000267765833996, 0.000117958647024, 6.82108438923e-05, 3.88133375964e-05, 2.33380378631e-05, 1.06696334115e-05, 3.82965527024e-06, 1.32368995764e-06, 6.45721002002e-07, 3.13790621931e-07], "min": [1.24581161359e-11, 3.15494609604e-11, 2.3695029272e-10, 2.19630952314e-10, 1.77368647547e-10, 7.4125916516e-10, 2.04653405333e-10, 2.20184037669e-10, 4.00875915796e-10, 1.37178768345e-09, 3.29137384014e-10, 1.02174146921e-09, 1.09061604192e-09, 2.28744090336e-09, 1.7434580446e-09, 7.56575357919e-10, 4.84269124801e-10, 4.7910706652e-11, 4.72333894219e-10, 7.35116356676e-10, 2.93547935959e-10, 4.35757346873e-10, 1.26750450413e-11, 8.19796314167e-12, 8.32775341741e-12, 1.01141681835e-11, 3.89274064372e-11], "var": [2.05228320738e-06, 2.49031672865e-05, 5.30412307853e-06, 4.42799273515e-06, 1.29249974634e-05, 3.19280079566e-05, 2.4521496016e-05, 7.36539959689e-06, 5.13802524438e-06, 5.00389023728e-06, 5.51232574253e-07, 3.41499867318e-06, 7.50797141791e-07, 8.13077917883e-07, 4.46512245844e-07, 2.23505026042e-07, 3.99653536931e-08, 3.25237897414e-06, 1.82662223125e-08, 1.12344672232e-07, 1.2545603667e-08, 1.86985937844e-09, 4.69929206659e-10, 2.1139354156e-10, 3.37417697949e-11, 1.34258038714e-11, 5.5557333907e-12]}, "erbbands": {"dmean": [0.0348271168768, 0.208304986358, 0.636132538319, 1.79483091831, 3.21214675903, 6.37517976761, 22.500005722, 21.8121967316, 40.763343811, 28.0763893127, 37.0407295227, 24.0420303345, 33.4260902405, 27.9489097595, 18.1644039154, 28.3965854645, 22.7840518951, 20.9126338959, 17.4509468079, 10.5650987625, 10.3791036606, 6.79688310623, 25.8801822662, 5.69717073441, 4.01460838318, 2.59573364258, 1.15860068798, 1.34201419353, 0.592970967293, 0.372291117907, 0.235254436731, 0.123638994992, 0.0719344317913, 0.0279325861484, 0.0110879037529, 0.00527585856616, 0.00206544646062, 0.000590560841374, 0.000114148526336, 1.42837725434e-05], "dmean2": [0.0635455399752, 0.388963907957, 1.16177773476, 3.05309176445, 5.47041702271, 10.8175468445, 38.761089325, 37.701839447, 70.0565261841, 48.6940155029, 63.3198890686, 42.0409240723, 57.7934188843, 48.2080497742, 30.9092445374, 47.2891807556, 39.3067398071, 35.2984962463, 29.8096523285, 18.0383663177, 17.5357570648, 11.6069068909, 42.5976219177, 9.5051908493, 6.74345493317, 4.32322072983, 1.9562100172, 2.28703022003, 1.00556981564, 0.633971750736, 0.398983687162, 0.209166049957, 0.122706495225, 0.0477252528071, 0.0190176125616, 0.00907570496202, 0.0035329987295, 0.00100648961961, 0.00019328216149, 2.41615507548e-05], "dvar": [0.0418276824057, 1.94093096256, 11.0275802612, 25.0363063812, 41.5329399109, 129.885437012, 1271.97351074, 1185.25036621, 4255.91210938, 4621.49511719, 3177.98095703, 4275.49902344, 2303.23022461, 1933.39819336, 531.97644043, 1859.83886719, 1065.92236328, 873.159423828, 701.043701172, 184.659439087, 257.756591797, 61.1919631958, 2870.54882812, 59.056427002, 54.0136947632, 24.204082489, 4.04793405533, 12.0893068314, 0.676798641682, 0.272221386433, 0.115523487329, 0.0348525308073, 0.0222055595368, 0.00262082484551, 0.000449040613603, 0.0001294050453, 2.44111779466e-05, 2.10398638956e-06, 6.68563089334e-08, 4.48522052832e-10], "dvar2": [0.12480571866, 5.91624641418, 33.6405792236, 69.4548873901, 110.841033936, 347.101715088, 3765.40454102, 3385.5402832, 12304.8457031, 13430.7753906, 8735.20410156, 12542.3925781, 6547.89697266, 5487.49560547, 1438.02392578, 4606.02929688, 3079.00683594, 2330.98730469, 1937.19287109, 516.554443359, 676.59753418, 172.027938843, 7558.2890625, 155.987365723, 146.281600952, 64.0169372559, 10.7257423401, 34.3306541443, 1.89504265785, 0.785997271538, 0.323989748955, 0.0970039516687, 0.060255818069, 0.00714552728459, 0.00124822882935, 0.000361875398085, 6.80142402416e-05, 5.84701365369e-06, 1.82721962005e-07, 1.26618315832e-09], "max": [7.62584972382, 45.9442672729, 103.368270874, 158.697296143, 177.277893066, 305.052490234, 604.693603516, 1069.23681641, 2925.08789062, 3275.39331055, 1350.35803223, 3163.62963867, 848.365844727, 1354.15734863, 463.027130127, 1083.67419434, 1161.48828125, 591.24206543, 1047.94604492, 356.346801758, 812.261779785, 178.685836792, 992.436279297, 192.519287109, 234.882461548, 122.14540863, 82.9032592773, 88.4456558228, 21.892868042, 8.23278903961, 4.78192472458, 3.04052495956, 6.61765098572, 1.46947407722, 0.741906285286, 0.204773902893, 0.0904451012611, 0.0238970331848, 0.00396347325295, 0.000361542537576], "mean": [0.0303814318031, 0.162032231688, 0.586293399334, 2.23383069038, 4.33889579773, 9.43235588074, 34.0327033997, 34.6317825317, 69.1509246826, 45.2383499146, 57.279964447, 38.8178443909, 55.1124382019, 48.0197792053, 35.713558197, 55.7424163818, 45.1852645874, 43.5179100037, 36.3683586121, 24.3348808289, 22.6451530457, 18.0538883209, 64.6330795288, 16.3263969421, 10.0193281174, 6.22253131866, 3.04353451729, 2.96481013298, 1.49174666405, 0.864900529385, 0.513411045074, 0.254656434059, 0.1336068362, 0.0524131022394, 0.0221544057131, 0.0099945673719, 0.00382002769038, 0.00109113135841, 0.000228767908993, 4.79069931316e-05], "median": [0.00938805285841, 0.0346302092075, 0.18430159986, 0.745721936226, 1.98862719536, 5.44113779068, 16.8745651245, 23.6373786926, 45.0780296326, 32.1874961853, 38.3319091797, 27.1115207672, 36.6230239868, 33.4610977173, 27.1708049774, 34.1186332703, 35.5775871277, 30.127576828, 25.8999099731, 19.3123931885, 16.6171340942, 14.9744939804, 15.6828374863, 9.53817081451, 5.72062730789, 3.1482334137, 1.95269656181, 1.29924499989, 0.920637965202, 0.510015189648, 0.274503588676, 0.114629246294, 0.0465587489307, 0.0181208979338, 0.00792692881078, 0.0031847350765, 0.00106434046756, 0.000278754683677, 6.64530161885e-05, 3.8354555727e-05], "min": [1.5649533891e-09, 8.39153457832e-09, 1.86578660077e-07, 6.35705248442e-07, 3.66745553038e-07, 5.90613353779e-07, 2.35882703237e-06, 7.35409548724e-06, 5.651869742e-06, 1.65289645793e-06, 5.58063538847e-06, 1.20312442959e-05, 1.50173100337e-05, 5.39320499229e-05, 1.88533158507e-05, 4.17756382376e-05, 4.87015968247e-05, 0.00010508975538, 6.90136366757e-05, 9.56575458986e-05, 4.86606768391e-05, 2.71317112492e-05, 5.78942263019e-06, 1.75849272637e-05, 2.15512136492e-05, 3.18104976031e-05, 2.17376182263e-05, 1.07181722342e-05, 1.31553060783e-05, 3.41907980328e-06, 5.5948106592e-07, 2.33706032304e-07, 1.28780243358e-07, 8.32071549439e-08, 6.88672798788e-08, 3.07318934745e-08, 2.52392329259e-08, 7.91326648653e-09, 7.82087195006e-09, 2.16033813061e-09], "var": [0.0248807612807, 1.14974558353, 7.03218889236, 27.5644454956, 59.1769218445, 183.277053833, 2038.48120117, 1477.44140625, 6005.70898438, 3712.64794922, 4155.57177734, 3171.40722656, 3475.0859375, 2632.07006836, 982.152160645, 5877.74902344, 1473.328125, 2048.07739258, 1444.16894531, 386.608459473, 672.855529785, 164.878753662, 14544.2773438, 318.701599121, 215.211975098, 87.6328430176, 11.8159322739, 28.123626709, 2.68735933304, 0.938756585121, 0.342820167542, 0.110485702753, 0.0549557134509, 0.00705980788916, 0.00122092990205, 0.000282062770566, 4.70037230116e-05, 3.967882094e-06, 1.49553912365e-07, 1.1896652552e-09]}, "gfcc": {"mean": [-7.2511806488, 131.232223511, -160.899749756, 3.76851224899, -58.9366531372, -14.0243825912, -32.4740333557, -6.20237731934, -13.4930934906, -3.56063294411, -5.29929208755, 1.67162525654, -9.27405929565], "cov": [[1713.81188965, -998.17779541, 297.022277832, 123.474281311, -202.465286255, 160.888748169, -161.223358154, 153.317764282, -180.811355591, 121.966239929, -80.0575180054, 39.7510681152, -51.9923934937], [-998.17779541, 1505.10241699, -196.566177368, -141.268264771, 173.621963501, -135.718643188, 182.637664795, -265.032989502, 178.144561768, -181.09576416, 72.3184661865, -88.5986328125, 91.3737335205], [297.022277832, -196.566177368, 284.969146729, 48.5192222595, 2.47435569763, 55.9481163025, -56.5829849243, 64.0659561157, -53.937297821, 30.8304386139, -22.3363952637, 16.4115314484, -25.2232532501], [123.474281311, -141.268264771, 48.5192222595, 214.232437134, 8.74946689606, 18.696056366, 3.13575911522, 27.776599884, -26.5606060028, -12.8442277908, 2.12807583809, -6.84550046921, -18.62707901], [-202.465286255, 173.621963501, 2.47435569763, 8.74946689606, 148.601516724, -5.89711666107, 59.3636360168, 4.1651558876, 18.3609199524, -13.2070102692, -11.2437591553, 3.37091422081, -5.98104047775], [160.888748169, -135.718643188, 55.9481163025, 18.696056366, -5.89711666107, 153.193496704, 16.7357673645, 36.967086792, -11.4925127029, 35.5972900391, -16.5359039307, -14.2539901733, -1.18116760254], [-161.223358154, 182.637664795, -56.5829849243, 3.13575911522, 59.3636360168, 16.7357673645, 108.61806488, -7.7629942894, 41.6218414307, -0.342657417059, 6.08485460281, -17.5532779694, 9.4671163559], [153.317764282, -265.032989502, 64.0659561157, 27.776599884, 4.1651558876, 36.967086792, -7.7629942894, 130.644989014, -3.53225374222, 44.5068855286, -6.60165548325, 26.5669326782, -24.5344982147], [-180.811355591, 178.144561768, -53.937297821, -26.5606060028, 18.3609199524, -11.4925127029, 41.6218414307, -3.53225374222, 106.863044739, 8.6022939682, 28.3245983124, -7.38160228729, 5.7248044014], [121.966239929, -181.09576416, 30.8304386139, -12.8442277908, -13.2070102692, 35.5972900391, -0.342657417059, 44.5068855286, 8.6022939682, 103.774581909, 6.66080284119, 11.7286291122, 3.61125826836], [-80.0575180054, 72.3184661865, -22.3363952637, 2.12807583809, -11.2437591553, -16.5359039307, 6.08485460281, -6.60165548325, 28.3245983124, 6.66080284119, 59.8751182556, 18.3294754028, 15.329079628], [39.7510681152, -88.5986328125, 16.4115314484, -6.84550046921, 3.37091422081, -14.2539901733, -17.5532779694, 26.5669326782, -7.38160228729, 11.7286291122, 18.3294754028, 60.8223075867, 8.10101222992], [-51.9923934937, 91.3737335205, -25.2232532501, -18.62707901, -5.98104047775, -1.18116760254, 9.4671163559, -24.5344982147, 5.7248044014, 3.61125826836, 15.329079628, 8.10101222992, 55.8302268982]], "icov": [[0.00129478436429, 0.000194448628463, -0.00063964916626, -0.000442792807007, 0.00153276789933, -0.000540287524927, -9.26863958739e-06, -5.91817261011e-05, 0.000749669037759, -0.000703666533809, 0.00130695698317, -0.000837143685203, 0.000310428236844], [0.000194448628463, 0.00439966097474, -0.00188008300029, 0.00235610362142, -0.00338689307682, 0.00161406735424, -0.00328062148765, 0.00450154487044, -0.00387752545066, 0.00555628817528, -0.00442145764828, 0.00507859652862, -0.00436178734526], [-0.00063964916626, -0.00188008300029, 0.00635330332443, -0.00148690713104, -0.000826486386359, -0.00208813068457, 0.00454289652407, -0.00302114151418, 0.00253729894757, -0.00284829712473, 0.00138439168222, -0.00190075556748, 0.0024446353782], [-0.000442792807007, 0.00235610362142, -0.00148690713104, 0.0070703192614, -0.00276631489396, 0.000883594038896, -0.00271150493063, 0.00102997943759, -0.00049635610776, 0.00473222928122, -0.00557887461036, 0.00493958359584, -0.00138668739237], [0.00153276789933, -0.00338689307682, -0.000826486386359, -0.00276631489396, 0.0151395034045, -0.000699117896147, -0.00442595034838, -0.0034112422727, 0.00308995717205, -0.00419183913618, 0.00907609146088, -0.00907322671264, 0.00531154870987], [-0.000540287524927, 0.00161406735424, -0.00208813068457, 0.000883594038896, -0.000699117896147, 0.00984977278858, -0.0042681330815, -0.000166803903994, -0.0009030404035, 0.000444612524007, -0.000757910311222, 0.00505063217133, -0.00347035448067], [-9.26863958739e-06, -0.00328062148765, 0.00454289652407, -0.00271150493063, -0.00442595034838, -0.0042681330815, 0.0201630927622, -0.00410480098799, -0.000642610015348, -0.00483834603801, 0.00168493657839, 0.000831764191389, 0.000516492407769], [-5.91817261011e-05, 0.00450154487044, -0.00302114151418, 0.00102997943759, -0.0034112422727, -0.000166803903994, -0.00410480098799, 0.0177213363349, -0.00587808806449, 0.00175045826472, -0.00211658142507, -0.00179471611045, 0.00100198807195], [0.000749669037759, -0.00387752545066, 0.00253729894757, -0.00049635610776, 0.00308995717205, -0.0009030404035, -0.000642610015348, -0.00587808806449, 0.0185262970626, -0.00665074214339, -0.00259086908773, -0.00127236626577, 0.00528921000659], [-0.000703666533809, 0.00555628817528, -0.00284829712473, 0.00473222928122, -0.00419183913618, 0.000444612524007, -0.00483834603801, 0.00175045826472, -0.00665074214339, 0.020721456036, -0.00809576641768, 0.00669455714524, -0.00771379284561], [0.00130695698317, -0.00442145764828, 0.00138439168222, -0.00557887461036, 0.00907609146088, -0.000757910311222, 0.00168493657839, -0.00211658142507, -0.00259086908773, -0.00809576641768, 0.0323815718293, -0.016239495948, 0.00121280062012], [-0.000837143685203, 0.00507859652862, -0.00190075556748, 0.00493958359584, -0.00907322671264, 0.00505063217133, 0.000831764191389, -0.00179471611045, -0.00127236626577, 0.00669455714524, -0.016239495948, 0.0330441072583, -0.0107354596257], [0.000310428236844, -0.00436178734526, 0.0024446353782, -0.00138668739237, 0.00531154870987, -0.00347035448067, 0.000516492407769, 0.00100198807195, 0.00528921000659, -0.00771379284561, 0.00121280062012, -0.0107354596257, 0.0280106551945]]}, "melbands": {"dmean": [0.000301177642541, 0.000313998752972, 0.000317092752084, 0.000349670910509, 0.000634149066173, 0.000526499410626, 0.000595610006712, 0.00029501618701, 0.000290109514026, 0.000149708095705, 0.000174015192897, 0.000125932550873, 6.14398668404e-05, 9.13380426937e-05, 5.77225728193e-05, 5.50480290258e-05, 3.85725361411e-05, 3.17036465276e-05, 2.00685335585e-05, 1.51250997078e-05, 1.26086997625e-05, 7.51779361963e-06, 1.4135534002e-05, 2.37141230173e-05, 3.41622626365e-06, 2.59345256381e-06, 4.29185820394e-06, 1.25498729631e-06, 8.14267934857e-07, 8.79272533894e-07, 7.02512295447e-07, 3.81372416314e-07, 2.91076645453e-07, 2.06976793038e-07, 1.56047590849e-07, 1.05223548985e-07, 7.55463602786e-08, 6.50887770348e-08, 2.90760926447e-08, 2.29281891251e-08], "dmean2": [0.000550509488676, 0.000577131344471, 0.000540019827895, 0.000588273513131, 0.00109114369843, 0.000909763330128, 0.00102341477759, 0.000511176418513, 0.000495935149956, 0.00026268477086, 0.000300498591969, 0.000216670348891, 0.000105823470221, 0.000151943910168, 9.84499929473e-05, 9.45420688367e-05, 6.5302978328e-05, 5.43181049579e-05, 3.41825943906e-05, 2.5960336643e-05, 2.12970826396e-05, 1.29584541355e-05, 2.35108054767e-05, 3.91909161408e-05, 5.78841491006e-06, 4.42751343144e-06, 7.09694995749e-06, 2.12977602132e-06, 1.38496716318e-06, 1.48950994117e-06, 1.20158347272e-06, 6.46950866212e-07, 4.98011672789e-07, 3.5409703969e-07, 2.65093291318e-07, 1.79755431873e-07, 1.27662744376e-07, 1.11488276389e-07, 4.96326286736e-08, 3.93357844075e-08], "dvar": [3.44019167642e-06, 3.26741383105e-06, 6.88602369792e-07, 5.25417817698e-07, 9.40267113947e-07, 6.960671044e-07, 8.68676977461e-07, 4.55161824675e-07, 2.06612028819e-07, 1.66509991573e-07, 6.24459204346e-08, 3.9539283847e-08, 5.92451065984e-09, 2.15848636742e-08, 6.33704155817e-09, 5.12473219416e-09, 2.85234991182e-09, 2.30879471097e-09, 9.22698029093e-10, 3.81689707618e-10, 4.40378150612e-10, 8.03510938341e-11, 4.86103712838e-10, 2.60287968956e-09, 1.80487742807e-11, 1.13897008144e-11, 1.1630928165e-10, 4.14747750033e-12, 2.42032002079e-12, 3.53028760738e-12, 2.74115691083e-12, 2.83261830875e-13, 1.81986085815e-13, 8.82766421268e-14, 5.29057185431e-14, 2.65200764181e-14, 1.47887632723e-14, 1.98930820682e-14, 3.05893433989e-15, 1.98855468631e-15], "dvar2": [1.03132106233e-05, 9.97443930828e-06, 1.93003779714e-06, 1.37440144954e-06, 2.76778200714e-06, 2.01224133889e-06, 2.50081939157e-06, 1.31753643018e-06, 5.66566882299e-07, 4.8946037623e-07, 1.76459820977e-07, 1.11600620301e-07, 1.68941838297e-08, 5.28782031495e-08, 1.76901728821e-08, 1.45838985333e-08, 7.65587593321e-09, 6.51156062403e-09, 2.40477660007e-09, 1.08517905772e-09, 1.11928533109e-09, 2.24918153546e-10, 1.27051680288e-09, 6.88980161812e-09, 4.79177843238e-11, 3.29261097554e-11, 3.07564168578e-10, 1.14913044358e-11, 6.30203571619e-12, 9.86191510399e-12, 7.82412676315e-12, 7.92101464715e-13, 5.21188235798e-13, 2.57279034232e-13, 1.48288404667e-13, 7.5901145178e-14, 4.06065019934e-14, 5.41740148563e-14, 8.35711589585e-15, 5.47398345592e-15], "max": [0.05997081846, 0.0589074268937, 0.0293582938612, 0.0196013376117, 0.0180136356503, 0.0263991765678, 0.0396455898881, 0.0313697457314, 0.0131653593853, 0.0197635218501, 0.00432193977758, 0.00580796319991, 0.00173968798481, 0.00388814229518, 0.00269984011538, 0.00170839973725, 0.00120827858336, 0.00192391430028, 0.00101920496672, 0.000392211746657, 0.00130511715543, 0.000261020904873, 0.000395899638534, 0.00106555677485, 0.000137941213325, 5.76460115553e-05, 0.000376917538233, 4.24041754741e-05, 7.01583703631e-05, 7.21184842405e-05, 4.2364183173e-05, 1.54661520355e-05, 1.05543631435e-05, 4.75818160339e-06, 3.50868640453e-06, 2.81773031929e-06, 2.14397550735e-06, 5.53818654225e-06, 2.01414991352e-06, 1.32240290895e-06], "mean": [0.000269594951533, 0.000276918086456, 0.000411534390878, 0.000474725587992, 0.00099697872065, 0.000844063179102, 0.00102396297734, 0.000472038140288, 0.000450512568932, 0.000230819321587, 0.000281911401544, 0.000207024873816, 0.000107504230982, 0.000164470606251, 0.000107294370537, 0.000102372177935, 7.58222740842e-05, 6.01856554567e-05, 3.99059099436e-05, 3.01621330436e-05, 2.50528682955e-05, 1.61677671713e-05, 3.4520006011e-05, 5.77070204599e-05, 8.17307045509e-06, 5.97429607296e-06, 8.78308583196e-06, 2.90866296382e-06, 1.86871307051e-06, 1.8996407789e-06, 1.50877747274e-06, 8.67449784892e-07, 6.28984253126e-07, 4.22307238068e-07, 3.16195666983e-07, 2.00243533754e-07, 1.40857139286e-07, 1.0921937843e-07, 5.43133751307e-08, 3.94974470908e-08], "median": [8.55287653394e-05, 8.05472154752e-05, 0.000165079982253, 0.000222258109716, 0.000544482958503, 0.000574082252569, 0.000677417323459, 0.000329891423462, 0.0003059245646, 0.000157250993652, 0.000183428885066, 0.000138513438287, 8.3254344645e-05, 8.95906778169e-05, 7.64518190408e-05, 7.56275694584e-05, 5.14480270795e-05, 4.14403548348e-05, 2.8172013117e-05, 2.27424916375e-05, 1.75741770363e-05, 1.33140119942e-05, 1.49591660374e-05, 1.28130495796e-05, 6.05226523476e-06, 4.18321087636e-06, 2.95729455502e-06, 1.6657525066e-06, 1.2193039538e-06, 9.07201638256e-07, 6.65670313538e-07, 5.34932723895e-07, 3.58780823717e-07, 2.4061506565e-07, 1.64199860819e-07, 9.44855642615e-08, 5.59335902039e-08, 3.49286999324e-08, 1.73587775265e-08, 1.30167627788e-08], "min": [1.09477531207e-11, 6.85736190054e-11, 1.02810975011e-10, 2.37909691947e-11, 7.38922048549e-11, 1.62622554312e-10, 7.53247186847e-11, 2.4435306209e-11, 4.63731969491e-11, 7.06861166822e-11, 7.75690831012e-11, 2.32303884462e-10, 4.78629046119e-11, 9.81654757481e-11, 1.5583841162e-10, 8.47447320651e-11, 2.17635090505e-10, 1.13468213991e-10, 1.40795083925e-10, 7.12738201791e-11, 5.82177084318e-11, 2.79969953471e-11, 1.29412062663e-11, 2.22310321193e-12, 1.55881314801e-11, 1.84428652905e-11, 1.4848702129e-11, 2.28039028632e-11, 1.69558759394e-11, 9.60656727778e-12, 4.75397715985e-12, 6.08396492907e-12, 9.31021319067e-13, 2.43357390446e-13, 2.22874832739e-13, 1.61080716365e-13, 1.15845280959e-13, 1.05159208164e-13, 4.10773811613e-14, 7.22655374668e-14], "var": [2.06467279895e-06, 2.02874844035e-06, 7.50753031298e-07, 7.47565024994e-07, 1.56671796958e-06, 8.59277633936e-07, 1.26411123347e-06, 3.85162479688e-07, 2.64155232799e-07, 1.2216129619e-07, 9.64683124494e-08, 5.54883712311e-08, 8.51049808404e-09, 5.56858523737e-08, 1.18780212333e-08, 8.57926707454e-09, 6.53911147452e-09, 4.05618960642e-09, 2.32166130765e-09, 7.13609893399e-10, 1.24637256071e-09, 1.55460214146e-10, 2.40406361485e-09, 1.24345360675e-08, 5.53121853875e-11, 3.33370935024e-11, 3.99302840792e-10, 1.41370734563e-11, 4.88131106716e-12, 9.44030791039e-12, 6.59157841157e-12, 9.33104396701e-13, 5.84019215367e-13, 2.33372945534e-13, 1.37290515328e-13, 6.45329601388e-14, 4.21446257341e-14, 4.35285860904e-14, 8.74583540897e-15, 4.18631804027e-15]}, "mfcc": {"mean": [-638.16192627, 165.096603394, -44.5638885498, 13.0424146652, -15.7273111343, -5.00651931763, -15.2573490143, -1.79847860336, -11.4939079285, -3.95384049416, 0.816675305367, 0.84496563673, -2.82518196106], "cov": [[1536.93530273, -819.65826416, 237.317184448, -19.0016136169, -47.2820472717, 4.28585577011, 30.6570987701, -29.666973114, -33.6260643005, 39.0470619202, -17.2057704926, -8.56845474243, -74.5016403198], [-819.65826416, 1212.46984863, -184.086532593, -24.3743152618, -8.34354686737, 58.1001739502, -45.1411933899, 12.3791055679, 4.83378314972, -17.3108844757, -35.1401672363, -50.9464454651, 60.0998764038], [237.317184448, -184.086532593, 242.762054443, 9.73680782318, 40.6081352234, -2.007335186, 15.0891304016, 0.217849045992, -17.4137172699, 0.913096547127, -0.924244999886, 7.01539850235, -24.6621170044], [-19.0016136169, -24.3743152618, 9.73680782318, 165.275360107, 30.8055839539, -2.03275132179, 14.8778343201, 13.8030815125, -1.45133399963, -22.4685287476, 14.4121189117, -5.34135484695, -18.3448619843], [-47.2820472717, -8.34354686737, 40.6081352234, 30.8055839539, 85.3529434204, 2.70171093941, 14.9998464584, 23.3334884644, 9.3082818985, -12.6539621353, 10.8876018524, 3.96214818954, -11.9381141663], [4.28585577011, 58.1001739502, -2.007335186, -2.03275132179, 2.70171093941, 98.8721694946, 32.4651870728, 1.56069874763, 11.9881324768, 30.5824737549, -15.4828176498, -5.38585186005, 15.1798200607], [30.6570987701, -45.1411933899, 15.0891304016, 14.8778343201, 14.9998464584, 32.4651870728, 84.5641555786, 13.8668727875, 22.6567573547, 7.90726137161, -8.1743106842, 2.13432621956, 10.9809112549], [-29.666973114, 12.3791055679, 0.217849045992, 13.8030815125, 23.3334884644, 1.56069874763, 13.8668727875, 76.0444107056, 15.8133192062, -4.26095819473, 16.3919773102, 6.93002605438, -11.5234184265], [-33.6260643005, 4.83378314972, -17.4137172699, -1.45133399963, 9.3082818985, 11.9881324768, 22.6567573547, 15.8133192062, 62.6139144897, 26.9888210297, 11.0489435196, 8.46266555786, 12.4101238251], [39.0470619202, -17.3108844757, 0.913096547127, -22.4685287476, -12.6539621353, 30.5824737549, 7.90726137161, -4.26095819473, 26.9888210297, 86.9301071167, 12.9099092484, 12.4325294495, 19.7813816071], [-17.2057704926, -35.1401672363, -0.924244999886, 14.4121189117, 10.8876018524, -15.4828176498, -8.1743106842, 16.3919773102, 11.0489435196, 12.9099092484, 63.2911071777, 21.3141345978, -6.40306901932], [-8.56845474243, -50.9464454651, 7.01539850235, -5.34135484695, 3.96214818954, -5.38585186005, 2.13432621956, 6.93002605438, 8.46266555786, 12.4325294495, 21.3141345978, 54.1904945374, 18.1635074615], [-74.5016403198, 60.0998764038, -24.6621170044, -18.3448619843, -11.9381141663, 15.1798200607, 10.9809112549, -11.5234184265, 12.4101238251, 19.7813816071, -6.40306901932, 18.1635074615, 76.0711898804]], "icov": [[0.00126998906489, 0.000771377584897, -0.00077407999197, 0.000111706598545, 0.00106229051016, -0.000439175521024, -3.33898933604e-05, -8.81762025529e-05, 0.000294253055472, -0.000443523720605, 0.000346693210304, 0.000647485197987, 0.000598062993959], [0.000771377584897, 0.00160205143038, 0.000228852790315, 0.00016949736164, 0.000206231794436, -0.00110571389087, 0.00104082294274, -0.000579799641855, 0.000110808243335, 0.000173076463398, 0.00037462610635, 0.0015837874962, -0.000789943151176], [-0.00077407999197, 0.000228852790315, 0.00596643099561, 0.000179183087312, -0.00361588201486, 0.000338864861988, -0.000737913011108, 0.000404053251259, 0.00215020729229, -0.000986788538285, 0.000725559075363, -0.0010453441646, 0.000787743600085], [0.000111706598545, 0.00016949736164, 0.000179183087312, 0.00707046780735, -0.00177608930971, -0.000431095482782, -0.00136873708107, 2.18285968003e-05, 0.000454164866824, 0.00167149561457, -0.00218753004447, 0.00113219476771, 0.000783626397606], [0.00106229051016, 0.000206231794436, -0.00361588201486, -0.00177608930971, 0.0169100165367, -0.00138727086596, -0.00120577844791, -0.00283518689685, -0.00278953765519, 0.00287470803596, -0.00171757256612, -0.000397224357584, 0.00160983763635], [-0.000439175521024, -0.00110571389087, 0.000338864861988, -0.000431095482782, -0.00138727086596, 0.014887704514, -0.00523213110864, -0.000309724418912, 0.00126308016479, -0.00597815262154, 0.00337318121456, 0.000665796746034, -0.000557375722565], [-3.33898933604e-05, 0.00104082294274, -0.000737913011108, -0.00136873708107, -0.00120577844791, -0.00523213110864, 0.0173530317843, -0.00245405500755, -0.0055569303222, 0.00173077348154, 0.00285538146272, 0.000436464761151, -0.00285352789797], [-8.81762025529e-05, -0.000579799641855, 0.000404053251259, 2.18285968003e-05, -0.00283518689685, -0.000309724418912, -0.00245405500755, 0.0167199652642, -0.00327264633961, 0.00172028143425, -0.00328526366502, -0.00218648090959, 0.00334395142272], [0.000294253055472, 0.000110808243335, 0.00215020729229, 0.000454164866824, -0.00278953765519, 0.00126308016479, -0.0055569303222, -0.00327264633961, 0.023450018838, -0.00720181502402, -0.00182061968371, 9.46397631196e-05, -0.00150485825725], [-0.000443523720605, 0.000173076463398, -0.000986788538285, 0.00167149561457, 0.00287470803596, -0.00597815262154, 0.00173077348154, 0.00172028143425, -0.00720181502402, 0.0183432586491, -0.00503618689254, -0.000928637105972, -0.00263034459203], [0.000346693210304, 0.00037462610635, 0.000725559075363, -0.00218753004447, -0.00171757256612, 0.00337318121456, 0.00285538146272, -0.00328526366502, -0.00182061968371, -0.00503618689254, 0.0233343020082, -0.00800532195717, 0.00338090956211], [0.000647485197987, 0.0015837874962, -0.0010453441646, 0.00113219476771, -0.000397224357584, 0.000665796746034, 0.000436464761151, -0.00218648090959, 9.46397631196e-05, -0.000928637105972, -0.00800532195717, 0.0267104823142, -0.00809786096215], [0.000598062993959, -0.000789943151176, 0.000787743600085, 0.000783626397606, 0.00160983763635, -0.000557375722565, -0.00285352789797, 0.00334395142272, -0.00150485825725, -0.00263034459203, 0.00338090956211, -0.00809786096215, 0.0192296653986]]}, "spectral_contrast_coeffs": {"dmean": [0.0587992668152, 0.052031353116, 0.0386730879545, 0.0267133396119, 0.0197761952877, 0.0169924292713], "dmean2": [0.0997681990266, 0.0892986059189, 0.0664098411798, 0.0461353808641, 0.0336510874331, 0.0283798202872], "dvar": [0.00207418319769, 0.00164570857305, 0.000891050323844, 0.000422903307481, 0.000236032457906, 0.000219927547732], "dvar2": [0.00589361041784, 0.00483932299539, 0.00261978758499, 0.00123661127873, 0.000678501848597, 0.000598534476012], "max": [-0.246311441064, -0.452337652445, -0.569356739521, -0.650941610336, -0.613893389702, -0.522454202175], "mean": [-0.597953796387, -0.745940089226, -0.79903960228, -0.811690092087, -0.78045207262, -0.711267650127], "median": [-0.598763167858, -0.751049757004, -0.802119135857, -0.813265681267, -0.786782503128, -0.712398290634], "min": [-0.866053819656, -0.953520476818, -0.916180551052, -0.916340112686, -0.89412021637, -0.83863735199], "var": [0.00705427955836, 0.00384804187343, 0.00162617338356, 0.000750851817429, 0.00139983592089, 0.000928053457756]}, "spectral_contrast_valleys": {"dmean": [0.452024847269, 0.322200596333, 0.271389812231, 0.209867954254, 0.175362244248, 0.274946421385], "dmean2": [0.773561179638, 0.55347007513, 0.466280937195, 0.356515824795, 0.289101064205, 0.435514718294], "dvar": [0.13443659246, 0.0630130320787, 0.0437762737274, 0.0271449387074, 0.0222756266594, 0.0739229619503], "dvar2": [0.374440580606, 0.180943831801