{"lowlevel": {"average_loudness": 0.928242623806, "barkbands_crest": {"dmean": 2.97736930847, "dmean2": 4.81287813187, "dvar": 6.66915225983, "dvar2": 16.1623878479, "max": 26.7704715729, "mean": 13.6254653931, "median": 12.7311038971, "min": 4.26874637604, "var": 22.1828517914}, "barkbands_flatness_db": {"dmean": 0.0320171639323, "dmean2": 0.0523130781949, "dvar": 0.00107469619252, "dvar2": 0.00272554694675, "max": 0.543592214584, "mean": 0.313464283943, "median": 0.314420819283, "min": 0.0467720851302, "var": 0.00240535871126}, "barkbands_kurtosis": {"dmean": 11.049665451, "dmean2": 17.5751247406, "dvar": 465.608551025, "dvar2": 1113.42407227, "max": 534.919128418, "mean": 20.9723472595, "median": 12.447271347, "min": -1.86132466793, "var": 1001.3269043}, "barkbands_skewness": {"dmean": 0.878081858158, "dmean2": 1.38069093227, "dvar": 0.941280066967, "dvar2": 2.28186631203, "max": 16.0004997253, "mean": 1.7558811903, "median": 1.66260480881, "min": -5.60658216476, "var": 3.65908312798}, "barkbands_spread": {"dmean": 1.30604088306, "dmean2": 2.0405600071, "dvar": 3.99804997444, "dvar2": 8.31393623352, "max": 47.060131073, "mean": 4.6987156868, "median": 3.08761024475, "min": 0.103704564273, "var": 24.3050308228}, "dissonance": {"dmean": 0.0485055670142, "dmean2": 0.0809259042144, "dvar": 0.00199933629483, "dvar2": 0.00525564746931, "max": 0.500000059605, "mean": 0.393848448992, "median": 0.404067456722, "min": 0.161798924208, "var": 0.00407503172755}, "dynamic_complexity": 3.84272146225, "erbbands_crest": {"dmean": 3.68862462044, "dmean2": 5.92904472351, "dvar": 10.401181221, "dvar2": 24.8493595123, "max": 34.7391357422, "mean": 16.825094223, "median": 15.7061481476, "min": 3.5880022049, "var": 42.3416442871}, "erbbands_flatness_db": {"dmean": 0.0286179725081, "dmean2": 0.0459016002715, "dvar": 0.000742901873309, "dvar2": 0.00177915941458, "max": 0.486398011446, "mean": 0.27664989233, "median": 0.268808782101, "min": 0.125762432814, "var": 0.00264178193174}, "erbbands_kurtosis": {"dmean": 9.60493850708, "dmean2": 14.7388801575, "dvar": 173.776519775, "dvar2": 390.035583496, "max": 231.715087891, "mean": 20.613117218, "median": 14.5223817825, "min": -1.86160945892, "var": 535.250915527}, "erbbands_skewness": {"dmean": 0.842685937881, "dmean2": 1.28920674324, "dvar": 0.689847826958, "dvar2": 1.52701473236, "max": 10.541975975, "mean": 2.5138194561, "median": 2.70446157455, "min": -9.52077102661, "var": 5.38491344452}, "erbbands_spread": {"dmean": 3.97304272652, "dmean2": 6.38569736481, "dvar": 20.3940429688, "dvar2": 50.1651954651, "max": 64.2705078125, "mean": 12.0462646484, "median": 10.6202573776, "min": 0.501496911049, "var": 68.8726882935}, "hfc": {"dmean": 3.66301250458, "dmean2": 5.22081041336, "dvar": 92.8928451538, "dvar2": 187.455673218, "max": 229.591644287, "mean": 7.70402812958, "median": 3.76296424866, "min": 3.06769798044e-05, "var": 186.159729004}, "melbands_crest": {"dmean": 3.53845405579, "dmean2": 5.79816675186, "dvar": 9.21044635773, "dvar2": 23.3490180969, "max": 32.9477806091, "mean": 16.0928039551, "median": 15.1987724304, "min": 3.29009747505, "var": 25.139585495}, "melbands_flatness_db": {"dmean": 0.02983732149, "dmean2": 0.0492504648864, "dvar": 0.000995265552774, "dvar2": 0.00253978441469, "max": 0.614474713802, "mean": 0.391990154982, "median": 0.394141048193, "min": 0.0248173531145, "var": 0.00258613331243}, "melbands_kurtosis": {"dmean": 10.5618009567, "dmean2": 16.7436523438, "dvar": 272.660949707, "dvar2": 671.778686523, "max": 260.650787354, "mean": 20.7764873505, "median": 13.1322717667, "min": -1.90207791328, "var": 664.110168457}, "melbands_skewness": {"dmean": 0.785565018654, "dmean2": 1.23909413815, "dvar": 0.602355420589, "dvar2": 1.44031214714, "max": 8.69180679321, "mean": 1.71925008297, "median": 1.74201583862, "min": -5.02804040909, "var": 2.54785490036}, "melbands_spread": {"dmean": 1.77927839756, "dmean2": 2.75277757645, "dvar": 11.365696907, "dvar2": 22.3318824768, "max": 87.0806732178, "mean": 6.39271211624, "median": 3.54381418228, "min": 0.281387299299, "var": 67.2198410034}, "pitch_salience": {"dmean": 0.0887787416577, "dmean2": 0.14592371881, "dvar": 0.00634103454649, "dvar2": 0.016084227711, "max": 0.847978949547, "mean": 0.520758450031, "median": 0.530137419701, "min": 0.0679976269603, "var": 0.017416216433}, "silence_rate_20dB": {"dmean": 0, "dmean2": 0, "dvar": 0, "dvar2": 0, "max": 1, "mean": 1, "median": 1, "min": 1, "var": 0}, "silence_rate_30dB": {"dmean": 0.011606075801, "dmean2": 0.0232161153108, "dvar": 0.0114712137729, "dvar2": 0.028480514884, "max": 1, "mean": 0.99061435461, "median": 1, "min": 0, "var": 0.00929728057235}, "silence_rate_60dB": {"dmean": 0.0600785128772, "dmean2": 0.1200068295, "dvar": 0.0564686730504, "dvar2": 0.117557294667, "max": 1, "mean": 0.134641632438, "median": 0, "min": 0, "var": 0.11651198566}, "spectral_centroid": {"dmean": 50.2136993408, "dmean2": 77.3095855713, "dvar": 8424.66503906, "dvar2": 15063.4267578, "max": 3434.12524414, "mean": 421.305938721, "median": 330.839782715, "min": 172.081115723, "var": 71074.3984375}, "spectral_complexity": {"dmean": 0.989247322083, "dmean2": 1.69255721569, "dvar": 0.965359389782, "dvar2": 2.25765872002, "max": 14, "mean": 5.57440280914, "median": 5, "min": 0, "var": 3.94445514679}, "spectral_decrease": {"dmean": 2.45419684575e-09, "dmean2": 3.68036889853e-09, "dvar": 1.92962956217e-17, "dvar2": 4.07772083284e-17, "max": -1.5511288729e-15, "mean": -5.42853983987e-09, "median": -3.57003138163e-09, "min": -6.44169659836e-08, "var": 3.77337593919e-17}, "spectral_energy": {"dmean": 0.00958381500095, "dmean2": 0.0143456012011, "dvar": 0.000296955258818, "dvar2": 0.000626304594334, "max": 0.24946397543, "mean": 0.0211872942746, "median": 0.0139597831294, "min": 8.79722694691e-09, "var": 0.000580800289754}, "spectral_energyband_high": {"dmean": 9.65041817835e-06, "dmean2": 1.63930490089e-05, "dvar": 7.70565722341e-10, "dvar2": 1.97691552017e-09, "max": 0.0005563115119, "mean": 2.03506951948e-05, "median": 1.63627119036e-05, "min": 3.07074254913e-10, "var": 7.654361589e-10}, "spectral_energyband_low": {"dmean": 0.00301740528084, "dmean2": 0.00477204658091, "dvar": 2.74567446468e-05, "dvar2": 6.47613996989e-05, "max": 0.0957822501659, "mean": 0.00631621479988, "median": 0.00296539906412, "min": 1.55246537847e-10, "var": 6.40721991658e-05}, "spectral_energyband_middle_high": {"dmean": 0.0010719030397, "dmean2": 0.0014540690463, "dvar": 4.11339606217e-05, "dvar2": 8.25691458886e-05, "max": 0.152166813612, "mean": 0.00214682822116, "median": 6.78251235513e-05, "min": 5.01193619939e-09, "var": 8.44165915623e-05}, "spectral_energyband_middle_low": {"dmean": 0.00712983589619, "dmean2": 0.0107313646004, "dvar": 0.00020719449094, "dvar2": 0.000443083292339, "max": 0.222553804517, "mean": 0.0137068619952, "median": 0.00757205346599, "min": 6.00641703041e-10, "var": 0.000374999392079}, "spectral_entropy": {"dmean": 0.298650324345, "dmean2": 0.489210098982, "dvar": 0.107498504221, "dvar2": 0.28282597661, "max": 8.16264915466, "mean": 6.06626844406, "median": 6.08573102951, "min": 3.96897387505, "var": 0.184929728508}, "spectral_flux": {"dmean": 0.0308242235333, "dmean2": 0.0516752414405, "dvar": 0.00181388983037, "dvar2": 0.00463048228994, "max": 0.392865002155, "mean": 0.0596268065274, "median": 0.0478055812418, "min": 9.37935328693e-05, "var": 0.00214407849126}, "spectral_kurtosis": {"dmean": 5.47309827805, "dmean2": 9.27859973907, "dvar": 32.7389259338, "dvar2": 88.2664794922, "max": 75.232093811, "mean": 12.6593561172, "median": 10.4677734375, "min": 0.564700841904, "var": 65.8620223999}, "spectral_rms": {"dmean": 0.000928362074774, "dmean2": 0.00136604649015, "dvar": 1.5685066046e-06, "dvar2": 2.93707830679e-06, "max": 0.0156006244943, "mean": 0.00396802369505, "median": 0.00369043368846, "min": 2.92961772175e-06, "var": 4.92532399221e-06}, "spectral_rolloff": {"dmean": 71.4746246338, "dmean2": 128.569351196, "dvar": 42903.5273438, "dvar2": 92969.1796875, "max": 5749.36523438, "mean": 480.779663086, "median": 366.064453125, "min": 86.1328125, "var": 135249.03125}, "spectral_skewness": {"dmean": 0.4775826931, "dmean2": 0.796211779118, "dvar": 0.211477726698, "dvar2": 0.579933524132, "max": 6.74435377121, "mean": 2.83397102356, "median": 2.73282289505, "min": 1.11615383625, "var": 0.489609062672}, "spectral_spread": {"dmean": 542218.9375, "dmean2": 837954.0625, "dvar": 289269874688, "dvar2": 559614722048, "max": 8405807, "mean": 3345861.25, "median": 3197186.5, "min": 1110834.875, "var": 1162551230460.0}, "spectral_strongpeak": {"dmean": 0.510701060295, "dmean2": 0.782831609249, "dvar": 1.03531217575, "dvar2": 2.15932583809, "max": 26.6726894379, "mean": 1.116533041, "median": 0.52707529068, "min": 0.000118473813927, "var": 2.96417045593}, "zerocrossingrate": {"dmean": 0.00243657268584, "dmean2": 0.003048382001, "dvar": 9.31088561629e-06, "dvar2": 1.30552298288e-05, "max": 0.11181640625, "mean": 0.0192450303584, "median": 0.015625, "min": 0.00341796875, "var": 0.000151696804096}, "barkbands": {"dmean": [2.14160554606e-05, 0.00131165236235, 0.00177407742012, 0.000841907341965, 0.00361229409464, 0.0016684877919, 0.00192133232486, 0.00032251822995, 0.00028651743196, 4.88004516228e-05, 0.000397697236622, 0.000412341731135, 0.000128232160932, 7.39390907256e-06, 7.26661310182e-05, 8.64259163791e-06, 7.03760815668e-05, 5.18846172781e-06, 3.84450822821e-06, 4.62214757135e-06, 2.45503156293e-06, 2.58040017798e-06, 2.28852195505e-06, 1.49129130023e-06, 7.32764647182e-07, 2.83261641698e-07, 2.31746525969e-07], "dmean2": [3.98095726268e-05, 0.00216704886407, 0.00275704357773, 0.00125482387375, 0.00565509870648, 0.00260669388808, 0.00282652745955, 0.000486009026645, 0.000399171723984, 7.92813007138e-05, 0.000526360352524, 0.0005809852737, 0.000181507130037, 1.30566659209e-05, 9.24065388972e-05, 1.49441439135e-05, 9.35235220823e-05, 9.28565532377e-06, 6.96263759892e-06, 7.89924160927e-06, 4.29993815487e-06, 4.33346622231e-06, 3.74843148165e-06, 2.38987081502e-06, 1.2014774029e-06, 5.12122142027e-07, 4.30296438481e-07], "dvar": [6.96113300336e-09, 5.7816532717e-06, 1.03749334812e-05, 9.21232185647e-06, 8.09974517324e-05, 3.1048697565e-05, 4.47391503258e-05, 3.79418975172e-06, 5.12403676112e-06, 1.86712114214e-07, 1.41849977808e-05, 1.55955276568e-05, 2.21261370825e-06, 1.03742114899e-09, 1.14699412279e-06, 1.27400827665e-08, 1.91011758943e-06, 1.35673305923e-09, 5.92194959737e-10, 1.04701680659e-09, 4.23917047299e-11, 8.37581254354e-11, 9.42533898152e-11, 9.31879573507e-12, 5.6947918603e-12, 7.59181779941e-12, 8.42219696762e-12], "dvar2": [2.00453627031e-08, 1.5559968233e-05, 2.29586075875e-05, 2.10674879781e-05, 0.000177625377546, 7.34198547434e-05, 9.16901262826e-05, 7.67547953728e-06, 9.28180816118e-06, 4.88403827603e-07, 2.67414179689e-05, 3.27135676343e-05, 3.75661829821e-06, 2.88708612572e-09, 1.95594520846e-06, 2.96668734023e-08, 3.60186641046e-06, 3.64426444577e-09, 1.6008504522e-09, 2.67676747434e-09, 1.19730350634e-10, 1.82969334128e-10, 2.27712598777e-10, 2.12552180717e-11, 1.50361442047e-11, 2.18295971577e-11, 2.42442003973e-11], "max": [0.00223131803796, 0.0362237542868, 0.0522373616695, 0.0803371071815, 0.131581842899, 0.172515437007, 0.104354679585, 0.0734999254346, 0.0708863064647, 0.0182756483555, 0.141630873084, 0.126559197903, 0.0780904367566, 0.000649260298815, 0.0623079501092, 0.00679780635983, 0.0745897218585, 0.00116705067921, 0.000739491777495, 0.000820185756311, 7.85071679275e-05, 0.000360697042197, 0.000467880221549, 4.340770829e-05, 5.12523292855e-05, 6.95529524819e-05, 7.72375060478e-05], "mean": [1.28994752231e-05, 0.00266539887525, 0.00263843988068, 0.00164355826564, 0.00535956583917, 0.00234136590734, 0.0034062245395, 0.000481800088892, 0.000468188343802, 6.27849876764e-05, 0.000882094202098, 0.000702470948454, 0.00020303070778, 7.76056458562e-06, 0.000142956763739, 1.18007483252e-05, 0.000124567304738, 4.66284745926e-06, 3.64892275684e-06, 5.67329607293e-06, 4.54603832623e-06, 5.05920115756e-06, 4.22046059612e-06, 2.88847877528e-06, 1.26696920688e-06, 2.90184971163e-07, 1.69604234657e-07], "median": [4.75357126106e-07, 0.000846403359901, 0.000815946608782, 0.000463563832454, 0.00186217192095, 0.000791322439909, 0.000461876159534, 3.02546814055e-05, 1.13112309919e-05, 7.42382371755e-06, 1.05148574221e-05, 5.91304342379e-06, 4.37939661424e-06, 2.05350215765e-06, 1.37736219585e-06, 8.16011549887e-07, 8.86057932803e-07, 9.9697490441e-07, 9.407322068e-07, 2.05792548513e-06, 3.99271539209e-06, 4.55047847936e-06, 2.42566875386e-06, 8.40326265461e-07, 1.807990202e-07, 3.48665238903e-08, 1.29991351017e-09], "min": [1.02555984538e-11, 1.21458829105e-10, 1.38630183721e-11, 3.07429325053e-11, 1.29648194958e-10, 1.1012322304e-10, 3.67751870622e-11, 2.23320476694e-11, 2.60280241804e-10, 2.1525427274e-10, 5.22099141698e-10, 1.99298202941e-10, 1.17387724541e-10, 1.42080514021e-10, 3.17363427205e-11, 1.52242843332e-10, 2.77523282133e-10, 1.16626333591e-10, 5.79784102672e-11, 5.41580738589e-11, 6.19847714822e-11, 4.56894383438e-11, 2.98715809033e-11, 3.31580839175e-11, 3.03422426073e-11, 3.33329613911e-11, 3.59066699984e-11], "var": [3.8587195661e-09, 1.84157324838e-05, 1.87048171938e-05, 1.67858033819e-05, 0.000135421709274, 4.26353835792e-05, 9.60767793003e-05, 6.59259012536e-06, 1.11822710096e-05, 1.896048758e-07, 3.24919456034e-05, 2.80933163594e-05, 5.21105039297e-06, 8.35965574542e-10, 2.91076230496e-06, 2.23557297119e-08, 4.08289452025e-06, 9.71613234313e-10, 4.59588422874e-10, 9.02756036592e-10, 3.50387947823e-11, 9.98392479801e-11, 9.06620403751e-11, 1.49677353845e-11, 5.95755346097e-12, 4.81957529441e-12, 5.11124432709e-12]}, "erbbands": {"dmean": [0.0128416372463, 0.383839011192, 1.89078319073, 2.38835430145, 5.82410001755, 17.0186367035, 13.680475235, 11.5628137589, 23.141916275, 21.4429626465, 9.62114524841, 4.73621225357, 0.9732812047, 10.7508563995, 8.89454078674, 18.5655555725, 8.28143978119, 0.705054700375, 1.1557905674, 3.77552628517, 1.71310019493, 3.25105547905, 0.41880312562, 0.171925202012, 0.301762104034, 0.169035673141, 0.102473817766, 0.0991886258125, 0.0990700870752, 0.0715102404356, 0.0665421336889, 0.0394927784801, 0.0218757800758, 0.0106125371531, 0.00415452523157, 0.00145659130067, 0.000473172811326, 0.000157168513397, 4.20999385824e-05, 1.31014448925e-05], "dmean2": [0.0204050485045, 0.634570002556, 3.01616334915, 3.51445865631, 9.20353507996, 26.5195064545, 21.4950618744, 17.9393787384, 34.5358200073, 31.8749065399, 13.7672624588, 6.73553180695, 1.52006959915, 14.387720108, 11.9137487411, 26.2530670166, 11.3778209686, 1.11050462723, 1.58786833286, 4.68525791168, 2.24190664291, 4.33664369583, 0.672920227051, 0.311116307974, 0.525437712669, 0.293847978115, 0.181844800711, 0.171207860112, 0.167083755136, 0.118420787156, 0.108158692718, 0.0636307448149, 0.0348782353103, 0.0173161718994, 0.00684599531814, 0.00248853326775, 0.000871584925335, 0.00029653130332, 7.48729435145e-05, 2.03559411602e-05], "dvar": [0.000649931200314, 0.474820464849, 10.7671995163, 46.9616661072, 305.299163818, 2071.22045898, 3090.50317383, 743.403381348, 7902.78222656, 8406.609375, 4327.56591797, 1256.68835449, 20.5935974121, 11119.9863281, 6341.85742188, 31333.8925781, 7404.12011719, 16.9492702484, 272.296295166, 3557.69213867, 1025.6328125, 5301.01220703, 16.9612369537, 0.580054223537, 5.68674945831, 0.898015975952, 0.0841255933046, 0.0631905421615, 0.160629034042, 0.0278595015407, 0.110662773252, 0.0105199320242, 0.00217408966273, 0.000768010155298, 0.000290747528197, 0.000124194499222, 2.50235734711e-05, 3.52410620508e-06, 2.18774786731e-07, 1.89218929414e-09], "dvar2": [0.00161500403192, 1.27108323574, 24.4769439697, 106.42073822, 687.426391602, 4521.17724609, 7350.66308594, 1651.8503418, 16983.0917969, 17624.9394531, 8201.83105469, 2342.42138672, 48.7060585022, 21425.0859375, 12094.0419922, 67464.5859375, 12929.8574219, 33.544002533, 440.417175293, 5884.82910156, 1657.96105957, 10694.5322266, 36.0561103821, 1.58030116558, 15.1203136444, 2.27327990532, 0.239302888513, 0.175202965736, 0.341470509768, 0.0683059319854, 0.269579976797, 0.0242900699377, 0.00494376476854, 0.00191427778918, 0.00079944654135, 0.000350975460606, 7.22103577573e-05, 1.01964842543e-05, 6.2352819441e-07, 5.08526021292e-09], "max": [0.47231990099, 9.9310541153, 44.2761993408, 164.767059326, 332.541870117, 790.323730469, 1877.18823242, 536.226318359, 1871.0682373, 1740.97570801, 2100.95776367, 1038.70129395, 174.557876587, 3615.86157227, 2800.37060547, 5634.61914062, 3909.18652344, 171.43296814, 1345.89990234, 4496.96582031, 2483.49584961, 5103.87695312, 273.680603027, 15.1861085892, 78.8379898071, 32.8030128479, 3.52230787277, 3.62790966034, 18.5344524384, 4.46020936966, 16.342540741, 5.02253770828, 0.74621295929, 0.563458681107, 0.410169303417, 0.300207704306, 0.122147500515, 0.0497448705137, 0.013232903555, 0.00111735018436], "mean": [0.0309032332152, 0.775947332382, 2.97257304192, 4.79640626907, 9.01823329926, 24.58984375, 19.0747528076, 17.4708824158, 42.1764068604, 34.7432022095, 16.2268486023, 7.74744033813, 1.45929419994, 22.0663604736, 19.7327919006, 32.2721481323, 14.7819604874, 1.06206607819, 1.99726593494, 7.77545881271, 3.27586102486, 5.55501651764, 0.500840723515, 0.163376361132, 0.316008508205, 0.218262925744, 0.176641702652, 0.186514049768, 0.187225952744, 0.142838448286, 0.118547283113, 0.0744210034609, 0.0415454097092, 0.0186615474522, 0.00668802438304, 0.00191347347572, 0.000433832989074, 0.000119808049931, 4.02082514483e-05, 2.55090071732e-05], "median": [0.00913719832897, 0.282136440277, 1.12766098976, 2.10847425461, 3.15172100067, 7.93985557556, 6.07614612579, 5.9736661911, 6.3159160614, 4.4890871048, 0.862887501717, 0.32517272234, 0.313588023186, 0.445405483246, 0.386562615633, 0.302091062069, 0.249182477593, 0.172166109085, 0.0851614177227, 0.0661216080189, 0.0499806366861, 0.0551791265607, 0.0597483813763, 0.0508697554469, 0.0638111829758, 0.0957012325525, 0.132018685341, 0.172397255898, 0.164135292172, 0.112593218684, 0.0624456554651, 0.0270286649466, 0.0100217917934, 0.00297834794037, 0.000845221453346, 0.000176086556166, 6.13205193076e-05, 8.22037236503e-06, 8.21368575998e-06, 1.57231243065e-05], "min": [3.63715790819e-09, 2.57442742679e-08, 2.99442568519e-08, 5.00476033949e-08, 1.19776188967e-07, 4.00761109631e-07, 1.52284007982e-06, 4.8368269745e-07, 2.28519212442e-07, 7.25152631276e-07, 1.49934805904e-06, 6.08935806667e-06, 4.79420123156e-06, 1.0423715139e-05, 2.21339887503e-05, 8.90920273378e-06, 4.98193185194e-06, 1.22430483316e-05, 3.30470288645e-06, 3.72259614778e-06, 1.15394532259e-05, 1.40899010148e-05, 7.92613809608e-06, 2.35085781242e-06, 3.06825586449e-06, 2.78989841718e-06, 3.03731803797e-06, 2.04925845537e-06, 1.74927640728e-06, 9.8270777471e-07, 9.20042964481e-07, 7.65283687088e-07, 4.52494901992e-07, 3.09240590468e-07, 2.11631700608e-07, 1.26852469862e-07, 6.36596695358e-08, 2.11116937265e-08, 5.6427231776e-09, 5.2334087064e-10], "var": [0.00274681835435, 1.40659451485, 19.1786499023, 87.3212966919, 469.323638916, 3440.6340332, 4172.80078125, 1324.91357422, 17812.9746094, 14409.46875, 8626.953125, 2640.08447266, 28.773349762, 22286.8398438, 15471.2050781, 55561.1679688, 16783.0683594, 34.4872207642, 712.083679199, 9436.22558594, 2765.2878418, 9710.57714844, 27.6129608154, 0.419143259525, 4.58569669724, 0.801153957844, 0.0636637210846, 0.0566347874701, 0.192776665092, 0.0327502191067, 0.101792708039, 0.0134844025597, 0.00348540139385, 0.000985178281553, 0.000251660909271, 9.40549216466e-05, 1.4946365809e-05, 2.07314178624e-06, 1.42375668588e-07, 1.78111625448e-09]}, "gfcc": {"mean": [-154.048950195, 162.354064941, -69.2057571411, 40.5846405029, -73.2423553467, 1.70931851864, -29.1705951691, -22.8135738373, -16.1190872192, -8.4329957962, 2.05724072456, -5.66356468201, -3.75137329102], "cov": [[5036.5078125, -1066.47229004, 468.088104248, -97.2345733643, -394.89541626, 566.818115234, -346.478057861, 261.562896729, -140.922027588, 192.927383423, -2.11417889595, 61.4292869568, -51.7553825378], [-1066.47229004, 624.416320801, -248.231018066, -37.7997741699, 127.668029785, -245.098815918, 225.193313599, -82.5696868896, 129.672653198, -110.677780151, 27.6825294495, -41.1765060425, 32.2090110779], [468.088104248, -248.231018066, 994.425170898, 563.766723633, -344.349090576, 138.134124756, -152.59576416, -76.0027236938, -75.5196151733, 60.6997032166, 27.3437023163, -60.568397522, 40.8339004517], [-97.2345733643, -37.7997741699, 563.766723633, 682.349243164, -23.3845100403, -27.3754081726, -97.4385986328, -133.279907227, 64.6596069336, -40.4225959778, -40.0381965637, -54.8344039917, 89.3214263916], [-394.89541626, 127.668029785, -344.349090576, -23.3845100403, 528.048828125, -29.60987854, 103.079612732, -58.992767334, -15.6474685669, -83.8259124756, -85.7261886597, 51.5865020752, -6.05458498001], [566.818115234, -245.098815918, 138.134124756, -27.3754081726, -29.60987854, 340.686584473, 6.73926734924, 32.6040344238, -148.370941162, 47.6038322449, 11.4992589951, 20.6005020142, -6.64042234421], [-346.478057861, 225.193313599, -152.59576416, -97.4385986328, 103.079612732, 6.73926734924, 362.2394104, -41.1314468384, -45.208190918, -61.4811668396, 70.9040527344, 57.0959739685, -30.776014328], [261.562896729, -82.5696868896, -76.0027236938, -133.279907227, -58.992767334, 32.6040344238, -41.1314468384, 201.451187134, 69.8670349121, 4.4301700592, -59.72082901, 3.8861989975, 0.23258395493], [-140.922027588, 129.672653198, -75.5196151733, 64.6596069336, -15.6474685669, -148.370941162, -45.208190918, 69.8670349121, 315.243927002, 50.215713501, -75.1627349854, -79.7322158813, 8.39182376862], [192.927383423, -110.677780151, 60.6997032166, -40.4225959778, -83.8259124756, 47.6038322449, -61.4811668396, 4.4301700592, 50.215713501, 189.039230347, 62.1245994568, -31.7143440247, -68.1364593506], [-2.11417889595, 27.6825294495, 27.3437023163, -40.0381965637, -85.7261886597, 11.4992589951, 70.9040527344, -59.72082901, -75.1627349854, 62.1245994568, 189.10760498, 53.3032035828, -38.1117515564], [61.4292869568, -41.1765060425, -60.568397522, -54.8344039917, 51.5865020752, 20.6005020142, 57.0959739685, 3.8861989975, -79.7322158813, -31.7143440247, 53.3032035828, 151.507369995, 23.2346820831], [-51.7553825378, 32.2090110779, 40.8339004517, 89.3214263916, -6.05458498001, -6.64042234421, -30.776014328, 0.23258395493, 8.39182376862, -68.1364593506, -38.1117515564, 23.2346820831, 128.191650391]], "icov": [[0.000359128927812, 0.000630130642094, -0.000192605904886, 0.000306467380142, -2.52892259596e-05, -0.000335571792675, 5.57364292035e-05, 3.71083624486e-05, -0.000523179944139, 0.000494581006933, -0.0003804723965, 5.33598067705e-05, 3.55826887244e-06], [0.000630130642094, 0.00664018979296, -0.0010736186523, 0.0023925525602, -0.00145930692088, 0.00173362344503, -0.0025825817138, 0.00179145985749, -0.00378125812858, 0.00411162944511, -0.00405985116959, 0.00390644837171, -0.00282357539982], [-0.000192605904886, -0.0010736186523, 0.00489691318944, -0.00480283005163, 0.0030584402848, -0.000616784673184, -3.2220916637e-06, -0.000944052240811, 0.00336078833789, -0.00283657968976, 0.00226575694978, -0.000728062994312, 0.00116996932775], [0.000306467380142, 0.0023925525602, -0.00480283005163, 0.00731695443392, -0.00287235877477, 0.00014486501459, 0.000201027272851, 0.00362837011926, -0.00530079798773, 0.00460718106478, -0.00292865931988, 0.00163265806623, -0.00250312127173], [-2.52892259596e-05, -0.00145930692088, 0.0030584402848, -0.00287235877477, 0.0050545996055, -0.000964167353231, -0.000151523578097, 0.00106640346348, 0.0019753954839, -0.00169108714908, 0.00460235448554, -0.00306980987079, 0.00243063247763], [-0.000335571792675, 0.00173362344503, -0.000616784673184, 0.00014486501459, -0.000964167353231, 0.00689522223547, -0.00248269364238, -0.00192076934036, 0.00348737905733, -0.00310372654349, 0.000526142132003, 0.00223120930605, -0.00288242287934], [5.57364292035e-05, -0.0025825817138, -3.2220916637e-06, 0.000201027272851, -0.000151523578097, -0.00248269364238, 0.00577799323946, 0.000415863847593, -0.000736083020456, 0.00221332209185, -0.00125371012837, -0.002405914478, 0.00307095260359], [3.71083624486e-05, 0.00179145985749, -0.000944052240811, 0.00362837011926, 0.00106640346348, -0.00192076934036, 0.000415863847593, 0.0108076073229, -0.00557092484087, 0.0037129225675, 0.00174403830897, -0.0019861087203, 0.000585178437177], [-0.000523179944139, -0.00378125812858, 0.00336078833789, -0.00530079798773, 0.0019753954839, 0.00348737905733, -0.000736083020456, -0.00557092484087, 0.0122555466369, -0.00933281797916, 0.00582763785496, 0.000426671118475, -0.000638495665044], [0.000494581006933, 0.00411162944511, -0.00283657968976, 0.00460718106478, -0.00169108714908, -0.00310372654349, 0.00221332209185, 0.0037129225675, -0.00933281797916, 0.0168464165181, -0.00869751255959, 0.00263461330906, 0.00364580517635], [-0.0003804723965, -0.00405985116959, 0.00226575694978, -0.00292865931988, 0.00460235448554, 0.000526142132003, -0.00125371012837, 0.00174403830897, 0.00582763785496, -0.00869751255959, 0.0158088710159, -0.00710663991049, 0.00310953194275], [5.33598067705e-05, 0.00390644837171, -0.000728062994312, 0.00163265806623, -0.00306980987079, 0.00223120930605, -0.002405914478, -0.0019861087203, 0.000426671118475, 0.00263461330906, -0.00710663991049, 0.0137915397063, -0.00570919783786], [3.55826887244e-06, -0.00282357539982, 0.00116996932775, -0.00250312127173, 0.00243063247763, -0.00288242287934, 0.00307095260359, 0.000585178437177, -0.000638495665044, 0.00364580517635, 0.00310953194275, -0.00570919783786, 0.0145237203687]]}, "melbands": {"dmean": [0.000233858838328, 0.000816831830889, 0.000448057980975, 0.000861423788592, 0.000503355520777, 0.000293045333819, 0.000355853786459, 0.000191110084415, 8.44317255542e-05, 2.48082942562e-05, 3.45057605955e-06, 3.92620204366e-05, 4.28233579441e-05, 3.10305476887e-05, 4.94933919981e-05, 6.31335433354e-06, 7.94019740624e-07, 7.96549500137e-07, 6.31191733191e-06, 2.48830588134e-06, 2.41844054472e-06, 4.57600481241e-06, 4.47827915195e-07, 2.69471200909e-07, 1.12568244504e-07, 1.98370372573e-07, 2.29405443974e-07, 8.8146400401e-08, 6.49447216006e-08, 6.45890310125e-08, 5.87432218424e-08, 6.1265900797e-08, 5.06396951039e-08, 3.88409091556e-08, 4.17873877723e-08, 3.44278525688e-08, 2.23757687934e-08, 1.68666911549e-08, 1.22507186617e-08, 8.33493274399e-09], "dmean2": [0.000375677191187, 0.00132127443794, 0.000666645471938, 0.00135811173823, 0.000781586626545, 0.000454664143035, 0.000528062868398, 0.000284618232399, 0.000120505777886, 3.55396441591e-05, 6.01262763666e-06, 5.28773744009e-05, 5.69859475945e-05, 4.39155446657e-05, 7.0111178502e-05, 8.6916707005e-06, 1.40003669458e-06, 1.34680692554e-06, 8.02051272331e-06, 3.14948238156e-06, 3.24574784827e-06, 6.0713214225e-06, 6.8806082254e-07, 4.75736925409e-07, 2.1117500637e-07, 3.49909868191e-07, 3.92520234982e-07, 1.5499149697e-07, 1.15986672711e-07, 1.11732923358e-07, 1.01596143054e-07, 1.04506874266e-07, 8.29746014119e-08, 6.45767741503e-08, 6.79316798369e-08, 5.59815021006e-08, 3.60732848037e-08, 2.67521667041e-08, 1.97251033285e-08, 1.36453008892e-08], "dvar": [1.85703740385e-07, 1.87478144653e-06, 1.61711898272e-06, 4.75428032587e-06, 2.65961762125e-06, 5.76249590267e-07, 1.63600748238e-06, 7.01838985151e-07, 3.98474895746e-07, 3.43457351448e-08, 2.02766484159e-10, 1.49510881897e-07, 1.73434870021e-07, 9.85869874626e-08, 2.2928099952e-07, 7.23460047425e-09, 1.29045246711e-11, 8.54214338153e-11, 8.83776607452e-09, 2.2343364936e-09, 3.30636984458e-09, 9.9203294468e-09, 4.59283513998e-11, 4.42296373138e-12, 2.2346442188e-13, 2.40220321933e-12, 3.97356756873e-12, 2.08327292591e-13, 3.39348232674e-14, 2.53296512318e-14, 1.96283656375e-14, 8.22876855089e-14, 3.41597748894e-14, 6.27243144035e-15, 5.90815035242e-14, 4.19684327167e-14, 1.86821290385e-15, 1.17840917688e-15, 7.72760704456e-16, 4.93077783871e-16], "dvar2": [4.75113068887e-07, 4.46913236374e-06, 3.775344112e-06, 1.06216939457e-05, 6.09041126154e-06, 1.30187095237e-06, 3.42706039191e-06, 1.480044034e-06, 7.55237124395e-07, 6.34556656109e-08, 5.81324377524e-10, 2.89555316613e-07, 3.28730862975e-07, 2.1355990043e-07, 4.67812810712e-07, 1.11475868536e-08, 3.6004310644e-11, 1.53176832329e-10, 1.47083882851e-08, 3.61287200157e-09, 5.41848699243e-09, 1.98489225056e-08, 9.00352084554e-11, 1.16936590619e-11, 6.38444646543e-13, 6.45571009844e-12, 1.02805888802e-11, 5.21264238371e-13, 9.7541413965e-14, 7.09634309865e-14, 5.5025916549e-14, 1.73219945332e-13, 6.72822529028e-14, 1.62331695937e-14, 1.46397257923e-13, 1.01193237275e-13, 4.3628968812e-15, 2.66956854063e-15, 1.83503949374e-15, 1.26715345404e-15], "max": [0.00727968662977, 0.019363226369, 0.0314347706735, 0.0322116054595, 0.0493542216718, 0.0161653123796, 0.0243970360607, 0.0160894412547, 0.0167348589748, 0.00551270041615, 0.000430176994996, 0.0132613405585, 0.0154371215031, 0.00967334955931, 0.0143462875858, 0.00484788883477, 8.50090582389e-05, 0.000637165270746, 0.0067718080245, 0.00395404780284, 0.00452063092962, 0.00674331374466, 0.000520801986568, 6.88044674462e-05, 8.30378940009e-06, 5.19784516655e-05, 5.10953068442e-05, 1.92661864276e-05, 2.36436630985e-06, 1.89139836948e-06, 1.93090386347e-06, 1.55925990839e-05, 1.1481663023e-05, 1.11020040094e-06, 1.47389118865e-05, 1.33460252982e-05, 5.73833574435e-07, 5.12731958224e-07, 5.14407361152e-07, 4.60137272285e-07], "mean": [0.000529874116182, 0.00141822861042, 0.000875273835845, 0.00126692920458, 0.000738744332921, 0.000445470272098, 0.000643492967356, 0.000298748258501, 0.000140823423862, 3.94553535443e-05, 3.54170720129e-06, 7.94173320173e-05, 9.62448029895e-05, 5.1346141845e-05, 8.60768777784e-05, 1.06210427475e-05, 8.36994558995e-07, 1.10095459149e-06, 1.21806970128e-05, 4.9884361033e-06, 4.44284114565e-06, 7.89491605246e-06, 5.6351478861e-07, 2.43791077992e-07, 9.62272252991e-08, 1.95553425897e-07, 2.45755870765e-07, 1.19461930126e-07, 1.05388281213e-07, 1.11372450817e-07, 1.05743751533e-07, 1.09388444969e-07, 9.25367942273e-08, 7.36146574809e-08, 7.04983094124e-08, 5.79903449704e-08, 4.10383762528e-08, 3.10890406752e-08, 2.13398845261e-08, 1.3737642135e-08], "median": [0.000161742704222, 0.000597206351813, 0.000402728153858, 0.000430882064393, 0.000253710895777, 0.000149671366671, 9.79313554126e-05, 3.03008237097e-05, 3.09812162413e-06, 1.47272976392e-06, 1.05808771877e-06, 1.58642069437e-06, 1.29797945192e-06, 6.24673702987e-07, 6.03793978371e-07, 4.1246093474e-07, 2.24270920057e-07, 1.15212877461e-07, 9.90808644019e-08, 6.68102444479e-08, 4.98985706088e-08, 5.34032054134e-08, 4.68129677245e-08, 4.78228905365e-08, 3.36132046641e-08, 3.8867060681e-08, 4.92508398509e-08, 6.17590103502e-08, 7.29560838408e-08, 9.25975172095e-08, 9.36915753869e-08, 9.12711186629e-08, 7.63869394405e-08, 5.36486268743e-08, 3.78909419396e-08, 2.34855228598e-08, 1.31699859907e-08, 7.61648433212e-09, 3.81245701675e-09, 1.92686067102e-09], "min": [3.38877537143e-11, 2.27163773903e-11, 1.1969919847e-11, 1.27041059964e-11, 4.85939621875e-11, 1.26995315305e-11, 4.71849859532e-12, 6.50420082376e-12, 1.74757309318e-11, 3.842546073e-11, 2.44525059923e-11, 3.96008052739e-11, 7.50078540945e-11, 3.41244775492e-11, 1.03208058419e-11, 1.55923642053e-11, 1.92719278036e-11, 5.24498066506e-12, 2.34404748216e-12, 9.29078862455e-12, 1.53037478523e-11, 1.87422542763e-11, 6.23580310652e-12, 5.25578061975e-12, 1.4350489113e-12, 2.42251899964e-12, 1.65564393792e-12, 1.88209886044e-12, 2.14524882233e-12, 1.21361568798e-12, 1.23169649393e-12, 9.95364598036e-13, 8.41039043964e-13, 4.28060337827e-13, 5.25050760248e-13, 5.19927146041e-13, 4.35820813032e-13, 2.45559323743e-13, 2.17036363382e-13, 2.00441280327e-13], "var": [7.68413769947e-07, 3.60914896191e-06, 2.68091343969e-06, 7.97810480435e-06, 3.88888156522e-06, 1.00505292266e-06, 3.66156427845e-06, 1.17924423648e-06, 8.10954759345e-07, 7.28867419753e-08, 1.34408234542e-10, 2.94786502764e-07, 4.15425006395e-07, 1.73861195663e-07, 4.10186856925e-07, 1.85291639809e-08, 1.00396860964e-11, 1.87867985058e-10, 2.29602328261e-08, 6.10101658083e-09, 8.75350103513e-09, 1.85925550511e-08, 8.59746440707e-11, 3.26062397568e-12, 1.32560534273e-13, 1.9113133385e-12, 3.32378916057e-12, 1.88170524084e-13, 2.46284265361e-14, 2.19095710541e-14, 1.74212908503e-14, 9.77465382398e-14, 4.60424612932e-14, 7.26651354241e-15, 5.11585606234e-14, 3.84563833956e-14, 2.92921907907e-15, 1.93571020656e-15, 1.12782987498e-15, 5.87683370206e-16]}, "mfcc": {"mean": [-804.90222168, 172.136398315, 60.4627990723, 35.9834823608, -4.77460384369, 16.1288356781, -4.04102230072, -6.43665885925, -14.2223615646, -10.9845380783, -7.53093528748, 3.96359729767, 4.12231683731], "cov": [[3742.53588867, -334.7578125, 148.476394653, -123.103004456, -128.661468506, 153.709671021, -135.229751587, 69.1680450439, -64.3586959839, 45.2744140625, -60.4918861389, 132.660186768, 136.761428833], [-334.7578125, 413.72543335, -374.178955078, -70.9393234253, -67.5566864014, -92.8483734131, 42.1010932922, 38.5079193115, 29.3807468414, 20.9593677521, 52.0017433167, -16.6409339905, 2.53050160408], [148.476394653, -374.178955078, 1163.81835938, 304.460876465, -32.3912506104, 135.704101562, -51.6082191467, -120.894386292, -79.1878814697, -24.1310825348, -5.30886459351, 31.85206604, -88.9440841675], [-123.103004456, -70.9393234253, 304.460876465, 493.87991333, 89.0211486816, 108.949737549, -69.9998474121, -8.97726345062, 19.2905158997, 17.1921691895, -38.9888267517, -34.9756584167, -91.626411438], [-128.661468506, -67.5566864014, -32.3912506104, 89.0211486816, 280.530792236, 43.0755081177, -51.676448822, -9.7477350235, 72.3163528442, 3.39750885963, -66.1804733276, -46.9970016479, -28.1650981903], [153.709671021, -92.8483734131, 135.704101562, 108.949737549, 43.0755081177, 269.956573486, 118.948455811, 2.05930924416, -45.580493927, 6.92253637314, -40.4950752258, 5.37807893753, 36.9390830994], [-135.229751587, 42.1010932922, -51.6082191467, -69.9998474121, -51.676448822, 118.948455811, 330.996795654, 85.6509780884, -117.482017517, -86.7337875366, -21.5268688202, -24.5214195251, 25.3159275055], [69.1680450439, 38.5079193115, -120.894386292, -8.97726345062, -9.7477350235, 2.05930924416, 85.6509780884, 173.907516479, 65.0329360962, -28.234500885, -41.3942260742, -30.7129077911, -10.7672204971], [-64.3586959839, 29.3807468414, -79.1878814697, 19.2905158997, 72.3163528442, -45.580493927, -117.482017517, 65.0329360962, 212.805023193, 98.1134490967, -21.2366676331, -62.3991470337, -40.4278755188], [45.2744140625, 20.9593677521, -24.1310825348, 17.1921691895, 3.39750885963, 6.92253637314, -86.7337875366, -28.234500885, 98.1134490967, 169.057250977, 63.8346786499, -5.96579170227, -25.8927192688], [-60.4918861389, 52.0017433167, -5.30886459351, -38.9888267517, -66.1804733276, -40.4950752258, -21.5268688202, -41.3942260742, -21.2366676331, 63.8346786499, 129.806060791, 77.126083374, 4.28101158142], [132.660186768, -16.6409339905, 31.85206604, -34.9756584167, -46.9970016479, 5.37807893753, -24.5214195251, -30.7129077911, -62.3991470337, -5.96579170227, 77.126083374, 164.247146606, 81.1122665405], [136.761428833, 2.53050160408, -88.9440841675, -91.626411438, -28.1650981903, 36.9390830994, 25.3159275055, -10.7672204971, -40.4278755188, -25.8927192688, 4.28101158142, 81.1122665405, 137.212753296]], "icov": [[0.000408981199143, 0.000184653297765, -5.00722198922e-05, 0.000302611209918, 0.000143337616464, -0.000335149845341, 0.000829523487482, -0.00102675752714, 0.00106659391895, -0.000773530278821, 0.000586935144383, -7.15802088962e-05, -0.000163105272804], [0.000184653297765, 0.00460549397394, 0.00158329494298, -0.000940875906963, 0.00142030452844, 0.00078424171079, -0.00124274427071, 0.00104890274815, -0.00167871592566, 0.000872666249052, -0.00187935470603, 0.000500624824781, -4.61741110485e-05], [-5.00722198922e-05, 0.00158329494298, 0.0020020743832, -0.000929975649342, 0.00129341229331, -0.000555062782951, -0.000746039615478, 0.00223278952762, -0.00176124519203, 0.00153453403618, -0.000216276879655, -0.00112528330646, 0.00186785846017], [0.000302611209918, -0.000940875906963, -0.000929975649342, 0.00401155650616, -0.000844434718601, -0.00251421541907, 0.00295513309538, -0.00254517211579, 0.00249620550312, -0.000751520157792, 0.000889901188202, -5.80110754527e-05, 0.00215045642108], [0.000143337616464, 0.00142030452844, 0.00129341229331, -0.000844434718601, 0.00609996309504, -0.00131236040033, -0.000647810928058, 0.00342543516308, -0.00418183906004, 0.0020965221338, 0.00221035303548, -0.00170934270136, 0.00220420770347], [-0.000335149845341, 0.00078424171079, -0.000555062782951, -0.00251421541907, -0.00131236040033, 0.00961822737008, -0.00583592709154, 0.0016646143049, 0.000376814597985, -0.00546618876979, 0.00466469116509, -0.00195310043637, -0.00328193232417], [0.000829523487482, -0.00124274427071, -0.000746039615478, 0.00295513309538, -0.000647810928058, -0.00583592709154, 0.0126215172932, -0.010233508423, 0.0101109528914, 1.71413685166e-05, -0.00363079598173, 0.00631333468482, -0.00164423906244], [-0.00102675752714, 0.00104890274815, 0.00223278952762, -0.00254517211579, 0.00342543516308, 0.0016646143049, -0.010233508423, 0.0194807760417, -0.0158641673625, 0.00730434106663, 0.00266003562137, -0.00639137066901, 0.00482297409326], [0.00106659391895, -0.00167871592566, -0.00176124519203, 0.00249620550312, -0.00418183906004, 0.000376814597985, 0.0101109528914, -0.0158641673625, 0.0240021273494, -0.0136774573475, 0.00375426374376, 0.0058399210684, -0.00365556334145], [-0.000773530278821, 0.000872666249052, 0.00153453403618, -0.000751520157792, 0.0020965221338, -0.00546618876979, 1.71413685166e-05, 0.00730434106663, -0.0136774573475, 0.0214629545808, -0.0142134716734, 0.00366424629465, 0.00201733550057], [0.000586935144383, -0.00187935470603, -0.000216276879655, 0.000889901188202, 0.00221035303548, 0.00466469116509, -0.00363079598173, 0.00266003562137, 0.00375426374376, -0.0142134716734, 0.0287033356726, -0.0160096883774, 0.00697271479294], [-7.15802088962e-05, 0.000500624824781, -0.00112528330646, -5.80110754527e-05, -0.00170934270136, -0.00195310043637, 0.00631333468482, -0.00639137066901, 0.0058399210684, 0.00366424629465, -0.0160096883774, 0.0215259566903, -0.0120107773691], [-0.000163105272804, -4.61741110485e-05, 0.00186785846017, 0.00215045642108, 0.00220420770347, -0.00328193232417, -0.00164423906244, 0.00482297409326, -0.00365556334145, 0.00201733550057, 0.00697271479294, -0.0120107773691, 0.0183021202683]]}, "spectral_contrast_coeffs": {"dmean": [0.054104488343, 0.0627272054553, 0.0367439649999, 0.0308501645923, 0.0197558477521, 0.0189310703427], "dmean2": [0.0864779651165, 0.101024501026, 0.0606325790286, 0.0512361265719, 0.0333770215511, 0.029536858201], "dvar": [0.0019691651687, 0.00307424226776, 0.00110041140579, 0.000873583834618, 0.000473978143418, 0.000472427200293], "dvar2": [0.0045954673551, 0.00703932158649, 0.0028753306251, 0.00226657395251, 0.00120492582209, 0.000798624008894], "max": [-0.293107569218, -0.320263504982, -0.298419356346, -0.41254645586, -0.537441372871, -0.666258573532], "mean": [-0.616672813892, -0.632625639439, -0.789117634296, -0.818222045898, -0.853922069073, -0.77842271328], "median": [-0.625208199024, -0.635765433311, -0.814099431038, -0.839394211769, -0.863292276859, -0.782634913921], "min": [-0.867245256901, -0.957403540611, -0.949407994747, -0.981097340584, -0.966632306576, -0.900061190128], "var": [0.00723000243306, 0.00975041743368, 0.00861664395779, 0.00641028955579, 0.00180267682299, 0.00186624540947]}, "spectral_contrast_valleys": {"dmean": [0.464040368795, 0.492085874081, 0.411871314049, 0.395665168762, 0.307524085045, 0.432053744793], "dmean2": [0.756367981434, 0.836668014526, 0.715922355652, 0.688372969627, 0.540144979954, 0.663481593132], "dvar": [0.177050188184, 0.250318020582, 0.229532122612, 0.303519457579, 0.251072913408, 0