{"lowlevel": {"average_loudness": 0.968322813511, "barkbands_crest": {"dmean": 2.44236159325, "dmean2": 3.53958082199, "dvar": 6.07063055038, "dvar2": 11.521905899, "max": 25.4519386292, "mean": 12.2102222443, "median": 11.1151456833, "min": 2.64938783646, "var": 21.0337791443}, "barkbands_flatness_db": {"dmean": 0.0318532250822, "dmean2": 0.0436693578959, "dvar": 0.00144485954661, "dvar2": 0.00299726519734, "max": 0.533584713936, "mean": 0.234278440475, "median": 0.235743299127, "min": 0.0342598371208, "var": 0.00460493471473}, "barkbands_kurtosis": {"dmean": 4.44147920609, "dmean2": 6.52446651459, "dvar": 69.9543457031, "dvar2": 135.784179688, "max": 309.249816895, "mean": 9.15795040131, "median": 6.30990409851, "min": -1.69542443752, "var": 152.600952148}, "barkbands_skewness": {"dmean": 0.572393894196, "dmean2": 0.843916535378, "dvar": 0.40619006753, "dvar2": 0.849624872208, "max": 15.8618621826, "mean": 2.13342380524, "median": 1.95930397511, "min": -2.38238573074, "var": 1.35282063484}, "barkbands_spread": {"dmean": 3.64387559891, "dmean2": 4.66302061081, "dvar": 27.3993091583, "dvar2": 53.0842628479, "max": 87.334197998, "mean": 10.2403326035, "median": 6.70484113693, "min": 0.58371847868, "var": 79.8459625244}, "dissonance": {"dmean": 0.0387422554195, "dmean2": 0.0606263801455, "dvar": 0.00137327355333, "dvar2": 0.00326902652159, "max": 0.499452531338, "mean": 0.381127506495, "median": 0.389694392681, "min": 0.108530916274, "var": 0.00407879147679}, "dynamic_complexity": 3.29511237144, "erbbands_crest": {"dmean": 2.64725327492, "dmean2": 4.04156827927, "dvar": 7.02469396591, "dvar2": 16.6189556122, "max": 29.9538059235, "mean": 13.8209676743, "median": 13.3850460052, "min": 2.56568527222, "var": 25.3563652039}, "erbbands_flatness_db": {"dmean": 0.0313403904438, "dmean2": 0.0408744886518, "dvar": 0.00138632359449, "dvar2": 0.00280174310319, "max": 0.416964679956, "mean": 0.238946452737, "median": 0.246899366379, "min": 0.0543332472444, "var": 0.00432405760512}, "erbbands_kurtosis": {"dmean": 1.7994799614, "dmean2": 2.63546609879, "dvar": 10.8865013123, "dvar2": 17.0152664185, "max": 215.515899658, "mean": 2.84958386421, "median": 1.7734837532, "min": -1.84248006344, "var": 51.7777366638}, "erbbands_skewness": {"dmean": 0.41965892911, "dmean2": 0.610235333443, "dvar": 0.19210074842, "dvar2": 0.420648485422, "max": 11.6230010986, "mean": 1.17327988148, "median": 1.14878606796, "min": -1.96395754814, "var": 0.782798111439}, "erbbands_spread": {"dmean": 7.63746070862, "dmean2": 10.6856689453, "dvar": 99.92603302, "dvar2": 212.193191528, "max": 141.897033691, "mean": 26.7620220184, "median": 22.2855358124, "min": 1.59455418587, "var": 293.257354736}, "hfc": {"dmean": 7.19462490082, "dmean2": 9.98151302338, "dvar": 180.002792358, "dvar2": 423.449127197, "max": 124.627799988, "mean": 15.858923912, "median": 11.0212268829, "min": 1.14902229522e-16, "var": 270.231170654}, "melbands_crest": {"dmean": 2.62814617157, "dmean2": 4.04905176163, "dvar": 5.9470872879, "dvar2": 12.6650028229, "max": 38.9204063416, "mean": 14.2060899734, "median": 13.5057220459, "min": 1.8471981287, "var": 16.8491630554}, "melbands_flatness_db": {"dmean": 0.0328028015792, "dmean2": 0.0450451895595, "dvar": 0.00168288114946, "dvar2": 0.00347205158323, "max": 0.680850028992, "mean": 0.316814154387, "median": 0.313926935196, "min": 0.0045616934076, "var": 0.00623163813725}, "melbands_kurtosis": {"dmean": 7.29018211365, "dmean2": 11.2043781281, "dvar": 1502.63952637, "dvar2": 3794.3515625, "max": 1988.50683594, "mean": 14.5948209763, "median": 10.030506134, "min": -1.46205711365, "var": 1435.57739258}, "melbands_skewness": {"dmean": 0.638639390469, "dmean2": 0.979180037975, "dvar": 0.88569355011, "dvar2": 2.05198526382, "max": 37.3546180725, "mean": 2.44024085999, "median": 2.3182926178, "min": -0.122193694115, "var": 2.10955739021}, "melbands_spread": {"dmean": 3.66431760788, "dmean2": 5.02710819244, "dvar": 46.2648429871, "dvar2": 101.417549133, "max": 171.693008423, "mean": 11.0752544403, "median": 8.15437030792, "min": 0.289487630129, "var": 129.646224976}, "pitch_salience": {"dmean": 0.0715780556202, "dmean2": 0.115056149662, "dvar": 0.00549465697259, "dvar2": 0.013513087295, "max": 0.951075315475, "mean": 0.504785478115, "median": 0.492943733931, "min": 0.0905030742288, "var": 0.0148099903017}, "silence_rate_20dB": {"dmean": 0, "dmean2": 0, "dvar": 0, "dvar2": 0, "max": 1, "mean": 1, "median": 1, "min": 1, "var": 0}, "silence_rate_30dB": {"dmean": 0.000515331106726, "dmean2": 0.00103092787322, "dvar": 0.000515064573847, "dvar2": 0.00154532527085, "max": 1, "mean": 0.999742388725, "median": 1, "min": 0, "var": 0.000257532577962}, "silence_rate_60dB": {"dmean": 0.0159752648324, "dmean2": 0.0317010320723, "dvar": 0.0157204158604, "dvar2": 0.0337906889617, "max": 1, "mean": 0.0842349305749, "median": 0, "min": 0, "var": 0.0771390721202}, "spectral_centroid": {"dmean": 164.920043945, "dmean2": 218.435668945, "dvar": 93935.2421875, "dvar2": 149480.359375, "max": 11394.671875, "mean": 720.216186523, "median": 557.990966797, "min": 152.150314331, "var": 264343.28125}, "spectral_complexity": {"dmean": 2.1628446579, "dmean2": 3.45077323914, "dvar": 12.9536952972, "dvar2": 28.0845985413, "max": 50, "mean": 9.87635231018, "median": 9, "min": 0, "var": 23.9986686707}, "spectral_decrease": {"dmean": 2.67295252598e-09, "dmean2": 4.05053057762e-09, "dvar": 1.91249037988e-17, "dvar2": 4.95059258632e-17, "max": 1.2256993572e-17, "mean": -7.39416838869e-09, "median": -6.92334012342e-09, "min": -3.73536508391e-08, "var": 2.81276712337e-17}, "spectral_energy": {"dmean": 0.0106545500457, "dmean2": 0.0160929299891, "dvar": 0.000299784151139, "dvar2": 0.000770697020926, "max": 0.144412323833, "mean": 0.0293457172811, "median": 0.0272927749902, "min": 1.07717850436e-20, "var": 0.000446718797321}, "spectral_energyband_high": {"dmean": 0.000502957555, "dmean2": 0.000690725981258, "dvar": 1.63194090419e-06, "dvar2": 3.63274671145e-06, "max": 0.0119154965505, "mean": 0.000631647941191, "median": 6.16642064415e-05, "min": 7.6144802663e-21, "var": 2.29936836149e-06}, "spectral_energyband_low": {"dmean": 0.00471011595801, "dmean2": 0.00776116037741, "dvar": 0.000114758273412, "dvar2": 0.000312484044116, "max": 0.101722180843, "mean": 0.00624058023095, "median": 0.00207168282941, "min": 9.78656105852e-23, "var": 0.000105613937194}, "spectral_energyband_middle_high": {"dmean": 0.00166195537895, "dmean2": 0.00232954719104, "dvar": 1.25063497762e-05, "dvar2": 2.94961791951e-05, "max": 0.040356464684, "mean": 0.00316475960426, "median": 0.00135786959436, "min": 1.64646867806e-21, "var": 2.10458056245e-05}, "spectral_energyband_middle_low": {"dmean": 0.00701209250838, "dmean2": 0.0102034341544, "dvar": 8.92646276043e-05, "dvar2": 0.000228226504987, "max": 0.124351099133, "mean": 0.0209834333509, "median": 0.0198224969208, "min": 3.30527342412e-22, "var": 0.000200396301807}, "spectral_entropy": {"dmean": 0.330633401871, "dmean2": 0.449165195227, "dvar": 0.167715936899, "dvar2": 0.35760897398, "max": 9.80595588684, "mean": 6.38538646698, "median": 6.27960538864, "min": 4.08803749084, "var": 0.488755047321}, "spectral_flux": {"dmean": 0.0372566729784, "dmean2": 0.0599484443665, "dvar": 0.00213698344305, "dvar2": 0.00438685202971, "max": 0.324723750353, "mean": 0.0668848901987, "median": 0.048783518374, "min": 1.03787207995e-10, "var": 0.00306701939553}, "spectral_kurtosis": {"dmean": 6.8491101265, "dmean2": 10.6749172211, "dvar": 89.8733215332, "dvar2": 197.925415039, "max": 111.909980774, "mean": 14.2818632126, "median": 9.69145488739, "min": -1.1935788393, "var": 193.104873657}, "spectral_rms": {"dmean": 0.000907590670977, "dmean2": 0.00131107552443, "dvar": 1.63702372902e-06, "dvar2": 3.90300147046e-06, "max": 0.0118697127327, "mean": 0.0049324366264, "median": 0.00516014546156, "min": 3.24176774834e-12, "var": 4.30107729699e-06}, "spectral_rolloff": {"dmean": 237.321746826, "dmean2": 417.361297607, "dvar": 552130.4375, "dvar2": 1207030.25, "max": 19638.28125, "mean": 796.820251465, "median": 581.396484375, "min": 43.06640625, "var": 1593152.25}, "spectral_skewness": {"dmean": 0.60037946701, "dmean2": 0.880224227905, "dvar": 0.488356173038, "dvar2": 1.00746977329, "max": 7.98070907593, "mean": 2.7060956955, "median": 2.49324226379, "min": -0.0219011045992, "var": 1.3797160387}, "spectral_spread": {"dmean": 706705.8125, "dmean2": 871334.25, "dvar": 1116176121860.0, "dvar2": 1722457915390.0, "max": 40706272, "mean": 3454872.5, "median": 3100392, "min": 730421.125, "var": 3165961846780.0}, "spectral_strongpeak": {"dmean": 0.495319753885, "dmean2": 0.770745396614, "dvar": 0.503467738628, "dvar2": 1.17257416248, "max": 7.13069820404, "mean": 1.29409360886, "median": 1.04501223564, "min": 0, "var": 1.11272764206}, "zerocrossingrate": {"dmean": 0.00768001843244, "dmean2": 0.00792827829719, "dvar": 0.000141249183798, "dvar2": 0.0001428721298, "max": 0.54296875, "mean": 0.0362756997347, "median": 0.02880859375, "min": 0.00341796875, "var": 0.00117890385445}, "barkbands": {"dmean": [4.53973007097e-05, 0.00188112654723, 0.00183598487638, 0.00233068037778, 0.00345074315555, 0.00129136850592, 0.00159648212139, 0.000945778796449, 0.000521860260051, 0.000453753164038, 0.000811301695649, 0.00010413214477, 9.94937508949e-05, 7.46239093132e-05, 0.000147749771713, 0.000155946545419, 6.48430213914e-05, 0.000104780803667, 0.000132644272526, 0.000112979265396, 0.000109573447844, 0.00013136297639, 0.000125345221022, 2.75050406344e-05, 1.50225914695e-05, 1.01111791082e-05, 3.3173898828e-06], "dmean2": [6.9302994234e-05, 0.00332396291196, 0.00288088130765, 0.00393244298175, 0.00473527191207, 0.00183557684068, 0.00211443472654, 0.00133089523297, 0.000734626781195, 0.000596346159, 0.00110069790389, 0.000167151054484, 0.000160955270985, 0.000124800979393, 0.000224529518164, 0.000291402655421, 0.000115482849651, 0.000142190081533, 0.000180654373253, 0.000156223308295, 0.00015569930838, 0.000185135839274, 0.00017538353859, 4.32420092693e-05, 2.35362385865e-05, 1.63055647135e-05, 5.1345709835e-06], "dvar": [1.59860196192e-08, 3.42053208442e-05, 1.22087521959e-05, 2.27421187446e-05, 2.65238122665e-05, 7.81490598456e-06, 1.06724019133e-05, 3.33736215907e-06, 1.88969374904e-06, 2.43544195655e-06, 4.17817273046e-06, 2.70863495189e-07, 9.16501576853e-08, 4.7814719295e-08, 4.74728580002e-07, 1.77826859726e-06, 9.48907015186e-08, 3.7850313106e-07, 4.2658442112e-07, 3.15650851235e-07, 2.64398892114e-07, 3.25974070847e-07, 4.16502388134e-07, 3.40268293542e-08, 3.16105208675e-09, 1.06450415149e-09, 8.8609404536e-11], "dvar2": [3.87370810984e-08, 9.71448389464e-05, 3.04672430502e-05, 6.08819209447e-05, 5.31893601874e-05, 1.88219692063e-05, 2.37324202317e-05, 6.19303546046e-06, 3.65103983313e-06, 4.63054675492e-06, 8.16522606328e-06, 5.82564894103e-07, 2.10995423799e-07, 1.27709384401e-07, 9.40466463817e-07, 5.22892105437e-06, 2.68529305458e-07, 6.92621313192e-07, 8.01783301085e-07, 6.44657404791e-07, 5.30187492132e-07, 7.05133231804e-07, 9.17619331631e-07, 8.4211009721e-08, 7.02587898971e-09, 2.76499334539e-09, 2.19104609456e-10], "max": [0.00118143414147, 0.0513009615242, 0.0391223356128, 0.0415315292776, 0.067131742835, 0.0375875346363, 0.053616642952, 0.0268085151911, 0.0331384912133, 0.0266069564968, 0.0304129272699, 0.0189351867884, 0.00742260925472, 0.00383787741885, 0.0161622520536, 0.0221919231117, 0.00372598576359, 0.0115225017071, 0.0100202066824, 0.0118524646387, 0.00856072083116, 0.00894342362881, 0.00858011655509, 0.00585983507335, 0.00121956621297, 0.000373850751203, 0.000100149009086], "mean": [6.28259658697e-05, 0.00191713939421, 0.00295153143816, 0.0025684714783, 0.00804721191525, 0.00296316365711, 0.00332392565906, 0.00211893860251, 0.00117000471801, 0.000896474404726, 0.00154855696019, 0.000130858257762, 0.000131534732645, 9.02424289961e-05, 0.000230290272157, 0.00010824095807, 5.63025423617e-05, 0.000181363036972, 0.000201399423531, 0.000156153502758, 0.00013923777442, 0.000158530747285, 0.000138028917718, 2.60782053374e-05, 1.71030624188e-05, 8.98973939911e-06, 3.17896660817e-06], "median": [1.92853849512e-06, 0.00018262930098, 0.00105150113814, 0.000829125405289, 0.00469768233597, 0.00101446127519, 0.00101329921745, 0.000728671264369, 0.000404928199714, 9.35497082537e-05, 0.00039487236063, 4.28087696491e-05, 3.28389214701e-05, 3.93310583604e-05, 2.81611501123e-05, 1.39574294735e-05, 1.71360443346e-05, 1.25572942125e-05, 1.31499064082e-05, 9.38724951993e-06, 6.24269978289e-06, 5.11447524332e-06, 3.8116381802e-06, 1.90271725842e-06, 1.47615673995e-06, 2.39697328652e-07, 1.31933063585e-07], "min": [4.02187826763e-23, 4.6381130565e-23, 2.47064482866e-23, 1.1230810562e-24, 5.78052848212e-23, 3.28006660451e-23, 4.12734455303e-23, 7.34174038045e-23, 7.34321775916e-23, 6.82633211268e-23, 1.54729244766e-23, 1.03654120446e-22, 9.87761264638e-23, 1.52452721566e-22, 1.18202829686e-22, 2.63048407771e-22, 2.07864368898e-22, 1.74437441958e-22, 2.74070624774e-22, 4.83553458571e-22, 5.14427732596e-22, 4.98734525023e-22, 6.69509254243e-22, 1.0369031086e-21, 1.08449012666e-21, 1.56424841959e-21, 2.33451916756e-21], "var": [2.20338787216e-08, 2.46556101047e-05, 1.73062380782e-05, 2.0168869014e-05, 9.81457487796e-05, 2.51363289863e-05, 3.00284918922e-05, 1.38910345413e-05, 6.53535880701e-06, 6.49884486847e-06, 1.12745210572e-05, 4.59905436401e-07, 1.81739508776e-07, 4.31209166152e-08, 1.21728828617e-06, 9.44351029375e-07, 5.8570233108e-08, 9.50857497628e-07, 8.69110635904e-07, 5.71959219542e-07, 4.41940187557e-07, 4.57542000731e-07, 5.15966917192e-07, 3.15078878543e-08, 3.21822724025e-09, 8.4696810676e-10, 8.25553930772e-11]}, "erbbands": {"dmean": [0.0397718288004, 0.480027765036, 1.82500362396, 5.57737445831, 6.26515245438, 15.3788576126, 12.4165964127, 11.3825063705, 9.03000831604, 42.4815101624, 13.7961778641, 13.9531908035, 17.3820800781, 11.8100061417, 27.1202754974, 4.80394554138, 4.38995027542, 4.1256980896, 5.42142724991, 7.17144060135, 9.34055519104, 4.5760216713, 5.85900068283, 2.33555340767, 7.66028881073, 7.31743144989, 6.65846157074, 3.39618134499, 5.22763490677, 1.89103102684, 4.08532571793, 0.966514348984, 0.282284557819, 0.192707180977, 0.105743929744, 0.0549166537821, 0.0159877538681, 0.00350525788963, 0.000579993240535, 4.1198622057e-05], "dmean2": [0.0706767588854, 0.839660406113, 2.83733272552, 9.38915252686, 9.32738113403, 21.9275150299, 17.0256271362, 16.8792915344, 14.1987257004, 54.3755302429, 18.4808044434, 19.0591411591, 22.7233524323, 16.7081031799, 37.1908569336, 7.19040155411, 7.11347389221, 6.76631259918, 8.1525182724, 11.9536037445, 17.2762489319, 7.65357303619, 7.9633808136, 3.53055047989, 10.3369035721, 9.75852203369, 8.99804592133, 5.04403066635, 7.44083309174, 2.68483519554, 5.75534677505, 1.51799833775, 0.439220458269, 0.298255175352, 0.158790022135, 0.0885122865438, 0.0252477508038, 0.00542230438441, 0.000912780989893, 6.37785924482e-05], "dvar": [0.0187271609902, 2.01375746727, 13.4523801804, 126.821434021, 99.3876342773, 601.04699707, 414.485687256, 672.297912598, 732.923034668, 5283.24658203, 1407.70678711, 1362.44641113, 3647.56567383, 783.607971191, 4805.34082031, 528.325073242, 188.010559082, 119.041473389, 619.488586426, 725.733764648, 6602.79492188, 382.714874268, 1150.20019531, 63.9671783447, 1514.92529297, 1275.69384766, 943.184265137, 134.890029907, 515.491394043, 56.8177146912, 467.660583496, 41.4080200195, 1.37909936905, 0.569173932076, 0.144239246845, 0.0345520973206, 0.00234919274226, 8.82048698259e-05, 3.0065257306e-06, 1.07265778482e-08], "dvar2": [0.0524062328041, 5.7271399498, 34.2091293335, 340.437133789, 250.881668091, 1265.75463867, 859.656433105, 1694.36962891, 2012.00598145, 9672.1796875, 2471.4284668, 2527.86547852, 6910.40039062, 1741.47753906, 9860.59667969, 1019.82196045, 425.178161621, 306.852508545, 1289.75085449, 1800.79467773, 19434.8847656, 1031.34985352, 2103.87036133, 140.539505005, 2855.67089844, 2593.20849609, 1822.25488281, 324.536499023, 1127.28198242, 123.828636169, 1031.19775391, 104.508323669, 3.14589905739, 1.32715284824, 0.35399594903, 0.0900180861354, 0.0059543964453, 0.000216304513742, 7.52024789108e-06, 2.68638338241e-08], "max": [1.09042048454, 12.8105335236, 43.4957809448, 94.3439483643, 104.215560913, 291.503601074, 296.967224121, 319.505981445, 483.311157227, 1247.96960449, 726.025024414, 930.417053223, 1082.02624512, 385.380584717, 981.110168457, 943.129577637, 354.797363281, 216.015808105, 547.22845459, 348.659606934, 1347.06604004, 261.806488037, 634.122436523, 146.095123291, 643.393615723, 751.306030273, 529.44909668, 128.385452271, 350.171539307, 95.6452865601, 339.534393311, 194.379013062, 29.3293380737, 16.4942893982, 6.77598524094, 2.37997031212, 0.443636506796, 0.116479985416, 0.0193691067398, 0.00136334053241], "mean": [0.0329297706485, 0.528806328773, 2.96065139771, 6.68688488007, 12.8513469696, 31.6434745789, 28.9926452637, 25.5783290863, 19.0759391785, 90.3517913818, 37.9323387146, 33.53465271, 37.3239059448, 21.6503009796, 51.1635627747, 7.81687784195, 6.30631351471, 5.26869153976, 8.44518852234, 8.58354282379, 6.5102930069, 5.09322881699, 10.1119804382, 3.08497142792, 11.821849823, 10.6808891296, 9.10512733459, 3.96877288818, 6.23014211655, 2.19224858284, 4.45316791534, 0.889715731144, 0.307268172503, 0.210005417466, 0.111290574074, 0.0493334457278, 0.0144487572834, 0.00341982301325, 0.000550186843611, 6.18993726675e-05], "median": [0.00224768277258, 0.0760028064251, 1.03480243683, 2.2004597187, 6.64249038696, 11.9553546906, 12.9982385635, 9.16815376282, 9.75378036499, 30.2319946289, 12.3439998627, 9.97437667847, 7.41932582855, 7.86008453369, 12.7624835968, 2.7959728241, 1.72469258308, 2.19607114792, 1.36702299118, 1.37715876102, 0.925220370293, 1.10525298119, 0.754130601883, 0.656732320786, 0.701844274998, 0.663661837578, 0.504387378693, 0.296533167362, 0.217973291874, 0.134127959609, 0.112644858658, 0.0438443049788, 0.0326483175159, 0.0213639363647, 0.00756211858243, 0.00187215860933, 0.00035482464591, 0.000120970296848, 3.55444426532e-05, 3.77262367692e-05], "min": [1.58963040418e-21, 9.26700052987e-21, 3.67546525325e-20, 7.52437574067e-21, 4.89770086401e-20, 2.27097060502e-19, 2.09678885699e-19, 4.20895784501e-19, 3.92782733064e-19, 1.83557395664e-18, 8.58124818883e-19, 1.24266381826e-18, 3.32257503714e-18, 8.65860611972e-19, 7.74132020605e-19, 4.44109962157e-18, 4.91895193528e-18, 5.45514777913e-18, 7.34071177571e-18, 9.09715039712e-18, 1.55454153556e-17, 1.31809559705e-17, 7.76733679408e-18, 1.03857149846e-17, 1.62241683334e-17, 2.19029733424e-17, 2.04858723324e-17, 2.32524109783e-17, 1.73143262063e-17, 1.97464588916e-17, 1.73892786959e-17, 2.13684988614e-17, 1.68400224974e-17, 1.4797438941e-17, 6.35097321558e-18, 4.86182766935e-18, 3.01213704838e-18, 1.4133295834e-18, 2.90624453998e-19, 3.18133081977e-20], "var": [0.0124818077311, 1.55166876316, 18.7138080597, 120.819999695, 241.664031982, 1939.09411621, 1594.86791992, 1819.22070312, 863.575622559, 20542.140625, 6779.34423828, 4987.63671875, 9820.25097656, 1620.94396973, 12007.5761719, 1105.97558594, 408.453826904, 125.509437561, 1448.70532227, 957.41229248, 3499.05932617, 352.53918457, 2894.99804688, 100.202934265, 3079.53759766, 2327.26635742, 1667.73046875, 158.79586792, 708.608886719, 71.6592483521, 576.254882812, 36.9643096924, 1.45098340511, 0.538789391518, 0.130860000849, 0.0271972548217, 0.00196533999406, 8.51579534356e-05, 2.66724441644e-06, 1.02823438652e-08]}, "gfcc": {"mean": [-77.5889434814, 141.940475464, -101.248825073, 9.01212501526, -70.9215621948, -10.4218435287, -29.8377838135, -9.16136360168, -24.1529941559, -10.6457529068, -17.0854740143, -10.9037714005, -8.29073524475], "cov": [[15036.4140625, -2207.35498047, 163.832366943, 815.725341797, -870.08972168, 784.085693359, -220.22857666, 625.31237793, -155.065689087, 315.193664551, -315.872192383, 303.959075928, -213.291519165], [-2207.35498047, 2129.58618164, -433.297210693, -220.558639526, 285.117462158, -449.131500244, 250.820648193, -334.737823486, 189.19354248, -199.231796265, 204.82723999, -232.963363647, 180.285995483], [163.832366943, -433.297210693, 578.896057129, 123.957466125, -12.6872615814, 133.907394409, -7.85444498062, 86.2395706177, -45.1397590637, 29.2926979065, -78.6448898315, 88.8379058838, -73.3449401855], [815.725341797, -220.558639526, 123.957466125, 646.634033203, 98.2866516113, -9.92656040192, 171.348556519, 113.718559265, 39.8689575195, 48.5812911987, -27.6494140625, -35.7459182739, -5.54327535629], [-870.08972168, 285.117462158, -12.6872615814, 98.2866516113, 470.674346924, -92.8641967773, -13.6589546204, 25.1043186188, 38.2545814514, 20.815530777, 49.605266571, -35.3676834106, 0.0828341245651], [784.085693359, -449.131500244, 133.907394409, -9.92656040192, -92.8641967773, 489.104125977, -76.1478805542, 29.9701251984, 32.2818412781, -38.8145484924, -47.8552589417, 158.594360352, -28.2429237366], [-220.22857666, 250.820648193, -7.85444498062, 171.348556519, -13.6589546204, -76.1478805542, 347.383911133, -35.8691749573, 63.1997566223, 28.1067123413, -54.2395401001, -57.3772735596, 44.25806427], [625.31237793, -334.737823486, 86.2395706177, 113.718559265, 25.1043186188, 29.9701251984, -35.8691749573, 237.703781128, -33.6791648865, 112.294326782, 20.5428924561, -24.8791255951, -54.3703041077], [-155.065689087, 189.19354248, -45.1397590637, 39.8689575195, 38.2545814514, 32.2818412781, 63.1997566223, -33.6791648865, 148.05708313, -12.7986240387, -19.0978755951, 19.0326538086, 23.8668384552], [315.193664551, -199.231796265, 29.2926979065, 48.5812911987, 20.815530777, -38.8145484924, 28.1067123413, 112.294326782, -12.7986240387, 224.402420044, -56.2624092102, -85.4457626343, 10.4688625336], [-315.872192383, 204.82723999, -78.6448898315, -27.6494140625, 49.605266571, -47.8552589417, -54.2395401001, 20.5428924561, -19.0978755951, -56.2624092102, 205.14666748, -45.2168731689, -19.7431049347], [303.959075928, -232.963363647, 88.8379058838, -35.7459182739, -35.3676834106, 158.594360352, -57.3772735596, -24.8791255951, 19.0326538086, -85.4457626343, -45.2168731689, 206.856384277, -34.3020172119], [-213.291519165, 180.285995483, -73.3449401855, -5.54327535629, 0.0828341245651, -28.2429237366, 44.25806427, -54.3703041077, 23.8668384552, 10.4688625336, -19.7431049347, -34.3020172119, 108.195899963]], "icov": [[0.000120039192552, -0.000109557506221, 0.000141125361552, -0.000270525255473, 0.000287897390081, -0.000159387724125, 0.00018839391123, -0.000233667175053, 0.000214718820644, -0.000228578341193, 0.000199515125132, -0.000249488453846, 0.000196751614567], [-0.000109557506221, 0.00200136750937, -0.000119095311675, 0.00119871634524, -0.00118239177391, 0.00103394151665, -0.0012817409588, 0.00114656076767, -0.00214908248745, 0.00186982669402, -0.00140551372897, 0.00186299683992, -0.0015715805348], [0.000141125361552, -0.000119095311675, 0.00254783057608, -0.000696144648828, 0.000206058393815, -0.000587661983445, 3.83106380468e-05, -0.000572861114051, 0.00118916737847, -0.000438174931332, 0.00100752490107, -0.000972017238382, 0.00136679969728], [-0.000270525255473, 0.00119871634524, -0.000696144648828, 0.00334121333435, -0.00156215124298, 0.000757216359489, -0.00213590404019, -0.000485708063934, -0.00180833856575, 0.00203200941905, -0.000753562955651, 0.00173626188189, -0.00138771929778], [0.000287897390081, -0.00118239177391, 0.000206058393815, -0.00156215124298, 0.00363962166011, -0.000230248231674, 0.00154376751743, -0.000920084479731, 0.000450261170045, -0.00174485740718, 0.000401513767429, -0.00148673157673, 0.00111209810711], [-0.000159387724125, 0.00103394151665, -0.000587661983445, 0.000757216359489, -0.000230248231674, 0.00370980007574, -0.000207038028748, 8.11077406979e-05, -0.00218603829853, 0.001115642488, -0.000763223040849, -0.000877457321621, -0.00134580710437], [0.00018839391123, -0.0012817409588, 3.83106380468e-05, -0.00213590404019, 0.00154376751743, -0.000207038028748, 0.00529881985858, -5.77351465836e-06, -0.000143440731335, -0.00147281680256, 0.00185170723125, -0.00030269837589, 0.000614122836851], [-0.000233667175053, 0.00114656076767, -0.000572861114051, -0.000485708063934, -0.000920084479731, 8.11077406979e-05, -5.77351465836e-06, 0.00951196532696, -0.000571327283978, -0.00371280801482, -0.00315818283707, 0.000916226534173, 0.00221925857477], [0.000214718820644, -0.00214908248745, 0.00118916737847, -0.00180833856575, 0.000450261170045, -0.00218603829853, -0.000143440731335, -0.000571327283978, 0.0111805936322, -0.00229713204317, 0.00185881229118, -0.00332681229338, 0.000958774937317], [-0.000228578341193, 0.00186982669402, -0.000438174931332, 0.00203200941905, -0.00174485740718, 0.001115642488, -0.00147281680256, -0.00371280801482, -0.00229713204317, 0.0113227935508, 0.0024546678178, 0.00589971849695, -0.00300045311451], [0.000199515125132, -0.00140551372897, 0.00100752490107, -0.000753562955651, 0.000401513767429, -0.000763223040849, 0.00185170723125, -0.00315818283707, 0.00185881229118, 0.0024546678178, 0.00879289023578, 0.00148909911513, 0.00226470897906], [-0.000249488453846, 0.00186299683992, -0.000972017238382, 0.00173626188189, -0.00148673157673, -0.000877457321621, -0.00030269837589, 0.000916226534173, -0.00332681229338, 0.00589971849695, 0.00148909911513, 0.0115789109841, 0.000295909238048], [0.000196751614567, -0.0015715805348, 0.00136679969728, -0.00138771929778, 0.00111209810711, -0.00134580710437, 0.000614122836851, 0.00221925857477, 0.000958774937317, -0.00300045311451, 0.00226470897906, 0.000295909238048, 0.0142022576183]]}, "melbands": {"dmean": [0.000436273403466, 0.000836225226521, 0.000947305932641, 0.000633657968137, 0.000586027570534, 0.000253590027569, 0.000180018949322, 0.000410900567658, 0.000105319755676, 7.87077296991e-05, 8.51910954225e-05, 4.04221573262e-05, 0.00011636405543, 1.78982354555e-05, 9.54601455305e-06, 9.68812491919e-06, 7.20150728739e-06, 7.69273901824e-06, 1.17478402899e-05, 8.46751208883e-06, 1.15256534627e-05, 4.0918130253e-06, 7.52730920794e-06, 2.72550300906e-06, 1.39710698477e-06, 5.61694787393e-06, 3.92233823732e-06, 5.94890434513e-06, 3.37869232681e-06, 2.97383894576e-06, 2.23965889745e-06, 4.38407141701e-06, 5.70363511088e-07, 1.39539372412e-06, 3.29159047396e-06, 7.34143156933e-07, 5.20773141943e-07, 1.86852176398e-07, 1.74852360146e-07, 1.57763352604e-07], "dmean2": [0.00077807251364, 0.00134003686253, 0.0015665119281, 0.000929598580115, 0.000792862672824, 0.000368890381651, 0.000266038347036, 0.000530222780071, 0.000140083066071, 0.000109020031232, 0.000111847846711, 5.8842189901e-05, 0.00015728296421, 2.82780783891e-05, 1.50459718498e-05, 1.57415033755e-05, 1.19625265143e-05, 1.18662383102e-05, 1.78986356332e-05, 1.52179254655e-05, 2.14596566366e-05, 7.32742500986e-06, 1.01704754343e-05, 4.01791021432e-06, 2.29738930102e-06, 7.60011971579e-06, 5.42591487829e-06, 7.9510937212e-06, 4.6187915359e-06, 4.18166928284e-06, 3.33155662702e-06, 6.18037893219e-06, 9.10226390261e-07, 1.99017858904e-06, 4.61076479041e-06, 1.153170615e-06, 8.26296172818e-07, 2.95047186682e-07, 2.70188678542e-07, 2.48393149604e-07], "dvar": [2.07693597076e-06, 3.45034982274e-06, 3.37091478286e-06, 7.25540701296e-07, 9.21303865198e-07, 3.23683877923e-07, 2.1984268983e-07, 4.65043939357e-07, 8.28870909686e-08, 4.19252543793e-08, 8.94178526778e-08, 9.69372671022e-09, 8.74871020073e-08, 6.11771655556e-09, 1.15832854419e-09, 7.29312887859e-10, 3.86149417997e-10, 1.04239472609e-09, 3.45536554924e-09, 2.38008479592e-09, 1.06084341311e-08, 3.66614266722e-10, 2.07294115206e-09, 1.32832064792e-10, 2.08184164352e-11, 9.64379576196e-10, 5.75209879727e-10, 1.15425580205e-09, 2.20894302849e-10, 2.19150919634e-10, 8.42901720643e-11, 4.0298039905e-10, 1.02867289339e-11, 4.61591979917e-11, 3.43524958479e-10, 3.06236772052e-11, 2.60770849358e-11, 4.35336093346e-13, 6.60776988681e-13, 3.4313185431e-13], "dvar2": [5.87848126088e-06, 9.12420910026e-06, 9.03079762793e-06, 1.71113549641e-06, 1.79965593361e-06, 7.96697918304e-07, 5.88895318288e-07, 8.48045999646e-07, 1.45962417264e-07, 8.00876875928e-08, 1.69767744751e-07, 2.23644356367e-08, 1.69473921119e-07, 1.37253888255e-08, 2.4187873926e-09, 1.7069282654e-09, 1.01803443453e-09, 2.38081621085e-09, 6.7552066163e-09, 6.85701984082e-09, 3.12500532118e-08, 1.04732467143e-09, 3.78665454548e-09, 2.62228072589e-10, 5.40184008635e-11, 1.80241688241e-09, 1.09490272404e-09, 2.34391239751e-09, 4.27393564983e-10, 4.34299513019e-10, 1.9377542626e-10, 8.66128668786e-10, 2.72941200891e-11, 1.00493377508e-10, 7.54850515428e-10, 7.403451463e-11, 6.25642385121e-11, 9.87433225463e-13, 1.65984326977e-12, 8.04723421146e-13], "max": [0.0121130039915, 0.0201182700694, 0.0147509491071, 0.00850991904736, 0.0132375024259, 0.00700950808823, 0.00892779137939, 0.0114852488041, 0.00540063437074, 0.00501521164551, 0.00531975412741, 0.00136815244332, 0.00447061099112, 0.00207162927836, 0.0010819574818, 0.000442975549959, 0.00039432165795, 0.000596979632974, 0.00140979280695, 0.000784183735959, 0.00170190969948, 0.000217433655052, 0.000854320591316, 0.000195117521798, 8.72221571626e-05, 0.000677382340655, 0.000451447616797, 0.000722455966752, 0.000255793071119, 0.000249449367402, 0.000128994171973, 0.000322627980495, 5.5783730204e-05, 9.50543399085e-05, 0.000258127314737, 0.000160532188602, 0.000194337219, 1.10520222734e-05, 1.91859289771e-05, 1.36771086545e-05], "mean": [0.000402165373089, 0.00128963473253, 0.00134794716723, 0.00146860803943, 0.00131940410938, 0.000575376150664, 0.000377747201128, 0.000882681808434, 0.00027944429894, 0.000183946161997, 0.00017707204097, 6.93795082043e-05, 0.00022398319561, 2.46985964623e-05, 1.4558242583e-05, 1.26168961287e-05, 8.74929901329e-06, 1.11469516924e-05, 1.81542927749e-05, 7.17709917808e-06, 7.55529390517e-06, 3.54635153599e-06, 1.29950531118e-05, 4.0902418732e-06, 1.56230305492e-06, 8.5276833488e-06, 5.88016519032e-06, 8.53335768625e-06, 4.61209219793e-06, 3.80618439522e-06, 2.54761653196e-06, 5.29791986992e-06, 5.69349481339e-07, 1.59582486958e-06, 3.62618402505e-06, 6.67424785661e-07, 4.74864179978e-07, 2.00870090339e-07, 1.77315868655e-07, 1.73251251567e-07], "median": [3.69659610442e-05, 0.000414690992329, 0.000517026288435, 0.00102201080881, 0.000641986960545, 0.000194773514522, 0.000164594952366, 0.000322711071931, 7.30347674107e-05, 6.26918044873e-05, 2.75345337286e-05, 2.45134724537e-05, 5.59734253329e-05, 5.19428840562e-06, 4.33223340224e-06, 3.90435434383e-06, 3.72009844796e-06, 2.11706878872e-06, 1.76847493094e-06, 1.36727908284e-06, 8.45018348627e-07, 1.17028537261e-06, 6.02846625952e-07, 5.7887427829e-07, 3.69445160686e-07, 5.45885427528e-07, 2.87919760922e-07, 2.89639388029e-07, 2.99497060041e-07, 1.25019113284e-07, 1.09890379463e-07, 1.34266215923e-07, 3.57452982769e-08, 5.77821239744e-08, 7.33214378101e-08, 2.57478234289e-08, 2.02048475728e-08, 2.1009029183e-08, 2.06920738322e-08, 1.69359957169e-08], "min": [1.52756177424e-23, 1.74445229593e-23, 2.16719654415e-24, 9.54208517538e-24, 9.76899154844e-24, 8.68466752433e-24, 5.69980797445e-24, 2.04976528985e-23, 6.26875733626e-24, 9.26714585067e-24, 1.65243119802e-23, 3.16730730004e-24, 2.29123525795e-24, 5.95318181417e-24, 1.68925664502e-23, 8.82742294918e-24, 1.01494749402e-23, 1.29280063426e-23, 1.08480586035e-23, 1.2796405411e-23, 1.90630856765e-23, 1.34745741428e-23, 8.96604158745e-24, 7.26560299687e-24, 7.57221193148e-24, 1.42919381703e-23, 1.08039518125e-23, 1.50922785794e-23, 1.47851134979e-23, 1.07540421608e-23, 1.39381435206e-23, 8.99768674266e-24, 1.05148910888e-23, 1.21566573607e-23, 9.2553713128e-24, 1.26096496914e-23, 1.2875538415e-23, 1.14831018874e-23, 1.31265334446e-23, 1.18438314132e-23], "var": [1.39047597258e-06, 4.10156326325e-06, 3.35386994266e-06, 2.11327119359e-06, 3.69651684196e-06, 9.55529799285e-07, 3.113363789e-07, 1.81901236829e-06, 3.90776278891e-07, 1.47416855611e-07, 2.4032726742e-07, 1.79780510479e-08, 2.39579463823e-07, 1.0099928005e-08, 2.59894505916e-09, 1.13136477964e-09, 3.77643055716e-10, 1.93734361886e-09, 9.05444696997e-09, 1.40147027317e-09, 5.5994591186e-09, 2.211947292e-10, 5.22070209286e-09, 2.95333646427e-10, 2.01479579548e-11, 1.96358351801e-09, 1.16199616595e-09, 2.10397921308e-09, 3.9050540579e-10, 3.72552932948e-10, 1.06457814786e-10, 5.73078029475e-10, 8.34683277356e-12, 5.82257783655e-11, 4.27690910465e-10, 3.04230945991e-11, 2.58734752373e-11, 4.64437028332e-13, 5.48285158594e-13, 3.2465891954e-13]}, "mfcc": {"mean": [-725.932434082, 173.428283691, 18.7611141205, 16.0452899933, -13.8324956894, -5.6982126236, -6.86554765701, -6.59013414383, -4.74610996246, -4.59087991714, -8.71565723419, -8.36002445221, -5.92425775528], "cov": [[8989.03515625, -1052.60864258, 7.89234495163, 436.782928467, -122.786628723, 252.883148193, 64.1792144775, 287.2421875, 223.716461182, 121.57270813, 77.8289794922, 153.102432251, 166.644500732], [-1052.60864258, 1850.13989258, -259.097442627, -70.0637893677, -24.9482288361, -122.337730408, -1.28369545937, -135.223342896, -23.0024776459, -2.87521386147, -14.2807588577, -57.8376464844, 7.82361745834], [7.89234495163, -259.097442627, 444.802978516, 11.4903917313, -56.0799102783, 31.5134429932, -14.1049079895, 72.685043335, 12.6645278931, -5.36439228058, -1.80157375336, -1.17194449902, -8.86571311951], [436.782928467, -70.0637893677, 11.4903917313, 619.179931641, 51.7652511597, -0.312711983919, 103.095413208, 16.6362533569, 110.765365601, 105.550521851, 81.9466552734, 24.9013061523, -5.09636211395], [-122.786628723, -24.9482288361, -56.0799102783, 51.7652511597, 337.240875244, 34.6001930237, 10.2419099808, 36.8534545898, -62.2723388672, 32.3756866455, 11.2563400269, -6.7402305603, 54.1971588135], [252.883148193, -122.337730408, 31.5134429932, -0.312711983919, 34.6001930237, 236.631210327, 5.9330034256, 98.1881332397, 87.3642501831, -5.90092277527, -6.68629932404, -26.3671112061, 5.30130815506], [64.1792144775, -1.28369545937, -14.1049079895, 103.095413208, 10.2419099808, 5.9330034256, 123.239387512, -0.911492049694, 24.6750965118, 54.7044754028, 9.25656890869, 31.2768974304, 26.9303703308], [287.2421875, -135.223342896, 72.685043335, 16.6362533569, 36.8534545898, 98.1881332397, -0.911492049694, 224.185073853, -21.050239563, -28.5758304596, 0.279951959848, -45.1670761108, 53.2209854126], [223.716461182, -23.0024776459, 12.6645278931, 110.765365601, -62.2723388672, 87.3642501831, 24.6750965118, -21.050239563, 251.369308472, 49.0313491821, 41.4249267578, 30.8162059784, -49.8411750793], [121.57270813, -2.87521386147, -5.36439228058, 105.550521851, 32.3756866455, -5.90092277527, 54.7044754028, -28.5758304596, 49.0313491821, 193.015396118, 35.8202438354, 35.9053039551, 95.6434631348], [77.8289794922, -14.2807588577, -1.80157375336, 81.9466552734, 11.2563400269, -6.68629932404, 9.25656890869, 0.279951959848, 41.4249267578, 35.8202438354, 105.927467346, 20.5755596161, -11.713432312], [153.102432251, -57.8376464844, -1.17194449902, 24.9013061523, -6.7402305603, -26.3671112061, 31.2768974304, -45.1670761108, 30.8162059784, 35.9053039551, 20.5755596161, 127.698410034, 14.8976669312], [166.644500732, 7.82361745834, -8.86571311951, -5.09636211395, 54.1971588135, 5.30130815506, 26.9303703308, 53.2209854126, -49.8411750793, 95.6434631348, -11.713432312, 14.8976669312, 178.011444092]], "icov": [[0.000138393355883, 6.70931767672e-05, 8.37294428493e-05, -0.000100580175058, 0.000114414819109, -8.13122969703e-05, 9.31980030145e-05, -0.000141016673297, -5.26011135662e-05, 2.31359208556e-05, -8.42466033646e-06, -0.000173711494426, -0.000148741382873], [6.70931767672e-05, 0.000677872740198, 0.000340429134667, 1.40268302857e-05, 9.05882625375e-05, 0.000249685603194, -9.10239759833e-05, 0.000278167630313, -0.000216327243834, 0.000207023316761, -6.69087967253e-05, 0.000454722961877, -0.00039391455357], [8.37294428493e-05, 0.000340429134667, 0.00272674579173, -0.000112039269879, 0.00060678110458, 8.06852494861e-06, 0.000507202697918, -0.00113693147432, 7.7964978118e-05, -0.000583295535762, 0.000303249951685, -0.000354261312168, 0.000502282462548], [-0.000100580175058, 1.40268302857e-05, -0.000112039269879, 0.00244728825055, -0.000565040740184, 0.000788803154137, -0.00167921534739, -0.000573238998186, -0.000832052610349, -0.000918404723052, -0.000922835140955, 0.000494107662234, 0.000890396768227], [0.000114414819109, 9.05882625375e-05, 0.00060678110458, -0.000565040740184, 0.0037814641837, -0.00129516911693, 0.00037651436287, -0.000159753850312, 0.00160305202007, -0.000556395098101, -0.000579114537686, -0.000277336162981, -0.000486089964397], [-8.13122969703e-05, 0.000249685603194, 8.06852494861e-06, 0.000788803154137, -0.00129516911693, 0.00742935203016, -0.000693158130161, -0.00290034641512, -0.00376483728178, 0.000328478083247, 0.00126826972701, 0.00128068367485, -2.11235219467e-05], [9.31980030145e-05, -9.10239759833e-05, 0.000507202697918, -0.00167921534739, 0.00037651436287, -0.000693158130161, 0.0110192019492, -0.000686299055815, 0.000348815025063, -0.0022728361655, 0.0013017016463, -0.00253534433432, -4.52310523542e-05], [-0.000141016673297, 0.000278167630313, -0.00113693147432, -0.000573238998186, -0.000159753850312, -0.00290034641512, -0.000686299055815, 0.0086679533124, 0.000607590249274, 0.00376747595146, -0.00209656450897, 0.00268255267292, -0.00452247262001], [-5.26011135662e-05, -0.000216327243834, 7.7964978118e-05, -0.000832052610349, 0.00160305202007, -0.00376483728178, 0.000348815025063, 0.000607590249274, 0.00769256288186, -0.00294351717457, -0.00111893680878, -0.00166038842872, 0.0032291195821], [2.31359208556e-05, 0.000207023316761, -0.000583295535762, -0.000918404723052, -0.000556395098101, 0.000328478083247, -0.0022728361655, 0.00376747595146, -0.00294351717457, 0.01229371503, -0.00313372118399, 0.000908439280465, -0.00842067133635], [-8.42466033646e-06, -6.69087967253e-05, 0.000303249951685, -0.000922835140955, -0.000579114537686, 0.00126826972701, 0.0013017016463, -0.00209656450897, -0.00111893680878, -0.00313372118399, 0.0123675689101, -0.00184725609142, 0.00290677323937], [-0.000173711494426, 0.000454722961877, -0.000354261312168, 0.000494107662234, -0.000277336162981, 0.00128068367485, -0.00253534433432, 0.00268255267292, -0.00166038842872, 0.000908439280465, -0.00184725609142, 0.0106647340581, -0.00220008497126], [-0.000148741382873, -0.00039391455357, 0.000502282462548, 0.000890396768227, -0.000486089964397, -2.11235219467e-05, -4.52310523542e-05, -0.00452247262001, 0.0032291195821, -0.00842067133635, 0.00290677323937, -0.00220008497126, 0.0131360916421]]}, "spectral_contrast_coeffs": {"dmean": [0.0511861182749, 0.0541800372303, 0.043924164027, 0.0345073863864, 0.0279761943966, 0.0223880428821], "dmean2": [0.0811199694872, 0.0865001529455, 0.0685862600803, 0.0526054948568, 0.0419639386237, 0.0346314311028], "dvar": [0.00181550509296, 0.00277229398489, 0.00205142376944, 0.000998414237984, 0.000699941301718, 0.000525154930074], "dvar2": [0.00417223665863, 0.00636358652264, 0.00454773241654, 0.0020121447742, 0.00142187147867, 0.00118460704107], "max": [-0.244517922401, -0.352571666241, -0.430492222309, -0.510535120964, -0.575534284115, -0.558921217918], "mean": [-0.519789755344, -0.633332908154, -0.678376853466, -0.770419895649, -0.776601076126, -0.771782100201], "median": [-0.523075461388, -0.634930729866, -0.673222362995, -0.775632858276, -0.78487098217, -0.780201435089], "min": [-0.972788691521, -0.977595865726, -0.970482826233, -0.967166244984, -0.967617034912, -0.963141441345], "var": [0.00873188115656, 0.0104683712125, 0.00928892288357, 0.00454357685521, 0.00398501660675, 0.00262741930783]}, "spectral_contrast_valleys": {"dmean": [0.60491168499, 0.50538444519, 0.497234523296, 0.5270870924, 0.528960287571, 0.602621793747], "dmean2": [0.941003382206, 0.816132485867, 0.804093718529, 0.788363873959, 0.733034551144, 0.719890713692], "dvar": [0.473038524389, 0.364917367697, 0.436435490847, 0.484377503395, 0.546659946442, 0.616190671921], "dvar2": [0.795572638512, 0.701287