{"lowlevel": {"average_loudness": 0.215965136886, "barkbands_crest": {"dmean": 1.99934983253, "dmean2": 3.08110499382, "dvar": 4.30866670609, "dvar2": 10.5396547318, "max": 24.681558609, "mean": 11.3626422882, "median": 10.8144798279, "min": 2.42845869064, "var": 16.3185482025}, "barkbands_flatness_db": {"dmean": 0.0242209136486, "dmean2": 0.0348472036421, "dvar": 0.000697661715094, "dvar2": 0.0014016260393, "max": 0.437386989594, "mean": 0.193149194121, "median": 0.185260429978, "min": 0.0279235430062, "var": 0.00453942455351}, "barkbands_kurtosis": {"dmean": 3.93979930878, "dmean2": 6.07939910889, "dvar": 42.6823043823, "dvar2": 111.492332458, "max": 169.402740479, "mean": 9.3904838562, "median": 6.39787435532, "min": -1.83964550495, "var": 124.132781982}, "barkbands_skewness": {"dmean": 0.497911989689, "dmean2": 0.760101020336, "dvar": 0.308398395777, "dvar2": 0.739112317562, "max": 10.7878408432, "mean": 2.24283695221, "median": 2.12675333023, "min": -2.20099592209, "var": 1.44074094296}, "barkbands_spread": {"dmean": 3.0038766861, "dmean2": 4.71181344986, "dvar": 26.9338741302, "dvar2": 68.1448974609, "max": 113.34954071, "mean": 10.6264705658, "median": 8.68379497528, "min": 0.572961747646, "var": 89.0941009521}, "dissonance": {"dmean": 0.0243142358959, "dmean2": 0.0401848740876, "dvar": 0.000501136179082, "dvar2": 0.00130765885115, "max": 0.5, "mean": 0.431281387806, "median": 0.438232600689, "min": 0.187372341752, "var": 0.00172221672256}, "dynamic_complexity": 4.51713657379, "erbbands_crest": {"dmean": 1.96741008759, "dmean2": 2.93460297585, "dvar": 3.92422151566, "dvar2": 8.47076702118, "max": 28.5925617218, "mean": 10.6174030304, "median": 9.5972328186, "min": 2.28171086311, "var": 21.3282794952}, "erbbands_flatness_db": {"dmean": 0.022410409525, "dmean2": 0.0304499305785, "dvar": 0.000688882893883, "dvar2": 0.00128938362468, "max": 0.366254538298, "mean": 0.19308103621, "median": 0.190978884697, "min": 0.0305883642286, "var": 0.00320535828359}, "erbbands_kurtosis": {"dmean": 0.920699894428, "dmean2": 1.3865878582, "dvar": 1.95672106743, "dvar2": 4.58195972443, "max": 30.3180046082, "mean": 1.10894727707, "median": 0.376319408417, "min": -1.75011396408, "var": 7.62829875946}, "erbbands_skewness": {"dmean": 0.301389336586, "dmean2": 0.439574867487, "dvar": 0.103214509785, "dvar2": 0.236529618502, "max": 4.79995918274, "mean": 0.803034067154, "median": 0.777566790581, "min": -2.27922034264, "var": 0.635830640793}, "erbbands_spread": {"dmean": 6.14042758942, "dmean2": 9.17181301117, "dvar": 80.4406814575, "dvar2": 184.140991211, "max": 136.155929565, "mean": 29.7571430206, "median": 27.0912246704, "min": 3.36568379402, "var": 207.779647827}, "hfc": {"dmean": 2.35660481453, "dmean2": 3.1348798275, "dvar": 28.5199337006, "dvar2": 54.958190918, "max": 109.590171814, "mean": 8.17936134338, "median": 4.17878580093, "min": 1.28603225671e-16, "var": 125.530426025}, "melbands_crest": {"dmean": 2.50415658951, "dmean2": 3.97751426697, "dvar": 5.81468057632, "dvar2": 14.8780641556, "max": 31.9817256927, "mean": 15.0386972427, "median": 14.1373081207, "min": 1.64535963535, "var": 27.420255661}, "melbands_flatness_db": {"dmean": 0.0273494906723, "dmean2": 0.0394757725298, "dvar": 0.000947405875195, "dvar2": 0.00192910176702, "max": 0.572847604752, "mean": 0.283587098122, "median": 0.272210687399, "min": 0.00299737672321, "var": 0.00752646103501}, "melbands_kurtosis": {"dmean": 6.90924501419, "dmean2": 10.7062234879, "dvar": 166.033508301, "dvar2": 426.834472656, "max": 539.22869873, "mean": 17.252073288, "median": 12.0909919739, "min": -1.60473453999, "var": 433.615966797}, "melbands_skewness": {"dmean": 0.582802772522, "dmean2": 0.893188178539, "dvar": 0.470015645027, "dvar2": 1.13164246082, "max": 18.4949359894, "mean": 2.93177843094, "median": 2.71961903572, "min": -0.94812643528, "var": 1.89427447319}, "melbands_spread": {"dmean": 2.88846540451, "dmean2": 4.50398302078, "dvar": 26.6587677002, "dvar2": 67.7777481079, "max": 154.948806763, "mean": 11.3500070572, "median": 8.42912101746, "min": 0.670178413391, "var": 168.399398804}, "pitch_salience": {"dmean": 0.0579874515533, "dmean2": 0.0924432650208, "dvar": 0.00292571238242, "dvar2": 0.00769506115466, "max": 0.820466160774, "mean": 0.555515348911, "median": 0.562417268753, "min": 0.125707119703, "var": 0.01105485484}, "silence_rate_20dB": {"dmean": 0, "dmean2": 0, "dvar": 0, "dvar2": 0, "max": 1, "mean": 1, "median": 1, "min": 1, "var": 0}, "silence_rate_30dB": {"dmean": 0.00957701541483, "dmean2": 0.0191562138498, "dvar": 0.00948519352823, "dvar2": 0.0226656515151, "max": 1, "mean": 0.989284098148, "median": 1, "min": 0, "var": 0.0106008620933}, "silence_rate_60dB": {"dmean": 0.0383080616593, "dmean2": 0.0766248553991, "dvar": 0.0368383601308, "dvar2": 0.0796397700906, "max": 1, "mean": 0.125398993492, "median": 0, "min": 0, "var": 0.109681636095}, "spectral_centroid": {"dmean": 116.541809082, "dmean2": 182.036621094, "dvar": 52052.1210938, "dvar2": 116161.648438, "max": 11292.7695312, "mean": 629.981567383, "median": 520.228271484, "min": 170.481643677, "var": 203620.375}, "spectral_complexity": {"dmean": 1.85246837139, "dmean2": 2.75826692581, "dvar": 6.93056106567, "dvar2": 11.6084766388, "max": 52, "mean": 11.3126993179, "median": 10, "min": 0, "var": 50.1379051208}, "spectral_decrease": {"dmean": 1.44134881808e-09, "dmean2": 2.04615568933e-09, "dvar": 9.51477403607e-18, "dvar2": 2.00159708788e-17, "max": 8.47444883199e-18, "mean": -4.5723473896e-09, "median": -2.5614557142e-09, "min": -5.80811949646e-08, "var": 3.15274993565e-17}, "spectral_energy": {"dmean": 0.00561358919367, "dmean2": 0.00794130284339, "dvar": 0.000144282748806, "dvar2": 0.000301841064356, "max": 0.226426586509, "mean": 0.0179989989847, "median": 0.0100747849792, "min": 1.14659777934e-20, "var": 0.000488732883241}, "spectral_energyband_high": {"dmean": 0.00010452621791, "dmean2": 0.000149270606926, "dvar": 8.42631209252e-08, "dvar2": 1.84523642588e-07, "max": 0.00626654364169, "mean": 0.000160360388691, "median": 2.96915641229e-05, "min": 7.71998699187e-21, "var": 1.41860653002e-07}, "spectral_energyband_low": {"dmean": 0.00218185433187, "dmean2": 0.00332563719712, "dvar": 3.51901544491e-05, "dvar2": 7.976636698e-05, "max": 0.12682287395, "mean": 0.0035858831834, "median": 0.00165706174448, "min": 7.63777211028e-23, "var": 4.705309766e-05}, "spectral_energyband_middle_high": {"dmean": 0.000561505497899, "dmean2": 0.000753806438297, "dvar": 1.45094600157e-06, "dvar2": 2.88166870632e-06, "max": 0.0279757436365, "mean": 0.00193285848945, "median": 0.000897828664165, "min": 1.86834735658e-21, "var": 7.71563009039e-06}, "spectral_energyband_middle_low": {"dmean": 0.00413595326245, "dmean2": 0.00595123274252, "dvar": 8.40028369566e-05, "dvar2": 0.00018827864551, "max": 0.190999448299, "mean": 0.0132937151939, "median": 0.00697918981314, "min": 3.75270876624e-22, "var": 0.000293989432976}, "spectral_entropy": {"dmean": 0.249233558774, "dmean2": 0.349502384663, "dvar": 0.0912378132343, "dvar2": 0.180138513446, "max": 9.80025959015, "mean": 6.71034812927, "median": 6.74305105209, "min": 4.77810287476, "var": 0.4672537148}, "spectral_flux": {"dmean": 0.0166293438524, "dmean2": 0.0247810315341, "dvar": 0.000654126808513, "dvar2": 0.00139993766788, "max": 0.339878499508, "mean": 0.0454018376768, "median": 0.0320809781551, "min": 1.07079303757e-10, "var": 0.00171848502941}, "spectral_kurtosis": {"dmean": 5.68396663666, "dmean2": 8.89661026001, "dvar": 65.7844619751, "dvar2": 148.492431641, "max": 152.601516724, "mean": 14.5207023621, "median": 8.31738853455, "min": -1.20818293095, "var": 247.692459106}, "spectral_rms": {"dmean": 0.000551733770408, "dmean2": 0.0007562119863, "dvar": 7.13462725344e-07, "dvar2": 1.37498534514e-06, "max": 0.0148628391325, "mean": 0.00363221764565, "median": 0.00313513283618, "min": 3.34459565078e-12, "var": 4.36692516814e-06}, "spectral_rolloff": {"dmean": 189.689651489, "dmean2": 324.637664795, "dvar": 294566.3125, "dvar2": 704535.5, "max": 19573.6816406, "mean": 826.141113281, "median": 516.796875, "min": 86.1328125, "var": 3360865.25}, "spectral_skewness": {"dmean": 0.476350009441, "dmean2": 0.729126036167, "dvar": 0.31577706337, "dvar2": 0.677620112896, "max": 10.5075445175, "mean": 2.70090818405, "median": 2.31155443192, "min": -0.0608153007925, "var": 1.58213055134}, "spectral_spread": {"dmean": 730527.75, "dmean2": 1080185.5, "dvar": 1158242893820.0, "dvar2": 2306840723460.0, "max": 40581204, "mean": 3630727, "median": 3342098.25, "min": 598368.75, "var": 3547139670020.0}, "spectral_strongpeak": {"dmean": 0.241659685969, "dmean2": 0.38532948494, "dvar": 0.169348374009, "dvar2": 0.415408521891, "max": 10.7555303574, "mean": 0.699030101299, "median": 0.453024804592, "min": 0, "var": 0.49870711565}, "zerocrossingrate": {"dmean": 0.00609552720562, "dmean2": 0.00773015478626, "dvar": 7.66933517298e-05, "dvar2": 9.89955951809e-05, "max": 0.51708984375, "mean": 0.0361898131669, "median": 0.02880859375, "min": 0.0068359375, "var": 0.00219078478403}, "barkbands": {"dmean": [8.79337458173e-05, 0.00126598542556, 0.00067543447949, 0.001139887725, 0.0026661765296, 0.000911192735657, 0.000257731124293, 0.000304398243316, 0.000169663020642, 0.000147972808918, 0.000187261292012, 0.000145104917465, 9.62557242019e-05, 0.000110936744022, 6.13853990217e-05, 6.96519928169e-05, 8.73566532391e-05, 2.45290266321e-05, 4.43324752268e-05, 2.41627822106e-05, 2.07167686312e-05, 2.7155094358e-05, 2.39651944867e-05, 1.02763760879e-05, 8.5298288468e-06, 8.07113792689e-06, 4.75158185509e-06], "dmean2": [0.000117054631119, 0.00194318790454, 0.00113701203372, 0.0018509728834, 0.00385602726601, 0.00128815206699, 0.000380473269615, 0.000466056721052, 0.000251997029409, 0.000211003265576, 0.000265928247245, 0.000206857293961, 0.000142691671499, 0.000170169019839, 9.21803148231e-05, 0.000107908846985, 0.00013137437054, 3.76866591978e-05, 6.60003279336e-05, 3.64894112863e-05, 3.17320264003e-05, 4.191152766e-05, 3.48844369e-05, 1.5672409063e-05, 1.26396298583e-05, 1.31234437504e-05, 8.5540677901e-06], "dvar": [6.32939105571e-08, 2.36910327658e-05, 2.24627842726e-06, 5.33336378794e-06, 4.32692868344e-05, 5.39396933164e-06, 1.03708623556e-06, 7.00726729974e-07, 3.77297084242e-07, 1.24465771023e-07, 1.2934457061e-07, 1.3197305293e-07, 5.00579027118e-08, 9.79535528245e-08, 3.29705400759e-08, 6.36149124489e-08, 8.84077948626e-08, 5.82773740376e-09, 5.34060156099e-08, 5.16633713588e-09, 4.15762180239e-09, 9.11910369439e-09, 4.78555328698e-09, 8.53625337083e-10, 8.19636247762e-10, 1.91480320488e-09, 2.16131934572e-09], "dvar2": [1.06726275817e-07, 5.60337102797e-05, 6.32045748716e-06, 1.3776324522e-05, 9.41499820328e-05, 1.20081540445e-05, 2.39762016463e-06, 1.64492155363e-06, 7.83771213264e-07, 2.70956576287e-07, 2.65108752728e-07, 2.69997798341e-07, 1.09853878882e-07, 2.21278043e-07, 7.55613456249e-08, 1.499824549e-07, 2.16973205625e-07, 1.32161872557e-08, 1.16523921179e-07, 1.17823084622e-08, 9.98637528227e-09, 2.14617905669e-08, 1.00011048332e-08, 2.09658979067e-09, 1.83929016462e-09, 5.23763388216e-09, 6.34863273064e-09], "max": [0.00459984038025, 0.0895416811109, 0.0271646641195, 0.0418828614056, 0.157093942165, 0.0689203888178, 0.0456403940916, 0.0286572612822, 0.0297106299549, 0.00824466068298, 0.00805961713195, 0.0141472155228, 0.00590376229957, 0.0115457596257, 0.00417096959427, 0.00910948030651, 0.00953138433397, 0.00153902184684, 0.00935218762606, 0.00124365708325, 0.0014604566386, 0.00238176248968, 0.00169960863423, 0.000620604492724, 0.000810350640677, 0.00191415590234, 0.00192804378457], "mean": [0.000107699001092, 0.00148164480925, 0.0011160839349, 0.00214782799594, 0.00587324053049, 0.00330096646212, 0.000583634420764, 0.000824406859465, 0.000359659228707, 0.00034027104266, 0.000471200357424, 0.000295043922961, 0.000185104043339, 0.000196687411517, 0.000110655804747, 0.000143829107401, 0.000168502840097, 4.31645457866e-05, 7.32701082597e-05, 3.83055521525e-05, 3.3264659578e-05, 3.4999280615e-05, 3.37668825523e-05, 1.40831216413e-05, 1.10345226858e-05, 7.44737417335e-06, 3.1920303627e-06], "median": [8.51956883707e-06, 0.000369797053281, 0.000495979213156, 0.000984697137028, 0.00254871416837, 0.000795658852439, 0.000135904425406, 0.000261197506916, 6.60957593936e-05, 0.000135941110784, 0.000147693383042, 8.53265082696e-05, 5.27967167727e-05, 4.70033301099e-05, 3.09515162371e-05, 1.79503877007e-05, 2.40174304054e-05, 8.3202321548e-06, 1.11008630483e-05, 5.56323948331e-06, 3.68029759557e-06, 4.75055367133e-06, 4.69263886771e-06, 2.34663275478e-06, 1.27790781335e-06, 3.78396919132e-07, 6.641124628e-08], "min": [9.72506146235e-24, 7.07807813792e-24, 3.3406309272e-23, 5.11795915912e-23, 7.2501902325e-23, 1.16865249757e-22, 3.26741485332e-23, 2.61485112649e-23, 2.23754116433e-23, 1.15075860788e-22, 5.97648531751e-23, 1.34777276932e-22, 1.27941828743e-22, 1.92271176266e-22, 6.66744479786e-23, 1.55241830805e-22, 2.08050779886e-22, 2.94453326439e-22, 2.89392524986e-22, 3.6852580034e-22, 4.8783208866e-22, 4.24555397128e-22, 4.34996633852e-22, 1.26246865793e-21, 1.23010915446e-21, 1.66103077269e-21, 2.32271488016e-21], "var": [1.13854845551e-07, 2.40011395363e-05, 3.1030201626e-06, 1.09277734737e-05, 9.60845791269e-05, 4.10643588111e-05, 3.59795467375e-06, 3.23838844452e-06, 1.30358682782e-06, 3.89057618122e-07, 5.91753064327e-07, 3.77997764645e-07, 1.3134523158e-07, 2.15069974274e-07, 5.90190190053e-08, 2.40618078351e-07, 2.10778992482e-07, 1.14017577602e-08, 7.62708580737e-08, 8.62315641115e-09, 6.79524880809e-09, 1.13647979916e-08, 8.64708038506e-09, 1.12522791085e-09, 1.13673226387e-09, 1.41688138999e-09, 1.16275178375e-09]}, "erbbands": {"dmean": [0.0481069721282, 0.256775170565, 0.599320888519, 2.48569726944, 5.08725500107, 9.73143482208, 14.5045127869, 5.40509986877, 4.07625579834, 4.64070558548, 6.20293951035, 4.68145990372, 4.646068573, 3.52579665184, 7.72805547714, 7.03256177902, 4.47004079819, 5.79983568192, 3.31422758102, 2.84385895729, 4.29058885574, 3.36792826653, 1.75242960453, 1.86943638325, 2.22860741615, 1.20978271961, 0.882695615292, 0.881456851959, 1.09562027454, 0.915770709515, 0.555805385113, 0.256183326244, 0.152060315013, 0.10709656775, 0.0542464740574, 0.0262124426663, 0.0171110853553, 0.00637368764728, 0.000736182380933, 3.55541596946e-05], "dmean2": [0.0692875608802, 0.426649272442, 1.0246860981, 4.07790756226, 8.24755477905, 13.7763118744, 20.4010543823, 7.87882328033, 5.63741159439, 7.19504165649, 9.5818195343, 6.88501262665, 6.54843664169, 5.19792366028, 10.9578123093, 9.79577255249, 6.51406478882, 8.8429107666, 5.02539634705, 4.31191158295, 6.56057024002, 5.15325450897, 2.65667676926, 2.83655905724, 3.34033799171, 1.82035410404, 1.32764101028, 1.35254359245, 1.68199527264, 1.38285827637, 0.798117399216, 0.397622734308, 0.229358077049, 0.160035774112, 0.0824602246284, 0.0399537719786, 0.0286786090583, 0.0113649303094, 0.00131044432055, 6.00370731263e-05], "dvar": [0.0314321555197, 1.07059085369, 2.07403802872, 22.2376537323, 177.413345337, 732.827026367, 1250.89904785, 188.121810913, 197.432296753, 191.072235107, 406.01373291, 301.464416504, 136.464569092, 67.1464233398, 250.213943481, 318.378173828, 101.160827637, 288.766143799, 89.665397644, 71.7295455933, 230.411071777, 114.927513123, 32.1605415344, 51.7531356812, 170.492019653, 14.9115314484, 7.80316638947, 7.20329236984, 18.9171295166, 8.4078912735, 2.05350160599, 0.594471395016, 0.18015730381, 0.129957601428, 0.0329372063279, 0.00781468022615, 0.0127366846427, 0.00337613886222, 4.56481539004e-05, 6.03552976486e-08], "dvar2": [0.0652923434973, 2.79708719254, 5.84963274002, 58.6229782104, 457.969085693, 1518.52978516, 2817.28710938, 424.829376221, 411.437774658, 490.550231934, 924.155090332, 622.038818359, 279.95135498, 151.164215088, 507.218017578, 631.031555176, 215.672683716, 641.461669922, 205.414031982, 169.689117432, 565.317016602, 293.544281006, 76.470489502, 109.823455811, 382.623352051, 33.1535110474, 18.6562423706, 17.2348060608, 43.1201705933, 19.7279090881, 3.99057340622, 1.51049661636, 0.410928994417, 0.28460302949, 0.075656555593, 0.0178345479071, 0.0358214974403, 0.00992097891867, 0.000133361652843, 1.74145540655e-07], "max": [2.94808483124, 19.6494903564, 28.2393665314, 90.566734314, 314.17565918, 658.86920166, 928.258056641, 514.41784668, 688.362976074, 277.422119141, 793.21685791, 882.837768555, 338.386047363, 249.897293091, 398.276916504, 724.862426758, 275.934906006, 641.177124023, 233.57522583, 204.877075195, 527.90802002, 307.420288086, 182.347854614, 315.950683594, 578.903625488, 95.1019592285, 56.3579139709, 57.2447357178, 134.785964966, 70.7956619263, 38.8067703247, 16.8397006989, 10.0423841476, 12.077832222, 6.05939102173, 3.5404484272, 5.06834697723, 2.30231070518, 0.291593313217, 0.00979480147362], "mean": [0.0550675913692, 0.289858698845, 1.00001132488, 4.5563454628, 10.445016861, 19.2802085876, 39.6996192932, 19.8709907532, 11.4881505966, 10.2696027756, 17.2434844971, 10.9710845947, 11.1275081635, 8.80628013611, 20.0844516754, 15.3060483932, 9.50204467773, 10.8357257843, 6.57326793671, 5.38762760162, 10.28241539, 7.32722663879, 3.4914290905, 3.2827641964, 3.3120868206, 1.94158947468, 1.46631252766, 1.32872796059, 1.42834758759, 1.17446362972, 0.820924758911, 0.341806083918, 0.215630605817, 0.146833181381, 0.065748333931, 0.0289876908064, 0.0145676089451, 0.00453805364668, 0.000514161773026, 4.21734075644e-05], "median": [0.00921735167503, 0.0937571674585, 0.507451415062, 2.4984998703, 5.40933036804, 6.91163349152, 9.30498409271, 5.85071325302, 3.25286626816, 3.12200546265, 4.44964265823, 2.6729593277, 4.4332857132, 3.39335012436, 6.87933683395, 5.13968133926, 3.22332572937, 2.91795516014, 1.83406794071, 1.39208078384, 1.38907027245, 1.08914136887, 0.651932835579, 0.51424831152, 0.42565792799, 0.287244915962, 0.181493505836, 0.166157364845, 0.165407538414, 0.166783720255, 0.123825922608, 0.0577518716455, 0.0324729979038, 0.0191307719797, 0.00656683836132, 0.00215492770076, 0.000559663516469, 0.000104032747913, 2.11787246371e-05, 1.51830472532e-05], "min": [4.15985313228e-22, 1.17974847622e-21, 2.26724890619e-20, 1.34952823803e-19, 2.07923673063e-19, 2.70541852894e-19, 2.38732725836e-19, 1.42364049314e-18, 4.38701286626e-19, 6.50315232121e-19, 7.08240880961e-19, 5.72909479856e-19, 3.19871549375e-18, 3.1623453962e-18, 3.45517208933e-18, 4.66805937009e-18, 6.99300557804e-18, 1.01308143157e-17, 4.16374885732e-18, 5.99241068597e-18, 8.04002267327e-18, 1.19330837062e-17, 2.07857501199e-17, 1.56748294168e-17, 1.46923274462e-17, 1.39440052702e-17, 1.87281499267e-17, 1.84579662689e-17, 1.53001347973e-17, 1.26149592908e-17, 1.52899919086e-17, 2.2846885683e-17, 2.05527945527e-17, 1.55461350027e-17, 8.17485063157e-18, 6.4496839868e-18, 2.93049370153e-18, 1.2325803832e-18, 3.05851530756e-19, 3.64961488976e-20], "var": [0.0388910919428, 0.856741249561, 2.37918686867, 38.1396865845, 260.031494141, 1534.5546875, 5889.67333984, 1870.73474121, 1096.81933594, 492.653381348, 1995.47167969, 1124.27172852, 489.29119873, 227.069488525, 1124.41943359, 931.381530762, 311.134735107, 654.60760498, 187.003982544, 138.717636108, 1137.49743652, 351.483795166, 72.4191360474, 104.005836487, 205.87852478, 25.23777771, 12.4194307327, 11.1956071854, 24.467458725, 10.9502801895, 4.31305074692, 0.705806732178, 0.279857724905, 0.19255618751, 0.0420706495643, 0.0100949099287, 0.00822164397687, 0.00183240778279, 2.50090215559e-05, 3.58061704731e-08]}, "gfcc": {"mean": [-93.8012619019, 133.54234314, -97.290687561, 11.9159545898, -52.3581619263, 4.95844221115, -37.869644165, -11.0107097626, -26.8861522675, -10.0233097076, -14.2197561264, 0.18579518795, -10.0611314774], "cov": [[17025.2402344, -406.111602783, -1727.79711914, 755.362548828, -1022.85986328, 139.900039673, -567.655944824, -67.5096511841, -278.37411499, 72.7883682251, -115.667808533, 114.610847473, 32.1792144775], [-406.111602783, 2193.47680664, -187.73677063, -303.537719727, 383.01864624, -234.260269165, 112.149452209, -207.402893066, 94.5453186035, -171.620178223, 147.344024658, -104.291442871, 107.375518799], [-1727.79711914, -187.73677063, 996.471191406, -106.867881775, 132.252075195, 156.341781616, 46.6610603333, 38.8112754822, -22.047252655, 38.0421066284, -54.2105789185, 51.4018478394, -44.5897674561], [755.362548828, -303.537719727, -106.867881775, 352.163848877, -130.532714844, 41.0623664856, 15.9975128174, 16.5187282562, -14.0050773621, 36.6359329224, 18.2567062378, 1.61941385269, 16.441696167], [-1022.85986328, 383.01864624, 132.252075195, -130.532714844, 316.460235596, -16.8591995239, 61.2447357178, 19.8121795654, 41.792678833, -28.9852142334, 16.5080337524, 1.66662871838, 18.539773941], [139.900039673, -234.260269165, 156.341781616, 41.0623664856, -16.8591995239, 273.755950928, 30.5456733704, 6.90288686752, -24.3940925598, 37.6137771606, -5.30945825577, 19.8755836487, -9.39340400696], [-567.655944824, 112.149452209, 46.6610603333, 15.9975128174, 61.2447357178, 30.5456733704, 167.925033569, 13.2063293457, -4.97981452942, -1.16764163971, 33.9386940002, -12.7501840591, -0.386885941029], [-67.5096511841, -207.402893066, 38.8112754822, 16.5187282562, 19.8121795654, 6.90288686752, 13.2063293457, 181.011688232, 27.67329216, 11.4326543808, -23.036031723, 13.8709592819, -9.84100627899], [-278.37411499, 94.5453186035, -22.047252655, -14.0050773621, 41.792678833, -24.3940925598, -4.97981452942, 27.67329216, 118.221252441, 12.6643953323, -3.55455470085, 3.4567220211, 4.6485118866], [72.7883682251, -171.620178223, 38.0421066284, 36.6359329224, -28.9852142334, 37.6137771606, -1.16764163971, 11.4326543808, 12.6643953323, 106.182746887, 30.4682483673, 12.5957326889, 2.25437569618], [-115.667808533, 147.344024658, -54.2105789185, 18.2567062378, 16.5080337524, -5.30945825577, 33.9386940002, -23.036031723, -3.55455470085, 30.4682483673, 119.651893616, 23.199382782, 22.7942409515], [114.610847473, -104.291442871, 51.4018478394, 1.61941385269, 1.66662871838, 19.8755836487, -12.7501840591, 13.8709592819, 3.4567220211, 12.5957326889, 23.199382782, 90.2146682739, 19.3189048767], [32.1792144775, 107.375518799, -44.5897674561, 16.441696167, 18.539773941, -9.39340400696, -0.386885941029, -9.84100627899, 4.6485118866, 2.25437569618, 22.7942409515, 19.3189048767, 93.6397094727]], "icov": [[0.0001479567145, -0.000275522063021, 0.000277346756775, -0.000296660175081, 0.000324166816426, -0.000248050113441, 0.000409862754168, -0.000250739452895, 0.000579328800086, -0.000517892884091, 0.000659818470012, -0.000698432791978, 0.000302713975543], [-0.000275522063021, 0.0018604391953, -0.000534588296432, 0.00120089657139, -0.00145084876567, 0.000896850018762, -0.00107596535236, 0.00165883766022, -0.00225944048725, 0.002925546607, -0.00319027411751, 0.00308451591991, -0.0017750171246], [0.000277346756775, -0.000534588296432, 0.0019357186975, -0.000272614357527, -5.06456417497e-05, -0.00104028894566, 0.000410444481531, -0.000468190817628, 0.00163005734794, -0.00185595557559, 0.00234742742032, -0.00237832008861, 0.00122849806212], [-0.000296660175081, 0.00120089657139, -0.000272614357527, 0.00467518344522, 0.000545137911104, 0.00023021826928, -0.00181317387614, 0.000521334179211, -0.00170208292548, 0.00129921641201, -0.00250276038423, 0.00241636601277, -0.00209942320362], [0.000324166816426, -0.00145084876567, -5.06456417497e-05, 0.000545137911104, 0.00619334401563, -0.000665287429001, -0.000427179824328, -0.00183585879859, 0.000258458603639, -0.000830448290799, 0.0015000886051, -0.00209993938915, 2.00160611712e-05], [-0.000248050113441, 0.000896850018762, -0.00104028894566, 0.00023021826928, -0.000665287429001, 0.00507519859821, -0.00169615156483, 0.000999422511086, -0.000522457936313, 4.97225264553e-05, -0.000923776591662, 0.000833785161376, -0.000662505219225], [0.000409862754168, -0.00107596535236, 0.000410444481531, -0.00181317387614, -0.000427179824328, -0.00169615156483, 0.00891852937639, -0.00183638522867, 0.00231179222465, -0.000855500984471, -0.00067967135692, -0.000150026156916, 0.00146727776155], [-0.000250739452895, 0.00165883766022, -0.000468190817628, 0.000521334179211, -0.00183585879859, 0.000999422511086, -0.00183638522867, 0.00783559028059, -0.00320076057687, 0.00162575452123, -0.00083037634613, 0.00111477309838, -0.000758959678933], [0.000579328800086, -0.00225944048725, 0.00163005734794, -0.00170208292548, 0.000258458603639, -0.000522457936313, 0.00231179222465, -0.00320076057687, 0.0132464133203, -0.00603837985545, 0.00546432193369, -0.0048569641076, 0.00219612335786], [-0.000517892884091, 0.002925546607, -0.00185595557559, 0.00129921641201, -0.000830448290799, 4.97225264553e-05, -0.000855500984471, 0.00162575452123, -0.00603837985545, 0.0171450525522, -0.00955300405622, 0.00562276272103, -0.00289948820136], [0.000659818470012, -0.00319027411751, 0.00234742742032, -0.00250276038423, 0.0015000886051, -0.000923776591662, -0.00067967135692, -0.00083037634613, 0.00546432193369, -0.00955300405622, 0.0182284452021, -0.00960554368794, 0.00201220693998], [-0.000698432791978, 0.00308451591991, -0.00237832008861, 0.00241636601277, -0.00209993938915, 0.000833785161376, -0.000150026156916, 0.00111477309838, -0.0048569641076, 0.00562276272103, -0.00960554368794, 0.0196348130703, -0.00584471737966], [0.000302713975543, -0.0017750171246, 0.00122849806212, -0.00209942320362, 2.00160611712e-05, -0.000662505219225, 0.00146727776155, -0.000758959678933, 0.00219612335786, -0.00289948820136, 0.00201220693998, -0.00584471737966, 0.0140968821943]]}, "melbands": {"dmean": [0.000382209109375, 0.000309783354169, 0.000486199161969, 0.000445235782536, 0.000550571887288, 0.000128831030452, 6.02870495641e-05, 5.2963860071e-05, 4.71819184895e-05, 2.8176298656e-05, 2.27844102483e-05, 1.41560612974e-05, 2.63537276624e-05, 1.96853234229e-05, 1.21703078548e-05, 9.38042103371e-06, 1.21150205814e-05, 5.61234901397e-06, 3.81279824069e-06, 4.12471217714e-06, 5.94858465774e-06, 4.00375074605e-06, 2.83451595351e-06, 1.30091780193e-06, 1.64983794093e-06, 1.66128836554e-06, 1.10457301616e-06, 8.14305678887e-07, 5.94352627559e-07, 5.62852449093e-07, 4.90064394398e-07, 6.73086788083e-07, 4.84252780097e-07, 5.72045451008e-07, 3.78843935778e-07, 2.07159416732e-07, 1.30052086433e-07, 1.01472309666e-07, 1.07781836789e-07, 8.9485958199e-08], "dmean2": [0.000568540475797, 0.00052217906341, 0.000789905083366, 0.000664935621899, 0.000767095189076, 0.00018601816555, 8.44231180963e-05, 8.19060005597e-05, 7.24247147446e-05, 4.15811737184e-05, 3.22740379488e-05, 2.11032802326e-05, 3.7639762013e-05, 2.77994913631e-05, 1.73362932401e-05, 1.37190063469e-05, 1.87256682693e-05, 8.59690862853e-06, 5.74365458306e-06, 6.33724857835e-06, 9.18820660445e-06, 6.12298481428e-06, 4.41500378656e-06, 2.02625483325e-06, 2.53851476373e-06, 2.49048389378e-06, 1.70240627995e-06, 1.23615632219e-06, 9.06866716832e-07, 8.67828191531e-07, 7.67653773437e-07, 1.03450304323e-06, 7.61240301017e-07, 8.71906820521e-07, 5.44688248283e-07, 3.20980234392e-07, 2.06372533285e-07, 1.55723952844e-07, 1.62924848723e-07, 1.36728090183e-07], "dvar": [2.09523909689e-06, 7.77485638537e-07, 9.73189003162e-07, 1.28248325382e-06, 1.78575805876e-06, 1.03056564171e-07, 4.65882692424e-08, 2.21926637067e-08, 2.34912462815e-08, 1.18519984937e-08, 3.26681681706e-09, 1.26811439127e-09, 2.59933363722e-09, 1.87948145935e-09, 6.60285603971e-10, 5.2120768812e-10, 1.28616639561e-09, 2.37577485462e-10, 1.54294882426e-10, 1.41691450239e-10, 5.09604636267e-10, 1.674651251e-10, 1.16295868768e-10, 1.74264977448e-11, 4.48555463606e-11, 1.00354911881e-10, 2.92152031733e-11, 6.50874883504e-12, 3.59713691125e-12, 3.39066708738e-12, 2.12782634394e-12, 7.98113918704e-12, 2.6578387928e-12, 3.63811758497e-12, 1.13641333756e-12, 3.33378479987e-13, 1.76267827374e-13, 8.14361870039e-14, 1.01178071997e-13, 1.25318741387e-13], "dvar2": [4.71077783004e-06, 2.08089363696e-06, 2.4911842047e-06, 2.95101153824e-06, 3.94851576857e-06, 2.33874317246e-07, 9.89883091052e-08, 5.73570986262e-08, 5.37046638271e-08, 2.38467183777e-08, 6.75018929641e-09, 2.89281598675e-09, 5.41204014937e-09, 3.91940169209e-09, 1.35679745217e-09, 1.11722608942e-09, 2.91778934347e-09, 5.57270896095e-10, 3.53481438564e-10, 3.37358335711e-10, 1.29117494474e-09, 4.17205242575e-10, 3.05380831733e-10, 4.11213042784e-11, 9.67753932546e-11, 2.2101838415e-10, 6.88221424294e-11, 1.42946401244e-11, 8.91181919926e-12, 8.1584027728e-12, 5.16296770961e-12, 1.79555606494e-11, 6.69456720961e-12, 8.31835728771e-12, 2.14944902155e-12, 7.92585452564e-13, 4.72822302144e-13, 1.90379328513e-13, 2.22264643756e-13, 2.77156959492e-13], "max": [0.0243897903711, 0.0169020108879, 0.0161490831524, 0.0284096263349, 0.0293909162283, 0.0103933708742, 0.0105269094929, 0.00333285680972, 0.00607329094782, 0.00579345040023, 0.00163352105301, 0.00109433871694, 0.00113443029113, 0.00157526612747, 0.000808368669823, 0.000535645289347, 0.00135252973996, 0.00035158242099, 0.000334827142069, 0.000323099084198, 0.000837670289911, 0.00045061003766, 0.000362485443475, 0.000101491437817, 0.000329941365635, 0.000482483796077, 0.000204853102332, 7.01348471921e-05, 4.44314318884e-05, 4.03556259698e-05, 2.90966709144e-05, 9.52056798269e-05, 3.00712090393e-05, 4.88456680614e-05, 3.31115588779e-05, 1.35758891702e-05, 7.27434871806e-06, 7.16657723387e-06, 8.61798525875e-06, 1.48035969687e-05], "mean": [0.00044391915435, 0.000478629255667, 0.000996336806566, 0.000954095507041, 0.00135808694176, 0.000472877960419, 0.000161257223226, 0.00012139815226, 0.000130288302898, 6.21970611974e-05, 5.33648453711e-05, 3.19627688441e-05, 6.63030441501e-05, 4.41267548013e-05, 2.5586978154e-05, 1.82894145837e-05, 2.10539146792e-05, 1.06726984086e-05, 6.75766841596e-06, 7.71617487771e-06, 1.38124823934e-05, 8.31981287774e-06, 5.15088277098e-06, 2.25728240366e-06, 2.70540976999e-06, 2.44412854045e-06, 1.6118314079e-06, 1.27064799926e-06, 9.60229613156e-07, 8.87046212483e-07, 6.64451420107e-07, 8.67374922109e-07, 5.81954225254e-07, 7.36576794225e-07, 5.59513296139e-07, 2.83335026552e-07, 1.63010028587e-07, 1.40268994642e-07, 1.50367895912e-07, 1.17384452381e-07], "median": [9.59786630119e-05, 0.000222755392315, 0.000552771729417, 0.000460751587525, 0.000373454065993, 0.0001348212827, 4.2002502596e-05, 3.9637365262e-05, 3.33438802045e-05, 1.24262833197e-05, 2.08513665712e-05, 1.00103916338e-05, 2.1233001462e-05, 1.56997593876e-05, 9.25886706682e-06, 4.8717338359e-06, 5.10216568728e-06, 2.76422179013e-06, 1.9169551706e-06, 1.77225706466e-06, 1.41334703585e-06, 1.12604038804e-06, 7.7182289715e-07, 4.21396038064e-07, 3.69796907762e-07, 3.00274905385e-07, 2.32350643614e-07, 1.76349033154e-07, 1.250366779e-07, 7.91535654798e-08, 8.84750051e-08, 8.96671110695e-08, 8.25220780598e-08, 9.03093564375e-08, 7.52005888671e-08, 4.7020424887e-08, 2.65696762369e-08, 2.0771437903e-08, 2.00375893655e-08, 1.43326701618e-08], "min": [3.18629754861e-24, 8.76693782814e-24, 2.39122215495e-23, 1.98261176979e-23, 8.80464222396e-24, 2.80125643404e-23, 6.36468518892e-24, 6.5401609864e-24, 5.58221129602e-24, 3.24222857565e-24, 1.62035816465e-23, 1.26126307968e-23, 9.57646767793e-24, 1.26282652311e-23, 1.53230203942e-23, 1.32207952231e-23, 1.97818058032e-23, 6.9991920474e-24, 4.6787292957e-24, 9.44981921504e-24, 9.64550089575e-24, 9.39477092336e-24, 2.16411304464e-23, 1.37732889464e-23, 1.30021111472e-23, 9.45331150227e-24, 1.44816718398e-23, 7.3896939727e-24, 1.09968417145e-23, 1.04086812231e-23, 1.15514172418e-23, 7.5669652176e-24, 9.3084135312e-24, 5.87234565949e-24, 8.38895275882e-24, 1.05673913597e-23, 1.44918986326e-23, 1.14642481117e-23, 1.83358016758e-23, 1.16286798565e-23], "var": [2.32644219977e-06, 7.71472798533e-07, 1.81075904493e-06, 2.45459546022e-06, 6.01203919359e-06, 9.13894439236e-07, 2.37608816178e-07, 6.3858259125e-08, 1.12951354936e-07, 4.31843112381e-08, 1.1408367584e-08, 3.75237263484e-09, 1.17189689064e-08, 6.06166583594e-09, 1.98044580735e-09, 1.37300537606e-09, 2.66024557938e-09, 4.95727514593e-10, 2.48427500793e-10, 3.14727965911e-10, 2.56998311521e-09, 5.28743271389e-10, 2.3108687186e-10, 3.19369843071e-11, 8.88857459858e-11, 1.22415216852e-10, 3.51765457041e-11, 1.10208595722e-11, 5.26457002992e-12, 5.69713980852e-12, 2.91092172068e-12, 1.05706207676e-11, 2.80663990312e-12, 5.12216744714e-12, 2.43964006982e-12, 4.67414247498e-13, 1.75959520934e-13, 1.18229807455e-13, 1.68030967287e-13, 1.65094649648e-13]}, "mfcc": {"mean": [-738.952697754, 167.251815796, 12.3305845261, 13.4598398209, 4.17004346848, 8.74356174469, -3.66735982895, 0.396609097719, -10.4359149933, -9.83014011383, -8.70310688019, -5.0525894165, -1.37875771523], "cov": [[11277.59375, -1146.82177734, -921.467529297, 272.470428467, -492.223815918, -9.02653408051, -333.183288574, -121.396102905, -140.774032593, 2.75909662247, -53.5201835632, -79.8750991821, -15.0075139999], [-1146.82177734, 2006.36303711, -150.38899231, -87.5341720581, 204.035446167, -15.1674728394, 34.3034629822, 4.03959178925, -0.499431282282, -66.6548461914, -48.882232666, 17.1378250122, 6.60965633392], [-921.467529297, -150.38899231, 692.857543945, -46.3191757202, 63.5222663879, 120.91192627, 81.7665786743, 28.8739109039, 21.3382434845, 6.2368183136, 14.9114055634, -4.70317554474, 3.29672574997], [272.470428467, -87.5341720581, -46.3191757202, 255.174102783, -43.8804359436, -38.4432792664, -0.186239525676, -4.75812387466, -11.3268232346, 17.4499111176, 7.95184755325, 11.7216262817, -4.60840749741], [-492.223815918, 204.035446167, 63.5222663879, -43.8804359436, 208.949951172, 3.93755125999, 4.28937959671, 29.6771335602, 50.6210784912, -14.9377698898, -0.456060737371, 21.9231948853, 8.16267108917], [-9.02653408051, -15.1674728394, 120.91192627, -38.4432792664, 3.93755125999, 215.691986084, 57.617603302, -5.76895618439, -19.5605602264, 13.9172334671, -0.560509979725, -20.7698154449, 15.7362565994], [-333.183288574, 34.3034629822, 81.7665786743, -0.186239525676, 4.28937959671, 57.617603302, 190.768493652, 35.6813201904, -13.148806572, 21.0259590149, 13.8366775513, -10.3086004257, -1.91580545902], [-121.396102905, 4.03959178925, 28.8739109039, -4.75812387466, 29.6771335602, -5.76895618439, 35.6813201904, 129.085205078, 39.7405815125, -4.42624759674, 14.3350801468, 10.1919546127, -8.71239471436], [-140.774032593, -0.499431282282, 21.3382434845, -11.3268232346, 50.6210784912, -19.5605602264, -13.148806572, 39.7405815125, 136.545761108, 16.10587883, -12.7791366577, 24.3549957275, -9.9452791214], [2.75909662247, -66.6548461914, 6.2368183136, 17.4499111176, -14.9377698898, 13.9172334671, 21.0259590149, -4.42624759674, 16.10587883, 93.9595947266, 20.2477436066, -12.8041152954, 9.23135566711], [-53.5201835632, -48.882232666, 14.9114055634, 7.95184755325, -0.456060737371, -0.560509979725, 13.8366775513, 14.3350801468, -12.7791366577, 20.2477436066, 90.1498031616, 25.3281650543, -0.594770491123], [-79.8750991821, 17.1378250122, -4.70317554474, 11.7216262817, 21.9231948853, -20.7698154449, -10.3086004257, 10.1919546127, 24.3549957275, -12.8041152954, 25.3281650543, 90.2305450439, 21.5503673553], [-15.0075139999, 6.60965633392, 3.29672574997, -4.60840749741, 8.16267108917, 15.7362565994, -1.91580545902, -8.71239471436, -9.9452791214, 9.23135566711, -0.594770491123, 21.5503673553, 80.8660964966]], "icov": [[0.00012235349277, 6.03121043241e-05, 0.000158868453582, -8.0521851487e-05, 0.000156879686983, -0.000139910538564, 0.000177605950739, -3.50523987436e-05, 3.50036716554e-05, 3.83587903343e-05, 4.63787509943e-05, 5.12750375492e-05, 5.13616669195e-06], [6.03121043241e-05, 0.000636187207419, 0.000284330220893, 8.77184138517e-05, -0.00058160116896, -4.9832789955e-05, -0.000153879198479, 6.1143473431e-05, 0.000228738543228, 0.000234956067288, 0.000343709194567, -9.63114871411e-05, 5.34516366315e-05], [0.000158868453582, 0.000284330220893, 0.00198286632076, 3.05967951135e-05, -0.000405809434596, -0.0010162194958, -0.000320712395478, -7.56765875849e-05, -0.000226730437134, 0.000310071714921, -0.000178027170477, 0.000168040714925, 4.07421648561e-05], [-8.0521851487e-05, 8.77184138517e-05, 3.05967951135e-05, 0.00440713111311, 0.000518952612765, 0.000827434239909, -0.000338453945005, -4.17189112341e-05, 0.000589202623814, -0.00110323622357, 0.000332820869517, -0.00115969555918, 0.000511785445269], [0.000156879686983, -0.00058160116896, -0.000405809434596, 0.000518952612765, 0.00672246143222, -0.000170318089658, 0.00031438563019, -0.000607982918154, -0.00225018989295, 0.00108242151327, -0.00061628385447, -0.000254004989984, -0.000917856115848], [-0.000139910538564, -4.9832789955e-05, -0.0010162194958, 0.000827434239909, -0.000170318089658, 0.00604931265116, -0.00159683148377, 0.000535638828296, 0.000511166639626, -0.000514013518114, 8.93945689313e-05, 0.000968911277596, -0.00120942248031], [0.000177605950739, -0.000153879198479, -0.000320712395478, -0.000338453945005, 0.00031438563019, -0.00159683148377, 0.00691309245303, -0.00227734609507, 0.00141212798189, -0.00167911988683, -4.07241968787e-05, 6.9470705057e-05, 0.000583287968766], [-3.50523987436e-05, 6.1143473431e-05, -7.56765875849e-05, -4.17189112341e-05, -0.000607982918154, 0.000535638828296, -0.00227734609507, 0.0098380278796, -0.00337287527509, 0.0020098942332, -0.00230429205112, 0.00067424721783, 0.000111439170723], [3.50036716554e-05, 0.000228738543228, -0.000226730437134, 0.000589202623814, -0.00225018989295, 0.000511166639626, 0.00141212798189, -0.00337287527509, 0.0114904940128, -0.00470181368291, 0.00445030955598, -0.00463991006836, 0.00304748746566], [3.83587903343e-05, 0.000234956067288, 0.000310071714921, -0.00110323622357, 0.00108242151327, -0.000514013518114, -0.00167911988683, 0.0020098942332, -0.00470181368291, 0.0146861802787, -0.00526461796835, 0.00502831116319, -0.00355357513763], [4.63787509943e-05, 0.000343709194567, -0.000178027170477, 0.000332820869517, -0.00061628385447, 8.93945689313e-05, -4.07241968787e-05, -0.00230429205112, 0.00445030955598, -0.00526461796835, 0.0153582403436, -0.0065832734108, 0.00281799794175], [5.12750375492e-05, -9.63114871411e-05, 0.000168040714925, -0.00115969555918, -0.000254004989984, 0.000968911277596, 6.9470705057e-05, 0.00067424721783, -0.00463991006836, 0.00502831116319, -0.0065832734108, 0.0167198162526, -0.00579297821969], [5.13616669195e-06, 5.34516366315e-05, 4.07421648561e-05, 0.000511785445269, -0.000917856115848, -0.00120942248031, 0.000583287968766, 0.000111439170723, 0.00304748746566, -0.00355357513763, 0.00281799794175, -0.00579297821969, 0.0150890136138]]}, "spectral_contrast_coeffs": {"dmean": [0.0440049357712, 0.0347533971071, 0.0315408632159, 0.0282060261816, 0.0244222041219, 0.0186965893954], "dmean2": [0.0704668536782, 0.0554097369313, 0.0487685352564, 0.0435437969863, 0.0374311842024, 0.0293356403708], "dvar": [0.00157760176808, 0.000990582280792, 0.00077558553312, 0.00063030293677, 0.000545393093489, 0.000397869327571], "dvar2": [0.00379779119976, 0.00239750510082, 0.00177768315189, 0.00138194696046, 0.00116579036694, 0.000913431984372], "max": [-0.284851670265, -0.404642701149, -0.493470460176, -0.558808982372, -0.524470686913, -0.616661787033], "mean": [-0.578916728497, -0.695558726788, -0.731403291225, -0.753060519695, -0.770764529705, -0.783754527569], "median": [-0.576610088348, -0.702908933163, -0.731978178024, -0.754976987839, -0.77409529686, -0.783030152321], "min": [-0.966868102551, -0.962470769882, -0.957904815674, -0.953422546387, -0.955371141434, -0.956119000912], "var": [0.00853431038558, 0.00632030656561, 0.00524488231167, 0.00428307335824, 0.00410043308511, 0.00273748487234]}, "spectral_contrast_valleys": {"dmean": [0.362929403782, 0.310682654381, 0.310769975185, 0.330528140068, 0.397750765085, 0.478735566139], "dmean2": [0.577033996582, 0.483181297779, 0.472223967314, 0.474023044109, 0.53141862154, 0.626268923283], "dvar": [0.154523804784, 0.107421599329, 0.114051192999, 0.14136774838, 0.218472540379, 0.317341685295], "dvar2": [0.298684805632, 0.206772878766, 0.205118924379, 0.