{"lowlevel": {"average_loudness": 0.56067866087, "barkbands_crest": {"dmean": 1.2794907093, "dmean2": 1.94860696793, "dvar": 1.95134460926, "dvar2": 4.54432487488, "max": 25.09608078, "mean": 13.2197275162, "median": 12.8208351135, "min": 3.52821445465, "var": 15.1734352112}, "barkbands_flatness_db": {"dmean": 0.0133518334478, "dmean2": 0.0213705878705, "dvar": 0.000201561371796, "dvar2": 0.000455762026832, "max": 0.526498377323, "mean": 0.41212105751, "median": 0.425358355045, "min": 0.0402004756033, "var": 0.00546471914276}, "barkbands_kurtosis": {"dmean": 1.362008214, "dmean2": 1.96667695045, "dvar": 5.40325593948, "dvar2": 10.6206445694, "max": 50.2307739258, "mean": 5.06981515884, "median": 2.76036405563, "min": -1.83007907867, "var": 46.747089386}, "barkbands_skewness": {"dmean": 0.26645603776, "dmean2": 0.389121443033, "dvar": 0.104930214584, "dvar2": 0.205822512507, "max": 5.81779956818, "mean": 1.29735600948, "median": 1.15755021572, "min": -1.94993638992, "var": 1.5384953022}, "barkbands_spread": {"dmean": 0.643637180328, "dmean2": 0.988753557205, "dvar": 3.77644228935, "dvar2": 9.29681301117, "max": 100.477806091, "mean": 4.63034534454, "median": 2.66803956032, "min": 0.547373354435, "var": 104.047035217}, "dissonance": {"dmean": 0.0376058109105, "dmean2": 0.0643308460712, "dvar": 0.00156350131147, "dvar2": 0.00432333769277, "max": 0.499924838543, "mean": 0.301058679819, "median": 0.297681003809, "min": 0.0710272192955, "var": 0.00502317072824}, "dynamic_complexity": 5.98484182358, "erbbands_crest": {"dmean": 1.52403414249, "dmean2": 2.27869963646, "dvar": 3.68149757385, "dvar2": 8.14936351776, "max": 31.5299530029, "mean": 14.7460241318, "median": 14.5804681778, "min": 2.5908062458, "var": 25.270904541}, "erbbands_flatness_db": {"dmean": 0.00916069932282, "dmean2": 0.0140797048807, "dvar": 0.000115927206934, "dvar2": 0.000233941726037, "max": 0.53029102087, "mean": 0.409820526838, "median": 0.422141224146, "min": 0.0429999940097, "var": 0.0054911961779}, "erbbands_kurtosis": {"dmean": 0.810813486576, "dmean2": 1.16226768494, "dvar": 1.86513280869, "dvar2": 4.03862571716, "max": 28.8717975616, "mean": 2.45660018921, "median": 1.16005277634, "min": -1.59203743935, "var": 14.6537656784}, "erbbands_skewness": {"dmean": 0.197808712721, "dmean2": 0.277792394161, "dvar": 0.0663323625922, "dvar2": 0.127934813499, "max": 4.41024398804, "mean": 0.736291408539, "median": 0.737791895866, "min": -2.9508805275, "var": 0.87429702282}, "erbbands_spread": {"dmean": 1.17856550217, "dmean2": 1.71262681484, "dvar": 5.48352813721, "dvar2": 11.4972667694, "max": 124.549461365, "mean": 10.0462827682, "median": 7.37844848633, "min": 1.21708488464, "var": 141.411270142}, "hfc": {"dmean": 1.57729208469, "dmean2": 1.86800014973, "dvar": 24.7030029297, "dvar2": 36.9485397339, "max": 142.284133911, "mean": 8.22581386566, "median": 4.75010681152, "min": 1.13141843594e-16, "var": 151.249343872}, "melbands_crest": {"dmean": 1.73051285744, "dmean2": 2.7434823513, "dvar": 3.47268509865, "dvar2": 9.20041561127, "max": 28.1329021454, "mean": 15.5195302963, "median": 15.2833986282, "min": 1.93571472168, "var": 16.3395843506}, "melbands_flatness_db": {"dmean": 0.0147624332458, "dmean2": 0.0238827243447, "dvar": 0.000309222348733, "dvar2": 0.000689818523824, "max": 0.686843335629, "mean": 0.531754314899, "median": 0.546007931232, "min": 0.00651789130643, "var": 0.0090887285769}, "melbands_kurtosis": {"dmean": 1.53247499466, "dmean2": 2.2444870472, "dvar": 6.50218915939, "dvar2": 12.7646522522, "max": 65.4042663574, "mean": 6.1201543808, "median": 3.48614311218, "min": -1.68890559673, "var": 64.0904312134}, "melbands_skewness": {"dmean": 0.27411365509, "dmean2": 0.404652416706, "dvar": 0.108967624605, "dvar2": 0.219735756516, "max": 7.17662572861, "mean": 1.48990345001, "median": 1.32449293137, "min": -1.49026560783, "var": 1.42756223679}, "melbands_spread": {"dmean": 1.07150733471, "dmean2": 1.67634832859, "dvar": 15.7311563492, "dvar2": 41.0731697083, "max": 166.905639648, "mean": 7.13593196869, "median": 4.01415491104, "min": 0.803397655487, "var": 263.118927002}, "pitch_salience": {"dmean": 0.0388868525624, "dmean2": 0.0627237707376, "dvar": 0.00198351149447, "dvar2": 0.00533348694444, "max": 0.866508245468, "mean": 0.503647446632, "median": 0.500915169716, "min": 0.180130153894, "var": 0.0100804734975}, "silence_rate_20dB": {"dmean": 0, "dmean2": 0, "dvar": 0, "dvar2": 0, "max": 1, "mean": 1, "median": 1, "min": 1, "var": 0}, "silence_rate_30dB": {"dmean": 0.00612870277837, "dmean2": 0.0122636687011, "dvar": 0.00609100889415, "dvar2": 0.0131353326142, "max": 1, "mean": 0.987238407135, "median": 1, "min": 0, "var": 0.0125984791666}, "silence_rate_60dB": {"dmean": 0.00306435138918, "dmean2": 0.00613183435053, "dvar": 0.00305499648675, "dvar2": 0.00609419867396, "max": 1, "mean": 0.135783568025, "median": 0, "min": 0, "var": 0.117346130311}, "spectral_centroid": {"dmean": 31.0466346741, "dmean2": 44.6946868896, "dvar": 30635.9121094, "dvar2": 38274.8789062, "max": 10759.8808594, "mean": 472.466033936, "median": 384.888275146, "min": 206.299240112, "var": 265218.3125}, "spectral_complexity": {"dmean": 0.777323782444, "dmean2": 1.29177308083, "dvar": 0.977995276451, "dvar2": 1.97670030594, "max": 17, "mean": 7.30321598053, "median": 8, "min": 0, "var": 10.471575737}, "spectral_decrease": {"dmean": 8.53027148917e-10, "dmean2": 1.15927034638e-09, "dvar": 2.86540720183e-18, "dvar2": 4.61671833742e-18, "max": -1.53919370228e-28, "mean": -4.81548623199e-09, "median": -3.51801410226e-09, "min": -4.0761275244e-08, "var": 2.57376436959e-17}, "spectral_energy": {"dmean": 0.00335654686205, "dmean2": 0.00453668367118, "dvar": 4.61481868115e-05, "dvar2": 7.35943976906e-05, "max": 0.162758305669, "mean": 0.018920822069, "median": 0.013729467988, "min": 1.08432376157e-20, "var": 0.000407745043049}, "spectral_energyband_high": {"dmean": 8.55870609939e-08, "dmean2": 1.06830121638e-07, "dvar": 9.49776932449e-13, "dvar2": 1.46702669544e-12, "max": 3.49413858203e-05, "mean": 1.2983971942e-07, "median": 3.28004681194e-08, "min": 8.01202536896e-21, "var": 1.59408315541e-12}, "spectral_energyband_low": {"dmean": 0.000639114296064, "dmean2": 0.00108767009806, "dvar": 2.87688067147e-06, "dvar2": 9.56225539994e-06, "max": 0.0266103707254, "mean": 0.00151442934293, "median": 0.000300637184409, "min": 1.34827397998e-22, "var": 8.75283058122e-06}, "spectral_energyband_middle_high": {"dmean": 0.000703589932527, "dmean2": 0.000794136722106, "dvar": 1.84181481018e-05, "dvar2": 3.12554147968e-05, "max": 0.130762517452, "mean": 0.00223825615831, "median": 0.000415848102421, "min": 1.56933257133e-21, "var": 7.25146310288e-05}, "spectral_energyband_middle_low": {"dmean": 0.00257463427261, "dmean2": 0.00355392624624, "dvar": 2.41145262407e-05, "dvar2": 4.24993086199e-05, "max": 0.157980501652, "mean": 0.0159431006759, "median": 0.0123906591907, "min": 3.77011772735e-22, "var": 0.000249473087024}, "spectral_entropy": {"dmean": 0.100188434124, "dmean2": 0.156188309193, "dvar": 0.0240389257669, "dvar2": 0.051404453814, "max": 9.78158092499, "mean": 5.13759613037, "median": 5.0119562149, "min": 4.1350569725, "var": 0.491732895374}, "spectral_flux": {"dmean": 0.0117972204462, "dmean2": 0.0193023812026, "dvar": 0.000439878465841, "dvar2": 0.00107616733294, "max": 0.303252488375, "mean": 0.0262534413487, "median": 0.0181194283068, "min": 1.04130870593e-10, "var": 0.000751897925511}, "spectral_kurtosis": {"dmean": 37.3880805969, "dmean2": 65.4781494141, "dvar": 1268.390625, "dvar2": 3564.32641602, "max": 401.223358154, "mean": 188.22227478, "median": 197.144012451, "min": -1.19829857349, "var": 5685.52050781}, "spectral_rms": {"dmean": 0.000337819656124, "dmean2": 0.000463270582259, "dvar": 2.74197731187e-07, "dvar2": 4.67468083798e-07, "max": 0.0126011343673, "mean": 0.00377255328931, "median": 0.00365986372344, "min": 3.25250178353e-12, "var": 4.22718267146e-06}, "spectral_rolloff": {"dmean": 60.9482421875, "dmean2": 106.697433472, "dvar": 183319.390625, "dvar2": 385920.84375, "max": 18217.0898438, "mean": 916.055297852, "median": 516.796875, "min": 193.798828125, "var": 6078126}, "spectral_skewness": {"dmean": 1.36607980728, "dmean2": 2.37984037399, "dvar": 1.91415512562, "dvar2": 5.31074857712, "max": 16.9645900726, "mean": 10.5792694092, "median": 11.2995252609, "min": 0.0165334586054, "var": 9.00101566315}, "spectral_spread": {"dmean": 300447.09375, "dmean2": 514939.8125, "dvar": 556958220288, "dvar2": 681552904192, "max": 40198508, "mean": 1123916.125, "median": 680102.8125, "min": 230040.171875, "var": 3873916846080.0}, "spectral_strongpeak": {"dmean": 0.24512052536, "dmean2": 0.380845844746, "dvar": 0.399453639984, "dvar2": 0.78361928463, "max": 13.1133050919, "mean": 1.23682355881, "median": 0.84633743763, "min": 8.85977458065e-10, "var": 1.79918050766}, "zerocrossingrate": {"dmean": 0.00241596973501, "dmean2": 0.00297110527754, "dvar": 0.00010265995661, "dvar2": 0.000117606723506, "max": 0.48779296875, "mean": 0.0299010574818, "median": 0.01806640625, "min": 0.0068359375, "var": 0.00398658262566}, "barkbands": {"dmean": [2.4884099048e-07, 4.75318593089e-05, 0.000409628846683, 0.000538138439879, 0.000904680346139, 0.000649693887681, 0.000556645332836, 0.000766614743043, 0.00013260578271, 0.00025384419132, 0.000327085115714, 6.22766310698e-05, 0.000123098900076, 1.13158248496e-05, 6.48693094263e-06, 2.3936343041e-06, 1.17313686587e-06, 2.4995097192e-07, 2.13416029737e-07, 8.31910540455e-08, 4.77519357389e-09, 2.14214312955e-09, 1.00650121571e-09, 9.56795198626e-10, 1.05137676343e-09, 1.17899179308e-09, 1.36651923111e-09], "dmean2": [4.25889311373e-07, 8.16075262264e-05, 0.000738861272112, 0.000838171283249, 0.00133576139342, 0.000981163932011, 0.000747712969314, 0.000946634623688, 0.000166450365214, 0.000306854286464, 0.000385539344279, 7.89569094195e-05, 0.00013463383948, 1.47611481225e-05, 8.5693291112e-06, 3.4000083815e-06, 1.5518538703e-06, 3.25269411405e-07, 2.34599937698e-07, 1.06885011064e-07, 7.58667173528e-09, 3.35390049067e-09, 1.76245307237e-09, 1.67940705786e-09, 1.83592041569e-09, 2.05774530748e-09, 2.35184272057e-09], "dvar": [1.63580236054e-13, 2.56073793281e-08, 1.57022657277e-06, 9.93317371467e-07, 2.9710470244e-06, 2.07916241379e-06, 2.97583142128e-06, 8.36399885884e-06, 6.48110415113e-07, 6.11324412603e-06, 1.04685450424e-05, 1.86185587836e-07, 2.14800797949e-06, 1.61979674118e-09, 1.41999711989e-09, 1.64164334904e-10, 3.98025050419e-11, 5.30114580705e-12, 1.81077028372e-12, 9.9726802337e-13, 6.54787755507e-16, 8.26108057084e-17, 2.51403493969e-18, 1.28598316355e-18, 1.2366633467e-18, 1.33086629378e-18, 1.74656560042e-18], "dvar2": [4.0583140147e-13, 6.98791140508e-08, 5.26225903741e-06, 2.38502434513e-06, 6.67592394166e-06, 4.76079094369e-06, 5.74406158194e-06, 1.30033677124e-05, 1.15246746191e-06, 9.68965559878e-06, 1.93830801436e-05, 2.58274582166e-07, 3.45110493072e-06, 2.95356761271e-09, 2.55379961622e-09, 3.74421771365e-10, 7.42548800226e-11, 1.06473068209e-11, 1.85618209171e-12, 1.56657900627e-12, 1.76890559644e-15, 1.58827412637e-16, 7.2801778713e-18, 3.90040102006e-18, 3.78735934473e-18, 4.1074861e-18, 5.07886910874e-18], "max": [7.78304638516e-06, 0.00416327407584, 0.0197306089103, 0.0178124960512, 0.0315682515502, 0.0335846021771, 0.0423819161952, 0.112878106534, 0.0265976116061, 0.104092985392, 0.129532307386, 0.0188194345683, 0.068173378706, 0.000999557669275, 0.00129982247017, 0.000333623174811, 0.000165760429809, 7.5275915151e-05, 4.2892224883e-05, 3.48178546119e-05, 6.23831226676e-07, 2.07540068686e-07, 3.90051333454e-08, 1.75579994988e-08, 1.93468192577e-08, 2.06249630708e-08, 2.32082797424e-08], "mean": [2.77909038005e-07, 7.32634871383e-05, 0.000807413016446, 0.00163157214411, 0.00379378045909, 0.00385194877163, 0.00261660874821, 0.00338302645832, 0.000384842365747, 0.00100663816556, 0.000846811512019, 0.000174417960807, 0.000269181531621, 4.84783449792e-05, 2.25212188525e-05, 6.19781076239e-06, 2.71264548246e-06, 5.50170568658e-07, 4.90367199291e-07, 1.03923099459e-07, 8.83479867042e-09, 4.1617904678e-09, 2.84854739796e-09, 3.3927347598e-09, 4.61523219641e-09, 6.30609608976e-09, 7.99127342077e-09], "median": [1.35229186071e-07, 1.02410940599e-05, 4.20904616476e-05, 0.000438390823547, 0.00253224233165, 0.00140871189069, 0.000712609558832, 0.000436249072663, 5.8675523178e-05, 8.6168787675e-05, 9.02419924387e-05, 2.50768207479e-05, 1.46481179399e-05, 6.96281949786e-06, 2.30778982768e-06, 6.33306399322e-07, 1.6953462989e-07, 2.15155306904e-08, 8.45504377622e-09, 6.02245675552e-09, 2.89252755081e-09, 2.33727748267e-09, 2.52747645035e-09, 3.13904213733e-09, 4.41318315225e-09, 6.13776141023e-09, 7.8468813669e-09], "min": [6.66526186197e-23, 3.88606702755e-23, 4.40825634366e-23, 2.37096846675e-23, 6.99334658809e-23, 4.54960096967e-23, 2.51462051091e-23, 3.56868935272e-23, 1.59435327024e-22, 6.20524677587e-23, 3.34004653904e-23, 6.94453439963e-23, 3.58563629377e-23, 6.5700804295e-23, 1.42919406947e-22, 2.33143385052e-22, 3.05549557528e-22, 2.11145071009e-22, 2.4824362166e-22, 4.14407061303e-22, 7.59508766711e-22, 5.3921502966e-22, 6.92344164742e-22, 7.01822814457e-22, 1.19510069394e-21, 1.72776704212e-21, 2.34701533014e-21], "var": [2.06153643418e-13, 7.66884795667e-08, 4.91199170938e-06, 7.46140403862e-06, 1.67154958035e-05, 2.79108462564e-05, 2.72788292932e-05, 7.24658966647e-05, 2.18490754378e-06, 3.32709496433e-05, 3.14692879329e-05, 7.29394628252e-07, 6.15434055362e-06, 1.53054369179e-08, 6.83011203151e-09, 3.85476511822e-10, 9.9191446723e-11, 1.15775973877e-11, 9.13482223891e-12, 1.66123332538e-12, 7.46511788695e-16, 1.44672525942e-16, 2.4229172729e-18, 1.39877523713e-18, 1.41661421422e-18, 1.59409398305e-18, 2.15034182232e-18]}, "erbbands": {"dmean": [0.000449807732366, 0.0195662882179, 0.331486940384, 1.16466927528, 2.48894453049, 3.47463154793, 3.83967900276, 5.95625209808, 7.22352695465, 18.1314697266, 7.82679891586, 3.81602525711, 5.09430837631, 8.73136138916, 11.8853645325, 3.54581570625, 6.24139165878, 1.026679039, 0.379602730274, 0.274615168571, 0.0923059210181, 0.0441768169403, 0.0223777946085, 0.0165777411312, 0.00356532540172, 0.0044830343686, 0.00129295501392, 0.000154431952978, 8.67001508595e-05, 4.14145106333e-05, 2.87522689177e-05, 2.22595863306e-05, 1.67696398421e-05, 1.2920610061e-05, 9.02392730495e-06, 5.65881282455e-06, 3.00295369016e-06, 1.01961234122e-06, 1.63931395036e-06, 3.76854268325e-06], "dmean2": [0.000763168500271, 0.0339135043323, 0.595029771328, 1.86724293232, 3.73458480835, 4.98273515701, 5.8735408783, 9.27661895752, 10.1310739517, 23.0396194458, 9.73064994812, 4.8172249794, 6.43371868134, 10.1793870926, 14.0283584595, 4.01838684082, 6.82914209366, 1.17424595356, 0.468862324953, 0.370411008596, 0.12756344676, 0.0577412396669, 0.0285580456257, 0.0180718041956, 0.00479605747387, 0.00562182161957, 0.00172015093267, 0.000224048199016, 0.000134378846269, 7.01520766597e-05, 4.96225584357e-05, 3.83205406251e-05, 2.87323418888e-05, 2.19750545511e-05, 1.5142063603e-05, 9.3825001386e-06, 4.89884132548e-06, 1.7077385337e-06, 2.23013398681e-06, 5.06322612637e-06], "dvar": [9.00115480817e-07, 0.00402059452608, 1.02527248859, 6.06529760361, 23.1959667206, 64.4187545776, 47.5429039001, 197.246520996, 469.556732178, 3923.43139648, 1208.81494141, 531.274536133, 1923.4107666, 7072.78222656, 11994.9179688, 530.536376953, 5679.63623047, 48.4866256714, 2.43607401848, 2.36141467094, 0.179602608085, 0.0651946663857, 0.0364832915366, 0.0105530489236, 0.000510516285431, 0.0033913620282, 0.000349621142959, 6.39834865979e-07, 1.59813922096e-07, 1.16028866515e-08, 1.59641477815e-09, 6.5986943687e-10, 3.58232082887e-10, 1.88483825769e-10, 8.56571688579e-11, 3.39931520432e-11, 9.79978424798e-12, 1.06775927076e-12, 1.14200541385e-11, 6.08917985478e-11], "dvar2": [2.51228561865e-06, 0.012190352194, 3.44438719749, 18.5004444122, 55.6798782349, 132.496780396, 111.248718262, 477.032806396, 1032.76635742, 6788.14404297, 2024.49975586, 959.870910645, 3624.36035156, 10485.8662109, 22974.1289062, 694.735656738, 9289.42578125, 53.9817314148, 3.67221260071, 4.8219408989, 0.401490718126, 0.132359445095, 0.0641804561019, 0.0119875455275, 0.00105881539639, 0.0048526218161, 0.000629531394225, 1.18495995594e-06, 3.08922807335e-07, 2.94439566062e-08, 4.53332882344e-09, 1.95929761304e-09, 1.04057162886e-09, 5.42720202112e-10, 2.30552549274e-10, 8.45371134206e-11, 2.30897939657e-11, 2.67780068952e-12, 1.75878010072e-11, 9.60662452365e-11], "max": [0.0200707502663, 1.43859291077, 14.5830879211, 36.5130577087, 75.2670211792, 184.724807739, 183.464263916, 301.548828125, 698.825805664, 2052.96386719, 1106.92565918, 737.377929688, 1595.76489258, 4009.73144531, 4301.84033203, 971.804199219, 3559.74194336, 301.196746826, 50.1567764282, 41.8055076599, 12.6616630554, 6.56165456772, 6.03545379639, 3.13239455223, 0.586240828037, 2.45859289169, 0.786010503769, 0.0272363591939, 0.0111714443192, 0.00316023896448, 0.00087674043607, 0.000437940325355, 0.000332421419444, 0.000264083297225, 0.000183927200851, 0.000128342813696, 7.37638620194e-05, 2.33526589e-05, 8.59606370796e-05, 0.000191307874047], "mean": [0.000766884360928, 0.0335506796837, 0.650684416294, 3.37461733818, 8.33267307281, 13.8846340179, 21.6979808807, 33.1176223755, 35.135925293, 77.5947723389, 34.4327888489, 12.2318782806, 20.9967918396, 29.9183387756, 31.3128414154, 10.4114694595, 13.8403921127, 3.4592192173, 1.74291527271, 0.73587679863, 0.296072870493, 0.101185321808, 0.0418133996427, 0.0428815446794, 0.00673870928586, 0.00582197587937, 0.00164672906976, 0.000295175734209, 0.000171043269802, 0.000106862025859, 9.11645329325e-05, 8.03019211162e-05, 6.95865455782e-05, 5.87239919696e-05, 4.60556038888e-05, 3.17360318149e-05, 1.76283938345e-05, 5.80830192121e-06, 1.0174639101e-05, 2.12960767385e-05], "median": [0.000307768030325, 0.0052624871023, 0.073279723525, 0.960659205914, 2.7512409687, 7.98500442505, 15.0865421295, 10.5730733871, 10.7195396423, 20.3386077881, 7.21360492706, 2.59909296036, 3.33210873604, 2.6450779438, 4.00479269028, 1.6818972826, 1.40355038643, 0.526921987534, 0.345432192087, 0.0963703915477, 0.0482777804136, 0.01088819094, 0.00268361507915, 0.000954906339757, 0.000578789331485, 0.000287197792204, 0.000167035250342, 0.000109977838292, 9.1236193839e-05, 8.44015085022e-05, 7.99013287178e-05, 7.24040000932e-05, 6.30800495856e-05, 5.37952655577e-05, 4.22803896072e-05, 2.87818584184e-05, 1.57802842295e-05, 5.40988548892e-06, 7.59684417062e-06, 1.52725151565e-05], "min": [1.60628518902e-21, 7.88851292478e-21, 4.39620419996e-20, 8.37206041577e-20, 1.13005615426e-19, 2.94200588431e-19, 2.71771198381e-19, 4.29809405234e-19, 4.47900879206e-19, 4.10263747744e-19, 9.28642586489e-19, 4.00519156878e-18, 2.14935520264e-18, 1.974564081e-18, 1.84142605268e-18, 2.71362659046e-18, 1.72727130244e-18, 2.49856852339e-18, 5.87799010055e-18, 1.15020853839e-17, 1.0886048413e-17, 1.94244722207e-17, 9.74935005008e-18, 1.28538912379e-17, 1.52977161212e-17, 1.6906071215e-17, 2.32478681024e-17, 3.42518617174e-17, 2.16309368e-17, 1.94116757366e-17, 1.9676512499e-17, 1.3381327239e-17, 1.25523839046e-17, 1.06849128296e-17, 1.01121862083e-17, 7.54691466753e-18, 2.74658953108e-18, 1.36497984262e-18, 2.91700900319e-19, 3.46516072174e-20], "var": [2.26613087762e-06, 0.0100972121581, 2.75484037399, 26.0447597504, 149.85144043, 296.87612915, 563.629272461, 2151.33032227, 4565.50537109, 30750.7773438, 8491.96582031, 1787.14245605, 8578.54199219, 37769.6796875, 34073.8203125, 2091.03491211, 15785.6142578, 239.298171997, 19.2559509277, 7.06427383423, 0.536869227886, 0.126713901758, 0.0627369582653, 0.0533715635538, 0.000918993493542, 0.00617102673277, 0.00047814953723, 1.16715796139e-06, 2.71070661029e-07, 1.28960433443e-08, 2.29507612914e-09, 1.16536980066e-09, 7.64192376046e-10, 4.97345886696e-10, 3.07520453546e-10, 1.65344515857e-10, 5.65626608051e-11, 3.82344026231e-12, 9.7966856849e-11, 5.27116406079e-10]}, "gfcc": {"mean": [-258.840362549, 228.426147461, -72.5780563354, -76.8769073486, -46.7047271729, -20.5334186554, -44.3171234131, -25.8843078613, -19.8060379028, -10.9462985992, -8.05658435822, -10.7297906876, -7.29072904587], "cov": [[10050.0195312, 5070.171875, -2191.04858398, -2129.37353516, 853.009399414, -482.694915771, -67.0125656128, -395.653045654, 8.94381809235, -471.220458984, 217.438034058, -288.309295654, 318.782958984], [5070.171875, 3308.53857422, -371.393188477, -1102.46826172, 307.570037842, -84.7340393066, -5.73004198074, -277.60949707, 5.02010297775, -278.660339355, 37.0975494385, -200.060302734, 116.423301697], [-2191.04858398, -371.393188477, 1551.42797852, 672.878051758, -342.817596436, 300.347229004, 151.530593872, 57.0500259399, -37.8318824768, 25.0620517731, -176.465759277, -43.9743423462, -178.539199829], [-2129.37353516, -1102.46826172, 672.878051758, 777.476318359, -105.011680603, 128.363143921, 153.205749512, 172.80847168, -57.7675476074, 51.3688354492, -103.540641785, -2.79413747787, -151.835006714], [853.009399414, 307.570037842, -342.817596436, -105.011680603, 288.355834961, 17.6826953888, 4.84948778152, -37.140007019, -19.7636833191, -91.2479476929, -11.4231138229, -39.5715522766, 45.6707839966], [-482.694915771, -84.7340393066, 300.347229004, 128.363143921, 17.6826953888, 186.888381958, 55.0771141052, -45.1338157654, -38.1528625488, -13.0223350525, -68.0332183838, -28.3390960693, -27.4148750305], [-67.0125656128, -5.73004198074, 151.530593872, 153.205749512, 4.84948778152, 55.0771141052, 183.483123779, 86.7502212524, -63.0838165283, -45.1500816345, -20.8765144348, -57.2692451477, -86.2987823486], [-395.653045654, -277.60949707, 57.0500259399, 172.80847168, -37.140007019, -45.1338157654, 86.7502212524, 176.180374146, 28.6579532623, -3.03747081757, 1.4709353447, 0.480299919844, -73.4173660278], [8.94381809235, 5.02010297775, -37.8318824768, -57.7675476074, -19.7636833191, -38.1528625488, -63.0838165283, 28.6579532623, 128.603530884, 78.8565292358, 8.61725902557, 13.8505430222, 48.7526092529], [-471.220458984, -278.660339355, 25.0620517731, 51.3688354492, -91.2479476929, -13.0223350525, -45.1500816345, -3.03747081757, 78.8565292358, 165.399642944, 39.6121444702, 22.4694156647, 32.1797523499], [217.438034058, 37.0975494385, -176.465759277, -103.540641785, -11.4231138229, -68.0332183838, -20.8765144348, 1.4709353447, 8.61725902557, 39.6121444702, 108.208717346, 68.2365493774, 32.3234863281], [-288.309295654, -200.060302734, -43.9743423462, -2.79413747787, -39.5715522766, -28.3390960693, -57.2692451477, 0.480299919844, 13.8505430222, 22.4694156647, 68.2365493774, 143.398803711, 76.73021698], [318.782958984, 116.423301697, -178.539199829, -151.835006714, 45.6707839966, -27.4148750305, -86.2987823486, -73.4173660278, 48.7526092529, 32.1797523499, 32.3234863281, 76.73021698, 169.532974243]], "icov": [[0.00285481964238, -0.00422869576141, 0.00398423569277, -0.00285063683987, 0.00139704812318, 0.00128909107298, -0.00220891553909, 0.00311542768031, -0.00318292877637, 0.00355330761522, -0.00204900396056, 0.00204647798091, -0.00105915544555], [-0.00422869576141, 0.00856142491102, -0.009277401492, 0.00974789913744, -0.00727032870054, 0.00365495798178, -0.000845115748234, -0.00248193903826, 0.00488447071984, -0.00677029369399, 0.00501723913476, -0.00416938727722, 0.0028876401484], [0.00398423569277, -0.009277401492, 0.0154179148376, -0.0183958094567, 0.0182851590216, -0.0128419306129, 0.0026907864958, 0.00701903179288, -0.0146143985912, 0.0189880076796, -0.0141685055569, 0.0112473461777, -0.00574300345033], [-0.00285063683987, 0.00974789913744, -0.0183958094567, 0.0305414330214, -0.0275533292443, 0.020208157599, -0.00896327197552, -0.0111213168129, 0.0239327438176, -0.0325691439211, 0.0303752012551, -0.0221383720636, 0.0114859035239], [0.00139704812318, -0.00727032870054, 0.0182851590216, -0.0275533292443, 0.0354325510561, -0.0270036570728, 0.0113001596183, 0.0059319594875, -0.0219444073737, 0.0354275628924, -0.0312016867101, 0.0260622836649, -0.0149063495919], [0.00128909107298, 0.00365495798178, -0.0128419306129, 0.020208157599, -0.0270036570728, 0.0389319844544, -0.023203054443, 0.0129655851051, 0.00715811084956, -0.0225837510079, 0.0301283560693, -0.0241249874234, 0.0144171221182], [-0.00220891553909, -0.000845115748234, 0.0026907864958, -0.00896327197552, 0.0113001596183, -0.023203054443, 0.0331787280738, -0.025405921042, 0.0144699662924, 0.00466671446338, -0.0177705362439, 0.0195908024907, -0.0118946954608], [0.00311542768031, -0.00248193903826, 0.00701903179288, -0.0111213168129, 0.0059319594875, 0.0129655851051, -0.025405921042, 0.0452822111547, -0.0384477376938, 0.0240648128092, -0.00831403303891, -0.00267315655947, 0.00973727367818], [-0.00318292877637, 0.00488447071984, -0.0146143985912, 0.0239327438176, -0.0219444073737, 0.00715811084956, 0.0144699662924, -0.0384477376938, 0.0570994988084, -0.0470738336444, 0.0318158119917, -0.015594127588, -3.382221621e-05], [0.00355330761522, -0.00677029369399, 0.0189880076796, -0.0325691439211, 0.0354275628924, -0.0225837510079, 0.00466671446338, 0.0240648128092, -0.0470738336444, 0.0651504769921, -0.0549081228673, 0.0401549711823, -0.0181381013244], [-0.00204900396056, 0.00501723913476, -0.0141685055569, 0.0303752012551, -0.0312016867101, 0.0301283560693, -0.0177705362439, -0.00831403303891, 0.0318158119917, -0.0549081228673, 0.0737916454673, -0.0533932261169, 0.0246910452843], [0.00204647798091, -0.00416938727722, 0.0112473461777, -0.0221383720636, 0.0260622836649, -0.0241249874234, 0.0195908024907, -0.00267315655947, -0.015594127588, 0.0401549711823, -0.0533932261169, 0.0545315593481, -0.0287130214274], [-0.00105915544555, 0.0028876401484, -0.00574300345033, 0.0114859035239, -0.0149063495919, 0.0144171221182, -0.0118946954608, 0.00973727367818, -3.382221621e-05, -0.0181381013244, 0.0246910452843, -0.0287130214274, 0.0263952370733]]}, "melbands": {"dmean": [7.85286192695e-06, 0.000123831210658, 0.000248391675996, 0.000193482177565, 0.00014826253755, 0.00013192978804, 0.000106913284981, 0.000204235373531, 5.14878884132e-05, 2.08643705264e-05, 2.58915824816e-05, 3.4904183849e-05, 4.92880280945e-05, 8.7022799562e-06, 1.19075057228e-05, 1.01623882074e-05, 1.26027589431e-06, 6.44768022084e-07, 4.9479996278e-07, 2.67789175723e-07, 8.84447146632e-08, 5.14724796119e-08, 3.71470108007e-08, 1.2046028175e-08, 1.56051740419e-08, 2.35878450106e-09, 1.51825596539e-09, 3.56462348527e-09, 1.19700227508e-09, 1.17084827944e-10, 6.84961878883e-11, 5.75838231265e-11, 3.08926287329e-11, 2.13084341838e-11, 1.7862404264e-11, 1.58614388984e-11, 1.40492530804e-11, 1.27622990301e-11, 1.16870298161e-11, 1.16105952977e-11], "dmean2": [1.33327503136e-05, 0.000222788454266, 0.000396574410843, 0.000280856271274, 0.000221562673687, 0.000200802562176, 0.000147914062836, 0.000256497005466, 6.49964713375e-05, 2.62285466306e-05, 3.31213777827e-05, 4.09875392506e-05, 5.91047100897e-05, 9.6994026535e-06, 1.35067730298e-05, 1.10720602606e-05, 1.63755203175e-06, 7.90427350239e-07, 6.52303242532e-07, 3.71658103404e-07, 1.21913913631e-07, 6.85209471385e-08, 4.91403326919e-08, 1.60916169278e-08, 1.67671956319e-08, 3.56199314488e-09, 2.21602114436e-09, 4.41674430363e-09, 1.5775966089e-09, 1.80298276309e-10, 1.05691309871e-10, 8.79310652069e-11, 5.25757527792e-11, 3.70241823311e-11, 3.08995051768e-11, 2.75896545193e-11, 2.44619220713e-11, 2.21223594998e-11, 2.01380943171e-11, 2.02590565851e-11], "dvar": [5.40540057159e-10, 1.44702696048e-07, 2.05243068763e-07, 1.25892867686e-07, 8.28567223721e-08, 9.48046547933e-08, 9.78087513204e-08, 5.16864417932e-07, 6.3110967119e-08, 1.68519402877e-08, 5.24283905179e-08, 1.30664631115e-07, 2.53796173411e-07, 2.39176012329e-09, 1.50489203321e-08, 1.29017907469e-08, 2.96869404059e-11, 6.17705756337e-12, 1.16941638664e-11, 2.25887364369e-12, 1.46549425698e-13, 8.37626070393e-14, 1.46081470488e-13, 1.4037624619e-14, 1.05702020758e-14, 2.52768078109e-16, 1.62892800207e-16, 2.16156751854e-15, 4.46535070425e-16, 2.72315483224e-19, 8.87628645273e-20, 7.5230060459e-20, 1.23383948457e-20, 2.00964135665e-21, 6.02637881339e-22, 3.06861187089e-22, 2.25192676869e-22, 1.77045832629e-22, 1.45265012273e-22, 1.26682743629e-22], "dvar2": [1.45337264446e-09, 4.83066230572e-07, 5.62748255106e-07, 2.69869360636e-07, 1.91129771565e-07, 2.18825164211e-07, 2.08808373259e-07, 8.63263380779e-07, 1.09410827065e-07, 3.01042142326e-08, 9.72230722596e-08, 1.92315965819e-07, 4.81205290725e-07, 2.99037083984e-09, 2.50560336923e-08, 1.89163742448e-08, 4.69974059669e-11, 8.79138862403e-12, 2.07063255431e-11, 5.00840558262e-12, 3.21153477076e-13, 1.73558758511e-13, 2.28288037345e-13, 2.96697243868e-14, 1.09423239783e-14, 5.77653653077e-16, 3.01064202695e-16, 3.1510593373e-15, 8.20370414718e-16, 6.4112210189e-19, 2.10357070404e-19, 1.41196783732e-19, 2.80741804103e-20, 5.73045000152e-21, 1.75538085936e-21, 9.29450105406e-22, 6.84871973274e-22, 5.36247347556e-22, 4.45458115902e-22, 3.88675882701e-22], "max": [0.000610687944572, 0.00558186555281, 0.00639277696609, 0.00708379410207, 0.00651042442769, 0.00728848669678, 0.00904915016145, 0.0259638708085, 0.00834718719125, 0.00399781484157, 0.00792989693582, 0.0176335498691, 0.0199962127954, 0.00193902931642, 0.00578465079889, 0.00479351077229, 0.000173652821104, 0.000100290300907, 0.000122487079352, 4.50808511232e-05, 9.96601283987e-06, 6.63384798827e-06, 1.60014424182e-05, 3.66893095816e-06, 3.27495945385e-06, 3.87578808159e-07, 3.82224584428e-07, 1.91967342289e-06, 9.14871520763e-07, 1.0589457311e-08, 6.78962264189e-09, 7.04153846343e-09, 3.02351166326e-09, 1.28588117931e-09, 5.75407055337e-10, 2.68636946021e-10, 2.28195087826e-10, 2.02417901884e-10, 1.7808184094e-10, 1.8569112914e-10], "mean": [1.19693568195e-05, 0.000237783722696, 0.000759256596211, 0.000765352975577, 0.000813128310256, 0.000754689681344, 0.000513358158059, 0.00088004412828, 0.000218445071368, 6.36854456388e-05, 0.000107042877062, 0.000123527483083, 0.000126919825561, 2.59948574239e-05, 2.79980176856e-05, 2.25859621423e-05, 5.20499679624e-06, 2.98750933325e-06, 1.70897635599e-06, 5.80082371471e-07, 2.91021706289e-07, 1.1970242042e-07, 5.69438149967e-08, 2.97738864674e-08, 3.94474355403e-08, 3.69030472847e-09, 2.27909557893e-09, 4.36434000051e-09, 1.31535959902e-09, 2.26223151323e-10, 1.17406195876e-10, 9.97821270055e-11, 6.18980075529e-11, 4.99691434064e-11, 4.64686344959e-11, 4.43218968471e-11, 4.15511236529e-11, 4.02965438795e-11, 3.99415882313e-11, 3.96339037978e-11], "median": [2.34475078287e-06, 1.48257386172e-05, 0.000285015586996, 0.000456239562482, 0.000578323670197, 0.000255050894339, 0.000144006276969, 0.00020429144206, 4.52652893728e-05, 1.0465084415e-05, 1.39474168463e-05, 7.85552947491e-06, 1.36696944537e-05, 4.28137400377e-06, 4.52513040727e-06, 1.13317526029e-06, 7.03441457972e-07, 5.3383729437e-07, 1.31783480128e-07, 5.08145525657e-08, 4.05275280002e-08, 7.69722419136e-09, 1.75160475013e-09, 8.81067219183e-10, 5.18821208217e-10, 2.3531709914e-10, 2.52077136942e-10, 1.26836624537e-10, 8.91689500016e-11, 7.08620662149e-11, 5.32706830036e-11, 4.78090310396e-11, 4.50046805378e-11, 4.24655206832e-11, 4.14758435929e-11, 4.05498863654e-11, 3.83684056748e-11, 3.73791865516e-11, 3.76606142105e-11, 3.75073062886e-11], "min": [1.61369576099e-23, 1.89924242498e-23, 1.37228744237e-23, 1.53803768929e-23, 1.13334526071e-23, 9.21727406424e-24, 6.12050039546e-24, 5.76025404688e-24, 7.51666350198e-24, 2.75316999761e-23, 1.03820122024e-23, 8.16494466073e-24, 5.53647629618e-24, 7.22077992023e-24, 5.295735275e-24, 3.77917897813e-24, 4.53952137834e-24, 8.987334521e-24, 1.1170071625e-23, 1.95973117478e-23, 9.50237155083e-24, 2.05139002777e-23, 1.04333362818e-23, 1.04415104585e-23, 1.00033392464e-23, 1.05452535561e-23, 1.22160790972e-23, 1.11340632801e-23, 1.4267456661e-23, 1.8879607674e-23, 1.88906832811e-23, 1.19682087456e-23, 1.02129419555e-23, 1.08090857193e-23, 1.26440085281e-23, 7.34483381961e-24, 9.02014166833e-24, 8.72049679778e-24, 8.62213294265e-24, 9.18757581774e-24], "var": [1.61435109725e-09, 4.07170915651e-07, 1.18651632874e-06, 7.9275190501e-07, 7.25831284853e-07, 1.11892200039e-06, 9.46433999616e-07, 4.24281961386e-06, 4.04826806744e-07, 5.99514748956e-08, 2.46466356657e-07, 7.2232853654e-07, 7.33218087134e-07, 1.06986526305e-08, 4.07109084222e-08, 4.23587955822e-08, 2.30798186118e-10, 5.60336464728e-11, 5.73075198407e-11, 4.91230276942e-12, 5.03352080069e-13, 1.88494361721e-13, 2.6164270403e-13, 3.62517565337e-14, 5.44608981393e-14, 3.57092308722e-16, 2.60231179528e-16, 3.85426884297e-15, 5.92377838558e-16, 4.59385765023e-19, 1.22932907225e-19, 1.40925817458e-19, 1.29262876167e-20, 1.71569860623e-21, 6.40670014161e-22, 3.55864923599e-22, 2.62152918115e-22, 2.15378489902e-22, 1.74209783011e-22, 1.54046384678e-22]}, "mfcc": {"mean": [-882.399475098, 241.711105347, 40.9817314148, -33.2144966125, -12.2601327896, -4.73641824722, -18.1811294556, -21.7307090759, -16.2665290833, -13.5368700027, -11.8798027039, -5.84822559357, -0.763232350349], "cov": [[5355.42675781, 3949.05126953, -1073.71325684, -1411.75891113, -14.0935020447, 35.1413650513, -264.21005249, -210.384918213, -117.347915649, -117.717300415, -212.859802246, -255.566421509, -163.991714478], [3949.05126953, 3239.48510742, -296.792938232, -961.481628418, -92.6233444214, 89.7550430298, -139.529525757, -166.117858887, -98.4463272095, -100.805755615, -172.992431641, -200.094284058, -137.41293335], [-1073.71325684, -296.792938232, 1058.96472168, 559.772338867, -108.42414856, 42.9189491272, 194.899856567, 99.6450271606, 18.0319633484, 6.98855924606, 40.0446968079, 54.1344108582, 17.3704109192], [-1411.75891113, -961.481628418, 559.772338867, 674.746582031, 57.0158576965, -55.6421127319, 162.359191895, 180.727111816, 68.039894104, 42.0208587646, 84.0715789795, 91.6079559326, 53.2934684753], [-14.0935020447, -92.6233444214, -108.42414856, 57.0158576965, 148.264602661, 60.277633667, -16.0826015472, 11.4491300583, 48.3620414734, 26.9480991364, -6.61917543411, -11.0093574524, -11.6349773407], [35.1413650513, 89.7550430298, 42.9189491272, -55.6421127319, 60.277633667, 177.499664307, 61.9506530762, -32.8415222168, 11.0973806381, 13.0523843765, -28.6489429474, -34.1276664734, -51.1244926453], [-264.21005249, -139.529525757, 194.899856567, 162.359191895, -16.0826015472, 61.9506530762, 215.968643188, 149.035873413, 6.38152074814, -13.0114774704, 20.834104538, 9.72541236877, -24.9125328064], [-210.384918213, -166.117858887, 99.6450271606, 180.727111816, 11.4491300583, -32.8415222168, 149.035873413, 196.985412598, 49.7415504456, -18.2582454681, 15.0592098236, 18.0521659851, 7.93501377106], [-117.347915649, -98.4463272095, 18.0319633484, 68.039894104, 48.3620414734, 11.0973806381, 6.38152074814, 49.7415504456, 84.4902877808, 55.0921325684, 0.849489212036, -15.4808397293, -0.219269767404], [-117.717300415, -100.805755615, 6.98855924606, 42.0208587646, 26.9480991364, 13.0523843765, -13.0114774704, -18.2582454681, 55.0921325684, 122.214889526, 70.2101364136, -23.0491828918, -29.4085674286], [-212.859802246, -172.992431641, 40.0446968079, 84.0715789795, -6.61917543411, -28.6489429474, 20.834104538, 15.0592098236, 0.849489212036, 70.2101364136, 116.774887085, 51.1870155334, -15.650188446], [-255.566421509, -200.094284058, 54.1344108582, 91.6079559326, -11.0093574524, -34.1276664734, 9.72541236877, 18.0521659851, -15.4808397293, -23.0491828918, 51.1870155334, 123.961380005, 72.5240631104], [-163.991714478, -137.41293335, 17.3704109192, 53.2934684753, -11.6349773407, -51.1244926453, -24.9125328064, 7.93501377106, -0.219269767404, -29.4085674286, -15.650188446, 72.5240631104, 144.608612061]], "icov": [[-400.765167236, 553.734802246, -516.144348145, 458.10043335, -385.81237793, 306.806488037, -228.700088501, 157.951278687, -99.7403106689, 55.9969215393, -26.9053955078, 10.1268186569, -2.52403068542], [553.734802246, -765.041992188, 712.966796875, -632.575866699, 532.499450684, -423.182800293, 315.191314697, -217.472366333, 137.168029785, -76.9044494629, 36.8934440613, -13.8629026413, 3.44775104523], [-516.144348145, 712.966796875, -664.035339355, 588.557312012, -494.709442139, 392.369506836, -291.497283936, 200.502960205, -126.004600525, 70.3358840942, -33.5704231262, 12.5455112457, -3.0965514183], [458.10043335, -632.575866699, 588.557312012, -520.736938477, 436.585449219, -345.071136475, 255.208328247, -174.577819824, 108.988754272, -60.3482551575, 28.5287685394, -10.5502710342, 2.56535816193], [-385.81237793, 532.499450684, -494.709442139, 436.585449219, -364.645904541, 286.729766846, -210.618896484, 142.847213745, -88.2541046143, 48.2220153809, -22.4303131104, 8.14036655426, -1.92569983006], [306.806488037, -423.182800293, 392.369506836, -345.071136475, 286.729766846, -223.829269409, 162.818084717, -109.04183197, 66.2953643799, -35.4737586975, 16.0648136139, -5.64090394974, 1.26940488815], [-228.700088501, 315.191314697, -291.497283936, 255.208328247, -210.618896484, 162.818084717, -116.819534302, 76.8083648682, -45.559337616, 23.5500679016, -10.1627988815, 3.34094715118, -0.664770245552], [157.951278687, -217.472366333, 200.502960205, -174.577819824, 142.847213745, -109.04183197, 76.8083648682, -49.1889686584, 28.0957489014, -13.7035722733, 5.39371204376, -1.52271306515, 0.202958926558], [-99.7403106689, 137.168029785, -126.004600525, 108.988754272, -88.2541046143, 66.2953643799, -45.559337616, 28.0957489014, -15.0873937607, 6.60645294189, -2.08365893364, 0.315404117107, 0.0862858742476], [55.9969215393, -76.9044494629, 70.3358840942, -60.3482551575, 48.2220153809, -35.4737586975, 23.5500679016, -13.7035722733, 6.60645294189, -2.2270424366, 0.193608850241, 0.312741279602, -0.21446210146], [-26.9053955078, 36.8934440613, -33.5704231262, 28.5287685394, -22.4303131104, 16.0648136139, -10.1627988815, 5.39371204376, -2.08365893364, 0.193608850241, 0.506144404411, -0.454643845558, 0.211531415582], [10.1268186569, -13.8629026413, 12.5455112457, -10.5502710342, 8.14036655426, -5.64090394974, 3.34094715118, -1.52271306515, 0.315404117107, 0.312741279602, -0.454643845558, 0.320173352957, -0.133589267731], [-2.52403068542, 3.44775104523, -3.0965514183, 2.56535816193, -1.92569983006, 1.26940488815, -0.664770245552, 0.202958926558, 0.0862858742476, -0.21446210146, 0.211531415582, -0.133589267731, 0.0618805028498]]}, "spectral_contrast_coeffs": {"dmean": [0.0379821620882, 0.0280514340848, 0.023812783882, 0.0234318487346, 0.014553793706, 0.0159483067691], "dmean2": [0.0624244436622, 0.045713044703, 0.0372695028782, 0.035692833364, 0.0227380637079, 0.0278025865555], "dvar": [0.000973505375441, 0.00101271935273, 0.000821338035166, 0.000784572097473, 0.000246886367677, 0.0002481060219], "dvar2": [0.00259111588821, 0.00230704317801, 0.00179085938726, 0.00178642349783, 0.000448175735073, 0.000695090333465], "max": [-0.247476652265, -0.350649237633, -0.405990928411, -0.422918915749, -0.626825273037, -0.747334957123], "mean": [-0.497237801552, -0.591273367405, -0.672861218452, -0.687820374966, -0.800280213356, -0.892743468285], "median": [-0.479679763317, -0.584075212479, -0.664733946323, -0.670932114124, -0.79816287756, -0.893007576466], "min": [-0.942420184612, -0.948323488235, -0.963199257851, -0.961460351944, -0.960490822792, -0.95643901825], "var": [0.0122364619747, 0.0105293504894, 0.0077029443346, 0.00883442815393, 0.00481507787481, 0.000398454110837]}, "spectral_contrast_valleys": {"dmean": [0.455015867949, 0.267637610435, 0.273268699646, 0.305700242519, 0.208558231592, 0.343332141638], "dmean2": [0.734805464745, 0.419958353043, 0.42768830061, 0.472393810749, 0.338042736053, 0.603047609329], "dvar": [0.214817896485, 0.179661870003, 0.206408664584, 0.266010344028, 0.166041791439, 0.180373743176], "dvar2": [0.415033906698, 0.257741600275, 0.300778031349, 0.454854696989, 0.241466879845, 0.376568734646], "max": [-6.30408811569, -5.37636756897, -6.02085256577, -7.37687397003, -8.83785247803, -12.3743343353], "mean": [-9.20332622528, -7.73092603683, -9.26465797424, -