{"lowlevel": {"average_loudness": 0.87639516592, "barkbands_crest": {"dmean": 2.22655463219, "dmean2": 3.36634969711, "dvar": 5.40939712524, "dvar2": 12.2360830307, "max": 25.9963226318, "mean": 14.0895318985, "median": 13.5777263641, "min": 2.94817709923, "var": 24.4266815186}, "barkbands_flatness_db": {"dmean": 0.0317740626633, "dmean2": 0.0431834049523, "dvar": 0.00137683807407, "dvar2": 0.00242244405672, "max": 0.513156652451, "mean": 0.248688489199, "median": 0.236108005047, "min": 0.0263776183128, "var": 0.00673590460792}, "barkbands_kurtosis": {"dmean": 10.3494215012, "dmean2": 15.3539180756, "dvar": 420.867645264, "dvar2": 820.117614746, "max": 564.733032227, "mean": 22.2033958435, "median": 9.55261135101, "min": -1.98077142239, "var": 1261.39208984}, "barkbands_skewness": {"dmean": 0.880688905716, "dmean2": 1.23267626762, "dvar": 1.35869383812, "dvar2": 2.50719714165, "max": 18.8497066498, "mean": 3.15100336075, "median": 2.8641834259, "min": -10.7971153259, "var": 6.17071723938}, "barkbands_spread": {"dmean": 4.71763944626, "dmean2": 7.22947359085, "dvar": 90.8537368774, "dvar2": 207.167877197, "max": 121.505271912, "mean": 12.1475811005, "median": 8.20931434631, "min": 0.171356931329, "var": 196.722915649}, "dissonance": {"dmean": 0.0279727987945, "dmean2": 0.0461513847113, "dvar": 0.000741058087442, "dvar2": 0.00191973382607, "max": 0.499999850988, "mean": 0.422590315342, "median": 0.43089440465, "min": 0.11159349978, "var": 0.00256624887697}, "dynamic_complexity": 4.63343477249, "erbbands_crest": {"dmean": 2.66002368927, "dmean2": 4.07232999802, "dvar": 7.54527235031, "dvar2": 16.8414802551, "max": 31.9872207642, "mean": 13.0654230118, "median": 12.2861661911, "min": 2.45300626755, "var": 29.837266922}, "erbbands_flatness_db": {"dmean": 0.0264410320669, "dmean2": 0.0360228307545, "dvar": 0.001056461595, "dvar2": 0.0019672838971, "max": 0.477491229773, "mean": 0.247956961393, "median": 0.237365424633, "min": 0.0603793002665, "var": 0.00471531180665}, "erbbands_kurtosis": {"dmean": 3.85734653473, "dmean2": 5.5989151001, "dvar": 69.9757919312, "dvar2": 128.115921021, "max": 212.974182129, "mean": 6.40256166458, "median": 1.59098005295, "min": -1.95443356037, "var": 205.049041748}, "erbbands_skewness": {"dmean": 0.612715005875, "dmean2": 0.843941390514, "dvar": 0.67722684145, "dvar2": 1.1320707798, "max": 11.9070634842, "mean": 1.47197282314, "median": 1.18620669842, "min": -7.18867301941, "var": 3.16836810112}, "erbbands_spread": {"dmean": 8.85536956787, "dmean2": 13.4637231827, "dvar": 216.747238159, "dvar2": 504.13482666, "max": 152.828552246, "mean": 29.2082424164, "median": 24.1417331696, "min": 0.884200513363, "var": 482.275695801}, "hfc": {"dmean": 6.0758523941, "dmean2": 7.89877700806, "dvar": 270.281158447, "dvar2": 495.546600342, "max": 441.770843506, "mean": 15.3482761383, "median": 6.23308038712, "min": 1.07589661739e-16, "var": 726.689575195}, "melbands_crest": {"dmean": 2.57051205635, "dmean2": 3.87218928337, "dvar": 7.45796489716, "dvar2": 16.9205284119, "max": 33.0252037048, "mean": 17.657371521, "median": 17.4081935883, "min": 1.58061945438, "var": 40.5195655823}, "melbands_flatness_db": {"dmean": 0.0311597455293, "dmean2": 0.0418101251125, "dvar": 0.00148567510769, "dvar2": 0.00259864632972, "max": 0.603052258492, "mean": 0.284902840853, "median": 0.273190438747, "min": 0.00323016452603, "var": 0.00882490258664}, "melbands_kurtosis": {"dmean": 15.2044591904, "dmean2": 22.6778411865, "dvar": 772.14654541, "dvar2": 1656.91943359, "max": 510.414916992, "mean": 34.905632019, "median": 21.0987968445, "min": -1.96067118645, "var": 1919.23242188}, "melbands_skewness": {"dmean": 0.91873896122, "dmean2": 1.32310366631, "dvar": 1.36642432213, "dvar2": 2.8896510601, "max": 17.3407497406, "mean": 3.89925312996, "median": 3.72961711884, "min": -7.55471944809, "var": 5.33450460434}, "melbands_spread": {"dmean": 7.02047681808, "dmean2": 10.1414852142, "dvar": 427.414642334, "dvar2": 794.812683105, "max": 262.191375732, "mean": 17.6561355591, "median": 7.86282682419, "min": 0.323430329561, "var": 1209.69604492}, "pitch_salience": {"dmean": 0.0655775815248, "dmean2": 0.0981605276465, "dvar": 0.00470573036, "dvar2": 0.0103741120547, "max": 0.94981110096, "mean": 0.497141391039, "median": 0.504406690598, "min": 0.0568977110088, "var": 0.0211608633399}, "silence_rate_20dB": {"dmean": 0, "dmean2": 0, "dvar": 0, "dvar2": 0, "max": 1, "mean": 1, "median": 1, "min": 1, "var": 0}, "silence_rate_30dB": {"dmean": 0.00206849002279, "dmean2": 0.00413745548576, "dvar": 0.00206407136284, "dvar2": 0.00480950577185, "max": 1, "mean": 0.998276472092, "median": 1, "min": 0, "var": 0.00172049412504}, "silence_rate_60dB": {"dmean": 0.0668811798096, "dmean2": 0.133777722716, "dvar": 0.0624124184251, "dvar2": 0.129210144281, "max": 1, "mean": 0.185453295708, "median": 0, "min": 0, "var": 0.151052445173}, "spectral_centroid": {"dmean": 197.39894104, "dmean2": 275.879364014, "dvar": 210940.765625, "dvar2": 353084.6875, "max": 11804.21875, "mean": 939.538208008, "median": 588.55279541, "min": 224.651306152, "var": 1832465.125}, "spectral_complexity": {"dmean": 1.90002298355, "dmean2": 2.7226755619, "dvar": 7.00220251083, "dvar2": 11.627371788, "max": 40, "mean": 8.69700145721, "median": 7, "min": 0, "var": 40.4242668152}, "spectral_decrease": {"dmean": 1.27567845176e-09, "dmean2": 1.60953073092e-09, "dvar": 4.27355625645e-18, "dvar2": 7.58896439396e-18, "max": 1.0160255425e-20, "mean": -4.19546575259e-09, "median": -2.74296874103e-09, "min": -4.17876826475e-08, "var": 1.87360627364e-17}, "spectral_energy": {"dmean": 0.00524835009128, "dmean2": 0.00665515428409, "dvar": 6.79781442159e-05, "dvar2": 0.000121155797387, "max": 0.164147078991, "mean": 0.0172267630696, "median": 0.0117561640218, "min": 1.01076777573e-20, "var": 0.000305093446514}, "spectral_energyband_high": {"dmean": 0.000448490900453, "dmean2": 0.000633135496173, "dvar": 3.9062219912e-06, "dvar2": 7.19580521036e-06, "max": 0.053243458271, "mean": 0.000696064613294, "median": 7.19725212548e-05, "min": 7.05602026173e-21, "var": 8.62532760948e-06}, "spectral_energyband_low": {"dmean": 7.64455544413e-05, "dmean2": 0.000121478267829, "dvar": 5.17258484933e-08, "dvar2": 1.23431917132e-07, "max": 0.00596453575417, "mean": 0.000145760495798, "median": 3.38029781233e-06, "min": 1.3344199101e-23, "var": 2.39424593929e-07}, "spectral_energyband_middle_high": {"dmean": 0.00104884186294, "dmean2": 0.00118148862384, "dvar": 7.4490139923e-06, "dvar2": 9.55287123361e-06, "max": 0.120104424655, "mean": 0.00308592664078, "median": 0.00046601734357, "min": 1.23351269168e-21, "var": 4.61366653326e-05}, "spectral_energyband_middle_low": {"dmean": 0.00445611495525, "dmean2": 0.00577958812937, "dvar": 5.6060787756e-05, "dvar2": 0.000106870582385, "max": 0.158876359463, "mean": 0.0134764490649, "median": 0.00940412003547, "min": 1.46957642718e-22, "var": 0.000192435094505}, "spectral_entropy": {"dmean": 0.290514647961, "dmean2": 0.399877667427, "dvar": 0.146672621369, "dvar2": 0.255888521671, "max": 9.82239532471, "mean": 6.7298822403, "median": 6.83281564713, "min": 3.79816484451, "var": 0.829693078995}, "spectral_flux": {"dmean": 0.0210052877665, "dmean2": 0.0328956581652, "dvar": 0.000662685022689, "dvar2": 0.00158394698519, "max": 0.351802885532, "mean": 0.0507844053209, "median": 0.0394525639713, "min": 6.4050702242e-11, "var": 0.00178618438076}, "spectral_kurtosis": {"dmean": 4.11047410965, "dmean2": 6.28648042679, "dvar": 38.6487960815, "dvar2": 86.3987808228, "max": 115.337333679, "mean": 10.3532047272, "median": 6.58055973053, "min": -1.57209348679, "var": 165.17628479}, "spectral_rms": {"dmean": 0.000599239545409, "dmean2": 0.00073678890476, "dvar": 5.84787869684e-07, "dvar2": 9.64083596955e-07, "max": 0.0126547813416, "mean": 0.00357730407268, "median": 0.00338665442541, "min": 3.14024652635e-12, "var": 4.00947783419e-06}, "spectral_rolloff": {"dmean": 410.994781494, "dmean2": 691.113891602, "dvar": 1605344, "dvar2": 3078022.5, "max": 19961.2792969, "mean": 1456.06774902, "median": 495.263671875, "min": 129.19921875, "var": 7667362.5}, "spectral_skewness": {"dmean": 0.423510730267, "dmean2": 0.612627029419, "dvar": 0.267406731844, "dvar2": 0.525602459908, "max": 8.95678520203, "mean": 2.33680176735, "median": 2.20459985733, "min": -1.13687837124, "var": 1.46001422405}, "spectral_spread": {"dmean": 860308.8125, "dmean2": 1233547.625, "dvar": 1411626827780.0, "dvar2": 2740647624700.0, "max": 42862976, "mean": 5029646, "median": 4322546, "min": 793748.8125, "var": 19861877030900.0}, "spectral_strongpeak": {"dmean": 0.451764136553, "dmean2": 0.728923082352, "dvar": 0.981042444706, "dvar2": 2.51651859283, "max": 38.6543617249, "mean": 1.03484427929, "median": 0.709611356258, "min": 0, "var": 1.40104699135}, "zerocrossingrate": {"dmean": 0.0120272506028, "dmean2": 0.0132226515561, "dvar": 0.000542155175935, "dvar2": 0.000488621066324, "max": 0.53076171875, "mean": 0.0553268156946, "median": 0.03564453125, "min": 0.0078125, "var": 0.00578292598948}, "barkbands": {"dmean": [6.24463552867e-07, 9.41054258874e-06, 3.13325399475e-05, 0.00011324249499, 0.00106383103412, 0.00297450972721, 0.000840834516566, 0.000265719107119, 0.000434398069046, 0.000217538690777, 0.000368853885448, 0.000248899363214, 0.000148525417899, 0.000192088788026, 0.000173518375959, 0.000114592970931, 7.37964801374e-05, 8.74700272107e-05, 4.7401394113e-05, 3.04446439259e-05, 2.78395855275e-05, 4.64560907858e-05, 0.000126935425214, 0.00017937119992, 0.000108521606307, 8.02310387371e-06, 2.83082584929e-07], "dmean2": [1.02719036477e-06, 1.61357656907e-05, 5.59354630241e-05, 0.0001494637836, 0.001513932948, 0.00408505927771, 0.0011478215456, 0.000400445307605, 0.000602016283665, 0.00030975532718, 0.000493142579217, 0.000348066183506, 0.000210097132367, 0.000259951455519, 0.000236194027821, 0.000163620599778, 0.000106800631329, 0.000121487006254, 6.90410015523e-05, 4.53419670521e-05, 4.23908459197e-05, 7.01857861714e-05, 0.000189903032151, 0.000264342001174, 0.000158341979841, 1.21329539979e-05, 4.96167899655e-07], "dvar": [1.0077977515e-11, 2.6136304232e-09, 1.19683942756e-08, 1.21353266991e-07, 3.70558768736e-06, 4.00543140131e-05, 3.64610423276e-06, 1.98991006073e-06, 1.51777726387e-06, 7.80124764788e-07, 3.68045630239e-06, 1.32327443225e-06, 2.12869124994e-07, 2.83010706426e-07, 2.46369523893e-07, 1.49231254909e-07, 5.80874797151e-08, 4.58776625578e-08, 1.56134269957e-08, 1.46352370223e-08, 2.9890738773e-08, 5.5986944858e-08, 5.72451142489e-07, 9.38172206588e-07, 2.76287209999e-07, 1.50534251731e-09, 2.1597656389e-12], "dvar2": [2.5251916877e-11, 7.16806658474e-09, 3.30094778178e-08, 1.98234175741e-07, 8.17264572106e-06, 8.29127748148e-05, 7.42643396734e-06, 4.90645970785e-06, 2.94326105177e-06, 1.51499568801e-06, 6.33573199593e-06, 2.67800464826e-06, 3.9613428271e-07, 5.0724366929e-07, 4.55905620811e-07, 3.05799602529e-07, 1.27549213857e-07, 8.18771042077e-08, 3.29155298573e-08, 3.18695541068e-08, 6.99186273323e-08, 1.26124817257e-07, 1.22477524656e-06, 1.92253469322e-06, 5.21882725479e-07, 2.91706392375e-09, 6.14629310988e-12], "max": [0.000135072536068, 0.00250771665014, 0.00193576328456, 0.0164727848023, 0.0389472618699, 0.14226052165, 0.0394518822432, 0.04094042629, 0.0287939161062, 0.0255900248885, 0.0880725309253, 0.0321109555662, 0.0176057703793, 0.0174334682524, 0.0153882540762, 0.0130563341081, 0.0082386052236, 0.00531036267057, 0.00304748141207, 0.00622565532103, 0.00604079337791, 0.00670398026705, 0.0270422082394, 0.0419793091714, 0.0162887182087, 0.00207288446836, 4.74380249216e-05], "mean": [5.48057016658e-07, 7.53118365537e-06, 2.73932164419e-05, 0.00038608192699, 0.00357824796811, 0.00616934429854, 0.00180522631854, 0.00044442169019, 0.000908511516172, 0.000382115598768, 0.000696587085258, 0.000482477829792, 0.000282905908534, 0.000376867421437, 0.000346271961462, 0.000179510519956, 0.000147261787788, 0.000189007914742, 8.97153222468e-05, 4.87830693601e-05, 3.34796823154e-05, 5.98489605181e-05, 0.000164873112226, 0.000248281430686, 0.000161021423992, 1.02124504338e-05, 2.34298738633e-07], "median": [3.88497909398e-08, 4.52050841204e-07, 6.90994795605e-07, 2.45310206992e-06, 0.00175775657408, 0.00303312717006, 0.000497044820804, 8.17861437099e-05, 0.000111452660349, 3.72806316591e-05, 2.11563037738e-05, 1.77292913577e-05, 4.01262768719e-05, 5.37277846888e-05, 2.59099797404e-05, 1.63870645338e-05, 1.87490095414e-05, 2.01410985028e-05, 1.32609266075e-05, 7.73867941462e-06, 3.61726529263e-06, 3.22167261402e-06, 6.95484141033e-06, 1.46114280142e-05, 1.19354099297e-05, 6.31613033875e-07, 1.49654422188e-08], "min": [1.84900676166e-26, 2.27118576639e-24, 9.3452367694e-25, 4.87527970948e-25, 4.64593832002e-24, 1.06261362536e-23, 1.35902195738e-23, 7.48666469948e-24, 1.45020244511e-23, 5.15477214212e-24, 1.21092223656e-23, 3.0331853267e-23, 2.44667671e-23, 2.89538899705e-23, 4.67168950098e-23, 5.30908185488e-23, 6.18215019075e-23, 6.37476414916e-23, 1.24009338198e-22, 1.82812456333e-22, 2.1331288602e-22, 3.42517296108e-22, 4.29156841721e-22, 6.12198673562e-22, 8.95425032573e-22, 1.34507584952e-21, 1.95985057677e-21], "var": [8.46285107964e-12, 1.75823711146e-09, 9.89318849065e-09, 1.29229658796e-06, 1.99261648959e-05, 8.88981448952e-05, 1.12689313028e-05, 2.24993641496e-06, 4.808031008e-06, 1.71495503309e-06, 9.61922887655e-06, 3.59430805474e-06, 6.66456230647e-07, 9.29851069031e-07, 9.29462203203e-07, 3.09861633241e-07, 1.82003191185e-07, 2.01112754894e-07, 4.4774278507e-08, 2.66777409053e-08, 3.67787151845e-08, 8.52254018469e-08, 9.16585690902e-07, 1.6215155938e-06, 6.12312248904e-07, 3.56470963858e-09, 1.35971095494e-12]}, "erbbands": {"dmean": [0.000270820921287, 0.00241499906406, 0.0256710089743, 0.196266829967, 1.13131964207, 4.25384998322, 10.3805341721, 30.563741684, 18.5974578857, 8.02277946472, 4.83467340469, 8.82586574554, 10.4477710724, 8.10628032684, 15.529384613, 8.08376216888, 6.84233093262, 9.92954349518, 8.69106960297, 7.41646337509, 5.18131113052, 4.13047027588, 4.34633731842, 3.12642860413, 2.15867161751, 1.51708602905, 0.96325391531, 1.27243316174, 1.67333853245, 2.19986200333, 3.827034235, 3.93206357956, 3.06032562256, 1.76902925968, 0.470876336098, 0.076136007905, 0.00791441462934, 0.00091226643417, 5.46856754227e-05, 8.91801937541e-06], "dmean2": [0.000467941979878, 0.00407270248979, 0.0446019805968, 0.274156630039, 1.49100148678, 6.19773626328, 14.5148601532, 43.1950950623, 25.252872467, 11.1728048325, 7.10836219788, 12.1547203064, 13.85597229, 10.2623548508, 20.1351585388, 11.2355175018, 9.31948947906, 13.4442672729, 11.2023038864, 9.947889328, 7.11000919342, 5.7897644043, 5.98818683624, 4.29779338837, 3.15597176552, 2.23805379868, 1.4551397562, 1.97410571575, 2.55069994926, 3.15604829788, 5.84741449356, 5.84685373306, 4.57179880142, 2.59582567215, 0.685316085815, 0.110767960548, 0.0124342134222, 0.0015088688815, 8.9213521278e-05, 1.17205017887e-05], "dvar": [3.55064753421e-06, 0.00010740817379, 0.00688966503367, 0.331440091133, 6.45495176315, 74.8483581543, 338.52935791, 5223.15576172, 1450.25537109, 959.327209473, 326.52130127, 801.985839844, 1417.3236084, 1691.41186523, 6345.18847656, 1239.2878418, 486.386108398, 832.964294434, 718.023010254, 564.54473877, 248.332687378, 213.325515747, 120.134750366, 63.5596199036, 42.8673782349, 39.7378082275, 34.9867362976, 56.5312347412, 75.757270813, 155.293777466, 538.883056641, 396.687683105, 336.35723877, 85.6490783691, 4.43680429459, 0.141224399209, 0.000944177270867, 1.41737364174e-05, 4.79079496074e-08, 3.3416377998e-10], "dvar2": [9.65743492998e-06, 0.000292770768283, 0.0186488963664, 0.62839448452, 10.2259883881, 167.806747437, 667.802429199, 11087.1035156, 2863.20263672, 2023.79406738, 785.703125, 1541.8314209, 2525.14550781, 3182.77636719, 10718.4902344, 2427.48144531, 911.128356934, 1588.77526855, 1242.70092773, 1038.72265625, 494.621490479, 466.819488525, 215.210525513, 119.430427551, 98.8199691772, 87.8321304321, 80.2020111084, 132.908309937, 176.435958862, 289.437652588, 1183.53369141, 847.966125488, 707.278442383, 171.748504639, 7.37023448944, 0.254479497671, 0.00207572709769, 3.84371560358e-05, 1.28799328536e-07, 6.16854956004e-10], "max": [0.0960846692324, 0.461915463209, 1.45106160641, 25.2845649719, 78.6491317749, 183.037994385, 316.622375488, 1817.35668945, 1043.84399414, 1060.90161133, 632.915283203, 716.067504883, 1104.02038574, 1756.20690918, 4421.22900391, 1061.35046387, 791.75213623, 1045.69580078, 964.182617188, 1032.06738281, 396.439910889, 552.815063477, 292.470031738, 200.850479126, 210.037200928, 382.363861084, 283.064910889, 250.67376709, 287.553894043, 507.098449707, 753.471496582, 761.963745117, 646.581665039, 282.222686768, 110.501686096, 18.1368103027, 1.10469853878, 0.102360889316, 0.00541303679347, 0.000431439548265], "mean": [0.000235228784732, 0.00224621267989, 0.0314332172275, 0.654492020607, 4.40250778198, 12.2906417847, 29.6001701355, 57.6424064636, 36.7174720764, 17.8594245911, 9.58320808411, 17.4709682465, 20.8565216064, 16.2589244843, 29.477766037, 16.6598968506, 13.9928684235, 20.082326889, 18.5560245514, 14.3892011642, 9.69655323029, 8.91297912598, 9.72623252869, 7.03444099426, 3.88342785835, 2.42239427567, 1.27873384953, 1.52519667149, 2.10082292557, 2.87131094933, 5.01111793518, 5.26301860809, 4.08551645279, 2.55131483078, 0.698931634426, 0.105576641858, 0.00985273998231, 0.000984889571555, 6.55631010886e-05, 2.54554761341e-05], "median": [3.60169360647e-05, 0.000315700774081, 0.00283197686076, 0.0295959338546, 0.557525038719, 4.50999832153, 18.0527477264, 24.3230743408, 13.8032894135, 2.98821306229, 2.50958156586, 2.95456027985, 2.15503740311, 0.918441295624, 1.02137708664, 1.01923382282, 2.23996090889, 2.98969125748, 1.55835056305, 1.29939651489, 1.04696643353, 1.04021728039, 1.14508986473, 0.858096241951, 0.645914852619, 0.445680975914, 0.214133515954, 0.113227576017, 0.116573490202, 0.118490882218, 0.222540602088, 0.323880314827, 0.212550476193, 0.15392883122, 0.0587372072041, 0.00728196604177, 0.00093029148411, 9.93144130916e-05, 1.37415490826e-05, 1.54072768055e-05], "min": [8.72376031535e-23, 2.29878939786e-22, 1.64149640573e-21, 3.46728667285e-21, 1.63783570743e-20, 1.63819259063e-20, 3.21313429873e-20, 8.19190694071e-20, 1.5630843002e-19, 1.73136049565e-19, 2.27252518759e-19, 4.61687550174e-19, 4.60470405601e-19, 6.88068996049e-19, 9.80885763014e-19, 1.52726978367e-18, 1.41030313634e-18, 1.91844814824e-18, 2.54573539589e-18, 3.5359522732e-18, 2.99219744612e-18, 3.69804699963e-18, 3.8229777419e-18, 5.05339856332e-18, 6.63342933858e-18, 7.84589579121e-18, 9.21588969251e-18, 9.96489511974e-18, 1.06293229837e-17, 1.26868677558e-17, 1.20776227649e-17, 1.07807681733e-17, 1.00485958716e-17, 8.29298773948e-18, 6.60324758598e-18, 4.12466664132e-18, 2.21048467709e-18, 9.73329364721e-19, 2.45787103046e-19, 2.64189613084e-20], "var": [2.37481503973e-06, 7.54919165047e-05, 0.0074247517623, 3.25118255615, 64.472984314, 331.041442871, 1133.86218262, 10860.6484375, 3784.11889648, 2658.90527344, 521.124694824, 1917.37719727, 3596.82836914, 3519.05664062, 14859.2695312, 3152.24609375, 1489.04187012, 2741.16699219, 2677.69433594, 1938.93579102, 666.35534668, 700.77557373, 514.669128418, 274.523712158, 87.6058731079, 66.9622344971, 45.322719574, 68.4754638672, 103.708786011, 320.500701904, 814.028686523, 697.493469238, 510.542694092, 160.89755249, 12.868894577, 0.392872959375, 0.00173633231316, 1.25008364193e-05, 4.41488907654e-08, 1.04291419945e-09]}, "gfcc": {"mean": [-127.677726746, 85.2967453003, -132.693161011, -8.1343793869, -94.2614517212, -18.2284889221, -80.9680175781, -11.4728422165, -32.9223594666, -8.94572162628, -0.360280126333, -4.5629067421, 1.71854364872], "cov": [[30136.4648438, -1386.22229004, -2702.10644531, 279.521179199, -1529.72814941, 684.938476562, -2094.06079102, 811.79296875, -1298.01501465, -106.496627808, -321.613464355, -410.170043945, -670.621459961], [-1386.22229004, 2123.87255859, -548.28527832, -441.059417725, 345.287872314, -524.981628418, 176.246780396, -323.212219238, 77.0383224487, -246.993499756, 134.773162842, -159.507232666, 124.560966492], [-2702.10644531, -548.28527832, 1416.84387207, 456.864990234, 31.940196991, 336.665802002, 102.700813293, 92.5824050903, 109.004211426, 80.4928741455, -101.893829346, 65.9095993042, -107.305458069], [279.521179199, -441.059417725, 456.864990234, 678.906005859, -27.868270874, 121.721931458, -88.0375137329, 30.3379116058, 114.572273254, 69.4244155884, -68.0567321777, 27.9843482971, -87.7367095947], [-1529.72814941, 345.287872314, 31.940196991, -27.868270874, 474.773895264, -31.0980854034, 125.936195374, 39.4714775085, -5.44541406631, -59.8157157898, -31.8246135712, -66.0714874268, -35.4191513062], [684.938476562, -524.981628418, 336.665802002, 121.721931458, -31.0980854034, 457.535552979, 9.10271644592, 153.099319458, -110.268684387, 32.7306861877, -94.2420730591, -1.55132293701, -106.3070755], [-2094.06079102, 176.246780396, 102.700813293, -88.0375137329, 125.936195374, 9.10271644592, 378.531005859, -73.4609832764, 64.7578887939, 41.735824585, 33.3365516663, 80.2139968872, 58.7663345337], [811.79296875, -323.212219238, 92.5824050903, 30.3379116058, 39.4714775085, 153.099319458, -73.4609832764, 291.225219727, -90.3834838867, -3.66396737099, -65.6105194092, -40.6013717651, -66.207359314], [-1298.01501465, 77.0383224487, 109.004211426, 114.572273254, -5.44541406631, -110.268684387, 64.7578887939, -90.3834838867, 269.761505127, 64.0025634766, 34.7795333862, 59.6573219299, 76.6977310181], [-106.496627808, -246.993499756, 80.4928741455, 69.4244155884, -59.8157157898, 32.7306861877, 41.735824585, -3.66396737099, 64.0025634766, 193.354156494, 43.5259895325, 72.9461975098, 25.9407539368], [-321.613464355, 134.773162842, -101.893829346, -68.0567321777, -31.8246135712, -94.2420730591, 33.3365516663, -65.6105194092, 34.7795333862, 43.5259895325, 167.104629517, 37.0641670227, 40.2469444275], [-410.170043945, -159.507232666, 65.9095993042, 27.9843482971, -66.0714874268, -1.55132293701, 80.2139968872, -40.6013717651, 59.6573219299, 72.9461975098, 37.0641670227, 162.531082153, 50.0293083191], [-670.621459961, 124.560966492, -107.305458069, -87.7367095947, -35.4191513062, -106.3070755, 58.7663345337, -66.207359314, 76.6977310181, 25.9407539368, 40.2469444275, 50.0293083191, 155.716995239]], "icov": [[0.000174787797732, -0.000210957849049, 0.000438656948972, -0.000276036298601, 0.000493134430144, -0.000331940682372, 0.000591240415815, -0.000314211967634, 0.000448321632575, -0.000347254041117, 0.000277354556601, -0.000280533917248, 0.000452557811514], [-0.000210957849049, 0.00150756083895, -0.000488563324325, 0.00068007822847, -0.00116760784294, 0.00110307557043, -0.00112486130092, 0.00125508476049, -0.000775209220592, 0.00148690387141, -0.000904452754185, 0.00148094503675, -0.000730226747692], [0.000438656948972, -0.000488563324325, 0.00227918359451, -0.00122028589249, 0.00118961103726, -0.00149514549412, 0.00108721037395, -0.000886161753442, 0.000528241682332, -0.000760554103181, 0.000862665066961, -0.000904681975953, 0.00155999488197], [-0.000276036298601, 0.00068007822847, -0.00122028589249, 0.0030581317842, -0.00105023849756, 0.000516803236678, -9.98728282866e-05, 0.000989106833003, -0.00208025658503, 0.000243661255809, 8.83882894414e-05, 0.000263437366812, 0.000598071317654], [0.000493134430144, -0.00116760784294, 0.00118961103726, -0.00105023849756, 0.00465600704774, -0.000506465963554, 0.000182444084203, -0.0020667607896, 0.00121805537492, -0.000919963174965, 0.00138030294329, 4.17941373598e-05, 0.0022346007172], [-0.000331940682372, 0.00110307557043, -0.00149514549412, 0.000516803236678, -0.000506465963554, 0.00531495269388, -0.00229805218987, -0.000174833810888, 0.000631422328297, 0.000312107993523, 0.000508854340296, 0.00108254863881, 0.000412838591728], [0.000591240415815, -0.00112486130092, 0.00108721037395, -9.98728282866e-05, 0.000182444084203, -0.00229805218987, 0.00661308225244, -0.000183739030035, 0.00105797429569, -0.001932414365, 0.000853163073771, -0.0032082949765, 0.00064887170447], [-0.000314211967634, 0.00125508476049, -0.000886161753442, 0.000989106833003, -0.0020667607896, -0.000174833810888, -0.000183739030035, 0.00617754878476, -0.000172373242094, 0.000612273463048, -4.41063384642e-05, 0.0014579371782, -0.000778204470407], [0.000448321632575, -0.000775209220592, 0.000528241682332, -0.00208025658503, 0.00121805537492, 0.000631422328297, 0.00105797429569, -0.000172373242094, 0.00780375348404, -0.0023379358463, 0.000829800963402, -0.00114686170127, -0.00132187141571], [-0.000347254041117, 0.00148690387141, -0.000760554103181, 0.000243661255809, -0.000919963174965, 0.000312107993523, -0.001932414365, 0.000612273463048, -0.0023379358463, 0.00902598723769, -0.00300521519966, -0.000458869122667, -0.00150623125955], [0.000277354556601, -0.000904452754185, 0.000862665066961, 8.83882894414e-05, 0.00138030294329, 0.000508854340296, 0.000853163073771, -4.41063384642e-05, 0.000829800963402, -0.00300521519966, 0.00887575466186, -0.00178473314736, 0.00125413539354], [-0.000280533917248, 0.00148094503675, -0.000904681975953, 0.000263437366812, 4.17941373598e-05, 0.00108254863881, -0.0032082949765, 0.0014579371782, -0.00114686170127, -0.000458869122667, -0.00178473314736, 0.0110729085281, -0.00274350401014], [0.000452557811514, -0.000730226747692, 0.00155999488197, 0.000598071317654, 0.0022346007172, 0.000412838591728, 0.00064887170447, -0.000778204470407, -0.00132187141571, -0.00150623125955, 0.00125413539354, -0.00274350401014, 0.0120406895876]]}, "melbands": {"dmean": [2.46984177465e-06, 9.66336392594e-06, 5.33362654096e-05, 0.000177947134944, 0.000334698881488, 0.0006497859722, 0.000261586072156, 8.01986316219e-05, 4.00896242354e-05, 6.0925638536e-05, 5.1734099543e-05, 3.20359322359e-05, 5.43941096112e-05, 3.21628613165e-05, 1.65515975823e-05, 1.62668147823e-05, 1.87909790839e-05, 1.47986884258e-05, 1.05098815766e-05, 8.33969079395e-06, 6.18557078269e-06, 4.39830046162e-06, 4.32252863902e-06, 4.25981397711e-06, 2.53534312833e-06, 1.7187579715e-06, 1.32234788452e-06, 9.64697733252e-07, 5.78380365823e-07, 6.46587125175e-07, 8.09880646102e-07, 9.51179288222e-07, 9.88767624222e-07, 1.42012356719e-06, 2.15458680941e-06, 2.74866170002e-06, 2.40007852881e-06, 2.26005795412e-06, 2.05833134714e-06, 1.43804868458e-06], "dmean2": [4.24003155786e-06, 1.69943214132e-05, 7.02284814906e-05, 0.000251322664553, 0.000469894206617, 0.000904054613784, 0.000358375546057, 0.000114045156806, 5.88010407228e-05, 8.375231846e-05, 6.88383734087e-05, 4.1770075768e-05, 7.23242264939e-05, 4.55667650385e-05, 2.30823170568e-05, 2.27164200624e-05, 2.59257212747e-05, 1.93405048776e-05, 1.41514174175e-05, 1.12728621389e-05, 8.91236777534e-06, 6.37382754576e-06, 6.14095279161e-06, 5.97554480919e-06, 3.58408624379e-06, 2.50955645242e-06, 1.98992961487e-06, 1.4510036408e-06, 8.88227987161e-07, 9.68780227595e-07, 1.26431723402e-06, 1.46893421515e-06, 1.50496941842e-06, 2.05555079447e-06, 3.34921173817e-06, 4.21755294155e-06, 3.63427170669e-06, 3.45611920238e-06, 3.09299684886e-06, 2.16420994548e-06], "dvar": [2.39460840046e-10, 9.76945302433e-10, 1.87018844855e-08, 1.19318329439e-07, 3.37225429803e-07, 2.1518851554e-06, 2.81299207927e-07, 1.19999668868e-07, 1.74820264931e-08, 3.53800473363e-08, 3.39452803644e-08, 2.64504560477e-08, 8.09566671478e-08, 2.66091237933e-08, 5.12667597263e-09, 2.20972196097e-09, 3.29701332902e-09, 2.2776562858e-09, 8.9492230293e-10, 8.05710498319e-10, 4.14048378916e-10, 2.35625102762e-10, 1.42167735917e-10, 1.31540514592e-10, 4.76999932608e-11, 2.16143127701e-11, 2.46728037306e-11, 2.07413426712e-11, 1.05513124279e-11, 1.97209262809e-11, 2.23763473028e-11, 2.58790974761e-11, 2.68683669064e-11, 7.96598204067e-11, 1.86290469162e-10, 2.41274361601e-10, 1.71682279504e-10, 2.18244908257e-10, 1.48107082154e-10, 6.26653867686e-11], "dvar2": [6.55368870284e-10, 2.63252530885e-09, 2.96568600788e-08, 2.4775678753e-07, 6.81737162722e-07, 4.52731728728e-06, 5.6627544609e-07, 2.65705693892e-07, 4.09063360962e-08, 6.86930263782e-08, 6.03492438245e-08, 4.96682019957e-08, 1.29612445221e-07, 5.72062042181e-08, 1.16351639434e-08, 3.97447363909e-09, 6.41868913576e-09, 4.21932000449e-09, 1.54295853871e-09, 1.41799094688e-09, 8.9439289308e-10, 5.10914477392e-10, 2.79768791467e-10, 2.38515124318e-10, 9.2370867899e-11, 4.8225552024e-11, 5.81974295144e-11, 4.83451022271e-11, 2.49515581807e-11, 4.54027128394e-11, 5.41733186088e-11, 6.22080720269e-11, 5.95672955406e-11, 1.55012669367e-10, 4.12909983982e-10, 5.60730462063e-10, 3.87068793684e-10, 4.95448071458e-10, 3.12818992931e-10, 1.34893624049e-10], "max": [0.000783006951679, 0.000541760702617, 0.00553155597299, 0.00886668544263, 0.0100779728964, 0.0349184237421, 0.0137854749337, 0.0118771512061, 0.00418104417622, 0.00517052179202, 0.0053412951529, 0.00682540936396, 0.014078002423, 0.00513836555183, 0.00337996101007, 0.00233743526042, 0.00202095019631, 0.00152119412087, 0.000983106554486, 0.00127504579723, 0.000537879765034, 0.000518812914379, 0.000328269408783, 0.000343174440786, 0.000186680961633, 0.00010972894961, 0.000193589075934, 0.000303480774164, 0.00014512767666, 0.000164989745826, 0.000178106463864, 0.000193992949789, 0.000145988436998, 0.000387571897591, 0.000466311408672, 0.000409608299378, 0.000656331132632, 0.000661554862745, 0.000490196398459, 0.0003317539813], "mean": [1.98116981664e-06, 8.29095552035e-06, 0.000202435927349, 0.000561348511837, 0.000989435822703, 0.00126777763944, 0.000518370361533, 0.000165591249242, 7.53873682697e-05, 0.00012257459457, 0.000101313351479, 5.80693740631e-05, 0.000107746156573, 6.1064507463e-05, 3.18234269798e-05, 3.17831108987e-05, 3.56843520422e-05, 2.95215340884e-05, 2.06086497201e-05, 1.49147144839e-05, 1.05533390524e-05, 9.15460168471e-06, 8.61886655912e-06, 9.13145686354e-06, 5.3500480135e-06, 2.97431984109e-06, 2.24275891014e-06, 1.39357632634e-06, 7.64575531775e-07, 7.18156570656e-07, 9.46900911458e-07, 1.16056253319e-06, 1.2138633565e-06, 1.77766571596e-06, 2.68957865046e-06, 3.55634961124e-06, 3.03602860185e-06, 2.82481914837e-06, 2.73990872302e-06, 1.98174916477e-06], "median": [1.21902985484e-07, 3.13327774393e-07, 2.73270302387e-06, 0.000186663077329, 0.000602879037615, 0.000559200241696, 0.000192535357201, 2.05299656955e-05, 1.56786682055e-05, 1.70893690665e-05, 9.77380113909e-06, 2.8719994134e-06, 3.49602100869e-06, 2.34245112551e-06, 2.6524196528e-06, 6.19443972028e-06, 4.66620167572e-06, 2.07387097362e-06, 1.68315546034e-06, 1.32824936827e-06, 1.06895527097e-06, 9.85141923593e-07, 1.04666014522e-06, 8.93017897852e-07, 5.78757408221e-07, 4.7618900112e-07, 3.22351468185e-07, 2.18964103738e-07, 1.31824378968e-07, 5.64874689246e-08, 5.39158300228e-08, 6.27943350651e-08, 4.36471587761e-08, 5.61705242319e-08, 9.24162364413e-08, 1.53642531586e-07, 1.80650701509e-07, 1.34974271759e-07, 1.1707842873e-07, 1.1813287415e-07], "min": [9.24255370359e-25, 6.01285608481e-25, 9.1448897653e-25, 1.08513438147e-24, 1.15612269243e-24, 1.64233947795e-24, 2.6479181246e-24, 1.75506109459e-24, 1.24796740105e-24, 2.1494240996e-24, 1.97081060787e-24, 2.67547559981e-24, 2.320989908e-24, 2.81296103939e-24, 2.03015799427e-24, 2.04494913625e-24, 3.0597019394e-24, 3.96697638852e-24, 4.06991050931e-24, 3.27893328749e-24, 3.20338210645e-24, 3.58718995532e-24, 3.55610765237e-24, 3.43105071635e-24, 3.53186911219e-24, 4.31443648511e-24, 3.84796725464e-24, 4.09915042762e-24, 5.08528217384e-24, 4.84083074539e-24, 5.38085100009e-24, 4.82132221521e-24, 6.42469423241e-24, 6.52656575756e-24, 6.26178420029e-24, 4.33296406676e-24, 5.32012922077e-24, 5.60385330052e-24, 6.40349793432e-24, 5.66453721452e-24], "var": [1.59625562768e-10, 7.81800124638e-10, 2.1278610518e-07, 7.20810021448e-07, 1.23372262806e-06, 4.59221246274e-06, 7.39285098916e-07, 2.60492981852e-07, 3.19981339203e-08, 9.1135397895e-08, 8.72544916319e-08, 5.1495259612e-08, 2.1317316623e-07, 6.67756197004e-08, 1.07368887114e-08, 6.83230449994e-09, 9.48999456796e-09, 7.40047845227e-09, 3.4559457518e-09, 2.35427344286e-09, 8.9187968122e-10, 8.87760143176e-10, 4.7958703675e-10, 5.05828934294e-10, 1.88121379585e-10, 4.43966634289e-11, 4.77507824947e-11, 2.8331953103e-11, 1.3263522225e-11, 2.4419377978e-11, 2.54328849647e-11, 3.21041422613e-11, 4.24940777011e-11, 1.52986762147e-10, 2.71003636199e-10, 3.5294961398e-10, 2.63507299314e-10, 2.92509100275e-10, 2.22191529065e-10, 1.05820172069e-10]}, "mfcc": {"mean": [-755.886474609, 114.069847107, -5.52176380157, -15.62936306, -6.47336530685, -35.5702896118, -29.8316249847, -28.914686203, -34.055519104, -17.4126605988, -16.5951023102, -11.5606431961, -11.1997404099], "cov": [[13631.8603516, -453.153289795, -833.404724121, -751.035766602, 393.295837402, -756.819824219, 126.488494873, -128.68572998, -472.271087646, -20.0521774292, -268.771759033, -247.761062622, -256.520843506], [-453.153289795, 2122.55786133, -779.300598145, -110.350059509, -83.6647033691, -260.871337891, -4.17343330383, -160.042495728, -177.178451538, -77.49584198, -84.0418930054, -88.4709091187, -86.2506561279], [-833.404724121, -779.300598145, 1389.47802734, 253.389282227, 136.493087769, 336.498748779, -30.5288982391, 131.062072754, 132.966064453, 19.8324127197, 91.0330047607, 114.339744568, 72.1708374023], [-751.035766602, -110.350059509, 253.389282227, 554.585693359, 100.532020569, 164.994659424, -110.448348999, 30.1979389191, 75.9943771362, 11.4572896957, 32.5325927734, 81.1103210449, 89.5281295776], [393.295837402, -83.6647033691, 136.493087769, 100.532020569, 401.688293457, -41.8678131104, 37.5926055908, 41.772731781, 35.0914382935, 37.3938064575, -31.7436904907, 5.82845830917, -22.6563777924], [-756.819824219, -260.871337891, 336.498748779, 164.994659424, -41.8678131104, 432.27053833, 34.3908309937, 89.7242431641, 91.9436035156, 33.3736190796, 81.4106369019, 45.0718841553, 53.2232551575], [126.488494873, -4.17343330383, -30.5288982391, -110.448348999, 37.5926055908, 34.3908309937, 351.780639648, 88.2342224121, 14.5844240189, 37.2055091858, 8.18484973907, -28.4299793243, -17.8268432617], [-128.68572998, -160.042495728, 131.062072754, 30.1979389191, 41.772731781, 89.7242431641, 88.2342224121, 196.436950684, 69.6893005371, 27.0506267548, 17.6837787628, 0.0943941995502, 12.0298261642], [-472.271087646, -177.178451538, 132.966064453, 75.9943771362, 35.0914382935, 91.9436035156, 14.5844240189, 69.6893005371, 210.341995239, 66.1860809326, 32.4383735657, 17.9929981232, 19.1475200653], [-20.0521774292, -77.49584198, 19.8324127197, 11.4572896957, 37.3938064575, 33.3736190796, 37.2055091858, 27.0506267548, 66.1860809326, 137.604171753, 32.9543800354, 8.50717926025, 11.2425661087], [-268.771759033, -84.0418930054, 91.0330047607, 32.5325927734, -31.7436904907, 81.4106369019, 8.18484973907, 17.6837787628, 32.4383735657, 32.9543800354, 123.800132751, 42.3649787903, 32.4998550415], [-247.761062622, -88.4709091187, 114.339744568, 81.1103210449, 5.82845830917, 45.0718841553, -28.4299793243, 0.0943941995502, 17.9929981232, 8.50717926025, 42.3649787903, 124.944541931, 55.7364845276], [-256.520843506, -86.2506561279, 72.1708374023, 89.5281295776, -22.6563777924, 53.2232551575, -17.8268432617, 12.0298261642, 19.1475200653, 11.2425661087, 32.4998550415, 55.7364845276, 135.661331177]], "icov": [[0.000101334582723, 7.00023883837e-05, 4.76965396956e-05, 8.09950215626e-05, -0.000119164164062, 7.70853730501e-05, 6.45155796519e-06, -9.560098988e-06, 0.000220377245569, -7.31897089281e-05, 5.82311622566e-05, 6.83835751261e-05, 4.17599039793e-05], [7.00023883837e-05, 0.00068489217665, 0.000328706548316, -9.46879226831e-05, -4.15937538492e-05, 0.000135163296363, -8.62273736857e-05, 0.000221716589294, 0.00036993942922, 9.87950115814e-05, 4.18886011175e-05, 0.000137699855259, 0.000237449334236], [4.76965396956e-05, 0.000328706548316, 0.00119944836479, -5.40763285244e-05, -0.000463823002065, -0.000592813245021, 0.000176027824637, -0.000238511434873, -3.77896412829e-06, 0.000365822459571, -0.000215192412725, -0.000458264286863, 0.000106205494376], [8.09950215626e-05, -9.46879226831e-05, -5.40763285244e-05, 0.00288475141861, -0.00100932910573, -0.000906316970941, 0.000963194528595, -0.000100399258372, -0.000312768330332, 0.000210285608773, 0.000249386241194, -0.000642063387204, -0.00122879398987], [-0.000119164164062, -4.15937538492e-05, -0.000463823002065, -0.00100932910573, 0.00344302156009, 0.000868018367328, -0.000558683124837, -0.000425227568485, -0.000324454158545, -0.000924977532122, 0.000959743454587, -0.000413777801441, 0.000922358362004], [7.70853730501e-05, 0.000135163296363, -0.000592813245021, -0.000906316970941, 0.000868018367328, 0.00391630968079, -0.000560309854336, -0.000765266187955, -0.000349537411239, -0.000190713399206, -0.00122497172561, 0.00028212388861, -9.39717028814e-06], [6.45155796519e-06, -8.62273736857e-05, 0.000176027824637, 0.000963194528595, -0.000558683124837, -0.000560309854336, 0.00377428112552, -0.00165030092467, 0.000331898074364, -0.000683113117702, -0.000222976319492, 0.000368692592019, -9.13832118385e-05], [-9.560098988e-06, 0.000221716589294, -0.000238511434873, -0.000100399258372, -0.000425227568485, -0.000765266187955, -0.00165030092467, 0.00718127237633, -0.00161837157793, 0.000263465452008, 2.1143212507e-05, 0.00072493776679, -0.000404737045756], [0.000220377245569, 0.00036993942922, -3.77896412829e-06, -0.000312768330332, -0.000324454158545, -0.000349537411239, 0.000331898074364, -0.00161837157793, 0.00726321013644, -0.00283216335811, -0.000117270319606, 0.000178602189408, 0.000294675672194], [-7.31897089281e-05, 9.87950115814e-05, 0.000365822459571, 0.000210285608773, -0.000924977532122, -0.000190713399206, -0.000683113117702, 0.000263465452008, -0.00283216335811, 0.00960720144212, -0.00225311168469, 0.00016165926354, -0.000524839269929], [5.82311622566e-05, 4.18886011175e-05, -0.000215192412725, 0.000249386241194, 0.000959743454587, -0.00122497172561, -0.000222976319492, 2.1143212507e-05, -0.000117270319606, -0.00225311168469, 0.0111409155652, -0.00280562741682, -0.000616684206761], [6.83835751261e-05, 0.000137699855259, -0.000458264286863, -0.000642063387204, -0.000413777801441, 0.00028212388861, 0.000368692592019, 0.00072493776679, 0.000178602189408, 0.00016165926354, -0.00280562741682, 0.0115074794739, -0.00340557727031], [4.17599039793e-05, 0.000237449334236, 0.000106205494376, -0.00122879398987, 0.000922358362004, -9.39717028814e-06, -9.13832118385e-05, -0.000404737045756, 0.000294675672194, -0.000524839269929, -0.000616684206761, -0.00340557727031, 0.010086084716]]}, "spectral_contrast_coeffs": {"dmean": [0.0511374212801, 0.0451690889895, 0.037300541997, 0.0339673161507, 0.0263122618198, 0.0180369634181], "dmean2": [0.0785026326776, 0.068931505084, 0.0566400848329, 0.0496940165758, 0.0378735102713, 0.0263968352228], "dvar": [0.00236271554604, 0.0018558773445, 0.00130216171965, 0.000904916261788, 0.000569880008698, 0.000281964981696], "dvar2": [0.0051555824466, 0.00417482713237, 0.0026563606225, 0.00168863951694, 0.00107164110523, 0.00055184395751], "max": [-0.19562189281, -0.302861899137, -0.411868333817, -0.480837196112, -0.571556687355, -0.652900278568], "mean": [-0.450861096382, -0.590229451656, -0.715213239193, -0.746215879917, -0.773997724056, -0.821831285954], "median": [-0.421743303537, -0.589275836945, -0.716903686523, -0.750708162785, -0.777864933014, -0.824234306812], "min": [-0.989780187607, -0.978166520596, -0.976254463196, -0.97180980444, -0.968943655491, -0.963446080685], "var": [0.0180930644274, 0.0099873021245, 0.00893944688141, 0.00611644843593, 0.00406984519213, 0.00150907749776]}, "spectral_contrast_valleys": {"dmean": [0.611478447914, 0.376260578632, 0.37166839838, 0.376938641071, 0.372087866068, 0.472433537245], "dmean2": [0.933319211006, 0.571898043156, 0.564925730228, 0.549863994122, 0.50011241436, 0.587080836296], "dvar": [0.278464108706, 0.144054740667, 0.145563155413, 0.166235908866, 0.195518821