{"lowlevel": {"average_loudness": 0.927939534187, "barkbands_crest": {"dmean": 2.13994264603, "dmean2": 3.49852538109, "dvar": 3.96031498909, "dvar2": 9.89117527008, "max": 24.7788162231, "mean": 10.5413017273, "median": 10.116938591, "min": 2.70304775238, "var": 11.9468164444}, "barkbands_flatness_db": {"dmean": 0.0302437543869, "dmean2": 0.041950982064, "dvar": 0.00116974324919, "dvar2": 0.00219279178418, "max": 0.4531237185, "mean": 0.211094260216, "median": 0.208908498287, "min": 0.0415770038962, "var": 0.00601123832166}, "barkbands_kurtosis": {"dmean": 3.60809707642, "dmean2": 5.81516170502, "dvar": 59.4287605286, "dvar2": 160.698455811, "max": 231.997573853, "mean": 7.11623048782, "median": 4.35130786896, "min": -1.75328159332, "var": 146.938140869}, "barkbands_skewness": {"dmean": 0.489163458347, "dmean2": 0.770027518272, "dvar": 0.293673217297, "dvar2": 0.700840890408, "max": 12.6576070786, "mean": 1.96198785305, "median": 1.93216586113, "min": -1.90661787987, "var": 1.23278784752}, "barkbands_spread": {"dmean": 3.81267786026, "dmean2": 5.69756746292, "dvar": 27.2996311188, "dvar2": 60.3602218628, "max": 85.8914871216, "mean": 12.6652441025, "median": 10.3820781708, "min": 0.5272128582, "var": 82.6415405273}, "dissonance": {"dmean": 0.0204350873828, "dmean2": 0.0342559963465, "dvar": 0.000334245327394, "dvar2": 0.000916355114896, "max": 0.500000119209, "mean": 0.461273789406, "median": 0.466478615999, "min": 0.326623141766, "var": 0.000695566472132}, "dynamic_complexity": 3.71514797211, "erbbands_crest": {"dmean": 1.910826087, "dmean2": 3.11302566528, "dvar": 3.16155171394, "dvar2": 8.41238689423, "max": 22.3038349152, "mean": 8.07305717468, "median": 7.36052656174, "min": 2.36692714691, "var": 9.7504940033}, "erbbands_flatness_db": {"dmean": 0.0252876076847, "dmean2": 0.0328333340585, "dvar": 0.00101819937117, "dvar2": 0.00164812779985, "max": 0.427351981401, "mean": 0.206300646067, "median": 0.209930703044, "min": 0.0396529659629, "var": 0.0044586728327}, "erbbands_kurtosis": {"dmean": 0.928117752075, "dmean2": 1.52254986763, "dvar": 3.8983476162, "dvar2": 10.2648286819, "max": 58.702293396, "mean": 0.52186602354, "median": -0.492289066315, "min": -1.83824265003, "var": 17.3478927612}, "erbbands_skewness": {"dmean": 0.339658290148, "dmean2": 0.545168220997, "dvar": 0.122153900564, "dvar2": 0.308207303286, "max": 6.60123062134, "mean": 0.390863627195, "median": 0.249295398593, "min": -2.32495594025, "var": 0.852212607861}, "erbbands_spread": {"dmean": 7.20965719223, "dmean2": 10.5948009491, "dvar": 87.593208313, "dvar2": 162.987594604, "max": 154.276351929, "mean": 33.5988769531, "median": 30.9287967682, "min": 4.11358213425, "var": 277.639678955}, "hfc": {"dmean": 5.64857292175, "dmean2": 8.02300834656, "dvar": 98.6987915039, "dvar2": 205.007141113, "max": 101.618614197, "mean": 15.025812149, "median": 10.5434989929, "min": 1.22571093773e-16, "var": 218.96736145}, "melbands_crest": {"dmean": 2.51832437515, "dmean2": 4.28617429733, "dvar": 5.80836057663, "dvar2": 15.885884285, "max": 29.1341457367, "mean": 13.568857193, "median": 12.9340295792, "min": 2.92139387131, "var": 15.964015007}, "melbands_flatness_db": {"dmean": 0.0363227277994, "dmean2": 0.0494022518396, "dvar": 0.001672302722, "dvar2": 0.00310129718855, "max": 0.602958619595, "mean": 0.290672749281, "median": 0.28856882453, "min": 0.006882739719, "var": 0.00949528533965}, "melbands_kurtosis": {"dmean": 7.07014608383, "dmean2": 11.323964119, "dvar": 246.992340088, "dvar2": 649.657775879, "max": 438.623687744, "mean": 16.1720561981, "median": 10.98969841, "min": -1.56238627434, "var": 583.651489258}, "melbands_skewness": {"dmean": 0.61680495739, "dmean2": 0.973550140858, "dvar": 0.551726043224, "dvar2": 1.2370210886, "max": 16.3505115509, "mean": 2.8961584568, "median": 2.79990887642, "min": -0.684352397919, "var": 2.06654524803}, "melbands_spread": {"dmean": 4.14107179642, "dmean2": 6.30544137955, "dvar": 33.9711647034, "dvar2": 75.5150909424, "max": 131.697952271, "mean": 13.3568811417, "median": 9.80622291565, "min": 0.477625578642, "var": 114.170089722}, "pitch_salience": {"dmean": 0.0644593387842, "dmean2": 0.108317002654, "dvar": 0.00359559757635, "dvar2": 0.00967349484563, "max": 0.887975633144, "mean": 0.599698543549, "median": 0.614486992359, "min": 0.16906927526, "var": 0.00959391240031}, "silence_rate_20dB": {"dmean": 0, "dmean2": 0, "dvar": 0, "dvar2": 0, "max": 1, "mean": 1, "median": 1, "min": 1, "var": 0}, "silence_rate_30dB": {"dmean": 0.012108980678, "dmean2": 0.0242240726948, "dvar": 0.0119614480063, "dvar2": 0.0327211804688, "max": 1, "mean": 0.99218159914, "median": 1, "min": 0, "var": 0.00775720924139}, "silence_rate_60dB": {"dmean": 0.00302724516951, "dmean2": 0.00605601817369, "dvar": 0.00301813310944, "dvar2": 0.00753315119073, "max": 1, "mean": 0.0643127337098, "median": 0, "min": 0, "var": 0.0601767003536}, "spectral_centroid": {"dmean": 180.322097778, "dmean2": 265.120422363, "dvar": 81472.25, "dvar2": 156358.421875, "max": 10967.5439453, "mean": 730.31072998, "median": 580.817932129, "min": 126.079719543, "var": 231494.296875}, "spectral_complexity": {"dmean": 3.5353178978, "dmean2": 5.15569019318, "dvar": 23.5055351257, "dvar2": 38.9079780579, "max": 58, "mean": 17.41614151, "median": 16, "min": 0, "var": 92.0980682373}, "spectral_decrease": {"dmean": 2.32939822986e-09, "dmean2": 3.73747210958e-09, "dvar": 1.36270155974e-17, "dvar2": 3.29359397855e-17, "max": -5.79510966097e-30, "mean": -8.04189781434e-09, "median": -7.08737957211e-09, "min": -4.40651106715e-08, "var": 3.42615562742e-17}, "spectral_energy": {"dmean": 0.00917903054506, "dmean2": 0.014630317688, "dvar": 0.000209927457036, "dvar2": 0.000502175011206, "max": 0.171423941851, "mean": 0.0317147821188, "median": 0.0278816595674, "min": 1.11394417842e-20, "var": 0.000528422300704}, "spectral_energyband_high": {"dmean": 0.000327040936099, "dmean2": 0.000455117784441, "dvar": 4.42228184738e-07, "dvar2": 8.45476336053e-07, "max": 0.0053779236041, "mean": 0.00040552354767, "median": 2.20245583478e-05, "min": 8.41527430199e-21, "var": 8.34353215851e-07}, "spectral_energyband_low": {"dmean": 0.00472188554704, "dmean2": 0.00784889049828, "dvar": 0.00012032014638, "dvar2": 0.000300731597235, "max": 0.135923609138, "mean": 0.0102098798379, "median": 0.00679966062307, "min": 4.95581858193e-23, "var": 0.000211798702367}, "spectral_energyband_middle_high": {"dmean": 0.0016466260422, "dmean2": 0.00235705613159, "dvar": 1.11891149572e-05, "dvar2": 2.40169556491e-05, "max": 0.0500796437263, "mean": 0.00420232303441, "median": 0.00239905412309, "min": 1.48117846326e-21, "var": 2.78536754195e-05}, "spectral_energyband_middle_low": {"dmean": 0.00553546054289, "dmean2": 0.00942046381533, "dvar": 7.58108799346e-05, "dvar2": 0.000206634096685, "max": 0.105372563004, "mean": 0.0186049882323, "median": 0.0164710339159, "min": 3.01278020877e-22, "var": 0.000176013068995}, "spectral_entropy": {"dmean": 0.272984951735, "dmean2": 0.370044022799, "dvar": 0.0959423556924, "dvar2": 0.172075614333, "max": 9.81262016296, "mean": 6.90702915192, "median": 6.85090065002, "min": 4.9723072052, "var": 0.457695573568}, "spectral_flux": {"dmean": 0.0232740603387, "dmean2": 0.0350625813007, "dvar": 0.000928149849642, "dvar2": 0.00180877407547, "max": 0.333483278751, "mean": 0.0709611549973, "median": 0.0579958334565, "min": 1.05543553064e-10, "var": 0.00236711651087}, "spectral_kurtosis": {"dmean": 8.28015232086, "dmean2": 13.636097908, "dvar": 119.026405334, "dvar2": 302.716064453, "max": 150.351333618, "mean": 16.0222301483, "median": 10.6644678116, "min": -1.24161338806, "var": 265.311889648}, "spectral_rms": {"dmean": 0.000716481648851, "dmean2": 0.00111902307253, "dvar": 8.83051086475e-07, "dvar2": 1.9194271772e-06, "max": 0.0129322418943, "mean": 0.00514139793813, "median": 0.00521551724523, "min": 3.29662664354e-12, "var": 4.5072993089e-06}, "spectral_rolloff": {"dmean": 270.883850098, "dmean2": 445.347167969, "dvar": 298289.84375, "dvar2": 572035.75, "max": 18906.1523438, "mean": 808.887023926, "median": 516.796875, "min": 86.1328125, "var": 650406}, "spectral_skewness": {"dmean": 0.666777968407, "dmean2": 1.05220246315, "dvar": 0.54094773531, "dvar2": 1.41802227497, "max": 10.7033176422, "mean": 2.5715918541, "median": 2.35918664932, "min": 0.0245169345289, "var": 1.49535238743}, "spectral_spread": {"dmean": 661345.5, "dmean2": 881073.875, "dvar": 1095977402370.0, "dvar2": 1370467860480.0, "max": 40897948, "mean": 3134579.5, "median": 2591588.5, "min": 544649.0625, "var": 3335365591040.0}, "spectral_strongpeak": {"dmean": 0.318116903305, "dmean2": 0.566508293152, "dvar": 0.38831949234, "dvar2": 1.04320263863, "max": 7.10228061676, "mean": 0.634839475155, "median": 0.481528401375, "min": 2.39665665092e-09, "var": 0.518737316132}, "zerocrossingrate": {"dmean": 0.00722912466154, "dmean2": 0.00800704862922, "dvar": 9.95109949145e-05, "dvar2": 9.05090491869e-05, "max": 0.51171875, "mean": 0.0351028032601, "median": 0.02978515625, "min": 0.00341796875, "var": 0.000525193987414}, "barkbands": {"dmean": [5.13130817126e-06, 0.00273641454987, 0.00239957589656, 0.0022893792484, 0.00331516517326, 0.00104990811087, 0.000358841643902, 0.000242918875301, 0.000435469177319, 0.000258743268205, 0.000262354005827, 0.00038916664198, 0.000368886627257, 0.000386346509913, 0.000196420282009, 0.000225735435379, 0.000149950647028, 9.19675585465e-05, 0.000114392496471, 7.77237291913e-05, 8.4131184849e-05, 7.88196848589e-05, 4.97733781231e-05, 3.74957562599e-05, 2.90328771371e-05, 1.4439712686e-05, 4.58859602759e-07], "dmean2": [7.24462370272e-06, 0.00409757019952, 0.00411072559655, 0.00415945285931, 0.00555688049644, 0.00178035837598, 0.000548860814888, 0.000410485023167, 0.000673651869874, 0.00041686341865, 0.000419127201894, 0.000633717165329, 0.000571739801671, 0.000585144327488, 0.000311001902446, 0.000370238587493, 0.000245292118052, 0.000146806109115, 0.00019603864348, 0.000118374169688, 0.000108820888272, 0.000111524932436, 7.55323344492e-05, 5.78340586799e-05, 4.4984750275e-05, 2.34065009863e-05, 7.59139993534e-07], "dvar": [1.4616294286e-10, 5.05076277477e-05, 4.83726871607e-05, 2.44041857513e-05, 2.52103291132e-05, 1.74868910108e-06, 4.26417329891e-07, 1.36753186553e-07, 4.42180777327e-07, 2.21181338134e-07, 3.87182836903e-07, 5.64312415463e-07, 9.44098587752e-07, 4.49682545423e-07, 1.63683409937e-07, 2.97266154803e-07, 1.11460884966e-07, 5.71489131573e-08, 1.39184663794e-07, 3.18422479495e-08, 2.92151085546e-08, 2.9620247588e-08, 1.48095438135e-08, 9.90078863339e-09, 5.59284396573e-09, 1.7924328688e-09, 1.65602525182e-12], "dvar2": [3.07812331179e-10, 0.000100586432382, 0.000128915344249, 7.47450976633e-05, 6.70570516377e-05, 5.37378491572e-06, 1.04663422462e-06, 3.76435252747e-07, 1.0699508266e-06, 5.62910940971e-07, 8.2458285533e-07, 1.5096916286e-06, 2.06301206163e-06, 9.74722070168e-07, 3.68135630424e-07, 7.29134455923e-07, 2.77991375697e-07, 1.35224098585e-07, 4.13754662532e-07, 7.25518347622e-08, 4.76884025602e-08, 5.21923624319e-08, 3.70010795336e-08, 2.38782735806e-08, 1.32961028854e-08, 4.36454294928e-09, 4.36375978755e-12], "max": [0.00023398718622, 0.0887118950486, 0.0879603773355, 0.0687384903431, 0.0607068575919, 0.0135857192799, 0.0106761706993, 0.004576085601, 0.0107835419476, 0.00704814307392, 0.0103317881003, 0.0108887832612, 0.0177609492093, 0.0104398587719, 0.00766554800794, 0.009212102741, 0.00535650691018, 0.00233207829297, 0.00395073415712, 0.00186001101974, 0.00156485126354, 0.00140216317959, 0.00118096161168, 0.000824185728561, 0.000556905346457, 0.000290919473628, 1.0937927982e-05], "mean": [1.17667213999e-05, 0.00439817318693, 0.0041232118383, 0.00457546440884, 0.00967112835497, 0.00213236385025, 0.000792285078205, 0.000489723111968, 0.000859444029629, 0.000427650520578, 0.000485466007376, 0.000703640864231, 0.000619556638412, 0.00073326122947, 0.000344828498783, 0.000376027455786, 0.000267199473456, 0.000126412793179, 0.000128917832626, 0.000101665020338, 0.000115052520414, 9.51893307501e-05, 5.36238039786e-05, 4.12610497733e-05, 2.84401230601e-05, 1.25600909087e-05, 5.18580634434e-07], "median": [8.08771164884e-06, 0.00171714881435, 0.00286979298107, 0.00317538995296, 0.00793095864356, 0.001716912142, 0.000477154215332, 0.000352177914465, 0.000555944920052, 0.000209423888009, 0.0001278216223, 0.000393356924178, 0.000211630671402, 0.000327855203068, 0.000142993201734, 0.000151974891196, 0.000112753376015, 2.86069771391e-05, 2.07513912756e-05, 9.95737082121e-06, 4.69928181701e-06, 3.79713537768e-06, 1.94737003767e-06, 1.48325136706e-06, 7.29711985059e-07, 1.35849759886e-07, 7.1650636535e-09], "min": [2.51371505636e-23, 2.55179968314e-23, 9.15648128744e-24, 7.84309572228e-24, 3.34957282333e-23, 6.13568502125e-23, 8.83868535855e-23, 1.97059773375e-23, 7.35249223905e-23, 4.42923846602e-23, 5.49281955039e-23, 2.24659406897e-22, 1.78870335374e-22, 4.05353146922e-23, 1.47184392897e-22, 1.20383392689e-22, 1.38233888714e-22, 1.36219718564e-22, 2.83227999841e-22, 2.19067178251e-22, 5.24631831421e-22, 5.70529955076e-22, 7.88701971837e-22, 8.12637400096e-22, 1.47304529471e-21, 1.80847450519e-21, 2.49210858531e-21], "var": [3.2650757098e-10, 9.7870863101e-05, 4.03369194828e-05, 3.27904890582e-05, 6.71748712193e-05, 3.35594222634e-06, 1.03579031929e-06, 2.46660704306e-07, 9.25728500079e-07, 3.86242788863e-07, 1.12898817406e-06, 8.31041347737e-07, 1.73645287305e-06, 1.38703489938e-06, 3.69107681308e-07, 4.77784624309e-07, 2.50821472036e-07, 9.32591177616e-08, 1.17445914327e-07, 5.80154164709e-08, 6.77322020692e-08, 5.34794430962e-08, 2.00733651923e-08, 1.057404031e-08, 5.61199442473e-09, 1.56090251835e-09, 1.75897783752e-12]}, "erbbands": {"dmean": [0.0542046129704, 0.715278923512, 2.49094891548, 4.91634082794, 9.59831619263, 13.7889280319, 12.1500902176, 5.74264240265, 3.90725779533, 6.77981138229, 5.4150352478, 8.28556728363, 9.46800231934, 8.68760681152, 10.3873949051, 15.7501249313, 18.0593471527, 20.4085865021, 13.4643659592, 7.70124101639, 14.6599445343, 8.23269557953, 5.37737512589, 6.43274641037, 4.05859899521, 3.15054130554, 4.49575853348, 3.20901226997, 2.82973980904, 2.42365217209, 1.09010267258, 0.858947396278, 0.558642923832, 0.366646379232, 0.167322397232, 0.0839265361428, 0.024709591642, 0.00232497253455, 7.77242094046e-05, 1.26176710182e-05], "dmean2": [0.0764567255974, 1.09275174141, 4.23236513138, 8.86139965057, 16.3965988159, 23.1538448334, 20.4833507538, 9.81480121613, 6.46011734009, 10.0110416412, 8.94650745392, 13.1230039597, 14.4915084839, 14.1900472641, 16.6020469666, 25.5648803711, 27.7099285126, 30.768075943, 20.8838729858, 12.4804182053, 24.324962616, 13.1943778992, 8.86985206604, 11.1426534653, 6.43534564972, 4.62265205383, 6.37168931961, 3.95987462997, 4.29850673676, 3.50246953964, 1.68791401386, 1.30270159245, 0.86927908659, 0.578970968723, 0.252991944551, 0.134331122041, 0.0402954481542, 0.00364440516569, 0.000122549929074, 1.96923137992e-05], "dvar": [0.0238271541893, 3.31034779549, 52.1860656738, 148.584640503, 356.035583496, 375.256744385, 229.552444458, 58.0262870789, 55.9572868347, 126.267333984, 61.790145874, 204.464447021, 183.764175415, 426.769744873, 482.086700439, 1040.32470703, 2314.90820312, 1427.81542969, 768.113098145, 230.242630005, 1296.05517578, 316.683929443, 214.31111145, 554.224365234, 82.4229888916, 53.7810630798, 79.8616638184, 49.0559844971, 39.5330352783, 35.067199707, 6.12979793549, 4.85680532455, 1.98053765297, 0.921227395535, 0.178323209286, 0.0539730899036, 0.0057015880011, 5.27113988937e-05, 4.2383589971e-08, 4.82180462225e-10], "dvar2": [0.0435480512679, 6.93880844116, 140.426391602, 431.129882812, 972.523132324, 1099.29443359, 668.493530273, 166.123748779, 146.030975342, 280.913909912, 164.956634521, 519.112487793, 432.593383789, 1110.78796387, 1079.97143555, 2773.84033203, 5129.80029297, 3008.10424805, 1722.07312012, 549.413574219, 3250.32568359, 741.80670166, 568.440734863, 1658.04016113, 214.874450684, 100.358093262, 145.138305664, 80.5216217041, 79.1823501587, 77.985748291, 13.6992588043, 11.4929580688, 4.75523757935, 2.22816109657, 0.404020309448, 0.133072972298, 0.0140488054603, 0.000122877536342, 1.01981996181e-07, 1.12922959872e-09], "max": [1.89947640896, 22.306936264, 96.5348358154, 166.611968994, 236.931259155, 235.962478638, 163.053390503, 105.244430542, 103.076629639, 261.325683594, 124.624282837, 211.189376831, 280.246948242, 337.553375244, 356.107055664, 442.09487915, 827.91607666, 562.041503906, 449.147674561, 201.758071899, 595.398742676, 355.032714844, 157.468200684, 245.1902771, 96.0980834961, 69.4054946899, 73.9568481445, 72.8443527222, 43.053314209, 61.7986450195, 19.1454353333, 18.9153614044, 10.6672267914, 7.65191793442, 3.09796309471, 1.68474376202, 0.567946493626, 0.0653083324432, 0.00195656670257, 0.000237892629229], "mean": [0.0837616622448, 1.18393707275, 4.31718730927, 9.93202209473, 23.6494312286, 38.2786178589, 26.0489749908, 13.962018013, 7.20515203476, 17.4957141876, 11.3541736603, 16.3497180939, 18.3024578094, 15.7026042938, 20.4422092438, 28.8283252716, 33.1037483215, 39.5325317383, 23.5008449554, 14.9178085327, 24.336517334, 16.1303863525, 7.69409179688, 7.15405368805, 5.13958120346, 4.59671163559, 5.67595434189, 3.93889188766, 3.40087127686, 2.6827275753, 1.2855540514, 0.949677586555, 0.600917220116, 0.370421826839, 0.161088511348, 0.0726229771972, 0.0211100503802, 0.00223505706526, 0.000102763267932, 3.92047186324e-05], "median": [0.03746342659, 0.471285670996, 2.87434124947, 7.3375582695, 18.663028717, 28.0580234528, 20.8955383301, 11.0971755981, 4.73730134964, 9.79341316223, 8.76013755798, 9.95803356171, 12.2290830612, 7.42546319962, 7.66535282135, 16.4204940796, 14.9616708755, 17.3008651733, 9.6214427948, 5.63468647003, 10.4529066086, 6.60281610489, 2.37559056282, 1.35576939583, 0.852084338665, 0.464246600866, 0.319624960423, 0.124573096633, 0.138959720731, 0.102014057338, 0.0513807013631, 0.0385602526367, 0.0180213097483, 0.011101863347, 0.00312276161276, 0.00105217192322, 0.00019856079598, 2.4587410735e-05, 1.88586072909e-05, 3.32890886057e-05], "min": [3.14425113614e-22, 7.15601783517e-21, 1.30945647492e-20, 2.51568759485e-20, 1.04456367753e-19, 7.99426570427e-20, 4.90485222815e-19, 3.12382199241e-19, 1.2971292155e-18, 6.32626388312e-19, 5.36714486094e-19, 1.90622882944e-18, 1.48525924492e-18, 1.47774792797e-18, 4.4126487444e-18, 9.24595439906e-18, 9.19019001806e-18, 2.1324315009e-18, 5.48274087e-18, 7.66546619292e-18, 6.74385877754e-18, 8.47802969687e-18, 7.51639418446e-18, 1.30160194651e-17, 1.34371048549e-17, 1.0244423437e-17, 2.36710950628e-17, 1.8264907277e-17, 1.928164129e-17, 1.67751831179e-17, 2.59247205176e-17, 1.79880102213e-17, 1.44501620501e-17, 1.53537923492e-17, 1.06138199646e-17, 6.47549946654e-18, 3.33997085221e-18, 1.4759246151e-18, 3.9512567045e-19, 3.2219928861e-20], "var": [0.0382733717561, 6.49402093887, 46.9005203247, 154.331466675, 564.157714844, 1220.90539551, 484.581604004, 159.869979858, 72.2262115479, 591.291320801, 116.55606842, 376.507354736, 405.985870361, 605.324279785, 1352.9128418, 1514.73156738, 4063.35595703, 4230.35009766, 1703.77001953, 533.172851562, 1992.86975098, 971.536376953, 290.343902588, 439.253082275, 121.928253174, 123.517364502, 150.86680603, 106.257164001, 61.8897476196, 52.2727966309, 9.58793926239, 5.44146537781, 2.1739423275, 0.914751291275, 0.188790887594, 0.0470327138901, 0.00484995683655, 5.05783682456e-05, 5.16969365094e-08, 9.69450630883e-10]}, "gfcc": {"mean": [-64.0103302002, 156.33203125, -117.437690735, 20.5266456604, -37.9794273376, 5.55903959274, -38.3871040344, -10.0040369034, -23.430803299, -11.2605009079, -15.8212556839, -8.14049720764, -6.65928268433], "cov": [[19909.7675781, -2371.12768555, -2276.71484375, 439.02633667, -958.513793945, 483.572570801, -1020.42437744, -25.1066150665, -362.576080322, 606.919128418, -259.667907715, 205.03515625, -264.583740234], [-2371.12768555, 3214.66137695, -467.770568848, -721.212463379, 1062.33068848, -744.453186035, 285.912139893, -330.145324707, 409.629547119, -448.102722168, 366.152740479, -236.704345703, 250.990600586], [-2276.71484375, -467.770568848, 1416.60705566, 390.419921875, -141.239089966, 319.651763916, 115.648551941, 217.851715088, -45.1589279175, 105.361724854, -68.2130661011, 94.4251251221, -30.7694015503], [439.02633667, -721.212463379, 390.419921875, 488.40222168, -282.621948242, 263.504211426, 22.2543811798, 106.354476929, -73.9275588989, 99.7966842651, -54.8939552307, 48.7147140503, -22.6256713867], [-958.513793945, 1062.33068848, -141.239089966, -282.621948242, 590.556884766, -203.429504395, 117.571128845, -101.00340271, 128.815414429, -130.992263794, 107.263000488, -71.6592178345, 56.2813034058], [483.572570801, -744.453186035, 319.651763916, 263.504211426, -203.429504395, 371.869750977, -33.886516571, 112.843482971, -75.3279418945, 121.718597412, -80.8678512573, 57.6985397339, -38.4603767395], [-1020.42437744, 285.912139893, 115.648551941, 22.2543811798, 117.571128845, -33.886516571, 182.212280273, 0.927718222141, 30.6698303223, -36.5199241638, 32.3526153564, -20.2763061523, 30.1513290405], [-25.1066150665, -330.145324707, 217.851715088, 106.354476929, -101.00340271, 112.843482971, 0.927718222141, 135.661010742, -13.6048679352, 61.5115661621, -28.7361450195, 45.834777832, -27.0119953156], [-362.576080322, 409.629547119, -45.1589279175, -73.9275588989, 128.815414429, -75.3279418945, 30.6698303223, -13.6048679352, 113.130821228, -38.7410850525, 58.2609062195, -24.0702285767, 42.5318145752], [606.919128418, -448.102722168, 105.361724854, 99.7966842651, -130.992263794, 121.718597412, -36.5199241638, 61.5115661621, -38.7410850525, 140.092926025, -37.8292312622, 52.4917297363, -40.107257843], [-259.667907715, 366.152740479, -68.2130661011, -54.8939552307, 107.263000488, -80.8678512573, 32.3526153564, -28.7361450195, 58.2609062195, -37.8292312622, 93.6476669312, -14.2057857513, 38.6324043274], [205.03515625, -236.704345703, 94.4251251221, 48.7147140503, -71.6592178345, 57.6985397339, -20.2763061523, 45.834777832, -24.0702285767, 52.4917297363, -14.2057857513, 72.9028244019, -3.46994256973], [-264.583740234, 250.990600586, -30.7694015503, -22.6256713867, 56.2813034058, -38.4603767395, 30.1513290405, -27.0119953156, 42.5318145752, -40.107257843, 38.6324043274, -3.46994256973, 79.5404052734]], "icov": [[0.000194850697881, -0.000634622236248, 0.000581668515224, -0.000710924854502, 0.000179029360879, -0.000372082839021, 0.000974421098363, -0.000392784422729, 0.000828437041491, -0.00104690680746, 0.000807619595435, -0.000691342167556, 0.000470853148727], [-0.000634622236248, 0.00601113913581, -0.0027626149822, 0.00382109009661, -0.00290267635137, 0.00330427964218, -0.00433328608051, 0.00355005520396, -0.00695197517052, 0.00613906141371, -0.00697934580967, 0.00514915911481, -0.00413379259408], [0.000581668515224, -0.0027626149822, 0.00313426624052, -0.00303892139345, 0.000782245595474, -0.00197363574989, 0.00246633659117, -0.00277250749059, 0.00324330711737, -0.00337158981711, 0.00379660609178, -0.00353242410347, 0.00218363385648], [-0.000710924854502, 0.00382109009661, -0.00303892139345, 0.00796890258789, 0.000346569227986, -9.92679779301e-05, -0.00559879979119, 0.00228556594811, -0.0039824442938, 0.00451211538166, -0.00598181551322, 0.00455971574411, -0.00321688246913], [0.000179029360879, -0.00290267635137, 0.000782245595474, 0.000346569227986, 0.00541833462194, -0.00228430773132, -0.000430118147051, -0.000130518616061, 0.00100365187973, -0.0014156694524, 0.00170921371318, -0.00224252743647, 0.00315791554749], [-0.000372082839021, 0.00330427964218, -0.00197363574989, -9.92679779301e-05, -0.00228430773132, 0.00830020103604, -0.0011255342979, -0.000268568430329, -0.00234523043036, 0.000608679372817, -0.00139462656807, 0.00375995365903, -0.00408855546266], [0.000974421098363, -0.00433328608051, 0.00246633659117, -0.00559879979119, -0.000430118147051, -0.0011255342979, 0.0135083934292, -0.00429684016854, 0.00666253175586, -0.00601913267747, 0.00461155408993, -0.00187886913773, 0.000537368759979], [-0.000392784422729, 0.00355005520396, -0.00277250749059, 0.00228556594811, -0.000130518616061, -0.000268568430329, -0.00429684016854, 0.0171924009919, -0.0093225762248, 0.0035086045973, -0.0034023814369, -0.00336090149358, 0.00275870924816], [0.000828437041491, -0.00695197517052, 0.00324330711737, -0.0039824442938, 0.00100365187973, -0.00234523043036, 0.00666253175586, -0.0093225762248, 0.026433179155, -0.00950985122472, 0.0019468977116, -5.43079913768e-05, -0.00259864446707], [-0.00104690680746, 0.00613906141371, -0.00337158981711, 0.00451211538166, -0.0014156694524, 0.000608679372817, -0.00601913267747, 0.0035086045973, -0.00950985122472, 0.0223082769662, -0.00755003700033, -0.0021121124737, 0.00180277961772], [0.000807619595435, -0.00697934580967, 0.00379660609178, -0.00598181551322, 0.00170921371318, -0.00139462656807, 0.00461155408993, -0.0034023814369, 0.0019468977116, -0.00755003700033, 0.0277600940317, -0.00811087153852, 0.00100484583527], [-0.000691342167556, 0.00514915911481, -0.00353242410347, 0.00455971574411, -0.00224252743647, 0.00375995365903, -0.00187886913773, -0.00336090149358, -5.43079913768e-05, -0.0021121124737, -0.00811087153852, 0.0296963043511, -0.0114427283406], [0.000470853148727, -0.00413379259408, 0.00218363385648, -0.00321688246913, 0.00315791554749, -0.00408855546266, 0.000537368759979, 0.00275870924816, -0.00259864446707, 0.00180277961772, 0.00100484583527, -0.0114427283406, 0.0249454285949]]}, "melbands": {"dmean": [0.000652358750813, 0.00110234576277, 0.000994190224446, 0.000801354763098, 0.00043137659668, 0.000141563577927, 6.35895339656e-05, 6.75882620271e-05, 4.52860040241e-05, 5.70522679482e-05, 4.80292037537e-05, 3.60689336958e-05, 3.90198147215e-05, 3.61257370969e-05, 4.49218387075e-05, 4.74008884339e-05, 3.46388442267e-05, 2.40305598709e-05, 1.061365856e-05, 9.73055921349e-06, 1.9710016204e-05, 9.34144554776e-06, 6.07261972618e-06, 4.57143733001e-06, 5.65679920328e-06, 3.38098925567e-06, 2.29820261666e-06, 2.14798069464e-06, 3.41225063494e-06, 1.99502687792e-06, 1.90344701423e-06, 1.82540622973e-06, 1.35393577239e-06, 1.35378923005e-06, 6.39934683022e-07, 5.60945466077e-07, 4.96262202887e-07, 3.88546567365e-07, 4.26345337701e-07, 2.71569234656e-07], "dmean2": [0.000925029977225, 0.00184448563959, 0.00176796782762, 0.00137227843516, 0.0007210111944, 0.000241766610998, 0.000103163692984, 0.000101714867924, 7.44227072573e-05, 8.87008063728e-05, 7.34381319489e-05, 5.92310607317e-05, 6.19757338427e-05, 6.10884162597e-05, 7.110680599e-05, 7.23644698155e-05, 5.22408081451e-05, 3.75104282284e-05, 1.71937754203e-05, 1.59686096595e-05, 3.28104542859e-05, 1.52674365381e-05, 9.63509501162e-06, 7.42989595892e-06, 9.89476575342e-06, 5.59836371394e-06, 3.47014588442e-06, 3.12090924126e-06, 4.8830452215e-06, 2.95902827929e-06, 2.44314037445e-06, 2.79360097011e-06, 1.97792792278e-06, 2.08356777875e-06, 1.00253612345e-06, 8.84228029463e-07, 7.43971554584e-07, 6.01725560045e-07, 6.81938274738e-07, 4.24166813673e-07], "dvar": [3.09358392769e-06, 8.44291480462e-06, 4.90536876896e-06, 1.48549247569e-06, 2.86193795773e-07, 3.28469305089e-08, 1.45117216022e-08, 1.19514442787e-08, 4.34106306457e-09, 8.21834067466e-09, 4.69883332244e-09, 7.03126845636e-09, 8.40730507434e-09, 5.5071565086e-09, 8.83333139967e-09, 1.42089238153e-08, 3.93961663292e-09, 2.51531240281e-09, 4.24882767858e-10, 3.92183646669e-10, 2.4188451242e-09, 4.22363782837e-10, 2.95639096537e-10, 1.56001933593e-10, 5.00817720628e-10, 6.18895421023e-11, 3.08052403031e-11, 2.47625218941e-11, 4.65533028793e-11, 1.89587477661e-11, 2.18031304816e-11, 1.74936124614e-11, 1.14101011625e-11, 1.22460618035e-11, 2.15041374464e-12, 2.16303927894e-12, 1.59603081619e-12, 9.42850940551e-13, 1.13794065316e-12, 5.03233902032e-13], "dvar2": [5.63666299058e-06, 2.25468520512e-05, 1.42988237712e-05, 4.04953834732e-06, 8.0033987615e-07, 9.75132650183e-08, 3.74728550412e-08, 2.78339751247e-08, 1.13499032395e-08, 2.04423358241e-08, 1.11043343409e-08, 1.8321779649e-08, 1.75381398293e-08, 1.52261403485e-08, 2.15925002323e-08, 3.01872091768e-08, 8.40092972965e-09, 5.61609247995e-09, 1.06625053231e-09, 9.8036290197e-10, 6.0644911315e-09, 9.69843871879e-10, 7.29182103587e-10, 4.10945610874e-10, 1.49008394512e-09, 1.70944550182e-10, 7.33374194706e-11, 4.50233982041e-11, 9.9168291634e-11, 3.66770745719e-11, 4.00217220475e-11, 3.89780117904e-11, 1.90296493841e-11, 3.26155213948e-11, 4.62219238578e-12, 5.47539097395e-12, 3.67060765463e-12, 2.29977733905e-12, 2.78321593203e-12, 1.22450465566e-12], "max": [0.0226134099066, 0.0390403494239, 0.0311523210257, 0.0145417656749, 0.00740082049742, 0.00239402707666, 0.00168533134274, 0.00242559611797, 0.000963736092672, 0.00122181838378, 0.00138844549656, 0.00136579014361, 0.00162090139929, 0.00117346900515, 0.00159966293722, 0.00222206255421, 0.00095310038887, 0.000782371032983, 0.000295417994494, 0.000201691058464, 0.000847884395625, 0.000499053567182, 0.000232274411246, 0.00013286471949, 0.000230983743677, 8.43892048579e-05, 7.45361903682e-05, 4.92112594657e-05, 6.28023699392e-05, 4.51939085906e-05, 5.06349861098e-05, 3.17045560223e-05, 3.3332118619e-05, 3.43206447724e-05, 1.18493280752e-05, 1.25619080791e-05, 1.07365003714e-05, 7.01813178239e-06, 7.83288487582e-06, 5.89835508435e-06], "mean": [0.0010321327718, 0.00205515394919, 0.00222393544391, 0.00222793128341, 0.00113418477122, 0.000326335546561, 0.000123362900922, 0.000173510838067, 8.97962745512e-05, 0.000111557412311, 9.14113552426e-05, 6.22502047918e-05, 7.61726769269e-05, 5.85189154663e-05, 8.14503218862e-05, 8.59633946675e-05, 6.49235735182e-05, 3.94472444896e-05, 1.86742654478e-05, 1.77488673216e-05, 3.12123956974e-05, 1.78419104486e-05, 8.73051521921e-06, 5.57319117434e-06, 5.93903951085e-06, 4.31055468653e-06, 3.0957251056e-06, 3.01432032757e-06, 3.86983310818e-06, 2.64837240138e-06, 2.15129534809e-06, 2.05606193049e-06, 1.65789151652e-06, 1.37510448894e-06, 7.69066161865e-07, 5.95556912231e-07, 5.55802671443e-07, 4.15888564476e-07, 4.20506410137e-07, 2.67729348025e-07], "median": [0.000463061296614, 0.00130718038417, 0.00177957885899, 0.00184412393719, 0.000893250631634, 0.000262960558757, 8.33439771668e-05, 0.000101653313322, 6.56424308545e-05, 7.14806374162e-05, 6.00360071985e-05, 2.84817269858e-05, 2.22847120313e-05, 2.95869758702e-05, 4.44080578745e-05, 3.13707205351e-05, 2.85126498056e-05, 1.45528647408e-05, 7.99280405772e-06, 7.57899852033e-06, 1.22301707961e-05, 6.44396550342e-06, 2.90881484943e-06, 1.23656934647e-06, 9.72534962784e-07, 7.64776018514e-07, 3.79966053288e-07, 2.6670574016e-07, 2.35678669469e-07, 1.0186035837e-07, 5.30768673457e-08, 7.63363914302e-08, 7.22509909679e-08, 4.75583519233e-08, 2.68229420897e-08, 2.53659759863e-08, 2.25618190797e-08, 1.15147162916e-08, 1.3386950215e-08, 7.89467602402e-09], "min": [6.61171145937e-24, 8.60508171419e-24, 5.99394344043e-24, 7.37799989864e-24, 1.28210281264e-23, 8.49501905183e-24, 1.93196768854e-23, 6.27738510798e-24, 4.43753191849e-24, 1.2557032669e-23, 7.40569917161e-24, 5.63213159739e-24, 1.12238956045e-23, 2.04862112599e-23, 3.04376395144e-23, 1.11140569787e-23, 2.93531928225e-24, 7.8319893496e-24, 1.08107502158e-23, 9.45304171184e-24, 7.27572644886e-24, 8.91901758889e-24, 6.11536609426e-24, 7.4362067894e-24, 1.12627604148e-23, 9.83967821871e-24, 8.82806508196e-24, 5.35201655628e-24, 1.80672134702e-23, 7.92396500912e-24, 1.25636598895e-23, 1.13993075043e-23, 9.60495423408e-24, 8.94018351584e-24, 1.5760495831e-23, 1.33641415047e-23, 9.59265273713e-24, 9.11274604999e-24, 1.1967786705e-23, 1.36018773603e-23], "var": [5.75443300477e-06, 1.04772234408e-05, 5.99804661761e-06, 3.61406523552e-06, 9.2516023642e-07, 8.4242650189e-08, 1.97755714026e-08, 5.21979650614e-08, 8.14189604625e-09, 1.61613389338e-08, 1.04367101628e-08, 1.01099351113e-08, 2.61401780222e-08, 7.48462625211e-09, 1.27777841641e-08, 2.97121847126e-08, 1.16562715036e-08, 5.37454658556e-09, 8.34509017444e-10, 7.16693149272e-10, 3.68021124686e-09, 1.64560776117e-09, 3.59463597777e-10, 2.04743305643e-10, 3.63729463215e-10, 8.06315708646e-11, 5.35547717284e-11, 5.69039086684e-11, 7.42541722554e-11, 3.61680720096e-11, 3.96432643657e-11, 2.27361289518e-11, 1.98911390831e-11, 1.44583425093e-11, 3.51250539071e-12, 2.27417650683e-12, 1.80720206595e-12, 1.03341196277e-12, 1.15554365122e-12, 4.89328087598e-13]}, "mfcc": {"mean": [-698.456115723, 178.586853027, -8.49511432648, 19.1563243866, 15.0949306488, 10.2034034729, -1.4554220438, -1.11048448086, -4.70999240875, -5.60907697678, -6.45208597183, -4.09951877594, -6.31901836395], "cov": [[12985.7333984, -865.697875977, -885.640625, -267.742523193, -516.284179688, 290.086151123, -260.865936279, -344.351898193, -196.38520813, -137.665649414, -36.2785148621, 39.5918197632, -60.6210784912], [-865.697875977, 3697.40454102, -1060.78308105, -75.5312576294, 489.878082275, -309.368804932, -101.77154541, -24.9624519348, -118.416877747, -50.3414993286, -31.8807849884, -16.6694107056, 34.2688484192], [-885.640625, -1060.78308105, 1258.60180664, 268.391418457, -54.6409645081, 178.773406982, 105.908287048, 123.989105225, 133.872024536, 39.5004043579, 72.502822876, 59.8093719482, -12.0490665436], [-267.742523193, -75.5312576294, 268.391418457, 247.090713501, 13.7661142349, 54.4874305725, 64.8694915771, 56.0474014282, 41.2709846497, 15.7797107697, 33.0758056641, 15.6976623535, 4.36303186417], [-516.284179688, 489.878082275, -54.6409645081, 13.7661142349, 249.549499512, 16.3625717163, 29.0141201019, 37.9412307739, 11.0819063187, 22.2423152924, 10.5361948013, 13.4599714279, 20.1871509552], [290.086151123, -309.368804932, 178.773406982, 54.4874305725, 16.3625717163, 197.598602295, 65.1854934692, 20.0270423889, 50.113609314, 25.596660614, 8.48392677307, 22.6779327393, 15.1013803482], [-260.865936279, -101.77154541, 105.908287048, 64.8694915771, 29.0141201019, 65.1854934692, 120.934707642, 46.9115066528, 27.9708213806, 31.608833313, 11.9362888336, -1.67290472984, 8.31077289581], [-344.351898193, -24.9624519348, 123.989105225, 56.0474014282, 37.9412307739, 20.0270423889, 46.9115066528, 91.9038696289, 39.0115585327, 15.0548830032, 14.7957792282, 5.6229968071, 2.59170007706], [-196.38520813, -118.416877747, 133.872024536, 41.2709846497, 11.0819063187, 50.113609314, 27.9708213806, 39.0115585327, 80.7112884521, 26.7489566803, 6.49100255966, 17.1257514954, 10.5792779922], [-137.665649414, -50.3414993286, 39.5004043579, 15.7797107697, 22.2423152924, 25.596660614, 31.608833313, 15.0548830032, 26.7489566803, 62.0050888062, 18.4748916626, -3.48667025566, 9.16650295258], [-36.2785148621, -31.8807849884, 72.502822876, 33.0758056641, 10.5361948013, 8.48392677307, 11.9362888336, 14.7957792282, 6.49100255966, 18.4748916626, 75.1602020264, 28.6040210724, -11.2212610245], [39.5918197632, -16.6694107056, 59.8093719482, 15.6976623535, 13.4599714279, 22.6779327393, -1.67290472984, 5.6229968071, 17.1257514954, -3.48667025566, 28.6040210724, 65.6329803467, 20.7479381561], [-60.6210784912, 34.2688484192, -12.0490665436, 4.36303186417, 20.1871509552, 15.1013803482, 8.31077289581, 2.59170007706, 10.5792779922, 9.16650295258, -11.2212610245, 20.7479381561, 57.1875762939]], "icov": [[0.000114847396617, 1.05265771708e-05, 0.000123749807244, -3.67378670489e-05, 0.000219653447857, -0.000408817752032, 0.000237668573391, 7.61420014896e-05, 0.000224315575906, 2.04784773814e-05, -1.66983154486e-05, -0.000172870219103, 0.000151401720359], [1.05265771708e-05, 0.00060887914151, 0.00044539704686, -0.000444416276878, -0.00115208374336, 0.000660617719404, 0.000183044801815, 7.41594922147e-05, -4.72352585348e-05, 0.000391008943552, 1.62585529324e-05, -0.000107796200609, -3.53172290488e-05], [0.000123749807244, 0.00044539704686, 0.00179614603985, -0.00130121863913, -4.69904662168e-05, -0.00061794713838, 0.000471585139167, -0.000787623692304, -0.000731690321118, 0.000260634667939, -0.000269174255664, -0.00093729805667, 0.000869741779752], [-3.67378670489e-05, -0.000444416276878, -0.00130121863913, 0.00642155529931, 0.000640921352897, -0.000396329967771, -0.0021111308597, -0.00108173477929, -0.000791962433141, 0.00125415239017, -0.00215079053305, 0.00119782355614, -0.00121359771583], [0.000219653447857, -0.00115208374336, -4.69904662168e-05, 0.000640921352897, 0.00746328523383, -0.00250796205364, -2.56017756328e-06, -0.00248596677557, 0.00140785996336, -0.00223145191558, -2.20794827328e-05, -0.0013304076856, -0.000419235089794], [-0.000408817752032, 0.000660617719404, -0.00061794713838, -0.000396329967771, -0.00250796205364, 0.00997369270772, -0.00446864916012, 0.00249938713387, -0.00401148572564, 1.43734068843e-05, 0.00106400193181, -0.00138560740743, -0.000690200948156], [0.000237668573391, 0.000183044801815, 0.000471585139167, -0.0021111308597, -2.56017756328e-06, -0.00446864916012, 0.0147958714515, -0.00546558527276, 0.00262815621682, -0.00439693592489, 1.27084558699e-05, 0.00166527496185, -0.00070199376205], [7.61420014896e-05, 7.41594922147e-05, -0.000787623692304, -0.00108173477929, -0.00248596677557, 0.00249938713387, -0.00546558527276, 0.0192276500165, -0.00776648567989, 0.00327257509343, -0.0025747155305, 0.00222894665785, -0.000308398681227], [0.000224315575906, -4.72352585348e-05, -0.000731690321118, -0.000791962433141, 0.00140785996336, -0.00401148572564, 0.00262815621682, -0.00776648567989, 0.0237328261137, -0.00983131770045, 0.00590008497238, -0.00728187104687, 0.00168976606801], [2.04784773814e-05, 0.000391008943552, 0.000260634667939, 0.00125415239017, -0.00223145191558, 1.43734068843e-05, -0.00439693592489, 0.00327257509343, -0.00983131770045, 0.0278136134148, -0.0117545230314, 0.0113136498258, -0.00802937243134], [-1.66983154486e-05, 1.62585529324e-05, -0.000269174255664, -0.00215079053305, -2.20794827328e-05, 0.00106400193181, 1.27084558699e-05, -0.0025747155305, 0.00590008497238, -0.0117545230314, 0.0251262094826, -0.0161153152585, 0.0114911822602], [-0.000172870219103, -0.000107796200609, -0.00093729805667, 0.00119782355614, -0.0013304076856, -0.00138560740743, 0.00166527496185, 0.00222894665785, -0.00728187104687, 0.0113136498258, -0.0161153152585, 0.0306429285556, -0.01466090139], [0.000151401720359, -3.53172290488e-05, 0.000869741779752, -0.00121359771583, -0.000419235089794, -0.000690200948156, -0.00070199376205, -0.000308398681227, 0.00168976606801, -0.00802937243134, 0.0114911822602, -0.01466090139, 0.0269383024424]]}, "spectral_contrast_coeffs": {"dmean": [0.0440463609993, 0.044952429831, 0.036566529423, 0.0340740270913, 0.0250640064478, 0.0219712872058], "dmean2": [0.0732853189111, 0.0752906128764, 0.0586708597839, 0.0543136671185, 0.0385330915451, 0.0330742262304], "dvar": [0.00150044716429, 0.0013643031707, 0.000933760369662, 0.000916783930734, 0.000589639239479, 0.000542688183486], "dvar2": [0.00395816052333, 0.0036333585158, 0.00235141511075, 0.00206882716157, 0.0012286666315, 0.00134627602529], "max": [-0.244225785136, -0.354557305574, -0.439133703709, -0.404417365789, -0.552408337593, -0.561819195747], "mean": [-0.574975192547, -0.72705000639, -0.766375243664, -0.750314235687, -0.769781410694, -0.782351374626], "median": [-0.567799389362, -0.724015295506, -0.767397105694, -0.75058722496, -0.772882938385, -0.784704089165], "min": [-0.951559484005, -0.965330779552, -0.962030589581, -0.955138325691, -0.96329665184, -0.96043586731], "var": [0.00776427332312, 0.005283692386, 0.00383087457158, 0.00517769204453, 0.00362325273454, 0.00198342860676]}, "spectral_contrast_valleys": {"dmean": [0.345694124699, 0.363906949759, 0.382517725229, 0.394020557404, 0.460194647312, 0.581633508205], "dmean2": [0.572340369225, 0.594139456749, 0.592255055904, 0.583624005318, 0.590023517609, 0.712006032467], "dvar": [0.159689873457, 0.165996626019, 0.181236609817, 0.213749408722, 0.337027966976, 0.663190901279], "dvar2": [0.292472690344, 0.31058678031, 0.334902316332, 0.386008501053, 0.548888027668, 1.08522117138], "max": [-5.0878381729