{"lowlevel": {"average_loudness": 0.976318836212, "barkbands_crest": {"dmean": 3.23754310608, "dmean2": 4.62682676315, "dvar": 9.13868427277, "dvar2": 16.2131938934, "max": 25.637096405, "mean": 14.0435428619, "median": 13.7763442993, "min": 2.48001003265, "var": 37.8473091125}, "barkbands_flatness_db": {"dmean": 0.0266978219151, "dmean2": 0.0382894016802, "dvar": 0.000655743060634, "dvar2": 0.00124935107306, "max": 0.288298726082, "mean": 0.138266906142, "median": 0.133700832725, "min": 0.0293262638152, "var": 0.00247464235872}, "barkbands_kurtosis": {"dmean": 4.07798480988, "dmean2": 6.33719778061, "dvar": 43.3356399536, "dvar2": 105.30670166, "max": 63.2656707764, "mean": 5.42266225815, "median": 1.82722234726, "min": -1.55025458336, "var": 80.9756469727}, "barkbands_skewness": {"dmean": 0.739870727062, "dmean2": 1.07176172733, "dvar": 0.559895694256, "dvar2": 1.19980049133, "max": 7.58677864075, "mean": 1.926831007, "median": 1.67073714733, "min": -1.62497198582, "var": 2.28577208519}, "barkbands_spread": {"dmean": 7.12428665161, "dmean2": 10.692905426, "dvar": 60.2190475464, "dvar2": 119.745178223, "max": 70.7118988037, "mean": 24.3549041748, "median": 21.7705860138, "min": 3.24865293503, "var": 177.62979126}, "dissonance": {"dmean": 0.0129984440282, "dmean2": 0.0221035666764, "dvar": 0.000135677764774, "dvar2": 0.000375748262741, "max": 0.500000119209, "mean": 0.478793084621, "median": 0.482730537653, "min": 0.369947880507, "var": 0.000276762788417}, "dynamic_complexity": 1.98743951321, "erbbands_crest": {"dmean": 2.64971637726, "dmean2": 4.49626302719, "dvar": 5.90242958069, "dvar2": 16.2740764618, "max": 27.0564594269, "mean": 7.42963933945, "median": 6.4950966835, "min": 2.32860469818, "var": 11.3041009903}, "erbbands_flatness_db": {"dmean": 0.0141312191263, "dmean2": 0.0213076509535, "dvar": 0.000208979850868, "dvar2": 0.00039792820462, "max": 0.280789792538, "mean": 0.141416668892, "median": 0.128309845924, "min": 0.0663768723607, "var": 0.00247767195106}, "erbbands_kurtosis": {"dmean": 0.514380514622, "dmean2": 0.865296423435, "dvar": 0.299649864435, "dvar2": 0.836557745934, "max": 5.86472797394, "mean": -0.318552225828, "median": -0.456844568253, "min": -1.48225498199, "var": 0.419091016054}, "erbbands_skewness": {"dmean": 0.295056641102, "dmean2": 0.479806393385, "dvar": 0.0582183636725, "dvar2": 0.157687753439, "max": 1.91232812405, "mean": -0.1590192765, "median": -0.201769635081, "min": -1.5815423727, "var": 0.190804600716}, "erbbands_spread": {"dmean": 7.35452508926, "dmean2": 11.8833436966, "dvar": 39.9920272827, "dvar2": 104.06035614, "max": 96.2389221191, "mean": 42.4270553589, "median": 41.830368042, "min": 11.6209430695, "var": 197.12322998}, "hfc": {"dmean": 11.4049777985, "dmean2": 16.8832073212, "dvar": 221.473464966, "dvar2": 457.144287109, "max": 113.831550598, "mean": 28.2799949646, "median": 22.6796455383, "min": 1.00113055623e-08, "var": 409.271850586}, "melbands_crest": {"dmean": 3.82064580917, "dmean2": 5.69002437592, "dvar": 12.3609838486, "dvar2": 27.3685054779, "max": 32.0435256958, "mean": 19.036397934, "median": 20.4904785156, "min": 1.80503749847, "var": 49.0423431396}, "melbands_flatness_db": {"dmean": 0.0329417511821, "dmean2": 0.0448841564357, "dvar": 0.00100394769106, "dvar2": 0.00185266125482, "max": 0.384645998478, "mean": 0.195874840021, "median": 0.192837297916, "min": 0.0060837441124, "var": 0.00492089055479}, "melbands_kurtosis": {"dmean": 12.8251008987, "dmean2": 19.4939460754, "dvar": 339.545776367, "dvar2": 804.211730957, "max": 173.985153198, "mean": 23.4047050476, "median": 12.664229393, "min": -1.40868401527, "var": 824.340576172}, "melbands_skewness": {"dmean": 1.10426223278, "dmean2": 1.59763562679, "dvar": 1.17590093613, "dvar2": 2.42427921295, "max": 11.3459482193, "mean": 3.70987033844, "median": 3.3331861496, "min": -0.238049820065, "var": 5.87133169174}, "melbands_spread": {"dmean": 8.38292884827, "dmean2": 12.1924467087, "dvar": 79.0044784546, "dvar2": 164.289703369, "max": 133.410415649, "mean": 23.3545875549, "median": 18.6476707458, "min": 1.89424836636, "var": 293.993469238}, "pitch_salience": {"dmean": 0.090784355998, "dmean2": 0.12738455832, "dvar": 0.0074224518612, "dvar2": 0.0139630837366, "max": 0.854481577873, "mean": 0.441325098276, "median": 0.429788023233, "min": 0.0961826592684, "var": 0.0293045137078}, "silence_rate_20dB": {"dmean": 0, "dmean2": 0, "dvar": 0, "dvar2": 0, "max": 1, "mean": 1, "median": 1, "min": 1, "var": 0}, "silence_rate_30dB": {"dmean": 0.11642742902, "dmean2": 0.23294775188, "dvar": 0.102869987488, "dvar2": 0.22016517818, "max": 1, "mean": 0.816261470318, "median": 1, "min": 0, "var": 0.149975329638}, "silence_rate_60dB": {"dmean": 0.00637958524749, "dmean2": 0.0123653765768, "dvar": 0.00633907364681, "dvar2": 0.01620105654, "max": 1, "mean": 0.00717417290434, "median": 0, "min": 0, "var": 0.00712273363024}, "spectral_centroid": {"dmean": 264.799102783, "dmean2": 413.288421631, "dvar": 54763.6601562, "dvar2": 128127.210938, "max": 3577.88427734, "mean": 1897.06591797, "median": 1877.43188477, "min": 592.566711426, "var": 259815.109375}, "spectral_complexity": {"dmean": 5.9059009552, "dmean2": 8.43916988373, "dvar": 34.2686805725, "dvar2": 60.9659767151, "max": 57, "mean": 26.3790359497, "median": 26, "min": 0, "var": 96.5787963867}, "spectral_decrease": {"dmean": 4.45066472565e-09, "dmean2": 6.22488594004e-09, "dvar": 2.65270966007e-17, "dvar2": 5.83119450807e-17, "max": -4.02025578143e-20, "mean": -1.34243318684e-08, "median": -9.65543645037e-09, "min": -4.41216592151e-08, "var": 1.14800069407e-16}, "spectral_energy": {"dmean": 0.0173894129694, "dmean2": 0.024530319497, "dvar": 0.000389902066672, "dvar2": 0.000848968164064, "max": 0.170396700501, "mean": 0.0532316192985, "median": 0.0393275395036, "min": 1.05978865007e-12, "var": 0.0016946203541}, "spectral_energyband_high": {"dmean": 0.000805092742667, "dmean2": 0.00117698754184, "dvar": 1.64351808962e-06, "dvar2": 3.24928601003e-06, "max": 0.0099569093436, "mean": 0.00157962099183, "median": 0.000750218518078, "min": 7.19687981085e-13, "var": 3.32882973453e-06}, "spectral_energyband_low": {"dmean": 0.0154486326501, "dmean2": 0.0214644838125, "dvar": 0.000444164063083, "dvar2": 0.000952038855758, "max": 0.158207938075, "mean": 0.0373880937696, "median": 0.0256991777569, "min": 1.19338387235e-14, "var": 0.00153108290397}, "spectral_energyband_middle_high": {"dmean": 0.00301100988872, "dmean2": 0.00480349222198, "dvar": 1.33810763145e-05, "dvar2": 3.19935315929e-05, "max": 0.0424888208508, "mean": 0.00657983869314, "median": 0.00559777300805, "min": 1.92248249113e-13, "var": 2.27217315114e-05}, "spectral_energyband_middle_low": {"dmean": 0.00541805801913, "dmean2": 0.00883337389678, "dvar": 8.6097032181e-05, "dvar2": 0.000219022462261, "max": 0.0605569630861, "mean": 0.00863270927221, "median": 0.00500890472904, "min": 4.87146842234e-14, "var": 9.6848969406e-05}, "spectral_entropy": {"dmean": 0.0894927158952, "dmean2": 0.139835700393, "dvar": 0.00648189755157, "dvar2": 0.0145442709327, "max": 8.74308490753, "mean": 7.90023565292, "median": 7.91202974319, "min": 7.09656381607, "var": 0.0545815564692}, "spectral_flux": {"dmean": 0.0360642708838, "dmean2": 0.055175922811, "dvar": 0.00140299019404, "dvar2": 0.00267813261598, "max": 0.303254574537, "mean": 0.110151611269, "median": 0.0922583416104, "min": 0.000329433649313, "var": 0.00388476788066}, "spectral_kurtosis": {"dmean": 1.00216770172, "dmean2": 1.76526093483, "dvar": 1.30315768719, "dvar2": 4.00243520737, "max": 14.8672122955, "mean": 2.90563631058, "median": 2.55379962921, "min": 0.781647920609, "var": 1.71169507504}, "spectral_rms": {"dmean": 0.00115293753333, "dmean2": 0.00158425897826, "dvar": 1.41553709909e-06, "dvar2": 2.46179388341e-06, "max": 0.0128934355453, "mean": 0.00660958653316, "median": 0.0061942175962, "min": 3.21549400439e-08, "var": 8.24665221444e-06}, "spectral_rolloff": {"dmean": 589.158569336, "dmean2": 884.00378418, "dvar": 632716.125, "dvar2": 1159873.125, "max": 18001.7578125, "mean": 1409.15820312, "median": 1033.59375, "min": 64.599609375, "var": 1786814.125}, "spectral_skewness": {"dmean": 0.139701142907, "dmean2": 0.236284151673, "dvar": 0.0168884489685, "dvar2": 0.0470140948892, "max": 2.22756171227, "mean": 1.13856887817, "median": 1.11778235435, "min": 0.711231052876, "var": 0.0283845588565}, "spectral_spread": {"dmean": 396360, "dmean2": 603136.5, "dvar": 405415526400, "dvar2": 580685070336, "max": 29072402, "mean": 4377436, "median": 4381971, "min": 2307902.5, "var": 1513337520130.0}, "spectral_strongpeak": {"dmean": 0.362139523029, "dmean2": 0.599381625652, "dvar": 0.315980106592, "dvar2": 0.815522551537, "max": 6.52263498306, "mean": 0.735737323761, "median": 0.545563936234, "min": 0, "var": 0.485921293497}, "zerocrossingrate": {"dmean": 0.0127190649509, "dmean2": 0.0132116405293, "dvar": 0.000174340952071, "dvar2": 0.00020314779249, "max": 0.48681640625, "mean": 0.0581552907825, "median": 0.0537109375, "min": 0.00732421875, "var": 0.00108250649646}, "barkbands": {"dmean": [0.000271855969913, 0.0132225304842, 0.00524341780692, 0.0012316624634, 0.00259811826982, 0.000708435778506, 0.000551265897229, 0.00098026834894, 0.000910184520762, 0.000969287240878, 0.000511459016707, 0.000358975637937, 0.000320639897836, 0.000455685687484, 0.000490851176437, 0.000529409793671, 0.000439822091721, 0.000327959074639, 0.000273051526165, 0.000260146654909, 0.000200097783818, 0.000203754985705, 0.000149420666276, 0.000123310353956, 7.06271312083e-05, 1.96526998479e-05, 6.43324301564e-06], "dmean2": [0.000319891318213, 0.0188987832516, 0.00872153881937, 0.00216888682917, 0.00460964394733, 0.00115328840911, 0.000865357287694, 0.00155240704771, 0.00149491534103, 0.00162642588839, 0.000873621203937, 0.000606738496572, 0.000520062632859, 0.000752629654016, 0.00081870588474, 0.00089199381182, 0.000731041887775, 0.000563150795642, 0.000438896851847, 0.000412420311477, 0.000316636112984, 0.000311910262099, 0.000220228845137, 0.000181568335393, 0.000102565390989, 2.84051166091e-05, 9.01652765606e-06], "dvar": [1.57425915859e-07, 0.000376669951947, 0.00014303829812, 9.61122259469e-06, 4.39004761574e-05, 1.35538778068e-06, 1.52799736952e-06, 3.80237611353e-06, 2.23017968892e-06, 4.06405752074e-06, 9.84841335594e-07, 6.11499046954e-07, 4.15754669802e-07, 6.96485358276e-07, 6.37082678168e-07, 7.48313823351e-07, 3.67978913118e-07, 4.54323611621e-07, 1.23560027987e-07, 1.41931408848e-07, 8.08649289752e-08, 1.13304750471e-07, 6.58236416484e-08, 4.60844198358e-08, 1.65472648916e-08, 1.29195842913e-09, 1.59492460905e-10], "dvar2": [2.44567729624e-07, 0.000731127045583, 0.000350727845216, 2.61309542111e-05, 0.000123345380416, 3.30110310642e-06, 3.70398652194e-06, 9.44276507653e-06, 5.8241125771e-06, 1.09904731289e-05, 2.70331497632e-06, 1.65365702287e-06, 1.04900050246e-06, 1.78307686838e-06, 1.6119531665e-06, 1.87870148238e-06, 8.94723370948e-07, 1.29577585994e-06, 3.0909149018e-07, 3.28140743022e-07, 1.87997869716e-07, 2.44908477498e-07, 1.34502869287e-07, 9.45645410866e-08, 3.48653905746e-08, 2.81212608755e-09, 3.14610393293e-10], "max": [0.00398594141006, 0.135013401508, 0.062596231699, 0.0196978822351, 0.0438288263977, 0.01547570806, 0.0322796925902, 0.0314026661217, 0.017943656072, 0.0322711393237, 0.0122586898506, 0.013970808126, 0.011398114264, 0.0104944864288, 0.00913452077657, 0.0108952214941, 0.00778836943209, 0.0133415935561, 0.00365784182213, 0.00426447950304, 0.0029921210371, 0.00354951363988, 0.0027482167352, 0.00183771422599, 0.00118750787806, 0.000329218513798, 0.000159628558322], "mean": [0.000631078146398, 0.0308017302305, 0.00530602550134, 0.00106703606434, 0.00237278360873, 0.00103144033346, 0.000810813507996, 0.00149228482042, 0.00124221574515, 0.00130105379503, 0.000625213200692, 0.00050948059652, 0.00043356048991, 0.000638126919512, 0.000681328529026, 0.000757167523261, 0.000677386356983, 0.000560988788493, 0.000519203371368, 0.000467554520583, 0.000365974323358, 0.000353995797923, 0.000246641982812, 0.000198331181309, 0.000103081198176, 2.73659970844e-05, 9.73634723778e-06], "median": [0.000295256730169, 0.0198979061097, 0.00166456401348, 0.000308425340336, 0.000628447334748, 0.000509410863742, 0.000402980891522, 0.000355383061105, 0.00064233771991, 0.000498159963172, 0.000267844734481, 0.000178410424269, 0.000161639531143, 0.000293142802548, 0.000358072313247, 0.000426965794759, 0.000451164116384, 0.000372533337213, 0.000391462352127, 0.000311917072395, 0.000227771000937, 0.000156671230798, 8.49003990879e-05, 5.5479034927e-05, 2.45174687734e-05, 4.62374737253e-06, 8.8819638222e-07], "min": [1.33868508997e-14, 5.16478212533e-15, 6.47947276244e-16, 1.14117265561e-15, 5.00450400996e-15, 6.83854167548e-15, 9.2428302967e-15, 4.82076858765e-15, 1.57156019697e-14, 1.53080317384e-14, 9.61648702292e-15, 4.10313516968e-15, 2.19097201319e-14, 6.05899438423e-15, 8.65132347271e-15, 1.4777546862e-14, 2.07322952073e-14, 2.04069972861e-14, 4.81921326575e-14, 4.93845111018e-14, 7.7811922758e-14, 6.8568340296e-14, 6.22012546179e-14, 9.39906586264e-14, 1.34926751304e-13, 9.50740476472e-14, 1.71410791377e-13], "var": [5.95723804508e-07, 0.00121091736946, 0.00012187698303, 6.67572521706e-06, 3.16993173328e-05, 1.96845371647e-06, 2.03980334845e-06, 9.21932223719e-06, 3.11344683723e-06, 6.1695614022e-06, 1.04106140952e-06, 9.66195102592e-07, 5.54113853468e-07, 1.11016288429e-06, 8.68927656938e-07, 1.11456574814e-06, 4.83864084799e-07, 5.52146047994e-07, 1.92064220528e-07, 2.27736180136e-07, 1.35199925921e-07, 2.10448121152e-07, 1.22212753695e-07, 8.69775149681e-08, 2.69878164261e-08, 2.02668837268e-09, 2.92512125633e-10]}, "erbbands": {"dmean": [0.422459661961, 3.18412137032, 6.32253408432, 3.72206330299, 4.92266559601, 10.631272316, 8.2638835907, 5.32132005692, 7.93284606934, 11.2900133133, 21.890838623, 24.3773059845, 27.1141414642, 21.6832618713, 23.5392570496, 16.1086978912, 14.2805347443, 23.8236579895, 24.0789546967, 26.5421829224, 24.407327652, 19.7860679626, 20.5320701599, 12.9823169708, 13.0806751251, 13.2764749527, 8.9100189209, 8.01953220367, 6.97615528107, 5.91015958786, 4.65403032303, 3.01703310013, 1.74245929718, 0.918220698833, 0.451226294041, 0.122750766575, 0.0311472620815, 0.00696764187887, 0.00121395289898, 6.94902191753e-05], "dmean2": [0.523479700089, 4.5999546051, 9.65926551819, 5.76008176804, 8.68312740326, 19.0810947418, 14.0024681091, 8.71927452087, 12.2818956375, 17.7398376465, 35.1547431946, 39.973575592, 45.2656059265, 36.4963989258, 40.2263870239, 26.9872112274, 23.0934562683, 39.4189224243, 40.1955490112, 44.6355056763, 40.7386054993, 32.509727478, 35.1263694763, 21.4292831421, 20.7423229218, 21.4380569458, 14.1384687424, 12.2919168472, 10.657541275, 9.17713928223, 6.8985004425, 4.42375040054, 2.57461500168, 1.34248661995, 0.664901673794, 0.179471284151, 0.0450364723802, 0.0098976995796, 0.00171123712789, 9.81710400083e-05], "dvar": [0.35031953454, 22.6355762482, 170.628814697, 67.6484832764, 168.093154907, 779.424682617, 321.386016846, 76.5868225098, 322.443969727, 525.635681152, 2200.6472168, 1666.30627441, 4389.37744141, 2166.22045898, 2284.13476562, 1408.29333496, 746.559448242, 2003.91650391, 1667.95422363, 1699.15466309, 1303.99047852, 681.403747559, 1932.23071289, 295.670532227, 334.412689209, 376.718414307, 142.829177856, 160.746658325, 154.729171753, 101.186454773, 65.9120178223, 28.3345508575, 9.09663963318, 2.72345733643, 0.699709892273, 0.0502613820136, 0.00347291957587, 0.000167727732332, 5.81047606829e-06, 1.28288650814e-08], "dvar2": [0.509248316288, 47.3551979065, 394.788299561, 151.419967651, 465.860778809, 2202.42211914, 849.466796875, 191.418045044, 758.539489746, 1324.84997559, 5424.72021484, 4341.86474609, 11499.5683594, 6057.54589844, 6357.61328125, 3808.18701172, 1853.73254395, 5191.17480469, 4293.05810547, 4346.62402344, 3299.40332031, 1620.69946289, 5517.91162109, 758.915893555, 794.505981445, 902.450866699, 328.459197998, 362.597229004, 336.010192871, 219.366699219, 139.028686523, 58.7805633545, 19.1205234528, 5.65157461166, 1.56421792507, 0.112606793642, 0.00744679290801, 0.000325626198901, 1.1841721971e-05, 2.56013024114e-08], "max": [4.21881580353, 34.3383674622, 81.270690918, 67.5780258179, 93.4266891479, 191.058227539, 180.654663086, 118.554725647, 452.764038086, 382.64932251, 857.278747559, 477.916412354, 1346.20275879, 1069.54638672, 632.224853516, 665.724731445, 500.138824463, 596.110351562, 503.001098633, 688.827453613, 518.234680176, 323.695770264, 832.917358398, 225.314346313, 232.880096436, 180.447647095, 114.791069031, 148.354675293, 176.783966064, 87.1059341431, 89.8321914673, 45.7161407471, 29.1169567108, 15.3811836243, 7.14792251587, 2.12463140488, 0.47875764966, 0.130930915475, 0.0278345644474, 0.00150596816093], "mean": [1.01876330376, 6.33510160446, 7.73225975037, 4.27845668793, 4.30548286438, 9.26880741119, 9.64264011383, 8.13087940216, 12.0312833786, 17.81042099, 33.1244354248, 34.214389801, 37.5964508057, 29.4491233826, 29.9863204956, 24.1064968109, 20.7028274536, 33.8445091248, 35.842338562, 38.9878578186, 36.6315536499, 33.7815513611, 35.4797019958, 25.1413669586, 24.9246616364, 23.258184433, 16.5641613007, 14.4091053009, 12.3034486771, 9.96032905579, 7.42405366898, 4.80042600632, 2.69766759872, 1.38976836205, 0.607177853584, 0.164945408702, 0.0441541187465, 0.010578321293, 0.00180357147474, 0.000143664336065], "median": [0.659762740135, 3.74889159203, 4.15132427216, 1.86773824692, 1.46052002907, 2.16919994354, 2.93969488144, 4.4755616188, 5.89443969727, 7.62303352356, 9.74183273315, 17.6669044495, 15.4507656097, 14.3730344772, 14.8319330215, 8.93049716949, 9.75677394867, 16.6609592438, 20.0201301575, 23.2518253326, 23.6919555664, 24.4944324493, 22.8224964142, 19.9335823059, 17.7370052338, 15.6145029068, 10.8627185822, 8.03347587585, 5.72539806366, 3.91021728516, 2.33960986137, 1.33969223499, 0.751946926117, 0.342982679605, 0.133573636413, 0.0314303152263, 0.00652246084064, 0.00120460777543, 0.000199925256311, 9.48355300352e-05], "min": [2.15040414945e-13, 1.00106934461e-12, 9.15822973013e-13, 3.52619886415e-12, 8.63283750041e-12, 1.40029212184e-11, 3.76212359876e-11, 6.84617848523e-11, 1.19187978931e-10, 1.15447609805e-10, 1.79610132323e-10, 3.35700856002e-10, 4.35215585792e-10, 4.23966028951e-10, 3.3522215559e-10, 2.1993259991e-10, 1.0022808139e-09, 5.46680478664e-10, 3.25170695925e-10, 5.05386177352e-10, 1.03721553568e-09, 1.11247067114e-09, 9.84657466674e-10, 1.42187750463e-09, 2.95038038445e-09, 2.40079867098e-09, 2.69947508791e-09, 3.03755176567e-09, 1.90011228973e-09, 3.12253378709e-09, 1.56728197087e-09, 1.88666771095e-09, 1.75752101761e-09, 1.40380507219e-09, 1.01021158105e-09, 4.15383560881e-10, 1.29157434747e-10, 9.79474903962e-11, 2.37560179861e-11, 2.58908519624e-12], "var": [1.40980625153, 58.9995574951, 186.324676514, 69.898399353, 111.952522278, 551.283752441, 366.557495117, 116.129760742, 458.288208008, 1133.78845215, 5177.29492188, 2333.91040039, 7099.08544922, 2760.67700195, 2358.79663086, 2279.66821289, 1001.85345459, 3048.09692383, 2406.10644531, 2113.21826172, 1745.68212891, 970.615600586, 2353.5612793, 390.799255371, 574.442260742, 552.777770996, 242.371612549, 281.289031982, 286.058868408, 181.583068848, 118.931335449, 52.5621757507, 16.1440906525, 4.6230597496, 1.02182233334, 0.0740381404757, 0.00556706497446, 0.000316011079121, 1.00250708783e-05, 2.55195296006e-08]}, "gfcc": {"mean": [31.8401813507, 76.2325897217, -131.849472046, 44.5494689941, -53.0424423218, 15.9437618256, -23.3341407776, 15.08507061, -8.60453701019, 2.86451554298, -9.97176456451, 0.746870875359, -2.49832034111], "cov": [[3600.98999023, -556.697265625, 1405.55200195, 547.909667969, 431.740539551, 550.016723633, 129.431762695, 328.016021729, 33.9129562378, 116.876083374, -204.846908569, -24.204164505, -176.922363281], [-556.697265625, 1291.22119141, -258.934783936, 141.739257812, 204.18888855, -38.9014701843, 219.925506592, -18.1971225739, 113.006881714, -28.2482624054, 179.662002563, -47.6609992981, 98.1482162476], [1405.55200195, -258.934783936, 1510.15734863, 632.201782227, 538.352478027, 496.873657227, 243.963943481, 350.724945068, 116.145401001, 95.930847168, -116.699958801, -31.5101184845, -155.84866333], [547.909667969, 141.739257812, 632.201782227, 418.71105957, 352.292724609, 268.721618652, 201.775909424, 186.754943848, 112.461090088, 55.0479011536, 0.307790905237, -12.9936876297, -41.2702560425], [431.740539551, 204.18888855, 538.352478027, 352.292724609, 360.264221191, 257.628204346, 213.768844604, 167.984207153, 112.708969116, 51.5402641296, 14.3347539902, -11.6298656464, -28.572013855], [550.016723633, -38.9014701843, 496.873657227, 268.721618652, 257.628204346, 280.275054932, 160.169403076, 169.553161621, 75.5089492798, 65.6322937012, -14.6635761261, 0.0439515225589, -36.3732719421], [129.431762695, 219.925506592, 243.963943481, 201.775909424, 213.768844604, 160.169403076, 223.362564087, 136.400985718, 125.562515259, 46.760181427, 53.6215248108, 3.83076548576, 5.66679286957], [328.016021729, -18.1971225739, 350.724945068, 186.754943848, 167.984207153, 169.553161621, 136.400985718, 168.707046509, 91.8514404297, 58.5385017395, 3.13872790337, 7.38794755936, -21.0228538513], [33.9129562378, 113.006881714, 116.145401001, 112.461090088, 112.708969116, 75.5089492798, 125.562515259, 91.8514404297, 127.762985229, 58.5895690918, 54.965927124, 18.22813797, 18.749130249], [116.876083374, -28.2482624054, 95.930847168, 55.0479011536, 51.5402641296, 65.6322937012, 46.760181427, 58.5385017395, 58.5895690918, 73.1297454834, 36.5942268372, 22.6370029449, 6.77510738373], [-204.846908569, 179.662002563, -116.699958801, 0.307790905237, 14.3347539902, -14.6635761261, 53.6215248108, 3.13872790337, 54.965927124, 36.5942268372, 92.4814376831, 31.6331729889, 40.9605712891], [-24.204164505, -47.6609992981, -31.5101184845, -12.9936876297, -11.6298656464, 0.0439515225589, 3.83076548576, 7.38794755936, 18.22813797, 22.6370029449, 31.6331729889, 52.2180366516, 29.2452774048], [-176.922363281, 98.1482162476, -155.84866333, -41.2702560425, -28.572013855, -36.3732719421, 5.66679286957, -21.0228538513, 18.749130249, 6.77510738373, 40.9605712891, 29.2452774048, 66.8678207397]], "icov": [[0.000528818636667, -0.00016242962738, -0.000241951755015, -0.000222319329623, 0.000440688425442, -0.00071429979289, 0.000123760444694, 0.000184506017831, 7.84869771451e-05, -0.000848766008858, 0.00128622201737, -0.000679467513692, 0.000357005541446], [-0.00016242962738, 0.0030179170426, 0.000520911358763, -0.000539588334505, -0.00322938105091, 0.00223856349476, -0.000881141982973, -0.000539018190466, 0.00125222094357, 0.00308875157498, -0.00681337388232, 0.0066710235551, -0.00364348082803], [-0.000241951755015, 0.000520911358763, 0.00408308207989, -0.0031239441596, -0.00272784102708, 0.000618979684077, 0.000786740216427, -0.00268749776296, 0.00105581688695, -0.00150149071123, 0.00281250313856, -0.00145695894025, 0.00321358628571], [-0.000222319329623, -0.000539588334505, -0.0031239441596, 0.0184204727411, -0.0118026891723, -0.0016105575487, 0.00325501360931, -0.00240525277331, -0.00344068743289, 0.00408967444673, -0.00347804231569, 0.00145736488048, -0.000616046367213], [0.000440688425442, -0.00322938105091, -0.00272784102708, -0.0118026891723, 0.0297033842653, -0.012079785578, -0.00629924237728, 0.00741200055927, -0.0042993305251, 0.00124786735978, 0.00307077309117, -0.00322887464426, 0.00185919553041], [-0.00071429979289, 0.00223856349476, 0.000618979684077, -0.0016105575487, -0.012079785578, 0.026624340564, -0.00981692783535, -0.00766411004588, 0.0135822268203, -0.0140897203237, 0.00557005917653, 0.000429204577813, -0.00296418485232], [0.000123760444694, -0.000881141982973, 0.000786740216427, 0.00325501360931, -0.00629924237728, -0.00981692783535, 0.0287275016308, -0.00993182230741, -0.0149459838867, 0.0159348882735, -0.0130979102105, 0.00436938693747, 0.000563197827432], [0.000184506017831, -0.000539018190466, -0.00268749776296, -0.00240525277331, 0.00741200055927, -0.00766411004588, -0.00993182230741, 0.0300000663847, -0.00927448831499, -0.0070132240653, 0.00937689654529, -0.00542364595458, 0.00274199410342], [7.84869771451e-05, 0.00125222094357, 0.00105581688695, -0.00344068743289, -0.0042993305251, 0.0135822268203, -0.0149459838867, -0.00927448831499, 0.0353403575718, -0.0185116026551, -0.00090487691341, 0.00180687569082, -0.00566071411595], [-0.000848766008858, 0.00308875157498, -0.00150149071123, 0.00408967444673, 0.00124786735978, -0.0140897203237, 0.0159348882735, -0.0070132240653, -0.0185116026551, 0.0510321743786, -0.0320791378617, 0.00759458169341, -0.00209241476841], [0.00128622201737, -0.00681337388232, 0.00281250313856, -0.00347804231569, 0.00307077309117, 0.00557005917653, -0.0130979102105, 0.00937689654529, -0.00090487691341, -0.0320791378617, 0.0584377609193, -0.029468998313, 0.00680819200352], [-0.000679467513692, 0.0066710235551, -0.00145695894025, 0.00145736488048, -0.00322887464426, 0.000429204577813, 0.00436938693747, -0.00542364595458, 0.00180687569082, 0.00759458169341, -0.029468998313, 0.0508071631193, -0.022752949968], [0.000357005541446, -0.00364348082803, 0.00321358628571, -0.000616046367213, 0.00185919553041, -0.00296418485232, 0.000563197827432, 0.00274199410342, -0.00566071411595, -0.00209241476841, 0.00680819200352, -0.022752949968, 0.035933393985]]}, "melbands": {"dmean": [0.00364841381088, 0.00324364146218, 0.000625013199169, 0.000585552363191, 0.000335362710757, 0.000121199533169, 0.00011782751244, 0.000138261748361, 0.000178275615326, 0.000147612809087, 0.000135341339046, 9.09866648726e-05, 7.34908608138e-05, 5.22092777828e-05, 2.82458877336e-05, 3.49286710843e-05, 4.9180984206e-05, 3.94159578718e-05, 3.03228207486e-05, 4.65535194962e-05, 2.65571779892e-05, 1.93836694962e-05, 2.9312348488e-05, 1.29814570755e-05, 1.11401359391e-05, 1.17014587886e-05, 7.50390790927e-06, 9.79648393695e-06, 6.4105815909e-06, 4.45763907919e-06, 5.60584612685e-06, 4.45322166343e-06, 3.62136211152e-06, 3.08607104671e-06, 3.08964240503e-06, 1.98150974029e-06, 1.80434949471e-06, 1.31527781377e-06, 9.76767751126e-07, 7.60991383686e-07], "dmean2": [0.00508006568998, 0.00459125125781, 0.000954120361712, 0.00104900472797, 0.000575830985326, 0.000198482419364, 0.000182376752491, 0.000217007109313, 0.000288637238555, 0.000242633585003, 0.000226580959861, 0.000153927670908, 0.00012576575682, 8.90016017365e-05, 4.66202873213e-05, 5.70375632378e-05, 8.12910802779e-05, 6.63682149025e-05, 4.98534864164e-05, 7.8986005974e-05, 4.49386316177e-05, 3.20260078297e-05, 4.98496701766e-05, 2.19682478928e-05, 1.85202206922e-05, 1.91462022485e-05, 1.17129111459e-05, 1.59993487614e-05, 1.03625498014e-05, 7.18624187357e-06, 8.67187736731e-06, 6.90501747158e-06, 5.7952561292e-06, 4.74126727568e-06, 4.65034872832e-06, 2.93492485071e-06, 2.68142821369e-06, 1.94437075152e-06, 1.52186828473e-06, 1.11715667117e-06], "dvar": [2.84816323983e-05, 2.89082327072e-05, 1.76656885742e-06, 2.38575330513e-06, 5.68734037643e-07, 3.73986956959e-08, 7.38907317555e-08, 7.47073940488e-08, 1.28206551153e-07, 6.21392288735e-08, 1.08818980493e-07, 4.24571418023e-08, 2.03439380897e-08, 1.05451887222e-08, 2.37515718204e-09, 6.40814468156e-09, 1.01363060168e-08, 3.97044086498e-09, 2.17193951713e-09, 6.071084524e-09, 1.4904955048e-09, 6.31948660068e-10, 2.50244447386e-09, 6.10593853256e-10, 2.36678426857e-10, 3.16891485275e-10, 9.12467948422e-11, 2.39337633046e-10, 8.47382927716e-11, 3.46622001934e-11, 9.57804252577e-11, 7.56404383573e-11, 3.38930203347e-11, 2.8620049039e-11, 3.0586214117e-11, 1.20278413965e-11, 1.00149784299e-11, 5.14793893278e-12, 2.88885712227e-12, 1.93347421407e-12], "dvar2": [5.07946278958e-05, 6.07227448199e-05, 3.68733344658e-06, 6.700497579e-06, 1.54835709054e-06, 9.22217751054e-08, 1.74185188939e-07, 1.87721724387e-07, 3.2075973877e-07, 1.61935815868e-07, 2.86115579229e-07, 1.1858213611e-07, 5.62482540545e-08, 2.88018480177e-08, 6.2095937281e-09, 1.62586637487e-08, 2.62425476905e-08, 1.03208446234e-08, 5.5239857133e-09, 1.54374397709e-08, 3.85415210857e-09, 1.55838197902e-09, 6.64097088432e-09, 1.72312419888e-09, 6.20478834978e-10, 8.02714061887e-10, 2.07030809163e-10, 5.82735359966e-10, 1.98345173619e-10, 7.84948564481e-11, 2.23616680728e-10, 1.70102418262e-10, 7.79268594098e-11, 6.09345907066e-11, 6.6497127249e-11, 2.51214014868e-11, 2.11365022706e-11, 1.07663444132e-11, 6.5926205467e-12, 3.9452729278e-12], "max": [0.0362244285643, 0.0390067659318, 0.0101816467941, 0.0113055603579, 0.00719866296276, 0.00232034828514, 0.00700082164258, 0.00451630912721, 0.00630806712434, 0.0025779439602, 0.00658176559955, 0.00470350775868, 0.00171278370544, 0.00171650585253, 0.000670724548399, 0.0015365332365, 0.00135120679624, 0.000759885995649, 0.000657437427435, 0.000958878023084, 0.000505867996253, 0.000261335662799, 0.000762983458117, 0.000445779878646, 0.00021587201627, 0.000222259215661, 8.8430744654e-05, 0.000170770246768, 0.000110518543806, 6.11633222434e-05, 0.000131284454255, 0.000137522685691, 5.83110922889e-05, 5.43901223864e-05, 7.01465760358e-05, 2.97038968711e-05, 2.62269695668e-05, 2.04205880436e-05, 1.53208311531e-05, 1.38874411277e-05], "mean": [0.00888930540532, 0.00557779194787, 0.000747506739572, 0.000496988475788, 0.000370596651919, 0.000184308635653, 0.000178913134732, 0.000217337350477, 0.000265097449301, 0.000202787254239, 0.000182891773875, 0.000118356932944, 9.14637421374e-05, 7.28141458239e-05, 4.09773601859e-05, 4.69521291961e-05, 6.66985797579e-05, 5.61406450288e-05, 4.2970492359e-05, 6.45958716632e-05, 3.83219012292e-05, 3.1660500099e-05, 4.42830350948e-05, 2.28016779147e-05, 1.96229048015e-05, 2.04358966585e-05, 1.38446011988e-05, 1.61054049386e-05, 1.10536766442e-05, 7.98372821009e-06, 9.0960338639e-06, 7.43639066059e-06, 5.84604231335e-06, 5.08355969941e-06, 4.69339192932e-06, 3.08926132675e-06, 2.80913513961e-06, 1.9836327283e-06, 1.45857688949e-06, 1.09490520117e-06], "median": [0.00586700951681, 0.00328169111162, 0.000318683451042, 0.000132269167807, 0.000110557295557, 0.000100395162008, 8.56825645315e-05, 8.64489484229e-05, 8.0967474787e-05, 0.000102119374787, 7.08643274265e-05, 5.16680993314e-05, 4.04388702009e-05, 2.7642101486e-05, 1.74984470505e-05, 1.84243690455e-05, 2.61060031335e-05, 3.16118021146e-05, 2.51995134022e-05, 3.22495470755e-05, 2.36388787016e-05, 2.22511971515e-05, 2.59324460785e-05, 1.54722656589e-05, 1.45423882714e-05, 1.3504331946e-05, 9.89739965007e-06, 9.99425810733e-06, 6.74450757288e-06, 5.44306612937e-06, 4.35813262811e-06, 3.3577728118e-06, 2.53158282248e-06, 1.91561593965e-06, 1.43307374856e-06, 9.31252259306e-07, 7.44388330531e-07, 5.39636289432e-07, 3.99131153017e-07, 2.45667933996e-07], "min": [2.39175168657e-15, 8.33173794171e-16, 6.18434689598e-16, 8.91587409675e-16, 1.17771566865e-15, 1.54197742306e-15, 1.76656100924e-15, 1.21130052501e-15, 1.6594154707e-15, 2.23633892844e-15, 2.2496718623e-15, 1.76750915675e-15, 1.14891252504e-15, 5.70393627807e-16, 1.20933604385e-15, 2.20108287608e-15, 8.58149619412e-16, 3.98600999484e-16, 7.48309298488e-16, 6.42308630853e-16, 1.36846494728e-15, 1.29693386191e-15, 7.60463374248e-16, 9.93793899102e-16, 9.98503614047e-16, 2.39759070819e-15, 1.83717295798e-15, 1.44035930389e-15, 1.67228295996e-15, 1.99293596423e-15, 1.54330779418e-15, 8.60985856297e-16, 1.59802919307e-15, 1.65567243211e-15, 8.55369445521e-16, 9.40592500839e-16, 1.21248827696e-15, 1.20725964846e-15, 1.30729688651e-15, 1.06907141119e-15], "var": [0.000101307239674, 5.42664638488e-05, 1.99465625883e-06, 1.57101464993e-06, 5.93373215452e-07, 5.77818397574e-08, 1.04741658902e-07, 1.73931525183e-07, 2.93770710869e-07, 8.58889208644e-08, 1.75176737116e-07, 5.41655573727e-08, 2.14033057944e-08, 1.48852459247e-08, 3.76994124807e-09, 8.04826960632e-09, 1.55596762141e-08, 5.69398483918e-09, 2.80528067442e-09, 8.72016236997e-09, 1.79461900895e-09, 8.59952331567e-10, 3.41738370935e-09, 7.46199046997e-10, 2.98030322643e-10, 4.82267448199e-10, 1.53381307655e-10, 3.43983563855e-10, 1.35775612975e-10, 6.19786721945e-11, 1.57022714276e-10, 1.3105666552e-10, 5.71042102493e-11, 5.15508087606e-11, 5.2426028796e-11, 2.15120699032e-11, 1.8635785623e-11, 9.03766297911e-12, 4.70452756612e-12, 3.16364122399e-12]}, "mfcc": {"mean": [-602.780212402, 98.3804779053, -12.7003927231, 30.1757793427, 0.507590830326, 7.34272003174, -0.720058560371, 11.6375894547, 8.41937732697, 9.789935112, 1.92490041256, 2.71150350571, 1.23493385315], "cov": [[2307.05908203, -336.302276611, 769.10534668, 198.361801147, 399.613494873, 255.571426392, 229.797988892, 183.150238037, 234.939437866, 147.0181427, 84.3979721069, 26.5490875244, 54.3750190735], [-336.302276611, 873.119506836, -214.55682373, 181.950973511, -3.10591173172, 63.5531005859, 83.4206390381, 55.1470413208, -1.83286786079, 41.7882232666, 42.2947463989, 57.8386650085, 38.0492286682], [769.10534668, -214.55682373, 894.974609375, 313.075744629, 439.75189209, 240.289672852, 261.216644287, 241.046768188, 248.550811768, 175.336486816, 120.930618286, 52.1164283752, 68.2209625244], [198.361801147, 181.950973511, 313.075744629, 283.502990723, 229.260543823, 161.758743286, 163.758590698, 159.066268921, 133.594299316, 116.423797607, 83.541305542, 62.6041107178, 50.5969848633], [399.613494873, -3.10591173172, 439.75189209, 229.260543823, 306.016906738, 187.552703857, 183.293579102, 159.456161499, 153.700561523, 115.534080505, 79.502456665, 41.8772354126, 45.7526664734], [255.571426392, 63.5531005859, 240.289672852, 161.758743286, 187.552703857, 174.017700195, 148.079238892, 124.478691101, 110.437004089, 96.4645690918, 63.3842887878, 42.8455162048, 43.8012199402], [229.797988892, 83.4206390381, 261.216644287, 163.758590698, 183.293579102, 148.079238892, 179.251541138, 141.055755615, 118.10710907, 95.1394424438, 73.8097991943, 48.0739517212, 41.1550865173], [183.150238037, 55.1470413208, 241.046768188, 159.066268921, 159.456161499, 124.478691101, 141.055755615, 163.233184814, 128.194076538, 100.531593323, 72.4302749634, 48.7349777222, 40.5227775574], [234.939437866, -1.83286786079, 248.550811768, 133.594299316, 153.700561523, 110.437004089, 118.10710907, 128.194076538, 142.877914429, 107.249572754, 62.9512062073, 39.8278694153, 45.3731613159], [147.0181427, 41.7882232666, 175.336486816, 116.423797607, 115.534080505, 96.4645690918, 95.1394424438, 100.531593323, 107.249572754, 124.311653137, 72.7851791382, 35.9003829956, 42.8286437988], [84.3979721069, 42.2947463989, 120.930618286, 83.541305542, 79.502456665, 63.3842887878, 73.8097991943, 72.4302749634, 62.9512062073, 72.7851791382, 95.7365875244, 55.27942276, 21.9046077728], [26.5490875244, 57.8386650085, 52.1164283752, 62.6041107178, 41.8772354126, 42.8455162048, 48.0739517212, 48.7349777222, 39.8278694153, 35.9003829956, 55.27942276, 82.2324905396, 46.5716438293], [54.3750190735, 38.0492286682, 68.2209625244, 50.5969848633, 45.7526664734, 43.8012199402, 41.1550865173, 40.5227775574, 45.3731613159, 42.8286437988, 21.9046077728, 46.5716438293, 77.5717926025]], "icov": [[0.00067430420313, 4.94825108035e-05, -0.000479505077237, 0.000434157962445, -9.60332836257e-05, -0.000795177591499, 4.86316603201e-05, 0.00055224908283, -0.000744291988667, 0.000263193243882, 3.32666786562e-05, -1.93138603208e-05, 0.000125174570712], [4.94825108035e-05, 0.00257344171405, 0.00172605877742, -0.0037725775037, 0.000848747324198, 0.000562633678783, -0.00260724988766, 0.000587271526456, 0.00118237338029, -0.000135371898068, -0.000483674084535, 0.000819620501716, -0.00106842711102], [-0.000479505077237, 0.00172605877742, 0.00606398517266, -0.00241415249184, -0.00627474812791, 0.0039780526422, -0.00241616345011, -0.000224093309953, -0.00137598044239, 0.000638697005343, -0.00168728001881, 0.00212279916741, -0.00176105170976], [0.000434157962445, -0.0037725775037, -0.00241415249184, 0.0182739514858, -0.0086505766958, -0.0014627071796, 0.00357049587183, -0.00629201950505, 0.00212243292481, -0.00458123954013, 0.00350200943649, -0.00618922105059, 0.00308547075838], [-9.60332836257e-05, 0.000848747324198, -0.00627474812791, -0.0086505766958, 0.0272640716285, -0.0127468239516, -0.00321287102997, 0.00445632543415, -0.00579519988969, 0.00575822964311, -0.00299092661589, 0.0044813239947, -0.000330046750605], [-0.000795177591499, 0.000562633678783, 0.0039780526422, -0.0014627071796, -0.0127468239516, 0.0305563509464, -0.0135990614071, -0.00192712445278, 0.00453329645097, -0.00860924646258, 0.0042610890232, -0.00235609873198, -0.00146402476821], [4.86316603201e-05, -0.00260724988766, -0.00241616345011, 0.00357049587183, -0.00321287102997, -0.0135990614071, 0.0322664864361, -0.0126266879961, -0.00165879633278, 0.00404272787273, -0.00466618873179, 9.74189242697e-05, 8.92307871254e-05], [0.00055224908283, 0.000587271526456, -0.000224093309953, -0.00629201950505, 0.00445632543415, -0.00192712445278, -0.0126266879961, 0.0347671471536, -0.01967667602, 0.00235160486773, -0.00268664653413, -0.00112090108451, 0.00226516718976], [-0.000744291988667, 0.00118237338029, -0.00137598044239, 0.00212243292481, -0.00579519988969, 0.00453329645097, -0.00165879633278, -0.01967667602, 0.0459349192679, -0.0233096349984, 0.00893937330693, -0.00532160606235, -0.00154311477672], [0.000263193243882, -0.000135371898068, 0.000638697005343, -0.00458123954013, 0.00575822964311, -0.00860924646258, 0.00404272787273, 0.00235160486773, -0.0233096349984, 0.0407100431621, -0.0237601734698, 0.0172124300152, -0.0120668262243], [3.32666786562e-05, -0.000483674084535, -0.00168728001881, 0.00350200943649, -0.00299092661589, 0.0042610890232, -0.00466618873179, -0.00268664653413, 0.00893937330693, -0.0237601734698, 0.0389891192317, -0.0265834536403, 0.0154904667288], [-1.93138603208e-05, 0.000819620501716, 0.00212279916741, -0.00618922105059, 0.0044813239947, -0.00235609873198, 9.74189242697e-05, -0.00112090108451, -0.00532160606235, 0.0172124300152, -0.0265834536403, 0.039763007313, -0.0217537116259], [0.000125174570712, -0.00106842711102, -0.00176105170976, 0.00308547075838, -0.000330046750605, -0.00146402476821, 8.92307871254e-05, 0.00226516718976, -0.00154311477672, -0.0120668262243, 0.0154904667288, -0.0217537116259, 0.0289054848254]]}, "spectral_contrast_coeffs": {"dmean": [0.0530611537397, 0.0499422885478, 0.0453759729862, 0.0363426953554, 0.0214764494449, 0.0157155711204], "dmean2": [0.0843248069286, 0.080754481256, 0.0744359865785, 0.0595277436078, 0.0354222916067, 0.0250886939466], "dvar": [0.00229591107927, 0.00151513179298, 0.00123664853163, 0.000839967746288, 0.000321981642628, 0.000185584227438], "dvar2": [0.00537939462811, 0.00380592769943, 0.00329915620387, 0.00215153582394, 0.000817219086457, 0.000413519621361], "max": [-0.2628249228, -0.496621102095, -0.513571381569, -0.598804116249, -0.667674064636, -0.652230203152], "mean": [-0.677432119846, -0.742338299751, -0.75436103344, -0.762624144554, -0.792019307613, -0.730435013771], "median": [-0.700619101524, -0.755066752434, -0.760159015656, -0.765757620335, -0.795379519463, -0.73421049118], "min": [-0.948066949844, -0.97582423687, -0.973759293556, -0.958685517311, -0.936021029949, -0.929698228836], "var": [0.00908380746841, 0.00577178969979, 0.003279422177, 0.00237574358471, 0.000762652023695, 0.000887962989509]}, "spectral_contrast_valleys": {"dmean": [0.479381322861, 0.397762924433, 0.343356907368, 0.313487440348, 0.23549669981, 0.349491983652], "dmean2": [0.709606826305, 0.630426883698, 0.539536654949, 0.491354495287, 0.347591102123, 0.497477293015], "dvar": [0.298336625099, 0.173919335008, 0.145570546389, 0.140853926539, 0.105027325451, 0.221679762006], "dvar2": [0.449505507946, 0.337841570377, 0.267917811871, 0.261170834303, 0.157604470849, 0.389393061399], "max": [-5.29491996765, -4.74730205536, -5.31192350388, -5.70003175735, -5.71099948883, -7.83896684647], "mean": [-7.17376422882, -6.66821575165, -6.97628211975, -7.2883067131, -6.80361652374, -9.69852161407], "median": [-6.55516672134, -6.6535305976