{"lowlevel": {"average_loudness": 0.937009930611, "barkbands_crest": {"dmean": 2.76413488388, "dmean2": 4.19017410278, "dvar": 8.53633308411, "dvar2": 17.3763694763, "max": 26.6424007416, "mean": 16.065164566, "median": 17.0860939026, "min": 2.15038824081, "var": 44.0602722168}, "barkbands_flatness_db": {"dmean": 0.0456526577473, "dmean2": 0.0608522966504, "dvar": 0.00235281605273, "dvar2": 0.00386631605215, "max": 0.597028374672, "mean": 0.2311129421, "median": 0.212891086936, "min": 0.0155990999192, "var": 0.0147398654372}, "barkbands_kurtosis": {"dmean": 36.8683891296, "dmean2": 55.1728477478, "dvar": 6597.96386719, "dvar2": 14789.7392578, "max": 1212.9342041, "mean": 56.18176651, "median": 14.5758094788, "min": -1.8741465807, "var": 13094.6474609}, "barkbands_skewness": {"dmean": 1.7211073637, "dmean2": 2.43103289604, "dvar": 4.60843992233, "dvar2": 9.52143478394, "max": 30.9360980988, "mean": 4.57262086868, "median": 3.32692241669, "min": -2.33060789108, "var": 17.2703876495}, "barkbands_spread": {"dmean": 8.15172958374, "dmean2": 12.0113162994, "dvar": 159.18031311, "dvar2": 319.489837646, "max": 117.737281799, "mean": 16.0630092621, "median": 7.72700214386, "min": 0.106362089515, "var": 400.339782715}, "dissonance": {"dmean": 0.0278951525688, "dmean2": 0.044511590153, "dvar": 0.000890914467163, "dvar2": 0.00222606724128, "max": 0.500000059605, "mean": 0.439969986677, "median": 0.453640967607, "min": 0.171409144998, "var": 0.00258165015839}, "dynamic_complexity": 4.40576648712, "erbbands_crest": {"dmean": 3.11574411392, "dmean2": 4.77780914307, "dvar": 8.50819301605, "dvar2": 18.5873622894, "max": 29.096075058, "mean": 10.6969766617, "median": 9.75221252441, "min": 1.96432459354, "var": 29.9839019775}, "erbbands_flatness_db": {"dmean": 0.0277110729367, "dmean2": 0.0392323620617, "dvar": 0.00100886938162, "dvar2": 0.00172661698889, "max": 0.492739677429, "mean": 0.147447153926, "median": 0.131998330355, "min": 0.0282387211919, "var": 0.00532832602039}, "erbbands_kurtosis": {"dmean": 2.42332673073, "dmean2": 3.76875495911, "dvar": 13.9004526138, "dvar2": 30.3681735992, "max": 53.3632392883, "mean": 2.66797971725, "median": 0.610607504845, "min": -1.87858426571, "var": 31.8905448914}, "erbbands_skewness": {"dmean": 0.649110913277, "dmean2": 0.959613382816, "dvar": 0.44304934144, "dvar2": 0.938904881477, "max": 6.12073326111, "mean": 0.715350210667, "median": 0.595095694065, "min": -2.88646459579, "var": 1.49430203438}, "erbbands_spread": {"dmean": 15.5571994781, "dmean2": 23.6050548553, "dvar": 349.890228271, "dvar2": 736.795593262, "max": 178.665328979, "mean": 49.6151046753, "median": 42.8029327393, "min": 1.14485991001, "var": 1167.09057617}, "hfc": {"dmean": 8.4522485733, "dmean2": 12.0689325333, "dvar": 175.131195068, "dvar2": 373.695648193, "max": 178.685012817, "mean": 14.5522441864, "median": 7.6662106514, "min": 5.36472271051e-08, "var": 346.45401001}, "melbands_crest": {"dmean": 3.46386694908, "dmean2": 5.06771802902, "dvar": 12.8103532791, "dvar2": 28.0884151459, "max": 37.7359199524, "mean": 22.5953407288, "median": 23.1165008545, "min": 2.69761300087, "var": 83.482421875}, "melbands_flatness_db": {"dmean": 0.0548537373543, "dmean2": 0.0736053660512, "dvar": 0.00341470632702, "dvar2": 0.0057327109389, "max": 0.745984911919, "mean": 0.334668040276, "median": 0.316976249218, "min": 0.014817818068, "var": 0.0216634422541}, "melbands_kurtosis": {"dmean": 56.86743927, "dmean2": 83.8922119141, "dvar": 11362.7021484, "dvar2": 24069.359375, "max": 2353.07421875, "mean": 108.397567749, "median": 37.6029472351, "min": -1.75509560108, "var": 32438.1738281}, "melbands_skewness": {"dmean": 1.92162775993, "dmean2": 2.80751562119, "dvar": 5.15532016754, "dvar2": 11.2291240692, "max": 36.8325004578, "mean": 6.32480430603, "median": 5.08533477783, "min": -2.29242897034, "var": 25.970823288}, "melbands_spread": {"dmean": 5.91510868073, "dmean2": 9.11708927155, "dvar": 126.817886353, "dvar2": 285.919372559, "max": 209.2681427, "mean": 12.0293521881, "median": 5.32913780212, "min": 0.0812769457698, "var": 363.507171631}, "pitch_salience": {"dmean": 0.088450782001, "dmean2": 0.135123506188, "dvar": 0.0105125512928, "dvar2": 0.0216892659664, "max": 0.922986447811, "mean": 0.37807700038, "median": 0.360397428274, "min": 0.0166854485869, "var": 0.0465995594859}, "silence_rate_20dB": {"dmean": 0, "dmean2": 0, "dvar": 0, "dvar2": 0, "max": 1, "mean": 1, "median": 1, "min": 1, "var": 0}, "silence_rate_30dB": {"dmean": 0.0930232554674, "dmean2": 0.186069905758, "dvar": 0.0843764916062, "dvar2": 0.170811280608, "max": 1, "mean": 0.751885354519, "median": 1, "min": 0, "var": 0.186545461416}, "silence_rate_60dB": {"dmean": 0.053802639246, "dmean2": 0.107618808746, "dvar": 0.050910435617, "dvar2": 0.11465356499, "max": 1, "mean": 0.15284062922, "median": 0, "min": 0, "var": 0.129489332438}, "spectral_centroid": {"dmean": 358.774810791, "dmean2": 556.614196777, "dvar": 269542.15625, "dvar2": 573313.4375, "max": 10737.2871094, "mean": 964.192687988, "median": 689.48449707, "min": 83.5214080811, "var": 595013.5}, "spectral_complexity": {"dmean": 3.69880580902, "dmean2": 5.28576803207, "dvar": 41.6664619446, "dvar2": 68.9824523926, "max": 59, "mean": 9.52564144135, "median": 8, "min": 0, "var": 81.8958282471}, "spectral_decrease": {"dmean": 7.40627115192e-09, "dmean2": 1.08565725299e-08, "dvar": 1.19382451477e-16, "dvar2": 2.78285713268e-16, "max": 1.05828362604e-16, "mean": -1.60654884951e-08, "median": -1.01673292008e-08, "min": -1.02300099059e-07, "var": 3.1783201398e-16}, "spectral_energy": {"dmean": 0.0283590946347, "dmean2": 0.0414872206748, "dvar": 0.00173113122582, "dvar2": 0.00401739124209, "max": 0.393370836973, "mean": 0.06195487082, "median": 0.0397298149765, "min": 1.34029141952e-11, "var": 0.00463221082464}, "spectral_energyband_high": {"dmean": 0.000532796490006, "dmean2": 0.000797318294644, "dvar": 8.63668219608e-07, "dvar2": 1.97320582629e-06, "max": 0.006320301909, "mean": 0.000635302858427, "median": 0.000139773401315, "min": 3.24688756784e-12, "var": 1.15340878892e-06}, "spectral_energyband_low": {"dmean": 0.0269916150719, "dmean2": 0.0419697128236, "dvar": 0.00196517212316, "dvar2": 0.00471079349518, "max": 0.374632835388, "mean": 0.0535742864013, "median": 0.0297904647887, "min": 7.74909975597e-13, "var": 0.00430573476478}, "spectral_energyband_middle_high": {"dmean": 0.00126950384583, "dmean2": 0.00186240824405, "dvar": 1.36413909786e-05, "dvar2": 2.88508599624e-05, "max": 0.106286466122, "mean": 0.00220937025733, "median": 0.000353138195351, "min": 8.47760121651e-13, "var": 5.08771227032e-05}, "spectral_energyband_middle_low": {"dmean": 0.00623986357823, "dmean2": 0.0105888899416, "dvar": 0.000258571293671, "dvar2": 0.000682913174387, "max": 0.127763003111, "mean": 0.00729407416657, "median": 0.00296970549971, "min": 8.20624991571e-12, "var": 0.000206026496016}, "spectral_entropy": {"dmean": 0.362887382507, "dmean2": 0.524531245232, "dvar": 0.188819989562, "dvar2": 0.344971805811, "max": 9.79099273682, "mean": 7.30617046356, "median": 7.44729614258, "min": 4.598736763, "var": 0.705952703953}, "spectral_flux": {"dmean": 0.050334174186, "dmean2": 0.0691883638501, "dvar": 0.00438836729154, "dvar2": 0.00634455122054, "max": 0.583552718163, "mean": 0.103627793491, "median": 0.0612426623702, "min": 6.15837197984e-05, "var": 0.0121518401429}, "spectral_kurtosis": {"dmean": 4.5601143837, "dmean2": 7.05051231384, "dvar": 136.041061401, "dvar2": 320.081756592, "max": 358.213531494, "mean": 9.9227514267, "median": 3.8028819561, "min": -1.18080079556, "var": 525.264221191}, "spectral_rms": {"dmean": 0.00157714809757, "dmean2": 0.0021806191653, "dvar": 3.81645804737e-06, "dvar2": 7.67866276874e-06, "max": 0.0195902120322, "mean": 0.00646881619468, "median": 0.00622581597418, "min": 1.14350399372e-07, "var": 1.85980643437e-05}, "spectral_rolloff": {"dmean": 618.846923828, "dmean2": 1053.96435547, "dvar": 2649294.25, "dvar2": 5912668, "max": 18561.6210938, "mean": 1039.5357666, "median": 215.33203125, "min": 43.06640625, "var": 4586739.5}, "spectral_skewness": {"dmean": 0.49584004283, "dmean2": 0.740082681179, "dvar": 0.566784083843, "dvar2": 1.1816958189, "max": 14.8933076859, "mean": 2.13540816307, "median": 1.69563508034, "min": 0.0330365002155, "var": 2.38371920586}, "spectral_spread": {"dmean": 1199881, "dmean2": 1714373.75, "dvar": 2247942209540.0, "dvar2": 3723848318980.0, "max": 39657760, "mean": 6286737.5, "median": 6046473, "min": 248431.15625, "var": 8339901120510.0}, "spectral_strongpeak": {"dmean": 0.271322369576, "dmean2": 0.436607152224, "dvar": 0.353697687387, "dvar2": 0.989981770515, "max": 14.3841676712, "mean": 0.652917027473, "median": 0.548905611038, "min": 0, "var": 0.687888622284}, "zerocrossingrate": {"dmean": 0.0162497293204, "dmean2": 0.0181480515748, "dvar": 0.000477129622595, "dvar2": 0.00054207345238, "max": 0.45703125, "mean": 0.0483029596508, "median": 0.02880859375, "min": 0.001953125, "var": 0.00293150474317}, "barkbands": {"dmean": [0.00148115796037, 0.0223208907992, 0.00897747930139, 0.00347274728119, 0.00229870318435, 0.000563889858313, 0.000227715529036, 0.000554818368983, 0.000343537889421, 0.000289345858619, 0.00014088844182, 0.000319236889482, 0.000178562753717, 0.000181985757081, 0.000108051339339, 7.54418142606e-05, 8.38865453261e-05, 0.000117126088298, 0.000100599776488, 7.60385155445e-05, 7.56822046242e-05, 8.22614238132e-05, 7.01882017893e-05, 8.97810459719e-05, 9.16171848075e-05, 7.06956925569e-05, 3.95266033593e-05], "dmean2": [0.00194986874703, 0.0353009924293, 0.0162119548768, 0.00635054893792, 0.00421557901427, 0.000907493580598, 0.000393669615733, 0.000845446425956, 0.000555354636163, 0.000440444797277, 0.000206582524697, 0.000455362634966, 0.000287782022497, 0.000289699644782, 0.000178605710971, 0.000120092823636, 0.000141355980304, 0.000194656895474, 0.000170904953848, 0.000118922020192, 0.000116433875519, 0.000138968374813, 0.000114802533062, 0.00014439880033, 0.000137176510179, 0.000100566147012, 5.4823969549e-05], "dvar": [8.68456936587e-06, 0.0014499197714, 0.000794394349214, 0.000125289545394, 5.00513269799e-05, 2.62231878878e-06, 3.78380349275e-07, 2.66533288595e-06, 3.82721464121e-06, 3.82953840017e-06, 6.35453034192e-07, 2.84937686956e-06, 3.34221567755e-07, 3.98221146725e-07, 1.18263962179e-07, 3.7769350314e-08, 5.31661576986e-08, 1.58149504159e-07, 7.3884173446e-08, 2.37595099151e-08, 2.69998725599e-08, 2.97257116699e-08, 1.70552603151e-08, 2.87909536212e-08, 2.90640578271e-08, 2.02483061429e-08, 6.58443832791e-09], "dvar2": [2.02296159841e-05, 0.00378703372553, 0.00222897785716, 0.000356099946657, 0.000142784745549, 6.56577321934e-06, 1.05931087546e-06, 5.29580847797e-06, 1.00246488728e-05, 8.77761431184e-06, 1.17790409604e-06, 4.42872396889e-06, 7.89708508364e-07, 8.56274255057e-07, 3.07447749037e-07, 8.90498341732e-08, 1.37337238471e-07, 4.23866850952e-07, 1.98660757178e-07, 4.76354173884e-08, 6.18389819351e-08, 7.63538210435e-08, 4.2338275108e-08, 7.25522113498e-08, 6.59727206198e-08, 4.32008917528e-08, 1.39569502622e-08], "max": [0.0295460019261, 0.321894586086, 0.282578915358, 0.10059183836, 0.0697074905038, 0.03500424698, 0.00808337796479, 0.0422737672925, 0.0675100013614, 0.091642819345, 0.0360460020602, 0.0820846259594, 0.0158007647842, 0.0193470008671, 0.00726864533499, 0.00231323181652, 0.00320662884042, 0.00765511486679, 0.00302348984405, 0.00170023052488, 0.00161044322886, 0.00142450048588, 0.00110255996697, 0.00141779100522, 0.00159045227338, 0.00136951019522, 0.000722368364222], "mean": [0.00304899574257, 0.0413957983255, 0.00744025828317, 0.00257940660231, 0.00194331794046, 0.000804666255135, 0.000318064179737, 0.000943981984165, 0.000537295709364, 0.00044006673852, 0.000208761994145, 0.000696181436069, 0.000201696922886, 0.000253239879385, 0.000105531733425, 7.01483804733e-05, 8.39532076498e-05, 0.00010946317343, 0.000100437719084, 8.55058460729e-05, 8.17104591988e-05, 9.12826581043e-05, 7.7338067058e-05, 0.000104100246972, 0.000104338672827, 8.48114432301e-05, 4.45087571279e-05], "median": [0.000248122407356, 0.0147624015808, 0.000282645749394, 0.000172732892679, 0.000408940250054, 0.000189090147614, 0.000119784876006, 0.000225177966058, 0.000116514856927, 9.08266811166e-05, 3.46833694493e-05, 2.76921819022e-05, 1.84984201042e-05, 1.15716611617e-05, 7.9960173025e-06, 5.43036821909e-06, 6.26819837635e-06, 6.56816882838e-06, 1.02801386674e-05, 1.39696931001e-05, 1.54742901941e-05, 1.51165922944e-05, 1.53716173372e-05, 1.32919631142e-05, 1.62135038408e-05, 9.48636898102e-06, 3.36744551532e-06], "min": [5.92419654457e-14, 2.48570613962e-13, 3.1325522688e-13, 5.09741446102e-13, 1.73731103288e-12, 2.08482124793e-12, 1.94647618336e-12, 1.30262608426e-12, 5.85316463266e-13, 1.13047077125e-13, 6.33171832565e-14, 5.34238689257e-14, 1.50684681204e-13, 6.64547288184e-14, 6.8109539818e-14, 6.60893662388e-14, 4.73007219601e-14, 1.19737919124e-13, 7.84555322726e-14, 9.31894738785e-14, 2.03967160002e-13, 2.49579491188e-13, 2.86761093387e-13, 4.11566722543e-13, 4.47580449266e-13, 7.65718543259e-13, 9.31051351467e-13], "var": [2.28431854339e-05, 0.00303124543279, 0.000514749670401, 7.60375842219e-05, 3.05588473566e-05, 3.6430540149e-06, 3.65922943502e-07, 5.70417296331e-06, 5.36385869054e-06, 4.81206234326e-06, 1.40509587254e-06, 2.06822060136e-05, 4.41360469949e-07, 1.48434185121e-06, 1.17786854048e-07, 3.98087678377e-08, 5.69590916655e-08, 1.35029765147e-07, 7.4592392707e-08, 3.36972725279e-08, 3.29898135476e-08, 3.33852092638e-08, 1.80023089769e-08, 3.43317196894e-08, 3.93134484966e-08, 2.99100975099e-08, 9.03449670631e-09]}, "erbbands": {"dmean": [0.85776746273, 4.59402942657, 9.58725070953, 11.9854335785, 8.8792924881, 6.87730312347, 6.52248716354, 3.63240623474, 3.0627579689, 5.60477828979, 12.8798122406, 7.77429819107, 8.87450027466, 6.77048444748, 6.99357891083, 13.8151760101, 8.22229194641, 9.35916233063, 7.44999170303, 5.00952768326, 3.83960485458, 4.73762369156, 6.54423904419, 5.57441616058, 4.51345205307, 3.65124583244, 2.95456886292, 3.23523759842, 2.9977684021, 2.24504780769, 2.06006813049, 1.81980085373, 1.5469481945, 1.0859156847, 0.62374818325, 0.331936180592, 0.117816388607, 0.0303711947054, 0.00593859702349, 0.00057482504053], "dmean2": [1.24465358257, 7.35793542862, 16.5750408173, 21.4884395599, 16.326341629, 12.5299091339, 10.7848005295, 6.06359767914, 5.37110900879, 8.96182346344, 19.2111415863, 12.0858516693, 13.7432823181, 9.86582183838, 10.0948476791, 19.4374408722, 12.5319719315, 14.3567428589, 12.4076480865, 7.91341018677, 6.10422420502, 7.96360683441, 10.8071804047, 9.55550098419, 7.228910923, 5.67345571518, 4.60801887512, 5.28604745865, 5.02639770508, 3.61525011063, 3.40033197403, 2.95045804977, 2.49081683159, 1.64805865288, 0.948958277702, 0.482789039612, 0.171067714691, 0.0427214540541, 0.00801717489958, 0.000821671623271], "dvar": [2.0193965435, 73.6434402466, 769.278015137, 1403.60803223, 838.759338379, 438.775177002, 268.525024414, 181.322036743, 88.9596862793, 173.241394043, 1861.11853027, 1722.31555176, 2927.14770508, 1538.43457031, 1173.61755371, 6065.03222656, 721.875183105, 1028.88049316, 665.166687012, 233.763458252, 98.7558746338, 165.4090271, 500.679229736, 270.089782715, 135.286437988, 53.9926872253, 38.9337387085, 58.2976226807, 38.0383644104, 17.8194694519, 16.0816402435, 12.5241613388, 8.37723445892, 4.05649852753, 1.40856099129, 0.434007018805, 0.0563867129385, 0.00404886482283, 0.000155227127834, 1.28940439481e-06], "dvar2": [5.16631603241, 179.528686523, 2060.45727539, 3946.84692383, 2366.70361328, 1244.42883301, 662.396118164, 485.788513184, 250.662078857, 412.016723633, 3570.57324219, 4191.17724609, 6279.12158203, 3371.97387695, 2135.89868164, 9370.69238281, 1479.11474609, 2091.6340332, 1691.49743652, 549.044616699, 237.00402832, 423.529418945, 1336.39611816, 751.675354004, 341.129364014, 118.394851685, 78.6794815063, 145.305648804, 94.7828369141, 41.3683891296, 40.7498855591, 32.122844696, 20.9288539886, 9.5009059906, 3.14702248573, 0.914866447449, 0.124960355461, 0.00835476629436, 0.00030972782406, 2.9553539207e-06], "max": [12.8638324738, 80.5674438477, 244.253051758, 405.614227295, 211.26473999, 233.404449463, 310.297027588, 370.845001221, 120.920127869, 308.740234375, 1188.81799316, 1327.08898926, 2209.63208008, 1902.86291504, 1558.33117676, 4245.0625, 1367.42285156, 1080.6953125, 603.644287109, 437.243530273, 108.374092102, 177.090667725, 407.925872803, 180.012069702, 196.50567627, 80.7428436279, 76.037361145, 74.0927658081, 46.904964447, 38.4201469421, 41.8187866211, 32.5616874695, 25.359287262, 18.6077194214, 10.4122476578, 6.59100484848, 2.10337996483, 0.605733573437, 0.121311090887, 0.00931244995445], "mean": [1.77790677547, 6.91023635864, 8.65520572662, 10.0536842346, 6.5887465477, 5.79974079132, 8.88363647461, 5.13763237, 4.05879831314, 10.1398839951, 21.2790775299, 13.0122880936, 14.8540496826, 10.0118379593, 11.8651599884, 29.8092422485, 11.9910049438, 13.7686777115, 7.85325956345, 5.12860774994, 3.77896213531, 4.78418922424, 5.99979162216, 5.50985431671, 4.70786476135, 4.06055402756, 3.3241250515, 3.34683060646, 3.38265347481, 2.66118979454, 2.23953080177, 1.96210753918, 1.8236644268, 1.24555587769, 0.70389944315, 0.393505603075, 0.142311438918, 0.0364034101367, 0.00711095798761, 0.000640192942228], "median": [0.470943540335, 2.2898375988, 0.728750109673, 0.548455357552, 1.00162267685, 1.21904993057, 1.19115686417, 1.57629334927, 1.68458759785, 3.4221906662, 4.58369684219, 3.42340230942, 3.09523963928, 2.02746725082, 1.70156669617, 1.39545345306, 0.984937608242, 0.843219280243, 0.541913807392, 0.361832022667, 0.313665449619, 0.349339455366, 0.349753826857, 0.430735319853, 0.639492988586, 0.680710494518, 0.619579613209, 0.604209423065, 0.51112639904, 0.575275301933, 0.426046997309, 0.275208711624, 0.238832175732, 0.196707457304, 0.0954153984785, 0.0395656190813, 0.0163323692977, 0.00465716375038, 0.000569956144318, 0.000124355399748], "min": [8.47922513453e-12, 5.5209042199e-11, 3.15150350261e-10, 1.02185115924e-09, 3.11646197737e-09, 6.35872332566e-09, 1.15449232396e-08, 1.87465172274e-08, 2.61933976731e-08, 3.00602991388e-08, 2.57520760272e-08, 1.41578366808e-08, 4.35733626958e-09, 3.59105878367e-09, 2.20926121841e-09, 2.66273336713e-09, 6.8032122158e-09, 3.21360471567e-09, 4.08348732606e-09, 4.15738909965e-09, 3.44884343306e-09, 2.9434701343e-09, 5.55137757985e-09, 4.57166660084e-09, 3.95552524068e-09, 5.07014608075e-09, 6.60509869022e-09, 9.07970409969e-09, 7.43023687022e-09, 8.78489103684e-09, 8.86092976771e-09, 9.83373293906e-09, 5.18476150901e-09, 4.14263068294e-09, 3.4134179927e-09, 2.48198528396e-09, 1.58185686772e-09, 5.96342975001e-10, 1.32171107392e-10, 1.34457020171e-11], "var": [5.84306049347, 114.268165588, 564.653930664, 916.99810791, 506.894287109, 275.337371826, 486.32119751, 194.198913574, 73.7368621826, 318.761413574, 3981.43676758, 2604.3215332, 5212.61572266, 2128.45605469, 3018.39233398, 37807.1835938, 2722.70288086, 4176.10986328, 792.300292969, 276.086547852, 107.929397583, 183.249267578, 431.35848999, 249.627441406, 150.206634521, 71.6341934204, 53.791179657, 61.3131408691, 44.9219245911, 22.4956493378, 15.7293024063, 13.339887619, 10.6087026596, 5.35781812668, 1.8260961771, 0.620773732662, 0.0824133902788, 0.00612352695316, 0.000237511761952, 1.56824171427e-06]}, "gfcc": {"mean": [-60.3364372253, 83.8474121094, -55.677406311, 20.5466823578, -49.5717124939, 19.3152217865, -14.7933349609, 12.7774467468, -14.7686290741, 6.46691989899, -9.01717185974, -1.22144246101, -10.6194992065], "cov": [[10537.2890625, -3322.0690918, -542.271606445, 1087.87207031, 403.920837402, 624.845397949, -139.927810669, 167.221511841, -442.184143066, 153.833312988, -136.05619812, 232.128967285, -123.700263977], [-3322.0690918, 3333.86987305, 91.222946167, -702.646118164, 322.66317749, -221.772796631, 369.655731201, -43.4734344482, 402.617797852, -113.842376709, 220.415145874, -95.42527771, 152.117294312], [-542.271606445, 91.222946167, 1180.89331055, 158.908340454, 73.197769165, 94.720375061, 233.327575684, 111.081130981, 114.393562317, 76.9083709717, 2.03306674957, -6.63637018204, 52.5664634705], [1087.87207031, -702.646118164, 158.908340454, 825.524658203, 278.663787842, 204.776367188, 48.6898574829, 130.438903809, 24.4616451263, 44.5359649658, 8.60049533844, 17.9789447784, 8.43563842773], [403.920837402, 322.66317749, 73.197769165, 278.663787842, 876.799804688, 174.466659546, 199.609725952, 132.710372925, 120.27923584, 52.8909873962, 61.4644393921, 59.6428985596, 28.9431228638], [624.845397949, -221.772796631, 94.720375061, 204.776367188, 174.466659546, 345.444732666, 167.33215332, 91.4542312622, 25.9388408661, 78.2056274414, 74.6257095337, 34.1068916321, 16.1665172577], [-139.927810669, 369.655731201, 233.327575684, 48.6898574829, 199.609725952, 167.33215332, 317.054443359, 139.643310547, 138.20791626, 63.312789917, 109.40297699, 19.7262172699, 49.3639793396], [167.221511841, -43.4734344482, 111.081130981, 130.438903809, 132.710372925, 91.4542312622, 139.643310547, 230.499450684, 122.931541443, 87.7567062378, 46.5155410767, 59.761100769, 41.9746513367], [-442.184143066, 402.617797852, 114.393562317, 24.4616451263, 120.27923584, 25.9388408661, 138.20791626, 122.931541443, 232.716781616, 79.8264389038, 85.0828018188, 22.0318527222, 74.0933151245], [153.833312988, -113.842376709, 76.9083709717, 44.5359649658, 52.8909873962, 78.2056274414, 63.312789917, 87.7567062378, 79.8264389038, 138.488082886, 55.6500892639, 52.4131660461, 21.1067962646], [-136.05619812, 220.415145874, 2.03306674957, 8.60049533844, 61.4644393921, 74.6257095337, 109.40297699, 46.5155410767, 85.0828018188, 55.6500892639, 178.462600708, 50.7721939087, 73.9682846069], [232.128967285, -95.42527771, -6.63637018204, 17.9789447784, 59.6428985596, 34.1068916321, 19.7262172699, 59.761100769, 22.0318527222, 52.4131660461, 50.7721939087, 117.629066467, 52.1169662476], [-123.700263977, 152.117294312, 52.5664634705, 8.43563842773, 28.9431228638, 16.1665172577, 49.3639793396, 41.9746513367, 74.0933151245, 21.1067962646, 73.9682846069, 52.1169662476, 112.564811707]], "icov": [[0.000170275729033, 0.000133742229082, 0.000103138714621, -6.72575697536e-05, -8.12430662336e-05, -0.000120836724818, -0.000127695180709, 1.15228585855e-05, 0.00018186988018, -4.89830490551e-05, 0.000119806922157, -0.00015513105609, -6.42229206278e-05], [0.000133742229082, 0.00106490030885, 8.14600134618e-05, 0.000690429762471, -0.000513294886332, 0.000457759655546, -0.000988850486465, 0.000706007122062, -0.00148598582018, 0.00135125464294, -0.000580727180932, 0.000475351640489, -0.000259001419181], [0.000103138714621, 8.14600134618e-05, 0.00123437377624, -0.000338036974426, 0.000112914793135, 0.000240419671172, -0.00144170038402, 0.000351628783392, 0.000242366557359, -0.00089274905622, 0.00112649740186, 0.000200713941013, -0.000935593736358], [-6.72575697536e-05, 0.000690429762471, -0.000338036974426, 0.00241737742908, -0.000820868473966, -0.000689967302606, 0.000726270955056, -0.000761378207244, -0.00117377727292, 0.00149676215369, -0.000829549971968, 0.00122212897986, -0.000283437140752], [-8.12430662336e-05, -0.000513294886332, 0.000112914793135, -0.000820868473966, 0.00187232531607, -0.000419785152189, -0.000513326318469, -5.2246582527e-06, -0.000151777261635, -0.000133499430376, 0.000652239017654, -0.0013938122429, 0.000760758237448], [-0.000120836724818, 0.000457759655546, 0.000240419671172, -0.000689967302606, -0.000419785152189, 0.00616300897673, -0.00380449974909, 0.00059596891515, 0.00156690913718, -0.00207785097882, -0.000999852898531, 0.000767991237808, -0.00048329422134], [-0.000127695180709, -0.000988850486465, -0.00144170038402, 0.000726270955056, -0.000513326318469, -0.00380449974909, 0.0104064587504, -0.00425751460716, -0.000962023215834, 0.00131916976534, -0.00335701438598, 0.00144136685412, 0.0014416500926], [1.15228585855e-05, 0.000706007122062, 0.000351628783392, -0.000761378207244, -5.2246582527e-06, 0.00059596891515, -0.00425751460716, 0.0104065258056, -0.00441650627181, -0.00138136895839, 0.00232448242605, -0.00371081149206, 0.000210460610106], [0.00018186988018, -0.00148598582018, 0.000242366557359, -0.00117377727292, -0.000151777261635, 0.00156690913718, -0.000962023215834, -0.00441650627181, 0.0139471208677, -0.00740875210613, 3.06693036691e-05, 0.00376382982358, -0.00548845203593], [-4.89830490551e-05, 0.00135125464294, -0.00089274905622, 0.00149676215369, -0.000133499430376, -0.00207785097882, 0.00131916976534, -0.00138136895839, -0.00740875210613, 0.0166348945349, -0.00373931485228, -0.00457292888314, 0.00502608390525], [0.000119806922157, -0.000580727180932, 0.00112649740186, -0.000829549971968, 0.000652239017654, -0.000999852898531, -0.00335701438598, 0.00232448242605, 3.06693036691e-05, -0.00373931485228, 0.0120311034843, -0.00247276620939, -0.0050461711362], [-0.00015513105609, 0.000475351640489, 0.000200713941013, 0.00122212897986, -0.0013938122429, 0.000767991237808, 0.00144136685412, -0.00371081149206, 0.00376382982358, -0.00457292888314, -0.00247276620939, 0.0170372240245, -0.00788170099258], [-6.42229206278e-05, -0.000259001419181, -0.000935593736358, -0.000283437140752, 0.000760758237448, -0.00048329422134, 0.0014416500926, 0.000210460610106, -0.00548845203593, 0.00502608390525, -0.0050461711362, -0.00788170099258, 0.0184197966009]]}, "melbands": {"dmean": [0.00674587255344, 0.00494261179119, 0.00192328717094, 0.000554818718228, 0.00023518128728, 8.64461471792e-05, 4.57189344161e-05, 7.15123605914e-05, 0.000103049234895, 4.82472059957e-05, 4.59586772195e-05, 2.90163061436e-05, 2.07405846595e-05, 3.79945995519e-05, 2.71352218988e-05, 1.69315026142e-05, 1.7596023099e-05, 1.34539850478e-05, 6.68754455546e-06, 6.13046086073e-06, 4.44140368927e-06, 4.57064470538e-06, 7.04478588887e-06, 4.66158735435e-06, 4.72984675071e-06, 3.48452886101e-06, 2.69235329142e-06, 2.46443300966e-06, 1.84999828434e-06, 1.84046484719e-06, 1.95278084902e-06, 1.80359825208e-06, 1.43926229157e-06, 1.21307050449e-06, 1.25275425944e-06, 1.08353322048e-06, 1.12337636438e-06, 1.13923977096e-06, 9.9337046322e-07, 9.26984341731e-07], "dmean2": [0.0103629101068, 0.00781311932951, 0.00339412176982, 0.00102755683474, 0.000398634467274, 0.000142587101436, 8.01121059339e-05, 0.000113425208838, 0.000151225845912, 7.74931249907e-05, 7.08778243279e-05, 4.262494258e-05, 2.9935990824e-05, 5.25794894202e-05, 3.91776520701e-05, 2.70117525361e-05, 2.69617212325e-05, 2.2207848815e-05, 1.08745225589e-05, 9.61871228355e-06, 7.19641593605e-06, 7.63875141274e-06, 1.22512456073e-05, 7.58965188652e-06, 8.20568038762e-06, 5.92315927861e-06, 4.02283649237e-06, 3.87715635952e-06, 2.94831602332e-06, 2.84943666884e-06, 3.29431986756e-06, 3.07931077259e-06, 2.3660431907e-06, 1.94285553334e-06, 2.09275503948e-06, 1.77814740709e-06, 1.81974223779e-06, 1.86210536413e-06, 1.55331406404e-06, 1.41516500207e-06], "dvar": [0.000125223115901, 0.000125709280837, 3.40253500326e-05, 3.25643509314e-06, 3.52933710701e-07, 8.45963086249e-08, 1.86818613912e-08, 2.98559754697e-08, 1.20054352237e-07, 8.49061976282e-08, 8.1068499469e-08, 3.71536366117e-08, 1.46641863097e-08, 4.27723456653e-08, 2.01797103472e-08, 2.91855073442e-09, 3.95270260967e-09, 2.48494735899e-09, 5.63508906204e-10, 2.84152534835e-10, 1.41569075907e-10, 1.41875747262e-10, 6.37756181199e-10, 2.0656559796e-10, 1.94044683099e-10, 8.85607212564e-11, 3.50329730503e-11, 2.50820145903e-11, 1.68622026064e-11, 1.39100874916e-11, 2.47520164087e-11, 1.53940783731e-11, 8.37996425723e-12, 5.24775275318e-12, 5.86501463715e-12, 4.2640240297e-12, 4.98468107069e-12, 4.41729465506e-12, 3.53679824143e-12, 2.97854015757e-12], "dvar2": [0.000332745083142, 0.00030210823752, 9.33927949518e-05, 9.26735629037e-06, 9.29459929466e-07, 2.24052584485e-07, 5.27470263023e-08, 6.8504412809e-08, 2.27769902494e-07, 2.17679883008e-07, 1.75110159262e-07, 8.3698999731e-08, 2.58428052291e-08, 6.66034551955e-08, 2.90098451927e-08, 7.02118940765e-09, 7.52730677789e-09, 6.06825345528e-09, 1.43808276398e-09, 6.52104592547e-10, 3.44834050203e-10, 3.54381912704e-10, 1.71563740992e-09, 5.4004056782e-10, 5.50239909192e-10, 2.33836366936e-10, 7.277859565e-11, 5.6973425977e-11, 3.35598597523e-11, 2.92620094822e-11, 6.63050725436e-11, 4.01537622596e-11, 1.95237125078e-11, 1.26218350008e-11, 1.48316480625e-11, 1.09939574805e-11, 1.28059941124e-11, 1.11054958632e-11, 8.60377914746e-12, 7.03865438156e-12], "max": [0.0985235869884, 0.0985556095839, 0.0597544834018, 0.013710109517, 0.00860473420471, 0.00737207289785, 0.00182565290015, 0.00408451259136, 0.00973655935377, 0.0100949062034, 0.0112033290789, 0.00983848515898, 0.00591344898567, 0.00922881159931, 0.0115496134385, 0.00161867158022, 0.00222933315672, 0.00143266818486, 0.000809905061033, 0.000332336872816, 0.000162990036188, 0.000133758221637, 0.00054997211555, 0.000186529505299, 0.000162647585967, 0.000168549464433, 8.5595776909e-05, 6.59450452076e-05, 4.28972925874e-05, 4.2449166358e-05, 5.09834790137e-05, 3.45046792063e-05, 2.77828821709e-05, 2.60340602836e-05, 2.57591273112e-05, 1.58999118867e-05, 2.816223423e-05, 2.11921724258e-05, 2.54495098488e-05, 1.46446072904e-05], "mean": [0.0133146476001, 0.00608252361417, 0.00165453751106, 0.000415807502577, 0.000300789135508, 0.0001226443419, 6.11468130955e-05, 0.000127002625959, 0.000163886055816, 7.91205675341e-05, 7.37360242056e-05, 4.11732289649e-05, 3.1622388633e-05, 7.18952287571e-05, 5.45555703866e-05, 2.12240429391e-05, 2.59047956206e-05, 1.34556557896e-05, 6.97790255799e-06, 5.85613906878e-06, 4.28676912634e-06, 4.78737365484e-06, 6.11742098044e-06, 4.49030403615e-06, 4.53212533102e-06, 3.4828990465e-06, 3.02653324979e-06, 2.64016671281e-06, 2.03790591513e-06, 2.015976861e-06, 1.89513662008e-06, 1.94243648366e-06, 1.65538540386e-06, 1.41709233503e-06, 1.34729236834e-06, 1.13299677196e-06, 1.18751245282e-06, 1.30832222567e-06, 1.18224625112e-06, 1.01206455838e-06], "median": [0.0043191886507, 0.00175404176116, 0.000107368367026, 7.65629883972e-05, 4.66897545266e-05, 3.68753026123e-05, 2.37820713664e-05, 4.01762445108e-05, 3.31835835823e-05, 1.76111607288e-05, 1.43916877278e-05, 7.50990056986e-06, 5.02746661368e-06, 4.17077762904e-06, 2.38995971813e-06, 1.92027891899e-06, 1.26171971715e-06, 8.23079176371e-07, 4.79773348161e-07, 4.32966686503e-07, 3.19911094948e-07, 3.43366650668e-07, 3.42359896877e-07, 3.04804643747e-07, 3.11827704991e-07, 3.67816483049e-07, 4.80284484183e-07, 4.31461671724e-07, 3.38577365255e-07, 3.59832256436e-07, 3.18913464525e-07, 2.64961897756e-07, 3.00500204276e-07, 3.01831931893e-07, 2.50911966759e-07, 1.84269282499e-07, 1.52342494175e-07, 1.6631258859e-07, 1.56707159249e-07, 1.45256990436e-07], "min": [7.21422569036e-14, 1.29699378949e-13, 2.39463884919e-13, 3.32298451993e-13, 3.89028110941e-13, 4.20484312516e-13, 4.07599545478e-13, 3.27477086247e-13, 1.97364802453e-13, 7.66952961643e-14, 1.97563285989e-14, 1.44435922641e-14, 8.29001563983e-15, 6.45268513372e-15, 8.98246676828e-15, 1.52726155968e-14, 4.75785648604e-15, 6.98854655176e-15, 5.3698034856e-15, 5.36187398667e-15, 3.88671740463e-15, 2.86322483633e-15, 4.09702340345e-15, 5.44703086753e-15, 3.42194957944e-15, 3.45309053398e-15, 2.51425403832e-15, 3.35695695315e-15, 3.5840475451e-15, 5.57019919894e-15, 5.13763853102e-15, 4.64981616307e-15, 4.09700519224e-15, 5.17570969739e-15, 5.43207480678e-15, 5.28660918007e-15, 6.52167046156e-15, 3.37174424259e-15, 3.68074440284e-15, 3.36296199323e-15], "var": [0.000307437003357, 0.000136087284773, 2.33173541346e-05, 1.91961771634e-06, 4.90153126975e-07, 9.4747903745e-08, 1.54865542612e-08, 5.40345013178e-08, 2.50724468742e-07, 1.22475753983e-07, 1.36528072403e-07, 4.68573126966e-08, 3.44734090163e-08, 2.01644624553e-07, 1.96492180748e-07, 5.14855891254e-09, 1.72081104921e-08, 3.20745119353e-09, 5.93290083728e-10, 3.23426535553e-10, 1.48984033443e-10, 1.73700068218e-10, 5.29446153585e-10, 1.88816032254e-10, 1.76415604347e-10, 9.00121643888e-11, 5.08526797061e-11, 3.11166196976e-11, 2.25598272702e-11, 1.88917319288e-11, 2.26276410803e-11, 1.63857764163e-11, 1.0350499971e-11, 6.29244486378e-12, 5.72111021752e-12, 4.19796098924e-12, 5.35744712482e-12, 5.54242372483e-12, 4.75175974957e-12, 3.75618503315e-12]}, "mfcc": {"mean": [-725.347229004, 128.028137207, 45.3412284851, 19.6000938416, 2.07046222687, 11.0393924713, 12.4541788101, 9.61605644226, 5.93551063538, 9.87880706787, 8.12274837494, 4.74034690857, 2.57673859596], "cov": [[8682.33496094, -2547.20581055, -967.221008301, 232.57270813, 387.648590088, 304.442962646, 230.930450439, 72.8034896851, -141.534866333, -145.105758667, -30.5647468567, -89.3203887939, -119.320655823], [-2547.20581055, 3074.55297852, 57.6432266235, -204.557098389, -41.3682632446, -14.6447257996, 24.822303772, 150.38444519, 104.635543823, 161.214553833, 88.6838226318, 69.0278091431, 127.867248535], [-967.221008301, 57.6432266235, 1045.95471191, 30.4320964813, -185.428817749, -0.887418985367, 38.4069442749, -12.1876001358, 113.452575684, 51.3790664673, 26.6942234039, 32.4372520447, 35.2548789978], [232.57270813, -204.557098389, 30.4320964813, 496.12020874, 312.921508789, 111.82308197, 93.5065231323, 108.669288635, 113.045379639, 63.3001785278, 51.8898162842, 28.9823532104, 31.803483963], [387.648590088, -41.3682632446, -185.428817749, 312.921508789, 466.093414307, 199.220458984, 141.586990356, 123.316291809, 98.366104126, 60.6176452637, 47.0907440186, 43.5033226013, 49.0992507935], [304.442962646, -14.6447257996, -0.887418985367, 111.82308197, 199.220458984, 265.776763916, 172.203994751, 85.2960586548, 62.7633514404, 42.0372581482, 68.441192627, 42.0793190002, 31.7090358734], [230.930450439, 24.822303772, 38.4069442749, 93.5065231323, 141.586990356, 172.203994751, 261.649627686, 135.98248291, 60.6892127991, 64.6367263794, 62.3873596191, 56.2808227539, 59.3283653259], [72.8034896851, 150.38444519, -12.1876001358, 108.669288635, 123.316291809, 85.2960586548, 135.98248291, 176.153961182, 98.798034668, 72.9844970703, 62.6649246216, 47.9119529724, 59.6069412231], [-141.534866333, 104.635543823, 113.452575684, 113.045379639, 98.366104126, 62.7633514404, 60.6892127991, 98.798034668, 179.822372437, 93.0527496338, 63.9397163391, 53.025970459, 54.3634300232], [-145.105758667, 161.214553833, 51.3790664673, 63.3001785278, 60.6176452637, 42.0372581482, 64.6367263794, 72.9844970703, 93.0527496338, 143.743591309, 87.4095458984, 48.8575973511, 53.9059638977], [-30.5647468567, 88.6838226318, 26.6942234039, 51.8898162842, 47.0907440186, 68.441192627, 62.3873596191, 62.6649246216, 63.9397163391, 87.4095458984, 128.841308594, 63.6658592224, 39.4108276367], [-89.3203887939, 69.0278091431, 32.4372520447, 28.9823532104, 43.5033226013, 42.0793190002, 56.2808227539, 47.9119529724, 53.025970459, 48.8575973511, 63.6658592224, 100.843078613, 68.2708435059], [-119.320655823, 127.867248535, 35.2548789978, 31.803483963, 49.0992507935, 31.7090358734, 59.3283653259, 59.6069412231, 54.3634300232, 53.9059638977, 39.4108276367, 68.2708435059, 106.232086182]], "icov": [[0.000189893034985, 0.000157242728164, 0.000155959423864, 2.47871157626e-05, 6.04445403951e-06, -0.000152306471136, -8.09576959e-05, -0.000164437165949, 5.44977083337e-05, 4.73509862786e-05, -4.9037476856e-05, 0.000162076888955, 7.10722315489e-06], [0.000157242728164, 0.000527972646523, 7.53038038965e-05, 0.000356708536856, -0.000103966187453, -0.000140886564623, 0.000244112830842, -0.000667499785777, 0.000145032943692, -0.000344947504345, -3.81869940611e-05, 0.000266253366135, -0.000318479898851], [0.000155959423864, 7.53038038965e-05, 0.00157290010247, -0.000714749563485, 0.00145823508501, -0.00047984853154, -0.000828702992294, 0.00104404380545, -0.00144225778058, 2.82225810224e-05, 0.000313773110975, 9.38386656344e-05, -0.000330199254677], [2.47871157626e-05, 0.000356708536856, -0.000714749563485, 0.00445145461708, -0.00340412883088, 0.00105324899778, 0.000332417403115, -0.00119994301349, -0.00049402093282, 9.40356112551e-05, -0.00110768957529, 0.00083098578034, 0.0003316248185], [6.04445403951e-06, -0.000103966187453, 0.00145823508501, -0.00340412883088, 0.00686392420903, -0.00373023399152, 9.14729826036e-05, -0.000247997028055, -0.000999987358227, -0.000902134168427, 0.00243520620279, -0.000864784698933, -0.000681982317474], [-0.000152306471136, -0.000140886564623, -0.00047984853154, 0.00105324899778, -0.00373023399152, 0.00999789964408, -0.00562736671418, 0.00245142891072, -0.0017106900923, 0.00286265928298, -0.00454549118876, 0.00109974469524, 0.000751894665882], [-8.09576959e-05, 0.000244112830842, -0.000828702992294, 0.000332417403115, 9.14729826036e-05, -0.00562736671418, 0.0112763717771, -0.00743439933285, 0.00373526406474, -0.00263557489961, 0.00213904026896, -0.00205242075026, -0.00074666069122], [-0.000164437165949, -0.000667499785777, 0.00104404380545, -0.00119994301349, -0.000247997028055, 0.00245142891072, -0.00743439933285, 0.0161212608218, -0.00619469257072, 0.00126601196826, -0.0027673067525, 0.00209264294244, -0.00266985734925], [5.44977083337e-05, 0.000145032943692, -0.00144225778058, -0.00049402093282, -0.000999987358227, -0.0017106900923, 0.00373526406474, -0.00619469257072, 0.0131009789184, -0.00543017778546, 0.00132953131106, -0.00261683948338, 0.000115400172945], [4.73509862786e-05, -0.000344947504345, 2.82225810224e-05, 9.40356112551e-05, -0.000902134168427, 0.00286265928298, -0.00263557489961, 0.00126601196826, -0.00543017778546, 0.017178395763, -0.00995120126754, 0.00377189088613, -0.00391543656588], [-4.9037476856e-05, -3.81869940611e-05, 0.000313773110975, -0.00110768957529, 0.00243520620279, -0.00454549118876, 0.00213904026896, -0.0027673067525, 0.00132953131106, -0.00995120126754, 0.0197586361319, -0.0101379416883, 0.00436197966337], [0.000162076888955, 0.000266253366135, 9.38386656344e-05, 0.00083098578034, -0.000864784698933, 0.00109974469524, -0.00205242075026, 0.00209264294244, -0.00261683948338, 0.00377189088613, -0.0101379416883, 0.0242862589657, -0.0127964075655], [7.10722315489e-06, -0.000318479898851, -0.000330199254677, 0.0003316248185, -0.000681982317474, 0.000751894665882, -0.00074666069122, -0.00266985734925, 0.000115400172945, -0.00391543656588, 0.00436197966337, -0.0127964075655, 0.020354045555]]}, "spectral_contrast_coeffs": {"dmean": [0.0570329613984, 0.0414933376014, 0.0356730632484, 0.029896967113, 0.0231107622385, 0.0201285369694], "dmean2": [0.089756064117, 0.0661520138383, 0.0558619983494, 0.0475741140544, 0.0372449234128, 0.0326002053916], "dvar": [0.00308029120788, 0.00143210275564, 0.00104674277827, 0.00070103420876, 0.000460701179691, 0.000461575284135], "dvar2": [0.0068185874261, 0.00327777164057, 0.00236509088427, 0.0016046789242, 0.0010956277838, 0.00115986238234], "max": [-0.308567404747, -0.341488301754, -0.381454259157, -0.469994038343, -0.581332683563, -0.653188109398], "mean": [-0.660077869892, -0.746161460876, -0.77128392458, -0.8106726408, -0.823679625988, -0.810954809189], "median": [-0.677207887173, -0.75773537159, -0.779016375542, -0.824560582638, -0.831934928894, -0.817060709], "min": [-0.932396769524, -0.972234964371, -0.949621021748, -0.955617487431, -0.962776005268, -0.962043464184], "var": [0.00937249138951, 0.00626371847466, 0.00500905932859, 0.00368847721256, 0.00221412396058, 0.00147188501433]}, "spectral_contrast_valleys": {"dmean": [0.425493627787, 0.39196267724, 0.422817200422, 0.544988036156, 0.607039034367, 0.615809857845], "dmean2": [0.670583426952, 0.612747490406, 0.634889900684, 0.785831093788, 0.846971213818, 0.788656353951], "dvar": [0.217660501599, 0.23228597641, 0.28904607892, 0.450209885836, 0.55090367794, 0.580430328846], "dvar2": [0.404015898705, 0.463258981705, 0.538386106491, 0.861915826797, 1.06688475609, 1.03260314465], "max": [-4.86677503586, -4.20202302933, -4.65715026855, -5.67202281952, -5.74909162521, -8.09250259399], "mean": [-7.38346290588, -7.32490110397, -8.11665248871, -8.89784431458, -8.73428726196, -10.4751939774], "