{"lowlevel": {"average_loudness": 0.0320217832923, "barkbands_crest": {"dmean": 1.45082569122, "dmean2": 2.13192081451, "dvar": 2.70530581474, "dvar2": 5.29486274719, "max": 26.7351608276, "mean": 13.158121109, "median": 12.1020450592, "min": 4.64903450012, "var": 23.6763591766}, "barkbands_flatness_db": {"dmean": 0.0143270976841, "dmean2": 0.0224091242999, "dvar": 0.000313077820465, "dvar2": 0.00072317244485, "max": 0.64270824194, "mean": 0.375054359436, "median": 0.378716021776, "min": 0.0613951422274, "var": 0.00404282659292}, "barkbands_kurtosis": {"dmean": 1.50309443474, "dmean2": 2.12838959694, "dvar": 33.2528076172, "dvar2": 57.2331733704, "max": 415.611938477, "mean": 4.16626262665, "median": 1.93823337555, "min": -1.88169300556, "var": 159.87802124}, "barkbands_skewness": {"dmean": 0.295054584742, "dmean2": 0.407413423061, "dvar": 0.163807332516, "dvar2": 0.292033404112, "max": 13.4620475769, "mean": 0.746286869049, "median": 0.7902982831, "min": -9.18032646179, "var": 1.55491399765}, "barkbands_spread": {"dmean": 0.793494701385, "dmean2": 1.14432692528, "dvar": 1.53768229485, "dvar2": 3.35389328003, "max": 34.9116249084, "mean": 5.55563211441, "median": 4.40603542328, "min": 0.0563512742519, "var": 19.8673477173}, "dissonance": {"dmean": 0.0410335361958, "dmean2": 0.0709108263254, "dvar": 0.00176741392352, "dvar2": 0.00479007977992, "max": 0.499999821186, "mean": 0.346727520227, "median": 0.350715249777, "min": 0.0413734465837, "var": 0.00698268227279}, "dynamic_complexity": 7.86697864532, "erbbands_crest": {"dmean": 1.89628624916, "dmean2": 2.73307561874, "dvar": 5.65127897263, "dvar2": 11.1391592026, "max": 34.9426002502, "mean": 16.3547477722, "median": 15.2022151947, "min": 2.75895786285, "var": 53.2962265015}, "erbbands_flatness_db": {"dmean": 0.0124622378498, "dmean2": 0.0190687477589, "dvar": 0.000233388927882, "dvar2": 0.000492608058266, "max": 0.640501141548, "mean": 0.399857759476, "median": 0.405565828085, "min": 0.0799378454685, "var": 0.00432149134576}, "erbbands_kurtosis": {"dmean": 1.3623046875, "dmean2": 1.81866753101, "dvar": 10.508146286, "dvar2": 16.6871967316, "max": 137.311431885, "mean": 3.27601504326, "median": 0.955159425735, "min": -1.84403681755, "var": 55.1320991516}, "erbbands_skewness": {"dmean": 0.278148978949, "dmean2": 0.375642240047, "dvar": 0.15149487555, "dvar2": 0.255887985229, "max": 6.08318758011, "mean": 0.281916737556, "median": 0.352881610394, "min": -8.03352165222, "var": 1.45208060741}, "erbbands_spread": {"dmean": 1.35328435898, "dmean2": 1.94384348392, "dvar": 3.25581288338, "dvar2": 6.50540018082, "max": 43.1515922546, "mean": 10.0764598846, "median": 8.93731117249, "min": 0.239973425865, "var": 40.4490470886}, "hfc": {"dmean": 3.01379275322, "dmean2": 3.84650349617, "dvar": 172.469238281, "dvar2": 300.087860107, "max": 479.863983154, "mean": 9.4326915741, "median": 2.89651107788, "min": 1.08209921467e-16, "var": 537.6875}, "melbands_crest": {"dmean": 1.72707283497, "dmean2": 2.5473742485, "dvar": 3.48547434807, "dvar2": 7.31742429733, "max": 34.3767089844, "mean": 15.8173913956, "median": 14.7979412079, "min": 1.62308657169, "var": 32.4494514465}, "melbands_flatness_db": {"dmean": 0.0160791072994, "dmean2": 0.0254359710962, "dvar": 0.000479526846902, "dvar2": 0.00108117272612, "max": 0.736658930779, "mean": 0.488196611404, "median": 0.501923620701, "min": 0.00184774154332, "var": 0.00794520042837}, "melbands_kurtosis": {"dmean": 1.28564441204, "dmean2": 1.82280695438, "dvar": 5.61445713043, "dvar2": 10.6417179108, "max": 126.258270264, "mean": 3.71041941643, "median": 2.33923339844, "min": -1.93257415295, "var": 36.4456672668}, "melbands_skewness": {"dmean": 0.286588847637, "dmean2": 0.400325834751, "dvar": 0.120020091534, "dvar2": 0.217635050416, "max": 7.009516716, "mean": 0.963883936405, "median": 0.986580431461, "min": -5.66446685791, "var": 1.29713618755}, "melbands_spread": {"dmean": 1.46007025242, "dmean2": 2.13834571838, "dvar": 9.69550800323, "dvar2": 22.1908664703, "max": 158.516433716, "mean": 10.3474674225, "median": 6.65196990967, "min": 0.243559792638, "var": 255.534866333}, "pitch_salience": {"dmean": 0.0406005643308, "dmean2": 0.0620531961322, "dvar": 0.00251025194302, "dvar2": 0.00571450218558, "max": 0.898577034473, "mean": 0.505319058895, "median": 0.507843255997, "min": 0.037974011153, "var": 0.0166746787727}, "silence_rate_20dB": {"dmean": 0.000235238767345, "dmean2": 0.000470532890176, "dvar": 0.000235158280702, "dvar2": 0.000470319238957, "max": 1, "mean": 0.999647200108, "median": 1, "min": 0, "var": 0.000352743954863}, "silence_rate_30dB": {"dmean": 0.00729240197688, "dmean2": 0.0145865194499, "dvar": 0.00723941531032, "dvar2": 0.0157860238105, "max": 1, "mean": 0.987063407898, "median": 1, "min": 0, "var": 0.0127694476396}, "silence_rate_60dB": {"dmean": 0.0308162793517, "dmean2": 0.0616398081183, "dvar": 0.0298639833927, "dvar2": 0.0639630183578, "max": 1, "mean": 0.35022932291, "median": 0, "min": 0, "var": 0.227581590414}, "spectral_centroid": {"dmean": 41.4102973938, "dmean2": 59.8871955872, "dvar": 15375.0029297, "dvar2": 27772.7988281, "max": 11735.8896484, "mean": 664.152160645, "median": 468.235321045, "min": 228.940933228, "var": 1504732.875}, "spectral_complexity": {"dmean": 0.852270066738, "dmean2": 1.43347835541, "dvar": 1.76156544685, "dvar2": 3.89108633995, "max": 33, "mean": 7.46618843079, "median": 7, "min": 0, "var": 22.4962997437}, "spectral_decrease": {"dmean": 8.74831318498e-10, "dmean2": 1.12097131577e-09, "dvar": 8.18741302353e-18, "dvar2": 1.39499163029e-17, "max": 1.55172970065e-28, "mean": -3.74193076524e-09, "median": -1.74508341111e-09, "min": -1.10107663431e-07, "var": 4.09003689042e-17}, "spectral_energy": {"dmean": 0.00356727535836, "dmean2": 0.00456811953336, "dvar": 0.000142308272189, "dvar2": 0.000242730864557, "max": 0.45909678936, "mean": 0.0149784618989, "median": 0.00685695093125, "min": 1.00023002787e-20, "var": 0.000679635326378}, "spectral_energyband_high": {"dmean": 9.33136379899e-06, "dmean2": 1.49375855472e-05, "dvar": 1.28916681774e-08, "dvar2": 2.85454380133e-08, "max": 0.00467090820894, "mean": 1.06427723949e-05, "median": 1.08416182698e-08, "min": 6.99087574952e-21, "var": 1.55451065353e-08}, "spectral_energyband_low": {"dmean": 0.000448441132903, "dmean2": 0.000663139100652, "dvar": 1.7415121647e-06, "dvar2": 3.91438243241e-06, "max": 0.0383589938283, "mean": 0.00147057103459, "median": 0.000199347021407, "min": 1.19566393116e-23, "var": 1.25645028675e-05}, "spectral_energyband_middle_high": {"dmean": 0.00190335628577, "dmean2": 0.00246349954978, "dvar": 0.000106989500637, "dvar2": 0.000183286581887, "max": 0.380493551493, "mean": 0.00437916489318, "median": 0.000397738040192, "min": 1.18110637721e-21, "var": 0.000273456185823}, "spectral_energyband_middle_low": {"dmean": 0.00192199274898, "dmean2": 0.00251806131564, "dvar": 2.25694329856e-05, "dvar2": 3.51643502654e-05, "max": 0.248515337706, "mean": 0.00976062752306, "median": 0.00507733039558, "min": 1.62271389264e-22, "var": 0.000231048863498}, "spectral_entropy": {"dmean": 0.105297289789, "dmean2": 0.163538262248, "dvar": 0.0323620140553, "dvar2": 0.0752639397979, "max": 9.82490158081, "mean": 5.48358774185, "median": 5.40975427628, "min": 3.01981449127, "var": 0.45298203826}, "spectral_flux": {"dmean": 0.010999510996, "dmean2": 0.0176513995975, "dvar": 0.000580388179515, "dvar2": 0.00135064765345, "max": 0.487236887217, "mean": 0.0247521214187, "median": 0.015002486296, "min": 6.32318780669e-11, "var": 0.0010813154513}, "spectral_kurtosis": {"dmean": 35.234375, "dmean2": 60.8763999939, "dvar": 1234.77990723, "dvar2": 3494.39624023, "max": 433.933166504, "mean": 143.021377563, "median": 140.772735596, "min": -1.25983178616, "var": 6858.02832031}, "spectral_rms": {"dmean": 0.000332290801452, "dmean2": 0.000418683455791, "dvar": 4.4399476451e-07, "dvar2": 7.00231282735e-07, "max": 0.0211636312306, "mean": 0.00297975540161, "median": 0.00258644693531, "min": 3.12383452439e-12, "var": 5.73426996198e-06}, "spectral_rolloff": {"dmean": 58.4365844727, "dmean2": 101.799568176, "dvar": 59732.4257812, "dvar2": 123654.367188, "max": 19466.015625, "mean": 933.323181152, "median": 602.9296875, "min": 193.798828125, "var": 4418894}, "spectral_skewness": {"dmean": 1.56680905819, "dmean2": 2.75592422485, "dvar": 2.1793847084, "dvar2": 6.0368142128, "max": 16.9334506989, "mean": 8.51083278656, "median": 8.87532138824, "min": -0.0890974923968, "var": 12.0974760056}, "spectral_spread": {"dmean": 282164.25, "dmean2": 500633.25, "dvar": 199015202816, "dvar2": 410815856640, "max": 42441140, "mean": 1408689.125, "median": 784780.5, "min": 214124.90625, "var": 21097554640900.0}, "spectral_strongpeak": {"dmean": 0.426632016897, "dmean2": 0.6320053339, "dvar": 1.28651320934, "dvar2": 2.32171368599, "max": 28.0610961914, "mean": 1.42287683487, "median": 0.695799350739, "min": 0, "var": 4.96081781387}, "zerocrossingrate": {"dmean": 0.00221661990508, "dmean2": 0.00283123855479, "dvar": 3.74647388526e-05, "dvar2": 7.11500906618e-05, "max": 0.52294921875, "mean": 0.0318770781159, "median": 0.02294921875, "min": 0.0068359375, "var": 0.00312471319921}, "barkbands": {"dmean": [3.02187004309e-07, 4.07403895224e-05, 0.000301689375192, 0.000240061985096, 0.000570261327084, 0.000469767925097, 0.000325346307363, 0.000527473748662, 0.000324294436723, 0.000498388311826, 0.000474182190374, 0.000465836259536, 0.000450555235147, 0.000131291410071, 0.000127841820358, 4.99532397953e-05, 1.0737181583e-05, 1.18565512821e-05, 2.09925656236e-05, 6.40778898742e-06, 1.58097566327e-06, 1.98815587282e-06, 5.11196901698e-07, 2.61005766333e-07, 9.40058129117e-08, 2.69794711016e-08, 6.91658064156e-10], "dmean2": [4.46727028702e-07, 6.84816477587e-05, 0.000457654852653, 0.000360870821169, 0.000881440879311, 0.000675784889609, 0.000440109317424, 0.000591386749875, 0.000460974464659, 0.00067964324262, 0.000665562867653, 0.00058179354528, 0.000610191782471, 0.0001779779559, 0.000181472176337, 5.94444099988e-05, 1.67966936715e-05, 2.08532401302e-05, 3.22918931488e-05, 9.93101548374e-06, 2.59649277723e-06, 3.45047237715e-06, 9.006645314e-07, 4.41085830971e-07, 1.58739524636e-07, 5.16646920801e-08, 1.25166377263e-09], "dvar": [4.41235752362e-13, 3.12141672509e-08, 1.01064426872e-06, 3.87838724691e-07, 2.20105471271e-06, 1.95139887182e-06, 9.95612936094e-07, 7.60138709666e-06, 2.863464033e-06, 9.10783637664e-06, 3.45404587279e-05, 4.12570989283e-05, 9.66562674876e-06, 2.22824132834e-06, 1.47376692894e-06, 1.2451969269e-06, 1.19791456754e-08, 2.9316453265e-08, 1.30482575855e-07, 6.69359767613e-09, 4.65142951933e-10, 9.44999190011e-10, 6.0818149128e-11, 3.79657381921e-11, 3.53752162112e-12, 8.68818038346e-13, 7.29864136975e-18], "dvar2": [9.48625184481e-13, 8.53246717725e-08, 2.38155439547e-06, 8.28286943033e-07, 4.84704696646e-06, 3.36814036928e-06, 1.83246595498e-06, 8.35368155094e-06, 5.24057031726e-06, 1.59396204253e-05, 6.73235626891e-05, 5.79594016017e-05, 2.11121823668e-05, 4.52324775324e-06, 2.76721925729e-06, 1.29194870624e-06, 3.11812407006e-08, 8.57438351431e-08, 3.18635159147e-07, 1.50425769618e-08, 1.17359200136e-09, 2.22902318825e-09, 1.71969216645e-10, 9.97699145522e-11, 9.5893631577e-12, 2.54723997971e-12, 2.1750530573e-17], "max": [1.9490302293e-05, 0.00541885569692, 0.0334941670299, 0.0241100341082, 0.0480845123529, 0.0461602732539, 0.0576914027333, 0.178816363215, 0.0773769915104, 0.137939304113, 0.328992187977, 0.343403965235, 0.125661849976, 0.0735035091639, 0.063906557858, 0.13513982296, 0.00575139420107, 0.0103516494855, 0.0243832692504, 0.00345992716029, 0.000969161803368, 0.00138229911681, 0.000309354247293, 0.000306034926325, 8.27287876746e-05, 4.20358373958e-05, 1.46581498939e-07], "mean": [5.29820340489e-07, 8.6502492195e-05, 0.00107961520553, 0.000705987331457, 0.00203058775514, 0.00183031754568, 0.00141328410245, 0.00222149328329, 0.000869186944328, 0.00156251958106, 0.000769224832766, 0.000767525285482, 0.000891033967491, 0.000250231998507, 0.000311047944706, 0.000121702098113, 1.75519617187e-05, 1.5358442397e-05, 2.31034573517e-05, 7.34458308216e-06, 1.54505300998e-06, 2.00981821763e-06, 4.59132166952e-07, 2.0927892308e-07, 7.09399117227e-08, 1.60183155629e-08, 1.62677660231e-09], "median": [1.72942634435e-07, 7.76858723839e-06, 0.000109223758045, 0.000108113563329, 0.000682901125401, 0.00044026382966, 0.000275496422546, 0.000139116003993, 6.33395466139e-05, 9.82128767646e-05, 5.35058570676e-05, 1.67104026332e-05, 1.94641252165e-05, 5.91240723224e-06, 6.03232774665e-06, 6.77249886394e-07, 4.74909057857e-07, 6.6951422184e-08, 2.55515182346e-08, 4.0379659616e-09, 1.03533104312e-09, 7.27155446967e-10, 5.3073817563e-10, 5.87060400292e-10, 7.40266126176e-10, 9.83924941522e-10, 1.28538335531e-09], "min": [5.51105574655e-25, 6.06622548328e-25, 1.4524430073e-24, 8.27271725988e-25, 2.15792506193e-24, 5.55558171844e-24, 6.38463903109e-24, 2.88549857456e-24, 2.1119291069e-23, 1.05817975376e-23, 2.30726526653e-23, 1.68224682702e-23, 2.24744105315e-23, 3.95844406897e-23, 5.23044031124e-23, 6.1979021653e-23, 7.30133934251e-23, 1.00997861695e-22, 1.29611588533e-22, 1.46725212741e-22, 2.16661972905e-22, 2.93478874962e-22, 3.50555422701e-22, 5.24149881584e-22, 8.38221080642e-22, 1.30043101759e-21, 1.9078668393e-21], "var": [1.36926895603e-12, 8.64082210228e-08, 8.48108174978e-06, 2.11874817069e-06, 1.28753445097e-05, 1.66160116351e-05, 1.1636846466e-05, 6.9064051786e-05, 1.1124177945e-05, 5.29226854269e-05, 5.00037276652e-05, 0.00010223841673, 2.29191446124e-05, 4.07103698308e-06, 7.20457228454e-06, 7.84326221037e-06, 1.22884955545e-08, 2.47839686551e-08, 1.3119775133e-07, 8.29208612885e-09, 3.92214732914e-10, 8.89172124818e-10, 4.43774843262e-11, 2.82881808256e-11, 2.43549212915e-12, 4.69323906994e-13, 4.88764852577e-18]}, "erbbands": {"dmean": [0.00033203230123, 0.0160824935883, 0.249597027898, 0.682649552822, 1.19633972645, 2.16087436676, 3.58191370964, 3.57386112213, 4.02268075943, 6.87851333618, 11.0249376297, 9.41030883789, 13.5586547852, 13.1887283325, 20.7208976746, 25.1012248993, 21.0251502991, 10.2295484543, 8.02904510498, 2.75634288788, 1.86911332607, 0.489315599203, 0.902623355389, 0.561665713787, 1.13317012787, 0.316832393408, 0.204732656479, 0.058322429657, 0.0743293464184, 0.0237451419234, 0.0072328443639, 0.00639382237568, 0.00293225003406, 0.00120922911447, 0.000549199117813, 0.000199765723664, 2.08888795896e-05, 1.39922588005e-06, 1.89148158825e-06, 4.18684476244e-06], "dmean2": [0.000527596333995, 0.0264585036784, 0.380601555109, 1.00662887096, 1.86852860451, 3.40078997612, 5.04371833801, 5.2885761261, 5.24680328369, 9.41755867004, 11.5888233185, 12.846496582, 18.9696807861, 17.7241764069, 27.7281646729, 31.1432323456, 27.5694313049, 13.9879302979, 11.2105722427, 3.65059757233, 2.32843470573, 0.753821730614, 1.56323504448, 0.917108058929, 1.69576048851, 0.478037387133, 0.322432398796, 0.0992218330503, 0.129554599524, 0.0417117886245, 0.0123873185366, 0.0105976397172, 0.00494881952181, 0.00198689312674, 0.000971779110841, 0.000376999581931, 3.88935040974e-05, 2.37630592892e-06, 2.4372277494e-06, 5.3620124163e-06], "dvar": [1.20313961816e-06, 0.00446298019961, 0.776575565338, 3.21618676186, 12.1566410065, 48.9028892517, 112.71824646, 121.009506226, 159.72958374, 451.82913208, 5255.55175781, 2131.58325195, 8231.48632812, 10767.9941406, 74101.46875, 109477.523438, 18638.0546875, 7734.49316406, 5253.31640625, 834.77142334, 1516.93347168, 22.0576076508, 154.610412598, 46.5197753906, 601.543884277, 10.839389801, 6.97749567032, 0.551485896111, 1.04745304585, 0.120282121003, 0.0115877203643, 0.0273903496563, 0.00301545788534, 0.00054367328994, 0.000144405988976, 4.03935882787e-05, 3.88587665157e-07, 5.10890885153e-10, 4.74628010505e-11, 2.07182465628e-10], "dvar2": [2.76446280623e-06, 0.0117021715268, 1.81966924667, 6.65971279144, 26.991979599, 109.401130676, 193.336853027, 205.296432495, 291.698120117, 925.824829102, 5190.99414062, 3784.95605469, 14545.7324219, 22512.0546875, 134591.625, 154225.125, 38036.2460938, 16760.1308594, 9950.0546875, 1047.60961914, 1641.58203125, 56.184135437, 447.709594727, 116.427345276, 1457.08007812, 25.8117809296, 16.0120563507, 1.25832080841, 2.57595682144, 0.336104184389, 0.0316288135946, 0.0708490163088, 0.00804132129997, 0.00144023797475, 0.0004089831491, 0.000118387877592, 1.13442445127e-06, 1.47296808084e-09, 8.28522250806e-11, 3.5413169619e-10], "max": [0.0449227504432, 2.19304776192, 32.139881134, 66.3857192993, 157.185012817, 279.516265869, 543.10760498, 373.401916504, 644.62298584, 890.521362305, 4902.66064453, 1946.33349609, 3688.16137695, 5593.74023438, 16525.2207031, 17727.1914062, 5359.77001953, 3773.19433594, 3810.31982422, 3028.14233398, 4683.26318359, 239.578491211, 724.696838379, 278.986877441, 1694.69360352, 134.695861816, 102.431129456, 30.1240406036, 43.6163787842, 13.871963501, 4.61728286743, 8.67910194397, 2.60314416885, 1.02004897594, 0.519544959068, 0.274510532618, 0.0285329073668, 0.000914164760616, 0.000251560180914, 0.000551206525415], "mean": [0.000856171362102, 0.046561807394, 0.943081080914, 1.94472813606, 4.12699985504, 7.56809711456, 12.708817482, 14.3690090179, 18.7260551453, 32.0572547913, 41.8845787048, 27.8079071045, 38.5284576416, 41.8239402771, 32.069190979, 42.1879920959, 42.1777267456, 20.8497505188, 19.9869728088, 6.66969966888, 4.56304168701, 0.886934638023, 1.22365427017, 0.658387601376, 1.23544228077, 0.3641962111, 0.215465605259, 0.0647008270025, 0.0759593397379, 0.0220642834902, 0.00662207743153, 0.00518917059526, 0.00240692985244, 0.000970122171566, 0.000386235275073, 0.000126692888443, 1.83272277354e-05, 2.6849409096e-06, 7.71575651015e-06, 1.72019827005e-05], "median": [0.000208695826586, 0.00496329879388, 0.0973107516766, 0.367656111717, 0.87662678957, 2.22055578232, 2.95759510994, 3.89811134338, 4.98990011215, 5.2024269104, 3.05070590973, 2.4998562336, 3.05169057846, 2.95657587051, 2.30953645706, 1.23063719273, 1.23342096806, 0.701365053654, 0.508174657822, 0.176276400685, 0.0511945076287, 0.0272260122001, 0.00914292875677, 0.00255318288691, 0.000897951656953, 0.000287633331027, 0.000103436352219, 4.8207504733e-05, 3.27841953549e-05, 2.33691971516e-05, 1.97061217477e-05, 1.70363691723e-05, 1.50195346578e-05, 1.27613593577e-05, 1.00460201793e-05, 7.19680429029e-06, 4.0872550926e-06, 1.18323112019e-06, 3.47310015059e-06, 7.73580723035e-06], "min": [6.55843684254e-23, 2.23305090495e-22, 1.63140544849e-21, 6.48515901031e-21, 6.91374842754e-21, 1.00799001599e-20, 2.20224850436e-20, 7.74487333452e-20, 1.49975212133e-19, 1.5503402904e-19, 2.72287333234e-19, 4.43861497781e-19, 4.68519751841e-19, 4.04902635098e-19, 1.05388724381e-18, 1.15551920336e-18, 1.17959202034e-18, 1.76196211996e-18, 2.83542459296e-18, 2.85863238582e-18, 3.65224311398e-18, 4.84452842761e-18, 5.38381668618e-18, 5.12160829022e-18, 6.39792936383e-18, 7.47268844244e-18, 7.54370686111e-18, 1.08541333034e-17, 1.09103013485e-17, 1.1260727316e-17, 1.15422549288e-17, 1.07652146963e-17, 9.36129398213e-18, 7.95624085774e-18, 5.93598580125e-18, 4.02570192566e-18, 2.1029495431e-18, 9.39620824181e-19, 2.41165438168e-19, 2.80147785025e-20], "var": [4.35559286416e-06, 0.0210048854351, 7.04369068146, 15.7187204361, 62.2519493103, 273.249359131, 942.702209473, 988.81463623, 1666.31054688, 4977.79980469, 45621.3671875, 9424.06640625, 29289.6503906, 50991.25, 108768.023438, 269147.28125, 46499.1992188, 14286.6376953, 25871.4296875, 4753.46533203, 9477.12988281, 28.8204669952, 133.45916748, 47.2144622803, 607.07220459, 11.7184352875, 8.01648521423, 0.567045390606, 0.94447016716, 0.0911474749446, 0.0087800975889, 0.0207998808473, 0.00220793671906, 0.000395195413148, 8.85778717929e-05, 2.21461850742e-05, 2.13437729712e-07, 3.12386477797e-10, 1.94698562828e-10, 9.38121802463e-10]}, "gfcc": {"mean": [-280.171630859, 237.353408813, -101.711593628, -65.4006652832, -32.4988441467, -19.5360202789, -31.7772254944, -21.3623924255, -17.105474472, -13.9344387054, -10.9637918472, -14.9176483154, -7.01737642288], "cov": [[23908.6796875, 3130.92553711, -5918.96972656, 427.468200684, 697.372375488, -1449.89941406, 115.457275391, -884.00402832, -322.607696533, -364.068450928, 187.416915894, -511.676147461, -12.5441532135], [3130.92553711, 1731.42834473, -93.9707565308, -719.420166016, 249.527938843, -108.574195862, -256.200805664, -59.7323226929, -10.1949090958, -129.350723267, -22.5689659119, -117.09337616, -36.012260437], [-5918.96972656, -93.9707565308, 2385.33520508, -326.402374268, -351.328857422, 544.557800293, -145.34815979, 243.420898438, 66.8501205444, 53.1822509766, -92.5690917969, 89.0174255371, -59.8794898987], [427.468200684, -719.420166016, -326.402374268, 913.416931152, 9.26900100708, -31.5790328979, 316.039123535, -57.3114280701, -126.802352905, 6.57342481613, -8.62932777405, 8.11190128326, 10.6071405411], [697.372375488, 249.527938843, -351.328857422, 9.26900100708, 429.947235107, -84.0894546509, 24.1539268494, 15.0776100159, -30.6333408356, -68.123298645, 18.6597614288, -33.4664344788, 26.6047554016], [-1449.89941406, -108.574195862, 544.557800293, -31.5790328979, -84.0894546509, 350.274017334, 37.2244033813, 39.4035263062, -2.40632104874, 6.04145336151, -42.7062683105, 34.8619995117, -4.92150878906], [115.457275391, -256.200805664, -145.34815979, 316.039123535, 24.1539268494, 37.2244033813, 290.535247803, 49.9555587769, -79.3345336914, -15.4788103104, -30.471736908, -23.4116764069, 1.5350202322], [-884.00402832, -59.7323226929, 243.420898438, -57.3114280701, 15.0776100159, 39.4035263062, 49.9555587769, 230.693008423, 62.8283920288, -30.0779037476, -63.2270927429, -14.7156562805, 18.1933612823], [-322.607696533, -10.1949090958, 66.8501205444, -126.802352905, -30.6333408356, -2.40632104874, -79.3345336914, 62.8283920288, 172.268661499, 46.1316757202, -28.7202510834, -21.3968162537, 1.18747270107], [-364.068450928, -129.350723267, 53.1822509766, 6.57342481613, -68.123298645, 6.04145336151, -15.4788103104, -30.0779037476, 46.1316757202, 119.538612366, 41.3674850464, -10.8638029099, -35.9587974548], [187.416915894, -22.5689659119, -92.5690917969, -8.62932777405, 18.6597614288, -42.7062683105, -30.471736908, -63.2270927429, -28.7202510834, 41.3674850464, 128.745361328, 41.3859596252, -40.3304290771], [-511.676147461, -117.09337616, 89.0174255371, 8.11190128326, -33.4664344788, 34.8619995117, -23.4116764069, -14.7156562805, -21.3968162537, -10.8638029099, 41.3859596252, 129.931106567, 46.3916053772], [-12.5441532135, -36.012260437, -59.8794898987, 10.6071405411, 26.6047554016, -4.92150878906, 1.5350202322, 18.1933612823, 1.18747270107, -35.9587974548, -40.3304290771, 46.3916053772, 122.782745361]], "icov": [[0.000715327332728, -0.0018688722048, 0.00172368483618, -0.00141128816176, 0.00163272325881, -0.000430138665251, 0.000268752337433, -5.17157823197e-05, -0.000458496680949, 0.00113813311327, -0.00167396571487, 0.00139170396142, -0.00061716826167], [-0.0018688722048, 0.00625343434513, -0.00460711726919, 0.0048173093237, -0.00486800959334, 0.00149179040454, -0.000626600754913, 0.00103399413638, 0.00160939630587, -0.00172202766407, 0.00476519949734, -0.00262443907559, 0.00198637507856], [0.00172368483618, -0.00460711726919, 0.0052329772152, -0.00351543212309, 0.00436517316848, -0.0023970764596, 0.00184609775897, -0.00165329372976, -0.000157908565598, 0.00177732913289, -0.00322528416291, 0.00256363209337, -0.000645451073069], [-0.00141128816176, 0.0048173093237, -0.00351543212309, 0.00579103082418, -0.00377822481096, 0.00173598609399, -0.0029429148417, 0.00184011575766, 0.00147144321818, -0.00186489801854, 0.00447638891637, -0.00287806731649, 0.00170380820055], [0.00163272325881, -0.00486800959334, 0.00436517316848, -0.00377822481096, 0.00728079443797, -0.00144384824671, 0.000792575010564, -0.00130316230934, -0.00116085598711, 0.00418055895716, -0.00638953316957, 0.00478541664779, -0.00292934640311], [-0.000430138665251, 0.00149179040454, -0.0023970764596, 0.00173598609399, -0.00144384824671, 0.00574508542195, -0.0025231835898, 0.00192741735373, -0.000223505630856, -0.000507484655827, 0.00296326819807, -0.00237718387507, 0.00108875415754], [0.000268752337433, -0.000626600754913, 0.00184609775897, -0.0029429148417, 0.000792575010564, -0.0025231835898, 0.00925598666072, -0.00455790245906, 0.00434065097943, -0.00152646854986, 0.000664364080876, 0.0016862739576, 0.000377066957299], [-5.17157823197e-05, 0.00103399413638, -0.00165329372976, 0.00184011575766, -0.00130316230934, 0.00192741735373, -0.00455790245906, 0.00945455767214, -0.00460124667734, 0.00391005910933, 0.00105166609865, 0.000483805750264, -0.000299326260574], [-0.000458496680949, 0.00160939630587, -0.000157908565598, 0.00147144321818, -0.00116085598711, -0.000223505630856, 0.00434065097943, -0.00460124667734, 0.0124484598637, -0.00744759710506, 0.00562962284312, -0.00105292722583, 0.00103662733454], [0.00113813311327, -0.00172202766407, 0.00177732913289, -0.00186489801854, 0.00418055895716, -0.000507484655827, -0.00152646854986, 0.00391005910933, -0.00744759710506, 0.0193173624575, -0.0108109274879, 0.00759069342166, -0.00153706863057], [-0.00167396571487, 0.00476519949734, -0.00322528416291, 0.00447638891637, -0.00638953316957, 0.00296326819807, 0.000664364080876, 0.00105166609865, 0.00562962284312, -0.0108109274879, 0.0241787172854, -0.0140447951853, 0.0106341112405], [0.00139170396142, -0.00262443907559, 0.00256363209337, -0.00287806731649, 0.00478541664779, -0.00237718387507, 0.0016862739576, 0.000483805750264, -0.00105292722583, 0.00759069342166, -0.0140447951853, 0.0200846623629, -0.0103223919868], [-0.00061716826167, 0.00198637507856, -0.000645451073069, 0.00170380820055, -0.00292934640311, 0.00108875415754, 0.000377066957299, -0.000299326260574, 0.00103662733454, -0.00153706863057, 0.0106341112405, -0.0103223919868, 0.0158530287445]]}, "melbands": {"dmean": [6.27594408797e-06, 9.40290919971e-05, 0.000118179814308, 0.000116727060231, 0.000118799573102, 8.07295073173e-05, 6.40900834696e-05, 8.14209561213e-05, 8.56703554746e-05, 5.59158688702e-05, 6.73445756547e-05, 5.24368297192e-05, 5.83277578698e-05, 6.64517428959e-05, 4.69988881378e-05, 4.42173695774e-05, 1.72547552211e-05, 1.20707309179e-05, 6.40908410787e-06, 4.4666157919e-06, 1.48354070006e-06, 4.01730318345e-07, 1.00369584288e-06, 5.09341646193e-07, 4.42218976104e-07, 8.02403576472e-07, 3.98220663556e-07, 2.14637594809e-07, 1.85157318811e-07, 4.45891679135e-08, 3.67989798633e-08, 5.92888227402e-08, 9.53588763508e-09, 1.73588823316e-08, 2.68260924585e-09, 5.37269784218e-09, 3.09563574774e-09, 2.49379095152e-09, 1.15979270632e-09, 1.02998165552e-09], "dmean2": [1.04377741081e-05, 0.00014436901256, 0.000175443550688, 0.000183690164704, 0.000171026404132, 0.000118617434055, 8.33230951685e-05, 0.000109601365693, 8.91219533514e-05, 7.88787947386e-05, 9.46470390772e-05, 7.05664351699e-05, 8.11542195152e-05, 8.30010685604e-05, 6.02700420131e-05, 5.93642835156e-05, 2.41437137447e-05, 1.70047260326e-05, 9.15307191462e-06, 5.33025240657e-06, 1.9362362309e-06, 6.17577939011e-07, 1.68634358033e-06, 8.96567087239e-07, 7.27710983028e-07, 1.21593825497e-06, 5.88221610087e-07, 3.2733748867e-07, 2.92488266496e-07, 7.35257614792e-08, 6.36033661294e-08, 1.03022713915e-07, 1.69327130095e-08, 3.09355883132e-08, 4.62117366595e-09, 8.99503316276e-09, 5.19432896695e-09, 4.28761914861e-09, 1.90113325083e-09, 1.73552261451e-09], "dvar": [6.73248512495e-10, 1.0974002862e-07, 8.95940743817e-08, 1.18612454969e-07, 1.03710796395e-07, 6.08861583373e-08, 4.04129743004e-08, 7.15818870844e-08, 2.93744363944e-07, 7.40125827292e-08, 2.03872332349e-07, 1.7469945135e-07, 5.68135305912e-07, 5.96653649154e-07, 1.7615360548e-07, 9.79565939474e-08, 3.36688508185e-08, 1.16026388497e-08, 3.70966990459e-09, 9.5143413148e-09, 7.60161267266e-10, 6.37147886534e-12, 1.89049872978e-10, 6.72767744292e-11, 3.93400451104e-11, 3.25947629998e-10, 5.9033847255e-11, 6.79684520472e-12, 7.24118768419e-12, 2.27288904386e-13, 4.39179779783e-13, 7.93723214324e-13, 3.4894599688e-14, 8.59364662764e-14, 1.20814426849e-15, 1.63334718472e-14, 5.09807319854e-15, 2.85342085348e-15, 3.59379694726e-16, 5.48345942526e-16], "dvar2": [1.79513004461e-09, 2.60871445334e-07, 1.97598296836e-07, 2.59249389956e-07, 1.86255959989e-07, 1.04183044414e-07, 7.20491968309e-08, 1.38428845275e-07, 2.87505287133e-07, 1.36167415121e-07, 3.61109982805e-07, 3.53147186161e-07, 1.05987305687e-06, 8.79556012023e-07, 2.63232266207e-07, 2.17717271767e-07, 7.06915059823e-08, 2.22574723097e-08, 7.13144299169e-09, 9.89467352497e-09, 8.40758185294e-10, 1.60138811933e-11, 5.13388609402e-10, 1.9677677543e-10, 9.71495384139e-11, 8.06532896025e-10, 1.38557137985e-10, 1.5749124227e-11, 1.59849303932e-11, 5.62520841539e-13, 9.82630318259e-13, 1.90464831407e-12, 9.94822781553e-14, 2.44681445244e-13, 3.35296340456e-15, 4.23873040617e-14, 1.32287352595e-14, 7.71711812969e-15, 9.10026575783e-16, 1.48219108479e-15], "max": [0.000760222086683, 0.0116533711553, 0.00923267100006, 0.0123317772523, 0.0148431900889, 0.00850815232843, 0.00968037266284, 0.0120354481041, 0.0365313030779, 0.0105794193223, 0.018312908709, 0.0206900332123, 0.0445582978427, 0.0369635224342, 0.0206361431628, 0.0153316156939, 0.00860394071788, 0.00547049101442, 0.00271621765569, 0.01176653523, 0.00330894486979, 0.000100713266875, 0.000673344009556, 0.000517802662216, 0.000274293852272, 0.00127461284865, 0.000504927360453, 0.000122169702081, 0.000119514537801, 1.62564811035e-05, 2.93914017675e-05, 4.05622522521e-05, 1.24577281895e-05, 1.19848109534e-05, 1.26478914808e-06, 6.51126310913e-06, 3.53385644303e-06, 2.92979416372e-06, 5.90880347318e-07, 1.13959640657e-06], "mean": [1.31083406814e-05, 0.00034332825453, 0.000405925762607, 0.000415982882259, 0.000434743735241, 0.000322483538184, 0.000293792807497, 0.000381729769288, 0.00030658787, 0.00015911294031, 0.000187240890227, 0.000168959944858, 9.0355053544e-05, 0.00010807075887, 7.78028552304e-05, 9.4918301329e-05, 3.17046869895e-05, 2.97539299936e-05, 1.51748408825e-05, 1.08669701149e-05, 3.48700859831e-06, 7.33484682769e-07, 1.32872446557e-06, 6.65564016344e-07, 4.95630558817e-07, 8.66876348482e-07, 4.40837879978e-07, 2.42480041379e-07, 1.94333580339e-07, 4.70511061224e-08, 3.83708815832e-08, 5.91663038563e-08, 1.00362944622e-08, 1.51564929496e-08, 2.43077824535e-09, 4.42117142896e-09, 2.43033504432e-09, 1.96010963016e-09, 9.9236219242e-10, 7.78484943176e-10], "median": [1.68880251294e-06, 3.39782563969e-05, 8.89856892172e-05, 0.000101166675449, 0.000123426216305, 8.47297997097e-05, 6.5970554715e-05, 5.59308064112e-05, 2.15333566302e-05, 1.16699484352e-05, 1.33005178213e-05, 9.66703100858e-06, 6.52733115203e-06, 3.60147873835e-06, 2.19975254367e-06, 1.88955107205e-06, 7.89504497334e-07, 7.21904029888e-07, 3.54396377134e-07, 6.81029206362e-08, 3.10586045771e-08, 2.01562961877e-08, 1.13814113689e-08, 2.581346914e-09, 7.10138503557e-10, 4.6484530114e-10, 2.30947400093e-10, 1.17757956164e-10, 4.28882866721e-11, 2.63091961411e-11, 1.81189212939e-11, 1.58985307558e-11, 1.10115683932e-11, 9.53066445208e-12, 8.63969139286e-12, 7.69348300345e-12, 7.26706238588e-12, 6.97175824016e-12, 6.88181976682e-12, 6.54528384617e-12], "min": [1.15553380777e-24, 9.30495950373e-25, 1.11339591505e-24, 5.72001612565e-25, 6.48974666088e-25, 1.63866151259e-24, 2.1526465964e-24, 1.57419658827e-24, 2.1504707208e-24, 2.73362825638e-24, 2.16593338062e-24, 1.05996537986e-24, 3.41431424339e-24, 2.201013039e-24, 2.44260938262e-24, 2.62419786604e-24, 2.87440147099e-24, 3.62210572785e-24, 4.07990103824e-24, 2.98402809048e-24, 3.67529349109e-24, 4.60983333968e-24, 3.83115938976e-24, 4.70900301623e-24, 3.6323411981e-24, 4.50544495382e-24, 3.93672672825e-24, 4.20964656905e-24, 3.92839399051e-24, 4.63428645002e-24, 5.28303067012e-24, 4.46478942934e-24, 5.13507349646e-24, 5.34022979106e-24, 4.03346671321e-24, 4.48819532683e-24, 5.50172145128e-24, 6.29858653367e-24, 5.40895929743e-24, 6.48435183837e-24], "var": [1.74564052102e-09, 9.29536156491e-07, 5.40392306903e-07, 6.96260315181e-07, 8.26825498734e-07, 5.08597850057e-07, 4.53588057781e-07, 7.83217558364e-07, 2.50236371357e-06, 3.32739489295e-07, 7.26152563857e-07, 9.22737740439e-07, 8.25423740025e-07, 1.38677978612e-06, 4.15352644723e-07, 2.93857908673e-07, 5.86725228402e-08, 5.48122933708e-08, 1.47571528331e-08, 5.92869788818e-08, 4.7814654458e-09, 9.57587568268e-12, 1.62994479025e-10, 5.51033906004e-11, 4.04259507814e-11, 3.253204095e-10, 6.08240749433e-11, 7.86526399565e-12, 9.13677120074e-12, 2.31009520324e-13, 4.42118265826e-13, 7.30735621752e-13, 2.56486540042e-14, 6.22837081931e-14, 9.34764067129e-16, 1.2351027861e-14, 3.83093943802e-15, 1.95923718194e-15, 3.01500292314e-16, 3.70671729174e-16]}, "mfcc": {"mean": [-871.231262207, 223.954986572, 19.3099975586, -25.2201251984, -8.27240657806, -3.04719805717, -10.4810905457, -13.7780609131, -9.6577911377, -6.76445865631, -7.29031038284, -8.07187175751, -7.3903336525], "cov": [[8596.36816406, 3392.90039062, -2851.37597656, -247.768371582, 290.464263916, 44.5274353027, -49.6596107483, -191.48626709, -241.889328003, -199.380233765, -103.314537048, -86.9645996094, -38.9974517822], [3392.90039062, 2515.83666992, -606.252563477, -556.567138672, 168.310501099, 38.3027114868, -115.654006958, -142.564605713, -124.650611877, -106.667129517, -72.1593551636, -16.1927261353, -3.15211200714], [-2851.37597656, -606.252563477, 1577.48217773, 17.0032615662, -175.12739563, 48.5660629272, 15.6147117615, 40.2083358765, 71.1990280151, 75.0124893188, 35.1459732056, 4.30299663544, -9.95175743103], [-247.768371582, -556.567138672, 17.0032615662, 488.130310059, 45.4035758972, -17.4723434448, 115.922996521, 78.3814086914, 27.2178249359, 29.4398384094, 13.9239444733, -42.7366905212, -29.8978748322], [290.464263916, 168.310501099, -175.12739563, 45.4035758972, 223.156967163, 42.0129852295, 1.47841691971, 30.7266578674, 2.55562496185, -19.57771492, -25.7070999146, -18.4760112762, -15.5978794098], [44.5274353027, 38.3027114868, 48.5660629272, -17.4723434448, 42.0129852295, 160.679321289, 76.1264190674, 0.778354465961, -23.7364120483, -16.7136154175, 5.50640869141, -13.8419494629, -20.1886081696], [-49.6596107483, -115.654006958, 15.6147117615, 115.922996521, 1.47841691971, 76.1264190674, 215.131256104, 114.025848389, -11.0543146133, -16.8688774109, -3.4476044178, -11.0329637527, -20.950799942], [-191.48626709, -142.564605713, 40.2083358765, 78.3814086914, 30.7266578674, 0.778354465961, 114.025848389, 190.151580811, 104.378929138, 6.93237304688, -22.6548862457, -23.4638328552, -24.4594974518], [-241.889328003, -124.650611877, 71.1990280151, 27.2178249359, 2.55562496185, -23.7364120483, -11.0543146133, 104.378929138, 185.209091187, 98.1043319702, -19.3707828522, -57.4004707336, -23.8843250275], [-199.380233765, -106.667129517, 75.0124893188, 29.4398384094, -19.57771492, -16.7136154175, -16.8688774109, 6.93237304688, 98.1043319702, 150.613922119, 56.6931304932, -43.0227851868, -29.236579895], [-103.314537048, -72.1593551636, 35.1459732056, 13.9239444733, -25.7070999146, 5.50640869141, -3.4476044178, -22.6548862457, -19.3707828522, 56.6931304932, 129.028427124, 66.784034729, -10.2167539597], [-86.9645996094, -16.1927261353, 4.30299663544, -42.7366905212, -18.4760112762, -13.8419494629, -11.0329637527, -23.4638328552, -57.4004707336, -43.0227851868, 66.784034729, 176.85269165, 96.8298416138], [-38.9974517822, -3.15211200714, -9.95175743103, -29.8978748322, -15.5978794098, -20.1886081696, -20.950799942, -24.4594974518, -23.8843250275, -29.236579895, -10.2167539597, 96.8298416138, 147.740921021]], "icov": [[0.0026942237746, -0.00373015878722, 0.00417730445042, -0.00421218574047, 0.00490291230381, -0.00494781928137, 0.0047480748035, -0.00461334967986, 0.00390990171582, -0.00326399342157, 0.002667036606, -0.00132499693427, 0.000850626733154], [-0.00373015878722, 0.0058655156754, -0.00564602809027, 0.00679361913353, -0.00756667833775, 0.00736079923809, -0.00733048142865, 0.00727842096239, -0.00583468191326, 0.00516697531566, -0.0041236281395, 0.00238806847483, -0.00126358331181], [0.00417730445042, -0.00564602809027, 0.00731351645663, -0.00661617610604, 0.00849030632526, -0.00871663819999, 0.00840822700411, -0.00839005224407, 0.00707546016201, -0.0063289240934, 0.00509422738105, -0.00269681867212, 0.00165568315424], [-0.00421218574047, 0.00679361913353, -0.00661617610604, 0.0109843378887, -0.0104337064549, 0.0112283714116, -0.0124772135168, 0.0111269159243, -0.0095260841772, 0.00861401390284, -0.0080462442711, 0.00528572918847, -0.002540219808], [0.00490291230381, -0.00756667833775, 0.00849030632526, -0.0104337064549, 0.0175117887557, -0.015235141851, 0.0165915060788, -0.0175206605345, 0.0146916359663, -0.0126769868657, 0.0112271122634, -0.00611243583262, 0.00346123497002], [-0.00494781928137, 0.00736079923809, -0.00871663819999, 0.0112283714116, -0.015235141851, 0.0242368560284, -0.0228921119124, 0.0228204280138, -0.019763527438, 0.0183823406696, -0.0153258871287, 0.00894716754556, -0.00370978121646], [0.0047480748035, -0.00733048142865, 0.00840822700411, -0.0124772135168, 0.0165915060788, -0.0228921119124, 0.034677579999, -0.0355902165174, 0.0317374169827, -0.0251463297755, 0.0188549105078, -0.00959044694901, 0.00453116837889], [-0.00461334967986, 0.00727842096239, -0.00839005224407, 0.0111269159243, -0.0175206605345, 0.0228204280138, -0.0355902165174, 0.0477873012424, -0.0429048202932, 0.0335656404495, -0.0221905335784, 0.00995466113091, -0.00359538360499], [0.00390990171582, -0.00583468191326, 0.00707546016201, -0.0095260841772, 0.0146916359663, -0.019763527438, 0.0317374169827, -0.0429048202932, 0.0505831390619, -0.0418231934309, 0.0292030833662, -0.0129363304004, 0.00610327161849], [-0.00326399342157, 0.00516697531566, -0.0063289240934, 0.00861401390284, -0.0126769868657, 0.0183823406696, -0.0251463297755, 0.0335656404495, -0.0418231934309, 0.049022898078, -0.0371628478169, 0.0222140178084, -0.0104589937255], [0.002667036606, -0.0041236281395, 0.00509422738105, -0.0080462442711, 0.0112271122634, -0.0153258871287, 0.0188549105078, -0.0221905335784, 0.0292030833662, -0.0371628478169, 0.0424274168909, -0.0269294250757, 0.0153723917902], [-0.00132499693427, 0.00238806847483, -0.00269681867212, 0.00528572918847, -0.00611243583262, 0.00894716754556, -0.00959044694901, 0.00995466113091, -0.0129363304004, 0.0222140178084, -0.0269294250757, 0.0275822170079, -0.016180543229], [0.000850626733154, -0.00126358331181, 0.00165568315424, -0.002540219808, 0.00346123497002, -0.00370978121646, 0.00453116837889, -0.00359538360499, 0.00610327161849, -0.0104589937255, 0.0153723917902, -0.016180543229, 0.0170542113483]]}, "spectral_contrast_coeffs": {"dmean": [0.0355134867132, 0.0308005530387, 0.0250519048423, 0.0210145190358, 0.0170339364558, 0.0253535155207], "dmean2": [0.0583372972906, 0.0509958826005, 0.0395592153072, 0.0330942720175, 0.0270757339895, 0.044425111264], "dvar": [0.000932607857976, 0.00100434827618, 0.000666203326546, 0.000571172917262, 0.000347103050444, 0.000783421390224], "dvar2": [0.00241567473859, 0.00250161578879, 0.00154264690354, 0.00134193326812, 0.000792288919911, 0.00213473010808], "max": [-0.270156919956, -0.385018616915, -0.415436983109, -0.487342238426, -0.550678193569, -0.545845031738], "mean": [-0.546060979366, -0.647461950779, -0.696271538734, -0.696936964989, -0.763691723347, -0.872977793217], "median": [-0.528421938419, -0.637791275978, -0.698409676552, -0.68967294693, -0.753627300262, -0.897511184216], "min": [-0.97729319334, -0.975665807724, -0.979264676571, -0.973236680031, -0.973710179329, -0.967007815838], "var": [0.0120584471151, 0.0109071973711, 0.00666813645512, 0.00553860887885, 0.00687894737348, 0.00478419288993]}, "spectral_contrast_valleys": {"dmean": [0.403832912445, 0.296535551548, 0.256474167109, 0.257586747408, 0.238399580121, 0.513553500175], "dmean2": [0.671184062958, 0.490024030209, 0.416187494993, 0.407326191664, 0.383635014296, 0.912901103497], "dvar": [0.1330144256