{"lowlevel": {"average_loudness": 0.969920516014, "barkbands_crest": {"dmean": 2.37360811234, "dmean2": 3.9942009449, "dvar": 4.42533254623, "dvar2": 12.6229696274, "max": 26.7321529388, "mean": 12.1217861176, "median": 11.4944610596, "min": 3.28481817245, "var": 16.0773353577}, "barkbands_flatness_db": {"dmean": 0.0252197533846, "dmean2": 0.0352073311806, "dvar": 0.000862880959176, "dvar2": 0.00143933272921, "max": 0.668646931648, "mean": 0.246246218681, "median": 0.183298125863, "min": 0.0610489659011, "var": 0.0207278374583}, "barkbands_kurtosis": {"dmean": 4.3876953125, "dmean2": 6.8567943573, "dvar": 64.4124755859, "dvar2": 148.52583313, "max": 152.730606079, "mean": 10.1787385941, "median": 5.302942276, "min": -1.71731817722, "var": 317.877044678}, "barkbands_skewness": {"dmean": 0.540262639523, "dmean2": 0.837909936905, "dvar": 0.431858539581, "dvar2": 0.952194333076, "max": 12.3458061218, "mean": 2.18452906609, "median": 2.036714077, "min": -1.88514566422, "var": 2.45627522469}, "barkbands_spread": {"dmean": 3.21774864197, "dmean2": 4.93768358231, "dvar": 18.3444633484, "dvar2": 41.9180412292, "max": 87.0718612671, "mean": 12.1273612976, "median": 11.3226232529, "min": 0.0912437289953, "var": 97.4733886719}, "dissonance": {"dmean": 0.0306135676801, "dmean2": 0.0500536188483, "dvar": 0.00148245983291, "dvar2": 0.00384622300044, "max": 0.499999940395, "mean": 0.414582937956, "median": 0.452384710312, "min": 0.0653071552515, "var": 0.00739268166944}, "dynamic_complexity": 1.80127263069, "erbbands_crest": {"dmean": 2.80853533745, "dmean2": 4.69199419022, "dvar": 7.16796350479, "dvar2": 20.617275238, "max": 31.4743366241, "mean": 11.6012506485, "median": 10.6838493347, "min": 2.02890849113, "var": 29.1822071075}, "erbbands_flatness_db": {"dmean": 0.0223868377507, "dmean2": 0.0299461837858, "dvar": 0.000814062892459, "dvar2": 0.00125195016153, "max": 0.591058909893, "mean": 0.22952131927, "median": 0.183729156852, "min": 0.0219195447862, "var": 0.0133411493152}, "erbbands_kurtosis": {"dmean": 1.99041676521, "dmean2": 3.11410284042, "dvar": 16.3988304138, "dvar2": 38.3747177124, "max": 70.370803833, "mean": 2.48810791969, "median": -0.150395393372, "min": -1.90662896633, "var": 42.8881950378}, "erbbands_skewness": {"dmean": 0.424195706844, "dmean2": 0.659373939037, "dvar": 0.228512614965, "dvar2": 0.529865801334, "max": 6.95999670029, "mean": 0.961849093437, "median": 0.755053043365, "min": -1.55226242542, "var": 1.01231265068}, "erbbands_spread": {"dmean": 7.384745121, "dmean2": 10.5974569321, "dvar": 127.398681641, "dvar2": 219.474578857, "max": 147.054016113, "mean": 38.33020401, "median": 40.313659668, "min": 0.646494626999, "var": 680.588012695}, "hfc": {"dmean": 3.30623579025, "dmean2": 4.86162567139, "dvar": 13.8373241425, "dvar2": 26.6671218872, "max": 108.598106384, "mean": 18.9197120667, "median": 18.5358390808, "min": 1.1807851043e-16, "var": 140.074081421}, "melbands_crest": {"dmean": 3.18589186668, "dmean2": 5.38790464401, "dvar": 8.51287269592, "dvar2": 25.2357349396, "max": 39.8001708984, "mean": 16.2033596039, "median": 15.3639583588, "min": 2.16256117821, "var": 25.734746933}, "melbands_flatness_db": {"dmean": 0.028985477984, "dmean2": 0.0398173332214, "dvar": 0.00118949066382, "dvar2": 0.0019331749063, "max": 0.842129468918, "mean": 0.322039932013, "median": 0.241758272052, "min": 0.00660257646814, "var": 0.0323641449213}, "melbands_kurtosis": {"dmean": 7.81291341782, "dmean2": 12.041144371, "dvar": 180.08744812, "dvar2": 369.057830811, "max": 296.424957275, "mean": 21.8619098663, "median": 14.1655254364, "min": -1.33749103546, "var": 1063.57946777}, "melbands_skewness": {"dmean": 0.676197886467, "dmean2": 1.03588569164, "dvar": 0.714786171913, "dvar2": 1.41165721416, "max": 16.7296276093, "mean": 3.1537668705, "median": 2.9420030117, "min": -1.14917373657, "var": 4.46253824234}, "melbands_spread": {"dmean": 2.84265780449, "dmean2": 4.55606746674, "dvar": 15.5877285004, "dvar2": 38.7268371582, "max": 125.813293457, "mean": 10.630197525, "median": 9.54221439362, "min": 0.275766521692, "var": 71.7556381226}, "pitch_salience": {"dmean": 0.0568079128861, "dmean2": 0.094501376152, "dvar": 0.00265770056285, "dvar2": 0.00718097668141, "max": 0.82210123539, "mean": 0.526216745377, "median": 0.530764341354, "min": 0.0126954298466, "var": 0.0116624413058}, "silence_rate_20dB": {"dmean": 0, "dmean2": 0, "dvar": 0, "dvar2": 0, "max": 1, "mean": 1, "median": 1, "min": 1, "var": 0}, "silence_rate_30dB": {"dmean": 0, "dmean2": 0, "dvar": 0, "dvar2": 0, "max": 1, "mean": 1, "median": 1, "min": 1, "var": 0}, "silence_rate_60dB": {"dmean": 0.000592300086282, "dmean2": 0.00118471716996, "dvar": 0.000591952062678, "dvar2": 0.00118333101273, "max": 1, "mean": 0.0259599257261, "median": 0, "min": 0, "var": 0.0252836253494}, "spectral_centroid": {"dmean": 148.273803711, "dmean2": 233.863510132, "dvar": 43956.03125, "dvar2": 98445.8515625, "max": 11206.1728516, "mean": 806.753601074, "median": 759.915466309, "min": 155.484924316, "var": 319097.25}, "spectral_complexity": {"dmean": 2.64383029938, "dmean2": 4.24069499969, "dvar": 9.14998912811, "dvar2": 21.1123600006, "max": 49, "mean": 17.1182518005, "median": 16, "min": 0, "var": 121.124382019}, "spectral_decrease": {"dmean": 1.9486374736e-09, "dmean2": 3.26323790212e-09, "dvar": 3.43215785673e-18, "dvar2": 9.8094397585e-18, "max": 4.92157554667e-30, "mean": -9.6295025287e-09, "median": -9.70855040805e-09, "min": -2.16842330758e-08, "var": 1.13922879109e-17}, "spectral_energy": {"dmean": 0.00750755984336, "dmean2": 0.0125692700967, "dvar": 5.10863537784e-05, "dvar2": 0.00014540401753, "max": 0.0869129598141, "mean": 0.0380600020289, "median": 0.0384479947388, "min": 1.06915016721e-20, "var": 0.000178654954652}, "spectral_energyband_high": {"dmean": 0.000263748224825, "dmean2": 0.000353765091859, "dvar": 2.08986975281e-07, "dvar2": 3.5382569763e-07, "max": 0.0122510241345, "mean": 0.000723942939658, "median": 0.000446658610599, "min": 7.84334676307e-21, "var": 9.95824166239e-07}, "spectral_energyband_low": {"dmean": 0.00313939223997, "dmean2": 0.00482432357967, "dvar": 1.80808692676e-05, "dvar2": 3.721867688e-05, "max": 0.0578683689237, "mean": 0.00932463351637, "median": 0.00807996373624, "min": 2.65731645565e-23, "var": 5.17235275765e-05}, "spectral_energyband_middle_high": {"dmean": 0.000698171847034, "dmean2": 0.00105549569707, "dvar": 1.18058812859e-06, "dvar2": 2.67503878604e-06, "max": 0.0275148544461, "mean": 0.00305975601077, "median": 0.00260314159095, "min": 1.48697660354e-21, "var": 1.1054569768e-05}, "spectral_energyband_middle_low": {"dmean": 0.00723584974185, "dmean2": 0.0123334936798, "dvar": 4.80692360725e-05, "dvar2": 0.000147031241795, "max": 0.078845821321, "mean": 0.0278920326382, "median": 0.0276188794523, "min": 3.28524594967e-22, "var": 0.000136917587952}, "spectral_entropy": {"dmean": 0.220852643251, "dmean2": 0.295668870211, "dvar": 0.0939060300589, "dvar2": 0.133048057556, "max": 9.80021476746, "mean": 6.71909618378, "median": 7.38843107224, "min": 3.40078282356, "var": 1.61682367325}, "spectral_flux": {"dmean": 0.0204116944224, "dmean2": 0.0327936001122, "dvar": 0.000396767922211, "dvar2": 0.000990348053165, "max": 0.249664634466, "mean": 0.0770672410727, "median": 0.0744895786047, "min": 1.03399719342e-10, "var": 0.00130139675457}, "spectral_kurtosis": {"dmean": 25.4814605713, "dmean2": 42.2518196106, "dvar": 4372.11865234, "dvar2": 12665.4023438, "max": 850.464538574, "mean": 57.4255332947, "median": 3.40134429932, "min": -1.15172803402, "var": 15901.0517578}, "spectral_rms": {"dmean": 0.000598518818151, "dmean2": 0.00100122683216, "dvar": 3.14026692649e-07, "dvar2": 8.86682812506e-07, "max": 0.00920831877738, "mean": 0.00594103895128, "median": 0.00612456025556, "min": 3.22966458265e-12, "var": 1.83573285994e-06}, "spectral_rolloff": {"dmean": 215.562957764, "dmean2": 372.567840576, "dvar": 238589.296875, "dvar2": 555349.0625, "max": 19099.9511719, "mean": 668.289672852, "median": 452.197265625, "min": 21.533203125, "var": 462069}, "spectral_skewness": {"dmean": 0.819996893406, "dmean2": 1.23167824745, "dvar": 2.33925938606, "dvar2": 5.48029136658, "max": 23.7272911072, "mean": 3.87704706192, "median": 1.35589468479, "min": -0.0147069869563, "var": 25.91132164}, "spectral_spread": {"dmean": 580862.1875, "dmean2": 759743.4375, "dvar": 707642327040, "dvar2": 947561955328, "max": 39678940, "mean": 3737804.5, "median": 3868356, "min": 98442.9140625, "var": 4198495682560.0}, "spectral_strongpeak": {"dmean": 0.441864937544, "dmean2": 0.762652814388, "dvar": 0.254086703062, "dvar2": 0.654582858086, "max": 7.00894641876, "mean": 1.07693862915, "median": 0.954157829285, "min": 0, "var": 0.495921432972}, "zerocrossingrate": {"dmean": 0.00593996793032, "dmean2": 0.00698315957561, "dvar": 6.79219810991e-05, "dvar2": 6.99751399225e-05, "max": 0.49169921875, "mean": 0.0357442498207, "median": 0.0341796875, "min": 0, "var": 0.000524125702213}, "barkbands": {"dmean": [0.000128403800773, 0.00101515976712, 0.00159292889293, 0.0023270433303, 0.00584745034575, 0.00150056451093, 0.00165242212825, 0.000565979979001, 0.000504538067617, 0.000208569486858, 0.000125634440337, 0.000171464504092, 0.000155449408339, 0.000143263008795, 0.000152773616719, 0.000137332899612, 0.000123538746266, 0.000107539228338, 0.000103863698314, 0.000108684653242, 7.59036483942e-05, 6.91807508701e-05, 5.44249851373e-05, 4.09356507589e-05, 2.14748306462e-05, 8.58957810124e-06, 6.30411847169e-08], "dmean2": [0.000161053874763, 0.00136637745891, 0.00247784517705, 0.00382854742929, 0.0100599499419, 0.0024790011812, 0.00260468246415, 0.000887641333975, 0.000801452843007, 0.000327334710164, 0.000195605010958, 0.000263892870862, 0.000234128121519, 0.00021943700267, 0.000244823284447, 0.000216014086618, 0.000197580433451, 0.000174934990355, 0.0001673962106, 0.000172390282387, 0.000113148271339, 9.8898926808e-05, 7.63184361858e-05, 5.54757534701e-05, 3.03348770103e-05, 1.28123447212e-05, 1.00041191331e-07], "dvar": [1.58761750413e-07, 9.69889151747e-06, 3.70845191355e-06, 1.05167982838e-05, 3.34368887707e-05, 4.18553872805e-06, 9.43780014495e-06, 1.92291281564e-06, 1.11198755803e-06, 2.33363650182e-07, 1.07400808247e-07, 3.11128957264e-07, 1.80649365689e-07, 1.40229488466e-07, 1.14535183116e-07, 1.00631687872e-07, 5.84508015322e-08, 3.99665900375e-08, 3.25811981838e-08, 3.00607823078e-08, 2.08444390637e-08, 1.62411932791e-08, 9.87143877751e-09, 1.83116632968e-08, 4.13389900089e-09, 8.65787608273e-10, 2.87515067906e-14], "dvar2": [2.63701508629e-07, 1.53654254973e-05, 9.26524717215e-06, 2.67703853751e-05, 0.000104904858745, 1.08274516606e-05, 2.28463832173e-05, 4.53809252576e-06, 2.80620588455e-06, 5.48430193703e-07, 2.34062795812e-07, 7.23272194136e-07, 3.99954444674e-07, 3.16465161632e-07, 2.88344637056e-07, 2.39137165181e-07, 1.37457575988e-07, 1.00968009065e-07, 8.38701765815e-08, 7.37615550861e-08, 4.177421431e-08, 3.20946647037e-08, 1.91680804562e-08, 3.13075716463e-08, 7.95799870446e-09, 1.96023641763e-09, 7.0550356735e-14], "max": [0.00575954979286, 0.0460414402187, 0.0257117617875, 0.046986758709, 0.0705844312906, 0.0316560044885, 0.0561569072306, 0.0380678959191, 0.0293851327151, 0.01242996566, 0.00948116742074, 0.0238305758685, 0.0148572241887, 0.00850274413824, 0.00662707537413, 0.00857536867261, 0.0078036217019, 0.00407624384388, 0.00563853932545, 0.00427952641621, 0.00521765230224, 0.0037678568624, 0.00289743882604, 0.00908319838345, 0.00280366186053, 0.000489878817461, 4.62876460006e-06], "mean": [0.000162372947671, 0.00200786162168, 0.00428027193993, 0.00556124188006, 0.01341050677, 0.00292924372479, 0.00386990932748, 0.00106631661765, 0.000936851021834, 0.000429488136433, 0.000236040636082, 0.000333604170009, 0.000312303949613, 0.000284522771835, 0.000301120133372, 0.000295788922813, 0.000285957881715, 0.000255868042586, 0.000255583552644, 0.000272918608971, 0.000179809663678, 0.000163163829711, 0.000112210924271, 7.38213930163e-05, 3.38641730195e-05, 9.32469265535e-06, 8.30310042943e-08], "median": [7.39511506254e-06, 0.000617393932771, 0.00341267464682, 0.003874134738, 0.0121122449636, 0.00182327546645, 0.00153434183449, 0.000355939613655, 0.000357389770215, 0.000148840961629, 6.87723804731e-05, 9.31868926273e-05, 9.69970642473e-05, 8.87390051503e-05, 0.000111664630822, 0.000135614347528, 0.000163939126651, 0.000158911629114, 0.000164182172739, 0.000182281408343, 0.000113701360533, 8.90238079592e-05, 3.4414431866e-05, 1.90372611542e-05, 7.20624757378e-06, 8.50772607919e-07, 1.29927180126e-08], "min": [1.94208719623e-23, 1.24258908544e-23, 6.55355032254e-24, 1.41442807638e-23, 1.75866046969e-23, 6.57810409154e-23, 5.28496543037e-23, 5.87684776756e-23, 1.1770729882e-22, 7.04321458799e-23, 4.00195069453e-23, 1.12524305968e-22, 1.01726056042e-22, 4.59625010153e-23, 9.06675072605e-23, 1.44633633248e-22, 1.62081570397e-22, 3.00625727571e-22, 2.00158699845e-22, 3.46020595834e-22, 4.47974594812e-22, 5.39905390237e-22, 7.58875002171e-22, 8.69080057077e-22, 1.33429867165e-21, 1.7542650945e-21, 2.21936718485e-21], "var": [3.25064291928e-07, 2.40914596361e-05, 1.29321178974e-05, 3.08138733089e-05, 7.8714088886e-05, 1.08202848423e-05, 3.18543352478e-05, 6.17393607172e-06, 2.62034632215e-06, 7.60235991493e-07, 3.29108502228e-07, 9.43566192291e-07, 6.19448883299e-07, 4.56507933677e-07, 3.3217227724e-07, 3.1175753179e-07, 2.08042493455e-07, 1.32935397801e-07, 1.09211327981e-07, 1.25734345602e-07, 7.79975621867e-08, 5.5709374891e-08, 3.74402837622e-08, 4.48305677025e-08, 8.22974666193e-09, 9.03190633395e-10, 4.21209630217e-14]}, "erbbands": {"dmean": [0.0470592044294, 0.193860337138, 1.34489715099, 5.06689834595, 6.71446895599, 23.0616092682, 34.1758499146, 7.49321842194, 19.6352844238, 20.8680076599, 9.79495429993, 12.1712188721, 6.38459920883, 6.46740102768, 5.20033884048, 5.6584777832, 7.26542377472, 7.31001663208, 7.14581298828, 7.38230133057, 6.68389081955, 6.33326292038, 5.84418439865, 4.46198654175, 5.37339830399, 4.88209104538, 3.58159327507, 3.30030345917, 2.53617072105, 2.0177230835, 1.46826136112, 0.987074792385, 0.590553939342, 0.312072187662, 0.123050525784, 0.0473801530898, 0.0155978370458, 0.00135099340696, 3.50558984792e-05, 9.22286653804e-06], "dmean2": [0.0550396479666, 0.304590523243, 2.10568666458, 8.40541267395, 10.8428487778, 39.483039856, 60.4344940186, 11.8468055725, 31.246723175, 32.1777229309, 15.4720592499, 19.2829723358, 9.98368740082, 10.2453975677, 8.11734867096, 8.63576412201, 10.9335384369, 11.0489664078, 11.2339773178, 11.5974826813, 10.5950431824, 10.0700283051, 9.35316181183, 7.30975580215, 8.60589122772, 7.7275557518, 5.56587076187, 4.92098855972, 3.66280794144, 2.81230378151, 2.09807348251, 1.36773431301, 0.813114523888, 0.446434170008, 0.174048185349, 0.0700436383486, 0.0232086610049, 0.00209196424112, 5.37783016625e-05, 1.49400093505e-05], "dvar": [0.026221005246, 0.295804738998, 3.42387199402, 42.4927711487, 63.5870742798, 615.053222656, 2510.33837891, 218.407470703, 1662.84240723, 2263.73779297, 429.923431396, 683.670349121, 189.597915649, 295.928070068, 155.772796631, 413.109069824, 429.339202881, 394.768585205, 263.722351074, 273.295043945, 240.943481445, 150.425750732, 107.097717285, 87.076965332, 79.0142669678, 62.5430603027, 36.7241821289, 46.8893890381, 23.2154884338, 12.6701612473, 7.68916797638, 8.72731876373, 4.95920372009, 1.05893874168, 0.103257767856, 0.0188410915434, 0.00388293666765, 3.73335933546e-05, 1.3315500702e-08, 8.87897602664e-11], "dvar2": [0.0346728116274, 0.687381982803, 8.55903339386, 114.72833252, 156.928634644, 1821.2364502, 8216.04101562, 475.514465332, 4117.49804688, 5171.59277344, 1042.04638672, 1738.08544922, 430.395202637, 686.223083496, 351.119049072, 982.150146484, 966.824951172, 897.934936523, 625.882080078, 658.27142334, 568.158691406, 357.504180908, 267.606414795, 232.260559082, 195.64894104, 152.794952393, 86.8024520874, 97.466545105, 47.9110641479, 24.5758934021, 15.278260231, 14.3605241776, 9.64368438721, 2.03264951706, 0.207022890449, 0.0438842177391, 0.0086572850123, 8.92400857992e-05, 3.12533607882e-08, 2.2329829652e-10], "max": [2.44799900055, 8.20415401459, 30.1492080688, 79.0265197754, 140.772567749, 387.015594482, 455.950164795, 391.523803711, 892.859130859, 1436.31030273, 539.285888672, 630.182556152, 434.561981201, 513.632324219, 553.945983887, 1080.82714844, 780.202087402, 482.910522461, 447.333892822, 373.559692383, 562.241394043, 381.884033203, 219.870666504, 480.609466553, 199.475845337, 215.681594849, 151.921813965, 236.995758057, 153.558792114, 99.1531448364, 75.0919113159, 237.52973938, 95.8279418945, 45.2047424316, 10.8192882538, 2.1196835041, 1.05515527725, 0.105848953128, 0.00198554084636, 0.00015081865422], "mean": [0.0743933096528, 0.462447702885, 4.33189725876, 12.5261173248, 18.2054576874, 50.9987335205, 64.0782165527, 18.5675601959, 49.0187339783, 43.9268264771, 19.8593502045, 22.7220077515, 14.8058309555, 12.515627861, 12.1871194839, 12.162686348, 15.4281167984, 15.6748781204, 15.1327819824, 15.8790302277, 16.1512260437, 16.229391098, 15.1078901291, 11.5864677429, 13.4857721329, 12.1508798599, 9.02159404755, 7.40389347076, 5.84843015671, 4.28484773636, 2.9969997406, 1.85037994385, 1.05052912235, 0.50988650322, 0.177609875798, 0.0549764633179, 0.016361085698, 0.00127556349616, 5.67476527067e-05, 4.61828021798e-05], "median": [0.00424701906741, 0.261559426785, 3.40673565865, 9.87913894653, 14.5568132401, 43.0422172546, 37.62317276, 12.8882322311, 13.8414287567, 18.8017902374, 10.7739086151, 9.36302375793, 6.79400539398, 5.14341449738, 4.63580322266, 4.13559436798, 5.06973600388, 5.22563791275, 5.84608316422, 7.28627061844, 8.68336105347, 9.79543399811, 9.7555847168, 7.75163507462, 9.25984954834, 8.60334777832, 5.16768360138, 4.32914495468, 3.3092007637, 1.92834699154, 0.891837894917, 0.500591814518, 0.240512192249, 0.119690008461, 0.0312535203993, 0.00664462801069, 0.00120566261467, 6.93340989528e-05, 2.59100124822e-05, 4.61428171548e-05], "min": [3.21098346758e-22, 2.70847104351e-21, 9.17828621696e-21, 2.63627695723e-20, 5.50200218415e-20, 6.76993823129e-20, 1.47512915169e-19, 6.76543164791e-19, 6.95042542203e-19, 1.26055976742e-18, 1.14886463873e-18, 3.44283034779e-18, 1.33613615806e-18, 3.1677681855e-18, 1.11609515498e-18, 5.4417859171e-18, 5.41864595306e-18, 2.23993251369e-18, 5.0442176857e-18, 5.17505077524e-18, 8.5309039088e-18, 1.01196796375e-17, 1.56154858253e-17, 1.31058587243e-17, 1.26074981216e-17, 1.3001844071e-17, 1.79749142978e-17, 1.68109702599e-17, 1.96456967125e-17, 2.08247781556e-17, 2.18865835858e-17, 1.67844607757e-17, 1.60169265027e-17, 1.40593605697e-17, 9.50689100483e-18, 5.34642646814e-18, 3.75454839855e-18, 1.14876124115e-18, 2.8085692438e-19, 3.78592714612e-20], "var": [0.0668909922242, 0.513367056847, 13.4794244766, 103.301094055, 206.508880615, 1534.67138672, 4628.58789062, 572.483337402, 6267.51513672, 5686.07421875, 1212.01977539, 1563.14550781, 817.989440918, 723.900817871, 852.203918457, 1337.04101562, 1552.1126709, 1359.33874512, 927.10168457, 788.417663574, 846.28894043, 660.136291504, 440.508178711, 215.894042969, 299.828735352, 236.115707397, 162.571853638, 151.067001343, 74.0358886719, 41.5298843384, 28.365114212, 21.2108440399, 11.1660652161, 2.272783041, 0.179138183594, 0.0202402863652, 0.00403048004955, 3.38059689966e-05, 1.3654464226e-08, 3.20203696891e-10]}, "gfcc": {"mean": [-60.0600624084, 139.705993652, -92.3601379395, 32.2029457092, -67.2113571167, -6.1141667366, -46.5226478577, -12.1465425491, -24.1838932037, -11.1548109055, -16.0862121582, -13.4368782043, -11.3563098907], "cov": [[29061.3046875, -5281.02929688, -6580.76806641, 3809.14794922, -2392.0871582, 900.35723877, -1022.61621094, 1120.02404785, -741.787414551, 217.632919312, -685.102661133, 437.407440186, 14.1789226532], [-5281.02929688, 4263.85546875, 2143.09106445, -1898.57299805, 952.009399414, -483.326751709, 413.284790039, -675.836181641, 294.453338623, -285.476959229, 266.614654541, -330.794647217, 3.44966292381], [-6580.76806641, 2143.09106445, 2939.45605469, -1327.52600098, 670.352783203, -80.2076873779, 236.157501221, -321.205444336, 147.72026062, 37.5970649719, 114.056785583, -93.9232025146, -78.902305603], [3809.14794922, -1898.57299805, -1327.52600098, 1320.84655762, -505.666595459, 131.423690796, -180.186096191, 305.613311768, -80.5767669678, 90.4856338501, -105.164474487, 127.550422668, 59.7401542664], [-2392.0871582, 952.009399414, 670.352783203, -505.666595459, 488.126556396, -103.500709534, 115.341201782, -113.301742554, 110.244277954, -40.728313446, 65.7549362183, -44.2673912048, 22.3225898743], [900.35723877, -483.326751709, -80.2076873779, 131.423690796, -103.500709534, 302.918121338, 21.7529125214, 99.9277114868, -58.1452674866, 62.6280975342, -27.5139865875, 51.4678344727, -13.7738723755], [-1022.61621094, 413.284790039, 236.157501221, -180.186096191, 115.341201782, 21.7529125214, 217.457260132, -54.871421814, 34.0114746094, -22.098690033, 76.8405990601, -20.5732593536, 8.8927230835], [1120.02404785, -675.836181641, -321.205444336, 305.613311768, -113.301742554, 99.9277114868, -54.871421814, 254.393737793, -6.67989110947, 77.7363815308, -39.4335479736, 87.2967224121, -9.95527172089], [-741.787414551, 294.453338623, 147.72026062, -80.5767669678, 110.244277954, -58.1452674866, 34.0114746094, -6.67989110947, 150.945770264, 11.9252176285, 30.6000347137, -22.024930954, 10.8032064438], [217.632919312, -285.476959229, 37.5970649719, 90.4856338501, -40.728313446, 62.6280975342, -22.098690033, 77.7363815308, 11.9252176285, 125.130638123, -4.66049575806, 39.3923149109, -27.038980484], [-685.102661133, 266.614654541, 114.056785583, -105.164474487, 65.7549362183, -27.5139865875, 76.8405990601, -39.4335479736, 30.6000347137, -4.66049575806, 107.882820129, -5.19019174576, 1.4535061121], [437.407440186, -330.794647217, -93.9232025146, 127.550422668, -44.2673912048, 51.4678344727, -20.5732593536, 87.2967224121, -22.024930954, 39.3923149109, -5.19019174576, 100.231468201, 3.49351549149], [14.1789226532, 3.44966292381, -78.902305603, 59.7401542664, 22.3225898743, -13.7738723755, 8.8927230835, -9.95527172089, 10.8032064438, -27.038980484, 1.4535061121, 3.49351549149, 80.8794937134]], "icov": [[0.000365216343198, -0.00119431852363, 0.000779940572102, -0.00092131952988, 0.000781760143582, -0.00116895127576, 0.00100356072653, -0.00068247015588, 0.0012239057105, -0.00113976886496, 0.00135551521089, -0.00110954383854, 0.000298168393783], [-0.00119431852363, 0.00545117584988, -0.00281228194945, 0.00412840908393, -0.0029445560649, 0.00460112839937, -0.0039593805559, 0.00307573238388, -0.00514951115474, 0.00503270048648, -0.00522062089294, 0.0048192627728, -0.00114986672997], [0.000779940572102, -0.00281228194945, 0.00248295045458, -0.00160278030671, 0.00127577548847, -0.00272897863761, 0.00204800441861, -0.00105604878627, 0.00266211037524, -0.00358274346218, 0.00333637488075, -0.00288039073348, 0.000928429944906], [-0.00092131952988, 0.00412840908393, -0.00160278030671, 0.0054126190953, -0.000927281565964, 0.00364077859558, -0.00288579473272, 0.00133775884751, -0.00418266374618, 0.00280803162605, -0.00354967871681, 0.00311014358886, -0.00279129017144], [0.000781760143582, -0.0029445560649, 0.00127577548847, -0.000927281565964, 0.00652961852029, -0.00198668218218, 0.00157412141562, -0.00227837078273, 0.00106088677421, -0.00228022621013, 0.00301486253738, -0.00320508307777, -0.00149571453221], [-0.00116895127576, 0.00460112839937, -0.00272897863761, 0.00364077859558, -0.00198668218218, 0.00910716317594, -0.00554402219132, 0.00125673844013, -0.00272846710868, 0.00244626053609, -0.00334568298422, 0.003624064615, -0.00139339384623], [0.00100356072653, -0.0039593805559, 0.00204800441861, -0.00288579473272, 0.00157412141562, -0.00554402219132, 0.0106629915535, -0.00208397768438, 0.00322834262624, -0.0022495680023, -0.000699474476278, -0.00276141334325, 0.000263475434622], [-0.00068247015588, 0.00307573238388, -0.00105604878627, 0.00133775884751, -0.00227837078273, 0.00125673844013, -0.00208397768438, 0.010489936918, -0.00474176043645, 0.000679345335811, -0.00123583863024, -0.0021969943773, 0.00131086504553], [0.0012239057105, -0.00514951115474, 0.00266211037524, -0.00418266374618, 0.00106088677421, -0.00272846710868, 0.00322834262624, -0.00474176043645, 0.0147174419835, -0.00728998333216, 0.00367300980724, -0.00155330216512, -0.000406395440223], [-0.00113976886496, 0.00503270048648, -0.00358274346218, 0.00280803162605, -0.00228022621013, 0.00244626053609, -0.0022495680023, 0.000679345335811, -0.00728998333216, 0.0180954560637, -0.00636938633397, 0.00219380203635, 0.00283576501533], [0.00135551521089, -0.00522062089294, 0.00333637488075, -0.00354967871681, 0.00301486253738, -0.00334568298422, -0.000699474476278, -0.00123583863024, 0.00367300980724, -0.00636938633397, 0.019457815215, -0.00726156402379, 0.00172867742367], [-0.00110954383854, 0.0048192627728, -0.00288039073348, 0.00311014358886, -0.00320508307777, 0.003624064615, -0.00276141334325, -0.0021969943773, -0.00155330216512, 0.00219380203635, -0.00726156402379, 0.0206763930619, -0.00340499659069], [0.000298168393783, -0.00114986672997, 0.000928429944906, -0.00279129017144, -0.00149571453221, -0.00139339384623, 0.000263475434622, 0.00131086504553, -0.000406395440223, 0.00283576501533, 0.00172867742367, -0.00340499659069, 0.0167545359582]]}, "melbands": {"dmean": [0.000325669418089, 0.000534394406714, 0.000853520701639, 0.00095557369059, 0.00123238132801, 0.000182968025911, 0.000310854491545, 0.000206394252018, 7.71380218794e-05, 7.44604913052e-05, 3.2617324905e-05, 2.79644464172e-05, 1.77327165147e-05, 1.92045863514e-05, 1.55156685651e-05, 1.49226452777e-05, 1.48137896758e-05, 1.19994101624e-05, 1.00880843092e-05, 1.06753477667e-05, 8.1803300418e-06, 7.38223980079e-06, 7.55728115109e-06, 4.78905076307e-06, 3.92888478018e-06, 4.75017350254e-06, 3.78545360036e-06, 3.59965360985e-06, 2.80461813418e-06, 2.04886532629e-06, 2.04414004656e-06, 1.62994194852e-06, 1.29690897666e-06, 1.20845618312e-06, 9.13279393444e-07, 6.83247549205e-07, 6.51499931337e-07, 4.44633428742e-07, 3.49171045855e-07, 2.53633658076e-07], "dmean2": [0.000405681843404, 0.00084270676598, 0.00139536312781, 0.0016011884436, 0.00216751592234, 0.000289395917207, 0.000492593098897, 0.000318231555866, 0.000122119497973, 0.000118079740787, 5.10758327437e-05, 4.42120363005e-05, 2.78762927337e-05, 2.91963315249e-05, 2.39290293393e-05, 2.26118645514e-05, 2.25568765018e-05, 1.87855202967e-05, 1.60618801601e-05, 1.67195830727e-05, 1.30696735141e-05, 1.1841981177e-05, 1.20311360661e-05, 7.92634637037e-06, 6.47811521048e-06, 7.75190164859e-06, 5.98742599323e-06, 5.78454864808e-06, 4.52493804914e-06, 3.18442448588e-06, 3.06964625452e-06, 2.45147907663e-06, 1.89950526419e-06, 1.72915406438e-06, 1.33893888687e-06, 1.00951865534e-06, 9.09340428734e-07, 6.33168667719e-07, 5.0776890248e-07, 3.66308569255e-07], "dvar": [1.15427451419e-06, 6.21005256107e-07, 1.22237963751e-06, 1.17053343729e-06, 2.69011366072e-06, 1.04952690094e-07, 3.69928670807e-07, 2.14275189592e-07, 2.49469565006e-08, 2.545791844e-08, 5.04727770689e-09, 5.3588888882e-09, 1.60538637939e-09, 4.20024459657e-09, 2.38582842371e-09, 1.8635704091e-09, 1.74514991347e-09, 7.38067884587e-10, 5.53344425835e-10, 6.6472460869e-10, 3.69145436441e-10, 2.38447817047e-10, 2.26625343491e-10, 6.49688289278e-11, 7.50652109915e-11, 6.97998880916e-11, 4.49409745529e-11, 3.54957209459e-11, 2.48510760581e-11, 1.62319480773e-11, 1.88922471417e-11, 1.06523071614e-11, 4.81906138258e-12, 4.89286519287e-12, 3.01901320783e-12, 2.04445249792e-12, 5.47781351529e-12, 2.63483440795e-12, 1.73576225008e-12, 6.56166961044e-13], "dvar2": [1.62514527347e-06, 1.59861849625e-06, 3.12114593726e-06, 3.45152648151e-06, 8.78876744537e-06, 2.32725142268e-07, 9.13857491014e-07, 4.8891985216e-07, 6.05002341558e-08, 6.41683541858e-08, 1.14480931401e-08, 1.25211823132e-08, 3.65535113289e-09, 9.67900870563e-09, 5.48906609055e-09, 4.09847578098e-09, 4.01181843301e-09, 1.69186420429e-09, 1.36345867929e-09, 1.57966062453e-09, 8.77898920226e-10, 5.68925406785e-10, 5.55249513035e-10, 1.7143639286e-10, 2.02868319366e-10, 1.84665338576e-10, 1.06036610048e-10, 9.01093297201e-11, 6.50792406076e-11, 3.56317995942e-11, 3.98405648749e-11, 2.373030418e-11, 1.01354957413e-11, 1.01264283417e-11, 6.36576295149e-12, 4.12885827958e-12, 9.21856688207e-12, 5.23145068931e-12, 3.48977400796e-12, 1.27679442539e-12], "max": [0.0162900593132, 0.0135891214013, 0.0156675763428, 0.0201712362468, 0.0142886694521, 0.00750992447138, 0.0132310455665, 0.014953465201, 0.00408460199833, 0.00410234089941, 0.00209213118069, 0.00200622738339, 0.00134045467712, 0.00360676227137, 0.00277626980096, 0.00109011982568, 0.000959980068728, 0.000800585141405, 0.000460666924482, 0.000878232647665, 0.000702376593836, 0.000523323542438, 0.000367787200958, 0.000212412240217, 0.000446439022198, 0.000166035199072, 0.000217087814235, 0.000132856104756, 9.67317682807e-05, 0.000136032685987, 0.000147797109094, 0.000103772101284, 5.6439814216e-05, 6.74613256706e-05, 5.30374636583e-05, 5.96765130467e-05, 0.00020465425041, 7.58684982429e-05, 5.94582197664e-05, 3.23619824485e-05], "mean": [0.000567409268115, 0.00161145301536, 0.00227392185479, 0.00235842075199, 0.00246761273593, 0.000415632937802, 0.000768135068938, 0.000427752267569, 0.000150152132846, 0.000136996095534, 7.17544680811e-05, 5.16364307259e-05, 3.79344892281e-05, 3.8446050894e-05, 3.18896745739e-05, 2.99573930533e-05, 2.91937740258e-05, 2.33427290368e-05, 2.03865511139e-05, 2.17173619603e-05, 1.7867254428e-05, 1.64729899552e-05, 1.68524857145e-05, 1.09612246888e-05, 8.84945893631e-06, 1.04799701148e-05, 8.7954913397e-06, 8.0031077232e-06, 6.44947658657e-06, 4.24018526246e-06, 4.25180223829e-06, 3.43944861925e-06, 2.78533639175e-06, 2.2917968181e-06, 1.7368591898e-06, 1.38077211886e-06, 1.06401432731e-06, 7.6740542454e-07, 5.56044653877e-07, 3.95915890294e-07], "median": [9.04457410797e-05, 0.0012535804417, 0.0017867165152, 0.0018437334802, 0.00175170437433, 0.000270972202998, 0.000247521122219, 0.00018326342979, 7.83394207247e-05, 5.24438946741e-05, 2.96135967801e-05, 1.9615446945e-05, 1.36708222271e-05, 1.04210885183e-05, 9.58493092185e-06, 9.85241331364e-06, 8.51303229865e-06, 7.67720212025e-06, 8.2734723037e-06, 9.1081356004e-06, 9.21618266148e-06, 9.134640095e-06, 8.92567004485e-06, 6.76719264447e-06, 5.3673588809e-06, 6.33646186543e-06, 5.91551088291e-06, 5.13674604008e-06, 3.22092864735e-06, 2.43897170549e-06, 2.27608256864e-06, 1.83548297628e-06, 1.47708863096e-06, 8.20153616132e-07, 5.27633119418e-07, 3.41679566418e-07, 2.7837566563e-07, 1.70789462572e-07, 1.16952264761e-07, 8.80608510556e-08], "min": [2.98492680027e-24, 4.57754052967e-24, 5.81352030179e-24, 4.11515286551e-24, 4.47667559103e-24, 1.4281895971e-23, 1.13467259807e-23, 1.43389984565e-23, 9.32309028834e-24, 2.13392996423e-23, 6.09214755123e-24, 1.33758355788e-23, 3.91326363835e-24, 9.17281070818e-24, 1.47122827036e-23, 1.01060978456e-23, 3.02480411346e-24, 8.08457866715e-24, 6.3393761645e-24, 7.72828411728e-24, 9.67079493182e-24, 9.43187184059e-24, 1.24151828565e-23, 1.56956719749e-23, 1.0128157552e-23, 6.59411710017e-24, 1.44863008756e-23, 6.8911157368e-24, 1.08268626998e-23, 9.88579187179e-24, 1.05514050935e-23, 1.02274065091e-23, 1.19419120673e-23, 1.23507116213e-23, 1.33334390383e-23, 1.08139979562e-23, 9.78997919282e-24, 1.10466929905e-23, 1.13599299345e-23, 1.21155427191e-23], "var": [2.96769644592e-06, 2.00250929083e-06, 3.33076536663e-06, 3.34417086378e-06, 5.32172634848e-06, 2.87896767759e-07, 1.43073532399e-06, 5.70568943203e-07, 6.55668941363e-08, 6.03968288715e-08, 2.11248014637e-08, 1.30138078092e-08, 6.95478119539e-09, 1.11136708725e-08, 9.61426049884e-09, 5.61704016633e-09, 5.60494983759e-09, 2.54936649569e-09, 1.49201950794e-09, 1.6813297421e-09, 1.13677178781e-09, 8.23042189957e-10, 7.81960329821e-10, 2.03431230195e-10, 1.47664686034e-10, 2.07292502608e-10, 1.49929554882e-10, 1.14860322642e-10, 9.61982785097e-11, 4.79914268048e-11, 5.45183551082e-11, 2.86893859364e-11, 1.55794457196e-11, 1.4036946952e-11, 9.3395733855e-12, 7.07705465411e-12, 1.11388016866e-11, 5.79815535862e-12, 3.65349113809e-12, 1.32289264178e-12]}, "mfcc": {"mean": [-688.790222168, 149.439498901, 29.2842674255, 32.4780197144, -0.319809943438, 1.84653031826, -11.9335222244, -6.93119192123, -11.2367982864, -6.15201759338, -6.27074670792, -6.59143352509, -6.89606618881], "cov": [[18126.921875, -5194.58935547, -4053.17504883, 970.615966797, -612.642272949, -333.60760498, -452.592834473, 394.1300354, 162.79637146, 124.044311523, -409.57824707, -174.461013794, 80.7365493774], [-5194.58935547, 3736.40307617, 1515.04748535, -436.322662354, 235.682830811, 179.771881104, 184.015258789, -102.696784973, -110.072097778, -49.6741142273, 191.989456177, 27.6832523346, -10.9897441864], [-4053.17504883, 1515.04748535, 1841.79406738, -255.053253174, 161.758560181, 191.045379639, 190.101135254, -117.400138855, -30.8499946594, -16.8736286163, 139.611206055, 111.394363403, -45.8229866028], [970.615966797, -436.322662354, -255.053253174, 402.207000732, 6.4577755928, -64.0741500854, -82.5432510376, 4.74490642548, 43.1136016846, 1.85007655621, -48.8307609558, 10.3680286407, 21.3300800323], [-612.642272949, 235.682830811, 161.758560181, 6.4577755928, 231.229125977, 0.460724174976, -31.7161903381, -9.63798236847, 41.8244934082, 9.34247970581, 25.8548202515, -11.8297948837, 23.3887557983], [-333.60760498, 179.771881104, 191.045379639, -64.0741500854, 0.460724174976, 155.161651611, 66.1106796265, -0.704443097115, -3.72335386276, 21.5649299622, 17.3599872589, 2.33118629456, -28.6232471466], [-452.592834473, 184.015258789, 190.101135254, -82.5432510376, -31.7161903381, 66.1106796265, 170.953994751, 33.1511459351, -18.5316791534, 2.05163121223, 20.38256073, 15.0497236252, -9.96562767029], [394.1300354, -102.696784973, -117.400138855, 4.74490642548, -9.63798236847, -0.704443097115, 33.1511459351, 125.792007446, 26.077255249, 10.0866918564, 2.49283123016, -3.8481771946, 32.4865264893], [162.79637146, -110.072097778, -30.8499946594, 43.1136016846, 41.8244934082, -3.72335386276, -18.5316791534, 26.077255249, 102.708465576, 32.2028656006, 0.218019410968, 1.37432491779, 10.978345871], [124.044311523, -49.6741142273, -16.8736286163, 1.85007655621, 9.34247970581, 21.5649299622, 2.05163121223, 10.0866918564, 32.2028656006, 87.4192428589, 18.2033061981, 11.8555374146, 4.0299115181], [-409.57824707, 191.989456177, 139.611206055, -48.8307609558, 25.8548202515, 17.3599872589, 20.38256073, 2.49283123016, 0.218019410968, 18.2033061981, 96.3786773682, 41.1717720032, 21.6309871674], [-174.461013794, 27.6832523346, 111.394363403, 10.3680286407, -11.8297948837, 2.33118629456, 15.0497236252, -3.8481771946, 1.37432491779, 11.8555374146, 41.1717720032, 113.08190155, 39.1884040833], [80.7365493774, -10.9897441864, -45.8229866028, 21.3300800323, 23.3887557983, -28.6232471466, -9.96562767029, 32.4865264893, 10.978345871, 4.0299115181, 21.6309871674, 39.1884040833, 99.3801574707]], "icov": [[0.000141645345138, 8.46045950311e-05, 0.000193240412045, -0.000113191228593, 0.000159756091307, -0.000128287647385, 0.000127824692754, -0.000208599638427, 7.48161619413e-06, -9.52370319283e-05, 7.4221570685e-05, -5.09411347593e-06, 3.02765579363e-06], [8.46045950311e-05, 0.000523525523022, -0.000190348378965, 0.000140060175909, -0.00016772338131, -0.000145512109157, 1.69700615515e-05, -5.05586504005e-05, 0.000377313757781, 0.000100885074062, -0.000393624068238, 0.000361320853699, -0.000215451873373], [0.000193240412045, -0.000190348378965, 0.00144872348756, -8.63519653649e-06, -0.000421707809437, -0.000759926624596, -0.000668198626954, 0.000574766250793, -0.000372598791728, 0.000396990770241, -0.000245119765168, -0.00117822398897, 0.000660309218802], [-0.000113191228593, 0.000140060175909, -8.63519653649e-06, 0.00342950574122, -0.000462431198684, 0.00050112552708, 0.000716210226528, 0.000254968181252, -0.000893165415619, 0.000255358143477, 0.00132662267424, -0.0011051959591, -0.000155607776833], [0.000159756091307, -0.00016772338131, -0.000421707809437, -0.000462431198684, 0.00637955218554, -0.00016251168563, 0.00158186978661, 0.000234942068346, -0.00249168649316, -0.000172004685737, -0.00115012656897, 0.00241920887493, -0.00213131029159], [-0.000128287647385, -0.000145512109157, -0.000759926624596, 0.00050112552708, -0.00016251168563, 0.00930860638618, -0.00254320912063, -0.000112451802124, 0.000103344958916, -0.00240676244721, -0.000112922905828, 0.00021002048743, 0.0021591426339], [0.000127824692754, 1.69700615515e-05, -0.000668198626954, 0.000716210226528, 0.00158186978661, -0.00254320912063, 0.00950679369271, -0.00388050684705, 0.00123187131248, -4.87137440359e-05, 0.000109130443889, -0.000672248075716, 0.000660487101413], [-0.000208599638427, -5.05586504005e-05, 0.000574766250793, 0.000254968181252, 0.000234942068346, -0.000112451802124, -0.00388050684705, 0.011910976842, -0.0031841462478, 0.000403482408728, -0.000933853385504, 0.00183505099267, -0.00418120250106], [7.48161619413e-06, 0.000377313757781, -0.000372598791728, -0.000893165415619, -0.00249168649316, 0.000103344958916, 0.00123187131248, -0.0031841462478, 0.0137980747968, -0.00447619240731, 0.000664494466037, -0.00026431310107, 0.000452977139503], [-9.52370319283e-05, 0.000100885074062, 0.000396990770241, 0.000255358143477, -0.000172004685737, -0.00240676244721, -4.87137440359e-05, 0.000403482408728, -0.00447619240731, 0.0146625256166, -0.00296005187556, -0.00107660796493, 0.000396000745241], [7.4221570685e-05, -0.000393624068238, -0.000245119765168, 0.00132662267424, -0.00115012656897, -0.000112922905828, 0.000109130443889, -0.000933853385504, 0.000664494466037, -0.00296005187556, 0.0157503206283, -0.00476315710694, -0.00145054142922], [-5.09411347593e-06, 0.000361320853699, -0.00117822398897, -0.0011051959591, 0.00241920887493, 0.00021002048743, -0.000672248075716, 0.00183505099267, -0.00026431310107, -0.00107660796493, -0.00476315710694, 0.0143321510404, -0.00598007021472], [3.02765579363e-06, -0.000215451873373, 0.000660309218802, -0.000155607776833, -0.00213131029159, 0.0021591426339, 0.000660487101413, -0.00418120250106, 0.000452977139503, 0.000396000745241, -0.00145054142922, -0.00598007021472, 0.0155381802469]]}, "spectral_contrast_coeffs": {"dmean": [0.0524806827307, 0.0445431023836, 0.0336636863649, 0.0282484702766, 0.0207709521055, 0.0222112163901], "dmean2": [0.0873675048351, 0.0729745253921, 0.0543274730444, 0.0446090660989, 0.0323820747435, 0.0344044044614], "dvar": [0.00186059053522, 0.00133461109363, 0.000758910959121, 0.000571095792111, 0.000376811280148, 0.000509576580953], "dvar2": [0.00504871085286, 0.00358050176874, 0.00192303163931, 0.00131792470347, 0.000795767351519, 0.00118545640726], "max": [-0.221875727177, -0.407105147839, -0.474232941866, -0.498350381851, -0.566480278969, -0.597216069698], "mean": [-0.491895854473, -0.65819811821, -0.762053668499, -0.77438044548, -0.804432749748, -0.768053889275], "median": [-0.48396730423, -0.654231190681, -0.770335257053, -0.780877053738, -0.810429155827, -0.748483300209], "min": [-0.979734897614, -0.963230371475, -0.968528270721, -0.972528815269, -0.96414154768, -0.963594555855], "var": [0.00858279224485, 0.00559093710035, 0.00433607399464, 0.00378623791039, 0.0031147452537, 0.0065713156946]}, "spectral_contrast_valleys": {"dmean": [0.44621309638, 0.321104943752, 0.286186754704, 0.292747974396, 0.307319074869, 0.437615245581], "dmean2": [0.745587944984, 0.530704140663, 0.459112107754, 0.434631675482, 0.404761433601, 0.57017749548], "dvar": [0.167616307735, 0.0886061638594, 0.0735022202134, 0.106805980206, 0.198540568352, 0.288134366274], "dvar2": [0.419914513826, 0.21519587934, 0.154681622982, 0.187985345721, 0.298124134541, 0.530256450176], "max": [-5.30382490158, -4.88049936295, -5.87743854523, -6.29347515106, -6.03343248367, -7.86755895615], "mean": [-7.5150203