{"lowlevel": {"average_loudness": 0.959228813648, "barkbands_crest": {"dmean": 3.75403261185, "dmean2": 5.72278928757, "dvar": 11.024225235, "dvar2": 23.1445560455, "max": 26.587059021, "mean": 13.9195947647, "median": 13.2826051712, "min": 2.33992242813, "var": 38.2295875549}, "barkbands_flatness_db": {"dmean": 0.0483468435705, "dmean2": 0.0660363808274, "dvar": 0.00227755424567, "dvar2": 0.00426183128729, "max": 0.599532663822, "mean": 0.181654661894, "median": 0.157038062811, "min": 0.0108394473791, "var": 0.0118870697916}, "barkbands_kurtosis": {"dmean": 30.6525039673, "dmean2": 46.9792060852, "dvar": 9988.61621094, "dvar2": 24567.84375, "max": 1881.63708496, "mean": 36.4495582581, "median": 6.8037519455, "min": -1.93582129478, "var": 12680.5283203}, "barkbands_skewness": {"dmean": 1.63399517536, "dmean2": 2.37163448334, "dvar": 4.55138158798, "dvar2": 9.86977100372, "max": 33.2315444946, "mean": 3.44249248505, "median": 2.45783305168, "min": -3.54411935806, "var": 12.7938756943}, "barkbands_spread": {"dmean": 10.8808164597, "dmean2": 16.8335285187, "dvar": 221.237869263, "dvar2": 501.107910156, "max": 112.270935059, "mean": 20.9271068573, "median": 14.1314706802, "min": 0.0516192950308, "var": 395.06048584}, "dissonance": {"dmean": 0.0152527848259, "dmean2": 0.0253327731043, "dvar": 0.000330556940753, "dvar2": 0.000822826521471, "max": 0.5, "mean": 0.474243760109, "median": 0.482078194618, "min": 0.232791244984, "var": 0.000704616541043}, "dynamic_complexity": 3.89015460014, "erbbands_crest": {"dmean": 2.57472300529, "dmean2": 4.05961704254, "dvar": 7.99937009811, "dvar2": 17.2385063171, "max": 29.4883880615, "mean": 7.84111118317, "median": 6.30857753754, "min": 2.13008522987, "var": 23.2910003662}, "erbbands_flatness_db": {"dmean": 0.0282337255776, "dmean2": 0.03915540874, "dvar": 0.00100169226062, "dvar2": 0.00177664530929, "max": 0.463300317526, "mean": 0.136995717883, "median": 0.11793795228, "min": 0.0378283932805, "var": 0.00396497966722}, "erbbands_kurtosis": {"dmean": 2.10504055023, "dmean2": 3.25799679756, "dvar": 47.4057350159, "dvar2": 82.9690170288, "max": 257.973602295, "mean": 1.71769595146, "median": -0.214414596558, "min": -1.91811728477, "var": 156.253936768}, "erbbands_skewness": {"dmean": 0.577766656876, "dmean2": 0.863783299923, "dvar": 0.55053794384, "dvar2": 1.05812358856, "max": 13.3771305084, "mean": 0.335355997086, "median": 0.184688210487, "min": -3.70331645012, "var": 1.79368019104}, "erbbands_spread": {"dmean": 17.0321445465, "dmean2": 25.224155426, "dvar": 396.614898682, "dvar2": 850.165527344, "max": 203.524627686, "mean": 51.0086250305, "median": 48.2473831177, "min": 0.8294095397, "var": 756.943847656}, "hfc": {"dmean": 14.5255804062, "dmean2": 22.4561252594, "dvar": 630.418212891, "dvar2": 1509.49633789, "max": 217.89491272, "mean": 21.1095695496, "median": 9.88498592377, "min": 3.5735506998e-08, "var": 850.471069336}, "melbands_crest": {"dmean": 4.56561231613, "dmean2": 7.24248123169, "dvar": 17.7971153259, "dvar2": 40.0570716858, "max": 38.5719871521, "mean": 19.4960651398, "median": 19.4039669037, "min": 2.67594242096, "var": 57.8541717529}, "melbands_flatness_db": {"dmean": 0.0598267540336, "dmean2": 0.0816557556391, "dvar": 0.00339517649263, "dvar2": 0.00633835792542, "max": 0.755573987961, "mean": 0.271015226841, "median": 0.250328123569, "min": 0.0246785618365, "var": 0.0172734670341}, "melbands_kurtosis": {"dmean": 42.8414039612, "dmean2": 65.5383758545, "dvar": 7838.50585938, "dvar2": 16736.6972656, "max": 2586.97290039, "mean": 64.1436538696, "median": 24.8094501495, "min": -1.85212564468, "var": 15297.9707031}, "melbands_skewness": {"dmean": 1.93226706982, "dmean2": 2.90841770172, "dvar": 4.88863897324, "dvar2": 10.5267248154, "max": 38.8450431824, "mean": 5.1627869606, "median": 4.27524089813, "min": -2.27100038528, "var": 13.8928585052}, "melbands_spread": {"dmean": 11.624671936, "dmean2": 18.4732437134, "dvar": 561.689697266, "dvar2": 1234.2253418, "max": 280.981201172, "mean": 18.1536483765, "median": 9.37521266937, "min": 0.119738392532, "var": 728.441955566}, "pitch_salience": {"dmean": 0.113218180835, "dmean2": 0.174050495028, "dvar": 0.0122702373192, "dvar2": 0.0271859373897, "max": 0.93245112896, "mean": 0.449384212494, "median": 0.47910964489, "min": 0.0167970340699, "var": 0.0393304415047}, "silence_rate_20dB": {"dmean": 0, "dmean2": 0, "dvar": 0, "dvar2": 0, "max": 1, "mean": 1, "median": 1, "min": 1, "var": 0}, "silence_rate_30dB": {"dmean": 0.0679012313485, "dmean2": 0.135820701718, "dvar": 0.0632886141539, "dvar2": 0.136422947049, "max": 1, "mean": 0.890111386776, "median": 1, "min": 0, "var": 0.0978180766106}, "silence_rate_60dB": {"dmean": 0.0697799250484, "dmean2": 0.139444366097, "dvar": 0.0649153366685, "dvar2": 0.151679649949, "max": 1, "mean": 0.106802627444, "median": 0, "min": 0, "var": 0.0954007506371}, "spectral_centroid": {"dmean": 433.062164307, "dmean2": 676.254943848, "dvar": 321291.78125, "dvar2": 646896.4375, "max": 5393.39697266, "mean": 1285.54272461, "median": 1111.08300781, "min": 74.2850875854, "var": 776098.6875}, "spectral_complexity": {"dmean": 5.40338182449, "dmean2": 7.85572385788, "dvar": 55.2645874023, "dvar2": 101.254447937, "max": 64, "mean": 16.4523010254, "median": 11, "min": 0, "var": 218.675140381}, "spectral_decrease": {"dmean": 5.2311048826e-09, "dmean2": 8.10986300337e-09, "dvar": 5.75256933648e-17, "dvar2": 1.38247172232e-16, "max": -8.50431948714e-20, "mean": -1.03851318656e-08, "median": -6.46433395701e-09, "min": -6.27695371236e-08, "var": 1.30601363159e-16}, "spectral_energy": {"dmean": 0.0205399729311, "dmean2": 0.0318611934781, "dvar": 0.000851384946145, "dvar2": 0.00203972263262, "max": 0.238270461559, "mean": 0.0411104783416, "median": 0.0262208767235, "min": 3.56229238815e-12, "var": 0.00193711486645}, "spectral_energyband_high": {"dmean": 0.00128821306862, "dmean2": 0.00202245963737, "dvar": 5.68304221815e-06, "dvar2": 1.34636438816e-05, "max": 0.0197828151286, "mean": 0.00146005128045, "median": 0.00018891543732, "min": 2.10160664912e-12, "var": 6.81264327795e-06}, "spectral_energyband_low": {"dmean": 0.017709735781, "dmean2": 0.0271442644298, "dvar": 0.000782087270636, "dvar2": 0.00187533907592, "max": 0.237524151802, "mean": 0.0299117546529, "median": 0.0140918800607, "min": 1.06620102829e-13, "var": 0.00170695199631}, "spectral_energyband_middle_high": {"dmean": 0.00169988546986, "dmean2": 0.00270686531439, "dvar": 1.19318610814e-05, "dvar2": 2.83738208964e-05, "max": 0.0480632223189, "mean": 0.00286653335206, "median": 0.000961663317867, "min": 6.4027505086e-13, "var": 1.89511374629e-05}, "spectral_energyband_middle_low": {"dmean": 0.00659742113203, "dmean2": 0.0112003246322, "dvar": 0.00018723278481, "dvar2": 0.00050410348922, "max": 0.102559238672, "mean": 0.00853460654616, "median": 0.00388397881761, "min": 4.66131744748e-13, "var": 0.000161445888807}, "spectral_entropy": {"dmean": 0.33179333806, "dmean2": 0.469640672207, "dvar": 0.167628407478, "dvar2": 0.278054952621, "max": 8.83931159973, "mean": 7.54224157333, "median": 7.72870731354, "min": 3.56123185158, "var": 0.559002459049}, "spectral_flux": {"dmean": 0.049889665097, "dmean2": 0.0793795660138, "dvar": 0.00326858623885, "dvar2": 0.00704158842564, "max": 0.445663005114, "mean": 0.108206830919, "median": 0.0863530635834, "min": 0.000240670531639, "var": 0.00660495273769}, "spectral_kurtosis": {"dmean": 3.3939332962, "dmean2": 5.29982662201, "dvar": 38.7445793152, "dvar2": 91.8015518188, "max": 123.097702026, "mean": 5.99500703812, "median": 3.45371723175, "min": -1.1546163559, "var": 65.8532409668}, "spectral_rms": {"dmean": 0.00152198469732, "dmean2": 0.00222211540677, "dvar": 2.81645839095e-06, "dvar2": 5.77440141569e-06, "max": 0.0152466055006, "mean": 0.00544299930334, "median": 0.00505780009553, "min": 5.89525868122e-08, "var": 1.04816390376e-05}, "spectral_rolloff": {"dmean": 967.082214355, "dmean2": 1647.45080566, "dvar": 3464192, "dvar2": 7416854.5, "max": 19853.6132812, "mean": 1266.76745605, "median": 387.59765625, "min": 43.06640625, "var": 4311673}, "spectral_skewness": {"dmean": 0.40983864665, "dmean2": 0.607353925705, "dvar": 0.288844168186, "dvar2": 0.605893731117, "max": 8.66560840607, "mean": 1.65103077888, "median": 1.39261293411, "min": 0.110249459743, "var": 0.699454426765}, "spectral_spread": {"dmean": 1177696.75, "dmean2": 1558697.375, "dvar": 2146639020030.0, "dvar2": 3327190630400.0, "max": 36966596, "mean": 5127205, "median": 4953570, "min": 692742.1875, "var": 5247033933820.0}, "spectral_strongpeak": {"dmean": 0.236387521029, "dmean2": 0.382983535528, "dvar": 0.124928973615, "dvar2": 0.312092423439, "max": 6.08365154266, "mean": 0.448988139629, "median": 0.351353466511, "min": 0, "var": 0.198566660285}, "zerocrossingrate": {"dmean": 0.0194129794836, "dmean2": 0.0227335523814, "dvar": 0.000686517567374, "dvar2": 0.000898392230738, "max": 0.49560546875, "mean": 0.051135096699, "median": 0.03662109375, "min": 0.00146484375, "var": 0.00223526218906}, "barkbands": {"dmean": [0.00100997264963, 0.015221930109, 0.00521535100415, 0.0034803065937, 0.00204210123047, 0.000742195523344, 0.000642508384772, 0.00037347379839, 0.000373783550458, 0.000365939195035, 0.000282223103568, 0.000248785770964, 0.000227400887525, 0.000160460971529, 0.000146218400914, 0.000151750951773, 0.000248128839303, 0.000156329842866, 0.000225161988055, 0.00019976751355, 0.000234594073845, 0.00022579022334, 0.000204356823815, 0.000242090391112, 0.000193621366634, 0.00010718730482, 3.99017953896e-05], "dmean2": [0.00140492978971, 0.024366075173, 0.00831680838019, 0.00633465033025, 0.00330008333549, 0.00124908820726, 0.00116083514877, 0.00061108666705, 0.000622489897069, 0.000612463336438, 0.000462384748971, 0.000429725565482, 0.000397431926103, 0.00026933173649, 0.000223011462367, 0.000246583455009, 0.000431986147305, 0.0002544518793, 0.000360630452633, 0.000303522829199, 0.000358985445928, 0.000362969178241, 0.000330198818119, 0.000402713136282, 0.000316590070724, 0.000180018221727, 6.62713937345e-05], "dvar": [4.24236714025e-06, 0.000793024082668, 0.000132599103381, 7.95961095719e-05, 1.33975263452e-05, 2.26428187489e-06, 2.01748730433e-06, 1.02885746855e-06, 6.06042704021e-07, 1.05718993382e-06, 3.75930682139e-07, 2.72239986998e-07, 2.69177832024e-07, 9.17535132317e-08, 1.21677885545e-07, 1.01649391127e-07, 2.05661692121e-07, 8.22536279088e-08, 1.70501408547e-07, 1.34683105557e-07, 1.90160776015e-07, 2.03936892262e-07, 1.49060639387e-07, 2.1804719097e-07, 1.31847073703e-07, 5.99520362243e-08, 1.53868935371e-08], "dvar2": [8.87165788299e-06, 0.00198529753834, 0.000338131911121, 0.000224672883633, 3.43478459399e-05, 5.89033197684e-06, 5.8170999182e-06, 2.12160171031e-06, 1.59173805514e-06, 2.81478696706e-06, 8.55834059621e-07, 7.1324302553e-07, 7.36650349609e-07, 2.27581267609e-07, 2.68848310725e-07, 2.50280265846e-07, 5.69792234728e-07, 1.96620305815e-07, 4.20706413706e-07, 2.90555078664e-07, 4.13946537492e-07, 5.14863472745e-07, 3.62499775974e-07, 5.54315647605e-07, 3.08262741555e-07, 1.513865584e-07, 4.07809537251e-08], "max": [0.0459922030568, 0.234627068043, 0.115645796061, 0.0629785731435, 0.0322618819773, 0.0210622809827, 0.0148291625082, 0.027359969914, 0.00848766602576, 0.017524914816, 0.015391131863, 0.00514786783606, 0.00554010551423, 0.00597796728835, 0.0121374027804, 0.00913275498897, 0.00905722845346, 0.00510301627219, 0.00679831579328, 0.00603215070441, 0.00439135218039, 0.00513547938317, 0.00455323699862, 0.00350457523018, 0.0023555548396, 0.00469046691433, 0.00112519331742], "mean": [0.00146863493137, 0.0212090145797, 0.00565735809505, 0.00273488275707, 0.00293951760978, 0.00110639992636, 0.000646161613986, 0.000488522753585, 0.000468163896585, 0.00037693665945, 0.00032754833228, 0.000272656121524, 0.000250259559834, 0.000220199857722, 0.000207636156119, 0.000239561733906, 0.000335676828399, 0.000238353779423, 0.000327410729369, 0.000267158146016, 0.000276633742033, 0.000258674757788, 0.000231848840485, 0.000231800819165, 0.000190052509424, 0.000102462377981, 3.70517955162e-05], "median": [0.000237736152485, 0.00634415866807, 0.00105784612242, 0.000447466474725, 0.000992719316855, 0.000260845117737, 0.000150590509293, 0.000132310102344, 0.000130014886963, 9.29947127588e-05, 7.99977497081e-05, 7.400236791e-05, 6.50774672977e-05, 5.33064230694e-05, 4.02769874199e-05, 3.48006105924e-05, 7.59119066061e-05, 6.98168951203e-05, 7.61619885452e-05, 4.24358950113e-05, 3.49668989656e-05, 3.42962630384e-05, 2.48835422099e-05, 2.04943298741e-05, 1.08800422822e-05, 5.29036788066e-06, 3.28140345118e-06], "min": [2.78146286351e-15, 2.58370629308e-14, 5.02921814437e-14, 4.95150863128e-14, 3.35074206066e-14, 2.07766014679e-13, 5.0277741226e-14, 4.67582752844e-14, 4.22685432662e-14, 7.9148547525e-14, 4.57764760071e-14, 9.50222431122e-14, 1.92710939166e-14, 5.94911218812e-14, 3.77663564755e-14, 2.27759078822e-14, 1.32695219287e-13, 7.36227281938e-14, 5.29813789141e-14, 5.42681981438e-14, 8.3859907408e-14, 1.63256804993e-13, 1.17147733029e-13, 2.21773933853e-13, 2.916160694e-13, 3.30267551588e-13, 1.09031143489e-12], "var": [1.09396241896e-05, 0.00132743932772, 0.000126422557514, 5.06025280629e-05, 1.79775324796e-05, 3.59894715984e-06, 1.66924598943e-06, 1.68802534972e-06, 7.18041405889e-07, 8.88857130121e-07, 5.01108843309e-07, 2.86278094563e-07, 2.47692696576e-07, 1.46419196767e-07, 2.06386872037e-07, 1.98143766283e-07, 3.30768557433e-07, 1.40792550951e-07, 3.11785356644e-07, 2.1554791374e-07, 2.73534823236e-07, 2.32695796853e-07, 1.78256030381e-07, 2.00339002276e-07, 1.31863757247e-07, 6.35246735214e-08, 1.29275612437e-08]}, "erbbands": {"dmean": [0.529920637608, 3.28000330925, 5.19507932663, 10.4806756973, 9.67336177826, 5.10428762436, 3.95929431915, 6.70514631271, 9.94511222839, 7.56937837601, 9.12572574615, 8.05153942108, 10.6833963394, 10.4738826752, 10.8288526535, 10.1646146774, 10.5519943237, 8.51057338715, 6.99932909012, 8.04703807831, 8.25215053558, 12.2654418945, 8.93709278107, 10.9072666168, 10.8865556717, 10.0082864761, 10.4834070206, 7.89027833939, 8.02890014648, 6.4534611702, 6.44700241089, 5.08088493347, 3.8755645752, 2.51656198502, 1.16157341003, 0.526967287064, 0.181186258793, 0.044280666858, 0.00622089300305, 0.000417865434429], "dmean2": [0.815769970417, 5.3349199295, 7.86872577667, 18.752374649, 16.5188217163, 8.61016750336, 6.82481527328, 11.1740350723, 17.8612384796, 12.9008874893, 15.0752630234, 13.274687767, 18.109500885, 16.7336559296, 17.4317150116, 17.4942684174, 18.3963546753, 14.5048789978, 11.0904073715, 12.9766569138, 12.9807453156, 21.1084899902, 14.6967468262, 17.4750823975, 17.4092159271, 15.4210863113, 16.2976512909, 12.1043596268, 12.8639173508, 10.4067773819, 10.6019210815, 8.53749084473, 6.35584068298, 4.107462883, 1.90698575974, 0.879024624825, 0.3080072999, 0.0751486197114, 0.0101967500523, 0.000681945297401], "dvar": [0.92121899128, 42.860294342, 101.20111084, 698.761230469, 375.045898438, 95.753692627, 69.5426025391, 195.18321228, 417.170501709, 545.078857422, 373.320831299, 286.009216309, 832.61932373, 538.576538086, 641.541625977, 411.628845215, 574.043518066, 284.492553711, 233.94934082, 324.101959229, 304.423126221, 495.677825928, 230.581375122, 377.556396484, 513.047973633, 358.403045654, 392.423797607, 207.381896973, 312.066802979, 151.134414673, 158.018051147, 96.5355758667, 54.6273612976, 21.7673778534, 4.93617534637, 1.15638852119, 0.217438772321, 0.017305906862, 0.000342115265084, 1.85443172995e-06], "dvar2": [2.37159752846, 103.026435852, 207.954177856, 1972.16455078, 981.258605957, 264.6144104, 187.93359375, 504.422485352, 1202.24584961, 1091.06860352, 926.608581543, 740.279296875, 2234.56396484, 1233.52209473, 1449.52453613, 1098.53649902, 1566.23535156, 727.553161621, 555.921447754, 761.33215332, 751.085449219, 1332.9810791, 562.343322754, 875.630249023, 1282.5111084, 791.219421387, 873.771972656, 455.400604248, 787.902648926, 360.739868164, 394.54196167, 248.985946655, 135.405166626, 50.742099762, 11.824092865, 2.8446688652, 0.556033313274, 0.0457973815501, 0.000887295464054, 4.93539118906e-06], "max": [9.3039894104, 49.3473014832, 93.4879684448, 185.105758667, 154.547546387, 109.248558044, 94.0636978149, 189.878952026, 340.118591309, 671.762145996, 526.039978027, 179.854614258, 646.569274902, 287.59375, 766.23651123, 248.351394653, 257.433929443, 323.511138916, 304.742553711, 514.436767578, 488.89630127, 514.883972168, 219.272171021, 550.613098145, 314.879241943, 250.329879761, 225.874038696, 156.412445068, 234.635116577, 107.616210938, 137.952682495, 82.2862167358, 61.3990097046, 30.8623981476, 17.8536109924, 15.4022665024, 9.7933511734, 1.79026973248, 0.185911253095, 0.0131750991568], "mean": [0.674678266048, 4.38700246811, 7.11351585388, 9.00979328156, 12.1376419067, 6.72086811066, 4.76192855835, 10.8439207077, 11.4644536972, 8.34634399414, 11.4958314896, 10.6540365219, 11.6790714264, 11.3599796295, 12.714217186, 11.9123220444, 11.9884490967, 11.7159795761, 10.8033256531, 12.47377491, 12.6950683594, 17.5628986359, 14.2298526764, 17.6901264191, 14.4074401855, 12.8750696182, 11.692987442, 9.98387050629, 9.22796535492, 7.48070335388, 6.94251394272, 5.04451274872, 3.69160294533, 2.4636323452, 1.14800965786, 0.505338311195, 0.176811978221, 0.0416452251375, 0.00596351595595, 0.000403429934522], "median": [0.176831662655, 1.1474686861, 1.76799917221, 1.9765137434, 2.54047632217, 2.99024105072, 1.70409250259, 2.26559352875, 2.62521624565, 2.43234562874, 3.06598472595, 2.98049378395, 3.12935686111, 2.80282020569, 3.03029298782, 3.66028380394, 3.17165207863, 3.3545832634, 2.19390773773, 2.24128985405, 2.26767778397, 4.11664104462, 4.12763643265, 5.36575078964, 2.66975307465, 2.06474685669, 1.44586241245, 1.35448825359, 1.2040681839, 0.869973897934, 0.71974927187, 0.533131599426, 0.309032231569, 0.152866855264, 0.0595972202718, 0.0239431913942, 0.00864416174591, 0.00327316951007, 0.000565495283809, 7.82505958341e-05], "min": [5.50695990545e-13, 7.02882023418e-12, 4.60689125736e-11, 1.31008259796e-10, 1.0911296866e-10, 8.39910502259e-11, 7.17817860707e-10, 1.96922833595e-09, 1.20501697509e-09, 6.85368151121e-10, 8.45665593108e-10, 7.95298993328e-10, 2.81394463286e-09, 1.43794964824e-09, 3.12667824964e-09, 3.27335247796e-09, 9.04921804157e-10, 2.82522116812e-09, 3.12975001471e-09, 1.2061555088e-09, 2.0028287917e-09, 7.83463605103e-09, 4.95094409914e-09, 2.65128341503e-09, 2.80836021105e-09, 2.74847145043e-09, 4.00592847782e-09, 3.69383079679e-09, 5.00794472558e-09, 3.9905203586e-09, 3.82090625806e-09, 3.49649020848e-09, 4.27374846623e-09, 2.65685740075e-09, 2.36351560545e-09, 1.08534503607e-09, 6.37426944561e-10, 2.60117066775e-10, 9.03303404298e-11, 2.06257615154e-11], "var": [1.29694163799, 70.397567749, 160.170166016, 455.73626709, 412.530212402, 91.9463119507, 62.0059928894, 371.685272217, 467.512176514, 740.217285156, 564.663818359, 396.863006592, 741.702453613, 605.034301758, 865.852600098, 458.573486328, 539.791870117, 402.175842285, 381.333709717, 534.758056641, 538.22064209, 852.638183594, 448.026519775, 832.425964355, 689.746032715, 529.83380127, 511.494567871, 326.951965332, 340.572845459, 180.758132935, 170.384033203, 91.0901489258, 50.6180381775, 21.4837779999, 5.06533670425, 1.19689822197, 0.231386333704, 0.0161041505635, 0.000305977097014, 1.48985884607e-06]}, "gfcc": {"mean": [-37.8837966919, 87.8772659302, -87.753616333, 40.6083831787, -40.8685684204, 12.6652231216, -24.3711967468, 8.59180355072, -15.8983154297, -0.635469138622, -7.75198936462, 1.24551153183, -11.0191411972], "cov": [[14731.2197266, -4810.36669922, 53.3511009216, 526.346557617, -482.442871094, 939.298950195, -492.86328125, 413.729156494, -798.13659668, 206.131607056, -826.815307617, -50.1240119934, -306.882293701], [-4810.36669922, 3701.62597656, -263.48739624, -503.774139404, 416.016815186, -652.695251465, 463.218566895, -266.935455322, 450.688934326, -222.444274902, 457.04699707, -86.5181884766, 109.879760742], [53.3511009216, -263.48739624, 1068.64575195, 158.351028442, 51.1130065918, 244.991821289, 32.8520965576, 127.26259613, 6.32054424286, 93.6850128174, -78.6554641724, -41.0184936523, -48.1623191833], [526.346557617, -503.774139404, 158.351028442, 504.493347168, 159.854263306, 200.516860962, 9.14815044403, 105.424926758, -1.36662793159, 18.6536579132, -40.8888053894, -16.6246337891, 4.3212518692], [-482.442871094, 416.016815186, 51.1130065918, 159.854263306, 519.189086914, 68.2309494019, 228.654846191, 55.9452285767, 152.330307007, -17.7704811096, 54.5352592468, -22.3111686707, 32.8038101196], [939.298950195, -652.695251465, 244.991821289, 200.516860962, 68.2309494019, 370.460601807, 4.98124599457, 116.789360046, -15.8173465729, 82.8667831421, -92.9212036133, -3.87110996246, 11.4879188538], [-492.86328125, 463.218566895, 32.8520965576, 9.14815044403, 228.654846191, 4.98124599457, 280.66809082, 32.8275260925, 140.469223022, -2.73832798004, 67.7410125732, -17.5651836395, 32.6201858521], [413.729156494, -266.935455322, 127.26259613, 105.424926758, 55.9452285767, 116.789360046, 32.8275260925, 195.196929932, 40.5437736511, 92.0525970459, 15.061589241, 33.0650177002, 0.0753133445978], [-798.13659668, 450.688934326, 6.32054424286, -1.36662793159, 152.330307007, -15.8173465729, 140.469223022, 40.5437736511, 202.094284058, 48.5379981995, 106.636650085, 9.51449584961, 45.803768158], [206.131607056, -222.444274902, 93.6850128174, 18.6536579132, -17.7704811096, 82.8667831421, -2.73832798004, 92.0525970459, 48.5379981995, 140.888412476, 35.1965637207, 47.2508621216, 12.7607564926], [-826.815307617, 457.04699707, -78.6554641724, -40.8888053894, 54.5352592468, -92.9212036133, 67.7410125732, 15.061589241, 106.636650085, 35.1965637207, 166.353042603, 46.7723808289, 47.9120903015], [-50.1240119934, -86.5181884766, -41.0184936523, -16.6246337891, -22.3111686707, -3.87110996246, -17.5651836395, 33.0650177002, 9.51449584961, 47.2508621216, 46.7723808289, 94.5558853149, 36.2330322266], [-306.882293701, 109.879760742, -48.1623191833, 4.3212518692, 32.8038101196, 11.4879188538, 32.6201858521, 0.0753133445978, 45.803768158, 12.7607564926, 47.9120903015, 36.2330322266, 79.7420578003]], "icov": [[0.000146984442836, 9.93220455712e-05, 0.000112101399282, 2.99227322103e-05, -1.10607606985e-05, -9.69659085968e-05, -0.000144729099702, -0.000199740636162, 0.000352913921233, -0.000199473768589, 0.000274657824775, 0.000116925220937, 0.000183852389455], [9.93220455712e-05, 0.00138753536157, -0.000281838292722, 0.000905818131287, -0.000464433978777, 0.000806317140814, -0.000455424160464, 0.00041438115295, -0.00116770912427, 0.00180575426202, -0.0024644585792, 0.0016272442881, -0.000365089159459], [0.000112101399282, -0.000281838292722, 0.00139836024027, -0.000307940557832, 0.00016820813471, -0.000854451500345, -0.000230795296375, -0.000504214782268, 0.000598469865508, -0.00126740487758, 0.00108651944902, 0.000158408554853, 0.000964078644756], [2.99227322103e-05, 0.000905818131287, -0.000307940557832, 0.00365492259152, -0.00130780041218, -0.000754261563998, 0.000662085833028, -0.000951549911406, -0.000505873758812, 0.00221559079364, -0.00220862077549, 0.00176682299934, -0.000680101162288], [-1.10607606985e-05, -0.000464433978777, 0.00016820813471, -0.00130780041218, 0.00405300920829, -0.000981448334642, -0.00205470994115, -0.000421801611083, -0.00143918162212, 0.00126558868214, 0.000704544829205, -0.00103091425262, 0.0007541141822], [-9.69659085968e-05, 0.000806317140814, -0.000854451500345, -0.000754261563998, -0.000981448334642, 0.00728933606297, -0.000520004541613, -0.00102966383565, -0.000191971907043, -0.0026223489549, 0.00277426536195, 0.00220752414316, -0.00453213648871], [-0.000144729099702, -0.000455424160464, -0.000230795296375, 0.000662085833028, -0.00205470994115, -0.000520004541613, 0.0077353506349, -0.00105846172664, -0.0031750597991, 0.00137897138484, -0.000336393568432, 0.00100324011873, -0.000998500501737], [-0.000199740636162, 0.00041438115295, -0.000504214782268, -0.000951549911406, -0.000421801611083, -0.00102966383565, -0.00105846172664, 0.0102340560406, -0.00143656402361, -0.00320430938154, -0.00209103384987, -0.00232360046357, 0.00280262366869], [0.000352913921233, -0.00116770912427, 0.000598469865508, -0.000505873758812, -0.00143918162212, -0.000191971907043, -0.0031750597991, -0.00143656402361, 0.0156237687916, -0.00761739071459, -0.0014791887952, 0.00294227758422, -0.00292749982327], [-0.000199473768589, 0.00180575426202, -0.00126740487758, 0.00221559079364, 0.00126558868214, -0.0026223489549, 0.00137897138484, -0.00320430938154, -0.00761739071459, 0.0200320575386, -0.00714779179543, -0.00362177239731, 0.00226475927047], [0.000274657824775, -0.0024644585792, 0.00108651944902, -0.00220862077549, 0.000704544829205, 0.00277426536195, -0.000336393568432, -0.00209103384987, -0.0014791887952, -0.00714779179543, 0.0209112968296, -0.00659076077864, -0.00289726140909], [0.000116925220937, 0.0016272442881, 0.000158408554853, 0.00176682299934, -0.00103091425262, 0.00220752414316, 0.00100324011873, -0.00232360046357, 0.00294227758422, -0.00362177239731, -0.00659076077864, 0.0215969774872, -0.00905814394355], [0.000183852389455, -0.000365089159459, 0.000964078644756, -0.000680101162288, 0.0007541141822, -0.00453213648871, -0.000998500501737, 0.00280262366869, -0.00292749982327, 0.00226475927047, -0.00289726140909, -0.00905814394355, 0.0222944281995]]}, "melbands": {"dmean": [0.0044435299933, 0.00298466300592, 0.00173608819023, 0.000531667959876, 0.000143759782077, 0.000154674809892, 0.000144594116136, 7.98325781943e-05, 7.89434780017e-05, 4.91023129143e-05, 5.45559632883e-05, 4.3536627345e-05, 3.68666442228e-05, 3.01314339595e-05, 2.40500085056e-05, 2.20986858039e-05, 1.59081100719e-05, 1.18599346024e-05, 1.11319450298e-05, 1.29521531562e-05, 1.03779657366e-05, 1.25863034555e-05, 1.25090582515e-05, 7.48491493141e-06, 9.4818906291e-06, 8.86726957106e-06, 7.40277073419e-06, 6.50622769172e-06, 6.52284097669e-06, 6.05575041845e-06, 4.22966104452e-06, 4.62788193545e-06, 4.46631202067e-06, 3.2838847801e-06, 3.60885746886e-06, 3.96305404138e-06, 2.79156188299e-06, 2.73434488918e-06, 2.52160839409e-06, 2.0864185899e-06], "dmean2": [0.00700224423781, 0.00450882129371, 0.00306632067077, 0.000873564975336, 0.000247081014095, 0.000259634049144, 0.000259705528151, 0.000134814647026, 0.000131621636683, 8.06654643384e-05, 9.25673593883e-05, 6.95261114743e-05, 5.94413431827e-05, 5.16070904268e-05, 4.17074770667e-05, 3.857959382e-05, 2.69524916803e-05, 1.90976916201e-05, 1.6882098862e-05, 2.15319378185e-05, 1.68816259247e-05, 2.16817534238e-05, 2.16787393583e-05, 1.18950501928e-05, 1.53178134497e-05, 1.45845942825e-05, 1.14034501166e-05, 1.02309350041e-05, 1.02454678199e-05, 9.54873030423e-06, 6.54649238641e-06, 7.54848861106e-06, 7.19005538485e-06, 5.2619179769e-06, 5.92884816797e-06, 6.67926633469e-06, 4.74272792417e-06, 4.53597067462e-06, 4.06632125305e-06, 3.46571346199e-06], "dvar": [6.52859671391e-05, 2.70723739959e-05, 1.70226649061e-05, 1.01197883851e-06, 8.25084356393e-08, 9.66006439285e-08, 9.49369933778e-08, 6.46451496777e-08, 2.70847326789e-08, 1.05477901968e-08, 2.28797212287e-08, 9.9923953556e-09, 6.84292889019e-09, 4.58874804821e-09, 2.23502172325e-09, 2.8926947504e-09, 1.00999930641e-09, 6.53813891915e-10, 9.7053831638e-10, 6.77611022848e-10, 5.20439469298e-10, 5.59707558079e-10, 4.929537889e-10, 2.12480408268e-10, 3.01060065766e-10, 3.59118790261e-10, 2.00816710483e-10, 1.59851049064e-10, 1.52245438478e-10, 1.55621043829e-10, 5.25235237248e-11, 1.04752095886e-10, 8.52043921529e-11, 3.65644250988e-11, 4.8584022222e-11, 6.7457102404e-11, 2.69918601359e-11, 2.73697106645e-11, 2.29592230644e-11, 1.51669527632e-11], "dvar2": [0.000167656355188, 5.26458061358e-05, 4.74677399325e-05, 2.62789330918e-06, 2.23525532306e-07, 2.51615404068e-07, 2.71593961543e-07, 1.25041097476e-07, 7.01022813132e-08, 2.69509161654e-08, 6.16966957523e-08, 2.30791439293e-08, 1.51874726129e-08, 1.20931149539e-08, 6.0217044684e-09, 8.00176547244e-09, 2.53654430793e-09, 1.59407309575e-09, 2.10500261666e-09, 1.73853520469e-09, 1.32527877561e-09, 1.47378242943e-09, 1.40018774353e-09, 5.17687559487e-10, 7.11346148652e-10, 9.44731404218e-10, 4.56139875871e-10, 3.65811991809e-10, 3.43526429525e-10, 3.67173874638e-10, 1.15032879056e-10, 2.69201855252e-10, 2.09539358087e-10, 8.66927848953e-11, 1.21013712939e-10, 1.73748598842e-10, 7.03400532265e-11, 6.85304382686e-11, 5.45274797537e-11, 3.61521368397e-11], "max": [0.0705338940024, 0.0450013801455, 0.0288903508335, 0.00859750807285, 0.00327304727398, 0.00493980804458, 0.00454313820228, 0.00768241519108, 0.00395346200094, 0.00112061039545, 0.00320813944563, 0.00129681592807, 0.00245690462179, 0.00111327751074, 0.00048555523972, 0.000629427027889, 0.00074324203888, 0.000419217307353, 0.00127376115415, 0.000576346705202, 0.000648855639156, 0.000602650688961, 0.000265352398856, 0.000304170156596, 0.000499923189636, 0.000380484940251, 0.000265325943474, 0.000157742004376, 0.000156254856847, 0.000139783252962, 8.81095547811e-05, 0.000144240504596, 9.99854455586e-05, 5.70575757592e-05, 8.08961485745e-05, 7.90197591414e-05, 4.24265599577e-05, 4.99776033394e-05, 3.49280708178e-05, 2.84054440272e-05], "mean": [0.00598987936974, 0.00463708350435, 0.0016569289146, 0.000724154117052, 0.000177918118425, 0.000241939735133, 0.000162891839864, 8.99067672435e-05, 9.63992279139e-05, 6.49521825835e-05, 5.7737051975e-05, 4.53309221484e-05, 4.2398696678e-05, 3.38434365403e-05, 2.83032532025e-05, 2.40273257077e-05, 2.15247819142e-05, 1.68180449691e-05, 1.60723066074e-05, 1.80339520739e-05, 1.41109285323e-05, 1.73406406248e-05, 1.75851691893e-05, 1.09949723992e-05, 1.48732378875e-05, 1.13896903713e-05, 9.75419061433e-06, 8.01457281341e-06, 7.09513506081e-06, 6.86839530317e-06, 5.38265976502e-06, 5.27541260453e-06, 4.86169346914e-06, 3.8163748286e-06, 3.90496143154e-06, 3.98655265599e-06, 2.7061109904e-06, 2.56317389358e-06, 2.4083065e-06, 2.00561748898e-06], "median": [0.00173469458241, 0.00146867451258, 0.000476338667795, 0.000216844098759, 6.82211612002e-05, 5.26092699147e-05, 3.80613091693e-05, 2.61557725025e-05, 2.56830880971e-05, 1.7668982764e-05, 1.47464297697e-05, 1.04760993054e-05, 1.00333054434e-05, 8.40396569401e-06, 9.41732832871e-06, 5.6980370573e-06, 5.99856639383e-06, 3.18408069688e-06, 3.07593222715e-06, 2.71933345175e-06, 2.38723964685e-06, 3.81302470487e-06, 4.48361424787e-06, 2.86339900413e-06, 4.36259369962e-06, 2.14558826883e-06, 1.51000813275e-06, 1.21225968996e-06, 8.88869976734e-07, 8.03046759756e-07, 7.46836633425e-07, 6.70934525715e-07, 5.79882225793e-07, 4.05392682978e-07, 4.04251409236e-07, 4.26916670904e-07, 2.80450819901e-07, 2.14139618038e-07, 1.69231270775e-07, 1.11111894796e-07], "min": [6.11971732919e-15, 1.93897022461e-14, 2.27756876537e-14, 4.87374626334e-15, 2.08335105623e-14, 4.33626184547e-14, 1.62696919603e-14, 8.21709542043e-15, 5.95069105753e-15, 5.89861123677e-15, 1.43934021738e-14, 5.79085763445e-15, 8.18450498076e-15, 1.24002133702e-14, 3.25297307096e-15, 2.71746931259e-15, 5.43955326068e-15, 5.42397166609e-15, 1.98869465851e-15, 1.65931065038e-15, 2.479641731e-15, 8.68032672786e-15, 5.28069223142e-15, 3.59505643232e-15, 1.98177630515e-15, 1.66671858877e-15, 2.55975262484e-15, 1.36880079584e-15, 2.83616234542e-15, 1.2778421628e-15, 2.71810437554e-15, 3.30453217822e-15, 2.48490477022e-15, 1.99228819579e-15, 3.00671242935e-15, 8.97601237722e-16, 2.49688054554e-15, 3.64485731093e-15, 1.75891590162e-15, 2.40141929711e-15], "var": [0.000100304372609, 6.07769361523e-05, 1.18396783364e-05, 1.2179245914e-06, 7.92587329101e-08, 1.81435126478e-07, 9.61143058475e-08, 9.40375954883e-08, 3.65109187328e-08, 1.54833834642e-08, 1.96760190363e-08, 1.0738917311e-08, 9.43374534046e-09, 4.75164352309e-09, 2.32494734576e-09, 2.53878296164e-09, 1.48398193733e-09, 9.42077305055e-10, 1.47215195589e-09, 1.12203268898e-09, 7.63188234831e-10, 8.88843554314e-10, 8.34196545174e-10, 3.41602718334e-10, 6.39698793936e-10, 4.63098087655e-10, 3.05201114381e-10, 2.1719159804e-10, 1.90810395262e-10, 1.93164331752e-10, 8.84819717495e-11, 1.13302485449e-10, 9.1501348165e-11, 4.59623693272e-11, 5.27827261065e-11, 6.51836848387e-11, 2.47402012071e-11, 2.47480213406e-11, 2.20432786607e-11, 1.45133818158e-11]}, "mfcc": {"mean": [-688.089050293, 118.918952942, 18.1959495544, 33.3860740662, 13.4381895065, 9.70662784576, 7.91258096695, 11.0635185242, 0.602659106255, 3.14207482338, 4.9910197258, 3.70848989487, -0.710559308529], "cov": [[13827.2861328, -3807.69311523, -487.012939453, -122.932373047, -241.296173096, 331.886108398, 78.6413269043, 36.108833313, 155.867263794, 4.02787065506, -382.506195068, -205.176483154, -15.7454156876], [-3807.69311523, 3029.421875, -193.120300293, 23.2177219391, -66.5788726807, -221.559997559, -15.4176635742, 20.6874523163, -98.3362884521, -0.0726576820016, 167.143768311, 113.172874451, 54.3976707458], [-487.012939453, -193.120300293, 868.065429688, -10.7222003937, 81.6102218628, 54.5868492126, 35.4124450684, -22.8336982727, 66.2847747803, 29.5751094818, 32.2997131348, 33.0918922424, 2.88336205482], [-122.932373047, 23.2177219391, -10.7222003937, 333.663818359, 143.554412842, 63.117061615, 87.3651123047, 91.5944061279, 47.064704895, 57.6675758362, 66.3374862671, 9.72572040558, 4.04702949524], [-241.296173096, -66.5788726807, 81.6102218628, 143.554412842, 288.677093506, 126.778953552, 84.7298278809, 85.9548339844, 79.9647216797, 75.3385925293, 51.8447570801, 1.77475547791, -4.1684422493], [331.886108398, -221.559997559, 54.5868492126, 63.117061615, 126.778953552, 237.340148926, 90.5632476807, 70.8645858765, 107.754699707, 82.1049499512, -10.7261762619, -2.84709453583, 10.6036567688], [78.6413269043, -15.4176635742, 35.4124450684, 87.3651123047, 84.7298278809, 90.5632476807, 141.380889893, 84.4575195312, 71.8278884888, 52.1262779236, 27.4430866241, 4.52410173416, 17.9295272827], [36.108833313, 20.6874523163, -22.8336982727, 91.5944061279, 85.9548339844, 70.8645858765, 84.4575195312, 122.337097168, 76.9350280762, 54.1377296448, 32.8100852966, 15.8661975861, 14.6728382111], [155.867263794, -98.3362884521, 66.2847747803, 47.064704895, 79.9647216797, 107.754699707, 71.8278884888, 76.9350280762, 143.593780518, 90.1584243774, 21.8103580475, 20.5611228943, 30.8027229309], [4.02787065506, -0.0726576820016, 29.5751094818, 57.6675758362, 75.3385925293, 82.1049499512, 52.1262779236, 54.1377296448, 90.1584243774, 118.642631531, 55.5445213318, 33.9738960266, 32.6247558594], [-382.506195068, 167.143768311, 32.2997131348, 66.3374862671, 51.8447570801, -10.7261762619, 27.4430866241, 32.8100852966, 21.8103580475, 55.5445213318, 111.801177979, 55.9071846008, 30.0676116943], [-205.176483154, 113.172874451, 33.0918922424, 9.72572040558, 1.77475547791, -2.84709453583, 4.52410173416, 15.8661975861, 20.5611228943, 33.9738960266, 55.9071846008, 74.6435241699, 46.4521064758], [-15.7454156876, 54.3976707458, 2.88336205482, 4.04702949524, -4.1684422493, 10.6036567688, 17.9295272827, 14.6728382111, 30.8027229309, 32.6247558594, 30.0676116943, 46.4521064758, 74.3921203613]], "icov": [[0.000130843298393, 0.000160489405971, 8.92438765732e-05, -3.5287546325e-06, 0.000185139331734, -3.34055075655e-05, -9.6465992101e-05, -8.97829668247e-05, 8.39994572743e-06, -0.000126111423015, 0.000200819718884, 6.9232788519e-05, -0.000109403394163], [0.000160489405971, 0.000600093975663, 0.000186284203664, 5.61344786547e-05, 0.000238680368057, 0.000271400058409, -0.000264112371951, -0.000314648321364, 0.000326360546751, -0.000227616168559, -0.000143308585393, -0.000275139464065, -0.000120293312648], [8.92438765732e-05, 0.000186284203664, 0.00148809317034, 0.000144669029396, -0.000348867964931, -2.82165774479e-06, -0.000819998211227, 0.00160114141181, -0.00134435063228, 0.000689467124175, -0.000272647070233, -0.00125119916629, 0.000825555005576], [-3.5287546325e-06, 5.61344786547e-05, 0.000144669029396, 0.00465139793232, -0.00129744457081, -2.1176856535e-05, -0.00100652559195, -0.00198289449327, 0.00106985599268, -0.000277618091786, -0.00211775745265, 0.00109350273851, 0.000115468807053], [0.000185139331734, 0.000238680368057, -0.000348867964931, -0.00129744457081, 0.00679441774264, -0.00269687129185, 0.000220253219595, -0.00190612871666, -0.000138770745252, -0.000415040471125, -0.00303305056877, 0.00251856422983, 0.000929471454583], [-3.34055075655e-05, 0.000271400058409, -2.82165774479e-06, -2.1176856535e-05, -0.00269687129185, 0.00985988322645, -0.0033053252846, 0.000384199782275, -0.00207502674311, -0.00463923998177, 0.00601602019742, -0.0022958421614, 0.000855833583046], [-9.6465992101e-05, -0.000264112371951, -0.000819998211227, -0.00100652559195, 0.000220253219595, -0.0033053252846, 0.0153971612453, -0.00753786833957, -0.000903420208488, 0.00118609261699, -0.00336414529011, 0.00582764530554, -0.00390675850213], [-8.97829668247e-05, -0.000314648321364, 0.00160114141181, -0.00198289449327, -0.00190612871666, 0.000384199782275, -0.00753786833957, 0.0209025237709, -0.00820625945926, 0.00219382578507, -0.000631223258097, -0.00443482864648, 0.00324941426516], [8.39994572743e-06, 0.000326360546751, -0.00134435063228, 0.00106985599268, -0.000138770745252, -0.00207502674311, -0.000903420208488, -0.00820625945926, 0.0215850677341, -0.0120500819758, 0.00445318920538, 0.000219317444135, -0.00370839657262], [-0.000126111423015, -0.000227616168559, 0.000689467124175, -0.000277618091786, -0.000415040471125, -0.00463923998177, 0.00118609261699, 0.00219382578507, -0.0120500819758, 0.0250835716724, -0.0111219156533, 0.00027818675153, -0.00164189760108], [0.000200819718884, -0.000143308585393, -0.000272647070233, -0.00211775745265, -0.00303305056877, 0.00601602019742, -0.00336414529011, -0.000631223258097, 0.00445318920538, -0.0111219156533, 0.0257464237511, -0.0149934450164, 0.00217068591155], [6.9232788519e-05, -0.000275139464065, -0.00125119916629, 0.00109350273851, 0.00251856422983, -0.0022958421614, 0.00582764530554, -0.00443482864648, 0.000219317444135, 0.00027818675153, -0.0149934450164, 0.0362662374973, -0.0166548639536], [-0.000109403394163, -0.000120293312648, 0.000825555005576, 0.000115468807053, 0.000929471454583, 0.000855833583046, -0.00390675850213, 0.00324941426516, -0.00370839657262, -0.00164189760108, 0.00217068591155, -0.0166548639536, 0.0254774633795]]}, "spectral_contrast_coeffs": {"dmean": [0.0605289041996, 0.0457607358694, 0.0342352725565, 0.0282235220075, 0.0257933326066, 0.0232574548572], "dmean2": [0.0977175161242, 0.076597891748, 0.0562107674778, 0.0463987737894, 0.0408957675099, 0.0370748080313], "dvar": [0.00314581650309, 0.00148290838115, 0.000869048468303, 0.000556234270334, 0.000577491184231, 0.000507675751578], "dvar2": [0.00797363743186, 0.00390547700226, 0.00222650379874, 0.00135709019378, 0.00138574384619, 0.00109438167419], "max": [-0.313035339117, -0.476839780807, -0.513661623001, -0.512012302876, -0.616534173489, -0.655525445938], "mean": [-0.648314714432, -0.782722294331, -0.820683598518, -0.817684590816, -0.802979707718, -0.778102278709], "median": [-0.65357029438, -0.788976609707, -0.827130913734, -0.822487771511, -0.810918986797, -0.774618148804], "min": [-0.932712554932, -0.968582391739, -0.970316529274, -0.953892171383, -0.972485780716, -0.970713973045], "var": [0.00861086323857, 0.00401394162327, 0.00254483101889, 0.00192958174739, 0.00230679986998, 0.00157257146202]}, "spectral_contrast_valleys": {"dmean": [0.465905249119, 0.506975233555, 0.526705443859, 0.484759658575, 0.609270751476, 0.896882116795], "dmean2": [0.690692663193, 0.778418302536, 0.785588562489, 0.718610167503, 0.814641177654, 1.07655620575], "dvar": [0.200177446008, 0.333448916674, 0.352621257305, 0.298449635506, 0.499406039715, 0.997084796429], "dvar2": [0.371446102858, 0.694684147835, 0.729524552822, 0.594725072384, 1.00836122036, 1.74803650379], "max": [-5.17897701263, -4.51955699921, -5.04398918152, -5.61729049683, -5.46607065201, -7.53579521179], "mean": [-7.24403858185, -7.069