{"lowlevel": {"average_loudness": 0.623547375202, "barkbands_crest": {"dmean": 1.67733561993, "dmean2": 2.51670980453, "dvar": 3.45898318291, "dvar2": 7.48624563217, "max": 26.8165035248, "mean": 13.3347988129, "median": 12.9054603577, "min": 3.34398007393, "var": 23.40974617}, "barkbands_flatness_db": {"dmean": 0.0160164032131, "dmean2": 0.0233246441931, "dvar": 0.000402576930355, "dvar2": 0.00088783132378, "max": 0.571557998657, "mean": 0.222824826837, "median": 0.220186293125, "min": 0.0459831170738, "var": 0.00468665128574}, "barkbands_kurtosis": {"dmean": 2.03583431244, "dmean2": 2.98707008362, "dvar": 27.2256717682, "dvar2": 56.3793029785, "max": 250.29498291, "mean": 4.66381597519, "median": 2.39046216011, "min": -1.93112182617, "var": 82.6049880981}, "barkbands_skewness": {"dmean": 0.376407951117, "dmean2": 0.546080887318, "dvar": 0.210019573569, "dvar2": 0.434542387724, "max": 12.4905900955, "mean": 1.24393296242, "median": 1.02342438698, "min": -3.22477722168, "var": 1.67067313194}, "barkbands_spread": {"dmean": 2.42426967621, "dmean2": 3.48606848717, "dvar": 13.939157486, "dvar2": 28.5423927307, "max": 89.9810333252, "mean": 12.8684444427, "median": 10.5250778198, "min": 0.28086078167, "var": 93.9960098267}, "dissonance": {"dmean": 0.0234376788139, "dmean2": 0.0397346392274, "dvar": 0.000605336797889, "dvar2": 0.00168872950599, "max": 0.500000059605, "mean": 0.423036187887, "median": 0.43365842104, "min": 0.0827143862844, "var": 0.00306200329214}, "dynamic_complexity": 4.01914215088, "erbbands_crest": {"dmean": 2.4096198082, "dmean2": 3.55113744736, "dvar": 7.61659765244, "dvar2": 15.5989141464, "max": 33.055065155, "mean": 16.0441188812, "median": 15.7131977081, "min": 2.89961051941, "var": 45.9475097656}, "erbbands_flatness_db": {"dmean": 0.0145508367568, "dmean2": 0.0211845599115, "dvar": 0.000356857985025, "dvar2": 0.000784193864092, "max": 0.586084663868, "mean": 0.244818642735, "median": 0.235598325729, "min": 0.0784890651703, "var": 0.00496733048931}, "erbbands_kurtosis": {"dmean": 1.66694843769, "dmean2": 2.41824889183, "dvar": 11.3053970337, "dvar2": 22.7809753418, "max": 98.8853759766, "mean": 3.26294279099, "median": 1.39661026001, "min": -1.90344977379, "var": 38.0177268982}, "erbbands_skewness": {"dmean": 0.329526096582, "dmean2": 0.470764577389, "dvar": 0.131163612008, "dvar2": 0.2608769238, "max": 7.67528915405, "mean": 0.833621621132, "median": 0.763467729092, "min": -3.22491645813, "var": 1.63888382912}, "erbbands_spread": {"dmean": 3.9033677578, "dmean2": 5.58344745636, "dvar": 25.1462421417, "dvar2": 50.1322593689, "max": 119.069702148, "mean": 21.7383823395, "median": 18.778427124, "min": 0.57805109024, "var": 210.150756836}, "hfc": {"dmean": 5.04837274551, "dmean2": 7.55969190598, "dvar": 131.860595703, "dvar2": 327.497497559, "max": 248.279464722, "mean": 16.8428497314, "median": 13.8331241608, "min": 1.14466841352e-16, "var": 261.958984375}, "melbands_crest": {"dmean": 2.08846688271, "dmean2": 3.23608541489, "dvar": 5.78746366501, "dvar2": 13.3022089005, "max": 34.9948310852, "mean": 16.9989871979, "median": 16.4845619202, "min": 1.57814538479, "var": 39.5444030762}, "melbands_flatness_db": {"dmean": 0.0175735391676, "dmean2": 0.0249234586954, "dvar": 0.000480448565213, "dvar2": 0.00103111367207, "max": 0.508113205433, "mean": 0.28769505024, "median": 0.290892988443, "min": 0.00358847388998, "var": 0.00582632655278}, "melbands_kurtosis": {"dmean": 3.45124316216, "dmean2": 4.99286079407, "dvar": 45.2501029968, "dvar2": 86.7213745117, "max": 211.73550415, "mean": 9.45067882538, "median": 4.26738500595, "min": -1.90736186504, "var": 234.176116943}, "melbands_skewness": {"dmean": 0.442522823811, "dmean2": 0.643841445446, "dvar": 0.280081003904, "dvar2": 0.582149088383, "max": 10.0510692596, "mean": 1.81201887131, "median": 1.38784742355, "min": -2.08986473083, "var": 2.81446671486}, "melbands_spread": {"dmean": 3.22746968269, "dmean2": 4.66940546036, "dvar": 28.49634552, "dvar2": 57.1405487061, "max": 166.388397217, "mean": 17.1043281555, "median": 12.3252124786, "min": 0.440977096558, "var": 278.010772705}, "pitch_salience": {"dmean": 0.0473302602768, "dmean2": 0.0741929635406, "dvar": 0.00291113345884, "dvar2": 0.00702349375933, "max": 0.841836929321, "mean": 0.436706066132, "median": 0.438807785511, "min": 0.037271514535, "var": 0.0136381629854}, "silence_rate_20dB": {"dmean": 0, "dmean2": 0, "dvar": 0, "dvar2": 0, "max": 1, "mean": 1, "median": 1, "min": 1, "var": 0}, "silence_rate_30dB": {"dmean": 0.00913633126765, "dmean2": 0.0182752721012, "dvar": 0.00905295927078, "dvar2": 0.0202260054648, "max": 1, "mean": 0.9868683815, "median": 1, "min": 0, "var": 0.0129596637562}, "silence_rate_60dB": {"dmean": 0.00114204140846, "dmean2": 0.00228440901265, "dvar": 0.00114080845378, "dvar2": 0.00227895495482, "max": 1, "mean": 0.0930630862713, "median": 0, "min": 0, "var": 0.0844016969204}, "spectral_centroid": {"dmean": 120.626838684, "dmean2": 166.742095947, "dvar": 34862.5625, "dvar2": 55490.6601562, "max": 11343.1064453, "mean": 1070.74584961, "median": 805.059326172, "min": 245.487701416, "var": 586482.3125}, "spectral_complexity": {"dmean": 1.90549612045, "dmean2": 2.96687602997, "dvar": 3.94946789742, "dvar2": 8.37227058411, "max": 52, "mean": 13.0533828735, "median": 13, "min": 0, "var": 35.8380012512}, "spectral_decrease": {"dmean": 1.86436732719e-09, "dmean2": 2.78073120086e-09, "dvar": 8.89942279786e-18, "dvar2": 2.19987277701e-17, "max": 8.43516654169e-19, "mean": -9.0725960078e-09, "median": -7.44361194904e-09, "min": -5.09910584867e-08, "var": 5.36880550874e-17}, "spectral_energy": {"dmean": 0.00743071269244, "dmean2": 0.0110829044133, "dvar": 0.000145020341733, "dvar2": 0.000359442492481, "max": 0.210143581033, "mean": 0.0357697568834, "median": 0.0295658037066, "min": 1.04987241607e-20, "var": 0.000814839440864}, "spectral_energyband_high": {"dmean": 0.000116123614134, "dmean2": 0.000170500352397, "dvar": 1.77796877665e-07, "dvar2": 4.05779161383e-07, "max": 0.0224527996033, "mean": 0.00023772228451, "median": 5.02687107655e-05, "min": 7.91619116355e-21, "var": 7.24163442101e-07}, "spectral_energyband_low": {"dmean": 0.00279970164411, "dmean2": 0.00417646672577, "dvar": 3.20397048199e-05, "dvar2": 7.12395340088e-05, "max": 0.116175942123, "mean": 0.0155367990956, "median": 0.0039618210867, "min": 8.06345975631e-23, "var": 0.000537522893865}, "spectral_energyband_middle_high": {"dmean": 0.00157746998593, "dmean2": 0.0023848307319, "dvar": 4.20318283432e-05, "dvar2": 0.000107203908556, "max": 0.144557565451, "mean": 0.00414427556098, "median": 0.00235210498795, "min": 1.23288089614e-21, "var": 6.10759379924e-05}, "spectral_energyband_middle_low": {"dmean": 0.00479877600446, "dmean2": 0.00720067042857, "dvar": 8.03569491836e-05, "dvar2": 0.00020372189465, "max": 0.101620875299, "mean": 0.0166943576187, "median": 0.0122612118721, "min": 2.67661464396e-22, "var": 0.00023662368767}, "spectral_entropy": {"dmean": 0.157143130898, "dmean2": 0.236587375402, "dvar": 0.0518573559821, "dvar2": 0.123500227928, "max": 9.80956554413, "mean": 6.63828706741, "median": 6.71216964722, "min": 4.24491834641, "var": 0.350052565336}, "spectral_flux": {"dmean": 0.0231242924929, "dmean2": 0.0368117727339, "dvar": 0.00137828208972, "dvar2": 0.0033800622914, "max": 0.364629864693, "mean": 0.0502548068762, "median": 0.0385323129594, "min": 1.03265319906e-10, "var": 0.00175710767508}, "spectral_kurtosis": {"dmean": 4.49284219742, "dmean2": 7.74097108841, "dvar": 24.2062587738, "dvar2": 68.1766433716, "max": 150.08694458, "mean": 11.3484420776, "median": 8.92632389069, "min": -1.22966003418, "var": 90.9352493286}, "spectral_rms": {"dmean": 0.000568922492675, "dmean2": 0.000822856265586, "dvar": 6.22115862825e-07, "dvar2": 1.49296579366e-06, "max": 0.0143184540793, "mean": 0.00531389005482, "median": 0.00537072494626, "min": 3.20041519328e-12, "var": 6.65983088766e-06}, "spectral_rolloff": {"dmean": 193.738296509, "dmean2": 332.216888428, "dvar": 534433.3125, "dvar2": 1218528.5, "max": 18647.7539062, "mean": 1258.90734863, "median": 667.529296875, "min": 86.1328125, "var": 3507214}, "spectral_skewness": {"dmean": 0.396680951118, "dmean2": 0.665106296539, "dvar": 0.142136961222, "dvar2": 0.396800518036, "max": 9.27310657501, "mean": 2.20479941368, "median": 2.07124376297, "min": -0.0416596792638, "var": 0.86211925745}, "spectral_spread": {"dmean": 322523.15625, "dmean2": 515874.65625, "dvar": 618335305728, "dvar2": 939964760064, "max": 50882036, "mean": 2936964.25, "median": 2651842.25, "min": 407164.28125, "var": 1785406291970.0}, "spectral_strongpeak": {"dmean": 0.540613889694, "dmean2": 0.888395249844, "dvar": 1.39987564087, "dvar2": 3.35229730606, "max": 28.7045249939, "mean": 1.81656098366, "median": 1.36606228352, "min": 0, "var": 2.64888238907}, "zerocrossingrate": {"dmean": 0.00602241419256, "dmean2": 0.0066486839205, "dvar": 0.00011608969362, "dvar2": 0.00013024926011, "max": 0.52099609375, "mean": 0.0482661053538, "median": 0.03125, "min": 0.00390625, "var": 0.00277942977846}, "barkbands": {"dmean": [7.50428516767e-05, 0.00202047126368, 0.00101013062522, 0.000344483996741, 0.000424080935773, 0.00121652137022, 0.000944249914028, 0.00254406337626, 0.000654198345728, 0.00034735861118, 0.000384298327845, 0.000317160622217, 0.000410313747125, 0.000294265366392, 0.000165240926435, 0.000156792593771, 0.000152720866026, 5.62965651625e-05, 7.87383251009e-05, 3.59570221917e-05, 2.60448741756e-05, 1.97766748897e-05, 8.60534146341e-06, 1.36215658131e-05, 3.03812048514e-05, 2.26594183914e-05, 5.61097579066e-07], "dmean2": [0.000117246163427, 0.00298759387806, 0.00156501156744, 0.00054329255363, 0.000629451184068, 0.00170902267564, 0.00143507460598, 0.00359947537072, 0.000926911074203, 0.000482002826175, 0.000573735975195, 0.000509815756232, 0.00062686909223, 0.000436340953456, 0.000259667198407, 0.000256264727795, 0.000239351822529, 8.91360905371e-05, 0.000125003411085, 5.49481119378e-05, 3.90393943235e-05, 2.86961076199e-05, 1.25119404402e-05, 1.86816523637e-05, 4.67072204628e-05, 3.53227078449e-05, 8.88806255261e-07], "dvar": [6.73784867899e-08, 2.3716922442e-05, 3.59227101399e-06, 2.35792228409e-07, 3.55039304623e-07, 1.43051029227e-05, 1.0414447388e-05, 4.58007561974e-05, 5.65280561204e-06, 9.25380049921e-07, 4.68222424388e-06, 9.48071101448e-06, 1.02478643385e-05, 3.58035072168e-06, 2.29373563343e-06, 3.61787840575e-07, 6.83150389591e-08, 1.31965816053e-08, 3.56490623687e-08, 1.20580905261e-08, 8.91507223599e-09, 7.8885404875e-09, 1.99238159304e-09, 1.553271467e-08, 6.36550581135e-08, 3.66460177759e-08, 4.5613329086e-11], "dvar2": [1.69640244962e-07, 5.32057856617e-05, 8.11689278635e-06, 5.76530965191e-07, 8.35720413761e-07, 3.39673752023e-05, 2.48332362389e-05, 0.000105708146293, 1.27781559058e-05, 1.96051564672e-06, 1.1900003301e-05, 2.466893784e-05, 2.73307632597e-05, 7.06981791154e-06, 4.59482589577e-06, 9.9941632925e-07, 1.66923584288e-07, 3.12151655635e-08, 9.5199460759e-08, 2.97603932609e-08, 2.15620570287e-08, 1.66956084513e-08, 3.70057717802e-09, 3.08053067499e-08, 1.5382116203e-07, 8.90253488706e-08, 1.04262209977e-10], "max": [0.00638171192259, 0.095528319478, 0.0444905310869, 0.0128672113642, 0.0181215684861, 0.0673051252961, 0.0938194915652, 0.0840460434556, 0.0484834648669, 0.0210008267313, 0.0662782266736, 0.125863134861, 0.129070565104, 0.0939099565148, 0.0774548277259, 0.0201023072004, 0.00424029538408, 0.00280903792009, 0.00689451349899, 0.00385054387152, 0.00543337268755, 0.00392931280658, 0.00369811034761, 0.00602676160634, 0.00726155564189, 0.00504501489922, 0.000233171682339], "mean": [0.000357767421519, 0.009900867939, 0.00477359164506, 0.000964320090134, 0.00130305462517, 0.00305212428793, 0.00220440654084, 0.0068153035827, 0.00165110058151, 0.000898694095667, 0.000700708653312, 0.000515562016517, 0.000804114155471, 0.000579670304433, 0.000263635010924, 0.00023916689679, 0.000243280446739, 9.41827747738e-05, 0.000143840443343, 6.37025150354e-05, 5.7822187955e-05, 4.06854014727e-05, 1.99489222723e-05, 2.2633392291e-05, 3.32273302774e-05, 2.58700092672e-05, 5.35442609362e-07], "median": [1.34879865072e-05, 0.00155819905922, 0.00105416844599, 0.000411524728406, 0.000866835936904, 0.000727430218831, 0.000541706569493, 0.0012019732967, 0.000233193699387, 0.000243236223469, 0.00019243787392, 6.25853717793e-05, 0.000138191011501, 0.000151868240209, 6.85594131937e-05, 0.00010787465726, 0.000122991245007, 4.10523789469e-05, 4.91839964525e-05, 1.91897852346e-05, 1.23056161101e-05, 6.161829333e-06, 2.09717836697e-06, 9.42813585425e-07, 3.82270059163e-07, 2.9016047165e-07, 3.72281916405e-09], "min": [3.23207356922e-23, 3.58576819132e-23, 4.58091133231e-24, 7.95368218828e-24, 4.23243060748e-23, 3.05647628716e-23, 4.53526736702e-23, 5.55564569506e-23, 4.71765642593e-23, 3.14413892857e-23, 7.56692104139e-23, 5.76361025561e-23, 4.99327843087e-23, 7.7012053623e-23, 5.52100018628e-23, 8.12702238152e-23, 1.00578667321e-22, 1.63555692683e-22, 2.30573086896e-22, 4.14672648682e-22, 4.0696165324e-22, 5.65466250614e-22, 6.97233032384e-22, 7.9427276871e-22, 1.04825533452e-21, 1.63574329995e-21, 2.26057495613e-21], "var": [4.50102049854e-07, 0.000308464339469, 5.9424819483e-05, 2.29239435612e-06, 1.99133774004e-06, 3.61289421562e-05, 2.92974327749e-05, 0.00012484677427, 1.90562132047e-05, 4.29413603342e-06, 7.34333616492e-06, 1.42074231917e-05, 1.27636676552e-05, 5.59597128813e-06, 3.64005632036e-06, 3.31071788651e-07, 1.1314844528e-07, 2.81924705803e-08, 9.56259498253e-08, 2.98395335108e-08, 4.39438316846e-08, 3.10191943242e-08, 1.62211080124e-08, 3.17910355818e-08, 7.33596152713e-08, 3.85731659946e-08, 4.65732938326e-11]}, "erbbands": {"dmean": [0.0508492588997, 0.48265722394, 1.20457816124, 0.997546374798, 1.42764008045, 1.40935230255, 2.51161623001, 13.2860717773, 13.9685602188, 42.7924995422, 32.8647613525, 18.4817371368, 12.3418989182, 6.94408273697, 17.3355255127, 16.6419067383, 20.4515342712, 15.8695611954, 8.95313072205, 8.8472032547, 6.20941829681, 5.98458766937, 4.20342826843, 5.10256910324, 2.64734387398, 1.87805211544, 1.53318011761, 0.712393283844, 0.720305860043, 0.43874168396, 0.26212772727, 0.387015253305, 0.175385609269, 0.214889734983, 0.227634355426, 0.11946117878, 0.0420425236225, 0.00209789490327, 0.000116316346976, 1.29714871946e-05], "dmean2": [0.0736864358187, 0.728446185589, 1.8898293972, 1.53610813618, 2.30384755135, 2.01725769043, 3.50679206848, 18.9742336273, 20.0070762634, 62.5626945496, 47.2173538208, 25.5565013885, 16.7914791107, 10.9317874908, 26.0519542694, 25.7474479675, 31.3269252777, 23.4610919952, 13.4652986526, 14.4917926788, 10.1216449738, 9.27594947815, 6.51618337631, 8.08055019379, 4.11906766891, 2.86190891266, 2.30133628845, 1.0521838665, 1.04177868366, 0.637080311775, 0.381180912256, 0.522245585918, 0.253449082375, 0.330098807812, 0.345511138439, 0.183836653829, 0.065793260932, 0.00328459520824, 0.000183373864274, 1.96628861886e-05], "dvar": [0.0265137292445, 1.20116758347, 5.26588964462, 3.32543253899, 4.41908884048, 4.70732164383, 33.0838851929, 1989.47937012, 2309.70849609, 15741.2070312, 10304.0683594, 4058.27758789, 1298.40197754, 688.629699707, 9811.46484375, 22165.6914062, 25344.8183594, 9545.32128906, 6966.73535156, 3775.77661133, 342.140045166, 104.709716797, 48.4746665955, 144.526367188, 54.7745780945, 38.4974365234, 25.4263458252, 11.0238838196, 13.6845493317, 4.67494010925, 2.11284685135, 16.4120063782, 1.72412705421, 3.1419403553, 5.19564437866, 0.896822869778, 0.125128120184, 0.000312568736263, 1.27943974348e-06, 1.60346613765e-09], "dvar2": [0.0538290627301, 2.89551734924, 11.728094101, 7.3460226059, 13.8036422729, 9.1651506424, 76.0622787476, 4759.13134766, 5441.8515625, 36815.15625, 23775.4472656, 8959.72070312, 2715.94506836, 1832.26330566, 25249.8222656, 56443.6015625, 67189.5859375, 18908.0351562, 12725.1591797, 10854.1953125, 929.997436523, 253.620681763, 112.579849243, 360.718353271, 141.851867676, 100.767028809, 58.3205490112, 28.6130237579, 28.0692863464, 12.0686903, 4.05185651779, 33.4037818909, 3.72716712952, 7.20621156693, 12.0193586349, 2.2164516449, 0.300182759762, 0.000728594022803, 3.21740549225e-06, 3.84401088738e-09], "max": [3.02131652832, 23.3065624237, 60.2289924622, 65.4085235596, 57.5956687927, 69.2883682251, 95.5152511597, 843.510864258, 1387.41601562, 1565.37890625, 2299.79711914, 1297.43273926, 792.92755127, 903.354370117, 2918.82666016, 6222.79052734, 6398.98974609, 4878.47265625, 4539.11425781, 3301.71484375, 703.2890625, 196.150772095, 98.4909133911, 307.798706055, 241.858856201, 205.341537476, 244.954360962, 208.912002563, 219.59992981, 117.806060791, 125.73323822, 215.214050293, 69.3324432373, 63.5641975403, 91.9800186157, 21.8162822723, 8.75158309937, 0.496613949537, 0.0436255931854, 0.00172604818363], "mean": [0.196891099215, 2.45815587044, 6.32605648041, 3.95668983459, 3.86490178108, 3.98985624313, 6.64555644989, 32.5355224609, 35.7939567566, 107.557403564, 93.7537002563, 52.2411460876, 35.0141372681, 12.9386749268, 32.4075126648, 30.6993484497, 40.6503982544, 33.0312995911, 16.919757843, 14.102850914, 10.5038461685, 10.2364177704, 7.4722738266, 8.55421447754, 5.01428508759, 3.37366652489, 3.14728498459, 1.61531090736, 1.4853117466, 0.955823719501, 0.567551314831, 0.649488627911, 0.257417142391, 0.241285249591, 0.254193037748, 0.139169842005, 0.0470421463251, 0.00223024026491, 0.000126597107737, 4.54325818282e-05], "median": [0.0277278609574, 0.362845361233, 1.43972682953, 1.38534402847, 2.15223836899, 2.58755517006, 3.52406930923, 7.40230512619, 10.4928541183, 20.7151832581, 15.7781848907, 9.33654499054, 9.65698337555, 5.58822488785, 9.41928195953, 5.75247859955, 8.19176292419, 10.2417182922, 5.62260627747, 6.12552404404, 6.12918186188, 5.49315357208, 4.15758514404, 2.99132585526, 1.68946456909, 1.01049160957, 0.723090827465, 0.387631505728, 0.249455109239, 0.128269672394, 0.0605386793613, 0.0291277635843, 0.010569607839, 0.00474116392434, 0.00241933017969, 0.00183783122338, 0.000512684055138, 2.88401024591e-05, 2.13522016566e-05, 3.65727973985e-05], "min": [1.82380420566e-21, 5.10793317878e-21, 1.53208712846e-20, 2.76866850674e-20, 7.3719156909e-20, 1.37415250013e-19, 2.05564760751e-19, 3.16723734234e-19, 6.85945520019e-19, 7.19775707808e-19, 1.64092967311e-18, 9.32113643134e-19, 9.15546559633e-19, 2.00325029105e-18, 2.13675083127e-18, 2.62173178749e-18, 2.46765368197e-18, 3.95054388161e-18, 3.98708499876e-18, 3.30483904403e-18, 4.93433087723e-18, 6.37790414838e-18, 9.6979325032e-18, 9.40266872919e-18, 1.55344833366e-17, 1.75198524644e-17, 1.53799196761e-17, 1.19704656524e-17, 1.56978498532e-17, 1.94070120923e-17, 1.9293246634e-17, 1.21420353192e-17, 1.34474520572e-17, 1.01253648498e-17, 8.47629013604e-18, 6.80795617602e-18, 3.00972064701e-18, 1.30611001881e-18, 3.1342113809e-19, 3.10637565469e-20], "var": [0.153607085347, 18.897611618, 104.389907837, 54.5171089172, 25.4739818573, 20.8881645203, 87.8456497192, 4879.97509766, 6783.09277344, 38104.078125, 36636.0117188, 14660.1669922, 6421.64794922, 863.37109375, 15266.9765625, 35916.328125, 32455.2636719, 15066.9560547, 12193.5195312, 2700.91943359, 352.946014404, 190.146362305, 96.2069854736, 346.530181885, 138.639770508, 77.5060119629, 105.182792664, 45.0536994934, 48.3649597168, 23.5310840607, 12.3234701157, 28.5134487152, 3.84614109993, 4.42472028732, 6.32428359985, 0.943616688251, 0.131183415651, 0.000333487434546, 1.12180600809e-06, 2.46155074102e-09]}, "gfcc": {"mean": [-71.986831665, 127.35861969, -133.743377686, 19.5964412689, -43.8340950012, -0.151116251945, -27.7583808899, 4.83092546463, -11.5495481491, 7.06275701523, -12.8209447861, -2.86505055428, -12.6986284256], "cov": [[17354.2734375, 6579.14941406, 1860.32275391, 158.631866455, -269.878417969, -496.092956543, 792.619689941, 1348.97473145, -88.3555297852, -197.83996582, 337.773773193, 20.5250473022, -680.528259277], [6579.14941406, 5067.55126953, 1129.43188477, -226.582870483, 219.302856445, -676.503417969, 635.586486816, 587.012695312, 162.899932861, -226.678268433, 309.53994751, -85.0149078369, -294.180267334], [1860.32275391, 1129.43188477, 1090.98461914, -133.940948486, 76.2611236572, -51.7649002075, 123.566116333, 473.109283447, 96.0653381348, 33.2672538757, -44.007434845, 46.7993888855, -142.855880737], [158.631866455, -226.582870483, -133.940948486, 427.686828613, 25.2867050171, 195.732757568, 87.3736495972, -149.627746582, -43.5541038513, -52.9649658203, 79.6806335449, -8.53164386749, 90.7327880859], [-269.878417969, 219.302856445, 76.2611236572, 25.2867050171, 365.30871582, 75.7129364014, 143.046875, 14.5272703171, -2.70376682281, 7.21838760376, 0.19452431798, -13.2496557236, 3.29402065277], [-496.092956543, -676.503417969, -51.7649002075, 195.732757568, 75.7129364014, 408.633453369, 39.306968689, -135.820251465, -101.799186707, -2.98840928078, -14.0913600922, 45.6311607361, 77.0364685059], [792.619689941, 635.586486816, 123.566116333, 87.3736495972, 143.046875, 39.306968689, 287.486694336, 82.8944473267, 6.59202766418, -53.7012252808, 62.6670188904, -26.2575340271, -22.7103023529], [1348.97473145, 587.012695312, 473.109283447, -149.627746582, 14.5272703171, -135.820251465, 82.8944473267, 482.260284424, 131.478317261, 42.1258163452, -87.9693908691, -31.0063018799, -115.304512024], [-88.3555297852, 162.899932861, 96.0653381348, -43.5541038513, -2.70376682281, -101.799186707, 6.59202766418, 131.478317261, 257.097229004, 50.8938560486, -17.194683075, -54.2346763611, -21.6675186157], [-197.83996582, -226.678268433, 33.2672538757, -52.9649658203, 7.21838760376, -2.98840928078, -53.7012252808, 42.1258163452, 50.8938560486, 165.018875122, -1.53630590439, 11.8189277649, -16.755941391], [337.773773193, 309.53994751, -44.007434845, 79.6806335449, 0.19452431798, -14.0913600922, 62.6670188904, -87.9693908691, -17.194683075, -1.53630590439, 253.245788574, 31.8822250366, 14.7863616943], [20.5250473022, -85.0149078369, 46.7993888855, -8.53164386749, -13.2496557236, 45.6311607361, -26.2575340271, -31.0063018799, -54.2346763611, 11.8189277649, 31.8822250366, 142.609848022, 34.8344650269], [-680.528259277, -294.180267334, -142.855880737, 90.7327880859, 3.29402065277, 77.0364685059, -22.7103023529, -115.304512024, -21.6675186157, -16.755941391, 14.7863616943, 34.8344650269, 199.794784546]], "icov": [[0.000289349380182, -0.000538138556294, 0.000312590767862, -0.000581668165978, 0.000497828179505, -0.000580099935178, 0.000420551077696, -0.00087225245079, 0.000499517365824, -0.000394420989323, 0.00010988136637, -0.000305935216602, 0.000507042452227], [-0.000538138556294, 0.00173491577152, -0.00125717476476, 0.00122578523587, -0.00100768962875, 0.00231686420739, -0.00206519779749, 0.00185482157394, -0.000852570752613, 0.00144657224882, -0.000814515689854, 0.000721927150153, -0.000811775622424], [0.000312590767862, -0.00125717476476, 0.00280858832411, -0.000710867112502, 0.000333506031893, -0.00215471792035, 0.0016186805442, -0.00301485764794, 0.000327680405462, -0.000786137767136, 0.00041620497359, -0.00154879537877, 0.0010228761239], [-0.000581668165978, 0.00122578523587, -0.000710867112502, 0.00519555062056, -0.00052535434952, -0.00035675719846, -0.00212499964982, 0.00233623757958, -0.00133712112438, 0.00160231266636, -0.00133956968784, 0.00168648338877, -0.00199669459835], [0.000497828179505, -0.00100768962875, 0.000333506031893, -0.00052535434952, 0.00465328479186, -0.00160797790159, -0.00148169952445, -0.000821651017759, 0.000874538673088, -0.00172856845893, 0.000817191670649, -0.000148029910633, 0.000504855241161], [-0.000580099935178, 0.00231686420739, -0.00215471792035, -0.00035675719846, -0.00160797790159, 0.00750575540587, -0.0036414344795, 0.00318627501838, 0.000218092245632, 0.000825236551464, 0.000213771258132, -9.59706885624e-05, -0.00129199691582], [0.000420551077696, -0.00206519779749, 0.0016186805442, -0.00212499964982, -0.00148169952445, -0.0036414344795, 0.0095273591578, -0.00364902848378, 0.000597060075961, 0.00059408089146, -0.000953012960963, 0.000166467754752, 0.00107565056533], [-0.00087225245079, 0.00185482157394, -0.00301485764794, 0.00233623757958, -0.000821651017759, 0.00318627501838, -0.00364902848378, 0.00828479789197, -0.00261232675985, 0.000285471556708, 0.00130845548119, 0.00130125309806, -0.000888150825631], [0.000499517365824, -0.000852570752613, 0.000327680405462, -0.00133712112438, 0.000874538673088, 0.000218092245632, 0.000597060075961, -0.00261232675985, 0.00643023010343, -0.00232418137603, 5.450795652e-05, 0.0014111980563, 1.70935879851e-06], [-0.000394420989323, 0.00144657224882, -0.000786137767136, 0.00160231266636, -0.00172856845893, 0.000825236551464, 0.00059408089146, 0.000285471556708, -0.00232418137603, 0.00918659009039, -0.00196599774063, -0.000220555375563, 0.000141664466355], [0.00010988136637, -0.000814515689854, 0.00041620497359, -0.00133956968784, 0.000817191670649, 0.000213771258132, -0.000953012960963, 0.00130845548119, 5.450795652e-05, -0.00196599774063, 0.0062026460655, -0.0018883679295, 0.000343028776115], [-0.000305935216602, 0.000721927150153, -0.00154879537877, 0.00168648338877, -0.000148029910633, -9.59706885624e-05, 0.000166467754752, 0.00130125309806, 0.0014111980563, -0.000220555375563, -0.0018883679295, 0.0100177489221, -0.00251534208655], [0.000507042452227, -0.000811775622424, 0.0010228761239, -0.00199669459835, 0.000504855241161, -0.00129199691582, 0.00107565056533, -0.000888150825631, 1.70935879851e-06, 0.000141664466355, 0.000343028776115, -0.00251534208655, 0.00769982812926]]}, "melbands": {"dmean": [0.000482767500216, 0.000637752295006, 0.000182915639016, 8.88867289177e-05, 8.86543639353e-05, 0.000285728630843, 0.000203983523534, 0.000522250658832, 0.000235728468397, 0.000103870974272, 5.9161149693e-05, 2.6076735594e-05, 5.40242253919e-05, 4.40136864199e-05, 5.01211834489e-05, 2.86554895865e-05, 3.41458471667e-05, 1.47759637912e-05, 9.34070794756e-06, 1.59960127348e-05, 5.89850469623e-06, 5.5734462876e-06, 8.5603842308e-06, 2.64210802925e-06, 4.69142378279e-06, 2.30995669881e-06, 1.3493707911e-06, 1.3982779592e-06, 1.09749714738e-06, 6.59804697989e-07, 4.68403158038e-07, 4.39742308345e-07, 4.50467325663e-07, 1.90459417126e-07, 1.67468655832e-07, 1.58580888865e-07, 2.84837085474e-07, 1.0685369034e-07, 1.54504604666e-07, 2.02709713903e-07], "dmean2": [0.000703154655639, 0.000982546363957, 0.000284277368337, 0.000136867252877, 0.000121310084069, 0.000405656348448, 0.000294529163511, 0.000757495174184, 0.000339645921485, 0.000143966011819, 8.04626979516e-05, 4.14478563471e-05, 8.09054472484e-05, 6.88878863002e-05, 7.6739313954e-05, 4.39278737758e-05, 5.02522416355e-05, 2.21578611672e-05, 1.49738170876e-05, 2.62491121248e-05, 9.62563626672e-06, 8.71081738296e-06, 1.34306874315e-05, 4.15719705416e-06, 7.51879360905e-06, 3.61975730812e-06, 2.1175103484e-06, 2.18149943976e-06, 1.66423239989e-06, 1.02344574771e-06, 7.26353050595e-07, 6.45571844871e-07, 6.5728664822e-07, 2.84607210688e-07, 2.55194436249e-07, 2.2210919326e-07, 3.87041865224e-07, 1.49929178406e-07, 2.49047388934e-07, 3.1560122693e-07], "dvar": [1.65651238149e-06, 1.53676694481e-06, 7.92874814692e-08, 1.59323683135e-08, 3.35672929452e-08, 8.31912984722e-07, 5.00043142893e-07, 2.28411340686e-06, 5.62443005947e-07, 1.28080088757e-07, 3.2000023964e-08, 8.78939765414e-09, 1.00941875303e-07, 1.26700129499e-07, 1.14782338301e-07, 4.48831833921e-08, 4.99686088062e-08, 1.51698671402e-08, 6.91554724597e-09, 5.24170573613e-09, 1.93136576176e-10, 1.0095595887e-10, 2.73843392407e-10, 2.88901506884e-11, 1.27815896755e-10, 4.75080669249e-11, 1.45004355745e-11, 2.60349485026e-11, 1.28386112505e-11, 4.2521069131e-12, 7.25362435047e-12, 7.35774722399e-12, 5.86535073982e-12, 1.15293386817e-12, 1.01149622532e-12, 9.92847405852e-13, 1.18753444578e-11, 7.87545213505e-13, 4.37861899516e-12, 3.42117480179e-12], "dvar2": [3.50364803126e-06, 3.59419777851e-06, 1.86021978266e-07, 4.22550776591e-08, 7.44766737171e-08, 1.98885845748e-06, 1.17487388707e-06, 5.31891510036e-06, 1.30255079966e-06, 2.82134266172e-07, 6.65644961373e-08, 2.33597550192e-08, 2.59634617805e-07, 3.3206387684e-07, 3.04018726638e-07, 1.19559217637e-07, 9.85941568388e-08, 2.80810397157e-08, 1.58449289245e-08, 1.49063321686e-08, 5.18166620722e-10, 2.52534021472e-10, 6.51067366686e-10, 6.89567083989e-11, 3.21561416383e-10, 1.29088559286e-10, 3.19014502315e-11, 7.05824496072e-11, 2.97839877761e-11, 1.07389644052e-11, 1.93078972949e-11, 1.5597535416e-11, 1.39258665363e-11, 2.76945567174e-12, 2.07682330534e-12, 1.95038993636e-12, 2.42331432698e-11, 1.54859285117e-12, 1.13295128487e-11, 8.02203442563e-12], "max": [0.0278269331902, 0.0336358547211, 0.00924708228558, 0.00365074072033, 0.00292453775182, 0.0163630656898, 0.0212619937956, 0.0181421991438, 0.0174271203578, 0.0071058543399, 0.00396431563422, 0.00297387409955, 0.00975588615984, 0.0139844520018, 0.0119078736752, 0.00845214445144, 0.011212438345, 0.00643187994137, 0.00346642173827, 0.00325641129166, 0.000504520197865, 0.000199756279471, 0.000284422480036, 0.000127779654576, 0.000282330962364, 0.000259970576735, 0.000144898731378, 0.000174691420398, 0.000165660254424, 8.97137579159e-05, 0.000149966333993, 0.000166452577105, 7.05345373717e-05, 6.49896683171e-05, 7.68612953834e-05, 5.38296189916e-05, 0.000182911753654, 5.86147943977e-05, 8.44383976073e-05, 6.47406341159e-05], "mean": [0.00224893423729, 0.003481175052, 0.000727583654225, 0.000267655588686, 0.000243893286097, 0.000703054713085, 0.000506823183969, 0.00131847290322, 0.00067447865149, 0.000281203829218, 0.000162158044986, 4.34334433521e-05, 9.80041368166e-05, 7.78260873631e-05, 9.37645090744e-05, 5.66093112866e-05, 6.85305640218e-05, 2.71823519142e-05, 1.49148372657e-05, 2.40174340433e-05, 9.76417413767e-06, 9.52685968514e-06, 1.27679504658e-05, 4.43706358055e-06, 7.3655792221e-06, 4.09745052821e-06, 2.31182889365e-06, 2.24295581575e-06, 2.0684969968e-06, 1.29966622353e-06, 8.80351649357e-07, 8.4858874061e-07, 7.66149526044e-07, 4.39016758946e-07, 3.35263507623e-07, 3.02414747466e-07, 4.41090008962e-07, 1.7126110663e-07, 1.67650640037e-07, 2.18307761202e-07], "median": [0.000393365044147, 0.000766637735069, 0.000347127963323, 0.000175145221874, 0.000133088236907, 0.000158696086146, 0.000131697888719, 0.00025047903182, 0.000107034982648, 4.76081986562e-05, 4.00264616474e-05, 1.63145068655e-05, 2.64175941993e-05, 1.63937438629e-05, 1.42320277519e-05, 1.33165867737e-05, 1.60338659043e-05, 8.82344102138e-06, 4.22640914621e-06, 1.05858234747e-05, 5.42485031474e-06, 4.79191749037e-06, 5.5946466091e-06, 1.9304302441e-06, 2.31238163906e-06, 1.09007385163e-06, 7.86136411079e-07, 5.77266746404e-07, 5.01500608152e-07, 2.67155712663e-07, 1.6980780515e-07, 1.36355509994e-07, 8.46927861176e-08, 5.51884760114e-08, 3.41285293359e-08, 1.95371114842e-08, 1.29919239811e-08, 6.94062940454e-09, 3.51612694516e-09, 2.90551538384e-09], "min": [1.35511188942e-23, 1.01905296283e-23, 5.45845755822e-24, 8.72308583928e-24, 7.62072293285e-24, 6.84034386008e-24, 1.05442603803e-23, 7.79956874412e-24, 1.45644533254e-23, 5.29914039309e-24, 4.52873252217e-24, 7.32762955212e-24, 8.70312055863e-24, 5.28388895078e-24, 4.87623679497e-24, 6.076912675e-24, 6.59268492319e-24, 5.11175595139e-24, 4.91547079209e-24, 3.88854507631e-24, 5.88352579067e-24, 5.17767356306e-24, 9.52861143112e-24, 8.84242629474e-24, 6.74726616187e-24, 1.11193084257e-23, 1.4264138712e-23, 1.06280050651e-23, 9.82220258308e-24, 7.04800202705e-24, 5.77582103356e-24, 8.74064588303e-24, 1.14737246978e-23, 1.03252741707e-23, 1.08187390102e-23, 9.16385555918e-24, 6.79628361194e-24, 8.35095490673e-24, 8.51336006787e-24, 8.87333228728e-24], "var": [1.72622312675e-05, 3.00204119412e-05, 1.2072903246e-06, 9.26764585074e-08, 1.04413551583e-07, 2.05456694857e-06, 1.48708966208e-06, 5.55845463168e-06, 2.05075389204e-06, 4.57866946135e-07, 1.56026260356e-07, 1.13341709351e-08, 1.50259921838e-07, 1.8560223225e-07, 1.51651789793e-07, 5.63750859328e-08, 7.90893821545e-08, 2.58587462554e-08, 9.07569397413e-09, 4.13001455257e-09, 2.38489783477e-10, 1.96562432997e-10, 4.20327272987e-10, 5.92979346181e-11, 2.87299323221e-10, 1.1786456533e-10, 3.27948466994e-11, 4.15938776477e-11, 4.69378598489e-11, 1.88846785432e-11, 1.924663727e-11, 2.13480101652e-11, 1.32029144562e-11, 7.32162334233e-12, 4.96410551554e-12, 3.39053112842e-12, 1.88694285891e-11, 2.20319314008e-12, 4.00467116066e-12, 4.45045302694e-12]}, "mfcc": {"mean": [-713.958312988, 164.804595947, -23.1672782898, 28.955247879, -2.31933951378, 6.18177509308, -7.32989788055, 1.66980075836, 1.06782734394, 5.34358978271, 4.70589399338, 7.73587989807, 2.23462128639], "cov": [[11199.5898438, 4207.21044922, 271.245910645, 1073.16125488, -202.682525635, -602.049621582, 378.296722412, 612.67980957, -186.626327515, 185.819793701, 467.353210449, 91.2680053711, -93.1547393799], [4207.21044922, 3985.12060547, 170.899291992, 621.636779785, -52.7637062073, -585.34552002, 76.4712371826, 323.111175537, 3.47603297234, 189.929840088, 315.797576904, 89.9749908447, -39.6459579468], [271.245910645, 170.899291992, 450.354278564, 14.4798078537, 70.8697662354, -103.970458984, -32.1673965454, 64.7846832275, 82.0232162476, 50.2098426819, 39.3771858215, 70.6345367432, 5.57929420471], [1073.16125488, 621.636779785, 14.4798078537, 313.415679932, 1.73611903191, -45.1174354553, 71.7231292725, 90.2107849121, 3.95392656326, 51.6241836548, 61.995552063, 19.090763092, 7.10418319702], [-202.682525635, -52.7637062073, 70.8697662354, 1.73611903191, 160.308319092, 62.8564567566, 52.3420906067, 30.6766529083, 44.1227684021, 28.2585124969, 4.23223543167, -7.50821495056, -10.100438118], [-602.049621582, -585.34552002, -103.970458984, -45.1174354553, 62.8564567566, 478.313995361, 178.239349365, -13.8617696762, -51.3127822876, -106.206802368, -73.643196106, -31.6050033569, 31.8100509644], [378.296722412, 76.4712371826, -32.1673965454, 71.7231292725, 52.3420906067, 178.239349365, 303.831665039, 77.2252731323, -33.8895645142, -50.533416748, -14.965013504, -17.1214580536, -7.37750387192], [612.67980957, 323.111175537, 64.7846832275, 90.2107849121, 30.6766529083, -13.8617696762, 77.2252731323, 211.379104614, 48.4056892395, 57.0116348267, 35.1596908569, -12.8772010803, -30.6519794464], [-186.626327515, 3.47603297234, 82.0232162476, 3.95392656326, 44.1227684021, -51.3127822876, -33.8895645142, 48.4056892395, 256.221405029, 92.2246322632, 21.7976608276, 24.6850814819, -5.00714206696], [185.819793701, 189.929840088, 50.2098426819, 51.6241836548, 28.2585124969, -106.206802368, -50.533416748, 57.0116348267, 92.2246322632, 215.36151123, 75.7964401245, 35.0462341309, -37.5346794128], [467.353210449, 315.797576904, 39.3771858215, 61.995552063, 4.23223543167, -73.643196106, -14.965013504, 35.1596908569, 21.7976608276, 75.7964401245, 205.703704834, 13.8528585434, -3.26561069489], [91.2680053711, 89.9749908447, 70.6345367432, 19.090763092, -7.50821495056, -31.6050033569, -17.1214580536, -12.8772010803, 24.6850814819, 35.0462341309, 13.8528585434, 182.029525757, 51.4689788818], [-93.1547393799, -39.6459579468, 5.57929420471, 7.10418319702, -10.100438118, 31.8100509644, -7.37750387192, -30.6519794464, -5.00714206696, -37.5346794128, -3.26561069489, 51.4689788818, 159.558273315]], "icov": [[0.000202217241167, -0.000104938138975, -9.21721366467e-05, -0.000337186473189, 0.00028319368721, 9.54673960223e-05, -0.000178451708052, -0.000241295987507, 0.000175097302417, 5.03768860654e-05, -0.000156490583322, -2.74381200143e-05, 7.75041844463e-05], [-0.000104938138975, 0.000567373528611, 7.134781481e-05, -0.000545121612959, -0.000149288884131, 0.000560508051421, -0.000100726821984, -0.000272284814855, 6.32646551821e-05, 0.000149138184497, -0.000290395342745, -0.000152109452756, 3.51929088538e-06], [-9.21721366467e-05, 7.134781481e-05, 0.00304636918008, 0.000316245481372, -0.00170550646726, 0.000671647198033, 0.000429965730291, -0.000868367147632, -0.000475840817671, 0.00058082502801, -0.000206850279937, -0.00119893311057, -4.12803419749e-05], [-0.000337186473189, -0.000545121612959, 0.000316245481372, 0.00577351124957, -0.000219474022742, -0.000406787148677, -0.000610831077211, -0.00034947640961, -0.00014213535178, -0.00102000683546, 5.30977413291e-05, 7.23858647689e-06, -0.000874256133102], [0.00028319368721, -0.000149288884131, -0.00170550646726, -0.000219474022742, 0.00880886148661, -0.00120015360881, -0.00150905491319, -9.83158170129e-05, -0.000718023686204, -0.00149149924982, -0.000160764873726, 0.000957122072577, 0.000220453817747], [9.54673960223e-05, 0.000560508051421, 0.000671647198033, -0.000406787148677, -0.00120015360881, 0.00420605484396, -0.00207223580219, -0.000398258911446, 0.00035003607627, 0.000998845440336, -4.00896824431e-05, -0.000151350657688, -0.000603237771429], [-0.000178451708052, -0.000100726821984, 0.000429965730291, -0.000610831077211, -0.00150905491319, -0.00207223580219, 0.00585671328008, -0.00162573298439, 0.000249123724643, 0.00126450473908, 0.000199959424208, -0.000412184104789, 0.000601367617492], [-0.000241295987507, -0.000272284814855, -0.000868367147632, -0.00034947640961, -9.83158170129e-05, -0.000398258911446, -0.00162573298439, 0.00763496896252, -0.00118048104923, -0.00156591949053, 0.000300550746033, 0.00123966555111, 0.000502972747199], [0.000175097302417, 6.32646551821e-05, -0.000475840817671, -0.00014213535178, -0.000718023686204, 0.00035003607627, 0.000249123724643, -0.00118048104923, 0.00526616536081, -0.00173449981958, 9.026304906e-05, -0.000235232757404, -0.000354621210136], [5.03768860654e-05, 0.000149138184497, 0.00058082502801, -0.00102000683546, -0.00149149924982, 0.000998845440336, 0.00126450473908, -0.00156591949053, -0.00173449981958, 0.0080692358315, -0.00203606951982, -0.00180969794746, 0.00194154225755], [-0.000156490583322, -0.000290395342745, -0.000206850279937, 5.30977413291e-05, -0.000160764873726, -4.00896824431e-05, 0.000199959424208, 0.000300550746033, 9.026304906e-05, -0.00203606951982, 0.00634465832263, 0.000379126140615, -0.000562428671401], [-2.74381200143e-05, -0.000152109452756, -0.00119893311057, 7.23858647689e-06, 0.000957122072577, -0.000151350657688, -0.000412184104789, 0.00123966555111, -0.000235232757404, -0.00180969794746, 0.000379126140615, 0.00714875478297, -0.00243368721567], [7.75041844463e-05, 3.51929088538e-06, -4.12803419749e-05, -0.000874256133102, 0.000220453817747, -0.000603237771429, 0.000601367617492, 0.000502972747199, -0.000354621210136, 0.00194154225755, -0.000562428671401, -0.00243368721567, 0.00783157255501]]}, "spectral_contrast_coeffs": {"dmean": [0.0365831665695, 0.0399643331766, 0.0363719016314, 0.0316880792379, 0.0255547277629, 0.0165005400777], "dmean2": [0.0613244473934, 0.0633772835135, 0.054947976023, 0.050014719367, 0.0405576638877, 0.0260860975832], "dvar": [0.000937968667131, 0.00142830365803, 0.00114944588859, 0.000782815623097, 0.00056652224157, 0.000277611165075], "dvar2": [0.00264274189249, 0.00343100191094, 0.00254851300269, 0.0019318513805, 0.00132999941707, 0.000611159426626], "max": [-0.335077136755, -0.371198058128, -0.452090680599, -0.503208458424, -0.584967553616, -0.583871722221], "mean": [-0.662464141846, -0.644316911697, -0.697692453861, -0.699937582016, -0.740596652031, -0.725719809532], "median": [-0.662239849567, -0.639607608318, -0.697034239769, -0.70087480545, -0.737795174122, -0.722846508026], "min": [-0.964057266712, -0.975518226624, -0.972671806812, -0.964139103889, -0.958446919918, -0.962976455688], "var": [0.00715688895434, 0.0155592150986, 0.00728102400899, 0.00365440151654, 0.00241548591293, 0.00221600173973]}, "spectral_contrast_valleys": {"dmean": [0.336597800255, 0.38359323144, 0.378300964832, 0.322526276112, 0.269983410835, 0.212690278888], "dmean2": [0.566269755363, 0.61749458313, 0.594364881516, 0.51241594553, 0.407067209482, 0.328425377607], "dvar": [0.129322454333, 0.197693094611, 0.212757796049, 0.165260881186, 0.155326500535, 0.150528088212], "dvar2": [0.308813899755, 0.446899652481, 0.452710002661, 0.3441184