{"lowlevel": {"average_loudness": 0.927985846996, "barkbands_crest": {"dmean": 2.20097756386, "dmean2": 3.44734740257, "dvar": 5.79134511948, "dvar2": 14.5497970581, "max": 25.5813331604, "mean": 12.7825927734, "median": 11.8753623962, "min": 3.7101521492, "var": 23.5666484833}, "barkbands_flatness_db": {"dmean": 0.0233500171453, "dmean2": 0.0334182791412, "dvar": 0.000498739420436, "dvar2": 0.00109609111678, "max": 0.428750038147, "mean": 0.188604101539, "median": 0.182311043143, "min": 0.0517302937806, "var": 0.00287510664202}, "barkbands_kurtosis": {"dmean": 3.84656476974, "dmean2": 6.07888650894, "dvar": 104.714775085, "dvar2": 269.90423584, "max": 226.673751831, "mean": 6.2960767746, "median": 1.18284368515, "min": -1.95895826817, "var": 213.320968628}, "barkbands_skewness": {"dmean": 0.573309063911, "dmean2": 0.872795343399, "dvar": 0.645700752735, "dvar2": 1.55199408531, "max": 12.7812356949, "mean": 1.6448662281, "median": 1.32149267197, "min": -10.5028514862, "var": 2.74634957314}, "barkbands_spread": {"dmean": 5.25545072556, "dmean2": 8.52004909515, "dvar": 54.9367446899, "dvar2": 143.934539795, "max": 133.172698975, "mean": 21.2906074524, "median": 19.6342716217, "min": 1.09009218216, "var": 176.295547485}, "dissonance": {"dmean": 0.0236669965088, "dmean2": 0.040181286633, "dvar": 0.000629480869975, "dvar2": 0.00176930462476, "max": 0.499686956406, "mean": 0.450871676207, "median": 0.458472192287, "min": 0.260402232409, "var": 0.00114709208719}, "dynamic_complexity": 3.71881937981, "erbbands_crest": {"dmean": 2.75310730934, "dmean2": 4.25299072266, "dvar": 8.42949104309, "dvar2": 19.4806957245, "max": 33.8909950256, "mean": 14.5704612732, "median": 13.3125133514, "min": 3.01232028008, "var": 38.777431488}, "erbbands_flatness_db": {"dmean": 0.0227967109531, "dmean2": 0.0310932714492, "dvar": 0.000500158173963, "dvar2": 0.00096761790337, "max": 0.410602629185, "mean": 0.17560172081, "median": 0.170536026359, "min": 0.0515728518367, "var": 0.00316308718175}, "erbbands_kurtosis": {"dmean": 1.92431974411, "dmean2": 2.91248941422, "dvar": 12.2044649124, "dvar2": 27.0093250275, "max": 74.1095352173, "mean": 3.65458035469, "median": 0.909400701523, "min": -1.65319299698, "var": 66.9358901978}, "erbbands_skewness": {"dmean": 0.495743840933, "dmean2": 0.716641783714, "dvar": 0.328531980515, "dvar2": 0.70215678215, "max": 5.95955944061, "mean": -0.0403709150851, "median": -0.0068523301743, "min": -7.6174826622, "var": 1.80602836609}, "erbbands_spread": {"dmean": 8.80112075806, "dmean2": 13.137714386, "dvar": 138.169555664, "dvar2": 310.37387085, "max": 129.626037598, "mean": 31.0216331482, "median": 27.8015975952, "min": 2.09893155098, "var": 374.124969482}, "hfc": {"dmean": 7.75715208054, "dmean2": 12.0035543442, "dvar": 173.042495728, "dvar2": 447.714050293, "max": 167.894805908, "mean": 20.4848613739, "median": 15.6871166229, "min": 1.14125844416e-16, "var": 345.345703125}, "melbands_crest": {"dmean": 2.53061413765, "dmean2": 3.93468928337, "dvar": 8.12493991852, "dvar2": 20.3662433624, "max": 36.8545875549, "mean": 15.3426151276, "median": 14.9124116898, "min": 2.61489892006, "var": 20.4810905457}, "melbands_flatness_db": {"dmean": 0.0276986267418, "dmean2": 0.040184032172, "dvar": 0.000711391796358, "dvar2": 0.00165352493059, "max": 0.535977184772, "mean": 0.266138404608, "median": 0.259170413017, "min": 0.00552574684843, "var": 0.0043678842485}, "melbands_kurtosis": {"dmean": 9.2978181839, "dmean2": 14.8556814194, "dvar": 651.684020996, "dvar2": 1673.58483887, "max": 435.076019287, "mean": 16.4040164948, "median": 5.96651935577, "min": -1.81833970547, "var": 1076.21557617}, "melbands_skewness": {"dmean": 0.764806866646, "dmean2": 1.15652012825, "dvar": 1.35207045078, "dvar2": 3.15457367897, "max": 16.8303508759, "mean": 2.69026041031, "median": 2.19688224792, "min": -0.748453021049, "var": 4.00855398178}, "melbands_spread": {"dmean": 5.7316699028, "dmean2": 9.25041484833, "dvar": 80.5843353271, "dvar2": 213.460235596, "max": 136.529800415, "mean": 22.1238231659, "median": 18.4934577942, "min": 0.704629778862, "var": 263.189880371}, "pitch_salience": {"dmean": 0.0501930676401, "dmean2": 0.0782513096929, "dvar": 0.00278630433604, "dvar2": 0.00651293573901, "max": 0.852127611637, "mean": 0.413216471672, "median": 0.407232403755, "min": 0.101660944521, "var": 0.00915032438934}, "silence_rate_20dB": {"dmean": 0, "dmean2": 0, "dvar": 0, "dvar2": 0, "max": 1, "mean": 1, "median": 1, "min": 1, "var": 0}, "silence_rate_30dB": {"dmean": 0.0309892725199, "dmean2": 0.0619877800345, "dvar": 0.0300295557827, "dvar2": 0.0772201344371, "max": 1, "mean": 0.978549063206, "median": 1, "min": 0, "var": 0.0209902152419}, "silence_rate_60dB": {"dmean": 0.00387365906499, "dmean2": 0.00774847250432, "dvar": 0.00385889108293, "dvar2": 0.00828516576439, "max": 1, "mean": 0.0286012217402, "median": 0, "min": 0, "var": 0.0277818404138}, "spectral_centroid": {"dmean": 242.498153687, "dmean2": 394.16293335, "dvar": 134406.828125, "dvar2": 341952.4375, "max": 10745.2636719, "mean": 1069.62414551, "median": 961.697875977, "min": 249.069229126, "var": 286722.875}, "spectral_complexity": {"dmean": 2.06227660179, "dmean2": 3.32260465622, "dvar": 7.51415061951, "dvar2": 19.2259426117, "max": 35, "mean": 11.4139728546, "median": 11, "min": 0, "var": 28.4921855927}, "spectral_decrease": {"dmean": 3.05458680572e-09, "dmean2": 4.72621675129e-09, "dvar": 3.44384008717e-17, "dvar2": 8.59793300081e-17, "max": 1.78025276744e-15, "mean": -8.44841618886e-09, "median": -7.01571867268e-09, "min": -7.03034146454e-08, "var": 4.50795831438e-17}, "spectral_energy": {"dmean": 0.0120555469766, "dmean2": 0.0186182595789, "dvar": 0.000513441860676, "dvar2": 0.00127205939498, "max": 0.267517179251, "mean": 0.0337442755699, "median": 0.0280243959278, "min": 1.04261035191e-20, "var": 0.000698659860063}, "spectral_energyband_high": {"dmean": 0.000547935138457, "dmean2": 0.000918301811907, "dvar": 1.78109155513e-06, "dvar2": 4.92684603159e-06, "max": 0.019973102957, "mean": 0.000599781866185, "median": 0.000204458570806, "min": 7.44341543821e-21, "var": 1.4347835986e-06}, "spectral_energyband_low": {"dmean": 0.00699641788378, "dmean2": 0.0116368699819, "dvar": 0.000428108149208, "dvar2": 0.00110796419904, "max": 0.259932667017, "mean": 0.0151090761647, "median": 0.0109664797783, "min": 6.85840404165e-23, "var": 0.000394000700908}, "spectral_energyband_middle_high": {"dmean": 0.00203539221548, "dmean2": 0.00301079172641, "dvar": 1.20585045806e-05, "dvar2": 2.84601137537e-05, "max": 0.0504507236183, "mean": 0.00721510499716, "median": 0.00550614623353, "min": 1.75516154341e-21, "var": 4.65326011181e-05}, "spectral_energyband_middle_low": {"dmean": 0.0050558145158, "dmean2": 0.00738860853016, "dvar": 8.18292537588e-05, "dvar2": 0.000193334024516, "max": 0.112434186041, "mean": 0.011055813171, "median": 0.00756211718544, "min": 3.09499314661e-22, "var": 0.000147164260852}, "spectral_entropy": {"dmean": 0.25467094779, "dmean2": 0.359366327524, "dvar": 0.0644377544522, "dvar2": 0.129154190421, "max": 9.79677200317, "mean": 7.15777683258, "median": 7.15158939362, "min": 5.077480793, "var": 0.239167183638}, "spectral_flux": {"dmean": 0.030533451587, "dmean2": 0.0457263290882, "dvar": 0.0018982780166, "dvar2": 0.0036002213601, "max": 0.376019775867, "mean": 0.0682048723102, "median": 0.0495958551764, "min": 1.02108294042e-10, "var": 0.00366465328261}, "spectral_kurtosis": {"dmean": 1.8858140707, "dmean2": 2.90493154526, "dvar": 5.10147285461, "dvar2": 12.6046104431, "max": 37.5730400085, "mean": 5.40696334839, "median": 4.63079786301, "min": -1.18077504635, "var": 13.8553724289}, "spectral_rms": {"dmean": 0.000877583108377, "dmean2": 0.00130430189893, "dvar": 1.79337814643e-06, "dvar2": 4.15115709984e-06, "max": 0.0161552578211, "mean": 0.00535740470514, "median": 0.00522885005921, "min": 3.1893272745e-12, "var": 4.21949880547e-06}, "spectral_rolloff": {"dmean": 332.093475342, "dmean2": 609.796325684, "dvar": 904655.5625, "dvar2": 2572896.25, "max": 19681.3476562, "mean": 1245.64831543, "median": 1162.79296875, "min": 64.599609375, "var": 2826793.5}, "spectral_skewness": {"dmean": 0.290868103504, "dmean2": 0.440121591091, "dvar": 0.0876531675458, "dvar2": 0.207079574466, "max": 4.65046930313, "mean": 1.85568547249, "median": 1.84341871738, "min": 0.0118473256007, "var": 0.276037812233}, "spectral_spread": {"dmean": 828216.8125, "dmean2": 1111807.375, "dvar": 811755241472, "dvar2": 1552470900740.0, "max": 40676612, "mean": 5362161.5, "median": 5128237.5, "min": 1400660.875, "var": 3467537285120.0}, "spectral_strongpeak": {"dmean": 0.549772918224, "dmean2": 0.990222930908, "dvar": 1.65117180347, "dvar2": 4.03965759277, "max": 11.1572618484, "mean": 1.16946542263, "median": 0.436805099249, "min": 0, "var": 3.15098452568}, "zerocrossingrate": {"dmean": 0.00833380874246, "dmean2": 0.0101289805025, "dvar": 0.000106262021291, "dvar2": 0.000122826982988, "max": 0.7705078125, "mean": 0.0490300431848, "median": 0.0439453125, "min": 0.00341796875, "var": 0.00174880062696}, "barkbands": {"dmean": [0.000315842131386, 0.00627250410616, 0.000903890701011, 0.000332733616233, 0.00273065478541, 0.00162904860917, 0.00126954598818, 9.84429789241e-05, 0.000259112159256, 0.000184483491466, 0.000149922998389, 0.000836257066112, 0.000265650538495, 0.000226274307352, 0.000286106602289, 0.000155740359332, 0.000587854767218, 4.88533587486e-05, 8.65563779371e-05, 7.15902860975e-05, 0.000111367095087, 0.000199903326575, 7.06000791979e-05, 8.59315332491e-05, 4.90423008159e-05, 3.24158863805e-05, 1.44795176311e-05], "dmean2": [0.000424570695031, 0.0105917826295, 0.0016942495713, 0.000596243771724, 0.00441270926967, 0.00216568191536, 0.00191073340829, 0.000142631368362, 0.000319499551551, 0.000267666066065, 0.000211741687963, 0.00113352958579, 0.000414222711697, 0.000325721106492, 0.000418052775785, 0.000260197935859, 0.00107528630178, 8.17382024252e-05, 0.000157170215971, 0.000126279555843, 0.000190210485016, 0.000363113329513, 0.000116489747597, 0.000141581171192, 7.59988542995e-05, 5.08095181431e-05, 2.19812973228e-05], "dvar": [7.38269534395e-07, 0.000358304649126, 9.18030309549e-06, 7.38477638151e-07, 4.53570537502e-05, 9.08359106688e-06, 7.88323814049e-06, 5.33185726681e-08, 4.2116968757e-07, 3.36722223437e-07, 2.97952738038e-07, 3.57465614798e-06, 6.67451899972e-07, 4.14150548522e-07, 6.00291912178e-07, 2.36397667663e-07, 6.85902250552e-06, 1.63006941278e-08, 7.21850383911e-08, 5.60442181552e-08, 8.64417231128e-08, 1.12535713015e-06, 3.09990078051e-08, 3.79054725386e-08, 8.99252139419e-09, 4.36765246192e-09, 8.61266835628e-10], "dvar2": [1.43385295814e-06, 0.000947386375628, 2.68241219601e-05, 2.1335438305e-06, 0.000118307907542, 1.68427377503e-05, 1.91674716916e-05, 1.14157160169e-07, 6.41620317765e-07, 7.1177908012e-07, 4.77223693451e-07, 6.30624163023e-06, 1.29214106437e-06, 8.12082248558e-07, 1.15459204153e-06, 5.46026171833e-07, 1.96699584194e-05, 3.45576189886e-08, 2.13362241652e-07, 1.62462328035e-07, 2.37844034245e-07, 3.28559622176e-06, 8.46079757366e-08, 1.00669474534e-07, 2.11234336689e-08, 1.05477608869e-08, 1.85583293177e-09], "max": [0.00813002046198, 0.239273041487, 0.0297581292689, 0.0112338494509, 0.0769286304712, 0.0518349558115, 0.0338266827166, 0.0043680393137, 0.00883166957647, 0.0235833488405, 0.0147231481969, 0.0260907430202, 0.0171563420445, 0.0151297776029, 0.0176609158516, 0.0119420913979, 0.0421980619431, 0.00371143571101, 0.00240379292518, 0.00336648593657, 0.00375270727091, 0.0169455818832, 0.00248909485526, 0.00182772194967, 0.000890259922016, 0.00071802403545, 0.000290939875413], "mean": [0.000364073668607, 0.0131161361933, 0.00141852814704, 0.000429858540883, 0.00410785432905, 0.00405719643459, 0.00167605734896, 0.000159505550982, 0.000567914859857, 0.000425054226071, 0.000380350364139, 0.00188896176405, 0.000784167670645, 0.00103409332223, 0.00134598929435, 0.000419940246502, 0.000792088219896, 7.05362544977e-05, 8.14917948446e-05, 7.04334743205e-05, 0.000124689133372, 0.000160939089255, 7.62677882449e-05, 8.89537041076e-05, 5.46692208445e-05, 3.32483214152e-05, 1.53508517542e-05], "median": [3.41354734701e-06, 0.00953597761691, 0.000721608754247, 0.000186430988833, 0.00171393668279, 0.00206528441049, 0.000387926091207, 5.39179309271e-05, 5.43942151126e-05, 8.87768546818e-05, 3.06133442791e-05, 0.000349567533704, 0.000102524769318, 0.000138644609251, 0.000157181959366, 5.24095594301e-05, 6.8827495852e-05, 1.67466041603e-05, 2.53102098213e-05, 2.14957399294e-05, 4.27478407801e-05, 3.31601659127e-05, 2.26300217037e-05, 2.36141513597e-05, 1.62488831847e-05, 7.55395558372e-06, 3.08338098876e-06], "min": [1.0895054203e-23, 3.52985246818e-23, 1.91219899203e-23, 3.84623018292e-23, 1.17280430407e-22, 3.77423495018e-23, 3.85904380838e-23, 3.0632459759e-23, 3.44365332152e-23, 1.05483634036e-22, 9.878876086e-23, 1.81015077781e-22, 5.79814027515e-23, 1.62512149612e-22, 8.22976678126e-23, 1.78185717704e-22, 2.35817484681e-22, 2.73367945345e-22, 2.14284611194e-22, 4.04033906431e-22, 4.3624386712e-22, 5.10716678463e-22, 5.33729505495e-22, 6.77351465653e-22, 9.75893994589e-22, 1.73999158412e-21, 2.5062607247e-21], "var": [1.07606592792e-06, 0.000320972001646, 6.19314278083e-06, 5.61977060443e-07, 4.86626850034e-05, 3.08257622237e-05, 9.85188398772e-06, 9.15907705235e-08, 1.94271933651e-06, 1.52406869347e-06, 1.59133435318e-06, 1.05534763861e-05, 3.20794219988e-06, 3.70107068193e-06, 5.9358726503e-06, 1.29287514028e-06, 5.47613717572e-06, 5.77094318999e-08, 4.7931369096e-08, 4.01395503502e-08, 7.44024717392e-08, 6.35958997464e-07, 2.60292711829e-08, 3.37556080865e-08, 1.04561799219e-08, 4.53372672737e-09, 1.03509700811e-09]}, "erbbands": {"dmean": [0.215219944715, 1.33274281025, 1.45488142967, 0.943189382553, 5.27162599564, 9.92684936523, 12.8165531158, 13.1998853683, 17.6547489166, 11.4125652313, 2.41071486473, 4.92759656906, 6.23268127441, 6.31137466431, 13.9883384705, 30.9616737366, 13.5347146988, 11.0053319931, 13.8858337402, 11.6137294769, 20.1344985962, 23.4596061707, 3.59381818771, 4.85061788559, 2.59056305885, 3.48954415321, 4.89327764511, 6.79753303528, 6.5321931839, 2.24537014961, 1.96032512188, 2.01137852669, 1.24534547329, 0.689368665218, 0.277705639601, 0.132458627224, 0.0583378411829, 0.0168086681515, 0.00275203236379, 0.000134407920996], "dmean2": [0.343415886164, 2.33488750458, 2.6843662262, 1.69603180885, 8.93198680878, 16.436258316, 17.364440918, 17.9769802094, 25.2763233185, 17.8161640167, 3.40900707245, 6.09097099304, 8.95237445831, 8.5843296051, 19.4755973816, 41.8866653442, 20.0633850098, 15.6252250671, 19.7721557617, 17.3324279785, 34.9564743042, 43.3806762695, 6.17146110535, 8.81304740906, 4.58809137344, 6.09254455566, 8.35077190399, 12.3140201569, 11.814617157, 3.72554707527, 3.19299769402, 3.38260507584, 2.01137304306, 1.07263994217, 0.424487143755, 0.205852404237, 0.0928943604231, 0.0257929284126, 0.0042351516895, 0.000205847827601], "dvar": [0.419831991196, 17.132270813, 21.424041748, 4.93942117691, 286.545562744, 548.723754883, 572.11541748, 801.069335938, 1262.49584961, 919.538146973, 23.688533783, 164.964752197, 363.172790527, 349.263244629, 1079.95837402, 5987.98974609, 1221.76159668, 1092.47961426, 1286.68127441, 1785.84814453, 4392.61425781, 11223.4814453, 95.9933700562, 226.966644287, 45.247882843, 131.868179321, 185.397155762, 861.153259277, 967.773376465, 22.7511329651, 25.3214645386, 27.4567279816, 6.2461771965, 1.78692054749, 0.293574750423, 0.0739011615515, 0.0149647435173, 0.00118061876856, 3.33041462e-05, 7.39907761726e-08], "dvar2": [1.03645861149, 47.9684753418, 62.3982772827, 14.0578355789, 775.294311523, 1457.87634277, 1060.09277344, 1522.0579834, 2869.74511719, 2266.91430664, 50.654083252, 231.868515015, 919.411499023, 631.415710449, 1788.59143066, 10449.1630859, 2262.13525391, 2151.97290039, 2411.99291992, 3549.74560547, 11713.84375, 32509.3554688, 220.298919678, 668.130615234, 130.201202393, 375.696868896, 491.956268311, 2509.21411133, 2815.60473633, 59.3544883728, 68.7232894897, 75.7218093872, 15.6608533859, 4.24487447739, 0.680971801281, 0.178736627102, 0.0370240993798, 0.00255174608901, 7.60842740419e-05, 1.71171734564e-07], "max": [6.59648942947, 56.236240387, 49.834312439, 25.7260951996, 191.300186157, 258.891296387, 526.46661377, 432.082763672, 478.68661499, 564.655334473, 66.9412307739, 267.179992676, 308.701171875, 881.370849609, 700.79119873, 1239.37145996, 818.276733398, 989.756896973, 742.59197998, 1318.9666748, 1129.88598633, 1494.53527832, 260.138244629, 162.271148682, 85.9666061401, 160.840667725, 160.1640625, 442.558166504, 500.798400879, 54.4977684021, 72.2344894409, 58.6224784851, 22.6725883484, 11.9643125534, 6.22519540787, 3.47572255135, 1.35093343258, 0.370165497065, 0.0622255057096, 0.00276219472289], "mean": [0.314413905144, 3.06702327728, 3.00567626953, 1.40339696407, 5.70040416718, 14.4358024597, 28.9583015442, 31.8201904297, 28.6260967255, 13.8849554062, 4.56385135651, 11.2234458923, 11.1980400085, 18.5356273651, 30.4904785156, 76.5886993408, 41.441986084, 60.1438102722, 57.2615814209, 53.2721366882, 47.9708137512, 27.4766902924, 5.20462465286, 4.74242305756, 2.74446773529, 3.54534578323, 5.59226226807, 5.93940496445, 5.33171653748, 2.55238842964, 2.15014195442, 2.0068295002, 1.31584346294, 0.762287318707, 0.313047915697, 0.142436310649, 0.0580546073616, 0.0175187587738, 0.0028066826053, 0.000166817917489], "median": [0.172947630286, 2.37887167931, 2.28488206863, 0.833253622055, 1.77106249332, 4.94014453888, 15.0844869614, 14.2098245621, 9.43027687073, 2.60485243797, 1.74478435516, 1.28262031078, 3.1980535984, 4.44735574722, 8.48154067993, 18.3179855347, 11.285118103, 11.6894693375, 12.8200969696, 6.06300258636, 5.64909553528, 3.60798621178, 1.3909971714, 1.36342048645, 1.00584805012, 1.1723908186, 1.81132042408, 1.4858237505, 1.19097876549, 0.898293316364, 0.642783582211, 0.491235494614, 0.367205530405, 0.230639755726, 0.0908139124513, 0.0358539000154, 0.0130490548909, 0.00356567511335, 0.000526951043867, 6.41366423224e-05], "min": [5.67882260199e-22, 9.54223599296e-21, 2.27555221627e-20, 6.79518468831e-20, 3.11461547219e-19, 4.75386023009e-19, 2.34516844748e-19, 2.72235220855e-19, 4.741363082e-19, 6.78777896614e-19, 7.45905154286e-19, 9.09110680877e-19, 1.99782398623e-18, 3.81615929211e-18, 6.15387055127e-18, 4.78358341444e-18, 2.33365373146e-18, 7.57692643451e-18, 4.97813836247e-18, 7.97014245512e-18, 9.8372024214e-18, 1.46055528913e-17, 1.54165091833e-17, 1.33760258385e-17, 1.14152405186e-17, 1.84065404502e-17, 1.8221948479e-17, 1.78095228431e-17, 1.46535591453e-17, 2.01104597201e-17, 1.55530386521e-17, 1.3264664167e-17, 1.24455535285e-17, 1.08079981319e-17, 7.07999354562e-18, 4.89968193573e-18, 3.42025720926e-18, 1.52685422881e-18, 3.42694413733e-19, 3.67948741898e-20], "var": [0.386659353971, 14.4597158432, 14.262714386, 3.59659099579, 217.510681152, 607.365478516, 1623.69372559, 2430.79077148, 2142.20581055, 1054.14550781, 51.3497467041, 768.123840332, 595.803955078, 2964.32836914, 3892.52978516, 18013.9140625, 6787.12011719, 12966.125, 9910.59179688, 21075.140625, 11195.6035156, 7505.27685547, 299.078521729, 158.004623413, 33.1132164001, 95.4448547363, 177.503982544, 510.631164551, 553.87310791, 22.2280979156, 21.1809043884, 21.742773056, 6.28009128571, 2.04365110397, 0.351797223091, 0.0800123438239, 0.0145476525649, 0.00136375764851, 3.65748419426e-05, 8.52033537058e-08]}, "gfcc": {"mean": [-18.8697891235, 86.9837417603, -88.0520935059, 26.1621856689, -35.2405586243, 27.4515094757, -36.1006088257, -8.3088388443, -17.7896289825, 10.046204567, -5.84543561935, 10.8175916672, 0.117487795651], "cov": [[11535.3017578, -76.2968521118, -898.674194336, 27.3973007202, -936.694030762, -294.896636963, -470.41784668, 119.084197998, -216.209854126, 262.857574463, -168.049468994, 183.16104126, -165.136245728], [-76.2968521118, 1120.07946777, -239.630599976, -100.455612183, 40.5944099426, -109.630378723, 6.61222267151, -21.9793319702, 59.5368728638, -62.0877761841, 83.7749099731, 19.2613048553, 41.2278747559], [-898.674194336, -239.630599976, 779.879089355, 166.375305176, -109.230621338, -103.21938324, 71.3812789917, 131.9662323, 37.7634048462, 44.7716293335, 69.2239532471, 72.5757446289, 20.8503551483], [27.3973007202, -100.455612183, 166.375305176, 358.819244385, 31.8209018707, 28.8528079987, 58.0657806396, 66.2519989014, 56.347240448, 39.5892181396, -10.4897632599, 18.0052547455, 30.9401493073], [-936.694030762, 40.5944099426, -109.230621338, 31.8209018707, 353.304412842, 184.535446167, 35.8298568726, -52.3828468323, 64.2660217285, -9.01055717468, -25.7857608795, -59.9450569153, 30.994140625], [-294.896636963, -109.630378723, -103.21938324, 28.8528079987, 184.535446167, 509.032745361, 328.300476074, -1.48666667938, -123.686828613, 4.38839912415, -0.209827452898, -118.885848999, -59.6702423096], [-470.41784668, 6.61222267151, 71.3812789917, 58.0657806396, 35.8298568726, 328.300476074, 445.981872559, 88.8948516846, -138.573867798, -42.73021698, 40.2983131409, -60.5111618042, -62.3136978149], [119.084197998, -21.9793319702, 131.9662323, 66.2519989014, -52.3828468323, -1.48666667938, 88.8948516846, 176.703399658, 26.8075351715, -28.8697853088, -2.47627234459, 50.4379882812, 1.86303162575], [-216.209854126, 59.5368728638, 37.7634048462, 56.347240448, 64.2660217285, -123.686828613, -138.573867798, 26.8075351715, 227.281829834, 81.8705825806, -28.302022934, 8.95161342621, 61.6867103577], [262.857574463, -62.0877761841, 44.7716293335, 39.5892181396, -9.01055717468, 4.38839912415, -42.73021698, -28.8697853088, 81.8705825806, 188.67074585, 54.3210868835, -30.0877552032, -9.00596046448], [-168.049468994, 83.7749099731, 69.2239532471, -10.4897632599, -25.7857608795, -0.209827452898, 40.2983131409, -2.47627234459, -28.302022934, 54.3210868835, 169.165817261, 59.95262146, -39.5352897644], [183.16104126, 19.2613048553, 72.5757446289, 18.0052547455, -59.9450569153, -118.885848999, -60.5111618042, 50.4379882812, 8.95161342621, -30.0877552032, 59.95262146, 187.470108032, 44.2178230286], [-165.136245728, 41.2278747559, 20.8503551483, 30.9401493073, 30.994140625, -59.6702423096, -62.3136978149, 1.86303162575, 61.6867103577, -9.00596046448, -39.5352897644, 44.2178230286, 123.668571472]], "icov": [[0.000244674971327, -0.000142607532325, 0.000374863739125, -0.000225761221373, 0.000545595248695, -0.000212757848203, 0.00049898022553, -0.000581071595661, 0.000745519821066, -0.00100963562727, 0.000843659858219, -0.000555334088858, 0.000411196175264], [-0.000142607532325, 0.00147660053335, 0.00041677209083, 0.000283578556264, -0.000252659869147, 0.000833026599139, -0.00106891687028, 0.000505809613969, -0.00149702187628, 0.00176284462214, -0.00228922092356, 0.00112654792611, -0.00116439664271], [0.000374863739125, 0.00041677209083, 0.00267795310356, -0.000883009110112, 0.000945895153563, 0.000773572712205, -0.000128652667627, -0.0018281241646, 0.000941441219766, -0.00154428626411, -0.000146524922457, -0.000294296129141, -0.000293734658044], [-0.000225761221373, 0.000283578556264, -0.000883009110112, 0.00384545419365, -0.00108642387204, 0.000332146039, -0.00121902266983, -0.000118056203064, -0.00102919794153, -0.000198141409783, 0.000126628932776, -0.000171744584804, -0.00078828894766], [0.000545595248695, -0.000252659869147, 0.000945895153563, -0.00108642387204, 0.00773707451299, -0.00459477491677, 0.00206289766356, 0.00144747388549, -0.0035022078082, 0.00183613144327, -0.000203333358513, -0.000340298400261, -0.000276019767625], [-0.000212757848203, 0.000833026599139, 0.000773572712205, 0.000332146039, -0.00459477491677, 0.00821873545647, -0.00522156571969, -0.000367838569218, 0.00300299888477, -0.00255180918612, 0.000400228018407, 0.00134158728179, -0.000319193088217], [0.00049898022553, -0.00106891687028, -0.000128652667627, -0.00121902266983, 0.00206289766356, -0.00522156571969, 0.00890339165926, -0.00475769070908, 0.00359804392792, -0.000530736637302, -0.000330591399688, 0.00100511754863, 0.000572334683966], [-0.000581071595661, 0.000505809613969, -0.0018281241646, -0.000118056203064, 0.00144747388549, -0.000367838569218, -0.00475769070908, 0.0131179597229, -0.00772265484557, 0.00558584043756, -0.000449502753327, -0.00248962175101, 0.00126341753639], [0.000745519821066, -0.00149702187628, 0.000941441219766, -0.00102919794153, -0.0035022078082, 0.00300299888477, 0.00359804392792, -0.00772265484557, 0.0163989942521, -0.0112486621365, 0.00612855842337, -0.00118387397379, -0.000767246121541], [-0.00100963562727, 0.00176284462214, -0.00154428626411, -0.000198141409783, 0.00183613144327, -0.00255180918612, -0.000530736637302, 0.00558584043756, -0.0112486621365, 0.0175127126276, -0.0110688433051, 0.00620341999456, -0.00253929826431], [0.000843659858219, -0.00228922092356, -0.000146524922457, 0.000126628932776, -0.000203333358513, 0.000400228018407, -0.000330591399688, -0.000449502753327, 0.00612855842337, -0.0110688433051, 0.0177494715899, -0.00980489701033, 0.00728400237858], [-0.000555334088858, 0.00112654792611, -0.000294296129141, -0.000171744584804, -0.000340298400261, 0.00134158728179, 0.00100511754863, -0.00248962175101, -0.00118387397379, 0.00620341999456, -0.00980489701033, 0.0133776040748, -0.00662335613742], [0.000411196175264, -0.00116439664271, -0.000293734658044, -0.00078828894766, -0.000276019767625, -0.000319193088217, 0.000572334683966, 0.00126341753639, -0.000767246121541, -0.00253929826431, 0.00728400237858, -0.00662335613742, 0.0143492240459]]}, "melbands": {"dmean": [0.00181157886982, 0.0011039825622, 0.000238596097915, 0.00063099549152, 0.000411875807913, 0.000291025120532, 0.000279066560324, 9.80750846793e-05, 1.9785553377e-05, 3.46567467204e-05, 3.19087703247e-05, 2.59920889221e-05, 3.46565357177e-05, 9.03285545064e-05, 6.02775980951e-05, 1.92260995391e-05, 2.2161679226e-05, 2.39484143094e-05, 1.46378652062e-05, 1.2062996575e-05, 3.12257216137e-05, 3.45689986716e-05, 3.86910414818e-06, 2.39123619394e-06, 4.46350122729e-06, 2.59597186414e-06, 1.58903333158e-06, 2.45930050369e-06, 3.38432346325e-06, 2.26222505262e-06, 5.33608545084e-06, 5.22548816662e-06, 1.28394685817e-06, 1.22203493902e-06, 1.19792036912e-06, 1.12323766643e-06, 1.36713413212e-06, 8.82914548583e-07, 8.09965968074e-07, 5.13145664627e-07], "dmean2": [0.00299658649601, 0.00196230993606, 0.00042678846512, 0.00105797115248, 0.000574634002987, 0.000393062713556, 0.00040501327021, 0.000154583249241, 2.68784970103e-05, 4.28115963587e-05, 4.56009183836e-05, 3.54269868694e-05, 4.90836246172e-05, 0.000124421683722, 8.34039965412e-05, 2.86219910777e-05, 3.17800077028e-05, 3.42263301718e-05, 2.16495736822e-05, 1.84785167221e-05, 5.48190291738e-05, 6.40372818452e-05, 6.87078591e-06, 3.92504671254e-06, 8.15904604679e-06, 4.69475799036e-06, 2.79538153336e-06, 4.31871876572e-06, 5.84537110626e-06, 3.84096574635e-06, 9.84237158264e-06, 9.5833602245e-06, 2.11135466088e-06, 2.05027890843e-06, 1.97841814042e-06, 1.83262761766e-06, 2.34566982726e-06, 1.44152079429e-06, 1.30151204303e-06, 7.9055172364e-07], "dvar": [2.99956136587e-05, 1.17186209536e-05, 3.70519188664e-07, 3.2283537621e-06, 5.42287239114e-07, 3.55850346523e-07, 3.24303670141e-07, 7.11669585485e-08, 1.94122695696e-09, 7.65535990155e-09, 9.34676958053e-09, 6.59175780626e-09, 7.55411466713e-09, 4.9632735255e-08, 2.00138785544e-08, 3.07646086384e-09, 4.37784253293e-09, 3.45856254746e-09, 1.78228709569e-09, 1.52387380492e-09, 1.25160930509e-08, 2.55997036902e-08, 1.27465718536e-10, 4.50411340169e-11, 2.13724038467e-10, 6.43109801524e-11, 2.66044894448e-11, 7.26505869353e-11, 9.74863592629e-11, 3.95707529244e-11, 7.87009402092e-10, 8.34139479711e-10, 7.44084308058e-12, 7.52507171159e-12, 9.73566279677e-12, 8.48218023597e-12, 1.80978582814e-11, 3.918183486e-12, 2.60119877027e-12, 1.07886063364e-12], "dvar2": [7.7144948591e-05, 3.33463904099e-05, 1.04950800051e-06, 8.52871744428e-06, 1.06334994143e-06, 6.73329793699e-07, 7.52637959067e-07, 1.74559787069e-07, 3.20155479905e-09, 1.16125429273e-08, 2.33142234407e-08, 1.17469243222e-08, 1.2734385102e-08, 9.04100616594e-08, 3.37075150014e-08, 5.75758241084e-09, 8.71432526139e-09, 6.62052856981e-09, 3.56620177833e-09, 3.08772163393e-09, 3.41986492458e-08, 7.40170378322e-08, 3.60815571865e-10, 8.43863104394e-11, 6.26801166526e-10, 1.87965740195e-10, 7.48585637922e-11, 2.09583433941e-10, 2.62817378971e-10, 1.10229131378e-10, 2.30146501856e-09, 2.435824209e-09, 1.87706846594e-11, 2.01842240838e-11, 2.63988900184e-11, 2.27309508022e-11, 5.13232581434e-11, 1.00184426727e-11, 6.45785855347e-12, 2.53004713534e-12], "max": [0.0655880495906, 0.0432509407401, 0.00627542985603, 0.0209182109684, 0.014710993506, 0.00996349006891, 0.00746841635555, 0.00511214509606, 0.000574693724047, 0.00173710111994, 0.00165091909003, 0.00357550382614, 0.00206977012567, 0.0034067358356, 0.00224114651792, 0.00138491112739, 0.00177267647814, 0.00110847398173, 0.0011624363251, 0.00116865278687, 0.00201323488727, 0.00231664278544, 0.000227193420869, 0.000225834766752, 0.000166559315403, 7.9007804743e-05, 7.06611317582e-05, 0.00011579679267, 0.00011418628128, 8.85105037014e-05, 0.000439903174993, 0.000467768724775, 4.65667035314e-05, 3.31056799041e-05, 4.2864245188e-05, 3.98143893108e-05, 5.33163220098e-05, 2.54382757703e-05, 1.5104717022e-05, 1.07612331703e-05], "mean": [0.00337210437283, 0.00260020466521, 0.000302623666357, 0.000768052530475, 0.00092635495821, 0.000713279354386, 0.000431471591583, 0.000116933988465, 3.87938962376e-05, 7.70344704506e-05, 5.68981813558e-05, 7.47819940443e-05, 7.79467154643e-05, 0.000201926595764, 0.000145686790347, 7.7496508311e-05, 0.000114888578537, 8.69294817676e-05, 6.72700844007e-05, 4.99442758155e-05, 6.62204110995e-05, 3.99024611397e-05, 4.10971324527e-06, 3.76658886125e-06, 3.99163673137e-06, 2.48319406637e-06, 1.5586660993e-06, 2.42917280957e-06, 3.70124826077e-06, 2.61459604189e-06, 4.16423790739e-06, 3.9247447603e-06, 1.4700705151e-06, 1.35101765864e-06, 1.27799046368e-06, 1.15930720312e-06, 1.27583825815e-06, 9.0046734158e-07, 8.37774962292e-07, 5.82509926517e-07], "median": [0.0022579850629, 0.00217790692113, 0.000161715855938, 0.000213237348362, 0.000529289769474, 0.000330300303176, 0.000138691146276, 1.90545833902e-05, 9.97576171358e-06, 7.72701969254e-06, 1.4789724446e-05, 1.35700365718e-05, 1.29184209072e-05, 3.93587797589e-05, 2.57728534052e-05, 1.01031719169e-05, 1.31439574034e-05, 1.7343687432e-05, 7.84932490205e-06, 3.3713636185e-06, 6.09847484156e-06, 4.12307008446e-06, 1.05501669623e-06, 8.07887147403e-07, 9.96896005745e-07, 8.01632893399e-07, 5.36414518137e-07, 7.34855859719e-07, 1.02785156741e-06, 9.64816535998e-07, 7.18926628451e-07, 6.51688651487e-07, 4.78725326047e-07, 4.58423329519e-07, 3.63532450365e-07, 2.94738669027e-07, 2.80035266087e-07, 2.44181592279e-07, 2.31846769339e-07, 1.76118504669e-07], "min": [8.63985943605e-24, 1.28551321611e-23, 1.92289720808e-23, 3.0939837833e-23, 9.42368898642e-24, 6.32773533855e-24, 7.81105298117e-24, 6.93418044248e-24, 6.8375023831e-24, 5.09368748679e-24, 1.10806061209e-23, 1.63029938978e-23, 1.8267511565e-23, 2.12055451204e-23, 7.46384768665e-24, 5.57635439823e-24, 1.51738546856e-23, 8.41960079385e-24, 8.2051118803e-24, 1.24432181842e-23, 1.07132817178e-23, 1.63321123315e-23, 1.44568227213e-23, 1.0758158437e-23, 1.10229348667e-23, 7.41788786146e-24, 9.56493374264e-24, 1.24141415601e-23, 1.29524760191e-23, 8.34134500319e-24, 1.06838840273e-23, 7.14190566263e-24, 1.24041411704e-23, 9.55570328119e-24, 8.51218939829e-24, 8.63329374674e-24, 7.91235455432e-24, 8.77338439945e-24, 8.59855231247e-24, 9.64778385921e-24], "var": [2.71940334642e-05, 8.86737325345e-06, 2.53721168519e-07, 2.85820328827e-06, 1.51447886765e-06, 1.14193107947e-06, 5.07599565935e-07, 8.21855437039e-08, 6.28329654973e-09, 3.59368712566e-08, 1.5949479959e-08, 5.35123803047e-08, 3.38379031461e-08, 1.39092364293e-07, 7.08974781105e-08, 3.01276443793e-08, 4.89915876756e-08, 2.33399308769e-08, 1.84376833801e-08, 1.76174665967e-08, 2.3204314914e-08, 1.72977987489e-08, 1.28709432001e-10, 1.98792676764e-10, 1.45029196985e-10, 4.09311612382e-11, 1.84073329496e-11, 5.22394211222e-11, 8.89707751917e-11, 3.27274665701e-11, 4.45546460837e-10, 4.65733951405e-10, 8.16541279036e-12, 6.79529869874e-12, 8.08452870621e-12, 7.52964444267e-12, 1.24255857339e-11, 3.57608040402e-12, 2.64534379645e-12, 1.28979422628e-12]}, "mfcc": {"mean": [-676.169372559, 124.571578979, 18.2920341492, 16.5937461853, 19.6491260529, 28.5148124695, 3.71469187737, -2.61551165581, -0.408336281776, -4.91597175598, -4.20965719223, 6.05662584305, 5.853307724], "cov": [[7761.89697266, 213.423873901, -465.77520752, -246.593551636, 24.9550590515, -184.609451294, -639.456298828, -394.114227295, -111.823104858, -178.821182251, -175.033172607, -22.4049968719, 97.8108062744], [213.423873901, 1078.09484863, -205.08921814, -63.5845069885, 29.8390922546, -54.2045059204, -95.6883544922, -14.5944471359, -41.3069610596, -73.3181686401, 12.233836174, 13.3941669464, 37.9186820984], [-465.77520752, -205.08921814, 636.219604492, 207.402511597, -96.5148620605, -88.9643325806, 84.3723754883, 55.0384712219, -0.0862900093198, 44.2024230957, 67.0908737183, 58.5778236389, 28.3351268768], [-246.593551636, -63.5845069885, 207.402511597, 325.199310303, 69.3824310303, -81.7127609253, -120.119117737, -3.60524272919, 50.5127792358, -7.64560747147, 2.00282692909, 48.0453567505, 53.8266067505], [24.9550590515, 29.8390922546, -96.5148620605, 69.3824310303, 238.504974365, 44.3496017456, -143.317016602, -59.9468536377, 50.2533569336, 20.9777011871, -30.3794136047, -13.9750614166, 34.9399299622], [-184.609451294, -54.2045059204, -88.9643325806, -81.7127609253, 44.3496017456, 340.973876953, 247.83291626, 25.6476478577, 32.8657035828, 93.8115005493, 59.2238349915, -3.91615915298, -82.1126556396], [-639.456298828, -95.6883544922, 84.3723754883, -120.119117737, -143.317016602, 247.83291626, 581.090148926, 247.982192993, -35.1902580261, 45.9582901001, 105.464279175, 24.863368988, -113.528137207], [-394.114227295, -14.5944471359, 55.0384712219, -3.60524272919, -59.9468536377, 25.6476478577, 247.982192993, 296.099365234, 52.4968070984, -60.4183044434, 21.9856719971, 23.9397716522, -21.2317485809], [-111.823104858, -41.3069610596, -0.0862900093198, 50.5127792358, 50.2533569336, 32.8657035828, -35.1902580261, 52.4968070984, 204.783447266, 58.1073188782, -50.5871124268, -23.685585022, -9.17528820038], [-178.821182251, -73.3181686401, 44.2024230957, -7.64560747147, 20.9777011871, 93.8115005493, 45.9582901001, -60.4183044434, 58.1073188782, 223.573120117, 61.5591888428, -31.202293396, -65.2678909302], [-175.033172607, 12.233836174, 67.0908737183, 2.00282692909, -30.3794136047, 59.2238349915, 105.464279175, 21.9856719971, -50.5871124268, 61.5591888428, 185.553466797, 61.0040893555, -28.8631019592], [-22.4049968719, 13.3941669464, 58.5778236389, 48.0453567505, -13.9750614166, -3.91615915298, 24.863368988, 23.9397716522, -23.685585022, -31.202293396, 61.0040893555, 142.62171936, 49.5220718384], [97.8108062744, 37.9186820984, 28.3351268768, 53.8266067505, 34.9399299622, -82.1126556396, -113.528137207, -21.2317485809, -9.17528820038, -65.2678909302, -28.8631019592, 49.5220718384, 163.941314697]], "icov": [[0.000158551993081, 4.71324801765e-06, 3.03194628941e-05, 0.000146142512676, 0.000111313864181, -0.000102325117041, 0.000248374271905, 4.32934975834e-05, 5.40045948583e-05, 8.56670012581e-05, 6.08035697951e-05, -8.77259735717e-05, 2.80531148746e-05], [4.71324801765e-06, 0.00104582845233, 0.000340356869856, 0.000122049561469, -7.00263190083e-05, 0.000184427932254, 0.00012047180644, -7.54638240323e-05, 4.1160517867e-05, 0.000224762785365, -0.000398549222155, -1.45951025843e-05, -0.000136627248139], [3.03194628941e-05, 0.000340356869856, 0.00295344507322, -0.00202873279341, 0.00105634552892, 0.00117923971266, -0.00117471185513, 0.00041137135122, -9.23455882003e-05, -0.000819975102786, -0.000491432438139, -8.83170832822e-06, -0.000751348037738], [0.000146142512676, 0.000122049561469, -0.00202873279341, 0.0058055203408, -0.00195791805163, 0.000354024581611, 0.0012611260172, -0.000354613614036, -0.00100577413104, 0.000667016895022, -0.000255533290328, -0.00149238994345, 0.000366177293472], [0.000111313864181, -7.00263190083e-05, 0.00105634552892, -0.00195791805163, 0.00792696885765, -0.00388333480805, 0.00366149540059, -0.00182396383025, 0.00083926692605, -0.00129731756169, 0.000617698242422, 0.000698851421475, -0.00149694061838], [-0.000102325117041, 0.000184427932254, 0.00117923971266, 0.000354024581611, -0.00388333480805, 0.00908307917416, -0.00683724926785, 0.00478633353487, -0.00360096921213, 0.000585352827329, -0.00166164536495, -0.000426386977779, 0.000828264397569], [0.000248374271905, 0.00012047180644, -0.00117471185513, 0.0012611260172, 0.00366149540059, -0.00683724926785, 0.0101987430826, -0.00795063842088, 0.00481302337721, -0.00256730918773, 0.00119174888823, -0.000861267442815, 0.00115815980826], [4.32934975834e-05, -7.54638240323e-05, 0.00041137135122, -0.000354613614036, -0.00182396383025, 0.00478633353487, -0.00795063842088, 0.0116512635723, -0.00667433161288, 0.00536852981895, -0.00255887955427, 0.000513451523148, -1.56709775183e-05], [5.40045948583e-05, 4.1160517867e-05, -9.23455882003e-05, -0.00100577413104, 0.00083926692605, -0.00360096921213, 0.00481302337721, -0.00667433161288, 0.0105841783807, -0.00529139721766, 0.00434496672824, -0.000700172968209, 0.000252807425568], [8.56670012581e-05, 0.000224762785365, -0.000819975102786, 0.000667016895022, -0.00129731756169, 0.000585352827329, -0.00256730918773, 0.00536852981895, -0.00529139721766, 0.0100265089422, -0.00448786187917, 0.00224116770551, 0.00153519329615], [6.08035697951e-05, -0.000398549222155, -0.000491432438139, -0.000255533290328, 0.000617698242422, -0.00166164536495, 0.00119174888823, -0.00255887955427, 0.00434496672824, -0.00448786187917, 0.0103134084493, -0.00459097325802, 0.00141375046223], [-8.77259735717e-05, -1.45951025843e-05, -8.83170832822e-06, -0.00149238994345, 0.000698851421475, -0.000426386977779, -0.000861267442815, 0.000513451523148, -0.000700172968209, 0.00224116770551, -0.00459097325802, 0.0112480893731, -0.00369814108126], [2.80531148746e-05, -0.000136627248139, -0.000751348037738, 0.000366177293472, -0.00149694061838, 0.000828264397569, 0.00115815980826, -1.56709775183e-05, 0.000252807425568, 0.00153519329615, 0.00141375046223, -0.00369814108126, 0.00964945647866]]}, "spectral_contrast_coeffs": {"dmean": [0.0414084903896, 0.0432322137058, 0.0411101914942, 0.0319529883564, 0.026366751641, 0.0202707834542], "dmean2": [0.0668227300048, 0.0660805031657, 0.0620342381299, 0.0497719682753, 0.0430653505027, 0.0337659530342], "dvar": [0.00154426204972, 0.00152350764256, 0.00130735349376, 0.000919702695683, 0.000824132352136, 0.000577942293603], "dvar2": [0.00375184230506, 0.00355720566586, 0.00288503593765, 0.0020154020749, 0.00203687278554, 0.00147819530685], "max": [-0.318638652563, -0.366397202015, -0.403798490763, -0.408852040768, -0.548743009567, -0.595567822456], "mean": [-0.641971409321, -0.628314852715, -0.689704954624, -0.68332195282, -0.783432245255, -0.790098130703], "median": [-0.651586711407, -0.61743581295, -0.697670638561, -0.686650514603, -0.790632128716, -0.793406248093], "min": [-0.951968371868, -0.960054993629, -0.956795930862, -0.944664061069, -0.959810674191, -0.959834396839], "var": [0.00861241389066, 0.00934582855552, 0.00782935135067, 0.0105763953179, 0.00274769845419, 0.00142218032852]}, "spectral_contrast_valleys": {"dmean": [0.354375332594, 0.408970355988, 0.365615576506, 0.357951700687, 0.378536701202, 0.453534811735], "dmean2": [0.568665802479, 0.602690219879, 0.558994531631, 0.543646454811, 0.557510912418, 0.594130218029], "dvar": [0.14914304018, 0.166131585836, 0.145626813173, 0.156999856234, 0.179089471698, 0.226349696517], "dvar2": [0.318337231874, 0.320669353008, 0.291203141212, 0.307701081038, 0.359461396933, 0.426444143057], "max": 