{"lowlevel": {"average_loudness": 0.956077456474, "barkbands_crest": {"dmean": 3.60008144379, "dmean2": 5.35563898087, "dvar": 10.6342439651, "dvar2": 22.1078166962, "max": 26.7394714355, "mean": 15.3241701126, "median": 15.1601257324, "min": 2.57821702957, "var": 32.1059303284}, "barkbands_flatness_db": {"dmean": 0.0497684702277, "dmean2": 0.0623801350594, "dvar": 0.00215611304156, "dvar2": 0.00425977865234, "max": 0.83412450552, "mean": 0.238312289119, "median": 0.219371661544, "min": 0.0246409978718, "var": 0.0150100039318}, "barkbands_kurtosis": {"dmean": 42.0447921753, "dmean2": 59.8048667908, "dvar": 16105.3701172, "dvar2": 33015.6328125, "max": 2011.30664062, "mean": 48.2707328796, "median": 12.0059108734, "min": -1.95505928993, "var": 20553.6269531}, "barkbands_skewness": {"dmean": 1.95522248745, "dmean2": 2.61043739319, "dvar": 6.82281351089, "dvar2": 12.9061727524, "max": 36.5908088684, "mean": 3.94590163231, "median": 2.9415948391, "min": -2.89500451088, "var": 17.5095558167}, "barkbands_spread": {"dmean": 10.8999948502, "dmean2": 15.2423295975, "dvar": 265.079772949, "dvar2": 551.388305664, "max": 113.342514038, "mean": 17.4597949982, "median": 8.2476606369, "min": 0.122655019164, "var": 457.417877197}, "dissonance": {"dmean": 0.0259032845497, "dmean2": 0.0401871651411, "dvar": 0.000860385480337, "dvar2": 0.00207295455039, "max": 0.500000238419, "mean": 0.444544196129, "median": 0.465027630329, "min": 0.0756172910333, "var": 0.00324741215445}, "dynamic_complexity": 2.60975289345, "erbbands_crest": {"dmean": 3.46755385399, "dmean2": 5.11582422256, "dvar": 10.3681001663, "dvar2": 20.8893947601, "max": 30.0542087555, "mean": 11.6613492966, "median": 10.4712314606, "min": 2.35743665695, "var": 37.8322601318}, "erbbands_flatness_db": {"dmean": 0.0307892151177, "dmean2": 0.0412958003581, "dvar": 0.00106093811337, "dvar2": 0.00193346396554, "max": 0.619158506393, "mean": 0.180796816945, "median": 0.163312613964, "min": 0.0488673076034, "var": 0.00880376249552}, "erbbands_kurtosis": {"dmean": 4.10373449326, "dmean2": 6.14200353622, "dvar": 66.1932144165, "dvar2": 153.767196655, "max": 153.932098389, "mean": 4.18959188461, "median": 0.41815662384, "min": -1.95062744617, "var": 124.056053162}, "erbbands_skewness": {"dmean": 0.834867298603, "dmean2": 1.15119326115, "dvar": 0.720574498177, "dvar2": 1.41696548462, "max": 10.6547336578, "mean": 0.932304084301, "median": 0.697938621044, "min": -4.02310800552, "var": 2.67046689987}, "erbbands_spread": {"dmean": 19.6706142426, "dmean2": 27.0246219635, "dvar": 526.479492188, "dvar2": 899.293884277, "max": 198.83807373, "mean": 53.885723114, "median": 43.1015205383, "min": 0.420370787382, "var": 1713.07275391}, "hfc": {"dmean": 19.8847808838, "dmean2": 28.3247852325, "dvar": 1231.54321289, "dvar2": 2745.16333008, "max": 207.723327637, "mean": 27.1099586487, "median": 10.4728775024, "min": 1.77965708836e-09, "var": 1660.11572266}, "melbands_crest": {"dmean": 4.30372095108, "dmean2": 6.68826580048, "dvar": 15.1829452515, "dvar2": 36.7327041626, "max": 36.8493423462, "mean": 21.196105957, "median": 21.0097942352, "min": 3.10455560684, "var": 46.2425422668}, "melbands_flatness_db": {"dmean": 0.0588186681271, "dmean2": 0.0732035040855, "dvar": 0.00301677174866, "dvar2": 0.00615059491247, "max": 1, "mean": 0.327953666449, "median": 0.308662354946, "min": 0.0279799681157, "var": 0.021305847913}, "melbands_kurtosis": {"dmean": 67.4538040161, "dmean2": 91.7393035889, "dvar": 15911.0996094, "dvar2": 27920.640625, "max": 1556.20043945, "mean": 102.160324097, "median": 36.1232643127, "min": -1.7708209753, "var": 34412.1953125}, "melbands_skewness": {"dmean": 2.32017230988, "dmean2": 3.09663891792, "dvar": 6.42974615097, "dvar2": 10.9684000015, "max": 33.222869873, "mean": 6.09714508057, "median": 4.86339187622, "min": -2.21385455132, "var": 24.1937656403}, "melbands_spread": {"dmean": 8.17170810699, "dmean2": 12.4691228867, "dvar": 187.652435303, "dvar2": 456.847259521, "max": 188.774642944, "mean": 12.1517391205, "median": 5.42887401581, "min": 0.121524974704, "var": 290.346496582}, "pitch_salience": {"dmean": 0.11163637042, "dmean2": 0.172443732619, "dvar": 0.0112554794177, "dvar2": 0.0260130725801, "max": 0.915023744106, "mean": 0.439068615437, "median": 0.46660220623, "min": 0.022309165448, "var": 0.0314585119486}, "silence_rate_20dB": {"dmean": 0, "dmean2": 0, "dvar": 0, "dvar2": 0, "max": 1, "mean": 1, "median": 1, "min": 1, "var": 0}, "silence_rate_30dB": {"dmean": 0.0714207440615, "dmean2": 0.142857149243, "dvar": 0.0663207918406, "dvar2": 0.134931519628, "max": 1, "mean": 0.86319822073, "median": 1, "min": 0, "var": 0.118089936674}, "silence_rate_60dB": {"dmean": 0.0521415285766, "dmean2": 0.104184925556, "dvar": 0.0494205951691, "dvar2": 0.11502879113, "max": 1, "mean": 0.0737130343914, "median": 0, "min": 0, "var": 0.0682781785727}, "spectral_centroid": {"dmean": 363.222808838, "dmean2": 530.315551758, "dvar": 231452.25, "dvar2": 495816.875, "max": 4457.96679688, "mean": 936.537231445, "median": 604.316040039, "min": 91.9632644653, "var": 607940.5625}, "spectral_complexity": {"dmean": 4.90721893311, "dmean2": 7.02037668228, "dvar": 51.3621368408, "dvar2": 104.552009583, "max": 59, "mean": 11.3170862198, "median": 8, "min": 0, "var": 102.167472839}, "spectral_decrease": {"dmean": 4.81521222895e-09, "dmean2": 6.96508895004e-09, "dvar": 4.39715350086e-17, "dvar2": 7.8602764916e-17, "max": -1.80140291875e-20, "mean": -1.22069465647e-08, "median": -9.34783450646e-09, "min": -6.85730867644e-08, "var": 1.42715072505e-16}, "spectral_energy": {"dmean": 0.0189907923341, "dmean2": 0.0275936517864, "dvar": 0.00066279101884, "dvar2": 0.00121305184439, "max": 0.260311335325, "mean": 0.0485307946801, "median": 0.0373590998352, "min": 2.29409373442e-13, "var": 0.00211389921606}, "spectral_energyband_high": {"dmean": 0.00188376987353, "dmean2": 0.00269428920001, "dvar": 1.26704553622e-05, "dvar2": 2.71239696303e-05, "max": 0.0216064080596, "mean": 0.00207908381708, "median": 0.000177308509592, "min": 1.48619235408e-13, "var": 1.68041806319e-05}, "spectral_energyband_low": {"dmean": 0.0151222376153, "dmean2": 0.0212253555655, "dvar": 0.000634502095636, "dvar2": 0.00109834608156, "max": 0.256668537855, "mean": 0.0306801609695, "median": 0.00824638828635, "min": 6.9346235873e-15, "var": 0.00220466312021}, "spectral_energyband_middle_high": {"dmean": 0.00126680743415, "dmean2": 0.00196635210887, "dvar": 6.11973564446e-06, "dvar2": 1.49744982991e-05, "max": 0.0241004917771, "mean": 0.00172840710729, "median": 0.000609672046266, "min": 6.09541849503e-14, "var": 8.1817361206e-06}, "spectral_energyband_middle_low": {"dmean": 0.00794518459588, "dmean2": 0.0120829809457, "dvar": 0.000141046868521, "dvar2": 0.000351285678335, "max": 0.113851502538, "mean": 0.0157726630569, "median": 0.00720235100016, "min": 1.05404229385e-14, "var": 0.000306761590764}, "spectral_entropy": {"dmean": 0.390886127949, "dmean2": 0.516008615494, "dvar": 0.192545875907, "dvar2": 0.348211824894, "max": 8.86322784424, "mean": 7.10117673874, "median": 7.25559616089, "min": 2.78790712357, "var": 1.09770047665}, "spectral_flux": {"dmean": 0.0469259247184, "dmean2": 0.0686208307743, "dvar": 0.00244019669481, "dvar2": 0.00452295178548, "max": 0.425560593605, "mean": 0.104593321681, "median": 0.0834815651178, "min": 0.000104253544123, "var": 0.00556575786322}, "spectral_kurtosis": {"dmean": 7.85934686661, "dmean2": 12.3175125122, "dvar": 924.788391113, "dvar2": 2526.27368164, "max": 851.684204102, "mean": 15.8194074631, "median": 3.32028508186, "min": -1.45315265656, "var": 2961.49780273}, "spectral_rms": {"dmean": 0.00133415218443, "dmean2": 0.00188371154945, "dvar": 2.39018845605e-06, "dvar2": 4.03686453865e-06, "max": 0.0159361939877, "mean": 0.00610329490155, "median": 0.00603720964864, "min": 1.49604151289e-08, "var": 1.00970128187e-05}, "spectral_rolloff": {"dmean": 1060.05883789, "dmean2": 1789.83996582, "dvar": 4775269.5, "dvar2": 10409202, "max": 17205.0292969, "mean": 1234.03930664, "median": 279.931640625, "min": 64.599609375, "var": 5049600.5}, "spectral_skewness": {"dmean": 0.566844880581, "dmean2": 0.804504096508, "dvar": 0.776242434978, "dvar2": 1.78550362587, "max": 25.4172954559, "mean": 2.22124218941, "median": 1.55562055111, "min": -0.152966380119, "var": 6.52575874329}, "spectral_spread": {"dmean": 1211050.875, "dmean2": 1650295.75, "dvar": 2414664744960.0, "dvar2": 4095992922110.0, "max": 20161980, "mean": 5845963, "median": 5237476, "min": 163130.953125, "var": 10525203234800.0}, "spectral_strongpeak": {"dmean": 0.353570491076, "dmean2": 0.544904649258, "dvar": 0.184563070536, "dvar2": 0.383778274059, "max": 6.73428964615, "mean": 0.876983582973, "median": 0.722378730774, "min": 0, "var": 0.506264984608}, "zerocrossingrate": {"dmean": 0.0185028593987, "dmean2": 0.0199709590524, "dvar": 0.000534028920811, "dvar2": 0.000679362972733, "max": 0.50830078125, "mean": 0.0469343625009, "median": 0.03173828125, "min": 0.001953125, "var": 0.00204131240025}, "barkbands": {"dmean": [0.000830372737255, 0.0127104409039, 0.00459491135553, 0.00265331217088, 0.00476431427523, 0.00122303108219, 0.000336802739184, 0.000568845367525, 0.000311892508762, 0.00019057103782, 0.000160990050063, 0.000152232285473, 7.24915298633e-05, 0.000106771287392, 0.000156985595822, 0.000204926604056, 0.00018445533351, 0.000119438882393, 0.000156896276167, 0.000197091838345, 0.000230510311667, 0.000256978499237, 0.000297029444482, 0.000365348416381, 0.000383474602131, 0.000250520533882, 6.02314175921e-05], "dmean2": [0.000924735795707, 0.0163805745542, 0.00734407640994, 0.00457362178713, 0.00704947765917, 0.00192543538287, 0.000540366861969, 0.000878821767401, 0.000492469640449, 0.000303804670693, 0.000251074874541, 0.000253226666246, 0.00011769298726, 0.00017059246602, 0.000251860328717, 0.00034359813435, 0.000287916132947, 0.000188317382708, 0.000267553667072, 0.000330168695655, 0.00034544445225, 0.000385860970709, 0.000427961873356, 0.000540986016858, 0.000540871638805, 0.000357069860911, 9.48481902014e-05], "dvar": [2.77136700788e-06, 0.00055949552916, 9.9482916994e-05, 3.36453049385e-05, 5.48408752366e-05, 7.33984370527e-06, 7.28008387796e-07, 3.30778357238e-06, 1.82956944172e-06, 1.76157442411e-07, 2.58999591551e-07, 8.949021435e-08, 2.82965011422e-08, 9.54862287017e-08, 2.16843091039e-07, 4.22580342274e-07, 1.54837394462e-07, 1.25233441395e-07, 1.52689125343e-07, 1.90391261867e-07, 1.82553733907e-07, 2.4886526262e-07, 3.0063262102e-07, 5.15632393672e-07, 6.35629987755e-07, 2.91737137559e-07, 1.53860000296e-08], "dvar2": [4.6275558816e-06, 0.000759559567086, 0.000271822704235, 9.42192200455e-05, 0.000110432934889, 1.33659141284e-05, 1.91112735592e-06, 6.50733045404e-06, 4.34253752246e-06, 4.31981760585e-07, 6.33454760646e-07, 2.26993606134e-07, 7.06375544723e-08, 2.16836525624e-07, 5.30927934506e-07, 1.10224937089e-06, 3.70358577584e-07, 3.05736620021e-07, 3.97852971901e-07, 5.08838581936e-07, 3.95105246298e-07, 5.81712299663e-07, 6.18363117155e-07, 1.19214064398e-06, 1.40910947266e-06, 6.39810366465e-07, 3.55352582915e-08], "max": [0.0207387655973, 0.247323811054, 0.0798865556717, 0.0428729951382, 0.101465500891, 0.0296242982149, 0.0305623672903, 0.0524753928185, 0.0608377605677, 0.00921901781112, 0.0161549113691, 0.00585742015392, 0.00312061677687, 0.0064578182064, 0.0117196291685, 0.00581554649398, 0.00652702711523, 0.0098691675812, 0.00310558453202, 0.00396518642083, 0.00275250757113, 0.00500817317516, 0.00527494587004, 0.0064070741646, 0.00604711798951, 0.00365266297013, 0.000830284494441], "mean": [0.00124250294175, 0.0223871450871, 0.00536543363705, 0.00306908600032, 0.00899601262063, 0.00208756816573, 0.000396255549276, 0.000777890789323, 0.000363430357538, 0.000257708743447, 0.000179597875103, 0.000178029833478, 8.23110021884e-05, 0.000112486071885, 0.000158495357027, 0.000207669480005, 0.000244598428253, 0.000138705028803, 0.0001406329975, 0.000192365158, 0.000253947859164, 0.000268351344857, 0.00031143106753, 0.000388245447539, 0.000417245173594, 0.000257150619291, 5.6518598285e-05], "median": [2.10348753171e-05, 0.00202690181322, 0.00172071740963, 0.000804338837042, 0.00165254599415, 0.000409441126976, 0.000102791789686, 0.000136717193527, 9.47448424995e-05, 7.65106233303e-05, 3.88917833334e-05, 4.49952567578e-05, 1.57859285537e-05, 1.79468224815e-05, 1.2309315025e-05, 2.01502989512e-05, 4.2555075197e-05, 1.8016933609e-05, 1.69878712768e-05, 2.33086830121e-05, 2.80310450762e-05, 2.35464394791e-05, 2.15643322008e-05, 1.83226475201e-05, 9.31416434469e-06, 4.28000566899e-06, 8.47044077545e-07], "min": [2.27929451029e-15, 3.40585934157e-15, 1.78381856439e-15, 1.01637135055e-15, 1.7865580807e-15, 3.73984951487e-15, 2.64308838488e-15, 1.15822088774e-15, 1.90105665932e-16, 7.02466657773e-17, 2.00249409577e-15, 1.09128768779e-14, 6.41748371498e-15, 2.39433132541e-15, 3.20588883877e-15, 1.6066939166e-15, 1.04996128911e-14, 4.60878842821e-15, 1.42676974022e-14, 6.53857512161e-15, 2.47863609113e-15, 1.98911525272e-14, 3.10241300694e-14, 2.51487554875e-14, 1.21682805027e-14, 1.87224232428e-14, 3.79427663334e-14], "var": [6.78460446579e-06, 0.00189877476078, 8.35460523376e-05, 2.81421671389e-05, 0.000171825595316, 2.15757772821e-05, 7.38779760923e-07, 8.49634398037e-06, 1.93604910237e-06, 3.24752193137e-07, 2.65452342774e-07, 1.13829344173e-07, 3.36996386352e-08, 1.12667592589e-07, 2.60420051745e-07, 3.97652712536e-07, 2.31809195839e-07, 1.34336914925e-07, 1.30456839997e-07, 1.79606061579e-07, 2.26672639769e-07, 2.87286127332e-07, 3.91006807376e-07, 6.43557143576e-07, 8.44647104259e-07, 3.67704330984e-07, 1.86934272506e-08]}, "erbbands": {"dmean": [0.547476112843, 2.36109733582, 5.05928230286, 7.15070390701, 12.617020607, 16.8411903381, 16.1780357361, 6.3214263916, 4.96845197678, 6.56655931473, 13.276008606, 6.90348625183, 5.27103424072, 7.47060441971, 5.49846839905, 6.74039125443, 3.51121544838, 5.04435491562, 5.95092773438, 7.9779291153, 12.8128252029, 10.1282062531, 6.42680883408, 8.38501167297, 7.25171327591, 8.90025043488, 10.6093645096, 7.75322389603, 10.0593109131, 10.1088962555, 7.69453191757, 7.61108493805, 5.93738746643, 4.82382917404, 2.44194722176, 1.18619811535, 0.380889415741, 0.0911277979612, 0.0119429109618, 0.000397321186028], "dmean2": [0.622322738171, 3.34211039543, 7.84800815582, 12.2302904129, 20.3301372528, 24.220703125, 24.4593715668, 10.191239357, 7.67562055588, 10.4716081619, 20.8743247986, 11.0407495499, 8.5521812439, 11.7988948822, 8.556640625, 11.2446279526, 5.63801813126, 8.30413341522, 9.38493156433, 12.5501775742, 21.5664081573, 15.3443145752, 9.71835899353, 13.9741926193, 12.3741931915, 14.8314237595, 16.0944080353, 11.7354059219, 15.6103143692, 15.1377134323, 11.0428228378, 11.1939659119, 8.76397895813, 7.0578660965, 3.48569536209, 1.74687182903, 0.523684382439, 0.130844578147, 0.0190822687, 0.000640166748781], "dvar": [1.33853757381, 19.820306778, 120.745140076, 248.589767456, 585.371154785, 988.972290039, 1183.71813965, 172.300842285, 107.704452515, 422.615661621, 2299.11523438, 572.667663574, 218.935256958, 360.662261963, 422.625427246, 192.27935791, 60.5928688049, 164.679122925, 235.912033081, 455.700408936, 1872.94165039, 463.648376465, 328.106842041, 425.529968262, 320.364013672, 373.45111084, 433.954467773, 231.225296021, 432.592285156, 378.003326416, 204.028823853, 206.209136963, 138.11769104, 100.222084045, 25.1400279999, 6.13000249863, 0.69600045681, 0.0329281464219, 0.000633236777503, 6.93246818173e-07], "dvar2": [1.4857814312, 35.0202674866, 311.574401855, 699.677612305, 1384.29101562, 1905.5, 1895.86022949, 374.406921387, 254.624832153, 1040.02270508, 4931.49072266, 1476.7454834, 580.971252441, 854.18157959, 1054.88391113, 494.869415283, 148.586074829, 410.233154297, 550.748779297, 1146.66418457, 4918.77050781, 1065.82641602, 753.652587891, 1097.10083008, 851.009338379, 1006.33532715, 927.568115234, 546.893005371, 1032.9942627, 860.562988281, 405.602630615, 454.41293335, 319.476379395, 232.595016479, 51.2845993042, 13.7243537903, 1.49589288235, 0.0682701617479, 0.00151994661428, 1.68010228663e-06], "max": [10.6734895706, 46.2134819031, 87.218711853, 117.725456238, 204.971572876, 609.251708984, 404.361419678, 246.486053467, 178.273254395, 989.539367676, 1381.4720459, 968.706359863, 549.169494629, 371.621002197, 671.180786133, 254.229660034, 147.446609497, 168.858230591, 209.940170288, 531.291259766, 391.988067627, 455.377593994, 535.329650879, 174.0234375, 142.591674805, 174.495285034, 148.099990845, 147.596817017, 195.531066895, 158.619308472, 152.401580811, 145.422973633, 90.8506546021, 77.8501358032, 34.7047920227, 15.678153038, 5.9960603714, 1.28582489491, 0.137820363045, 0.00644646352157], "mean": [0.864967405796, 4.12946939468, 6.50372505188, 9.04956912994, 20.3098239899, 31.5818939209, 28.9921474457, 10.4764413834, 6.75305557251, 8.06627178192, 18.5369949341, 8.97689247131, 7.01187705994, 9.59241771698, 6.64490318298, 7.88261127472, 4.23749732971, 5.53655147552, 6.20509576797, 8.79250621796, 12.5956983566, 14.0490674973, 8.39341259003, 7.97467660904, 6.75074768066, 8.71821498871, 11.6003732681, 8.58165168762, 10.3704481125, 10.0052480698, 8.29125785828, 8.07431316376, 6.43995141983, 5.20458078384, 2.68329691887, 1.19278204441, 0.412506461143, 0.0967055261135, 0.0108773345128, 0.000417285191361], "median": [0.0472108311951, 0.445608437061, 2.42582511902, 4.32528400421, 3.14409971237, 5.47115659714, 6.6234703064, 3.11037993431, 2.02616643906, 2.28807377815, 2.70449924469, 2.62553930283, 2.7217040062, 1.85208439827, 1.72136831284, 1.92765188217, 0.988914012909, 1.08793568611, 0.888504624367, 0.881323456764, 1.40542817116, 2.45211315155, 1.41333651543, 1.03337359428, 0.836534023285, 1.08445572853, 1.16399097443, 1.00350630283, 0.746939539909, 0.788035094738, 0.568991661072, 0.446405470371, 0.265041410923, 0.120486266911, 0.0596707835793, 0.0243088267744, 0.00562665611506, 0.000993716530502, 0.000173021966475, 5.76887250645e-05], "min": [1.2594662997e-13, 6.78164447342e-13, 1.93369495763e-12, 3.06688311899e-12, 3.28283819399e-12, 6.24311409861e-12, 1.84321655161e-11, 3.35970175291e-11, 3.86025170163e-11, 3.48629354552e-11, 1.9797096254e-11, 4.98516505854e-12, 1.56328281483e-12, 1.81980229497e-11, 1.71762659651e-10, 4.68544814058e-10, 3.28960636509e-10, 1.11569149752e-10, 1.79276746226e-10, 1.11592284024e-10, 1.52088064365e-10, 6.18349815795e-10, 2.41922065713e-10, 9.69802127493e-10, 3.81363940427e-10, 2.42659614624e-10, 1.4409155813e-10, 1.16012421891e-10, 5.42968003892e-10, 1.49676537831e-09, 5.63484314764e-10, 2.4745985816e-10, 5.79302217307e-10, 1.87365137294e-10, 6.96961238722e-11, 5.78903106008e-11, 4.20303410131e-11, 3.32858220153e-11, 5.14399937576e-12, 3.06320263209e-13], "var": [3.86180257797, 57.7660675049, 120.343429565, 194.876296997, 1345.95715332, 3077.48510742, 3859.24902344, 366.706268311, 164.546066284, 474.60559082, 6287.97998047, 637.821166992, 249.056411743, 624.180725098, 405.107025146, 238.887130737, 77.4980316162, 191.307495117, 275.686431885, 553.218505859, 1573.56738281, 780.984191895, 395.110321045, 399.317687988, 286.086212158, 351.264801025, 520.668884277, 272.890441895, 467.102752686, 426.59475708, 275.116821289, 261.559936523, 178.680053711, 129.338317871, 34.9911270142, 7.36123418808, 0.943680882454, 0.0473636426032, 0.000668448337819, 8.47896103551e-07]}, "gfcc": {"mean": [-55.0933151245, 87.6801452637, -69.0149612427, 37.4149780273, -53.6096801758, 9.88186645508, -32.3970947266, 2.19863605499, -21.9610652924, -8.40781021118, -16.6759185791, -2.5256998539, -7.73224782944], "cov": [[13842.0605469, -5795.40039062, -190.187026978, 965.18939209, -554.024291992, 786.975341797, -534.346008301, 649.581359863, -573.830566406, 467.820037842, -658.575500488, 384.381317139, -371.06036377], [-5795.40039062, 4383.79296875, -329.963104248, -668.589477539, 534.948486328, -450.601379395, 461.18270874, -297.318481445, 412.366729736, -360.521392822, 418.057373047, -266.175201416, 256.341918945], [-190.187026978, -329.963104248, 2658.35839844, 404.03314209, -131.829055786, 27.5881576538, -37.7349281311, -63.044178009, -244.794662476, 249.153411865, -74.1933441162, 132.302764893, -1.60885298252], [965.18939209, -668.589477539, 404.03314209, 958.016784668, 420.787017822, 405.276916504, 211.723999023, 231.768814087, 209.811813354, 149.215774536, 11.6960859299, 8.69082260132, -17.734954834], [-554.024291992, 534.948486328, -131.829055786, 420.787017822, 949.312072754, 359.296081543, 368.770477295, 200.768386841, 342.339935303, 27.7363910675, 105.762626648, -118.90297699, 21.4754238129], [786.975341797, -450.601379395, 27.5881576538, 405.276916504, 359.296081543, 592.950134277, 283.22644043, 221.393920898, 172.053283691, 120.609527588, 36.8547821045, -10.2977981567, -46.0318832397], [-534.346008301, 461.18270874, -37.7349281311, 211.723999023, 368.770477295, 283.22644043, 481.136047363, 191.888183594, 262.135284424, 72.6172943115, 116.953674316, -53.7856063843, 10.1262664795], [649.581359863, -297.318481445, -63.044178009, 231.768814087, 200.768386841, 221.393920898, 191.888183594, 325.720153809, 182.730773926, 117.179260254, 41.2201957703, 11.0561676025, -39.24061203], [-573.830566406, 412.366729736, -244.794662476, 209.811813354, 342.339935303, 172.053283691, 262.135284424, 182.730773926, 401.891082764, 84.4589233398, 149.032348633, -52.6013374329, 40.9932441711], [467.820037842, -360.521392822, 249.153411865, 149.215774536, 27.7363910675, 120.609527588, 72.6172943115, 117.179260254, 84.4589233398, 273.117980957, 76.105758667, 79.0513916016, -1.18183898926], [-658.575500488, 418.057373047, -74.1933441162, 11.6960859299, 105.762626648, 36.8547821045, 116.953674316, 41.2201957703, 149.032348633, 76.105758667, 195.113723755, 8.37362766266, 45.6845626831], [384.381317139, -266.175201416, 132.302764893, 8.69082260132, -118.90297699, -10.2977981567, -53.7856063843, 11.0561676025, -52.6013374329, 79.0513916016, 8.37362766266, 149.36756897, 33.4131889343], [-371.06036377, 256.341918945, -1.60885298252, -17.734954834, 21.4754238129, -46.0318832397, 10.1262664795, -39.24061203, 40.9932441711, -1.18183898926, 45.6845626831, 33.4131889343, 105.767150879]], "icov": [[0.000193668049178, 0.000127924038679, 9.50801550061e-05, -8.80595471244e-05, 2.57419051195e-05, -0.000119177675515, 0.000113466376206, -0.000307955022436, 0.000259391788859, -0.000191770435777, 0.000315776705975, -9.02401588974e-05, -3.66986023437e-05], [0.000127924038679, 0.00113836105447, -0.000219667694182, 0.000661598925944, -0.000509988458361, 0.000775161257479, -0.00103555910755, 0.00060150353238, -0.000571346434299, 0.00129037234001, -0.00142194912769, 0.00044432838331, -0.000729687802959], [9.50801550061e-05, -0.000219667694182, 0.000671375717502, -0.000582243024837, 0.000161357311299, -0.000104226273834, 8.14699815237e-05, -0.000124451165902, 0.000933320901822, -0.00113285484258, 0.000725440215319, -0.000150986248627, 6.40977214061e-06], [-8.80595471244e-05, 0.000661598925944, -0.000582243024837, 0.0025006858632, -0.000859785883222, -0.000233732163906, -0.000409151078202, 0.00029359688051, -0.00143948302139, 0.000948198256083, -0.000550735800061, 3.71261376131e-05, -0.000486347475089], [2.57419051195e-05, -0.000509988458361, 0.000161357311299, -0.000859785883222, 0.00242678774521, -0.00102412782144, 5.4368385463e-05, -0.000604983535595, -0.00028166588163, -0.000343378284015, 0.000687204999849, 0.00101233110763, -0.000494804233313], [-0.000119177675515, 0.000775161257479, -0.000104226273834, -0.000233732163906, -0.00102412782144, 0.00429349765182, -0.00234454753809, 0.000393121445086, -0.00029193185037, 0.000574249308556, -0.00120200298261, -0.000113308400614, 0.0007838231395], [0.000113466376206, -0.00103555910755, 8.14699815237e-05, -0.000409151078202, 5.4368385463e-05, -0.00234454753809, 0.00583518808708, -0.00222873641178, -0.000311181123834, -0.00120391312521, 0.000712286448106, 0.000430218089605, 8.71322845342e-05], [-0.000307955022436, 0.00060150353238, -0.000124451165902, 0.00029359688051, -0.000604983535595, 0.000393121445086, -0.00222873641178, 0.00775027787313, -0.00337989791296, 0.000158549257321, -0.000548046198674, -0.00178895273712, 0.00300548202358], [0.000259391788859, -0.000571346434299, 0.000933320901822, -0.00143948302139, -0.00028166588163, -0.00029193185037, -0.000311181123834, -0.00337989791296, 0.00850961916149, -0.00258748186752, -0.00129591568839, 0.00252868584357, -0.00279262498952], [-0.000191770435777, 0.00129037234001, -0.00113285484258, 0.000948198256083, -0.000343378284015, 0.000574249308556, -0.00120391312521, 0.000158549257321, -0.00258748186752, 0.00913895200938, -0.00480698561296, -0.00260394252837, 0.000839206622913], [0.000315776705975, -0.00142194912769, 0.000725440215319, -0.000550735800061, 0.000687204999849, -0.00120200298261, 0.000712286448106, -0.000548046198674, -0.00129591568839, -0.00480698561296, 0.0122054107487, -0.00161944574211, -0.000773160893004], [-9.02401588974e-05, 0.00044432838331, -0.000150986248627, 3.71261376131e-05, 0.00101233110763, -0.000113308400614, 0.000430218089605, -0.00178895273712, 0.00252868584357, -0.00260394252837, -0.00161944574211, 0.0127942431718, -0.00670085614547], [-3.66986023437e-05, -0.000729687802959, 6.40977214061e-06, -0.000486347475089, -0.000494804233313, 0.0007838231395, 8.71322845342e-05, 0.00300548202358, -0.00279262498952, 0.000839206622913, -0.000773160893004, -0.00670085614547, 0.0161039400846]]}, "melbands": {"dmean": [0.00402592681348, 0.00250206515193, 0.00132828182541, 0.00109876052011, 0.000587813789025, 0.000159847695613, 7.40270988899e-05, 8.05820163805e-05, 0.0001060077484, 4.06826984545e-05, 2.61718378169e-05, 2.98182021652e-05, 1.82291860256e-05, 1.72582931555e-05, 1.32567020046e-05, 7.16433532943e-06, 1.01916166386e-05, 8.39966924104e-06, 1.39026851684e-05, 1.12430407171e-05, 1.55186316988e-05, 1.10041855805e-05, 8.31282886793e-06, 4.95660424349e-06, 7.18700357538e-06, 5.79273910262e-06, 4.87466422783e-06, 6.53579536447e-06, 7.84975873103e-06, 5.07299182573e-06, 4.12662848248e-06, 6.37436232864e-06, 4.31269791079e-06, 6.20476566837e-06, 4.18313493356e-06, 4.95545737067e-06, 4.42258215116e-06, 3.7809791138e-06, 3.99894406655e-06, 4.56076668343e-06], "dmean2": [0.00459771882743, 0.00391918933019, 0.00222821626812, 0.00162096053828, 0.000877441256307, 0.000255465623923, 0.000115444061521, 0.000126525279484, 0.000167646634509, 6.52227390674e-05, 4.23493984272e-05, 4.70929117e-05, 2.84641100734e-05, 2.80060430669e-05, 2.20294605242e-05, 1.19095975606e-05, 1.67089856404e-05, 1.32544264488e-05, 2.2385866032e-05, 1.86405359273e-05, 2.63951296802e-05, 1.70407874975e-05, 1.28949877762e-05, 7.92521859694e-06, 1.21599323393e-05, 1.00323213701e-05, 8.3246277427e-06, 1.10165165097e-05, 1.18944453789e-05, 7.63203206589e-06, 6.42321356281e-06, 1.02585609056e-05, 6.70957751936e-06, 9.26470056584e-06, 6.1078935687e-06, 7.20335629012e-06, 6.55452822684e-06, 5.66386961509e-06, 5.94435141466e-06, 6.80748007653e-06], "dvar": [6.10595743638e-05, 2.57956307905e-05, 7.90900685388e-06, 3.3845760754e-06, 1.17748356843e-06, 1.04090190689e-07, 2.4858021419e-08, 5.65649997952e-08, 1.58413811846e-07, 2.01009839884e-08, 5.28076826711e-09, 5.6916711344e-09, 3.71288866319e-09, 1.40222056189e-09, 9.1459612106e-10, 2.72075417751e-10, 7.45089934195e-10, 6.0625143794e-10, 2.11699346941e-09, 1.04670394574e-09, 3.06855540977e-09, 6.16057427294e-10, 7.19546533468e-10, 1.45356213177e-10, 3.23756799148e-10, 2.01956201762e-10, 1.65161676002e-10, 2.02047253928e-10, 2.50307718996e-10, 8.48454639879e-11, 7.80584208382e-11, 1.79055339999e-10, 7.08978570296e-11, 1.47266004946e-10, 6.1804408813e-11, 8.8616732008e-11, 7.28221510871e-11, 5.58739408907e-11, 6.61072169228e-11, 1.02075320418e-10], "dvar2": [6.92617541063e-05, 6.43729945295e-05, 2.21372793021e-05, 7.00582631907e-06, 2.04554953598e-06, 2.17191001184e-07, 6.01573759695e-08, 1.3265788823e-07, 3.71220380657e-07, 5.11758422306e-08, 1.39710083502e-08, 1.347094436e-08, 9.30038801528e-09, 3.43569594996e-09, 2.38959541043e-09, 6.57160714734e-10, 1.80103387759e-09, 1.39765232721e-09, 5.19665022125e-09, 2.70283884163e-09, 8.12945799566e-09, 1.47098233594e-09, 1.63523039554e-09, 3.16904585906e-10, 8.46487879791e-10, 5.35650912514e-10, 4.49491444066e-10, 5.5087295836e-10, 5.28748489437e-10, 1.93944860172e-10, 1.89898999303e-10, 4.17749945747e-10, 1.67831609721e-10, 3.31438820833e-10, 1.27875515732e-10, 1.83305995383e-10, 1.63495467165e-10, 1.2362974533e-10, 1.57663410105e-10, 2.4209040328e-10], "max": [0.08116029948, 0.0432923361659, 0.0205948017538, 0.0230051241815, 0.0121004739776, 0.00479401880875, 0.00344831123948, 0.0102583765984, 0.0126576209441, 0.0051693781279, 0.00266728713177, 0.00147946283687, 0.00197387486696, 0.000791999627836, 0.000674070324749, 0.000429664738476, 0.000401584780775, 0.000473526248243, 0.00128183444031, 0.000503478746396, 0.000503287068568, 0.00053039129125, 0.000961751851719, 0.000136837086757, 0.000150723135448, 9.87795938272e-05, 0.000125616046716, 0.000124301252072, 0.00011678696319, 6.94517075317e-05, 0.000101559184259, 0.000115165428724, 0.000114278962428, 0.000102763442555, 8.94410113688e-05, 9.65208892012e-05, 8.3015904238e-05, 7.59146787459e-05, 5.81824533583e-05, 8.4396386228e-05], "mean": [0.00684848707169, 0.00410056579858, 0.00181652163155, 0.00198429636657, 0.00108264351729, 0.0002668677771, 9.72220441326e-05, 9.87046587397e-05, 0.000146579914144, 5.04491290485e-05, 3.34696742357e-05, 3.82243488275e-05, 2.11035276152e-05, 2.06204786082e-05, 1.49430543388e-05, 8.1252264863e-06, 1.08277154141e-05, 8.53847177495e-06, 1.40425690915e-05, 1.25179030874e-05, 1.41614727909e-05, 1.45355161294e-05, 1.11607687359e-05, 5.87739486946e-06, 6.55979965813e-06, 4.98414283356e-06, 4.73856471217e-06, 6.19398406343e-06, 8.06270691101e-06, 5.81250742471e-06, 4.35471611127e-06, 6.47865954306e-06, 4.49506524092e-06, 5.98820770392e-06, 4.4181897465e-06, 5.29685485162e-06, 4.63262267658e-06, 4.21759386882e-06, 4.21443610321e-06, 4.81290908283e-06], "median": [0.000559211475775, 0.0011475738138, 0.000817470368929, 0.000298821774777, 0.000271111319307, 7.30873507564e-05, 2.7225471058e-05, 2.53417601925e-05, 1.93770792976e-05, 1.50932100951e-05, 1.2106160284e-05, 6.20745049673e-06, 5.2182381296e-06, 5.35060826223e-06, 3.34737023877e-06, 1.45170429278e-06, 1.90997775462e-06, 1.33642038236e-06, 8.79199262727e-07, 1.27774978864e-06, 1.43802787989e-06, 2.44375905822e-06, 1.89471541034e-06, 7.65782601775e-07, 7.74927343627e-07, 5.3730025229e-07, 5.90535364609e-07, 7.0338671776e-07, 7.10438598617e-07, 7.24643200556e-07, 4.71531933499e-07, 3.83447058994e-07, 4.1887557245e-07, 4.16311053186e-07, 2.78196409909e-07, 2.94542672918e-07, 2.49079164405e-07, 1.90702508007e-07, 1.32437122602e-07, 9.40413826811e-08], "min": [1.1449233175e-15, 9.94562581502e-16, 5.39923840991e-16, 3.03482508229e-16, 5.82664594114e-16, 7.52856118409e-16, 5.8272637458e-16, 3.57743385891e-16, 1.36339508451e-16, 2.33626609191e-17, 5.2309785244e-18, 4.61363163025e-17, 3.92501779928e-16, 1.08982414191e-15, 1.2363161608e-15, 4.2995953562e-16, 1.8277323258e-16, 2.94152122678e-16, 2.26684942578e-16, 7.56450251258e-17, 1.81482288194e-16, 6.67000170661e-16, 3.6219682043e-16, 2.17903328497e-16, 9.21127048436e-16, 2.84744286552e-16, 3.13868826229e-16, 1.1419141006e-16, 9.92978510776e-17, 7.06963277757e-17, 5.72799810183e-17, 2.40846512893e-16, 5.38005205487e-16, 9.83938353123e-16, 3.50987398164e-16, 1.2417647267e-16, 1.34634695826e-16, 4.86899896131e-16, 2.72529594996e-16, 1.09443929357e-16], "var": [0.000203907111427, 3.85087332688e-05, 6.99196334608e-06, 1.03141064756e-05, 3.7807778881e-06, 2.51860569733e-07, 3.49387896392e-08, 7.15665393614e-08, 4.01736201638e-07, 2.0117703059e-08, 6.02911809366e-09, 1.04374890952e-08, 3.56760554432e-09, 1.73470482423e-09, 1.01067065827e-09, 3.74033470862e-10, 8.60605808839e-10, 6.5120836501e-10, 2.61369148546e-09, 1.18700516083e-09, 2.39195041551e-09, 9.50258538523e-10, 8.19736889479e-10, 2.09241957094e-10, 2.86187296084e-10, 1.66956032333e-10, 1.51527915215e-10, 1.80774936687e-10, 2.96527663535e-10, 1.06647371489e-10, 8.55516213427e-11, 1.9118943928e-10, 7.90714577148e-11, 1.64862401508e-10, 7.96966312389e-11, 1.17223189489e-10, 9.04440133898e-11, 7.63423352312e-11, 7.82643047592e-11, 1.25616642088e-10]}, "mfcc": {"mean": [-710.525878906, 118.694198608, 39.716293335, 31.0838069916, 9.67126655579, 7.84141921997, 1.55446314812, 7.44576597214, 1.33393597603, -3.39625620842, -6.92928981781, 1.56115579605, -4.26474428177], "cov": [[11948.2197266, -4161.76171875, -644.325744629, -74.7060852051, -20.918012619, 104.166625977, 48.0528869629, 56.938533783, 295.979217529, 4.12371301651, 2.53960752487, -25.5162754059, 2.6441962719], [-4161.76171875, 3295.26733398, -311.160552979, -187.446411133, -104.334327698, -180.22277832, 1.88852214813, 48.8154602051, -131.11541748, -7.92183113098, -13.4562644958, 27.1370830536, -41.9206733704], [-644.325744629, -311.160552979, 2067.86279297, 398.862304688, -7.40837049484, 84.8095397949, 46.0096206665, -210.818649292, -112.696907043, -108.662063599, -62.5754547119, -67.5330886841, -18.0955085754], [-74.7060852051, -187.446411133, 398.862304688, 617.818969727, 307.922485352, 193.730728149, 128.890396118, 96.5501403809, 158.258117676, 115.296447754, 116.816604614, 83.5249099731, 46.5252952576], [-20.918012619, -104.334327698, -7.40837049484, 307.922485352, 564.84753418, 262.109954834, 165.107223511, 158.051315308, 197.756286621, 144.553100586, 143.723922729, 67.4739532471, 26.9750976562], [104.166625977, -180.22277832, 84.8095397949, 193.730728149, 262.109954834, 449.324645996, 246.43939209, 174.383407593, 184.630630493, 149.175048828, 151.076446533, 97.506980896, 59.4332199097], [48.0528869629, 1.88852214813, 46.0096206665, 128.890396118, 165.107223511, 246.43939209, 303.18548584, 173.01399231, 144.521057129, 133.729263306, 128.628387451, 69.2598190308, 49.2845802307], [56.938533783, 48.8154602051, -210.818649292, 96.5501403809, 158.051315308, 174.383407593, 173.01399231, 311.641021729, 190.474716187, 165.857437134, 128.056213379, 94.2337799072, 42.405921936], [295.979217529, -131.11541748, -112.696907043, 158.258117676, 197.756286621, 184.630630493, 144.521057129, 190.474716187, 316.69140625, 129.367385864, 145.470336914, 116.843711853, 59.3436508179], [4.12371301651, -7.92183113098, -108.662063599, 115.296447754, 144.553100586, 149.175048828, 133.729263306, 165.857437134, 129.367385864, 310.979980469, 212.121856689, 81.0796813965, 64.3562240601], [2.53960752487, -13.4562644958, -62.5754547119, 116.816604614, 143.723922729, 151.076446533, 128.628387451, 128.056213379, 145.470336914, 212.121856689, 231.070785522, 108.674224854, 75.8446350098], [-25.5162754059, 27.1370830536, -67.5330886841, 83.5249099731, 67.4739532471, 97.506980896, 69.2598190308, 94.2337799072, 116.843711853, 81.0796813965, 108.674224854, 145.511581421, 78.6697845459], [2.6441962719, -41.9206733704, -18.0955085754, 46.5252952576, 26.9750976562, 59.4332199097, 49.2845802307, 42.405921936, 59.3436508179, 64.3562240601, 75.8446350098, 78.6697845459, 118.428924561]], "icov": [[0.000169782710145, 0.00022658877424, 8.08359691291e-05, 2.27610598813e-05, 6.04746710451e-05, 8.12085709185e-05, -0.000140269417898, 2.56144303421e-05, -0.000116976931167, 1.55808265845e-05, 2.25992826017e-05, -1.79612616193e-05, 0.000122105528135], [0.00022658877424, 0.000643495295662, 0.000132594825118, 9.27393630263e-05, 3.74199589714e-05, 0.000342004408594, -0.00038702294114, -0.000110681998194, 0.000139889671118, 4.49107792519e-05, -1.89502916328e-05, -0.000412019115174, 0.00041841249913], [8.08359691291e-05, 0.000132594825118, 0.000759655667935, -0.000650817761198, 0.000309452530928, -0.000191897488548, -0.000412269320805, 0.000576700491365, 0.000159020317369, 0.000229910132475, -8.78233258845e-05, 0.000301145715639, 5.93436561758e-05], [2.27610598813e-05, 9.27393630263e-05, -0.000650817761198, 0.00299845123664, -0.00133858749177, 0.000136712478707, 1.645930206e-05, -2.84007364826e-05, -0.000504219729919, -0.000547848467249, 0.000388211512472, -0.00108629371971, 1.78813534149e-05], [6.04746710451e-05, 3.74199589714e-05, 0.000309452530928, -0.00133858749177, 0.00338633800857, -0.00116199359763, 1.94229050976e-05, -0.00011020693637, -0.000819047330879, 0.000179769660463, -0.000888938317075, 0.0010909558041, 0.000585574423894], [8.12085709185e-05, 0.000342004408594, -0.000191897488548, 0.000136712478707, -0.00116199359763, 0.0051900614053, -0.00297181447968, -0.000208975863643, -0.000345053471392, -0.000169977894984, -9.39931633184e-05, -0.00125430070329, 0.000166503479704], [-0.000140269417898, -0.00038702294114, -0.000412269320805, 1.645930206e-05, 1.94229050976e-05, -0.00297181447968, 0.00769209861755, -0.00250309589319, -0.000232865364524, 0.000308092538035, -0.00164568435866, 0.00162758375518, -0.00109912734479], [2.56144303421e-05, -0.000110681998194, 0.000576700491365, -2.84007364826e-05, -0.00011020693637, -0.000208975863643, -0.00250309589319, 0.00782688613981, -0.00254368060268, -0.00299482210539, 0.00235768849961, -0.00207488262095, 0.00119902635925], [-0.000116976931167, 0.000139889671118, 0.000159020317369, -0.000504219729919, -0.000819047330879, -0.000345053471392, -0.000232865364524, -0.00254368060268, 0.00728484336287, 0.0011883060215, -0.00202958262525, -0.00246226554736, 0.000281267391983], [1.55808265845e-05, 4.49107792519e-05, 0.000229910132475, -0.000547848467249, 0.000179769660463, -0.000169977894984, 0.000308092538035, -0.00299482210539, 0.0011883060215, 0.0104576228186, -0.00973122660071, 0.00323336059228, -0.000939638004638], [2.25992826017e-05, -1.89502916328e-05, -8.78233258845e-05, 0.000388211512472, -0.000888938317075, -9.39931633184e-05, -0.00164568435866, 0.00235768849961, -0.00202958262525, -0.00973122660071, 0.0178032834083, -0.0061924373731, -0.00106587610207], [-1.79612616193e-05, -0.000412019115174, 0.000301145715639, -0.00108629371971, 0.0010909558041, -0.00125430070329, 0.00162758375518, -0.00207488262095, -0.00246226554736, 0.00323336059228, -0.0061924373731, 0.0173728838563, -0.00732396217063], [0.000122105528135, 0.00041841249913, 5.93436561758e-05, 1.78813534149e-05, 0.000585574423894, 0.000166503479704, -0.00109912734479, 0.00119902635925, 0.000281267391983, -0.000939638004638, -0.00106587610207, -0.00732396217063, 0.0143198734149]]}, "spectral_contrast_coeffs": {"dmean": [0.0636349022388, 0.0526629686356, 0.0435133948922, 0.0323066674173, 0.0274269003421, 0.0245225578547], "dmean2": [0.0958058089018, 0.0844312757254, 0.0675470381975, 0.0516829788685, 0.0420574434102, 0.0358533114195], "dvar": [0.0034582358785, 0.00204635155387, 0.00135703443084, 0.00071336585097, 0.000564770307392, 0.000519657798577], "dvar2": [0.0071156648919, 0.00478044617921, 0.00314725469798, 0.00165838084649, 0.00123094732407, 0.00111992296297], "max": [-0.234571188688, -0.31193035841, -0.480626761913, -0.548597633839, -0.599696695805, -0.634979724884], "mean": [-0.559410452843, -0.736398696899, -0.786392509937, -0.810455858707, -0.806252479553, -0.79316174984], "median": [-0.571021735668, -0.747733831406, -0.797712504864, -0.817188858986, -0.813499748707, -0.795471251011], "min": [-0.918922245502, -0.972538053989, -0.951519072056, -0.977250397205, -0.972043812275, -0.962564468384], "var": [0.0161259062588, 0.00903757475317, 0.00528205465525, 0.00289527978748, 0.00236661639065, 0.00218901969492]}, "spectral_contrast_valleys": {"dmean": [0.566781401634, 0.531211137772, 0.513838887215, 0.508048534393, 0.547456562519, 0.720089972019], "dmean2": [0.88303488493, 0.808746337891, 0.765229225159, 0.707040965557, 0.708934009075, 0.863272964954], "dvar": [0.360794574022, 0.302240222692, 0.242252007127, 0.317408144474, 0.443938404322, 0.75468146801], "dvar2": [0.777337253094, 0.651091516018, 0.523469090462, 0.641119837761, 0.882573306561, 1.36354482174], "max": [-5.12354755402, -4.66410398483, -5.17051172256, -5.8481388092, -5.45761394501, -7.33421897888], "mea