{"lowlevel": {"average_loudness": 0.600953519344, "barkbands_crest": {"dmean": 2.39138579369, "dmean2": 3.74825549126, "dvar": 4.77062320709, "dvar2": 11.6624479294, "max": 26.1066226959, "mean": 13.477221489, "median": 12.8835010529, "min": 3.88106012344, "var": 18.6279277802}, "barkbands_flatness_db": {"dmean": 0.0233403574675, "dmean2": 0.0349517315626, "dvar": 0.000565716938581, "dvar2": 0.00115973968059, "max": 0.557954132557, "mean": 0.276793897152, "median": 0.274785667658, "min": 0.0562692433596, "var": 0.00505344104022}, "barkbands_kurtosis": {"dmean": 4.34216403961, "dmean2": 6.58639812469, "dvar": 45.3849372864, "dvar2": 101.985076904, "max": 107.621841431, "mean": 9.7878408432, "median": 5.22070026398, "min": -1.91800451279, "var": 163.09815979}, "barkbands_skewness": {"dmean": 0.588387906551, "dmean2": 0.865972816944, "dvar": 0.392451614141, "dvar2": 0.866977870464, "max": 9.62185573578, "mean": 1.8354293108, "median": 1.6948312521, "min": -5.33591842651, "var": 2.66696357727}, "barkbands_spread": {"dmean": 1.68978941441, "dmean2": 2.59549427032, "dvar": 5.7147192955, "dvar2": 14.0241641998, "max": 60.5961227417, "mean": 6.83223152161, "median": 5.84986305237, "min": 0.287973046303, "var": 23.064458847}, "dissonance": {"dmean": 0.0304652322084, "dmean2": 0.0503299310803, "dvar": 0.000828825344797, "dvar2": 0.00215381244197, "max": 0.499858349562, "mean": 0.381404578686, "median": 0.38377648592, "min": 0.121157512069, "var": 0.00278642680496}, "dynamic_complexity": 4.39828443527, "erbbands_crest": {"dmean": 2.6383972168, "dmean2": 3.82915067673, "dvar": 7.26647806168, "dvar2": 14.9919719696, "max": 34.6423797607, "mean": 16.226146698, "median": 15.1611690521, "min": 2.74232554436, "var": 44.2793884277}, "erbbands_flatness_db": {"dmean": 0.020102744922, "dmean2": 0.0272432044148, "dvar": 0.00066460139351, "dvar2": 0.00117156864144, "max": 0.541446387768, "mean": 0.27735710144, "median": 0.27419090271, "min": 0.0740389674902, "var": 0.00530871655792}, "erbbands_kurtosis": {"dmean": 2.01138710976, "dmean2": 2.76701402664, "dvar": 14.1878728867, "dvar2": 25.7273368835, "max": 113.438812256, "mean": 4.01368761063, "median": 2.05263590813, "min": -1.68910348415, "var": 53.3742523193}, "erbbands_skewness": {"dmean": 0.383727967739, "dmean2": 0.541760087013, "dvar": 0.193805992603, "dvar2": 0.385627448559, "max": 6.82454061508, "mean": 0.807703316212, "median": 0.807252049446, "min": -6.98706912994, "var": 1.44748103619}, "erbbands_spread": {"dmean": 3.55536580086, "dmean2": 5.08297014236, "dvar": 25.7173252106, "dvar2": 56.5264854431, "max": 112.106430054, "mean": 16.7261161804, "median": 15.6073846817, "min": 0.556441664696, "var": 89.4240341187}, "hfc": {"dmean": 3.51405239105, "dmean2": 4.53144931793, "dvar": 61.8159866333, "dvar2": 96.6112594604, "max": 272.172363281, "mean": 12.5914936066, "median": 8.6884059906, "min": 1.08993651936e-16, "var": 365.293426514}, "melbands_crest": {"dmean": 2.64196014404, "dmean2": 4.14309167862, "dvar": 5.8263835907, "dvar2": 13.7468852997, "max": 33.7951393127, "mean": 16.8469486237, "median": 16.456363678, "min": 1.65746498108, "var": 24.9527988434}, "melbands_flatness_db": {"dmean": 0.0239349920303, "dmean2": 0.0363774709404, "dvar": 0.000578582577873, "dvar2": 0.00126892712433, "max": 0.649349629879, "mean": 0.356405705214, "median": 0.353501498699, "min": 0.00276934704743, "var": 0.00681249098852}, "melbands_kurtosis": {"dmean": 5.96763420105, "dmean2": 9.26295852661, "dvar": 129.68838501, "dvar2": 318.399078369, "max": 274.356506348, "mean": 12.6044178009, "median": 6.29075098038, "min": -1.92374944687, "var": 312.244171143}, "melbands_skewness": {"dmean": 0.650306046009, "dmean2": 0.951583385468, "dvar": 0.537073135376, "dvar2": 1.19788479805, "max": 12.6054887772, "mean": 2.10783219337, "median": 1.94062185287, "min": -3.71826076508, "var": 2.89670920372}, "melbands_spread": {"dmean": 2.39833545685, "dmean2": 3.64472055435, "dvar": 12.0874729156, "dvar2": 26.4866981506, "max": 156.236663818, "mean": 10.5201435089, "median": 8.10671234131, "min": 0.397044897079, "var": 192.356033325}, "pitch_salience": {"dmean": 0.0539481975138, "dmean2": 0.083248436451, "dvar": 0.00270644016564, "dvar2": 0.00642543332651, "max": 0.941185712814, "mean": 0.423946797848, "median": 0.426871359348, "min": 0.0714960992336, "var": 0.0124418130144}, "silence_rate_20dB": {"dmean": 0, "dmean2": 0, "dvar": 0, "dvar2": 0, "max": 1, "mean": 1, "median": 1, "min": 1, "var": 0}, "silence_rate_30dB": {"dmean": 0.0125451432541, "dmean2": 0.0250950567424, "dvar": 0.0123878298327, "dvar2": 0.028647903353, "max": 1, "mean": 0.980615735054, "median": 1, "min": 0, "var": 0.0190085023642}, "silence_rate_60dB": {"dmean": 0.022429196164, "dmean2": 0.0448669195175, "dvar": 0.0219265613705, "dvar2": 0.0451361164451, "max": 1, "mean": 0.137780308723, "median": 0, "min": 0, "var": 0.118794560432}, "spectral_centroid": {"dmean": 73.8413162231, "dmean2": 111.022293091, "dvar": 26533.9570312, "dvar2": 52478.7773438, "max": 11771.3701172, "mean": 635.16796875, "median": 477.590332031, "min": 183.665298462, "var": 1176739.875}, "spectral_complexity": {"dmean": 1.11233603954, "dmean2": 1.84410643578, "dvar": 1.31472527981, "dvar2": 2.92627000809, "max": 22, "mean": 8.7768907547, "median": 9, "min": 0, "var": 15.5419397354}, "spectral_decrease": {"dmean": 2.306838498e-09, "dmean2": 3.43734019026e-09, "dvar": 1.46132324361e-17, "dvar2": 3.3080537574e-17, "max": 1.59709654531e-28, "mean": -6.80021816635e-09, "median": -5.08605424443e-09, "min": -5.78333896328e-08, "var": 4.74202395795e-17}, "spectral_energy": {"dmean": 0.0089949388057, "dmean2": 0.0133430296555, "dvar": 0.000221758687985, "dvar2": 0.00049647258129, "max": 0.242615029216, "mean": 0.0268075931817, "median": 0.0201261714101, "min": 9.89497197867e-21, "var": 0.000748607271817}, "spectral_energyband_high": {"dmean": 3.32309646183e-05, "dmean2": 4.62398456875e-05, "dvar": 1.83815220822e-08, "dvar2": 3.88088068348e-08, "max": 0.00338191678748, "mean": 5.28641830897e-05, "median": 7.37947584639e-06, "min": 6.72404537849e-21, "var": 3.04101597237e-08}, "spectral_energyband_low": {"dmean": 0.00264710420743, "dmean2": 0.00415213825181, "dvar": 3.70977104467e-05, "dvar2": 9.51520632952e-05, "max": 0.0992610603571, "mean": 0.00498412176967, "median": 0.00134052685462, "min": 1.9075287777e-23, "var": 9.71614281298e-05}, "spectral_energyband_middle_high": {"dmean": 0.0020926578436, "dmean2": 0.0023848277051, "dvar": 4.62312273157e-05, "dvar2": 6.16036195424e-05, "max": 0.228276610374, "mean": 0.00576425204054, "median": 0.00121700949967, "min": 1.27553704129e-21, "var": 0.000277792249108}, "spectral_energyband_middle_low": {"dmean": 0.00634263735265, "dmean2": 0.00975798629224, "dvar": 0.000162654963788, "dvar2": 0.000384748127544, "max": 0.196963906288, "mean": 0.0180675499141, "median": 0.0124953398481, "min": 1.67987904523e-22, "var": 0.000381908175768}, "spectral_entropy": {"dmean": 0.186896547675, "dmean2": 0.285440355539, "dvar": 0.0482309684157, "dvar2": 0.112205125391, "max": 9.81789970398, "mean": 5.93394088745, "median": 5.93406963348, "min": 3.50278353691, "var": 0.405501097441}, "spectral_flux": {"dmean": 0.0228665955365, "dmean2": 0.0377166755497, "dvar": 0.00100423279218, "dvar2": 0.00256366911344, "max": 0.393616199493, "mean": 0.0503791682422, "median": 0.0398906543851, "min": 6.42107547688e-11, "var": 0.00169949640986}, "spectral_kurtosis": {"dmean": 11.3415336609, "dmean2": 19.4289016724, "dvar": 179.07611084, "dvar2": 489.052185059, "max": 239.562515259, "mean": 31.9101734161, "median": 22.1106872559, "min": -1.25556731224, "var": 910.59979248}, "spectral_rms": {"dmean": 0.000768474768847, "dmean2": 0.0011148431804, "dvar": 9.92250988929e-07, "dvar2": 2.08977098737e-06, "max": 0.0153849795461, "mean": 0.00449835974723, "median": 0.00443117227405, "min": 3.10702917387e-12, "var": 5.91852676735e-06}, "spectral_rolloff": {"dmean": 103.408996582, "dmean2": 184.274398804, "dvar": 116322.132812, "dvar2": 246651.328125, "max": 19702.8808594, "mean": 836.207824707, "median": 689.0625, "min": 129.19921875, "var": 3450056}, "spectral_skewness": {"dmean": 0.738675892353, "dmean2": 1.27834582329, "dvar": 0.573795497417, "dvar2": 1.59003067017, "max": 12.4505386353, "mean": 3.94686746597, "median": 3.54135799408, "min": -0.0569404661655, "var": 2.68462443352}, "spectral_spread": {"dmean": 512344.5625, "dmean2": 809235.625, "dvar": 756788559872, "dvar2": 1608763834370.0, "max": 42757440, "mean": 2747159.75, "median": 1949698, "min": 352412.09375, "var": 16870298091500.0}, "spectral_strongpeak": {"dmean": 0.559692919254, "dmean2": 0.86928653717, "dvar": 0.968653023243, "dvar2": 1.90117561817, "max": 21.1012916565, "mean": 1.5162280798, "median": 0.828801035881, "min": 0, "var": 4.37262821198}, "zerocrossingrate": {"dmean": 0.00389334908687, "dmean2": 0.00505807390437, "dvar": 7.35142457415e-05, "dvar2": 0.000146509933984, "max": 0.54345703125, "mean": 0.0322355628014, "median": 0.025390625, "min": 0.0048828125, "var": 0.00245203287341}, "barkbands": {"dmean": [1.54664530783e-06, 0.000158158974955, 0.00198132963851, 0.00256380508654, 0.00355836888775, 0.000637270160951, 0.000265777838649, 0.000190861261217, 0.000405928643886, 0.00110620097257, 0.000478772330098, 0.000658747332636, 0.000116813171189, 4.71774765174e-05, 6.20963401161e-05, 5.07470103912e-05, 5.28592026967e-05, 1.40954080052e-05, 5.47275340068e-06, 3.97079611503e-06, 2.38387360696e-06, 3.28423402607e-06, 4.22040784542e-06, 7.46595878809e-06, 8.85325152922e-06, 7.14021189197e-06, 2.75192792287e-06], "dmean2": [2.74722765425e-06, 0.000260360626271, 0.00316023291089, 0.00408495683223, 0.00573458708823, 0.000836296065245, 0.000429392734077, 0.000202473762329, 0.0003786260786, 0.00118101586122, 0.000566896575037, 0.000815228384454, 0.000132078392198, 6.54757313896e-05, 7.74775471655e-05, 7.36713773222e-05, 7.24906858522e-05, 2.00043250516e-05, 8.34369257063e-06, 5.64770289202e-06, 3.49445008396e-06, 4.82388850287e-06, 5.90513946008e-06, 1.09589191197e-05, 1.33065796035e-05, 1.07882751763e-05, 4.59638567918e-06], "dvar": [1.00526783078e-11, 1.33124672175e-07, 2.6793755751e-05, 3.90170498576e-05, 5.45641814824e-05, 1.73539751813e-06, 3.94398085746e-07, 3.46802892182e-07, 1.23663596696e-06, 1.43432616824e-05, 3.29883914674e-06, 3.0261462598e-05, 6.42874056211e-07, 1.84417778826e-08, 6.98381370512e-08, 1.41514169272e-08, 3.37676908657e-08, 1.84598791808e-09, 2.23987120518e-10, 4.08997280488e-10, 4.10134252948e-11, 2.06077183096e-10, 3.78620357289e-10, 6.25360874196e-10, 2.50005460778e-09, 1.0481667756e-09, 3.85281639925e-10], "dvar2": [2.86160175417e-11, 3.01158792126e-07, 7.23233679309e-05, 9.46192012634e-05, 0.000131230553961, 2.63898596131e-06, 9.51657966652e-07, 4.90768115924e-07, 9.2434237331e-07, 1.40554875543e-05, 3.5815148749e-06, 4.57953901787e-05, 9.05618321667e-07, 3.54530982349e-08, 9.83079004868e-08, 3.19685504735e-08, 6.88800838589e-08, 3.42960593258e-09, 4.78386275038e-10, 7.79244835325e-10, 8.51235887334e-11, 3.43082423582e-10, 7.86420373267e-10, 1.40405598259e-09, 5.7009850174e-09, 2.31444463594e-09, 9.53939482962e-10], "max": [5.08278753841e-05, 0.00646037841216, 0.0826209560037, 0.0957867279649, 0.10268317163, 0.0507248975337, 0.0132292341441, 0.0186869353056, 0.0516848489642, 0.169341161847, 0.0688515231013, 0.226881787181, 0.0411328971386, 0.00730295339599, 0.00787567161024, 0.00179349433165, 0.00551335932687, 0.00118101621047, 0.000423177960329, 0.000744447985198, 0.000152305976371, 0.000451567670098, 0.000588989991229, 0.000728433136828, 0.00116413773503, 0.000680165656377, 0.000498312641867], "mean": [1.43004069741e-06, 0.000179548398592, 0.00325510860421, 0.00460889562964, 0.00634889444336, 0.00275441794656, 0.000822477741167, 0.000603832770139, 0.00186506891623, 0.00305563351139, 0.000918143952731, 0.0015495242551, 0.000269205746008, 0.000131113833049, 0.000136229762575, 0.000106050501927, 9.37114236876e-05, 2.82511864498e-05, 1.18506613944e-05, 1.67907328432e-05, 5.08117136633e-06, 6.36432287138e-06, 8.91537729331e-06, 1.16657283797e-05, 9.86928171187e-06, 7.35960338716e-06, 2.21679533752e-06], "median": [5.88119291933e-07, 4.33169698226e-05, 0.000500866444781, 0.00145499105565, 0.00249712355435, 0.00114901270717, 0.00021488108905, 0.000203626055736, 0.000261672015768, 0.00012646659161, 8.42626832309e-05, 4.22212542617e-05, 5.44280046597e-05, 9.99222174869e-06, 1.63984223036e-05, 1.19801970868e-05, 8.70106305229e-06, 5.5428727137e-06, 3.62702962775e-06, 2.71959947895e-06, 1.42911039802e-06, 1.46032277826e-06, 1.1492786598e-06, 4.06633773764e-07, 3.11342944315e-07, 5.81639696406e-08, 3.35911987115e-09], "min": [1.22456041887e-24, 2.86312450714e-24, 1.32486842171e-24, 1.16441352194e-24, 1.34581721469e-23, 5.68303126958e-24, 9.06776756776e-24, 7.05358242909e-24, 1.34871249198e-23, 2.38305728681e-23, 1.67767585139e-23, 2.24367755554e-23, 3.60196035026e-23, 5.33043474186e-23, 4.42514648673e-23, 5.5962038741e-23, 7.4155152834e-23, 6.75260769684e-23, 1.69321319267e-22, 1.96941952266e-22, 2.41842488731e-22, 3.47609576267e-22, 3.73058279557e-22, 5.58820230016e-22, 8.47719369838e-22, 1.29257906217e-21, 1.95633566501e-21], "var": [7.7195602341e-12, 1.90459530813e-07, 6.27671761322e-05, 6.21955696261e-05, 9.98725445243e-05, 1.92504776351e-05, 2.82286418951e-06, 2.01771808861e-06, 1.91638555407e-05, 0.000104164857476, 1.19593751151e-05, 0.00016465432418, 2.61131458501e-06, 1.42289394489e-07, 2.72258034784e-07, 4.99161103562e-08, 8.16322156538e-08, 6.6156027323e-09, 5.77858538797e-10, 2.50875364927e-09, 9.37189284511e-11, 5.34239930072e-10, 8.44635805741e-10, 1.30156607714e-09, 3.00469538139e-09, 1.20653675939e-09, 3.12516484913e-10]}, "erbbands": {"dmean": [0.00110948027577, 0.078545704484, 1.63033866882, 4.88435649872, 18.2499504089, 5.57299137115, 2.40051484108, 6.98023796082, 4.62294054031, 3.91739249229, 2.40801239014, 11.9119358063, 31.0349807739, 23.891828537, 13.6992940903, 33.9682807922, 6.88931655884, 2.90971827507, 2.6548871994, 2.99967575073, 2.35449194908, 2.66265130043, 1.00677084923, 0.281972229481, 0.253463387489, 0.180470272899, 0.0550995022058, 0.145848527551, 0.137053474784, 0.0616044662893, 0.141532376409, 0.105043463409, 0.127170905471, 0.076472632587, 0.0806454569101, 0.0300218015909, 0.014692440629, 0.00380926462822, 0.000479067937704, 2.79565556411e-05], "dmean2": [0.00177054200321, 0.12877586484, 2.62283563614, 7.67996692657, 29.526266098, 8.84124469757, 3.63158130646, 8.53657627106, 7.32244443893, 4.80904245377, 2.67290425301, 11.2352962494, 33.4065475464, 26.6699848175, 16.3537063599, 41.8409233093, 8.01338481903, 3.69345545769, 3.4875099659, 4.02181148529, 3.31823992729, 3.66144943237, 1.42488110065, 0.423469662666, 0.388391822577, 0.25524109602, 0.077847070992, 0.214391812682, 0.198962524533, 0.0920433998108, 0.194230258465, 0.147930696607, 0.188594341278, 0.114366911352, 0.119683660567, 0.0439049489796, 0.02338527143, 0.00605911994353, 0.000798532331828, 4.40644034825e-05], "dvar": [5.2927393881e-06, 0.0297258440405, 16.4140148163, 103.196121216, 1628.78710938, 98.9027786255, 18.6545276642, 247.113967896, 106.687347412, 127.852073669, 92.3244400024, 1015.98962402, 8597.34179688, 6817.71386719, 1845.25305176, 77958.140625, 1444.57922363, 122.652481079, 48.4735412598, 75.9024887085, 21.7249450684, 123.32258606, 8.73495578766, 0.648090362549, 0.616314649582, 0.894074440002, 0.0280682183802, 0.163369297981, 0.450527518988, 0.0486331470311, 0.396897464991, 0.229357257485, 0.184493109584, 0.0930475592613, 0.26788687706, 0.0283769331872, 0.00399910146371, 0.000602578220423, 8.62175147631e-06, 1.50618486572e-08], "dvar2": [1.1995181012e-05, 0.0728643685579, 44.6922302246, 243.92137146, 3978.58642578, 227.144195557, 43.1337585449, 329.567504883, 264.350708008, 235.691757202, 135.304885864, 779.118103027, 9293.48144531, 7167.52001953, 2078.47094727, 120478.445312, 2115.75439453, 191.256546021, 75.6635894775, 115.551902771, 43.8608398438, 264.57611084, 16.5416965485, 1.36946988106, 1.3954501152, 1.73926377296, 0.0520405359566, 0.325914680958, 0.756803035736, 0.106193557382, 0.77637475729, 0.460465967655, 0.41590321064, 0.218380823731, 0.590517342091, 0.0571495965123, 0.00969796720892, 0.0014841199154, 2.10803027585e-05, 3.50234152791e-08], "max": [0.0423163361847, 3.61781907082, 69.0427246094, 150.581436157, 562.959350586, 144.603225708, 119.428474426, 639.496337891, 244.002975464, 361.508666992, 502.761199951, 1472.00341797, 3764.65209961, 2819.53198242, 1242.72753906, 11522.0585938, 1744.56066895, 497.378540039, 175.973480225, 254.899612427, 83.7693939209, 383.886230469, 82.005317688, 15.1065788269, 25.5787372589, 35.2494506836, 5.64859390259, 9.38362121582, 19.9811763763, 8.81693840027, 20.1893043518, 15.7161111832, 14.7165927887, 6.54527235031, 12.7193937302, 4.80668258667, 0.852788329124, 0.587841331959, 0.0631636455655, 0.00232088845223], "mean": [0.00167078792583, 0.106854461133, 2.58235096931, 9.96189498901, 28.4657897949, 13.0774507523, 9.89618492126, 30.716676712, 16.7553710938, 12.1015949249, 8.57994556427, 55.5729408264, 95.9113540649, 53.5379447937, 29.5503940582, 79.6634750366, 16.4017086029, 8.00762367249, 6.67760372162, 7.08319664001, 4.87295722961, 4.79961490631, 2.08978462219, 0.634760499001, 0.723847329617, 0.764032363892, 0.14386382699, 0.321893900633, 0.25764337182, 0.124607399106, 0.297737956047, 0.186147242785, 0.194561466575, 0.102105550468, 0.0892318114638, 0.0315460525453, 0.0146493017673, 0.00341801554896, 0.0004059462226, 4.66710407636e-05], "median": [0.000549936725292, 0.0283574424684, 0.550632596016, 3.81562805176, 8.53875732422, 5.85093927383, 4.39595079422, 10.210931778, 6.23231363297, 4.68078136444, 3.66106152534, 9.08918190002, 8.43762779236, 4.81569576263, 3.91841411591, 2.75360965729, 3.52820038795, 2.14647674561, 1.58971083164, 1.34256589413, 1.27118778229, 0.709577083588, 0.523518204689, 0.239082142711, 0.228221386671, 0.141197472811, 0.0541684553027, 0.0820088163018, 0.0508450716734, 0.0283850692213, 0.0389020368457, 0.0138848628849, 0.0061316578649, 0.00343626178801, 0.00185706256889, 0.00049471820239, 8.02856739028e-05, 1.01699479274e-05, 1.39178464451e-05, 2.51158271567e-05], "min": [1.49469464193e-22, 5.31333943185e-22, 3.80206985042e-21, 5.70915656309e-21, 2.48987552077e-20, 4.16109523606e-20, 3.81168283621e-20, 7.76066020576e-20, 1.35217146783e-19, 1.14846441256e-19, 3.34502275441e-19, 3.28685748168e-19, 5.98741399808e-19, 9.77002356833e-19, 1.01615033368e-18, 1.41251170857e-18, 2.07011109317e-18, 2.90617107601e-18, 2.21424255862e-18, 2.75932728533e-18, 4.10917189409e-18, 5.87397207073e-18, 5.48498252946e-18, 6.23170162947e-18, 7.48500102586e-18, 9.37206635525e-18, 8.49745851509e-18, 9.31543839769e-18, 1.14240880424e-17, 1.06663914285e-17, 1.12597363537e-17, 1.20650463108e-17, 1.06958721455e-17, 8.37224901295e-18, 6.61699119186e-18, 4.58850899699e-18, 2.37550514135e-18, 9.17336578479e-19, 2.60551087907e-19, 2.59215220299e-20], "var": [1.03316633613e-05, 0.0560155585408, 35.2164535522, 228.28515625, 2450.43969727, 285.843200684, 161.398422241, 3058.34399414, 876.833496094, 626.858520508, 481.49420166, 15835.5253906, 65042.0859375, 31065.3144531, 9776.51269531, 417378.375, 6206.91699219, 641.112792969, 207.401443481, 296.749908447, 68.3611068726, 282.784423828, 30.8981323242, 1.81494998932, 2.2441599369, 5.28407144547, 0.0859723091125, 0.421983510256, 1.0903865099, 0.101205043495, 0.915278017521, 0.51125317812, 0.367026269436, 0.122512325644, 0.347361415625, 0.0370940007269, 0.00393965560943, 0.000538089487236, 7.23453831597e-06, 1.49196299759e-08]}, "gfcc": {"mean": [-131.799240112, 161.397796631, -113.654312134, -7.54467916489, -54.9087638855, -5.83650398254, -40.0454750061, -16.5737934113, -24.2460308075, -22.4856147766, -18.8694572449, -13.9510822296, -9.43452835083], "cov": [[24462.3691406, -1719.23498535, -568.26550293, 1111.07141113, -1614.79492188, 984.51574707, -911.296325684, 442.397125244, -892.154602051, -394.171630859, -1053.21533203, -127.833808899, -138.386154175], [-1719.23498535, 2231.26611328, -736.015258789, -109.98197937, 337.513580322, -451.561950684, 298.824249268, -393.769256592, 264.397064209, -223.357772827, 254.137283325, -170.002029419, 70.1454772949], [-568.26550293, -736.015258789, 1036.14038086, 175.485366821, -50.7304153442, 228.752716064, -67.8834762573, 86.1961288452, -76.6481170654, 174.499298096, -108.773750305, -30.4404907227, -74.6716308594], [1111.07141113, -109.98197937, 175.485366821, 660.467224121, -166.148895264, 65.0180130005, 1.33969521523, -136.048355103, -40.3886184692, -33.44947052, 35.2636604309, -115.424362183, -42.3825836182], [-1614.79492188, 337.513580322, -50.7304153442, -166.148895264, 405.032562256, -53.6414489746, 143.839828491, -13.9546756744, 57.0821151733, -15.1089000702, 38.4691543579, 56.9078063965, 10.4790267944], [984.51574707, -451.561950684, 228.752716064, 65.0180130005, -53.6414489746, 310.739898682, -34.7077713013, 114.47618103, -63.1007118225, 14.1372261047, -88.6766204834, 32.9170150757, -16.3719749451], [-911.296325684, 298.824249268, -67.8834762573, 1.33969521523, 143.839828491, -34.7077713013, 212.699890137, -38.846157074, 74.9180450439, -46.6550216675, 31.3763237, -24.3208732605, 19.126739502], [442.397125244, -393.769256592, 86.1961288452, -136.048355103, -13.9546756744, 114.47618103, -38.846157074, 271.737060547, 2.83625030518, 37.2057418823, -132.591705322, 43.0894851685, 25.6694602966], [-892.154602051, 264.397064209, -76.6481170654, -40.3886184692, 57.0821151733, -63.1007118225, 74.9180450439, 2.83625030518, 175.005401611, -2.24614953995, 46.4795150757, -33.305896759, 31.3766956329], [-394.171630859, -223.357772827, 174.499298096, -33.44947052, -15.1089000702, 14.1372261047, -46.6550216675, 37.2057418823, -2.24614953995, 182.271560669, 36.8391685486, 30.2520294189, -40.8864593506], [-1053.21533203, 254.137283325, -108.773750305, 35.2636604309, 38.4691543579, -88.6766204834, 31.3763237, -132.591705322, 46.4795150757, 36.8391685486, 244.873519897, 39.6282157898, -24.4265575409], [-127.833808899, -170.002029419, -30.4404907227, -115.424362183, 56.9078063965, 32.9170150757, -24.3208732605, 43.0894851685, -33.305896759, 30.2520294189, 39.6282157898, 181.114151001, 31.2365455627], [-138.386154175, 70.1454772949, -74.6716308594, -42.3825836182, 10.4790267944, -16.3719749451, 19.126739502, 25.6694602966, 31.3766956329, -40.8864593506, -24.4265575409, 31.2365455627, 116.798400879]], "icov": [[0.000141780707054, -0.000176106637809, 0.000244360533543, -0.000277588987956, 0.000397776748287, -0.000357555807568, 0.000283370609395, -0.000156664274982, 0.000358841702109, -2.51936362474e-05, 0.000649671943393, -0.000317549565807, 0.000347040797351], [-0.000176106637809, 0.001719768974, 0.000165071382071, 0.000734940695111, -0.00127966108266, 0.000967299740296, -0.000680231431033, 0.00158715655562, -0.00132618029602, 0.000745480065234, -0.0013362467289, 0.00184176291805, -0.00101108883973], [0.000244360533543, 0.000165071382071, 0.00220783427358, -0.00079704466043, 8.68910792633e-05, -0.00138715829235, 0.000497721892316, 0.000390390749089, 0.000499198329635, -0.00164544465952, 0.00176729576197, 0.000278155639535, 0.000528240401763], [-0.000277588987956, 0.000734940695111, -0.00079704466043, 0.00308854668401, -5.5635577155e-05, 0.000100742006907, -0.00112612755038, 0.0017199292779, -0.000508585362695, 0.000833293423057, -0.00210392056033, 0.00215355865657, -0.000921198807191], [0.000397776748287, -0.00127966108266, 8.68910792633e-05, -5.5635577155e-05, 0.00569907808676, -0.000776420056354, -0.0018678419292, -0.000769384321757, 0.00100088247564, 2.09835470741e-05, 0.00230909488164, -0.00337189529091, 0.00225316267461], [-0.000357555807568, 0.000967299740296, -0.00138715829235, 0.000100742006907, -0.000776420056354, 0.00645916862413, -0.00139181595296, -0.00124812929425, -0.000392265414121, 0.00142046727706, -0.00128234038129, -0.000371825299226, 5.63217290619e-05], [0.000283370609395, -0.000680231431033, 0.000497721892316, -0.00112612755038, -0.0018678419292, -0.00139181595296, 0.00863732676953, -0.000164348675753, -0.00135611393489, 0.00105261965655, 0.000959614291787, 0.000314326141961, 9.74186186795e-05], [-0.000156664274982, 0.00158715655562, 0.000390390749089, 0.0017199292779, -0.000769384321757, -0.00124812929425, -0.000164348675753, 0.00929103046656, -0.00355891371146, -0.00127148721367, 0.00309562589973, -0.00013700137788, -0.00119106774218], [0.000358841702109, -0.00132618029602, 0.000499198329635, -0.000508585362695, 0.00100088247564, -0.000392265414121, -0.00135611393489, -0.00355891371146, 0.0108599103987, -0.00131992658135, -0.00122144375928, 0.00201203837059, -0.00195732107386], [-2.51936362474e-05, 0.000745480065234, -0.00164544465952, 0.000833293423057, 2.09835470741e-05, 0.00142046727706, 0.00105261965655, -0.00127148721367, -0.00131992658135, 0.00968036428094, -0.00293556810357, -0.000505677482579, 0.00234174728394], [0.000649671943393, -0.0013362467289, 0.00176729576197, -0.00210392056033, 0.00230909488164, -0.00128234038129, 0.000959614291787, 0.00309562589973, -0.00122144375928, -0.00293556810357, 0.0121481297538, -0.0060517960228, 0.00417385669425], [-0.000317549565807, 0.00184176291805, 0.000278155639535, 0.00215355865657, -0.00337189529091, -0.000371825299226, 0.000314326141961, -0.00013700137788, 0.00201203837059, -0.000505677482579, -0.0060517960228, 0.0123899364844, -0.00559074897319], [0.000347040797351, -0.00101108883973, 0.000528240401763, -0.000921198807191, 0.00225316267461, 5.63217290619e-05, 9.74186186795e-05, -0.00119106774218, -0.00195732107386, 0.00234174728394, 0.00417385669425, -0.00559074897319, 0.0133488243446]]}, "melbands": {"dmean": [2.23514543904e-05, 0.000604114786256, 0.00134906091262, 0.000913161493372, 8.38007181301e-05, 0.000145489539136, 6.20698920102e-05, 4.47125894425e-05, 1.59396258823e-05, 8.00357738626e-05, 0.000163654563949, 0.000108789769001, 4.38843344455e-05, 8.20284622023e-05, 3.7994923332e-05, 1.51574304255e-05, 4.4246194193e-06, 3.75740592062e-06, 6.05915101914e-06, 4.89331205245e-06, 2.31967283071e-06, 3.60623289453e-06, 9.58581949817e-07, 5.22252435076e-07, 2.23162203383e-07, 2.07740185942e-07, 1.97039938143e-07, 9.45774942807e-08, 2.80725842572e-08, 5.72310803193e-08, 9.49568104147e-08, 9.17511329135e-08, 3.6881051102e-08, 3.18772706009e-08, 8.06891975458e-08, 7.09016418909e-08, 7.78618840513e-08, 8.63382823013e-08, 1.12214920023e-07, 5.73878971011e-08], "dmean2": [3.64652296412e-05, 0.000971305707935, 0.00212900619954, 0.00147056777496, 0.000127940729726, 0.000184857140994, 9.82993806247e-05, 5.16263353347e-05, 1.84883974725e-05, 7.52835185267e-05, 0.000175381166628, 0.000119125528727, 5.19226159668e-05, 0.000100026452856, 4.73826039524e-05, 1.71542651515e-05, 6.0304055296e-06, 5.10506515639e-06, 7.49747596274e-06, 7.11276106813e-06, 3.1811680401e-06, 4.99539328302e-06, 1.3016478988e-06, 7.70021870267e-07, 3.38380147014e-07, 3.30911291258e-07, 2.81619463749e-07, 1.35112088628e-07, 4.18806429536e-08, 8.17109722107e-08, 1.45719056377e-07, 1.34161240339e-07, 5.61907391727e-08, 4.89580500584e-08, 1.10644499784e-07, 1.02279194891e-07, 1.11057602226e-07, 1.2798669502e-07, 1.73452903596e-07, 9.2111619665e-08], "dvar": [2.63113508758e-09, 2.28718863582e-06, 7.69791950006e-06, 3.70008274331e-06, 1.98979659416e-08, 9.64524389246e-08, 1.94931590869e-08, 1.69736917854e-08, 5.12124298524e-09, 4.72179841893e-08, 2.61909264054e-07, 1.38793282645e-07, 2.00912957382e-08, 4.08223769455e-07, 8.50332142477e-08, 1.21569110334e-08, 2.04048139496e-10, 8.17733866731e-11, 7.84973863688e-10, 1.31722868724e-10, 3.98591923356e-11, 2.10804984579e-10, 7.60688820961e-12, 2.23067766515e-12, 5.68745408842e-13, 4.1025299477e-13, 8.62226414398e-13, 2.26833525921e-13, 6.637422596e-15, 3.32532666767e-14, 7.34533690382e-14, 2.19424115379e-13, 1.84042878322e-14, 1.28047757876e-14, 1.15323874582e-13, 1.90442198686e-13, 1.00792021485e-13, 1.02187057644e-13, 1.36528483831e-13, 7.61239351719e-14], "dvar2": [5.75074921016e-09, 6.18095327809e-06, 1.85787012015e-05, 8.90800129127e-06, 4.51393766809e-08, 1.35836657478e-07, 4.82291682147e-08, 2.86845249775e-08, 7.53187556768e-09, 3.56583420569e-08, 2.75353670531e-07, 1.38504177016e-07, 2.12751309903e-08, 5.81423023505e-07, 1.43031300581e-07, 1.74131820074e-08, 3.78785752764e-10, 1.51276172144e-10, 1.1027911917e-09, 2.99115510138e-10, 7.0382921713e-11, 4.46550629807e-10, 1.4705733159e-11, 4.31558304717e-12, 1.18316023211e-12, 1.02320040461e-12, 1.63097768797e-12, 4.49101557809e-13, 1.37422642303e-14, 6.15187425741e-14, 1.54489797149e-13, 3.7478204676e-13, 3.57863763037e-14, 2.82408492614e-14, 2.23878925923e-13, 4.32100075122e-13, 2.0738489051e-13, 2.18394543444e-13, 3.45475221781e-13, 1.87836074819e-13], "max": [0.000868392933626, 0.0250743851066, 0.0388910509646, 0.0279088374227, 0.00397772947326, 0.0123452115804, 0.00312370434403, 0.00437605660409, 0.0037821601145, 0.010081675835, 0.0214780326933, 0.0133000127971, 0.0044578909874, 0.0260424595326, 0.0123105822131, 0.00571491615847, 0.000851957360283, 0.000345352455042, 0.000845731818117, 0.000172310712514, 0.000130446132971, 0.00049525644863, 6.60256919218e-05, 4.35501460743e-05, 1.4084898794e-05, 1.99084170163e-05, 3.35002769134e-05, 1.75751720235e-05, 1.77302263182e-06, 6.09061362411e-06, 6.91378636475e-06, 1.37805791383e-05, 4.09336553275e-06, 4.19809020968e-06, 1.12811176223e-05, 1.43886272781e-05, 1.05645267467e-05, 1.3365212908e-05, 6.58769477013e-06, 5.710791811e-06], "mean": [2.59365224338e-05, 0.000946555810515, 0.00240925443359, 0.00167383742519, 0.000335319055011, 0.000635006115772, 0.000216277214349, 0.000134861111292, 5.12873375556e-05, 0.000373053597286, 0.000489633705001, 0.000242960159085, 8.54762256495e-05, 0.000193898580619, 8.77329293871e-05, 3.30667171511e-05, 1.25121650854e-05, 9.53424569161e-06, 1.31781134769e-05, 1.03479442259e-05, 4.34511866843e-06, 6.27274130238e-06, 1.93215441868e-06, 1.08645099317e-06, 4.48049661372e-07, 4.35762729012e-07, 8.17210889181e-07, 3.74087790078e-07, 6.61814141267e-08, 1.26787242039e-07, 1.98278783614e-07, 1.66964326809e-07, 6.84159289221e-08, 6.40141095687e-08, 1.69788961557e-07, 1.35217788966e-07, 1.28055177129e-07, 1.35054008865e-07, 1.50546043187e-07, 6.05764043371e-08], "median": [6.45199770588e-06, 0.000168265862158, 0.00113816955127, 0.000615067547187, 0.000178585833055, 0.000246785173658, 7.90179037722e-05, 4.73127511214e-05, 2.08812707569e-05, 4.86402495881e-05, 3.16533041769e-05, 1.27315406644e-05, 1.01183977677e-05, 7.32013722882e-06, 5.49683045392e-06, 5.43275655218e-06, 1.72405725607e-06, 1.95928282665e-06, 1.05987203369e-06, 1.3362800928e-06, 7.50243657421e-07, 5.18960177942e-07, 3.35207403168e-07, 2.66078870936e-07, 1.09392644276e-07, 1.02210584885e-07, 1.45712334643e-07, 6.48313829288e-08, 2.62439563414e-08, 3.11810275377e-08, 4.9434564886e-08, 3.01097031752e-08, 1.53115262691e-08, 1.27686483609e-08, 2.26203749065e-08, 1.1910456621e-08, 5.82439252383e-09, 3.71274122557e-09, 3.40635142315e-09, 2.24885576827e-09], "min": [1.61192050841e-24, 1.53439796396e-24, 2.02792058753e-24, 2.25378270596e-24, 2.03708695404e-24, 1.95040179017e-24, 2.54378296308e-24, 1.00719127555e-24, 2.42639671329e-24, 2.05489233353e-24, 2.4288628897e-24, 2.87168207024e-24, 2.82467404611e-24, 3.58169632798e-24, 3.60289499266e-24, 3.96517541907e-24, 4.78603567805e-24, 3.37711077424e-24, 3.73960498196e-24, 3.69181578832e-24, 4.18126256482e-24, 4.4837769169e-24, 4.14205144466e-24, 2.9414761444e-24, 5.05164948358e-24, 4.09123578616e-24, 4.93036527484e-24, 4.64045810331e-24, 4.78209689556e-24, 5.34496492865e-24, 5.35249539485e-24, 5.69021503141e-24, 3.61356512526e-24, 5.87084919035e-24, 6.23671853946e-24, 5.78306948199e-24, 6.60414076126e-24, 6.08050751415e-24, 7.03794326165e-24, 6.72982050296e-24], "var": [3.80735043493e-09, 5.05276148033e-06, 1.27190432977e-05, 6.85746499585e-06, 1.55587372319e-07, 1.14589522582e-06, 1.46883692764e-07, 9.05850399135e-08, 2.56812491273e-08, 7.37287564334e-07, 1.95333086594e-06, 7.55404187203e-07, 8.60217994614e-08, 2.27112400353e-06, 4.30945505059e-07, 4.70989007795e-08, 1.67357239178e-09, 4.12316653042e-10, 3.03993097361e-09, 4.63200200418e-10, 1.11444631301e-10, 4.85507856141e-10, 2.63758077879e-11, 7.61519753506e-12, 1.51937414473e-12, 1.00303001582e-12, 5.48228563241e-12, 1.25425126014e-12, 1.67785351449e-14, 8.49725766638e-14, 1.84238055042e-13, 5.17911776833e-13, 4.10356054963e-14, 2.79966073111e-14, 2.63353114273e-13, 3.8622832146e-13, 2.16767792952e-13, 2.13049860414e-13, 2.12246154896e-13, 7.47519789666e-14]}, "mfcc": {"mean": [-769.184936523, 184.98727417, 6.76009893417, 0.989231646061, -1.10113143921, -1.64010179043, -9.37998008728, -3.64342188835, -9.49850559235, -10.6031551361, -15.3352184296, -11.8294334412, -10.1777772903], "cov": [[9430.62988281, 770.863037109, -263.416290283, 145.925415039, -61.8941574097, -23.160785675, -33.7069740295, 330.780151367, 124.461357117, -42.7194633484, -336.645080566, -208.050582886, -246.921569824], [770.863037109, 1558.26916504, -408.71572876, 98.4364624023, 20.9190349579, 35.0003395081, -7.24977445602, 96.8736419678, 4.98621988297, -26.7850837708, -87.6959381104, -83.1380157471, 9.26759529114], [-263.416290283, -408.71572876, 656.669189453, 38.6261901855, 66.0778427124, 61.0863418579, 19.4594993591, -133.221984863, 32.1018981934, 39.3419570923, 70.8073348999, 47.3108062744, -47.0724334717], [145.925415039, 98.4364624023, 38.6261901855, 375.533599854, 16.0316753387, 75.1159667969, 2.70332837105, -29.6738967896, -99.9011383057, 38.567489624, -20.9953308105, 6.04565572739, 31.0729160309], [-61.8941574097, 20.9190349579, 66.0778427124, 16.0316753387, 155.996124268, 39.9995269775, 37.0929489136, 9.29668807983, 16.3427467346, -9.97343730927, 16.1423130035, 7.89457416534, 0.0128102786839], [-23.160785675, 35.0003395081, 61.0863418579, 75.1159667969, 39.9995269775, 163.354003906, 56.6247558594, 5.89475011826, -28.9202289581, -15.3451604843, 4.09250974655, 35.6729660034, 22.1462287903], [-33.7069740295, -7.24977445602, 19.4594993591, 2.70332837105, 37.0929489136, 56.6247558594, 122.144378662, 41.3805847168, 14.9046058655, -14.5410327911, -0.743213176727, 11.1746091843, 16.2062778473], [330.780151367, 96.8736419678, -133.221984863, -29.6738967896, 9.29668807983, 5.89475011826, 41.3805847168, 181.097488403, 58.2955589294, -1.74091267586, -29.9859809875, -35.9802627563, -6.37629652023], [124.461357117, 4.98621988297, 32.1018981934, -99.9011383057, 16.3427467346, -28.9202289581, 14.9046058655, 58.2955589294, 254.109634399, 46.1505584717, 25.9781913757, -47.1961402893, -93.6661071777], [-42.7194633484, -26.7850837708, 39.3419570923, 38.567489624, -9.97343730927, -15.3451604843, -14.5410327911, -1.74091267586, 46.1505584717, 138.059860229, 35.1440887451, -3.95909786224, -19.5783004761], [-336.645080566, -87.6959381104, 70.8073348999, -20.9953308105, 16.1423130035, 4.09250974655, -0.743213176727, -29.9859809875, 25.9781913757, 35.1440887451, 112.603874207, 36.8203964233, -12.5839710236], [-208.050582886, -83.1380157471, 47.3108062744, 6.04565572739, 7.89457416534, 35.6729660034, 11.1746091843, -35.9802627563, -47.1961402893, -3.95909786224, 36.8203964233, 126.696151733, 85.2528839111], [-246.921569824, 9.26759529114, -47.0724334717, 31.0729160309, 0.0128102786839, 22.1462287903, 16.2062778473, -6.37629652023, -93.6661071777, -19.5783004761, -12.5839710236, 85.2528839111, 207.760696411]], "icov": [[0.00013538976782, -4.77455796499e-05, -4.50708139397e-05, -6.47859778837e-05, 4.12232111557e-05, 3.39433318004e-05, 8.62267843331e-05, -0.000237957792706, -2.23728857236e-05, 1.23188265206e-05, 0.000386546889786, -0.000143540208228, 0.000218254936044], [-4.77455796499e-05, 0.000869786075782, 0.000589920498896, -0.000207909950404, -0.000319814163959, -0.0004321228771, 0.000197775792913, 0.000184856035048, -0.000229362398386, 3.30512048095e-05, 0.000108524887764, 0.000462411378976, -0.000177925991011], [-4.50708139397e-05, 0.000589920498896, 0.00259524234571, -0.00020970380865, -0.000895933539141, -0.000879733765032, -0.000373203976778, 0.00192025443539, -0.00062580028316, -0.000420664553531, -0.0002587371564, -0.000267508032266, 0.000493686820846], [-6.47859778837e-05, -0.000207909950404, -0.00020970380865, 0.0038380085025, -0.000348674191628, -0.00169758929405, 0.000187619792996, 0.00044749348308, 0.00163460685872, -0.00199531251565, 0.000694220303558, 0.000763060641475, -0.000231332727708], [4.12232111557e-05, -0.000319814163959, -0.000895933539141, -0.000348674191628, 0.00769397383556, -0.000773409148678, -0.00142716278788, -0.000658987031784, -0.000487867218908, 0.00106140051503, -0.00119936664123, 0.000218477493036, -0.00019674001669], [3.39433318004e-05, -0.0004321228771, -0.000879733765032, -0.00169758929405, -0.000773409148678, 0.00943343900144, -0.00346893654205, -0.000908326008357, 0.000571288052015, 0.0011175959371, -1.13980049719e-05, -0.00267230090685, 0.000810135970823], [8.62267843331e-05, 0.000197775792913, -0.000373203976778, 0.000187619792996, -0.00142716278788, -0.00346893654205, 0.0115654654801, -0.00270709372126, -0.000803647795692, 0.000908549758606, 0.00019086037355, -5.88717666687e-05, -0.000875321216881], [-0.000237957792706, 0.000184856035048, 0.00192025443539, 0.00044749348308, -0.000658987031784, -0.000908326008357, -0.00270709372126, 0.00908968038857, -0.00191949668806, -0.000675821269397, 0.000807042815723, 0.00177346984856, -0.000943825987633], [-2.23728857236e-05, -0.000229362398386, -0.00062580028316, 0.00163460685872, -0.000487867218908, 0.000571288052015, -0.000803647795692, -0.00191949668806, 0.00658027641475, -0.00208568759263, -0.000880182720721, 0.000672569265589, 0.00198108004406], [1.23188265206e-05, 3.30512048095e-05, -0.000420664553531, -0.00199531251565, 0.00106140051503, 0.0011175959371, 0.000908549758606, -0.000675821269397, -0.00208568759263, 0.00966005586088, -0.00307246600278, 0.000277532817563, -0.0003245016851], [0.000386546889786, 0.000108524887764, -0.0002587371564, 0.000694220303558, -0.00119936664123, -1.13980049719e-05, 0.00019086037355, 0.000807042815723, -0.000880182720721, -0.00307246600278, 0.0139327691868, -0.00514358328655, 0.00257146172225], [-0.000143540208228, 0.000462411378976, -0.000267508032266, 0.000763060641475, 0.000218477493036, -0.00267230090685, -5.88717666687e-05, 0.00177346984856, 0.000672569265589, 0.000277532817563, -0.00514358328655, 0.0152353970334, -0.0062559871003], [0.000218254936044, -0.000177925991011, 0.000493686820846, -0.000231332727708, -0.00019674001669, 0.000810135970823, -0.000875321216881, -0.000943825987633, 0.00198108004406, -0.0003245016851, 0.00257146172225, -0.0062559871003, 0.00876539107412]]}, "spectral_contrast_coeffs": {"dmean": [0.0517141260207, 0.034480035305, 0.0306022390723, 0.024882003665, 0.0205866955221, 0.0216994415969], "dmean2": [0.0850189700723, 0.054295476526, 0.0437009818852, 0.0388510413468, 0.0324520207942, 0.0352256931365], "dvar": [0.00180117785931, 0.00114210485481, 0.000816644751467, 0.000541248358786, 0.000449800339993, 0.000494167092256], "dvar2": [0.00463057588786, 0.00273245573044, 0.00162545009516, 0.00126887811348, 0.00101351097692, 0.00128196703736], "max": [-0.247394457459, -0.359862625599, -0.326496005058, -0.437223792076, -0.583999097347, -0.625599145889], "mean": [-0.502621233463, -0.625097513199, -0.646968126297, -0.702541291714, -0.733867108822, -0.755314469337], "median": [-0.485886871815, -0.626892447472, -0.649037718773, -0.698268949986, -0.732789039612, -0.746843338013], "min": [-0.979339957237, -0.982336759567, -0.975061118603, -0.978668093681, -0.974056184292, -0.970537245274], "var": [0.0122685655951, 0.00961643923074, 0.00971122831106, 0.00363872433081, 0.00318073364906, 0.00357459648512]}, "spectral_contrast_valleys": {"dmean": [0.542251944542, 0.305149435997, 0.253670334816, 0.245055958629, 0.251085996628, 0.44952711463], "dmean2": [0.893105566502, 0.490633249283, 0.399735242128, 0.392997145653, 0.382926076651, 0.681034564972], "dv