{"lowlevel": {"average_loudness": 0.90379011631, "barkbands_crest": {"dmean": 2.89915657043, "dmean2": 4.74275398254, "dvar": 7.04164981842, "dvar2": 18.5527172089, "max": 26.2651100159, "mean": 11.1966381073, "median": 10.07762146, "min": 3.0158803463, "var": 23.2532691956}, "barkbands_flatness_db": {"dmean": 0.026718268171, "dmean2": 0.0413615517318, "dvar": 0.000641729158815, "dvar2": 0.00146764051169, "max": 0.731882035732, "mean": 0.189786121249, "median": 0.175207406282, "min": 0.0314220152795, "var": 0.00682059302926}, "barkbands_kurtosis": {"dmean": 3.73571515083, "dmean2": 5.90314817429, "dvar": 34.56092453, "dvar2": 80.3657684326, "max": 253.677368164, "mean": 6.8788061142, "median": 2.81743979454, "min": -1.83234095573, "var": 334.828063965}, "barkbands_skewness": {"dmean": 0.650561273098, "dmean2": 1.01456987858, "dvar": 0.415055155754, "dvar2": 0.994492650032, "max": 14.1779966354, "mean": 1.80791044235, "median": 1.56023740768, "min": -2.25597977638, "var": 2.28288507462}, "barkbands_spread": {"dmean": 3.97534322739, "dmean2": 6.29362773895, "dvar": 23.0056724548, "dvar2": 56.9181938171, "max": 79.5600967407, "mean": 14.0883340836, "median": 12.6374998093, "min": 0.272803485394, "var": 76.4738998413}, "dissonance": {"dmean": 0.022524477914, "dmean2": 0.0378711782396, "dvar": 0.000416446331656, "dvar2": 0.00109712302219, "max": 0.499792277813, "mean": 0.44326326251, "median": 0.457993149757, "min": 0.133894577622, "var": 0.00275817327201}, "dynamic_complexity": 4.45904827118, "erbbands_crest": {"dmean": 2.35347771645, "dmean2": 3.63653302193, "dvar": 4.80198431015, "dvar2": 11.0280570984, "max": 29.3545188904, "mean": 10.0116558075, "median": 8.73191261292, "min": 2.79423046112, "var": 23.9420108795}, "erbbands_flatness_db": {"dmean": 0.0161889772862, "dmean2": 0.022555520758, "dvar": 0.00029748948873, "dvar2": 0.00053259904962, "max": 0.519442856312, "mean": 0.197049364448, "median": 0.185798078775, "min": 0.0475078113377, "var": 0.005760028027}, "erbbands_kurtosis": {"dmean": 0.810816824436, "dmean2": 1.2504594326, "dvar": 2.32738614082, "dvar2": 5.68431901932, "max": 121.813400269, "mean": 1.14255940914, "median": -0.0246163606644, "min": -1.57675874233, "var": 60.372013092}, "erbbands_skewness": {"dmean": 0.293083667755, "dmean2": 0.449189066887, "dvar": 0.0724522694945, "dvar2": 0.168577969074, "max": 9.24281692505, "mean": 0.130169376731, "median": 0.057074200362, "min": -3.28534388542, "var": 0.849915742874}, "erbbands_spread": {"dmean": 5.46361923218, "dmean2": 8.32658195496, "dvar": 29.4940071106, "dvar2": 70.0242233276, "max": 81.7345504761, "mean": 27.5182533264, "median": 26.9634418488, "min": 0.688819885254, "var": 150.961181641}, "hfc": {"dmean": 4.9026966095, "dmean2": 6.90529870987, "dvar": 59.8551902771, "dvar2": 117.797584534, "max": 111.300369263, "mean": 16.1531887054, "median": 13.0476112366, "min": 1.1716873087e-16, "var": 197.36656189}, "melbands_crest": {"dmean": 3.89252519608, "dmean2": 6.44246006012, "dvar": 11.5098905563, "dvar2": 31.6065940857, "max": 31.9058246613, "mean": 15.7404003143, "median": 15.3575496674, "min": 1.61162602901, "var": 29.4474468231}, "melbands_flatness_db": {"dmean": 0.0327797569335, "dmean2": 0.0510296858847, "dvar": 0.000996515736915, "dvar2": 0.00231431890279, "max": 0.910161375999, "mean": 0.29000633955, "median": 0.277250111103, "min": 0.00450974237174, "var": 0.00856397952884}, "melbands_kurtosis": {"dmean": 7.67695236206, "dmean2": 12.1722583771, "dvar": 131.297042847, "dvar2": 321.872650146, "max": 340.453796387, "mean": 13.9130363464, "median": 7.19806814194, "min": -1.83084082603, "var": 591.953613281}, "melbands_skewness": {"dmean": 0.832279443741, "dmean2": 1.30477142334, "dvar": 0.709667503834, "dvar2": 1.74751377106, "max": 14.7471075058, "mean": 2.70331001282, "median": 2.40248465538, "min": -0.976707220078, "var": 2.95509362221}, "melbands_spread": {"dmean": 4.81669902802, "dmean2": 7.65273618698, "dvar": 31.0035686493, "dvar2": 74.1994476318, "max": 160.173233032, "mean": 15.1135311127, "median": 12.2925777435, "min": 0.255009680986, "var": 185.651748657}, "pitch_salience": {"dmean": 0.0807491317391, "dmean2": 0.132650315762, "dvar": 0.00522321416065, "dvar2": 0.014229176566, "max": 0.815752148628, "mean": 0.494553148746, "median": 0.503337681293, "min": 0.0993657708168, "var": 0.01559562888}, "silence_rate_20dB": {"dmean": 0, "dmean2": 0, "dvar": 0, "dvar2": 0, "max": 1, "mean": 1, "median": 1, "min": 1, "var": 0}, "silence_rate_30dB": {"dmean": 0.0640056282282, "dmean2": 0.128033772111, "dvar": 0.0599055327475, "dvar2": 0.126770794392, "max": 1, "mean": 0.915260195732, "median": 1, "min": 0, "var": 0.0775567293167}, "silence_rate_60dB": {"dmean": 0.00914366077632, "dmean2": 0.0182905383408, "dvar": 0.00906036049128, "dvar2": 0.0200675167143, "max": 1, "mean": 0.086497887969, "median": 0, "min": 0, "var": 0.0790111720562}, "spectral_centroid": {"dmean": 158.69291687, "dmean2": 247.110977173, "dvar": 41506.375, "dvar2": 83380.6015625, "max": 10745.1005859, "mean": 851.167114258, "median": 755.006774902, "min": 103.114318848, "var": 209174.6875}, "spectral_complexity": {"dmean": 2.66432213783, "dmean2": 3.97678518295, "dvar": 8.18138694763, "dvar2": 15.7522974014, "max": 51, "mean": 16.160161972, "median": 16, "min": 0, "var": 66.3570480347}, "spectral_decrease": {"dmean": 5.00367214329e-09, "dmean2": 7.85986298268e-09, "dvar": 5.1749269463e-17, "dvar2": 1.16161410172e-16, "max": 1.95454279465e-18, "mean": -1.12471258973e-08, "median": -8.34208613298e-09, "min": -8.24636785524e-08, "var": 1.1960437411e-16}, "spectral_energy": {"dmean": 0.0191719774157, "dmean2": 0.0300463438034, "dvar": 0.00075396290049, "dvar2": 0.00168933207169, "max": 0.313904970884, "mean": 0.0439142622054, "median": 0.0328492112458, "min": 1.0928518806e-20, "var": 0.00176773371641}, "spectral_energyband_high": {"dmean": 0.000171722131199, "dmean2": 0.000231014375458, "dvar": 3.07560981128e-07, "dvar2": 6.21705623871e-07, "max": 0.0138074122369, "mean": 0.000274080724921, "median": 5.10169120389e-05, "min": 8.16328471437e-21, "var": 4.91374123612e-07}, "spectral_energyband_low": {"dmean": 0.0168682485819, "dmean2": 0.0270377267152, "dvar": 0.000674314447679, "dvar2": 0.00154275586829, "max": 0.304290801287, "mean": 0.0261423438787, "median": 0.0134216556326, "min": 1.55482439692e-22, "var": 0.00128820957616}, "spectral_energyband_middle_high": {"dmean": 0.00165803113487, "dmean2": 0.00234324671328, "dvar": 6.50648644296e-06, "dvar2": 1.25612605189e-05, "max": 0.0529386550188, "mean": 0.00513153802603, "median": 0.00384304532781, "min": 1.45780142231e-21, "var": 2.38798857026e-05}, "spectral_energyband_middle_low": {"dmean": 0.00537022156641, "dmean2": 0.00854087714106, "dvar": 7.32812404749e-05, "dvar2": 0.000182144387509, "max": 0.146167829633, "mean": 0.0141195142642, "median": 0.00997292809188, "min": 3.35183590749e-22, "var": 0.000207283141208}, "spectral_entropy": {"dmean": 0.152366086841, "dmean2": 0.227292522788, "dvar": 0.0265206955373, "dvar2": 0.0567323341966, "max": 9.79779148102, "mean": 7.02269983292, "median": 7.10511207581, "min": 3.45559883118, "var": 0.503434240818}, "spectral_flux": {"dmean": 0.0333668850362, "dmean2": 0.0542717278004, "dvar": 0.00176314241253, "dvar2": 0.00415058759972, "max": 0.414024919271, "mean": 0.0985592976213, "median": 0.0906273722649, "min": 1.04539557566e-10, "var": 0.00392287084833}, "spectral_kurtosis": {"dmean": 4.49081134796, "dmean2": 7.72911119461, "dvar": 188.727233887, "dvar2": 629.451904297, "max": 458.582427979, "mean": 13.6114406586, "median": 8.86020851135, "min": -1.23135173321, "var": 550.898010254}, "spectral_rms": {"dmean": 0.00126360205468, "dmean2": 0.00195401278324, "dvar": 2.12212216866e-06, "dvar2": 4.67339714305e-06, "max": 0.0174999646842, "mean": 0.00580227794126, "median": 0.00566109642386, "min": 3.26526717991e-12, "var": 9.17678153201e-06}, "spectral_rolloff": {"dmean": 284.071014404, "dmean2": 485.440063477, "dvar": 295385.71875, "dvar2": 718024.125, "max": 19099.9511719, "mean": 925.731628418, "median": 710.595703125, "min": 86.1328125, "var": 2502164.5}, "spectral_skewness": {"dmean": 0.336405873299, "dmean2": 0.56659501791, "dvar": 0.208377629519, "dvar2": 0.616297781467, "max": 18.7301311493, "mean": 2.41170692444, "median": 2.14189720154, "min": 0.0715633630753, "var": 1.92811465263}, "spectral_spread": {"dmean": 359884.21875, "dmean2": 521124.96875, "dvar": 429855571968, "dvar2": 702007083008, "max": 40878272, "mean": 3049733, "median": 2718018.5, "min": 246832.125, "var": 2019489611780.0}, "spectral_strongpeak": {"dmean": 0.478206664324, "dmean2": 0.836380839348, "dvar": 0.753871738911, "dvar2": 1.91659939289, "max": 12.6354513168, "mean": 0.711296677589, "median": 0.435348391533, "min": 0, "var": 0.89394813776}, "zerocrossingrate": {"dmean": 0.00706724217162, "dmean2": 0.00867922883481, "dvar": 0.000108479958726, "dvar2": 0.000147920029121, "max": 0.5244140625, "mean": 0.0379013717175, "median": 0.03125, "min": 0.0029296875, "var": 0.00182887387928}, "barkbands": {"dmean": [0.00053087802371, 0.0114526832476, 0.00690928427503, 0.00246912729926, 0.00269983895123, 0.00133823708165, 0.000405549653806, 0.000517619482707, 0.000645244668704, 0.000431501161074, 0.000533866230398, 0.000365302665159, 0.000607401889283, 0.000265708542429, 0.000211442049476, 0.00016053050058, 0.00010282684525, 9.11484239623e-05, 4.69202059321e-05, 4.53511529486e-05, 5.23892704223e-05, 2.16503121919e-05, 1.9581450033e-05, 1.0887802091e-05, 2.24377163249e-05, 9.86057784758e-06, 3.44762192981e-05], "dmean2": [0.000905996887013, 0.0182572770864, 0.0119522260502, 0.00419833138585, 0.00432442175224, 0.00204111053608, 0.000647102773655, 0.00074184575351, 0.00099963019602, 0.000679207209032, 0.000757589528803, 0.000542819150724, 0.000890271738172, 0.00040362571599, 0.000346520537278, 0.000259298831224, 0.000171781430254, 0.000144247125718, 7.47443991713e-05, 6.55358016957e-05, 7.56871668273e-05, 3.41308368661e-05, 2.94193323498e-05, 1.51593903865e-05, 3.22175073961e-05, 1.41140335472e-05, 5.28125310666e-05], "dvar": [5.28894418039e-07, 0.000436959118815, 0.000129227904836, 2.68935309578e-05, 2.11072110687e-05, 4.02343312089e-06, 5.67202448565e-07, 1.01910825379e-06, 1.49882077949e-06, 6.46343949029e-07, 8.60718273543e-07, 4.19901169835e-07, 2.22613630285e-06, 2.7507897471e-07, 3.48332207523e-07, 1.36304464604e-07, 8.35467375282e-08, 8.39635703187e-08, 1.14578462274e-08, 1.10531761521e-08, 1.47952547991e-07, 5.83214898597e-09, 7.8484907462e-09, 8.71701266725e-10, 5.91750692891e-09, 1.64506819278e-09, 2.48399913971e-08], "dvar2": [1.43817419485e-06, 0.000927404151298, 0.000364688719856, 6.96076240274e-05, 5.16218096891e-05, 9.49488821789e-06, 1.41273005738e-06, 2.02577462005e-06, 3.52849224328e-06, 1.59684930168e-06, 1.51758160882e-06, 8.33359933949e-07, 4.0199220166e-06, 5.91693833485e-07, 9.26344625896e-07, 3.36315224558e-07, 2.35214372424e-07, 1.96345084191e-07, 2.75901630431e-08, 2.0119768962e-08, 2.93923278605e-07, 1.46019818459e-08, 1.58633532976e-08, 1.90792626142e-09, 1.41858942371e-08, 3.82212395067e-09, 6.09395698348e-08], "max": [0.00974403787404, 0.256535321474, 0.146437615156, 0.0813718736172, 0.0797892287374, 0.0357878915966, 0.0150411520153, 0.0220761243254, 0.0279644373804, 0.0204385016114, 0.0189279578626, 0.0129256732762, 0.0458413735032, 0.00959239434451, 0.020514421165, 0.00845395680517, 0.00886903051287, 0.00727828219533, 0.00345182232559, 0.00169055757578, 0.0119419191033, 0.00104853301309, 0.00230888766237, 0.000566829927266, 0.00129576027393, 0.00146249192767, 0.00239126989618], "mean": [0.000617175246589, 0.0155225610361, 0.0084307231009, 0.0030592365656, 0.0049947486259, 0.00247402768582, 0.000746338104364, 0.00118130433839, 0.00125724717509, 0.000814756785985, 0.00106848916039, 0.000674364622682, 0.00108405540232, 0.000522685528267, 0.000376422016416, 0.000340024475008, 0.000188535908819, 0.000155259578605, 9.18730220292e-05, 8.92699608812e-05, 7.39324386814e-05, 3.0506755138e-05, 2.72145844065e-05, 1.75413988472e-05, 2.94705496344e-05, 1.2145394976e-05, 3.44814798154e-05], "median": [0.000358426827006, 0.00619182456285, 0.00345092546195, 0.00118695059791, 0.00251745106652, 0.00128986884374, 0.000330302515067, 0.00040629695286, 0.000543848087545, 0.00040349419578, 0.00043670105515, 0.000314980046824, 0.00035792804556, 0.000183734984603, 0.000142836972373, 0.000108928463305, 9.24335763557e-05, 5.57469538762e-05, 3.83954175049e-05, 2.35712686845e-05, 1.51998483489e-05, 4.19141542807e-06, 1.97719236894e-06, 1.98725729206e-06, 1.91854201148e-06, 5.26297696979e-07, 4.53949468238e-07], "min": [1.87484106391e-23, 1.32247633512e-22, 7.74342866894e-24, 6.45790843197e-24, 7.03212699019e-23, 6.47158830558e-23, 3.50225558936e-23, 1.58461187936e-23, 1.34409945429e-22, 6.29561994335e-23, 4.01085409425e-23, 2.17884281323e-23, 3.76440416558e-23, 1.27771270704e-22, 1.34423854625e-22, 1.36758415899e-22, 1.45932817739e-22, 3.25424964833e-22, 2.72421261772e-22, 4.68952791797e-22, 4.68060583802e-22, 6.44480275443e-22, 5.98271656136e-22, 8.94516365784e-22, 1.26851458889e-21, 1.64940238235e-21, 2.55472934846e-21], "var": [6.28871362096e-07, 0.000824006216135, 0.000166166559211, 3.66797939932e-05, 4.99229499837e-05, 1.08892800199e-05, 1.32484001369e-06, 4.75982096759e-06, 4.0450436245e-06, 1.54188296619e-06, 3.11432131639e-06, 1.1578952126e-06, 5.41850886293e-06, 8.04566241186e-07, 6.66713560804e-07, 5.23288406384e-07, 1.15864828842e-07, 1.20565374573e-07, 2.52866723116e-08, 2.97480156064e-08, 1.98228619297e-07, 6.93467505641e-09, 1.23062768864e-08, 1.65872759972e-09, 7.47428341441e-09, 2.164392221e-09, 2.54032510583e-08]}, "erbbands": {"dmean": [0.280378490686, 2.82406067848, 7.65540647507, 7.51195144653, 9.89152526855, 8.69637680054, 8.32005882263, 11.699921608, 7.74491643906, 8.23947525024, 10.0009393692, 15.7680301666, 15.3724985123, 11.4470739365, 21.1046905518, 15.6233034134, 28.5201454163, 14.7327136993, 10.5813016891, 10.4083776474, 7.21260595322, 4.90685606003, 5.23771762848, 3.35953164101, 2.04379367828, 2.07514238358, 2.53510594368, 1.33645582199, 0.673405349255, 0.945994198322, 0.446902483702, 0.274492055178, 0.172380819917, 0.328594118357, 0.103087022901, 0.0447160638869, 0.0149226486683, 0.018566429615, 0.0059930277057, 0.000387702864828], "dmean2": [0.471250623465, 4.43443918228, 12.9896707535, 12.7485532761, 16.3030529022, 14.139383316, 12.807103157, 18.1717586517, 12.0260066986, 12.4421262741, 14.1816453934, 24.4032554626, 24.2059631348, 17.6069011688, 29.5363998413, 22.9932098389, 41.359336853, 21.947473526, 16.3401432037, 16.9833145142, 11.6174049377, 7.99112319946, 8.34249687195, 5.39073038101, 3.18945479393, 3.03543281555, 3.53594827652, 1.9512386322, 1.03575491905, 1.43615710735, 0.681962907314, 0.39438149333, 0.239998430014, 0.484449744225, 0.146196275949, 0.0638433918357, 0.0213384330273, 0.0282265972346, 0.0092628467828, 0.000629108166322], "dvar": [0.299828767776, 25.096113205, 145.790161133, 181.467697144, 410.304901123, 224.273513794, 139.89642334, 409.300170898, 237.000045776, 279.170349121, 404.69128418, 1002.58856201, 962.861328125, 442.458648682, 1727.04919434, 721.831604004, 4996.07958984, 595.323608398, 541.883728027, 637.192565918, 285.515289307, 134.500244141, 310.574920654, 87.8036117554, 22.076757431, 22.3958110809, 278.596740723, 44.6027297974, 4.63532495499, 19.7815685272, 2.73506593704, 0.526871263981, 0.202024579048, 1.58211040497, 0.10426568985, 0.017421323806, 0.00432879058644, 0.00698099844158, 0.000742929580156, 3.91973662772e-06], "dvar2": [0.706474602222, 52.250377655, 401.429168701, 489.986328125, 1006.41247559, 578.232727051, 328.349212646, 999.687927246, 564.181518555, 597.093444824, 712.20300293, 2351.97387695, 2413.49584961, 924.555419922, 2972.640625, 1481.22851562, 8887.14453125, 1241.69006348, 1250.6965332, 1672.23547363, 692.261230469, 358.282806396, 753.890869141, 218.580108643, 44.2507171631, 43.2542037964, 550.48046875, 89.1522064209, 11.0115375519, 39.7693519592, 6.46202278137, 1.1595646143, 0.444257229567, 3.88407206535, 0.238335996866, 0.0380895137787, 0.00977302249521, 0.0165892355144, 0.00173400680069, 1.04535911305e-05], "max": [4.7642493248, 67.1846008301, 147.045684814, 175.344238281, 386.807128906, 235.662719727, 276.759399414, 442.362182617, 343.238128662, 327.578063965, 603.063537598, 814.579772949, 733.782775879, 510.642303467, 950.482177734, 664.445007324, 2378.9152832, 507.754425049, 471.109527588, 718.399475098, 493.469543457, 335.216308594, 509.305328369, 404.09979248, 76.6735076904, 71.1969451904, 508.217224121, 201.735778809, 32.952911377, 124.185325623, 35.1060066223, 14.1767206192, 6.37516736984, 22.9814071655, 6.88053846359, 4.11333084106, 2.33992195129, 1.80787527561, 0.464032530785, 0.0357263945043], "mean": [0.374754875898, 3.77388739586, 10.0475406647, 9.9838104248, 14.6874809265, 15.8481702805, 15.7942943573, 21.3950271606, 14.688369751, 17.9872112274, 23.9061584473, 31.1930370331, 28.0124282837, 23.7914657593, 43.603717804, 30.8753871918, 52.6189842224, 31.5295219421, 21.1184616089, 20.6330013275, 15.7831344604, 10.0947742462, 9.36344432831, 6.30858564377, 4.09487438202, 4.02440500259, 3.77666735649, 2.11898374557, 1.01246023178, 1.26361823082, 0.642045080662, 0.447596520185, 0.260656625032, 0.427212864161, 0.136230677366, 0.0567491278052, 0.0183029696345, 0.0193718224764, 0.00631927885115, 0.000383457751013], "median": [0.132993161678, 1.46028113365, 4.40264558792, 4.78957033157, 5.98597145081, 7.59801006317, 9.05419445038, 10.0248737335, 6.66172504425, 7.31673145294, 9.39207363129, 13.6592216492, 14.5825157166, 11.9964523315, 17.2047424316, 16.4224128723, 20.7616043091, 15.0101528168, 9.33164596558, 8.66987419128, 5.91826534271, 5.29365777969, 3.66381168365, 2.59220695496, 1.64686954021, 1.11229681969, 0.737878978252, 0.500009179115, 0.151772230864, 0.124555975199, 0.0587732419372, 0.0506124347448, 0.0290879104286, 0.0256899725646, 0.00858955737203, 0.00300170201808, 0.000738155213185, 0.000275327882264, 8.81326704985e-05, 5.41460758541e-05], "min": [5.5820421674e-21, 2.29759431777e-20, 1.34294888867e-20, 1.36967780845e-20, 1.10049543335e-19, 1.75735141522e-19, 4.47871979583e-19, 7.34904014031e-19, 3.24847009741e-19, 6.19732762213e-19, 7.69036019345e-19, 3.26576840857e-18, 1.95910676368e-18, 1.89417081085e-18, 1.68080039903e-18, 8.87711725226e-19, 2.17354672004e-18, 6.19248913253e-18, 6.71418656819e-18, 7.25353107505e-18, 6.59467675406e-18, 9.38748913777e-18, 1.34267129849e-17, 1.66445712992e-17, 1.62978320757e-17, 2.0423982679e-17, 2.29699254904e-17, 1.85155347308e-17, 2.17327627334e-17, 2.30671341017e-17, 1.76216585454e-17, 1.46022739473e-17, 1.58927021727e-17, 1.36086075201e-17, 9.75935562677e-18, 6.13166364696e-18, 3.1133734088e-18, 1.52605217381e-18, 3.80480799597e-19, 3.00479141312e-20], "var": [0.472407907248, 49.2369117737, 204.997360229, 243.139541626, 660.006530762, 544.566955566, 392.451690674, 1093.11938477, 562.015808105, 996.72857666, 2113.45385742, 2735.66870117, 1710.18249512, 1446.02392578, 6406.27197266, 1895.1262207, 12040.8525391, 1904.76635742, 1283.55908203, 1440.26989746, 1057.80126953, 236.968963623, 427.284240723, 180.08505249, 49.1494445801, 60.6333007812, 383.76159668, 63.4632301331, 6.84391260147, 30.636800766, 3.8262693882, 1.04865109921, 0.356287062168, 1.90473341942, 0.148798897862, 0.0288983713835, 0.00583744654432, 0.00782546121627, 0.000849196920171, 3.08900735035e-06]}, "gfcc": {"mean": [-55.7172241211, 138.813217163, -112.228530884, 8.66903018951, -30.3746318817, 6.06697893143, -20.3790588379, -0.0618494898081, -19.9281902313, -1.90347480774, -10.6164398193, -5.22214031219, -5.6744966507], "cov": [[30821.6640625, 1078.30651855, 5.292491436, 3539.60229492, 1214.21777344, 571.3828125, -1320.10168457, -493.196624756, -436.538909912, 54.8623657227, 225.968704224, 16.800453186, 120.446174622], [1078.30651855, 2013.02185059, -388.185852051, 83.5371704102, 359.915374756, -304.08895874, 42.6260299683, -273.209136963, -12.9047498703, -112.059806824, 8.124584198, -142.171859741, 67.7867355347], [5.292491436, -388.185852051, 808.637695312, 37.8581809998, 39.0499191284, 212.920120239, 66.500579834, 130.67868042, 33.3632202148, -12.4441804886, -0.307291120291, 13.8776292801, -16.7912368774], [3539.60229492, 83.5371704102, 37.8581809998, 953.906799316, 276.773712158, 151.067779541, -107.372329712, -34.8078269958, -15.9689598083, 18.8053627014, 77.5100784302, 21.5959663391, 32.707069397], [1214.21777344, 359.915374756, 39.0499191284, 276.773712158, 383.368560791, 14.9987001419, -2.37603020668, -72.8995132446, 11.27739048, -15.9694166183, 12.3308372498, -20.8288555145, 28.8470134735], [571.3828125, -304.08895874, 212.920120239, 151.067779541, 14.9987001419, 360.911560059, 45.4820632935, 121.146774292, 18.0269451141, 54.3475799561, 49.4265823364, 43.7640190125, 13.9529514313], [-1320.10168457, 42.6260299683, 66.500579834, -107.372329712, -2.37603020668, 45.4820632935, 210.243606567, 75.9755172729, 47.5029792786, 0.918086528778, 13.0125398636, 7.76016235352, -0.574581623077], [-493.196624756, -273.209136963, 130.67868042, -34.8078269958, -72.8995132446, 121.146774292, 75.9755172729, 173.31678772, 60.5815238953, 37.8402099609, 17.0134525299, 35.083656311, 0.0610615834594], [-436.538909912, -12.9047498703, 33.3632202148, -15.9689598083, 11.27739048, 18.0269451141, 47.5029792786, 60.5815238953, 116.154136658, 19.2505340576, 5.08070373535, 2.02771162987, 6.80086565018], [54.8623657227, -112.059806824, -12.4441804886, 18.8053627014, -15.9694166183, 54.3475799561, 0.918086528778, 37.8402099609, 19.2505340576, 101.258079529, 47.8423194885, 17.9816513062, 5.00225496292], [225.968704224, 8.124584198, -0.307291120291, 77.5100784302, 12.3308372498, 49.4265823364, 13.0125398636, 17.0134525299, 5.08070373535, 47.8423194885, 112.955490112, 53.2199325562, 25.8118629456], [16.800453186, -142.171859741, 13.8776292801, 21.5959663391, -20.8288555145, 43.7640190125, 7.76016235352, 35.083656311, 2.02771162987, 17.9816513062, 53.2199325562, 94.5874023438, 32.7498779297], [120.446174622, 67.7867355347, -16.7912368774, 32.707069397, 28.8470134735, 13.9529514313, -0.574581623077, 0.0610615834594, 6.80086565018, 5.00225496292, 25.8118629456, 32.7498779297, 72.6913452148]], "icov": [[8.73310054885e-05, -8.63063905854e-05, -2.33700975514e-05, -0.000228891163715, -6.14163145656e-05, -0.000124853962916, 0.000478902831674, -9.72655107034e-05, 0.000177388094016, -5.87914037169e-05, 5.30037978024e-05, -0.00010631873738, 0.000102103644167], [-8.63063905854e-05, 0.00120265153237, 0.000375514442567, 0.000301755062537, -0.000650870322715, 0.000518580898643, -0.00110046332702, 0.000854729965795, -0.00034685866558, 0.00110478466377, -0.00143783690874, 0.00217746035196, -0.00139222992584], [-2.33700975514e-05, 0.000375514442567, 0.00178201368544, 0.000217882741708, -0.00065298989648, -0.000662421807647, -0.000217161505134, -0.000866277085152, -3.64881816495e-05, 0.00131247949321, -0.000561903056223, 0.000774274289142, 0.000151224128786], [-0.000228891163715, 0.000301755062537, 0.000217882741708, 0.0023041521199, -0.00110316323116, -0.000370889261831, -0.000172570042196, -7.90374269855e-06, -0.000391052075429, 0.000707028491888, -0.00135547970422, 0.0005781907239, -0.000172175161424], [-6.14163145656e-05, -0.000650870322715, -0.00065298989648, -0.00110316323116, 0.00476508634165, -0.000372627371689, -0.00107819528785, 0.00238532572985, -0.00136553577613, -0.000601666746661, 0.000987620092928, -0.000325685599819, -0.000810544879641], [-0.000124853962916, 0.000518580898643, -0.000662421807647, -0.000370889261831, -0.000372627371689, 0.00516065815464, -0.00130810879637, -0.00246080500074, 0.00105891621206, -0.00113056786358, -0.000814677332528, 0.000565434689634, -0.0011005604174], [0.000478902831674, -0.00110046332702, -0.000217161505134, -0.000172570042196, -0.00107819528785, -0.00130810879637, 0.00980251003057, -0.00399971939623, -0.000110468521598, 0.00103678833693, -0.0010322512826, -0.000821809982881, 0.00169576471671], [-9.72655107034e-05, 0.000854729965795, -0.000866277085152, -7.90374269855e-06, 0.00238532572985, -0.00246080500074, -0.00399971939623, 0.0146804330871, -0.00556332012638, -0.00206891493872, 0.00143126340117, -0.00225222553127, -0.000181299241376], [0.000177388094016, -0.00034685866558, -3.64881816495e-05, -0.000391052075429, -0.00136553577613, 0.00105891621206, -0.000110468521598, -0.00556332012638, 0.0124395517632, -0.00182495359331, 0.000457227317384, 0.00103742978536, -0.00112848903518], [-5.87914037169e-05, 0.00110478466377, 0.00131247949321, 0.000707028491888, -0.000601666746661, -0.00113056786358, 0.00103678833693, -0.00206891493872, -0.00182495359331, 0.0159579366446, -0.00824560970068, 0.00415760278702, -0.000354691030225], [5.30037978024e-05, -0.00143783690874, -0.000561903056223, -0.00135547970422, 0.000987620092928, -0.000814677332528, -0.0010322512826, 0.00143126340117, 0.000457227317384, -0.00824560970068, 0.0182642713189, -0.0104271071032, 0.00022514849843], [-0.00010631873738, 0.00217746035196, 0.000774274289142, 0.0005781907239, -0.000325685599819, 0.000565434689634, -0.000821809982881, -0.00225222553127, 0.00103742978536, 0.00415760278702, -0.0104271071032, 0.0222242176533, -0.00861294288188], [0.000102103644167, -0.00139222992584, 0.000151224128786, -0.000172175161424, -0.000810544879641, -0.0011005604174, 0.00169576471671, -0.000181299241376, -0.00112848903518, -0.000354691030225, 0.00022514849843, -0.00861294288188, 0.0194752328098]]}, "melbands": {"dmean": [0.00285354722291, 0.00376447127201, 0.00131856277585, 0.000651219394058, 0.000307576498017, 0.000260497006821, 0.000106525942101, 9.79594915407e-05, 9.00481754798e-05, 9.67471351032e-05, 7.61135015637e-05, 4.56863162981e-05, 6.50967267575e-05, 4.41855809186e-05, 5.58362116863e-05, 6.20305363555e-05, 2.66516526608e-05, 1.78354730451e-05, 1.72934596776e-05, 1.34002866616e-05, 8.33082685858e-06, 5.19718423675e-06, 6.00718612986e-06, 4.5966480684e-06, 2.74386025012e-06, 1.60290665008e-06, 1.5598355958e-06, 1.45054264067e-06, 1.40587371789e-06, 1.83170527635e-06, 5.30288048139e-07, 3.2286797591e-07, 5.83341659421e-07, 4.94194523526e-07, 2.7975067951e-07, 1.88306273685e-07, 1.74343526282e-07, 1.18135474736e-07, 1.78040636456e-07, 3.28760194179e-07], "dmean2": [0.00459370855242, 0.00616210279986, 0.00221868162043, 0.00105794914998, 0.000478664500406, 0.000400083721615, 0.000165734716575, 0.000146966893226, 0.000129819076392, 0.000150086823851, 0.000120229058666, 7.074700261e-05, 9.28335139179e-05, 6.34560128674e-05, 8.15462190076e-05, 9.03486070456e-05, 4.04326929129e-05, 2.75263137155e-05, 2.86123085971e-05, 2.19853118324e-05, 1.34568726935e-05, 8.60464206198e-06, 9.81253924692e-06, 7.39798542782e-06, 4.48072250947e-06, 2.55878785538e-06, 2.41684574576e-06, 2.10923849409e-06, 1.97730469154e-06, 2.63733295469e-06, 8.18081900889e-07, 4.98046176745e-07, 9.42161136663e-07, 7.48790569105e-07, 4.36536737425e-07, 2.83681345081e-07, 2.53505675119e-07, 1.67624065739e-07, 2.7172526984e-07, 4.91255434554e-07], "dvar": [2.99501862173e-05, 3.32672898367e-05, 5.36672268936e-06, 1.38040184083e-06, 1.95129189251e-07, 1.79288804247e-07, 4.24709085678e-08, 4.10386817862e-08, 2.97493780721e-08, 4.07063929231e-08, 2.38854749313e-08, 6.83819934011e-09, 1.35585018768e-08, 6.82835432642e-09, 1.43624507842e-08, 2.38597497315e-08, 2.27272689557e-09, 1.80612791389e-09, 3.43112716017e-09, 9.40469702115e-10, 4.8211368231e-10, 1.28809171662e-10, 4.20872142692e-10, 2.61123372924e-10, 6.21546702995e-11, 1.1688564179e-11, 1.79846606357e-11, 1.17592446197e-11, 3.48373829784e-11, 2.88921803149e-10, 2.07581651521e-12, 1.09048501565e-12, 7.18873528413e-12, 6.85241056606e-12, 1.29657038144e-12, 2.93212746834e-13, 2.32652466086e-13, 1.02027639267e-13, 4.29950048004e-13, 1.64073724225e-12], "dvar2": [6.35112301097e-05, 8.49647258292e-05, 1.41063601404e-05, 3.37348092216e-06, 4.83590952172e-07, 4.34392831039e-07, 1.008527164e-07, 8.80111059587e-08, 5.43741869308e-08, 9.50725507209e-08, 5.99186549266e-08, 1.47086698377e-08, 2.44099727098e-08, 1.2973470298e-08, 2.544152089e-08, 4.52375061855e-08, 4.82050799278e-09, 4.04224742567e-09, 9.46232336929e-09, 2.40527198159e-09, 1.12753706372e-09, 3.58003848788e-10, 1.13963727344e-09, 6.04585381758e-10, 1.59956298207e-10, 2.74989579718e-11, 3.57708897225e-11, 2.15810355697e-11, 6.62789753636e-11, 5.77089709353e-10, 4.87374680544e-12, 2.50238458427e-12, 1.84553535648e-11, 1.33415787099e-11, 3.12521406323e-12, 6.69304509818e-13, 5.42736374506e-13, 2.29538556131e-13, 1.07689616773e-12, 3.97152623288e-12], "max": [0.0580265522003, 0.0667942166328, 0.0287465155125, 0.0200691409409, 0.00938522815704, 0.00858092028648, 0.00448441971093, 0.00403988035396, 0.00458072172478, 0.00544387521222, 0.00370682706125, 0.00188501796219, 0.00253407144919, 0.00166903471109, 0.00394307961687, 0.00320217106491, 0.00116265984252, 0.000871493946761, 0.00215635518543, 0.000758116540965, 0.000791659404058, 0.000332285620971, 0.000628288718872, 0.000443128665211, 0.000359872443369, 5.62002060178e-05, 9.00619852473e-05, 6.45703548798e-05, 0.000175504901563, 0.00053351034876, 2.75451220659e-05, 1.71468655026e-05, 4.67864811071e-05, 7.84012736403e-05, 2.54126134678e-05, 1.00873094198e-05, 1.03656220745e-05, 5.44349995835e-06, 1.53247729031e-05, 1.98296984308e-05], "mean": [0.00395025452599, 0.005281557329, 0.00191795139108, 0.00112478225492, 0.000605837092735, 0.000482772768009, 0.000200509559363, 0.000212102750083, 0.000207495817449, 0.000187075667782, 0.000134864880238, 8.97772843018e-05, 0.000131546868943, 8.7481304945e-05, 0.000101538178569, 0.000109575157694, 5.38497006346e-05, 3.30737566401e-05, 3.03870256175e-05, 2.64466398221e-05, 1.7163436496e-05, 9.94325273496e-06, 1.03360416688e-05, 7.16320255378e-06, 4.88599744131e-06, 2.98434565593e-06, 2.832393875e-06, 2.68070698439e-06, 2.19824278247e-06, 2.36107280216e-06, 9.02957935978e-07, 5.05134892137e-07, 7.06414539309e-07, 6.63612979679e-07, 3.75692621901e-07, 2.87461205062e-07, 2.72368396281e-07, 1.76826219445e-07, 2.2323597193e-07, 4.21770323555e-07], "median": [0.00148294074461, 0.0023349178955, 0.000973143149167, 0.000523271155544, 0.000346647284459, 0.000241327972617, 8.85028275661e-05, 7.70133483456e-05, 7.87424069131e-05, 8.10354686109e-05, 6.65262487018e-05, 3.94732196582e-05, 5.72734752495e-05, 3.87186082662e-05, 4.3284282583e-05, 3.00680258079e-05, 2.24857940339e-05, 1.3098355339e-05, 1.11366907731e-05, 8.91483068699e-06, 5.6782955653e-06, 5.2622781368e-06, 4.01579927711e-06, 2.47825573751e-06, 1.89070692613e-06, 1.15124475997e-06, 9.18869773159e-07, 6.71571626754e-07, 4.37282153598e-07, 3.55418478648e-07, 2.38119866935e-07, 6.63795418632e-08, 7.30111082703e-08, 5.43415268339e-08, 2.73496265635e-08, 3.09153946887e-08, 2.77485039391e-08, 1.96225524718e-08, 1.60448205833e-08, 1.9807133711e-08], "min": [4.41523334505e-23, 1.43743930676e-23, 4.56377214586e-24, 1.07044622529e-23, 1.48056175705e-23, 1.457679111e-23, 5.28618887475e-24, 6.05812950242e-24, 9.41549035503e-24, 1.99072583529e-23, 9.65366087295e-24, 8.01956232906e-24, 5.34702937764e-24, 2.7368614028e-24, 2.93865872767e-24, 5.86884982239e-24, 1.20329915808e-23, 1.02405197439e-23, 9.08359763954e-24, 1.15139250495e-23, 6.55116401831e-24, 9.17909871845e-24, 9.85334444503e-24, 1.53111780143e-23, 1.31635554758e-23, 9.9440176952e-24, 1.23019300407e-23, 1.4565221676e-23, 1.66649832345e-23, 9.62351692004e-24, 1.08545714391e-23, 1.19102140584e-23, 1.40317939319e-23, 1.10792571687e-23, 1.09161956753e-23, 6.88528526585e-24, 1.03444269246e-23, 1.22928518294e-23, 9.96713920833e-24, 1.17274744297e-23], "var": [5.59460422664e-05, 5.42408124602e-05, 7.92777063907e-06, 2.79608866549e-06, 5.9167314248e-07, 4.8014959475e-07, 1.02622827569e-07, 1.49663677007e-07, 1.44187950468e-07, 1.10515607332e-07, 4.33515694453e-08, 2.28264500635e-08, 4.83217519331e-08, 1.958999718e-08, 3.83586922226e-08, 5.87152690912e-08, 7.48320427846e-09, 4.00372401899e-09, 5.7639675255e-09, 3.26335003464e-09, 2.10252260047e-09, 2.23082732842e-10, 5.35042510297e-10, 3.29117622044e-10, 1.26748569973e-10, 2.51066320511e-11, 3.65496279076e-11, 3.38696744262e-11, 5.7909229495e-11, 3.79408476858e-10, 3.5625554156e-12, 1.83646175524e-12, 6.87037796446e-12, 1.0958399986e-11, 1.68187816105e-12, 5.21699382913e-13, 4.17370619402e-13, 1.78941876507e-13, 4.77412868353e-13, 2.05760842392e-12]}, "mfcc": {"mean": [-692.070617676, 172.806015015, -13.4507217407, 19.9251060486, 8.49078845978, 9.0119972229, 9.66349887848, 2.01551771164, 2.22244858742, -0.167394146323, -0.875615417957, 0.759503901005, -2.3087747097], "cov": [[14165.0068359, 1779.61352539, -30.6353416443, 809.939086914, 767.986999512, 662.919128418, 245.333969116, 80.9195785522, -6.5312666893, -45.1706733704, 64.0722732544, 98.5165100098, 83.1203765869], [1779.61352539, 2077.37011719, -374.532836914, 301.247039795, 149.392776489, 71.7085494995, 73.4887695312, -89.4263000488, -25.7956771851, -38.2225952148, -56.9637641907, 2.91901016235, -23.7003803253], [-30.6353416443, -374.532836914, 542.626831055, -44.1337547302, 78.416633606, 28.9805393219, 47.163520813, 89.2170181274, 66.3336639404, 31.5092315674, 44.2208061218, 5.86660575867, -0.595758795738], [809.939086914, 301.247039795, -44.1337547302, 353.302947998, 115.374328613, 131.590286255, 54.5535926819, 49.6342048645, 21.0508308411, 26.4691505432, 6.82038784027, 20.4303131104, 24.0339202881], [767.986999512, 149.392776489, 78.416633606, 115.374328613, 208.227432251, 115.613624573, 64.9813308716, 42.7975273132, 35.3111915588, -0.00267648976296, 24.0088615417, 9.76494693756, 13.0207080841], [662.919128418, 71.7085494995, 28.9805393219, 131.590286255, 115.613624573, 203.585968018, 99.0811309814, 65.3460693359, 26.5429019928, 34.3842773438, 13.0246229172, 41.4797554016, 21.1509094238], [245.333969116, 73.4887695312, 47.163520813, 54.5535926819, 64.9813308716, 99.0811309814, 141.405471802, 56.1474838257, 32.4425811768, 9.011302948, 23.9017353058, 25.497549057, 31.4149780273], [80.9195785522, -89.4263000488, 89.2170181274, 49.6342048645, 42.7975273132, 65.3460693359, 56.1474838257, 135.953216553, 56.9878234863, 33.1656723022, 10.5472869873, 23.0880794525, 23.2680625916], [-6.5312666893, -25.7956771851, 66.3336639404, 21.0508308411, 35.3111915588, 26.5429019928, 32.4425811768, 56.9878234863, 114.894790649, 21.5225028992, 42.2526855469, -8.31292915344, 11.2944755554], [-45.1706733704, -38.2225952148, 31.5092315674, 26.4691505432, -0.00267648976296, 34.3842773438, 9.011302948, 33.1656723022, 21.5225028992, 123.831939697, -2.42414712906, 49.4732055664, -28.4640903473], [64.0722732544, -56.9637641907, 44.2208061218, 6.82038784027, 24.0088615417, 13.0246229172, 23.9017353058, 10.5472869873, 42.2526855469, -2.42414712906, 115.108703613, 0.806805074215, 41.9726142883], [98.5165100098, 2.91901016235, 5.86660575867, 20.4303131104, 9.76494693756, 41.4797554016, 25.497549057, 23.0880794525, -8.31292915344, 49.4732055664, 0.806805074215, 110.85458374, 7.35144710541], [83.1203765869, -23.7003803253, -0.595758795738, 24.0339202881, 13.0207080841, 21.1509094238, 31.4149780273, 23.2680625916, 11.2944755554, -28.4640903473, 41.9726142883, 7.35144710541, 108.808929443]], "icov": [[0.000102954247268, -6.44230531179e-05, -2.42842779699e-05, -5.72458338866e-05, -0.000214157058508, -0.000233555358136, 0.000135042486363, 7.32593434805e-06, 0.000101887875644, 7.97183965915e-05, -6.51390000712e-05, -3.09473434754e-05, -1.22012179418e-05], [-6.44230531179e-05, 0.000778289686423, 0.000489750062115, -0.000515077263117, -0.000465514312964, 0.000638280878775, -0.000780761241913, 0.000638442637865, -0.000322623294778, 8.57335035107e-05, 0.000418640382122, -0.000128111758386, 0.000258799263975], [-2.42842779699e-05, 0.000489750062115, 0.00272598210722, 0.00042113638483, -0.00146573781967, 0.000844094029162, -0.000741526368074, -0.00109203276224, -0.000350407208316, -0.000377766846213, -0.000455383909866, 0.000103100370325, 0.000612311472651], [-5.72458338866e-05, -0.000515077263117, 0.00042113638483, 0.0046828254126, -0.00106975529343, -0.00209705345333, 0.000947457563598, -0.00114606902935, 0.000227402721066, -0.000937091943342, -8.42232475406e-05, 0.000572255346924, -0.000868243863806], [-0.000214157058508, -0.000465514312964, -0.00146573781967, -0.00106975529343, 0.00941394735128, -0.00374243664555, -0.000105614817585, 2.07093507925e-05, -0.00116767536383, 0.00172682944685, -0.000832828460261, 0.000163114425959, 0.000800656736828], [-0.000233555358136, 0.000638280878775, 0.000844094029162, -0.00209705345333, -0.00374243664555, 0.0125354137272, -0.00585162267089, -0.0012589058606, 0.000565850583371, -0.00192460243125, 0.000694178219419, -0.00132482859772, 1.45994881677e-05], [0.000135042486363, -0.000780761241913, -0.000741526368074, 0.000947457563598, -0.000105614817585, -0.00585162267089, 0.0130890747532, -0.00246189790778, -0.00073484913446, 0.00125721516088, -0.00112481345423, -0.00103037490044, -0.00168035633396], [7.32593434805e-06, 0.000638442637865, -0.00109203276224, -0.00114606902935, 2.07093507925e-05, -0.0012589058606, -0.00246189790778, 0.0135546494275, -0.00545656774193, -0.00148974813055, 0.00310031697154, -0.00114253093489, -0.00250696949661], [0.000101887875644, -0.000322623294778, -0.000350407208316, 0.000227402721066, -0.00116767536383, 0.000565850583371, -0.00073484913446, -0.00545656774193, 0.014328898862, -0.00235098064877, -0.00487581314519, 0.00319929327816, 0.00077080639312], [7.97183965915e-05, 8.57335035107e-05, -0.000377766846213, -0.000937091943342, 0.00172682944685, -0.00192460243125, 0.00125721516088, -0.00148974813055, -0.00235098064877, 0.0129030467942, -0.000529249839019, -0.0055194478482, 0.00448225950822], [-6.51390000712e-05, 0.000418640382122, -0.000455383909866, -8.42232475406e-05, -0.000832828460261, 0.000694178219419, -0.00112481345423, 0.00310031697154, -0.00487581314519, -0.000529249839019, 0.0126514313743, -0.000396576448111, -0.00470223091543], [-3.09473434754e-05, -0.000128111758386, 0.000103100370325, 0.000572255346924, 0.000163114425959, -0.00132482859772, -0.00103037490044, -0.00114253093489, 0.00319929327816, -0.0055194478482, -0.000396576448111, 0.0127247199416, -0.00183298438787], [-1.22012179418e-05, 0.000258799263975, 0.000612311472651, -0.000868243863806, 0.000800656736828, 1.45994881677e-05, -0.00168035633396, -0.00250696949661, 0.00077080639312, 0.00448225950822, -0.00470223091543, -0.00183298438787, 0.0134040862322]]}, "spectral_contrast_coeffs": {"dmean": [0.0539409331977, 0.0458256974816, 0.0352229215205, 0.0269327238202, 0.0196989309043, 0.0146244354546], "dmean2": [0.0906114801764, 0.0743152499199, 0.0575991794467, 0.0437274798751, 0.0329223312438, 0.0239647012204], "dvar": [0.00184260017704, 0.00139963941183, 0.000784716918133, 0.000464180338895, 0.000273530778941, 0.000178830581717], "dvar2": [0.00510356482118, 0.00365185574628, 0.00208310945891, 0.00120739685372, 0.000733853958081, 0.000441134703578], "max": [-0.260227173567, -0.4567476511, -0.509385287762, -0.57758051157, -0.62681388855, -0.56492960453], "mean": [-0.645798623562, -0.706362724304, -0.749059855938, -0.776349484921, -0.801008820534, -0.75346249342], "median": [-0.649726867676, -0.709299266338, -0.759078502655, -0.780287742615, -0.799277901649, -0.747089862823], "min": [-0.965949654579, -0.961314022541, -0.963413894176, -0.960572659969, -0.966152369976, -0.961831212044], "var": [0.00931982882321, 0.0047027063556, 0.0049965349026, 0.00364959565923, 0.00171932426747, 0.00192076060921]}, "spectral_contrast_valleys": {"dmean": [0.417763978243, 0.347391992807, 0.296324551105, 0.247950673103, 0.233263462782, 0.292251557112], "dmean2": [0.700241744518, 0.558477878571, 0.476073950529, 0.380390316248, 0.325901418924, 0.363085538149], "dvar": [0.147891625762, 0.106128923595, 0.080550186336, 0.0668989941478, 0.0739021897316, 0.149160802364], "dvar2": [0.341799408197, 0.228492036462, 0.163292482495, 0.113816641271, 0.117369562387, 0.258159250021], "max": 