{"lowlevel": {"average_loudness": 0.871985554695, "barkbands_crest": {"dmean": 2.94043469429, "dmean2": 4.90658903122, "dvar": 8.56627750397, "dvar2": 22.6886997223, "max": 26.5176067352, "mean": 13.5104484558, "median": 12.247338295, "min": 2.77080559731, "var": 32.2381629944}, "barkbands_flatness_db": {"dmean": 0.0340718477964, "dmean2": 0.0509373098612, "dvar": 0.0011066107545, "dvar2": 0.0023303986527, "max": 0.452559918165, "mean": 0.210438340902, "median": 0.20883102715, "min": 0.0362011007965, "var": 0.0053690681234}, "barkbands_kurtosis": {"dmean": 12.4295043945, "dmean2": 22.0162830353, "dvar": 1816.16882324, "dvar2": 6711.16894531, "max": 860.343505859, "mean": 19.2242832184, "median": 4.90415811539, "min": -1.90577673912, "var": 2936.5703125}, "barkbands_skewness": {"dmean": 0.955312550068, "dmean2": 1.57738959789, "dvar": 1.83022201061, "dvar2": 5.9476647377, "max": 27.493429184, "mean": 2.76879453659, "median": 2.05662727356, "min": -5.51998519897, "var": 8.47873401642}, "barkbands_spread": {"dmean": 4.38227415085, "dmean2": 6.9659538269, "dvar": 34.7972297668, "dvar2": 81.4357452393, "max": 146.197952271, "mean": 13.5767660141, "median": 11.6487607956, "min": 0.302660644054, "var": 126.810653687}, "dissonance": {"dmean": 0.0276458486915, "dmean2": 0.0467571243644, "dvar": 0.000795997853857, "dvar2": 0.00221741758287, "max": 0.499988228083, "mean": 0.442022532225, "median": 0.451264321804, "min": 0.238022834063, "var": 0.00182288372889}, "dynamic_complexity": 4.84648704529, "erbbands_crest": {"dmean": 3.23726129532, "dmean2": 5.05487918854, "dvar": 9.83635807037, "dvar2": 22.0764465332, "max": 32.4786720276, "mean": 12.9087772369, "median": 11.5967979431, "min": 2.11211538315, "var": 39.1456718445}, "erbbands_flatness_db": {"dmean": 0.0258637852967, "dmean2": 0.0353230647743, "dvar": 0.000714890658855, "dvar2": 0.00123731489293, "max": 0.415944159031, "mean": 0.180722817779, "median": 0.174302965403, "min": 0.0161286983639, "var": 0.00382195133716}, "erbbands_kurtosis": {"dmean": 1.46624064445, "dmean2": 2.22722315788, "dvar": 11.3401412964, "dvar2": 17.9130020142, "max": 138.387939453, "mean": 1.31650388241, "median": 0.140832185745, "min": -1.75709247589, "var": 32.3799934387}, "erbbands_skewness": {"dmean": 0.481864720583, "dmean2": 0.710374355316, "dvar": 0.234695002437, "dvar2": 0.468193471432, "max": 9.46996116638, "mean": 0.102072566748, "median": 0.0888032838702, "min": -3.99036216736, "var": 1.40513825417}, "erbbands_spread": {"dmean": 7.7664065361, "dmean2": 11.8125667572, "dvar": 68.7289505005, "dvar2": 172.88848877, "max": 126.075416565, "mean": 33.5127182007, "median": 29.2277870178, "min": 1.08767998219, "var": 364.561737061}, "hfc": {"dmean": 6.59870386124, "dmean2": 9.60951042175, "dvar": 97.8083648682, "dvar2": 209.039138794, "max": 112.846046448, "mean": 16.6598777771, "median": 13.0362243652, "min": 1.22086577692e-16, "var": 238.884521484}, "melbands_crest": {"dmean": 3.21165204048, "dmean2": 5.45441532135, "dvar": 9.29273414612, "dvar2": 24.8409614563, "max": 36.9671211243, "mean": 17.4375152588, "median": 16.8828239441, "min": 2.05635237694, "var": 38.831577301}, "melbands_flatness_db": {"dmean": 0.0384084060788, "dmean2": 0.0581405386329, "dvar": 0.00144039827865, "dvar2": 0.00310351490043, "max": 0.540852248669, "mean": 0.30938988924, "median": 0.311837315559, "min": 0.0064105479978, "var": 0.00822823215276}, "melbands_kurtosis": {"dmean": 18.2303180695, "dmean2": 31.5227794647, "dvar": 2118.41625977, "dvar2": 7312.46289062, "max": 1109.47998047, "mean": 41.0441055298, "median": 11.7386751175, "min": -1.7422529459, "var": 11863.2382812}, "melbands_skewness": {"dmean": 1.02018976212, "dmean2": 1.65137791634, "dvar": 1.32719683647, "dvar2": 3.6098446846, "max": 24.338432312, "mean": 3.93516683578, "median": 3.02058601379, "min": -1.48304367065, "var": 12.1868438721}, "melbands_spread": {"dmean": 4.66155910492, "dmean2": 7.47609710693, "dvar": 44.5132827759, "dvar2": 100.969978333, "max": 190.560256958, "mean": 13.4256954193, "median": 9.93077468872, "min": 0.302456259727, "var": 226.992538452}, "pitch_salience": {"dmean": 0.0819883793592, "dmean2": 0.13421215117, "dvar": 0.0066717187874, "dvar2": 0.0160330757499, "max": 0.885573029518, "mean": 0.430448144674, "median": 0.442040264606, "min": 0.0315329618752, "var": 0.0256451368332}, "silence_rate_20dB": {"dmean": 0, "dmean2": 0, "dvar": 0, "dvar2": 0, "max": 1, "mean": 1, "median": 1, "min": 1, "var": 0}, "silence_rate_30dB": {"dmean": 0.0827532857656, "dmean2": 0.165570601821, "dvar": 0.0759062469006, "dvar2": 0.169101953506, "max": 1, "mean": 0.888674139977, "median": 1, "min": 0, "var": 0.098931632936}, "silence_rate_60dB": {"dmean": 0.0170146953315, "dmean2": 0.0340425521135, "dvar": 0.0167255848646, "dvar2": 0.0336580835283, "max": 1, "mean": 0.106687285006, "median": 0, "min": 0, "var": 0.0953056365252}, "spectral_centroid": {"dmean": 177.701126099, "dmean2": 274.640197754, "dvar": 66112.1015625, "dvar2": 123274.3125, "max": 11081.8476562, "mean": 833.006469727, "median": 688.222961426, "min": 177.092208862, "var": 341825.40625}, "spectral_complexity": {"dmean": 3.12451672554, "dmean2": 4.77369451523, "dvar": 21.312833786, "dvar2": 37.3553886414, "max": 44, "mean": 11.9234638214, "median": 10, "min": 0, "var": 72.6105804443}, "spectral_decrease": {"dmean": 4.8066906011e-09, "dmean2": 7.93201415661e-09, "dvar": 5.24571408527e-17, "dvar2": 1.32990776929e-16, "max": 6.75092008755e-17, "mean": -1.20724790165e-08, "median": -9.45355349558e-09, "min": -8.69392593472e-08, "var": 1.2578648378e-16}, "spectral_energy": {"dmean": 0.0185858551413, "dmean2": 0.0305670313537, "dvar": 0.000773275853135, "dvar2": 0.00195261731278, "max": 0.332182377577, "mean": 0.0470754466951, "median": 0.0372988693416, "min": 1.10282942362e-20, "var": 0.00187111715786}, "spectral_energyband_high": {"dmean": 0.000263347785221, "dmean2": 0.000374774739612, "dvar": 3.33336316771e-07, "dvar2": 6.81952258219e-07, "max": 0.00676314998418, "mean": 0.000337383797159, "median": 6.04367123742e-05, "min": 8.2094274985e-21, "var": 4.99891143591e-07}, "spectral_energyband_low": {"dmean": 0.014547502622, "dmean2": 0.0244183503091, "dvar": 0.000578941544518, "dvar2": 0.00153692218009, "max": 0.301639050245, "mean": 0.0298618450761, "median": 0.0184792820364, "min": 1.04055328792e-22, "var": 0.00126465992071}, "spectral_energyband_middle_high": {"dmean": 0.00198414898477, "dmean2": 0.00298724276945, "dvar": 8.4157618403e-06, "dvar2": 1.89555648831e-05, "max": 0.0474494881928, "mean": 0.00489845266566, "median": 0.0033530110959, "min": 1.27664139607e-21, "var": 2.70304353762e-05}, "spectral_energyband_middle_low": {"dmean": 0.00724171381444, "dmean2": 0.011567783542, "dvar": 0.000148855004227, "dvar2": 0.000365403713658, "max": 0.127539470792, "mean": 0.0146598843858, "median": 0.00953618064523, "min": 3.53623725591e-22, "var": 0.000251228018897}, "spectral_entropy": {"dmean": 0.267302036285, "dmean2": 0.393219679594, "dvar": 0.089866489172, "dvar2": 0.170123979449, "max": 9.78976249695, "mean": 6.93090295792, "median": 6.87586641312, "min": 4.34412717819, "var": 0.414775252342}, "spectral_flux": {"dmean": 0.0346348881721, "dmean2": 0.0532722994685, "dvar": 0.00200960226357, "dvar2": 0.00407425314188, "max": 0.473397642374, "mean": 0.0898027122021, "median": 0.075417123735, "min": 1.05015683649e-10, "var": 0.00480592669919}, "spectral_kurtosis": {"dmean": 3.30095863342, "dmean2": 5.08302497864, "dvar": 13.307595253, "dvar2": 30.782283783, "max": 63.6268692017, "mean": 10.3066644669, "median": 9.16271305084, "min": -1.17702138424, "var": 40.1368942261}, "spectral_rms": {"dmean": 0.0012178060133, "dmean2": 0.0019519374473, "dvar": 2.15323984776e-06, "dvar2": 5.19552122569e-06, "max": 0.0180022325367, "mean": 0.00594023428857, "median": 0.00603234115988, "min": 3.28013896427e-12, "var": 1.06409834189e-05}, "spectral_rolloff": {"dmean": 285.669616699, "dmean2": 499.913146973, "dvar": 356483.78125, "dvar2": 748253.75, "max": 19422.9492188, "mean": 938.776977539, "median": 452.197265625, "min": 43.06640625, "var": 4315049.5}, "spectral_skewness": {"dmean": 0.346572488546, "dmean2": 0.529768645763, "dvar": 0.114123761654, "dvar2": 0.253744989634, "max": 6.51755523682, "mean": 2.4855132103, "median": 2.50138902664, "min": -0.00710746319965, "var": 0.57375317812}, "spectral_spread": {"dmean": 864411.4375, "dmean2": 1217178.25, "dvar": 1636006100990.0, "dvar2": 2642258165760.0, "max": 49222496, "mean": 4293181, "median": 3950534.75, "min": 1432901.75, "var": 4543798050820.0}, "spectral_strongpeak": {"dmean": 0.368867635727, "dmean2": 0.64012503624, "dvar": 0.610089182854, "dvar2": 1.52863240242, "max": 10.6993503571, "mean": 0.768448531628, "median": 0.586806416512, "min": 0, "var": 0.876732647419}, "zerocrossingrate": {"dmean": 0.00798111408949, "dmean2": 0.00904973130673, "dvar": 0.000132461733301, "dvar2": 0.00012459748541, "max": 0.6923828125, "mean": 0.0407740324736, "median": 0.03076171875, "min": 0.0029296875, "var": 0.00426914077252}, "barkbands": {"dmean": [8.96066994756e-05, 0.0118262423202, 0.0038925781846, 0.00227120146155, 0.00381861557253, 0.00177724310197, 0.000680836325046, 0.000470696541015, 0.000533809419721, 0.000409884145483, 0.000323341984767, 0.000367514934624, 0.0004305333714, 0.000485555472551, 0.000416675931774, 0.000178900474566, 6.76742347423e-05, 5.39230895811e-05, 4.98380577483e-05, 4.71141283924e-05, 2.90130883513e-05, 4.53552383988e-05, 7.40140021662e-05, 1.68953611137e-05, 5.13675076945e-05, 3.63709441444e-05, 2.30801233556e-05], "dmean2": [0.000149067738676, 0.0196419302374, 0.00679884990677, 0.00394252315164, 0.00622171442956, 0.00286786817014, 0.00112325232476, 0.000737860274967, 0.000859154039063, 0.00064282072708, 0.000463319098344, 0.000540698587429, 0.000624243170023, 0.000765257282183, 0.000696426839568, 0.000296876823995, 0.000105316787085, 8.75974365044e-05, 7.86306118243e-05, 7.22918048268e-05, 4.35531874245e-05, 7.10603999323e-05, 0.000107795851363, 2.68170606432e-05, 7.33223278075e-05, 5.70125157537e-05, 3.76321841031e-05], "dvar": [3.76791611245e-08, 0.00033951428486, 9.39056117204e-05, 3.36441735271e-05, 4.36521004303e-05, 1.04859518615e-05, 2.07743119063e-06, 1.49093841628e-06, 1.39269059218e-06, 1.00175532225e-06, 8.86319696747e-07, 7.00745431459e-07, 1.92663310372e-06, 9.77989429884e-07, 8.85104498138e-07, 1.59588665838e-07, 3.9385522399e-08, 3.24061346646e-08, 3.18627861873e-08, 2.35871819854e-08, 4.43102132763e-09, 2.63228248087e-08, 4.27098356681e-08, 1.97169147675e-09, 1.4021230399e-08, 9.45348777037e-09, 1.29825510342e-08], "dvar2": [9.85519861274e-08, 0.000924175779801, 0.000258070853306, 9.04503685888e-05, 0.000106918312667, 2.64202517428e-05, 5.31544901605e-06, 3.63970730177e-06, 3.25224505104e-06, 1.83758015737e-06, 1.68131680311e-06, 1.49369725477e-06, 3.30865441356e-06, 2.48220430876e-06, 2.17829210669e-06, 4.0893513642e-07, 9.24334528918e-08, 8.67232969881e-08, 7.66266410324e-08, 5.58384058991e-08, 9.70098490427e-09, 6.95050914601e-08, 8.22382659749e-08, 4.82454343143e-09, 2.91963804244e-08, 2.32916850251e-08, 3.71163331181e-08], "max": [0.00288640474901, 0.199880644679, 0.12822419405, 0.0631671249866, 0.0685970187187, 0.035305865109, 0.020672691986, 0.0366780869663, 0.0175880603492, 0.0360390096903, 0.023588033393, 0.016645072028, 0.0465454757214, 0.0164593514055, 0.013797769323, 0.00484180916101, 0.00389419030398, 0.00414431234822, 0.00644107954577, 0.00312408967875, 0.00152946158778, 0.00333815161139, 0.00355132366531, 0.000754528737161, 0.00138919171877, 0.00145756511483, 0.0028303284198], "mean": [0.000180267117685, 0.0212081056088, 0.00594793492928, 0.00358167639934, 0.00504060601816, 0.00320314359851, 0.00102779676672, 0.000725232937839, 0.000779227470048, 0.000661634956487, 0.00062488974072, 0.00057391502196, 0.000876892299857, 0.00116447859909, 0.000668129883707, 0.000220716596232, 9.10173912416e-05, 6.24883032287e-05, 6.88917789375e-05, 5.55335645913e-05, 4.11738656112e-05, 4.77446665172e-05, 8.42305307742e-05, 2.21108766709e-05, 5.96730205871e-05, 3.62975006283e-05, 2.16702756006e-05], "median": [4.09358835896e-05, 0.0100771915168, 0.00151372386608, 0.00050740421284, 0.00241584470496, 0.00197675684467, 0.000278741063084, 0.000166247104062, 0.000119549869851, 0.000151268657646, 5.69541625737e-05, 0.000130039246869, 0.000175651060999, 0.0002528623736, 5.94711273152e-05, 3.32519302901e-05, 1.59774717758e-05, 9.23146762943e-06, 1.08498297777e-05, 8.10349865787e-06, 7.26666758055e-06, 6.05880495641e-06, 5.62097511647e-06, 3.57878866453e-06, 8.54167592479e-06, 4.06977096645e-06, 1.36922380989e-06], "min": [8.40744918046e-24, 3.93862157214e-23, 2.24877391253e-23, 1.96352117812e-23, 2.99798856192e-23, 4.32741640245e-23, 1.28865659016e-23, 4.63627122406e-23, 8.20330396888e-23, 7.15060380074e-23, 3.84963585322e-23, 1.91974286886e-23, 7.43032125596e-23, 4.19471611424e-23, 4.05703369609e-23, 9.78120059089e-23, 2.24664152684e-22, 1.4992474422e-22, 1.54450773711e-22, 2.85606245076e-22, 3.85351206328e-22, 4.9256596091e-22, 6.13782302363e-22, 9.28170762344e-22, 1.21452903799e-21, 1.77846234885e-21, 2.3294284525e-21], "var": [9.75977414441e-08, 0.000810991914477, 0.000104150669358, 4.54772598459e-05, 5.73575925955e-05, 1.65160636243e-05, 3.52582992491e-06, 2.8589925023e-06, 2.5804777124e-06, 4.10178608945e-06, 4.27106124334e-06, 1.44003217883e-06, 5.53110658075e-06, 4.10507527704e-06, 2.07212042369e-06, 2.11783344639e-07, 7.28157516505e-08, 3.24202140689e-08, 5.68837457138e-08, 2.69775135564e-08, 8.2181577099e-09, 2.22300613473e-08, 5.92157647361e-08, 2.95672442086e-09, 1.90272615441e-08, 8.80565664829e-09, 9.44167410921e-09]}, "erbbands": {"dmean": [0.298351019621, 2.86869955063, 4.70587301254, 6.23827409744, 6.77660751343, 14.1256227493, 24.0352134705, 11.6842155457, 11.5515651703, 7.27134180069, 11.7570905685, 11.5760068893, 14.4010629654, 10.9861946106, 12.3227567673, 16.9137763977, 21.2250480652, 26.7510910034, 19.3047008514, 17.6937141418, 8.6327123642, 3.27426981926, 2.53385472298, 2.56404328346, 2.97529911995, 2.56947565079, 1.08991122246, 1.4231249094, 1.81765854359, 1.54541862011, 2.30804133415, 0.458432376385, 0.276934832335, 0.296969294548, 0.472953885794, 0.219572201371, 0.0585094802082, 0.0198881402612, 0.00290739000775, 0.000355297321221], "dmean2": [0.530407011509, 4.65128803253, 8.02574634552, 10.8586883545, 11.6936721802, 22.6373233795, 39.5583229065, 18.8674983978, 18.9422969818, 11.7199115753, 18.2712078094, 18.4482631683, 23.376033783, 16.0521087646, 17.8491954803, 24.3091945648, 30.3468017578, 41.4536361694, 32.1569862366, 29.6757850647, 14.217672348, 5.21017456055, 4.1884303093, 4.10518598557, 4.57114362717, 3.93350243568, 1.66880440712, 2.14906620979, 2.89787864685, 2.29392766953, 3.34125518799, 0.707009136677, 0.439973294735, 0.463456690311, 0.673156559467, 0.330593526363, 0.0912454798818, 0.0320614315569, 0.00461379159242, 0.0005888157757], "dvar": [0.200947463512, 21.3175849915, 119.595016479, 237.500366211, 271.649932861, 726.378234863, 1983.10205078, 550.658447266, 641.021057129, 309.764678955, 976.196228027, 661.447814941, 1248.74621582, 726.338623047, 976.563781738, 1456.01977539, 5040.84521484, 2713.46362305, 2314.17163086, 1866.73901367, 364.791381836, 92.4601974487, 93.5605773926, 48.3297119141, 142.03112793, 64.3946990967, 6.0390048027, 14.6796770096, 44.8652610779, 15.8784103394, 43.3434486389, 1.29367554188, 0.541436314583, 0.553635001183, 1.2444883585, 0.260754436255, 0.0286184512079, 0.00505617167801, 0.000124268350191, 4.96145275974e-06], "dvar2": [0.651908755302, 55.6070671082, 326.119995117, 629.329040527, 728.72454834, 1686.28918457, 5073.32421875, 1356.10632324, 1657.84411621, 760.944458008, 2303.0078125, 1524.64196777, 2723.76953125, 1044.06030273, 1971.66845703, 2961.03955078, 8597.14160156, 6684.29394531, 5718.05419922, 4809.76953125, 916.698364258, 237.16557312, 255.002563477, 118.000701904, 346.195159912, 156.057525635, 14.0374135971, 34.8498687744, 120.226425171, 34.0079689026, 83.8291320801, 2.93005251884, 1.34589493275, 1.39053726196, 2.69392371178, 0.583242297173, 0.0703523680568, 0.0134776150808, 0.00032077965443, 1.48105627886e-05], "max": [4.22456169128, 53.2731781006, 137.969024658, 186.174072266, 253.441986084, 402.267608643, 544.423461914, 330.328552246, 349.250518799, 356.178955078, 922.178283691, 495.177368164, 1069.19897461, 1323.69934082, 733.4296875, 844.93359375, 2389.24609375, 861.301330566, 864.926879883, 792.507629395, 280.217163086, 229.070953369, 270.253692627, 146.058410645, 408.638305664, 169.474029541, 38.0728340149, 73.8803024292, 127.206031799, 64.4875488281, 94.1981887817, 18.1907730103, 11.15691185, 10.1110630035, 17.6652870178, 6.55266523361, 2.45840835571, 1.45857226849, 0.178757637739, 0.0581843070686], "mean": [0.442484885454, 5.2875585556, 7.7527217865, 11.5165138245, 8.49757671356, 17.7425003052, 38.665473938, 18.0078315735, 17.0066127777, 11.3590183258, 18.9005756378, 17.5082645416, 23.3134918213, 20.2562904358, 24.5519752502, 28.8035430908, 41.7979240417, 69.1859359741, 30.7827358246, 29.294380188, 11.8163414001, 4.2956829071, 3.09195494652, 3.52291846275, 3.94426226616, 3.09721016884, 1.50483119488, 1.80614948273, 1.8844165802, 1.81075167656, 2.58135509491, 0.609969735146, 0.344318389893, 0.324642032385, 0.541574120522, 0.234721064568, 0.0588916763663, 0.0192053057253, 0.00269849598408, 0.000351031427272], "median": [0.221263766289, 2.34905314445, 3.83325791359, 1.87206315994, 2.51779961586, 6.80737066269, 23.0681591034, 9.55835056305, 5.35370826721, 3.52437996864, 4.9060716629, 3.95148873329, 5.04226160049, 4.67397069931, 4.08894586563, 7.69636201859, 10.5295705795, 17.7097015381, 6.72440385818, 2.72782993317, 2.2216668129, 0.945341646671, 0.536831080914, 0.634669184685, 0.585926115513, 0.488917142153, 0.356441438198, 0.247046992183, 0.239858910441, 0.150169298053, 0.16885073483, 0.0808682888746, 0.0566897466779, 0.0455734692514, 0.0721855834126, 0.0288296379149, 0.00655586412176, 0.00135261157993, 0.000217635868466, 8.15538514871e-05], "min": [1.87613933332e-21, 6.11354044609e-21, 2.18231232068e-20, 4.18836053077e-20, 8.5088948299e-20, 8.88450397513e-20, 2.3502488874e-19, 3.35865288144e-19, 2.27277282478e-19, 5.83571682856e-19, 9.89155501188e-19, 1.94993581223e-18, 1.38066442781e-18, 1.49731271401e-18, 2.13699422916e-18, 1.40151330835e-18, 4.10204904184e-18, 2.12618339215e-18, 5.90092905971e-18, 3.01974442167e-18, 6.61859674943e-18, 1.05914480378e-17, 7.98311926457e-18, 8.36233359895e-18, 9.55766169647e-18, 1.26176865053e-17, 1.88054532637e-17, 1.47053671214e-17, 1.67434938286e-17, 1.24480086006e-17, 1.830838389e-17, 1.73904781078e-17, 1.71127025863e-17, 1.28251491931e-17, 9.91878889957e-18, 5.09897952379e-18, 3.41313270265e-18, 1.3748322875e-18, 3.17077819235e-19, 3.31502905615e-20], "var": [0.328999936581, 52.9556846619, 134.710159302, 371.334777832, 257.405395508, 1040.97558594, 2558.41992188, 777.961486816, 912.049560547, 616.219726562, 1881.33093262, 1249.04821777, 3589.75415039, 3635.62304688, 4383.82861328, 3166.21923828, 13896.3095703, 13534.6162109, 4744.75732422, 5204.29931641, 547.367980957, 120.142150879, 88.7583694458, 84.5359191895, 195.737426758, 71.9897537231, 9.27496910095, 20.7638320923, 36.3421478271, 20.7212619781, 59.3052520752, 2.1957950592, 0.656595945358, 0.575344145298, 1.60645663738, 0.307064980268, 0.0262454915792, 0.0043198200874, 9.91446213447e-05, 3.18145725942e-06]}, "gfcc": {"mean": [-63.007610321, 110.010620117, -85.7363204956, 12.5623235703, -34.2757644653, 16.9415130615, -32.493850708, -5.01614427567, -20.1459369659, 11.9159631729, -10.9284648895, 1.84225344658, -6.78639984131], "cov": [[28682.5371094, 1823.30395508, 484.501068115, -571.448913574, -623.003601074, 824.026184082, -756.137512207, -422.107940674, -688.710205078, 2.81608295441, -788.893493652, -16.1160583496, -204.648178101], [1823.30395508, 1543.54638672, -61.0861930847, -62.6917457581, 122.972869873, 49.6845741272, 40.017124176, -136.103500366, -67.0111999512, 39.901802063, 74.5974273682, -57.5938606262, 30.4136943817], [484.501068115, -61.0861930847, 1096.81420898, 206.379684448, 428.686340332, 417.929718018, 212.586929321, 92.4367904663, -40.7448959351, -3.10108709335, 46.93592453, 52.9172515869, -72.1413345337], [-571.448913574, -62.6917457581, 206.379684448, 624.215881348, 207.847808838, 195.559967041, 139.989044189, 115.945899963, 115.092346191, -58.7819633484, 128.598876953, -10.049574852, -9.4992647171], [-623.003601074, 122.972869873, 428.686340332, 207.847808838, 511.138427734, 321.629272461, 184.027770996, 72.7168731689, 79.0103759766, 56.3992004395, 70.5581130981, -29.4901371002, -36.1713142395], [824.026184082, 49.6845741272, 417.929718018, 195.559967041, 321.629272461, 536.179748535, 200.663833618, 53.7295608521, 11.6788034439, 26.4081192017, 29.6430091858, -52.7265090942, -52.2948493958], [-756.137512207, 40.017124176, 212.586929321, 139.989044189, 184.027770996, 200.663833618, 303.890106201, 124.779205322, 26.1147441864, -7.39192342758, 77.3595199585, -13.9654722214, -15.5485572815], [-422.107940674, -136.103500366, 92.4367904663, 115.945899963, 72.7168731689, 53.7295608521, 124.779205322, 191.438720703, 76.5585708618, -27.9426116943, 13.8506965637, 15.3303756714, -12.6722221375], [-688.710205078, -67.0111999512, -40.7448959351, 115.092346191, 79.0103759766, 11.6788034439, 26.1147441864, 76.5585708618, 213.576583862, 44.6861534119, 12.9673948288, -30.559671402, 14.0936641693], [2.81608295441, 39.901802063, -3.10108709335, -58.7819633484, 56.3992004395, 26.4081192017, -7.39192342758, -27.9426116943, 44.6861534119, 159.733291626, 21.5148887634, -25.6704559326, -20.2042503357], [-788.893493652, 74.5974273682, 46.93592453, 128.598876953, 70.5581130981, 29.6430091858, 77.3595199585, 13.8506965637, 12.9673948288, 21.5148887634, 177.356567383, 33.1591033936, -10.7038612366], [-16.1160583496, -57.5938606262, 52.9172515869, -10.049574852, -29.4901371002, -52.7265090942, -13.9654722214, 15.3303756714, -30.559671402, -25.6704559326, 33.1591033936, 132.503265381, 43.8279876709], [-204.648178101, 30.4136943817, -72.1413345337, -9.4992647171, -36.1713142395, -52.2948493958, -15.5485572815, -12.6722221375, 14.0936641693, -20.2042503357, -10.7038612366, 43.8279876709, 114.278625488]], "icov": [[7.68338286434e-05, -0.000142442440847, -3.93408881791e-05, -6.78495634929e-05, 0.000246801238973, -0.000302294152789, 0.0002589658543, -0.000118974981888, 0.000131375985802, -0.000135147492983, 0.000368040928151, -0.000215056963498, 0.000183707976248], [-0.000142442440847, 0.00106164254248, 0.000185873141163, 0.000268182862783, -0.000835262122564, 0.000608388974797, -0.000664790102746, 0.000760871043894, 2.95268473565e-05, 0.000323701737216, -0.00111931830179, 0.000897831458133, -0.000785633048508], [-3.93408881791e-05, 0.000185873141163, 0.00191198359244, -0.000149296902237, -0.00134185701609, -0.000532146135811, -0.000453364948044, 0.000109374326712, 0.000579835323151, 0.000147511251271, 0.000443368306151, -0.00152910861652, 0.00093940726947], [-6.78495634929e-05, 0.000268182862783, -0.000149296902237, 0.00306483381428, -0.000592828146182, -0.000498886511195, 0.000351481459802, -0.000646781933028, -0.00145032221917, 0.00214450014755, -0.00279090949334, 0.00116737675853, -0.000623311148956], [0.000246801238973, -0.000835262122564, -0.00134185701609, -0.000592828146182, 0.00549555150792, -0.00228338735178, 0.000149652914843, -0.000393326568883, -0.00100570521317, -0.00147343426943, 0.000739820767194, -0.000334362470312, 0.000500253983773], [-0.000302294152789, 0.000608388974797, -0.000532146135811, -0.000498886511195, -0.00228338735178, 0.00529369805008, -0.00273533933796, 0.0012923766626, 0.000119721837109, -5.61496490263e-05, -0.000337816018146, 0.00177941401489, -0.000348579924321], [0.0002589658543, -0.000664790102746, -0.000453364948044, 0.000351481459802, 0.000149652914843, -0.00273533933796, 0.00864509213716, -0.0056980792433, 0.00195004302077, -3.42428138538e-05, -0.00222493917681, 0.00195533991791, -0.00148112303577], [-0.000118974981888, 0.000760871043894, 0.000109374326712, -0.000646781933028, -0.000393326568883, 0.0012923766626, -0.0056980792433, 0.0117722246796, -0.00447815470397, 0.00211192760617, 0.00199364521541, -0.003436147701, 0.00302699697204], [0.000131375985802, 2.95268473565e-05, 0.000579835323151, -0.00145032221917, -0.00100570521317, 0.000119721837109, 0.00195004302077, -0.00447815470397, 0.00892880372703, -0.00340415048413, 0.000512335856911, 0.00236037187278, -0.0025821798481], [-0.000135147492983, 0.000323701737216, 0.000147511251271, 0.00214450014755, -0.00147343426943, -5.61496490263e-05, -3.42428138538e-05, 0.00211192760617, -0.00340415048413, 0.00952707417309, -0.00292323250324, 0.0010560817318, 0.00110603985377], [0.000368040928151, -0.00111931830179, 0.000443368306151, -0.00279090949334, 0.000739820767194, -0.000337816018146, -0.00222493917681, 0.00199364521541, 0.000512335856911, -0.00292323250324, 0.0118899960071, -0.00595240108669, 0.00381932221353], [-0.000215056963498, 0.000897831458133, -0.00152910861652, 0.00116737675853, -0.000334362470312, 0.00177941401489, 0.00195533991791, -0.003436147701, 0.00236037187278, 0.0010560817318, -0.00595240108669, 0.0144333895296, -0.0070962542668], [0.000183707976248, -0.000785633048508, 0.00093940726947, -0.000623311148956, 0.000500253983773, -0.000348579924321, -0.00148112303577, 0.00302699697204, -0.0025821798481, 0.00110603985377, 0.00381932221353, -0.0070962542668, 0.0135560706258]]}, "melbands": {"dmean": [0.00306565547362, 0.00284782005474, 0.00105453317519, 0.000652641290799, 0.000830769655295, 0.0002726217499, 0.000168833998032, 7.71417180658e-05, 9.38166704145e-05, 7.49125683797e-05, 7.20708776498e-05, 4.42654818471e-05, 4.80209891975e-05, 4.26855986007e-05, 4.55057706858e-05, 4.33044988313e-05, 5.11727084813e-05, 2.97057613352e-05, 2.6287534638e-05, 1.79500202648e-05, 9.31933664106e-06, 3.55566862709e-06, 2.67965015155e-06, 2.69913516604e-06, 2.03307422453e-06, 2.00356817004e-06, 1.96069072445e-06, 1.67451946709e-06, 6.58978990487e-07, 6.38264396002e-07, 9.51336630806e-07, 1.09233690182e-06, 7.90541321294e-07, 1.03636273252e-06, 1.82661005965e-06, 4.25186158282e-07, 2.46412781735e-07, 1.92160641177e-07, 2.06001729453e-07, 2.62445041699e-07], "dmean2": [0.00521913543344, 0.00471143238246, 0.00183688127436, 0.0010639578104, 0.00136984419078, 0.000441602664068, 0.000275821483228, 0.000125198275782, 0.000145363985212, 0.000120681615954, 0.000117102354125, 6.53699316899e-05, 6.84114929754e-05, 6.2731502112e-05, 6.49615249131e-05, 6.29365531495e-05, 8.03942311904e-05, 4.96329084854e-05, 4.45558653155e-05, 2.98120248772e-05, 1.52921620611e-05, 5.68366886e-06, 4.43579119747e-06, 4.31000034951e-06, 3.26364352077e-06, 3.16522255162e-06, 2.98462009596e-06, 2.57198212239e-06, 1.03366073745e-06, 9.93123535409e-07, 1.45087562942e-06, 1.79191022198e-06, 1.22421033666e-06, 1.56197836532e-06, 2.63556967184e-06, 6.8060620606e-07, 3.9091725057e-07, 3.06745761236e-07, 3.31201476911e-07, 4.15355145833e-07], "dvar": [2.16004955291e-05, 3.07499940391e-05, 6.72735359331e-06, 1.73578860085e-06, 2.17052911466e-06, 2.86853889975e-07, 1.29745643562e-07, 3.1886798979e-08, 5.6428252293e-08, 2.70474238562e-08, 3.12117940382e-08, 1.33811388636e-08, 1.93403977278e-08, 9.43468059234e-09, 1.62653392977e-08, 1.06881774542e-08, 1.17742908756e-08, 5.31595523157e-09, 3.10601100395e-09, 1.91025506524e-09, 4.7714715512e-10, 8.01893482172e-11, 3.39923644788e-10, 6.61808177704e-11, 3.41046808849e-11, 7.61072593836e-11, 5.02285366077e-11, 2.72853267758e-11, 2.50745192838e-12, 2.68100407326e-12, 8.09283803166e-12, 1.99571019432e-11, 7.42400411979e-12, 8.58561312322e-12, 2.90193945263e-11, 1.41808570095e-12, 4.63913412893e-13, 2.74946271262e-13, 2.8179975714e-13, 4.5990452115e-13], "dvar2": [6.29041533102e-05, 8.10263372841e-05, 1.7762375137e-05, 4.25207872468e-06, 5.45776129002e-06, 7.13501378868e-07, 3.3030596569e-07, 7.98909240984e-08, 1.31614427801e-07, 6.39801029934e-08, 6.84717846866e-08, 1.84394277625e-08, 3.66522669992e-08, 2.04875618692e-08, 2.86130124039e-08, 1.96841387634e-08, 2.96091986485e-08, 1.33195294794e-08, 7.90483767332e-09, 4.97829599766e-09, 1.2002216998e-09, 1.91594490273e-10, 9.31914767577e-10, 1.67849067978e-10, 8.26948787225e-11, 1.88184301475e-10, 1.17536425037e-10, 6.62027238585e-11, 6.11776037815e-12, 6.10585453725e-12, 1.97129240015e-11, 5.50543395594e-11, 1.89727625971e-11, 1.8252335407e-11, 5.65227864513e-11, 3.50908429918e-12, 1.03877182463e-12, 6.975221724e-13, 7.23170926354e-13, 1.17292417098e-12], "max": [0.0501034371555, 0.0716218575835, 0.0290919952095, 0.015590140596, 0.016586555168, 0.00764064770192, 0.00488975597546, 0.00341699109413, 0.00660009030253, 0.00268893013708, 0.00527257053182, 0.00590811716393, 0.00352437980473, 0.00171692389995, 0.00411898922175, 0.00312895071693, 0.00198113522492, 0.00129455921706, 0.000671103480272, 0.000731518724933, 0.000366851396393, 0.000177675130544, 0.000577697181143, 0.000173942127731, 0.00013751842198, 0.000323758227751, 0.000173822889337, 0.000109807719127, 2.25051790039e-05, 5.02738948853e-05, 4.40659932792e-05, 9.13276526262e-05, 8.03861330496e-05, 6.05423556408e-05, 8.25074603199e-05, 1.5522022295e-05, 1.68962433236e-05, 8.4074181359e-06, 6.5268891376e-06, 8.93868218554e-06], "mean": [0.00524233281612, 0.00538619980216, 0.00184534490108, 0.000816364656202, 0.00127271597739, 0.000441455835244, 0.000250664859777, 0.00012030563812, 0.000151669766637, 0.000109464745037, 0.000114889538963, 7.83859795774e-05, 9.52901464188e-05, 6.70562076266e-05, 7.94581428636e-05, 9.84670914477e-05, 0.000130051834276, 4.46168633061e-05, 4.02778023272e-05, 2.80228687188e-05, 1.17549898278e-05, 4.52377116744e-06, 2.95787572213e-06, 3.3886753954e-06, 2.70632108368e-06, 2.62513754024e-06, 2.44464331445e-06, 1.96308587874e-06, 8.50889421145e-07, 8.50810693009e-07, 1.14855106403e-06, 1.07306709651e-06, 8.64265985001e-07, 1.18058733278e-06, 1.99867577066e-06, 4.54660209925e-07, 3.33989788714e-07, 2.35962176021e-07, 2.29184436762e-07, 2.71603255442e-07], "median": [0.00257158046588, 0.00281871110201, 0.000369602348655, 0.000292040989734, 0.00077572662849, 0.0002447606239, 7.83974173828e-05, 3.89915585401e-05, 4.15729155065e-05, 2.06299919228e-05, 2.17112210521e-05, 1.64925404533e-05, 1.04336631921e-05, 1.63512559084e-05, 1.50529613165e-05, 1.92199040612e-05, 2.42898186116e-05, 6.29736950941e-06, 3.62694322575e-06, 2.53645134762e-06, 1.91751632883e-06, 8.78526918768e-07, 3.92771028146e-07, 4.63296629505e-07, 4.21498043579e-07, 3.77733869072e-07, 3.49884004436e-07, 2.70738240715e-07, 2.27622294346e-07, 1.31364842559e-07, 1.34993129564e-07, 1.39214279216e-07, 9.49860066157e-08, 6.65230359687e-08, 1.01969298782e-07, 5.01508026218e-08, 4.05502014189e-08, 3.83435150297e-08, 3.07292964408e-08, 3.29763167883e-08], "min": [1.41465463723e-23, 9.92213153825e-24, 8.64674382517e-24, 7.08775746123e-24, 6.74586908921e-24, 7.60478163168e-24, 3.41307691506e-24, 7.32550357198e-24, 9.83317327169e-24, 1.18763514152e-23, 6.91716629048e-24, 5.74519429777e-24, 5.69598002691e-24, 1.9760113706e-24, 7.7968227193e-24, 7.36206333064e-24, 3.43036440737e-24, 7.92569734767e-24, 2.94058650651e-24, 5.15089567963e-24, 8.084698574e-24, 8.97734517536e-24, 1.25064414415e-23, 4.88146536505e-24, 6.86795556949e-24, 6.52259739278e-24, 6.19031931874e-24, 9.17697668262e-24, 1.07455240407e-23, 1.07505080639e-23, 6.7439908114e-24, 8.38095370924e-24, 7.33158016754e-24, 7.08277107145e-24, 8.53194089764e-24, 9.51433147101e-24, 1.11908123559e-23, 1.23657741314e-23, 9.62128759913e-24, 1.09570610368e-23], "var": [4.78682050016e-05, 5.0615381042e-05, 9.13473468245e-06, 2.34839922086e-06, 2.73759678748e-06, 4.12488418533e-07, 1.94856653479e-07, 6.22673894668e-08, 1.10523352248e-07, 4.90351510507e-08, 8.94863134704e-08, 6.6487643835e-08, 9.46410025904e-08, 1.97120506584e-08, 4.6000053544e-08, 3.69654671317e-08, 5.51334551346e-08, 1.07930144821e-08, 6.71939881514e-09, 4.62513050081e-09, 7.20093373818e-10, 1.4062115361e-10, 2.79575695927e-10, 1.00423128147e-10, 6.1782433336e-11, 1.10875426895e-10, 6.0286491077e-11, 3.2880580203e-11, 3.08604140506e-12, 5.096686094e-12, 1.01539471276e-11, 1.44448081968e-11, 6.86118219531e-12, 1.10082212443e-11, 3.87571710836e-11, 1.55479990861e-12, 9.71674888987e-13, 3.2526528671e-13, 2.85440508035e-13, 4.51998925484e-13]}, "mfcc": {"mean": [-717.114685059, 155.50567627, 11.0329656601, 14.9981136322, 11.8591632843, 21.9061927795, 2.16254234314, -4.47417926788, -3.67431926727, 4.67948865891, 1.99203383923, -2.66072511673, 2.11932659149], "cov": [[14899.9443359, 2195.24902344, 313.115783691, -355.228515625, 30.6567764282, 465.532806396, -97.5797424316, -86.3293151855, -75.1419219971, 29.5300388336, -293.303955078, -460.809783936, 17.4188365936], [2195.24902344, 1966.51586914, 15.0030088425, -36.6687774658, 33.0695800781, 203.40007019, 112.32270813, -117.256866455, -90.924079895, -63.9682426453, -9.08203220367, 16.340839386, 5.25157833099], [313.115783691, 15.0030088425, 592.893432617, 143.063690186, 238.908248901, 235.251358032, 259.4503479, 220.432861328, 36.6776351929, 53.0067062378, 21.5095043182, 67.61277771, 2.4611158371], [-355.228515625, -36.6687774658, 143.063690186, 334.945709229, 138.281692505, 36.8162612915, 73.5328445435, 111.956230164, 18.6865139008, 19.1461811066, 51.6809501648, 58.9368476868, 11.5121889114], [30.6567764282, 33.0695800781, 238.908248901, 138.281692505, 366.324279785, 234.257904053, 146.937042236, 131.475753784, 56.4783630371, 97.4393234253, 52.487575531, 78.0074234009, -14.8110666275], [465.532806396, 203.40007019, 235.251358032, 36.8162612915, 234.257904053, 395.785491943, 235.267303467, 104.482391357, 41.8591308594, 104.913635254, 63.1286315918, 54.339225769, -0.178203329444], [-97.5797424316, 112.32270813, 259.4503479, 73.5328445435, 146.937042236, 235.267303467, 381.120147705, 203.191925049, 14.3370285034, 51.5314750671, 62.4922180176, 79.1555099487, 0.014141721651], [-86.3293151855, -117.256866455, 220.432861328, 111.956230164, 131.475753784, 104.482391357, 203.191925049, 302.956054688, 76.8399810791, 44.4064331055, 11.586019516, 53.5278892517, 26.2392845154], [-75.1419219971, -90.924079895, 36.6776351929, 18.6865139008, 56.4783630371, 41.8591308594, 14.3370285034, 76.8399810791, 189.340240479, 82.2754058838, 10.5765638351, -2.86052274704, -10.7818412781], [29.5300388336, -63.9682426453, 53.0067062378, 19.1461811066, 97.4393234253, 104.913635254, 51.5314750671, 44.4064331055, 82.2754058838, 195.704406738, 73.9948959351, 14.8038444519, -12.7909374237], [-293.303955078, -9.08203220367, 21.5095043182, 51.6809501648, 52.487575531, 63.1286315918, 62.4922180176, 11.586019516, 10.5765638351, 73.9948959351, 157.814376831, 71.0439682007, -16.7372684479], [-460.809783936, 16.340839386, 67.61277771, 58.9368476868, 78.0074234009, 54.339225769, 79.1555099487, 53.5278892517, -2.86052274704, 14.8038444519, 71.0439682007, 164.083679199, 47.0325241089], [17.4188365936, 5.25157833099, 2.4611158371, 11.5121889114, -14.8110666275, -0.178203329444, 0.014141721651, 26.2392845154, -10.7818412781, -12.7909374237, -16.7372684479, 47.0325241089, 167.446411133]], "icov": [[0.000105305181933, -0.000120074677397, -9.95708905975e-05, 8.78795617609e-05, 2.89026520477e-05, -0.000153205764946, 0.000204943557037, -0.000136550850584, 8.91418312676e-05, -6.99579759385e-05, 3.14259632432e-05, 0.000314999517286, -7.29333041818e-05], [-0.000120074677397, 0.000744650023989, 0.000184099146281, -0.00016800656158, 1.70941784745e-05, -0.000267540075583, -0.000497282773722, 0.00062051450368, -3.26317167492e-05, 0.000351958879037, 0.000132143031806, -0.000414674461354, 5.64816073165e-05], [-9.95708905975e-05, 0.000184099146281, 0.00324130733497, -0.000598987971898, -0.000856855360325, -0.000598053331487, -0.00108815298881, -0.000835634535179, 0.000178936199518, 0.000183121228474, 0.000712959910743, -0.000413747649873, 0.00026572382194], [8.78795617609e-05, -0.00016800656158, -0.000598987971898, 0.00438070716336, -0.00171903229784, 0.00107144319918, 0.000370059977286, -0.00119679968338, 0.000178859278094, 0.000606095709372, -0.00164707319345, 0.000410880282288, -0.000481879076688], [2.89026520477e-05, 1.70941784745e-05, -0.000856855360325, -0.00171903229784, 0.00659771449864, -0.00338934385218, 0.00142318126746, -0.000967217900325, 2.51480214501e-05, -0.00142411957495, 0.00119075807743, -0.0021440021228, 0.00147272658069], [-0.000153205764946, -0.000267540075583, -0.000598053331487, 0.00107144319918, -0.00338934385218, 0.00723532866687, -0.00359526206739, 0.00162118440494, -0.00065853894921, -0.00113806885201, -0.00083025515778, 0.000607222900726, -0.000969265762251], [0.000204943557037, -0.000497282773722, -0.00108815298881, 0.000370059977286, 0.00142318126746, -0.00359526206739, 0.00777294766158, -0.00444378703833, 0.0016689527547, 0.000106702078483, -0.00120710581541, -0.000578561332077, 0.000960046134423], [-0.000136550850584, 0.00062051450368, -0.000835634535179, -0.00119679968338, -0.000967217900325, 0.00162118440494, -0.00444378703833, 0.00823407527059, -0.00273171067238, 5.94333068875e-05, 0.00144088931847, -0.000643183360808, -0.00113111629616], [8.91418312676e-05, -3.26317167492e-05, 0.000178936199518, 0.000178859278094, 2.51480214501e-05, -0.00065853894921, 0.0016689527547, -0.00273171067238, 0.00770069239661, -0.00306021375582, 0.000719043833669, 0.00032041509985, 0.000650228117593], [-6.99579759385e-05, 0.000351958879037, 0.000183121228474, 0.000606095709372, -0.00142411957495, -0.00113806885201, 0.000106702078483, 5.94333068875e-05, -0.00306021375582, 0.00916951615363, -0.00433338945732, 0.00161697145086, -0.000568551069591], [3.14259632432e-05, 0.000132143031806, 0.000712959910743, -0.00164707319345, 0.00119075807743, -0.00083025515778, -0.00120710581541, 0.00144088931847, 0.000719043833669, -0.00433338945732, 0.0116848591715, -0.00511963572353, 0.00229535833932], [0.000314999517286, -0.000414674461354, -0.000413747649873, 0.000410880282288, -0.0021440021228, 0.000607222900726, -0.000578561332077, -0.000643183360808, 0.00032041509985, 0.00161697145086, -0.00511963572353, 0.0114949010313, -0.00372637808323], [-7.29333041818e-05, 5.64816073165e-05, 0.00026572382194, -0.000481879076688, 0.00147272658069, -0.000969265762251, 0.000960046134423, -0.00113111629616, 0.000650228117593, -0.000568551069591, 0.00229535833932, -0.00372637808323, 0.00758804380894]]}, "spectral_contrast_coeffs": {"dmean": [0.0538611412048, 0.0488256290555, 0.0398214161396, 0.0336177945137, 0.0219298228621, 0.0193117000163], "dmean2": [0.0896714776754, 0.0795172080398, 0.0644498988986, 0.053339947015, 0.0350145250559, 0.0294336285442], "dvar": [0.0021067361813, 0.00185961602256, 0.00136661180295, 0.00115543999709, 0.000425109348726, 0.000310843373882], "dvar2": [0.00559304095805, 0.00473657157272, 0.00331463315524, 0.00258971774019, 0.000942920567468, 0.000694295042194], "max": [-0.256658613682, -0.430515348911, -0.486637085676, -0.507218956947, -0.572149157524, -0.632673501968], "mean": [-0.643540978432, -0.691242873669, -0.768117368221, -0.752964913845, -0.802316427231, -0.787015497684], "median": [-0.64749610424, -0.684344530106, -0.775437355042, -0.762966513634, -0.811861515045, -0.786721885204], "min": [-0.965557456017, -0.974856853485, -0.978239893913, -0.971892476082, -0.966401934624, -0.961853206158], "var": [0.00977495871484, 0.00874975975603, 0.00728566106409, 0.00744192814454, 0.00259264069609, 0.0015388103202]}, "spectral_contrast_valleys": {"dmean": [0.463472992182, 0.460744798183, 0.444966077805, 0.420952945948, 0.40782776475, 0.504577577114], "dmean2": [0.745753288269, 0.701931774616, 0.685040056705, 0.652570307255, 0.581400215626, 0.641493439674], "dvar": [0.178756207228, 0.223640367389, 0.270374327898, 0.336236298084, 0.275660097599, 0.330838948488], "dvar2": [0.363420337439, 0.38534206152, 0.428954035044, 0.564264476299, 0.437732815742, 0.477850675583], "max": [-4.76250505447, -4.91279792786, -5.315961837