{"lowlevel": {"average_loudness": 0.50831758976, "barkbands_crest": {"dmean": 1.97130012512, "dmean2": 3.02852129936, "dvar": 3.7087161541, "dvar2": 8.78208732605, "max": 26.2255744934, "mean": 11.7508211136, "median": 10.9019136429, "min": 2.67865872383, "var": 20.3679924011}, "barkbands_flatness_db": {"dmean": 0.0163235273212, "dmean2": 0.0236519929022, "dvar": 0.000266985734925, "dvar2": 0.000516413187142, "max": 0.447352468967, "mean": 0.193431839347, "median": 0.191439971328, "min": 0.030307777226, "var": 0.00421579554677}, "barkbands_kurtosis": {"dmean": 3.88012647629, "dmean2": 5.82631874084, "dvar": 47.8604469299, "dvar2": 95.5191879272, "max": 188.052337646, "mean": 10.9566326141, "median": 5.48801136017, "min": -1.95308756828, "var": 324.47467041}, "barkbands_skewness": {"dmean": 0.492253929377, "dmean2": 0.725700974464, "dvar": 0.308386921883, "dvar2": 0.625706553459, "max": 10.857178688, "mean": 1.91336464882, "median": 1.69499135017, "min": -4.35403060913, "var": 3.21949696541}, "barkbands_spread": {"dmean": 3.1502122879, "dmean2": 4.66909360886, "dvar": 37.6752166748, "dvar2": 70.8409347534, "max": 135.517578125, "mean": 13.4727249146, "median": 9.13706207275, "min": 0.355014324188, "var": 197.657974243}, "dissonance": {"dmean": 0.0291779767722, "dmean2": 0.0490830242634, "dvar": 0.000847628340125, "dvar2": 0.00232374249026, "max": 0.499998033047, "mean": 0.414027839899, "median": 0.420852959156, "min": 0.187820538878, "var": 0.00300068641081}, "dynamic_complexity": 6.3193192482, "erbbands_crest": {"dmean": 2.48786711693, "dmean2": 3.7124607563, "dvar": 6.67774772644, "dvar2": 14.8068704605, "max": 34.5917625427, "mean": 14.8969659805, "median": 13.6291513443, "min": 2.51915025711, "var": 48.1807365417}, "erbbands_flatness_db": {"dmean": 0.015454955399, "dmean2": 0.021665090695, "dvar": 0.000271111581242, "dvar2": 0.000509922159836, "max": 0.426604866982, "mean": 0.210385531187, "median": 0.206921622157, "min": 0.0360706672072, "var": 0.0037979001645}, "erbbands_kurtosis": {"dmean": 2.08376479149, "dmean2": 3.11559677124, "dvar": 12.0932865143, "dvar2": 26.9936714172, "max": 78.3114318848, "mean": 4.2431678772, "median": 2.42308616638, "min": -1.88007044792, "var": 42.222743988}, "erbbands_skewness": {"dmean": 0.411836534739, "dmean2": 0.613233327866, "dvar": 0.199521139264, "dvar2": 0.43446418643, "max": 6.09201622009, "mean": 0.909995734692, "median": 0.962617099285, "min": -5.77638912201, "var": 1.65281450748}, "erbbands_spread": {"dmean": 5.38256883621, "dmean2": 7.98233938217, "dvar": 67.306388855, "dvar2": 136.490859985, "max": 166.167984009, "mean": 25.7009868622, "median": 21.0833339691, "min": 0.78687620163, "var": 369.195678711}, "hfc": {"dmean": 2.92412638664, "dmean2": 4.05664205551, "dvar": 22.8244724274, "dvar2": 44.2428474426, "max": 94.4499282837, "mean": 14.3449287415, "median": 8.85279083252, "min": 1.21941840937e-16, "var": 228.922973633}, "melbands_crest": {"dmean": 2.4568772316, "dmean2": 3.82712817192, "dvar": 6.09526062012, "dvar2": 14.5217847824, "max": 33.1504478455, "mean": 15.0906658173, "median": 14.054848671, "min": 1.76111757755, "var": 34.5927848816}, "melbands_flatness_db": {"dmean": 0.0180504247546, "dmean2": 0.0258309468627, "dvar": 0.000347759400029, "dvar2": 0.000669574481435, "max": 0.568019211292, "mean": 0.267752230167, "median": 0.267365276814, "min": 0.00469600968063, "var": 0.00646616332233}, "melbands_kurtosis": {"dmean": 6.03384780884, "dmean2": 9.09475708008, "dvar": 192.969116211, "dvar2": 393.037017822, "max": 383.618560791, "mean": 15.7956418991, "median": 6.77414798737, "min": -1.93510496616, "var": 915.212890625}, "melbands_skewness": {"dmean": 0.552713513374, "dmean2": 0.816148936749, "dvar": 0.475561261177, "dvar2": 0.989140570164, "max": 16.0200824738, "mean": 2.20262312889, "median": 1.90032804012, "min": -3.77336025238, "var": 3.82244420052}, "melbands_spread": {"dmean": 3.88727259636, "dmean2": 5.89092588425, "dvar": 51.108631134, "dvar2": 103.932884216, "max": 174.687774658, "mean": 16.8311691284, "median": 11.3057727814, "min": 0.307492315769, "var": 349.918884277}, "pitch_salience": {"dmean": 0.0533789359033, "dmean2": 0.0829331949353, "dvar": 0.00268837995827, "dvar2": 0.00625667860731, "max": 0.923499882221, "mean": 0.52079898119, "median": 0.521732509136, "min": 0.055953707546, "var": 0.0202535260469}, "silence_rate_20dB": {"dmean": 0, "dmean2": 0, "dvar": 0, "dvar2": 0, "max": 1, "mean": 1, "median": 1, "min": 1, "var": 0}, "silence_rate_30dB": {"dmean": 0.000235571264056, "dmean2": 0.000471198029118, "dvar": 0.000235503495787, "dvar2": 0.000706525810529, "max": 1, "mean": 0.999882221222, "median": 1, "min": 0, "var": 0.000117754811072}, "silence_rate_60dB": {"dmean": 0.0212014131248, "dmean2": 0.0424078218639, "dvar": 0.0207498725504, "dvar2": 0.0467367134988, "max": 1, "mean": 0.197856560349, "median": 0, "min": 0, "var": 0.158702328801}, "spectral_centroid": {"dmean": 120.717666626, "dmean2": 180.435882568, "dvar": 39278.7851562, "dvar2": 72620.6484375, "max": 11252.6826172, "mean": 877.433654785, "median": 712.176635742, "min": 153.577392578, "var": 380297.4375}, "spectral_complexity": {"dmean": 1.13969373703, "dmean2": 1.87890207767, "dvar": 1.66247832775, "dvar2": 3.87713980675, "max": 31, "mean": 8.36073493958, "median": 7, "min": 0, "var": 26.7282371521}, "spectral_decrease": {"dmean": 1.13396136925e-09, "dmean2": 1.67808200668e-09, "dvar": 2.77704673482e-18, "dvar2": 6.53769021371e-18, "max": 1.27887787234e-16, "mean": -5.43753886362e-09, "median": -4.02728694837e-09, "min": -2.66065391941e-08, "var": 2.51794158964e-17}, "spectral_energy": {"dmean": 0.00446345238015, "dmean2": 0.00659832498059, "dvar": 4.24530298915e-05, "dvar2": 9.97858514893e-05, "max": 0.10558784008, "mean": 0.0218235738575, "median": 0.0164265055209, "min": 1.12048593307e-20, "var": 0.000400963413995}, "spectral_energyband_high": {"dmean": 0.000111794652184, "dmean2": 0.000150458115968, "dvar": 1.54433649868e-07, "dvar2": 2.48305298101e-07, "max": 0.00926990993321, "mean": 0.000298918603221, "median": 5.47830240976e-05, "min": 8.14522972035e-21, "var": 6.19543470748e-07}, "spectral_energyband_low": {"dmean": 0.00130407325923, "dmean2": 0.00199286150746, "dvar": 7.62347599448e-06, "dvar2": 1.89585807675e-05, "max": 0.047981262207, "mean": 0.00306770415045, "median": 0.000941340927966, "min": 6.04155245824e-23, "var": 3.33954230882e-05}, "spectral_energyband_middle_high": {"dmean": 0.00116618501488, "dmean2": 0.00158225325868, "dvar": 6.06702178629e-06, "dvar2": 1.2796320334e-05, "max": 0.0676227658987, "mean": 0.0042260014452, "median": 0.00129638239741, "min": 1.67563840669e-21, "var": 4.3288917368e-05}, "spectral_energyband_middle_low": {"dmean": 0.00374932517298, "dmean2": 0.00552627211437, "dvar": 3.5252654925e-05, "dvar2": 8.04946466815e-05, "max": 0.0958440303802, "mean": 0.0161770433187, "median": 0.0108270449564, "min": 4.5678600704e-22, "var": 0.000261301815044}, "spectral_entropy": {"dmean": 0.154155135155, "dmean2": 0.22065128386, "dvar": 0.0309098642319, "dvar2": 0.0555456392467, "max": 9.80011558533, "mean": 6.83177757263, "median": 6.79897642136, "min": 4.40547180176, "var": 0.453567743301}, "spectral_flux": {"dmean": 0.0140535803512, "dmean2": 0.0227254163474, "dvar": 0.000381967838621, "dvar2": 0.000953791721258, "max": 0.254003822803, "mean": 0.0439768582582, "median": 0.0373483747244, "min": 1.05853006915e-10, "var": 0.00120430078823}, "spectral_kurtosis": {"dmean": 2.5941734314, "dmean2": 4.27346944809, "dvar": 12.0720911026, "dvar2": 32.6318664551, "max": 63.8610687256, "mean": 9.15257167816, "median": 7.57649421692, "min": -1.27570283413, "var": 44.7211456299}, "spectral_rms": {"dmean": 0.000433039560448, "dmean2": 0.000631723669358, "dvar": 3.02883535142e-07, "dvar2": 6.62827005726e-07, "max": 0.0101495087147, "mean": 0.00399135472253, "median": 0.004003230948, "min": 3.30629252275e-12, "var": 5.36037396159e-06}, "spectral_rolloff": {"dmean": 269.576751709, "dmean2": 469.727203369, "dvar": 914954.1875, "dvar2": 1876699.25, "max": 19982.8125, "mean": 1390.3248291, "median": 775.1953125, "min": 129.19921875, "var": 6601416.5}, "spectral_skewness": {"dmean": 0.270197540522, "dmean2": 0.426154732704, "dvar": 0.0848232358694, "dvar2": 0.206101998687, "max": 6.28457927704, "mean": 2.28698992729, "median": 2.25941228867, "min": -0.0209408476949, "var": 0.582499027252}, "spectral_spread": {"dmean": 481090.125, "dmean2": 685707.5625, "dvar": 671053578240, "dvar2": 1068418138110.0, "max": 38655436, "mean": 4499132, "median": 4024851.25, "min": 1216211, "var": 5263878782980.0}, "spectral_strongpeak": {"dmean": 0.459141880274, "dmean2": 0.720711171627, "dvar": 0.653073072433, "dvar2": 1.42965614796, "max": 10.8863592148, "mean": 1.55435609818, "median": 0.97183817625, "min": 0, "var": 2.75149226189}, "zerocrossingrate": {"dmean": 0.00714581506327, "dmean2": 0.00824481528252, "dvar": 0.000166237659869, "dvar2": 0.000160610637977, "max": 0.689453125, "mean": 0.0539043880999, "median": 0.0380859375, "min": 0.00634765625, "var": 0.00516649661586}, "barkbands": {"dmean": [3.02077137349e-06, 3.86977808375e-05, 0.00062773207901, 0.000991258420981, 0.00155780417845, 0.0010166981956, 0.000758969283197, 0.000882812484633, 0.000534529041033, 0.000530902354512, 0.000135543479701, 0.00053190800827, 0.000180814255145, 0.000212598301005, 0.000137167691719, 5.59597829124e-05, 6.81380697642e-05, 3.30369257426e-05, 1.98600100703e-05, 2.01346974791e-05, 1.63483382494e-05, 1.58833590831e-05, 2.46118943323e-05, 2.9459810321e-05, 2.8861230021e-05, 1.76740068127e-05, 4.4947414608e-06], "dmean2": [5.19106333741e-06, 6.16681572865e-05, 0.00101616547909, 0.00146094011143, 0.00241400999948, 0.00162761600222, 0.00103482964914, 0.00121600704733, 0.000708959356416, 0.000722916738596, 0.00019508349942, 0.000728469574824, 0.000265035050688, 0.000303347856971, 0.000203361036256, 9.02327083168e-05, 0.00010950993601, 5.50725599169e-05, 3.04688983306e-05, 3.19414466503e-05, 2.4800430765e-05, 2.37252552324e-05, 3.39938560501e-05, 4.15447757405e-05, 4.16639013565e-05, 2.54716414929e-05, 6.55557550999e-06], "dvar": [1.35497765785e-10, 1.15798499678e-08, 1.92761831386e-06, 4.71716703032e-06, 1.06157531263e-05, 6.10152665104e-06, 4.26188762503e-06, 6.84639599058e-06, 3.76156913262e-06, 2.16323769564e-06, 3.05205333007e-07, 3.21792140312e-06, 5.04475508478e-07, 4.89890794597e-07, 3.69286993873e-07, 7.90639802517e-08, 3.92820957984e-08, 9.65602087177e-09, 2.90227464284e-09, 3.22231574756e-09, 4.2472079187e-09, 9.67497015836e-09, 1.39787159625e-08, 1.29934401016e-08, 9.77438840977e-09, 5.75480774145e-09, 5.11721331975e-10], "dvar2": [3.72968239626e-10, 2.84865997457e-08, 5.78342314839e-06, 9.6335534181e-06, 2.49597324e-05, 1.66523514054e-05, 8.50458400237e-06, 1.42448598126e-05, 6.68807842885e-06, 4.7081834964e-06, 6.75498426972e-07, 6.56237443764e-06, 1.18101263524e-06, 9.4498557246e-07, 6.9429273708e-07, 2.07046426226e-07, 1.08374322849e-07, 2.58029011491e-08, 6.41739195117e-09, 8.06341393655e-09, 9.22009224524e-09, 2.31652297344e-08, 2.52713210358e-08, 2.40421886843e-08, 1.98527931872e-08, 1.14572138443e-08, 1.0134231232e-09], "max": [0.000354884425178, 0.00387385394424, 0.0205772425979, 0.0556343123317, 0.0555417761207, 0.0705382153392, 0.0590603277087, 0.074058778584, 0.0551995448768, 0.0342958532274, 0.0235213041306, 0.0465714000165, 0.0204143896699, 0.0224925111979, 0.0263603255153, 0.0159147642553, 0.00535068940371, 0.00197028648108, 0.00289061339572, 0.00183460745029, 0.00406316947192, 0.00629646517336, 0.00302341580391, 0.00335340178572, 0.00219683907926, 0.0020370085258, 0.000716798123904], "mean": [3.11185567625e-06, 0.000143844255945, 0.0012924639741, 0.00267754425295, 0.00393982185051, 0.00240363972262, 0.00228364486247, 0.00235061417334, 0.00189325632527, 0.00142828130629, 0.000316710851621, 0.00131108809728, 0.000365848420188, 0.000470020255307, 0.000287653616397, 0.000102684913145, 0.00013322859013, 5.82436296099e-05, 4.08667656302e-05, 3.89161868952e-05, 3.30313996528e-05, 3.13630807796e-05, 4.72776337119e-05, 6.35936958133e-05, 6.16288089077e-05, 3.66716485587e-05, 8.53443088999e-06], "median": [7.52225275846e-07, 3.28448695655e-05, 0.000464781041956, 0.000472647836432, 0.001743436791, 0.0006860839203, 0.000453151063994, 0.000289215589873, 5.10174322699e-05, 6.6576176323e-05, 1.69770828506e-05, 6.86196581228e-05, 2.23286879191e-05, 2.87826660497e-05, 1.78947630047e-05, 1.2605863958e-05, 3.6980414734e-05, 1.76488520083e-05, 1.22580740936e-05, 5.935752597e-06, 6.92652793077e-06, 3.3883316064e-06, 2.70320583695e-06, 4.59671582576e-06, 5.65696473132e-06, 2.5815245408e-06, 4.94793766848e-07], "min": [1.63879857717e-23, 1.01571537123e-23, 1.2959332798e-23, 6.09821412825e-23, 2.69390098453e-23, 6.74180535114e-23, 1.22873589909e-23, 9.65918274152e-23, 1.53487833292e-22, 6.82486356922e-23, 4.45835721529e-23, 9.39301097468e-23, 1.62371517801e-22, 7.17437817516e-23, 1.0969899748e-22, 2.37142089426e-22, 1.90869704914e-22, 2.12971567995e-22, 2.53210946251e-22, 4.40613929343e-22, 5.44353051129e-22, 5.67030340908e-22, 4.99305635075e-22, 8.48039760961e-22, 1.25703533743e-21, 1.88012175561e-21, 2.52628249411e-21], "var": [1.23944951524e-10, 7.58156701863e-08, 4.80169865114e-06, 3.27164125338e-05, 3.11964067805e-05, 2.29401157412e-05, 2.44092079811e-05, 2.94897126878e-05, 3.98582087655e-05, 9.87973635347e-06, 1.3826106624e-06, 1.48363651533e-05, 1.743777716e-06, 2.66550637207e-06, 1.78412494733e-06, 1.61314133607e-07, 8.76587336052e-08, 1.43355993742e-08, 1.03090025405e-08, 8.2295832371e-09, 8.5774001235e-09, 1.27827028962e-08, 4.47489867383e-08, 4.10444513932e-08, 2.82452425893e-08, 1.53291388472e-08, 1.08023290313e-09]}, "erbbands": {"dmean": [0.00048773852177, 0.0163484904915, 0.428552657366, 2.66583418846, 3.31440615654, 4.52557706833, 10.0406188965, 6.91230297089, 12.254817009, 9.77034664154, 22.019285202, 13.5668678284, 13.7609987259, 13.871380806, 6.9465007782, 25.3315391541, 8.90877723694, 11.3211164474, 9.25913047791, 3.23592591286, 2.901491642, 2.69573521614, 2.14942288399, 0.711153328419, 1.15428221226, 1.00702047348, 0.542047083378, 0.725613415241, 0.64361423254, 0.419367671013, 0.773839116096, 0.68470710516, 0.492472201586, 0.359707117081, 0.202283486724, 0.0871607363224, 0.0341936647892, 0.00731898611411, 0.000756886322051, 3.42153798556e-05], "dmean2": [0.000818054075353, 0.0261474791914, 0.686189055443, 3.9988629818, 5.1134428978, 6.85582828522, 16.3139076233, 10.7916593552, 16.8669013977, 13.6984806061, 29.7114219666, 17.8340072632, 18.4419975281, 18.8997859955, 10.2421236038, 34.0867843628, 12.6344537735, 16.4066333771, 13.3768644333, 4.99576711655, 4.64323043823, 4.34184360504, 3.57815980911, 1.13261926174, 1.77615392208, 1.57965564728, 0.830561280251, 1.08909094334, 0.949241757393, 0.5837854743, 1.09885835648, 0.957550108433, 0.703493773937, 0.517490983009, 0.29940623045, 0.127061024308, 0.0510187298059, 0.010643937625, 0.00109339645132, 4.90174716106e-05], "dvar": [2.12082250073e-06, 0.0012955670245, 0.792166113853, 33.2182769775, 36.9643592834, 120.388977051, 1164.60620117, 332.467651367, 877.542724609, 1530.21252441, 3845.19335938, 2232.43945312, 1941.73999023, 2137.99951172, 467.091033936, 7999.08496094, 1007.62670898, 1319.7097168, 1315.69238281, 182.540313721, 97.7754898071, 49.020652771, 39.7346954346, 3.78585338593, 10.9766359329, 9.28713035583, 2.47654128075, 13.1003503799, 15.7299747467, 3.09155082703, 15.3311367035, 8.89772415161, 3.34120893478, 1.65733218193, 0.433284938335, 0.103280819952, 0.026209615171, 0.0013640888501, 1.51621316036e-05, 2.01183674164e-08], "dvar2": [4.93099560117e-06, 0.00331012834795, 2.28722262383, 73.6221618652, 87.1315383911, 264.522247314, 3048.62109375, 848.214538574, 1683.91674805, 3216.51000977, 7743.05664062, 4135.76757812, 3674.29980469, 4672.015625, 1149.84130859, 15826.6728516, 2267.01831055, 2827.98583984, 2457.2644043, 468.968292236, 249.944198608, 129.265563965, 102.508285522, 9.78232288361, 22.7878780365, 23.8312225342, 5.4751086235, 25.9168777466, 35.8214683533, 5.82705450058, 29.5480728149, 16.5343379974, 6.38036203384, 3.40185046196, 0.921762526035, 0.210258468986, 0.0556844212115, 0.00275211781263, 2.99679886666e-05, 3.8347618414e-08], "max": [0.0666573867202, 1.01089990139, 13.6050128937, 106.99596405, 143.440673828, 235.312194824, 593.180175781, 767.447387695, 775.557678223, 1388.33374023, 2023.10778809, 1549.02856445, 1320.09008789, 1263.44006348, 643.27746582, 2374.21337891, 966.158996582, 1046.17700195, 1488.2154541, 709.988220215, 305.37097168, 172.400283813, 142.934463501, 79.0771102905, 208.421844482, 78.4634933472, 54.6420516968, 228.002410889, 257.41519165, 61.0568008423, 101.974372864, 106.902381897, 57.2220001221, 30.0851726532, 15.6921663284, 8.49931049347, 4.49699878693, 0.996882200241, 0.141370460391, 0.0038873902522], "mean": [0.00121099734679, 0.0578584559262, 1.01194763184, 6.57282447815, 10.436457634, 11.7469549179, 15.4845905304, 19.5380516052, 40.2143363953, 24.9341049194, 63.9900474548, 51.6984367371, 40.72290802, 34.6266021729, 17.9579086304, 64.7286071777, 20.9341201782, 26.2602443695, 20.5992221832, 7.08705759048, 6.15399694443, 5.62750720978, 4.18853855133, 1.598326087, 2.51231074333, 1.99683213234, 1.17257106304, 1.45771813393, 1.26241612434, 0.848858177662, 1.44338738918, 1.38271677494, 1.04952764511, 0.735887527466, 0.410287439823, 0.180087804794, 0.0660765022039, 0.0134686855599, 0.00143305363599, 8.90906012501e-05], "median": [0.000591473071836, 0.0223617907614, 0.445604234934, 1.38465631008, 5.05627536774, 3.50731754303, 2.15194892883, 5.64754724503, 11.3076353073, 3.69286227226, 11.5987672806, 3.18693041801, 2.19981336594, 1.96989929676, 1.7319214344, 3.39971518517, 2.12999558449, 2.38235855103, 1.6206202507, 0.842071115971, 1.26360285282, 1.99174451828, 1.4040017128, 0.692823052406, 0.544079720974, 0.300185531378, 0.284648895264, 0.239664316177, 0.135467350483, 0.0924203470349, 0.0743926540017, 0.0818011760712, 0.0770552828908, 0.0588904060423, 0.0324751026928, 0.0136577598751, 0.0040864427574, 0.000784361502156, 9.20261227293e-05, 3.19482423947e-05], "min": [2.04493585183e-22, 2.78247240633e-21, 1.43031483255e-20, 1.17876765731e-19, 1.3808224193e-19, 8.03687519934e-20, 2.11533036892e-19, 7.54935846925e-19, 2.24844311652e-19, 7.76208657533e-19, 2.36300685588e-18, 3.15674269511e-18, 3.66170399224e-18, 1.74152062587e-18, 3.11418694093e-18, 3.3800047395e-18, 6.7276600996e-18, 4.2090390638e-18, 4.57010009246e-18, 9.81614405736e-18, 1.16707748078e-17, 1.23557779623e-17, 1.1857501732e-17, 1.38766479529e-17, 1.51799338737e-17, 2.06509296062e-17, 2.09641299646e-17, 1.97679043761e-17, 1.64649424117e-17, 2.35662466115e-17, 1.28355385816e-17, 1.46504142046e-17, 1.64511979787e-17, 1.24272695282e-17, 1.04277895264e-17, 7.26728874299e-18, 3.60643757397e-18, 1.33797518736e-18, 3.46827757706e-19, 3.75868705457e-20], "var": [3.92463016397e-06, 0.00805329997092, 2.2550766468, 181.22215271, 208.191299438, 456.625823975, 1595.65637207, 2010.94848633, 6111.83007812, 5323.28662109, 19145.4980469, 26965.1582031, 10281.6171875, 8646.40527344, 1878.45263672, 37976.8554688, 3881.54882812, 6583.17529297, 6435.60302734, 557.130187988, 252.670181274, 115.568183899, 68.3700866699, 8.96601963043, 44.4378623962, 23.7082557678, 6.91931152344, 23.9397792816, 21.6288890839, 9.5302438736, 44.7530136108, 27.6899032593, 9.69918727875, 4.62181615829, 1.176679492, 0.295561879873, 0.0583573542535, 0.0030273986049, 2.9991606425e-05, 4.8925620888e-08]}, "gfcc": {"mean": [-90.3084030151, 99.8890914917, -101.733169556, -0.0760632455349, -59.2637901306, -7.63679122925, -47.1505393982, -0.791031599045, -31.3868370056, -4.54144668579, -20.538192749, -7.63462352753, -19.2834205627], "cov": [[20986.640625, 353.180297852, 146.899902344, -1343.1307373, -1559.02490234, 513.406005859, -1073.70202637, -273.270721436, -807.685241699, -193.157089233, -604.186950684, -454.578857422, -380.964752197], [353.180297852, 1877.1895752, -331.104980469, 140.816680908, 309.327484131, -309.717590332, 112.913635254, -107.272148132, -12.9266138077, -75.9507293701, 36.8316612244, -126.540107727, -22.2458095551], [146.899902344, -331.104980469, 954.801147461, -9.61557769775, -61.1513748169, 120.418052673, -175.992614746, 18.1778297424, 23.2000732422, 37.0046310425, -20.6617393494, -5.04111528397, -89.7695541382], [-1343.1307373, 140.816680908, -9.61557769775, 703.866882324, 290.927368164, -131.352050781, 31.51953125, -78.1071929932, 115.662353516, 10.3312311172, 76.0618209839, 17.3738517761, 41.8663711548], [-1559.02490234, 309.327484131, -61.1513748169, 290.927368164, 480.928070068, 2.75736689568, 73.2199478149, -65.4092254639, 60.320224762, 30.5187778473, 58.4173278809, -7.58868646622, 16.7047653198], [513.406005859, -309.717590332, 120.418052673, -131.352050781, 2.75736689568, 349.575073242, 71.1399765015, -0.806203842163, -78.9247589111, 3.31778645515, -28.0529499054, 2.38082909584, -40.7024383545], [-1073.70202637, 112.913635254, -175.992614746, 31.51953125, 73.2199478149, 71.1399765015, 403.734771729, 80.0985565186, -48.787071228, -61.6198043823, 6.09526872635, 27.024930954, 4.75672054291], [-273.270721436, -107.272148132, 18.1778297424, -78.1071929932, -65.4092254639, -0.806203842163, 80.0985565186, 226.38861084, 19.2355098724, -37.6019592285, -48.0373802185, 30.2807826996, 19.7288799286], [-807.685241699, -12.9266138077, 23.2000732422, 115.662353516, 60.320224762, -78.9247589111, -48.787071228, 19.2355098724, 188.850448608, 49.3943214417, 3.05076432228, -13.2906885147, 14.7921218872], [-193.157089233, -75.9507293701, 37.0046310425, 10.3312311172, 30.5187778473, 3.31778645515, -61.6198043823, -37.6019592285, 49.3943214417, 155.180679321, 39.3275947571, -35.3372955322, -32.8088989258], [-604.186950684, 36.8316612244, -20.6617393494, 76.0618209839, 58.4173278809, -28.0529499054, 6.09526872635, -48.0373802185, 3.05076432228, 39.3275947571, 141.749862671, 38.481967926, -14.7642383575], [-454.578857422, -126.540107727, -5.04111528397, 17.3738517761, -7.58868646622, 2.38082909584, 27.024930954, 30.2807826996, -13.2906885147, -35.3372955322, 38.481967926, 159.187194824, 42.9375038147], [-380.964752197, -22.2458095551, -89.7695541382, 41.8663711548, 16.7047653198, -40.7024383545, 4.75672054291, 19.7288799286, 14.7921218872, -32.8088989258, -14.7642383575, 42.9375038147, 133.279571533]], "icov": [[0.000162648211699, -0.00017866602866, 0.000129605265101, -0.000127507184516, 0.00051851477474, -0.000418453098973, 0.00057219149312, 2.76000682788e-05, 0.00051603425527, 3.6484318116e-05, 0.000495373795275, 0.000115653216199, 0.000314476230415], [-0.00017866602866, 0.00115716003347, -4.66648962174e-05, 0.000430494517786, -0.00133883196395, 0.00154765334446, -0.000911270268261, 0.000336703611538, -0.000265899347141, 0.000678847602103, -0.00063597294502, 0.000630374182947, 6.19996935711e-05], [0.000129605265101, -4.66648962174e-05, 0.00150135625154, -0.000357991666533, 0.000468772253953, -0.000888203387149, 0.00122891645879, -0.000396108051063, 0.000269346317509, 0.000150255931658, 0.000528695236426, -9.15433411137e-05, 0.00126627937425], [-0.000127507184516, 0.000430494517786, -0.000357991666533, 0.00256990711205, -0.00177379266825, 0.00141698250081, -0.000955382478423, 0.000866914168, -0.00133455358446, 0.00066028884612, -0.000954183284193, -1.33476783049e-06, -0.000574792153202], [0.00051851477474, -0.00133883196395, 0.000468772253953, -0.00177379266825, 0.00541243655607, -0.00283360527828, 0.00149562524166, 0.000344188796589, 0.000758792739362, -0.000723539153114, 0.000998707488179, 0.000194598149392, 0.000269135460258], [-0.000418453098973, 0.00154765334446, -0.000888203387149, 0.00141698250081, -0.00283360527828, 0.00637545762584, -0.00281113968231, 0.000898948870599, 0.000330609240336, -0.000174502129084, -0.000123664518469, -0.000115523384011, 0.00023215978581], [0.00057219149312, -0.000911270268261, 0.00122891645879, -0.000955382478423, 0.00149562524166, -0.00281113968231, 0.00584630761296, -0.00179509632289, 0.00246018939652, 0.00102900213096, 0.00110380433034, 0.000237421132624, 0.00164844293613], [2.76000682788e-05, 0.000336703611538, -0.000396108051063, 0.000866914168, 0.000344188796589, 0.000898948870599, -0.00179509632289, 0.00649001728743, -0.00147936365101, 0.000710456457455, 0.00192821933888, -0.00107338710222, -0.000170774917933], [0.00051603425527, -0.000265899347141, 0.000269346317509, -0.00133455358446, 0.000758792739362, 0.000330609240336, 0.00246018939652, -0.00147936365101, 0.00954509153962, -0.00235177739523, 0.00243914523162, 0.000855076417793, 0.00052475038683], [3.6484318116e-05, 0.000678847602103, 0.000150255931658, 0.00066028884612, -0.000723539153114, -0.000174502129084, 0.00102900213096, 0.000710456457455, -0.00235177739523, 0.00992580968887, -0.00313967140391, 0.00258820946328, 0.00152967567556], [0.000495373795275, -0.00063597294502, 0.000528695236426, -0.000954183284193, 0.000998707488179, -0.000123664518469, 0.00110380433034, 0.00192821933888, 0.00243914523162, -0.00313967140391, 0.0122339185327, -0.00373256136663, 0.00299201509915], [0.000115653216199, 0.000630374182947, -9.15433411137e-05, -1.33476783049e-06, 0.000194598149392, -0.000115523384011, 0.000237421132624, -0.00107338710222, 0.000855076417793, 0.00258820946328, -0.00373256136663, 0.00949882064015, -0.00246609840542], [0.000314476230415, 6.19996935711e-05, 0.00126627937425, -0.000574792153202, 0.000269135460258, 0.00023215978581, 0.00164844293613, -0.000170774917933, 0.00052475038683, 0.00152967567556, 0.00299201509915, -0.00246609840542, 0.0108935730532]]}, "melbands": {"dmean": [6.67489030093e-06, 0.00016037277237, 0.000434412999311, 0.000252094730968, 0.000329886592226, 0.000170704151969, 0.000182296615094, 0.000113646470709, 0.000178916103323, 7.57616144256e-05, 6.89273656462e-05, 5.93981276324e-05, 2.16570624616e-05, 5.90467498114e-05, 3.68152650481e-05, 1.75924797077e-05, 2.32520851569e-05, 1.57168760779e-05, 6.48927607472e-06, 4.86988346893e-06, 3.77122023565e-06, 3.19031596518e-06, 3.29837030222e-06, 1.35796676659e-06, 5.49438709641e-07, 9.13248015877e-07, 7.8718005625e-07, 7.04501701421e-07, 3.27289967572e-07, 4.61833110421e-07, 4.61970614651e-07, 4.50927899465e-07, 2.30738763207e-07, 2.62766519654e-07, 4.49119880841e-07, 5.62673676541e-07, 3.99675485596e-07, 3.46909928339e-07, 3.70597234678e-07, 3.09268813226e-07], "dmean2": [1.082300696e-05, 0.000260116707068, 0.000657399883494, 0.000387569773011, 0.00053041864885, 0.000265923707047, 0.000253047590377, 0.000159440067364, 0.000239560060436, 0.000100340163044, 9.23303887248e-05, 8.13009028207e-05, 3.18779384543e-05, 8.15580860944e-05, 5.01066424476e-05, 2.5717092285e-05, 3.36420853273e-05, 2.25412240979e-05, 9.64073115028e-06, 7.85289375926e-06, 6.11391715211e-06, 5.17152693646e-06, 5.55532187718e-06, 2.23224583351e-06, 8.83750260527e-07, 1.4203532146e-06, 1.22947722048e-06, 1.1239479818e-06, 5.13787483669e-07, 7.30293834295e-07, 7.10119195446e-07, 6.81951405568e-07, 3.48396895333e-07, 3.69209658402e-07, 6.50659046642e-07, 8.07931371583e-07, 5.6754072375e-07, 5.1229045539e-07, 5.29377416569e-07, 4.61414373376e-07], "dvar": [3.92580828956e-10, 1.15827994307e-07, 7.30644956093e-07, 2.33872711419e-07, 1.14652425509e-06, 1.81636679031e-07, 2.00213392532e-07, 1.83267019338e-07, 2.28492936571e-07, 7.39437098218e-08, 4.84713531534e-08, 4.1575546561e-08, 6.8284453647e-09, 3.98831367932e-08, 1.3184697778e-08, 4.49998749374e-09, 5.64521096535e-09, 3.19624304801e-09, 7.62762297768e-10, 7.98541621716e-10, 1.46463549622e-10, 8.36789179615e-11, 1.2079627576e-10, 1.76642537403e-11, 3.04687828787e-12, 7.87314571177e-12, 4.91755811419e-12, 5.56767696183e-12, 1.20910594904e-12, 2.58308825718e-12, 5.9546716516e-12, 1.15460445024e-11, 8.32010838264e-13, 1.35334018297e-12, 5.56237564689e-12, 7.77372610727e-12, 2.67703524279e-12, 1.65800999232e-12, 1.80665508595e-12, 1.23271781238e-12], "dvar2": [9.63771396023e-10, 3.44329038171e-07, 1.61813625255e-06, 5.52519793473e-07, 2.8986921734e-06, 4.61209452851e-07, 3.93146905253e-07, 3.90975742448e-07, 4.51957106407e-07, 1.36052520361e-07, 9.17128204492e-08, 9.13467417263e-08, 1.58149866536e-08, 8.33740898543e-08, 2.69623630089e-08, 1.03867430212e-08, 1.16165965736e-08, 6.04922734126e-09, 1.46397660661e-09, 2.14854134484e-09, 3.80655451604e-10, 2.33647795556e-10, 3.20688087196e-10, 4.26209206816e-11, 8.21451327099e-12, 1.75177407302e-11, 1.17081344619e-11, 1.42761835339e-11, 2.5786469314e-12, 5.84271693527e-12, 1.19617215438e-11, 2.76479013295e-11, 1.84998609314e-12, 2.72836202415e-12, 1.14962761533e-11, 1.58856174742e-11, 5.27085363203e-12, 3.32220210543e-12, 3.63026102235e-12, 2.7121039789e-12], "max": [0.000885054701939, 0.00500137545168, 0.0181422848254, 0.0114115057513, 0.0173974521458, 0.0160853266716, 0.0124401124194, 0.014627462253, 0.0149209145457, 0.00834915973246, 0.00654945569113, 0.00562530616298, 0.00318912952207, 0.00522928871214, 0.00257750530727, 0.0020236435812, 0.00242844852619, 0.00209610839374, 0.00130339188036, 0.00172496179584, 0.000331561197527, 0.000271803117357, 0.000350567046553, 0.000106359810161, 7.60127441026e-05, 0.000148972219904, 7.40296964068e-05, 6.33593226667e-05, 4.30700492871e-05, 7.1486523666e-05, 0.000150290652527, 0.000228986609727, 2.25882195082e-05, 4.48768951173e-05, 6.51942609693e-05, 9.02177634998e-05, 6.26204637229e-05, 4.29806423199e-05, 3.79953708034e-05, 2.31251633522e-05], "mean": [2.22578273679e-05, 0.000372706679627, 0.00121737713926, 0.000781708338764, 0.000556291197427, 0.0004719576973, 0.00059303449234, 0.000277733954135, 0.000536444771569, 0.000279273546766, 0.000194987122086, 0.000142878765473, 5.10309364472e-05, 0.000143890996696, 9.37136283028e-05, 3.47937857441e-05, 5.23241069459e-05, 3.43402352883e-05, 1.3869891518e-05, 8.83789653017e-06, 7.30555666451e-06, 6.05730519965e-06, 5.82273469263e-06, 2.37170820583e-06, 1.04598962025e-06, 1.76893877324e-06, 1.58480531809e-06, 1.27100963709e-06, 6.45324689685e-07, 8.42466135964e-07, 8.56383110204e-07, 8.147175663e-07, 4.29237559274e-07, 4.91210244036e-07, 7.68438781051e-07, 1.00502109035e-06, 7.72546627559e-07, 7.07434878677e-07, 7.22098207007e-07, 5.86009718972e-07], "median": [5.88803141e-06, 0.000164064345881, 0.000390672328649, 0.000361615238944, 7.38725284464e-05, 0.000133763751364, 0.000161210380611, 3.67832908523e-05, 8.01538408268e-05, 9.99211806629e-06, 9.52349455474e-06, 6.71815087117e-06, 3.07729669657e-06, 7.94634070189e-06, 5.1305805755e-06, 2.52255222222e-06, 3.30710167873e-06, 2.30397427003e-06, 1.06299546587e-06, 7.85154043115e-07, 1.43369800298e-06, 1.78755840352e-06, 1.69560371432e-06, 6.89040007273e-07, 3.90444427012e-07, 3.74785230406e-07, 2.62541874463e-07, 1.4570181861e-07, 1.30911729457e-07, 1.88733039863e-07, 9.9159592537e-08, 7.41242800473e-08, 4.29537294622e-08, 4.46838548385e-08, 3.45408714963e-08, 3.54059856988e-08, 4.20873469409e-08, 4.32282760698e-08, 4.36013181115e-08, 3.82671672128e-08], "min": [3.29812923155e-24, 5.92695652781e-24, 2.21641420711e-23, 6.70538080325e-24, 6.84977626993e-24, 1.50448143965e-23, 3.13146619367e-24, 1.17262635282e-23, 1.83909667189e-23, 2.17552107774e-23, 1.80114788696e-23, 6.34390028179e-24, 8.00655795704e-24, 1.28955076399e-23, 1.03091853525e-23, 1.40891914513e-23, 7.01346569662e-24, 7.07972606835e-24, 9.70930002146e-24, 1.59365916731e-23, 1.2380091168e-23, 1.29307815553e-23, 1.02026023556e-23, 1.03254658639e-23, 1.15334643453e-23, 8.07909371727e-24, 1.51381208643e-23, 1.28477216017e-23, 1.12414043723e-23, 1.48065531595e-23, 1.0668839661e-23, 8.91136248266e-24, 1.11193194698e-23, 1.25168260064e-23, 6.87394933464e-24, 7.49261113298e-24, 9.77419724155e-24, 1.1678568209e-23, 9.90441687776e-24, 1.07081793655e-23], "var": [1.75578118711e-09, 3.04948628127e-07, 4.45940077043e-06, 1.02113540379e-06, 1.84680311577e-06, 1.0514652331e-06, 1.35308982863e-06, 5.88015609537e-07, 1.21903872241e-06, 8.31780198496e-07, 2.55654043713e-07, 1.64299478911e-07, 2.98545437261e-08, 1.7795058227e-07, 6.20390494532e-08, 1.41269680398e-08, 3.07185032966e-08, 1.507228653e-08, 3.80554743273e-09, 1.63199809222e-09, 3.31533550613e-10, 1.66579944283e-10, 1.96465288482e-10, 2.8241190636e-11, 5.96061394686e-12, 2.54798335209e-11, 1.3859888931e-11, 1.27666184915e-11, 2.82757823232e-12, 5.13982302899e-12, 1.00386938345e-11, 1.26293281388e-11, 1.94813826529e-12, 3.74541717085e-12, 1.37082151186e-11, 2.11578237569e-11, 7.6713297173e-12, 4.53267067976e-12, 4.62257532599e-12, 3.14608560557e-12]}, "mfcc": {"mean": [-742.436096191, 146.132400513, 5.61791372299, 10.2586326599, 1.35058295727, -11.782371521, -8.06711864471, -9.62015724182, -7.28966188431, -10.8488121033, -3.81670546532, 1.37365102768, -8.04406642914], "cov": [[12429.8046875, 338.746002197, 522.70300293, -1508.77172852, -560.332580566, -173.863327026, -261.91229248, -368.031585693, -271.802062988, -236.132110596, -217.398361206, -373.992584229, -519.148925781], [338.746002197, 1747.00842285, -242.277389526, 208.964706421, 35.9213943481, -72.9540023804, 67.7046279907, -48.2909317017, -17.495634079, -17.4310970306, 77.3695755005, 10.3705663681, -65.2837295532], [522.70300293, -242.277389526, 793.680419922, -160.122879028, 88.5347747803, 14.4518356323, -64.8530960083, -16.4448204041, -50.3034744263, -26.3223457336, 45.0841560364, 3.35459852219, -29.2469520569], [-1508.77172852, 208.964706421, -160.122879028, 755.001159668, 235.794647217, 76.2199935913, -14.1112041473, -0.0514072887599, 18.0226173401, 20.9221057892, -35.0687675476, 86.5801544189, 127.948455811], [-560.332580566, 35.9213943481, 88.5347747803, 235.794647217, 430.058990479, 94.8265914917, -90.8082962036, -73.1961517334, -21.9842338562, 33.9074287415, -8.23352432251, 29.9883441925, 29.8903121948], [-173.863327026, -72.9540023804, 14.4518356323, 76.2199935913, 94.8265914917, 292.673278809, 87.3369827271, -2.66818499565, -38.1782913208, 14.2969760895, 25.44231987, 7.69547605515, -0.53155374527], [-261.91229248, 67.7046279907, -64.8530960083, -14.1112041473, -90.8082962036, 87.3369827271, 293.111358643, 123.739990234, 17.8779468536, -16.2656326294, 16.9939537048, 12.2500648499, 21.4854068756], [-368.031585693, -48.2909317017, -16.4448204041, -0.0514072887599, -73.1961517334, -2.66818499565, 123.739990234, 243.208724976, 86.2327651978, -37.3414955139, -16.2387180328, 10.0517702103, 40.7367172241], [-271.802062988, -17.495634079, -50.3034744263, 18.0226173401, -21.9842338562, -38.1782913208, 17.8779468536, 86.2327651978, 190.241165161, 25.3175983429, -15.4770908356, -22.2413101196, -7.10580873489], [-236.132110596, -17.4310970306, -26.3223457336, 20.9221057892, 33.9074287415, 14.2969760895, -16.2656326294, -37.3414955139, 25.3175983429, 192.066299438, 55.8372459412, -48.8600959778, -58.2398376465], [-217.398361206, 77.3695755005, 45.0841560364, -35.0687675476, -8.23352432251, 25.44231987, 16.9939537048, -16.2387180328, -15.4770908356, 55.8372459412, 187.77734375, 23.2272319794, -47.922416687], [-373.992584229, 10.3705663681, 3.35459852219, 86.5801544189, 29.9883441925, 7.69547605515, 12.2500648499, 10.0517702103, -22.2413101196, -48.8600959778, 23.2272319794, 171.373977661, 89.3531646729], [-519.148925781, -65.2837295532, -29.2469520569, 127.948455811, 29.8903121948, -0.53155374527, 21.4854068756, 40.7367172241, -7.10580873489, -58.2398376465, -47.922416687, 89.3531646729, 192.774520874]], "icov": [[0.000146747232066, -7.40730247344e-05, -7.14629350114e-05, 0.000227022348554, 0.000132621062221, -8.23313675937e-05, 0.000110965847853, 0.000148610284668, 0.000104459344584, 0.000149227882503, 0.000295209261822, 6.92274115863e-05, 0.000234260776779], [-7.40730247344e-05, 0.000756398483645, 0.000239935150603, -0.000388719403418, -0.000235466621234, 0.000490747392178, -0.000478008354548, 0.000172522544744, 2.95905647363e-05, 0.000317748374073, -0.000546057301108, 5.96164954914e-06, 0.000364337756764], [-7.14629350114e-05, 0.000239935150603, 0.00158534350339, 0.000269599666353, -0.000655530311633, 9.96774615487e-05, 0.000198205103516, -0.000359559402568, 0.000302133295918, 0.000341990526067, -0.000657520140521, -3.23666645272e-05, 7.21972319297e-05], [0.000227022348554, -0.000388719403418, 0.000269599666353, 0.00246487790719, -0.000748642079998, -0.000549892778508, 0.000408608291764, 2.60289652942e-05, -9.19613667065e-05, -0.00032541071414, 0.000769323087297, -0.000413936650148, -0.000770415819716], [0.000132621062221, -0.000235466621234, -0.000655530311633, -0.000748642079998, 0.00381969474256, -0.00141229107976, 0.00128949817736, 0.000607840833254, -8.20122222649e-05, -0.000487647543196, 0.000723108358216, -0.000264038040768, -4.16739676439e-05], [-8.23313675937e-05, 0.000490747392178, 9.96774615487e-05, -0.000549892778508, -0.00141229107976, 0.00494486093521, -0.00229372037575, 0.000335531542078, 0.000868155038916, 8.70624644449e-05, -0.000769495090935, 0.000211184902582, 0.000511050224304], [0.000110965847853, -0.000478008354548, 0.000198205103516, 0.000408608291764, 0.00128949817736, -0.00229372037575, 0.00589462276548, -0.00267963507213, 0.00047464997624, -0.000205914257094, -3.31362280122e-05, -0.000108002510387, -0.000404052785598], [0.000148610284668, 0.000172522544744, -0.000359559402568, 2.60289652942e-05, 0.000607840833254, 0.000335531542078, -0.00267963507213, 0.00727656204253, -0.00294110248797, 0.00140456052031, 0.000151710686623, 0.000340046011843, -0.00074949930422], [0.000104459344584, 2.95905647363e-05, 0.000302133295918, -9.19613667065e-05, -8.20122222649e-05, 0.000868155038916, 0.00047464997624, -0.00294110248797, 0.00725039886311, -0.00119134131819, 0.000720593612641, 0.000431551685324, 0.000868365226779], [0.000149227882503, 0.000317748374073, 0.000341990526067, -0.00032541071414, -0.000487647543196, 8.70624644449e-05, -0.000205914257094, 0.00140456052031, -0.00119134131819, 0.00758661562577, -0.00228843907826, 0.00213477108628, 0.00126906915102], [0.000295209261822, -0.000546057301108, -0.000657520140521, 0.000769323087297, 0.000723108358216, -0.000769495090935, -3.31362280122e-05, 0.000151710686623, 0.000720593612641, -0.00228843907826, 0.00805075280368, -0.00272900937125, 0.0024585861247], [6.92274115863e-05, 5.96164954914e-06, -3.23666645272e-05, -0.000413936650148, -0.000264038040768, 0.000211184902582, -0.000108002510387, 0.000340046011843, 0.000431551685324, 0.00213477108628, -0.00272900937125, 0.00927624478936, -0.00387722533196], [0.000234260776779, 0.000364337756764, 7.21972319297e-05, -0.000770415819716, -4.16739676439e-05, 0.000511050224304, -0.000404052785598, -0.00074949930422, 0.000868365226779, 0.00126906915102, 0.0024585861247, -0.00387722533196, 0.00949898269027]]}, "spectral_contrast_coeffs": {"dmean": [0.0394789427519, 0.0378049500287, 0.0312307439744, 0.0264208167791, 0.0209499914199, 0.0158653650433], "dmean2": [0.0653263553977, 0.0619964748621, 0.0499625205994, 0.0425096638501, 0.0340385437012, 0.0249007940292], "dvar": [0.00113325729035, 0.00104430713691, 0.000688999891281, 0.000481149094412, 0.000325283908751, 0.000228452612646], "dvar2": [0.00290607567877, 0.00269278837368, 0.00164479319938, 0.00117575400509, 0.000793507264461, 0.000507197517436], "max": [-0.253045409918, -0.277629315853, -0.387927889824, -0.511400520802, -0.531862974167, -0.524710774422], "mean": [-0.530189156532, -0.650372445583, -0.726360619068, -0.759722352028, -0.785400509834, -0.794794797897], "median": [-0.522398412228, -0.636239409447, -0.742419660091, -0.761833310127, -0.785893917084, -0.797881960869], "min": [-0.938502728939, -0.981192290783, -0.964770913124, -0.969393670559, -0.96541851759, -0.956221342087], "var": [0.0140610095114, 0.0132036497816, 0.0149537641555, 0.00729499617592, 0.00266739656217, 0.00166377413552]}, "spectral_contrast_valleys": {"dmean": [0.367073923349, 0.309123635292, 0.274528414011, 0.223777323961, 0.187107935548, 0.209538191557], "dmean2": [0.619352340698, 0.516075253487, 0.457771629095, 0.366379112005, 0.293680727482, 0.292541742325], "dvar": [0.1152561903, 0.0785562768579, 0.0631796270609, 0.0478815063834, 0.046775