{"lowlevel": {"average_loudness": 0.942577660084, "barkbands_crest": {"dmean": 3.02891659737, "dmean2": 5.13783931732, "dvar": 7.33329963684, "dvar2": 19.6099643707, "max": 25.0952854156, "mean": 11.5618343353, "median": 10.5965690613, "min": 3.19553947449, "var": 17.3218669891}, "barkbands_flatness_db": {"dmean": 0.0280340127647, "dmean2": 0.0445545837283, "dvar": 0.000723797129467, "dvar2": 0.00178561348002, "max": 0.526249349117, "mean": 0.181047096848, "median": 0.161632686853, "min": 0.0314032882452, "var": 0.00620374875143}, "barkbands_kurtosis": {"dmean": 6.12118148804, "dmean2": 10.1366424561, "dvar": 89.9334640503, "dvar2": 226.059967041, "max": 125.82711792, "mean": 9.79385375977, "median": 6.95032215118, "min": -1.93522298336, "var": 152.391372681}, "barkbands_skewness": {"dmean": 0.814084351063, "dmean2": 1.30364203453, "dvar": 0.710707962513, "dvar2": 1.74729144573, "max": 10.0066423416, "mean": 2.46058392525, "median": 2.47520112991, "min": -4.2543721199, "var": 2.41231608391}, "barkbands_spread": {"dmean": 5.5407948494, "dmean2": 8.90766906738, "dvar": 35.3421859741, "dvar2": 87.7005615234, "max": 78.3048782349, "mean": 16.0531463623, "median": 14.3550739288, "min": 0.730375289917, "var": 85.8773117065}, "dissonance": {"dmean": 0.0186186525971, "dmean2": 0.0320000015199, "dvar": 0.00033686083043, "dvar2": 0.000970584573224, "max": 0.500000119209, "mean": 0.461255013943, "median": 0.465850055218, "min": 0.26247471571, "var": 0.000563370529562}, "dynamic_complexity": 3.22127318382, "erbbands_crest": {"dmean": 2.88100814819, "dmean2": 4.69680166245, "dvar": 8.25001239777, "dvar2": 19.1110954285, "max": 32.6290130615, "mean": 9.72109699249, "median": 8.12367248535, "min": 2.58655428886, "var": 28.467048645}, "erbbands_flatness_db": {"dmean": 0.0210691671818, "dmean2": 0.0313542746007, "dvar": 0.000586386246141, "dvar2": 0.00119339278899, "max": 0.51905798912, "mean": 0.163029924035, "median": 0.13015986979, "min": 0.0470965057611, "var": 0.00877743028104}, "erbbands_kurtosis": {"dmean": 1.46894836426, "dmean2": 2.36735415459, "dvar": 13.5355072021, "dvar2": 30.2591342926, "max": 77.0947570801, "mean": 1.03509771824, "median": -0.226359367371, "min": -1.86965763569, "var": 33.1831321716}, "erbbands_skewness": {"dmean": 0.467473566532, "dmean2": 0.743192970753, "dvar": 0.266728132963, "dvar2": 0.647717535496, "max": 3.0791926384, "mean": 0.165520384908, "median": 0.431144356728, "min": -7.16025257111, "var": 1.40141522884}, "erbbands_spread": {"dmean": 9.64629268646, "dmean2": 15.1396951675, "dvar": 99.6010360718, "dvar2": 233.833694458, "max": 134.863479614, "mean": 45.8952980042, "median": 42.9327774048, "min": 1.00825512409, "var": 410.957000732}, "hfc": {"dmean": 10.1101646423, "dmean2": 17.32837677, "dvar": 1175.65539551, "dvar2": 3238.60546875, "max": 519.110839844, "mean": 14.7041149139, "median": 8.63497161865, "min": 1.09436908248e-16, "var": 834.545532227}, "melbands_crest": {"dmean": 3.48630404472, "dmean2": 5.82899856567, "dvar": 8.60321903229, "dvar2": 22.6109085083, "max": 31.921005249, "mean": 14.912856102, "median": 13.8364257812, "min": 1.69277441502, "var": 25.8747959137}, "melbands_flatness_db": {"dmean": 0.0325230099261, "dmean2": 0.0523867048323, "dvar": 0.00102018611506, "dvar2": 0.00256381463259, "max": 0.679065287113, "mean": 0.273082047701, "median": 0.257751941681, "min": 0.00419639237225, "var": 0.00732971681282}, "melbands_kurtosis": {"dmean": 14.9719018936, "dmean2": 24.3022212982, "dvar": 523.877868652, "dvar2": 1357.96618652, "max": 543.29095459, "mean": 28.3904037476, "median": 19.4298973083, "min": -1.9255951643, "var": 1035.75915527}, "melbands_skewness": {"dmean": 1.06713092327, "dmean2": 1.69326615334, "dvar": 1.18880212307, "dvar2": 2.97313189507, "max": 17.4943771362, "mean": 3.83807897568, "median": 3.63471746445, "min": -2.5633995533, "var": 4.12307739258}, "melbands_spread": {"dmean": 5.3518447876, "dmean2": 8.69110488892, "dvar": 43.5828552246, "dvar2": 104.39037323, "max": 130.696685791, "mean": 13.4872236252, "median": 10.1291446686, "min": 0.629141509533, "var": 112.98588562}, "pitch_salience": {"dmean": 0.0859159305692, "dmean2": 0.14314545691, "dvar": 0.00566531298682, "dvar2": 0.0148806925863, "max": 0.868158280849, "mean": 0.574450492859, "median": 0.601722717285, "min": 0.07236944139, "var": 0.0165324155241}, "silence_rate_20dB": {"dmean": 0.000892657903023, "dmean2": 0.00178571429569, "dvar": 0.000891865114681, "dvar2": 0.00267539802007, "max": 1, "mean": 0.999553799629, "median": 1, "min": 0, "var": 0.000446027290309}, "silence_rate_30dB": {"dmean": 0.0642713680863, "dmean2": 0.128571435809, "dvar": 0.0601407699287, "dvar2": 0.130795776844, "max": 1, "mean": 0.940205276012, "median": 1, "min": 0, "var": 0.0562178529799}, "silence_rate_60dB": {"dmean": 0.00981923658401, "dmean2": 0.0196428578347, "dvar": 0.00972301606089, "dvar2": 0.0219357945025, "max": 1, "mean": 0.0682730898261, "median": 0, "min": 0, "var": 0.0636121556163}, "spectral_centroid": {"dmean": 212.576385498, "dmean2": 349.599029541, "dvar": 71276.8984375, "dvar2": 154777.75, "max": 10845.7519531, "mean": 802.303649902, "median": 688.554260254, "min": 143.63079834, "var": 188448.421875}, "spectral_complexity": {"dmean": 3.12965846062, "dmean2": 5.13303565979, "dvar": 19.5243396759, "dvar2": 47.6368904114, "max": 51, "mean": 12.4808120728, "median": 12, "min": 0, "var": 37.4756813049}, "spectral_decrease": {"dmean": 5.97209037778e-09, "dmean2": 1.029488228e-08, "dvar": 1.90980505383e-16, "dvar2": 5.1645287566e-16, "max": 1.58860888177e-29, "mean": -8.30229041071e-09, "median": -4.98682783956e-09, "min": -1.43954281384e-07, "var": 1.55435111858e-16}, "spectral_energy": {"dmean": 0.0233315639198, "dmean2": 0.0402002409101, "dvar": 0.00293741305359, "dvar2": 0.00792664289474, "max": 0.548667252064, "mean": 0.0326684974134, "median": 0.0196315310895, "min": 9.86628965249e-21, "var": 0.00239548226818}, "spectral_energyband_high": {"dmean": 0.000296182523016, "dmean2": 0.000498738605529, "dvar": 5.55292558602e-07, "dvar2": 1.54395104346e-06, "max": 0.00819911248982, "mean": 0.000438795716036, "median": 0.000242899230216, "min": 7.33626566053e-21, "var": 4.56667805793e-07}, "spectral_energyband_low": {"dmean": 0.0132245989516, "dmean2": 0.0231622718275, "dvar": 0.00106861453969, "dvar2": 0.00295053306036, "max": 0.497698426247, "mean": 0.0161530710757, "median": 0.00706637091935, "min": 4.11326843458e-23, "var": 0.000891463132575}, "spectral_energyband_middle_high": {"dmean": 0.00333484867588, "dmean2": 0.00586124695837, "dvar": 0.000303622015053, "dvar2": 0.000869342591614, "max": 0.24623683095, "mean": 0.00360540905967, "median": 0.00118053646293, "min": 1.38155409044e-21, "var": 0.00018748488219}, "spectral_energyband_middle_low": {"dmean": 0.0111418841407, "dmean2": 0.0194630213082, "dvar": 0.00113379058894, "dvar2": 0.003168071853, "max": 0.356384843588, "mean": 0.0142621397972, "median": 0.00836955942214, "min": 2.86687703958e-22, "var": 0.000797732616775}, "spectral_entropy": {"dmean": 0.209872439504, "dmean2": 0.330342561007, "dvar": 0.0498363673687, "dvar2": 0.116356179118, "max": 9.8074092865, "mean": 7.21932172775, "median": 7.33749580383, "min": 4.95897006989, "var": 0.346620768309}, "spectral_flux": {"dmean": 0.0420214943588, "dmean2": 0.0670725926757, "dvar": 0.00518072163686, "dvar2": 0.00967413652688, "max": 0.684299409389, "mean": 0.093976251781, "median": 0.0644482523203, "min": 9.93291976448e-11, "var": 0.00798245333135}, "spectral_kurtosis": {"dmean": 4.96512174606, "dmean2": 8.40113162994, "dvar": 114.204078674, "dvar2": 326.685546875, "max": 147.816802979, "mean": 11.783788681, "median": 4.25958538055, "min": -1.17925143242, "var": 400.850891113}, "spectral_rms": {"dmean": 0.00150104996283, "dmean2": 0.00245822034776, "dvar": 5.90696981817e-06, "dvar2": 1.49510415213e-05, "max": 0.023136228323, "mean": 0.00486069638282, "median": 0.00437638117, "min": 3.1025230128e-12, "var": 8.24529433885e-06}, "spectral_rolloff": {"dmean": 308.112121582, "dmean2": 533.970275879, "dvar": 347730.5625, "dvar2": 733143.4375, "max": 18604.6875, "mean": 738.06048584, "median": 452.197265625, "min": 64.599609375, "var": 605771.375}, "spectral_skewness": {"dmean": 0.422596722841, "dmean2": 0.706395089626, "dvar": 0.404795259237, "dvar2": 1.19060015678, "max": 8.83130073547, "mean": 2.1572561264, "median": 1.82754397392, "min": 0.0408526770771, "var": 1.28982794285}, "spectral_spread": {"dmean": 701742.125, "dmean2": 946078.625, "dvar": 1050196443140.0, "dvar2": 1642848714750.0, "max": 40039008, "mean": 5062535, "median": 5223222, "min": 529825.6875, "var": 6914380398590.0}, "spectral_strongpeak": {"dmean": 0.375603556633, "dmean2": 0.641405820847, "dvar": 0.802251338959, "dvar2": 2.06839466095, "max": 15.3999757767, "mean": 0.605864346027, "median": 0.35847556591, "min": 0, "var": 1.15944850445}, "zerocrossingrate": {"dmean": 0.0102194724604, "dmean2": 0.0127615788952, "dvar": 0.000156799374963, "dvar2": 0.000203409625101, "max": 0.505859375, "mean": 0.0492911301553, "median": 0.04443359375, "min": 0.00439453125, "var": 0.000747537007555}, "barkbands": {"dmean": [0.000242368842009, 0.00758499559015, 0.004882697016, 0.00365134025924, 0.00632314570248, 0.00130570738111, 0.000792628154159, 0.000425764155807, 0.000340197992045, 0.000180556700798, 0.000104136473965, 0.0001761350577, 0.000240624023718, 0.00210010260344, 0.000620806065854, 8.78887367435e-05, 7.66426310292e-05, 7.86999517004e-05, 4.52981767012e-05, 6.80191005813e-05, 9.12290634005e-05, 4.17340379499e-05, 3.31675873895e-05, 3.59749792551e-05, 3.54103976861e-05, 4.08357809647e-05, 1.95475495275e-05], "dmean2": [0.000404349091696, 0.0133655043319, 0.00862387008965, 0.0066186436452, 0.011085181497, 0.0022277389653, 0.00139290804509, 0.000730966508854, 0.000586091075093, 0.00030882077408, 0.000179699418368, 0.000320198800182, 0.000396892399294, 0.00376897887327, 0.0010717145633, 0.000146520062117, 0.0001362390758, 0.000143574157846, 8.02941867732e-05, 0.000123904101201, 0.000165894700331, 7.37206210033e-05, 5.90776144236e-05, 5.93520417169e-05, 5.7010413002e-05, 6.06522880844e-05, 3.22035921272e-05], "dvar": [3.56181033112e-07, 0.000444049481302, 0.000179941605893, 0.000127079125377, 0.000406396749895, 1.4122819266e-05, 1.14956756079e-05, 2.08774531529e-06, 9.45613010117e-07, 2.65291305368e-07, 7.20970092516e-08, 8.08429319932e-07, 4.56753241451e-07, 0.000163008473464, 8.33959165902e-06, 7.73193278292e-08, 7.425875026e-08, 5.80203476375e-08, 1.81010246791e-08, 4.06406712727e-08, 8.15435541313e-08, 1.46922625177e-08, 9.96679805354e-09, 7.22907778083e-09, 5.03690422704e-09, 7.72576758123e-09, 3.13435921662e-09], "dvar2": [8.69828056693e-07, 0.001244717394, 0.000485911179567, 0.000370169931557, 0.00113670679275, 3.78700460715e-05, 3.28296227963e-05, 5.88092279941e-06, 2.56142106991e-06, 7.40075449812e-07, 1.9628005532e-07, 2.34945173361e-06, 1.1628236507e-06, 0.000471420149552, 2.35221086768e-05, 1.93208279597e-07, 2.09398848483e-07, 1.65626190096e-07, 5.04472232876e-08, 1.15237320131e-07, 2.33528481886e-07, 4.1713438037e-08, 2.84122698702e-08, 1.96267517794e-08, 1.312217357e-08, 1.81410761968e-08, 8.26304891177e-09], "max": [0.00928229559213, 0.354359328747, 0.331090569496, 0.143074050546, 0.318198233843, 0.0525349788368, 0.0820781067014, 0.0419878996909, 0.0176579896361, 0.00872700382024, 0.00385549385101, 0.0125737925991, 0.00914358533919, 0.184420853853, 0.0442657880485, 0.0061840377748, 0.00434163538739, 0.00291953282431, 0.00312082283199, 0.00230942782946, 0.0031985512469, 0.00130738213193, 0.00134992657695, 0.00135904084891, 0.000835461658426, 0.00115318968892, 0.000769397243857], "mean": [0.000237254440435, 0.00859147589654, 0.00555723719299, 0.00349073903635, 0.0072008012794, 0.00161448842846, 0.000860168947838, 0.000594029086642, 0.000446125457529, 0.000229407873121, 0.00011867559806, 0.000168081125594, 0.000299532228382, 0.00179925234988, 0.000645448395517, 0.000110054243123, 8.86374691618e-05, 8.39041385916e-05, 5.65192531212e-05, 7.11892498657e-05, 0.000100892299088, 5.28209384356e-05, 4.03056146752e-05, 5.45886177861e-05, 6.63735117996e-05, 6.87567226123e-05, 2.17339984374e-05], "median": [4.30054715252e-05, 0.00331400637515, 0.00148375495337, 0.00128560536541, 0.00371494470164, 0.000767868710682, 0.000273646612186, 0.000208220633795, 0.00020887851133, 9.93678986561e-05, 4.80984708702e-05, 4.4204731239e-05, 8.13658625702e-05, 0.000259042542893, 0.000110049404611, 3.92411602661e-05, 3.27367888531e-05, 2.97795777442e-05, 1.88650774362e-05, 2.0518033125e-05, 4.97963119415e-05, 2.15980689973e-05, 1.82303483598e-05, 2.43849171966e-05, 1.9344723114e-05, 1.31376491481e-05, 1.39699909596e-06], "min": [1.29415297851e-23, 3.14436801377e-23, 4.82200655204e-24, 5.43328540117e-24, 3.06153730318e-23, 6.08488111678e-23, 2.02131013036e-23, 8.43510411944e-23, 5.3460592365e-23, 6.20621865251e-23, 3.68023901788e-23, 9.47716034516e-23, 8.16974645706e-23, 8.45696503285e-23, 1.71111288837e-22, 1.42238575809e-22, 9.06642066665e-23, 1.71793735562e-22, 2.40609543312e-22, 4.28870832311e-22, 4.56490506056e-22, 3.78432959298e-22, 4.08936380345e-22, 6.80019102933e-22, 1.58668680442e-21, 1.69576367464e-21, 2.21547806272e-21], "var": [3.63257100844e-07, 0.000338426936651, 0.000196186287212, 7.78285611887e-05, 0.000288577604806, 1.13979904199e-05, 7.77334662416e-06, 1.58957402618e-06, 8.0326196894e-07, 2.07423980214e-07, 5.89312030286e-08, 4.78578613183e-07, 5.01401927977e-07, 9.89903055597e-05, 6.00417706664e-06, 7.51842179625e-08, 5.14490032799e-08, 4.10302263276e-08, 1.88396231948e-08, 2.96067703687e-08, 5.18711509301e-08, 1.10625206773e-08, 6.95047619459e-09, 6.98609214922e-09, 8.34117219739e-09, 1.18590168796e-08, 3.10309644647e-09]}, "erbbands": {"dmean": [0.16854031384, 1.90826761723, 5.38224363327, 9.39020347595, 17.3903923035, 23.0921707153, 15.2691955566, 10.055932045, 9.62963676453, 12.2847232819, 8.94190788269, 8.77491283417, 4.46201038361, 6.24014854431, 4.25285720825, 7.90093421936, 11.5913677216, 76.6087112427, 77.4637680054, 13.6117258072, 4.03051948547, 3.92982077599, 4.37725925446, 2.70704030991, 2.9139111042, 3.36106204987, 3.62181520462, 3.04095482826, 1.55715870857, 1.24975407124, 0.972885847092, 0.78470480442, 0.589049994946, 0.420157313347, 0.251078873873, 0.151760771871, 0.0783421471715, 0.033129606396, 0.00224750535563, 0.00012660244829], "dmean2": [0.298500090837, 3.36782264709, 9.44202327728, 16.9455375671, 30.8805980682, 41.0066642761, 26.3410873413, 17.2500762939, 16.6500320435, 22.2045345306, 14.9457082748, 14.9957294464, 7.74767971039, 10.5637769699, 7.22510004044, 14.2364854813, 19.349981308, 133.952575684, 139.825088501, 22.4822635651, 6.69962024689, 7.03764820099, 8.02466106415, 4.84941625595, 5.24537944794, 6.13589715958, 6.53356742859, 5.57319498062, 2.74575400352, 2.23044705391, 1.73935258389, 1.33198022842, 0.955467998981, 0.687111318111, 0.406171053648, 0.229722589254, 0.118095286191, 0.0517583936453, 0.00382063002326, 0.000209454723517], "dvar": [0.224682673812, 27.4633731842, 204.556594849, 757.253845215, 2885.89013672, 5991.26269531, 2283.80517578, 923.662963867, 889.223937988, 5477.91113281, 473.143829346, 596.375793457, 269.671966553, 255.261993408, 115.300689697, 1580.57385254, 1468.81066895, 158442.171875, 234518.640625, 3329.9375, 165.968612671, 190.039672852, 197.12260437, 68.1125183105, 71.6882171631, 95.562538147, 106.391548157, 116.608467102, 18.3183135986, 17.2898445129, 9.44118690491, 3.86169695854, 1.87672805786, 0.684146940708, 0.25970980525, 0.098238915205, 0.029992595315, 0.00784573797137, 4.62927127955e-05, 2.00925356353e-07], "dvar2": [0.612881362438, 77.5886077881, 548.889648438, 2198.13427734, 8223.15039062, 16831.765625, 6239.33056641, 2456.49633789, 2403.2956543, 15889.1728516, 1279.39624023, 1616.00891113, 765.719848633, 695.464233398, 300.575897217, 4584.43994141, 3964.3034668, 446241.90625, 682125.6875, 8767.59863281, 423.236785889, 534.401733398, 563.974304199, 192.910232544, 201.079483032, 271.559875488, 300.841308594, 335.864959717, 51.7805595398, 49.5330581665, 26.9828968048, 10.7107629776, 5.0318145752, 1.80879342556, 0.674832344055, 0.234835684299, 0.0701645165682, 0.0199301857501, 0.000124320038594, 4.99998805026e-07], "max": [7.4162106514, 87.5195541382, 311.482696533, 343.37387085, 666.865112305, 1395.10290527, 714.337158203, 428.388793945, 521.217956543, 2230.84936523, 379.020324707, 446.510467529, 387.139678955, 258.208343506, 168.428787231, 547.795288086, 571.043945312, 6202.45410156, 6756.07373047, 825.339538574, 265.040740967, 202.092727661, 199.999359131, 156.326644897, 155.628112793, 91.1691970825, 127.256378174, 138.059158325, 54.5149116516, 55.9034004211, 43.1228561401, 25.2586593628, 26.3499279022, 10.9696817398, 5.17500448227, 4.83378648758, 2.19098520279, 1.36549150944, 0.0922533348203, 0.00730264559388], "mean": [0.176205247641, 2.19216632843, 6.41099834442, 9.66087436676, 18.3384399414, 25.0782661438, 18.3965511322, 11.9699869156, 11.7579956055, 11.5584011078, 14.6830377579, 12.2196521759, 5.77922487259, 7.94909954071, 5.4130616188, 8.11240386963, 14.0665655136, 74.2844467163, 67.6959075928, 15.5263605118, 5.4912776947, 4.45026397705, 4.73115682602, 3.21290302277, 3.45012712479, 3.61070346832, 4.20556926727, 3.11207222939, 2.02039575577, 1.50070881844, 1.14542853832, 1.11281764507, 0.950404167175, 0.78013586998, 0.439501464367, 0.27241820097, 0.117079854012, 0.0426029078662, 0.00235117808916, 0.000169910985278], "median": [0.0474965721369, 0.884313344955, 2.10732245445, 3.68794560432, 8.18963241577, 12.5921611786, 9.3739566803, 4.9727191925, 4.12521076202, 3.41428589821, 5.62850093842, 6.03297328949, 3.21460175514, 3.08895158768, 2.60729837418, 2.5563454628, 4.20844841003, 11.1854906082, 10.8437824249, 3.92696666718, 2.42730760574, 1.73512172699, 1.77830052376, 1.22475123405, 1.03673231602, 1.12957262993, 1.93954658508, 1.39792251587, 0.853399157524, 0.678503930569, 0.501690983772, 0.520675301552, 0.395919501781, 0.2396440804, 0.120224274695, 0.0562919713557, 0.0220034290105, 0.00536342617124, 0.000155701913172, 3.31827977789e-05], "min": [1.40248180033e-21, 5.02528983842e-21, 5.48432863026e-21, 1.59357265893e-20, 7.21183620909e-20, 7.63291314614e-20, 2.19352090879e-19, 5.85004101183e-19, 3.27268839478e-19, 1.09436780862e-18, 1.59334331664e-18, 1.53234753526e-18, 1.88068756007e-18, 1.56445754927e-18, 1.47011873778e-18, 4.16706378362e-18, 2.99417833689e-18, 4.37597734631e-18, 7.58176295955e-18, 8.32644636807e-18, 7.30773373904e-18, 6.44869591956e-18, 7.99584461111e-18, 1.27297446628e-17, 1.39831375306e-17, 1.83633401155e-17, 1.79719926959e-17, 1.98886959066e-17, 1.36171092824e-17, 1.23903781001e-17, 1.1196356948e-17, 1.18305894108e-17, 1.50440099011e-17, 1.78281492961e-17, 1.04267125373e-17, 5.38562862532e-18, 3.38489751282e-18, 1.23564705192e-18, 3.07254739268e-19, 3.3256505722e-20], "var": [0.172465130687, 21.2478160858, 223.109436035, 486.749450684, 1940.64685059, 4063.66455078, 1744.95947266, 737.179870605, 807.216003418, 3161.13916016, 540.098937988, 530.207092285, 176.257034302, 224.38218689, 105.65222168, 955.146118164, 1268.50976562, 115856.054688, 134876.609375, 2773.5246582, 148.702590942, 130.929077148, 130.718841553, 57.8148498535, 76.4099502563, 68.4109039307, 74.4205932617, 70.095703125, 14.7155323029, 11.2913818359, 6.39674377441, 3.34100103378, 1.99980127811, 1.15158641338, 0.397366583347, 0.16494128108, 0.0409599393606, 0.00811100471765, 4.30994259659e-05, 3.06680249196e-07]}, "gfcc": {"mean": [-39.2243499756, 113.000053406, -88.1387481689, 23.4479541779, -40.575756073, 14.1892595291, -42.3797492981, -7.11310100555, -21.5691547394, 5.85320615768, -21.4169864655, -9.18632316589, -8.73418807983], "cov": [[10416.6474609, -4096.82324219, 2056.58496094, 1287.00085449, -1189.66943359, 111.602165222, 41.1977005005, 1299.47924805, -574.861083984, 674.520202637, -295.924865723, 562.62109375, -532.096557617], [-4096.82324219, 3204.01000977, -1387.78430176, -687.346984863, 814.218261719, -61.757686615, 125.103393555, -925.880493164, 455.767974854, -436.537261963, 180.492401123, -467.47644043, 361.951446533], [2056.58496094, -1387.78430176, 1346.42504883, 340.658660889, -206.007629395, 158.143692017, 38.6346054077, 528.17199707, -184.16242981, 242.880599976, -133.066085815, 231.304611206, -210.585784912], [1287.00085449, -687.346984863, 340.658660889, 913.149536133, -299.880706787, -8.36439323425, 131.935958862, 434.652404785, -50.1256065369, 77.7635498047, 9.36910629272, 92.9045028687, -69.4628143311], [-1189.66943359, 814.218261719, -206.007629395, -299.880706787, 526.974121094, 123.314216614, 27.6551074982, -285.065032959, 143.402328491, -66.4372558594, 16.2024040222, -131.930221558, 82.8089141846], [111.602165222, -61.757686615, 158.143692017, -8.36439323425, 123.314216614, 232.211715698, 11.9615850449, 30.2884235382, -0.455533355474, 66.7322692871, -19.0760650635, -8.39720630646, -9.93593215942], [41.1977005005, 125.103393555, 38.6346054077, 131.935958862, 27.6551074982, 11.9615850449, 178.687088013, 68.0459136963, 58.4455604553, -10.7032232285, 35.9396476746, -4.78014993668, 17.9333591461], [1299.47924805, -925.880493164, 528.17199707, 434.652404785, -285.065032959, 30.2884235382, 68.0459136963, 483.348144531, -88.1962661743, 140.654632568, -43.3035888672, 148.961608887, -96.3052368164], [-574.861083984, 455.767974854, -184.16242981, -50.1256065369, 143.402328491, -0.455533355474, 58.4455604553, -88.1962661743, 148.513122559, -38.9045677185, 34.7559204102, -72.103302002, 57.7696304321], [674.520202637, -436.537261963, 242.880599976, 77.7635498047, -66.4372558594, 66.7322692871, -10.7032232285, 140.654632568, -38.9045677185, 148.467041016, -23.4772758484, 60.4629478455, -55.3953094482], [-295.924865723, 180.492401123, -133.066085815, 9.36910629272, 16.2024040222, -19.0760650635, 35.9396476746, -43.3035888672, 34.7559204102, -23.4772758484, 88.5487747192, -2.60917830467, 30.6348743439], [562.62109375, -467.47644043, 231.304611206, 92.9045028687, -131.930221558, -8.39720630646, -4.78014993668, 148.961608887, -72.103302002, 60.4629478455, -2.60917830467, 140.287994385, -40.4354858398], [-532.096557617, 361.951446533, -210.585784912, -69.4628143311, 82.8089141846, -9.93593215942, 17.9333591461, -96.3052368164, 57.7696304321, -55.3953094482, 30.6348743439, -40.4354858398, 97.7498779297]], "icov": [[0.00023770405096, 0.000173181222635, -5.59547552257e-05, -0.00013955256145, 0.000210349491681, 5.26239455212e-06, -0.00034669553861, 0.000261497771135, 9.99771073111e-05, -0.000449219078291, 0.000395704002585, 1.07697387648e-05, 0.000143311510328], [0.000173181222635, 0.00245564477518, 6.85422273818e-05, 1.89650982065e-05, -0.000598541053478, 8.23591690278e-05, -0.0012323805131, 0.00188196368981, -0.00203521293588, 0.00178482662886, -0.000757423171308, 0.00236978009343, -0.00196139211766], [-5.59547552257e-05, 6.85422273818e-05, 0.00232847384177, 0.000159545554197, -0.000892423791811, -0.000578860053793, -0.000735722132958, -0.00148792669643, 0.000655377749354, -0.000289414194413, 0.00162844080478, -0.00169202953111, 0.00217589433305], [-0.00013955256145, 1.89650982065e-05, 0.000159545554197, 0.00236275815405, 0.000242898022407, -6.30662980257e-05, -0.000576073129196, -0.00235861586407, 2.6476876883e-05, 0.000912834482733, -0.00127452716697, 0.00114003836643, 0.000135297159432], [0.000210349491681, -0.000598541053478, -0.000892423791811, 0.000242898022407, 0.00568206887692, -0.00271751102991, -0.000695530849043, 0.00245886179619, -0.00257515953854, -0.000463544769445, 0.00134928256739, -0.000120812364912, -0.000141946002259], [5.26239455212e-06, 8.23591690278e-05, -0.000578860053793, -6.30662980257e-05, -0.00271751102991, 0.00725998636335, -0.000278101972071, -0.000750216306187, 0.00208014785312, -0.0034862367902, -0.000385639345041, 0.00206301826984, -0.00144697236829], [-0.00034669553861, -0.0012323805131, -0.000735722132958, -0.000576073129196, -0.000695530849043, -0.000278101972071, 0.010236303322, -0.00324806338176, -0.00265665096231, 0.00184580939822, -0.00379409384914, -0.000266754708719, -0.000140538366395], [0.000261497771135, 0.00188196368981, -0.00148792669643, -0.00235861586407, 0.00245886179619, -0.000750216306187, -0.00324806338176, 0.0109237050638, -0.00309922662564, -0.00154578068759, 0.00244489312172, -0.0015726062702, -0.00168897130061], [9.99771073111e-05, -0.00203521293588, 0.000655377749354, 2.6476876883e-05, -0.00257515953854, 0.00208014785312, -0.00265665096231, -0.00309922662564, 0.0170069895685, -0.00433422811329, -0.00122460420243, 0.00273118424229, -0.00165573204868], [-0.000449219078291, 0.00178482662886, -0.000289414194413, 0.000912834482733, -0.000463544769445, -0.0034862367902, 0.00184580939822, -0.00154578068759, -0.00433422811329, 0.0160618256778, -0.00241737649776, -6.97605864843e-05, 0.00154028949328], [0.000395704002585, -0.000757423171308, 0.00162844080478, -0.00127452716697, 0.00134928256739, -0.000385639345041, -0.00379409384914, 0.00244489312172, -0.00122460420243, -0.00241737649776, 0.0187079273164, -0.00660057831556, 0.000244000184466], [1.07697387648e-05, 0.00236978009343, -0.00169202953111, 0.00114003836643, -0.000120812364912, 0.00206301826984, -0.000266754708719, -0.0015726062702, 0.00273118424229, -6.97605864843e-05, -0.00660057831556, 0.0186721067876, -0.00460078567266], [0.000143311510328, -0.00196139211766, 0.00217589433305, 0.000135297159432, -0.000141946002259, -0.00144697236829, -0.000140538366395, -0.00168897130061, -0.00165573204868, 0.00154028949328, 0.000244000184466, -0.00460078567266, 0.0212634708732]]}, "melbands": {"dmean": [0.00183410325553, 0.00273475470021, 0.00180307379924, 0.00148686976172, 0.000644594430923, 0.0002242919727, 0.000154724984895, 0.000122483019368, 7.11511383997e-05, 5.14137900609e-05, 2.14644751395e-05, 2.60891283688e-05, 1.39773837873e-05, 1.70762232301e-05, 2.45838618866e-05, 2.77342587651e-05, 0.000170643514139, 0.000155595407705, 3.00402352877e-05, 9.82338860922e-06, 4.02386285714e-06, 3.94967673856e-06, 4.35301762991e-06, 4.12957888329e-06, 1.99333908313e-06, 1.90368837139e-06, 2.41355928665e-06, 2.18277705244e-06, 2.34457979786e-06, 2.23782194553e-06, 1.55751445163e-06, 8.78462799392e-07, 7.58884311836e-07, 7.03995340245e-07, 6.1937623741e-07, 4.54212795375e-07, 4.95635845255e-07, 4.44308142278e-07, 4.11206286799e-07, 3.45097760146e-07], "dmean2": [0.00324238394387, 0.00478841271251, 0.00323391193524, 0.00262573128566, 0.00111268251203, 0.000384149461752, 0.000268783624051, 0.000221354915993, 0.000118558200484, 8.82669555722e-05, 3.71607384295e-05, 4.40508265456e-05, 2.39352320932e-05, 3.04115565086e-05, 4.34788453276e-05, 4.66803030577e-05, 0.000299246108625, 0.000284021545667, 5.12139376951e-05, 1.58561088028e-05, 6.86111752657e-06, 6.99037173035e-06, 7.99307508714e-06, 7.5452544479e-06, 3.56603618457e-06, 3.3923531646e-06, 4.40652183897e-06, 3.99690770791e-06, 4.21990716859e-06, 4.09516724176e-06, 2.84826387542e-06, 1.55098689447e-06, 1.33056141749e-06, 1.25221436065e-06, 1.11554015803e-06, 7.98901623966e-07, 8.329949992e-07, 7.34776335776e-07, 6.76158890656e-07, 5.77438299842e-07], "dvar": [2.63901983999e-05, 4.9774243962e-05, 2.84660400212e-05, 2.14856499952e-05, 4.68935559184e-06, 4.41112860017e-07, 2.76862294868e-07, 5.1961671943e-07, 2.68260667013e-08, 2.13111395198e-08, 6.30164853632e-09, 4.34772262636e-09, 1.23767729399e-09, 4.88177587243e-09, 1.26516139787e-08, 7.57902540727e-09, 8.19122703888e-07, 1.0546930298e-06, 1.93694695838e-08, 1.03128372508e-09, 1.55481585939e-10, 1.86169912819e-10, 2.58111781948e-10, 1.58911162007e-10, 3.71989487824e-11, 3.4077404093e-11, 5.24654278355e-11, 3.91226911978e-11, 4.50952816755e-11, 5.57665094658e-11, 2.92802726509e-11, 5.73349657682e-12, 4.31071671414e-12, 4.99291103254e-12, 3.94526121841e-12, 1.51210272602e-12, 1.41944453153e-12, 1.14228982176e-12, 7.34968455453e-13, 4.1526845981e-13], "dvar2": [7.32561820769e-05, 0.000136894406751, 8.23700756882e-05, 6.06361718383e-05, 1.28693254737e-05, 1.16999967759e-06, 7.63640230161e-07, 1.50452956404e-06, 7.19398514093e-08, 5.80721852828e-08, 1.79967809544e-08, 1.1849585313e-08, 3.29124505427e-09, 1.4010965721e-08, 3.64752388293e-08, 2.0192238992e-08, 2.31077183344e-06, 3.07968821289e-06, 5.39786420006e-08, 2.4316098024e-09, 4.1293038433e-10, 5.20911036528e-10, 7.40989214432e-10, 4.54858761767e-10, 1.05686459584e-10, 9.61110704911e-11, 1.49610296374e-10, 1.11174687512e-10, 1.26570823267e-10, 1.60545257644e-10, 8.41462871604e-11, 1.61830132628e-11, 1.21769799105e-11, 1.42846732706e-11, 1.13015386979e-11, 4.26631516573e-12, 3.90781894691e-12, 3.05318140562e-12, 1.96445117118e-12, 1.11115489639e-12], "max": [0.0853434503078, 0.11609082669, 0.0647643506527, 0.0638336390257, 0.0374740920961, 0.00954023748636, 0.00942250527442, 0.0220867171884, 0.00224828138016, 0.00269898353145, 0.00187015801203, 0.00105904601514, 0.000509508070536, 0.000937773147598, 0.00161132123321, 0.00132029305678, 0.0142549891025, 0.0143829090521, 0.00218065129593, 0.00066765176598, 0.000214262719965, 0.000179659749847, 0.000278885243461, 0.000161675328854, 0.000130265034386, 0.000161545351148, 8.5824780399e-05, 6.21486469754e-05, 9.9387136288e-05, 0.000100964585727, 6.42908198643e-05, 2.82701566903e-05, 2.30266014114e-05, 3.04312161461e-05, 2.88275259663e-05, 1.35614718602e-05, 1.6975469407e-05, 2.25440799113e-05, 1.39195735755e-05, 7.74951877247e-06], "mean": [0.00203773542307, 0.00330166355707, 0.0019108626293, 0.00164966390003, 0.000756911642384, 0.000271471566521, 0.000182715448318, 0.000119664517115, 0.000117199859233, 6.90263259457e-05, 2.67073191935e-05, 3.27062043652e-05, 1.67451416928e-05, 1.87443220057e-05, 2.43371378019e-05, 3.31125229422e-05, 0.000161584859597, 0.00012845065794, 3.15241559292e-05, 1.19486630865e-05, 5.41528697795e-06, 4.44564739155e-06, 4.53755683338e-06, 4.37571497969e-06, 2.30100818044e-06, 2.32893171415e-06, 2.58422960542e-06, 2.21286791202e-06, 2.78431275547e-06, 2.27283317145e-06, 1.56620774305e-06, 1.11019505766e-06, 9.6260077953e-07, 8.07580647688e-07, 6.71338398206e-07, 5.9220667481e-07, 7.0910454042e-07, 6.67100152896e-07, 7.02176180312e-07, 6.23330890903e-07], "median": [0.000699221447576, 0.00131272012368, 0.000867247581482, 0.000832660414744, 0.000391609180951, 0.000115803966764, 6.42759550828e-05, 4.03727863159e-05, 4.82961695525e-05, 3.34122341883e-05, 1.42866028909e-05, 1.18039897643e-05, 7.5677080531e-06, 6.41520546196e-06, 7.65071672504e-06, 7.80649497756e-06, 2.26388292504e-05, 1.93350788322e-05, 6.92582580086e-06, 3.17883177559e-06, 2.42080068347e-06, 1.54178746925e-06, 1.74742035597e-06, 1.42974590744e-06, 7.34942204872e-07, 8.10364781501e-07, 6.13783981862e-07, 6.59512579659e-07, 1.13302462523e-06, 1.00491729427e-06, 6.39100733224e-07, 4.56946395389e-07, 3.78800280032e-07, 3.47705309878e-07, 2.60406181951e-07, 2.68989026608e-07, 3.24073766933e-07, 2.87648845188e-07, 2.33523252291e-07, 1.86114519352e-07], "min": [1.01586162604e-23, 4.07254254372e-24, 4.05611214878e-24, 5.56490092675e-24, 7.23743829597e-24, 1.2637481493e-23, 4.72774753463e-24, 1.33744708494e-23, 1.31881324373e-23, 8.67530847855e-24, 9.11069422278e-24, 6.22694021411e-24, 4.41482258518e-24, 9.81238205367e-24, 9.03210711054e-24, 7.70201504913e-24, 7.91590048409e-24, 1.15637274162e-23, 1.1879613355e-23, 1.14122038024e-23, 7.17676542603e-24, 6.10582955477e-24, 6.86626425171e-24, 8.34918233628e-24, 1.08317891362e-23, 6.85813030691e-24, 1.4153937999e-23, 1.17992623498e-23, 1.07599933275e-23, 1.16571301251e-23, 1.09278755499e-23, 7.63514252134e-24, 7.10083598618e-24, 6.74168654869e-24, 5.78500652994e-24, 7.13938130773e-24, 7.43032346477e-24, 8.94539788642e-24, 1.40906035123e-23, 1.51621748111e-23], "var": [1.98103571165e-05, 4.70863597002e-05, 1.82415005838e-05, 1.48093104144e-05, 3.44462478097e-06, 3.58169671699e-07, 2.26960324312e-07, 3.00646206597e-07, 3.10840206907e-08, 1.81129369281e-08, 4.06200362235e-09, 3.89364807063e-09, 1.06273534417e-09, 3.24829585452e-09, 7.91162424463e-09, 7.24500814897e-09, 5.96335098635e-07, 5.90404397371e-07, 1.37618956231e-08, 1.22564858263e-09, 1.33956734594e-10, 1.31775229617e-10, 1.61061469717e-10, 1.14643940174e-10, 3.17479480205e-11, 3.45331124807e-11, 4.59694816934e-11, 2.67007093518e-11, 3.41603412224e-11, 3.41432264406e-11, 1.78738412959e-11, 4.59024354985e-12, 3.50010775571e-12, 3.26973105709e-12, 2.58023745599e-12, 1.19305054117e-12, 1.28220329319e-12, 1.10784905555e-12, 1.00703158919e-12, 7.32185579527e-13]}, "mfcc": {"mean": [-691.129760742, 146.167694092, 18.7664241791, 17.7915630341, 18.8402748108, 17.8959102631, -2.20872402191, -11.1882705688, 1.54570937157, 4.09622812271, -0.538611829281, -5.12076234818, -11.8347988129], "cov": [[7531.95458984, -2329.16113281, 1044.55786133, 1142.56079102, -535.596069336, -570.864440918, 224.658569336, 293.343994141, 116.375480652, 38.2006874084, 226.244338989, 307.907592773, 142.672744751], [-2329.16113281, 2060.59863281, -808.275024414, -662.135742188, 284.718414307, 482.317687988, -140.820968628, -222.542358398, -40.5611839294, 42.3970603943, -103.108459473, -201.488296509, -157.131668091], [1044.55786133, -808.275024414, 839.936889648, 330.138214111, -48.3181533813, -176.549667358, 144.248291016, 169.072509766, 98.0722808838, 32.4462928772, 77.7944412231, 109.018051147, 105.428726196], [1142.56079102, -662.135742188, 330.138214111, 800.643798828, -140.088790894, -214.516021729, 94.9389648438, 231.176071167, 87.348526001, 40.4505462646, 77.6130371094, 167.383331299, 86.8149719238], [-535.596069336, 284.718414307, -48.3181533813, -140.088790894, 264.707427979, 178.009216309, 19.6999988556, -38.9072036743, 31.1983661652, 57.1405525208, 1.54886043072, -55.537940979, -39.6007461548], [-570.864440918, 482.317687988, -176.549667358, -214.516021729, 178.009216309, 292.728057861, 21.6150341034, -68.6879196167, -3.53222250938, 45.0933761597, -1.54629647732, -75.4319839478, -41.1389961243], [224.658569336, -140.820968628, 144.248291016, 94.9389648438, 19.6999988556, 21.6150341034, 130.976974487, 74.4462280273, 37.5249633789, 35.9877281189, 34.2609214783, 32.4979095459, 27.9195175171], [293.343994141, -222.542358398, 169.072509766, 231.176071167, -38.9072036743, -68.6879196167, 74.4462280273, 158.191772461, 62.8993377686, 15.6670808792, 31.5306739807, 73.0569381714, 54.9364814758], [116.375480652, -40.5611839294, 98.0722808838, 87.348526001, 31.1983661652, -3.53222250938, 37.5249633789, 62.8993377686, 117.275596619, 65.1116485596, 27.5626716614, 31.8151855469, 3.38194036484], [38.2006874084, 42.3970603943, 32.4462928772, 40.4505462646, 57.1405525208, 45.0933761597, 35.9877281189, 15.6670808792, 65.1116485596, 101.306312561, 43.9519119263, 4.53383255005, -11.881690979], [226.244338989, -103.108459473, 77.7944412231, 77.6130371094, 1.54886043072, -1.54629647732, 34.2609214783, 31.5306739807, 27.5626716614, 43.9519119263, 74.931968689, 42.3098907471, 10.0025997162], [307.907592773, -201.488296509, 109.018051147, 167.383331299, -55.537940979, -75.4319839478, 32.4979095459, 73.0569381714, 31.8151855469, 4.53383255005, 42.3098907471, 110.036209106, 41.9637451172], [142.672744751, -157.131668091, 105.428726196, 86.8149719238, -39.6007461548, -41.1389961243, 27.9195175171, 54.9364814758, 3.38194036484, -11.881690979, 10.0025997162, 41.9637451172, 90.1504440308]], "icov": [[0.000245278206421, 0.000191213664948, -7.88055185694e-05, -0.000186946650501, 0.000379113014787, -0.000140765318065, -0.000135000431328, 0.000292759010335, -0.00015383916616, 2.1371002731e-05, -0.000280009640846, 4.00494900532e-05, 0.000204013980692], [0.000191213664948, 0.00148216402158, 0.000612052215729, 0.000334315060172, 0.000304365006741, -0.00171480735298, 0.000921915227082, -0.000587178685237, -0.000230967823882, -0.000845561560709, 0.00095567893004, -0.000341333157849, 0.000616602308583], [-7.88055185694e-05, 0.000612052215729, 0.00258024828508, 9.04001426534e-05, -0.000868304632604, 0.000901617284399, -0.00142987095751, -0.000150996696902, -0.0014181440929, 0.000681455945596, -0.000995351350866, 0.000646712724119, -0.00139578897506], [-0.000186946650501, 0.000334315060172, 9.04001426534e-05, 0.00308550219052, 6.57207056065e-05, 0.000377653952455, 0.000797812244855, -0.00368202873506, 0.00117798417341, -0.00221111881547, 0.000784668081906, -0.00186819687951, 0.000446357211331], [0.000379113014787, 0.000304365006741, -0.000868304632604, 6.57207056065e-05, 0.00802848208696, -0.00438264477998, 0.000186995210242, 0.000282103719655, -0.00135982991196, -0.00199678214267, 0.000740623916499, 0.000648922286928, 0.0015832092613], [-0.000140765318065, -0.00171480735298, 0.000901617284399, 0.000377653952455, -0.00438264477998, 0.0106643224135, -0.00467658787966, 0.00189619080629, 0.000392376445234, 0.000231538026128, -0.00325205852278, 0.00286096613854, -0.00190516805742], [-0.000135000431328, 0.000921915227082, -0.00142987095751, 0.000797812244855, 0.000186995210242, -0.00467658787966, 0.0154510643333, -0.00761644588783, 0.00266291573644, -0.00444645015523, 0.000720124400686, -0.00136444356758, 0.000397965457523], [0.000292759010335, -0.000587178685237, -0.000150996696902, -0.00368202873506, 0.000282103719655, 0.00189619080629, -0.00761644588783, 0.0204459186643, -0.00859686918557, 0.00597188388929, -0.00181618903298, -0.00117546413094, -0.00501755950972], [-0.00015383916616, -0.000230967823882, -0.0014181440929, 0.00117798417341, -0.00135982991196, 0.000392376445234, 0.00266291573644, -0.00859686918557, 0.0206961650401, -0.0140619874001, 0.00570095516741, -0.00473074708134, 0.00330060487613], [2.1371002731e-05, -0.000845561560709, 0.000681455945596, -0.00221111881547, -0.00199678214267, 0.000231538026128, -0.00444645015523, 0.00597188388929, -0.0140619874001, 0.0276050418615, -0.0145770730451, 0.00623844750226, -0.000329553324264], [-0.000280009640846, 0.00095567893004, -0.000995351350866, 0.000784668081906, 0.000740623916499, -0.00325205852278, 0.000720124400686, -0.00181618903298, 0.00570095516741, -0.0145770730451, 0.0287184361368, -0.0114924022928, 0.00227033649571], [4.00494900532e-05, -0.000341333157849, 0.000646712724119, -0.00186819687951, 0.000648922286928, 0.00286096613854, -0.00136444356758, -0.00117546413094, -0.00473074708134, 0.00623844750226, -0.0114924022928, 0.0212755706161, -0.00451471609995], [0.000204013980692, 0.000616602308583, -0.00139578897506, 0.000446357211331, 0.0015832092613, -0.00190516805742, 0.000397965457523, -0.00501755950972, 0.00330060487613, -0.000329553324264, 0.00227033649571, -0.00451471609995, 0.0174897518009]]}, "spectral_contrast_coeffs": {"dmean": [0.0598538778722, 0.0444104261696, 0.0344637967646, 0.0326883867383, 0.0208505988121, 0.0192881636322], "dmean2": [0.100705064833, 0.0752552896738, 0.0581174865365, 0.0527043938637, 0.0335908532143, 0.0308302715421], "dvar": [0.00268633337691, 0.00133501598611, 0.000803327304311, 0.000770771992393, 0.000386167579563, 0.000398037635023], "dvar2": [0.00721789617091, 0.00369612779468, 0.00219243625179, 0.00189882214181, 0.000826102739666, 0.000952342350502], "max": [-0.173290640116, -0.56001162529, -0.626025855541, -0.516460180283, -0.631978809834, -0.600652813911], "mean": [-0.612818479538, -0.750255346298, -0.787870645523, -0.761904001236, -0.799125373363, -0.781035125256], "median": [-0.622575640678, -0.750235021114, -0.788943171501, -0.768734097481, -0.808158278465, -0.788440465927], "min": [-0.971536397934, -0.966939210892, -0.953704953194, -0.963614284992, -0.957497060299, -0.962980926037], "var": [0.00835894420743, 0.00305037805811, 0.00219544488937, 0.00380681897514, 0.0016924419906, 0.00158469181042]}, "spectral_contrast_valleys": {"dmean": [0.471514880657, 0.399816542864, 0.375130563974, 0.345479547977, 0.362280189991, 0.37595897913], "dmean2": [0.766850888729, 0.649403512478, 0.597166597843, 0.540402650833, 0.56245303154, 0.546168804169], "dvar": [0.220307976007, 0.20119856298, 0.173246383667, 0.172205448151, 0.301962822676, 0.280315130949], "dvar2": [0.446250379086, 0.408862650394, 0.335845261812, 0.315133005