{"lowlevel": {"average_loudness": 0.939102530479, "barkbands_crest": {"dmean": 2.75255918503, "dmean2": 4.39955615997, "dvar": 8.32076263428, "dvar2": 20.4400520325, "max": 26.7342033386, "mean": 15.1937398911, "median": 14.5574979782, "min": 3.03878617287, "var": 28.6845283508}, "barkbands_flatness_db": {"dmean": 0.0314544700086, "dmean2": 0.0464453548193, "dvar": 0.00104907737114, "dvar2": 0.00217365287244, "max": 0.704081773758, "mean": 0.189348071814, "median": 0.182350590825, "min": 0.0299610383809, "var": 0.00530936568975}, "barkbands_kurtosis": {"dmean": 11.1283655167, "dmean2": 17.2638702393, "dvar": 1336.37597656, "dvar2": 2375.18164062, "max": 2575.91992188, "mean": 21.9090862274, "median": 11.7367582321, "min": -1.98358488083, "var": 4468.19433594}, "barkbands_skewness": {"dmean": 0.942362427711, "dmean2": 1.45082783699, "dvar": 1.36176300049, "dvar2": 3.14652013779, "max": 42.079788208, "mean": 3.51851201057, "median": 3.14886569977, "min": -2.05820512772, "var": 5.09535264969}, "barkbands_spread": {"dmean": 7.54263210297, "dmean2": 12.0799407959, "dvar": 120.262695312, "dvar2": 308.52130127, "max": 134.933135986, "mean": 17.0911407471, "median": 11.857170105, "min": 0.0276820082217, "var": 253.347824097}, "dissonance": {"dmean": 0.0169225279242, "dmean2": 0.0277068801224, "dvar": 0.000261860113824, "dvar2": 0.000680807861499, "max": 0.49999910593, "mean": 0.460402011871, "median": 0.46651032567, "min": 0.239080250263, "var": 0.000790752237663}, "dynamic_complexity": 3.82087135315, "erbbands_crest": {"dmean": 2.61402368546, "dmean2": 4.08981275558, "dvar": 6.82452344894, "dvar2": 15.7372016907, "max": 29.9090442657, "mean": 9.90701770782, "median": 8.66379928589, "min": 2.17941021919, "var": 24.7747821808}, "erbbands_flatness_db": {"dmean": 0.0226081144065, "dmean2": 0.0317269302905, "dvar": 0.000642301572952, "dvar2": 0.00117154570762, "max": 0.422850638628, "mean": 0.128629758954, "median": 0.114172242582, "min": 0.0311589185148, "var": 0.00310624134727}, "erbbands_kurtosis": {"dmean": 1.15288901329, "dmean2": 1.83707404137, "dvar": 13.1887874603, "dvar2": 30.5608463287, "max": 204.054092407, "mean": 0.517104446888, "median": -0.669103622437, "min": -1.8833783865, "var": 39.230014801}, "erbbands_skewness": {"dmean": 0.426978319883, "dmean2": 0.660358905792, "dvar": 0.221409156919, "dvar2": 0.525306224823, "max": 10.1680603027, "mean": 0.682312786579, "median": 0.567266821861, "min": -4.2639837265, "var": 0.878603041172}, "erbbands_spread": {"dmean": 14.0768966675, "dmean2": 21.034570694, "dvar": 239.264709473, "dvar2": 545.359558105, "max": 246.91897583, "mean": 62.9147262573, "median": 61.8832397461, "min": 1.0155518055, "var": 801.419555664}, "hfc": {"dmean": 11.2036828995, "dmean2": 16.3666725159, "dvar": 487.05557251, "dvar2": 1137.33422852, "max": 287.717041016, "mean": 18.5153865814, "median": 11.0572490692, "min": 1.17277151087e-16, "var": 620.690002441}, "melbands_crest": {"dmean": 2.81963419914, "dmean2": 4.43712234497, "dvar": 8.15060710907, "dvar2": 19.762254715, "max": 33.9342842102, "mean": 18.8768825531, "median": 19.0105953217, "min": 1.7740303278, "var": 24.0979690552}, "melbands_flatness_db": {"dmean": 0.0356790870428, "dmean2": 0.0523261204362, "dvar": 0.00138579984196, "dvar2": 0.00285912840627, "max": 0.852076768875, "mean": 0.279363304377, "median": 0.275688350201, "min": 0.00401169247925, "var": 0.00772057287395}, "melbands_kurtosis": {"dmean": 25.361951828, "dmean2": 39.9462165833, "dvar": 1813.86657715, "dvar2": 4652.58886719, "max": 1307.2644043, "mean": 56.5126686096, "median": 37.7600631714, "min": -1.22437155247, "var": 4688.45898438}, "melbands_skewness": {"dmean": 1.29704201221, "dmean2": 1.97011566162, "dvar": 2.14974045753, "dvar2": 5.07425117493, "max": 27.47473526, "mean": 5.4190788269, "median": 4.94889497757, "min": -0.254327118397, "var": 6.89903450012}, "melbands_spread": {"dmean": 4.51879453659, "dmean2": 7.15882158279, "dvar": 67.3899383545, "dvar2": 164.503555298, "max": 149.35194397, "mean": 10.3357248306, "median": 6.7101111412, "min": 0.249046504498, "var": 152.927108765}, "pitch_salience": {"dmean": 0.0763803422451, "dmean2": 0.121324785054, "dvar": 0.0065423338674, "dvar2": 0.0150568420067, "max": 0.930011451244, "mean": 0.416151612997, "median": 0.420468479395, "min": 0.0221600998193, "var": 0.0189277306199}, "silence_rate_20dB": {"dmean": 0, "dmean2": 0, "dvar": 0, "dvar2": 0, "max": 1, "mean": 1, "median": 1, "min": 1, "var": 0}, "silence_rate_30dB": {"dmean": 0.0966228917241, "dmean2": 0.193276003003, "dvar": 0.0872890204191, "dvar2": 0.17437197268, "max": 1, "mean": 0.868844747543, "median": 1, "min": 0, "var": 0.113957569003}, "silence_rate_60dB": {"dmean": 0.0293933711946, "dmean2": 0.0587959326804, "dvar": 0.02853176184, "dvar2": 0.0606523863971, "max": 1, "mean": 0.0994216054678, "median": 0, "min": 0, "var": 0.0895391926169}, "spectral_centroid": {"dmean": 263.924743652, "dmean2": 418.677764893, "dvar": 122019.335938, "dvar2": 299896.625, "max": 11008.4472656, "mean": 944.710327148, "median": 812.28717041, "min": 73.8835296631, "var": 339263.625}, "spectral_complexity": {"dmean": 3.41901183128, "dmean2": 5.04206418991, "dvar": 24.707824707, "dvar2": 50.6967544556, "max": 53, "mean": 11.4578704834, "median": 10, "min": 0, "var": 61.7210998535}, "spectral_decrease": {"dmean": 6.0041220884e-09, "dmean2": 9.43972633394e-09, "dvar": 1.3250250214e-16, "dvar2": 3.24995821601e-16, "max": 1.08615298849e-28, "mean": -1.24788508415e-08, "median": -7.85436604644e-09, "min": -1.10710296042e-07, "var": 1.99678130853e-16}, "spectral_energy": {"dmean": 0.023408215493, "dmean2": 0.0366475507617, "dvar": 0.0019731905777, "dvar2": 0.00481727160513, "max": 0.421848654747, "mean": 0.0487775430083, "median": 0.0309670548886, "min": 1.06180110368e-20, "var": 0.00298315100372}, "spectral_energyband_high": {"dmean": 0.00086642394308, "dmean2": 0.00127618515398, "dvar": 3.4989334381e-06, "dvar2": 8.26038558444e-06, "max": 0.0260228980333, "mean": 0.00110412016511, "median": 0.000415294023696, "min": 7.53692319814e-21, "var": 4.22598077421e-06}, "spectral_energyband_low": {"dmean": 0.0177547540516, "dmean2": 0.0281081050634, "dvar": 0.00164311996195, "dvar2": 0.00415039621294, "max": 0.412565082312, "mean": 0.034080401063, "median": 0.0161753371358, "min": 3.96095485546e-23, "var": 0.00229799840599}, "spectral_energyband_middle_high": {"dmean": 0.000764194177464, "dmean2": 0.00111629348248, "dvar": 1.93358800971e-06, "dvar2": 4.34992352893e-06, "max": 0.0219647865742, "mean": 0.00158125348389, "median": 0.00105753343087, "min": 1.3209786606e-21, "var": 3.42784232998e-06}, "spectral_energyband_middle_low": {"dmean": 0.00807451456785, "dmean2": 0.0128193385899, "dvar": 0.000279319065157, "dvar2": 0.000727747625206, "max": 0.202845185995, "mean": 0.0128824505955, "median": 0.00769853871316, "min": 2.56748526717e-22, "var": 0.000290509371553}, "spectral_entropy": {"dmean": 0.271291851997, "dmean2": 0.394585072994, "dvar": 0.0908345207572, "dvar2": 0.175533220172, "max": 9.79937553406, "mean": 7.41407585144, "median": 7.54361009598, "min": 3.86441874504, "var": 0.397489756346}, "spectral_flux": {"dmean": 0.0445777401328, "dmean2": 0.0688753649592, "dvar": 0.00453369086608, "dvar2": 0.00982112716883, "max": 0.600219964981, "mean": 0.0867774710059, "median": 0.0569630749524, "min": 6.57435564322e-11, "var": 0.00711034145206}, "spectral_kurtosis": {"dmean": 1.63201653957, "dmean2": 2.5543820858, "dvar": 7.80543422699, "dvar2": 19.0826129913, "max": 73.7317047119, "mean": 4.15292549133, "median": 2.70498895645, "min": -1.22215044498, "var": 27.6379451752}, "spectral_rms": {"dmean": 0.00141211191658, "dmean2": 0.0021004609298, "dvar": 4.31105945609e-06, "dvar2": 9.59909175435e-06, "max": 0.0202869325876, "mean": 0.00592950824648, "median": 0.0054965224117, "min": 3.21854543885e-12, "var": 1.24284579215e-05}, "spectral_rolloff": {"dmean": 581.350708008, "dmean2": 1033.17590332, "dvar": 2670936, "dvar2": 7323582.5, "max": 18970.7519531, "mean": 851.345581055, "median": 322.998046875, "min": 64.599609375, "var": 3547066}, "spectral_skewness": {"dmean": 0.229406669736, "dmean2": 0.351940900087, "dvar": 0.0762711241841, "dvar2": 0.169917657971, "max": 7.15343332291, "mean": 1.54920244217, "median": 1.39670181274, "min": -0.0485433861613, "var": 0.393459171057}, "spectral_spread": {"dmean": 1116341.125, "dmean2": 1598189.125, "dvar": 1640260435970.0, "dvar2": 3511157260290.0, "max": 42227792, "mean": 6393645.5, "median": 6296683, "min": 1155259.75, "var": 6906925547520.0}, "spectral_strongpeak": {"dmean": 0.241866096854, "dmean2": 0.397601515055, "dvar": 0.103310167789, "dvar2": 0.250195145607, "max": 5.17573881149, "mean": 0.616881251335, "median": 0.544501900673, "min": 0, "var": 0.200495436788}, "zerocrossingrate": {"dmean": 0.0142990220338, "dmean2": 0.0170524306595, "dvar": 0.000287594186375, "dvar2": 0.000401657569455, "max": 0.505859375, "mean": 0.0503115914762, "median": 0.037109375, "min": 0.001953125, "var": 0.00206645089202}, "barkbands": {"dmean": [0.000176478773938, 0.0148307140917, 0.00355007289909, 0.0021657817997, 0.0042540114373, 0.00248876167461, 0.000392618676415, 6.44913016004e-05, 8.14365994302e-05, 0.000116145885841, 0.000111479930638, 6.92492903909e-05, 8.70009462233e-05, 0.000123959136545, 8.89233851922e-05, 0.000172668485902, 7.23907724023e-05, 9.28426597966e-05, 0.000106557446998, 0.000131480250275, 8.67155686137e-05, 0.000165597855812, 0.000144564881339, 9.49937020778e-05, 0.000177629597601, 0.000181350871571, 2.55310769717e-05], "dmean2": [0.000288229464786, 0.0237807445228, 0.00584565103054, 0.00381315103732, 0.00712620513514, 0.00366671895608, 0.000657041731756, 0.000100918361568, 0.000122740617371, 0.000179152280907, 0.000171002597199, 0.000109349392005, 0.000130154003273, 0.000186897334061, 0.000145835976582, 0.000282577995677, 0.000114592279715, 0.00014670388191, 0.000166275320225, 0.000209688470932, 0.000126690167235, 0.00024951362866, 0.000217655615415, 0.000149111525388, 0.000280293432297, 0.000288804410957, 4.05141981901e-05], "dvar": [2.19269921331e-07, 0.00120573618915, 9.55510986387e-05, 4.39753057435e-05, 7.81204289524e-05, 1.71868687175e-05, 1.27641214931e-06, 1.67151910091e-08, 2.37209913934e-08, 3.7835100386e-08, 4.09343599017e-08, 2.35950210481e-08, 1.0351667612e-07, 5.26119983135e-08, 5.55236923105e-08, 1.56063279633e-07, 2.30154117986e-08, 4.47325092523e-08, 4.88121649767e-08, 8.36667695125e-08, 2.30117294109e-08, 1.27700303665e-07, 1.30539930865e-07, 5.60619284329e-08, 1.6088141308e-07, 4.84414044877e-07, 2.93158120002e-09], "dvar2": [5.57789462619e-07, 0.00309194019064, 0.000251460529398, 0.000120988042909, 0.000206242417335, 4.02023397328e-05, 3.29663839693e-06, 3.97014012776e-08, 5.1980975968e-08, 9.21584017988e-08, 9.09737494226e-08, 5.66580702355e-08, 1.83671176046e-07, 1.12123522911e-07, 1.49477926925e-07, 4.12617197298e-07, 5.25670458273e-08, 1.09563885076e-07, 1.16508111603e-07, 2.09306790566e-07, 4.97049157389e-08, 3.00830066635e-07, 3.16750572438e-07, 1.43039244449e-07, 4.09658980516e-07, 1.18875050248e-06, 7.27064719541e-09], "max": [0.0100556230173, 0.369040966034, 0.106279700994, 0.0884559825063, 0.104175306857, 0.0525899268687, 0.0158847402781, 0.00285834888928, 0.00215033511631, 0.00336136622354, 0.00327926478349, 0.00259555829689, 0.00953265931457, 0.00665298569947, 0.00899492111057, 0.00682209990919, 0.00226377998479, 0.0034322172869, 0.00343577680178, 0.00395977450535, 0.00269333552569, 0.00618918891996, 0.00484340079129, 0.00362094305456, 0.00425979867578, 0.0117162037641, 0.000648528395686], "mean": [0.000233863436733, 0.0283679664135, 0.00466259196401, 0.00190340110566, 0.0053886580281, 0.00485282856971, 0.000429978244938, 9.82457422651e-05, 0.000115293980343, 0.000194650361664, 0.000183500742423, 9.47018852457e-05, 0.000119373849884, 0.000205283708056, 0.000115387862024, 0.000231997924857, 0.000105434017314, 0.000116732051538, 0.000165178804309, 0.000165935678524, 0.000144772333442, 0.000195930391783, 0.000170415471075, 0.000116793977213, 0.000193925341591, 0.000175490684342, 2.91144697258e-05], "median": [4.93089355587e-05, 0.010274540633, 0.00103959790431, 0.000221302339924, 0.00268652569503, 0.00270173582248, 0.000133300825837, 4.61466443085e-05, 4.37543894805e-05, 0.000105836399598, 7.84864605521e-05, 3.69214649254e-05, 2.89105519187e-05, 8.3793180238e-05, 4.30877116742e-05, 8.1322643382e-05, 4.63313008368e-05, 4.81988790852e-05, 8.39350323076e-05, 6.42483573756e-05, 6.14210657659e-05, 5.64649380976e-05, 4.15267386416e-05, 3.88377302443e-05, 4.41833981313e-05, 3.0525305192e-05, 4.86304043079e-06], "min": [1.36293013208e-23, 1.29280560409e-23, 1.30624075333e-24, 1.07709411391e-24, 3.19336290242e-23, 2.12179870346e-23, 2.70566637162e-23, 3.88571551113e-23, 4.59943394414e-23, 2.87192764264e-23, 5.0969218165e-23, 5.09882581118e-23, 5.78596531148e-23, 6.38101318971e-23, 6.41654664032e-23, 1.30497725454e-22, 1.65173943011e-22, 1.83664640681e-22, 2.30848973643e-22, 2.39452454758e-22, 4.44510624535e-22, 4.69843434692e-22, 5.03654896614e-22, 7.4282666835e-22, 1.09417718711e-21, 1.65366298854e-21, 2.51593829358e-21], "var": [2.8167102073e-07, 0.00172379903961, 9.95204609353e-05, 3.27509696945e-05, 6.94236587151e-05, 3.7953559513e-05, 1.04830189684e-06, 2.34583019676e-08, 3.86740346414e-08, 6.64934276529e-08, 8.15144218791e-08, 3.18977626534e-08, 2.09160248232e-07, 1.08422788969e-07, 5.413870241e-08, 2.05918667007e-07, 3.43812835979e-08, 4.85065640987e-08, 6.62311521182e-08, 8.98941721061e-08, 5.14504137072e-08, 1.52638321538e-07, 1.47674896311e-07, 5.78257406403e-08, 1.68376587339e-07, 4.35495934425e-07, 4.00835231673e-09]}, "erbbands": {"dmean": [0.348023116589, 3.64139294624, 5.37091159821, 4.65741062164, 10.435095787, 13.6052064896, 24.6329612732, 19.5242328644, 6.46700763702, 3.51444721222, 1.4217145443, 2.01896524429, 3.0545527935, 3.25924396515, 4.64643287659, 3.30220770836, 4.2119603157, 6.37202072144, 4.65892982483, 6.77976512909, 6.73781585693, 3.2494020462, 4.1511592865, 6.69617080688, 4.95088243484, 6.79500198364, 3.80612540245, 3.40954852104, 6.05814790726, 4.32866382599, 4.82384586334, 2.53611087799, 1.38713181019, 1.41737008095, 1.53879106045, 1.26899659634, 0.201379060745, 0.0353456176817, 0.00376479304396, 0.000262683082838], "dmean2": [0.570076048374, 5.84837770462, 8.59857273102, 8.05637454987, 18.9700088501, 22.595916748, 38.0333747864, 29.1797981262, 10.4003477097, 5.96620893478, 2.21112656593, 2.99282670021, 4.68357133865, 5.16584014893, 7.04724931717, 5.11558389664, 6.16709136963, 9.56284713745, 7.64050912857, 10.8230466843, 10.7267217636, 5.04207038879, 6.39116668701, 10.4074048996, 7.77120018005, 10.7695665359, 5.65633630753, 5.1089515686, 9.02740764618, 6.57298231125, 7.39051866531, 3.94676423073, 2.15195846558, 2.27291846275, 2.45128679276, 2.00394105911, 0.323174208403, 0.057436529547, 0.00597055023536, 0.000388100859709], "dvar": [0.712791979313, 72.0618515015, 191.54284668, 142.007843018, 1327.77160645, 699.944885254, 1991.56274414, 1193.41003418, 247.004257202, 120.363197327, 9.03658008575, 14.5861558914, 30.8411827087, 43.6132850647, 69.5927124023, 53.6541748047, 265.556976318, 135.790176392, 192.287780762, 180.041992188, 210.827667236, 44.6971893311, 76.0921707153, 209.118545532, 104.569923401, 235.8515625, 48.8009986877, 40.8284873962, 169.21963501, 87.9634170532, 167.424362183, 46.3136978149, 9.3345079422, 10.2303886414, 13.0340499878, 25.7435264587, 0.319429457188, 0.005854152143, 6.18547128397e-05, 3.47116497323e-07], "dvar2": [1.87653970718, 186.011886597, 490.312896729, 385.565490723, 3774.73266602, 1848.77246094, 4927.86279297, 2884.92480469, 632.171447754, 321.180389404, 21.286031723, 30.3066711426, 74.0720748901, 108.833137512, 151.987045288, 126.799430847, 464.929840088, 283.469177246, 526.222839355, 449.117950439, 531.502258301, 103.32358551, 176.825881958, 497.418792725, 258.192352295, 589.403991699, 109.046211243, 93.0742263794, 384.184753418, 208.707702637, 418.741149902, 117.625419617, 23.4133968353, 26.8016490936, 33.2820129395, 62.7641906738, 0.801387250423, 0.0156152890995, 0.000155063506099, 7.50211654577e-07], "max": [10.4919319153, 94.8426818848, 156.861694336, 132.058959961, 494.070770264, 324.981231689, 671.659179688, 497.051177979, 250.210693359, 106.937438965, 71.7405700684, 63.9674720764, 95.66746521, 113.577461243, 127.050796509, 133.665878296, 493.692321777, 335.25958252, 543.164428711, 249.095413208, 219.34715271, 98.8135452271, 110.321281433, 243.318237305, 177.929763794, 231.506362915, 113.938713074, 128.335876465, 250.42237854, 137.45300293, 172.93019104, 107.028877258, 46.0233764648, 37.3121566772, 34.2373504639, 86.01537323, 8.92778587341, 0.799057126045, 0.0946059674025, 0.00777034880593], "mean": [0.617905557156, 6.91634559631, 8.41593360901, 4.85262584686, 7.9782204628, 18.8584117889, 42.1342086792, 37.533416748, 10.1774339676, 3.54802584648, 2.13871407509, 3.07439851761, 5.20600271225, 5.00734615326, 8.08919334412, 4.95651721954, 6.1645898819, 10.999671936, 6.21836996078, 10.0938520432, 9.61930370331, 4.92778253555, 5.87508630753, 9.46739864349, 7.40106248856, 8.60012435913, 5.78231477737, 5.48459434509, 7.42649745941, 5.3384604454, 5.35956573486, 3.0294406414, 1.73098409176, 1.61517930031, 1.59959340096, 1.19768929482, 0.211044147611, 0.0384786054492, 0.00430444628, 0.000339527410688], "median": [0.222628265619, 2.46962356567, 3.13116407394, 1.53171217442, 1.48013818264, 10.6408147812, 21.3587169647, 18.9183940887, 4.73635816574, 1.2350564003, 0.94368326664, 1.26024246216, 2.72373867035, 2.33812189102, 3.82321810722, 2.17708563805, 1.7717577219, 4.56612348557, 2.65203356743, 4.60897493362, 3.83232593536, 2.39585471153, 2.70060682297, 4.45829391479, 3.6440486908, 3.38222098351, 2.45190024376, 2.06661057472, 2.19512438774, 1.66977190971, 1.15427958965, 0.827734470367, 0.595810174942, 0.464994370937, 0.323391646147, 0.184030771255, 0.0431270487607, 0.00731896515936, 0.000799845263828, 0.000100505145383], "min": [4.7078325202e-22, 2.85216782554e-21, 2.08783779341e-21, 5.04529323052e-21, 5.93017025626e-20, 1.30732057179e-19, 1.56448456188e-19, 1.18896356309e-19, 3.60269959648e-19, 5.26606183912e-19, 1.16228492038e-18, 1.10009758533e-18, 1.2723663231e-18, 1.66600244806e-18, 1.78401248034e-18, 2.52819544459e-18, 2.98602626516e-18, 3.89701536981e-18, 3.505028126e-18, 3.93250638117e-18, 8.94645132441e-18, 9.59307329849e-18, 1.02081027634e-17, 8.57277992731e-18, 1.38837947934e-17, 1.15675699643e-17, 1.63770908676e-17, 1.65193692417e-17, 1.76050884634e-17, 1.40571801216e-17, 1.7070392298e-17, 1.21050140237e-17, 1.27332105496e-17, 1.07277616125e-17, 7.70059738071e-18, 5.56895087421e-18, 2.96380736673e-18, 1.16913097733e-18, 3.08299364984e-19, 3.41059329694e-20], "var": [0.929598629475, 103.53112793, 226.403991699, 113.663566589, 808.422607422, 682.38848877, 3596.94360352, 2607.46191406, 273.521759033, 88.9960632324, 12.5463323593, 26.3201313019, 51.9971847534, 66.4470825195, 145.494476318, 78.7832946777, 539.31829834, 295.471466064, 166.67980957, 273.798400879, 299.084411621, 65.3996124268, 98.4556350708, 270.664794922, 130.284881592, 249.032714844, 82.9113464355, 83.4134368896, 220.940551758, 103.560241699, 171.552520752, 47.1339645386, 10.5677623749, 10.123052597, 13.0066413879, 22.8169670105, 0.315338253975, 0.00682383496314, 8.13336737338e-05, 4.93519451084e-07]}, "gfcc": {"mean": [-29.9083271027, 75.3922119141, -73.7856369019, 42.5655593872, -44.418888092, 8.10575580597, -38.5683135986, -0.444795101881, -27.3714485168, 7.07169914246, -8.40930652618, 13.9970550537, 2.34760212898], "cov": [[18656.2792969, -2366.96069336, 465.377227783, 958.90612793, 14.9670114517, 718.704650879, -550.522033691, 222.929412842, -178.93208313, 614.552307129, -110.324272156, 300.175109863, -322.533874512], [-2366.96069336, 2150.76855469, -288.866821289, 221.996536255, 328.142822266, -57.4908599854, 368.070251465, -22.6563110352, 203.888580322, -137.257873535, 152.156265259, -144.501281738, 117.20136261], [465.377227783, -288.866821289, 1023.14532471, 146.762420654, 270.374481201, 332.285339355, 171.810211182, 278.470001221, 64.4885559082, 84.4880523682, -45.6160354614, 30.9524497986, -74.8161468506], [958.90612793, 221.996536255, 146.762420654, 489.255096436, 177.962753296, 196.317596436, 133.176651001, 98.7148132324, 117.676399231, 40.9720306396, 23.2221355438, -19.2512359619, -29.7568264008], [14.9670114517, 328.142822266, 270.374481201, 177.962753296, 373.600952148, 183.437774658, 165.589141846, 114.207809448, 92.6592559814, 46.7606010437, 46.916015625, 0.412043809891, 12.1860656738], [718.704650879, -57.4908599854, 332.285339355, 196.317596436, 183.437774658, 294.664916992, 130.418838501, 158.011322021, 65.3429031372, 61.9963989258, -6.82791852951, 5.1160402298, -52.8026351929], [-550.522033691, 368.070251465, 171.810211182, 133.176651001, 165.589141846, 130.418838501, 263.535125732, 119.952217102, 95.9596939087, -16.453962326, 19.9955883026, -47.9424934387, -1.13647902012], [222.929412842, -22.6563110352, 278.470001221, 98.7148132324, 114.207809448, 158.011322021, 119.952217102, 188.426010132, 61.4291191101, 35.5255661011, -16.7110404968, -0.0710421949625, -33.5636711121], [-178.93208313, 203.888580322, 64.4885559082, 117.676399231, 92.6592559814, 65.3429031372, 95.9596939087, 61.4291191101, 124.459083557, 22.692281723, 25.0623970032, -29.6139621735, 4.00249671936], [614.552307129, -137.257873535, 84.4880523682, 40.9720306396, 46.7606010437, 61.9963989258, -16.453962326, 35.5255661011, 22.692281723, 113.653152466, 36.047996521, 31.0748977661, -8.78285217285], [-110.324272156, 152.156265259, -45.6160354614, 23.2221355438, 46.916015625, -6.82791852951, 19.9955883026, -16.7110404968, 25.0623970032, 36.047996521, 106.446647644, 29.5648956299, 41.530292511], [300.175109863, -144.501281738, 30.9524497986, -19.2512359619, 0.412043809891, 5.1160402298, -47.9424934387, -0.0710421949625, -29.6139621735, 31.0748977661, 29.5648956299, 116.438720703, 40.4898071289], [-322.533874512, 117.20136261, -74.8161468506, -29.7568264008, 12.1860656738, -52.8026351929, -1.13647902012, -33.5636711121, 4.00249671936, -8.78285217285, 41.530292511, 40.4898071289, 95.1823120117]], "icov": [[0.000101692006865, 3.28567693941e-05, 6.2560022343e-05, -0.000249996170169, 1.43493271025e-05, -0.000169642808032, 0.000209887090023, -6.4244864916e-05, 0.000270656571956, -0.000398759992095, 0.000131711232825, -7.31423133402e-05, 8.45263712108e-05], [3.28567693941e-05, 0.00119404122233, 0.000362498103641, -0.00029342979542, -0.000975061266217, 0.000663920072839, -0.000992212560959, 0.000202099108719, -0.000578181119636, 0.00117012462579, -0.00110787944868, 0.000750167877413, -0.000316598860081], [6.2560022343e-05, 0.000362498103641, 0.00216806377284, 0.000118406642287, -0.00102817732841, -0.000823562499136, -0.000282731343759, -0.00171217427123, 0.000306793022901, -0.00025815734989, 0.000600968778599, -0.000524918199517, 0.000498802459333], [-0.000249996170169, -0.00029342979542, 0.000118406642287, 0.00407454837114, -0.000337674107868, -0.00174396508373, -0.000424083438702, 0.000735932786483, -0.00290957326069, 0.00107525545172, -0.00030322567909, -0.000375919858925, 0.00072506594006], [1.43493271025e-05, -0.000975061266217, -0.00102817732841, -0.000337674107868, 0.00619639502838, -0.00254713138565, -0.000628434354439, 0.000341308623319, -5.69886287849e-05, -0.00170138780959, -0.000407966756029, -6.07803995081e-05, -0.00170872360468], [-0.000169642808032, 0.000663920072839, -0.000823562499136, -0.00174396508373, -0.00254713138565, 0.0112751666456, -0.00292123132385, -0.00282775168307, 7.3849070759e-05, -0.0011609045323, 0.000328574620653, -0.00140412000474, 0.0033078098204], [0.000209887090023, -0.000992212560959, -0.000282731343759, -0.000424083438702, -0.000628434354439, -0.00292123132385, 0.0113793183118, -0.00473028002307, -0.00133321259636, 0.00302901817486, -0.0021376721561, 0.00295686512254, -0.0014836457558], [-6.4244864916e-05, 0.000202099108719, -0.00171217427123, 0.000735932786483, 0.000341308623319, -0.00282775168307, -0.00473028002307, 0.0148563804105, -0.00371975568123, -0.00170356046874, 0.0031601570081, -0.00273156398907, 0.00176991487388], [0.000270656571956, -0.000578181119636, 0.000306793022901, -0.00290957326069, -5.69886287849e-05, 7.3849070759e-05, -0.00133321259636, -0.00371975568123, 0.0170340873301, -0.00496160751209, -0.000803993607406, 0.00437236018479, -0.00300201633945], [-0.000398759992095, 0.00117012462579, -0.00025815734989, 0.00107525545172, -0.00170138780959, -0.0011609045323, 0.00302901817486, -0.00170356046874, -0.00496160751209, 0.0185210332274, -0.00834677554667, -0.000844883965328, 0.00226939935237], [0.000131711232825, -0.00110787944868, 0.000600968778599, -0.00030322567909, -0.000407966756029, 0.000328574620653, -0.0021376721561, 0.0031601570081, -0.000803993607406, -0.00834677554667, 0.0180073399097, -0.00422204704955, -0.00328597915359], [-7.31423133402e-05, 0.000750167877413, -0.000524918199517, -0.000375919858925, -6.07803995081e-05, -0.00140412000474, 0.00295686512254, -0.00273156398907, 0.00437236018479, -0.000844883965328, -0.00422204704955, 0.0165541023016, -0.00886238180101], [8.45263712108e-05, -0.000316598860081, 0.000498802459333, 0.00072506594006, -0.00170872360468, 0.0033078098204, -0.0014836457558, 0.00176991487388, -0.00300201633945, 0.00226939935237, -0.00328597915359, -0.00886238180101, 0.0200007334352]]}, "melbands": {"dmean": [0.00369178084657, 0.00354200671427, 0.00104451167863, 0.000774677377194, 0.000863427354489, 0.000431538326666, 9.37095101108e-05, 3.2427127735e-05, 1.17490635603e-05, 1.23078434626e-05, 1.52858756337e-05, 1.33781159093e-05, 1.53942910401e-05, 9.69743541646e-06, 8.70953044796e-06, 7.89778005128e-06, 1.35780246637e-05, 7.68027530285e-06, 5.43893884242e-06, 1.5529061784e-05, 6.19964202997e-06, 3.20220465255e-06, 4.47248430646e-06, 4.77862886328e-06, 5.85101361139e-06, 2.95991912935e-06, 4.6153936637e-06, 4.46512058261e-06, 2.7246683203e-06, 1.86018144177e-06, 2.16577495848e-06, 3.01625095744e-06, 4.0361774154e-06, 1.83832435141e-06, 3.08718267661e-06, 2.11071346712e-06, 1.43363718053e-06, 9.62377612268e-07, 9.47769592585e-07, 1.30727551095e-06], "dmean2": [0.00598215032369, 0.00567063735798, 0.00182929763105, 0.00134674820583, 0.00134685880039, 0.000640289275907, 0.000152549662744, 5.44072645425e-05, 1.792029434e-05, 1.84896380233e-05, 2.35236784647e-05, 2.12553968595e-05, 2.34944855038e-05, 1.48843619172e-05, 1.31485430757e-05, 1.18157386169e-05, 2.04580337595e-05, 1.26668674056e-05, 8.81727009983e-06, 2.54960850725e-05, 9.82412257144e-06, 5.05345906276e-06, 7.04728745404e-06, 7.63295884099e-06, 9.18443674891e-06, 4.73163026982e-06, 7.42530937714e-06, 7.15658052286e-06, 4.16765897171e-06, 2.78293168776e-06, 3.33706634592e-06, 4.49841627415e-06, 6.3138504629e-06, 2.80644553641e-06, 4.7864705266e-06, 3.26335407408e-06, 2.27984514822e-06, 1.49532661453e-06, 1.50823848344e-06, 2.11908445635e-06], "dvar": [7.74110085331e-05, 7.23472476238e-05, 8.728663488e-06, 3.92284118789e-06, 2.39701557803e-06, 5.59963496016e-07, 5.78115155747e-08, 9.29511578818e-09, 5.3296778102e-10, 5.42562550443e-10, 7.66527397111e-10, 7.65260965707e-10, 7.65514540646e-10, 3.30046517893e-10, 8.08910050054e-10, 5.99927774125e-10, 6.57699283924e-10, 4.79386363939e-10, 1.58873122991e-10, 1.23195564861e-09, 1.62603597254e-10, 4.44229410201e-11, 1.16155370045e-10, 1.12340893532e-10, 1.69337918687e-10, 3.65757493737e-11, 1.00270743097e-10, 1.05142922147e-10, 2.99681633675e-11, 1.22648809511e-11, 1.85978298733e-11, 4.14688283712e-11, 8.39384117768e-11, 1.47581166038e-11, 6.75773326186e-11, 4.19264900575e-11, 1.61446637309e-11, 4.69911609624e-12, 3.93999242954e-12, 9.46424015547e-12], "dvar2": [0.000199510323, 0.000185209151823, 2.41143516178e-05, 1.08280955828e-05, 5.96165182287e-06, 1.33337198349e-06, 1.47120914562e-07, 2.46416398397e-08, 1.23318621981e-09, 1.16585496812e-09, 1.85357340587e-09, 1.8906374244e-09, 1.66642410981e-09, 7.63627383549e-10, 1.49403311944e-09, 1.11239972789e-09, 1.37229227981e-09, 1.30564326017e-09, 4.14399181636e-10, 3.27827476276e-09, 3.91709775727e-10, 1.04102462761e-10, 2.79550826932e-10, 2.7831612015e-10, 4.08856476453e-10, 9.06851191362e-11, 2.56763360573e-10, 2.63772392817e-10, 7.03230390586e-11, 2.63140446932e-11, 4.3462754229e-11, 9.40724165233e-11, 2.04324723807e-10, 3.35803260199e-11, 1.67476782442e-10, 1.06284356316e-10, 4.15217582539e-11, 1.17355153373e-11, 1.01948172126e-11, 2.4766242876e-11], "max": [0.10167466104, 0.0921806544065, 0.0373448468745, 0.0256318617612, 0.0206669606268, 0.0101609211415, 0.00359794055112, 0.000961418962106, 0.000503672461491, 0.000378026539693, 0.000473936786875, 0.000499041867442, 0.000503796210978, 0.00030360466917, 0.000828038202599, 0.000653686351143, 0.000771343940869, 0.000801581307314, 0.000372108916054, 0.000671674206387, 0.00016280527052, 0.000100331977592, 0.000187925092177, 0.000175555149326, 0.000232911072089, 8.56558544911e-05, 0.000139078110806, 0.000165564139024, 9.14393240237e-05, 6.6328990215e-05, 9.41481848713e-05, 0.000122497149277, 0.000135182403028, 4.80361195514e-05, 9.33010596782e-05, 9.72450579866e-05, 6.28997586318e-05, 2.99236799037e-05, 3.52517854481e-05, 3.41772501997e-05], "mean": [0.00704248202965, 0.00638106418774, 0.000984239624813, 0.000827481853776, 0.00146998523269, 0.000839873391669, 0.000131577588036, 3.27881425619e-05, 1.76903886313e-05, 1.83988140634e-05, 2.56958664977e-05, 1.9385592168e-05, 2.61500881606e-05, 1.51421209011e-05, 1.21083594422e-05, 1.12170309876e-05, 2.28392400459e-05, 9.89808904706e-06, 7.26599546397e-06, 2.14175615838e-05, 8.65353740664e-06, 4.65127322968e-06, 5.94604489379e-06, 6.01962483415e-06, 8.06254774943e-06, 4.40234134658e-06, 6.197104085e-06, 5.39966276847e-06, 3.68743485524e-06, 3.10193263431e-06, 3.24974735122e-06, 3.74648948309e-06, 4.40746907771e-06, 2.40849863076e-06, 3.33964931087e-06, 2.36709911405e-06, 1.69530267158e-06, 1.18203968213e-06, 1.15598345474e-06, 1.43113186368e-06], "median": [0.00249355891719, 0.00316820549779, 0.000252775789704, 0.000367123808246, 0.000826091738418, 0.000448767386843, 5.33125639777e-05, 1.06296429294e-05, 7.51132347432e-06, 7.66856737755e-06, 1.33490930239e-05, 7.35881076253e-06, 1.15308994282e-05, 7.28689019525e-06, 3.62554897038e-06, 2.99768248624e-06, 9.05443266674e-06, 3.89066781281e-06, 2.8875310818e-06, 8.2826218204e-06, 3.28070245814e-06, 2.05748824555e-06, 2.3211075586e-06, 2.5215547339e-06, 3.61715683539e-06, 2.31971239373e-06, 2.46474610321e-06, 2.07284210774e-06, 1.5165021523e-06, 1.11357678634e-06, 1.12536520191e-06, 1.14130125439e-06, 1.13343821795e-06, 7.4180189813e-07, 6.23750622708e-07, 5.38813651474e-07, 4.42263853984e-07, 3.83431455475e-07, 3.65600641317e-07, 3.8799299773e-07], "min": [4.1862114837e-24, 2.91613990427e-24, 1.91609856814e-24, 6.54599619052e-24, 4.8927137327e-24, 2.87291150996e-24, 5.40237901419e-24, 6.78560480187e-24, 1.10360977997e-23, 6.75313844245e-24, 6.07307565556e-24, 6.44459443204e-24, 6.35680131303e-24, 4.78016813064e-24, 4.92218320953e-24, 8.21724771646e-24, 6.67729341072e-24, 4.43413350571e-24, 4.345473823e-24, 6.42835809689e-24, 1.11306514567e-23, 1.02301012579e-23, 7.45051751508e-24, 8.51335770129e-24, 6.48101061801e-24, 1.06600367622e-23, 8.51974116374e-24, 7.1667595143e-24, 9.69753573878e-24, 1.21306778045e-23, 7.9196373182e-24, 8.90145438969e-24, 9.27596531559e-24, 7.03843393313e-24, 9.8964052064e-24, 5.5095915221e-24, 7.96153845404e-24, 7.75596524644e-24, 7.94404388574e-24, 9.66264442094e-24], "var": [0.000109660883027, 9.34374329518e-05, 6.30207705399e-06, 2.80492167803e-06, 3.70613133782e-06, 1.21829179989e-06, 5.87889061876e-08, 7.18692927393e-09, 8.05341293653e-10, 9.23390974794e-10, 1.27184462961e-09, 1.19940068988e-09, 1.61104540819e-09, 5.34040145439e-10, 1.62622126876e-09, 1.17161302882e-09, 1.41246858654e-09, 4.19281359632e-10, 1.79595796568e-10, 1.63832103439e-09, 2.36481279003e-10, 6.47745121429e-11, 1.41793063402e-10, 1.21053195246e-10, 2.15060413922e-10, 4.47577669371e-11, 1.13148386494e-10, 1.07428371754e-10, 3.99312492794e-11, 3.11649699103e-11, 3.32274312231e-11, 5.56550951158e-11, 8.75263889144e-11, 2.01592596782e-11, 7.01052965679e-11, 4.11409344092e-11, 1.58902075525e-11, 5.32079155041e-12, 4.33356258864e-12, 8.96499801478e-12]}, "mfcc": {"mean": [-684.151184082, 109.788673401, 27.9325828552, 40.356967926, 15.3931283951, 13.0231552124, 2.53436970711, -0.574640035629, -5.83359384537, -5.79923534393, -7.01126432419, -8.06167316437, 3.30892133713], "cov": [[10968.1386719, -740.881896973, 285.146118164, 357.271575928, 335.733062744, 398.910766602, 58.2496299744, 0.403279393911, -35.9538002014, 143.941818237, 44.2069511414, 110.658325195, 198.519088745], [-740.881896973, 1351.08300781, -147.844848633, 251.876586914, 98.3474273682, 90.1486206055, 128.774459839, 86.7378311157, 70.7535552979, 51.0135345459, 29.0900993347, 35.2832832336, 10.8951807022], [285.146118164, -147.844848633, 647.253051758, 75.1191253662, 183.050170898, 116.077453613, 153.572860718, 174.629180908, 155.783920288, 132.569885254, 88.2827529907, 99.0079650879, 29.4963531494], [357.271575928, 251.876586914, 75.1191253662, 306.407653809, 130.109191895, 133.988006592, 81.2255401611, 99.9279937744, 79.439453125, 72.648651123, 51.2296180725, 47.1712150574, 33.3920288086], [335.733062744, 98.3474273682, 183.050170898, 130.109191895, 269.193664551, 140.334457397, 118.337387085, 98.9328155518, 90.8558273315, 78.202911377, 61.552936554, 56.6608734131, 55.4785995483], [398.910766602, 90.1486206055, 116.077453613, 133.988006592, 140.334457397, 189.663269043, 104.767883301, 95.4195404053, 71.9556045532, 76.5851821899, 54.0063667297, 63.7985992432, 36.7173614502], [58.2496299744, 128.774459839, 153.572860718, 81.2255401611, 118.337387085, 104.767883301, 192.417327881, 116.009269714, 95.1297988892, 78.5702285767, 58.1788673401, 64.2205886841, 38.4244194031], [0.403279393911, 86.7378311157, 174.629180908, 99.9279937744, 98.9328155518, 95.4195404053, 116.009269714, 192.230575562, 119.924552917, 81.0796432495, 44.1105575562, 58.1455307007, 30.9839763641], [-35.9538002014, 70.7535552979, 155.783920288, 79.439453125, 90.8558273315, 71.9556045532, 95.1297988892, 119.924552917, 156.815582275, 98.3618164062, 54.4336776733, 49.5980300903, 16.3653964996], [143.941818237, 51.0135345459, 132.569885254, 72.648651123, 78.202911377, 76.5851821899, 78.5702285767, 81.0796432495, 98.3618164062, 147.510040283, 71.7060241699, 62.5958251953, 3.73954701424], [44.2069511414, 29.0900993347, 88.2827529907, 51.2296180725, 61.552936554, 54.0063667297, 58.1788673401, 44.1105575562, 54.4336776733, 71.7060241699, 101.897262573, 50.6554832458, 4.65256071091], [110.658325195, 35.2832832336, 99.0079650879, 47.1712150574, 56.6608734131, 63.7985992432, 64.2205886841, 58.1455307007, 49.5980300903, 62.5958251953, 50.6554832458, 114.019493103, 27.3391399384], [198.519088745, 10.8951807022, 29.4963531494, 33.3920288086, 55.4785995483, 36.7173614502, 38.4244194031, 30.9839763641, 16.3653964996, 3.73954701424, 4.65256071091, 27.3391399384, 83.9059677124]], "icov": [[0.000117968404084, 9.23977058847e-05, -2.05963915505e-05, -0.000148832026753, -3.44057116308e-05, -0.000225065319682, 3.55933188985e-05, 0.000134661429911, 0.000172958083567, -0.000186842036783, 0.000117463649076, 1.53135133587e-05, -0.000206335142138], [9.23977058847e-05, 0.00111029774416, 0.000545876740944, -0.000956269388553, -0.000244940601988, 0.000213068633457, -0.000809340621345, 7.33545107323e-07, -1.24608995975e-05, -0.000112172252557, 0.000321143073961, -0.00020651241357, 0.000321875733789], [-2.05963915505e-05, 0.000545876740944, 0.00280030071735, 0.000136362199555, -0.00121301540639, 0.000533138110768, -0.00072332873242, -0.00125940679573, -0.000752452004235, -0.000380036275601, -0.000175949549885, -0.000849616073538, 0.000754498119932], [-0.000148832026753, -0.000956269388553, 0.000136362199555, 0.00606926251203, -0.000756014545914, -0.00258428696543, 0.00127934396733, -0.00136571947951, -0.00060436851345, -0.000160854600836, -0.000923146842979, 0.000469337071991, -0.000414491165429], [-3.44057116308e-05, -0.000244940601988, -0.00121301540639, -0.000756014545914, 0.00788064207882, -0.00336019648239, -0.00104786199518, 0.00084716785932, -0.00107725930866, 9.16124190553e-05, -0.00120573712047, 0.00123791478109, -0.00286318012513], [-0.000225065319682, 0.000213068633457, 0.000533138110768, -0.00258428696543, -0.00336019648239, 0.0127539290115, -0.00249056238681, -0.00191972788889, 0.00128224340733, -0.00134009076282, -0.000322761305142, -0.00208709877916, 0.000343515072018], [3.55933188985e-05, -0.000809340621345, -0.00072332873242, 0.00127934396733, -0.00104786199518, -0.00249056238681, 0.0114627070725, -0.00288675376214, -0.00129343406297, -0.000315135810524, -0.00176515348721, -0.000749446684495, -0.00202618003823], [0.000134661429911, 7.33545107323e-07, -0.00125940679573, -0.00136571947951, 0.00084716785932, -0.00191972788889, -0.00288675376214, 0.0132317850366, -0.00641205720603, 0.000228783770581, 0.0018713560421, -0.00081767863594, -0.00121355254669], [0.000172958083567, -1.24608995975e-05, -0.000752452004235, -0.00060436851345, -0.00107725930866, 0.00128224340733, -0.00129343406297, -0.00641205720603, 0.0173609405756, -0.00677415914834, -0.000655019655824, 0.00105781457387, -0.000183871670743], [-0.000186842036783, -0.000112172252557, -0.000380036275601, -0.000160854600836, 9.16124190553e-05, -0.00134009076282, -0.000315135810524, 0.000228783770581, -0.00677415914834, 0.0164344701916, -0.00528984190896, -0.00309872208163, 0.00313171022572], [0.000117463649076, 0.000321143073961, -0.000175949549885, -0.000923146842979, -0.00120573712047, -0.000322761305142, -0.00176515348721, 0.0018713560421, -0.000655019655824, -0.00528984190896, 0.0172459073365, -0.00376314902678, 0.00179879122879], [1.53135133587e-05, -0.00020651241357, -0.000849616073538, 0.000469337071991, 0.00123791478109, -0.00208709877916, -0.000749446684495, -0.00081767863594, 0.00105781457387, -0.00309872208163, -0.00376314902678, 0.0145703554153, -0.00376458372921], [-0.000206335142138, 0.000321875733789, 0.000754498119932, -0.000414491165429, -0.00286318012513, 0.000343515072018, -0.00202618003823, -0.00121355254669, -0.000183871670743, 0.00313171022572, 0.00179879122879, -0.00376458372921, 0.0164061933756]]}, "spectral_contrast_coeffs": {"dmean": [0.0520747490227, 0.048438552767, 0.0379448831081, 0.0337606742978, 0.0230400431901, 0.0192797444761], "dmean2": [0.0839368626475, 0.0754205435514, 0.0583511330187, 0.0529558733106, 0.0368036329746, 0.0304722338915], "dvar": [0.00244445656426, 0.00176846352406, 0.000988889019936, 0.000822075176984, 0.000401973287808, 0.000316458230373], "dvar2": [0.00582203548402, 0.00421465933323, 0.00226841308177, 0.00181338691618, 0.000941656238865, 0.000753720873035], "max": [-0.196927577257, -0.324954688549, -0.55399698019, -0.510681986809, -0.642724335194, -0.637127101421], "mean": [-0.624258697033, -0.636673629284, -0.763586103916, -0.758273124695, -0.792246699333, -0.777859151363], "median": [-0.638040661812, -0.634413123131, -0.763131678104, -0.760878741741, -0.792629063129, -0.77622961998], "min": [-0.97050601244, -0.993981420994, -0.982786297798, -0.965673744678, -0.96074795723, -0.959887802601], "var": [0.0103396354243, 0.00913886819035, 0.00383445899934, 0.00401900941506, 0.00175794924144, 0.00128636742011]}, "spectral_contrast_valleys": {"dmean": [0.433883011341, 0.42275094986, 0.425514012575, 0.421635478735, 0.396980941296, 0.541199624538], "dmean2": [0.662700951099, 0.635651350021, 0.617643237114, 0.58763229847, 0.528058886528, 0.646404385567], "dvar": [0.269632667303, 0.174042627215, 0.172987103462, 0.188411533833, 0.182689771056, 0.320265561342], "dvar2": [0.487314224243, 0.331042051315, 0.324693858624, 0.336661487818, 0.312024921179, 0.561166644096], "max": [-4.59080791473, -5.15696239471, -5.85000371933, -5.94901943207, -5.73233509064, -7.53856515884], "