{"lowlevel": {"average_loudness": 0.100742265582, "barkbands_crest": {"dmean": 2.00067472458, "dmean2": 3.36447048187, "dvar": 4.45456647873, "dvar2": 12.4853038788, "max": 26.2902011871, "mean": 13.6943473816, "median": 12.9815778732, "min": 3.99393820763, "var": 22.5669689178}, "barkbands_flatness_db": {"dmean": 0.0217203292996, "dmean2": 0.0369907133281, "dvar": 0.000528263684828, "dvar2": 0.00141207233537, "max": 0.585367500782, "mean": 0.36627548933, "median": 0.371307849884, "min": 0.0390356108546, "var": 0.00446879584342}, "barkbands_kurtosis": {"dmean": 2.45490598679, "dmean2": 4.06890678406, "dvar": 25.2410507202, "dvar2": 73.8229598999, "max": 134.536254883, "mean": 5.74540710449, "median": 2.999355793, "min": -1.81515860558, "var": 112.823059082}, "barkbands_skewness": {"dmean": 0.427471101284, "dmean2": 0.694499850273, "dvar": 0.254129379988, "dvar2": 0.697345554829, "max": 8.32762908936, "mean": 1.42545974255, "median": 1.32937312126, "min": -2.70971059799, "var": 1.53704667091}, "barkbands_spread": {"dmean": 1.0962126255, "dmean2": 1.78652226925, "dvar": 4.7767534256, "dvar2": 11.080915451, "max": 111.815299988, "mean": 5.66968917847, "median": 4.49646425247, "min": 0.139285266399, "var": 54.5835456848}, "dissonance": {"dmean": 0.0367288328707, "dmean2": 0.0632961988449, "dvar": 0.0014003792312, "dvar2": 0.0039321007207, "max": 0.499821990728, "mean": 0.374158918858, "median": 0.383108943701, "min": 0.0796213448048, "var": 0.00507452571765}, "dynamic_complexity": 7.16165161133, "erbbands_crest": {"dmean": 2.24094200134, "dmean2": 3.53252649307, "dvar": 6.91564846039, "dvar2": 16.9912853241, "max": 33.3851280212, "mean": 14.9428081512, "median": 13.9987926483, "min": 1.89369857311, "var": 34.2855834961}, "erbbands_flatness_db": {"dmean": 0.0146649805829, "dmean2": 0.0240902882069, "dvar": 0.000313765835017, "dvar2": 0.000732144515496, "max": 0.597500920296, "mean": 0.381065070629, "median": 0.38680306077, "min": 0.0249739289284, "var": 0.00416554370895}, "erbbands_kurtosis": {"dmean": 1.11443626881, "dmean2": 1.76598024368, "dvar": 4.98235940933, "dvar2": 11.5132293701, "max": 62.0574111938, "mean": 1.73129093647, "median": 0.424557209015, "min": -1.82012414932, "var": 24.9085655212}, "erbbands_skewness": {"dmean": 0.308571666479, "dmean2": 0.475293904543, "dvar": 0.146516606212, "dvar2": 0.336361438036, "max": 6.51738834381, "mean": 0.668963253498, "median": 0.654791414738, "min": -5.9239397049, "var": 1.08201646805}, "erbbands_spread": {"dmean": 1.97573530674, "dmean2": 3.13528680801, "dvar": 6.87153768539, "dvar2": 15.8862552643, "max": 130.013534546, "mean": 13.4342708588, "median": 12.2248306274, "min": 0.470202833414, "var": 93.7492599487}, "hfc": {"dmean": 2.07828879356, "dmean2": 2.81100988388, "dvar": 29.1018257141, "dvar2": 51.7176780701, "max": 211.571594238, "mean": 7.34731483459, "median": 3.02134823799, "min": 1.13104269742e-16, "var": 156.724441528}, "melbands_crest": {"dmean": 2.29134368896, "dmean2": 3.84788608551, "dvar": 6.09777069092, "dvar2": 16.6960315704, "max": 33.418510437, "mean": 17.1631736755, "median": 16.2758712769, "min": 1.86153018475, "var": 31.2124500275}, "melbands_flatness_db": {"dmean": 0.0241650659591, "dmean2": 0.0403595790267, "dvar": 0.000776500382926, "dvar2": 0.00188047334086, "max": 0.680322825909, "mean": 0.480189502239, "median": 0.49090385437, "min": 0.00356679735705, "var": 0.00792910996825}, "melbands_kurtosis": {"dmean": 3.1070151329, "dmean2": 5.06441497803, "dvar": 33.1045532227, "dvar2": 89.678276062, "max": 160.714538574, "mean": 8.36998558044, "median": 4.75080060959, "min": -1.83865523338, "var": 170.246948242}, "melbands_skewness": {"dmean": 0.420800119638, "dmean2": 0.672793149948, "dvar": 0.219490945339, "dvar2": 0.566658675671, "max": 9.99435329437, "mean": 1.85006165504, "median": 1.71998977661, "min": -1.72051954269, "var": 1.66069591045}, "melbands_spread": {"dmean": 1.61909544468, "dmean2": 2.59719753265, "dvar": 9.60434913635, "dvar2": 19.8582401276, "max": 169.819580078, "mean": 8.18619918823, "median": 6.07589626312, "min": 0.245423108339, "var": 162.501846313}, "pitch_salience": {"dmean": 0.0504975318909, "dmean2": 0.0843429416418, "dvar": 0.00293245795183, "dvar2": 0.00784945208579, "max": 0.827303290367, "mean": 0.48836261034, "median": 0.488727897406, "min": 0.0630945712328, "var": 0.0138234207407}, "silence_rate_20dB": {"dmean": 0.000334336335072, "dmean2": 0.000668784487061, "dvar": 0.000334225362167, "dvar2": 0.000668340420816, "max": 1, "mean": 0.999498605728, "median": 1, "min": 0, "var": 0.00050116784405}, "silence_rate_30dB": {"dmean": 0.00668672705069, "dmean2": 0.0133756892756, "dvar": 0.00664219772443, "dvar2": 0.0158717613667, "max": 1, "mean": 0.987130224705, "median": 1, "min": 0, "var": 0.0127044813707}, "silence_rate_60dB": {"dmean": 0.0330992974341, "dmean2": 0.066209666431, "dvar": 0.0320050306618, "dvar2": 0.0695208236575, "max": 1, "mean": 0.263747274876, "median": 0, "min": 0, "var": 0.194185525179}, "spectral_centroid": {"dmean": 46.3417739868, "dmean2": 71.772857666, "dvar": 22994.6855469, "dvar2": 29824.7949219, "max": 10568.7539062, "mean": 477.546661377, "median": 430.432830811, "min": 157.122512817, "var": 139513.671875}, "spectral_complexity": {"dmean": 1.02674686909, "dmean2": 1.67262995243, "dvar": 1.82947218418, "dvar2": 3.69482159615, "max": 28, "mean": 7.80845737457, "median": 8, "min": 0, "var": 23.6524734497}, "spectral_decrease": {"dmean": 1.09543629723e-09, "dmean2": 1.61714930336e-09, "dvar": 5.69057289404e-18, "dvar2": 1.10897176506e-17, "max": -8.07907870889e-29, "mean": -4.08894562653e-09, "median": -1.91375915115e-09, "min": -9.397394507e-08, "var": 3.7043176077e-17}, "spectral_energy": {"dmean": 0.00431439653039, "dmean2": 0.00634793378413, "dvar": 8.94270124263e-05, "dvar2": 0.000173051681486, "max": 0.373869508505, "mean": 0.0160990189761, "median": 0.00750160962343, "min": 1.05638282833e-20, "var": 0.000579740910325}, "spectral_energyband_high": {"dmean": 1.72385023234e-06, "dmean2": 2.48455035035e-06, "dvar": 9.46924205714e-11, "dvar2": 2.17761628174e-10, "max": 0.000224524308578, "mean": 2.06516483559e-06, "median": 1.8975962135e-08, "min": 7.63036310341e-21, "var": 1.1542041628e-10}, "spectral_energyband_low": {"dmean": 0.000430577580119, "dmean2": 0.000685819773935, "dvar": 9.13505800781e-07, "dvar2": 2.04185425901e-06, "max": 0.0299497358501, "mean": 0.00131482968573, "median": 0.000499374815263, "min": 1.11066465771e-22, "var": 5.43404985365e-06}, "spectral_energyband_middle_high": {"dmean": 0.000761804752983, "dmean2": 0.00101604976226, "dvar": 8.18607350084e-06, "dvar2": 1.72122854565e-05, "max": 0.0845382735133, "mean": 0.00169011065736, "median": 0.000507087039296, "min": 1.71946070282e-21, "var": 1.61570314958e-05}, "spectral_energyband_middle_low": {"dmean": 0.00372783630155, "dmean2": 0.00565996579826, "dvar": 6.66046253173e-05, "dvar2": 0.000139136391226, "max": 0.328537762165, "mean": 0.0135697973892, "median": 0.00581324612722, "min": 2.48269975925e-22, "var": 0.000432300235843}, "spectral_entropy": {"dmean": 0.158746004105, "dmean2": 0.261704206467, "dvar": 0.0467036701739, "dvar2": 0.114010088146, "max": 9.81036090851, "mean": 5.57772397995, "median": 5.54807519913, "min": 3.58478665352, "var": 0.385761737823}, "spectral_flux": {"dmean": 0.013652889058, "dmean2": 0.0214693918824, "dvar": 0.000516433734447, "dvar2": 0.00116499979049, "max": 0.31524309516, "mean": 0.0309444218874, "median": 0.0209100581706, "min": 1.02780485511e-10, "var": 0.00107208290137}, "spectral_kurtosis": {"dmean": 33.3534164429, "dmean2": 57.4797134399, "dvar": 1037.54223633, "dvar2": 2801.67236328, "max": 412.679199219, "mean": 108.534103394, "median": 104.683914185, "min": -1.17191314697, "var": 4005.25756836}, "spectral_rms": {"dmean": 0.000447130616521, "dmean2": 0.000662701029796, "dvar": 4.74429072028e-07, "dvar2": 9.4637903203e-07, "max": 0.0190984494984, "mean": 0.00322007061914, "median": 0.00270529906265, "min": 3.21032306641e-12, "var": 5.33754791832e-06}, "spectral_rolloff": {"dmean": 87.4351577759, "dmean2": 152.804031372, "dvar": 133620.453125, "dvar2": 229001.21875, "max": 18518.5546875, "mean": 760.007751465, "median": 538.330078125, "min": 107.666015625, "var": 2928556.5}, "spectral_skewness": {"dmean": 1.7492184639, "dmean2": 3.05722427368, "dvar": 2.42301940918, "dvar2": 6.5591006279, "max": 16.5766201019, "mean": 7.09492588043, "median": 7.09923553467, "min": 0.0381604656577, "var": 8.12274360657}, "spectral_spread": {"dmean": 304794.84375, "dmean2": 527352.8125, "dvar": 299615649792, "dvar2": 417132511232, "max": 40049184, "mean": 1124319, "median": 875916.1875, "min": 236167.890625, "var": 1961242525700.0}, "spectral_strongpeak": {"dmean": 0.282251775265, "dmean2": 0.460005879402, "dvar": 0.328752785921, "dvar2": 0.778073370457, "max": 11.0905561447, "mean": 0.995278179646, "median": 0.643453538418, "min": 0, "var": 1.22359001637}, "zerocrossingrate": {"dmean": 0.00253723398782, "dmean2": 0.00327910133637, "dvar": 4.09407475672e-05, "dvar2": 6.02801737841e-05, "max": 0.57080078125, "mean": 0.0271758753806, "median": 0.02099609375, "min": 0.005859375, "var": 0.00254450784996}, "barkbands": {"dmean": [7.97735538072e-06, 8.30459975987e-05, 0.000254185637459, 0.000278142659226, 0.00120176014025, 0.00166840734892, 0.000528496748302, 0.000690268760081, 0.000359088619007, 0.000225177995162, 0.000347892608261, 9.68686072156e-05, 0.000145249912748, 2.86858830805e-05, 2.82261098619e-05, 2.82442597381e-05, 7.99886402092e-06, 6.96752795193e-06, 5.8350397012e-06, 1.26925476707e-06, 6.97461302934e-07, 5.28102532371e-07, 1.396561089e-07, 2.75634430835e-08, 1.03410160435e-08, 1.44900003107e-09, 7.92586218878e-10], "dmean2": [1.37963634188e-05, 0.00012299620721, 0.000402111531002, 0.000468848273158, 0.00191129394807, 0.00280189444311, 0.000770886254031, 0.000887458911166, 0.000438730436144, 0.000300708779832, 0.000531651778147, 0.000131499124109, 0.000190765262232, 4.16337607021e-05, 4.07419538533e-05, 4.20265205321e-05, 1.14857566587e-05, 1.05226617961e-05, 8.22084803076e-06, 1.777284524e-06, 1.10394103103e-06, 7.47523756672e-07, 2.1823822749e-07, 4.49665371605e-08, 1.76558483389e-08, 2.47665044029e-09, 1.43214451409e-09], "dvar": [1.46879591822e-10, 1.04106433696e-07, 3.75608294689e-07, 4.59671554154e-07, 9.06041623239e-06, 2.48890846706e-05, 9.64395349001e-06, 1.29924010253e-05, 2.97852989206e-06, 9.26991447159e-07, 4.93572224514e-06, 1.2614083289e-07, 4.76863363019e-07, 9.82075754052e-09, 1.70083200857e-08, 1.56088759695e-08, 1.05628328306e-09, 2.07325201451e-09, 1.05592834476e-09, 4.18113738077e-11, 2.19324333001e-11, 1.08424744877e-11, 1.05393515096e-12, 7.51587919505e-14, 2.12081108832e-14, 1.90918129347e-16, 1.02602598098e-17], "dvar2": [4.08564571064e-10, 1.9753601066e-07, 7.80216680596e-07, 1.28469594074e-06, 2.24998693739e-05, 7.35174180591e-05, 1.94522217498e-05, 2.06990043807e-05, 5.12654060003e-06, 1.51845381424e-06, 1.15911816465e-05, 2.45681263777e-07, 8.03856835319e-07, 1.94375076035e-08, 3.43942723191e-08, 3.71950861222e-08, 1.95966709526e-09, 4.22712265191e-09, 2.09155825992e-09, 8.32187443955e-11, 5.72023609036e-11, 2.3705010177e-11, 2.46117557758e-12, 1.71986163917e-13, 5.6896280493e-14, 4.81386876314e-16, 2.87863220682e-17], "max": [0.000159236689797, 0.0157712250948, 0.0145222451538, 0.0138141401112, 0.0594308078289, 0.173387572169, 0.177703022957, 0.270041912794, 0.0462942868471, 0.0406480543315, 0.0683151632547, 0.0119635639712, 0.031254325062, 0.00265451008454, 0.00429321592674, 0.00293205515482, 0.00132313836366, 0.00149582163431, 0.000985534861684, 0.000206922923098, 0.000116581541079, 9.66952138697e-05, 3.42704006471e-05, 1.11497838589e-05, 6.77236812408e-06, 7.12428061433e-07, 1.60813954153e-07], "mean": [1.15440934678e-05, 0.000237648782786, 0.000666769861709, 0.000704818696249, 0.00336993299425, 0.00436843046919, 0.00118752324488, 0.0027817459777, 0.00101094471756, 0.000505698029883, 0.000454935157904, 0.000231876954786, 0.000350817805156, 6.25957982265e-05, 6.49667999824e-05, 4.94761152368e-05, 1.67206071637e-05, 1.03017991933e-05, 8.97921654541e-06, 1.79788514743e-06, 7.27874919448e-07, 6.00257124006e-07, 1.37578751946e-07, 2.63648214371e-08, 8.49086045918e-09, 1.44209211239e-09, 9.88538473301e-10], "median": [3.78865888706e-06, 1.82497788046e-05, 0.000230527366512, 0.00027115852572, 0.00105158344377, 0.000425361387897, 0.000176117027877, 0.00025414332049, 6.583751383e-05, 9.09976370167e-05, 4.3801675929e-05, 4.6027249482e-05, 5.82684115216e-05, 1.26122886286e-05, 6.06195817454e-06, 4.7428175094e-06, 1.38285315643e-06, 4.48889124982e-07, 2.53403158013e-07, 3.18595034798e-08, 3.83021570016e-09, 1.36239197701e-09, 4.58821064475e-10, 3.05823921742e-10, 3.21703608197e-10, 3.72185837705e-10, 4.89081108945e-10], "min": [5.24597045811e-23, 1.33942239265e-23, 4.71291000763e-23, 3.66706093869e-23, 5.76431549725e-24, 6.7053725991e-23, 7.17970456399e-23, 1.56828577184e-23, 3.46017806422e-23, 1.01209030293e-22, 1.47458651435e-22, 1.1231214656e-22, 5.07764142489e-23, 1.58940225298e-22, 1.87412663992e-22, 9.77542360471e-23, 3.494112336e-22, 1.68922357597e-22, 2.54983674478e-22, 2.50181064043e-22, 4.94387535404e-22, 4.96999535903e-22, 6.70590132523e-22, 9.80529316025e-22, 1.01975425702e-21, 1.76746423943e-21, 2.24798832067e-21], "var": [3.52978646312e-10, 9.28263204969e-07, 1.38248879011e-06, 1.53487906118e-06, 3.30050243065e-05, 0.000108407330117, 2.440476419e-05, 0.000104705584818, 1.07184141598e-05, 3.11790586238e-06, 5.8222158259e-06, 2.99724376873e-07, 1.46978015891e-06, 2.84678591811e-08, 4.4153946277e-08, 2.60288839371e-08, 3.52295259631e-09, 3.17734105693e-09, 1.89530968697e-09, 6.63173266302e-11, 1.96041845951e-11, 1.34606579355e-11, 1.05128568611e-12, 7.46349664471e-14, 1.57435252579e-14, 1.53333570176e-16, 7.63036478362e-18]}, "erbbands": {"dmean": [0.000751041749027, 0.0256796777248, 0.214937582612, 0.694971621037, 1.24896717072, 6.03108596802, 6.28537559509, 18.7857151031, 5.99765634537, 16.0227928162, 6.9660487175, 10.2285499573, 4.82691860199, 9.81519889832, 14.684876442, 5.02390623093, 6.65979576111, 2.52447557449, 0.80350703001, 2.08010315895, 1.07335603237, 0.337829887867, 0.511586904526, 0.239233732224, 0.266897082329, 0.0514766611159, 0.0342724584043, 0.0226111020893, 0.0242731440812, 0.00699949264526, 0.00319635006599, 0.00112768285908, 0.000404286372941, 0.000168397033121, 5.37040905328e-05, 1.02585399873e-05, 2.91466199087e-06, 7.02634224581e-07, 2.06928734769e-06, 4.84880138174e-06], "dmean2": [0.00104338454548, 0.0382617674768, 0.339920252562, 1.15697443485, 2.12676405907, 9.76539325714, 10.1312360764, 31.2468490601, 8.73278903961, 21.8770942688, 9.03584098816, 12.3757429123, 6.59617233276, 13.5319423676, 21.9707984924, 6.62910175323, 8.72782421112, 3.39920401573, 1.13527357578, 3.09615516663, 1.53391730785, 0.485034197569, 0.766916632652, 0.354316979647, 0.363410890102, 0.0710242465138, 0.0535200983286, 0.0330548658967, 0.0344762057066, 0.0100912395865, 0.00499454652891, 0.0017560798442, 0.0006821040879, 0.000281396845821, 9.22364706639e-05, 1.71242609213e-05, 4.63712285637e-06, 1.14032843612e-06, 2.99495241052e-06, 7.1033164204e-06], "dvar": [1.15578586701e-05, 0.00855436455458, 0.302421271801, 2.45649504662, 4.9364528656, 272.382385254, 197.87071228, 3291.36572266, 599.657043457, 6185.57617188, 829.101989746, 2333.70703125, 229.400527954, 2558.51660156, 10410.0244141, 311.120452881, 1072.25915527, 67.8434906006, 7.94347810745, 94.508140564, 20.5657405853, 1.66356527805, 10.6799669266, 1.25553894043, 3.76539373398, 0.0614285804331, 0.0516989454627, 0.018821882084, 0.0240718796849, 0.00218301452696, 0.000533944054041, 7.47612502892e-05, 2.07669818337e-05, 4.90283355248e-06, 7.21953199445e-07, 1.61648117114e-08, 2.88996271358e-10, 9.95345559446e-12, 2.08763735465e-11, 1.14708222088e-10], "dvar2": [1.73538046511e-05, 0.0163857117295, 0.608811736107, 6.74886417389, 13.7357082367, 732.895141602, 526.153808594, 9361.71386719, 1342.33654785, 11149.40625, 1338.00427246, 4034.01171875, 421.309844971, 4874.05664062, 24761.8417969, 598.332519531, 1773.8704834, 123.280105591, 16.51014328, 203.441299438, 46.7104911804, 3.1876282692, 21.7036151886, 2.72460246086, 7.38729953766, 0.121460705996, 0.132822960615, 0.0440491400659, 0.0537070706487, 0.00493842829019, 0.00128845486324, 0.000181649564183, 4.80130947835e-05, 1.25278729683e-05, 2.00401632355e-06, 4.35634994744e-08, 7.18304027369e-10, 2.29262546447e-11, 3.86815267317e-11, 2.19982296268e-10], "max": [0.194273114204, 4.39918279648, 12.8677186966, 30.8872184753, 41.0225601196, 315.822814941, 278.536315918, 2144.13134766, 1076.97937012, 4818.46875, 1992.69885254, 1346.90539551, 355.698730469, 1658.0423584, 3610.91577148, 473.122528076, 1642.95910645, 260.28125, 72.3420333862, 343.048095703, 114.768478394, 49.4206581116, 106.753944397, 31.5929222107, 69.9776992798, 6.11325979233, 7.17642307281, 3.31216144562, 3.6500108242, 1.57501888275, 0.740014374256, 0.280132442713, 0.193791851401, 0.107423111796, 0.0312262680382, 0.00676754349843, 0.000707386003342, 0.000149079060066, 0.000185044205864, 0.000424952537287], "mean": [0.00303232530132, 0.0745159611106, 0.554391145706, 1.92951416969, 3.6927587986, 16.3200206757, 15.0286750793, 51.336101532, 17.6170196533, 55.4880561829, 27.4620113373, 29.6455059052, 13.3305435181, 17.9664535522, 20.552532196, 11.879237175, 16.4713859558, 6.29887199402, 1.98060786724, 4.33709430695, 2.16911077499, 0.730248212814, 0.768861055374, 0.369885742664, 0.408862233162, 0.0786975473166, 0.0409534983337, 0.0250287447125, 0.0275213588029, 0.00755769526586, 0.00312185822986, 0.00108029867988, 0.000387557782233, 0.000152514374349, 5.08198936586e-05, 1.63078293554e-05, 7.2097886914e-06, 1.7489454649e-06, 7.81215567258e-06, 1.80935912795e-05], "median": [0.000336327851983, 0.0104650873691, 0.194222152233, 0.853567779064, 1.77561175823, 4.30972623825, 3.82676649094, 4.41861534119, 3.99032258987, 5.05530118942, 5.79586553574, 3.09713363647, 3.71059608459, 2.18518137932, 2.76262521744, 2.70248293877, 3.30794525146, 1.3398706913, 0.4332459867, 0.480507016182, 0.197751507163, 0.0707681924105, 0.0361289307475, 0.0139847882092, 0.00989426858723, 0.00195033790078, 0.000427237071563, 0.000120058219181, 6.48471832392e-05, 2.61557070189e-05, 1.73029438884e-05, 1.29569389173e-05, 1.05013223219e-05, 8.94330605661e-06, 7.3515971053e-06, 5.44139584235e-06, 3.17741864819e-06, 8.7356562517e-07, 3.62664445674e-06, 8.40350912767e-06], "min": [4.50318003949e-22, 4.06940145737e-21, 3.77779201867e-20, 1.23130435371e-19, 3.15371946629e-20, 3.21820562674e-20, 2.93467887354e-19, 5.73376733505e-19, 8.36588602949e-19, 8.15900660732e-19, 3.10563901158e-19, 8.59300345931e-19, 1.83427424911e-18, 4.34248852562e-18, 5.95908647422e-18, 4.84436878176e-18, 2.83720530602e-18, 7.68672887056e-18, 6.19628713231e-18, 9.61875808369e-18, 6.73620239379e-18, 1.91004920445e-17, 1.30494723035e-17, 7.68461707846e-18, 1.58664491144e-17, 1.13649247763e-17, 1.96862666128e-17, 1.91024127579e-17, 1.77080195101e-17, 1.59165448267e-17, 2.27239153588e-17, 2.09127405419e-17, 1.44225507613e-17, 9.20655661366e-18, 8.34361036578e-18, 5.64675713699e-18, 3.9685536715e-18, 1.12307759332e-18, 3.04747296337e-19, 3.5629809684e-20], "var": [0.000167103091371, 0.0716615691781, 1.11178708076, 9.30615139008, 26.1469364166, 890.657165527, 597.759765625, 16245.6689453, 1914.67138672, 38197.6484375, 6418.43164062, 8504.78808594, 803.719055176, 5807.82568359, 12089.0585938, 753.705566406, 3279.76538086, 238.887496948, 22.7597389221, 208.00352478, 42.3018188477, 5.23377275467, 16.5593357086, 2.05500125885, 6.67763614655, 0.108262635767, 0.0513089299202, 0.0213390309364, 0.0291970539838, 0.00247152638622, 0.0005146812764, 7.03043988324e-05, 1.9895591322e-05, 4.05422997574e-06, 4.7848095619e-07, 1.19123200193e-08, 3.45675987834e-10, 1.45465566675e-11, 1.38465003352e-10, 7.4017181273e-10]}, "gfcc": {"mean": [-261.266204834, 241.652801514, -117.174598694, -53.4795913696, -22.3676948547, -28.8390731812, -30.8592319489, -22.7051563263, -18.8591651917, -16.3048248291, -6.95968580246, -14.3269367218, -7.99002790451], "cov": [[20607.1855469, 3066.56445312, -4562.96972656, 700.051330566, -38.8088798523, -1866.12304688, 521.159912109, -527.601501465, 439.983673096, -113.451416016, 441.204956055, -257.532958984, 57.6717071533], [3066.56445312, 2108.13598633, -228.226638794, -668.735900879, 468.712310791, -210.137054443, -41.0154495239, -57.7781410217, -62.3865127563, -177.026885986, 27.4352855682, -192.301055908, -15.2061376572], [-4562.96972656, -228.226638794, 1527.90209961, -202.872070312, 74.5038223267, 572.02166748, -122.578872681, 105.817481995, -125.542076111, -25.2864589691, -109.585884094, 25.5787391663, -31.6929855347], [700.051330566, -668.735900879, -202.872070312, 746.759765625, -146.092178345, 7.05523395538, 176.19303894, -45.2653999329, 48.9798469543, 52.9486808777, 7.10783004761, 85.5603866577, 6.23684120178], [-38.8088798523, 468.712310791, 74.5038223267, -146.092178345, 380.742614746, 22.1559181213, -21.1555976868, 57.8887863159, -72.3624725342, -69.7365722656, -2.03957271576, -50.5112953186, -10.0502729416], [-1866.12304688, -210.137054443, 572.02166748, 7.05523395538, 22.1559181213, 407.957336426, 31.5326900482, 51.191860199, -39.7297554016, -33.2762336731, -57.3920135498, 30.494436264, -15.9346837997], [521.159912109, -41.0154495239, -122.578872681, 176.19303894, -21.1555976868, 31.5326900482, 210.928436279, 37.5724868774, -27.0663471222, -0.242304757237, 2.98752236366, -11.6825723648, -5.71019124985], [-527.601501465, -57.7781410217, 105.817481995, -45.2653999329, 57.8887863159, 51.191860199, 37.5724868774, 157.363037109, 43.7177810669, 13.1144113541, -5.47272205353, -14.8518419266, -3.80402612686], [439.983673096, -62.3865127563, -125.542076111, 48.9798469543, -72.3624725342, -39.7297554016, -27.0663471222, 43.7177810669, 206.106445312, 72.096824646, -2.90161657333, 29.4010906219, 11.3671665192], [-113.451416016, -177.026885986, -25.2864589691, 52.9486808777, -69.7365722656, -33.2762336731, -0.242304757237, 13.1144113541, 72.096824646, 112.13558197, 28.0654067993, 20.2043819427, 6.2118678093], [441.204956055, 27.4352855682, -109.585884094, 7.10783004761, -2.03957271576, -57.3920135498, 2.98752236366, -5.47272205353, -2.90161657333, 28.0654067993, 80.6587371826, 17.3003520966, -1.2845056057], [-257.532958984, -192.301055908, 25.5787391663, 85.5603866577, -50.5112953186, 30.494436264, -11.6825723648, -14.8518419266, 29.4010906219, 20.2043819427, 17.3003520966, 98.2205810547, 37.2242965698], [57.6717071533, -15.2061376572, -31.6929855347, 6.23684120178, -10.0502729416, -15.9346837997, -5.71019124985, -3.80402612686, 11.3671665192, 6.2118678093, -1.2845056057, 37.2242965698, 66.3562850952]], "icov": [[0.000712372653652, -0.00119720434304, 0.00122442422435, -0.00125640479382, 0.000834073522128, 0.00036715134047, -0.000422301498475, 0.00074904441135, -0.00141126092058, 0.00148852658458, -0.00226239790209, 0.00147120468318, -0.000736192334443], [-0.00119720434304, 0.00423176633194, -0.00304044177756, 0.00409955717623, -0.00385284610093, 0.000997880590148, -0.00265313964337, 0.00287995557301, -0.0015037432313, 0.00106944423169, 0.0010204782011, 0.000339745631209, -0.000247708288953], [0.00122442422435, -0.00304044177756, 0.00488987192512, -0.00296159018762, 0.0026787633542, -0.00296073849313, 0.0030678906478, -0.00223262095824, 0.0016162970569, -0.000973051937763, -0.000819236505777, 0.000719074450899, 7.86535456427e-05], [-0.00125640479382, 0.00409955717623, -0.00296159018762, 0.00632904376835, -0.00360277784057, 0.000974629656412, -0.00455986661837, 0.0034699679818, -0.00140628404915, -0.00013387958461, 0.00249380525202, -0.00267340568826, 0.00131837208755], [0.000834073522128, -0.00385284610093, 0.0026787633542, -0.00360277784057, 0.00736908894032, -0.00163044920191, 0.00423279823735, -0.00564799085259, 0.00369243021123, -0.000421258504502, -0.000538160093129, 5.17983498867e-05, 0.00014270178508], [0.00036715134047, 0.000997880590148, -0.00296073849313, 0.000974629656412, -0.00163044920191, 0.00853592157364, -0.00601474149153, 0.0039890082553, -0.00507687823847, 0.00564462784678, -0.00203712331131, -0.000162951211678, 0.000311066658469], [-0.000422301498475, -0.00265313964337, 0.0030678906478, -0.00455986661837, 0.00423279823735, -0.00601474149153, 0.0154277188703, -0.011390067637, 0.0108138909563, -0.00765155488625, 0.00585128646344, -0.00235628918745, 0.00182318652514], [0.00074904441135, 0.00287995557301, -0.00223262095824, 0.0034699679818, -0.00564799085259, 0.0039890082553, -0.011390067637, 0.0193934310228, -0.0137637089938, 0.00846261624247, -0.00926809944212, 0.00827770493925, -0.0044068666175], [-0.00141126092058, -0.0015037432313, 0.0016162970569, -0.00140628404915, 0.00369243021123, -0.00507687823847, 0.0108138909563, -0.0137637089938, 0.0201091654599, -0.0151928756386, 0.0140688391402, -0.0106040192768, 0.00546615431085], [0.00148852658458, 0.00106944423169, -0.000973051937763, -0.00013387958461, -0.000421258504502, 0.00564462784678, -0.00765155488625, 0.00846261624247, -0.0151928756386, 0.0248414240777, -0.0161974951625, 0.00916523765773, -0.00556033104658], [-0.00226239790209, 0.0010204782011, -0.000819236505777, 0.00249380525202, -0.000538160093129, -0.00203712331131, 0.00585128646344, -0.00926809944212, 0.0140688391402, -0.0161974951625, 0.0305581148714, -0.0162053126842, 0.0097645604983], [0.00147120468318, 0.000339745631209, 0.000719074450899, -0.00267340568826, 5.17983498867e-05, -0.000162951211678, -0.00235628918745, 0.00827770493925, -0.0106040192768, 0.00916523765773, -0.0162053126842, 0.027853012085, -0.0153456432745], [-0.000736192334443, -0.000247708288953, 7.86535456427e-05, 0.00131837208755, 0.00014270178508, 0.000311066658469, 0.00182318652514, -0.0044068666175, 0.00546615431085, -0.00556033104658, 0.0097645604983, -0.0153456432745, 0.0239491667598]]}, "melbands": {"dmean": [1.46964630403e-05, 8.4676190454e-05, 0.000119776181236, 0.000244164111791, 0.000260308064753, 0.000376019423129, 9.52678819885e-05, 0.000183188982191, 4.48465179943e-05, 6.67822096148e-05, 2.24562973017e-05, 3.90449276892e-05, 4.32414417446e-05, 2.24227333092e-05, 1.01355690276e-05, 1.50344176291e-05, 3.73306465917e-06, 1.10206678983e-06, 2.3155978397e-06, 3.04561081066e-06, 9.32977854973e-07, 4.07865343277e-07, 4.34360458712e-07, 3.23742227692e-07, 2.05386427865e-07, 1.96942494313e-07, 1.23584541711e-07, 1.91326243737e-08, 2.32127224109e-08, 2.01457091009e-08, 1.08537987487e-08, 1.49586494302e-08, 7.70714603249e-09, 3.10446290896e-09, 1.7912864525e-09, 1.61292146306e-09, 4.05855238306e-10, 2.94871654871e-10, 1.94011820498e-10, 1.37289499214e-10], "dmean2": [2.10845846595e-05, 0.000132048677187, 0.000200244117877, 0.000403417041525, 0.000417616422055, 0.000627911125775, 0.000136266506161, 0.000246884505032, 5.79601146455e-05, 8.16622414277e-05, 3.15995093843e-05, 5.34294995305e-05, 6.54446121189e-05, 3.1408322684e-05, 1.37604174597e-05, 1.93764517462e-05, 5.34584842171e-06, 1.59230876307e-06, 3.34842366101e-06, 4.56487532574e-06, 1.32231878069e-06, 5.93734114318e-07, 6.54731536542e-07, 4.87707495722e-07, 3.13448140332e-07, 2.62832827502e-07, 1.74009585407e-07, 2.88255428416e-08, 3.61536258708e-08, 3.38711814152e-08, 1.52986316948e-08, 2.12231867636e-08, 1.13048272965e-08, 4.62422944381e-09, 2.78601741677e-09, 2.60675836472e-09, 6.30198504492e-10, 4.98228069912e-10, 3.22239096517e-10, 2.38893294036e-10], "dvar": [3.592100839e-09, 4.81291451138e-08, 6.48568487804e-08, 3.57309403398e-07, 3.27844531967e-07, 1.30112221086e-06, 2.33330126775e-07, 8.29628618249e-07, 2.98540392407e-08, 1.08304419655e-07, 4.96681673567e-09, 4.16489136512e-08, 8.17011382992e-08, 1.50154839673e-08, 2.60587440515e-09, 4.64993066274e-09, 1.44569370364e-10, 1.4606878207e-11, 1.41696224198e-10, 1.71094818868e-10, 1.30229438344e-11, 3.25913883555e-12, 4.06862694577e-12, 5.35824423026e-12, 1.10946429994e-12, 2.06056764533e-12, 5.14335698597e-13, 1.03703836154e-14, 3.04759235697e-14, 1.98600935231e-14, 4.69539288838e-15, 1.0273502528e-14, 2.37777945459e-15, 5.72923079946e-16, 1.66638882826e-16, 1.80563522144e-16, 1.09768017067e-17, 1.14662138694e-17, 4.61255017432e-18, 4.74279555203e-18], "dvar2": [6.14549078293e-09, 9.63332595916e-08, 1.76065768187e-07, 9.65699314293e-07, 8.19831370791e-07, 3.75450190404e-06, 4.97589439874e-07, 1.43492718507e-06, 4.83755790981e-08, 1.87780543115e-07, 9.49152223484e-09, 7.68431362985e-08, 1.94701897271e-07, 3.40881847194e-08, 4.49906778499e-09, 7.62618945771e-09, 2.87969120771e-10, 3.04497295434e-11, 2.9392482892e-10, 3.94687088567e-10, 2.85584559473e-11, 6.08784550549e-12, 8.520961714e-12, 1.10444110454e-11, 2.50129582845e-12, 3.92245003838e-12, 1.04050253656e-12, 2.26267369099e-14, 7.93062040734e-14, 5.38725558304e-14, 1.00226427093e-14, 2.2076289161e-14, 5.51951147683e-15, 1.29974759949e-15, 4.05972965452e-16, 4.69403742391e-16, 2.57504335625e-17, 2.79967384689e-17, 1.11035216406e-17, 1.24267359967e-17], "max": [0.00320629915223, 0.00660615693778, 0.00461650500074, 0.0124583058059, 0.0092588821426, 0.0416475310922, 0.0249253325164, 0.0614182241261, 0.0112063866109, 0.00892010610551, 0.00157304061577, 0.00696865143254, 0.00965066906065, 0.00464580021799, 0.00266752461903, 0.00238878722303, 0.00029997798265, 9.62322665146e-05, 0.000480681541376, 0.000347601453541, 9.58927412285e-05, 7.80205664341e-05, 5.42690577277e-05, 7.85141455708e-05, 3.11306139338e-05, 4.95357089676e-05, 2.24941468332e-05, 2.89890635941e-06, 6.19760430709e-06, 3.60251056009e-06, 2.3257475732e-06, 2.87884859063e-06, 1.0734403304e-06, 8.53623760122e-07, 3.53496943717e-07, 4.98090798828e-07, 9.80694352393e-08, 1.31264997094e-07, 7.72572832375e-08, 1.19091431827e-07], "mean": [4.88704426971e-05, 0.000233133003348, 0.000335428252583, 0.000727533886675, 0.00063370965654, 0.00101126276422, 0.000257215986494, 0.000666995940264, 0.000176768386154, 0.000185550306924, 6.01677456871e-05, 7.16080612619e-05, 5.80259838898e-05, 4.13617999584e-05, 2.60246852122e-05, 3.70251800632e-05, 8.42039480631e-06, 2.44063994614e-06, 5.10454447067e-06, 5.69011672269e-06, 1.91715275832e-06, 8.58728185449e-07, 6.46997591502e-07, 4.73856403005e-07, 2.92875625973e-07, 3.03731923168e-07, 1.75108709755e-07, 2.79639174039e-08, 2.80744334447e-08, 1.79160437597e-08, 1.2899620927e-08, 1.72579213142e-08, 8.24284906997e-09, 3.18929549437e-09, 1.72912562046e-09, 1.42338141274e-09, 3.93850729807e-10, 2.63969957004e-10, 1.80031323183e-10, 1.07863128151e-10], "median": [4.29725287177e-06, 7.6649717812e-05, 0.000159123301273, 0.000244081034907, 0.000195588931092, 8.86291018105e-05, 5.02351940668e-05, 5.37401901965e-05, 4.01059733122e-05, 1.36153394124e-05, 1.5283087123e-05, 6.94325717632e-06, 6.73469821777e-06, 7.32808121029e-06, 5.84847748542e-06, 5.53498057343e-06, 1.76773494331e-06, 4.63575332788e-07, 4.87564818741e-07, 4.99279394717e-07, 1.61184061653e-07, 7.61825944551e-08, 3.1071770934e-08, 1.9317544897e-08, 7.23202520092e-09, 7.53028750466e-09, 2.66770983082e-09, 6.43212261231e-10, 2.30415811431e-10, 9.24469459318e-11, 4.47253067914e-11, 3.37125778682e-11, 1.72369792051e-11, 9.07364027664e-12, 6.72878159441e-12, 5.70207813258e-12, 4.00098660799e-12, 3.36347204428e-12, 3.08310993923e-12, 2.81432342708e-12], "min": [7.04040292995e-24, 1.52173161883e-23, 1.77468176136e-23, 1.42490288702e-24, 8.82398036019e-24, 1.30644587689e-23, 1.34560438002e-23, 7.79728735838e-24, 1.92080550395e-24, 6.08314546501e-24, 9.77844052436e-24, 1.75584281631e-23, 1.94741153403e-23, 1.44002566612e-23, 1.05079325467e-23, 4.76644116203e-24, 1.6284345226e-23, 7.98809624527e-24, 1.73503077236e-23, 7.99246811241e-24, 7.30806580167e-24, 2.015560281e-23, 1.72533582961e-23, 8.28580288457e-24, 5.41893799345e-24, 1.11758918407e-23, 9.53822527897e-24, 7.25633624781e-24, 1.1659444643e-23, 1.10043027609e-23, 1.09912171362e-23, 1.06456818603e-23, 8.30856309941e-24, 8.1046528106e-24, 1.43131238188e-23, 1.12634640787e-23, 1.43348048719e-23, 1.02480541544e-23, 9.67266610988e-24, 6.9709082285e-24], "var": [4.21397672312e-08, 2.15821884808e-07, 2.53781109905e-07, 1.51146070948e-06, 9.89650970951e-07, 6.15461794951e-06, 6.55079588796e-07, 5.7935485529e-06, 2.2639764552e-07, 3.75711806555e-07, 1.67737042034e-08, 1.01688840459e-07, 9.3524882061e-08, 2.0738816886e-08, 7.40877936778e-09, 1.58470925271e-08, 4.36706809603e-10, 4.09557179837e-11, 3.16386083998e-10, 3.15587583843e-10, 3.18523089848e-11, 1.03609126487e-11, 6.76278694503e-12, 7.97996998342e-12, 1.63936713597e-12, 3.72827983763e-12, 8.67429500624e-13, 1.58570429194e-14, 2.91124275294e-14, 1.47294896007e-14, 6.20689438364e-15, 1.34492374174e-14, 2.64883338584e-15, 6.11559376104e-16, 1.61023345553e-16, 1.42883711471e-16, 1.13235500292e-17, 1.04824661649e-17, 4.1916786107e-18, 3.70667325265e-18]}, "mfcc": {"mean": [-853.31048584, 225.831939697, 6.59913492203, -17.7418079376, 1.92023801804, -3.38260054588, -9.76948070526, -10.8239879608, -12.7162733078, -9.74980449677, -6.70855855942, -5.89101028442, -2.82748389244], "cov": [[9214.35351562, 3957.87768555, -2491.68383789, 166.644393921, 12.495634079, -500.015991211, -361.256896973, -150.264663696, -255.224655151, -34.9456329346, 120.512504578, -47.0261268616, 171.880615234], [3957.87768555, 2685.37792969, -665.901062012, -344.075775146, 138.713195801, -158.919952393, -127.021095276, -84.1413650513, -129.780639648, -38.9555740356, 0.929477393627, -40.9102134705, 17.5829181671], [-2491.68383789, -665.901062012, 1152.08129883, -101.735404968, -24.8317584991, 271.004852295, 152.330612183, 63.6543083191, 89.9409408569, -0.939228355885, -62.7883338928, -7.1467089653, -86.075050354], [166.644393921, -344.075775146, -101.735404968, 393.724334717, 4.98177909851, -15.1238260269, 33.5238723755, 28.3802261353, 14.5379133224, 8.56655216217, 21.7504367828, 2.23589015007, 33.1623268127], [12.495634079, 138.713195801, -24.8317584991, 4.98177909851, 195.592926025, 34.6365623474, 1.98930609226, 22.559431076, 5.74046754837, -21.309387207, -21.5737991333, 3.37844872475, 7.30179595947], [-500.015991211, -158.919952393, 271.004852295, -15.1238260269, 34.6365623474, 211.014724731, 103.554954529, 50.6328353882, 39.9545173645, -19.454870224, -32.6344909668, -14.112663269, -23.6584072113], [-361.256896973, -127.021095276, 152.330612183, 33.5238723755, 1.98930609226, 103.554954529, 219.114746094, 106.462165833, -0.888186872005, 6.09099149704, -14.2843933105, -38.9328994751, -27.2195568085], [-150.264663696, -84.1413650513, 63.6543083191, 28.3802261353, 22.559431076, 50.6328353882, 106.462165833, 140.354187012, 59.8365974426, 6.0718998909, -0.95974200964, -17.9684047699, -17.6901111603], [-255.224655151, -129.780639648, 89.9409408569, 14.5379133224, 5.74046754837, 39.9545173645, -0.888186872005, 59.8365974426, 129.194412231, 53.1589241028, 4.06488323212, 14.5874586105, 5.13806390762], [-34.9456329346, -38.9555740356, -0.939228355885, 8.56655216217, -21.309387207, -19.454870224, 6.09099149704, 6.0718998909, 53.1589241028, 109.386398315, 51.4689331055, -3.98769259453, 4.95419836044], [120.512504578, 0.929477393627, -62.7883338928, 21.7504367828, -21.5737991333, -32.6344909668, -14.2843933105, -0.95974200964, 4.06488323212, 51.4689331055, 83.0108032227, 25.2381210327, -1.89751756191], [-47.0261268616, -40.9102134705, -7.1467089653, 2.23589015007, 3.37844872475, -14.112663269, -38.9328994751, -17.9684047699, 14.5874586105, -3.98769259453, 25.2381210327, 88.7008666992, 55.905582428], [171.880615234, 17.5829181671, -86.075050354, 33.1623268127, 7.30179595947, -23.6584072113, -27.2195568085, -17.6901111603, 5.13806390762, 4.95419836044, -1.89751756191, 55.905582428, 119.085227966]], "icov": [[0.00908990390599, -0.0128177022561, 0.0131713757291, -0.0133450673893, 0.013909929432, -0.0138367265463, 0.0139558585361, -0.0142268296331, 0.0123164253309, -0.0104460967705, 0.00835981126875, -0.0053316866979, 0.00202337256633], [-0.0128177022561, 0.0186524670571, -0.0182606074959, 0.0194417908788, -0.0200534183532, 0.019628515467, -0.0197572596371, 0.0202453546226, -0.0173447486013, 0.0150271262974, -0.0121789267287, 0.0081303389743, -0.00313366879709], [0.0131713757291, -0.0182606074959, 0.0207936745137, -0.0188527479768, 0.0204508323222, -0.0216399617493, 0.019833996892, -0.0204111430794, 0.0177804008126, -0.0161496028304, 0.0138025414199, -0.00928959343582, 0.00439914083108], [-0.0133450673893, 0.0194417908788, -0.0188527479768, 0.0232384968549, -0.0211466960609, 0.0211811996996, -0.0221899505705, 0.0223001465201, -0.0203402601182, 0.0180612355471, -0.0154036097229, 0.0104119265452, -0.00496911257505], [0.013909929432, -0.0200534183532, 0.0204508323222, -0.0211466960609, 0.027612734586, -0.0234636943787, 0.0235673990101, -0.0250037387013, 0.0212474539876, -0.0181464720517, 0.0162975098938, -0.0106485178694, 0.00396973034367], [-0.0138367265463, 0.019628515467, -0.0216399617493, 0.0211811996996, -0.0234636943787, 0.0322221331298, -0.0285048745573, 0.0277873296291, -0.0275532472879, 0.0242797899991, -0.0176188200712, 0.0122943287715, -0.00488799531013], [0.0139558585361, -0.0197572596371, 0.019833996892, -0.0221899505705, 0.0235673990101, -0.0285048745573, 0.0385117717087, -0.0384978167713, 0.0348055884242, -0.0292169917375, 0.0222172755748, -0.0125299394131, 0.00521537708119], [-0.0142268296331, 0.0202453546226, -0.0204111430794, 0.0223001465201, -0.0250037387013, 0.0277873296291, -0.0384978167713, 0.0498232543468, -0.0421709269285, 0.0347588844597, -0.0278164707124, 0.0187520105392, -0.00663608312607], [0.0123164253309, -0.0173447486013, 0.0177804008126, -0.0203402601182, 0.0212474539876, -0.0275532472879, 0.0348055884242, -0.0421709269285, 0.0500888563693, -0.0412433557212, 0.031491626054, -0.0226463358849, 0.00890245009214], [-0.0104460967705, 0.0150271262974, -0.0161496028304, 0.0180612355471, -0.0181464720517, 0.0242797899991, -0.0292169917375, 0.0347588844597, -0.0412433557212, 0.0501589849591, -0.0392575412989, 0.0267557930201, -0.0129160294309], [0.00835981126875, -0.0121789267287, 0.0138025414199, -0.0154036097229, 0.0162975098938, -0.0176188200712, 0.0222172755748, -0.0278164707124, 0.031491626054, -0.0392575412989, 0.047242693603, -0.0288382768631, 0.0150103196502], [-0.0053316866979, 0.0081303389743, -0.00928959343582, 0.0104119265452, -0.0106485178694, 0.0122943287715, -0.0125299394131, 0.0187520105392, -0.0226463358849, 0.0267557930201, -0.0288382768631, 0.0361005328596, -0.0176451914012], [0.00202337256633, -0.00313366879709, 0.00439914083108, -0.00496911257505, 0.00396973034367, -0.00488799531013, 0.00521537708119, -0.00663608312607, 0.00890245009214, -0.0129160294309, 0.0150103196502, -0.0176451914012, 0.0181709975004]]}, "spectral_contrast_coeffs": {"dmean": [0.040746178478, 0.0357754901052, 0.0285155195743, 0.0242026206106, 0.0186750069261, 0.0377979427576], "dmean2": [0.0683543160558, 0.0587334707379, 0.0441758558154, 0.0374654643238, 0.0287523884326, 0.0647044330835], "dvar": [0.00121998798568, 0.00130461878143, 0.00102700595744, 0.000725159770809, 0.00041115260683, 0.00125737441704], "dvar2": [0.00317297247238, 0.003195252968, 0.00230339891277, 0.00162904139142, 0.000903292384464, 0.00323830684647], "max": [-0.258983850479, -0.261008739471, -0.433189332485, -0.514081716537, -0.58592402935, -0.601721942425], "mean": [-0.541280686855, -0.644566893578, -0.710169196129, -0.71142077446, -0.740359246731, -0.857694387436], "median": [-0.535538494587, -0.647952854633, -0.708881855011, -0.706800341606, -0.728113889694, -0.885447144508], "min": [-0.964692652225, -0.969559371471, -0.968046367168, -0.956436574459, -0.963724792004, -0.963039278984], "var": [0.0110025685281, 0.0123074389994, 0.0063749756664, 0.00504421582446, 0.00448454590514, 0.00571020320058]}, "spectral_contrast_valleys": {"dmean": [0.410702556372, 0.321660339832, 0.276872426271, 0.290419340134, 0.308206707239, 0.721661508083], "dmean2": [0.677061796188, 0.511765599251, 0.425092548132, 0.445212334394, 0.458600759506, 1.26740956306], "dvar": [0.18