{"lowlevel": {"average_loudness": 0.908552289009, "barkbands_crest": {"dmean": 2.09364771843, "dmean2": 3.28212618828, "dvar": 5.2418885231, "dvar2": 13.4617271423, "max": 24.1391105652, "mean": 10.1703681946, "median": 9.09367465973, "min": 3.33197116852, "var": 16.9818382263}, "barkbands_flatness_db": {"dmean": 0.0147428922355, "dmean2": 0.0224958881736, "dvar": 0.000218269022298, "dvar2": 0.000560699496418, "max": 0.26097163558, "mean": 0.129367649555, "median": 0.131339028478, "min": 0.0427955873311, "var": 0.00112638762221}, "barkbands_kurtosis": {"dmean": 1.45508396626, "dmean2": 2.23658227921, "dvar": 2.30677890778, "dvar2": 5.52719020844, "max": 20.3906536102, "mean": 3.94962310791, "median": 3.30442762375, "min": -1.39058983326, "var": 9.88278675079}, "barkbands_skewness": {"dmean": 0.271243333817, "dmean2": 0.423468321562, "dvar": 0.0710282474756, "dvar2": 0.17716807127, "max": 3.83449363708, "mean": 1.21149492264, "median": 1.5239251852, "min": -2.75768136978, "var": 1.76449501514}, "barkbands_spread": {"dmean": 4.78291559219, "dmean2": 7.43803453445, "dvar": 22.9694499969, "dvar2": 55.0708999634, "max": 67.2641448975, "mean": 21.3994941711, "median": 20.6600494385, "min": 4.68604898453, "var": 69.7933883667}, "dissonance": {"dmean": 0.0240175779909, "dmean2": 0.0412392504513, "dvar": 0.000588076596614, "dvar2": 0.00165368954185, "max": 0.499922275543, "mean": 0.432890713215, "median": 0.437792122364, "min": 0.283621877432, "var": 0.00179916690104}, "dynamic_complexity": 4.60454130173, "erbbands_crest": {"dmean": 2.89186048508, "dmean2": 4.53201436996, "dvar": 8.69099521637, "dvar2": 22.1504631042, "max": 30.9092063904, "mean": 12.8616657257, "median": 12.682094574, "min": 2.56194233894, "var": 35.7571640015}, "erbbands_flatness_db": {"dmean": 0.0166958421469, "dmean2": 0.0256124380976, "dvar": 0.000274348072708, "dvar2": 0.000666024279781, "max": 0.309618830681, "mean": 0.154351964593, "median": 0.154982626438, "min": 0.0752673000097, "var": 0.00143991527148}, "erbbands_kurtosis": {"dmean": 1.67387735844, "dmean2": 2.64541077614, "dvar": 4.68060541153, "dvar2": 12.6195220947, "max": 25.3542079926, "mean": 2.6712334156, "median": 1.76988554001, "min": -1.47583401203, "var": 9.9442358017}, "erbbands_skewness": {"dmean": 0.328950226307, "dmean2": 0.503880083561, "dvar": 0.0979358926415, "dvar2": 0.251431912184, "max": 3.49373006821, "mean": 1.14527773857, "median": 1.26378762722, "min": -1.99832940102, "var": 0.857080042362}, "erbbands_spread": {"dmean": 7.03479576111, "dmean2": 10.7813205719, "dvar": 43.4290161133, "dvar2": 103.722457886, "max": 83.8345794678, "mean": 31.7091312408, "median": 31.2639751434, "min": 3.77599644661, "var": 165.089126587}, "hfc": {"dmean": 6.26088619232, "dmean2": 9.68515872955, "dvar": 62.7516479492, "dvar2": 166.808624268, "max": 132.321304321, "mean": 28.891078949, "median": 29.1328487396, "min": 1.06743793462e-16, "var": 380.159301758}, "melbands_crest": {"dmean": 2.27385425568, "dmean2": 3.48569560051, "dvar": 6.48961162567, "dvar2": 16.7537231445, "max": 29.6282157898, "mean": 11.9098739624, "median": 11.2583503723, "min": 1.59767746925, "var": 31.0078334808}, "melbands_flatness_db": {"dmean": 0.0132051296532, "dmean2": 0.0194286089391, "dvar": 0.000194253923837, "dvar2": 0.000475794571685, "max": 0.312570482492, "mean": 0.16070407629, "median": 0.174871712923, "min": 0.00275020906702, "var": 0.00426117796451}, "melbands_kurtosis": {"dmean": 2.37667632103, "dmean2": 3.65566015244, "dvar": 7.05752420425, "dvar2": 16.3674468994, "max": 42.3923988342, "mean": 8.75349140167, "median": 7.26274108887, "min": -1.49547541142, "var": 63.2628746033}, "melbands_skewness": {"dmean": 0.393013209105, "dmean2": 0.594614505768, "dvar": 0.136663228273, "dvar2": 0.330387532711, "max": 5.00201654434, "mean": 1.73612558842, "median": 1.82816267014, "min": -2.41379952431, "var": 1.45463311672}, "melbands_spread": {"dmean": 5.26902389526, "dmean2": 8.50464725494, "dvar": 51.7620124817, "dvar2": 141.460998535, "max": 160.462402344, "mean": 33.7879943848, "median": 20.182970047, "min": 5.5001115799, "var": 1380.20861816}, "pitch_salience": {"dmean": 0.049415782094, "dmean2": 0.0760341063142, "dvar": 0.00229595368728, "dvar2": 0.00594560988247, "max": 0.988400638103, "mean": 0.549176394939, "median": 0.539379119873, "min": 0.179048880935, "var": 0.0162278618664}, "silence_rate_20dB": {"dmean": 0, "dmean2": 0, "dvar": 0, "dvar2": 0, "max": 1, "mean": 1, "median": 1, "min": 1, "var": 0}, "silence_rate_30dB": {"dmean": 0.00121951219626, "dmean2": 0.00244051241316, "dvar": 0.00121801765636, "dvar2": 0.00365478219464, "max": 1, "mean": 0.999390602112, "median": 1, "min": 0, "var": 0.000609011389315}, "silence_rate_60dB": {"dmean": 0.00121951219626, "dmean2": 0.00244051241316, "dvar": 0.00121802079957, "dvar2": 0.00243456056342, "max": 1, "mean": 0.172455817461, "median": 0, "min": 0, "var": 0.142713516951}, "spectral_centroid": {"dmean": 157.761016846, "dmean2": 252.747909546, "dvar": 90816.8671875, "dvar2": 197671.671875, "max": 11720.1191406, "mean": 2185.05419922, "median": 1210.42529297, "min": 588.270935059, "var": 7917940.5}, "spectral_complexity": {"dmean": 1.38048779964, "dmean2": 2.32458806038, "dvar": 2.20035171509, "dvar2": 5.54684209824, "max": 30, "mean": 13.8628883362, "median": 16, "min": 0, "var": 50.1511611938}, "spectral_decrease": {"dmean": 1.36271083306e-09, "dmean2": 1.97181670991e-09, "dvar": 3.37359305578e-18, "dvar2": 7.91833447899e-18, "max": 1.06649281718e-19, "mean": -6.60037891009e-09, "median": -6.26210283627e-09, "min": -2.80553447141e-08, "var": 2.20055999867e-17}, "spectral_energy": {"dmean": 0.00559011846781, "dmean2": 0.00811064522713, "dvar": 5.68203577131e-05, "dvar2": 0.000134984758915, "max": 0.114283517003, "mean": 0.0275318771601, "median": 0.0266365725547, "min": 1.00694036903e-20, "var": 0.0003711450845}, "spectral_energyband_high": {"dmean": 0.000362080114428, "dmean2": 0.000572961696889, "dvar": 2.3534798288e-07, "dvar2": 6.36094227957e-07, "max": 0.00597974471748, "mean": 0.0013322008308, "median": 0.00124608853366, "min": 7.09258422974e-21, "var": 9.76321757662e-07}, "spectral_energyband_low": {"dmean": 0.000536479172297, "dmean2": 0.000736114627216, "dvar": 4.37407243226e-06, "dvar2": 1.03974307422e-05, "max": 0.0591004565358, "mean": 0.00272681028582, "median": 0.000469558231998, "min": 1.04000289967e-23, "var": 2.61343448074e-05}, "spectral_energyband_middle_high": {"dmean": 0.00387510797009, "dmean2": 0.00615023402497, "dvar": 3.88801126974e-05, "dvar2": 0.000105740757135, "max": 0.0833058208227, "mean": 0.00969996768981, "median": 0.00669049983844, "min": 1.19380368039e-21, "var": 0.000116199378681}, "spectral_energyband_middle_low": {"dmean": 0.00271417805925, "dmean2": 0.00324337626807, "dvar": 1.63772547239e-05, "dvar2": 3.04257609969e-05, "max": 0.0887439921498, "mean": 0.0148189458996, "median": 0.0128057906404, "min": 1.24615612513e-22, "var": 0.000163215008797}, "spectral_entropy": {"dmean": 0.123360767961, "dmean2": 0.182532042265, "dvar": 0.0217000860721, "dvar2": 0.0434583984315, "max": 9.82449150085, "mean": 7.56797552109, "median": 7.40555906296, "min": 5.46923160553, "var": 0.66675978899}, "spectral_flux": {"dmean": 0.0133561203256, "dmean2": 0.0219908803701, "dvar": 0.000289573916234, "dvar2": 0.000730714178644, "max": 0.232024848461, "mean": 0.0501888729632, "median": 0.0488371253014, "min": 6.30107979682e-11, "var": 0.00108714250382}, "spectral_kurtosis": {"dmean": 0.571183204651, "dmean2": 0.866748213768, "dvar": 0.449520140886, "dvar2": 0.878353118896, "max": 12.2222042084, "mean": 3.00880670547, "median": 2.98459672928, "min": -1.26267766953, "var": 3.61580228806}, "spectral_rms": {"dmean": 0.000473428983241, "dmean2": 0.000676111900248, "dvar": 3.27451886051e-07, "dvar2": 7.72547423367e-07, "max": 0.0105591723695, "mean": 0.00459172483534, "median": 0.00509773474187, "min": 3.13429555747e-12, "var": 5.77645414523e-06}, "spectral_rolloff": {"dmean": 438.200958252, "dmean2": 757.210510254, "dvar": 743061.875, "dvar2": 1789441.875, "max": 19853.6132812, "mean": 3522.54711914, "median": 1055.12695312, "min": 516.796875, "var": 32237174}, "spectral_skewness": {"dmean": 0.109437793493, "dmean2": 0.165717586875, "dvar": 0.0130947260186, "dvar2": 0.0249372944236, "max": 2.91065788269, "mean": 1.54239153862, "median": 1.62651979923, "min": -0.0824615955353, "var": 0.292305320501}, "spectral_spread": {"dmean": 670387.1875, "dmean2": 1022479.0625, "dvar": 1712156835840.0, "dvar2": 3472558129150.0, "max": 42239132, "mean": 10116678, "median": 7335444, "min": 3325894.5, "var": 91940083204100.0}, "spectral_strongpeak": {"dmean": 0.756446063519, "dmean2": 1.22140908241, "dvar": 1.19959926605, "dvar2": 2.84576797485, "max": 13.2027225494, "mean": 2.26373267174, "median": 2.07986712456, "min": 0, "var": 3.51348996162}, "zerocrossingrate": {"dmean": 0.0124425375834, "dmean2": 0.0157102029771, "dvar": 0.000209673700738, "dvar2": 0.000393315742258, "max": 0.53564453125, "mean": 0.137844979763, "median": 0.0888671875, "min": 0.02978515625, "var": 0.0178897418082}, "barkbands": {"dmean": [7.12208958475e-08, 0.000213391293073, 0.000308322458295, 0.000162496362464, 0.000469921709737, 0.000726796744857, 0.000455399509519, 0.000822529778816, 0.000724080658983, 0.00211164820939, 0.00228252797388, 0.000202289971639, 0.000127686886117, 0.000198753958102, 0.00029458157951, 0.000206100026844, 0.000112258159788, 9.08467845875e-05, 7.54566135583e-05, 8.17082982394e-05, 8.19253909867e-05, 9.99106850941e-05, 7.85716038081e-05, 0.0001167832379, 7.74846121203e-05, 7.96325984993e-05, 1.69743198057e-05], "dmean2": [1.01213373682e-07, 0.00027889572084, 0.0004424356448, 0.000225886818953, 0.000476274493849, 0.000732982938644, 0.000483695650473, 0.000863005290739, 0.000806136755273, 0.00323011865839, 0.00361620867625, 0.000312429241603, 0.000191570288735, 0.000339914782671, 0.000494563253596, 0.000331607559929, 0.000192272564163, 0.000156526264618, 0.000126264436403, 0.000133734400151, 0.000124312500702, 0.000163040414918, 0.000135501803015, 0.000190591104911, 0.000106283310743, 0.000123595629702, 2.66753359028e-05], "dvar": [2.1390471317e-13, 5.86822352489e-07, 2.36792061514e-06, 4.6912194307e-07, 1.37044185067e-06, 1.19565504519e-06, 4.15164265632e-07, 3.06393644678e-06, 2.47265143116e-06, 1.68886490428e-05, 2.96131292998e-05, 1.78251966076e-07, 4.11815506141e-08, 3.30696423134e-07, 3.85552368698e-07, 4.27001992875e-07, 5.73982141816e-08, 2.5938870607e-08, 1.49588643694e-08, 1.53780863599e-08, 1.8196860907e-08, 4.87562594742e-08, 6.06964363215e-08, 9.75948779569e-08, 9.65930979646e-09, 1.69442806452e-08, 1.11309361728e-09], "dvar2": [2.73147146177e-13, 1.15196701245e-06, 6.22985953669e-06, 7.3654928201e-07, 2.07405946639e-06, 1.80649556114e-06, 6.37510993329e-07, 2.86473118649e-06, 3.03718979922e-06, 4.43579847342e-05, 7.85369629739e-05, 4.50774649607e-07, 8.62271036794e-08, 9.9447811408e-07, 1.08354333861e-06, 7.96983044893e-07, 1.65618914139e-07, 7.40918650877e-08, 3.97411490383e-08, 3.8781568179e-08, 4.11398701772e-08, 1.5104156148e-07, 1.97376849087e-07, 3.26228473568e-07, 1.63839750655e-08, 3.52082878408e-08, 2.55878318534e-09], "max": [2.10183861782e-05, 0.0170780457556, 0.047960832715, 0.0147085562348, 0.031225759536, 0.023877562955, 0.0128746582195, 0.0586095787585, 0.032835803926, 0.0497056171298, 0.0759921148419, 0.00725209107623, 0.00266249920242, 0.00911785569042, 0.00627915980294, 0.0265073608607, 0.00350085366517, 0.00236318190582, 0.00159651064314, 0.00135433068499, 0.00177174224518, 0.00320820068009, 0.00341120245866, 0.00362439709716, 0.000916857155971, 0.00232071708888, 0.000391940411646], "mean": [1.11786789603e-07, 0.00120137061458, 0.0012439127313, 0.000688272761181, 0.00224208994769, 0.0031523949001, 0.00166332279332, 0.00340401311405, 0.00205200817436, 0.00398924015462, 0.00428744731471, 0.000321988889482, 0.00025559621281, 0.000312908319756, 0.000467283185571, 0.000330218463205, 0.000179556474905, 0.000160845942446, 0.000160323368618, 0.000207214688999, 0.000215320920688, 0.000215199863305, 0.000147793733049, 0.000239971326664, 0.000216783635551, 0.000151693922817, 2.49905260716e-05], "median": [1.66771449983e-08, 2.35460356635e-05, 0.000212262384593, 0.000107597275928, 0.0012617437169, 0.00232339696959, 0.0011624044273, 0.000781136041041, 0.000571489334106, 0.00133958819788, 0.000522767659277, 0.000107495565317, 0.000124340920593, 0.000100416735222, 9.53269845922e-05, 6.43371386104e-05, 4.97543478559e-05, 7.42302945582e-05, 6.79482109263e-05, 0.000125372855109, 0.000111092267616, 0.000136444417876, 6.2882398197e-05, 0.000153717031935, 0.000216797794565, 0.000122501471196, 1.55555990204e-05], "min": [4.16088678067e-25, 8.8798384176e-25, 4.77045636543e-25, 1.11701841363e-25, 7.67589428684e-24, 3.61900905437e-24, 3.49084006208e-24, 7.04152863446e-24, 5.60493167338e-24, 8.62012529165e-24, 2.18017709257e-23, 2.4391587078e-23, 2.17416123931e-23, 2.45533161854e-23, 4.99060166805e-23, 4.88502746647e-23, 3.66831775188e-23, 9.46058795526e-23, 1.31285071746e-22, 1.29383929586e-22, 2.29265597277e-22, 2.78600554393e-22, 3.81208462263e-22, 6.03912428127e-22, 7.56348930713e-22, 1.30989330948e-21, 1.80893555337e-21], "var": [8.48847793271e-13, 8.71134943736e-06, 6.64205253997e-06, 2.49509753303e-06, 8.5690717242e-06, 1.08592012111e-05, 3.29013414557e-06, 4.4492437155e-05, 1.50575451698e-05, 3.68247019651e-05, 7.42312695365e-05, 3.32526042257e-07, 1.26196383121e-07, 4.60225948018e-07, 6.48416573767e-07, 1.78883760782e-06, 1.06826817614e-07, 5.49281224949e-08, 4.69918042256e-08, 5.50292895696e-08, 7.55691971221e-08, 7.55954943088e-08, 1.08752516326e-07, 1.47703019593e-07, 3.15094617065e-08, 3.009964189e-08, 1.39995304238e-09]}, "erbbands": {"dmean": [0.00201538670808, 0.0616025850177, 0.31072729826, 0.442387402058, 0.68182528019, 1.63755726814, 3.41608023643, 6.72509813309, 7.30259609222, 16.2113170624, 12.2480068207, 20.4279632568, 46.3706169128, 62.8050384521, 82.1586151123, 10.3731222153, 5.78157377243, 11.1856555939, 11.405081749, 16.0805969238, 7.46298599243, 4.14937210083, 3.34582281113, 5.2881603241, 3.10059213638, 4.09379291534, 3.82528972626, 2.97948098183, 3.10289239883, 3.19254994392, 3.50675415993, 3.51628684998, 0.867349922657, 0.684630513191, 0.715967774391, 0.355328887701, 0.17011128366, 0.0226526949555, 0.00302025978453, 0.0001897723414], "dmean2": [0.00286259432323, 0.0804269909859, 0.426231622696, 0.661333739758, 0.766833543777, 1.61943662167, 3.33872795105, 7.40962696075, 7.93823814392, 15.8587646484, 14.0724859238, 22.5078163147, 71.475112915, 98.0138626099, 130.629302979, 15.8688354492, 8.62686824799, 19.0427322388, 18.858083725, 26.6172580719, 12.2259044647, 7.17517900467, 5.77574634552, 8.91982841492, 5.19431734085, 6.74337148666, 6.07840013504, 4.23175764084, 4.74423456192, 5.53659105301, 6.01503801346, 5.86717319489, 1.30546724796, 0.955106556416, 1.04007947445, 0.522673785686, 0.270626842976, 0.0362173467875, 0.00472976546735, 0.000307541660732], "dvar": [7.36627625884e-05, 0.0470119714737, 1.62844073772, 4.45626163483, 10.0452375412, 21.0852832794, 31.8045597076, 112.529563904, 161.189178467, 1073.00805664, 574.424133301, 1923.93701172, 12213.2783203, 16701.3515625, 34544.0234375, 312.049835205, 92.600151062, 933.98046875, 823.56854248, 1561.13122559, 357.376708984, 69.2093353271, 44.4088516235, 98.7712783813, 32.8434524536, 39.9487457275, 45.5629959106, 38.9005203247, 31.6006546021, 98.9397964478, 114.741333008, 113.377067566, 2.74180102348, 0.780130803585, 0.821647763252, 0.236523866653, 0.0984262153506, 0.00220354669727, 4.96901629958e-05, 1.34391456186e-07], "dvar2": [0.000162754949997, 0.0901621952653, 4.0295791626, 10.7132091522, 11.9541473389, 33.3027648926, 41.4255561829, 177.100708008, 232.831985474, 1076.21691895, 709.67578125, 2331.00952148, 33105.3632812, 42866.9492188, 94921.59375, 773.290710449, 192.037979126, 2820.91918945, 2369.38647461, 4036.24536133, 720.997619629, 201.946884155, 125.301460266, 272.338775635, 88.7550811768, 105.60749054, 113.596420288, 76.4661026001, 77.3058395386, 324.097747803, 373.789276123, 378.461700439, 8.45948696136, 1.44095373154, 1.32999718189, 0.437875568867, 0.210862830281, 0.00487357657403, 0.000107241328806, 3.27482268858e-07], "max": [0.254313796759, 4.85490655899, 36.590511322, 58.1133384705, 68.5668716431, 138.409103394, 148.209594727, 210.238449097, 258.12109375, 1106.62329102, 589.843505859, 945.496704102, 1754.29626465, 1887.71264648, 2285.92236328, 273.523071289, 133.177566528, 497.225952148, 391.746124268, 766.036437988, 728.485046387, 111.230110168, 111.525558472, 205.718780518, 81.3908462524, 68.1911239624, 102.329551697, 112.392166138, 85.6581954956, 151.81980896, 146.782424927, 130.731628418, 29.0895614624, 11.7349052429, 8.75800704956, 8.40862560272, 3.81106638908, 0.593666136265, 0.119095645845, 0.00452292570844], "mean": [0.00860263686627, 0.355289489031, 1.40032708645, 1.88380885124, 3.10951733589, 7.98051261902, 16.0255527496, 27.1652011871, 29.0363731384, 60.3571166992, 50.6555709839, 60.6717720032, 88.3515777588, 128.906005859, 154.401931763, 20.7800540924, 12.9327173233, 18.549123764, 18.918264389, 27.0229320526, 13.2383489609, 7.28878927231, 6.82542514801, 11.0114898682, 7.56972646713, 10.3948545456, 9.58886146545, 8.17277336121, 7.64123487473, 5.70941543579, 6.34217119217, 6.31619930267, 2.52152037621, 1.92678785324, 1.86002147198, 0.779487252235, 0.265512108803, 0.0349923372269, 0.0045698331669, 0.000309563241899], "median": [0.000367071828805, 0.0199514012784, 0.231040865183, 0.365550756454, 0.455372363329, 4.31626176834, 10.5396595001, 18.3146743774, 18.4063930511, 21.3697757721, 14.8242340088, 19.7996959686, 34.9909667969, 38.4462165833, 27.6521816254, 9.58007526398, 6.99320030212, 7.64013051987, 5.69620370865, 7.25827598572, 4.5981593132, 2.62940073013, 3.17722225189, 5.96038722992, 3.27025723457, 6.45573329926, 5.73480939865, 4.0299077034, 4.84796047211, 2.98778390884, 2.57413053513, 2.92032122612, 2.41361546516, 1.78665041924, 1.78502309322, 0.67812615633, 0.18507732451, 0.0241502933204, 0.00286870333366, 0.000210034282645], "min": [7.4509149432e-23, 2.61408006228e-22, 1.30552132875e-21, 2.99447298121e-21, 1.37080096462e-20, 1.66238633108e-20, 4.87997464198e-20, 4.79279271347e-20, 8.12951361183e-20, 1.41363486475e-19, 2.59877762889e-19, 1.65895440395e-19, 2.88363924481e-19, 7.6744524763e-19, 9.10188083625e-19, 1.20568998226e-18, 8.03595625338e-19, 1.89184643333e-18, 2.18723800675e-18, 2.87415835912e-18, 4.14350733414e-18, 3.9520290844e-18, 5.32652036669e-18, 6.80095243778e-18, 6.70417396047e-18, 5.89801159369e-18, 9.76338316917e-18, 9.30350549018e-18, 9.46102714859e-18, 1.01649504052e-17, 1.17063766613e-17, 1.06441485418e-17, 1.01245087179e-17, 8.19386089641e-18, 5.86324312459e-18, 4.44937887232e-18, 2.37147180868e-18, 9.55434449541e-19, 2.57856753857e-19, 2.50207918131e-20], "var": [0.000523110618815, 0.715518653393, 7.88378715515, 13.5735177994, 59.7049369812, 126.256134033, 398.082824707, 933.140258789, 1220.19689941, 13360.96875, 7469.83496094, 11931.9736328, 23320.5507812, 41468.8085938, 83557.03125, 783.813781738, 280.761322021, 1289.78308105, 1323.23413086, 3387.06762695, 1433.87304688, 130.968002319, 99.2772903442, 239.426147461, 117.142745972, 130.304962158, 151.191864014, 151.785827637, 93.7423553467, 113.970695496, 204.501373291, 168.740020752, 6.12733316422, 2.74461436272, 2.38791561127, 0.526327669621, 0.143685847521, 0.00299040018581, 6.526109064e-05, 1.51641387447e-07]}, "gfcc": {"mean": [-107.701049805, 30.7759609222, -93.7143707275, -10.4478979111, -73.6927719116, 3.11254000664, -35.7783508301, 5.53417634964, -28.7648010254, 3.35735583305, -18.9172840118, 3.57093906403, -5.88675451279], "cov": [[137139.3125, 7349.03173828, -9942.55566406, -1505.5489502, -9682.18164062, 138.316543579, -3988.35498047, 578.700744629, -3568.38989258, 377.628570557, -2166.74609375, 146.752166748, -1079.58251953], [7349.03173828, 1129.92541504, -101.473190308, 138.435256958, -363.78338623, 99.2580871582, -104.795700073, 18.7664909363, -151.061416626, 2.61918210983, -96.4561462402, -65.6261978149, -121.837211609], [-9942.55566406, -101.473190308, 1371.06860352, 280.140014648, 823.29473877, 93.8946075439, 384.754272461, -45.3891830444, 271.799133301, -13.0514554977, 170.162445068, -67.8103637695, 1.56634604931], [-1505.5489502, 138.435256958, 280.140014648, 307.452758789, 274.035919189, 121.880386353, 102.060775757, 10.6476345062, 71.1400909424, -26.4174842834, 12.1138381958, -21.4541130066, -6.62428998947], [-9682.18164062, -363.78338623, 823.29473877, 274.035919189, 943.478942871, 106.088729858, 296.8465271, -23.7621765137, 256.319549561, -42.8938827515, 125.35118103, -0.264677166939, 94.7796096802], [138.316543579, 99.2580871582, 93.8946075439, 121.880386353, 106.088729858, 257.299713135, 96.3410720825, -12.6532516479, 15.439414978, -17.5630149841, 13.7457866669, 50.6101417542, 56.8975791931], [-3988.35498047, -104.795700073, 384.754272461, 102.060775757, 296.8465271, 96.3410720825, 281.448028564, 11.0127420425, 140.585159302, -17.8422832489, 70.1859588623, -3.82201695442, 31.4826412201], [578.700744629, 18.7664909363, -45.3891830444, 10.6476345062, -23.7621765137, -12.6532516479, 11.0127420425, 84.6994857788, 17.4725475311, 13.2080354691, -30.0910282135, -24.0469875336, -23.216758728], [-3568.38989258, -151.061416626, 271.799133301, 71.1400909424, 256.319549561, 15.439414978, 140.585159302, 17.4725475311, 177.253997803, 14.3909139633, 54.0096092224, -25.5339584351, 17.763666153], [377.628570557, 2.61918210983, -13.0514554977, -26.4174842834, -42.8938827515, -17.5630149841, -17.8422832489, 13.2080354691, 14.3909139633, 64.7362670898, 9.05686187744, -14.1780805588, -18.9558887482], [-2166.74609375, -96.4561462402, 170.162445068, 12.1138381958, 125.35118103, 13.7457866669, 70.1859588623, -30.0910282135, 54.0096092224, 9.05686187744, 92.4437713623, 23.3697471619, 19.2024402618], [146.752166748, -65.6261978149, -67.8103637695, -21.4541130066, -0.264677166939, 50.6101417542, -3.82201695442, -24.0469875336, -25.5339584351, -14.1780805588, 23.3697471619, 98.3245544434, 71.9945907593], [-1079.58251953, -121.837211609, 1.56634604931, -6.62428998947, 94.7796096802, 56.8975791931, 31.4826412201, -23.216758728, 17.763666153, -18.9558887482, 19.2024402618, 71.9945907593, 127.187889099]], "icov": [[0.000193275904167, -0.000554278609343, 0.000336559460266, -0.000211814724025, 0.00095196388429, -0.000662869424559, 0.000573311757762, -0.000588125374634, 0.000788430857938, -0.000785054406151, 0.00126272090711, -0.000801878864877, 0.000468418758828], [-0.000554278609343, 0.00327205983922, -0.00148047471885, -0.000643338658847, -0.00161710369866, 0.00117131031584, -0.00139529409353, 0.00167003565002, -0.00135383033194, 0.00217434205115, -0.00312839914113, 0.00301764043979, -0.000977017451078], [0.000336559460266, -0.00148047471885, 0.00300873070955, -0.000346860004356, -8.19356137072e-05, -0.000822577858344, -0.000606206886005, 0.000230867866776, 0.00144094764255, -0.00195068004541, 0.000709379382897, -0.000239012573729, 0.00154088821728], [-0.000211814724025, -0.000643338658847, -0.000346860004356, 0.00752497557551, -0.00347215961665, -0.00190550030675, 0.000147981772898, -0.0003804093285, -0.00217247195542, 0.00285609601997, -0.000835239887238, 0.00107627990656, 0.0015617654426], [0.00095196388429, -0.00161710369866, -8.19356137072e-05, -0.00347215961665, 0.00911940820515, -0.00324391596951, 0.00318048382178, -0.00306454044767, 0.00207109423354, -0.00225678388961, 0.00580610753968, -0.0035262494348, 0.000154071807628], [-0.000662869424559, 0.00117131031584, -0.000822577858344, -0.00190550030675, -0.00324391596951, 0.00965174194425, -0.00522441370413, 0.0033798115328, -0.0016558279749, 0.000809624732938, -0.00273967045359, -0.000736889487598, -0.00340113416314], [0.000573311757762, -0.00139529409353, -0.000606206886005, 0.000147981772898, 0.00318048382178, -0.00522441370413, 0.0115692252293, -0.00525816390291, -0.00211017974652, 0.00204306025989, 0.000211995327845, -0.00137016992085, 0.0010312233353], [-0.000588125374634, 0.00167003565002, 0.000230867866776, -0.0003804093285, -0.00306454044767, 0.0033798115328, -0.00525816390291, 0.019658729434, -0.00538014154881, -0.00208097393624, 0.00439145695418, 0.00119626359083, 0.00134792632889], [0.000788430857938, -0.00135383033194, 0.00144094764255, -0.00217247195542, 0.00207109423354, -0.0016558279749, -0.00211017974652, -0.00538014154881, 0.0191481783986, -0.00801872741431, 0.00126176967751, 0.0024903328158, -0.00146745634265], [-0.000785054406151, 0.00217434205115, -0.00195068004541, 0.00285609601997, -0.00225678388961, 0.000809624732938, 0.00204306025989, -0.00208097393624, -0.00801872741431, 0.0248314589262, -0.0112564256415, 0.00573458662257, -0.000699808704667], [0.00126272090711, -0.00312839914113, 0.000709379382897, -0.000835239887238, 0.00580610753968, -0.00273967045359, 0.000211995327845, 0.00439145695418, 0.00126176967751, -0.0112564256415, 0.0325297378004, -0.0155833475292, 0.00737295299768], [-0.000801878864877, 0.00301764043979, -0.000239012573729, 0.00107627990656, -0.0035262494348, -0.000736889487598, -0.00137016992085, 0.00119626359083, 0.0024903328158, 0.00573458662257, -0.0155833475292, 0.0297070071101, -0.0142978597432], [0.000468418758828, -0.000977017451078, 0.00154088821728, 0.0015617654426, 0.000154071807628, -0.00340113416314, 0.0010312233353, 0.00134792632889, -0.00146745634265, -0.000699808704667, 0.00737295299768, -0.0142978597432, 0.0194430910051]]}, "melbands": {"dmean": [3.8727055653e-05, 0.000138610252179, 8.79013387021e-05, 6.70480803819e-05, 0.000119717900816, 0.000153800225235, 0.000105350110971, 0.00018494365213, 9.63149650488e-05, 0.000127706356579, 0.000234702805756, 0.000253163365414, 0.000327986839693, 5.10452373419e-05, 1.38987425089e-05, 1.08710546556e-05, 2.39847213379e-05, 1.79314683919e-05, 1.57943577506e-05, 2.46571180469e-05, 6.59849183648e-06, 4.90312504553e-06, 4.33071363659e-06, 4.11390647059e-06, 4.53599659522e-06, 3.26791359839e-06, 1.93017035599e-06, 2.98994746117e-06, 2.67082873506e-06, 1.60925685577e-06, 1.96562154997e-06, 1.78724235411e-06, 2.07661946661e-06, 1.23409552089e-06, 2.8250633477e-06, 1.45777380567e-06, 2.22661151383e-06, 7.37569791909e-07, 4.15444191049e-07, 6.93676611263e-07], "dmean2": [5.24688839505e-05, 0.000186601653695, 0.000120112126751, 6.96255883668e-05, 0.000114689100883, 0.000163821532624, 0.000113270456495, 0.000179666036274, 0.000111016212031, 0.000145424128277, 0.000362694088835, 0.00039248392568, 0.00051575381076, 8.36600738694e-05, 2.02583269129e-05, 1.61253628903e-05, 4.10365828429e-05, 2.98022550851e-05, 2.69015854428e-05, 3.94424459955e-05, 1.09542215796e-05, 8.45391150506e-06, 7.67313304095e-06, 7.06211494617e-06, 7.64361811889e-06, 5.48602929484e-06, 3.31241267304e-06, 4.85177633891e-06, 4.25063399234e-06, 2.52865834227e-06, 2.75449610854e-06, 2.68859253083e-06, 3.46341130353e-06, 2.17024444282e-06, 4.90280172016e-06, 2.4191472221e-06, 3.7121560581e-06, 1.12815109787e-06, 6.36632989881e-07, 9.86362351796e-07], "dvar": [2.13568007723e-08, 2.67194877779e-07, 1.32055575364e-07, 3.90708088105e-08, 4.85450399879e-08, 6.02379159886e-08, 3.0383628058e-08, 1.55768333343e-07, 3.55027900412e-08, 7.51665325538e-08, 3.01319204254e-07, 3.08386375991e-07, 6.13343331679e-07, 2.12354329676e-08, 4.46765430206e-10, 2.80561879284e-10, 4.91659291058e-09, 2.04047001517e-09, 1.28308819125e-09, 4.6920480834e-09, 2.23747742556e-10, 1.34243005601e-10, 9.87245216133e-11, 9.81398851074e-11, 8.2122184053e-11, 4.67333567677e-11, 1.38785007792e-11, 2.1593147409e-11, 1.92008492439e-11, 7.32594974268e-12, 1.92606000593e-11, 1.17403595526e-11, 2.91831767085e-11, 1.78927393735e-11, 9.52047260472e-11, 2.18752412018e-11, 4.13995608628e-11, 3.26934269587e-12, 2.38753081975e-13, 9.61581400442e-13], "dvar2": [4.58174298501e-08, 6.22133825345e-07, 2.68616417998e-07, 5.40441753571e-08, 7.04858393874e-08, 9.12866298108e-08, 4.45421655115e-08, 1.48250506982e-07, 4.62797800083e-08, 9.21289000644e-08, 8.1693985976e-07, 7.86372766015e-07, 1.61689092693e-06, 6.22271798534e-08, 8.66677341005e-10, 5.64787550061e-10, 1.48922172372e-08, 5.88646376087e-09, 3.5700755685e-09, 9.18457487842e-09, 5.73042779894e-10, 3.87224974308e-10, 2.97961072482e-10, 2.67595112735e-10, 2.25717500246e-10, 1.2722096987e-10, 3.85755212495e-11, 5.38150184137e-11, 4.77411096766e-11, 1.66709146487e-11, 3.7442531714e-11, 2.61766268383e-11, 8.81028791588e-11, 5.87874263158e-11, 3.10364622891e-10, 7.31362748141e-11, 1.37242481268e-10, 1.02081277459e-11, 4.90543261393e-13, 1.75031246007e-12], "max": [0.00287820678204, 0.014063006267, 0.00864684022963, 0.00449993927032, 0.00625265110284, 0.00515980133787, 0.00345775135793, 0.0137876011431, 0.00436937529594, 0.00641709100455, 0.00867904070765, 0.00827477965504, 0.010963248089, 0.00200699339621, 0.000292070297292, 0.000268545438303, 0.00113268510904, 0.000629478134215, 0.000476912973681, 0.00261572282761, 0.000360499572707, 0.000177804977284, 0.000127359904582, 0.000180092087248, 0.000190006001503, 0.000102663361758, 5.31891346327e-05, 5.17680928169e-05, 5.94216871832e-05, 4.29711290053e-05, 7.69582111388e-05, 5.0734335673e-05, 7.74328364059e-05, 6.39785794192e-05, 0.000133377456223, 6.00290004513e-05, 7.04634003341e-05, 3.13279742841e-05, 9.08102447283e-06, 1.37088527481e-05], "mean": [0.000200940528885, 0.000686536892317, 0.00038886081893, 0.000327532325173, 0.000580803141929, 0.000634307565633, 0.000413317262428, 0.000709452084266, 0.000394031783799, 0.000354898889782, 0.000434795219917, 0.000508688157424, 0.000620210019406, 8.78877326613e-05, 2.88984501822e-05, 2.27276650548e-05, 3.69594818039e-05, 2.81374486804e-05, 2.56928869931e-05, 4.08418127336e-05, 1.10368810056e-05, 7.77204604674e-06, 7.17007651474e-06, 7.46133264329e-06, 8.68537790666e-06, 6.86576049702e-06, 4.15364684159e-06, 7.44354929338e-06, 6.35483957012e-06, 4.33524064647e-06, 4.77129515275e-06, 4.14110672864e-06, 4.00547924073e-06, 2.08047549677e-06, 4.58187150798e-06, 2.71121280093e-06, 3.8762668737e-06, 1.88952253666e-06, 1.28540136757e-06, 1.69474606082e-06], "median": [3.79498101211e-06, 0.000106791841972, 8.06091265986e-05, 0.000132730026962, 0.000405155151384, 0.000446826335974, 0.000276952050626, 0.000223676164751, 9.86186641967e-05, 0.000108901425847, 0.000159708113642, 0.000101821089629, 7.78838439146e-05, 2.32386591961e-05, 1.67317975865e-05, 1.0910385754e-05, 1.06857660285e-05, 7.63191292208e-06, 6.14375767327e-06, 7.00975124346e-06, 2.68681787929e-06, 2.05647006624e-06, 2.54651467912e-06, 2.46755257649e-06, 3.39401526617e-06, 1.38890322887e-06, 2.18466107071e-06, 4.22357061325e-06, 3.46434444509e-06, 2.15640875467e-06, 1.81970540325e-06, 2.17322508433e-06, 1.72417139765e-06, 1.0191694173e-06, 1.10576786483e-06, 1.348712658e-06, 1.82031089935e-06, 1.63670108577e-06, 1.36019491492e-06, 1.38534880989e-06], "min": [8.63524716356e-25, 1.15457129886e-24, 7.15866668889e-25, 9.47012035323e-25, 1.38379110512e-24, 1.03476837369e-24, 1.12255892889e-24, 1.72892416065e-24, 1.95905322772e-24, 9.73127965843e-25, 1.2480263684e-24, 2.44927229904e-24, 2.88716583208e-24, 2.06772907261e-24, 1.65493117711e-24, 2.11726046555e-24, 2.28912584389e-24, 2.38324898001e-24, 3.3236394155e-24, 3.86392157202e-24, 4.03369784945e-24, 2.03745653537e-24, 4.08185386341e-24, 3.36441681898e-24, 3.73613123297e-24, 4.98126139716e-24, 3.93303170377e-24, 3.27072065382e-24, 5.32088849939e-24, 4.81922305634e-24, 4.37993797266e-24, 4.44837796707e-24, 5.3401796984e-24, 4.57655760898e-24, 5.57588975916e-24, 5.15847189977e-24, 6.29519443178e-24, 5.92893775197e-24, 5.67063589818e-24, 5.76181086388e-24], "var": [2.51685548847e-07, 1.84580528639e-06, 5.32960882538e-07, 2.57141948623e-07, 4.37827281985e-07, 4.98137069371e-07, 2.31126008998e-07, 2.05063201975e-06, 4.45675908622e-07, 4.31575472248e-07, 5.76982301936e-07, 7.53276424348e-07, 1.56151827468e-06, 4.31932143385e-08, 1.38841538266e-09, 1.02696051663e-09, 6.67044508518e-09, 3.2317926113e-09, 2.19477125363e-09, 1.81381096809e-08, 6.2128030498e-10, 2.2942557576e-10, 1.82282258732e-10, 2.1951335194e-10, 2.00109526172e-10, 1.60703964025e-10, 3.39144719252e-11, 8.3302885423e-11, 6.14495745954e-11, 4.0605858953e-11, 7.13004794095e-11, 3.54882616349e-11, 4.61946036978e-11, 2.01303747976e-11, 1.64392374713e-10, 3.26932751704e-11, 6.01206723294e-11, 5.94368564782e-12, 1.07603216701e-12, 2.73289312187e-12]}, "mfcc": {"mean": [-699.273010254, 85.4067230225, 12.2403812408, -9.56750583649, -19.2713947296, -10.8924760818, -6.98479795456, -7.21889638901, -2.32100248337, -4.94822216034, -11.3441610336, -5.71433258057, -1.91495978832], "cov": [[36113.2382812, 6371.51806641, 1038.65063477, -675.483520508, -1739.90551758, -856.610290527, -500.354614258, -468.703338623, -267.029632568, -158.833938599, -399.401947021, -655.020751953, -573.196838379], [6371.51806641, 1591.01513672, 407.585144043, -1.52988409996, -137.691879272, -35.2816848755, -25.4907207489, -56.3706130981, -17.4145908356, -7.52721595764, -118.099327087, -47.8159332275, -70.7767181396], [1038.65063477, 407.585144043, 390.163757324, 70.1873779297, 69.1688232422, 104.220237732, 68.7132568359, 37.3817253113, 17.1180477142, 51.527557373, 14.2143354416, -6.65624952316, -21.934803009], [-675.483520508, -1.52988409996, 70.1873779297, 232.726165771, 166.040115356, 67.8999710083, 52.7283592224, 62.7073783875, 51.8394546509, 49.341217041, 36.9769630432, 25.1741733551, -30.5073699951], [-1739.90551758, -137.691879272, 69.1688232422, 166.040115356, 309.955413818, 174.060134888, 90.9253540039, 74.6528167725, 45.8718338013, 44.1549530029, -25.3128948212, 53.6475830078, 60.9379844666], [-856.610290527, -35.2816848755, 104.220237732, 67.8999710083, 174.060134888, 271.842834473, 135.672195435, 119.062004089, 54.4517478943, 66.4808044434, -6.55797433853, -22.5481872559, 63.2666816711], [-500.354614258, -25.4907207489, 68.7132568359, 52.7283592224, 90.9253540039, 135.672195435, 127.132881165, 92.6094436646, 42.4274635315, 36.9915046692, 11.3363695145, -13.0238437653, 18.6881484985], [-468.703338623, -56.3706130981, 37.3817253113, 62.7073783875, 74.6528167725, 119.062004089, 92.6094436646, 139.455932617, 70.155418396, 56.5380630493, 26.4951877594, -33.8341140747, 10.8625354767], [-267.029632568, -17.4145908356, 17.1180477142, 51.8394546509, 45.8718338013, 54.4517478943, 42.4274635315, 70.155418396, 108.985183716, 61.7603149414, 25.7426986694, -11.042596817, -10.7706623077], [-158.833938599, -7.52721595764, 51.527557373, 49.341217041, 44.1549530029, 66.4808044434, 36.9915046692, 56.5380630493, 61.7603149414, 152.782409668, 61.4343757629, -16.2473945618, -23.4203014374], [-399.401947021, -118.099327087, 14.2143354416, 36.9769630432, -25.3128948212, -6.55797433853, 11.3363695145, 26.4951877594, 25.7426986694, 61.4343757629, 190.423538208, -2.69230818748, -93.8785247803], [-655.020751953, -47.8159332275, -6.65624952316, 25.1741733551, 53.6475830078, -22.5481872559, -13.0238437653, -33.8341140747, -11.042596817, -16.2473945618, -2.69230818748, 114.681884766, 30.971944809], [-573.196838379, -70.7767181396, -21.934803009, -30.5073699951, 60.9379844666, 63.2666816711, 18.6881484985, 10.8625354767, -10.7706623077, -23.4203014374, -93.8785247803, 30.971944809, 161.813491821]], "icov": [[0.000207386896363, -0.000789386860561, 0.000137650131364, 3.95830684283e-05, 0.00054302776698, 0.000167142017744, 7.42892952985e-05, -5.75799058424e-05, 0.000161428150022, -0.000126325787278, 6.2670216721e-05, 0.000609772920143, 5.30205434188e-05], [-0.000789386860561, 0.00424219341949, -0.00193035241682, -0.000714686058927, -0.000841387722176, -0.000948661705479, 4.75797132822e-05, 0.000535357976332, -0.000855498888995, 0.000378400553018, 0.00124021060765, -0.00245856796391, 0.000497114146128], [0.000137650131364, -0.00193035241682, 0.00489568524063, -0.000164058306837, -0.000487379904371, -0.000870350864716, -0.00156445684843, 0.00056279724231, 0.000952137110289, -0.000742085452657, -0.00110416905954, 0.00025064178044, 0.000210116806556], [3.95830684283e-05, -0.000714686058927, -0.000164058306837, 0.00994583684951, -0.00656613847241, 0.0026176169049, -2.05322539841e-05, -0.00288492976688, -0.000813381688204, -0.000137512266519, -0.00122228823602, -0.00036386094871, 0.00261233351193], [0.00054302776698, -0.000841387722176, -0.000487379904371, -0.00656613847241, 0.0131859192625, -0.00553175760433, 0.000386938394513, 0.000899455626495, 0.000236815423705, -0.000818003667518, 0.00340766320005, -0.00272557116114, -0.000260352593614], [0.000167142017744, -0.000948661705479, -0.000870350864716, 0.0026176169049, -0.00553175760433, 0.0135557902977, -0.00753539381549, -0.00237559131347, 0.000597513164394, -0.00180516252294, -0.00130438688211, 0.00433104811236, -0.00344172283076], [7.42892952985e-05, 4.75797132822e-05, -0.00156445684843, -2.05322539841e-05, 0.000386938394513, -0.00753539381549, 0.0227749310434, -0.00967156421393, 0.000397599244025, 0.00163320021238, 0.000299884821288, -0.00174267916009, 0.00165785546415], [-5.75799058424e-05, 0.000535357976332, 0.00056279724231, -0.00288492976688, 0.000899455626495, -0.00237559131347, -0.00967156421393, 0.0220399294049, -0.00744940340519, -0.000460633571493, -0.00189216749277, 0.00501371221617, -0.00282982038334], [0.000161428150022, -0.000855498888995, 0.000952137110289, -0.000813381688204, 0.000236815423705, 0.000597513164394, 0.000397599244025, -0.00744940340519, 0.0162568893284, -0.00438191136345, 0.000850976444781, -0.000758012407459, 0.00139138021041], [-0.000126325787278, 0.000378400553018, -0.000742085452657, -0.000137512266519, -0.000818003667518, -0.00180516252294, 0.00163320021238, -0.000460633571493, -0.00438191136345, 0.0105518540367, -0.00305151729845, 0.000554210972041, -0.000193243162357], [6.2670216721e-05, 0.00124021060765, -0.00110416905954, -0.00122228823602, 0.00340766320005, -0.00130438688211, 0.000299884821288, -0.00189216749277, 0.000850976444781, -0.00305151729845, 0.0110748093575, -0.0030971118249, 0.00633641798049], [0.000609772920143, -0.00245856796391, 0.00025064178044, -0.00036386094871, -0.00272557116114, 0.00433104811236, -0.00174267916009, 0.00501371221617, -0.000758012407459, 0.000554210972041, -0.0030971118249, 0.0158417653292, -0.00455149728805], [5.30205434188e-05, 0.000497114146128, 0.000210116806556, 0.00261233351193, -0.000260352593614, -0.00344172283076, 0.00165785546415, -0.00282982038334, 0.00139138021041, -0.000193243162357, 0.00633641798049, -0.00455149728805, 0.0131604028866]]}, "spectral_contrast_coeffs": {"dmean": [0.0267858318985, 0.0272824726999, 0.0349176079035, 0.0288011413068, 0.0200764685869, 0.0115267001092], "dmean2": [0.0434343889356, 0.0423654802144, 0.0549259185791, 0.0472049675882, 0.0338916890323, 0.0178713034838], "dvar": [0.00068781588925, 0.000677654868923, 0.00100566633046, 0.000652961956803, 0.000309763127007, 0.000109365784738], "dvar2": [0.00188466440886, 0.0015919317957, 0.00257760542445, 0.00167334114667, 0.000771151389927, 0.000241737434408], "max": [-0.297587454319, -0.382683396339, -0.41689607501, -0.479439467192, -0.596739292145, -0.690267920494], "mean": [-0.574118971825, -0.675589561462, -0.645558774471, -0.708020091057, -0.747507929802, -0.796551167965], "median": [-0.541568160057, -0.642759919167, -0.610610187054, -0.685202419758, -0.723856329918, -0.782948732376], "min": [-0.978290081024, -0.996564209461, -0.993732392788, -0.979098796844, -0.968273997307, -0.963932037354], "var": [0.0277482979, 0.0167593583465, 0.0180119872093, 0.0106813171878, 0.00798017997295, 0.00422119628638]}, "spectral_contrast_valleys": {"dmean": [0.357255995274, 0.26514223218, 0.263623595238, 0.225018128753, 0.177152439952, 0.150520354509], "dmean2": [0.59008795023, 0.419691443443, 0.424705594778, 0.36421045661, 0.276726722717, 0.208842262626], "dvar": [0.215033605695, 0.143922150135, 0.14671190083, 0.130925670266, 0.117736153305, 0.104547038674], "dvar2": [0.40304723382, 0.244122669101, 0.250886470079, 0.223907068