{"lowlevel": {"average_loudness": 0.933749437332, "barkbands_crest": {"dmean": 2.36153292656, "dmean2": 3.81127142906, "dvar": 6.14704370499, "dvar2": 15.9413909912, "max": 25.5088710785, "mean": 14.4096031189, "median": 14.0311841965, "min": 2.98185276985, "var": 21.2905960083}, "barkbands_flatness_db": {"dmean": 0.0347503647208, "dmean2": 0.0480733439326, "dvar": 0.00137208786327, "dvar2": 0.00245298747905, "max": 0.597155570984, "mean": 0.231762588024, "median": 0.222134590149, "min": 0.031451664865, "var": 0.00951909273863}, "barkbands_kurtosis": {"dmean": 13.9386796951, "dmean2": 21.1910266876, "dvar": 462.019226074, "dvar2": 997.691467285, "max": 376.608917236, "mean": 34.5270805359, "median": 21.4288196564, "min": -1.88858234882, "var": 1679.2980957}, "barkbands_skewness": {"dmean": 1.00575375557, "dmean2": 1.50306117535, "dvar": 1.24396598339, "dvar2": 2.67164802551, "max": 15.808465004, "mean": 4.21555805206, "median": 3.89293837547, "min": -2.11535096169, "var": 5.92680597305}, "barkbands_spread": {"dmean": 4.07770252228, "dmean2": 6.062541008, "dvar": 36.2990074158, "dvar2": 76.875213623, "max": 94.4799423218, "mean": 10.6924209595, "median": 6.09478521347, "min": 0.329069137573, "var": 165.765655518}, "dissonance": {"dmean": 0.0223979353905, "dmean2": 0.0367242731154, "dvar": 0.000576083024498, "dvar2": 0.00147496967111, "max": 0.499977469444, "mean": 0.446882337332, "median": 0.460019946098, "min": 0.218252778053, "var": 0.00192675471772}, "dynamic_complexity": 4.02087306976, "erbbands_crest": {"dmean": 2.28567886353, "dmean2": 3.52905797958, "dvar": 5.97267818451, "dvar2": 12.4376449585, "max": 32.0427474976, "mean": 10.5167989731, "median": 9.48458862305, "min": 2.45976161957, "var": 24.5472335815}, "erbbands_flatness_db": {"dmean": 0.0220994781703, "dmean2": 0.0296523366123, "dvar": 0.000600154162385, "dvar2": 0.00118152156938, "max": 0.389590799809, "mean": 0.149998575449, "median": 0.137766510248, "min": 0.0325491204858, "var": 0.00404298910871}, "erbbands_kurtosis": {"dmean": 1.84753072262, "dmean2": 2.68856024742, "dvar": 21.8182468414, "dvar2": 42.6430702209, "max": 140.569458008, "mean": 2.49872708321, "median": 0.409160852432, "min": -1.91848647594, "var": 52.1817016602}, "erbbands_skewness": {"dmean": 0.456162542105, "dmean2": 0.662622153759, "dvar": 0.297311156988, "dvar2": 0.54288816452, "max": 9.62505340576, "mean": 1.0436924696, "median": 0.926680028439, "min": -3.14000058174, "var": 1.51700615883}, "erbbands_spread": {"dmean": 11.985578537, "dmean2": 17.1215190887, "dvar": 242.976608276, "dvar2": 472.998687744, "max": 181.944625854, "mean": 50.8445129395, "median": 43.216960907, "min": 2.33700680733, "var": 1013.51641846}, "hfc": {"dmean": 6.65694475174, "dmean2": 9.66840744019, "dvar": 130.871688843, "dvar2": 303.728973389, "max": 127.038658142, "mean": 13.2593164444, "median": 8.73979949951, "min": 1.18575784944e-16, "var": 215.322738647}, "melbands_crest": {"dmean": 2.65374398232, "dmean2": 4.31622219086, "dvar": 8.02719116211, "dvar2": 20.4845066071, "max": 34.9198799133, "mean": 18.2881851196, "median": 18.3692779541, "min": 1.72498428822, "var": 22.021282196}, "melbands_flatness_db": {"dmean": 0.0392452217638, "dmean2": 0.0540197230875, "dvar": 0.00178571825381, "dvar2": 0.00320364721119, "max": 0.754351973534, "mean": 0.339260786772, "median": 0.332694858313, "min": 0.00418398529291, "var": 0.0138768851757}, "melbands_kurtosis": {"dmean": 28.1663951874, "dmean2": 42.330242157, "dvar": 1833.99414062, "dvar2": 3820.49243164, "max": 754.170532227, "mean": 72.9074707031, "median": 44.6177558899, "min": -1.62970149517, "var": 6375.80126953}, "melbands_skewness": {"dmean": 1.27537298203, "dmean2": 1.88657307625, "dvar": 2.24212598801, "dvar2": 4.51604938507, "max": 20.551404953, "mean": 5.55074071884, "median": 4.90878152847, "min": -1.10307002068, "var": 9.75281429291}, "melbands_spread": {"dmean": 3.2854552269, "dmean2": 4.95314455032, "dvar": 43.6093482971, "dvar2": 91.8705749512, "max": 162.327453613, "mean": 8.47286319733, "median": 3.76374077797, "min": 0.378971159458, "var": 273.140441895}, "pitch_salience": {"dmean": 0.0723054111004, "dmean2": 0.116581715643, "dvar": 0.00609097536653, "dvar2": 0.0149886524305, "max": 0.960782766342, "mean": 0.45491322875, "median": 0.450739979744, "min": 0.0636285021901, "var": 0.0175135433674}, "silence_rate_20dB": {"dmean": 0, "dmean2": 0, "dvar": 0, "dvar2": 0, "max": 1, "mean": 1, "median": 1, "min": 1, "var": 0}, "silence_rate_30dB": {"dmean": 0.105499438941, "dmean2": 0.21102848649, "dvar": 0.0943669527769, "dvar2": 0.192884758115, "max": 1, "mean": 0.880488157272, "median": 1, "min": 0, "var": 0.105228662491}, "silence_rate_60dB": {"dmean": 0.0356341190636, "dmean2": 0.0712782368064, "dvar": 0.0343625582755, "dvar2": 0.0720831155777, "max": 1, "mean": 0.118950761855, "median": 0, "min": 0, "var": 0.104806803167}, "spectral_centroid": {"dmean": 174.052886963, "dmean2": 259.092590332, "dvar": 66821.734375, "dvar2": 129119.570312, "max": 11085.3417969, "mean": 677.180908203, "median": 473.772827148, "min": 112.772781372, "var": 389540.71875}, "spectral_complexity": {"dmean": 3.4879348278, "dmean2": 5.00940084457, "dvar": 28.7198200226, "dvar2": 49.1697463989, "max": 56, "mean": 10.0258102417, "median": 7, "min": 0, "var": 73.6482849121}, "spectral_decrease": {"dmean": 5.45413847419e-09, "dmean2": 8.88671003452e-09, "dvar": 9.88630386256e-17, "dvar2": 2.53456530606e-16, "max": 7.56493738211e-19, "mean": -1.40419009753e-08, "median": -1.31231061573e-08, "min": -9.07415298457e-08, "var": 1.49998695584e-16}, "spectral_energy": {"dmean": 0.021078793332, "dmean2": 0.0342571139336, "dvar": 0.00146757205948, "dvar2": 0.00375397247262, "max": 0.347679108381, "mean": 0.0541998893023, "median": 0.0507041215897, "min": 1.09397204794e-20, "var": 0.00222868798301}, "spectral_energyband_high": {"dmean": 0.000292155746138, "dmean2": 0.000420095340814, "dvar": 3.51438359303e-07, "dvar2": 7.55183407364e-07, "max": 0.0110707478598, "mean": 0.000471849896712, "median": 0.000130451633595, "min": 8.00090447492e-21, "var": 7.55102462335e-07}, "spectral_energyband_low": {"dmean": 0.0152819342911, "dmean2": 0.0255790557712, "dvar": 0.000937593111303, "dvar2": 0.00248040049337, "max": 0.330085903406, "mean": 0.041707098484, "median": 0.038914795965, "min": 1.28003157945e-22, "var": 0.00149698869791}, "spectral_energyband_middle_high": {"dmean": 0.00124086625874, "dmean2": 0.00183889688924, "dvar": 7.35098956284e-06, "dvar2": 1.64100929396e-05, "max": 0.0325387455523, "mean": 0.00175651384052, "median": 0.000497037661262, "min": 1.64530434461e-21, "var": 1.05762055682e-05}, "spectral_energyband_middle_low": {"dmean": 0.00806216616184, "dmean2": 0.0130134820938, "dvar": 0.000328892405378, "dvar2": 0.000827677373309, "max": 0.20990601182, "mean": 0.0144166462123, "median": 0.00798934698105, "min": 2.96676778232e-22, "var": 0.000378986034775}, "spectral_entropy": {"dmean": 0.290763139725, "dmean2": 0.39574110508, "dvar": 0.116156190634, "dvar2": 0.214332386851, "max": 9.81635284424, "mean": 6.98762559891, "median": 7.10155010223, "min": 4.47256183624, "var": 0.662484109402}, "spectral_flux": {"dmean": 0.0428225956857, "dmean2": 0.0666535496712, "dvar": 0.00399116473272, "dvar2": 0.00848597288132, "max": 0.568145215511, "mean": 0.0819286778569, "median": 0.0550974756479, "min": 1.04593118888e-10, "var": 0.00649029156193}, "spectral_kurtosis": {"dmean": 3.57439756393, "dmean2": 5.61882019043, "dvar": 53.3286209106, "dvar2": 145.528381348, "max": 251.526657104, "mean": 9.77545928955, "median": 5.0960855484, "min": -1.21820247173, "var": 369.491668701}, "spectral_rms": {"dmean": 0.00128596986178, "dmean2": 0.00198726728559, "dvar": 3.98095153287e-06, "dvar2": 9.29892848944e-06, "max": 0.0184173583984, "mean": 0.00642128055915, "median": 0.00703330896795, "min": 3.26694010386e-12, "var": 1.16451574286e-05}, "spectral_rolloff": {"dmean": 225.778869629, "dmean2": 371.65802002, "dvar": 435612.53125, "dvar2": 969159.3125, "max": 18712.3535156, "mean": 620.987670898, "median": 215.33203125, "min": 64.599609375, "var": 2994443.5}, "spectral_skewness": {"dmean": 0.379836767912, "dmean2": 0.568015217781, "dvar": 0.267462193966, "dvar2": 0.642537772655, "max": 12.5492010117, "mean": 2.20592212677, "median": 1.94239997864, "min": 0.000274918682408, "var": 1.6022810936}, "spectral_spread": {"dmean": 897341.875, "dmean2": 1216248.5, "dvar": 1237257551870.0, "dvar2": 2391851663360.0, "max": 41101720, "mean": 5445579.5, "median": 5399406.5, "min": 373510.4375, "var": 5250215837700.0}, "spectral_strongpeak": {"dmean": 0.201642334461, "dmean2": 0.342077374458, "dvar": 0.0928276926279, "dvar2": 0.224682703614, "max": 6.41324949265, "mean": 0.620710492134, "median": 0.590395867825, "min": 0, "var": 0.186592027545}, "zerocrossingrate": {"dmean": 0.00897264759988, "dmean2": 0.0103797614574, "dvar": 0.000115514303616, "dvar2": 0.000131365173729, "max": 0.5126953125, "mean": 0.0369486920536, "median": 0.02490234375, "min": 0.001953125, "var": 0.00239049922675}, "barkbands": {"dmean": [0.000219302324695, 0.0112028932199, 0.00473327469081, 0.00345587125048, 0.0036929086782, 0.00116900645662, 0.000340234691976, 0.000232849954045, 0.000447508587968, 0.00029033474857, 0.000161125819432, 0.00022324998281, 0.000135956026497, 0.000141145632369, 0.000195103915757, 0.000174085071194, 6.66962514515e-05, 3.83293991035e-05, 5.72781536903e-05, 4.69982660434e-05, 5.46313458472e-05, 4.72438623547e-05, 7.14616544428e-05, 2.55997692875e-05, 4.86231292598e-05, 5.10432619194e-05, 8.27968233352e-06], "dmean2": [0.000363452185411, 0.0184940788895, 0.00811272673309, 0.00603402312845, 0.00611289683729, 0.00172250973992, 0.00057343870867, 0.000372815266019, 0.000753472035285, 0.000476269662613, 0.000256045546848, 0.000341025035596, 0.000220908477786, 0.000224340081331, 0.000296884012641, 0.00026514052297, 0.000111128574645, 6.20698774583e-05, 9.37552758842e-05, 7.57133311708e-05, 8.37193074403e-05, 7.36114670872e-05, 0.000101507059298, 3.82655343856e-05, 7.334559632e-05, 7.85244337749e-05, 1.21327275338e-05], "dvar": [2.22736034061e-07, 0.00053760263836, 0.000110019602289, 6.58985882183e-05, 9.12960022106e-05, 6.28755606158e-06, 1.42676981341e-06, 5.77285277359e-07, 1.83684505828e-06, 7.78507285304e-07, 2.46117338065e-07, 2.94833341741e-07, 1.74803190589e-07, 1.31821948912e-07, 3.13652293471e-07, 2.43149287371e-07, 4.01146067475e-08, 1.09028865936e-08, 2.57516745705e-08, 1.36713120824e-08, 1.46772931586e-08, 8.75418670887e-09, 7.21982402752e-08, 2.80081846604e-09, 1.35783642108e-08, 2.45217837147e-08, 2.99655550373e-10], "dvar2": [5.72969156565e-07, 0.00143955764361, 0.000297372578643, 0.000174527478521, 0.000240031877183, 1.50626819959e-05, 3.76685738956e-06, 1.32982268042e-06, 4.93448760608e-06, 1.8559264845e-06, 5.48417574464e-07, 6.39209531528e-07, 4.33506869513e-07, 3.10246633717e-07, 7.06810055817e-07, 5.0537420293e-07, 1.0760585667e-07, 2.64545239048e-08, 6.85426613245e-08, 3.62479930516e-08, 3.35110712513e-08, 2.17912177192e-08, 9.56503427574e-08, 6.60504007044e-09, 3.34139365066e-08, 5.91967292962e-08, 7.32254978875e-10], "max": [0.00514909485355, 0.282620489597, 0.129058092833, 0.0893995389342, 0.131796568632, 0.0508813858032, 0.0171679221094, 0.0162812247872, 0.0216450430453, 0.0189968515188, 0.0171551313251, 0.0183735396713, 0.00864327140152, 0.00420640408993, 0.00780249480158, 0.0148518802598, 0.00300807715394, 0.00290409685113, 0.00270779267885, 0.00239699310623, 0.00272380374372, 0.001936857705, 0.0106936721131, 0.00112299423199, 0.00188182818238, 0.00194677955005, 0.000254152022535], "mean": [0.000292058452033, 0.0251599401236, 0.0121624618769, 0.00615759845823, 0.0047450736165, 0.00228839507326, 0.000335537770297, 0.000300829065964, 0.000469186314149, 0.000345559587004, 0.000170778454049, 0.000303782144329, 0.000135786860483, 0.000147254904732, 0.000235341925872, 0.000233900282183, 7.63096322771e-05, 5.26021613041e-05, 8.12839207356e-05, 7.12180699338e-05, 9.4972383522e-05, 6.9706744398e-05, 0.000100312732684, 4.28744933743e-05, 6.19283528067e-05, 5.41138579138e-05, 1.11468207251e-05], "median": [4.67771933472e-05, 0.0174925029278, 0.00706907827407, 0.0025429376401, 0.00195365585387, 0.000973574002273, 8.36490216898e-05, 5.07960394316e-05, 6.53767638141e-05, 6.18943449808e-05, 2.20227211685e-05, 5.47425552213e-05, 1.6381698515e-05, 1.55742745847e-05, 2.65636554104e-05, 2.56413422903e-05, 1.63445456565e-05, 1.34754291139e-05, 1.62057749549e-05, 1.48045664901e-05, 2.01171387744e-05, 1.48900544445e-05, 1.55741145136e-05, 7.93966319179e-06, 1.58810471476e-05, 1.09532575152e-05, 3.05334719997e-06], "min": [6.9514877352e-23, 6.92352798036e-23, 3.54190815607e-23, 1.12044107402e-23, 4.63280149825e-23, 2.36311882743e-23, 5.0516686529e-23, 3.54602127683e-23, 9.55560467357e-23, 4.33894670898e-23, 7.92062228992e-23, 5.87298866001e-23, 1.39749978399e-22, 1.74132903783e-22, 1.69350412457e-22, 1.09484957428e-22, 1.89380120955e-22, 2.95951833993e-22, 2.31200389088e-22, 3.41289550861e-22, 4.76277762888e-22, 5.01657677506e-22, 6.52232417869e-22, 8.8728590654e-22, 1.28939605259e-21, 1.70695242333e-21, 2.49968609286e-21], "var": [2.95020726071e-07, 0.00085018837126, 0.000196943117771, 9.21433747862e-05, 8.14766754047e-05, 1.15185839604e-05, 1.08693859602e-06, 8.98040184438e-07, 1.74190790858e-06, 1.02886815512e-06, 2.96270229683e-07, 4.39838544253e-07, 1.65434272503e-07, 1.54726450319e-07, 4.16864537556e-07, 6.84027838815e-07, 4.05759870148e-08, 1.84306472306e-08, 3.52594113906e-08, 2.11302513264e-08, 3.83492277933e-08, 1.76701018262e-08, 1.81285557233e-07, 7.11611614079e-09, 1.50911141361e-08, 2.36467911918e-08, 4.11008005408e-10]}, "erbbands": {"dmean": [0.28357976675, 2.71696996689, 5.52574920654, 8.3292427063, 12.6950311661, 10.8757095337, 15.2226781845, 7.99971103668, 4.85818576813, 4.82424545288, 6.07338619232, 10.2399673462, 10.6019191742, 7.30258369446, 8.11206817627, 7.70569753647, 6.59319114685, 6.63469648361, 8.66312408447, 10.073179245, 9.20056152344, 3.37443804741, 2.08514070511, 2.65059781075, 2.80397462845, 2.19157576561, 2.46431660652, 1.90117263794, 1.6700078249, 1.68539202213, 2.20305013657, 0.735069036484, 0.390597075224, 0.343711018562, 0.460386782885, 0.382993072271, 0.0486901625991, 0.00860590673983, 0.00123618601356, 0.000130597269163], "dmean2": [0.464092254639, 4.51708889008, 9.56886100769, 14.2926559448, 22.0824108124, 18.0042495728, 22.1995716095, 12.6745481491, 8.18804836273, 8.05748558044, 9.60435009003, 17.4355754852, 17.6662406921, 11.5763263702, 12.4901647568, 11.793926239, 10.5367422104, 10.6702756882, 13.3959064484, 15.6675596237, 13.9393758774, 5.51385641098, 3.36360526085, 4.30827093124, 4.59625911713, 3.51736617088, 3.87325811386, 2.88259029388, 2.5916261673, 2.3900604248, 3.27774715424, 1.14412248135, 0.580869495869, 0.525864422321, 0.707053661346, 0.597162425518, 0.0719767957926, 0.012445108965, 0.00178693700582, 0.000199691407033], "dvar": [0.351985156536, 32.3243751526, 141.61769104, 319.911712646, 1371.04138184, 812.149169922, 1320.32580566, 396.283325195, 222.555923462, 257.007598877, 366.89175415, 998.337585449, 960.022033691, 476.882019043, 422.956604004, 389.21875, 437.069763184, 294.502319336, 542.130310059, 876.438720703, 747.176757812, 86.8609008789, 28.1565532684, 46.8025817871, 64.0492706299, 29.1018066406, 37.4706344604, 18.0993309021, 11.1832265854, 25.4219150543, 49.5915679932, 2.40562796593, 0.72168469429, 0.447612702847, 1.32383823395, 1.41675186157, 0.0158318392932, 0.000285048881778, 5.94934499532e-06, 9.32933019726e-08], "dvar2": [0.908437490463, 88.0006256104, 389.843109131, 834.236633301, 3638.52978516, 2151.42480469, 3125.90917969, 1045.28930664, 587.832214355, 668.40838623, 822.805969238, 2740.78564453, 2435.39355469, 992.148254395, 947.59942627, 819.72845459, 1088.8996582, 698.029052734, 1202.25231934, 1996.44348145, 1477.14440918, 228.496490479, 72.1470489502, 123.139656067, 170.087814331, 76.237663269, 89.1646728516, 41.9709320068, 27.1958827972, 34.6350021362, 79.8159484863, 5.94919204712, 1.7363461256, 1.09417784214, 3.31681466103, 3.42215394974, 0.0388035811484, 0.000670122215524, 1.43382349052e-05, 2.40907837679e-07], "max": [7.02992153168, 69.1966705322, 146.981735229, 169.28565979, 574.235778809, 369.669281006, 613.623474121, 385.519958496, 196.626220703, 260.610443115, 395.68170166, 372.736328125, 614.883728027, 648.954650879, 590.947570801, 487.122344971, 444.547027588, 230.115356445, 375.50769043, 478.365142822, 993.827880859, 122.843467712, 100.7890625, 86.6407012939, 143.800842285, 118.552238464, 142.029846191, 74.8498687744, 74.327835083, 194.046340942, 247.195983887, 31.8403663635, 13.4497079849, 8.93428993225, 18.7854785919, 14.8875188828, 1.50049591064, 0.258625805378, 0.0361161828041, 0.00458427984267], "mean": [0.56407815218, 6.19879388809, 13.5540132523, 20.6643161774, 14.7112388611, 14.301568985, 28.7356338501, 12.711148262, 5.62395906448, 4.63435220718, 8.07766819, 10.3537626266, 12.1952610016, 9.32457733154, 10.1102132797, 10.1254911423, 6.71563243866, 7.12995624542, 10.408616066, 12.0459871292, 13.3089084625, 4.20223045349, 2.80683207512, 3.71578645706, 4.09601068497, 3.4425535202, 4.35364198685, 3.01620411873, 2.4996612072, 2.56855392456, 2.92956376076, 1.12290990353, 0.63953012228, 0.508225560188, 0.53629565239, 0.378722339869, 0.0595634058118, 0.0117768738419, 0.00176190352067, 0.000196386521566], "median": [0.36114063859, 4.20884037018, 10.0156402588, 12.7969684601, 5.17451953888, 5.79073238373, 10.3832921982, 5.10665988922, 2.00948834419, 0.916921257973, 1.42909884453, 1.52542603016, 1.88822650909, 1.92161357403, 1.77231824398, 2.00135016441, 0.966487050056, 0.850799262524, 1.20627760887, 1.55564105511, 1.52352905273, 0.909460246563, 0.773590922356, 0.96728259325, 0.798186719418, 0.755173385143, 0.79142677784, 0.758143603802, 0.549407482147, 0.44461491704, 0.491128772497, 0.224198549986, 0.118756957352, 0.128629505634, 0.12522290647, 0.0642298012972, 0.0158866196871, 0.00335050979629, 0.000502946553752, 0.000100009820017], "min": [1.56912234305e-21, 1.78683516956e-20, 4.55935168173e-20, 2.9701687346e-20, 1.17692950689e-19, 1.2545511016e-19, 1.91794387826e-19, 1.95006368919e-19, 5.20597699039e-19, 7.32432863649e-19, 1.52738145306e-18, 1.96563218474e-18, 1.92309276738e-18, 2.06041819075e-18, 2.02829380448e-18, 2.87723691856e-18, 6.31534613301e-18, 6.1128845791e-18, 9.60434197997e-18, 9.65799539605e-18, 5.29039532139e-18, 1.02660930875e-17, 1.67582010999e-17, 1.34968190234e-17, 1.28922467757e-17, 1.50996245624e-17, 1.86359887716e-17, 1.79169851852e-17, 1.74084510882e-17, 1.67032696898e-17, 2.0958379405e-17, 1.52430245934e-17, 1.71092764042e-17, 1.43641650449e-17, 9.51083748353e-18, 5.44734912031e-18, 3.35210641898e-18, 1.43191033471e-18, 3.56544053826e-19, 3.50976675939e-20], "var": [0.489861875772, 52.2951049805, 211.927368164, 614.772766113, 1113.56762695, 742.579162598, 2311.31542969, 478.147003174, 182.07800293, 215.583328247, 603.569885254, 806.777709961, 1143.93383789, 800.451538086, 544.358398438, 554.304748535, 402.073608398, 340.641387939, 798.996643066, 1096.34338379, 2664.1328125, 96.9611282349, 38.0737838745, 58.2647247314, 94.2239151001, 49.4010429382, 101.684364319, 32.2549057007, 23.3076953888, 68.9140319824, 109.9373703, 4.83450365067, 1.59368491173, 0.760972380638, 1.33927702904, 1.31264579296, 0.0169042702764, 0.000434999150457, 9.25405402086e-06, 9.53969845341e-08]}, "gfcc": {"mean": [-61.2007904053, 100.36920166, -58.0810890198, 36.3922309875, -37.5719070435, 15.5609769821, -26.8947372437, 0.311070591211, -24.2925796509, 0.774189412594, -18.6040248871, 4.73483181, -3.19729375839], "cov": [[19739.5546875, -898.159729004, 414.176055908, 1615.34887695, 259.342559814, 937.175598145, -225.257858276, 532.509765625, -238.904129028, -186.123901367, -635.553771973, -81.8652877808, -392.652099609], [-898.159729004, 2690.53979492, -164.214355469, -344.946502686, 561.432678223, -62.8253250122, 244.278121948, -248.873336792, 193.063323975, -79.0494842529, 121.093383789, -99.6522750854, 216.226547241], [414.176055908, -164.214355469, 1193.1036377, 383.497131348, 83.1888656616, 295.268768311, 120.20589447, 136.390487671, 22.3314933777, -3.31401395798, -90.352104187, 2.16589045525, -103.896614075], [1615.34887695, -344.946502686, 383.497131348, 766.157836914, 120.824256897, 139.724365234, 93.9437179565, 130.510681152, -13.3651676178, -22.1069087982, -63.4584579468, -56.8845252991, -76.455909729], [259.342559814, 561.432678223, 83.1888656616, 120.824256897, 486.054595947, 138.002853394, 105.684104919, 9.22420406342, 108.480262756, 0.476738810539, -0.0925197079778, -72.9669570923, 33.0175437927], [937.175598145, -62.8253250122, 295.268768311, 139.724365234, 138.002853394, 333.249267578, 56.2293891907, 72.9310455322, 59.573841095, 22.9795379639, -81.0620498657, -7.11888074875, -44.8358764648], [-225.257858276, 244.278121948, 120.20589447, 93.9437179565, 105.684104919, 56.2293891907, 196.871383667, 51.6569061279, 40.6624259949, -10.2196588516, 15.320019722, -39.286239624, 15.3942975998], [532.509765625, -248.873336792, 136.390487671, 130.510681152, 9.22420406342, 72.9310455322, 51.6569061279, 161.557052612, 14.4206790924, -4.52454471588, -32.3510856628, 2.42627358437, -50.8146781921], [-238.904129028, 193.063323975, 22.3314933777, -13.3651676178, 108.480262756, 59.573841095, 40.6624259949, 14.4206790924, 135.709625244, 28.7218341827, 0.0627321898937, -23.5416374207, 14.0475330353], [-186.123901367, -79.0494842529, -3.31401395798, -22.1069087982, 0.476738810539, 22.9795379639, -10.2196588516, -4.52454471588, 28.7218341827, 103.861030579, 23.2941761017, 0.586818218231, 7.28979206085], [-635.553771973, 121.093383789, -90.352104187, -63.4584579468, -0.0925197079778, -81.0620498657, 15.320019722, -32.3510856628, 0.0627321898937, 23.2941761017, 126.596107483, 40.8027687073, 38.9298591614], [-81.8652877808, -99.6522750854, 2.16589045525, -56.8845252991, -72.9669570923, -7.11888074875, -39.286239624, 2.42627358437, -23.5416374207, 0.586818218231, 40.8027687073, 119.918197632, 28.4566516876], [-392.652099609, 216.226547241, -103.896614075, -76.455909729, 33.0175437927, -44.8358764648, 15.3942975998, -50.8146781921, 14.0475330353, 7.28979206085, 38.9298591614, 28.4566516876, 107.380104065]], "icov": [[0.000102339246951, -0.000109935841465, 0.000120375400002, -0.000229511671932, 4.50715888292e-05, -0.000301793566905, 0.000343888503266, -0.000352094386471, 0.000311240408337, -9.32388138608e-06, 0.000259983440628, -4.74273620057e-05, 7.10871172487e-05], [-0.000109935841465, 0.001080497168, -0.000242218229687, 0.000675415620208, -0.000905486522242, 0.000582169624977, -0.00136796350125, 0.00173385848757, -0.00103879824746, 0.00102369533852, -0.000524847244378, 0.000261334993411, -0.000605661480222], [0.000120375400002, -0.000242218229687, 0.00146661465988, -0.000729825696908, 0.000199487913051, -0.00108579278458, -0.00023434193281, -0.000405722734286, 0.000452000356745, -0.000244214868871, 0.000757287838496, -0.000928191759158, 0.00108307937626], [-0.000229511671932, 0.000675415620208, -0.000729825696908, 0.00260103889741, -0.000899893930182, 0.000682061479893, -0.00138875632547, 0.000327017478412, -0.000128547908389, 0.000557701801881, -0.000679387769196, 0.000923551968299, -0.000157625123393], [4.50715888292e-05, -0.000905486522242, 0.000199487913051, -0.000899893930182, 0.00434506405145, -0.00211899587885, 0.000994956004433, -0.00125963939354, -0.000986066530459, 0.000370585767087, -0.0013931421563, 0.0023350676056, -0.00142900482751], [-0.000301793566905, 0.000582169624977, -0.00108579278458, 0.000682061479893, -0.00211899587885, 0.00734143937007, -0.00288126152009, 0.00157812051475, -0.00229246541858, -0.00216378318146, 0.00383502640761, -0.00342760747299, 0.00200079730712], [0.000343888503266, -0.00136796350125, -0.00023434193281, -0.00138875632547, 0.000994956004433, -0.00288126152009, 0.0112530589104, -0.0062129702419, 0.00113758665975, 0.00140409532469, -0.00335605302826, 0.00490086711943, -0.00359203200787], [-0.000352094386471, 0.00173385848757, -0.000405722734286, 0.000327017478412, -0.00125963939354, 0.00157812051475, -0.0062129702419, 0.0134657500312, -0.00350417522714, 0.000747482059523, 0.00142973696347, -0.00380889512599, 0.00426937593147], [0.000311240408337, -0.00103879824746, 0.000452000356745, -0.000128547908389, -0.000986066530459, -0.00229246541858, 0.00113758665975, -0.00350417522714, 0.0121463276446, -0.00324559863657, 0.000744932738598, 0.00134696287569, -0.000895337725524], [-9.32388138608e-06, 0.00102369533852, -0.000244214868871, 0.000557701801881, 0.000370585767087, -0.00216378318146, 0.00140409532469, 0.000747482059523, -0.00324559863657, 0.013326481916, -0.00506774242967, 0.00322208739817, -0.00229638023302], [0.000259983440628, -0.000524847244378, 0.000757287838496, -0.000679387769196, -0.0013931421563, 0.00383502640761, -0.00335605302826, 0.00142973696347, 0.000744932738598, -0.00506774242967, 0.0160593222827, -0.00811536051333, 0.00201893202029], [-4.74273620057e-05, 0.000261334993411, -0.000928191759158, 0.000923551968299, 0.0023350676056, -0.00342760747299, 0.00490086711943, -0.00380889512599, 0.00134696287569, 0.00322208739817, -0.00811536051333, 0.0166593510658, -0.00746204797179], [7.10871172487e-05, -0.000605661480222, 0.00108307937626, -0.000157625123393, -0.00142900482751, 0.00200079730712, -0.00359203200787, 0.00426937593147, -0.000895337725524, -0.00229638023302, 0.00201893202029, -0.00746204797179, 0.0170566849411]]}, "melbands": {"dmean": [0.00286954152398, 0.00306618865579, 0.00158395711333, 0.000811956590042, 0.000524582865182, 0.000180755610927, 7.45676952647e-05, 5.00330970681e-05, 5.10952704644e-05, 6.65827101329e-05, 5.24389979546e-05, 3.02393073071e-05, 2.54008245975e-05, 2.69921092695e-05, 1.6328140191e-05, 1.32718387249e-05, 1.24601974676e-05, 1.34353485919e-05, 1.52689772221e-05, 1.20873082778e-05, 1.07408341137e-05, 3.91045114156e-06, 2.07377820516e-06, 1.86086879239e-06, 2.27971122513e-06, 2.11161864172e-06, 1.93525875147e-06, 1.42788530866e-06, 1.59515582254e-06, 1.34673553021e-06, 1.14476188173e-06, 9.66815036918e-07, 9.67200776358e-07, 1.05396873096e-06, 1.55789450673e-06, 7.12844894224e-07, 3.83607044796e-07, 2.8592390322e-07, 2.46921246116e-07, 3.12133607849e-07], "dmean2": [0.00469420384616, 0.00523133995011, 0.00271941069514, 0.00137909001205, 0.000785204116255, 0.000280625768937, 0.000125824968563, 8.30047065392e-05, 8.04506198619e-05, 0.000113667287224, 8.73019671417e-05, 4.81505230709e-05, 3.94883390982e-05, 4.076037294e-05, 2.63921283477e-05, 2.15146974369e-05, 2.0136938474e-05, 2.10984453588e-05, 2.38228676608e-05, 1.90955797734e-05, 1.64100565598e-05, 6.53009919915e-06, 3.47760146724e-06, 2.97534870697e-06, 3.74601358999e-06, 3.4660261008e-06, 3.1393565223e-06, 2.33874038713e-06, 2.54998644778e-06, 2.12547161027e-06, 1.76989055944e-06, 1.52775669449e-06, 1.54087501869e-06, 1.42226701882e-06, 2.26374754675e-06, 1.15024988645e-06, 5.99254974532e-07, 4.30664101714e-07, 3.82154183853e-07, 4.84403074097e-07], "dvar": [3.51580274582e-05, 4.14861133322e-05, 1.26688109958e-05, 5.33086222276e-06, 1.56926728323e-06, 1.81480615424e-07, 5.49786669524e-08, 2.4946610111e-08, 2.20121076921e-08, 4.36349907318e-08, 2.38882638115e-08, 8.95777763077e-09, 5.63756819005e-09, 4.35506875007e-09, 2.00685668084e-09, 1.47141676621e-09, 1.08202491411e-09, 1.26335175654e-09, 2.12642858877e-09, 1.24616394981e-09, 1.1578158432e-09, 1.39574088398e-10, 3.23040171002e-11, 2.975868163e-11, 3.44451654699e-11, 4.03231024959e-11, 2.25615880145e-11, 1.3310142051e-11, 1.73953993571e-11, 9.3212070007e-12, 6.6568304688e-12, 4.01561900051e-12, 3.76946607608e-12, 2.3834685961e-11, 3.68170875731e-11, 3.14183379833e-12, 6.44962653163e-13, 4.26656133383e-13, 2.62874954009e-13, 3.71913844123e-13], "dvar2": [9.33441333473e-05, 0.000113921007141, 3.30366528942e-05, 1.42495755426e-05, 3.80386609322e-06, 4.71394599799e-07, 1.43929995033e-07, 6.42503650283e-08, 4.89134457382e-08, 1.19946449217e-07, 6.04863643616e-08, 1.88786195565e-08, 1.23403749441e-08, 9.25325061019e-09, 4.84801532252e-09, 3.5793854547e-09, 2.61942156854e-09, 2.82931122975e-09, 4.96003593753e-09, 2.86363355251e-09, 2.22297069641e-09, 3.74058117814e-10, 8.78219441613e-11, 6.53627221792e-11, 9.13482414711e-11, 1.08075062788e-10, 5.94333332549e-11, 3.54201459829e-11, 4.31672475543e-11, 2.2239519254e-11, 1.57002206375e-11, 1.01076959302e-11, 9.27569045878e-12, 2.65353346934e-11, 5.01765400063e-11, 8.34065976008e-12, 1.57639006015e-12, 1.02906832361e-12, 6.47858665586e-13, 9.20930432607e-13], "max": [0.069628059864, 0.0780771896243, 0.0363702401519, 0.0348016433418, 0.0214736834168, 0.00834848359227, 0.00290963728912, 0.00241178763099, 0.00293622212484, 0.00259214569815, 0.00305850151926, 0.00284418207593, 0.0026789305266, 0.00268658599816, 0.000657332479022, 0.000680696102791, 0.000417898379965, 0.000523086637259, 0.000565013498999, 0.000560110143851, 0.00131639651954, 0.000160069321282, 7.6410411566e-05, 0.000203274379601, 7.5318137533e-05, 0.00012306724966, 8.88452923391e-05, 7.35545836505e-05, 0.000126125421957, 7.01839016983e-05, 4.56169909739e-05, 4.56920133729e-05, 4.09905187553e-05, 0.000208936122363, 0.000237100597587, 2.81028460449e-05, 1.5869645722e-05, 1.08797003122e-05, 9.65982599155e-06, 7.35109688321e-06], "mean": [0.00626197224483, 0.00784257333726, 0.00341758457944, 0.000920584949199, 0.000941588310525, 0.000306602101773, 8.20439163363e-05, 4.9554000725e-05, 6.7208056862e-05, 6.66890919092e-05, 6.03551670793e-05, 3.80289966415e-05, 2.9925695344e-05, 3.75125491701e-05, 1.69736231328e-05, 1.33472767629e-05, 1.29884319904e-05, 1.57176527864e-05, 1.74579563463e-05, 1.43252364069e-05, 1.58935617947e-05, 4.32571050624e-06, 2.42892087954e-06, 2.60813976638e-06, 3.06052515953e-06, 2.92724234896e-06, 2.77000185633e-06, 2.12181339521e-06, 2.70223949883e-06, 2.20487936531e-06, 1.64669370406e-06, 1.39016765388e-06, 1.34418394282e-06, 1.57736576512e-06, 2.02636215363e-06, 9.52169727952e-07, 5.8428020111e-07, 4.52819648444e-07, 3.90314767174e-07, 4.36548646121e-07], "median": [0.00433595012873, 0.00684953294694, 0.0021184864454, 0.000333449686877, 0.000363238417776, 0.00012962303299, 2.66071056103e-05, 9.32499551709e-06, 1.17954186862e-05, 9.34967283683e-06, 9.28279314394e-06, 7.41077155908e-06, 5.14284784003e-06, 6.07993069934e-06, 2.58864452007e-06, 1.69655879745e-06, 1.3561632386e-06, 1.68071096596e-06, 1.73788782831e-06, 2.04584716812e-06, 1.518955969e-06, 8.3406240492e-07, 5.28076327555e-07, 6.59469606035e-07, 7.24273036212e-07, 5.11681719217e-07, 4.85081443458e-07, 4.7378134127e-07, 4.84508518639e-07, 4.06416347687e-07, 4.17292710608e-07, 2.86905077473e-07, 2.68812868853e-07, 2.02908410074e-07, 2.81970557126e-07, 1.90479156004e-07, 1.01494180171e-07, 7.6230527668e-08, 8.15731695525e-08, 1.07212414946e-07], "min": [2.04457537395e-23, 2.43357877908e-23, 8.36216304248e-24, 9.00229447921e-24, 6.4549868856e-24, 4.80956384898e-24, 8.73756301461e-24, 6.7215950503e-24, 1.55478741512e-23, 1.19372025677e-23, 9.02251456193e-24, 7.5762714097e-24, 9.52701241006e-24, 4.39612776501e-24, 1.42323933714e-23, 1.19541362559e-23, 1.14087525359e-23, 1.68423144328e-23, 1.3613057097e-23, 1.07078346333e-23, 4.89667657546e-24, 8.32686230583e-24, 1.7597442068e-23, 1.40866292311e-23, 1.0330546917e-23, 9.61725415332e-24, 1.00935036813e-23, 9.61827020616e-24, 1.04428436334e-23, 1.18510518571e-23, 9.90464012539e-24, 8.91085051194e-24, 1.12781637128e-23, 7.82759776094e-24, 1.16879422432e-23, 1.08498453734e-23, 9.17071864906e-24, 1.10931703085e-23, 1.38061655135e-23, 1.14575988032e-23], "var": [5.28453892912e-05, 6.09353446634e-05, 1.77002075361e-05, 4.28333032687e-06, 2.41935731538e-06, 2.40750665625e-07, 4.45910686153e-08, 2.24468958976e-08, 3.63971537354e-08, 3.60050300685e-08, 2.85275589818e-08, 1.47874219536e-08, 7.06254077443e-09, 6.93675872299e-09, 2.05774952633e-09, 1.45195244716e-09, 1.21154852817e-09, 1.80400938632e-09, 2.50335174812e-09, 1.58705293352e-09, 4.58103732726e-09, 1.34580097066e-10, 3.05304392878e-11, 6.57074256116e-11, 4.05372437007e-11, 5.28142148071e-11, 3.56027464454e-11, 2.03858440545e-11, 4.29369630128e-11, 2.04206495463e-11, 1.02484479236e-11, 7.62708819713e-12, 7.27176608858e-12, 6.49920117723e-11, 8.91972815054e-11, 4.132861154e-12, 1.35803878993e-12, 8.81200115047e-13, 5.29352711838e-13, 5.80748773724e-13]}, "mfcc": {"mean": [-720.493469238, 137.634933472, 39.1116905212, 35.9635238647, 14.4107990265, 21.2799892426, 6.95411396027, 6.86352777481, 4.94063234329, -0.724163174629, -7.0418176651, -4.48261547089, 1.74236118793], "cov": [[12167.5996094, -434.563018799, -268.779876709, 421.961181641, 242.209838867, 193.022506714, 116.626747131, 225.604660034, 151.212432861, 196.225601196, -94.8129272461, -127.010856628, 41.0198249817], [-434.563018799, 2274.78051758, -125.297027588, -94.8332366943, 191.837051392, 247.16204834, 52.5043373108, 31.3617801666, 84.3673171997, -23.2713832855, 14.4903144836, 4.15346050262, 17.9321403503], [-268.779876709, -125.297027588, 922.088928223, 226.917053223, 52.423789978, 138.980926514, 80.7682800293, 161.818984985, 71.6561279297, 31.1821708679, 55.1851119995, 71.7257766724, -49.9301986694], [421.961181641, -94.8332366943, 226.917053223, 518.521179199, 100.566436768, 46.6578598022, 123.242019653, 77.6772766113, 37.735206604, 44.3224601746, -7.80340862274, 32.4176216125, 11.8576078415], [242.209838867, 191.837051392, 52.423789978, 100.566436768, 262.884246826, 164.93069458, 56.7563476562, 50.08152771, 65.7938919067, 70.6347045898, 18.8880672455, 14.4540014267, 39.4538650513], [193.022506714, 247.16204834, 138.980926514, 46.6578598022, 164.93069458, 286.836914062, 61.2041435242, 51.8902816772, 94.5281600952, 61.3775939941, 31.5118808746, 16.9465370178, 28.3222999573], [116.626747131, 52.5043373108, 80.7682800293, 123.242019653, 56.7563476562, 61.2041435242, 156.95791626, 70.4821090698, 43.9456863403, 38.125377655, 12.7216358185, 19.1810340881, 7.39324617386], [225.604660034, 31.3617801666, 161.818984985, 77.6772766113, 50.08152771, 51.8902816772, 70.4821090698, 163.99319458, 68.8336181641, 22.9599571228, 19.5387992859, 22.7187747955, -0.876027345657], [151.212432861, 84.3673171997, 71.6561279297, 37.735206604, 65.7938919067, 94.5281600952, 43.9456863403, 68.8336181641, 138.339889526, 71.7104415894, 22.6643352509, 14.4341945648, 4.9347910881], [196.225601196, -23.2713832855, 31.1821708679, 44.3224601746, 70.6347045898, 61.3775939941, 38.125377655, 22.9599571228, 71.7104415894, 120.654006958, 36.8712005615, 2.19817137718, 8.42245960236], [-94.8129272461, 14.4903144836, 55.1851119995, -7.80340862274, 18.8880672455, 31.5118808746, 12.7216358185, 19.5387992859, 22.6643352509, 36.8712005615, 88.0461273193, 33.3126831055, -8.25827980042], [-127.010856628, 4.15346050262, 71.7257766724, 32.4176216125, 14.4540014267, 16.9465370178, 19.1810340881, 22.7187747955, 14.4341945648, 2.19817137718, 33.3126831055, 91.8964385986, 28.9001693726], [41.0198249817, 17.9321403503, -49.9301986694, 11.8576078415, 39.4538650513, 28.3222999573, 7.39324617386, -0.876027345657, 4.9347910881, 8.42245960236, -8.25827980042, 28.9001693726, 88.9162521362]], "icov": [[9.63634010986e-05, 2.70325817837e-05, 8.63282111823e-05, -8.39530694066e-05, 5.13767918164e-06, -0.000104177583125, 7.39675015211e-05, -0.000212863189518, 5.43520000065e-05, -0.000150741849211, 0.000127970139147, 9.02118626982e-05, 2.62482426479e-05], [2.70325817837e-05, 0.000551498087589, 0.000171560532181, 0.00010597576329, -0.000317660917062, -0.00041686266195, -0.000162383643328, -1.14531094368e-05, -0.000309144030325, 0.000626507855486, -8.41959918034e-05, 8.10801884654e-06, 0.000192992563825], [8.63282111823e-05, 0.000171560532181, 0.00185309315566, -0.000672697089612, 0.000431394233601, -0.00127124448773, 0.000496930559166, -0.00161304336507, 0.000498585868627, -0.000202901253942, 7.03174810042e-05, -0.00124240503646, 0.00161406490952], [-8.39530694066e-05, 0.00010597576329, -0.000672697089612, 0.00295306905173, -0.00107356498484, 0.000739862385672, -0.00190627633128, 0.000224044939387, 0.000142732533277, -0.000364815758076, 0.00114561675582, -0.00069333286956, 5.59188310945e-06], [5.13767918164e-06, -0.000317660917062, 0.000431394233601, -0.00107356498484, 0.00743191083893, -0.00354171311483, 0.000440237199655, -0.00134239601903, 0.00118071411271, -0.00292806769721, 0.000370902911527, 1.96851051442e-05, -0.00153239397332], [-0.000104177583125, -0.00041686266195, -0.00127124448773, 0.000739862385672, -0.00354171311483, 0.00763624720275, -0.00141017185524, 0.00170766585506, -0.00350795243867, 0.001130142482, -0.00157640583348, 0.00131828291342, -0.00189439568203], [7.39675015211e-05, -0.000162383643328, 0.000496930559166, -0.00190627633128, 0.000440237199655, -0.00141017185524, 0.00999493338168, -0.00358951720409, 0.000823009409942, -0.00227334327064, 0.00057018280495, -0.001047040103, 0.000482232717331], [-0.000212863189518, -1.14531094368e-05, -0.00161304336507, 0.000224044939387, -0.00134239601903, 0.00170766585506, -0.00358951720409, 0.0112638128921, -0.00547654461116, 0.00340577191673, -0.00171515136026, 0.000357701588655, -0.000668237218633], [5.43520000065e-05, -0.000309144030325, 0.000498585868627, 0.000142732533277, 0.00118071411271, -0.00350795243867, 0.000823009409942, -0.00547654461116, 0.0155736394227, -0.00857395865023, 0.00257295370102, -0.00242990488186, 0.00174588279333], [-0.000150741849211, 0.000626507855486, -0.000202901253942, -0.000364815758076, -0.00292806769721, 0.001130142482, -0.00227334327064, 0.00340577191673, -0.00857395865023, 0.01743754372, -0.00725244451314, 0.00417511025444, -0.00216676271521], [0.000127970139147, -8.41959918034e-05, 7.03174810042e-05, 0.00114561675582, 0.000370902911527, -0.00157640583348, 0.00057018280495, -0.00171515136026, 0.00257295370102, -0.00725244451314, 0.0182904712856, -0.00818060431629, 0.00501975929365], [9.02118626982e-05, 8.10801884654e-06, -0.00124240503646, -0.00069333286956, 1.96851051442e-05, 0.00131828291342, -0.001047040103, 0.000357701588655, -0.00242990488186, 0.00417511025444, -0.00818060431629, 0.0178024731576, -0.00779320998117], [2.62482426479e-05, 0.000192992563825, 0.00161406490952, 5.59188310945e-06, -0.00153239397332, -0.00189439568203, 0.000482232717331, -0.000668237218633, 0.00174588279333, -0.00216676271521, 0.00501975929365, -0.00779320998117, 0.0164453871548]]}, "spectral_contrast_coeffs": {"dmean": [0.0471589565277, 0.0465400852263, 0.0381528921425, 0.0291315000504, 0.0220364592969, 0.0180400442332], "dmean2": [0.0777988880873, 0.0739943981171, 0.0610853992403, 0.0479052886367, 0.0345744639635, 0.0289873909205], "dvar": [0.00186399789527, 0.00177070533391, 0.00125443364959, 0.000759404560085, 0.000426767743193, 0.000296713551506], "dvar2": [0.00482564372942, 0.0040926784277, 0.00303044938482, 0.00182971544564, 0.000954748946242, 0.000726178812329], "max": [-0.324966669083, -0.429048389196, -0.488637536764, -0.535229504108, -0.623454988003, -0.568859696388], "mean": [-0.628380417824, -0.705088555813, -0.78210067749, -0.809324622154, -0.806641578674, -0.785600960255], "median": [-0.626214504242, -0.707625031471, -0.790173888206, -0.821885824203, -0.813324689865, -0.785461962223], "min": [-0.946361780167, -0.966954231262, -0.968975067139, -0.957793831825, -0.966227650642, -0.960750699043], "var": [0.0060486108996, 0.00756968045607, 0.00505814375356, 0.00377615052275, 0.00270306947641, 0.00139548641164]}, "spectral_contrast_valleys": {"dmean": [0.451527923346, 0.507430613041, 0.529442071915, 0.525272250175, 0.448507905006, 0.496065318584], "dmean2": [0.697011351585, 0.75285923481, 0.77112019062, 0.732268750668, 0.580258905888, 0.603906869888], "dvar": [0.258089244366, 0.278659462929, 0.369974642992, 0.399810820818, 0.269343227148, 0.308322608471], "dvar2": [0.47960704565, 0.518043637276, 0.651917934418, 0.681460142136, 0.467277079821, 0.545227587223], "max": [-4.57113075256, -4.68029928207, -5.00782680511, -5.33865118027, -5