{"lowlevel": {"average_loudness": 0.459908515215, "barkbands_crest": {"dmean": 1.83922481537, "dmean2": 2.82547831535, "dvar": 4.98458194733, "dvar2": 11.787571907, "max": 26.882024765, "mean": 15.4733858109, "median": 15.0010328293, "min": 4.54488420486, "var": 25.6182231903}, "barkbands_flatness_db": {"dmean": 0.0254935380071, "dmean2": 0.0429038703442, "dvar": 0.000568753341213, "dvar2": 0.00150942604523, "max": 0.657403111458, "mean": 0.452735930681, "median": 0.458751767874, "min": 0.0631695017219, "var": 0.00449749920517}, "barkbands_kurtosis": {"dmean": 3.31784033775, "dmean2": 4.91206550598, "dvar": 78.467590332, "dvar2": 165.069229126, "max": 701.570861816, "mean": 8.97711467743, "median": 3.67398118973, "min": -1.88368225098, "var": 452.20401001}, "barkbands_skewness": {"dmean": 0.428466409445, "dmean2": 0.633416473866, "dvar": 0.34692516923, "dvar2": 0.746546566486, "max": 19.0666732788, "mean": 0.589705765247, "median": 0.589887142181, "min": -8.29027271271, "var": 3.36231899261}, "barkbands_spread": {"dmean": 0.522453784943, "dmean2": 0.770451784134, "dvar": 0.670330047607, "dvar2": 1.37761580944, "max": 99.2320327759, "mean": 2.97733736038, "median": 2.24129366875, "min": 0.051807705313, "var": 17.9155311584}, "dissonance": {"dmean": 0.0580306425691, "dmean2": 0.0999905839562, "dvar": 0.00349226058461, "dvar2": 0.00925259944052, "max": 0.500000119209, "mean": 0.301430255175, "median": 0.298633038998, "min": 0.0506706684828, "var": 0.00899892859161}, "dynamic_complexity": 3.91743302345, "erbbands_crest": {"dmean": 2.1891503334, "dmean2": 3.30128407478, "dvar": 7.13318109512, "dvar2": 16.217912674, "max": 33.8055305481, "mean": 18.2240467072, "median": 17.6952075958, "min": 2.08096146584, "var": 41.3315200806}, "erbbands_flatness_db": {"dmean": 0.0182551946491, "dmean2": 0.0301068425179, "dvar": 0.000350518967025, "dvar2": 0.000855864142068, "max": 0.65563005209, "mean": 0.470949649811, "median": 0.477135300636, "min": 0.0557448156178, "var": 0.00569539424032}, "erbbands_kurtosis": {"dmean": 2.07797241211, "dmean2": 3.08019638062, "dvar": 15.1148738861, "dvar2": 32.7373886108, "max": 94.0194549561, "mean": 6.0035238266, "median": 3.08003568649, "min": -1.82424938679, "var": 75.3699493408}, "erbbands_skewness": {"dmean": 0.351390480995, "dmean2": 0.504295170307, "dvar": 0.211526140571, "dvar2": 0.422946095467, "max": 6.52556324005, "mean": 0.74112534523, "median": 0.770973742008, "min": -5.50551652908, "var": 2.02037167549}, "erbbands_spread": {"dmean": 0.95323574543, "dmean2": 1.40792536736, "dvar": 2.10229945183, "dvar2": 4.74121761322, "max": 101.047821045, "mean": 6.04861164093, "median": 4.43054771423, "min": 0.282633155584, "var": 62.5829696655}, "hfc": {"dmean": 2.64155220985, "dmean2": 3.38568258286, "dvar": 23.0434989929, "dvar2": 42.286026001, "max": 125.375343323, "mean": 8.99289798737, "median": 5.76416063309, "min": 1.12203039921e-16, "var": 97.9528198242}, "melbands_crest": {"dmean": 2.08200478554, "dmean2": 3.22052359581, "dvar": 6.66507482529, "dvar2": 15.6341667175, "max": 34.2025222778, "mean": 17.2854557037, "median": 16.4491596222, "min": 1.63300514221, "var": 38.7924995422}, "melbands_flatness_db": {"dmean": 0.0292183365673, "dmean2": 0.0497443825006, "dvar": 0.000747289566789, "dvar2": 0.0020360853523, "max": 0.742729723454, "mean": 0.562733769417, "median": 0.57662832737, "min": 0.00681974319741, "var": 0.00989923998713}, "melbands_kurtosis": {"dmean": 2.10773968697, "dmean2": 3.09013390541, "dvar": 15.8182067871, "dvar2": 33.2769775391, "max": 95.5521774292, "mean": 5.69564819336, "median": 2.54568099976, "min": -1.8293992281, "var": 86.6428146362}, "melbands_skewness": {"dmean": 0.369005471468, "dmean2": 0.540063142776, "dvar": 0.220936641097, "dvar2": 0.457195371389, "max": 7.78702402115, "mean": 0.61554646492, "median": 0.559504270554, "min": -5.29446697235, "var": 1.88224554062}, "melbands_spread": {"dmean": 1.02149546146, "dmean2": 1.56464505196, "dvar": 4.41421890259, "dvar2": 11.6165018082, "max": 131.057922363, "mean": 6.93559932709, "median": 4.15637016296, "min": 0.295816540718, "var": 216.033996582}, "pitch_salience": {"dmean": 0.0527096055448, "dmean2": 0.0811389535666, "dvar": 0.00456824759021, "dvar2": 0.0109603665769, "max": 0.878606021404, "mean": 0.484572350979, "median": 0.485759168863, "min": 0.0494484268129, "var": 0.0228010900319}, "silence_rate_20dB": {"dmean": 0, "dmean2": 0, "dvar": 0, "dvar2": 0, "max": 1, "mean": 1, "median": 1, "min": 1, "var": 0}, "silence_rate_30dB": {"dmean": 0.00469318311661, "dmean2": 0.00938691664487, "dvar": 0.00467190146446, "dvar2": 0.0102403061464, "max": 1, "mean": 0.991611421108, "median": 1, "min": 0, "var": 0.00831845216453}, "silence_rate_60dB": {"dmean": 0.0552622303367, "dmean2": 0.110530950129, "dvar": 0.0522060915828, "dvar2": 0.108396686614, "max": 1, "mean": 0.147885262966, "median": 0, "min": 0, "var": 0.126001983881}, "spectral_centroid": {"dmean": 25.9144668579, "dmean2": 38.0397186279, "dvar": 5752.81445312, "dvar2": 8853.31835938, "max": 11224.1845703, "mean": 563.698791504, "median": 463.81072998, "min": 248.724090576, "var": 251949.296875}, "spectral_complexity": {"dmean": 0.91517072916, "dmean2": 1.46236431599, "dvar": 1.53280377388, "dvar2": 2.86295747757, "max": 19, "mean": 6.50912189484, "median": 6, "min": 0, "var": 8.30661678314}, "spectral_decrease": {"dmean": 1.33649102896e-09, "dmean2": 1.72312453195e-09, "dvar": 5.60655119614e-18, "dvar2": 9.98814137649e-18, "max": 1.2923998269e-16, "mean": -4.94827823161e-09, "median": -3.2341860301e-09, "min": -5.31924655434e-08, "var": 2.97956412342e-17}, "spectral_energy": {"dmean": 0.00528034102172, "dmean2": 0.00680371234193, "dvar": 8.73571552802e-05, "dvar2": 0.000155812304001, "max": 0.212132632732, "mean": 0.0194915961474, "median": 0.012749876827, "min": 1.05985496742e-20, "var": 0.000460289476905}, "spectral_energyband_high": {"dmean": 2.3311805819e-08, "dmean2": 3.42412604937e-08, "dvar": 1.55623703214e-14, "dvar2": 2.96115027301e-14, "max": 6.17710384176e-06, "mean": 3.87863003937e-08, "median": 9.0707148459e-09, "min": 7.47242895976e-21, "var": 3.30266040482e-14}, "spectral_energyband_low": {"dmean": 0.000505167176016, "dmean2": 0.000719287723769, "dvar": 3.38834865943e-06, "dvar2": 6.35825290374e-06, "max": 0.0736798197031, "mean": 0.00147716572974, "median": 0.000104653881863, "min": 6.08984715395e-23, "var": 1.71919145942e-05}, "spectral_energyband_middle_high": {"dmean": 0.000569810450543, "dmean2": 0.000804259150755, "dvar": 5.66658309253e-06, "dvar2": 1.28266265165e-05, "max": 0.0765417143703, "mean": 0.00134354585316, "median": 0.000316582008963, "min": 1.63696044291e-21, "var": 1.31071847136e-05}, "spectral_energyband_middle_low": {"dmean": 0.00472787441686, "dmean2": 0.00612421846017, "dvar": 7.13548070053e-05, "dvar2": 0.000129335719976, "max": 0.208678618073, "mean": 0.0170986969024, "median": 0.0109389852732, "min": 5.9999230692e-22, "var": 0.00037143562804}, "spectral_entropy": {"dmean": 0.1561768502, "dmean2": 0.240860760212, "dvar": 0.0446498803794, "dvar2": 0.100774824619, "max": 9.80150222778, "mean": 5.03101110458, "median": 4.96321296692, "min": 3.27521133423, "var": 0.542514383793}, "spectral_flux": {"dmean": 0.0192543938756, "dmean2": 0.0301380865276, "dvar": 0.000945688399952, "dvar2": 0.00218010810204, "max": 0.333917975426, "mean": 0.0341287329793, "median": 0.0222807601094, "min": 1.02949260228e-10, "var": 0.00127479503863}, "spectral_kurtosis": {"dmean": 74.2600479126, "dmean2": 131.911514282, "dvar": 4818.95947266, "dvar2": 15229.4335938, "max": 657.04864502, "mean": 232.135284424, "median": 224.387893677, "min": -1.18815100193, "var": 9068.94824219}, "spectral_rms": {"dmean": 0.000574694015086, "dmean2": 0.000718673574738, "dvar": 6.85176019033e-07, "dvar2": 1.17865033644e-06, "max": 0.0143860578537, "mean": 0.00379766663536, "median": 0.00352688319981, "min": 3.21559467421e-12, "var": 4.59388320451e-06}, "spectral_rolloff": {"dmean": 38.6060371399, "dmean2": 68.309928894, "dvar": 37680.1367188, "dvar2": 78691.1875, "max": 19853.6132812, "mean": 1060.97216797, "median": 581.396484375, "min": 236.865234375, "var": 8472366}, "spectral_skewness": {"dmean": 2.06729030609, "dmean2": 3.62932372093, "dvar": 3.84890246391, "dvar2": 10.8319664001, "max": 20.0096282959, "mean": 11.6688203812, "median": 12.1271629333, "min": -0.0297209881246, "var": 10.0855951309}, "spectral_spread": {"dmean": 387139.875, "dmean2": 697963.375, "dvar": 165913968640, "dvar2": 434014650368, "max": 39531792, "mean": 1012483.4375, "median": 629218.8125, "min": 128499.328125, "var": 4095214616580.0}, "spectral_strongpeak": {"dmean": 0.392022162676, "dmean2": 0.568484961987, "dvar": 0.395293682814, "dvar2": 0.822944223881, "max": 10.4659967422, "mean": 1.55955314636, "median": 1.28387403488, "min": 2.02217531609e-09, "var": 1.41584742069}, "zerocrossingrate": {"dmean": 0.00162081536837, "dmean2": 0.00205267197452, "dvar": 1.76051089511e-05, "dvar2": 1.9824003175e-05, "max": 0.71337890625, "mean": 0.0388844534755, "median": 0.02197265625, "min": 0.0078125, "var": 0.0101108597592}, "barkbands": {"dmean": [4.1231928094e-07, 0.000116475552204, 0.000296960759442, 0.000212150160223, 0.000512222060934, 0.00126831745729, 0.00153455871623, 0.00145478371996, 0.000661665515509, 0.000476049084682, 9.89616310108e-05, 5.24081915501e-05, 2.6334049835e-05, 1.31323513415e-05, 8.54098834679e-06, 2.12185909731e-06, 5.25706582266e-07, 1.38631662594e-07, 9.02630290511e-08, 1.73878031973e-08, 9.69903179993e-09, 2.29187624434e-09, 1.13809728308e-09, 9.21015819166e-10, 8.62126980916e-10, 8.36209934629e-10, 9.0582075174e-10], "dmean2": [5.95341873577e-07, 0.000143072757055, 0.000450179766631, 0.000316389865475, 0.000658719392959, 0.00178577017505, 0.00212868954986, 0.00202171690762, 0.000783263414633, 0.000670987647027, 0.000151058848132, 7.19554154784e-05, 3.40434053214e-05, 1.70258263097e-05, 1.07513769763e-05, 2.93331618195e-06, 7.48026366182e-07, 1.99811680091e-07, 1.21407182974e-07, 2.48807943137e-08, 1.42195526465e-08, 3.74428088534e-09, 1.97278704483e-09, 1.68823255375e-09, 1.58764590363e-09, 1.54588530865e-09, 1.6701749983e-09], "dvar": [1.74802360087e-12, 5.59595093819e-07, 1.45105650518e-06, 6.09088374404e-07, 2.49310528488e-06, 9.93820322037e-06, 1.90625905816e-05, 2.25618678087e-05, 4.35137371824e-06, 6.05989225733e-06, 1.83485752814e-07, 3.16077631624e-07, 3.27285647472e-08, 4.01319644183e-09, 7.96622945387e-09, 5.71619834799e-11, 1.20512202648e-11, 8.57924517018e-13, 2.99155313152e-13, 1.15858936824e-14, 3.6092370344e-15, 8.3457977622e-17, 6.70635813088e-18, 2.25985764029e-18, 2.03748481506e-18, 1.94849362284e-18, 2.21030455851e-18], "dvar2": [3.76681411757e-12, 6.85868315031e-07, 3.03446154248e-06, 1.21918424156e-06, 3.70034695152e-06, 1.97217668756e-05, 3.87332256651e-05, 4.16235234297e-05, 5.41068857274e-06, 1.39140283864e-05, 4.38002643932e-07, 5.20814410265e-07, 5.94820264155e-08, 5.38908695447e-09, 1.18657270676e-08, 1.00787073132e-10, 2.43503498615e-11, 1.71496703557e-12, 4.78831709526e-13, 2.33219730827e-14, 6.8962377482e-15, 1.73369512504e-16, 1.29423664762e-17, 7.23075052098e-18, 6.57909184414e-18, 6.29606786165e-18, 7.15798013377e-18], "max": [8.07387841633e-05, 0.0473391190171, 0.0472919531167, 0.0250952485949, 0.0786495134234, 0.110456213355, 0.184865474701, 0.194467917085, 0.0622156709433, 0.0937615334988, 0.0173205621541, 0.0427191928029, 0.00887577142566, 0.00327165448107, 0.0070997690782, 0.00035893387394, 0.000313190219458, 5.27980664629e-05, 3.96720643039e-05, 6.49204230285e-06, 2.30658292821e-06, 5.43365217709e-07, 1.66599420481e-07, 1.80282313522e-08, 1.71093930135e-08, 1.68452771732e-08, 1.81938109023e-08], "mean": [1.03878085156e-06, 0.000328283698764, 0.000849998206832, 0.000561118358746, 0.00171508430503, 0.00430177198723, 0.0049052182585, 0.00353709934279, 0.00179814978037, 0.00108679581899, 0.000197485278477, 9.29590023588e-05, 5.43757414562e-05, 3.50051996065e-05, 1.9548142518e-05, 5.92926426179e-06, 1.19663195619e-06, 3.19206407084e-07, 2.17498154598e-07, 3.33669518682e-08, 1.4627813627e-08, 2.78443046398e-09, 1.31953070692e-09, 8.9006813031e-10, 8.12854117349e-10, 8.74621042257e-10, 1.32939359521e-09], "median": [2.40179929278e-07, 2.16493572225e-06, 2.57798474195e-05, 5.26978365087e-05, 0.000334779877448, 0.00131553504616, 0.00114003208, 0.00060302473139, 0.000338807003573, 0.000128197236336, 3.08294693241e-05, 9.90480930341e-06, 1.0918101907e-05, 6.6291731855e-06, 4.11793507737e-06, 1.02220121789e-06, 2.23159133839e-07, 4.80988511242e-08, 1.7278633635e-08, 5.04540365043e-09, 1.83790249686e-09, 7.11347758475e-10, 4.99896124495e-10, 3.94335897269e-10, 3.47947087809e-10, 4.26237906082e-10, 8.5738915967e-10], "min": [2.52276486867e-23, 1.41419252251e-23, 2.38683971708e-23, 1.50462879886e-23, 1.80993579744e-23, 7.73870528538e-23, 1.34395405145e-22, 1.43251624673e-22, 1.62804936915e-22, 1.27748324318e-22, 1.59265059287e-22, 9.14047577299e-23, 4.19691703616e-23, 9.97257761541e-23, 1.08576669293e-22, 1.00159289931e-22, 2.55653385832e-22, 2.11152896509e-22, 2.79966861481e-22, 3.02867329476e-22, 3.85431708005e-22, 6.58166216976e-22, 4.58086352734e-22, 8.03183892957e-22, 1.21520041542e-21, 1.71036393752e-21, 2.25828546721e-21], "var": [8.52298006476e-12, 3.80257461075e-06, 6.48123432256e-06, 2.32832871916e-06, 1.77927231562e-05, 6.87189240125e-05, 0.000100421064417, 6.95456765243e-05, 2.3718976081e-05, 1.31237757159e-05, 3.89786464439e-07, 7.98771282007e-07, 6.98933462218e-08, 1.72756493555e-08, 2.05829664424e-08, 2.8028945831e-10, 2.98894624329e-11, 2.629069705e-12, 1.09955783627e-12, 2.53766649485e-14, 6.86312172458e-15, 1.50046500006e-16, 1.82346622451e-17, 2.03078175697e-18, 1.74320517918e-18, 1.6437588376e-18, 1.85551479967e-18]}, "erbbands": {"dmean": [0.000741867290344, 0.0374880209565, 0.276598334312, 0.60549390316, 1.14339864254, 1.73681294918, 4.00206756592, 11.7681379318, 21.4523277283, 22.5161895752, 31.4694652557, 12.0726079941, 18.2510185242, 11.9752941132, 3.8562309742, 2.14595150948, 1.38720226288, 0.673180878162, 0.592923223972, 0.269265174866, 0.0792496278882, 0.0221770945936, 0.0113516822457, 0.00489272270352, 0.00302209611982, 0.000981043791398, 0.000487406679895, 0.000266780378297, 9.16878780117e-05, 4.82677969558e-05, 3.0480841815e-05, 2.18989771383e-05, 1.55660927703e-05, 1.10271566882e-05, 7.38113430998e-06, 4.64608683615e-06, 2.4508954084e-06, 7.03802641056e-07, 2.53701614383e-06, 5.94685525357e-06], "dmean2": [0.000901692546904, 0.0466448143125, 0.401823818684, 0.911302804947, 1.53697621822, 2.15000367165, 5.25906467438, 16.8962955475, 29.7153816223, 30.8278484344, 44.7994422913, 15.0696229935, 22.2840099335, 16.5170917511, 5.86484479904, 2.75063419342, 1.73928594589, 0.852008938789, 0.739076018333, 0.356228083372, 0.109229750931, 0.0307954065502, 0.0161762572825, 0.00670205941424, 0.00405063480139, 0.00140667217784, 0.000698981981259, 0.000383213540772, 0.000145671176142, 8.18468688522e-05, 5.30361685378e-05, 3.85640814784e-05, 2.72543802566e-05, 1.88297035493e-05, 1.21658249554e-05, 7.31210184313e-06, 3.72370095647e-06, 1.14840122478e-06, 3.24942425323e-06, 7.65440654504e-06], "dvar": [2.19869780267e-05, 0.0483270920813, 1.30445551872, 4.50132751465, 13.2756443024, 39.3873596191, 134.623672485, 903.515563965, 3427.64697266, 5149.00390625, 12155.3349609, 979.370849609, 6116.58349609, 3987.38745117, 314.526733398, 738.360290527, 89.8244934082, 10.3136577606, 29.6922130585, 1.10981917381, 0.105807080865, 0.0152293294668, 0.00418485095724, 0.000844022608362, 0.000410419888794, 3.71478381567e-05, 7.47945523472e-06, 3.55013662556e-06, 1.62894835398e-07, 1.72656626773e-08, 3.08889513967e-09, 1.27154153873e-09, 5.99603755536e-10, 2.88704116169e-10, 1.24918395072e-10, 4.85909298908e-11, 1.37247210125e-11, 1.11352236026e-12, 1.99138101842e-11, 1.10601076908e-10], "dvar2": [2.49370532401e-05, 0.0613870359957, 2.5385556221, 9.73454475403, 21.9305801392, 57.0806999207, 256.218292236, 1907.5826416, 6668.22460938, 9294.84863281, 24221.59375, 1571.79919434, 12774.2158203, 7936.68701172, 773.567138672, 1128.82629395, 161.331985474, 13.9000062943, 43.6690101624, 1.84835875034, 0.178838372231, 0.0300658959895, 0.00794457737356, 0.00157704285812, 0.000718699011486, 8.43126326799e-05, 1.36399239636e-05, 6.50302627037e-06, 3.44110418382e-07, 3.1381812704e-08, 7.74159847339e-09, 3.74478714704e-09, 1.81034442992e-09, 8.36231417445e-10, 3.35439703791e-10, 1.14966092202e-10, 2.92242272049e-11, 2.90675968538e-12, 3.50980702835e-11, 1.97385677247e-10], "max": [0.280779212713, 13.69298172, 42.8125228882, 71.3863830566, 136.372055054, 335.852600098, 515.09185791, 995.075683594, 2808.17260742, 2824.79516602, 5319.90332031, 1035.90942383, 3287.73291016, 1905.17980957, 895.22076416, 2202.10058594, 461.912872314, 187.965438843, 416.007904053, 61.275806427, 17.5440769196, 11.4818487167, 3.47985720634, 1.30770802498, 1.2505967617, 0.275269061327, 0.143132224679, 0.0787085294724, 0.024140233174, 0.0101193357259, 0.00235923356377, 0.000727008737158, 0.000356982462108, 0.000278927123873, 0.000209283927688, 0.000148914856254, 8.43360248837e-05, 2.0094206775e-05, 0.000103489037429, 0.000241268076934], "mean": [0.00219226861373, 0.108995340765, 0.836361348629, 1.60567748547, 3.68512368202, 5.88268375397, 14.7559137344, 39.3951759338, 73.44506073, 61.9828186035, 74.515663147, 34.0984954834, 46.6957473755, 28.4744853973, 8.37448692322, 4.16260671616, 2.93405413628, 1.85990428925, 1.36825060844, 0.782040417194, 0.194528087974, 0.0553515441716, 0.0266381856054, 0.0111373933032, 0.00767836999148, 0.00192005105782, 0.000819066364784, 0.000408716470702, 0.000127651976072, 6.85880004312e-05, 4.29944375355e-05, 3.23814820149e-05, 2.56837174675e-05, 2.12483246287e-05, 1.69410450326e-05, 1.26290196931e-05, 7.45092938814e-06, 1.78104733095e-06, 9.44463681662e-06, 2.18963996304e-05], "median": [6.3340732595e-05, 0.00166999094654, 0.0344216823578, 0.269454181194, 0.508277416229, 1.00049388409, 3.72514390945, 12.550945282, 20.3578338623, 16.8892688751, 15.7299566269, 11.0165681839, 7.4132809639, 4.08093166351, 1.81604039669, 0.746701061726, 0.611142516136, 0.418051987886, 0.293794929981, 0.150113537908, 0.0461949780583, 0.0139791574329, 0.0055762170814, 0.00140142836608, 0.000722851953469, 0.000286680704448, 0.000128231360577, 5.81487329328e-05, 3.63207836926e-05, 2.75400343526e-05, 2.25497897191e-05, 1.87168188859e-05, 1.57761369337e-05, 1.34785477712e-05, 1.10327546281e-05, 8.31761462905e-06, 4.98334338772e-06, 1.20977836104e-06, 6.20552327746e-06, 1.43158140418e-05], "min": [4.92326248169e-22, 3.84073367782e-21, 2.37069769687e-20, 3.88107456543e-20, 5.41629140929e-20, 5.85419177829e-20, 3.6728711373e-19, 7.13651055757e-19, 2.22962315493e-18, 2.40352257587e-18, 2.3267358132e-18, 3.73687568476e-18, 4.49878885185e-18, 3.82732788475e-18, 6.75881668455e-18, 3.38577908056e-18, 2.25824670605e-18, 3.65535662181e-18, 6.23343622721e-18, 5.24297719278e-18, 6.79929394065e-18, 1.33341432025e-17, 1.13061974343e-17, 1.35977937879e-17, 1.3992133947e-17, 1.48124142189e-17, 1.55533695244e-17, 1.49558853874e-17, 2.72779698017e-17, 1.46463692914e-17, 1.36943431362e-17, 1.5793586083e-17, 1.34924961775e-17, 1.23741455078e-17, 8.58275737986e-18, 6.74137227262e-18, 3.38774797721e-18, 1.37679249876e-18, 3.13589365947e-19, 3.13482452853e-20], "var": [0.000157244954607, 0.327053934336, 6.82214164734, 15.9156684875, 88.5972747803, 289.360809326, 902.726806641, 5433.70214844, 21676.7226562, 19412.8261719, 29621.7226562, 4766.26220703, 16658.0625, 12182.3183594, 626.398071289, 1961.60351562, 195.623733521, 45.0701675415, 78.9685668945, 4.94472646713, 0.377816021442, 0.0409573167562, 0.0124954199418, 0.00245589506812, 0.00137222337071, 6.51482841931e-05, 1.71818846866e-05, 6.94285245117e-06, 2.90181958462e-07, 5.20442036134e-08, 6.11054229438e-09, 1.88966753356e-09, 9.6735586208e-10, 5.9761351423e-10, 3.51589757308e-10, 1.83664750075e-10, 6.09147524089e-11, 3.1379048665e-12, 1.04893836672e-10, 5.77693726189e-10]}, "gfcc": {"mean": [-285.820404053, 242.908508301, -99.9097900391, -94.5066757202, -43.1063423157, -34.4316978455, -34.3547821045, -14.3069152832, -5.57070016861, -11.4226779938, -9.36035919189, -17.7785320282, -3.83468675613], "cov": [[15642.0605469, 6028.49609375, -928.027587891, -909.015136719, -100.849960327, -788.093017578, -388.487030029, -437.702758789, -128.926727295, -448.421295166, -59.5311393738, -555.24029541, 39.9975395203], [6028.49609375, 3349.21264648, 11.9336013794, -528.522521973, 42.7818450928, -234.575180054, -246.952072144, -240.311233521, -58.0086288452, -208.748153687, 19.3565292358, -210.481307983, 10.2970523834], [-928.027587891, 11.9336013794, 723.876708984, 195.960617065, 90.1740722656, 253.203598022, 84.7131271362, 26.9367275238, 22.6845703125, 48.9064750671, 53.5694465637, 53.0185203552, -31.0756454468], [-909.015136719, -528.522521973, 195.960617065, 560.583984375, 264.95892334, 133.59161377, 139.724884033, 82.7664337158, -12.3793449402, 56.7041931152, -20.3329849243, 0.951458990574, -34.4915809631], [-100.849960327, 42.7818450928, 90.1740722656, 264.95892334, 312.902526855, 100.578567505, 45.2684173584, 38.41929245, -12.391746521, 14.5513601303, 24.3613777161, 9.02297401428, -15.0410556793], [-788.093017578, -234.575180054, 253.203598022, 133.59161377, 100.578567505, 293.86807251, 167.900115967, 45.1418914795, 13.7474365234, 12.6522035599, 0.658473789692, 72.4432296753, 14.9535913467], [-388.487030029, -246.952072144, 84.7131271362, 139.724884033, 45.2684173584, 167.900115967, 251.903701782, 145.869369507, 31.1812896729, -6.20979976654, -56.1856002808, -5.00149965286, 11.3072252274], [-437.702758789, -240.311233521, 26.9367275238, 82.7664337158, 38.41929245, 45.1418914795, 145.869369507, 210.903167725, 117.753547668, 20.7489204407, -42.9395294189, -27.6314220428, -19.3497447968], [-128.926727295, -58.0086288452, 22.6845703125, -12.3793449402, -12.391746521, 13.7474365234, 31.1812896729, 117.753547668, 157.47354126, 77.3235168457, 1.7187898159, -17.0762748718, -23.9183483124], [-448.421295166, -208.748153687, 48.9064750671, 56.7041931152, 14.5513601303, 12.6522035599, -6.20979976654, 20.7489204407, 77.3235168457, 135.195587158, 80.5907440186, 17.9070587158, -34.3050270081], [-59.5311393738, 19.3565292358, 53.5694465637, -20.3329849243, 24.3613777161, 0.658473789692, -56.1856002808, -42.9395294189, 1.7187898159, 80.5907440186, 143.870635986, 80.5065383911, -19.7286987305], [-555.24029541, -210.481307983, 53.0185203552, 0.951458990574, 9.02297401428, 72.4432296753, -5.00149965286, -27.6314220428, -17.0762748718, 17.9070587158, 80.5065383911, 147.723373413, 55.0094604492], [39.9975395203, 10.2970523834, -31.0756454468, -34.4915809631, -15.0410556793, 14.9535913467, 11.3072252274, -19.3497447968, -23.9183483124, -34.3050270081, -19.7286987305, 55.0094604492, 100.781173706]], "icov": [[0.000491238373797, -0.000573718512896, 0.000632089737337, -0.000981566845439, 0.000505063915625, 0.000502118607983, -0.00155467155855, 0.00241904170252, -0.00324185332283, 0.00385455554351, -0.00387725955807, 0.00269573763944, -0.00132536992896], [-0.000573718512896, 0.00228508375585, -0.00165811413899, 0.00187899800949, -0.00261855428107, 0.00171616137959, -0.00192707357928, 0.00384063622914, -0.00397230591625, 0.0041460772045, -0.00263398652896, 0.0024895046372, -0.000971750938334], [0.000632089737337, -0.00165811413899, 0.00422637350857, -0.00364423310384, 0.00411533843726, -0.00574890105054, 0.00369980907999, -0.00305484118871, 0.000441667390987, 0.00235060532577, -0.00582939526066, 0.00440382910892, -0.00219984306023], [-0.000981566845439, 0.00187899800949, -0.00364423310384, 0.00961083825678, -0.00839484669268, 0.00509991589934, -0.00313296820968, -0.00108098704368, 0.00806771684438, -0.0140657378361, 0.0170481409878, -0.0113888075575, 0.00717800622806], [0.000505063915625, -0.00261855428107, 0.00411533843726, -0.00839484669268, 0.013826395385, -0.0119163030759, 0.0119310449809, -0.0129376463592, 0.00747026130557, 0.00050975283375, -0.00885558500886, 0.00733638554811, -0.00531955622137], [0.000502118607983, 0.00171616137959, -0.00574890105054, 0.00509991589934, -0.0119163030759, 0.0267117768526, -0.0276393126696, 0.0288100503385, -0.0230967141688, 0.0122357876971, 0.00210789428093, -0.00934744719416, 0.00668692914769], [-0.00155467155855, -0.00192707357928, 0.00369980907999, -0.00313296820968, 0.0119310449809, -0.0276393126696, 0.0425211079419, -0.0485224761069, 0.0439829081297, -0.0337600596249, 0.0191633906215, -0.00533769512549, -0.00171103782486], [0.00241904170252, 0.00384063622914, -0.00305484118871, -0.00108098704368, -0.0129376463592, 0.0288100503385, -0.0485224761069, 0.0741914883256, -0.074995726347, 0.063935264945, -0.0422085076571, 0.0234953258187, -0.00630420027301], [-0.00324185332283, -0.00397230591625, 0.000441667390987, 0.00806771684438, 0.00747026130557, -0.0230967141688, 0.0439829081297, -0.074995726347, 0.095166221261, -0.0916761234403, 0.0705678462982, -0.0429288558662, 0.0184240862727], [0.00385455554351, 0.0041460772045, 0.00235060532577, -0.0140657378361, 0.00050975283375, 0.0122357876971, -0.0337600596249, 0.063935264945, -0.0916761234403, 0.114960432053, -0.100095912814, 0.0655008852482, -0.0296916291118], [-0.00387725955807, -0.00263398652896, -0.00582939526066, 0.0170481409878, -0.00885558500886, 0.00210789428093, 0.0191633906215, -0.0422085076571, 0.0705678462982, -0.100095912814, 0.113829612732, -0.0821132734418, 0.0437356680632], [0.00269573763944, 0.0024895046372, 0.00440382910892, -0.0113888075575, 0.00733638554811, -0.00934744719416, -0.00533769512549, 0.0234953258187, -0.0429288558662, 0.0655008852482, -0.0821132734418, 0.0743381008506, -0.0408149659634], [-0.00132536992896, -0.000971750938334, -0.00219984306023, 0.00717800622806, -0.00531955622137, 0.00668692914769, -0.00171103782486, -0.00630420027301, 0.0184240862727, -0.0296916291118, 0.0437356680632, -0.0408149659634, 0.0346270315349]]}, "melbands": {"dmean": [1.84043910849e-05, 0.00011461822578, 0.000109816828626, 0.000114498223411, 0.000122351644677, 0.000263780762907, 0.000333677715389, 0.000257727107964, 0.000229699639021, 8.03681396064e-05, 9.27495711949e-05, 5.19112654729e-05, 1.48112458191e-05, 6.74935608913e-06, 3.88225953429e-06, 2.01897410079e-06, 1.28799865706e-06, 9.70611949924e-07, 4.8650122153e-07, 2.28470540264e-07, 8.02369015673e-08, 2.35691679507e-08, 1.89016020613e-08, 5.64800473057e-09, 4.00266619849e-09, 3.38702133007e-09, 8.68110250352e-10, 6.04858940711e-10, 2.84657908356e-10, 3.08583214537e-10, 1.04767680642e-10, 5.82005658945e-11, 3.09629405448e-11, 2.50288574588e-11, 1.74386512175e-11, 1.51850320512e-11, 1.20263252482e-11, 1.03816989727e-11, 9.2694853529e-12, 7.96115083579e-12], "dmean2": [2.23537299462e-05, 0.000160342940944, 0.000161691452377, 0.00014320583432, 0.0001579013624, 0.00037520256592, 0.00046665625996, 0.000350052781869, 0.000329422706272, 9.44508647081e-05, 0.000113111535029, 7.20674870536e-05, 2.25633120863e-05, 9.32371676754e-06, 4.88312252855e-06, 2.57776014223e-06, 1.66432107562e-06, 1.2364723716e-06, 6.17507453171e-07, 3.11404733111e-07, 1.12941862085e-07, 3.35231504778e-08, 2.77038427754e-08, 8.24902901542e-09, 5.56297230503e-09, 4.453115654e-09, 1.25927523964e-09, 8.71224925536e-10, 4.06492117744e-10, 4.44318859483e-10, 1.54220261561e-10, 9.24380016976e-11, 5.41497194306e-11, 4.21990151156e-11, 3.09269831966e-11, 2.70256369367e-11, 2.20445103144e-11, 1.90896708163e-11, 1.69920796184e-11, 1.46558130215e-11], "dvar": [1.44068144081e-08, 2.30864714013e-07, 1.18811598782e-07, 1.81519013154e-07, 1.13353721076e-07, 4.50325842394e-07, 8.23229640901e-07, 6.04401805049e-07, 6.64413050799e-07, 5.77245913291e-08, 1.59665930255e-07, 7.61709131325e-08, 4.00254362987e-09, 4.00311384041e-09, 1.23292576149e-09, 1.66697100568e-10, 4.04277479549e-11, 6.65908439501e-11, 1.63672807946e-11, 6.44522304451e-13, 1.54322735146e-13, 3.1117107182e-14, 1.05000838414e-14, 1.9005494454e-15, 6.39162115213e-16, 5.61455630269e-16, 3.3434001776e-17, 1.71193034876e-17, 3.6874115249e-18, 6.6092243795e-18, 3.41009343428e-19, 8.15984722962e-20, 1.40388786601e-20, 5.52211600163e-21, 9.45374947785e-22, 9.82103604712e-22, 3.92374012137e-22, 2.95753848839e-22, 2.26716528946e-22, 1.74383849903e-22], "dvar2": [1.69496843228e-08, 4.10102018122e-07, 2.44758126655e-07, 2.57102442447e-07, 2.04491968248e-07, 9.11835002171e-07, 1.6409625232e-06, 1.0477477872e-06, 1.33706555516e-06, 7.21854078733e-08, 3.36119086342e-07, 1.51603117615e-07, 9.73451719233e-09, 6.61173515937e-09, 2.01334393601e-09, 3.02586317114e-10, 5.59105678422e-11, 9.59553408952e-11, 2.49678992759e-11, 1.16027326635e-12, 2.63440690703e-13, 6.5015389448e-14, 2.11391369903e-14, 4.27705305661e-15, 1.18360847687e-15, 8.47669492514e-16, 6.55186999193e-17, 3.90278371381e-17, 6.08827471511e-18, 1.25146884569e-17, 6.54401556046e-19, 1.70402269339e-19, 2.9345951215e-20, 8.5242795815e-21, 2.54122283808e-21, 2.58513611196e-21, 1.2508261312e-21, 9.47679279909e-22, 7.26203589407e-22, 5.62021919819e-22], "max": [0.00753636565059, 0.0222149454057, 0.0101312566549, 0.0225151386112, 0.0140737732872, 0.0258292369545, 0.0430699549615, 0.0338417813182, 0.0403568521142, 0.00701432023197, 0.0168276913464, 0.00820490904152, 0.0023929621093, 0.00449492549524, 0.00266554532573, 0.00063219293952, 0.000379985809559, 0.000589664618019, 0.000317394093145, 4.02121186198e-05, 2.28897188208e-05, 1.71243264049e-05, 6.236714853e-06, 2.25076428251e-06, 1.242003691e-06, 2.05690093935e-06, 3.19365796031e-07, 1.94763842387e-07, 1.3114122055e-07, 1.14051211142e-07, 2.52245495602e-08, 1.30202630899e-08, 1.22046452944e-08, 4.81523931839e-09, 1.26523092003e-09, 1.45552503383e-09, 3.99774019444e-10, 2.01987773729e-10, 1.77865264184e-10, 1.57180504723e-10], "mean": [5.2372324717e-05, 0.000343546300428, 0.000316398247378, 0.000379564153263, 0.000458807073301, 0.000884499982931, 0.00111795670819, 0.000690002168994, 0.00053696410032, 0.000225460025831, 0.000235560830333, 0.000121270553791, 3.05597422994e-05, 1.21634939205e-05, 7.61474848332e-06, 4.47563979833e-06, 3.54222220267e-06, 2.19189519157e-06, 1.22216749787e-06, 6.72005569413e-07, 1.67526110317e-07, 5.44259961544e-08, 4.17725232182e-08, 1.1749516915e-08, 8.54290505004e-09, 8.77830519386e-09, 1.83038861845e-09, 1.07786757297e-09, 4.78149853045e-10, 4.39707464883e-10, 1.55790644274e-10, 7.28083288104e-11, 3.4237931934e-11, 3.10272398052e-11, 1.86691374165e-11, 1.60451200937e-11, 1.16792634591e-11, 9.81233757441e-12, 8.7733197443e-12, 7.49633341512e-12], "median": [4.63622967573e-07, 8.67474955157e-06, 6.49565408821e-05, 4.36830741819e-05, 0.000115146052849, 0.000257438630797, 0.000298859929899, 0.000197825502255, 0.000113913643872, 5.02101647726e-05, 3.39125581377e-05, 1.25734968606e-05, 5.29963745066e-06, 1.39198061788e-06, 1.39743269756e-06, 1.03890010905e-06, 5.87974568589e-07, 4.09580309224e-07, 2.76089338058e-07, 8.54178523468e-08, 2.18152909071e-08, 9.31240329294e-09, 7.7261805842e-09, 1.27222266055e-09, 8.88336848526e-10, 5.13316111839e-10, 2.28338389863e-10, 1.27829177798e-10, 6.5469338284e-11, 4.48023181054e-11, 2.16780898787e-11, 1.57932712047e-11, 1.10283240873e-11, 9.96608438136e-12, 7.74066921672e-12, 6.59110309734e-12, 5.09441794305e-12, 4.31763045455e-12, 3.77094102472e-12, 3.19126496062e-12], "min": [6.71714193049e-24, 9.68687033934e-24, 7.78776028523e-24, 3.3503301298e-24, 1.08109261318e-23, 1.8242171775e-23, 2.97117991292e-23, 2.80776706086e-23, 1.92652218171e-23, 2.39598829477e-23, 2.21472825359e-23, 1.42163242748e-23, 2.4129852496e-23, 9.70730183679e-24, 8.50203202528e-24, 3.64457840289e-24, 7.75853377755e-24, 1.0481893826e-23, 8.97416369933e-24, 6.58330773361e-24, 8.42053086085e-24, 1.35546640351e-23, 1.41951843803e-23, 9.41203277768e-24, 1.11492314976e-23, 1.10649211995e-23, 1.07281075697e-23, 9.04781096458e-24, 8.42743102719e-24, 1.16229211719e-23, 6.94617112824e-24, 1.79836715227e-23, 9.58974026266e-24, 7.64103767888e-24, 7.80175704427e-24, 7.02254390792e-24, 1.17076109121e-23, 9.6179688613e-24, 9.2751196567e-24, 1.10528232286e-23], "var": [1.00003987313e-07, 1.30715125124e-06, 4.68242888019e-07, 1.33495939281e-06, 8.27989595109e-07, 2.86207227873e-06, 5.03369892613e-06, 2.37345648202e-06, 1.56481951308e-06, 3.20438829249e-07, 4.30344698543e-07, 2.36187716496e-07, 8.28388735385e-09, 1.01815933462e-08, 3.12289261117e-09, 3.65232372124e-10, 1.90168616965e-10, 1.86263393598e-10, 4.45014233796e-11, 3.85731724339e-12, 5.08365539335e-13, 7.40337018036e-14, 2.91875695163e-14, 5.07708499266e-15, 1.67683459738e-15, 2.39142557888e-15, 8.08563026896e-17, 2.73470906681e-17, 9.6196150428e-18, 1.13452180253e-17, 7.43847594211e-19, 1.38470473981e-19, 2.86925205364e-20, 1.82464556305e-20, 1.52183178524e-21, 1.33535334713e-21, 3.5565204475e-22, 2.56387417749e-22, 1.99137535181e-22, 1.50154296433e-22]}, "mfcc": {"mean": [-881.88873291, 237.010345459, 29.6863918304, -44.2233314514, -23.0636539459, -17.0516910553, -26.4814586639, -19.9712791443, -5.29203176498, -0.166472315788, -4.74201202393, -7.99610376358, -5.11894989014], "cov": [[3998.88574219, 3098.1003418, -213.962417603, -287.408782959, 294.2527771, -33.5927467346, -154.174880981, -39.4549179077, -59.0958442688, -79.5449142456, -94.2603912354, -96.4908828735, -48.3332481384], [3098.1003418, 2664.06958008, 178.936660767, -242.869094849, 155.725204468, 47.4721565247, -88.9601745605, -38.3431510925, -30.666891098, -56.8008918762, -69.5831832886, -57.6948318481, -27.2964267731], [-213.962417603, 178.936660767, 532.905822754, 116.845603943, -57.3844566345, 115.076118469, 99.3092575073, 23.5096511841, 30.1910934448, 33.8438453674, 36.8506584167, 38.2101249695, 20.0505867004], [-287.408782959, -242.869094849, 116.845603943, 295.671966553, 167.040222168, 71.1797943115, 102.872108459, 68.7427749634, 14.860004425, 40.4644126892, 62.5966796875, 38.4781265259, 20.0509910583], [294.2527771, 155.725204468, -57.3844566345, 167.040222168, 282.891326904, 133.348937988, 52.0502586365, 36.5450134277, -8.66473197937, -12.4282073975, 17.6002750397, 28.9339523315, 24.0859508514], [-33.5927467346, 47.4721565247, 115.076118469, 71.1797943115, 133.348937988, 206.337722778, 129.055831909, 32.6859512329, -2.95988821983, -20.0405254364, -4.99797010422, 28.6926689148, 33.4887390137], [-154.174880981, -88.9601745605, 99.3092575073, 102.872108459, 52.0502586365, 129.055831909, 192.873962402, 122.752288818, 36.8731575012, 11.416258812, 6.9163813591, 6.49920320511, 19.3893451691], [-39.4549179077, -38.3431510925, 23.5096511841, 68.7427749634, 36.5450134277, 32.6859512329, 122.752288818, 182.826644897, 134.99647522, 52.205280304, 1.14385151863, -11.9285402298, 0.0873505175114], [-59.0958442688, -30.666891098, 30.1910934448, 14.860004425, -8.66473197937, -2.95988821983, 36.8731575012, 134.99647522, 198.658691406, 127.552886963, 16.3140125275, -17.7201900482, -5.34405088425], [-79.5449142456, -56.8008918762, 33.8438453674, 40.4644126892, -12.4282073975, -20.0405254364, 11.416258812, 52.205280304, 127.552886963, 169.828155518, 100.106773376, 12.2185192108, 0.460979163647], [-94.2603912354, -69.5831832886, 36.8506584167, 62.5966796875, 17.6002750397, -4.99797010422, 6.9163813591, 1.14385151863, 16.3140125275, 100.106773376, 150.010498047, 95.1546401978, 33.378288269], [-96.4908828735, -57.6948318481, 38.2101249695, 38.4781265259, 28.9339523315, 28.6926689148, 6.49920320511, -11.9285402298, -17.7201900482, 12.2185192108, 95.1546401978, 144.683486938, 102.99206543], [-48.3332481384, -27.2964267731, 20.0505867004, 20.0509910583, 24.0859508514, 33.4887390137, 19.3893451691, 0.0873505175114, -5.34405088425, 0.460979163647, 33.378288269, 102.99206543, 142.532119751]], "icov": [[-11.7988824844, 16.3912849426, -15.5272436142, 14.1609649658, -12.3943138123, 10.3500556946, -8.18187522888, 6.06463241577, -4.14857673645, 2.55591201782, -1.36731564999, 0.590852737427, -0.168374702334], [16.3912849426, -22.7457695007, 21.477022171, -19.4819297791, 16.9259262085, -14.0064783096, 10.9552536011, -8.02195358276, 5.41367340088, -3.28672528267, 1.73045790195, -0.734241604805, 0.205891236663], [-15.5272436142, 21.477022171, -20.0801525116, 17.9198188782, -15.21073246, 12.2171936035, -9.21494102478, 6.45669126511, -4.13571739197, 2.36246442795, -1.15800666809, 0.448983043432, -0.114873707294], [14.1609649658, -19.4819297791, 17.9198188782, -15.5337276459, 12.6323852539, -9.55902957916, 6.64382982254, -4.15801382065, 2.26581192017, -1.01416182518, 0.321984112263, -0.0344365984201, -0.016850983724], [-12.3943138123, 16.9259262085, -15.21073246, 12.6323852539, -9.56029415131, 6.44614887238, -3.67485332489, 1.51677453518, -0.123730681837, -0.529767811298, 0.632852971554, -0.442978084087, 0.170142114162], [10.3500556946, -14.0064783096, 12.2171936035, -9.55902957916, 6.44614887238, -3.38845014572, 0.833553016186, 0.95980411768, -1.85879576206, 1.94855260849, -1.50613868237, 0.877031743526, -0.310724109411], [-8.18187522888, 10.9552536011, -9.21494102478, 6.64382982254, -3.67485332489, 0.833553016186, 1.43724393845, -2.86700773239, 3.34409546852, -2.99301862717, 2.14725780487, -1.19703876972, 0.41378480196], [6.06463241577, -8.02195358276, 6.45669126511, -4.15801382065, 1.51677453518, 0.95980411768, -2.86700773239, 3.97893929482, -4.15943908691, 3.54725790024, -2.48592782021, 1.37372910976, -0.475260347128], [-4.14857673645, 5.41367340088, -4.13571739197, 2.26581192017, -0.123730681837, -1.85879576206, 3.34409546852, -4.15943908691, 4.18603515625, -3.51604652405, 2.45276999474, -1.35933554173, 0.474466115236], [2.55591201782, -3.28672528267, 2.36246442795, -1.01416182518, -0.529767811298, 1.94855260849, -2.99301862717, 3.54725790024, -3.51604652405, 2.95998835564, -2.07907032967, 1.16750752926, -0.413861751556], [-1.36731564999, 1.73045790195, -1.15800666809, 0.321984112263, 0.632852971554, -1.50613868237, 2.14725780487, -2.48592782021, 2.45276999474, -2.07907032967, 1.49011206627, -0.855158746243, 0.309358179569], [0.590852737427, -0.734241604805, 0.448983043432, -0.0344365984201, -0.442978084087, 0.877031743526, -1.19703876972, 1.37372910976, -1.35933554173, 1.16750752926, -0.855158746243, 0.517374277115, -0.196108981967], [-0.168374702334, 0.205891236663, -0.114873707294, -0.016850983724, 0.170142114162, -0.310724109411, 0.41378480196, -0.475260347128, 0.474466115236, -0.413861751556, 0.309358179569, -0.196108981967, 0.0845252200961]]}, "spectral_contrast_coeffs": {"dmean": [0.0393442958593, 0.0389300249517, 0.0344825871289, 0.0261053014547, 0.0225195270032, 0.0360840074718], "dmean2": [0.0629365667701, 0.0610442385077, 0.0514742955565, 0.0392744503915, 0.0367677733302, 0.064071200788], "dvar": [0.00112327677198, 0.00166367657948, 0.00143191055395, 0.00078415882308, 0.000407651474234, 0.00107157905586], "dvar2": [0.00263248942792, 0.00388691970147, 0.00306098605506, 0.00170164823066, 0.00105429068208, 0.00291344197467], "max": [-0.20815718174, -0.299002617598, -0.350417971611, -0.479717165232, -0.580552875996, -0.681452691555], "mean": [-0.549138307571, -0.601289451122, -0.661980092525, -0.708314239979, -0.771759033203, -0.913810670376], "median": [-0.540753781796, -0.593513965607, -0.661430776119, -0.703130364418, -0.769177138805, -0.923634231091], "min": [-0.963656544685, -0.96497553587, -0.965016007423, -0.961196541786, -0.954468488693, -0.966109514236], "var": [0.0126596605405, 0.0106913819909, 0.00909344293177, 0.00444249715656, 0.00260502123274, 0.00177542900201]}, "spectral_contrast_valleys": {"dmean": [0.485634982586, 0.361371964216, 0.368815094233, 0.34032651782, 0.392236977816, 0.936515271664], "dmean2": [0.784571886063, 0.559928536415, 0.575800895691, 0.522104024887, 0.628187656403, 1.67336571217], "dvar": [0.196914300323, 0.181314304471, 0.209427684546, 0.202060520649, 0.204056635499, 0.520908176899], "dvar2": [0.427154868841, 0.356489002705, 0.444341361523, 0.407957524061, 0.449773699045, 1.55505716801], "max": [-5.90313529968, -4.59930515289, -5.15785312653, -7.64368677139, -9.22440433502, -11.9788732529], "mean": [-