{"lowlevel": {"average_loudness": 0.949781537056, "barkbands_crest": {"dmean": 2.36541008949, "dmean2": 3.7685341835, "dvar": 5.07215929031, "dvar2": 12.8930473328, "max": 24.8969841003, "mean": 11.5689067841, "median": 10.9073228836, "min": 3.92859506607, "var": 15.5685882568}, "barkbands_flatness_db": {"dmean": 0.0256316345185, "dmean2": 0.0366965159774, "dvar": 0.000777692126576, "dvar2": 0.00138730544131, "max": 0.532887935638, "mean": 0.203140333295, "median": 0.191208347678, "min": 0.0451122969389, "var": 0.00447287177667}, "barkbands_kurtosis": {"dmean": 6.9415268898, "dmean2": 11.0867242813, "dvar": 159.004669189, "dvar2": 421.545288086, "max": 257.320800781, "mean": 13.8786144257, "median": 9.76624679565, "min": -1.94685518742, "var": 232.82635498}, "barkbands_skewness": {"dmean": 0.695155203342, "dmean2": 1.04942631721, "dvar": 0.734695017338, "dvar2": 1.66963481903, "max": 13.0374116898, "mean": 2.73738098145, "median": 2.591350317, "min": -5.01875638962, "var": 1.95895206928}, "barkbands_spread": {"dmean": 4.48355197906, "dmean2": 6.83239221573, "dvar": 76.3807601929, "dvar2": 156.212677002, "max": 116.339439392, "mean": 11.0092306137, "median": 7.75516319275, "min": 0.402982085943, "var": 167.573410034}, "dissonance": {"dmean": 0.0245121922344, "dmean2": 0.0397812500596, "dvar": 0.000601813721005, "dvar2": 0.00151334621478, "max": 0.5, "mean": 0.420838028193, "median": 0.431833952665, "min": 0.0769328251481, "var": 0.00258219009265}, "dynamic_complexity": 2.2863740921, "erbbands_crest": {"dmean": 2.14793252945, "dmean2": 3.31131100655, "dvar": 4.26473331451, "dvar2": 10.0477571487, "max": 29.5257129669, "mean": 10.3676109314, "median": 9.57291793823, "min": 3.15985631943, "var": 15.1430931091}, "erbbands_flatness_db": {"dmean": 0.0218737758696, "dmean2": 0.0288214627653, "dvar": 0.00064902351005, "dvar2": 0.00105749466456, "max": 0.441761136055, "mean": 0.178414031863, "median": 0.174129202962, "min": 0.0481872744858, "var": 0.00308925542049}, "erbbands_kurtosis": {"dmean": 1.77494156361, "dmean2": 2.85528039932, "dvar": 21.9397411346, "dvar2": 58.812915802, "max": 139.6456604, "mean": 2.82806873322, "median": 1.48584699631, "min": -1.92224907875, "var": 32.9511222839}, "erbbands_skewness": {"dmean": 0.369958460331, "dmean2": 0.563118934631, "dvar": 0.274854660034, "dvar2": 0.620377659798, "max": 9.69107723236, "mean": 1.13188636303, "median": 1.07639276981, "min": -6.36734008789, "var": 0.740442276001}, "erbbands_spread": {"dmean": 8.8304271698, "dmean2": 13.1303129196, "dvar": 222.061004639, "dvar2": 482.269012451, "max": 183.190887451, "mean": 32.2203216553, "median": 27.1568717957, "min": 1.11696922779, "var": 484.387481689}, "hfc": {"dmean": 5.20372056961, "dmean2": 7.33952522278, "dvar": 125.484130859, "dvar2": 241.980209351, "max": 303.584777832, "mean": 16.1950016022, "median": 12.8802947998, "min": 1.19338670462e-16, "var": 300.877319336}, "melbands_crest": {"dmean": 2.84708929062, "dmean2": 4.63027715683, "dvar": 6.54191446304, "dvar2": 17.4223670959, "max": 33.787979126, "mean": 14.6393547058, "median": 14.3613576889, "min": 1.63025128841, "var": 18.1499786377}, "melbands_flatness_db": {"dmean": 0.0287117883563, "dmean2": 0.0408609397709, "dvar": 0.00099249847699, "dvar2": 0.00177953846287, "max": 0.650759637356, "mean": 0.277764290571, "median": 0.265059292316, "min": 0.00323224416934, "var": 0.00631848769262}, "melbands_kurtosis": {"dmean": 11.3767900467, "dmean2": 17.4085636139, "dvar": 431.296539307, "dvar2": 998.809631348, "max": 384.495513916, "mean": 23.3579616547, "median": 15.1226158142, "min": -1.88383316994, "var": 743.538208008}, "melbands_skewness": {"dmean": 0.822034657001, "dmean2": 1.20239055157, "dvar": 1.04885578156, "dvar2": 2.23663139343, "max": 15.3383636475, "mean": 3.28782629967, "median": 2.98180103302, "min": -2.65610837936, "var": 3.11220884323}, "melbands_spread": {"dmean": 3.72782492638, "dmean2": 5.69617700577, "dvar": 143.87272644, "dvar2": 278.302001953, "max": 255.312362671, "mean": 10.4576101303, "median": 7.92387008667, "min": 0.521068930626, "var": 291.437469482}, "pitch_salience": {"dmean": 0.0668679997325, "dmean2": 0.107607185841, "dvar": 0.00377785856836, "dvar2": 0.00932835135609, "max": 0.915031671524, "mean": 0.557596027851, "median": 0.567839026451, "min": 0.113338597119, "var": 0.0109882419929}, "silence_rate_20dB": {"dmean": 0, "dmean2": 0, "dvar": 0, "dvar2": 0, "max": 1, "mean": 1, "median": 1, "min": 1, "var": 0}, "silence_rate_30dB": {"dmean": 0.0105519481003, "dmean2": 0.0211067516357, "dvar": 0.0104407789186, "dvar2": 0.0274245534092, "max": 1, "mean": 0.992695808411, "median": 1, "min": 0, "var": 0.00725089944899}, "silence_rate_60dB": {"dmean": 0.00595238106325, "dmean2": 0.0119063723832, "dvar": 0.00591698568314, "dvar2": 0.0128482747823, "max": 1, "mean": 0.0286757741123, "median": 0, "min": 0, "var": 0.0278542172164}, "spectral_centroid": {"dmean": 119.130264282, "dmean2": 177.710159302, "dvar": 86468.796875, "dvar2": 137653.0625, "max": 11002.0078125, "mean": 557.317626953, "median": 479.672515869, "min": 172.154296875, "var": 232874.46875}, "spectral_complexity": {"dmean": 1.72213208675, "dmean2": 2.74063038826, "dvar": 3.07104802132, "dvar2": 6.77147006989, "max": 32, "mean": 13.0211009979, "median": 14, "min": 0, "var": 23.161195755}, "spectral_decrease": {"dmean": 2.5482753685e-09, "dmean2": 3.88277321406e-09, "dvar": 1.26949302852e-17, "dvar2": 2.80303517802e-17, "max": 5.03936128937e-11, "mean": -8.05389976932e-09, "median": -6.927181051e-09, "min": -4.58797053682e-08, "var": 2.99710564636e-17}, "spectral_energy": {"dmean": 0.00989374238998, "dmean2": 0.0150396693498, "dvar": 0.000187529323739, "dvar2": 0.000412393594161, "max": 0.177288174629, "mean": 0.0318661257625, "median": 0.0274520236999, "min": 1.11128185239e-20, "var": 0.000453527231002}, "spectral_energyband_high": {"dmean": 0.000401458441047, "dmean2": 0.000567259266973, "dvar": 1.53021005644e-06, "dvar2": 2.90693833449e-06, "max": 0.0309828277677, "mean": 0.00060362619115, "median": 0.000146907041199, "min": 8.06247530839e-21, "var": 3.40589417647e-06}, "spectral_energyband_low": {"dmean": 0.00190886226483, "dmean2": 0.00294975121506, "dvar": 1.03238371594e-05, "dvar2": 2.54097594734e-05, "max": 0.049512989819, "mean": 0.00402045343071, "median": 0.00291566434316, "min": 6.46833819865e-23, "var": 1.6553543901e-05}, "spectral_energyband_middle_high": {"dmean": 0.000552657875232, "dmean2": 0.000777589273639, "dvar": 5.4259027138e-07, "dvar2": 1.10354778826e-06, "max": 0.0159820597619, "mean": 0.0023964876309, "median": 0.00213577202521, "min": 1.69355930697e-21, "var": 3.44321097145e-06}, "spectral_energyband_middle_low": {"dmean": 0.00933034997433, "dmean2": 0.0143586099148, "dvar": 0.000174723463715, "dvar2": 0.000399314420065, "max": 0.174523606896, "mean": 0.0267995856702, "median": 0.0226749479771, "min": 3.76331332872e-22, "var": 0.000380632700399}, "spectral_entropy": {"dmean": 0.273159682751, "dmean2": 0.379316866398, "dvar": 0.109460227191, "dvar2": 0.190377622843, "max": 9.79714012146, "mean": 6.76379346848, "median": 6.76807308197, "min": 4.15250349045, "var": 0.452361822128}, "spectral_flux": {"dmean": 0.0244523975998, "dmean2": 0.0389444157481, "dvar": 0.000737918599043, "dvar2": 0.00174735567998, "max": 0.382619917393, "mean": 0.0689295530319, "median": 0.0608697794378, "min": 1.054173554e-10, "var": 0.00164249865338}, "spectral_kurtosis": {"dmean": 4.22060394287, "dmean2": 6.16340684891, "dvar": 79.2220230103, "dvar2": 144.54624939, "max": 199.017547607, "mean": 12.5609951019, "median": 8.333735466, "min": -1.27481293678, "var": 434.170837402}, "spectral_rms": {"dmean": 0.000805536867119, "dmean2": 0.00120154512115, "dvar": 8.08248103112e-07, "dvar2": 1.68140604728e-06, "max": 0.0131515804678, "mean": 0.005273593124, "median": 0.00517517747357, "min": 3.29268491812e-12, "var": 3.27814404955e-06}, "spectral_rolloff": {"dmean": 291.767150879, "dmean2": 478.411071777, "dvar": 1266640.125, "dvar2": 2389133, "max": 18109.4238281, "mean": 851.76965332, "median": 516.796875, "min": 150.732421875, "var": 2741625.75}, "spectral_skewness": {"dmean": 0.409420996904, "dmean2": 0.572567164898, "dvar": 0.319750100374, "dvar2": 0.526010811329, "max": 11.8465681076, "mean": 2.69891762733, "median": 2.50604605675, "min": -0.247074753046, "var": 2.00999188423}, "spectral_spread": {"dmean": 1137422.875, "dmean2": 1513437.5, "dvar": 2365918806020.0, "dvar2": 3914773299200.0, "max": 42703360, "mean": 4959907, "median": 4249865, "min": 494029.5, "var": 7284482637820.0}, "spectral_strongpeak": {"dmean": 0.381256997585, "dmean2": 0.639027416706, "dvar": 0.322236955166, "dvar2": 0.810720741749, "max": 18.7283649445, "mean": 0.896968245506, "median": 0.74450981617, "min": 0, "var": 0.498252898455}, "zerocrossingrate": {"dmean": 0.0111387837678, "dmean2": 0.0127095161006, "dvar": 0.000391783629311, "dvar2": 0.000364068109775, "max": 0.53271484375, "mean": 0.0429342724383, "median": 0.033203125, "min": 0.0068359375, "var": 0.00189673481509}, "barkbands": {"dmean": [1.71294459506e-07, 0.000200388938538, 0.00125261186622, 0.00282407272607, 0.00696854153648, 0.00135898857843, 0.000570248754229, 0.00054983200971, 0.000200080714421, 0.000378486525733, 0.000132681117975, 0.000186515695532, 5.21626461705e-05, 0.00010607184231, 9.96697199298e-05, 2.69426363957e-05, 4.40861876996e-05, 2.10885900742e-05, 2.12199865928e-05, 1.25103069877e-05, 2.66158640443e-05, 6.84725164319e-05, 7.39082097425e-05, 0.000100943179859, 9.19812300708e-05, 6.10107672401e-05, 1.74541273736e-05], "dmean2": [2.92124923362e-07, 0.000313528755214, 0.0019956335891, 0.00453105475754, 0.0107296789065, 0.00209663109854, 0.000830231467262, 0.000769381411374, 0.000275329919532, 0.00051091396017, 0.000202531955438, 0.000269485724857, 8.02659706096e-05, 0.000159559087479, 0.000152034772327, 4.16513721575e-05, 7.01548269717e-05, 3.35886652465e-05, 3.31431001541e-05, 1.92255502043e-05, 3.99499876949e-05, 0.00010295768152, 0.000107388383185, 0.00015247160627, 0.00013693436631, 8.93725664355e-05, 2.561376823e-05], "dvar": [7.73527509407e-13, 1.72660904241e-07, 5.66527205592e-06, 1.6955056708e-05, 0.000129279098473, 3.73364810002e-06, 1.93762093659e-06, 1.6154193645e-06, 2.35110348967e-07, 3.73249122276e-07, 7.6248817038e-08, 7.64669252362e-08, 1.39620439654e-08, 4.08139797514e-08, 2.77489178302e-08, 3.84411613652e-09, 5.5737605642e-09, 1.74165970535e-09, 2.31524133198e-09, 7.90523646543e-10, 1.04024522329e-08, 1.74656136664e-07, 8.98491023804e-08, 1.04770819576e-07, 8.04490341011e-08, 4.83647362159e-08, 3.04753688951e-09], "dvar2": [1.98716542353e-12, 3.92913648284e-07, 1.4196120901e-05, 4.58392460132e-05, 0.000301839172607, 9.33252340474e-06, 4.0770232772e-06, 3.34829701387e-06, 4.27872549835e-07, 7.41967539852e-07, 1.63986811685e-07, 1.74534704911e-07, 3.20808091203e-08, 9.37164159609e-08, 6.19127220602e-08, 8.52397707973e-09, 1.3749599681e-08, 4.15158352141e-09, 5.42546274573e-09, 1.79168591075e-09, 2.29296102106e-08, 4.10779364302e-07, 1.8153092185e-07, 2.19777362531e-07, 1.71318845332e-07, 1.07588469689e-07, 6.42698250175e-09], "max": [2.96107064059e-05, 0.00606395211071, 0.033092059195, 0.0697341561317, 0.163479596376, 0.0503606833518, 0.0352205261588, 0.039075832814, 0.013708293438, 0.015014346689, 0.00677328137681, 0.00579241709784, 0.00242989324033, 0.00503451703116, 0.00359969818965, 0.00232007331215, 0.00181691360194, 0.00163472665008, 0.00111945986282, 0.00057407427812, 0.00333835766651, 0.0144123090431, 0.00998289883137, 0.0132331866771, 0.00813968479633, 0.00593513157219, 0.00162949273363], "mean": [1.45659313944e-07, 0.000305319903418, 0.0022241899278, 0.00453150551766, 0.0137565806508, 0.00375645561144, 0.0016164269764, 0.00160736369435, 0.000608391186688, 0.00133424741216, 0.000264137983322, 0.000409785046941, 0.000110432956717, 0.000240286724875, 0.000230627338169, 5.67384631722e-05, 0.000100538221886, 4.62278003397e-05, 4.75211127196e-05, 2.56533403444e-05, 4.51183586847e-05, 9.4342896773e-05, 0.000112456116767, 0.000123621939565, 0.000115649076179, 8.12205471448e-05, 2.12257582461e-05], "median": [1.86205397767e-08, 0.000101414516394, 0.00138448982034, 0.00297884643078, 0.00890720821917, 0.00296618649736, 0.000894312164746, 0.000606165849604, 0.000248928263318, 0.000851584016345, 0.000103731130366, 0.000232885315199, 4.20930591645e-05, 0.000131844644784, 0.000147138634929, 2.64807567874e-05, 5.67785573367e-05, 3.11133226205e-05, 2.62807279796e-05, 1.52820084622e-05, 1.20192444228e-05, 9.37817003432e-06, 2.59884000116e-05, 2.71880089713e-05, 1.6496724129e-05, 1.46859165397e-05, 2.12898407881e-06], "min": [6.17835608534e-23, 1.15538209009e-23, 1.16328734411e-23, 2.76944325145e-23, 3.70126089883e-23, 7.87884674074e-23, 7.81210847707e-23, 3.05668454644e-23, 9.0579779617e-23, 8.03600297919e-23, 6.3325954317e-23, 9.12884291454e-23, 1.40422188865e-22, 1.03298565059e-22, 1.25769798059e-22, 1.76492923176e-22, 1.98391209656e-22, 2.81316886479e-22, 2.3070940206e-22, 3.07389660787e-22, 2.98017967989e-22, 6.50812922624e-22, 6.81242354829e-22, 9.62827024876e-22, 1.65212787784e-21, 1.56369215275e-21, 2.56188135076e-21], "var": [5.98992372629e-13, 2.78814468402e-07, 8.16074771137e-06, 2.4095603294e-05, 0.000230134421145, 1.15635439215e-05, 5.23787184648e-06, 6.57420423522e-06, 1.49319600951e-06, 2.31992612498e-06, 2.58506048567e-07, 2.60099710658e-07, 3.75140452036e-08, 9.73642002577e-08, 7.26180786614e-08, 9.87953097109e-09, 1.68929901179e-08, 3.17038550968e-09, 5.35259436774e-09, 1.40931222248e-09, 1.79218755392e-08, 2.82930670892e-07, 2.03340903226e-07, 1.64220807619e-07, 1.3939907717e-07, 7.93408858613e-08, 5.67047342415e-09]}, "erbbands": {"dmean": [0.00105414225254, 0.0806348994374, 1.15021216869, 4.37282848358, 27.1810855865, 16.5670642853, 13.892118454, 9.06439304352, 8.86285972595, 11.2552309036, 11.0206661224, 4.34981155396, 13.3726196289, 6.73840141296, 5.22943401337, 7.7869977951, 2.37397122383, 5.7550778389, 3.90035867691, 4.70361757278, 1.75874888897, 1.9236266613, 1.11981213093, 0.955242097378, 1.08876717091, 0.578937590122, 0.894400894642, 1.281478405, 2.16654062271, 2.93574047089, 2.0158367157, 1.798371315, 1.81323957443, 1.13295555115, 0.602632880211, 0.25707629323, 0.118339151144, 0.0292042121291, 0.00277106952854, 0.000135732290801], "dmean2": [0.00165138102602, 0.126998782158, 1.83574461937, 6.78544712067, 41.5951080322, 26.5281639099, 20.5989227295, 15.0922241211, 14.1004571915, 16.4068202972, 14.5314378738, 5.81636667252, 18.0154495239, 9.26208305359, 8.09437179565, 10.837647438, 3.48839497566, 8.6215877533, 5.96393728256, 7.16213417053, 2.68354558945, 3.01456522942, 1.72176086903, 1.50854086876, 1.70194101334, 0.870833933353, 1.36831974983, 1.95110738277, 3.23687767982, 4.27077770233, 2.90581560135, 2.71201372147, 2.74867296219, 1.707939744, 0.91165792942, 0.37629917264, 0.175814911723, 0.0433332063258, 0.00405020266771, 0.000201097427635], "dvar": [4.39712812295e-06, 0.0270124971867, 4.98489379883, 40.6740608215, 1854.00146484, 757.942382812, 457.810424805, 171.651473999, 396.640716553, 553.485900879, 684.139648438, 97.1416625977, 501.936828613, 187.042022705, 84.0969009399, 121.225700378, 25.2462806702, 120.768432617, 58.0758056641, 62.3520622253, 10.2843322754, 10.2141704559, 4.24010753632, 4.96443748474, 7.79866886139, 2.1623737812, 6.48434782028, 54.6679153442, 183.276809692, 250.373306274, 49.7894248962, 41.9290313721, 27.7102718353, 12.8997859955, 4.03539276123, 0.914558947086, 0.206588581204, 0.00964036397636, 8.53712190292e-05, 1.31968093342e-07], "dvar2": [9.73056921794e-06, 0.0600950270891, 11.9085922241, 105.036361694, 4101.16455078, 1945.91027832, 1058.36462402, 492.618225098, 912.084838867, 1228.25585938, 1268.04443359, 195.739013672, 1021.72698975, 335.118774414, 185.368255615, 251.555541992, 57.7814750671, 279.550018311, 128.5234375, 142.093215942, 24.2457923889, 24.0623493195, 9.5376033783, 12.6029529572, 17.9849014282, 4.78223896027, 13.6462516785, 138.981765747, 434.343078613, 547.966247559, 98.0385131836, 88.5211639404, 58.1793746948, 27.5170822144, 9.36220169067, 2.0008482933, 0.487557590008, 0.0215758495033, 0.000186612698599, 2.87690852474e-07], "max": [0.0289837680757, 2.35361289978, 33.2635231018, 108.373283386, 540.995300293, 457.406738281, 513.817932129, 202.166152954, 577.848022461, 472.180786133, 1000.32403564, 322.833984375, 655.25213623, 462.078674316, 242.185897827, 261.289611816, 123.389511108, 300.089172363, 207.416000366, 132.714752197, 87.917388916, 71.1153717041, 63.3712615967, 61.3542480469, 70.2567062378, 41.0205726624, 79.213760376, 269.276367188, 439.349212646, 543.243164062, 248.047409058, 311.046295166, 161.442489624, 95.7099685669, 70.5227508545, 39.675365448, 14.7296514511, 2.45445156097, 0.264643520117, 0.00996983703226], "mean": [0.0019295719685, 0.13308288157, 2.0640335083, 9.23711585999, 47.3901405334, 31.7009506226, 35.5924530029, 22.2911682129, 21.0987529755, 31.791841507, 35.3636131287, 15.4878644943, 47.1869354248, 19.8360099792, 11.8645544052, 18.0654716492, 6.36202001572, 13.5187253952, 8.60570716858, 10.7033882141, 4.45306015015, 4.92404508591, 2.92644047737, 2.04339599609, 2.41351795197, 1.26950514317, 1.64480888844, 1.86396062374, 2.93505764008, 4.12633371353, 3.14159727097, 2.22233462334, 2.24653697014, 1.44278848171, 0.711139142513, 0.323302417994, 0.156423985958, 0.0379008352757, 0.00345651246607, 0.000188806181541], "median": [0.00102648057509, 0.0569478981197, 1.22883141041, 6.89596605301, 25.9515724182, 21.2016620636, 24.5449085236, 16.6007766724, 13.5378198624, 14.08015728, 12.5286579132, 9.0261220932, 29.0215988159, 12.1462507248, 6.49543333054, 11.2140302658, 3.71008110046, 7.4210486412, 5.46301078796, 6.65373849869, 2.54404973984, 2.82528352737, 2.04310584068, 1.32848572731, 1.2359585762, 0.722707033157, 0.575364291668, 0.369568794966, 0.297778040171, 0.555228233337, 0.795033216476, 0.562026619911, 0.447508960962, 0.212721243501, 0.0866677835584, 0.0427626147866, 0.0282414723188, 0.00622730515897, 0.000408338411944, 5.45961192984e-05], "min": [7.57626001855e-22, 1.77614377936e-21, 1.14017670906e-20, 7.08504363835e-20, 4.22823806799e-20, 1.26287215082e-19, 3.95086379371e-19, 6.50465572198e-19, 1.18110968997e-18, 9.9280036916e-19, 1.0617464936e-18, 1.55186413803e-18, 2.32079996512e-18, 2.84426467217e-18, 2.58905670573e-18, 4.01525049862e-18, 6.57884534432e-18, 5.80280724109e-18, 5.8174797708e-18, 7.83787048491e-18, 1.01477864075e-17, 1.15631974875e-17, 1.58424046284e-17, 1.15567413429e-17, 1.51464496025e-17, 1.48607166035e-17, 1.13950903988e-17, 1.31263041475e-17, 2.25623587134e-17, 2.15550826835e-17, 1.99212471181e-17, 1.68865414807e-17, 1.71648414347e-17, 1.76576111236e-17, 1.18530945137e-17, 5.81309447278e-18, 2.95198943732e-18, 1.34083992061e-18, 3.39415056195e-19, 3.48698342651e-20], "var": [7.3063988566e-06, 0.0445182695985, 7.62361478806, 71.5315475464, 3647.85083008, 1241.89526367, 1450.16772461, 438.344299316, 766.868713379, 2296.1706543, 3676.66552734, 412.27947998, 3001.20849609, 878.896484375, 283.427490234, 441.11605835, 74.7190322876, 298.350616455, 121.82975769, 175.13973999, 36.3132896423, 39.7081794739, 10.8660135269, 6.78982877731, 19.2400283813, 4.25283765793, 12.201666832, 73.9108047485, 281.456329346, 489.255828857, 112.824424744, 61.0711479187, 46.1335983276, 22.4862003326, 5.97727251053, 1.44513988495, 0.307639628649, 0.0163490939885, 0.000153530520038, 2.24805518201e-07]}, "gfcc": {"mean": [-21.4229431152, 101.521690369, -81.2206039429, -2.60040521622, -67.6952362061, 1.72673273087, -56.2938194275, -9.06673240662, -33.8990592957, -16.5031528473, -26.0903873444, -9.82804393768, -17.8033561707], "cov": [[7353.82861328, -2086.65991211, -972.573730469, 113.108650208, -132.091491699, 153.837905884, -303.511260986, 298.412902832, -255.478088379, 110.436729431, -251.119842529, 80.9475326538, -120.654327393], [-2086.65991211, 1915.20727539, -261.111175537, -76.1900100708, 121.639793396, -143.935455322, 191.091812134, -81.3157653809, 111.660491943, -128.695510864, 177.160629272, -131.6068573, 80.5384597778], [-972.573730469, -261.111175537, 1014.36572266, 31.721244812, 73.9962844849, 71.360496521, 4.01568746567, -67.0016860962, 22.7520465851, 56.5239067078, -36.4804763794, 67.5932540894, -48.0029182434], [113.108650208, -76.1900100708, 31.721244812, 355.764373779, 24.2659244537, 46.2447738647, 5.09114646912, -67.3966064453, 5.03417396545, -7.73455524445, -25.9824447632, -11.4365749359, 55.4421882629], [-132.091491699, 121.639793396, 73.9962844849, 24.2659244537, 190.918548584, 1.21908938885, -15.801232338, 11.2617549896, 13.3209972382, 14.5013065338, -4.1327290535, 2.99954414368, 11.02140522], [153.837905884, -143.935455322, 71.360496521, 46.2447738647, 1.21908938885, 159.428619385, 47.0510673523, -12.3857812881, -17.7299175262, 14.7696008682, 0.989364683628, -0.543902516365, 4.65694189072], [-303.511260986, 191.091812134, 4.01568746567, 5.09114646912, -15.801232338, 47.0510673523, 168.76361084, -15.179930687, 3.72458553314, -25.3719482422, 18.7100200653, -10.6858043671, -5.73908090591], [298.412902832, -81.3157653809, -67.0016860962, -67.3966064453, 11.2617549896, -12.3857812881, -15.179930687, 131.544189453, 12.8761920929, 8.5004119873, -4.64432954788, 2.14819765091, -26.7145709991], [-255.478088379, 111.660491943, 22.7520465851, 5.03417396545, 13.3209972382, -17.7299175262, 3.72458553314, 12.8761920929, 91.1253890991, 14.0361318588, 2.41629624367, -4.04765319824, -1.32782626152], [110.436729431, -128.695510864, 56.5239067078, -7.73455524445, 14.5013065338, 14.7696008682, -25.3719482422, 8.5004119873, 14.0361318588, 81.1010360718, -0.479729354382, 11.8252325058, -13.3959531784], [-251.119842529, 177.160629272, -36.4804763794, -25.9824447632, -4.1327290535, 0.989364683628, 18.7100200653, -4.64432954788, 2.41629624367, -0.479729354382, 89.7121200562, -4.17115783691, 1.26927125454], [80.9475326538, -131.6068573, 67.5932540894, -11.4365749359, 2.99954414368, -0.543902516365, -10.6858043671, 2.14819765091, -4.04765319824, 11.8252325058, -4.17115783691, 72.5411605835, -0.687774062157], [-120.654327393, 80.5384597778, -48.0029182434, 55.4421882629, 11.02140522, 4.65694189072, -5.73908090591, -26.7145709991, -1.32782626152, -13.3959531784, 1.26927125454, -0.687774062157, 94.0399856567]], "icov": [[0.000360659963917, 0.000223436931265, 0.000468599464511, -0.000215052379644, -2.89214531222e-05, -0.000353326671757, 0.000330787559506, -0.000462033669464, 0.000636029755697, -0.000241469038883, 0.000566886679735, -0.000294369994663, 0.000511957041454], [0.000223436931265, 0.00175912771374, 0.000430238171248, 0.00046543951612, -0.00142430211417, 0.00129888649099, -0.00143636134453, 0.000889271788765, -0.00136783334892, 0.00151414854918, -0.00212456635199, 0.00199275440536, -0.000767488090787], [0.000468599464511, 0.000430238171248, 0.00191877235193, -0.000196985027287, -0.000678772747051, -0.000896629528143, 0.000308068905724, 0.000470265251352, 0.000186180841411, -0.000563193054404, 0.00103272451088, -0.00133266916964, 0.00150338874664], [-0.000215052379644, 0.00046543951612, -0.000196985027287, 0.00398009084165, -0.000915991084184, -0.000286131747998, -0.000606421439443, 0.0023112737108, -0.0016917467583, 0.00103743944783, -8.95646662684e-05, 0.00148343807086, -0.00224453560077], [-2.89214531222e-05, -0.00142430211417, -0.000678772747051, -0.000915991084184, 0.00693583814427, -0.00110528164078, 0.00171947653871, -0.00204111775383, 0.00107500457671, -0.00210274173878, 0.00194893334992, -0.0015319007216, -0.000178646107088], [-0.000353326671757, 0.00129888649099, -0.000896629528143, -0.000286131747998, -0.00110528164078, 0.00986865349114, -0.00453109992668, 0.000928803347051, 9.34820491238e-05, -0.00080897542648, -0.00300755375065, 0.00290840119123, -0.00227861222811], [0.000330787559506, -0.00143636134453, 0.000308068905724, -0.000606421439443, 0.00171947653871, -0.00453109992668, 0.00943316146731, -0.000809238117654, 0.000967932748608, 0.00113589235116, 0.00167843257077, -0.00205850065686, 0.00267575029284], [-0.000462033669464, 0.000889271788765, 0.000470265251352, 0.0023112737108, -0.00204111775383, 0.000928803347051, -0.000809238117654, 0.011216128245, -0.00380515027791, 0.00134459370747, -0.00139290071093, 0.00119318766519, 0.00101843499579], [0.000636029755697, -0.00136783334892, 0.000186180841411, -0.0016917467583, 0.00107500457671, 9.34820491238e-05, 0.000967932748608, -0.00380515027791, 0.015483725816, -0.00504528544843, 0.00318195484579, -0.00153759191744, 0.00137313932646], [-0.000241469038883, 0.00151414854918, -0.000563193054404, 0.00103743944783, -0.00210274173878, -0.00080897542648, 0.00113589235116, 0.00134459370747, -0.00504528544843, 0.017159294337, -0.00360200181603, 0.000633603543974, 0.000658453616779], [0.000566886679735, -0.00212456635199, 0.00103272451088, -8.95646662684e-05, 0.00194893334992, -0.00300755375065, 0.00167843257077, -0.00139290071093, 0.00318195484579, -0.00360200181603, 0.016725923866, -0.00353233446367, 0.00203432282433], [-0.000294369994663, 0.00199275440536, -0.00133266916964, 0.00148343807086, -0.0015319007216, 0.00290840119123, -0.00205850065686, 0.00119318766519, -0.00153759191744, 0.000633603543974, -0.00353233446367, 0.0185293667018, -0.00313858874142], [0.000511957041454, -0.000767488090787, 0.00150338874664, -0.00224453560077, -0.000178646107088, -0.00227861222811, 0.00267575029284, 0.00101843499579, 0.00137313932646, 0.000658453616779, 0.00203432282433, -0.00313858874142, 0.0146877737716]]}, "melbands": {"dmean": [2.79028299701e-05, 0.000423625344411, 0.0014361833455, 0.0017534897197, 0.00046174574527, 0.000216944230488, 0.000133891619043, 0.000119751275633, 8.14640370663e-05, 2.74476751656e-05, 6.66093910695e-05, 2.80938456854e-05, 2.00226422749e-05, 2.21895061259e-05, 9.79555807135e-06, 6.62504680804e-06, 1.15073526104e-05, 5.92992046222e-06, 6.48657987767e-06, 4.16925831814e-06, 2.39263772528e-06, 2.44275133809e-06, 1.44883335906e-06, 1.04473167539e-06, 8.04230182894e-07, 8.77455249793e-07, 5.38118399618e-07, 3.66214607084e-07, 5.73941917992e-07, 7.18474154837e-07, 8.28048598578e-07, 1.23049915146e-06, 1.57171405135e-06, 1.69673819528e-06, 1.31898889322e-06, 8.00420707492e-07, 1.30264527343e-06, 1.33042669859e-06, 1.17679564937e-06, 9.26013456137e-07], "dmean2": [4.36225309386e-05, 0.000676897005178, 0.00220905570313, 0.00274351472035, 0.000697034294717, 0.000353543116944, 0.000212329643546, 0.000176403103978, 0.00010711979121, 3.72319482267e-05, 8.97828358575e-05, 3.86181600334e-05, 3.08023154503e-05, 3.25512955897e-05, 1.33877465487e-05, 9.88442661765e-06, 1.72960608325e-05, 9.07691992325e-06, 9.80918503046e-06, 6.39376594336e-06, 3.72974568563e-06, 3.87216005038e-06, 2.20713059207e-06, 1.71735723598e-06, 1.28134593069e-06, 1.37593008276e-06, 8.43187422106e-07, 5.58835552056e-07, 9.02221813703e-07, 1.06419247459e-06, 1.3253392126e-06, 1.87174816801e-06, 2.35215111388e-06, 2.5563856525e-06, 1.95045367946e-06, 1.20426489048e-06, 2.01676698453e-06, 2.06373442779e-06, 1.76330877366e-06, 1.42186092944e-06], "dvar": [3.32229421751e-09, 6.81784740664e-07, 4.10851680499e-06, 8.70908297657e-06, 4.26197061643e-07, 9.33957977622e-08, 9.00528576153e-08, 6.54764562569e-08, 3.86611809233e-08, 4.18563406157e-09, 1.22334107289e-08, 3.57739238233e-09, 1.54324675261e-09, 1.26534183131e-09, 2.20253593142e-10, 1.55730303653e-10, 5.18236120683e-10, 1.36011701901e-10, 1.24697488446e-10, 5.64987640006e-11, 1.94854011398e-11, 1.69520526089e-11, 7.33505096939e-12, 5.2889281496e-12, 3.88837096202e-12, 5.35567597215e-12, 1.34381525005e-12, 9.07420731437e-13, 2.15695386899e-12, 7.71998524135e-12, 3.50146023287e-11, 6.61597998608e-11, 9.91793730476e-11, 8.74650629701e-11, 2.39948963476e-11, 6.72985105143e-12, 2.83180475597e-11, 1.57950770519e-11, 1.26736806813e-11, 9.55035703298e-12], "dvar2": [7.57146700892e-09, 1.6230236497e-06, 9.81435823633e-06, 2.06972817978e-05, 1.00893703348e-06, 2.63551868329e-07, 2.05957590538e-07, 1.477272491e-07, 7.14394161605e-08, 8.22046519744e-09, 2.4806652732e-08, 6.32081453844e-09, 3.3444742531e-09, 2.98593194614e-09, 4.55893989226e-10, 3.48867601474e-10, 1.1983295467e-09, 3.04007430341e-10, 2.83634143949e-10, 1.28411947742e-10, 4.77900184703e-11, 4.14280380834e-11, 1.66440056182e-11, 1.33773018704e-11, 1.0111536608e-11, 1.23940571348e-11, 3.06792763936e-12, 2.03020955082e-12, 4.97096764793e-12, 1.61857402481e-11, 9.3244377497e-11, 1.63303509604e-10, 2.31305391507e-10, 2.01754668527e-10, 5.05907850334e-11, 1.38664487878e-11, 5.99954391722e-11, 3.42780075158e-11, 2.70165695371e-11, 2.11132153427e-11], "max": [0.000853750505485, 0.0121803954244, 0.0283220503479, 0.0426096506417, 0.0136686963961, 0.00537246046588, 0.00827898737043, 0.00647258665413, 0.00805298984051, 0.0020879721269, 0.00318716699257, 0.0020634054672, 0.000942555314396, 0.000674857583363, 0.000273211975582, 0.00028710605693, 0.000598506710958, 0.000310202827677, 0.000218843299081, 0.000203222662094, 0.000121443321405, 9.44682469708e-05, 6.55629773973e-05, 0.000110653389129, 5.75893136556e-05, 6.05744353379e-05, 2.69724096142e-05, 2.41238758463e-05, 3.95405986637e-05, 0.000101447221823, 0.00023026195413, 0.000282071297988, 0.00037887156941, 0.000353909650585, 0.000175767097971, 0.000102191930637, 0.000282247085124, 0.000116332528705, 8.8525681349e-05, 8.83608372533e-05], "mean": [4.30457112088e-05, 0.000741157040466, 0.00276699545793, 0.00313110440038, 0.00116612960119, 0.000558598781936, 0.000329130940372, 0.000336955301464, 0.000256263156189, 9.34346317081e-05, 0.000234032631852, 7.70831975387e-05, 4.04926504416e-05, 4.83202165924e-05, 2.33266455325e-05, 1.47325827129e-05, 2.63773381448e-05, 1.23216941574e-05, 1.5212955077e-05, 9.11766983336e-06, 5.02869852426e-06, 5.60782518733e-06, 3.61006800631e-06, 2.0633249278e-06, 1.52673953835e-06, 1.86809302249e-06, 1.20341348975e-06, 7.03131490809e-07, 9.42947281146e-07, 1.2279948578e-06, 1.02480578335e-06, 1.55613713559e-06, 2.09292215914e-06, 2.32217439589e-06, 2.06490926757e-06, 1.05267417894e-06, 1.51512813318e-06, 1.53702228545e-06, 1.56311079991e-06, 1.11110466605e-06], "median": [1.49306069943e-05, 0.000435111462139, 0.00188636104576, 0.00188883347437, 0.000833735859487, 0.00043210881995, 0.00021353662305, 0.000154983921675, 8.56981496327e-05, 4.95003623655e-05, 0.000143207274959, 4.27200538979e-05, 1.87467794603e-05, 2.52732934314e-05, 1.47157234096e-05, 6.55171015751e-06, 1.37461447594e-05, 7.66350058257e-06, 9.34830950428e-06, 5.28948748979e-06, 2.47864295488e-06, 2.97691076412e-06, 2.28447356676e-06, 1.34599315516e-06, 9.31535680593e-07, 8.6323927917e-07, 7.22000606856e-07, 3.49054488424e-07, 3.40414601396e-07, 3.1480715279e-07, 1.49286208284e-07, 1.43649046436e-07, 1.88744238017e-07, 3.39177773867e-07, 5.04127115164e-07, 2.64295834995e-07, 3.36102061738e-07, 2.82072562641e-07, 2.58373262341e-07, 1.45074196212e-07], "min": [7.51464401806e-24, 4.16863763489e-24, 1.06117497973e-23, 4.18999841048e-24, 1.29682611258e-23, 1.63694648953e-23, 1.76547433464e-23, 9.83492059859e-24, 1.12199268453e-23, 9.98306157684e-24, 1.10514774319e-23, 1.11533059642e-23, 8.45283234834e-24, 8.42386774248e-24, 1.20837113927e-23, 1.59452249668e-23, 9.52961486219e-24, 9.46782338748e-24, 9.08359842841e-24, 1.18076700293e-23, 1.1467995201e-23, 1.0630744779e-23, 1.37171062727e-23, 1.39806378799e-23, 8.44118008391e-24, 1.00417757052e-23, 1.24689247945e-23, 8.43026934873e-24, 6.6010354103e-24, 7.82399345546e-24, 7.2189907837e-24, 1.29175783903e-23, 1.30982859133e-23, 1.19156169668e-23, 1.26095360955e-23, 7.94659585077e-24, 1.19716513346e-23, 1.21133907066e-23, 1.09477777216e-23, 1.73208059035e-23], "var": [5.37560174152e-09, 1.03752211089e-06, 7.9131232269e-06, 1.4286599253e-05, 1.32259447128e-06, 2.55547973893e-07, 1.79742116302e-07, 2.37928205138e-07, 2.03835128332e-07, 2.26902319156e-08, 7.42499253192e-08, 1.67092757408e-08, 5.18093656865e-09, 4.22898516206e-09, 7.41084582589e-10, 4.9449633277e-10, 1.26758670227e-09, 2.73640832216e-10, 3.39854117071e-10, 1.46967008008e-10, 5.67041170962e-11, 6.08256917056e-11, 2.0247451285e-11, 7.87362623017e-12, 4.54751774431e-12, 1.34255228462e-11, 2.9372524378e-12, 1.63589985742e-12, 3.53448758976e-12, 1.28652574705e-11, 4.03454596121e-11, 9.04218228071e-11, 1.52173801338e-10, 1.61318916558e-10, 4.96501659231e-11, 1.28253562284e-11, 3.79512428428e-11, 2.3757298212e-11, 2.21740091566e-11, 1.55356283393e-11]}, "mfcc": {"mean": [-681.090332031, 147.64239502, 27.7926292419, -1.20692110062, 5.34374237061, -6.66293811798, -13.0163106918, -6.08359050751, -14.1887531281, -6.59301042557, -16.500951767, -14.4577789307, -12.3277254105], "cov": [[6322.15429688, -1144.51123047, -932.145141602, -328.107818604, -20.572807312, -106.899894714, -5.01750469208, 39.8809280396, 36.6207733154, 51.4549064636, -69.9598312378, -6.27360630035, -91.5932159424], [-1144.51123047, 1292.48120117, -215.225036621, 58.0665283203, -34.935382843, -88.1175460815, 42.1045875549, 18.8833713531, -58.1687583923, 63.4822158813, -49.7561073303, 52.4297523499, 24.0276088715], [-932.145141602, -215.225036621, 759.327880859, 102.194358826, 81.0058670044, 164.794555664, 32.3836746216, 8.60371208191, 37.1442832947, -52.943977356, 96.707359314, -13.2356319427, 23.8316249847], [-328.107818604, 58.0665283203, 102.194358826, 271.268005371, 69.346031189, 86.6386566162, -4.27079916, 4.51246786118, 42.0163993835, -15.2367353439, 6.6570892334, -14.9930620193, -7.11145591736], [-20.572807312, -34.935382843, 81.0058670044, 69.346031189, 236.472213745, 29.8837871552, -3.89556717873, -18.550737381, 42.7372779846, 10.8328504562, 8.93699169159, 1.5623998642, 35.319568634], [-106.899894714, -88.1175460815, 164.794555664, 86.6386566162, 29.8837871552, 231.45072937, 55.8480834961, 9.74738025665, 36.3171081543, -27.2828941345, 51.9354858398, -26.9295921326, -20.3472194672], [-5.01750469208, 42.1045875549, 32.3836746216, -4.27079916, -3.89556717873, 55.8480834961, 146.221786499, 32.37682724, 0.969720840454, 11.8576812744, 22.2139015198, 8.66223239899, -7.68662691116], [39.8809280396, 18.8833713531, 8.60371208191, 4.51246786118, -18.550737381, 9.74738025665, 32.37682724, 104.977905273, 13.8435430527, 9.07407665253, 7.92483711243, 19.1030635834, 5.0898475647], [36.6207733154, -58.1687583923, 37.1442832947, 42.0163993835, 42.7372779846, 36.3171081543, 0.969720840454, 13.8435430527, 114.715057373, 4.96529960632, 5.65475893021, 8.21928024292, -3.11045265198], [51.4549064636, 63.4822158813, -52.943977356, -15.2367353439, 10.8328504562, -27.2828941345, 11.8576812744, 9.07407665253, 4.96529960632, 110.698104858, 14.05818367, 10.7497377396, 19.5488071442], [-69.9598312378, -49.7561073303, 96.707359314, 6.6570892334, 8.93699169159, 51.9354858398, 22.2139015198, 7.92483711243, 5.65475893021, 14.05818367, 100.647285461, 4.46085977554, 1.53894507885], [-6.27360630035, 52.4297523499, -13.2356319427, -14.9930620193, 1.5623998642, -26.9295921326, 8.66223239899, 19.1030635834, 8.21928024292, 10.7497377396, 4.46085977554, 107.012031555, 15.97306633], [-91.5932159424, 24.0276088715, 23.8316249847, -7.11145591736, 35.319568634, -20.3472194672, -7.68662691116, 5.0898475647, -3.11045265198, 19.5488071442, 1.53894507885, 15.97306633, 96.1279983521]], "icov": [[0.00029947393341, 0.000333218311425, 0.00046529941028, 0.000186280085472, -0.000163354488905, -8.71129886946e-05, -9.37214645091e-05, -0.000201551956707, -2.07755019801e-05, -8.79518775037e-05, 2.27332602662e-05, -5.40756191185e-05, 0.000171077059349], [0.000333218311425, 0.00130969728343, 0.000710713560693, -0.00032097887015, -4.5346623665e-05, 0.000138735995279, -0.000523119990248, -0.000228279415751, 0.000488296383992, -0.00051806733245, 0.000348643137841, -0.000460316630779, -1.46162471992e-06], [0.00046529941028, 0.000710713560693, 0.00259867939167, -9.25872736843e-05, -0.000547704461496, -0.000827666721307, -0.000262148940237, -0.000374483526684, -5.78036633669e-05, 0.000781458977144, -0.00134833448101, -6.97018767823e-05, -0.000488106394187], [0.000186280085472, -0.00032097887015, -9.25872736843e-05, 0.00512562319636, -0.00126762548462, -0.00176879006904, 0.000962834514212, -0.000618292135186, -0.00101831858046, 0.000201043527341, 0.000582373293582, 0.000408465653891, 0.000709920132067], [-0.000163354488905, -4.5346623665e-05, -0.000547704461496, -0.00126762548462, 0.00552182365209, 4.00036606152e-06, -0.000180346789421, 0.00157135806512, -0.00161014136393, -0.000534455874003, 9.9642915302e-05, -8.27335024951e-05, -0.00215918337926], [-8.71129886946e-05, 0.000138735995279, -0.000827666721307, -0.00176879006904, 4.00036606152e-06, 0.00740941567346, -0.00255739106797, 0.000175623761606, -0.00136381771881, 0.00151158694644, -0.00256805866957, 0.0015665658284, 0.000739004812203], [-9.37214645091e-05, -0.000523119990248, -0.000262148940237, 0.000962834514212, -0.000180346789421, -0.00255739106797, 0.00878470670432, -0.00228621228598, 0.000714240362868, -0.00108584866393, -0.000431911932537, -0.000650509784464, 0.000885058019776], [-0.000201551956707, -0.000228279415751, -0.000374483526684, -0.000618292135186, 0.00157135806512, 0.000175623761606, -0.00228621228598, 0.0112535431981, -0.00157841364853, -0.000382086524041, -0.00023821456125, -0.00149767822586, -0.00112743047066], [-2.07755019801e-05, 0.000488296383992, -5.78036633669e-05, -0.00101831858046, -0.00161014136393, -0.00136381771881, 0.000714240362868, -0.00157841364853, 0.0107199503109, -0.00119392434135, 0.000772753322963, -0.0013779514702, 0.00104702590033], [-8.79518775037e-05, -0.00051806733245, 0.000781458977144, 0.000201043527341, -0.000534455874003, 0.00151158694644, -0.00108584866393, -0.000382086524041, -0.00119392434135, 0.011101115495, -0.00301138404757, 0.000316000572639, -0.00198392104357], [2.27332602662e-05, 0.000348643137841, -0.00134833448101, 0.000582373293582, 9.9642915302e-05, -0.00256805866957, -0.000431911932537, -0.00023821456125, 0.000772753322963, -0.00301138404757, 0.0132358362898, -0.00118300085887, 0.000331844115863], [-5.40756191185e-05, -0.000460316630779, -6.97018767823e-05, 0.000408465653891, -8.27335024951e-05, 0.0015665658284, -0.000650509784464, -0.00149767822586, -0.0013779514702, 0.000316000572639, -0.00118300085887, 0.0106576411054, -0.00136052747257], [0.000171077059349, -1.46162471992e-06, -0.000488106394187, 0.000709920132067, -0.00215918337926, 0.000739004812203, 0.000885058019776, -0.00112743047066, 0.00104702590033, -0.00198392104357, 0.000331844115863, -0.00136052747257, 0.0124780125916]]}, "spectral_contrast_coeffs": {"dmean": [0.0506973601878, 0.038616579026, 0.0316238701344, 0.0271235331893, 0.024563672021, 0.0206533968449], "dmean2": [0.0841287598014, 0.0621372908354, 0.0487198531628, 0.0420589372516, 0.0373655967414, 0.0296185873449], "dvar": [0.00174887676258, 0.00120633631013, 0.00082950189244, 0.000560731452424, 0.000526812917087, 0.000449258892331], "dvar2": [0.00464097037911, 0.00294474232942, 0.00177603436168, 0.0012728656875, 0.00111209973693, 0.000861959415488], "max": [-0.209219649434, -0.331488460302, -0.448125302792, -0.537967383862, -0.593075752258, -0.626331031322], "mean": [-0.453039348125, -0.664062142372, -0.713114500046, -0.752207875252, -0.764391958714, -0.800226271152], "median": [-0.450932115316, -0.669144809246, -0.714562058449, -0.751937270164, -0.762430071831, -0.806797921658], "min": [-0.980820775032, -0.96970230341, -0.985013544559, -0.967079877853, -0.972350180149, -0.958702802658], "var": [0.0067822127603, 0.00491391588002, 0.00499224383384, 0.00319420709275, 0.00303953280672, 0.0025605103001]}, "spectral_contrast_valleys": {"dmean": [0.482315123081, 0.296349227428, 0.288879811764, 0.29898661375, 0.344493418932, 0.508659541607], "dmean2": [0.79574483633, 0.460600823164, 0.439278244972, 0.433359265327, 0.466853201389, 0.597964465618], "dvar": [0.202669128776, 0.110076785088, 0.115440629423, 0.124895334244, 0.165344879031, 0.312488645315], "dvar2": [0.473183125257, 0.199005335569, 0.193194016814, 0.195607334375, 0.250710070133, 0.464384764433], "max": [-5.87