{"lowlevel": {"average_loudness": 0.960423827171, "barkbands_crest": {"dmean": 1.63984060287, "dmean2": 2.52356123924, "dvar": 2.55655026436, "dvar2": 6.32401752472, "max": 26.1779098511, "mean": 8.97018814087, "median": 8.21685600281, "min": 2.28086423874, "var": 15.2195549011}, "barkbands_flatness_db": {"dmean": 0.0176920294762, "dmean2": 0.0235844943672, "dvar": 0.000386876199627, "dvar2": 0.000621643674094, "max": 0.40201574564, "mean": 0.13090915978, "median": 0.126282930374, "min": 0.0253636147827, "var": 0.00304326391779}, "barkbands_kurtosis": {"dmean": 1.96800065041, "dmean2": 2.81748986244, "dvar": 16.8586788177, "dvar2": 39.1606140137, "max": 182.024520874, "mean": 4.12730741501, "median": 2.18417835236, "min": -1.84893620014, "var": 56.4362373352}, "barkbands_skewness": {"dmean": 0.384815394878, "dmean2": 0.557481229305, "dvar": 0.187232717872, "dvar2": 0.408431559801, "max": 5.7646188736, "mean": 1.41823410988, "median": 1.4798374176, "min": -12.0791521072, "var": 1.7593818903}, "barkbands_spread": {"dmean": 6.41932964325, "dmean2": 8.4690656662, "dvar": 74.9207763672, "dvar2": 142.520339966, "max": 86.3520202637, "mean": 26.3603820801, "median": 19.8423976898, "min": 0.724873125553, "var": 343.486999512}, "dissonance": {"dmean": 0.0167237725109, "dmean2": 0.0271175503731, "dvar": 0.000298139057122, "dvar2": 0.000704497215338, "max": 0.500000059605, "mean": 0.450621217489, "median": 0.455193519592, "min": 0.157820492983, "var": 0.000964559207205}, "dynamic_complexity": 2.36988902092, "erbbands_crest": {"dmean": 1.93169844151, "dmean2": 2.99587130547, "dvar": 3.57728910446, "dvar2": 8.51788234711, "max": 32.2045440674, "mean": 8.44491195679, "median": 7.54173469543, "min": 2.52082014084, "var": 15.7899093628}, "erbbands_flatness_db": {"dmean": 0.0141783058643, "dmean2": 0.0182300228626, "dvar": 0.000224037532462, "dvar2": 0.000359524565283, "max": 0.382946014404, "mean": 0.148999780416, "median": 0.142766863108, "min": 0.0549311228096, "var": 0.00241113267839}, "erbbands_kurtosis": {"dmean": 0.710785269737, "dmean2": 1.04805612564, "dvar": 0.872055530548, "dvar2": 1.76837933064, "max": 29.6492195129, "mean": 0.501847505569, "median": 0.0881795883179, "min": -1.76737391949, "var": 4.07929563522}, "erbbands_skewness": {"dmean": 0.274782389402, "dmean2": 0.404782086611, "dvar": 0.0903512686491, "dvar2": 0.209787324071, "max": 3.43354511261, "mean": 0.67824190855, "median": 0.705317139626, "min": -2.14225745201, "var": 0.41608825326}, "erbbands_spread": {"dmean": 8.30621528625, "dmean2": 11.5547876358, "dvar": 88.6837158203, "dvar2": 167.404388428, "max": 112.351806641, "mean": 44.1034965515, "median": 40.2493171692, "min": 2.24876856804, "var": 377.76449585}, "hfc": {"dmean": 14.6173830032, "dmean2": 18.7389602661, "dvar": 779.377441406, "dvar2": 1698.85437012, "max": 249.70401001, "mean": 33.7660560608, "median": 17.6234550476, "min": 1.16716216753e-16, "var": 1595.46020508}, "melbands_crest": {"dmean": 2.13044714928, "dmean2": 3.35640788078, "dvar": 4.8873925209, "dvar2": 12.8030748367, "max": 27.3783779144, "mean": 11.941991806, "median": 11.4672222137, "min": 1.64097893238, "var": 16.6957206726}, "melbands_flatness_db": {"dmean": 0.0208076480776, "dmean2": 0.0267699249089, "dvar": 0.000608451955486, "dvar2": 0.0010238639079, "max": 0.382580399513, "mean": 0.173471853137, "median": 0.171967238188, "min": 0.00422915257514, "var": 0.00454035308212}, "melbands_kurtosis": {"dmean": 3.68263506889, "dmean2": 5.59467697144, "dvar": 24.4548187256, "dvar2": 53.2114143372, "max": 118.116836548, "mean": 10.8754320145, "median": 8.8968629837, "min": -1.42141735554, "var": 87.4479217529}, "melbands_skewness": {"dmean": 0.45624756813, "dmean2": 0.68671220541, "dvar": 0.212073281407, "dvar2": 0.483271420002, "max": 9.00315761566, "mean": 2.51659393311, "median": 2.48880338669, "min": -1.41225063801, "var": 1.13109898567}, "melbands_spread": {"dmean": 6.91340303421, "dmean2": 10.3157024384, "dvar": 119.621406555, "dvar2": 305.862091064, "max": 176.860366821, "mean": 26.4365730286, "median": 19.6388053894, "min": 1.76787734032, "var": 497.823547363}, "pitch_salience": {"dmean": 0.0487755313516, "dmean2": 0.076302446425, "dvar": 0.00231348024681, "dvar2": 0.00568040087819, "max": 0.958349168301, "mean": 0.583446145058, "median": 0.58553981781, "min": 0.181737914681, "var": 0.00919702183455}, "silence_rate_20dB": {"dmean": 0, "dmean2": 0, "dvar": 0, "dvar2": 0, "max": 1, "mean": 1, "median": 1, "min": 1, "var": 0}, "silence_rate_30dB": {"dmean": 0, "dmean2": 0, "dvar": 0, "dvar2": 0, "max": 1, "mean": 1, "median": 1, "min": 1, "var": 0}, "silence_rate_60dB": {"dmean": 0.00338282273151, "dmean2": 0.006766917184, "dvar": 0.00337138050236, "dvar2": 0.00672110915184, "max": 1, "mean": 0.0435926355422, "median": 0, "min": 0, "var": 0.0416920147836}, "spectral_centroid": {"dmean": 221.906951904, "dmean2": 326.426696777, "dvar": 95374.4296875, "dvar2": 210290.890625, "max": 11077.8818359, "mean": 1334.62072754, "median": 1174.38757324, "min": 304.302520752, "var": 505609.375}, "spectral_complexity": {"dmean": 3.37756061554, "dmean2": 4.9815788269, "dvar": 18.1090927124, "dvar2": 34.1178703308, "max": 58, "mean": 19.0127773285, "median": 18, "min": 0, "var": 76.4043960571}, "spectral_decrease": {"dmean": 1.38422751039e-09, "dmean2": 1.90906890296e-09, "dvar": 3.78753801574e-18, "dvar2": 8.6340185896e-18, "max": 4.60269131565e-14, "mean": -5.89283111196e-09, "median": -5.25836973964e-09, "min": -2.38020660959e-08, "var": 1.31471391727e-17}, "spectral_energy": {"dmean": 0.00614628382027, "dmean2": 0.00820813793689, "dvar": 7.57747184252e-05, "dvar2": 0.000167494188645, "max": 0.101809345186, "mean": 0.025303542614, "median": 0.0221874248236, "min": 1.0567100655e-20, "var": 0.000255391263636}, "spectral_energyband_high": {"dmean": 0.00151129532605, "dmean2": 0.00204688380472, "dvar": 1.05693397927e-05, "dvar2": 2.57154079009e-05, "max": 0.0334390103817, "mean": 0.00252693006769, "median": 0.000595164019614, "min": 7.57630313453e-21, "var": 1.76029152499e-05}, "spectral_energyband_low": {"dmean": 0.00153135869186, "dmean2": 0.00213459390216, "dvar": 7.76574051997e-06, "dvar2": 1.53751661855e-05, "max": 0.0297519676387, "mean": 0.00372120924294, "median": 0.00187336257659, "min": 1.52702165695e-22, "var": 2.33514329011e-05}, "spectral_energyband_middle_high": {"dmean": 0.00140611431561, "dmean2": 0.00207789381966, "dvar": 3.70299244423e-06, "dvar2": 8.7749594968e-06, "max": 0.0263709556311, "mean": 0.00454482622445, "median": 0.00379086239263, "min": 1.54887035248e-21, "var": 1.19996220747e-05}, "spectral_energyband_middle_low": {"dmean": 0.00413935538381, "dmean2": 0.00599365215749, "dvar": 4.1253715608e-05, "dvar2": 9.83672507573e-05, "max": 0.0757775083184, "mean": 0.0155921410769, "median": 0.0133429057896, "min": 3.56982329294e-22, "var": 0.000120763179439}, "spectral_entropy": {"dmean": 0.17945215106, "dmean2": 0.220861956477, "dvar": 0.0501375086606, "dvar2": 0.0787016302347, "max": 9.81376171112, "mean": 7.60249090195, "median": 7.57638454437, "min": 5.61256742477, "var": 0.372852087021}, "spectral_flux": {"dmean": 0.0188249703497, "dmean2": 0.025542570278, "dvar": 0.000561187393032, "dvar2": 0.00104074866977, "max": 0.248992353678, "mean": 0.0636850222945, "median": 0.0527838729322, "min": 1.02796403334e-10, "var": 0.00169317354448}, "spectral_kurtosis": {"dmean": 1.11167573929, "dmean2": 1.65997135639, "dvar": 2.06506514549, "dvar2": 4.12456178665, "max": 39.244644165, "mean": 3.76332330704, "median": 3.1354162693, "min": -1.15189313889, "var": 10.0214776993}, "spectral_rms": {"dmean": 0.000549340329599, "dmean2": 0.000705358746927, "dvar": 4.31250384736e-07, "dvar2": 8.75022465152e-07, "max": 0.00996625237167, "mean": 0.00468447105959, "median": 0.00465255510062, "min": 3.21082028153e-12, "var": 2.74196531791e-06}, "spectral_rolloff": {"dmean": 879.439880371, "dmean2": 1309.75183105, "dvar": 2395391.25, "dvar2": 4514818, "max": 20262.7441406, "mean": 2732.9387207, "median": 1291.9921875, "min": 107.666015625, "var": 13217897}, "spectral_skewness": {"dmean": 0.184656411409, "dmean2": 0.264114916325, "dvar": 0.0449280366302, "dvar2": 0.0821395590901, "max": 4.68497467041, "mean": 1.58493769169, "median": 1.54999148846, "min": -0.0465496256948, "var": 0.263969093561}, "spectral_spread": {"dmean": 701640.3125, "dmean2": 890818.3125, "dvar": 782208663552, "dvar2": 1247097782270.0, "max": 38884032, "mean": 6088486.5, "median": 5634166.5, "min": 1613400.75, "var": 4392608858110.0}, "spectral_strongpeak": {"dmean": 0.469897657633, "dmean2": 0.795914888382, "dvar": 0.961668491364, "dvar2": 2.59709262848, "max": 15.9125852585, "mean": 1.13294148445, "median": 0.99020242691, "min": 4.38020175686e-11, "var": 1.17707777023}, "zerocrossingrate": {"dmean": 0.0175324268639, "dmean2": 0.0167206041515, "dvar": 0.000400480872486, "dvar2": 0.000404859340051, "max": 0.8427734375, "mean": 0.100604563951, "median": 0.0693359375, "min": 0.01025390625, "var": 0.0120935151353}, "barkbands": {"dmean": [8.36346202959e-07, 0.000572406861465, 0.000755249755457, 0.000822722329758, 0.00166752922814, 0.00116715708282, 0.00150234031025, 0.000406921957619, 0.000597220903728, 0.000564025598578, 0.000195420987438, 0.000222193615627, 0.00065968738636, 0.000223107257625, 0.000122640791233, 0.000104458442365, 0.00014505177387, 0.000110119959572, 0.000149475192302, 0.000143230121466, 0.000156253256137, 0.000361363781849, 0.000273503246717, 0.000273176818155, 0.00028924702201, 0.000151779429871, 7.18761293683e-05], "dmean2": [1.46407921875e-06, 0.000825191149488, 0.00108554854523, 0.0013753544772, 0.00270714215003, 0.00168647116516, 0.00221436610445, 0.000603144755587, 0.000933469214942, 0.000809965073131, 0.000304632616462, 0.000363309052773, 0.00102981121745, 0.000350694637746, 0.000211373175262, 0.000179263632162, 0.000221609938308, 0.00016743496235, 0.000234707607888, 0.000214330415474, 0.000243937029154, 0.00059782131575, 0.000393373979023, 0.000407133833505, 0.000395267474232, 0.000194996391656, 9.59548633546e-05], "dvar": [4.36061169812e-12, 1.68153007962e-06, 1.96621476789e-06, 6.80217726767e-06, 1.21513749036e-05, 3.21637048728e-06, 8.82968197402e-06, 8.16164742901e-07, 1.30044077196e-06, 5.75126080093e-07, 1.03790945616e-07, 1.20555782246e-07, 1.4720518493e-06, 1.23548886677e-07, 6.35140793293e-08, 2.39145634851e-07, 6.66755752832e-08, 3.46868311851e-08, 6.45083702011e-08, 1.26358088437e-07, 2.56924835185e-07, 1.08513904706e-06, 3.70662093019e-07, 3.68338959333e-07, 3.49750621353e-07, 1.34508610472e-07, 5.28745935924e-08], "dvar2": [1.18521390619e-11, 3.37774940817e-06, 4.18521040046e-06, 1.83114298125e-05, 3.20169783663e-05, 6.61234480503e-06, 2.22066282731e-05, 1.77113076916e-06, 3.51787321051e-06, 1.22843744066e-06, 2.52713562077e-07, 3.11537945663e-07, 3.70223301616e-06, 3.00017688915e-07, 1.75847318928e-07, 6.42008217255e-07, 1.37082665219e-07, 7.2965946174e-08, 1.45407895502e-07, 2.6680234555e-07, 6.58774524709e-07, 2.94160395242e-06, 8.53362564612e-07, 9.48892022734e-07, 7.69135112932e-07, 2.40077270064e-07, 9.81358212471e-08], "max": [3.15257639159e-05, 0.0146770915017, 0.0149524696171, 0.0308931767941, 0.040718909353, 0.0318065695465, 0.0476925708354, 0.0244618877769, 0.0166180096567, 0.0122127896175, 0.00530848372728, 0.00529716629535, 0.0163401477039, 0.00436639552936, 0.00562077667564, 0.0102552175522, 0.00514708086848, 0.00379033503123, 0.00285916845314, 0.00571467261761, 0.00611205724999, 0.0116505436599, 0.00560957379639, 0.00622344249859, 0.00777720659971, 0.00388497300446, 0.00242155580781], "mean": [7.56781844302e-07, 0.00134248728864, 0.00170598179102, 0.00110620178748, 0.00406126212329, 0.00457645347342, 0.00292661879212, 0.000880978535861, 0.00122113944963, 0.00130520411767, 0.000391470821341, 0.000476546236314, 0.00121300050523, 0.000378979020752, 0.000163999007782, 0.000111335204565, 0.000294032681268, 0.000208024910535, 0.000302425731206, 0.000278752180748, 0.000242767506279, 0.000529514742084, 0.000461773364805, 0.000393919006456, 0.000429358042311, 0.000214487008634, 8.60880900291e-05], "median": [1.50966968704e-07, 0.00026723271003, 0.000827665673569, 0.000200702430448, 0.00230871792883, 0.00310991192237, 0.00173873431049, 0.000473602733109, 0.000672169378959, 0.000789025682025, 0.000219804496737, 0.000296996295219, 0.000532637466677, 0.00020233624673, 8.64148241817e-05, 3.63452272722e-05, 0.000162245181855, 0.000119367417938, 0.000191498096683, 0.000113405942102, 5.91308707953e-05, 0.000135095702717, 7.81326380093e-05, 6.09449198237e-05, 7.04971535015e-05, 1.80545503099e-05, 1.07061998733e-06], "min": [2.4611620106e-24, 1.21993773341e-23, 1.15163544256e-22, 2.82401885768e-23, 7.62331512978e-23, 1.33084570756e-22, 2.98898829008e-23, 1.943177402e-23, 6.01435821403e-23, 1.03665833453e-22, 1.02930179638e-22, 6.70493462352e-23, 8.22803822924e-23, 6.22054373546e-23, 1.2056065289e-22, 1.49501473013e-22, 1.77878592066e-22, 2.39467222234e-22, 2.44709070421e-22, 3.59757049709e-22, 4.05365983267e-22, 3.97317153409e-22, 7.19296752461e-22, 7.35067053833e-22, 1.12253669879e-21, 1.87014186999e-21, 2.41733658742e-21], "var": [3.61941227857e-12, 4.66709889224e-06, 5.04415220348e-06, 7.43299915484e-06, 2.5767392799e-05, 2.1285515686e-05, 1.52943557623e-05, 1.84088116839e-06, 2.77417780126e-06, 2.14873557525e-06, 2.73610112345e-07, 3.36729783612e-07, 3.83322912967e-06, 2.26186926966e-07, 6.24033091867e-08, 1.78994369548e-07, 2.02060419952e-07, 8.15589160652e-08, 1.15965661962e-07, 3.11738688197e-07, 3.28081370071e-07, 1.17581976156e-06, 6.72661485623e-07, 5.38350320767e-07, 6.09977519161e-07, 2.73049124644e-07, 8.65704450348e-08]}, "erbbands": {"dmean": [0.0037020239979, 0.172250300646, 0.830774605274, 1.81346774101, 3.32325267792, 4.95843458176, 10.1192216873, 9.85437679291, 23.3766384125, 11.2557573318, 10.3350467682, 15.0414705276, 17.8296108246, 11.1253986359, 6.21374940872, 11.6905183792, 32.0729064941, 13.4925079346, 7.46792840958, 5.68340301514, 4.87924575806, 8.09003067017, 6.42678642273, 4.79464149475, 8.91488361359, 8.25327205658, 6.54413223267, 6.70647096634, 11.2791233063, 13.1952285767, 6.32064056396, 6.18411779404, 4.22613143921, 3.43524265289, 2.11659932137, 0.745501637459, 0.264534443617, 0.0582045800984, 0.0112551636994, 0.00101348594762], "dmean2": [0.00561624858528, 0.247454345226, 1.19690525532, 2.89798426628, 5.87691497803, 7.81046247482, 15.6981477737, 14.6566801071, 32.1785087585, 17.6639118195, 15.5441446304, 23.2766895294, 25.4373474121, 17.1693344116, 9.45400238037, 19.034734726, 50.0543708801, 21.558259964, 12.2384004593, 9.50241088867, 8.32888317108, 12.1456785202, 9.85008430481, 7.27998399734, 14.1111268997, 12.4533720016, 9.9341917038, 10.7532167435, 18.8997821808, 21.145778656, 8.95488071442, 9.22517681122, 6.26436376572, 4.92278671265, 2.97159552574, 0.988226532936, 0.344886362553, 0.0774192884564, 0.0148624172434, 0.00140459509566], "dvar": [7.10781896487e-05, 0.146235629916, 2.61599469185, 23.2225475311, 194.356399536, 79.6676101685, 382.562774658, 231.382980347, 1656.1340332, 496.146575928, 546.084960938, 861.727050781, 690.085510254, 338.86819458, 68.8867645264, 318.718383789, 3840.87353516, 425.550354004, 218.714813232, 588.364135742, 290.783416748, 251.272033691, 125.375045776, 63.6795120239, 252.569015503, 504.183990479, 466.698913574, 501.678222656, 1014.90234375, 992.0390625, 180.064575195, 204.389419556, 76.7752914429, 64.5620880127, 24.7028369904, 2.55744314194, 0.480555385351, 0.0259772446007, 0.00130831543356, 1.150071148e-05], "dvar2": [0.000155120302225, 0.292340308428, 5.30703449249, 56.5129928589, 568.211364746, 186.707427979, 892.527282715, 520.646362305, 3939.08837891, 1308.19592285, 1212.72302246, 2300.38720703, 1424.62390137, 849.236206055, 163.57800293, 810.729614258, 9595.4921875, 1029.92175293, 576.334411621, 1510.19433594, 818.806762695, 479.753234863, 254.970306396, 151.851119995, 550.508178711, 1070.55151367, 1176.50390625, 1367.46374512, 2746.94091797, 2653.46044922, 393.8359375, 534.932556152, 185.952255249, 147.391159058, 58.4392547607, 4.83612012863, 0.831316351891, 0.0445376932621, 0.00217684870586, 2.44949860644e-05], "max": [0.111041285098, 4.36153030396, 17.6290473938, 52.7921142578, 157.97996521, 163.644561768, 268.992919922, 247.792526245, 691.052734375, 268.175079346, 662.330383301, 431.673553467, 463.704406738, 355.38772583, 139.809112549, 284.834991455, 855.66217041, 309.31539917, 187.143066406, 583.526184082, 330.875732422, 335.849182129, 253.531738281, 97.9197311401, 188.625335693, 360.368347168, 276.135986328, 282.600646973, 380.781707764, 329.46295166, 142.944061279, 152.054321289, 87.1088485718, 131.712478638, 57.7136993408, 17.9933929443, 7.13070440292, 1.82712435722, 0.388420432806, 0.0335326343775], "mean": [0.00846805702895, 0.410651057959, 1.99084031582, 3.06669592857, 4.20762348175, 14.7781448364, 29.4919643402, 38.9592208862, 55.8682174683, 21.2004623413, 21.58436203, 31.9525737762, 42.5661277771, 23.9094219208, 15.7687778473, 27.7959213257, 59.6793899536, 25.7171401978, 11.377620697, 7.48428535461, 6.7898440361, 16.8170375824, 12.8634328842, 10.6984300613, 17.3363800049, 15.9430503845, 10.5174131393, 10.2515268326, 16.9921627045, 18.4624061584, 11.2652282715, 9.14968967438, 6.23363161087, 5.1420674324, 2.93153810501, 1.09250533581, 0.361535221338, 0.0791356787086, 0.0142890578136, 0.00109482824337], "median": [0.00240722903982, 0.108563825488, 1.01936352253, 0.736100554466, 1.65211081505, 7.16912460327, 17.9195289612, 27.9244995117, 36.8324432373, 12.9359855652, 11.1719646454, 18.5068092346, 23.5868873596, 16.6698417664, 11.1552886963, 17.2765159607, 25.7193565369, 15.3212966919, 6.46829223633, 2.92961502075, 3.39047813416, 8.54287433624, 8.37571144104, 7.04371500015, 11.0262393951, 6.01341438293, 2.81998872757, 2.35959196091, 4.75320577621, 3.58149909973, 2.13307666779, 1.47069978714, 1.07715988159, 0.707537412643, 0.510652780533, 0.135284766555, 0.0227953381836, 0.00344697246328, 0.000194174703211, 3.8491030864e-05], "min": [3.76393810656e-22, 4.54865649491e-21, 8.33359328611e-20, 1.63797102901e-19, 1.1773474916e-19, 2.2799615413e-19, 6.80407700914e-19, 1.41196308103e-18, 4.2246977996e-19, 5.16549011832e-19, 4.21470054641e-19, 1.00551692691e-18, 2.7369373673e-18, 3.2930349699e-18, 4.55983891696e-18, 2.25904307418e-18, 3.75604104597e-18, 4.10061098834e-18, 6.81908340962e-18, 5.47486362903e-18, 9.09359021177e-18, 9.49946705883e-18, 1.06578077753e-17, 1.64543660804e-17, 1.30428995263e-17, 1.50077678098e-17, 1.66018093702e-17, 1.49655915247e-17, 1.25538198902e-17, 1.7251379416e-17, 2.1614247604e-17, 1.34721086569e-17, 1.52266232562e-17, 1.13613447386e-17, 9.34553784582e-18, 6.19055228913e-18, 3.5207590333e-18, 1.42082797565e-18, 3.6303419046e-19, 3.26137314561e-20], "var": [0.000184671895113, 0.406228840351, 7.1309967041, 36.403011322, 132.387313843, 383.318450928, 1052.60986328, 1354.69433594, 3737.43554688, 676.756835938, 1173.75012207, 1887.58093262, 2766.22070312, 649.659851074, 223.26725769, 1026.5378418, 10040.9208984, 887.813781738, 246.060379028, 497.786407471, 232.847854614, 840.042175293, 313.136260986, 125.226898193, 450.748535156, 1234.51000977, 583.319824219, 565.491943359, 1200.57641602, 1205.0769043, 354.507415771, 303.753723145, 123.917907715, 106.267883301, 33.0920982361, 5.15322828293, 0.938596665859, 0.0508100539446, 0.00237114308402, 1.52845550474e-05]}, "gfcc": {"mean": [-2.41088914871, 58.2228240967, -111.014656067, 7.47384166718, -83.4210891724, 3.41075015068, -46.8115272522, 1.31234002113, -34.9838676453, 1.69787395, -9.74028491974, 5.08615779877, -16.7065830231], "cov": [[29663.9375, 1459.36828613, -495.84475708, 808.601135254, -1314.00769043, 385.517730713, -1232.94335938, 6.86209440231, -636.21295166, 235.474517822, -550.579772949, -85.8592605591, -571.860229492], [1459.36828613, 2028.56994629, -227.192581177, 253.224227905, -44.7164611816, -38.583694458, -10.3909053802, 95.1433792114, -80.1120910645, -100.384666443, 29.7986164093, 43.8447914124, -11.7722816467], [-495.84475708, -227.192581177, 857.342712402, 339.922515869, 397.415466309, 302.331573486, 202.607757568, 100.328788757, 183.742752075, 43.9563598633, -22.8136711121, -24.9869995117, 4.29805707932], [808.601135254, 253.224227905, 339.922515869, 618.713745117, 211.021728516, 292.137268066, 108.004333496, 156.031707764, 93.6128616333, 33.3286399841, -91.4092483521, -9.23871040344, -17.6982364655], [-1314.00769043, -44.7164611816, 397.415466309, 211.021728516, 424.662475586, 217.942398071, 220.510787964, 92.0021057129, 147.465438843, 29.8056907654, -0.787264704704, -33.8439903259, 19.8254756927], [385.517730713, -38.583694458, 302.331573486, 292.137268066, 217.942398071, 345.174865723, 142.750228882, 113.178359985, 84.7708435059, 51.217250824, -52.8264007568, -51.9626541138, -73.5669250488], [-1232.94335938, -10.3909053802, 202.607757568, 108.004333496, 220.510787964, 142.750228882, 231.13444519, 79.7076721191, 92.0203704834, 15.5700654984, 16.6333389282, -27.5767421722, -9.93156814575], [6.86209440231, 95.1433792114, 100.328788757, 156.031707764, 92.0021057129, 113.178359985, 79.7076721191, 140.272476196, 65.8096542358, 24.8974781036, -20.578420639, -2.50600147247, -10.0145206451], [-636.21295166, -80.1120910645, 183.742752075, 93.6128616333, 147.465438843, 84.7708435059, 92.0203704834, 65.8096542358, 135.091506958, 32.917514801, -5.28586006165, -11.866976738, 17.6808662415], [235.474517822, -100.384666443, 43.9563598633, 33.3286399841, 29.8056907654, 51.217250824, 15.5700654984, 24.8974781036, 32.917514801, 70.5363311768, 4.2947473526, -7.25163698196, -7.47748661041], [-550.579772949, 29.7986164093, -22.8136711121, -91.4092483521, -0.787264704704, -52.8264007568, 16.6333389282, -20.578420639, -5.28586006165, 4.2947473526, 101.296211243, 32.3114395142, 7.99095630646], [-85.8592605591, 43.8447914124, -24.9869995117, -9.23871040344, -33.8439903259, -51.9626541138, -27.5767421722, -2.50600147247, -11.866976738, -7.25163698196, 32.3114395142, 86.9031295776, 47.03698349], [-571.860229492, -11.7722816467, 4.29805707932, -17.6982364655, 19.8254756927, -73.5669250488, -9.93156814575, -10.0145206451, 17.6808662415, -7.47748661041, 7.99095630646, 47.03698349, 122.066444397]], "icov": [[7.97893007984e-05, -7.46541409171e-05, -9.3946880952e-05, -2.80761396425e-05, 0.000158518887474, -0.000150664403918, 0.000388549029594, -3.42627026839e-05, 0.000239105473156, -0.000443484081188, 0.000290925730951, -4.90639504278e-05, 0.000216151340283], [-7.46541409171e-05, 0.000788606761489, 0.000397387368139, -0.000589732488152, -0.000335813936545, 0.000428925821325, -0.0002229068632, -0.000669413304422, 0.000176389890839, 0.001514741336, -0.00107348884922, 0.000205787553568, -7.49770770199e-05], [-9.3946880952e-05, 0.000397387368139, 0.00281400652602, -0.000757297326345, -0.00165564508643, -0.000872944947332, -0.000115471222671, 0.000899909238797, -0.00190051156096, 0.00140405702405, -0.000953985436354, -0.000409758940805, -0.00022181282111], [-2.80761396425e-05, -0.000589732488152, -0.000757297326345, 0.00416115298867, -0.000259226129856, -0.00227977195755, 0.000321233266732, -0.00147127313539, 1.23296422316e-05, -0.00041938238428, 0.00264312094077, -0.00162318604998, -0.000559888838325], [0.000158518887474, -0.000335813936545, -0.00165564508643, -0.000259226129856, 0.00841917935759, -0.00271793291904, -0.00320407142863, 0.000968897133134, -0.00226011150517, -6.27628542134e-05, -0.000810099008959, 0.00202162237838, -0.00285814167], [-0.000150664403918, 0.000428925821325, -0.000872944947332, -0.00227977195755, -0.00271793291904, 0.0107684480026, -0.00263332668692, -0.00199964502826, 0.00142676022369, -0.00291176210158, 0.00221375655383, 2.41354737227e-05, 0.00504952482879], [0.000388549029594, -0.0002229068632, -0.000115471222671, 0.000321233266732, -0.00320407142863, -0.00263332668692, 0.012796042487, -0.00329607445747, -0.000549851567484, 0.000635212520137, -0.00249403365888, 0.00196134042926, 0.00107950763777], [-3.42627026839e-05, -0.000669413304422, 0.000899909238797, -0.00147127313539, 0.000968897133134, -0.00199964502826, -0.00329607445747, 0.0145347779617, -0.00521029997617, -0.00199718610384, 0.0020907423459, -0.00312214484438, 0.000790259742644], [0.000239105473156, 0.000176389890839, -0.00190051156096, 1.23296422316e-05, -0.00226011150517, 0.00142676022369, -0.000549851567484, -0.00521029997617, 0.0174909830093, -0.0057509066537, 0.00139135285281, 0.00150562485214, -0.00159640610218], [-0.000443484081188, 0.001514741336, 0.00140405702405, -0.00041938238428, -6.27628542134e-05, -0.00291176210158, 0.000635212520137, -0.00199718610384, -0.0057509066537, 0.0229560341686, -0.00679984688759, 0.0023387495894, -0.00211548106745], [0.000290925730951, -0.00107348884922, -0.000953985436354, 0.00264312094077, -0.000810099008959, 0.00221375655383, -0.00249403365888, 0.0020907423459, 0.00139135285281, -0.00679984688759, 0.0187001246959, -0.00872343685478, 0.0046298103407], [-4.90639504278e-05, 0.000205787553568, -0.000409758940805, -0.00162318604998, 0.00202162237838, 2.41354737227e-05, 0.00196134042926, -0.00312214484438, 0.00150562485214, 0.0023387495894, -0.00872343685478, 0.0205064360052, -0.00824696943164], [0.000216151340283, -7.49770770199e-05, -0.00022181282111, -0.000559888838325, -0.00285814167, 0.00504952482879, 0.00107950763777, 0.000790259742644, -0.00159640610218, -0.00211548106745, 0.0046298103407, -0.00824696943164, 0.0157608482987]]}, "melbands": {"dmean": [9.21695973375e-05, 0.0003708388831, 0.000351048976881, 0.000259262567852, 0.000350991875166, 0.000224397517741, 0.00035181819112, 0.000106722894998, 9.65247891145e-05, 8.70958683663e-05, 8.88418071554e-05, 4.62087700726e-05, 2.44267102971e-05, 2.28938952205e-05, 5.96564641455e-05, 5.16572144988e-05, 2.49800705205e-05, 1.27923558466e-05, 8.23305708764e-06, 7.97779921413e-06, 5.76699358135e-06, 9.56488747761e-06, 7.06722312316e-06, 5.5303157751e-06, 3.99125701733e-06, 6.22974448561e-06, 5.37384994459e-06, 6.11340101386e-06, 4.23953360951e-06, 3.48648291038e-06, 4.58779095425e-06, 6.47565457257e-06, 7.96577023721e-06, 7.50669869376e-06, 3.93267737309e-06, 3.74214278054e-06, 3.85460862162e-06, 2.85718192572e-06, 3.11043322654e-06, 3.08120115733e-06], "dmean2": [0.000135072055855, 0.000528092496097, 0.000578260805923, 0.000437387177953, 0.000540229375474, 0.000324667023961, 0.000493491650559, 0.000168328391737, 0.000146466787555, 0.000135147260153, 0.00012682522356, 7.14306152076e-05, 3.74156770704e-05, 3.69050394511e-05, 9.46313666645e-05, 8.0358258856e-05, 4.03215854021e-05, 2.08550118259e-05, 1.40654274219e-05, 1.35314430736e-05, 1.01465811895e-05, 1.43124798342e-05, 1.12238503789e-05, 8.440273632e-06, 6.26543624094e-06, 9.96781636786e-06, 8.4901939772e-06, 9.1453166533e-06, 6.62306774757e-06, 5.45093553228e-06, 7.80717527959e-06, 1.10044238681e-05, 1.29414684125e-05, 1.1979822375e-05, 5.66387916479e-06, 5.69604435441e-06, 6.07128367847e-06, 4.23395067628e-06, 4.80398966829e-06, 4.4842540774e-06], "dvar": [4.41655565453e-08, 5.21923368524e-07, 1.14455417588e-06, 5.82665165894e-07, 4.30804647067e-07, 1.20232272138e-07, 4.11093111552e-07, 4.09724023598e-08, 3.77943472074e-08, 2.71364974935e-08, 1.72329102099e-08, 5.8651887791e-09, 1.42019618288e-09, 1.31705990558e-09, 1.13572342642e-08, 7.45364570065e-09, 1.47241685511e-09, 6.3443156284e-10, 3.91119137078e-10, 1.74244296769e-09, 3.74989012064e-10, 4.37425290434e-10, 1.06556291568e-10, 9.57938312007e-11, 4.64846529324e-11, 1.16626791558e-10, 7.23376775147e-11, 3.45501877108e-10, 1.97623403753e-10, 1.32090907656e-10, 2.78398443188e-10, 4.51993609207e-10, 5.42634159828e-10, 3.19050313946e-10, 8.55947118739e-11, 7.06697617092e-11, 8.85072362622e-11, 3.40653859288e-11, 4.92319449097e-11, 6.69497651762e-11], "dvar2": [9.09980570896e-08, 1.04088064745e-06, 3.0777991924e-06, 1.6731227106e-06, 1.00173713236e-06, 2.58505679085e-07, 1.00222803212e-06, 1.07053431009e-07, 8.73360193054e-08, 7.27255127231e-08, 3.5636563922e-08, 1.44920937473e-08, 3.30665361759e-09, 3.4006040206e-09, 2.91099464533e-08, 1.83166193324e-08, 3.62191521219e-09, 1.64834124128e-09, 1.03440955801e-09, 4.584027824e-09, 1.08260567178e-09, 8.2810630575e-10, 2.48141451831e-10, 1.94682131527e-10, 1.14096718185e-10, 2.80718448487e-10, 1.47234432979e-10, 6.99828250905e-10, 5.11612807674e-10, 2.80125811436e-10, 7.84823483979e-10, 1.25302490606e-09, 1.46389278477e-09, 8.35999658388e-10, 1.85763779359e-10, 1.63300414857e-10, 2.33908337144e-10, 8.17336129333e-11, 1.2519336956e-10, 1.52588094937e-10], "max": [0.00251817703247, 0.00802918151021, 0.0128553481773, 0.00890508666635, 0.00883805193007, 0.00572593836114, 0.0107618449256, 0.00228461902589, 0.00501971738413, 0.00238098227419, 0.00229030591436, 0.00140508660115, 0.000692589033861, 0.000581002735998, 0.00141657656059, 0.00115443824325, 0.000518490269314, 0.000322624342516, 0.000516229541972, 0.000929919537157, 0.000405574799515, 0.000439903407823, 0.000127889332362, 0.000237567976001, 8.53136371006e-05, 0.000147375278175, 9.9577846413e-05, 0.000289496558253, 0.000196122884518, 0.000239728135057, 0.000206473356229, 0.000259976339294, 0.000346452696249, 0.000145710320794, 0.000104350845504, 0.000115382295917, 0.000100051969639, 5.49053729628e-05, 8.78479404491e-05, 0.000144731384353], "mean": [0.000214131068788, 0.000898459402379, 0.000557689112611, 0.0005647133803, 0.00107475300319, 0.000896810612176, 0.000803965900559, 0.00020039168885, 0.000195265689399, 0.00018632102001, 0.000206964221434, 9.43680643104e-05, 5.34286409675e-05, 5.16492400493e-05, 0.000115700160677, 0.000100747092802, 4.30268373748e-05, 1.84733980859e-05, 1.09456732389e-05, 8.84144810698e-06, 7.24984420231e-06, 1.92653787963e-05, 1.27169669213e-05, 1.03303718788e-05, 7.97541633801e-06, 1.19164824355e-05, 1.04651107904e-05, 1.11745321192e-05, 6.10118468103e-06, 5.66391918255e-06, 6.22258448857e-06, 9.11030201678e-06, 1.13685428005e-05, 1.02983785837e-05, 6.83366124576e-06, 6.00092698733e-06, 5.3567082432e-06, 4.18731224272e-06, 4.29038163929e-06, 4.43135468231e-06], "median": [4.15214271925e-05, 0.000431140884757, 0.000156098467414, 0.000301439809846, 0.000673187314533, 0.000640111917164, 0.000526288989931, 0.000126523707877, 9.81605408015e-05, 0.000110175955342, 0.000110318003863, 6.27499975963e-05, 3.12707488774e-05, 3.06702422677e-05, 6.17510086158e-05, 5.03604023834e-05, 2.34802391788e-05, 9.7911197372e-06, 5.1426736718e-06, 2.94300843962e-06, 3.62713035429e-06, 8.37530205899e-06, 8.56096266943e-06, 5.62446803087e-06, 4.84139127366e-06, 7.51818242861e-06, 6.88147702022e-06, 2.67152427114e-06, 1.6084939034e-06, 1.2841167063e-06, 1.26057295802e-06, 2.36024925471e-06, 2.89536455966e-06, 1.45789931594e-06, 1.14248905447e-06, 9.7059341897e-07, 7.2393481787e-07, 7.36022116143e-07, 5.01306089973e-07, 5.40429994089e-07], "min": [3.7600285908e-24, 3.26294579852e-23, 2.63622357722e-23, 1.13907160202e-23, 2.23941092245e-23, 2.83445580301e-23, 6.4244350916e-24, 5.57357563569e-24, 3.63263071005e-24, 7.48409222407e-24, 1.50619594994e-23, 1.38814307324e-23, 1.64229796414e-23, 6.90762738441e-24, 6.45857107513e-24, 8.57393275248e-24, 7.41881477302e-24, 1.02053499582e-23, 7.41246365387e-24, 9.57216286397e-24, 1.12684354801e-23, 1.10898318491e-23, 8.13181881359e-24, 9.73615600212e-24, 1.39130072568e-23, 8.67501738888e-24, 1.25863222856e-23, 8.98154112651e-24, 1.04215341338e-23, 9.07346235463e-24, 8.83235490756e-24, 7.47662171129e-24, 7.02562204317e-24, 9.8273514782e-24, 1.29050615343e-23, 1.0967959939e-23, 7.1980197054e-24, 1.06474149877e-23, 8.56634312171e-24, 1.02971268247e-23], "var": [1.20250575719e-07, 1.46422485159e-06, 1.34908998461e-06, 6.45192869797e-07, 1.37713323056e-06, 7.60382363296e-07, 8.37323227643e-07, 5.78978287535e-08, 8.26300947665e-08, 5.88737627538e-08, 6.84887098146e-08, 1.14217995062e-08, 4.50132109364e-09, 3.74147512971e-09, 2.8759705728e-08, 2.11565343022e-08, 2.76467204685e-09, 7.22967963274e-10, 3.8514880174e-10, 1.31490973665e-09, 2.88027851569e-10, 1.44393630386e-09, 2.17256726498e-10, 2.41668962619e-10, 8.33170823999e-11, 1.96813620956e-10, 1.44552092518e-10, 9.34680333131e-10, 2.05315736634e-10, 2.45476639016e-10, 2.70382216616e-10, 4.65770422231e-10, 5.79341352669e-10, 4.19721840617e-10, 1.61427787804e-10, 1.24806553981e-10, 1.16232197478e-10, 5.41774056173e-11, 7.14724876505e-11, 1.00633709699e-10]}, "mfcc": {"mean": [-637.784362793, 101.159385681, 10.1591367722, 1.66895067692, -15.2799129486, -8.22971057892, -7.31730175018, -4.52441644669, -21.0677165985, -9.03009796143, 1.97589802742, -5.81826066971, -2.73022270203], "cov": [[11045.7519531, 208.219299316, 641.68560791, 88.2418899536, 120.392997742, 231.357284546, -13.9990444183, -75.7543945312, -55.6300926208, 76.2150497437, 147.392166138, 54.0663414001, -161.281707764], [208.219299316, 1504.67480469, -63.4566917419, 181.71144104, -24.9603214264, -60.250705719, 30.7508106232, 127.750541687, -115.249221802, -40.3000602722, 57.2797050476, -57.5748519897, 51.3960418701], [641.68560791, -63.4566917419, 548.783508301, 229.368255615, 261.314239502, 243.918502808, 130.654769897, 137.472885132, 184.095352173, 110.585723877, 48.2957267761, 66.896232605, 48.9856643677], [88.2418899536, 181.71144104, 229.368255615, 344.104034424, 168.276870728, 147.380477905, 94.178894043, 135.267318726, 147.729568481, 45.7928123474, 38.835105896, 43.6980171204, 39.8088607788], [120.392997742, -24.9603214264, 261.314239502, 168.276870728, 299.71572876, 208.826507568, 134.691757202, 111.852157593, 186.372161865, 99.9856719971, 52.1944465637, 57.8023147583, 31.6481075287], [231.357284546, -60.250705719, 243.918502808, 147.380477905, 208.826507568, 276.639282227, 152.729507446, 118.624977112, 156.057022095, 107.411491394, 76.3594512939, 64.3108673096, 28.0945720673], [-13.9990444183, 30.7508106232, 130.654769897, 94.178894043, 134.691757202, 152.729507446, 179.886077881, 109.23789978, 98.409576416, 77.8985824585, 68.4559707642, 47.798828125, 33.1321487427], [-75.7543945312, 127.750541687, 137.472885132, 135.267318726, 111.852157593, 118.624977112, 109.23789978, 177.894943237, 97.2986602783, 64.4046859741, 70.1174468994, 31.8662528992, 50.3091049194], [-55.6300926208, -115.249221802, 184.095352173, 147.729568481, 186.372161865, 156.057022095, 98.409576416, 97.2986602783, 271.466094971, 99.9362106323, 31.5979824066, 59.1697273254, 15.0053367615], [76.2150497437, -40.3000602722, 110.585723877, 45.7928123474, 99.9856719971, 107.411491394, 77.8985824585, 64.4046859741, 99.9362106323, 135.765960693, 55.248260498, 47.569103241, 17.6313743591], [147.392166138, 57.2797050476, 48.2957267761, 38.835105896, 52.1944465637, 76.3594512939, 68.4559707642, 70.1174468994, 31.5979824066, 55.248260498, 117.732170105, 28.5507164001, 32.7991638184], [54.0663414001, -57.5748519897, 66.896232605, 43.6980171204, 57.8023147583, 64.3108673096, 47.798828125, 31.8662528992, 59.1697273254, 47.569103241, 28.5507164001, 111.925178528, 17.5543956757], [-161.281707764, 51.3960418701, 48.9856643677, 39.8088607788, 31.6481075287, 28.0945720673, 33.1321487427, 50.3091049194, 15.0053367615, 17.6313743591, 32.7991638184, 17.5543956757, 99.251701355]], "icov": [[0.000115763214126, -4.50821535196e-05, -0.00023790835985, 2.76799510175e-05, 5.87661015743e-05, -8.65121255629e-05, 0.000106244988274, 0.000191939558135, 7.36160582164e-05, 1.74709475687e-05, -0.00027358418447, -4.81411589135e-05, 0.000275458529359], [-4.50821535196e-05, 0.000965562299825, 0.000354142423021, -0.000828676391393, -0.000245580362389, 0.000599913357291, -0.000222651375225, -0.000827311887406, 0.000786859891377, -0.000118446310807, -0.000168694066815, 0.000441461481387, -0.000133755442221], [-0.00023790835985, 0.000354142423021, 0.00441539939493, -0.00131903868169, -0.00182668550406, -0.00155275315046, 0.000555290433113, -0.00104690855369, 0.000355257710908, -0.000908143993001, 0.00153183238581, 7.53116619308e-05, -0.00126477726735], [2.76799510175e-05, -0.000828676391393, -0.00131903868169, 0.00625141477212, -0.000672233116347, -0.000942036509514, 0.000684096245095, -0.00218542129733, -0.00197937735356, 0.00219431542791, 0.000392646266846, -0.000845269998536, -9.26792854443e-05], [5.87661015743e-05, -0.000245580362389, -0.00182668550406, -0.000672233116347, 0.0100019201636, -0.00330369663425, -0.0017280485481, 0.000864177534822, -0.00301941507496, -0.000489244586788, 0.000293079559924, 0.000202501862077, -0.000310726143653], [-8.65121255629e-05, 0.000599913357291, -0.00155275315046, -0.000942036509514, -0.00330369663425, 0.0122630735859, -0.00455849803984, -0.000541192421224, -0.00030752265593, -0.0014661194291, -0.00220690830611, -0.000429965642979, 0.00118350062985], [0.000106244988274, -0.000222651375225, 0.000555290433113, 0.000684096245095, -0.0017280485481, -0.00455849803984, 0.0136126987636, -0.00386481569149, 0.000267631927272, -0.000980418059044, -0.00164733093698, -0.00125445716549, -0.000104351660411], [0.000191939558135, -0.000827311887406, -0.00104690855369, -0.00218542129733, 0.000864177534822, -0.000541192421224, -0.00386481569149, 0.0141201829538, -0.00174984557088, -0.00071610492887, -0.0036384249106, 0.000995578826405, -0.00243790447712], [7.36160582164e-05, 0.000786859891377, 0.000355257710908, -0.00197937735356, -0.00301941507496, -0.00030752265593, 0.000267631927272, -0.00174984557088, 0.00876841321588, -0.00322224665433, 0.00150539760944, -0.000767129939049, 0.00106316024903], [1.74709475687e-05, -0.000118446310807, -0.000908143993001, 0.00219431542791, -0.000489244586788, -0.0014661194291, -0.000980418059044, -0.00071610492887, -0.00322224665433, 0.0142806619406, -0.00357978278771, -0.0021873076912, 0.000439244933659], [-0.00027358418447, -0.000168694066815, 0.00153183238581, 0.000392646266846, 0.000293079559924, -0.00220690830611, -0.00164733093698, -0.0036384249106, 0.00150539760944, -0.00357978278771, 0.0148047944531, -0.000796603388153, -0.0026885564439], [-4.81411589135e-05, 0.000441461481387, 7.53116619308e-05, -0.000845269998536, 0.000202501862077, -0.000429965642979, -0.00125445716549, 0.000995578826405, -0.000767129939049, -0.0021873076912, -0.000796603388153, 0.011609936133, -0.00131935009267], [0.000275458529359, -0.000133755442221, -0.00126477726735, -9.26792854443e-05, -0.000310726143653, 0.00118350062985, -0.000104351660411, -0.00243790447712, 0.00106316024903, 0.000439244933659, -0.0026885564439, -0.00131935009267, 0.0131713785231]]}, "spectral_contrast_coeffs": {"dmean": [0.0431238971651, 0.0377227291465, 0.0340501852334, 0.0311512146145, 0.022020695731, 0.0170179195702], "dmean2": [0.0696823075414, 0.0594602152705, 0.0536765642464, 0.0508154518902, 0.0348667129874, 0.0265511702746], "dvar": [0.00144693709444, 0.00114219100215, 0.000805118819699, 0.000676895142533, 0.000424923928222, 0.000252175697824], "dvar2": [0.00349307456054, 0.00290529080667, 0.00189023336861, 0.00169743469451, 0.000956672185566, 0.000593670178205], "max": [-0.230867668986, -0.423328101635, -0.508746862411, -0.582983076572, -0.55935382843, -0.587349951267], "mean": [-0.552586495876, -0.667173504829, -0.73054009676, -0.762402176857, -0.766704082489, -0.781332552433], "median": [-0.556799709797, -0.66641241312, -0.724642157555, -0.762533426285, -0.769847631454, -0.782361865044], "min": [-0.961082518101, -0.962611496449, -0.966905355453, -0.96781283617, -0.963198900223, -0.958133041859], "var": [0.0120173068717, 0.00647643348202, 0.00415316037834, 0.00379356695339, 0.00288139190525, 0.00167925073765]}, "spectral_contrast_valleys": {"dmean": [0.453328251839, 0.309097349644, 0.291474342346, 0.325684547424, 0.29000633955, 0.363609731197], "dmean2": [0.721035182476, 0.472459733486, 0.456668376923, 0.490240752697, 0.386037260294, 0.401268422604], "dvar": [0.20412248373, 0.110252045095, 0.103452891111, 0.173400968313, 0.152225002646, 0.201245427132], "dvar2": [0.401265949011, 0.201471984386, 0.180936023593, 0.304885417223, 0.225112646818, 0.26826941967], "max": [-5.65000677109, -4.86229228973, -5.74681138992, -5.49962043762, -5.4974155426, -7.23485279083]