{"lowlevel": {"average_loudness": 0.959403753281, "barkbands_crest": {"dmean": 3.56063294411, "dmean2": 5.48882627487, "dvar": 10.8701229095, "dvar2": 22.577293396, "max": 26.6685256958, "mean": 13.170372963, "median": 12.2948207855, "min": 2.30774331093, "var": 32.4868278503}, "barkbands_flatness_db": {"dmean": 0.0339064747095, "dmean2": 0.0478731319308, "dvar": 0.000957302341703, "dvar2": 0.00187994109001, "max": 0.474670022726, "mean": 0.150667563081, "median": 0.147141247988, "min": 0.0167615413666, "var": 0.00342912087217}, "barkbands_kurtosis": {"dmean": 7.86481332779, "dmean2": 11.3590631485, "dvar": 193.894454956, "dvar2": 402.02456665, "max": 504.392425537, "mean": 11.9270868301, "median": 6.25801801682, "min": -1.92283797264, "var": 382.182891846}, "barkbands_skewness": {"dmean": 0.970935583115, "dmean2": 1.33225357533, "dvar": 0.944400012493, "dvar2": 1.7703949213, "max": 20.1662044525, "mean": 2.45651984215, "median": 2.25675868988, "min": -6.14371109009, "var": 3.85277223587}, "barkbands_spread": {"dmean": 9.36840438843, "dmean2": 13.837726593, "dvar": 135.443099976, "dvar2": 276.903503418, "max": 121.700561523, "mean": 21.094745636, "median": 14.5325126648, "min": 0.195154830813, "var": 354.469207764}, "dissonance": {"dmean": 0.0277176350355, "dmean2": 0.0447467640042, "dvar": 0.0007583508268, "dvar2": 0.00192678056192, "max": 0.500000059605, "mean": 0.446333259344, "median": 0.455593943596, "min": 0.18676635623, "var": 0.00170651753433}, "dynamic_complexity": 3.37307858467, "erbbands_crest": {"dmean": 3.48014831543, "dmean2": 5.58267831802, "dvar": 10.5570173264, "dvar2": 24.7480602264, "max": 29.0793476105, "mean": 10.088101387, "median": 8.87365150452, "min": 2.27260065079, "var": 25.7743759155}, "erbbands_flatness_db": {"dmean": 0.0262268166989, "dmean2": 0.0366835854948, "dvar": 0.000631302013062, "dvar2": 0.00115210434888, "max": 0.383769035339, "mean": 0.136522889137, "median": 0.131679534912, "min": 0.0434413552284, "var": 0.0026587145403}, "erbbands_kurtosis": {"dmean": 1.8774818182, "dmean2": 2.90211248398, "dvar": 7.86625862122, "dvar2": 17.8706073761, "max": 79.4130096436, "mean": 1.65629303455, "median": 0.482391953468, "min": -1.86196780205, "var": 15.4237613678}, "erbbands_skewness": {"dmean": 0.554110825062, "dmean2": 0.814505517483, "dvar": 0.274169355631, "dvar2": 0.567613363266, "max": 7.94662714005, "mean": 0.771522521973, "median": 0.79053068161, "min": -3.23294305801, "var": 1.07789850235}, "erbbands_spread": {"dmean": 15.2282733917, "dmean2": 22.3341331482, "dvar": 263.910339355, "dvar2": 535.336791992, "max": 186.397033691, "mean": 47.9743690491, "median": 41.6911315918, "min": 2.54958677292, "var": 832.667480469}, "hfc": {"dmean": 13.6624288559, "dmean2": 19.3211708069, "dvar": 368.618621826, "dvar2": 817.005004883, "max": 166.940338135, "mean": 28.379776001, "median": 23.2282562256, "min": 1.09994851497e-16, "var": 651.331787109}, "melbands_crest": {"dmean": 4.28941965103, "dmean2": 6.30311727524, "dvar": 13.7532119751, "dvar2": 30.3767471313, "max": 35.4368743896, "mean": 17.6074314117, "median": 16.5474529266, "min": 1.59540319443, "var": 54.6301994324}, "melbands_flatness_db": {"dmean": 0.040229819715, "dmean2": 0.0546379573643, "dvar": 0.00138678902294, "dvar2": 0.00256971130148, "max": 0.615276575089, "mean": 0.227238148451, "median": 0.227211713791, "min": 0.00320049584843, "var": 0.0066920989193}, "melbands_kurtosis": {"dmean": 22.5430603027, "dmean2": 32.7197380066, "dvar": 2113.21337891, "dvar2": 4345.00634766, "max": 1513.50378418, "mean": 36.4991035461, "median": 16.6705589294, "min": -1.81058835983, "var": 4065.67407227}, "melbands_skewness": {"dmean": 1.40886807442, "dmean2": 1.95909047127, "dvar": 2.51823711395, "dvar2": 4.54205942154, "max": 32.2560806274, "mean": 3.94962859154, "median": 3.20611095428, "min": -2.35329604149, "var": 9.35660266876}, "melbands_spread": {"dmean": 8.92318630219, "dmean2": 13.186835289, "dvar": 277.724639893, "dvar2": 529.867370605, "max": 265.196716309, "mean": 20.2004165649, "median": 11.3483886719, "min": 0.294001370668, "var": 912.187133789}, "pitch_salience": {"dmean": 0.099289752543, "dmean2": 0.151110038161, "dvar": 0.00889730360359, "dvar2": 0.0195178482682, "max": 0.904876589775, "mean": 0.502392351627, "median": 0.514044523239, "min": 0.029535908252, "var": 0.0286200419068}, "silence_rate_20dB": {"dmean": 0, "dmean2": 0, "dvar": 0, "dvar2": 0, "max": 1, "mean": 1, "median": 1, "min": 1, "var": 0}, "silence_rate_30dB": {"dmean": 0.108404241502, "dmean2": 0.216833755374, "dvar": 0.0966606810689, "dvar2": 0.187997162342, "max": 1, "mean": 0.840093255043, "median": 1, "min": 0, "var": 0.134333252907}, "silence_rate_60dB": {"dmean": 0.0235458686948, "dmean2": 0.0470972247422, "dvar": 0.0229890476912, "dvar2": 0.0530445352197, "max": 1, "mean": 0.0679487213492, "median": 0, "min": 0, "var": 0.0633261576295}, "spectral_centroid": {"dmean": 335.598022461, "dmean2": 489.924285889, "dvar": 183106.765625, "dvar2": 327459.125, "max": 11446.3183594, "mean": 1192.96643066, "median": 931.793579102, "min": 123.546417236, "var": 913102.8125}, "spectral_complexity": {"dmean": 4.66954183578, "dmean2": 6.7698764801, "dvar": 27.6095905304, "dvar2": 54.3137550354, "max": 55, "mean": 14.7525644302, "median": 14, "min": 0, "var": 79.1937866211}, "spectral_decrease": {"dmean": 5.06852160242e-09, "dmean2": 5.90040105664e-09, "dvar": 3.22975747283e-17, "dvar2": 4.67197598758e-17, "max": 3.60489346707e-11, "mean": -1.22938619285e-08, "median": -8.00975641368e-09, "min": -6.05386389907e-08, "var": 1.42774205993e-16}, "spectral_energy": {"dmean": 0.0197248831391, "dmean2": 0.0231982730329, "dvar": 0.000492047925945, "dvar2": 0.00071596406633, "max": 0.232815504074, "mean": 0.0489740222692, "median": 0.0325787514448, "min": 1.02854456564e-20, "var": 0.00214334763587}, "spectral_energyband_high": {"dmean": 0.00100703560747, "dmean2": 0.00146839569788, "dvar": 2.77797948911e-06, "dvar2": 6.04170600127e-06, "max": 0.0149295460433, "mean": 0.00151223083958, "median": 0.000615513999946, "min": 6.90953174512e-21, "var": 4.57822989119e-06}, "spectral_energyband_low": {"dmean": 0.0141827994958, "dmean2": 0.015974663198, "dvar": 0.000475792447105, "dvar2": 0.000676378840581, "max": 0.206186980009, "mean": 0.0269359890372, "median": 0.00440414622426, "min": 1.4518404359e-23, "var": 0.00166767463088}, "spectral_energyband_middle_high": {"dmean": 0.00212850980461, "dmean2": 0.00313343037851, "dvar": 1.10805976874e-05, "dvar2": 2.40330646193e-05, "max": 0.0434777215123, "mean": 0.00385380233638, "median": 0.00209408206865, "min": 1.19344421225e-21, "var": 2.48044307227e-05}, "spectral_energyband_middle_low": {"dmean": 0.00899748597294, "dmean2": 0.0141761442646, "dvar": 0.000122828816529, "dvar2": 0.000301438412862, "max": 0.121618136764, "mean": 0.0177439935505, "median": 0.0143801700324, "min": 1.28615465469e-22, "var": 0.000258146843407}, "spectral_entropy": {"dmean": 0.274989932775, "dmean2": 0.379472881556, "dvar": 0.0773759558797, "dvar2": 0.138955160975, "max": 9.81753730774, "mean": 7.63709974289, "median": 7.6595621109, "min": 4.72911834717, "var": 0.348313868046}, "spectral_flux": {"dmean": 0.0399858355522, "dmean2": 0.0630394145846, "dvar": 0.00188019045163, "dvar2": 0.00416197767481, "max": 0.397420883179, "mean": 0.109768345952, "median": 0.10080781579, "min": 6.43553751956e-11, "var": 0.00394295668229}, "spectral_kurtosis": {"dmean": 1.63664352894, "dmean2": 2.42674541473, "dvar": 5.5403342247, "dvar2": 11.8238964081, "max": 67.5890884399, "mean": 4.11531925201, "median": 3.39709353447, "min": -1.40775024891, "var": 14.2095422745}, "spectral_rms": {"dmean": 0.00137911236379, "dmean2": 0.0016404890921, "dvar": 1.85095382221e-06, "dvar2": 2.72570537163e-06, "max": 0.0150710679591, "mean": 0.00608300417662, "median": 0.00563774351031, "min": 3.16774080925e-12, "var": 1.07765545181e-05}, "spectral_rolloff": {"dmean": 850.034240723, "dmean2": 1382.58679199, "dvar": 3626866.25, "dvar2": 7171176.5, "max": 19509.0820312, "mean": 1828.37731934, "median": 645.99609375, "min": 64.599609375, "var": 11057865}, "spectral_skewness": {"dmean": 0.274274975061, "dmean2": 0.390358477831, "dvar": 0.0900689512491, "dvar2": 0.176708325744, "max": 6.63199901581, "mean": 1.68682980537, "median": 1.6507897377, "min": -0.126733064651, "var": 0.357296407223}, "spectral_spread": {"dmean": 1140251.5, "dmean2": 1544637.25, "dvar": 1693308551170.0, "dvar2": 2979389243390.0, "max": 41971476, "mean": 6763159, "median": 6210677.5, "min": 860205.625, "var": 9098092347390.0}, "spectral_strongpeak": {"dmean": 0.499572604895, "dmean2": 0.789625525475, "dvar": 0.420520573854, "dvar2": 1.00201022625, "max": 8.37440395355, "mean": 0.975804030895, "median": 0.704790830612, "min": 0, "var": 0.813359677792}, "zerocrossingrate": {"dmean": 0.021912837401, "dmean2": 0.023894302547, "dvar": 0.000797047570813, "dvar2": 0.000784735195339, "max": 0.51806640625, "mean": 0.0775767341256, "median": 0.05078125, "min": 0.00390625, "var": 0.00702911335975}, "barkbands": {"dmean": [0.000484273972688, 0.0116109549999, 0.00293181091547, 0.00159864581656, 0.0027643784415, 0.00354093359783, 0.0016744339373, 0.00172124535311, 0.0016302469885, 0.0007288272609, 0.000491768121719, 0.000420082273195, 0.000402175530326, 0.000255057180766, 0.000271970260656, 0.000180919916602, 0.000180078568519, 0.000104727128928, 0.000137429917231, 0.000136994509376, 8.51644872455e-05, 0.000102902791696, 0.000152503242134, 0.000217048727791, 0.000238238353631, 0.000235729414271, 2.24711238843e-05], "dmean2": [0.00065324024763, 0.0129036484286, 0.00420919712633, 0.00277599948458, 0.0045290607959, 0.00545621477067, 0.00270645390265, 0.00277368351817, 0.0025699317921, 0.0011401581578, 0.0007756507257, 0.000665203027893, 0.000659660610836, 0.000411451910622, 0.000453997170553, 0.00029538362287, 0.000292696931865, 0.000168497339473, 0.00021636763995, 0.00021662650397, 0.00013251931523, 0.000157991962624, 0.000234283390455, 0.000335051969159, 0.000346899934812, 0.000336424651323, 3.53100986104e-05], "dvar": [8.35435400859e-07, 0.000422197452281, 5.77436367166e-05, 1.06226625576e-05, 2.46027684625e-05, 3.68983382941e-05, 1.49521874846e-05, 1.50632986333e-05, 1.2350610632e-05, 3.23360086441e-06, 1.18330763144e-06, 1.26689292301e-06, 8.42795373046e-07, 4.04204968163e-07, 6.91269917752e-07, 1.1923471277e-07, 7.75159847421e-08, 3.40010117839e-08, 4.34304716634e-08, 4.33639151254e-08, 2.63264983147e-08, 3.80912368314e-08, 6.70569093586e-08, 1.72188833858e-07, 1.5673310827e-07, 2.20582450083e-07, 2.4267388099e-09], "dvar2": [1.55237989929e-06, 0.000563414068893, 0.000112699694, 3.21053666994e-05, 6.41597362119e-05, 8.41298970045e-05, 3.55588235834e-05, 3.60598096449e-05, 2.75740749203e-05, 6.73155363984e-06, 2.56912426266e-06, 2.97375390801e-06, 2.04483035304e-06, 1.0358334066e-06, 1.91752724277e-06, 2.97332974242e-07, 1.95626725485e-07, 8.58723225861e-08, 1.03764300263e-07, 9.8945776017e-08, 6.1913233651e-08, 8.58263931036e-08, 1.59369704988e-07, 4.20764052933e-07, 3.22336319414e-07, 4.74377969795e-07, 6.12077100115e-09], "max": [0.00906273722649, 0.200855359435, 0.110679246485, 0.0405411832035, 0.0599760264158, 0.0981025993824, 0.0598216094077, 0.056563872844, 0.051444273442, 0.0396484658122, 0.0271955393255, 0.025227798149, 0.0153498454019, 0.0119414497167, 0.0156308207661, 0.00603497913107, 0.00388131849468, 0.00363184721209, 0.00287236319855, 0.00345934764482, 0.00196034205146, 0.00304243247956, 0.00385769433342, 0.00432980712503, 0.0044477195479, 0.00534642580897, 0.000755019660573], "mean": [0.000580490159336, 0.0213313680142, 0.0041229352355, 0.00191365426872, 0.00377069227397, 0.00553212920204, 0.00203757476993, 0.00197228975594, 0.00217452296056, 0.000903935637325, 0.00063957949169, 0.000508091412485, 0.000458503200207, 0.000296855141642, 0.000290941854473, 0.000222478352953, 0.000251096440479, 0.000154200402903, 0.000203630857868, 0.000187446945347, 0.000105999999505, 0.000135578782647, 0.000223325158004, 0.000292722164886, 0.000354384741513, 0.000287829752779, 2.17570614041e-05], "median": [3.59117984772e-05, 0.00147632532753, 0.000454405439086, 0.000658960372675, 0.0013392039109, 0.00164327397943, 0.000540584267583, 0.000448719831184, 0.000429621315561, 0.000192087056348, 0.000170926723513, 7.59874674259e-05, 9.17532015592e-05, 7.29866296751e-05, 8.35811370052e-05, 7.96865715529e-05, 0.000133348003146, 7.45019424357e-05, 9.73472779151e-05, 9.44577695918e-05, 3.8543381379e-05, 4.65519951831e-05, 9.65465151239e-05, 0.000103764221421, 0.00011153480591, 5.6347809732e-05, 2.76063201454e-06], "min": [4.65629586649e-25, 4.20248686747e-24, 1.28309734931e-24, 1.69644971541e-24, 1.79131300028e-23, 1.44433505547e-23, 9.34167821785e-24, 9.3222154416e-24, 2.88161106802e-23, 1.2646498962e-23, 1.51431317088e-23, 3.61718568127e-23, 3.97718267091e-23, 4.93329944298e-23, 5.78664878057e-23, 4.98614018631e-23, 4.75037111876e-23, 9.30934501816e-23, 1.41007410061e-22, 2.09513517331e-22, 2.88271585194e-22, 3.44583278643e-22, 4.68587669105e-22, 5.79835535019e-22, 9.69260797714e-22, 1.33456069969e-21, 2.07786376429e-21], "var": [1.58156638008e-06, 0.00140957452822, 0.000104136684968, 1.35758782562e-05, 3.63007929991e-05, 7.98556720838e-05, 2.02305545827e-05, 1.91924482351e-05, 2.06695658562e-05, 5.83673636356e-06, 2.06081563192e-06, 2.00294448405e-06, 1.13073883767e-06, 4.46258553666e-07, 5.44905958577e-07, 1.58901087843e-07, 1.11597806551e-07, 5.33937658531e-08, 7.63413012805e-08, 6.60903296534e-08, 3.37152954444e-08, 5.56745369806e-08, 1.05542099504e-07, 2.35946615135e-07, 3.28739645283e-07, 2.9327659945e-07, 2.32861330218e-09]}, "erbbands": {"dmean": [0.379931092262, 2.6646232605, 3.52123475075, 4.12078237534, 6.823366642, 9.09817695618, 23.0744895935, 28.5214824677, 23.9787349701, 30.149564743, 34.8146095276, 38.6064491272, 24.332239151, 21.0958461761, 18.0459365845, 16.0890769958, 17.5871105194, 13.9856548309, 12.0446243286, 12.9504022598, 9.90951061249, 9.24345684052, 5.70722055435, 6.72347450256, 6.77022743225, 6.08160972595, 3.95708084106, 3.64171290398, 3.70980000496, 3.54018521309, 4.89800357819, 4.61378479004, 3.65534090996, 2.34764146805, 1.90009999275, 1.11556053162, 0.458117485046, 0.0770654156804, 0.00208223448135, 6.89364896971e-05], "dmean2": [0.3787086308, 3.18497514725, 4.7948679924, 6.92901420593, 11.7296848297, 14.8856487274, 34.8870201111, 44.0977592468, 38.5387077332, 48.3459205627, 56.254901886, 60.4836883545, 37.2422142029, 33.0569038391, 28.3821811676, 25.2230758667, 28.5185604095, 22.104511261, 19.3959083557, 21.5461368561, 16.0413093567, 14.8944339752, 9.1011505127, 10.7643918991, 10.5746822357, 9.53003501892, 6.17674684525, 5.71953058243, 5.66701602936, 5.37526369095, 7.64047574997, 7.05086374283, 5.635160923, 3.43127918243, 2.80563139915, 1.62085700035, 0.670656502247, 0.115515388548, 0.00316961295903, 9.34154013521e-05], "dvar": [0.423682570457, 23.7242603302, 65.2417755127, 93.6246261597, 164.932739258, 347.788452148, 2081.56079102, 2698.48730469, 3869.73852539, 5037.25097656, 6209.41894531, 7596.14501953, 3923.12402344, 2220.13867188, 1640.1739502, 1712.55444336, 1543.15490723, 1024.02905273, 1033.60949707, 1117.5032959, 331.458221436, 202.858551025, 100.747444153, 117.96105957, 110.754814148, 81.0440597534, 53.3831329346, 48.8203926086, 48.9043807983, 44.4092750549, 75.0477828979, 77.031867981, 45.3030662537, 15.721288681, 11.3158159256, 5.97604894638, 0.857840538025, 0.0203672163188, 1.76073390321e-05, 1.15537197587e-08], "dvar2": [0.467345863581, 35.2493362427, 119.694923401, 278.407714844, 476.744049072, 884.621276855, 4643.24755859, 6278.05566406, 9279.03613281, 11954.8720703, 15231.5703125, 17014.0371094, 8085.53808594, 5125.97802734, 3854.51025391, 3889.17456055, 3724.23095703, 2533.35107422, 2489.88696289, 3042.54785156, 810.843017578, 509.059326172, 253.556838989, 297.257354736, 251.744338989, 183.254364014, 125.306236267, 114.613319397, 112.919967651, 101.397750854, 183.080169678, 187.115249634, 108.897514343, 31.7812747955, 24.0357666016, 12.2957515717, 2.01927924156, 0.0494571775198, 4.35837719124e-05, 2.60854164935e-08], "max": [6.62247943878, 43.3950996399, 113.36051178, 136.868041992, 136.524475098, 259.451599121, 678.921020508, 704.422485352, 1055.92565918, 1049.94519043, 1194.03466797, 1592.29785156, 1439.00842285, 1429.36010742, 801.982910156, 1161.9296875, 755.290161133, 535.227416992, 590.569091797, 560.321228027, 413.257476807, 242.519607544, 186.478164673, 143.995178223, 183.56451416, 194.540237427, 78.3872451782, 98.3760147095, 106.302726746, 149.025100708, 91.40965271, 85.6397399902, 71.3567123413, 62.8858108521, 51.0660247803, 27.8481273651, 11.1766424179, 2.23921394348, 0.0591865330935, 0.00139174936339], "mean": [0.71813005209, 4.37263584137, 5.51384830475, 5.48210477829, 8.41235542297, 11.9893274307, 36.1656951904, 41.713394165, 31.2760677338, 37.1148605347, 43.3853645325, 51.8277435303, 32.642250061, 28.1030464172, 24.181388855, 21.2448616028, 20.9489154816, 17.09740448, 14.3643217087, 14.7781982422, 12.9307842255, 13.3474054337, 8.85975837708, 10.2030715942, 10.0417938232, 8.69558620453, 4.97655105591, 4.32614946365, 4.72840452194, 5.14787435532, 6.90044736862, 6.22302675247, 4.91155862808, 3.60893797874, 2.66539645195, 1.4280936718, 0.512208163738, 0.0843658819795, 0.00221230974421, 0.000119212971185], "median": [0.0192891024053, 0.403583168983, 0.806059241295, 1.99574422836, 3.84212350845, 3.72534227371, 8.22070884705, 13.0564403534, 9.83678817749, 11.3486366272, 11.5623607635, 11.7649459839, 6.48395824432, 6.61172580719, 7.04210424423, 4.14395809174, 4.60207366943, 4.25349903107, 4.13204908371, 4.85478401184, 5.30972194672, 7.3293466568, 4.81146717072, 4.58791971207, 5.22056150436, 4.56903743744, 2.10530877113, 1.4223780632, 1.52408409119, 2.13789129257, 2.86853933334, 2.27409100533, 1.75459289551, 1.23071074486, 0.781891226768, 0.319234490395, 0.0836127623916, 0.0145185673609, 0.000373122631572, 6.56556658214e-05], "min": [1.35995783041e-22, 9.91615272989e-22, 2.36280365541e-21, 1.87745797554e-20, 1.86607196366e-20, 5.91938976643e-20, 1.26775755707e-19, 1.20165109197e-19, 1.24636899287e-19, 2.22932723106e-19, 2.26372114244e-19, 6.54273446449e-19, 3.22428230232e-19, 5.2984759454e-19, 9.44181691283e-19, 1.40495923939e-18, 2.2474927377e-18, 2.47870791688e-18, 3.1956414838e-18, 4.19675005503e-18, 3.99583077938e-18, 3.51271139312e-18, 6.06914409549e-18, 8.1051035895e-18, 8.57911778516e-18, 9.74987696413e-18, 9.07073024836e-18, 1.3391347705e-17, 1.00828229509e-17, 1.5704832912e-17, 1.47982661217e-17, 1.2302535655e-17, 9.42831132818e-18, 8.61807964638e-18, 6.9522785134e-18, 4.36790902661e-18, 2.6647681336e-18, 9.78824118735e-19, 2.58168730195e-19, 2.67980152085e-20], "var": [1.81359100342, 61.3844909668, 130.554946899, 123.726486206, 164.343170166, 499.176391602, 4690.7265625, 4956.79589844, 5503.92529297, 6436.84326172, 8072.7578125, 12326.4365234, 7204.18164062, 4398.11230469, 2430.46655273, 3183.98193359, 2127.15234375, 1335.18859863, 1105.60205078, 986.61505127, 448.655548096, 302.405700684, 154.845504761, 204.415756226, 198.05140686, 135.202011108, 65.6970825195, 61.4056663513, 67.3950958252, 66.7062454224, 108.628921509, 106.358757019, 66.9229812622, 35.820438385, 20.4193115234, 8.1919927597, 0.982660353184, 0.0234083868563, 1.85101325769e-05, 1.90565412339e-08]}, "gfcc": {"mean": [-5.81292009354, 64.3845214844, -84.1172103882, 18.9752178192, -62.5813446045, 12.0562982559, -46.9212722778, 17.0980796814, -27.189409256, 5.50504112244, -16.7261714935, 4.04175138474, -14.8825378418], "cov": [[23797.3242188, 539.611755371, -7.64791917801, 511.23348999, -399.872589111, 515.734191895, -209.655288696, 711.860107422, -89.3254089355, 248.09727478, -108.139190674, 201.731628418, -221.185134888], [539.611755371, 1882.16015625, -245.893951416, -122.97315979, 111.377586365, -121.764656067, 49.93019104, -44.9128036499, 43.6113929749, -161.940994263, 122.170448303, -77.9574050903, 13.9140071869], [-7.64791917801, -245.893951416, 930.838562012, 423.80871582, 271.917816162, 227.820571899, 204.641662598, 111.223571777, 115.491950989, 166.185317993, 23.9309616089, 126.470336914, 39.7216072083], [511.23348999, -122.97315979, 423.80871582, 668.406677246, 297.975372314, 163.434783936, 128.555221558, 122.860710144, 120.67855072, 114.008514404, 69.0380096436, 71.7011184692, 71.5878601074], [-399.872589111, 111.377586365, 271.917816162, 297.975372314, 460.336639404, 225.893508911, 208.511672974, 91.6517410278, 113.021987915, 83.0164718628, 43.6589660645, 41.2869987488, 47.705581665], [515.734191895, -121.764656067, 227.820571899, 163.434783936, 225.893508911, 422.578430176, 259.934906006, 125.239990234, 80.7824630737, 101.960693359, 21.2362232208, 30.635931015, 20.5935840607], [-209.655288696, 49.93019104, 204.641662598, 128.555221558, 208.511672974, 259.934906006, 351.872314453, 136.936264038, 83.9351959229, 76.6251296997, 51.1638183594, 55.8630943298, 33.3061485291], [711.860107422, -44.9128036499, 111.223571777, 122.860710144, 91.6517410278, 125.239990234, 136.936264038, 226.419906616, 98.0910186768, 48.3369216919, 32.4920539856, 33.1529312134, 17.4047298431], [-89.3254089355, 43.6113929749, 115.491950989, 120.67855072, 113.021987915, 80.7824630737, 83.9351959229, 98.0910186768, 161.622055054, 71.3816986084, 40.7087478638, 16.6848869324, 25.9460849762], [248.09727478, -161.940994263, 166.185317993, 114.008514404, 83.0164718628, 101.960693359, 76.6251296997, 48.3369216919, 71.3816986084, 154.474822998, 38.0825881958, 34.0306968689, 12.1135129929], [-108.139190674, 122.170448303, 23.9309616089, 69.0380096436, 43.6589660645, 21.2362232208, 51.1638183594, 32.4920539856, 40.7087478638, 38.0825881958, 137.734603882, 42.8940734863, 25.5527648926], [201.731628418, -77.9574050903, 126.470336914, 71.7011184692, 41.2869987488, 30.635931015, 55.8630943298, 33.1529312134, 16.6848869324, 34.0306968689, 42.8940734863, 123.17276001, 38.2691917419], [-221.185134888, 13.9140071869, 39.7216072083, 71.5878601074, 47.705581665, 20.5935840607, 33.3061485291, 17.4047298431, 25.9460849762, 12.1135129929, 25.5527648926, 38.2691917419, 81.2694396973]], "icov": [[9.28927038331e-05, -0.000169024177012, 9.39824021771e-05, -0.000186324963579, 0.000228771968978, -0.000320641003782, 0.000378645898309, -0.000492390536238, 0.000359885889338, -0.000413439091062, 0.000333477626555, -0.000441775162471, 0.000347087043338], [-0.000169024177012, 0.00112930650357, -0.00016368526849, 0.000551036850084, -0.000843241869006, 0.000958721502684, -0.00110149057582, 0.0012032405939, -0.00121128011961, 0.00190672138706, -0.00163964112289, 0.00148234795779, -0.000692958768923], [9.39824021771e-05, -0.00016368526849, 0.00210355012678, -0.00111611210741, 6.21694707661e-05, -0.000459087081254, -3.75074705516e-05, -0.00021874034428, 8.7875938334e-05, -0.00141197117046, 0.00131940096617, -0.00202160235494, 0.00110039056744], [-0.000186324963579, 0.000551036850084, -0.00111611210741, 0.00334346434101, -0.00186152989045, 0.000686717510689, 1.8306522179e-05, 0.00019095040625, -0.000826970033813, 0.000744750082958, -0.0016905721277, 0.00139559793752, -0.00210339110345], [0.000228771968978, -0.000843241869006, 6.21694707661e-05, -0.00186152989045, 0.00511080026627, -0.00196119537577, -0.000258436077274, -0.000426755024819, -0.000313866796205, -0.00111657299567, 0.00140954367816, -0.00115821673535, 0.000439429946709], [-0.000320641003782, 0.000958721502684, -0.000459087081254, 0.000686717510689, -0.00196119537577, 0.00644667027518, -0.00436763232574, 0.00104791577905, -0.00083959690528, 0.000236764462898, -0.000795258849394, 0.00261848769151, -0.00108436250594], [0.000378645898309, -0.00110149057582, -3.75074705516e-05, 1.8306522179e-05, -0.000258436077274, -0.00436763232574, 0.00854062754661, -0.00413334555924, 0.00190368888434, -0.00209023733623, 0.000640426122118, -0.00302710477263, 0.000792693695985], [-0.000492390536238, 0.0012032405939, -0.00021874034428, 0.00019095040625, -0.000426755024819, 0.00104791577905, -0.00413334555924, 0.0102684069425, -0.0059741511941, 0.00350340153091, -0.00192484247964, 0.00143949780613, -0.000815105740912], [0.000359885889338, -0.00121128011961, 8.7875938334e-05, -0.000826970033813, -0.000313866796205, -0.00083959690528, 0.00190368888434, -0.0059741511941, 0.0130798462778, -0.00580201391131, 0.000572829274461, -5.85889793001e-05, -0.00069497450022], [-0.000413439091062, 0.00190672138706, -0.00141197117046, 0.000744750082958, -0.00111657299567, 0.000236764462898, -0.00209023733623, 0.00350340153091, -0.00580201391131, 0.0139050390571, -0.0045120511204, 0.00185791484546, -0.000392249872675], [0.000333477626555, -0.00163964112289, 0.00131940096617, -0.0016905721277, 0.00140954367816, -0.000795258849394, 0.000640426122118, -0.00192484247964, 0.000572829274461, -0.0045120511204, 0.0120682613924, -0.00526187196374, 0.000729420396965], [-0.000441775162471, 0.00148234795779, -0.00202160235494, 0.00139559793752, -0.00115821673535, 0.00261848769151, -0.00302710477263, 0.00143949780613, -5.85889793001e-05, 0.00185791484546, -0.00526187196374, 0.0151013880968, -0.00646365759894], [0.000347087043338, -0.000692958768923, 0.00110039056744, -0.00210339110345, 0.000439429946709, -0.00108436250594, 0.000792693695985, -0.000815105740912, -0.00069497450022, -0.000392249872675, 0.000729420396965, -0.00646365759894, 0.0176442302763]]}, "melbands": {"dmean": [0.00331309996545, 0.00238541327417, 0.000794141902588, 0.000530273595359, 0.000723801553249, 0.000651024514809, 0.000353638024535, 0.000343831081409, 0.00029153120704, 0.000234193052165, 0.000120817050629, 8.80313236848e-05, 6.43227467663e-05, 5.1459774113e-05, 3.92716792703e-05, 3.83477163268e-05, 2.58919462794e-05, 1.93738669623e-05, 2.02222981898e-05, 1.4132700926e-05, 1.23007912407e-05, 1.09162383524e-05, 6.82978270561e-06, 5.07832692165e-06, 5.86514261158e-06, 5.17474154549e-06, 5.04649824506e-06, 4.1186258386e-06, 2.92835034088e-06, 2.04575303542e-06, 2.174613428e-06, 2.01880675377e-06, 2.25392545872e-06, 1.95571442418e-06, 2.84062480205e-06, 2.80457697954e-06, 3.09161077894e-06, 2.62919866145e-06, 2.28420526582e-06, 1.95110783352e-06], "dmean2": [0.00348386284895, 0.00299014803022, 0.00133060198277, 0.000895325501915, 0.00109944178257, 0.00100611976814, 0.000568054965697, 0.000552427431103, 0.00047272577649, 0.0003663742973, 0.000185772325494, 0.000139494848554, 0.000101955934952, 8.08556724223e-05, 6.33766903775e-05, 6.24812892056e-05, 4.16648836108e-05, 3.13033560815e-05, 3.39973303198e-05, 2.32681122725e-05, 2.00470494747e-05, 1.78632308234e-05, 1.09587617771e-05, 8.25885672384e-06, 9.52395566856e-06, 8.15592375147e-06, 8.06631942396e-06, 6.56837664792e-06, 4.62519255962e-06, 3.31219257532e-06, 3.44312252309e-06, 3.12162705995e-06, 3.50850973518e-06, 2.98003214994e-06, 4.47577531304e-06, 4.3562117753e-06, 4.81336655866e-06, 4.11547489421e-06, 3.44736827174e-06, 2.87856596515e-06], "dvar": [3.41341583407e-05, 1.65803594427e-05, 2.51512119576e-06, 9.64052333075e-07, 1.78696211606e-06, 1.30932505726e-06, 7.33761226002e-07, 6.2894292796e-07, 4.0183797978e-07, 2.79852656604e-07, 1.02151936687e-07, 4.03902440382e-08, 1.9435280052e-08, 1.95704661365e-08, 9.21314757818e-09, 9.17349929352e-09, 3.94193522268e-09, 2.48850895446e-09, 4.14923473357e-09, 8.85184092692e-10, 5.05849140353e-10, 3.25294347014e-10, 1.25107202376e-10, 8.69767868839e-11, 9.85072648452e-11, 6.50967127425e-11, 6.78654493713e-11, 3.92443820496e-11, 3.24668035512e-11, 1.67084159008e-11, 1.77522579969e-11, 1.46582537774e-11, 2.10624590685e-11, 1.29482570499e-11, 2.43930813049e-11, 2.39312111794e-11, 3.88153988118e-11, 2.38092896093e-11, 1.63508182688e-11, 1.11643515613e-11], "dvar2": [4.15169306507e-05, 2.87460788968e-05, 7.27217366148e-06, 2.62209118773e-06, 4.06334584113e-06, 3.03682031699e-06, 1.75888817466e-06, 1.4757797544e-06, 9.78433718046e-07, 6.26908331469e-07, 2.10290181712e-07, 9.46759328713e-08, 4.42947793999e-08, 4.60202933539e-08, 2.22583640408e-08, 2.24855334352e-08, 9.99750415787e-09, 5.73596148357e-09, 1.16431619901e-08, 2.30507435361e-09, 1.24608778851e-09, 8.35581881464e-10, 3.0469499146e-10, 2.26362442679e-10, 2.53531917682e-10, 1.50994397541e-10, 1.63766777916e-10, 8.8706854362e-11, 7.60994947613e-11, 4.06059352809e-11, 4.15407222509e-11, 3.416938954e-11, 4.97090910101e-11, 3.01245590972e-11, 5.96580354562e-11, 5.76529761431e-11, 9.51201339916e-11, 5.83441975288e-11, 3.5402510784e-11, 2.2987712428e-11], "max": [0.0599686354399, 0.0427984595299, 0.019051047042, 0.0104098580778, 0.0183188617229, 0.0165982246399, 0.0141175901517, 0.0115285906941, 0.00967963598669, 0.00924800895154, 0.00727204233408, 0.0054053273052, 0.00242005172186, 0.00315314973705, 0.00204072822817, 0.0019320116844, 0.00106112041976, 0.000862549233716, 0.00121001841035, 0.000438547082013, 0.000497911940329, 0.000318156235153, 0.000206211887416, 0.000161316915182, 0.000129234176711, 0.000131123815663, 0.000136379705509, 0.000136898786877, 5.95603596594e-05, 5.46994415345e-05, 6.50054134894e-05, 6.87219726387e-05, 8.87822316145e-05, 9.78290772764e-05, 5.11008038302e-05, 5.3365034546e-05, 6.47948108963e-05, 5.74765290366e-05, 7.05758138793e-05, 5.04433191963e-05], "mean": [0.00624880660325, 0.00388746103272, 0.00106946355663, 0.000681028352119, 0.00113088148646, 0.000974021386355, 0.000454277498648, 0.000415741698816, 0.000366073130863, 0.000310496456223, 0.000155324858497, 0.00011193863611, 8.45598478918e-05, 6.28963389318e-05, 4.87471297674e-05, 4.26203332609e-05, 3.03675660689e-05, 2.25132716878e-05, 2.14143510675e-05, 1.68152018887e-05, 1.519475245e-05, 1.45688563862e-05, 1.00239967651e-05, 7.18750288797e-06, 8.38190499053e-06, 7.37305617804e-06, 6.96850020176e-06, 5.53045947527e-06, 3.41361032952e-06, 2.38828647525e-06, 2.53300709119e-06, 2.48618425758e-06, 2.89662261821e-06, 2.83295003101e-06, 3.91673529521e-06, 3.90220702684e-06, 3.88042826671e-06, 3.42688508681e-06, 3.11433132083e-06, 3.00576402879e-06], "median": [0.00031532527646, 0.00071030453546, 0.00046336572268, 0.000282811379293, 0.000279107538518, 0.000302919652313, 0.000132212371682, 0.000113761198008, 8.90160445124e-05, 6.41527294647e-05, 2.65652506641e-05, 2.33150931308e-05, 2.36107116507e-05, 1.12864518087e-05, 1.01772711787e-05, 8.22528818389e-06, 7.25496602172e-06, 5.86536771152e-06, 5.93563436269e-06, 5.75985131945e-06, 5.82567645324e-06, 7.37998743716e-06, 5.37171945325e-06, 3.19441460306e-06, 3.4300489915e-06, 3.51715834768e-06, 3.52772713086e-06, 2.5560116228e-06, 1.24310383853e-06, 8.26180212243e-07, 7.68714983224e-07, 7.24200049262e-07, 1.02218064058e-06, 1.2167603245e-06, 1.60399667948e-06, 1.5853372588e-06, 1.20935942505e-06, 1.25078452129e-06, 1.00818704141e-06, 1.02038052319e-06], "min": [1.30801657783e-24, 1.17364782909e-24, 3.07257930482e-24, 1.77135856647e-24, 4.37889233753e-24, 2.59561349114e-24, 2.14617990912e-24, 2.86547827086e-24, 1.94023396475e-24, 3.89946922213e-24, 1.27851564517e-24, 1.98013198554e-24, 2.7689351067e-24, 4.05809297852e-24, 4.8735444127e-24, 4.9265061673e-24, 3.75212735997e-24, 4.63220070179e-24, 5.32377494144e-24, 3.31031397709e-24, 3.06951674957e-24, 2.84012901453e-24, 4.79598045306e-24, 4.34659518878e-24, 5.80596893077e-24, 4.93794228384e-24, 5.63319222088e-24, 6.19848679012e-24, 4.61915136469e-24, 6.93426248401e-24, 6.95300897457e-24, 4.50513927022e-24, 6.54972553045e-24, 5.83770441056e-24, 7.46313692298e-24, 8.05541053518e-24, 6.75138164922e-24, 6.735400905e-24, 5.06346070348e-24, 6.9790421733e-24], "var": [0.000128058367409, 3.86680549127e-05, 3.22801020047e-06, 1.13025475912e-06, 3.98306883653e-06, 2.53885173152e-06, 1.05884123514e-06, 8.13768508579e-07, 5.47612216906e-07, 4.59087146965e-07, 1.84123734925e-07, 7.49077742057e-08, 3.03748350916e-08, 3.1620185581e-08, 1.26750405727e-08, 1.10781712692e-08, 4.70593919388e-09, 2.85683765533e-09, 3.17707504749e-09, 1.01599251234e-09, 6.55479281964e-10, 4.27927276947e-10, 1.94942020859e-10, 1.28801483368e-10, 1.57161506031e-10, 1.12287401599e-10, 1.046408446e-10, 6.08792807832e-11, 3.67842735438e-11, 1.9834259235e-11, 2.21766910391e-11, 1.97635952742e-11, 2.84245908061e-11, 1.91626159385e-11, 3.49788913112e-11, 3.78504207144e-11, 4.82604407825e-11, 3.27214817741e-11, 3.10293978012e-11, 2.52445512411e-11]}, "mfcc": {"mean": [-654.232055664, 107.282859802, 24.7884597778, 12.1846723557, 8.44449901581, -6.54444742203, -2.62613368034, 2.36830472946, -5.04924440384, 3.43850922585, -3.28070092201, -0.989410221577, 2.21006131172], "cov": [[11188.7236328, 619.420654297, 314.600250244, 30.5897731781, 148.083084106, -37.5793457031, 143.725234985, 266.11050415, 76.6242141724, 257.968414307, 86.7602539062, 122.400558472, 134.458343506], [619.420654297, 1710.59301758, -174.432678223, -51.2307777405, -15.1564645767, -88.1386032104, 6.7350897789, 77.5246505737, -86.8528747559, 2.69503283501, -24.634771347, -3.07757592201, 32.3168640137], [314.600250244, -174.432678223, 646.330078125, 253.023635864, 133.839385986, 173.708374023, 101.933113098, 69.9198379517, 124.474746704, 32.5953979492, 84.6963882446, 95.3079528809, 56.8691253662], [30.5897731781, -51.2307777405, 253.023635864, 536.063110352, 237.667007446, 118.784706116, 68.9689941406, 68.1609802246, 83.4698486328, 38.413028717, 52.6317634583, 52.0385093689, 68.0361022949], [148.083084106, -15.1564645767, 133.839385986, 237.667007446, 324.758056641, 151.577362061, 77.6387329102, 69.756980896, 90.7825546265, 82.5069274902, 52.5517845154, 37.6831054688, 44.1539916992], [-37.5793457031, -88.1386032104, 173.708374023, 118.784706116, 151.577362061, 377.495056152, 199.467514038, 85.9706954956, 148.371856689, 69.4722137451, 93.2888336182, 72.9990768433, 22.6851539612], [143.725234985, 6.7350897789, 101.933113098, 68.9689941406, 77.6387329102, 199.467514038, 280.498596191, 146.965713501, 114.572433472, 78.9540557861, 75.899269104, 75.6783828735, 41.0647697449], [266.11050415, 77.5246505737, 69.9198379517, 68.1609802246, 69.756980896, 85.9706954956, 146.965713501, 223.058303833, 111.853118896, 61.2905197144, 60.5055847168, 40.5764923096, 46.9404296875], [76.6242141724, -86.8528747559, 124.474746704, 83.4698486328, 90.7825546265, 148.371856689, 114.572433472, 111.853118896, 215.350204468, 92.1490020752, 67.1795043945, 50.2712898254, 24.4790477753], [257.968414307, 2.69503283501, 32.5953979492, 38.413028717, 82.5069274902, 69.4722137451, 78.9540557861, 61.2905197144, 92.1490020752, 169.449584961, 70.4319839478, 32.3107223511, 30.6533069611], [86.7602539062, -24.634771347, 84.6963882446, 52.6317634583, 52.5517845154, 93.2888336182, 75.899269104, 60.5055847168, 67.1795043945, 70.4319839478, 131.847473145, 59.8137397766, 22.9597606659], [122.400558472, -3.07757592201, 95.3079528809, 52.0385093689, 37.6831054688, 72.9990768433, 75.6783828735, 40.5764923096, 50.2712898254, 32.3107223511, 59.8137397766, 123.519462585, 48.9250221252], [134.458343506, 32.3168640137, 56.8691253662, 68.0361022949, 44.1539916992, 22.6851539612, 41.0647697449, 46.9404296875, 24.4790477753, 30.6533069611, 22.9597606659, 48.9250221252, 110.998626709]], "icov": [[9.99632029561e-05, -2.98442428175e-05, -7.55274595576e-05, 4.29321153206e-05, -3.00174506265e-05, 5.303270882e-05, 1.67041744135e-05, -0.00011441008246, 7.78192479629e-05, -0.000174487257027, 6.30810318398e-05, -6.74534458085e-05, -9.00750637811e-06], [-2.98442428175e-05, 0.000659275625367, 0.000170766361407, 9.38835285069e-07, -3.83560764021e-05, 1.74652705027e-05, 3.28338537656e-05, -0.000448846141808, 0.000437962269643, -8.63743262016e-05, 0.000123715668451, -0.000136266171467, -9.27663058974e-05], [-7.55274595576e-05, 0.000170766361407, 0.00233587343246, -0.000821758643724, 6.81261226418e-05, -0.000449207494967, 9.64092541835e-05, 0.000140133866807, -0.000702667108271, 0.00070889556082, -0.000546444091015, -0.000764437951148, -0.000272353121545], [4.29321153206e-05, 9.38835285069e-07, -0.000821758643724, 0.00326481810771, -0.00215492141433, 0.000313572178129, -7.84366420703e-05, -3.18399688695e-05, -0.000187646975974, 0.000683069578372, -0.000281841668766, 0.000159585062647, -0.000956109317485], [-3.00174506265e-05, -3.83560764021e-05, 6.81261226418e-05, -0.00215492141433, 0.00585996964946, -0.00193734664936, 0.000989820342511, -0.000701483164448, 0.000188610851183, -0.0020709480159, 0.0006083692424, 0.000171162522747, -0.000342119659763], [5.303270882e-05, 1.74652705027e-05, -0.000449207494967, 0.000313572178129, -0.00193734664936, 0.00623595248908, -0.00385661469772, 0.00189652072731, -0.0023892512545, 0.00136109942105, -0.00179902801756, 6.38905257802e-05, 0.000584566150792], [1.67041744135e-05, 3.28338537656e-05, 9.64092541835e-05, -7.84366420703e-05, 0.000989820342511, -0.00385661469772, 0.00892900582403, -0.00450175441802, 0.000891097588465, -0.00186013500206, 0.000831427692901, -0.00241987686604, 0.000175552020664], [-0.00011441008246, -0.000448846141808, 0.000140133866807, -3.18399688695e-05, -0.000701483164448, 0.00189652072731, -0.00450175441802, 0.00943041685969, -0.00385377183557, 0.0014363102382, -0.00215144222602, 0.00183745787945, -0.00212579453364], [7.78192479629e-05, 0.000437962269643, -0.000702667108271, -0.000187646975974, 0.000188610851183, -0.0023892512545, 0.000891097588465, -0.00385377183557, 0.00989337451756, -0.00375465746038, 0.000752989086322, -0.00126384804025, 0.00122294353787], [-0.000174487257027, -8.63743262016e-05, 0.00070889556082, 0.000683069578372, -0.0020709480159, 0.00136109942105, -0.00186013500206, 0.0014363102382, -0.00375465746038, 0.0106092710048, -0.00445573264733, 0.00142614298966, -0.00172773783561], [6.30810318398e-05, 0.000123715668451, -0.000546444091015, -0.000281841668766, 0.0006083692424, -0.00179902801756, 0.000831427692901, -0.00215144222602, 0.000752989086322, -0.00445573264733, 0.013427243568, -0.0046421457082, 0.00140136096161], [-6.74534458085e-05, -0.000136266171467, -0.000764437951148, 0.000159585062647, 0.000171162522747, 6.38905257802e-05, -0.00241987686604, 0.00183745787945, -0.00126384804025, 0.00142614298966, -0.0046421457082, 0.0137462588027, -0.00476158317178], [-9.00750637811e-06, -9.27663058974e-05, -0.000272353121545, -0.000956109317485, -0.000342119659763, 0.000584566150792, 0.000175552020664, -0.00212579453364, 0.00122294353787, -0.00172773783561, 0.00140136096161, -0.00476158317178, 0.0126396082342]]}, "spectral_contrast_coeffs": {"dmean": [0.0608224198222, 0.0609873831272, 0.0458536781371, 0.0358289033175, 0.0290268883109, 0.0204147119075], "dmean2": [0.0952041745186, 0.0956311374903, 0.0723392143846, 0.0577232018113, 0.0456359237432, 0.032752264291], "dvar": [0.00259622465819, 0.0026250295341, 0.00147864641622, 0.000922181759961, 0.000606451882049, 0.000347125460394], "dvar2": [0.00621245568618, 0.00610952917486, 0.00349468318745, 0.00229067099281, 0.00141162623186, 0.000838313135318], "max": [-0.267248570919, -0.377231657505, -0.443118661642, -0.582928419113, -0.534648478031, -0.594673752785], "mean": [-0.612062513828, -0.686272621155, -0.764058291912, -0.796372592449, -0.793154239655, -0.812467873096], "median": [-0.618629693985, -0.68945145607, -0.772549808025, -0.803438901901, -0.79656457901, -0.813596189022], "min": [-0.976425051689, -0.970511734486, -0.986726880074, -0.967793941498, -0.964084565639, -0.964836716652], "var": [0.0120780942962, 0.00999889243394, 0.00580007117242, 0.0030143703334, 0.00241530127823, 0.00103126419708]}, "spectral_contrast_valleys": {"dmean": [0.573888301849, 0.489061444998, 0.465931504965, 0.439498633146, 0.403175532818, 0.454199135303], "dmean2": [0.877939045429, 0.760063052177, 0.692186892033, 0.648677587509, 0.56616717577, 0.572465717793], "dvar": [0.344947040081, 0.21682754159, 0.204010874033, 0.196431770921, 0.18060079217, 0.238490998745], "dvar2": [0.699724972248, 0.465324282646, 0.406079649925, 0.389255702496, 0.337786197662, 0.409607648849], "max": [-4.92570495605, -4.30769205093, -5.166451931, -5.55763435364, -6.02647542953, -7.60299301147], "mean": [-7.77515220642, -6.95282030106, -7.64975690842, -8.06371688843, -7.91368532181, -9.7793