{"lowlevel": {"average_loudness": 0.671082556248, "barkbands_crest": {"dmean": 3.66210174561, "dmean2": 5.64554834366, "dvar": 11.7896413803, "dvar2": 24.4148731232, "max": 26.8477268219, "mean": 14.5843248367, "median": 13.6005010605, "min": 2.45942401886, "var": 42.4696311951}, "barkbands_flatness_db": {"dmean": 0.0486337319016, "dmean2": 0.0664131343365, "dvar": 0.0023398231715, "dvar2": 0.00400165701285, "max": 0.74648976326, "mean": 0.216386124492, "median": 0.1971745193, "min": 0.0198337100446, "var": 0.0134278265759}, "barkbands_kurtosis": {"dmean": 41.4594726562, "dmean2": 59.1120185852, "dvar": 22740.5214844, "dvar2": 42760.7304688, "max": 10932.6894531, "mean": 56.3806724548, "median": 5.65449905396, "min": -1.95061910152, "var": 45895.9023438}, "barkbands_skewness": {"dmean": 1.93786001205, "dmean2": 2.58175301552, "dvar": 6.85275697708, "dvar2": 12.1779108047, "max": 72.6593551636, "mean": 3.72867798805, "median": 2.0745203495, "min": -14.963259697, "var": 27.6209869385}, "barkbands_spread": {"dmean": 9.72155475616, "dmean2": 14.2500867844, "dvar": 193.395523071, "dvar2": 378.627319336, "max": 133.895721436, "mean": 19.3005046844, "median": 12.2812175751, "min": 0.018457416445, "var": 512.009277344}, "dissonance": {"dmean": 0.0300991740078, "dmean2": 0.05082834512, "dvar": 0.00130906433333, "dvar2": 0.00338490866125, "max": 0.500000059605, "mean": 0.45440903306, "median": 0.469281345606, "min": 0.132314145565, "var": 0.00215813424438}, "dynamic_complexity": 5.35720348358, "erbbands_crest": {"dmean": 3.55719923973, "dmean2": 5.64397382736, "dvar": 12.9209547043, "dvar2": 27.8629264832, "max": 34.9993286133, "mean": 10.4685668945, "median": 8.55947875977, "min": 2.17414093018, "var": 35.208782196}, "erbbands_flatness_db": {"dmean": 0.0301269460469, "dmean2": 0.0446626804769, "dvar": 0.00136693462264, "dvar2": 0.00267299753614, "max": 0.600484192371, "mean": 0.17963039875, "median": 0.154218152165, "min": 0.0300775505602, "var": 0.00683210697025}, "erbbands_kurtosis": {"dmean": 3.84451031685, "dmean2": 6.06706428528, "dvar": 193.208007812, "dvar2": 410.984893799, "max": 463.715515137, "mean": 3.3726143837, "median": 0.0490436553955, "min": -1.93337225914, "var": 294.661193848}, "erbbands_skewness": {"dmean": 0.747929096222, "dmean2": 1.1017973423, "dvar": 0.832978069782, "dvar2": 1.73140239716, "max": 16.4161338806, "mean": 0.339650452137, "median": 0.165312483907, "min": -10.1297111511, "var": 2.40690302849}, "erbbands_spread": {"dmean": 15.3584918976, "dmean2": 23.3235168457, "dvar": 313.697296143, "dvar2": 698.450927734, "max": 184.847396851, "mean": 42.7916145325, "median": 36.988483429, "min": 0.314523011446, "var": 829.078979492}, "hfc": {"dmean": 15.1300525665, "dmean2": 21.3435764313, "dvar": 700.129882812, "dvar2": 1414.08300781, "max": 215.712936401, "mean": 19.9041099548, "median": 5.77494335175, "min": 1.20673237045e-16, "var": 1029.11035156}, "melbands_crest": {"dmean": 5.01377010345, "dmean2": 7.73648405075, "dvar": 20.6135234833, "dvar2": 46.8606910706, "max": 38.0867080688, "mean": 21.0354423523, "median": 21.1696224213, "min": 2.14717626572, "var": 72.668762207}, "melbands_flatness_db": {"dmean": 0.0570056326687, "dmean2": 0.0751211047173, "dvar": 0.00302146188915, "dvar2": 0.00496954796836, "max": 0.913673579693, "mean": 0.2957508564, "median": 0.278810560703, "min": 0.00562375970185, "var": 0.0200996305794}, "melbands_kurtosis": {"dmean": 47.4669380188, "dmean2": 69.1182403564, "dvar": 7665.24658203, "dvar2": 15647.4863281, "max": 1397.32507324, "mean": 76.5762710571, "median": 16.2272720337, "min": -1.93701028824, "var": 20084.2539062}, "melbands_skewness": {"dmean": 2.07004213333, "dmean2": 2.89127087593, "dvar": 5.30931091309, "dvar2": 10.8722648621, "max": 30.999420166, "mean": 4.94290065765, "median": 3.41151428223, "min": -10.0480175018, "var": 22.539484024}, "melbands_spread": {"dmean": 13.5741424561, "dmean2": 19.4975166321, "dvar": 755.123046875, "dvar2": 1344.28820801, "max": 305.041046143, "mean": 23.7682361603, "median": 11.0403652191, "min": 0.0875359997153, "var": 1677.06518555}, "pitch_salience": {"dmean": 0.11452486366, "dmean2": 0.16907556355, "dvar": 0.0116437915713, "dvar2": 0.0242701619864, "max": 0.894495844841, "mean": 0.402882635593, "median": 0.426379054785, "min": 0.0165138021111, "var": 0.0447730012238}, "silence_rate_20dB": {"dmean": 0.0488441027701, "dmean2": 0.0976939946413, "dvar": 0.0464548245072, "dvar2": 0.0997600182891, "max": 1, "mean": 0.949736237526, "median": 1, "min": 0, "var": 0.0477360263467}, "silence_rate_30dB": {"dmean": 0.0694724395871, "dmean2": 0.138953104615, "dvar": 0.0646463185549, "dvar2": 0.127697274089, "max": 1, "mean": 0.826625585556, "median": 1, "min": 0, "var": 0.14330111444}, "silence_rate_60dB": {"dmean": 0.086781270802, "dmean2": 0.173572823405, "dvar": 0.0792542994022, "dvar2": 0.17081438005, "max": 1, "mean": 0.244265303016, "median": 0, "min": 0, "var": 0.184590101242}, "spectral_centroid": {"dmean": 409.409973145, "dmean2": 583.22052002, "dvar": 289420.0625, "dvar2": 499902.5, "max": 11204.8554688, "mean": 1250.71411133, "median": 1007.86651611, "min": 58.1350898743, "var": 972547.3125}, "spectral_complexity": {"dmean": 4.26556015015, "dmean2": 5.76785802841, "dvar": 36.8695373535, "dvar2": 52.5469512939, "max": 57, "mean": 9.4489364624, "median": 6, "min": 0, "var": 101.954116821}, "spectral_decrease": {"dmean": 1.07693018947e-08, "dmean2": 1.63811861853e-08, "dvar": 5.47848416548e-16, "dvar2": 1.33188582945e-15, "max": 1.42687780126e-28, "mean": -1.62291797778e-08, "median": -3.89944787571e-09, "min": -2.8515160011e-07, "var": 9.44600343108e-16}, "spectral_energy": {"dmean": 0.0416556298733, "dmean2": 0.0631430596113, "dvar": 0.00787384621799, "dvar2": 0.0191353540868, "max": 1.08587157726, "mean": 0.0630579963326, "median": 0.0175163205713, "min": 1.04068804556e-20, "var": 0.0136833004653}, "spectral_energyband_high": {"dmean": 0.00122527731583, "dmean2": 0.00171264610253, "dvar": 7.97042685008e-06, "dvar2": 1.64760695043e-05, "max": 0.0236079599708, "mean": 0.00129431218375, "median": 4.16401599068e-05, "min": 7.67924269215e-21, "var": 1.00743318399e-05}, "spectral_energyband_low": {"dmean": 0.0374818332493, "dmean2": 0.0572108700871, "dvar": 0.00811494048685, "dvar2": 0.0195968244225, "max": 1.0695374012, "mean": 0.0538609884679, "median": 0.0064221136272, "min": 1.24925275128e-22, "var": 0.0131485257298}, "spectral_energyband_middle_high": {"dmean": 0.00178158574272, "dmean2": 0.00263727433048, "dvar": 1.56244950631e-05, "dvar2": 3.20731960528e-05, "max": 0.0535321198404, "mean": 0.00226708641276, "median": 0.000497711240314, "min": 1.20530575201e-21, "var": 2.24803970923e-05}, "spectral_energyband_middle_low": {"dmean": 0.00700745405629, "dmean2": 0.0122009320185, "dvar": 0.000314453267492, "dvar2": 0.000853991776239, "max": 0.264410614967, "mean": 0.00823669880629, "median": 0.00122563599143, "min": 2.77881744336e-22, "var": 0.000310508417897}, "spectral_entropy": {"dmean": 0.304010421038, "dmean2": 0.42589995265, "dvar": 0.141182050109, "dvar2": 0.250566035509, "max": 9.79647254944, "mean": 7.3859744072, "median": 7.45666599274, "min": 2.99428296089, "var": 0.696584939957}, "spectral_flux": {"dmean": 0.0565112754703, "dmean2": 0.0854702293873, "dvar": 0.00578144844621, "dvar2": 0.012281213887, "max": 0.768734812737, "mean": 0.116512157023, "median": 0.0777540579438, "min": 1.02014119374e-10, "var": 0.0141271054745}, "spectral_kurtosis": {"dmean": 4.35648012161, "dmean2": 6.91998052597, "dvar": 77.6733322144, "dvar2": 180.687149048, "max": 254.329650879, "mean": 8.26353168488, "median": 4.77330112457, "min": -1.19103705883, "var": 191.76550293}, "spectral_rms": {"dmean": 0.00206870329566, "dmean2": 0.00290251523256, "dvar": 7.45664010537e-06, "dvar2": 1.48711660586e-05, "max": 0.0325482226908, "mean": 0.00569837680086, "median": 0.00413389550522, "min": 3.18638583401e-12, "var": 2.90484113066e-05}, "spectral_rolloff": {"dmean": 784.866516113, "dmean2": 1305.53417969, "dvar": 3031483.75, "dvar2": 5318019.5, "max": 19896.6796875, "mean": 1616.51269531, "median": 624.462890625, "min": 43.06640625, "var": 7142538}, "spectral_skewness": {"dmean": 0.488960146904, "dmean2": 0.715440928936, "dvar": 0.367155432701, "dvar2": 0.811525762081, "max": 13.2087068558, "mean": 1.81957674026, "median": 1.631914258, "min": -0.0813272595406, "var": 1.39301657677}, "spectral_spread": {"dmean": 909589.5625, "dmean2": 1290718.125, "dvar": 1555264831490.0, "dvar2": 2622614405120.0, "max": 40905668, "mean": 4989515, "median": 4512422.5, "min": 376432.6875, "var": 7871775899650.0}, "spectral_strongpeak": {"dmean": 0.413372427225, "dmean2": 0.668815076351, "dvar": 0.775289297104, "dvar2": 2.00760626793, "max": 17.0446090698, "mean": 0.644408166409, "median": 0.380922794342, "min": 0, "var": 0.776124298573}, "zerocrossingrate": {"dmean": 0.0204074941576, "dmean2": 0.0198120214045, "dvar": 0.000889354094397, "dvar2": 0.000767196353991, "max": 0.5029296875, "mean": 0.058862015605, "median": 0.03662109375, "min": 0.00146484375, "var": 0.00509988470003}, "barkbands": {"dmean": [0.00211689155549, 0.0338449478149, 0.00560735492036, 0.00207747844979, 0.00187552312855, 0.00103729416151, 0.000739041657653, 0.000500354333781, 0.00164539611433, 0.000448529433925, 0.000490079692099, 0.000323745654896, 0.000150994470459, 0.000171426159795, 0.000162595970323, 9.03396430658e-05, 0.000265429232968, 8.0901045294e-05, 8.8898530521e-05, 0.000100555364043, 0.000112150191853, 0.000173250111402, 0.000252446654486, 0.000440408184659, 0.000204983080039, 3.01453965221e-05, 2.76937025774e-05], "dmean2": [0.00361505011097, 0.0513123087585, 0.00975128822029, 0.00375322648324, 0.00334707996808, 0.00181441497989, 0.00130527606234, 0.000914877688047, 0.00295431166887, 0.000757120549679, 0.000763411051594, 0.000540230190381, 0.000238959502894, 0.000273011799436, 0.000259724649368, 0.000138785399031, 0.000437349488493, 0.000123802208691, 0.00014597986592, 0.000151916668983, 0.000161076532095, 0.00025064338115, 0.000361994374543, 0.000625851214863, 0.000289019779302, 4.26419101132e-05, 4.3893855036e-05], "dvar": [3.20503640978e-05, 0.00779484445229, 0.000286325754132, 5.79242805543e-05, 5.60026273888e-05, 8.08546610642e-06, 4.25425241701e-06, 3.17205967804e-06, 4.86768149131e-05, 2.80049221146e-06, 3.97832081944e-06, 1.04460139028e-06, 1.35706613946e-07, 2.34719479408e-07, 2.35452176867e-07, 5.53830048489e-08, 1.23837548927e-06, 4.09108977806e-08, 5.0431609111e-08, 5.71704461549e-08, 7.0600172819e-08, 1.30454751002e-07, 4.00101129117e-07, 1.42146939197e-06, 3.19019989092e-07, 4.80323425478e-09, 9.51350909162e-09], "dvar2": [9.06659188331e-05, 0.0188878178596, 0.00078193412628, 0.000162670898135, 0.00015325473214, 2.35002426052e-05, 1.19635751616e-05, 9.15205782803e-06, 0.000137502327561, 7.17179045751e-06, 7.98275232228e-06, 2.78933543996e-06, 3.03904101884e-07, 5.45314321698e-07, 5.72282033318e-07, 1.22001921454e-07, 3.23106087308e-06, 9.2134264662e-08, 1.30812040311e-07, 1.30561005562e-07, 1.64060267593e-07, 2.8947280839e-07, 8.64252854171e-07, 3.04566242448e-06, 6.82053610035e-07, 1.0108778703e-08, 2.21849063564e-08], "max": [0.0686560869217, 1.01812815666, 0.222038537264, 0.164219155908, 0.149715736508, 0.0312981382012, 0.0299234762788, 0.0268910676241, 0.107047729194, 0.0700588300824, 0.0388950295746, 0.0258085988462, 0.00662755267695, 0.0100281676278, 0.0101058138534, 0.00608655111864, 0.0274739898741, 0.00274322880432, 0.00310920132324, 0.00286450679414, 0.00523608131334, 0.00323800975457, 0.00714999018237, 0.0109637286514, 0.00528417807072, 0.000648217450362, 0.000989049207419], "mean": [0.00211576372385, 0.0433451756835, 0.00588432466611, 0.00346814864315, 0.00139318837319, 0.000908697897103, 0.000583742745221, 0.000414941518102, 0.0012827165192, 0.000475312321214, 0.00049790070625, 0.000321934843669, 0.000166450452525, 0.000173658496351, 0.000165716934134, 0.000100689685496, 0.000230341058341, 8.80537190824e-05, 9.3783804914e-05, 0.000105498897028, 0.000121716650028, 0.000174522167072, 0.000249304808676, 0.000431259308243, 0.000208925252082, 3.1051440601e-05, 2.49575277849e-05], "median": [0.000337077683071, 0.00300059653819, 0.000214482075535, 5.41187255294e-05, 9.43318955251e-05, 0.000127825449454, 5.83725704928e-05, 6.20352366241e-05, 0.000132290064357, 7.21531105228e-05, 5.23237067682e-05, 4.9313512136e-05, 4.24933168688e-05, 2.19958201342e-05, 2.95237787213e-05, 1.82716667041e-05, 1.79749767995e-05, 1.74380293174e-05, 1.26716349769e-05, 8.13329552329e-06, 6.30059139439e-06, 5.15305509907e-06, 4.30499994764e-06, 4.74583657706e-06, 3.20031813317e-06, 5.26592543793e-07, 2.40903972326e-07], "min": [2.71792243019e-23, 4.1382825828e-23, 4.6673315178e-23, 2.74922537754e-23, 1.26335600655e-23, 4.74056589325e-23, 5.45358981312e-23, 6.06257465473e-23, 3.04537448987e-23, 9.04416216735e-23, 5.12939070027e-23, 6.52036641525e-23, 5.65607210592e-23, 2.96841164223e-23, 1.14616642767e-22, 1.3044207605e-22, 1.59425898559e-22, 2.39048128834e-22, 1.62168622776e-22, 2.93773921562e-22, 4.01862304888e-22, 5.82111947777e-22, 6.41539654423e-22, 8.63438123883e-22, 9.66630217963e-22, 1.82751298787e-21, 2.58997661296e-21], "var": [3.05509638565e-05, 0.011540973559, 0.000239388391492, 0.000104935315903, 3.65698142559e-05, 6.64247772875e-06, 3.2535695027e-06, 1.9387307475e-06, 3.07733134832e-05, 3.03930983137e-06, 4.79740128867e-06, 9.69805114437e-07, 1.51994854036e-07, 2.43537925826e-07, 2.25345544891e-07, 6.82996770252e-08, 9.91376850834e-07, 4.69737599929e-08, 5.25328935908e-08, 6.99679674199e-08, 8.23679968676e-08, 1.61912680596e-07, 4.59097151406e-07, 1.6681769921e-06, 3.88626887116e-07, 5.91231952285e-09, 8.78482353528e-09]}, "erbbands": {"dmean": [1.25548446178, 6.76482868195, 7.10174369812, 6.51189470291, 6.14417457581, 6.93351268768, 3.92851400375, 9.6194934845, 14.5364627838, 7.09215116501, 18.7278232574, 37.6612548828, 16.0252609253, 20.2468585968, 14.3403835297, 13.3101358414, 7.06552934647, 8.90057945251, 8.90741443634, 5.92183589935, 5.63641119003, 16.9935207367, 5.3102812767, 4.15592384338, 4.32775783539, 4.99853849411, 4.04234647751, 5.01590394974, 6.58763074875, 6.35636329651, 7.54594755173, 8.62244415283, 6.97778844833, 3.25617432594, 1.00874316692, 0.229999393225, 0.0395224578679, 0.0110331252217, 0.00316907372326, 0.000542918045539], "dmean2": [1.98097026348, 10.1461286545, 11.7345323563, 11.2598409653, 10.9367456436, 12.4649734497, 6.8673915863, 16.9481163025, 25.726020813, 12.4578323364, 34.2685165405, 67.6410369873, 27.2313041687, 32.3106384277, 22.6836414337, 22.2037849426, 11.0732393265, 14.1791324615, 14.1603746414, 8.99943161011, 8.69267368317, 28.1635627747, 8.06463336945, 6.6146235466, 6.63162851334, 7.66833639145, 5.84089899063, 7.32897138596, 9.58029270172, 9.0758972168, 10.8064479828, 12.2201719284, 10.0148038864, 4.62974405289, 1.42218208313, 0.326947331429, 0.0556995719671, 0.0160728227347, 0.00502796471119, 0.000867654802278], "dvar": [10.7815952301, 344.462341309, 398.728210449, 487.008850098, 589.685180664, 841.934326172, 130.055603027, 756.027709961, 1903.68676758, 393.119384766, 5562.84765625, 26750.765625, 4725.43945312, 5648.35839844, 1747.53991699, 1390.29797363, 282.53302002, 589.490783691, 933.964355469, 209.134979248, 227.930328369, 5466.48242188, 182.460800171, 118.585121155, 111.656669617, 157.268127441, 91.7428512573, 127.863395691, 198.184677124, 197.718978882, 395.592651367, 531.633850098, 371.064697266, 85.180015564, 7.35988521576, 0.319032728672, 0.00831881165504, 0.00138746388257, 0.000135581605718, 3.22406754094e-06], "dvar2": [27.1793136597, 815.653747559, 1026.56872559, 1333.75634766, 1647.06115723, 2313.12255859, 361.780914307, 2177.80297852, 5425.69921875, 1074.53625488, 16135.3886719, 75344.578125, 12069.90625, 11587.9775391, 4105.703125, 3762.28930664, 610.848388672, 1376.79956055, 2329.17895508, 457.095031738, 515.929382324, 14345.2021484, 408.120452881, 297.027893066, 250.719070435, 381.274230957, 205.119796753, 298.969055176, 443.321960449, 415.537231445, 859.678649902, 1118.55993652, 815.823242188, 186.323257446, 15.4546613693, 0.681528627872, 0.0170309897512, 0.00306689948775, 0.00030736339977, 7.86736381997e-06], "max": [31.4888820648, 222.961013794, 282.977508545, 508.107055664, 555.70916748, 467.202026367, 144.589935303, 311.502990723, 588.817138672, 300.543304443, 1206.34375, 2526.12670898, 2948.2265625, 1397.91333008, 929.215332031, 634.64465332, 318.244995117, 553.886413574, 791.870361328, 217.577423096, 252.827941895, 1859.15649414, 205.236175537, 168.796630859, 162.464324951, 140.005020142, 189.863571167, 192.188095093, 132.067077637, 120.186470032, 249.538208008, 228.588775635, 186.49407959, 91.5184707642, 26.5676059723, 5.45351982117, 1.09775304794, 0.513026952744, 0.128102600574, 0.0202094372362], "mean": [1.49796652794, 8.59021568298, 8.59686088562, 11.1182355881, 5.80294084549, 5.07241678238, 4.06762552261, 8.00623607635, 11.4242572784, 6.43124437332, 14.4934892654, 29.3733825684, 16.2687015533, 21.2457237244, 15.246963501, 13.3650197983, 8.14299201965, 9.43378067017, 8.73172187805, 6.91316509247, 6.23430538177, 14.4821062088, 5.80970096588, 4.57513046265, 4.8049955368, 5.06108522415, 4.61683177948, 5.20739841461, 6.61399126053, 6.49009513855, 7.38326358795, 8.46844959259, 6.81327295303, 3.26663589478, 1.03297078609, 0.232235088944, 0.0412892773747, 0.0105124143884, 0.00277422787622, 0.000537657819223], "median": [0.115184389055, 0.463169008493, 0.517199218273, 0.286626130342, 0.271993905306, 0.329805225134, 0.689981102943, 1.04290091991, 0.886538803577, 1.03851532936, 1.98151671886, 3.20898771286, 2.2339925766, 2.51688098907, 2.34393239021, 2.23468160629, 1.99155306816, 1.49407207966, 1.17207205296, 1.61345970631, 1.11774361134, 1.11547148228, 1.13862168789, 0.69665658474, 0.519340395927, 0.37451800704, 0.310365647078, 0.236044511199, 0.195035144687, 0.146129354835, 0.101831696928, 0.0999878123403, 0.0797270312905, 0.0392906479537, 0.0193056054413, 0.00399203319103, 0.000806748459581, 0.000163546617841, 9.91179258563e-05, 7.25733625586e-05], "min": [1.11059488454e-21, 1.00622579484e-20, 4.16003961143e-20, 1.06344711232e-19, 4.79273132116e-20, 3.18552262214e-20, 2.17112421822e-19, 3.82837282065e-19, 7.90030225183e-19, 9.22148494897e-19, 1.05249189351e-18, 7.42585885283e-19, 2.57164414024e-18, 1.9894928299e-18, 2.8441523824e-18, 2.07977173554e-18, 2.68141410946e-18, 1.94423240191e-18, 3.09334343706e-18, 6.64686233814e-18, 9.22590933127e-18, 9.09738862514e-18, 1.39727481421e-17, 9.0356701981e-18, 9.79955329581e-18, 1.28464904529e-17, 1.17305824476e-17, 2.0497452861e-17, 1.87142582555e-17, 1.80503283543e-17, 1.95032628284e-17, 1.69166541637e-17, 1.35702594269e-17, 1.06628320703e-17, 7.92644002182e-18, 5.98312268846e-18, 3.14198351824e-18, 1.39950429344e-18, 3.31991213595e-19, 4.17932649063e-20], "var": [14.3772697449, 500.943572998, 416.33883667, 880.692932129, 405.943939209, 542.206420898, 105.829963684, 613.58203125, 1529.8659668, 315.925811768, 3266.21435547, 16932.1445312, 4744.19042969, 7166.27587891, 1951.69580078, 1289.89941406, 341.365539551, 619.777160645, 826.044189453, 258.842895508, 264.915252686, 4255.68408203, 213.310882568, 129.299514771, 138.604736328, 174.241409302, 118.311759949, 147.241836548, 241.035476685, 244.927810669, 447.29598999, 631.861572266, 423.913085938, 100.411819458, 9.06439304352, 0.384470492601, 0.0104578938335, 0.00143841665704, 0.000126946382807, 2.88507953883e-06]}, "gfcc": {"mean": [-88.5342254639, 96.9531478882, -104.926086426, 25.3335437775, -42.7036209106, 22.4933929443, -18.3354663849, 12.002828598, -10.097407341, -1.20560443401, -4.55819511414, -2.93754315376, -0.741391837597], "cov": [[15185.1875, -3290.31787109, 2994.32250977, 1463.98144531, -1068.23071289, 1452.95397949, -330.317108154, 581.306335449, 136.84854126, 439.332885742, 0.41107866168, 208.233596802, -289.733551025], [-3290.31787109, 3414.20874023, -885.936340332, -421.765533447, 1072.72363281, -528.52520752, 524.717712402, -190.510498047, 84.8723983765, -207.438812256, 69.9277267456, -197.822280884, 134.000930786], [2994.32250977, -885.936340332, 2495.85864258, 655.389282227, -59.077091217, 915.507202148, 53.5980796814, 349.590148926, 156.052352905, 279.698425293, 116.339645386, -0.175626263022, -44.5847511292], [1463.98144531, -421.765533447, 655.389282227, 962.305358887, 116.738250732, 430.376831055, 12.4303617477, 43.6339836121, 67.4839630127, 95.3365631104, 52.405216217, 3.89287614822, -24.4378662109], [-1068.23071289, 1072.72363281, -59.077091217, 116.738250732, 996.146911621, -58.3593978882, 313.416717529, -88.9864349365, 65.9620285034, -44.0833053589, 52.1542549133, -58.1293830872, 53.2900123596], [1452.95397949, -528.52520752, 915.507202148, 430.376831055, -58.3593978882, 672.437072754, 54.9834976196, 250.517745972, 94.30103302, 147.641708374, 83.7340011597, 39.133808136, 4.64959096909], [-330.317108154, 524.717712402, 53.5980796814, 12.4303617477, 313.416717529, 54.9834976196, 415.111877441, 126.001419067, 152.832901001, 36.7565116882, 62.5310096741, -12.197558403, 44.7499313354], [581.306335449, -190.510498047, 349.590148926, 43.6339836121, -88.9864349365, 250.517745972, 126.001419067, 370.366241455, 178.287628174, 111.755867004, 70.9024887085, 62.8753471375, 12.5027828217], [136.84854126, 84.8723983765, 156.052352905, 67.4839630127, 65.9620285034, 94.30103302, 152.832901001, 178.287628174, 249.372283936, 115.145484924, 110.386634827, 49.189704895, 39.639919281], [439.332885742, -207.438812256, 279.698425293, 95.3365631104, -44.0833053589, 147.641708374, 36.7565116882, 111.755867004, 115.145484924, 201.455734253, 111.550590515, 66.1003646851, 17.2542572021], [0.41107866168, 69.9277267456, 116.339645386, 52.405216217, 52.1542549133, 83.7340011597, 62.5310096741, 70.9024887085, 110.386634827, 111.550590515, 168.938919067, 92.43409729, 77.2697067261], [208.233596802, -197.822280884, -0.175626263022, 3.89287614822, -58.1293830872, 39.133808136, -12.197558403, 62.8753471375, 49.189704895, 66.1003646851, 92.43409729, 149.935043335, 74.6627883911], [-289.733551025, 134.000930786, -44.5847511292, -24.4378662109, 53.2900123596, 4.64959096909, 44.7499313354, 12.5027828217, 39.639919281, 17.2542572021, 77.2697067261, 74.6627883911, 127.879150391]], "icov": [[0.000115252747491, 1.61819916684e-05, -9.01532330317e-05, -9.19075391721e-05, 7.63251155149e-05, -4.996239295e-05, -1.97344088519e-05, 1.69751692738e-05, -3.99211348849e-05, -5.27657584826e-06, 0.00016881126794, -0.000326773297274, 0.000272302713711], [1.61819916684e-05, 0.000786691380199, 9.20854072319e-05, 0.000171212450368, -0.000506866432261, 0.000322146137478, -0.000382874015486, -0.000131551918457, 2.8084808946e-05, 0.000542231427971, -0.00117744749878, 0.00155960547272, -0.000657498603687], [-9.01532330317e-05, 9.20854072319e-05, 0.00095604849048, 2.77689741779e-05, -0.000189385886188, -0.000937501899898, 0.000122721583466, -0.000145589132444, 5.9350819356e-05, -0.00051741261268, -0.000307416135911, 0.000999099807814, -0.000223984898184], [-9.19075391721e-05, 0.000171212450368, 2.77689741779e-05, 0.00184639787767, -0.000458193826489, -0.00121470890008, 0.00015390914632, 0.000979542732239, -0.000807023083325, 0.000172816959093, -0.000236572697759, 0.000235461528064, 0.000292679324048], [7.63251155149e-05, -0.000506866432261, -0.000189385886188, -0.000458193826489, 0.00204774667509, -6.80187440594e-05, -0.00109143729787, 0.000847643474117, -0.000153756016516, 0.000265046110144, 6.1987353547e-05, -0.000686492305249, 0.000373919989215], [-4.996239295e-05, 0.000322146137478, -0.000937501899898, -0.00121470890008, -6.80187440594e-05, 0.0047936369665, -0.000344752363162, -0.00253430660814, 0.00174390734173, -0.000302899337839, -0.00136333843693, 0.00128952111118, -0.0012160979677], [-1.97344088519e-05, -0.000382874015486, 0.000122721583466, 0.00015390914632, -0.00109143729787, -0.000344752363162, 0.00483982684091, -0.00128444167785, -0.001743935165, -0.000277912477031, 0.000515000254381, 0.000982000841759, -0.000978462048806], [1.69751692738e-05, -0.000131551918457, -0.000145589132444, 0.000979542732239, 0.000847643474117, -0.00253430660814, -0.00128444167785, 0.00708120781928, -0.00426564738154, 0.000135572525323, 0.00190018035937, -0.0029901615344, 0.0017104257131], [-3.99211348849e-05, 2.8084808946e-05, 5.9350819356e-05, -0.000807023083325, -0.000153756016516, 0.00174390734173, -0.001743935165, -0.00426564738154, 0.0103553831577, -0.00245176372118, -0.00393832707778, 0.00172035745345, -0.000729309685994], [-5.27657584826e-06, 0.000542231427971, -0.00051741261268, 0.000172816959093, 0.000265046110144, -0.000302899337839, -0.000277912477031, 0.000135572525323, -0.00245176372118, 0.0116071468219, -0.00682212412357, -0.000801262503956, 0.00304095610045], [0.00016881126794, -0.00117744749878, -0.000307416135911, -0.000236572697759, 6.1987353547e-05, -0.00136333843693, 0.000515000254381, 0.00190018035937, -0.00393832707778, -0.00682212412357, 0.0196012593806, -0.00799230672419, -0.00391460349783], [-0.000326773297274, 0.00155960547272, 0.000999099807814, 0.000235461528064, -0.000686492305249, 0.00128952111118, 0.000982000841759, -0.0029901615344, 0.00172035745345, -0.000801262503956, -0.00799230672419, 0.018784750253, -0.00835684966296], [0.000272302713711, -0.000657498603687, -0.000223984898184, 0.000292679324048, 0.000373919989215, -0.0012160979677, -0.000978462048806, 0.0017104257131, -0.000729309685994, 0.00304095610045, -0.00391460349783, -0.00835684966296, 0.0162275265902]]}, "melbands": {"dmean": [0.0102890878916, 0.00510750245303, 0.0010691996431, 0.000482231494971, 0.000165177654708, 0.000229903060244, 0.000202516326681, 7.66044613556e-05, 0.000199212139705, 0.000225138253882, 7.4431860412e-05, 7.88604957052e-05, 5.32999329153e-05, 4.0086441004e-05, 2.21083755605e-05, 1.57255490194e-05, 1.71236406459e-05, 1.41737828017e-05, 1.14569693324e-05, 6.96255892763e-06, 5.64774245504e-06, 2.08741748793e-05, 6.64801927996e-06, 3.51938774656e-06, 3.58470833817e-06, 3.01453178508e-06, 3.54779763256e-06, 3.34829269377e-06, 2.40238523475e-06, 2.82454493572e-06, 3.07384630105e-06, 3.55037172994e-06, 3.67725306205e-06, 3.8568960008e-06, 4.27641361966e-06, 4.8543615776e-06, 5.37575397175e-06, 4.96453139931e-06, 4.18007402914e-06, 2.33637160818e-06], "dmean2": [0.0158379897475, 0.00794291775674, 0.00181074836291, 0.00086246302817, 0.000292881391943, 0.000404681573855, 0.000358109478839, 0.00013586593559, 0.000365015905118, 0.00040198455099, 0.000126642480609, 0.000126613784232, 8.40119027998e-05, 6.60005534883e-05, 3.60497360816e-05, 2.50949251495e-05, 2.75883976428e-05, 2.29350262089e-05, 1.80774259206e-05, 1.06218712972e-05, 8.91382296686e-06, 3.49145811924e-05, 1.04822902358e-05, 5.40342080058e-06, 5.88839247939e-06, 4.87997976961e-06, 5.31278783455e-06, 5.27901192982e-06, 3.49276842826e-06, 4.24020163337e-06, 4.54677820017e-06, 5.19525656273e-06, 5.42668431081e-06, 5.58192095923e-06, 6.21187700744e-06, 6.8975987233e-06, 7.63510797697e-06, 7.06736636857e-06, 6.15823046246e-06, 3.31850083057e-06], "dvar": [0.00072121527046, 0.000173248598003, 1.25833039419e-05, 3.76787511414e-06, 3.30173577368e-07, 4.42304639137e-07, 3.53817654286e-07, 5.20826723971e-08, 7.22052277524e-07, 9.58261352935e-07, 1.13214433384e-07, 8.06352531413e-08, 2.85673884548e-08, 1.74453269608e-08, 2.729030113e-09, 1.7966597099e-09, 2.24372076474e-09, 2.75359712809e-09, 1.02873431995e-09, 3.42050693325e-10, 2.29048502387e-10, 8.97746499362e-09, 3.37013639218e-10, 8.14958031614e-11, 9.7899431617e-11, 5.55451518114e-11, 7.77059458446e-11, 7.65121924151e-11, 2.75083931328e-11, 6.47642287022e-11, 4.52280539409e-11, 5.90390999977e-11, 6.30346747021e-11, 8.06422151278e-11, 1.31220548316e-10, 1.66656466405e-10, 2.10485601171e-10, 1.75632605681e-10, 1.57918692012e-10, 4.27519963875e-11], "dvar2": [0.00178433535621, 0.000402853358537, 3.37106939696e-05, 1.03640431917e-05, 9.20092304568e-07, 1.28105523345e-06, 1.00780209777e-06, 1.42860770325e-07, 2.09602080758e-06, 2.66078473032e-06, 2.90320286922e-07, 1.68451109062e-07, 6.11069879142e-08, 4.62804017332e-08, 6.78014044908e-09, 4.15184908675e-09, 5.41636469009e-09, 7.0413541664e-09, 2.4588455716e-09, 7.47868877937e-10, 5.33301902639e-10, 2.36788029184e-08, 7.96423038629e-10, 1.85944495912e-10, 2.59727350738e-10, 1.3644488317e-10, 1.71689273909e-10, 1.94620417004e-10, 5.69084120106e-11, 1.65621613646e-10, 1.05440593756e-10, 1.33233327149e-10, 1.42453826513e-10, 1.72129713261e-10, 2.91410062747e-10, 3.51033757617e-10, 4.49434239824e-10, 3.83140852378e-10, 3.57510160365e-10, 9.3090229969e-11], "max": [0.289790213108, 0.176832914352, 0.0721661522985, 0.0392357073724, 0.00716510601342, 0.00809863954782, 0.00768901687115, 0.00357398856431, 0.014500730671, 0.0141514809802, 0.0144174331799, 0.00514205498621, 0.00270117120817, 0.00365940807387, 0.000819911248982, 0.000643600011244, 0.00115028605796, 0.00139750540257, 0.000541119778063, 0.000631685019471, 0.000239686298301, 0.00241579976864, 0.000318527658237, 0.000146852733451, 0.000165233795997, 0.000107248233689, 0.000116106602945, 8.61122680362e-05, 8.28914780868e-05, 0.000180712348083, 9.05329798115e-05, 8.8532025984e-05, 7.63436910347e-05, 9.36797587201e-05, 0.00017406072584, 0.000132060216856, 0.00014605630713, 0.000144524368807, 0.000127194551169, 6.70970985084e-05], "mean": [0.0128229139373, 0.00700421025977, 0.00170184404124, 0.00036540106521, 0.000154377907165, 0.00019164691912, 0.000159528004588, 6.84669212205e-05, 0.000149742510985, 0.000178335176315, 7.52820342313e-05, 8.17905092845e-05, 5.52051133127e-05, 4.03217636631e-05, 2.384360414e-05, 1.64004613907e-05, 1.75492295966e-05, 1.33043640744e-05, 1.18830785141e-05, 7.89732712292e-06, 6.17795694779e-06, 1.71506326296e-05, 6.8265057962e-06, 3.83958376915e-06, 3.70089105672e-06, 3.24269376506e-06, 3.6905394154e-06, 3.24934831042e-06, 2.74609078588e-06, 2.97524638881e-06, 3.04725836031e-06, 3.58445049642e-06, 3.60165586244e-06, 3.83608448828e-06, 4.11110977439e-06, 4.77397907162e-06, 5.25791392647e-06, 4.92474100611e-06, 3.97682697439e-06, 2.38267989516e-06], "median": [0.000979299889877, 0.000507195771206, 4.81023889733e-05, 2.14218398469e-05, 2.31242556765e-05, 2.40070567088e-05, 1.28902875076e-05, 1.09146349132e-05, 1.76177418325e-05, 1.91973576875e-05, 9.83057998383e-06, 9.76303272182e-06, 7.36082756703e-06, 5.82903794566e-06, 5.57012936042e-06, 3.43150395565e-06, 2.4838536774e-06, 1.54227029725e-06, 2.16271405407e-06, 1.69157749497e-06, 1.1352343563e-06, 1.00533031855e-06, 1.19356116102e-06, 7.0782198236e-07, 4.84723159389e-07, 3.97225903725e-07, 3.13536645535e-07, 2.27873698577e-07, 2.06521704627e-07, 1.41892655847e-07, 1.30332196591e-07, 1.13460174589e-07, 8.72509744454e-08, 7.78368516308e-08, 5.38708491149e-08, 6.42969339992e-08, 5.69761979818e-08, 5.9394579921e-08, 4.42502816611e-08, 2.79714189588e-08], "min": [1.22440994366e-23, 1.98169842664e-23, 1.54439827477e-23, 2.64061287818e-24, 6.19160989518e-24, 9.75750731138e-24, 1.12955588846e-23, 1.18264859397e-23, 7.01213725486e-24, 5.23728935939e-24, 1.30702758292e-23, 7.95379815083e-24, 8.89665022678e-24, 5.6670083213e-24, 8.10012869331e-24, 4.46288985228e-24, 3.46162933162e-24, 3.58444708596e-24, 9.39887142234e-24, 7.39692151632e-24, 1.27823337102e-23, 8.34844554019e-24, 1.50872724681e-23, 8.32559855066e-24, 7.50227941224e-24, 5.14663622518e-24, 9.36407792326e-24, 8.57558147177e-24, 6.71300593276e-24, 9.4609563533e-24, 1.29445992429e-23, 1.05873329745e-23, 1.1703964797e-23, 9.33830978179e-24, 1.13588626057e-23, 1.04039393802e-23, 1.08531893548e-23, 9.46878422007e-24, 8.38772529125e-24, 9.36116544879e-24], "var": [0.00102238112595, 0.000257228763076, 1.97156459762e-05, 2.42855730903e-06, 2.32842680248e-07, 3.59528542049e-07, 2.84375460069e-07, 4.08582714329e-08, 4.24376622732e-07, 6.27860401892e-07, 1.12901886951e-07, 1.01053373669e-07, 3.32707728035e-08, 1.65884390668e-08, 2.89993606906e-09, 1.836096164e-09, 2.26616991839e-09, 2.27055996227e-09, 1.0389813454e-09, 4.1770162329e-10, 2.59153171145e-10, 6.82262824014e-09, 3.57906426718e-10, 9.25047122236e-11, 9.4587802868e-11, 6.22468604439e-11, 9.29716165166e-11, 7.77087630355e-11, 4.00783156662e-11, 6.16365708472e-11, 5.13076386932e-11, 7.19197063015e-11, 7.31769020379e-11, 9.48359515918e-11, 1.4335971299e-10, 1.94133709108e-10, 2.48101567069e-10, 2.06372932632e-10, 1.68690533764e-10, 5.15934552026e-11]}, "mfcc": {"mean": [-732.873352051, 126.022911072, 8.02251911163, 12.6640138626, 9.41255664825, 10.7220745087, 10.5914564133, 12.7659225464, 7.82359981537, 6.31385421753, 3.7327849865, 5.25535011292, 1.26527178288], "cov": [[12299.2255859, -2496.19018555, 2098.43603516, 415.88192749, -70.0729598999, 470.107513428, -72.9881515503, 172.00012207, 111.103378296, 228.953781128, 146.951538086, 259.887573242, 217.440597534], [-2496.19018555, 3033.33276367, -942.981872559, 205.499801636, 141.686798096, -11.6755828857, 248.579467773, 118.903091431, 168.502563477, 63.9240646362, 79.2157363892, 3.35202980042, 39.1658287048], [2098.43603516, -942.981872559, 1990.11669922, 103.115776062, 140.960113525, 358.543273926, 107.693847656, 135.292663574, 110.403709412, 215.522735596, 138.317123413, 171.948059082, 138.05809021], [415.88192749, 205.499801636, 103.115776062, 614.155700684, 261.520080566, 294.81350708, 147.833847046, 66.5874786377, 85.3972625732, 78.9780349731, 83.210144043, 72.9382247925, 47.9663658142], [-70.0729598999, 141.686798096, 140.960113525, 261.520080566, 457.723724365, 268.978759766, 136.823532104, 68.5512390137, 17.5957965851, 41.2477111816, 36.769493103, 20.9596195221, -5.16825866699], [470.107513428, -11.6755828857, 358.543273926, 294.81350708, 268.978759766, 436.253479004, 198.195281982, 75.6063308716, 66.0471801758, 88.5491409302, 69.1506652832, 52.7579917908, 41.3176422119], [-72.9881515503, 248.579467773, 107.693847656, 147.833847046, 136.823532104, 198.195281982, 236.387054443, 130.046615601, 92.0458831787, 81.689239502, 51.2394180298, 31.5392379761, 36.4442329407], [172.00012207, 118.903091431, 135.292663574, 66.5874786377, 68.5512390137, 75.6063308716, 130.046615601, 237.220275879, 153.752868652, 94.7347946167, 79.7395401001, 78.1915740967, 55.4874153137], [111.103378296, 168.502563477, 110.403709412, 85.3972625732, 17.5957965851, 66.0471801758, 92.0458831787, 153.752868652, 180.665466309, 122.968460083, 95.6741943359, 83.1798019409, 62.8338623047], [228.953781128, 63.9240646362, 215.522735596, 78.9780349731, 41.2477111816, 88.5491409302, 81.689239502, 94.7347946167, 122.968460083, 169.236221313, 124.031585693, 84.1920547485, 65.8915100098], [146.951538086, 79.2157363892, 138.317123413, 83.210144043, 36.769493103, 69.1506652832, 51.2394180298, 79.7395401001, 95.6741943359, 124.031585693, 153.753463745, 115.635696411, 82.2857437134], [259.887573242, 3.35202980042, 171.948059082, 72.9382247925, 20.9596195221, 52.7579917908, 31.5392379761, 78.1915740967, 83.1798019409, 84.1920547485, 115.635696411, 166.8152771, 124.350280762], [217.440597534, 39.1658287048, 138.05809021, 47.9663658142, -5.16825866699, 41.3176422119, 36.4442329407, 55.4874153137, 62.8338623047, 65.8915100098, 82.2857437134, 124.350280762, 155.531326294]], "icov": [[0.000122052733786, 6.46560147288e-05, -6.78092983435e-05, -0.000124124562717, 0.000136437200126, -0.00013760002912, 0.000215760766878, -0.000213776118471, 0.000139918367495, -0.000155202505994, 0.000130098458612, -6.30648173683e-06, -7.62104755268e-05], [6.46560147288e-05, 0.000547559931874, 0.000197726680199, -0.000114063172077, -0.000179564332939, 0.000309565308271, -0.0006488301442, 0.000343031511875, -0.000680476834532, 0.000222731585382, -0.000351373135345, 0.000338102661772, -0.000331037532305], [-6.78092983435e-05, 0.000197726680199, 0.000917019089684, 0.000252396421274, -4.42393247795e-05, -0.000678136770148, 0.000177304289537, -0.000255768274656, 0.000377764634322, -0.00129955809098, 0.000700838572811, -0.00055706576677, -0.000145898680785], [-0.000124124562717, -0.000114063172077, 0.000252396421274, 0.0029657993, -0.00101821881253, -0.00126867252402, -0.000315538607538, 0.00113432097714, -0.00160425482318, 0.000750377948862, -0.000549741205759, -0.000609345617704, 0.000144243778777], [0.000136437200126, -0.000179564332939, -4.42393247795e-05, -0.00101821881253, 0.00441183382645, -0.00232770247385, 0.000515490886755, -0.00229178229347, 0.00316501990892, -0.00110453553498, 0.000420049327658, -0.000856397440657, 0.00132132240105], [-0.00013760002912, 0.000309565308271, -0.000678136770148, -0.00126867252402, -0.00232770247385, 0.00731937447563, -0.00510018086061, 0.00275338464417, -0.00161544163711, 0.00125591410324, -0.00139482622035, 0.000333017349476, -0.00010911168647], [0.000215760766878, -0.0006488301442, 0.000177304289537, -0.000315538607538, 0.000515490886755, -0.00510018086061, 0.012436401099, -0.00622888468206, 0.00228762952611, -0.00395804317668, 0.00241482025012, 0.00238575600088, -0.00195059634279], [-0.000213776118471, 0.000343031511875, -0.000255768274656, 0.00113432097714, -0.00229178229347, 0.00275338464417, -0.00622888468206, 0.0139944013208, -0.0118255699053, 0.00469533819705, -0.0018209037371, -0.0017563838046, 0.00090490153525], [0.000139918367495, -0.000680476834532, 0.000377764634322, -0.00160425482318, 0.00316501990892, -0.00161544163711, 0.00228762952611, -0.0118255699053, 0.023668108508, -0.012470937334, 0.00327837490477, -0.00299711781554, 0.000735715497285], [-0.000155202505994, 0.000222731585382, -0.00129955809098, 0.000750377948862, -0.00110453553498, 0.00125591410324, -0.00395804317668, 0.00469533819705, -0.012470937334, 0.0253424085677, -0.0168112628162, 0.00560151273385, -0.0013175070053], [0.000130098458612, -0.000351373135345, 0.000700838572811, -0.000549741205759, 0.000420049327658, -0.00139482622035, 0.00241482025012, -0.0018209037371, 0.00327837490477, -0.0168112628162, 0.0276536811143, -0.0137858306989, 0.00211155810393], [-6.30648173683e-06, 0.000338102661772, -0.00055706576677, -0.000609345617704, -0.000856397440657, 0.000333017349476, 0.00238575600088, -0.0017563838046, -0.00299711781554, 0.00560151273385, -0.0137858306989, 0.0258681755513, -0.0139940939844], [-7.62104755268e-05, -0.000331037532305, -0.000145898680785, 0.000144243778777, 0.00132132240105, -0.00010911168647, -0.00195059634279, 0.00090490153525, 0.000735715497285, -0.0013175070053, 0.00211155810393, -0.0139940939844, 0.0172439720482]]}, "spectral_contrast_coeffs": {"dmean": [0.0593545921147, 0.0598620809615, 0.047365847975, 0.0319366715848, 0.0272368136793, 0.0221445579082], "dmean2": [0.0952076986432, 0.0984129756689, 0.077059045434, 0.0523976758122, 0.0424206331372, 0.0342377759516], "dvar": [0.00325326016173, 0.00268812873401, 0.0018050231738, 0.000722676224541, 0.000544358801562, 0.000470505154226], "dvar2": [0.00772717874497, 0.00731564546004, 0.00443391175941, 0.001866928651, 0.00131374667399, 0.00106528645847], "max": [-0.260125219822, -0.400632917881, -0.436587810516, -0.545250892639, -0.510992348194, -0.580101251602], "mean": [-0.663414537907, -0.747920393944, -0.780918717384, -0.801396012306, -0.799673318863, -0.79591524601], "median": [-0.684166610241, -0.758085727692, -0.791618585587, -0.805625796318, -0.803130626678, -0.793041586876], "min": [-0.959362208843, -0.975053608418, -0.969520688057, -0.956934034824, -0.956518650055, -0.958908975124], "var": [0.0147430766374, 0.00650758761913, 0.00480052083731, 0.00226630200632, 0.00183280440979, 0.00235866941512]}, "spectral_contrast_valleys": {"dmean": [0.524396002293, 0.619267940521, 0.491891592741, 0.448194354773, 0.488053232431, 0.647644042969], "dmean2": [0.772933185101, 1.00145685673, 0.763463199139, 0.653877019882, 0.647907972336, 0.737940847874], "dvar": [0.287119626999, 0.424672782421, 0.295359134674, 0.309627920389, 0.371961951256, 0.617385089397], "dvar2": [0.488004595041, 0.972791135311, 0.609487533569, 0.558680355549, 0.599901974201, 1.00389301777], "max": [-4.59013986588, -4.3130402565, -4.8864274025, -5.61120891571, -5.4243645668, -7.2202105