{"lowlevel": {"average_loudness": 0.754213750362, "barkbands_crest": {"dmean": 3.07537555695, "dmean2": 5.06457614899, "dvar": 7.01017618179, "dvar2": 18.397359848, "max": 26.7229557037, "mean": 11.478849411, "median": 10.7720870972, "min": 2.91817259789, "var": 15.9989910126}, "barkbands_flatness_db": {"dmean": 0.0282199084759, "dmean2": 0.0427660346031, "dvar": 0.000737504800782, "dvar2": 0.00162660435308, "max": 0.607285737991, "mean": 0.172916904092, "median": 0.169731631875, "min": 0.0388049259782, "var": 0.00338210142218}, "barkbands_kurtosis": {"dmean": 9.56039810181, "dmean2": 15.1488351822, "dvar": 437.226715088, "dvar2": 1105.57507324, "max": 946.532531738, "mean": 18.206155777, "median": 12.5249538422, "min": -1.96903061867, "var": 823.071411133}, "barkbands_skewness": {"dmean": 0.865729510784, "dmean2": 1.30698537827, "dvar": 0.953278183937, "dvar2": 2.23635411263, "max": 27.660074234, "mean": 3.06204652786, "median": 2.97165155411, "min": -5.51377344131, "var": 3.79506516457}, "barkbands_spread": {"dmean": 6.41640663147, "dmean2": 9.57432746887, "dvar": 87.7457046509, "dvar2": 168.927627563, "max": 118.109909058, "mean": 17.3257255554, "median": 10.2464056015, "min": 0.148485586047, "var": 365.036224365}, "dissonance": {"dmean": 0.0211624260992, "dmean2": 0.0346379391849, "dvar": 0.000448675360531, "dvar2": 0.00116238661576, "max": 0.500000119209, "mean": 0.455356895924, "median": 0.464080005884, "min": 0.156117409468, "var": 0.00115153018851}, "dynamic_complexity": 5.39086437225, "erbbands_crest": {"dmean": 3.0179708004, "dmean2": 4.90885591507, "dvar": 8.31464195251, "dvar2": 20.5334205627, "max": 31.9496326447, "mean": 9.90026473999, "median": 8.74661827087, "min": 2.14947152138, "var": 22.3782844543}, "erbbands_flatness_db": {"dmean": 0.0208365414292, "dmean2": 0.0294823497534, "dvar": 0.000405789498473, "dvar2": 0.000812162121292, "max": 0.43339201808, "mean": 0.140400215983, "median": 0.135349601507, "min": 0.0278973095119, "var": 0.00213605118915}, "erbbands_kurtosis": {"dmean": 1.89300584793, "dmean2": 2.9469666481, "dvar": 9.5422296524, "dvar2": 22.1058769226, "max": 99.7366485596, "mean": 1.79750537872, "median": 0.505602478981, "min": -1.83215463161, "var": 20.6907653809}, "erbbands_skewness": {"dmean": 0.532403051853, "dmean2": 0.786091983318, "dvar": 0.282002747059, "dvar2": 0.583114504814, "max": 9.00609016418, "mean": 0.936582028866, "median": 1.05702757835, "min": -5.91381025314, "var": 1.50734043121}, "erbbands_spread": {"dmean": 14.4403104782, "dmean2": 21.3175621033, "dvar": 235.506942749, "dvar2": 519.859008789, "max": 172.810333252, "mean": 56.4973716736, "median": 52.4973983765, "min": 1.42747378349, "var": 873.524414062}, "hfc": {"dmean": 6.3922586441, "dmean2": 8.63973999023, "dvar": 172.207168579, "dvar2": 275.640106201, "max": 833.907775879, "mean": 15.1215782166, "median": 6.41149520874, "min": 5.18758769275e-09, "var": 892.53527832}, "melbands_crest": {"dmean": 3.5675098896, "dmean2": 5.88517904282, "dvar": 9.31700706482, "dvar2": 24.3344154358, "max": 39.2263832092, "mean": 15.5703811646, "median": 15.0139026642, "min": 1.81898891926, "var": 23.963722229}, "melbands_flatness_db": {"dmean": 0.0333218611777, "dmean2": 0.0495272725821, "dvar": 0.0010116113117, "dvar2": 0.00218289252371, "max": 0.671704947948, "mean": 0.257402002811, "median": 0.257158070803, "min": 0.0063283755444, "var": 0.00543367723003}, "melbands_kurtosis": {"dmean": 23.3058662415, "dmean2": 36.6104660034, "dvar": 5400.97119141, "dvar2": 13339.5908203, "max": 6289.6328125, "mean": 47.6835365295, "median": 34.8730506897, "min": -1.95419573784, "var": 6023.36181641}, "melbands_skewness": {"dmean": 1.23531186581, "dmean2": 1.88292646408, "dvar": 1.91810333729, "dvar2": 4.50848197937, "max": 62.1557922363, "mean": 4.71130514145, "median": 4.50816726685, "min": -1.61954569817, "var": 6.22445678711}, "melbands_spread": {"dmean": 5.83059167862, "dmean2": 8.51546478271, "dvar": 167.317276001, "dvar2": 280.921875, "max": 286.980499268, "mean": 15.0276994705, "median": 7.35143375397, "min": 0.0828998982906, "var": 761.225219727}, "pitch_salience": {"dmean": 0.0849409848452, "dmean2": 0.137623950839, "dvar": 0.00556551339105, "dvar2": 0.014142700471, "max": 0.863806068897, "mean": 0.569301128387, "median": 0.58373183012, "min": 0.02500644885, "var": 0.0148901613429}, "silence_rate_20dB": {"dmean": 0, "dmean2": 0, "dvar": 0, "dvar2": 0, "max": 1, "mean": 1, "median": 1, "min": 1, "var": 0}, "silence_rate_30dB": {"dmean": 0.0436562076211, "dmean2": 0.087319418788, "dvar": 0.041743773967, "dvar2": 0.0958967134356, "max": 1, "mean": 0.958995342255, "median": 1, "min": 0, "var": 0.0393214263022}, "silence_rate_60dB": {"dmean": 0.0248776189983, "dmean2": 0.0497592277825, "dvar": 0.0242621656507, "dvar2": 0.0512953996658, "max": 1, "mean": 0.146605685353, "median": 0, "min": 0, "var": 0.125103786588}, "spectral_centroid": {"dmean": 252.683410645, "dmean2": 377.105865479, "dvar": 122447.882812, "dvar2": 222133.546875, "max": 11142.0263672, "mean": 942.453552246, "median": 660.987854004, "min": 112.440093994, "var": 674708.75}, "spectral_complexity": {"dmean": 2.43768548965, "dmean2": 3.63410925865, "dvar": 11.2154245377, "dvar2": 22.7876377106, "max": 45, "mean": 9.3361415863, "median": 8, "min": 0, "var": 39.4134597778}, "spectral_decrease": {"dmean": 4.1544443441e-09, "dmean2": 6.28764906807e-09, "dvar": 5.6697407639e-17, "dvar2": 1.31168623771e-16, "max": 1.38325059558e-16, "mean": -7.08597580612e-09, "median": -3.89520327104e-09, "min": -9.80038379339e-08, "var": 8.71962648904e-17}, "spectral_energy": {"dmean": 0.0161020569503, "dmean2": 0.0242882110178, "dvar": 0.000830446195323, "dvar2": 0.00192146550398, "max": 0.379543930292, "mean": 0.0281157214195, "median": 0.0157852321863, "min": 5.54039778465e-13, "var": 0.00131426006556}, "spectral_energyband_high": {"dmean": 0.00047740212176, "dmean2": 0.000617948477156, "dvar": 2.3354248242e-06, "dvar2": 3.17493208968e-06, "max": 0.103802137077, "mean": 0.00102929829154, "median": 0.000180593953701, "min": 3.91197491068e-13, "var": 1.26115746752e-05}, "spectral_energyband_low": {"dmean": 0.0104605788365, "dmean2": 0.0164470113814, "dvar": 0.000603129679803, "dvar2": 0.00144389050547, "max": 0.317723661661, "mean": 0.0126511557028, "median": 0.00456957053393, "min": 1.39370233629e-14, "var": 0.000639069534373}, "spectral_energyband_middle_high": {"dmean": 0.000481017748825, "dmean2": 0.00067922641756, "dvar": 1.27636030811e-06, "dvar2": 2.65421590484e-06, "max": 0.0385825484991, "mean": 0.00103973527439, "median": 0.000369077635696, "min": 1.03940429397e-13, "var": 4.3006202759e-06}, "spectral_energyband_middle_low": {"dmean": 0.00748429773375, "dmean2": 0.0114166969433, "dvar": 0.000175882916665, "dvar2": 0.000408657797379, "max": 0.259887516499, "mean": 0.0142094017938, "median": 0.00754228048027, "min": 1.21048800866e-14, "var": 0.000382264464861}, "spectral_entropy": {"dmean": 0.249470070004, "dmean2": 0.359584957361, "dvar": 0.0641553252935, "dvar2": 0.131838813424, "max": 9.78875350952, "mean": 7.34392118454, "median": 7.33465194702, "min": 3.9857814312, "var": 0.356993824244}, "spectral_flux": {"dmean": 0.0335670523345, "dmean2": 0.0500582121313, "dvar": 0.00200292957015, "dvar2": 0.00413701031357, "max": 0.519988775253, "mean": 0.0848391577601, "median": 0.0637213662267, "min": 2.61411187239e-05, "var": 0.00497080013156}, "spectral_kurtosis": {"dmean": 1.45602250099, "dmean2": 2.24048852921, "dvar": 6.75220489502, "dvar2": 15.4856119156, "max": 136.97795105, "mean": 3.54976630211, "median": 2.81298875809, "min": -1.37972593307, "var": 16.1611099243}, "spectral_rms": {"dmean": 0.00121789379045, "dmean2": 0.0017264863709, "dvar": 2.52296990766e-06, "dvar2": 5.32371313966e-06, "max": 0.0192428361624, "mean": 0.00440532434732, "median": 0.00392431253567, "min": 2.32492283203e-08, "var": 8.02305930847e-06}, "spectral_rolloff": {"dmean": 410.81237793, "dmean2": 700.420532227, "dvar": 1264831.5, "dvar2": 2630325.75, "max": 19121.484375, "mean": 1106.57214355, "median": 366.064453125, "min": 21.533203125, "var": 5606444.5}, "spectral_skewness": {"dmean": 0.254401773214, "dmean2": 0.36170977354, "dvar": 0.0826318338513, "dvar2": 0.170760646462, "max": 9.45767688751, "mean": 1.49215114117, "median": 1.47473835945, "min": -0.469740778208, "var": 0.405000120401}, "spectral_spread": {"dmean": 728153, "dmean2": 963741.875, "dvar": 624374251520, "dvar2": 1053579870210.0, "max": 39898020, "mean": 5947567, "median": 5741251, "min": 733048.6875, "var": 3704531189760.0}, "spectral_strongpeak": {"dmean": 0.365402519703, "dmean2": 0.592584371567, "dvar": 0.483715295792, "dvar2": 1.1560407877, "max": 24.603723526, "mean": 0.600678026676, "median": 0.318138122559, "min": 0, "var": 0.863226771355}, "zerocrossingrate": {"dmean": 0.0124639263377, "dmean2": 0.0137212909758, "dvar": 0.000257547188085, "dvar2": 0.00022960685601, "max": 0.61279296875, "mean": 0.0561706423759, "median": 0.037109375, "min": 0, "var": 0.00444350298494}, "barkbands": {"dmean": [0.00107851903886, 0.00684142159298, 0.00366492965259, 0.0018626388628, 0.00354875274934, 0.000876663718373, 0.00241019716486, 0.000928457709961, 0.000357579236152, 8.74481193023e-05, 6.22879670118e-05, 0.000105117178464, 0.000101098143205, 7.49835671741e-05, 4.43427670689e-05, 3.6560009903e-05, 4.81940878672e-05, 6.94813206792e-05, 6.14760137978e-05, 5.93106487941e-05, 8.62132947077e-05, 8.74285469763e-05, 0.00011607867782, 0.000165663426742, 4.27845079685e-05, 2.14342217078e-05, 1.24188900372e-05], "dmean2": [0.0018540910678, 0.0110465632752, 0.0062981871888, 0.00312485918403, 0.00566237792373, 0.00135777413379, 0.00377780315466, 0.00143617566209, 0.000536593142897, 0.000133012130391, 9.53113485593e-05, 0.00016644714924, 0.000158170951181, 0.000118442396342, 6.6047970904e-05, 5.6223696447e-05, 7.23549164832e-05, 0.000105815684947, 9.31013710215e-05, 9.30239548325e-05, 0.000128570449306, 0.000123474834254, 0.00015765367425, 0.000216880711378, 6.26160981483e-05, 2.96099824482e-05, 1.71494593815e-05], "dvar": [1.42786293509e-05, 0.000339972961228, 7.32840780984e-05, 1.13704591058e-05, 3.83304504794e-05, 6.07310948908e-06, 7.35296707717e-05, 1.86905108421e-05, 3.32939725922e-06, 1.92338418969e-07, 9.93573507913e-08, 2.2038935299e-07, 1.96604489133e-07, 1.0134718309e-07, 2.972972446e-08, 1.14897078518e-08, 1.54329704571e-08, 2.2271601452e-08, 1.34020794462e-08, 1.20094503231e-08, 4.7702389594e-08, 1.02151631154e-07, 2.14292256828e-07, 8.28591737445e-07, 1.17741763006e-08, 1.9441905863e-09, 9.71437374986e-10], "dvar2": [3.7998532207e-05, 0.00084338709712, 0.000201627670322, 2.95876852761e-05, 9.71290573943e-05, 1.40802821988e-05, 0.00017295833095, 4.16983748437e-05, 7.10249742042e-06, 3.97656719997e-07, 2.18718469114e-07, 5.79289803682e-07, 4.621736025e-07, 2.24100446644e-07, 6.75367175518e-08, 2.68057114283e-08, 3.39781394132e-08, 4.75861767768e-08, 3.02728757617e-08, 2.97532434246e-08, 1.00492847821e-07, 1.71955207406e-07, 3.78193703909e-07, 1.27193663957e-06, 2.31096706216e-08, 3.96456378837e-09, 1.90668769662e-09], "max": [0.0315134301782, 0.24513939023, 0.123624697328, 0.0586130023003, 0.100935541093, 0.086539670825, 0.22113135457, 0.207936808467, 0.0641729086637, 0.0202466305345, 0.016395078972, 0.0206283498555, 0.0162874236703, 0.00939890928566, 0.0071568172425, 0.00372126349248, 0.00347975827754, 0.00381865655072, 0.00285332719795, 0.00240740925074, 0.00505742337555, 0.0160742215812, 0.0240823067725, 0.069771759212, 0.00470261089504, 0.000525590439793, 0.000303199165501], "mean": [0.000824926130008, 0.00690715014935, 0.00413062050939, 0.00243486976251, 0.00543092656881, 0.00147606024984, 0.00317136663944, 0.00110885221511, 0.000531630124897, 0.000139109077281, 8.97558202269e-05, 0.000150883264723, 0.000145453319419, 9.8523691122e-05, 6.37821576674e-05, 5.14118291903e-05, 7.32114931452e-05, 0.000107918225694, 0.000103383790702, 9.22061371966e-05, 0.000143608747749, 0.000156999900355, 0.000220908696065, 0.000348929344909, 7.23288176232e-05, 2.77548351733e-05, 1.32004570332e-05], "median": [7.55186920287e-05, 0.00112774642184, 0.00172453932464, 0.00119303539395, 0.00291477935389, 0.000698387040757, 0.000244534574449, 0.000118076000945, 5.37105370313e-05, 3.69179106201e-05, 1.78062819032e-05, 2.73633850156e-05, 2.76395694527e-05, 1.13918176794e-05, 1.13581136247e-05, 1.16973806144e-05, 1.94091771846e-05, 2.77031176665e-05, 3.8494290493e-05, 2.70036816801e-05, 3.17122830893e-05, 3.03866145259e-05, 3.3425501897e-05, 3.09010138153e-05, 1.0149577065e-05, 2.76532728094e-06, 4.81226209104e-07], "min": [1.01545519972e-14, 7.21883998704e-15, 1.64106026674e-15, 3.58678933781e-16, 3.14117562748e-16, 1.01594497534e-15, 4.9626659822e-16, 4.78312729051e-15, 2.4309095962e-15, 1.45673505539e-14, 5.4650980803e-15, 5.42235806833e-15, 3.46744054266e-15, 3.82969260552e-15, 1.12769612848e-14, 1.91797058379e-14, 6.318106845e-15, 4.16525444845e-15, 2.08211235525e-14, 2.9259109919e-14, 2.33772792519e-14, 3.27358921763e-14, 3.26919819883e-14, 4.91071687979e-14, 7.95479879342e-14, 6.61340692496e-14, 8.98446830713e-14], "var": [1.02628237073e-05, 0.000317851925502, 6.09726375842e-05, 1.36656672112e-05, 5.83204528084e-05, 1.01675313999e-05, 0.00012270588195, 3.18155543937e-05, 7.06009222995e-06, 4.2262533384e-07, 1.61907138363e-07, 3.58901814934e-07, 3.64793606877e-07, 1.86376411193e-07, 5.25733270251e-08, 1.97104004229e-08, 3.15656407679e-08, 5.61706023916e-08, 3.18183950299e-08, 2.65133568433e-08, 1.05724573984e-07, 2.83108590793e-07, 8.90232854545e-07, 3.74219052901e-06, 3.97226180837e-08, 3.33530802976e-09, 1.32186872559e-09]}, "erbbands": {"dmean": [0.187510386109, 1.619587183, 4.12661266327, 4.88452672958, 12.7324075699, 10.3579483032, 5.10063314438, 8.86541461945, 29.4978866577, 32.1493415833, 15.9140834808, 8.53511333466, 4.00162029266, 2.10818147659, 3.01473069191, 3.99030160904, 4.61518239975, 3.73748803139, 2.65514349937, 1.95364511013, 1.91472625732, 2.67343139648, 3.92840719223, 2.29240298271, 3.90274333954, 2.52572584152, 3.64204382896, 3.46073508263, 3.11386466026, 3.56462454796, 3.23324966431, 3.87979531288, 2.49724411964, 0.653985500336, 0.233409181237, 0.102816529572, 0.042086545378, 0.0100465053692, 0.00260264612734, 0.000113554146083], "dmean2": [0.310163617134, 2.63506221771, 6.96555423737, 8.32573795319, 20.3073616028, 16.8805503845, 8.06927967072, 13.7119445801, 46.5243644714, 49.4538879395, 24.8642787933, 12.8524065018, 5.71014261246, 3.13881421089, 4.54068946838, 6.3142414093, 7.19609355927, 5.79124116898, 3.99324154854, 2.93153715134, 2.80609941483, 3.94700455666, 5.95828723907, 3.36422228813, 6.01672172546, 3.95324730873, 5.5849199295, 5.27511835098, 4.46784496307, 4.96562099457, 4.40090608597, 5.29044008255, 3.27682685852, 0.885706365108, 0.3612408638, 0.153409913182, 0.0581779070199, 0.0137315867469, 0.00358566688374, 0.000158167720656], "dvar": [0.284265458584, 19.0452289581, 96.5840454102, 87.7109069824, 633.18737793, 318.558624268, 97.3298492432, 684.62701416, 11789.7988281, 18745.5058594, 3312.11523438, 1957.91748047, 580.608154297, 88.9124450684, 220.176574707, 358.99621582, 380.416473389, 223.62387085, 119.973968506, 40.0711326599, 26.3384857178, 45.7503166199, 72.4528808594, 19.9291934967, 55.6707191467, 22.5222873688, 57.8738746643, 132.618927002, 126.257720947, 192.582778931, 183.510452271, 434.265228271, 211.002380371, 4.81408214569, 0.253566265106, 0.0444298759103, 0.00878931581974, 0.000526971649379, 4.54029323009e-05, 6.6079465455e-08], "dvar2": [0.723997175694, 48.0481834412, 261.076599121, 237.247406006, 1584.46276855, 825.936706543, 247.863922119, 1600.47363281, 28785.4824219, 42102.9765625, 7577.47265625, 4329.06787109, 1139.44921875, 200.277511597, 512.173095703, 953.546630859, 881.516296387, 479.804443359, 270.89831543, 91.1431045532, 55.8660125732, 95.6695861816, 155.217880249, 41.5356521606, 128.907913208, 54.4926757812, 132.74810791, 318.413604736, 220.16809082, 364.990814209, 310.111206055, 776.987731934, 330.15032959, 7.84064245224, 0.589148938656, 0.101203203201, 0.0185281205922, 0.000962843303569, 9.5703646366e-05, 1.22542431313e-07], "max": [6.57412528992, 59.9135551453, 137.041290283, 166.959152222, 444.171722412, 361.54208374, 206.732803345, 783.352294922, 2948.70581055, 5441.03417969, 2382.45776367, 1670.31420898, 1433.20922852, 537.063598633, 774.407836914, 748.109069824, 789.971252441, 529.13482666, 407.345458984, 364.612701416, 191.262756348, 216.876525879, 232.476547241, 131.316680908, 166.408706665, 124.16570282, 198.704605103, 236.640075684, 470.341583252, 743.340332031, 759.067382812, 1419.25012207, 1168.24572754, 107.024276733, 13.2973833084, 2.76061153412, 1.04777026176, 0.237275794148, 0.0674640759826, 0.00260965595953], "mean": [0.177836716175, 1.64700829983, 4.69548225403, 6.55370330811, 17.6887168884, 15.6920537949, 9.53467559814, 14.1243715286, 40.2689743042, 40.6736717224, 20.0600090027, 12.6396102905, 6.71424198151, 3.70018911362, 4.81913042068, 6.0518951416, 6.91081523895, 5.41348457336, 4.0161652565, 2.88426685333, 3.02689242363, 4.32059574127, 6.16654777527, 4.00542163849, 6.44944524765, 4.14925146103, 5.95267868042, 5.30679035187, 5.62534713745, 6.32130813599, 6.28296852112, 7.73057842255, 5.02613592148, 1.25899350643, 0.341163545847, 0.137227192521, 0.0510143600404, 0.0120506454259, 0.0026933690533, 0.000139876094181], "median": [0.0210672952235, 0.32268550992, 1.85233783722, 3.63009619713, 7.75149250031, 8.27550315857, 5.67261123657, 5.46235466003, 4.77670955658, 2.75615978241, 2.78416585922, 1.40840256214, 1.31500840187, 1.21540951729, 1.05771899223, 1.21234297752, 1.39433944225, 0.722872376442, 0.628319621086, 0.624292492867, 0.786924302578, 1.11563313007, 1.6367919445, 1.59278130531, 1.94302082062, 1.26656544209, 1.37175917625, 1.01496005058, 1.07755672932, 1.0301964283, 0.909548521042, 0.739702224731, 0.429522454739, 0.166264116764, 0.0459578037262, 0.0157872568816, 0.00460425578058, 0.000840902735945, 9.74270369625e-05, 2.80475815089e-05], "min": [3.58965163367e-13, 1.12488631691e-12, 1.98651772115e-12, 1.68799631391e-12, 5.93265616754e-13, 1.12844813788e-12, 5.13298388169e-12, 8.68736593079e-12, 4.41798984549e-12, 3.71213303152e-11, 1.15949985724e-10, 5.23053961254e-11, 2.80245382456e-10, 4.51097270648e-10, 1.70582561965e-10, 2.28638830091e-10, 1.6415400983e-10, 1.57410931512e-10, 3.4054506437e-10, 1.01097696881e-09, 8.4585277671e-10, 3.87691961867e-10, 1.90255131094e-10, 7.96744115128e-10, 1.06873432326e-09, 1.32964872446e-09, 7.83618170352e-10, 1.44199363561e-09, 1.03203112722e-09, 8.95743867968e-10, 8.89575579865e-10, 9.15289788406e-10, 1.14286402564e-09, 8.45118086623e-10, 4.5467782317e-10, 2.65150151835e-10, 1.02663461066e-10, 6.79251099811e-11, 1.18947291253e-11, 1.15875267281e-12], "var": [0.243725463748, 17.4325675964, 82.9302902222, 87.8067398071, 852.901367188, 518.997009277, 176.52003479, 1137.16357422, 19080.9902344, 31919.5292969, 5521.58740234, 3673.9206543, 1437.31481934, 188.729522705, 372.036193848, 596.022338867, 749.009887695, 470.128875732, 243.283065796, 72.8857192993, 54.4008979797, 110.467933655, 179.170684814, 47.1249351501, 134.628036499, 52.454044342, 145.179992676, 206.882034302, 318.569580078, 547.643737793, 846.303344727, 1764.95410156, 841.293640137, 20.5785732269, 0.562558233738, 0.0731587186456, 0.0131030092016, 0.000822921283543, 5.7615685364e-05, 9.73795195591e-08]}, "gfcc": {"mean": [-64.6434783936, 88.1418838501, -70.8788146973, 50.3886108398, -65.9834518433, 6.27948713303, -38.4807167053, 0.215297192335, -23.6512451172, -4.49258947372, -8.9875421524, -4.29337120056, -15.0557107925], "cov": [[19802.3300781, 379.905456543, -267.017669678, 374.324737549, -683.426269531, 119.074333191, -319.153808594, 164.713562012, -40.6432151794, 175.246932983, -132.569244385, -45.8796081543, -278.928619385], [379.905456543, 1937.89208984, -434.440216064, -53.8306808472, 42.7690849304, -78.2593307495, 56.4998207092, -93.1938552856, 67.6606826782, -242.395568848, 203.03163147, -123.585037231, 70.229133606], [-267.017669678, -434.440216064, 760.356323242, 110.810508728, 151.837982178, 57.4037055969, 61.3780708313, 7.09217405319, -34.8620376587, 80.8076477051, -93.4530410767, 97.1896209717, 5.2147860527], [374.324737549, -53.8306808472, 110.810508728, 447.074798584, 20.2288780212, 69.775932312, -15.3039016724, -9.20281219482, -7.03196144104, -30.6675357819, -27.4092216492, 7.54080438614, 82.895690918], [-683.426269531, 42.7690849304, 151.837982178, 20.2288780212, 314.709197998, -31.9982872009, 57.4027404785, 19.7181472778, 43.2430877686, 7.67355108261, -33.5600128174, 40.0966148376, 37.3692588806], [119.074333191, -78.2593307495, 57.4037055969, 69.775932312, -31.9982872009, 192.073364258, 43.7895050049, 6.48963022232, -5.05566167831, 6.08919715881, 12.4842290878, -17.0578193665, 19.1597976685], [-319.153808594, 56.4998207092, 61.3780708313, -15.3039016724, 57.4027404785, 43.7895050049, 194.481765747, 18.7513599396, -9.16879081726, 25.9349575043, 27.9647483826, 20.4388637543, 10.047039032], [164.713562012, -93.1938552856, 7.09217405319, -9.20281219482, 19.7181472778, 6.48963022232, 18.7513599396, 107.085769653, 42.1093215942, 27.3193130493, 6.07455444336, 12.4385223389, -10.0309877396], [-40.6432151794, 67.6606826782, -34.8620376587, -7.03196144104, 43.2430877686, -5.05566167831, -9.16879081726, 42.1093215942, 130.711776733, 26.2781658173, 30.8212604523, -18.7221755981, 2.75964450836], [175.246932983, -242.395568848, 80.8076477051, -30.6675357819, 7.67355108261, 6.08919715881, 25.9349575043, 27.3193130493, 26.2781658173, 147.820404053, -1.85677421093, 20.9049892426, -29.3107261658], [-132.569244385, 203.03163147, -93.4530410767, -27.4092216492, -33.5600128174, 12.4842290878, 27.9647483826, 6.07455444336, 30.8212604523, -1.85677421093, 132.74041748, 0.630036175251, 4.07180500031], [-45.8796081543, -123.585037231, 97.1896209717, 7.54080438614, 40.0966148376, -17.0578193665, 20.4388637543, 12.4385223389, -18.7221755981, 20.9049892426, 0.630036175251, 98.9049224854, 17.501373291], [-278.928619385, 70.229133606, 5.2147860527, 82.895690918, 37.3692588806, 19.1597976685, 10.047039032, -10.0309877396, 2.75964450836, -29.3107261658, 4.07180500031, 17.501373291, 91.9111862183]], "icov": [[7.24090932636e-05, -0.000110373366624, 2.63971578534e-05, -0.000120213597256, 0.000162587049999, -0.00010560597002, 0.000129172083689, -0.000189818238141, 4.17345800088e-05, -0.000215153530007, 0.000246774288826, -0.00020770811534, 0.000290830532322], [-0.000110373366624, 0.00124458316714, 0.000137766081025, 0.000249665259616, -0.000589760078583, 0.000743125681765, -0.000771973340306, 0.00106828764547, -0.000513676204719, 0.00178649893496, -0.00180733343586, 0.00142722239252, -0.000839638814796], [2.63971578534e-05, 0.000137766081025, 0.00212582945824, -0.00049409508938, -0.000809327873867, -0.000794627529103, -0.000263882451691, 0.000459375063656, 0.000164189885254, -0.000623437634204, 0.00104713486508, -0.0016901625786, 0.000945242587477], [-0.000120213597256, 0.000249665259616, -0.00049409508938, 0.00321568874642, -0.000120508862892, -0.000568905903492, 0.000285105081275, 0.000192394785699, -9.09497248358e-05, 0.000709703541361, -0.000106593732198, 0.000760595838074, -0.00318144680932], [0.000162587049999, -0.000589760078583, -0.000809327873867, -0.000120508862892, 0.00528018409386, 0.000841749599203, -0.00121709203813, -0.000613892509136, -0.00225898693316, -0.000229532306548, 0.0025686128065, -0.00175233068876, -0.000943083083257], [-0.00010560597002, 0.000743125681765, -0.000794627529103, -0.000568905903492, 0.000841749599203, 0.00726936385036, -0.00211639632471, -0.000118626114272, 5.14991988894e-05, 0.000753248867113, -0.00188584078569, 0.00333492318168, -0.00228214077652], [0.000129172083689, -0.000771973340306, -0.000263882451691, 0.000285105081275, -0.00121709203813, -0.00211639632471, 0.00735970214009, -0.00196854490787, 0.00242322613485, -0.00230082310736, -0.000978722120635, -0.000871250813361, 5.91442549194e-05], [-0.000189818238141, 0.00106828764547, 0.000459375063656, 0.000192394785699, -0.000613892509136, -0.000118626114272, -0.00196854490787, 0.0129980547354, -0.0049117738381, 0.0010556668276, -0.000656493881252, -0.00156699714717, 0.00112777203321], [4.17345800088e-05, -0.000513676204719, 0.000164189885254, -9.09497248358e-05, -0.00225898693316, 5.14991988894e-05, 0.00242322613485, -0.0049117738381, 0.0123609639704, -0.0034012584947, -0.00283192261122, 0.00357374385931, -0.00131220929325], [-0.000215153530007, 0.00178649893496, -0.000623437634204, 0.000709703541361, -0.000229532306548, 0.000753248867113, -0.00230082310736, 0.0010556668276, -0.0034012584947, 0.011529144831, -0.00202883011661, -8.81624728208e-05, 0.00156577257439], [0.000246774288826, -0.00180733343586, 0.00104713486508, -0.000106593732198, 0.0025686128065, -0.00188584078569, -0.000978722120635, -0.000656493881252, -0.00283192261122, -0.00202883011661, 0.012933857739, -0.00466691097245, 0.00130441586953], [-0.00020770811534, 0.00142722239252, -0.0016901625786, 0.000760595838074, -0.00175233068876, 0.00333492318168, -0.000871250813361, -0.00156699714717, 0.00357374385931, -8.81624728208e-05, -0.00466691097245, 0.0167594924569, -0.00548943597823], [0.000290830532322, -0.000839638814796, 0.000945242587477, -0.00318144680932, -0.000943083083257, -0.00228214077652, 5.91442549194e-05, 0.00112777203321, -0.00131220929325, 0.00156577257439, 0.00130441586953, -0.00548943597823, 0.0177219957113]]}, "melbands": {"dmean": [0.00182646804024, 0.0021308970172, 0.00103122426663, 0.000898966798559, 0.000205718359211, 0.000199576534214, 0.000464172364445, 0.000320571212796, 0.000116150920803, 5.03726405441e-05, 1.96887813217e-05, 8.87325495569e-06, 9.30856822379e-06, 1.1570323295e-05, 1.17967238111e-05, 8.89660987013e-06, 7.2815337262e-06, 4.65695893581e-06, 3.2274001569e-06, 2.58757290794e-06, 2.29109514294e-06, 2.76602304439e-06, 3.56955206371e-06, 3.4369545574e-06, 1.77191441253e-06, 2.36396272157e-06, 2.94854203275e-06, 1.59181047366e-06, 2.31672720474e-06, 2.0229592792e-06, 2.02413434636e-06, 1.75392403889e-06, 1.93802566173e-06, 2.1405046482e-06, 1.96024484467e-06, 2.11394649341e-06, 2.68552889793e-06, 2.1477444534e-06, 1.00610577647e-06, 4.30346204894e-07], "dmean2": [0.00294450623915, 0.00350157101639, 0.00169800559524, 0.00144472287502, 0.000330013921484, 0.000308163755108, 0.000730521744117, 0.000491059094202, 0.000182329196832, 7.54680513637e-05, 2.82302280539e-05, 1.34822230393e-05, 1.40836227729e-05, 1.82082494575e-05, 1.85348744708e-05, 1.37810138767e-05, 1.14739104902e-05, 7.17493958291e-06, 4.79292793898e-06, 4.0435156734e-06, 3.42657040164e-06, 4.11795554101e-06, 5.5179480114e-06, 5.31927980774e-06, 2.65814810518e-06, 3.55487759407e-06, 4.68709413326e-06, 2.5384770197e-06, 3.56482382813e-06, 3.09702090817e-06, 3.10741620524e-06, 2.5567276225e-06, 2.80445715362e-06, 3.0245275866e-06, 2.82049018097e-06, 2.85825672108e-06, 3.79722405341e-06, 2.92671325042e-06, 1.38240454817e-06, 6.12326857663e-07], "dvar": [2.44920483965e-05, 2.64745813183e-05, 3.42630710293e-06, 2.54400515587e-06, 1.40975231488e-07, 3.54009017656e-07, 2.78039397017e-06, 1.90721675608e-06, 1.79659892297e-07, 7.80268152312e-08, 1.44969725113e-08, 1.73155279004e-09, 1.99594563099e-09, 2.30480678987e-09, 3.69670494216e-09, 1.34178435029e-09, 9.59879842277e-10, 4.45517095438e-10, 1.53484294718e-10, 7.07338285166e-11, 4.22742466033e-11, 5.48353480678e-11, 7.05068711748e-11, 6.54821752377e-11, 1.25161070744e-11, 2.28999909313e-11, 2.8801900101e-11, 1.16454424229e-11, 2.9057707629e-11, 1.80481792705e-11, 4.91513427181e-11, 4.2177501075e-11, 5.9445878775e-11, 6.78042344493e-11, 6.44391623394e-11, 1.07691293383e-10, 2.34399888388e-10, 1.73725062114e-10, 2.1966610822e-11, 1.416555458e-12], "dvar2": [6.03116241109e-05, 6.85725390213e-05, 8.82325002749e-06, 6.51734217172e-06, 3.52067900167e-07, 8.27642963941e-07, 6.72900068821e-06, 4.27224858868e-06, 4.20047683747e-07, 1.67350606262e-07, 2.82094507753e-08, 3.81132370109e-09, 4.33278035672e-09, 5.88925574974e-09, 9.2857845857e-09, 2.976881186e-09, 2.11517336979e-09, 1.03341113444e-09, 3.55061036128e-10, 1.72960604172e-10, 9.21881807003e-11, 1.14322697142e-10, 1.63443550361e-10, 1.45795209239e-10, 2.69342222137e-11, 5.0248697564e-11, 6.99349606004e-11, 2.86490969836e-11, 7.04670558016e-11, 3.94759051836e-11, 1.18956927642e-10, 7.58951859692e-11, 1.02389811907e-10, 1.39168940261e-10, 1.26810173473e-10, 1.82525994319e-10, 4.77213546457e-10, 2.96545676903e-10, 3.92443508246e-11, 2.67291353981e-12], "max": [0.0613319948316, 0.0745675414801, 0.0268717873842, 0.0256215650588, 0.00851183477789, 0.019061466679, 0.0394895076752, 0.054653018713, 0.0155509700999, 0.0105235744268, 0.00700107822195, 0.00236719404347, 0.0024368071463, 0.00147835083771, 0.00283068325371, 0.00186555308755, 0.00100836972706, 0.000887876318302, 0.000721095595509, 0.000373816903448, 0.000221904090722, 0.000263325404376, 0.000200337293791, 0.000234583756537, 0.000108129293949, 0.000157532442245, 9.5687340945e-05, 0.000102923419036, 0.000153242552187, 9.6945783298e-05, 0.000138172370498, 0.000320306862704, 0.00046072495752, 0.000358379184036, 0.000384415208828, 0.000514158920851, 0.00106438342482, 0.00103446946014, 0.000256535509834, 3.62456266885e-05], "mean": [0.00183861714322, 0.00241705076769, 0.00149066001177, 0.00131800258532, 0.000374325696612, 0.000318044680171, 0.000632794923149, 0.00040088451351, 0.000144198784255, 7.41469775676e-05, 3.1750270864e-05, 1.45922103911e-05, 1.43376819324e-05, 1.71651063283e-05, 1.67672951648e-05, 1.28406418298e-05, 9.75675447989e-06, 6.55137864669e-06, 4.54782184534e-06, 3.4974184473e-06, 3.5050391034e-06, 4.26406586485e-06, 5.36567949894e-06, 5.13932809554e-06, 2.89236027129e-06, 4.01200441047e-06, 4.48627633887e-06, 2.36580353885e-06, 3.71428814105e-06, 3.19304240293e-06, 2.91582682621e-06, 3.09375172947e-06, 3.22059008795e-06, 3.65638561561e-06, 3.4572842651e-06, 4.01939405492e-06, 5.0747653404e-06, 4.09975018556e-06, 1.88370881915e-06, 7.67313565575e-07], "median": [0.000258681277046, 0.000869922630955, 0.000804444600362, 0.00067932147067, 0.000221449779929, 0.000124234589748, 7.10513195372e-05, 2.82892979158e-05, 1.93155028683e-05, 7.65866025176e-06, 6.225172001e-06, 4.61596346213e-06, 3.15223019243e-06, 3.3924688978e-06, 3.12046950057e-06, 2.45646015173e-06, 1.16742762657e-06, 8.94397828688e-07, 7.6954108863e-07, 7.92187847765e-07, 9.03196109903e-07, 1.03188267531e-06, 1.4140565554e-06, 1.25110773297e-06, 1.15329476102e-06, 1.32994045998e-06, 1.27660962335e-06, 5.97533698965e-07, 8.41825738007e-07, 6.70942313263e-07, 4.98974145557e-07, 5.79044808546e-07, 5.69256087601e-07, 5.66473772778e-07, 5.11063490194e-07, 4.64101674424e-07, 4.27867234976e-07, 3.20094898143e-07, 1.84136297321e-07, 1.16556932994e-07], "min": [3.09279511723e-15, 1.20207771265e-15, 2.6215497664e-16, 4.92442919442e-17, 1.54384261608e-16, 1.90417268177e-16, 7.09560426357e-17, 5.37827910903e-16, 9.3205091472e-16, 2.83685786535e-16, 1.49026712042e-15, 1.95704019024e-15, 6.32804815306e-16, 5.81662660017e-16, 4.21990649652e-16, 3.96708833759e-16, 2.52803627023e-16, 4.7068890313e-16, 1.03602484427e-15, 1.57028293482e-15, 7.99558815204e-16, 4.50869232137e-16, 1.44359838435e-16, 1.91850699387e-16, 6.89775563124e-16, 8.84784782197e-16, 7.25940323021e-16, 9.9417961673e-16, 5.73254746285e-16, 3.19593392524e-16, 1.14857498241e-15, 7.5040120517e-16, 3.02126699648e-16, 5.47512144468e-16, 4.17799715917e-16, 6.70643629945e-16, 5.2953058791e-16, 7.80318355928e-16, 1.11087640466e-15, 4.98496041876e-16], "var": [2.30756322708e-05, 2.43137656071e-05, 4.25421876571e-06, 3.67525649381e-06, 2.65874376737e-07, 5.97106634359e-07, 4.56017733086e-06, 3.31009891852e-06, 2.89774874318e-07, 1.52490514438e-07, 3.56020848358e-08, 3.64489660676e-09, 3.56170670734e-09, 3.87894827369e-09, 6.62974475318e-09, 2.71736344537e-09, 1.78280534779e-09, 8.50998105317e-10, 2.62901561632e-10, 1.03022819442e-10, 8.0439717387e-11, 1.26632551667e-10, 1.41046216373e-10, 1.49552176198e-10, 2.58342010978e-11, 5.77832434678e-11, 6.00441432685e-11, 2.38424419097e-11, 6.75574388098e-11, 4.08480298197e-11, 7.11000494591e-11, 9.560369163e-11, 1.55313054084e-10, 1.79383105592e-10, 2.4522731068e-10, 4.44586228943e-10, 8.07480027287e-10, 6.14172157576e-10, 8.16765058365e-11, 4.81899763149e-12]}, "mfcc": {"mean": [-711.364074707, 110.998413086, 46.430015564, 38.9470977783, 5.77545595169, 4.64430618286, -0.85501909256, 1.99857139587, -10.2216424942, -1.9977055788, -1.82818675041, 3.14128851891, -2.87850952148], "cov": [[13259.8115234, 180.008972168, 223.966873169, 112.792671204, -189.843109131, -117.60043335, -227.996154785, -18.3432025909, -182.674530029, 148.370544434, 175.385742188, 76.1646575928, -77.5606460571], [180.008972168, 1546.35498047, -220.614471436, -2.33996796608, -2.81081414223, -77.9884719849, 28.0673675537, 84.8359069824, -110.871757507, -25.7987613678, 23.5565662384, 17.8168869019, -19.0930767059], [223.966873169, -220.614471436, 515.221313477, 102.342857361, 38.2176475525, 112.643295288, 46.1906166077, 2.69409966469, 28.6627349854, -9.77063179016, -24.6263885498, 2.34559464455, -1.83138167858], [112.792671204, -2.33996796608, 102.342857361, 327.156738281, 102.101974487, 55.2089385986, 13.4937753677, 23.9434261322, 59.8387031555, -27.0477714539, -48.9931983948, -13.3996648788, 12.5768461227], [-189.843109131, -2.81081414223, 38.2176475525, 102.101974487, 227.545806885, 27.7787914276, -42.0466117859, 24.1571521759, 49.2575416565, 18.0430870056, -28.8727474213, -22.8214530945, -8.03597354889], [-117.60043335, -77.9884719849, 112.643295288, 55.2089385986, 27.7787914276, 162.288101196, 66.513458252, 1.53645932674, 41.4191665649, 9.79454612732, -8.08301639557, -11.4901571274, -17.3976039886], [-227.996154785, 28.0673675537, 46.1906166077, 13.4937753677, -42.0466117859, 66.513458252, 154.33984375, 39.6827125549, 12.1352014542, -9.91728782654, -1.40017712116, 14.7861652374, 4.63049173355], [-18.3432025909, 84.8359069824, 2.69409966469, 23.9434261322, 24.1571521759, 1.53645932674, 39.6827125549, 113.422149658, 13.1141891479, -3.31238245964, -9.79999732971, 0.898996353149, 6.00481128693], [-182.674530029, -110.871757507, 28.6627349854, 59.8387031555, 49.2575416565, 41.4191665649, 12.1352014542, 13.1141891479, 117.133056641, 26.619644165, -8.2507276535, -11.2427310944, -2.58833885193], [148.370544434, -25.7987613678, -9.77063179016, -27.0477714539, 18.0430870056, 9.79454612732, -9.91728782654, -3.31238245964, 26.619644165, 111.296989441, 44.8772201538, 2.32812952995, -4.95076560974], [175.385742188, 23.5565662384, -24.6263885498, -48.9931983948, -28.8727474213, -8.08301639557, -1.40017712116, -9.79999732971, -8.2507276535, 44.8772201538, 110.659133911, 37.4417572021, 10.7781267166], [76.1646575928, 17.8168869019, 2.34559464455, -13.3996648788, -22.8214530945, -11.4901571274, 14.7861652374, 0.898996353149, -11.2427310944, 2.32812952995, 37.4417572021, 83.604385376, 38.6483917236], [-77.5606460571, -19.0930767059, -1.83138167858, 12.5768461227, -8.03597354889, -17.3976039886, 4.63049173355, 6.00481128693, -2.58833885193, -4.95076560974, 10.7781267166, 38.6483917236, 93.6366043091]], "icov": [[8.98703729035e-05, -3.95028473577e-06, -6.27176850685e-05, -0.000127907522256, 0.000151975735207, 1.4897098481e-05, 0.000203511648579, -9.53990529524e-05, 0.000163810807862, -0.000166777157574, -7.89709374658e-05, -9.67453379417e-05, 0.000146185018821], [-3.95028473577e-06, 0.000813753344119, 0.000343098159647, -0.000229489887715, -0.000181270443136, 0.000172029598616, -0.00027809877065, -0.000573364028241, 0.000875603582244, 3.95239876525e-05, -0.000219084235141, -0.000147368104081, 0.000379456905648], [-6.27176850685e-05, 0.000343098159647, 0.0025754631497, -0.000474105298053, -0.000241194051341, -0.00149827299174, -0.000255278049735, -8.18293337943e-05, 0.000436748930952, 0.000196558816242, 0.000325390661601, -0.000502401497215, 4.32320593973e-05], [-0.000127907522256, -0.000229489887715, -0.000474105298053, 0.00456902990118, -0.00165724835824, -0.000672934926115, -0.000316443678457, 8.69083814905e-05, -0.00195384933613, 0.00150478328578, 0.000970791850705, 0.000246064446401, -0.00122064293828], [0.000151975735207, -0.000181270443136, -0.000241194051341, -0.00165724835824, 0.00680939573795, -0.00130311446264, 0.00337896193378, -0.00194064702373, -0.00112629518844, -0.00156518793665, 0.00108481408097, -2.39767596213e-05, 0.000377564632799], [1.4897098481e-05, 0.000172029598616, -0.00149827299174, -0.000672934926115, -0.00130311446264, 0.0104450406507, -0.00493054045364, 0.00194970774464, -0.00169334246311, -0.000697758514434, -0.000533245096449, 0.00111856323201, 0.00157213001512], [0.000203511648579, -0.00027809877065, -0.000255278049735, -0.000316443678457, 0.00337896193378, -0.00493054045364, 0.0113143352792, -0.00420102197677, -0.000346278247889, 0.000302423315588, 0.000405119935749, -0.00215543620288, 8.26044779387e-05], [-9.53990529524e-05, -0.000573364028241, -8.18293337943e-05, 8.69083814905e-05, -0.00194064702373, 0.00194970774464, -0.00420102197677, 0.0113293435425, -0.00138053589035, 0.00014156063844, 0.000631721282844, 0.000501814240124, -0.00084280554438], [0.000163810807862, 0.000875603582244, 0.000436748930952, -0.00195384933613, -0.00112629518844, -0.00169334246311, -0.000346278247889, -0.00138053589035, 0.0126093775034, -0.00336469127797, 0.000396954768803, 0.000369803135982, 0.000251904595643], [-0.000166777157574, 3.95239876525e-05, 0.000196558816242, 0.00150478328578, -0.00156518793665, -0.000697758514434, 0.000302423315588, 0.00014156063844, -0.00336469127797, 0.0129188848659, -0.00545006105676, 0.00142332317773, 1.35417039928e-05], [-7.89709374658e-05, -0.000219084235141, 0.000325390661601, 0.000970791850705, 0.00108481408097, -0.000533245096449, 0.000405119935749, 0.000631721282844, 0.000396954768803, -0.00545006105676, 0.0142131838948, -0.00584191083908, 0.000197400411707], [-9.67453379417e-05, -0.000147368104081, -0.000502401497215, 0.000246064446401, -2.39767596213e-05, 0.00111856323201, -0.00215543620288, 0.000501814240124, 0.000369803135982, 0.00142332317773, -0.00584191083908, 0.0183817055076, -0.00670199282467], [0.000146185018821, 0.000379456905648, 4.32320593973e-05, -0.00122064293828, 0.000377564632799, 0.00157213001512, 8.26044779387e-05, -0.00084280554438, 0.000251904595643, 1.35417039928e-05, 0.000197400411707, -0.00670199282467, 0.0141685046256]]}, "spectral_contrast_coeffs": {"dmean": [0.0538147874177, 0.0475609302521, 0.0357670672238, 0.0290504228324, 0.0226701181382, 0.0170674901456], "dmean2": [0.0863068923354, 0.0752858147025, 0.0561450310051, 0.0451476797462, 0.0349485874176, 0.0259078666568], "dvar": [0.00195250113029, 0.00163880735636, 0.000904669694137, 0.000635119096842, 0.000387250707718, 0.000244509370532], "dvar2": [0.00490340683609, 0.00398744503036, 0.00212568137795, 0.00140015245415, 0.00085790787125, 0.000556518149097], "max": [-0.263346940279, -0.329399168491, -0.448740363121, -0.524756371975, -0.590482294559, -0.593230307102], "mean": [-0.628122210503, -0.715111732483, -0.788244247437, -0.802625775337, -0.799248456955, -0.788045406342], "median": [-0.629453659058, -0.724524497986, -0.794947087765, -0.811956703663, -0.806061983109, -0.787633299828], "min": [-0.958325684071, -0.961713671684, -0.960723996162, -0.953563272953, -0.954932034016, -0.961284160614], "var": [0.00734482891858, 0.00731645897031, 0.00439684372395, 0.0037144862581, 0.00258710654452, 0.00147615512833]}, "spectral_contrast_valleys": {"dmean": [0.446057409048, 0.400905787945, 0.390145510435, 0.390262663364, 0.37915506959, 0.382583230734], "dmean2": [0.691494524479, 0.599432349205, 0.573459863663, 0.542901515961, 0.497119009495, 0.459794819355], "dvar": [0.175364419818, 0.164254948497, 0.154358908534, 0.167269185185, 0.180506035686, 0.198350638151], "dvar2": [0.364332467318, 0.315225094557, 0.283006131649, 0.306334555149, 0.317121118307, 0.341285437346], "max": [-4.57405281067, -4.396674156