{"lowlevel": {"average_loudness": 0.943567454815, "barkbands_crest": {"dmean": 3.0272538662, "dmean2": 4.76479387283, "dvar": 7.6267285347, "dvar2": 17.9078426361, "max": 25.0758457184, "mean": 11.8997907639, "median": 10.624206543, "min": 1.73894524574, "var": 37.1965789795}, "barkbands_flatness_db": {"dmean": 0.0254584662616, "dmean2": 0.0366025082767, "dvar": 0.000599404622335, "dvar2": 0.0012415854726, "max": 0.438989549875, "mean": 0.121432609856, "median": 0.116933077574, "min": 0.0078531363979, "var": 0.00449041137472}, "barkbands_kurtosis": {"dmean": 2.47038674355, "dmean2": 3.98573899269, "dvar": 42.4533882141, "dvar2": 122.150436401, "max": 304.660858154, "mean": 3.23496484756, "median": 0.401332616806, "min": -1.91143405437, "var": 82.3661422729}, "barkbands_skewness": {"dmean": 0.545555412769, "dmean2": 0.818163156509, "dvar": 0.338702172041, "dvar2": 0.849906265736, "max": 10.813741684, "mean": 1.11986029148, "median": 0.999595224857, "min": -16.200756073, "var": 2.41165518761}, "barkbands_spread": {"dmean": 7.62417554855, "dmean2": 11.5418872833, "dvar": 67.3624725342, "dvar2": 152.103790283, "max": 112.579330444, "mean": 30.9836425781, "median": 27.2866344452, "min": 0.718249619007, "var": 327.015777588}, "dissonance": {"dmean": 0.0143795609474, "dmean2": 0.0241282247007, "dvar": 0.000230036035646, "dvar2": 0.000625056854915, "max": 0.500000059605, "mean": 0.475348591805, "median": 0.47997123003, "min": 0.256057500839, "var": 0.000454201508546}, "dynamic_complexity": 4.54487085342, "erbbands_crest": {"dmean": 2.85513830185, "dmean2": 4.82363700867, "dvar": 6.93940019608, "dvar2": 18.2485122681, "max": 30.3770980835, "mean": 7.96712779999, "median": 7.1081829071, "min": 2.36505413055, "var": 13.3024339676}, "erbbands_flatness_db": {"dmean": 0.0216182284057, "dmean2": 0.0321291834116, "dvar": 0.000541037414223, "dvar2": 0.00111465284135, "max": 0.541198849678, "mean": 0.143536046147, "median": 0.113801218569, "min": 0.0294293295592, "var": 0.00650447048247}, "erbbands_kurtosis": {"dmean": 0.774472177029, "dmean2": 1.29822015762, "dvar": 3.20851182938, "dvar2": 9.28221225739, "max": 80.2549057007, "mean": 0.0834929719567, "median": -0.241591691971, "min": -1.82354724407, "var": 4.97503614426}, "erbbands_skewness": {"dmean": 0.343059569597, "dmean2": 0.543242037296, "dvar": 0.124869465828, "dvar2": 0.310793727636, "max": 5.07063913345, "mean": -0.00859898980707, "median": -0.0505607500672, "min": -6.66039276123, "var": 0.30478990078}, "erbbands_spread": {"dmean": 8.37636089325, "dmean2": 13.1980628967, "dvar": 60.2266464233, "dvar2": 142.682250977, "max": 106.776878357, "mean": 39.9467124939, "median": 39.797580719, "min": 0.710838675499, "var": 264.703948975}, "hfc": {"dmean": 13.050037384, "dmean2": 19.2567443848, "dvar": 320.255279541, "dvar2": 713.254211426, "max": 254.762817383, "mean": 38.4654846191, "median": 35.4889945984, "min": 1.15606338894e-16, "var": 896.861633301}, "melbands_crest": {"dmean": 4.05812215805, "dmean2": 6.30721664429, "dvar": 12.5223731995, "dvar2": 28.7049236298, "max": 34.5674247742, "mean": 16.1290225983, "median": 15.4151601791, "min": 1.60017001629, "var": 59.8168525696}, "melbands_flatness_db": {"dmean": 0.029901439324, "dmean2": 0.0421916358173, "dvar": 0.000813458638731, "dvar2": 0.0016984505346, "max": 0.488771855831, "mean": 0.164818584919, "median": 0.157943218946, "min": 0.00396905792877, "var": 0.0054932711646}, "melbands_kurtosis": {"dmean": 6.79828929901, "dmean2": 10.5414028168, "dvar": 110.69203949, "dvar2": 290.537841797, "max": 200.608825684, "mean": 12.9272766113, "median": 7.05897140503, "min": -1.84416413307, "var": 277.666809082}, "melbands_skewness": {"dmean": 0.791344106197, "dmean2": 1.16950714588, "dvar": 0.594541311264, "dvar2": 1.43968856335, "max": 10.2737150192, "mean": 2.68393993378, "median": 2.49268198013, "min": -7.22138547897, "var": 3.6727643013}, "melbands_spread": {"dmean": 9.59952640533, "dmean2": 14.6618070602, "dvar": 129.007476807, "dvar2": 303.324890137, "max": 268.206207275, "mean": 33.1848258972, "median": 28.0692081451, "min": 0.790847063065, "var": 619.544189453}, "pitch_salience": {"dmean": 0.0826450064778, "dmean2": 0.125862494111, "dvar": 0.00565908057615, "dvar2": 0.0119699807838, "max": 0.950320661068, "mean": 0.490374147892, "median": 0.507392168045, "min": 0.103228487074, "var": 0.0307585913688}, "silence_rate_20dB": {"dmean": 0, "dmean2": 0, "dvar": 0, "dvar2": 0, "max": 1, "mean": 1, "median": 1, "min": 1, "var": 0}, "silence_rate_30dB": {"dmean": 0.000195618151338, "dmean2": 0.000391274574213, "dvar": 0.000195572749362, "dvar2": 0.000586730195209, "max": 1, "mean": 0.999902188778, "median": 1, "min": 0, "var": 9.77881572908e-05}, "silence_rate_60dB": {"dmean": 0.00919405277818, "dmean2": 0.0183899048716, "dvar": 0.00910898111761, "dvar2": 0.0209841113538, "max": 1, "mean": 0.154034227133, "median": 0, "min": 0, "var": 0.130302652717}, "spectral_centroid": {"dmean": 281.766662598, "dmean2": 424.817504883, "dvar": 98098.84375, "dvar2": 214310.609375, "max": 11335.9746094, "mean": 2126.0949707, "median": 2131.74072266, "min": 178.287918091, "var": 508938.5}, "spectral_complexity": {"dmean": 4.21948337555, "dmean2": 6.34529972076, "dvar": 22.2331352234, "dvar2": 45.6860618591, "max": 61, "mean": 23.7663574219, "median": 25, "min": 0, "var": 175.794799805}, "spectral_decrease": {"dmean": 2.45641262886e-09, "dmean2": 3.62632568418e-09, "dvar": 8.57030748446e-18, "dvar2": 1.88518514786e-17, "max": 2.23045443226e-10, "mean": -1.0134569628e-08, "median": -9.02779095924e-09, "min": -3.05688203639e-08, "var": 6.08221272199e-17}, "spectral_energy": {"dmean": 0.0096337934956, "dmean2": 0.0144556509331, "dvar": 0.000129672771436, "dvar2": 0.000286461552605, "max": 0.117930561304, "mean": 0.0417390912771, "median": 0.0389363393188, "min": 1.07017372244e-20, "var": 0.000920696475077}, "spectral_energyband_high": {"dmean": 0.00121542881243, "dmean2": 0.00180487276521, "dvar": 3.52733218278e-06, "dvar2": 7.88696888776e-06, "max": 0.0243092961609, "mean": 0.00263106520288, "median": 0.00186629919335, "min": 7.73442226291e-21, "var": 7.74124691816e-06}, "spectral_energyband_low": {"dmean": 0.00870170164853, "dmean2": 0.0121802315116, "dvar": 0.000124766578665, "dvar2": 0.000262593355728, "max": 0.105166979134, "mean": 0.0248294323683, "median": 0.0142733445391, "min": 4.30037361953e-23, "var": 0.000688408734277}, "spectral_energyband_middle_high": {"dmean": 0.00255920249037, "dmean2": 0.00413891067728, "dvar": 9.34821764531e-06, "dvar2": 2.36604155361e-05, "max": 0.0375928469002, "mean": 0.00785405002534, "median": 0.00761266192421, "min": 1.71382230372e-21, "var": 3.19621321978e-05}, "spectral_energyband_middle_low": {"dmean": 0.00446310918778, "dmean2": 0.00691764056683, "dvar": 7.08874795237e-05, "dvar2": 0.000141087235534, "max": 0.0732607543468, "mean": 0.00808332767338, "median": 0.00539501430467, "min": 2.69754533259e-22, "var": 0.000101724850538}, "spectral_entropy": {"dmean": 0.176812618971, "dmean2": 0.260486215353, "dvar": 0.0368052273989, "dvar2": 0.0796716809273, "max": 9.80105209351, "mean": 7.91962337494, "median": 7.95037841797, "min": 5.94356679916, "var": 0.165651842952}, "spectral_flux": {"dmean": 0.0272861123085, "dmean2": 0.0417162403464, "dvar": 0.000894443073776, "dvar2": 0.00187298608944, "max": 0.310038655996, "mean": 0.100522220135, "median": 0.0955166816711, "min": 1.03449200595e-10, "var": 0.003567321226}, "spectral_kurtosis": {"dmean": 1.43840813637, "dmean2": 2.39595890045, "dvar": 9.5687379837, "dvar2": 26.6065940857, "max": 61.049446106, "mean": 3.57772111893, "median": 2.63941192627, "min": -1.40912842751, "var": 16.1150970459}, "spectral_rms": {"dmean": 0.000742238655221, "dmean2": 0.00109973142389, "dvar": 7.03247906131e-07, "dvar2": 1.48285482737e-06, "max": 0.0107263326645, "mean": 0.00566158397123, "median": 0.00616333307698, "min": 3.23121022126e-12, "var": 8.66754453455e-06}, "spectral_rolloff": {"dmean": 970.24621582, "dmean2": 1568.94458008, "dvar": 2184281.5, "dvar2": 5737480.5, "max": 19875.1464844, "mean": 2948.91137695, "median": 2347.11914062, "min": 64.599609375, "var": 12276515}, "spectral_skewness": {"dmean": 0.184609517455, "dmean2": 0.301609307528, "dvar": 0.0735937282443, "dvar2": 0.208033338189, "max": 5.12756252289, "mean": 1.34914636612, "median": 1.27879989147, "min": -0.869320034981, "var": 0.175231963396}, "spectral_spread": {"dmean": 754984.1875, "dmean2": 1098334.375, "dvar": 813037125632, "dvar2": 1675868766210.0, "max": 40300176, "mean": 5608747.5, "median": 5344396.5, "min": 821230.125, "var": 4439490953220.0}, "spectral_strongpeak": {"dmean": 0.424492716789, "dmean2": 0.725438416004, "dvar": 0.57713329792, "dvar2": 1.53376066685, "max": 10.530878067, "mean": 0.745031058788, "median": 0.508540928364, "min": 0, "var": 0.726476848125}, "zerocrossingrate": {"dmean": 0.0179251842201, "dmean2": 0.0201837886125, "dvar": 0.000425001839176, "dvar2": 0.000519220368005, "max": 0.76611328125, "mean": 0.109233789146, "median": 0.095703125, "min": 0.00439453125, "var": 0.0125066619366}, "barkbands": {"dmean": [0.000416190043325, 0.00777325825766, 0.00388203281909, 0.00247711851262, 0.00214279000647, 0.000539058295544, 0.000478406756883, 0.000541608722415, 0.000511924910825, 0.00120182533283, 0.000497701170389, 0.000329250295181, 0.000345581705915, 0.000553240824956, 0.00087452417938, 0.000295134843327, 0.000478813861264, 0.000247532239882, 0.00030813732883, 0.000219501525862, 0.000223907947657, 0.000215405452764, 0.000279630941804, 0.000275131111266, 0.000215454216232, 0.0001117624779, 4.18190538767e-05], "dmean2": [0.000682934420183, 0.0108982836828, 0.00594304548576, 0.00428341748193, 0.0037568162661, 0.000902170955669, 0.000727271893993, 0.000844016496558, 0.00076633261051, 0.00188020151109, 0.000830311037134, 0.000564508140087, 0.000581772648729, 0.000944145896938, 0.00151218625251, 0.000494272855576, 0.000809555058368, 0.000418900453951, 0.000524675881024, 0.000364572944818, 0.000363147963071, 0.000341822800692, 0.00041958905058, 0.000434599409346, 0.000314368196996, 0.000164129698533, 6.25836619292e-05], "dvar": [7.03591126694e-07, 0.000115237140562, 8.30594217405e-05, 4.33400527982e-05, 3.3440959669e-05, 1.33657647439e-06, 8.15052374037e-07, 9.33754733978e-07, 5.98731503487e-07, 2.79675850834e-06, 6.93701565524e-07, 5.14511384608e-07, 3.51643564045e-07, 1.1273648397e-06, 1.84914733836e-06, 2.47733964898e-07, 3.5555584077e-07, 1.18168962615e-07, 1.91422273588e-07, 1.12167164446e-07, 1.12958261411e-07, 1.21175304457e-07, 2.21270454404e-07, 2.25686676458e-07, 1.53554495341e-07, 5.17795974986e-08, 1.07915507641e-08], "dvar2": [1.96429778043e-06, 0.000238811160671, 0.000184160715435, 0.000116685427201, 8.99880324141e-05, 3.93745131078e-06, 1.9231438273e-06, 2.21805771616e-06, 1.21132586628e-06, 6.66316009301e-06, 1.79823928192e-06, 1.40263853154e-06, 9.44147984683e-07, 3.22137725561e-06, 5.31015757588e-06, 6.56355950923e-07, 9.91445062937e-07, 3.2930455518e-07, 5.21573781498e-07, 2.83612138219e-07, 2.8145871056e-07, 2.89329562975e-07, 4.74873672829e-07, 5.52268431875e-07, 3.36387756761e-07, 1.15793717725e-07, 1.74441492362e-08], "max": [0.0163978077471, 0.102465048432, 0.0725868046284, 0.06050093472, 0.0515930019319, 0.0233848057687, 0.0173549056053, 0.0137703977525, 0.0125417783856, 0.0194243267179, 0.0154366437346, 0.0108014140278, 0.00805932004005, 0.0120497038588, 0.0256036836654, 0.0111185219139, 0.0079385722056, 0.00511471182108, 0.0101747121662, 0.00432325107977, 0.00793670490384, 0.00520601915196, 0.00677955942228, 0.0102951219305, 0.00784563180059, 0.00498075736687, 0.00761187169701], "mean": [0.000655543699395, 0.018851229921, 0.00396019453183, 0.00226918701082, 0.00192220334429, 0.000789584242739, 0.000791965401731, 0.000788867357187, 0.000907349225599, 0.00186050729826, 0.000676062889397, 0.000413297733758, 0.000467900914373, 0.000752072024625, 0.00129413499963, 0.000529598095454, 0.000862822751515, 0.000505207048263, 0.000578998413403, 0.000405237049563, 0.000504573283251, 0.000456405250588, 0.000520924048033, 0.000446077261586, 0.000320239458233, 0.000152312932187, 5.6641176343e-05], "median": [0.000120406562928, 0.00773845147341, 0.000774906075094, 0.000639508478343, 0.000567808165215, 0.000411366752815, 0.000339174526744, 0.000273415877018, 0.000469631049782, 0.000968288688455, 0.000312222284265, 0.000123292513308, 0.000235119063291, 0.000229379933444, 0.000705261423718, 0.000329683098244, 0.000686850806233, 0.000373426097212, 0.000422974204412, 0.000283834146103, 0.000426301034167, 0.000351691036485, 0.000279135943856, 0.000240290071815, 0.000119624164654, 5.55693950446e-05, 1.18280177048e-05], "min": [1.67235987552e-23, 1.36479626144e-23, 1.25070464978e-23, 2.12250410288e-23, 5.97600190355e-23, 1.17516206732e-23, 3.13730171333e-23, 3.99471400013e-23, 9.55829942243e-23, 4.41320218599e-23, 5.50583070662e-23, 8.99104910923e-23, 8.47799858894e-23, 1.22323649728e-22, 1.32645711657e-22, 1.99796619001e-22, 1.3215849854e-22, 2.25185987329e-22, 5.07969776438e-22, 2.83937999899e-22, 3.80300578025e-22, 5.62379974318e-22, 5.25626679686e-22, 1.18503629291e-21, 1.19770471747e-21, 1.89295315252e-21, 2.15890767338e-21], "var": [1.45390265516e-06, 0.000538697466254, 9.19980011531e-05, 3.05129615299e-05, 2.36728283198e-05, 1.6495756654e-06, 1.55314569383e-06, 1.62700257533e-06, 1.61535638199e-06, 5.47346871826e-06, 1.01599368918e-06, 7.09351809292e-07, 4.76892239476e-07, 1.61292678058e-06, 2.80476206171e-06, 4.16071060272e-07, 6.78444166624e-07, 2.56727162196e-07, 3.51574101387e-07, 1.95319856289e-07, 2.39081401787e-07, 2.34151187328e-07, 5.07086440393e-07, 3.39180502351e-07, 2.53604156342e-07, 7.85408431625e-08, 5.41039035795e-08]}, "erbbands": {"dmean": [0.283759385347, 1.7472704649, 4.23526477814, 6.11540460587, 6.16570520401, 8.65397071838, 4.5902466774, 4.53726434708, 6.38565397263, 9.06225967407, 12.5479698181, 12.4597978592, 24.2199783325, 35.8547058105, 17.0129146576, 15.45936203, 15.4982776642, 30.8020648956, 47.0208816528, 25.0521602631, 16.5903434753, 18.6967315674, 14.0066099167, 14.4492464066, 16.1723480225, 10.495390892, 9.36649799347, 8.83268547058, 7.22494792938, 8.81947612762, 7.75223350525, 6.43556690216, 4.19769048691, 2.90331983566, 1.3276475668, 0.570970475674, 0.189937874675, 0.0426145046949, 0.00740291643888, 0.000415801594499], "dmean2": [0.3920353055, 2.39224100113, 5.96471071243, 9.62833976746, 10.0990991592, 15.5944395065, 7.85969161987, 7.58822488785, 9.48151111603, 14.9109983444, 19.0106124878, 18.5671195984, 38.1179962158, 56.8767662048, 28.079044342, 26.4299106598, 26.230430603, 52.4827766418, 81.6901626587, 42.4355239868, 28.0862140656, 31.4184894562, 23.5954208374, 24.2703456879, 27.3258247375, 17.6449775696, 15.5804891586, 14.2107839584, 11.2781705856, 14.0501489639, 11.7422084808, 10.0450468063, 6.61020040512, 4.35765457153, 1.97010612488, 0.841794669628, 0.281284123659, 0.0629712939262, 0.0110364016145, 0.000625294982456], "dvar": [0.17582590878, 5.73028326035, 77.1655273438, 207.473251343, 234.744689941, 605.256591797, 118.306945801, 92.8769836426, 127.126281738, 514.0390625, 475.168762207, 386.236602783, 1459.37866211, 3209.96850586, 682.293945312, 1155.60668945, 741.310302734, 3309.78686523, 6515.28613281, 1582.45605469, 598.761657715, 535.676208496, 308.588897705, 508.070709229, 608.530761719, 271.026641846, 194.203460693, 207.332946777, 160.144104004, 224.479049683, 171.992721558, 111.649681091, 54.99401474, 27.6249542236, 7.02925395966, 1.36299002171, 0.156195357442, 0.00746445730329, 0.000335406104568, 1.53554105964e-06], "dvar2": [0.420443624258, 10.2103452682, 162.890945435, 497.953979492, 568.47052002, 1693.73669434, 348.806427002, 262.25793457, 280.576507568, 1440.85778809, 1003.89984131, 777.435546875, 3437.953125, 7565.20068359, 1764.61743164, 3164.81787109, 1966.03027344, 9482.99121094, 19000.125, 4309.82275391, 1607.61865234, 1473.31347656, 837.036804199, 1347.19470215, 1680.37695312, 706.772399902, 508.941223145, 516.807861328, 372.44241333, 561.775146484, 385.487884521, 264.096435547, 134.569076538, 64.3443984985, 15.6364736557, 3.06126952171, 0.350401371717, 0.0150351254269, 0.000619850354269, 2.23237589125e-06], "max": [3.88989973068, 24.5537471771, 77.6387557983, 138.685745239, 166.496322632, 226.657806396, 236.166397095, 231.902938843, 243.34173584, 346.781524658, 371.00692749, 357.62677002, 698.960327148, 724.679382324, 535.272949219, 551.063110352, 382.284240723, 772.286865234, 1448.53479004, 668.609191895, 756.032958984, 295.842559814, 241.272644043, 497.373474121, 688.948120117, 207.205062866, 262.376251221, 411.25869751, 239.110717773, 203.839233398, 183.250183105, 169.804992676, 169.326019287, 69.5370559692, 66.5691986084, 24.0703048706, 11.2867889404, 3.87100315094, 1.39775717258, 0.102182678878], "mean": [0.543449044228, 4.14426136017, 5.54221725464, 6.66243886948, 6.13588571548, 7.03480672836, 5.58556842804, 6.50601100922, 11.1644277573, 12.4508361816, 20.0167236328, 22.5068130493, 39.3966674805, 53.8293762207, 26.0560722351, 20.956987381, 22.0035610199, 43.873790741, 65.5890197754, 43.9848365784, 32.7942428589, 36.8482627869, 30.4762477875, 29.892496109, 30.9876537323, 19.9367218018, 19.6217670441, 19.406621933, 15.0239963531, 14.7967863083, 15.6466321945, 11.0222120285, 6.63364744186, 4.20562171936, 1.93084490299, 0.803549528122, 0.256078273058, 0.0571702979505, 0.00935766939074, 0.000645071791951], "median": [0.168262079358, 1.68448972702, 2.00355815887, 2.21942567825, 1.93497931957, 1.73969137669, 2.40793228149, 3.01545786858, 4.77473258972, 5.85531806946, 8.83442401886, 12.723156929, 19.4770298004, 25.147649765, 15.5504798889, 7.76108026505, 12.7837295532, 18.3920612335, 32.5400238037, 30.3242816925, 25.6149654388, 30.8303375244, 25.2826042175, 20.7962322235, 20.3419132233, 14.4252262115, 15.7111349106, 15.4221315384, 10.8789043427, 9.79555606842, 9.27738952637, 5.66637372971, 3.35727453232, 1.56520760059, 0.712964475155, 0.303291380405, 0.0940869376063, 0.0162182115018, 0.00169778673444, 0.000144745397847], "min": [2.52989610814e-22, 3.71942570228e-21, 1.57281268738e-20, 4.2157227607e-20, 7.78651670849e-20, 2.22935876732e-19, 2.54361708974e-19, 1.10682594998e-19, 4.38105975079e-19, 4.94458998477e-19, 1.14353873296e-18, 2.12960833347e-18, 1.51726565455e-18, 1.51365325342e-18, 3.25829917443e-18, 2.7426761396e-18, 3.24340971661e-18, 6.43977312229e-18, 4.33686328386e-18, 1.02167269485e-17, 1.04790515633e-17, 7.97361082343e-18, 1.22127973118e-17, 1.49176597169e-17, 2.74787397713e-17, 1.31077339427e-17, 1.58076696601e-17, 1.43246804056e-17, 1.97831460061e-17, 1.81945274417e-17, 1.58160142581e-17, 1.53243281758e-17, 2.43411676073e-17, 1.38587394927e-17, 9.18831397243e-18, 5.41908601314e-18, 3.53538151858e-18, 1.54316323196e-18, 2.69969754103e-19, 3.0268163894e-20], "var": [0.571819663048, 27.6616802216, 115.751441956, 195.462402344, 204.060760498, 385.484344482, 105.094795227, 131.454086304, 303.465087891, 499.217895508, 985.118835449, 982.640014648, 2901.5715332, 5833.68408203, 1087.50549316, 1645.27233887, 990.351013184, 4707.69482422, 8656.32519531, 2777.24975586, 1063.53857422, 1102.24865723, 752.44128418, 1125.02087402, 1130.26623535, 463.726165771, 380.083190918, 400.347229004, 293.229675293, 328.179229736, 403.270111084, 204.722213745, 81.6366271973, 41.8914527893, 10.4693574905, 1.95008635521, 0.243648767471, 0.0206179562956, 0.0012899057474, 9.9920480352e-06]}, "gfcc": {"mean": [-12.6493711472, 33.0540618896, -126.248497009, 26.6759815216, -50.7594795227, 22.4403095245, -25.1042098999, 16.5907878876, -13.3540697098, 2.2739174366, -15.7136325836, -0.244142755866, -8.16105937958], "cov": [[47189.21875, 4509.30419922, 4399.45898438, 3719.87988281, 45.7648086548, 1765.46398926, -1038.46984863, 673.611022949, -639.234741211, 141.245819092, -1148.875, 88.9456100464, -373.814422607], [4509.30419922, 2609.10888672, 1023.25262451, 708.592773438, 247.752197266, 211.514862061, 65.1800613403, 87.576675415, 68.852645874, 33.007648468, 1.3473867178, -73.676071167, -17.9905834198], [4399.45898438, 1023.25262451, 3339.57080078, 1023.18933105, 482.510162354, 483.022247314, -64.5121688843, 54.4701004028, -38.9686546326, 119.078231812, -89.1412200928, 69.1814575195, -92.3461990356], [3719.87988281, 708.592773438, 1023.18933105, 784.548339844, 230.133575439, 318.323730469, 9.25990200043, 117.718261719, 13.1976356506, 49.6571655273, -76.3921508789, 20.8719329834, -15.0913829803], [45.7648086548, 247.752197266, 482.510162354, 230.133575439, 345.583557129, 120.699371338, 97.8255157471, 16.656545639, 50.4270210266, 31.5773239136, 27.3739051819, 8.80242443085, 2.27075147629], [1765.46398926, 211.514862061, 483.022247314, 318.323730469, 120.699371338, 275.266784668, 28.4307575226, 90.2040328979, 12.4519500732, 39.0094909668, -23.8322963715, 29.0750904083, -6.12888431549], [-1038.46984863, 65.1800613403, -64.5121688843, 9.25990200043, 97.8255157471, 28.4307575226, 204.834457397, 58.9670028687, 79.9899291992, 14.7135772705, 41.678062439, 5.28025865555, 12.4468326569], [673.611022949, 87.576675415, 54.4701004028, 117.718261719, 16.656545639, 90.2040328979, 58.9670028687, 151.482009888, 52.0830459595, 34.5082969666, -13.2915811539, 29.7898292542, 9.71899414062], [-639.234741211, 68.852645874, -38.9686546326, 13.1976356506, 50.4270210266, 12.4519500732, 79.9899291992, 52.0830459595, 129.762634277, 47.4115333557, 37.0588951111, -1.23295652866, 17.8282089233], [141.245819092, 33.007648468, 119.078231812, 49.6571655273, 31.5773239136, 39.0094909668, 14.7135772705, 34.5082969666, 47.4115333557, 103.102905273, 28.6230220795, 27.0353393555, -0.399460017681], [-1148.875, 1.3473867178, -89.1412200928, -76.3921508789, 27.3739051819, -23.8322963715, 41.678062439, -13.2915811539, 37.0588951111, 28.6230220795, 134.989273071, 27.7044029236, 19.2086925507], [88.9456100464, -73.676071167, 69.1814575195, 20.8719329834, 8.80242443085, 29.0750904083, 5.28025865555, 29.7898292542, -1.23295652866, 27.0353393555, 27.7044029236, 82.7803573608, 15.4434175491], [-373.814422607, -17.9905834198, -92.3461990356, -15.0913829803, 2.27075147629, -6.12888431549, 12.4468326569, 9.71899414062, 17.8282089233, -0.399460017681, 19.2086925507, 15.4434175491, 79.0518722534]], "icov": [[6.71773741487e-05, -8.42005683808e-05, 4.0673516196e-05, -0.000178379719728, 6.75562769175e-05, -0.00019436198636, 0.000273371115327, -0.000118855896289, 0.000200874812435, -0.000116446557513, 0.000330759183271, -0.000151065629325, 0.000169772029039], [-8.42005683808e-05, 0.000689666892868, -0.000127890511067, -0.000386833562516, -4.09319218306e-05, 0.000542986555956, -0.000427929393481, -5.21858310094e-05, -0.000305346969981, 0.000240363457124, -0.000941887148656, 0.00104782008566, -0.000253140402492], [4.0673516196e-05, -0.000127890511067, 0.000660884950776, -0.000597150472458, -0.000457396061393, -0.000435985042714, 0.000480143469758, 0.000377893622499, 0.000247117393883, -0.000440060655819, 0.000414987414842, -0.00063574773958, 0.000643940933514], [-0.000178379719728, -0.000386833562516, -0.000597150472458, 0.00455172685906, -0.00114932958968, -0.00200451095589, -3.11825751851e-05, -0.000774620159063, -0.000503775663674, 0.000244377792114, 0.000655694399029, 0.000159087401698, -0.000857977953274], [6.75562769175e-05, -4.09319218306e-05, -0.000457396061393, -0.00114932958968, 0.00541221629828, -0.00105750188231, -0.0022988889832, 0.0019960727077, -0.000855491845869, -7.36440779292e-05, -0.000468433456263, 3.6323808672e-06, -0.000258808693616], [-0.00019436198636, 0.000542986555956, -0.000435985042714, -0.00200451095589, -0.00105750188231, 0.0089212320745, -0.0011183351744, -0.00283216312528, 0.000821644556709, -0.000466283847345, -0.0013673666399, 0.000320597202517, -0.000359201483661], [0.000273371115327, -0.000427929393481, 0.000480143469758, -3.11825751851e-05, -0.0022988889832, -0.0011183351744, 0.00962728727609, -0.00338469771668, -0.00255184387788, 0.00146067712922, -9.18334189919e-05, -0.00056202308042, 0.00134487298783], [-0.000118855896289, -5.21858310094e-05, 0.000377893622499, -0.000774620159063, 0.0019960727077, -0.00283216312528, -0.00338469771668, 0.0133004877716, -0.00453882850707, -0.000884870183654, 0.00264959037304, -0.00441388739273, -0.000421939301305], [0.000200874812435, -0.000305346969981, 0.000247117393883, -0.000503775663674, -0.000855491845869, 0.000821644556709, -0.00255184387788, -0.00453882850707, 0.0155931422487, -0.00628716731444, -0.00126531929709, 0.00409879954532, -0.00192071124911], [-0.000116446557513, 0.000240363457124, -0.000440060655819, 0.000244377792114, -7.36440779292e-05, -0.000466283847345, 0.00146067712922, -0.000884870183654, -0.00628716731444, 0.0149998478591, -0.00276144570671, -0.00334322196431, 0.00169925030787], [0.000330759183271, -0.000941887148656, 0.000414987414842, 0.000655694399029, -0.000468433456263, -0.0013673666399, -9.18334189919e-05, 0.00264959037304, -0.00126531929709, -0.00276144570671, 0.0131388045847, -0.00558647373691, -0.00027399067767], [-0.000151065629325, 0.00104782008566, -0.00063574773958, 0.000159087401698, 3.6323808672e-06, 0.000320597202517, -0.00056202308042, -0.00441388739273, 0.00409879954532, -0.00334322196431, -0.00558647373691, 0.0189109668136, -0.00381050910801], [0.000169772029039, -0.000253140402492, 0.000643940933514, -0.000857977953274, -0.000258808693616, -0.000359201483661, 0.00134487298783, -0.000421939301305, -0.00192071124911, 0.00169925030787, -0.00027399067767, -0.00381050910801, 0.0150560131297]]}, "melbands": {"dmean": [0.00231565674767, 0.0018794387579, 0.00100349704735, 0.000549000804313, 0.00019410753157, 0.000101751596958, 9.8302072729e-05, 9.8120450275e-05, 0.000105525978142, 7.42187112337e-05, 0.000123228121083, 0.000154638182721, 6.88816799084e-05, 3.70926063624e-05, 3.90849527321e-05, 3.12490337819e-05, 6.47003034828e-05, 7.29698731448e-05, 4.2878826207e-05, 2.98309496429e-05, 2.14373194467e-05, 1.8901668227e-05, 2.43482663791e-05, 1.44392297443e-05, 1.22665514937e-05, 1.40669690154e-05, 8.42979807203e-06, 6.96187316862e-06, 6.19899901722e-06, 6.2228286879e-06, 5.86402984482e-06, 4.59602324554e-06, 4.41151860286e-06, 5.17235503139e-06, 4.9495042731e-06, 4.42239161202e-06, 3.96251471102e-06, 2.95897666547e-06, 2.98845179714e-06, 2.31504282056e-06], "dmean2": [0.00316369184293, 0.0026572428178, 0.00153084588237, 0.000939352961723, 0.000341345963534, 0.000169754945091, 0.00014632527018, 0.000160900643095, 0.000158707101946, 0.000110812383355, 0.000194236097741, 0.000245487637585, 0.000114138281788, 6.32407973171e-05, 6.70638328302e-05, 5.21282418049e-05, 0.000110613931611, 0.00012674331083, 7.36530491849e-05, 4.99736415804e-05, 3.66576750821e-05, 3.18065976899e-05, 4.13401867263e-05, 2.46580275416e-05, 2.06736531254e-05, 2.4000495614e-05, 1.39823296195e-05, 1.18065217976e-05, 1.04920154627e-05, 1.01549958345e-05, 9.65275921772e-06, 7.33518299967e-06, 7.11178654456e-06, 8.24950620881e-06, 7.81627386459e-06, 6.59588476992e-06, 6.34897560303e-06, 4.65675611849e-06, 4.73673617307e-06, 3.52565029971e-06], "dvar": [1.00442266557e-05, 1.00540473795e-05, 5.13366012456e-06, 2.16501416617e-06, 2.21951736989e-07, 4.57113138452e-08, 3.05066230055e-08, 5.53398820102e-08, 2.8365226612e-08, 1.26952910406e-08, 3.64343222259e-08, 6.28529477353e-08, 1.33663400348e-08, 6.377736117e-09, 4.93574248139e-09, 3.32939253944e-09, 1.61869202486e-08, 1.51287586903e-08, 3.6970222439e-09, 2.49142906306e-09, 9.67077751213e-10, 5.58527835093e-10, 1.0825161878e-09, 4.99882579774e-10, 4.28779511896e-10, 4.67810956639e-10, 1.66510416566e-10, 1.304603231e-10, 8.73995181783e-11, 8.64338184359e-11, 9.82329981247e-11, 6.6777118557e-11, 5.00523546221e-11, 8.42666214584e-11, 7.07214495299e-11, 6.5060644372e-11, 4.7673198722e-11, 2.57915199614e-11, 2.89749908094e-11, 1.85189572011e-11], "dvar2": [2.27708496823e-05, 1.83210686373e-05, 1.18837951959e-05, 5.6271842368e-06, 6.48606942377e-07, 1.30256509578e-07, 6.80132146158e-08, 1.55865521378e-07, 5.93417013306e-08, 2.56639065555e-08, 8.62401634549e-08, 1.48122154542e-07, 3.44644774941e-08, 1.73755125843e-08, 1.35867699314e-08, 8.81769501859e-09, 4.65149945228e-08, 4.43278054263e-08, 1.02768948906e-08, 6.6608176752e-09, 2.65995492299e-09, 1.53622636834e-09, 3.01306379846e-09, 1.42270606407e-09, 1.14125875417e-09, 1.31498223421e-09, 4.23304807873e-10, 3.41788097824e-10, 2.35319125297e-10, 2.18292536824e-10, 2.59393811985e-10, 1.61087115869e-10, 1.22977253381e-10, 2.1093157776e-10, 1.74887992976e-10, 1.23594495749e-10, 1.20872534204e-10, 6.35421854023e-11, 7.10864977993e-11, 4.33576161085e-11], "max": [0.0277822762728, 0.0309893786907, 0.0217741336673, 0.0133000323549, 0.0067986631766, 0.00466870423406, 0.00371648510918, 0.00345797161572, 0.00273534469306, 0.00235023908317, 0.00343116349541, 0.00318313040771, 0.00225537875667, 0.00146115059033, 0.00133197533432, 0.00108767789789, 0.00152165000327, 0.00203776126727, 0.00121238059364, 0.000975396193098, 0.000871156400535, 0.000389935798012, 0.00049777206732, 0.000366449094145, 0.000458669732325, 0.000395934504922, 0.000396676972741, 0.000169132428709, 0.000187459532754, 0.000166421421454, 0.000301044026855, 0.000171811829205, 0.000104443774035, 0.000127327642986, 0.000121572244097, 0.000116866154713, 0.000143955578096, 0.000117553165182, 0.000102921883808, 6.06302273809e-05], "mean": [0.00517697865143, 0.00392473582178, 0.00112757168245, 0.000489518861286, 0.000212750310311, 0.000147678831127, 0.000171128747752, 0.000135440743179, 0.000170056213392, 0.000134323097882, 0.000197067769477, 0.000224908493692, 9.7119154816e-05, 4.88590303576e-05, 5.11982034368e-05, 4.44370525656e-05, 8.58727580635e-05, 9.85186052276e-05, 6.92606699886e-05, 4.99932502862e-05, 3.78518598154e-05, 3.6345616536e-05, 3.96239920519e-05, 2.69455977104e-05, 2.22299240704e-05, 2.46316321864e-05, 1.59772171173e-05, 1.20475851872e-05, 1.17017998491e-05, 1.21351176858e-05, 1.17294239317e-05, 8.65423317009e-06, 8.36663366499e-06, 7.66162065702e-06, 9.31017166295e-06, 8.30532735563e-06, 6.04827391726e-06, 4.83143594465e-06, 4.10948814533e-06, 3.32817808157e-06], "median": [0.00199774838984, 0.00182144157588, 0.00038502246025, 0.000129916734295, 8.83435350261e-05, 6.9198802521e-05, 7.3826755397e-05, 6.44210813334e-05, 8.1846381363e-05, 7.290373469e-05, 9.63653073995e-05, 9.41983089433e-05, 4.6563854994e-05, 1.84138953045e-05, 2.15879572352e-05, 2.11503338505e-05, 2.7260844945e-05, 4.61472045572e-05, 4.31602493336e-05, 2.95310783258e-05, 2.87043767457e-05, 3.02592998196e-05, 2.80633721559e-05, 1.78584050445e-05, 1.22408528114e-05, 1.34110759973e-05, 1.23943955259e-05, 7.77024706622e-06, 8.9596669568e-06, 8.05178206065e-06, 8.28990505397e-06, 6.0424899857e-06, 5.89540195506e-06, 4.20843025495e-06, 5.73928355152e-06, 3.72399790649e-06, 2.88622345579e-06, 2.64317009169e-06, 1.55862994689e-06, 1.23979964428e-06], "min": [3.95844761884e-24, 7.18751050042e-24, 8.34485227877e-24, 9.99013765916e-24, 1.03766487371e-23, 2.70391679646e-24, 6.49751319371e-24, 6.12302317263e-24, 1.08428300334e-23, 1.37395667204e-23, 7.63042118882e-24, 5.87547704285e-24, 1.02752927326e-23, 9.75699612951e-24, 5.8616329284e-24, 8.92704345974e-24, 1.32712909985e-23, 6.71834652109e-24, 1.14493914943e-23, 1.65186100935e-23, 1.02036168308e-23, 7.72658175544e-24, 9.44694539477e-24, 1.06443297527e-23, 1.12207977478e-23, 2.26419693209e-23, 1.4238492844e-23, 7.49663037929e-24, 1.04623947621e-23, 9.19177255776e-24, 8.12142872661e-24, 9.89728005315e-24, 1.2615675011e-23, 9.57635171538e-24, 9.71182595408e-24, 7.60404956876e-24, 9.7850259352e-24, 1.72238154552e-23, 1.55777025597e-23, 1.03525332593e-23], "var": [4.33872082795e-05, 2.89291183435e-05, 5.28752752871e-06, 1.62219066624e-06, 1.67513334759e-07, 6.3231425429e-08, 7.05687739355e-08, 5.48845981996e-08, 6.01883982654e-08, 3.45951534086e-08, 7.22377180296e-08, 1.12881224368e-07, 2.03544612276e-08, 8.66270699618e-09, 6.82191148016e-09, 4.65991023546e-09, 2.23687841583e-08, 2.01479455342e-08, 6.40040287436e-09, 4.24334389848e-09, 1.57465152029e-09, 1.11017095517e-09, 1.80226211732e-09, 9.4179064547e-10, 8.82843909089e-10, 8.8924839714e-10, 2.62309479693e-10, 2.13416090356e-10, 1.4835715989e-10, 1.78306924781e-10, 1.63856733737e-10, 1.05481040569e-10, 9.4893162772e-11, 1.10575576473e-10, 1.32594032975e-10, 1.81137257971e-10, 7.02918001583e-11, 4.07482624032e-11, 3.93091323381e-11, 2.76051213138e-11]}, "mfcc": {"mean": [-638.559936523, 70.0776062012, -10.8857593536, 11.5490455627, 3.5202858448, 6.43484020233, 1.95529055595, 12.1255655289, 9.84067058563, 9.72732830048, 1.76568341255, -0.11688247323, -2.21292686462], "cov": [[23896.9453125, 2599.34057617, 3064.42553711, 1825.86230469, 1160.03991699, 1008.02893066, 157.944641113, 553.145812988, 488.004211426, 499.850250244, -72.9311599731, -132.717880249, -104.354957581], [2599.34057617, 1621.27685547, 749.868469238, 527.516174316, 331.56741333, 230.98059082, 135.029708862, 101.267456055, 91.9103240967, 128.607971191, 54.7992172241, 65.9897079468, 14.8076934814], [3064.42553711, 749.868469238, 2106.04467773, 779.226074219, 665.502868652, 464.420623779, 186.620651245, 127.564689636, 70.700920105, 120.41292572, -16.7303028107, 35.9674797058, 13.5156841278], [1825.86230469, 527.516174316, 779.226074219, 553.370544434, 321.846679688, 254.06578064, 105.250663757, 108.780136108, 101.793571472, 98.9414520264, 31.9747200012, 20.9283542633, 7.82950973511], [1160.03991699, 331.56741333, 665.502868652, 321.846679688, 376.140869141, 217.649627686, 96.2050170898, 61.4920043945, 40.0099868774, 64.8844528198, 4.47257328033, 19.0601654053, 11.5400180817], [1008.02893066, 230.98059082, 464.420623779, 254.06578064, 217.649627686, 245.895370483, 97.7226409912, 69.0561447144, 50.4271507263, 67.1495513916, 24.7216148376, 22.1707687378, 15.5132856369], [157.944641113, 135.029708862, 186.620651245, 105.250663757, 96.2050170898, 97.7226409912, 135.661636353, 68.349571228, 18.8680706024, 28.1174678802, 20.4636154175, 28.0102539062, 14.8945894241], [553.145812988, 101.267456055, 127.564689636, 108.780136108, 61.4920043945, 69.0561447144, 68.349571228, 147.920608521, 76.3593902588, 52.2856636047, 22.7144775391, 25.4623641968, 10.5990467072], [488.004211426, 91.9103240967, 70.700920105, 101.793571472, 40.0099868774, 50.4271507263, 18.8680706024, 76.3593902588, 151.08581543, 76.9902954102, 19.5442333221, 4.72755050659, 17.1226825714], [499.850250244, 128.607971191, 120.41292572, 98.9414520264, 64.8844528198, 67.1495513916, 28.1174678802, 52.2856636047, 76.9902954102, 122.931716919, 30.6724433899, 2.75218963623, 14.5919027328], [-72.9311599731, 54.7992172241, -16.7303028107, 31.9747200012, 4.47257328033, 24.7216148376, 20.4636154175, 22.7144775391, 19.5442333221, 30.6724433899, 107.677398682, 48.267791748, -0.171064928174], [-132.717880249, 65.9897079468, 35.9674797058, 20.9283542633, 19.0601654053, 22.1707687378, 28.0102539062, 25.4623641968, 4.72755050659, 2.75218963623, 48.267791748, 108.595176697, 37.1900253296], [-104.354957581, 14.8076934814, 13.5156841278, 7.82950973511, 11.5400180817, 15.5132856369, 14.8945894241, 10.5990467072, 17.1226825714, 14.5919027328, -0.171064928174, 37.1900253296, 91.4995880127]], "icov": [[6.97650611983e-05, -6.86941712047e-05, -3.13742893923e-05, -6.67800850351e-05, 2.44640268647e-05, -0.000167508449522, 0.000258286629105, -0.000206446071388, 2.24578775487e-06, -5.95898382016e-05, 0.000106241001049, 8.81828818819e-05, 8.1656187831e-05], [-6.86941712047e-05, 0.00101630249992, 4.40534422523e-05, -0.00083100743359, -0.000178364600288, 0.000543875619769, -0.000649534456898, 0.000465446879389, 0.00010316054977, -0.000468787708087, -2.03989930014e-05, -0.000595553254243, 0.000101364996226], [-3.13742893923e-05, 4.40534422523e-05, 0.00141514383722, -0.00110641843639, -0.00127396557946, -0.00048584738397, -1.88259909919e-05, 0.000150171210407, 0.000507548160385, -5.46117698832e-05, 0.000764925091062, -0.000446405058028, 0.000168045182363], [-6.67800850351e-05, -0.00083100743359, -0.00110641843639, 0.00645768363029, -0.0014102923451, -0.00191264494788, 0.000375460571377, -0.000869071343914, -0.00186427682638, 0.000570066738874, -0.00133854453452, 0.000920296821278, 9.227800183e-05], [2.44640268647e-05, -0.000178364600288, -0.00127396557946, -0.0014102923451, 0.00823173020035, -0.00313804065809, -0.000825851806439, 0.000471432838822, 0.000580158666708, -0.000806050084066, 0.00106232834514, -0.000387285312172, 0.000118670708616], [-0.000167508449522, 0.000543875619769, -0.00048584738397, -0.00191264494788, -0.00313804065809, 0.0121302166954, -0.00440737186, 0.000701709475834, -0.000242174806772, -0.00155099516269, -0.00135781266727, -4.56319285149e-05, -0.000759640068281], [0.000258286629105, -0.000649534456898, -1.88259909919e-05, 0.000375460571377, -0.000825851806439, -0.00440737186, 0.0140395043418, -0.0059984032996, 0.00227739498951, 0.000289187853923, -0.000368649925804, -0.000209263889701, -0.000756737950724], [-0.000206446071388, 0.000465446879389, 0.000150171210407, -0.000869071343914, 0.000471432838822, 0.000701709475834, -0.0059984032996, 0.0131811527535, -0.00494163949043, -0.00104512902908, 0.000405312894145, -0.00251068011858, 0.00112519576214], [2.24578775487e-06, 0.00010316054977, 0.000507548160385, -0.00186427682638, 0.000580158666708, -0.000242174806772, 0.00227739498951, -0.00494163949043, 0.0126393027604, -0.00550486100838, 0.000191411396372, 0.000675359508023, -0.00152148527559], [-5.95898382016e-05, -0.000468787708087, -5.46117698832e-05, 0.000570066738874, -0.000806050084066, -0.00155099516269, 0.000289187853923, -0.00104512902908, -0.00550486100838, 0.0147656966001, -0.00405964395031, 0.00317836250179, -0.00221824622713], [0.000106241001049, -2.03989930014e-05, 0.000764925091062, -0.00133854453452, 0.00106232834514, -0.00135781266727, -0.000368649925804, 0.000405312894145, 0.000191411396372, -0.00405964395031, 0.014636403881, -0.00751935597509, 0.00393050489947], [8.81828818819e-05, -0.000595553254243, -0.000446405058028, 0.000920296821278, -0.000387285312172, -4.56319285149e-05, -0.000209263889701, -0.00251068011858, 0.000675359508023, 0.00317836250179, -0.00751935597509, 0.0158326309174, -0.00651686592028], [8.1656187831e-05, 0.000101364996226, 0.000168045182363, 9.227800183e-05, 0.000118670708616, -0.000759640068281, -0.000756737950724, 0.00112519576214, -0.00152148527559, -0.00221824622713, 0.00393050489947, -0.00651686592028, 0.0143742943183]]}, "spectral_contrast_coeffs": {"dmean": [0.0501982755959, 0.0471618548036, 0.0451597869396, 0.0400918163359, 0.0251908823848, 0.0221740417182], "dmean2": [0.0788486003876, 0.075510121882, 0.0722814947367, 0.0655864849687, 0.0409205108881, 0.0352773666382], "dvar": [0.00193111493718, 0.00156445556786, 0.00141458632424, 0.00120534352027, 0.000470976316137, 0.000497276254464], "dvar2": [0.00439852615818, 0.00385772250593, 0.00344914197922, 0.00324258999899, 0.00115327013191, 0.00116427743342], "max": [-0.302314341068, -0.402792572975, -0.4494754076, -0.496313840151, -0.576007604599, -0.502734780312], "mean": [-0.69868183136, -0.750837147236, -0.734349429607, -0.750533342361, -0.771496355534, -0.756132900715], "median": [-0.705309450626, -0.750016570091, -0.727219700813, -0.743171095848, -0.76462161541, -0.754397749901], "min": [-0.980643033981, -0.962509155273, -0.964686751366, -0.966692984104, -0.962768912315, -0.961054563522], "var": [0.00959889870137, 0.00532813137397, 0.00558772357181, 0.00442598713562, 0.00243001338094, 0.00235038553365]}, "spectral_contrast_valleys": {"dmean": [0.45368295908, 0.445927202702, 0.403326898813, 0.370681941509, 0.294150084257, 0.465648561716], "dmean2": [0.705946624279, 0.699600458145, 0.628670096397, 0.566649436951, 0.442705631256, 0.624513149261], "dvar": [0.176581069827, 0.194812074304, 0.185020014644, 0.179204836488, 0.151060298085, 0.293208390474], "dvar2": [0.372084438801, 0.434854418039, 0.409321784973, 0.387918114662, 0.315067589283, 0.598229587078], "max": [-5.19161081314, -4.64086866379, -5.09431791306, -5.47197151184, -5.67897939682