{"lowlevel": {"average_loudness": 0.921403408051, "barkbands_crest": {"dmean": 2.81856393814, "dmean2": 4.16117048264, "dvar": 7.57809877396, "dvar2": 14.4600696564, "max": 26.2155799866, "mean": 11.8199558258, "median": 10.2037801743, "min": 2.05561113358, "var": 37.3376846313}, "barkbands_flatness_db": {"dmean": 0.0300636813045, "dmean2": 0.039022449404, "dvar": 0.00112640077714, "dvar2": 0.00183519476559, "max": 0.450416684151, "mean": 0.153374910355, "median": 0.130679115653, "min": 0.0226782932878, "var": 0.00685553345829}, "barkbands_kurtosis": {"dmean": 4.50799322128, "dmean2": 6.22501373291, "dvar": 174.446670532, "dvar2": 395.807952881, "max": 653.245910645, "mean": 6.70368814468, "median": 1.41447114944, "min": -1.72251093388, "var": 328.863983154}, "barkbands_skewness": {"dmean": 0.635929107666, "dmean2": 0.843182682991, "dvar": 0.567187726498, "dvar2": 1.0594432354, "max": 22.8169822693, "mean": 1.72084701061, "median": 1.22824060917, "min": -2.02380180359, "var": 2.99663901329}, "barkbands_spread": {"dmean": 6.75366020203, "dmean2": 9.47181510925, "dvar": 59.1704292297, "dvar2": 122.17590332, "max": 85.5690231323, "mean": 22.4374599457, "median": 19.4139671326, "min": 0.376542955637, "var": 229.879379272}, "dissonance": {"dmean": 0.0229917969555, "dmean2": 0.0378232374787, "dvar": 0.000558040745091, "dvar2": 0.00149022706319, "max": 0.5, "mean": 0.457730352879, "median": 0.466761499643, "min": 0.24176928401, "var": 0.00121321307961}, "dynamic_complexity": 3.26825594902, "erbbands_crest": {"dmean": 2.93571376801, "dmean2": 4.51229286194, "dvar": 7.89040279388, "dvar2": 17.3186416626, "max": 33.1032791138, "mean": 10.6710805893, "median": 9.2793264389, "min": 2.64303016663, "var": 31.590763092}, "erbbands_flatness_db": {"dmean": 0.0206553582102, "dmean2": 0.0293455459177, "dvar": 0.000540123670362, "dvar2": 0.000929429312237, "max": 0.420281708241, "mean": 0.164949029684, "median": 0.145665884018, "min": 0.0649712607265, "var": 0.00409952457994}, "erbbands_kurtosis": {"dmean": 1.15371251106, "dmean2": 1.71343576908, "dvar": 3.9868953228, "dvar2": 8.19426059723, "max": 56.5354690552, "mean": 1.01261425018, "median": 0.117650032043, "min": -1.77940034866, "var": 10.7100534439}, "erbbands_skewness": {"dmean": 0.358553498983, "dmean2": 0.530464112759, "dvar": 0.111428804696, "dvar2": 0.245497226715, "max": 5.4892077446, "mean": 0.395615100861, "median": 0.339426696301, "min": -2.13370919228, "var": 0.605793178082}, "erbbands_spread": {"dmean": 8.66072750092, "dmean2": 12.3103055954, "dvar": 86.016746521, "dvar2": 165.878921509, "max": 151.65246582, "mean": 36.2969512939, "median": 34.4994850159, "min": 1.51775979996, "var": 371.652374268}, "hfc": {"dmean": 12.0773591995, "dmean2": 18.0257434845, "dvar": 348.387817383, "dvar2": 815.118530273, "max": 154.629119873, "mean": 25.0764865875, "median": 18.159784317, "min": 1.11498970254e-16, "var": 554.062561035}, "melbands_crest": {"dmean": 3.49060463905, "dmean2": 5.23165416718, "dvar": 10.8250617981, "dvar2": 23.172876358, "max": 35.7529563904, "mean": 15.6022176743, "median": 13.6100292206, "min": 1.88262867928, "var": 53.4111976624}, "melbands_flatness_db": {"dmean": 0.0376402176917, "dmean2": 0.0480811446905, "dvar": 0.00176164123695, "dvar2": 0.0029076745268, "max": 0.588606059551, "mean": 0.217941954732, "median": 0.191548332572, "min": 0.00399470794946, "var": 0.0117362234741}, "melbands_kurtosis": {"dmean": 9.32169628143, "dmean2": 12.6837778091, "dvar": 340.522796631, "dvar2": 641.093383789, "max": 404.26763916, "mean": 17.6970806122, "median": 6.36064243317, "min": -1.79336619377, "var": 974.811279297}, "melbands_skewness": {"dmean": 0.819537341595, "dmean2": 1.09599530697, "dvar": 0.903066158295, "dvar2": 1.56030285358, "max": 15.8329668045, "mean": 2.80195617676, "median": 2.13782453537, "min": -1.39230775833, "var": 5.17824888229}, "melbands_spread": {"dmean": 7.66723251343, "dmean2": 11.1886844635, "dvar": 88.6968002319, "dvar2": 196.42767334, "max": 159.581634521, "mean": 24.7208595276, "median": 21.0068645477, "min": 0.360342502594, "var": 413.460723877}, "pitch_salience": {"dmean": 0.0784227624536, "dmean2": 0.112349420786, "dvar": 0.00678546261042, "dvar2": 0.0129473470151, "max": 0.859846115112, "mean": 0.469025105238, "median": 0.506120145321, "min": 0.056060783565, "var": 0.0307331830263}, "silence_rate_20dB": {"dmean": 0, "dmean2": 0, "dvar": 0, "dvar2": 0, "max": 1, "mean": 1, "median": 1, "min": 1, "var": 0}, "silence_rate_30dB": {"dmean": 0.0709586441517, "dmean2": 0.141950652003, "dvar": 0.0659237131476, "dvar2": 0.123677007854, "max": 1, "mean": 0.852008461952, "median": 1, "min": 0, "var": 0.1260946244}, "silence_rate_60dB": {"dmean": 0.00892857182771, "dmean2": 0.0176263228059, "dvar": 0.00884898938239, "dvar2": 0.0201360248029, "max": 1, "mean": 0.044632371515, "median": 0, "min": 0, "var": 0.042640209198}, "spectral_centroid": {"dmean": 270.905303955, "dmean2": 387.695129395, "dvar": 116532.953125, "dvar2": 232539.71875, "max": 11445.9814453, "mean": 1395.02160645, "median": 1252.89343262, "min": 115.196281433, "var": 571065.625}, "spectral_complexity": {"dmean": 4.17152261734, "dmean2": 6.32902479172, "dvar": 26.0685539246, "dvar2": 52.5022087097, "max": 58, "mean": 17.7798919678, "median": 15, "min": 0, "var": 93.2994384766}, "spectral_decrease": {"dmean": 4.92387330908e-09, "dmean2": 6.12631012586e-09, "dvar": 6.97080917892e-17, "dvar2": 1.51166621669e-16, "max": 6.31729216254e-29, "mean": -1.19227205886e-08, "median": -6.03817085221e-09, "min": -8.54573514175e-08, "var": 2.25504655105e-16}, "spectral_energy": {"dmean": 0.019218813628, "dmean2": 0.0242556165904, "dvar": 0.00100667227525, "dvar2": 0.00220452412032, "max": 0.326838284731, "mean": 0.0472735948861, "median": 0.0250009652227, "min": 1.04607053565e-20, "var": 0.00328015605919}, "spectral_energyband_high": {"dmean": 0.00103398843203, "dmean2": 0.00150664837565, "dvar": 3.17927379001e-06, "dvar2": 6.74894681651e-06, "max": 0.017337244004, "mean": 0.00147213984746, "median": 0.000524270464666, "min": 7.32246531523e-21, "var": 5.38683252671e-06}, "spectral_energyband_low": {"dmean": 0.0172685869038, "dmean2": 0.0206144470721, "dvar": 0.00115575024392, "dvar2": 0.00218501291238, "max": 0.315267175436, "mean": 0.0318475849926, "median": 0.00591275002807, "min": 3.47272821013e-23, "var": 0.0031838810537}, "spectral_energyband_middle_high": {"dmean": 0.00222775712609, "dmean2": 0.00356787489727, "dvar": 1.32945942823e-05, "dvar2": 3.57175485988e-05, "max": 0.0308872442693, "mean": 0.00508282380179, "median": 0.00405406858772, "min": 1.3530148447e-21, "var": 1.82366366062e-05}, "spectral_energyband_middle_low": {"dmean": 0.0049326242879, "dmean2": 0.0073313000612, "dvar": 9.52414120547e-05, "dvar2": 0.000217702763621, "max": 0.0799332931638, "mean": 0.0104579115286, "median": 0.00692363828421, "min": 2.61101776736e-22, "var": 0.000138717892696}, "spectral_entropy": {"dmean": 0.233548596501, "dmean2": 0.315234392881, "dvar": 0.0714707151055, "dvar2": 0.127122372389, "max": 9.81471443176, "mean": 7.51357746124, "median": 7.64843559265, "min": 5.31466245651, "var": 0.385437548161}, "spectral_flux": {"dmean": 0.0339883230627, "dmean2": 0.0475210919976, "dvar": 0.00167589331977, "dvar2": 0.00273077958263, "max": 0.379892855883, "mean": 0.0999661535025, "median": 0.0700580999255, "min": 6.45802508692e-11, "var": 0.00613383529708}, "spectral_kurtosis": {"dmean": 2.31429600716, "dmean2": 3.72494459152, "dvar": 15.4802064896, "dvar2": 38.0360450745, "max": 49.6831588745, "mean": 5.33196783066, "median": 3.07661819458, "min": -1.23187232018, "var": 39.9547691345}, "spectral_rms": {"dmean": 0.00115446001291, "dmean2": 0.00142034713645, "dvar": 1.84766213351e-06, "dvar2": 3.327160357e-06, "max": 0.017856836319, "mean": 0.00583186047152, "median": 0.00493874307722, "min": 3.19461514534e-12, "var": 1.21101511468e-05}, "spectral_rolloff": {"dmean": 672.977478027, "dmean2": 1082.40563965, "dvar": 1187465.625, "dvar2": 2561388.5, "max": 19186.0839844, "mean": 1730.60705566, "median": 1055.12695312, "min": 64.599609375, "var": 3898779.25}, "spectral_skewness": {"dmean": 0.285662025213, "dmean2": 0.43806758523, "dvar": 0.130871847272, "dvar2": 0.280103445053, "max": 5.25131940842, "mean": 1.65950989723, "median": 1.49823880196, "min": -0.0384297519922, "var": 0.549635827541}, "spectral_spread": {"dmean": 691067.125, "dmean2": 1037175.1875, "dvar": 1236812824580.0, "dvar2": 2145597652990.0, "max": 42387140, "mean": 5117108, "median": 5380300.5, "min": 1283983.125, "var": 5081508347900.0}, "spectral_strongpeak": {"dmean": 0.494218111038, "dmean2": 0.804860770702, "dvar": 0.504196763039, "dvar2": 1.22246909142, "max": 9.15290546417, "mean": 1.02967214584, "median": 0.655424833298, "min": 0, "var": 1.0018825531}, "zerocrossingrate": {"dmean": 0.0137739824131, "dmean2": 0.0150529481471, "dvar": 0.000210670186789, "dvar2": 0.000237669082708, "max": 0.50927734375, "mean": 0.0661158263683, "median": 0.0556640625, "min": 0.0029296875, "var": 0.00259100482799}, "barkbands": {"dmean": [0.000232217702433, 0.0119809955359, 0.00732333026826, 0.00199983874336, 0.00153586559463, 0.000504275085405, 0.000471110019134, 0.00132665410638, 0.000726339698303, 0.000612140924204, 0.000602048181463, 0.00047074991744, 0.000299523788271, 0.000424064986873, 0.000170983330463, 0.000274882710073, 0.00029835946043, 0.00020491592295, 0.000105693150545, 0.000200856811716, 0.000171648673131, 0.000194874111912, 0.000205554024433, 0.000250837620115, 0.000142160599353, 3.14825992973e-05, 5.03649107486e-06], "dmean2": [0.000275635858998, 0.0156128881499, 0.00993463117629, 0.0033354787156, 0.00275239930488, 0.000813985068817, 0.000799536705017, 0.00196637189947, 0.00110863568261, 0.000860206782818, 0.000913588388357, 0.000750867591705, 0.000494625011925, 0.000688207219355, 0.000298263155855, 0.000474917585962, 0.000509633799084, 0.000363451108569, 0.000166384896147, 0.000314920383971, 0.000267201132374, 0.000285739311948, 0.000318855716614, 0.000384464859962, 0.000214787127334, 4.76653913211e-05, 7.34044851924e-06], "dvar": [5.13596376095e-07, 0.00051584339235, 0.000393705442548, 3.53074392478e-05, 2.10293437704e-05, 1.27932719352e-06, 1.30144360355e-06, 5.8477685343e-06, 2.8767767617e-06, 1.54147744524e-06, 5.80818834806e-07, 7.88371380622e-07, 3.67773964172e-07, 7.38056030514e-07, 1.56841238663e-07, 1.84862258834e-07, 2.15547458993e-07, 3.30278680849e-07, 3.65810670644e-08, 1.56594438749e-07, 1.11560616745e-07, 1.99339226015e-07, 2.76249551234e-07, 2.48566294658e-07, 7.19323836051e-08, 2.66544097904e-09, 7.07286104684e-11], "dvar2": [6.45742602501e-07, 0.000858967367094, 0.000802571477834, 8.78169084899e-05, 6.09540147707e-05, 3.35013419317e-06, 3.6165581605e-06, 1.35987847898e-05, 5.91625484958e-06, 2.41039992943e-06, 1.34581819111e-06, 1.78579193744e-06, 8.59099998252e-07, 1.9306530703e-06, 4.37489887872e-07, 4.92890364967e-07, 5.86512442169e-07, 9.39893936902e-07, 7.81148870033e-08, 3.39654917525e-07, 2.66490985723e-07, 4.85855423449e-07, 7.14252507805e-07, 6.0468630636e-07, 1.69780619785e-07, 6.02261307492e-09, 1.39611738836e-10], "max": [0.011937154457, 0.171863436699, 0.151328533888, 0.046569250524, 0.0438481457531, 0.0167628992349, 0.0105612650514, 0.0342601388693, 0.0290767680854, 0.0319716706872, 0.00868957582861, 0.018139263615, 0.0115037579089, 0.0103872735053, 0.00363809708506, 0.00437840260565, 0.00618214439601, 0.00488809635863, 0.00232175248675, 0.00411049695686, 0.00505161331967, 0.00876904092729, 0.0115429768339, 0.00456672860309, 0.00268377107568, 0.000413580273744, 9.66522929957e-05], "mean": [0.000355700176442, 0.0232614763081, 0.00710293836892, 0.00176373496652, 0.00193970405962, 0.000782769813668, 0.000643229810521, 0.00288976845331, 0.00153558340389, 0.00121204787865, 0.00104795873631, 0.00068666174775, 0.000462505617179, 0.000538425345439, 0.000195468994207, 0.00039610353997, 0.000477093271911, 0.00020919671806, 0.000176119909156, 0.000293577642879, 0.000239215907641, 0.00028977720649, 0.000279039435554, 0.000290373747703, 0.000161952790222, 3.60189114872e-05, 7.19403033145e-06], "median": [3.75344570784e-05, 0.00402005203068, 0.000678610696923, 0.000230990175623, 0.000529841403477, 0.000431709398981, 0.000339288963005, 0.00127602205612, 0.00035600567935, 0.000323163403664, 0.000635735224932, 0.000307434413116, 0.000146010090248, 0.000171978550497, 8.29960044939e-05, 0.000267539406195, 0.000258442567429, 4.59200091427e-05, 5.95949604758e-05, 0.000113305657578, 8.86529742274e-05, 9.60108736763e-05, 5.94727462158e-05, 6.36825279798e-05, 3.72940703528e-05, 8.15405473986e-06, 1.99723422156e-06], "min": [3.48301811178e-24, 9.21942449907e-24, 2.63647766932e-24, 1.02558891209e-23, 2.75775801263e-23, 5.54205015068e-23, 1.34310447981e-23, 2.47416204389e-23, 4.89068738569e-23, 1.344204783e-23, 1.04447219112e-23, 2.79848279909e-23, 8.59757728039e-23, 1.027495936e-22, 9.0545189644e-23, 1.39625893735e-22, 1.2700439693e-22, 1.5363391771e-22, 1.85053162092e-22, 1.80632587527e-22, 3.7969793878e-22, 4.73503143447e-22, 5.274865234e-22, 6.72236163377e-22, 1.10548538828e-21, 1.48119663862e-21, 2.02274901896e-21], "var": [1.56335966039e-06, 0.00167114497162, 0.000469003221951, 2.85834103124e-05, 1.48430899571e-05, 1.49041534314e-06, 1.12944564989e-06, 1.65733381436e-05, 1.26158911371e-05, 8.43439647724e-06, 1.3660650211e-06, 1.25245003346e-06, 7.9919897189e-07, 9.23141158182e-07, 1.19758809092e-07, 2.26246072543e-07, 3.6576480511e-07, 2.32775647646e-07, 7.46888701997e-08, 2.21471552209e-07, 1.53386295665e-07, 2.63760398411e-07, 3.48385924553e-07, 2.91751064196e-07, 8.61953708409e-08, 3.41415229421e-09, 1.46813436408e-10]}, "erbbands": {"dmean": [0.268057465553, 3.22637891769, 9.88628864288, 6.38425064087, 5.20509290695, 5.24861717224, 4.32518053055, 4.17878675461, 5.60886669159, 17.4200325012, 26.4539299011, 19.5813407898, 20.8688030243, 10.5342903137, 29.6458721161, 21.3037071228, 14.4360046387, 18.9719409943, 15.1924543381, 9.42951011658, 14.450545311, 11.7857847214, 11.7395648956, 7.51828861237, 5.73757886887, 9.11213111877, 8.07908058167, 6.52210569382, 7.04407405853, 6.18837881088, 6.19238901138, 4.8202586174, 3.63836431503, 2.10904788971, 0.844386577606, 0.211427569389, 0.0473336204886, 0.00783878844231, 0.000965652929153, 5.18329907209e-05], "dmean2": [0.368362307549, 4.31321239471, 13.6674633026, 9.3527507782, 8.85272979736, 9.42723178864, 7.52838087082, 6.58092594147, 8.60834598541, 28.9387264252, 37.9909095764, 29.0328159332, 29.1689357758, 16.8609848022, 45.5891914368, 33.12134552, 23.6424312592, 29.8846416473, 26.6558933258, 16.3649635315, 24.5854053497, 20.168264389, 20.7167739868, 12.4176082611, 8.69917392731, 14.3184089661, 12.6058654785, 10.2134799957, 10.4357843399, 9.53049659729, 9.44538879395, 7.14810943604, 5.68729305267, 3.27815628052, 1.28721821308, 0.322948515415, 0.0714296102524, 0.0116582158953, 0.00141351367347, 7.30443425709e-05], "dvar": [0.220579013228, 41.992805481, 669.935668945, 298.839508057, 242.783477783, 238.376266479, 153.122940063, 88.5374832153, 122.018180847, 1578.48498535, 2518.07910156, 2051.50268555, 2227.87036133, 367.464691162, 1459.02026367, 1652.18200684, 831.153503418, 1201.66967773, 1678.72802734, 245.863952637, 432.847290039, 362.245574951, 1017.21148682, 244.723266602, 117.890670776, 326.21585083, 238.894577026, 225.528579712, 185.935745239, 364.524078369, 171.139312744, 89.4187850952, 55.2751655579, 17.4088382721, 2.65498161316, 0.125323653221, 0.00614489708096, 0.000167933292687, 2.63653441834e-06, 5.84681814075e-09], "dvar2": [0.372840285301, 72.3291931152, 1462.80773926, 690.530761719, 677.639160156, 688.289916992, 439.547790527, 208.437179565, 302.780090332, 4469.52978516, 4863.41650391, 4164.97558594, 3405.75073242, 906.395568848, 3462.27148438, 3517.62963867, 1915.97253418, 2925.28466797, 4826.09375, 669.122131348, 1118.39111328, 976.919799805, 2899.3215332, 629.906494141, 234.042755127, 719.018432617, 561.604858398, 533.809692383, 419.374786377, 951.807373047, 404.649261475, 209.862197876, 133.440460205, 42.1200942993, 6.39734172821, 0.289459347725, 0.0141416164115, 0.000363707134966, 5.27195425093e-06, 1.13023768122e-08], "max": [5.75024557114, 50.3736457825, 201.609039307, 142.567428589, 162.65234375, 121.525772095, 122.431610107, 204.013626099, 160.422973633, 469.143890381, 823.772399902, 820.472473145, 1245.25610352, 389.279022217, 466.242156982, 929.921691895, 595.114013672, 507.776672363, 353.903961182, 144.491027832, 252.288345337, 217.422729492, 305.784729004, 155.265380859, 165.010971069, 185.541213989, 188.337142944, 279.674041748, 219.30960083, 409.970825195, 197.79788208, 97.2125549316, 76.9375534058, 40.8313217163, 24.0167140961, 3.16647863388, 0.672889053822, 0.135962918401, 0.0179883502424, 0.00114619138185], "mean": [0.511923313141, 5.65685796738, 10.2241230011, 6.61026573181, 5.81541109085, 6.19907569885, 5.72432374954, 6.68544960022, 9.9228553772, 26.2553405762, 63.8968162537, 46.2614593506, 45.378490448, 17.0132713318, 52.5061454773, 35.1292228699, 24.049949646, 27.3600234985, 17.179857254, 13.7833795547, 24.0087738037, 18.3419036865, 13.1347408295, 10.0912456512, 9.75862026215, 13.3359689713, 11.0151176453, 9.37744045258, 10.6371450424, 8.32085227966, 8.57329273224, 6.06148433685, 4.11225032806, 2.34862589836, 0.945809483528, 0.231337144971, 0.0555116795003, 0.0104830265045, 0.00135197397321, 0.00011233244004], "median": [0.109464265406, 0.904955565929, 1.08919405937, 1.20008230209, 1.48052656651, 1.57488059998, 1.92015492916, 3.52808427811, 5.48968172073, 14.1606779099, 24.9565601349, 14.4689979553, 11.0428571701, 7.31376934052, 32.7317428589, 17.9097366333, 9.48664951324, 10.4841070175, 8.04038619995, 9.72113800049, 17.7194957733, 10.2970399857, 3.98228526115, 3.11900138855, 3.03790426254, 5.39619636536, 4.1394200325, 3.29962515831, 3.20737695694, 2.18675422668, 1.81671476364, 1.31478631496, 0.915352344513, 0.529716610909, 0.202566936612, 0.0505967177451, 0.0133947245777, 0.0025452869013, 0.00041629790212, 6.16526376689e-05], "min": [5.41164033588e-22, 9.15411965877e-22, 4.88396998896e-21, 3.19167639354e-20, 2.65922524156e-20, 1.21129343297e-19, 1.71745171214e-19, 4.45227793358e-19, 3.56116117106e-19, 2.69836965765e-19, 7.49970436804e-19, 1.17343066215e-18, 7.99854080632e-19, 9.00364279875e-19, 1.14144069273e-18, 1.60033340641e-18, 4.54555516215e-18, 4.04364843623e-18, 4.84731313115e-18, 6.3215499876e-18, 6.7049746713e-18, 7.1851439179e-18, 8.02957290059e-18, 9.42173110641e-18, 8.38173512022e-18, 8.39794289714e-18, 1.39035081618e-17, 1.59385379048e-17, 1.73719145205e-17, 1.66934907606e-17, 1.70010183144e-17, 1.0583947164e-17, 1.25216930223e-17, 8.37645522637e-18, 8.81624068828e-18, 5.64217166126e-18, 2.61233956522e-18, 1.17281038009e-18, 2.80699941009e-19, 2.87209160958e-20], "var": [0.788811922073, 117.272201538, 825.188964844, 322.620056152, 178.379364014, 165.166351318, 114.519515991, 135.252822876, 182.336624146, 1448.81262207, 10247.296875, 9448.44042969, 12969.3222656, 848.694702148, 3273.68847656, 3028.75854492, 1821.49023438, 1935.86010742, 1111.90209961, 257.906616211, 630.278320312, 522.488586426, 770.743164062, 289.027160645, 234.70362854, 458.951446533, 324.714660645, 282.742095947, 305.52911377, 364.484588623, 284.749511719, 126.023780823, 61.8074493408, 19.1947822571, 3.05602216721, 0.155269265175, 0.00803032238036, 0.00028408903745, 4.9885388762e-06, 1.49388874604e-08]}, "gfcc": {"mean": [-6.73492288589, 83.7723083496, -115.020263672, 22.5594825745, -58.2863044739, 24.6504249573, -24.1105995178, 14.1567583084, -10.3994522095, 4.62442207336, -12.4272108078, -2.30167126656, -8.83261299133], "cov": [[16127.9492188, -2064.76977539, 753.084777832, 1205.18920898, -752.966247559, 610.983093262, -503.018554688, 489.930847168, -227.273391724, 323.510772705, -358.595916748, -17.1912841797, -87.0854492188], [-2064.76977539, 2539.10107422, -69.5551605225, -188.148651123, 569.653198242, -130.692642212, 422.496185303, -110.69329834, 271.790679932, -187.609558105, 192.433776855, -76.3184127808, 226.912597656], [753.084777832, -69.5551605225, 1214.26220703, 329.359649658, 241.98197937, 229.267807007, 57.1743774414, 87.9776763916, 59.9614830017, 145.966339111, -15.5399122238, 29.8628005981, -14.8484487534], [1205.18920898, -188.148651123, 329.359649658, 501.19430542, 69.5881195068, 132.988861084, 0.17186331749, 44.4800262451, -12.9343366623, 40.4522590637, 14.6120233536, -8.84103775024, -11.2311201096], [-752.966247559, 569.653198242, 241.98197937, 69.5881195068, 511.909545898, 157.986434937, 240.241149902, 72.8306427002, 179.071670532, 49.3671646118, 72.0403137207, -0.266804456711, 28.8478946686], [610.983093262, -130.692642212, 229.267807007, 132.988861084, 157.986434937, 282.88293457, 109.711669922, 123.296699524, 88.1218338013, 101.622001648, 10.2051477432, 20.2643146515, 2.33520412445], [-503.018554688, 422.496185303, 57.1743774414, 0.17186331749, 240.241149902, 109.711669922, 306.479431152, 115.117858887, 169.964523315, 17.1577091217, 69.5883178711, -5.82871484756, 48.7705841064], [489.930847168, -110.69329834, 87.9776763916, 44.4800262451, 72.8306427002, 123.296699524, 115.117858887, 197.06338501, 115.636657715, 75.929145813, 2.32614946365, 16.052614212, 6.82199430466], [-227.273391724, 271.790679932, 59.9614830017, -12.9343366623, 179.071670532, 88.1218338013, 169.964523315, 115.636657715, 218.216766357, 80.0277404785, 65.4809875488, 12.4233694077, 48.530292511], [323.510772705, -187.609558105, 145.966339111, 40.4522590637, 49.3671646118, 101.622001648, 17.1577091217, 75.929145813, 80.0277404785, 144.877380371, 34.1957244873, 20.1871738434, -14.032907486], [-358.595916748, 192.433776855, -15.5399122238, 14.6120233536, 72.0403137207, 10.2051477432, 69.5883178711, 2.32614946365, 65.4809875488, 34.1957244873, 111.810371399, 33.5061264038, 38.7119178772], [-17.1912841797, -76.3184127808, 29.8628005981, -8.84103775024, -0.266804456711, 20.2643146515, -5.82871484756, 16.052614212, 12.4233694077, 20.1871738434, 33.5061264038, 106.868492126, 37.4428253174], [-87.0854492188, 226.912597656, -14.8484487534, -11.2311201096, 28.8478946686, 2.33520412445, 48.7705841064, 6.82199430466, 48.530292511, -14.032907486, 38.7119178772, 37.4428253174, 111.522254944]], "icov": [[0.000124352736748, -0.000108139589429, 3.71045607608e-05, -0.000294298573863, 0.000280782493064, -0.00022925598023, 0.000196719745873, -0.000359490106348, 0.000152662774781, -0.000322756532114, 0.000399769749492, -3.99914060836e-05, -7.18204100849e-05], [-0.000108139589429, 0.00148429092951, -0.000278443767456, 0.000692757195793, -0.00134783668909, 0.000782269518822, -0.000549245858565, 0.00121277547441, -0.00132595689502, 0.00235687289387, -0.00179206812754, 0.00165728048887, -0.00163431721739], [3.71045607608e-05, -0.000278443767456, 0.00138926599175, -0.000922999461181, -0.000298591854516, -0.000164213750395, -0.000255683728028, 0.000189417143702, 0.000627895118669, -0.00208319583908, 0.00181607913692, -0.000922686595004, 1.24595399029e-05], [-0.000294298573863, 0.000692757195793, -0.000922999461181, 0.0038437161129, -0.00111805740744, -0.000708538398612, 0.000575455080252, -9.91896376945e-05, 0.000239518325543, 0.00270328018814, -0.00374689954333, 0.00199504289776, -0.000449956278317], [0.000280782493064, -0.00134783668909, -0.000298591854516, -0.00111805740744, 0.00570712937042, -0.00242008105852, -0.00129062845372, 0.00035920512164, -0.001328035607, -0.00121779029723, 0.00144303683192, -0.00146626797505, 0.0023422120139], [-0.00022925598023, 0.000782269518822, -0.000164213750395, -0.000708538398612, -0.00242008105852, 0.00865392852575, -0.0030116008129, -0.000675440358464, 0.00118729670066, -0.00377565133385, 0.00181348330807, -0.000685451494064, -0.0014518906828], [0.000196719745873, -0.000549245858565, -0.000255683728028, 0.000575455080252, -0.00129062845372, -0.0030116008129, 0.0111635541543, -0.00528206536546, -0.00343752582557, 0.00563840847462, -0.00478324620053, 0.00250784144737, 0.000156828580657], [-0.000359490106348, 0.00121277547441, 0.000189417143702, -9.91896376945e-05, 0.00035920512164, -0.000675440358464, -0.00528206536546, 0.0141730960459, -0.00592521578074, -0.00164682150353, 0.00408850284293, -0.00190036278218, 0.000221100926865], [0.000152662774781, -0.00132595689502, 0.000627895118669, 0.000239518325543, -0.001328035607, 0.00118729670066, -0.00343752582557, -0.00592521578074, 0.0168731622398, -0.00932579953223, -0.000111119959911, 0.000465972610982, -0.00352466385812], [-0.000322756532114, 0.00235687289387, -0.00208319583908, 0.00270328018814, -0.00121779029723, -0.00377565133385, 0.00563840847462, -0.00164682150353, -0.00932579953223, 0.0230239015073, -0.0115876421332, 0.00304564740509, 0.00293151452206], [0.000399769749492, -0.00179206812754, 0.00181607913692, -0.00374689954333, 0.00144303683192, 0.00181348330807, -0.00478324620053, 0.00408850284293, -0.000111119959911, -0.0115876421332, 0.0221741143614, -0.00753479450941, -0.00132374069653], [-3.99914060836e-05, 0.00165728048887, -0.000922686595004, 0.00199504289776, -0.00146626797505, -0.000685451494064, 0.00250784144737, -0.00190036278218, 0.000465972610982, 0.00304564740509, -0.00753479450941, 0.0154467485845, -0.00630221888423], [-7.18204100849e-05, -0.00163431721739, 1.24595399029e-05, -0.000449956278317, 0.0023422120139, -0.0014518906828, 0.000156828580657, 0.000221100926865, -0.00352466385812, 0.00293151452206, -0.00132374069653, -0.00630221888423, 0.0160129275173]]}, "melbands": {"dmean": [0.00293974392116, 0.00485784374177, 0.000969491084106, 0.00037064118078, 0.000169620572706, 9.49394961935e-05, 8.79047511262e-05, 0.000215621694224, 0.000206157274079, 0.000114220056275, 0.000103214304545, 4.09179774579e-05, 8.57349587022e-05, 6.81360179442e-05, 3.54671428795e-05, 2.76471710094e-05, 4.07936277043e-05, 2.82206856355e-05, 1.0188286069e-05, 2.31314788834e-05, 1.80947372428e-05, 1.4674718841e-05, 1.05981516754e-05, 1.10293131002e-05, 5.89300861975e-06, 3.79925768357e-06, 5.15736337547e-06, 6.90388833391e-06, 5.23700146005e-06, 4.85861346533e-06, 3.98793918066e-06, 4.6766081141e-06, 3.1869274153e-06, 3.59763384949e-06, 4.02683053835e-06, 2.66971778728e-06, 3.40561769008e-06, 2.53707366937e-06, 2.77455364994e-06, 1.56877922564e-06], "dmean2": [0.00389175862074, 0.00601676851511, 0.00137318926863, 0.000669315864798, 0.000292522861855, 0.000148554929183, 0.000137893337524, 0.000352782197297, 0.000297314516502, 0.000170632396475, 0.000144500620081, 6.64536710246e-05, 0.000132434419356, 0.00010744867177, 5.61744091101e-05, 4.62671487185e-05, 6.40264916001e-05, 4.95684471389e-05, 1.76757494046e-05, 4.04661077482e-05, 3.05483627017e-05, 2.52964964602e-05, 1.7984493752e-05, 1.99099358724e-05, 9.6705280157e-06, 5.88996499573e-06, 7.74014824856e-06, 1.11127164928e-05, 8.30848239275e-06, 7.88537727203e-06, 6.33586296317e-06, 7.33370779926e-06, 4.63708693133e-06, 5.79539801038e-06, 6.29149553788e-06, 3.95732831748e-06, 5.25020050191e-06, 3.94133076043e-06, 4.58735439679e-06, 2.39031487581e-06], "dvar": [2.46924373641e-05, 0.000126110622659, 6.02218551649e-06, 1.30695661937e-06, 2.25056652425e-07, 4.15137435539e-08, 3.32726877161e-08, 2.25861882086e-07, 1.45293000742e-07, 7.01950710891e-08, 5.51259056181e-08, 6.48833120565e-09, 1.22907009015e-08, 1.16186189558e-08, 3.86033960353e-09, 3.16704529268e-09, 6.05502314954e-09, 6.19351192555e-09, 4.55839921365e-10, 1.32433197741e-09, 7.99221799852e-10, 5.56517498751e-10, 4.5932999071e-10, 1.06580655412e-09, 1.41836917211e-10, 6.52183099192e-11, 1.05793082628e-10, 2.34688768419e-10, 1.11103827527e-10, 1.0154458524e-10, 1.42811290571e-10, 9.19017847933e-11, 5.38741065648e-11, 1.58911661607e-10, 7.89152770908e-11, 3.07636659203e-11, 5.96812252396e-11, 2.63904141595e-11, 6.39956004855e-11, 1.03101659155e-11], "dvar2": [4.38435745309e-05, 0.000265169946942, 1.25861452034e-05, 3.78820732294e-06, 6.4246120246e-07, 1.00329657471e-07, 8.5241481429e-08, 6.34332764093e-07, 2.76832594182e-07, 1.38974343145e-07, 8.41062899326e-08, 1.59095403518e-08, 2.94978086401e-08, 2.78038871926e-08, 8.57243342978e-09, 7.72022445972e-09, 1.45984451194e-08, 1.78831740527e-08, 1.2529614013e-09, 3.6552396665e-09, 2.10184003535e-09, 1.52812706933e-09, 1.23009902264e-09, 3.07367664654e-09, 3.4919697689e-10, 1.44638329092e-10, 2.09155526232e-10, 5.33866451047e-10, 2.61781540889e-10, 2.48395859437e-10, 3.58826607316e-10, 2.23233070917e-10, 1.25470314694e-10, 4.31596869355e-10, 1.87558663045e-10, 7.15062176138e-11, 1.4902847012e-10, 6.25974896917e-11, 1.70932046295e-10, 2.47799177011e-11], "max": [0.04235425964, 0.0945334360003, 0.0202409420162, 0.0101797953248, 0.00464841444045, 0.00401042075828, 0.00244534714147, 0.0056412871927, 0.00600877823308, 0.00564392330125, 0.00617008516565, 0.00164207757916, 0.00120589369908, 0.00214447337203, 0.00128316704649, 0.00104779668618, 0.00116364995483, 0.000662771984935, 0.000188980993698, 0.000413795816712, 0.000373673305148, 0.000303354725474, 0.00026799243642, 0.000246633600909, 0.000143845390994, 0.00013726677571, 0.000116386530863, 0.000162127951626, 0.000134221074404, 0.000117283547297, 0.000231054058531, 0.000157674629008, 0.000140644668136, 0.000286618887912, 0.000126706800074, 0.000105894316221, 8.03652364993e-05, 5.17764310644e-05, 0.000108849722892, 3.85128696507e-05], "mean": [0.00566992117092, 0.00639084447175, 0.00115601764992, 0.00041504969704, 0.000231965212151, 0.000154761975864, 0.000145703204907, 0.000344889733242, 0.000506185460836, 0.00025723251747, 0.000217468899791, 5.74368350499e-05, 0.000144687117427, 0.000118866657431, 6.05606983299e-05, 4.19033895014e-05, 5.58857864235e-05, 3.02104181173e-05, 1.17629670058e-05, 3.29278445861e-05, 2.9044726034e-05, 2.20365491259e-05, 1.40360252772e-05, 1.04410892163e-05, 7.94660627434e-06, 6.09090011494e-06, 8.30223962112e-06, 9.37140157475e-06, 7.00144209986e-06, 6.22775132797e-06, 5.39536904398e-06, 6.63583750793e-06, 4.77689854961e-06, 4.43439739684e-06, 5.54358894078e-06, 3.63090794053e-06, 3.89812294088e-06, 2.83652184407e-06, 2.86186968879e-06, 1.73379851276e-06], "median": [0.00105251930654, 0.00083770492347, 0.000224297167733, 0.000115087641461, 7.40637478884e-05, 8.29827404232e-05, 7.94817024143e-05, 0.000185278113349, 0.000188365360373, 6.5089079726e-05, 5.02356124343e-05, 1.72212494363e-05, 8.81007144926e-05, 7.74640429881e-05, 2.80011590803e-05, 1.37375245686e-05, 1.84705022548e-05, 1.2740870261e-05, 4.98439248986e-06, 2.05932574318e-05, 1.78981172212e-05, 1.16281580631e-05, 4.78622678202e-06, 2.09858831113e-06, 2.39897963183e-06, 1.94072663362e-06, 2.00780777959e-06, 3.7617480757e-06, 2.51507140092e-06, 2.4307462354e-06, 1.64642722211e-06, 2.00947602025e-06, 1.42221574606e-06, 1.02703870652e-06, 1.06131176381e-06, 7.31080092464e-07, 8.38576340811e-07, 5.99144186708e-07, 6.19269826529e-07, 3.52842505436e-07], "min": [3.63297425897e-24, 2.57634556353e-24, 4.83899388277e-24, 5.10365789977e-24, 5.95689932119e-24, 1.15124072811e-23, 4.92171423173e-24, 3.74613911684e-24, 6.04385466991e-24, 7.13255371659e-24, 3.68844695783e-24, 4.13012899537e-24, 4.26328989946e-24, 3.86821179205e-24, 7.50458288608e-24, 7.12945112665e-24, 7.8527505909e-24, 7.13169228049e-24, 7.87321206506e-24, 9.7432147295e-24, 7.06325386379e-24, 7.36522666287e-24, 7.57369814543e-24, 5.33697258439e-24, 7.58035849805e-24, 6.28207883037e-24, 3.79705811612e-24, 5.26586071809e-24, 7.11871709632e-24, 8.62574198129e-24, 9.09206763908e-24, 1.02870475489e-23, 9.35222292157e-24, 8.24637561653e-24, 1.08726552865e-23, 6.79846796779e-24, 5.9563723621e-24, 8.001697785e-24, 6.58834816037e-24, 7.24411600353e-24], "var": [8.86212292244e-05, 0.00021577301959, 7.94691459305e-06, 8.49698551519e-07, 1.79386574928e-07, 6.14410780031e-08, 4.37762821548e-08, 2.27452190416e-07, 6.15309716068e-07, 3.47229786257e-07, 3.16831375358e-07, 1.45188909784e-08, 2.59672159331e-08, 2.06854817719e-08, 8.1536981611e-09, 7.16143411239e-09, 9.79129932688e-09, 4.01667010763e-09, 3.8177344619e-10, 1.62256330594e-09, 1.2390254378e-09, 7.90033316544e-10, 6.38992803115e-10, 6.78356260053e-10, 1.86907392341e-10, 1.18469109522e-10, 1.95730029406e-10, 2.88468304799e-10, 1.44243644806e-10, 1.2132994609e-10, 1.43978537426e-10, 1.26437513237e-10, 7.66759988835e-11, 1.34858568757e-10, 1.30548391541e-10, 4.94231253145e-11, 6.56766516172e-11, 3.09164638335e-11, 5.20655289715e-11, 1.1539874091e-11]}, "mfcc": {"mean": [-647.250732422, 113.623100281, 5.56704092026, 8.42165565491, -1.72002446651, 8.60745048523, 1.48032391071, 8.55903530121, 10.8235969543, 4.63247013092, 2.60551095009, 13.5332508087, 7.96434354782], "cov": [[9181.38085938, -1462.21948242, 553.286865234, 279.788848877, 136.870910645, 74.4323425293, -46.9841499329, -83.6241989136, -26.8957653046, 188.797607422, -73.9017486572, -239.10546875, -138.897842407], [-1462.21948242, 2375.48291016, -170.719665527, 78.5626831055, 105.092887878, 97.1404495239, 130.632553101, 148.269989014, 236.114181519, -8.58430194855, 58.9009780884, 148.220123291, 40.3873786926], [553.286865234, -170.719665527, 882.137634277, 224.342468262, 220.559875488, 154.119308472, 64.5180740356, 11.6329460144, 9.11096954346, 94.2119827271, 3.12676858902, -11.3360071182, 33.502494812], [279.788848877, 78.5626831055, 224.342468262, 325.744354248, 134.809448242, 85.513923645, 71.9657287598, 43.989906311, -0.673046827316, 32.2380752563, 36.3586997986, 4.41641759872, -21.4258995056], [136.870910645, 105.092887878, 220.559875488, 134.809448242, 285.670806885, 159.328063965, 89.6436462402, 44.2777824402, 92.38722229, 54.4763717651, 47.832321167, 101.882499695, 42.4035606384], [74.4323425293, 97.1404495239, 154.119308472, 85.513923645, 159.328063965, 208.826934814, 107.881988525, 61.9756813049, 74.7729492188, 66.6918945312, 39.7913398743, 80.4529724121, 54.3202590942], [-46.9841499329, 130.632553101, 64.5180740356, 71.9657287598, 89.6436462402, 107.881988525, 152.70401001, 93.7133331299, 75.3265991211, 55.8048553467, 58.0004425049, 55.3299026489, 13.1739263535], [-83.6241989136, 148.269989014, 11.6329460144, 43.989906311, 44.2777824402, 61.9756813049, 93.7133331299, 164.979324341, 113.563552856, 38.1787719727, 44.5833892822, 64.2975616455, 35.2366104126], [-26.8957653046, 236.114181519, 9.11096954346, -0.673046827316, 92.38722229, 74.7729492188, 75.3265991211, 113.563552856, 220.590499878, 97.9556274414, 39.1881217957, 105.178421021, 75.7749938965], [188.797607422, -8.58430194855, 94.2119827271, 32.2380752563, 54.4763717651, 66.6918945312, 55.8048553467, 38.1787719727, 97.9556274414, 202.377456665, 69.9955673218, 3.23969197273, 22.573141098], [-73.9017486572, 58.9009780884, 3.12676858902, 36.3586997986, 47.832321167, 39.7913398743, 58.0004425049, 44.5833892822, 39.1881217957, 69.9955673218, 157.006195068, 61.9707260132, -23.1296138763], [-239.10546875, 148.220123291, -11.3360071182, 4.41641759872, 101.882499695, 80.4529724121, 55.3299026489, 64.2975616455, 105.178421021, 3.23969197273, 61.9707260132, 231.2318573, 116.099510193], [-138.897842407, 40.3873786926, 33.502494812, -21.4258995056, 42.4035606384, 54.3202590942, 13.1739263535, 35.2366104126, 75.7749938965, 22.573141098, -23.1296138763, 116.099510193, 183.963973999]], "icov": [[0.000135260357638, 8.86021080078e-05, -2.50247539952e-05, -0.000123734818771, -5.57792191103e-06, -7.56504887249e-05, 9.71038098214e-05, 5.47419695067e-05, -0.000173421882209, -6.6996915848e-05, 9.69562752289e-05, 6.23392770649e-05, 0.00013150574523], [8.86021080078e-05, 0.000578374660108, 0.000110286273411, -0.000306820758851, 9.31566100917e-05, -0.000179268026841, -0.000148218430695, 0.000213355568121, -0.000919371203054, 0.000423325953307, -6.50630681776e-05, 8.33535377751e-05, 0.000151271990035], [-2.50247539952e-05, 0.000110286273411, 0.00176974420901, -0.000697786628734, -0.00110426160973, -0.000417639064835, 0.000164110504556, -0.000106911531475, 0.000512908038218, -0.000579115992878, 0.000306043366436, 0.000585356960073, -0.00053124333499], [-0.000123734818771, -0.000306820758851, -0.000697786628734, 0.00501663144678, -0.00209703645669, 0.000346876011463, -0.000763290328905, -0.0018321381649, 0.0023228765931, -0.000508820987307, -9.83128265943e-05, 0.000186256860616, 0.000447551574325], [-5.57792191103e-06, 9.31566100917e-05, -0.00110426160973, -0.00209703645669, 0.00903535448015, -0.00443694833666, -0.00043132333667, 0.00289517804049, -0.00357831665315, 0.00125893985387, -0.000487343495479, -0.00208592624404, 0.00121061783284], [-7.56504887249e-05, -0.000179268026841, -0.000417639064835, 0.000346876011463, -0.00443694833666, 0.0120744202286, -0.00555299036205, -0.000486989156343, 0.00191196287051, -0.00203022616915, 0.00102094130125, -0.00102584983688, -0.00171559629962], [9.71038098214e-05, -0.000148218430695, 0.000164110504556, -0.000763290328905, -0.00043132333667, -0.00555299036205, 0.0157487429678, -0.00622411398217, 0.000384607672459, -0.00119923905004, -0.00134399090894, -0.00044502702076, 0.00189114827663], [5.47419695067e-05, 0.000213355568121, -0.000106911531475, -0.0018321381649, 0.00289517804049, -0.000486989156343, -0.00622411398217, 0.0143128074706, -0.00763564463705, 0.00329849426635, -0.00228118314408, 0.000987942912616, -0.00118864071555], [-0.000173421882209, -0.000919371203054, 0.000512908038218, 0.0023228765931, -0.00357831665315, 0.00191196287051, 0.000384607672459, -0.00763564463705, 0.0146142644808, -0.00693195359781, 0.00329444627278, -0.00393518432975, -0.000328086025547], [-6.6996915848e-05, 0.000423325953307, -0.000579115992878, -0.000508820987307, 0.00125893985387, -0.00203022616915, -0.00119923905004, 0.00329849426635, -0.00693195359781, 0.0111631341279, -0.00621243519709, 0.0053251045756, -0.00299017550424], [9.69562752289e-05, -6.50630681776e-05, 0.000306043366436, -9.83128265943e-05, -0.000487343495479, 0.00102094130125, -0.00134399090894, -0.00228118314408, 0.00329444627278, -0.00621243519709, 0.0129283666611, -0.00673741102219, 0.00564711075276], [6.23392770649e-05, 8.33535377751e-05, 0.000585356960073, 0.000186256860616, -0.00208592624404, -0.00102584983688, -0.00044502702076, 0.000987942912616, -0.00393518432975, 0.0053251045756, -0.00673741102219, 0.0126518355682, -0.00729394517839], [0.00013150574523, 0.000151271990035, -0.00053124333499, 0.000447551574325, 0.00121061783284, -0.00171559629962, 0.00189114827663, -0.00118864071555, -0.000328086025547, -0.00299017550424, 0.00564711075276, -0.00729394517839, 0.0117858285084]]}, "spectral_contrast_coeffs": {"dmean": [0.0538114793599, 0.0448155663908, 0.0490611381829, 0.0380183570087, 0.02444187738, 0.0150813451037], "dmean2": [0.0846769213676, 0.0729616656899, 0.0774781778455, 0.0616351664066, 0.0406462848186, 0.0243966411799], "dvar": [0.00259515573271, 0.0013329857029, 0.00190478784498, 0.00116460805293, 0.000441708980361, 0.000183266631211], "dvar2": [0.00612736446783, 0.0034206151031, 0.00439778948203, 0.0028402430471, 0.00119636557065, 0.000426233571488], "max": [-0.34724393487, -0.411297500134, -0.4109839499, -0.553404271603, -0.620930314064, -0.602595746517], "mean": [-0.668711781502, -0.720761954784, -0.712212443352, -0.744155108929, -0.782488882542, -0.766771912575], "median": [-0.68470621109, -0.724823892117, -0.714359164238, -0.745409846306, -0.782674670219, -0.768954992294], "min": [-0.982337832451, -0.980301082134, -0.986567914486, -0.983271718025, -0.981906294823, -0.964518606663], "var": [0.00943353399634, 0.00542633514851, 0.00685862544924, 0.00396988401189, 0.00172913423739, 0.00129691476468]}, "spectral_contrast_valleys": {"dmean": [0.42160192132, 0.41033411026, 0.484099537134, 0.47023576498, 0.407916814089, 0.460016667843], "dmean2": [0.676047205925, 0.685924828053, 0.77622038126, 0.74670034647, 0.56150329113, 0.602721214294], "dvar": [0.250562608242, 0.257735967636, 0.353848308325, 0.379589915276, 0.31146517396, 0.354838967323], "dvar2": [0.428100824356, 0.488753050566, 0.707944273949, 0.780792236328, 0.528424918652, 0.581518888474], "max": [-5.19766330719, -4.50107145309, -5.13222694397, -5.83436250687, -5.55872297287, -7.51690530777], "mean": [-7