{"lowlevel": {"average_loudness": 0.932880282402, "barkbands_crest": {"dmean": 3.32358884811, "dmean2": 5.69491243362, "dvar": 9.86410903931, "dvar2": 26.6470298767, "max": 26.4999828339, "mean": 10.832028389, "median": 9.82497787476, "min": 2.7589609623, "var": 25.5911865234}, "barkbands_flatness_db": {"dmean": 0.0266003459692, "dmean2": 0.0460456870496, "dvar": 0.000752536696382, "dvar2": 0.00214570318349, "max": 0.602192819118, "mean": 0.1372590065, "median": 0.11497118324, "min": 0.0286580156535, "var": 0.00753337796777}, "barkbands_kurtosis": {"dmean": 5.16395330429, "dmean2": 8.25999641418, "dvar": 382.261138916, "dvar2": 547.072631836, "max": 1820.09509277, "mean": 8.12174415588, "median": 1.98299455643, "min": -1.79096627235, "var": 2190.24584961}, "barkbands_skewness": {"dmean": 0.747912883759, "dmean2": 1.26833295822, "dvar": 0.717668712139, "dvar2": 1.88877785206, "max": 28.6156845093, "mean": 1.92715215683, "median": 1.69232010841, "min": -3.11174678802, "var": 2.68674969673}, "barkbands_spread": {"dmean": 6.92039871216, "dmean2": 11.8048648834, "dvar": 50.3176345825, "dvar2": 139.797637939, "max": 91.6902008057, "mean": 23.9705028534, "median": 23.3956336975, "min": 0.0830318033695, "var": 138.883285522}, "dissonance": {"dmean": 0.0114093450829, "dmean2": 0.0194875653833, "dvar": 0.000158053240739, "dvar2": 0.000456330337329, "max": 0.500000059605, "mean": 0.477062106133, "median": 0.485425174236, "min": 0.215484753251, "var": 0.00107230292633}, "dynamic_complexity": 2.72738409042, "erbbands_crest": {"dmean": 1.95374751091, "dmean2": 3.22764158249, "dvar": 4.44055700302, "dvar2": 11.5741405487, "max": 28.8316764832, "mean": 6.88227272034, "median": 5.47466993332, "min": 1.94116830826, "var": 16.1603965759}, "erbbands_flatness_db": {"dmean": 0.0114455996081, "dmean2": 0.0176816210151, "dvar": 0.000131352207973, "dvar2": 0.000285591406282, "max": 0.537606537342, "mean": 0.145060703158, "median": 0.114964239299, "min": 0.0479306429625, "var": 0.00670359190553}, "erbbands_kurtosis": {"dmean": 0.633144378662, "dmean2": 0.960393548012, "dvar": 2.11375999451, "dvar2": 2.44200229645, "max": 136.828582764, "mean": 0.610609829426, "median": -0.42190694809, "min": -1.59310019016, "var": 39.5629997253}, "erbbands_skewness": {"dmean": 0.272142291069, "dmean2": 0.441810905933, "dvar": 0.0632358193398, "dvar2": 0.165885657072, "max": 8.64975833893, "mean": -0.00104356592055, "median": -0.187419861555, "min": -1.84678316116, "var": 0.644497513771}, "erbbands_spread": {"dmean": 8.24772930145, "dmean2": 13.4686565399, "dvar": 68.1317214966, "dvar2": 179.156799316, "max": 143.120132446, "mean": 43.3999214172, "median": 44.210521698, "min": 0.60977101326, "var": 314.658447266}, "hfc": {"dmean": 5.85230922699, "dmean2": 9.32427787781, "dvar": 47.8136711121, "dvar2": 120.041679382, "max": 90.9995422363, "mean": 27.1643981934, "median": 29.2247409821, "min": 1.16824676675e-16, "var": 247.379653931}, "melbands_crest": {"dmean": 3.86791396141, "dmean2": 6.29342365265, "dvar": 11.5816602707, "dvar2": 29.4150352478, "max": 32.2390594482, "mean": 15.9377012253, "median": 15.6876535416, "min": 1.83159422874, "var": 35.4096107483}, "melbands_flatness_db": {"dmean": 0.0330885536969, "dmean2": 0.0569192431867, "dvar": 0.00113271235023, "dvar2": 0.00321272853762, "max": 0.700303018093, "mean": 0.205486580729, "median": 0.183591857553, "min": 0.00527509348467, "var": 0.00868354644626}, "melbands_kurtosis": {"dmean": 12.2844638824, "dmean2": 21.4605617523, "dvar": 400.129882812, "dvar2": 1092.52624512, "max": 248.557388306, "mean": 18.5510807037, "median": 12.0847673416, "min": -1.28497290611, "var": 503.173919678}, "melbands_skewness": {"dmean": 1.07193422318, "dmean2": 1.82961046696, "dvar": 1.45239853859, "dvar2": 3.99875807762, "max": 14.0730457306, "mean": 3.35856389999, "median": 3.15166854858, "min": -0.36217674613, "var": 3.39209961891}, "melbands_spread": {"dmean": 7.59731960297, "dmean2": 12.9310388565, "dvar": 59.4441261292, "dvar2": 165.607421875, "max": 168.5027771, "mean": 21.4396591187, "median": 19.9326400757, "min": 0.318262666464, "var": 182.852813721}, "pitch_salience": {"dmean": 0.0889932960272, "dmean2": 0.151193410158, "dvar": 0.00720652472228, "dvar2": 0.0189974401146, "max": 0.92612183094, "mean": 0.547055602074, "median": 0.568148970604, "min": 0.100788332522, "var": 0.0191458184272}, "silence_rate_20dB": {"dmean": 0, "dmean2": 0, "dvar": 0, "dvar2": 0, "max": 1, "mean": 1, "median": 1, "min": 1, "var": 0}, "silence_rate_30dB": {"dmean": 0.109846830368, "dmean2": 0.219741731882, "dvar": 0.0977766439319, "dvar2": 0.236241430044, "max": 1, "mean": 0.918398618698, "median": 1, "min": 0, "var": 0.0749397277832}, "silence_rate_60dB": {"dmean": 0.0013129102299, "dmean2": 0.00262639531866, "dvar": 0.00131115817931, "dvar2": 0.00261950329877, "max": 1, "mean": 0.125136733055, "median": 0, "min": 0, "var": 0.109473921359}, "spectral_centroid": {"dmean": 282.97769165, "dmean2": 477.104736328, "dvar": 98927.7421875, "dvar2": 255743.078125, "max": 11016.4111328, "mean": 1557.53381348, "median": 1577.06396484, "min": 194.223602295, "var": 438658.28125}, "spectral_complexity": {"dmean": 3.59212255478, "dmean2": 5.80389595032, "dvar": 10.3829154968, "dvar2": 26.0567588806, "max": 56, "mean": 28.7223796844, "median": 32, "min": 0, "var": 161.079681396}, "spectral_decrease": {"dmean": 6.59266374825e-09, "dmean2": 1.15338707474e-08, "dvar": 7.53199629974e-17, "dvar2": 2.08895291922e-16, "max": 1.05141711706e-17, "mean": -1.30993216274e-08, "median": -1.09641922208e-08, "min": -5.93822839789e-08, "var": 9.92743128261e-17}, "spectral_energy": {"dmean": 0.0251761283726, "dmean2": 0.0439590811729, "dvar": 0.0010865869699, "dvar2": 0.00300979963504, "max": 0.227332994342, "mean": 0.0519037805498, "median": 0.0442390479147, "min": 1.0449237919e-20, "var": 0.00147609971464}, "spectral_energyband_high": {"dmean": 0.000323593296343, "dmean2": 0.000515841529705, "dvar": 1.88924829558e-07, "dvar2": 4.30155466802e-07, "max": 0.00593006005511, "mean": 0.00122736638878, "median": 0.00126178725623, "min": 7.51119012627e-21, "var": 9.06135710466e-07}, "spectral_energyband_low": {"dmean": 0.0220765527338, "dmean2": 0.0389850176871, "dvar": 0.00109799439088, "dvar2": 0.00307184807025, "max": 0.212256982923, "mean": 0.0323312617838, "median": 0.021634478122, "min": 4.61176415563e-23, "var": 0.00120481650811}, "spectral_energyband_middle_high": {"dmean": 0.00213102274574, "dmean2": 0.00346766156144, "dvar": 1.03289921753e-05, "dvar2": 2.68379189947e-05, "max": 0.0746228918433, "mean": 0.00758518045768, "median": 0.00681284163147, "min": 1.5949619427e-21, "var": 4.00473618356e-05}, "spectral_energyband_middle_low": {"dmean": 0.00687035406008, "dmean2": 0.0121542904526, "dvar": 0.000156098365551, "dvar2": 0.000446735561127, "max": 0.0994797125459, "mean": 0.0122404843569, "median": 0.00986330211163, "min": 1.81351662642e-22, "var": 0.000141418524436}, "spectral_entropy": {"dmean": 0.106501333416, "dmean2": 0.176245421171, "dvar": 0.0135645866394, "dvar2": 0.0348634272814, "max": 9.81492710114, "mean": 7.74873876572, "median": 7.90348577499, "min": 3.73431301117, "var": 0.422789901495}, "spectral_flux": {"dmean": 0.041851863265, "dmean2": 0.0685946419835, "dvar": 0.00265026395209, "dvar2": 0.00510211940855, "max": 0.448245674372, "mean": 0.124466709793, "median": 0.11292181164, "min": 6.88589948949e-11, "var": 0.00567216798663}, "spectral_kurtosis": {"dmean": 1.66457927227, "dmean2": 2.71980762482, "dvar": 23.024269104, "dvar2": 55.4784431458, "max": 291.711761475, "mean": 7.37075805664, "median": 3.00402545929, "min": -1.24294662476, "var": 681.352905273}, "spectral_rms": {"dmean": 0.00150249130093, "dmean2": 0.00256701046601, "dvar": 2.88080059363e-06, "dvar2": 7.8698640209e-06, "max": 0.0148925576359, "mean": 0.00652942666784, "median": 0.0065696304664, "min": 3.19286372515e-12, "var": 8.00429643277e-06}, "spectral_rolloff": {"dmean": 514.903076172, "dmean2": 896.674743652, "dvar": 458911.625, "dvar2": 1134620.625, "max": 19832.0800781, "mean": 1312.61047363, "median": 990.52734375, "min": 64.599609375, "var": 2304596.25}, "spectral_skewness": {"dmean": 0.172320201993, "dmean2": 0.281783342361, "dvar": 0.0635005235672, "dvar2": 0.165355816483, "max": 13.4178905487, "mean": 1.51277351379, "median": 1.25100851059, "min": -0.0343453772366, "var": 1.96630358696}, "spectral_spread": {"dmean": 365544, "dmean2": 543326.1875, "dvar": 691696959488, "dvar2": 1200442834940.0, "max": 41904784, "mean": 4463472.5, "median": 4575641, "min": 395955.9375, "var": 3607015981060.0}, "spectral_strongpeak": {"dmean": 0.388084709644, "dmean2": 0.685667812824, "dvar": 0.530989170074, "dvar2": 1.46493768692, "max": 7.35268163681, "mean": 0.559604167938, "median": 0.415118724108, "min": 0, "var": 0.506064713001}, "zerocrossingrate": {"dmean": 0.00907124020159, "dmean2": 0.0118787316605, "dvar": 9.52788395807e-05, "dvar2": 0.000142219651025, "max": 0.58984375, "mean": 0.0594686195254, "median": 0.05615234375, "min": 0.0048828125, "var": 0.00141538016032}, "barkbands": {"dmean": [0.00101187755354, 0.0166217908263, 0.00775660434738, 0.00231180409901, 0.00412078946829, 0.00130446231924, 0.000458151916973, 0.00039353503962, 0.000658754084725, 0.000558404717594, 0.000961954589002, 0.000489808851853, 0.000415426999098, 0.000397955678636, 0.000270561897196, 0.000304200075334, 0.000352118542651, 0.000215466643567, 0.000207153891097, 0.000112833207822, 0.000109283508209, 0.000118323070637, 7.07961371518e-05, 5.10621612193e-05, 3.77804026357e-05, 2.52876470768e-05, 4.96559050589e-06], "dmean2": [0.00145420921035, 0.0293574091047, 0.0138359479606, 0.00408142339438, 0.00747712375596, 0.00223234528676, 0.00077728042379, 0.000686617218889, 0.00109888892621, 0.000925095111597, 0.00154677324463, 0.000817089399789, 0.00067704601679, 0.000632093171589, 0.000429766223533, 0.000498671608511, 0.000596516998485, 0.000361580430763, 0.000349390640622, 0.000186901743291, 0.000182301431778, 0.000196080305614, 0.00011425185221, 7.93782164692e-05, 5.56189152121e-05, 3.73739203496e-05, 7.21781725588e-06], "dvar": [1.72357056272e-06, 0.000642636674456, 0.000187417594134, 1.37409024319e-05, 9.86124578048e-05, 5.16887212143e-06, 7.18212220363e-07, 7.51927359488e-07, 1.21021139421e-06, 1.93195660358e-06, 6.53709821563e-06, 7.73054125602e-07, 9.3262582368e-07, 8.14393558812e-07, 3.54519841039e-07, 2.32282729939e-07, 2.24918267122e-07, 7.36953609248e-08, 5.70179814474e-08, 1.87197120027e-08, 1.90925959487e-08, 2.22145217776e-08, 1.27806538686e-08, 9.79922898381e-09, 8.65707949771e-09, 3.00442670742e-09, 1.61654703512e-10], "dvar2": [2.98306895274e-06, 0.00175276072696, 0.000536515028216, 3.87986947317e-05, 0.000285266025458, 1.46736174429e-05, 1.82527833203e-06, 1.9882450033e-06, 3.15041529575e-06, 4.76079503642e-06, 1.70014955074e-05, 1.9526557935e-06, 2.25363328354e-06, 1.90005619061e-06, 8.16805027171e-07, 5.93371055402e-07, 6.20571995569e-07, 1.98947688546e-07, 1.56816639674e-07, 5.11898399225e-08, 5.14021323283e-08, 5.87183137668e-08, 3.1795959643e-08, 1.7763065685e-08, 1.39217259942e-08, 5.77415981695e-09, 3.52772006051e-10], "max": [0.0113301165402, 0.175152733922, 0.118284210563, 0.0483752451837, 0.0837991982698, 0.0316637419164, 0.0181323178113, 0.0177165046334, 0.0275644920766, 0.0297450311482, 0.0692435801029, 0.022272862494, 0.0206384006888, 0.0155615126714, 0.0132632376626, 0.00975838117301, 0.00642487220466, 0.0040189079009, 0.00276192161255, 0.00187031796668, 0.00173764338251, 0.00195485074073, 0.00231453985907, 0.00233882525936, 0.00194955768529, 0.00114276260138, 0.000201546092285], "mean": [0.00151951180305, 0.019252570346, 0.0101686753333, 0.00307307625189, 0.00466232234612, 0.00208093994297, 0.000660314748529, 0.000469887250802, 0.0011553055374, 0.00086430524243, 0.00158468470909, 0.000850122538395, 0.000711468455847, 0.00065598153742, 0.000466186465928, 0.000600602477789, 0.000712300708983, 0.000470495142508, 0.000545385875739, 0.000298429658869, 0.000312206888339, 0.000329699600115, 0.000175813140231, 0.000131829539896, 9.19306330616e-05, 5.17278094776e-05, 7.97124812379e-06], "median": [0.000641513557639, 0.0089839566499, 0.00708772335202, 0.0021626316011, 0.00266781914979, 0.00114747462794, 0.00038646068424, 0.00022558751516, 0.000755189510528, 0.000361814134521, 0.000450020947028, 0.0004940724466, 0.000375542091206, 0.000328901573084, 0.000257858133409, 0.000476785207866, 0.000579393119551, 0.000417660397943, 0.000480786431581, 0.000262376153842, 0.000288312701741, 0.000321021128912, 0.000148986087879, 0.000105514052848, 6.34988682577e-05, 2.55355225818e-05, 1.7153980707e-06], "min": [1.05687347898e-23, 1.66843829019e-23, 5.31825883156e-24, 2.44163573105e-24, 2.17205135193e-23, 3.16340985385e-23, 2.69666168216e-23, 6.16182487398e-24, 2.222800825e-23, 2.10878234075e-23, 3.24793850865e-23, 4.78537035277e-23, 7.15164383496e-23, 1.12620092614e-22, 1.1862707277e-22, 1.33133126722e-22, 9.35526429591e-23, 1.6087765506e-22, 1.6923406494e-22, 2.37112074846e-22, 2.12313468673e-22, 3.86719028028e-22, 5.45225468182e-22, 7.67563831725e-22, 8.36594184398e-22, 1.5479237194e-21, 2.01166225421e-21], "var": [4.28608200309e-06, 0.000670373148751, 0.000162061245646, 1.31978467834e-05, 6.69673536322e-05, 8.41963174025e-06, 1.00633155853e-06, 8.84709265847e-07, 2.10015855373e-06, 3.94437893192e-06, 1.38320719998e-05, 1.42965814121e-06, 1.62086223554e-06, 1.33401317726e-06, 6.41332121631e-07, 3.65683945347e-07, 3.94077403598e-07, 1.41082210803e-07, 1.78795161787e-07, 6.06777348366e-08, 6.78387692687e-08, 7.09351084538e-08, 3.17463708654e-08, 3.01406970493e-08, 2.68197908326e-08, 8.00112154309e-09, 3.07476238914e-10]}, "erbbands": {"dmean": [0.551862120628, 3.69483041763, 8.68367004395, 7.68108224869, 9.50940513611, 18.4597187042, 9.71108531952, 10.5169258118, 6.21290254593, 7.1276640892, 10.0797653198, 15.1853666306, 12.5562372208, 30.5076694489, 24.990070343, 20.5180606842, 17.1634311676, 18.5800247192, 14.8225517273, 14.4554700851, 17.7728977203, 17.318025589, 12.3889532089, 10.7171554565, 8.07843971252, 5.58731269836, 4.41513299942, 4.43997383118, 4.78304433823, 2.75438833237, 1.96370375156, 1.18476450443, 0.805465996265, 0.527080237865, 0.234818994999, 0.137580186129, 0.0411090701818, 0.00785570777953, 0.00082280341303, 5.82442116865e-05], "dmean2": [0.90678948164, 6.67651844025, 15.6533060074, 13.5248966217, 16.7818908691, 33.5671844482, 16.9932537079, 18.011964798, 10.548532486, 12.4535627365, 17.3330516815, 25.6509227753, 20.2769699097, 49.299861908, 40.7066459656, 34.0159988403, 28.0970668793, 29.6056747437, 23.684961319, 23.1091022491, 29.2687263489, 29.3466911316, 20.7525119781, 17.8521194458, 13.6675271988, 9.3294839859, 7.32763671875, 7.4352350235, 7.96969461441, 4.45961809158, 3.17691254616, 1.8638343811, 1.25142729282, 0.800977110863, 0.339009344578, 0.204687342048, 0.0610868074, 0.0113409077749, 0.00117167201824, 8.93882534001e-05], "dvar": [0.512274205685, 43.647819519, 260.458648682, 159.238739014, 250.030914307, 2180.28930664, 317.180450439, 362.416778564, 184.088378906, 170.297592163, 458.74130249, 636.106506348, 765.713317871, 5536.62060547, 3001.13574219, 1543.4074707, 1594.88024902, 2029.13134766, 1132.56591797, 1124.81530762, 582.305175781, 587.512512207, 232.148147583, 153.127929688, 97.1289825439, 51.0730133057, 33.8480110168, 31.3620548248, 37.9446144104, 16.306016922, 10.5950088501, 5.28433132172, 2.53550672531, 1.24021661282, 0.476070582867, 0.105493493378, 0.00786221306771, 0.000338816316798, 4.07349762099e-06, 1.1974817582e-08], "dvar2": [1.20920670033, 122.699356079, 745.804992676, 449.515808105, 724.650695801, 6301.37207031, 903.859008789, 1040.96032715, 441.287017822, 480.548248291, 1177.98413086, 1706.41711426, 1697.82836914, 14348.7431641, 7667.62890625, 3821.7019043, 4044.49780273, 4716.54052734, 2565.53637695, 2760.95043945, 1475.93835449, 1635.51391602, 615.781860352, 406.319000244, 273.22442627, 137.563278198, 90.0261077881, 84.7993545532, 101.96244812, 40.9299621582, 26.2218360901, 10.4126586914, 4.84284591675, 2.13042616844, 0.799381136894, 0.191096276045, 0.0167939551175, 0.000709805055521, 8.7111202447e-06, 2.66949395922e-08], "max": [4.96750831604, 44.9008979797, 132.732879639, 132.035568237, 149.943878174, 409.95413208, 247.801483154, 319.307403564, 332.945129395, 176.08039856, 484.140960693, 422.298919678, 803.219482422, 1309.31677246, 1438.09912109, 1033.12402344, 952.153991699, 1033.69140625, 1020.65026855, 672.217224121, 628.090515137, 398.765014648, 191.49331665, 173.198760986, 109.278617859, 101.250648499, 77.234046936, 93.0832595825, 101.97882843, 65.5685882568, 85.8031768799, 49.0181427002, 41.3859100342, 28.2793865204, 19.1786708832, 8.26514720917, 1.55624079704, 0.348046809435, 0.0285961162299, 0.0014165637549], "mean": [0.714686334133, 3.74536514282, 10.7101287842, 11.3036603928, 13.0647706985, 18.6326732635, 14.4289255142, 15.978972435, 9.1922712326, 9.57307338715, 14.3136701584, 25.3188247681, 22.6532897949, 53.3990287781, 45.1839599609, 37.1516685486, 31.8147697449, 33.3743247986, 28.1318187714, 26.8753871918, 39.6883201599, 37.7111358643, 28.3555164337, 26.5205364227, 22.3708820343, 14.8673706055, 11.8239517212, 12.6631374359, 12.7680130005, 7.32275915146, 4.91833639145, 3.1093044281, 1.94066381454, 1.27564072609, 0.533021986485, 0.288525521755, 0.0771352350712, 0.0135594941676, 0.00138295802753, 0.00012065545161], "median": [0.322034686804, 1.76790165901, 7.0198841095, 8.79422473907, 9.31172657013, 8.4286365509, 7.98934364319, 8.81279945374, 5.22804403305, 5.64244031906, 7.5818939209, 16.409526825, 14.143456459, 17.708366394, 22.7524738312, 23.0853729248, 18.7616901398, 19.2814216614, 17.361869812, 17.3282985687, 33.5451927185, 32.0812568665, 25.8707256317, 24.1787471771, 19.9069709778, 13.0143079758, 10.9161605835, 11.756518364, 12.1085529327, 6.80973720551, 4.16234588623, 2.4905154705, 1.51597130299, 0.950573980808, 0.308091700077, 0.162403896451, 0.029793785885, 0.0040461239405, 0.000364516774425, 7.88541874499e-05], "min": [5.02332488057e-22, 3.83929499747e-21, 6.48485285655e-21, 8.53289227651e-21, 3.15688569396e-20, 8.3263173279e-20, 1.66224800451e-19, 2.62246317025e-19, 3.50855894645e-19, 3.47278390194e-19, 2.27015790007e-19, 4.64906988817e-19, 1.38486185243e-18, 6.3308981625e-19, 2.11321237296e-18, 2.09189592857e-18, 3.05787434599e-18, 5.01153660688e-18, 4.25859752225e-18, 6.94127452971e-18, 8.31682212165e-18, 6.65642454602e-18, 7.53106092391e-18, 1.16098264859e-17, 1.093737497e-17, 1.34585685375e-17, 1.04700220598e-17, 1.08559307669e-17, 1.44264633256e-17, 1.5386482527e-17, 1.49679820767e-17, 1.53977040592e-17, 1.22212163561e-17, 1.04466236018e-17, 5.89737714616e-18, 4.74905813645e-18, 2.79797171598e-18, 1.07747533295e-18, 2.73464747287e-19, 3.22901681273e-20], "var": [0.835756361485, 34.5108833313, 205.341323853, 152.319274902, 226.372940063, 1455.78369141, 367.178283691, 497.881652832, 260.535766602, 169.575485229, 682.696655273, 1024.22912598, 1340.01196289, 12115.8017578, 6331.54296875, 2832.69848633, 2633.66503906, 3172.19018555, 1909.57739258, 1728.65686035, 1172.49963379, 1010.65991211, 474.014648438, 395.707489014, 316.10256958, 157.539367676, 102.67741394, 107.208450317, 109.843818665, 43.9396018982, 25.9606704712, 15.3106851578, 7.159283638, 3.78063249588, 1.34321320057, 0.282589614391, 0.0185428354889, 0.000753143627662, 8.00193447503e-06, 2.29926921946e-08]}, "gfcc": {"mean": [16.3199481964, 87.8809204102, -123.674690247, 39.4713897705, -49.4859695435, 14.9018144608, -30.9766845703, 4.7396697998, -23.4631900787, -5.10181903839, -15.5094499588, 2.56798624992, -7.2041683197], "cov": [[21823.1640625, -960.172851562, 2204.44384766, 2724.00146484, 1012.11895752, 2718.81420898, 800.756286621, 1439.00390625, -137.062530518, 629.673400879, -593.637084961, 438.631439209, -709.887512207], [-960.172851562, 1626.50280762, 298.97354126, -70.1782836914, 320.481079102, -276.4609375, 152.663070679, -196.937484741, 98.2086868286, -140.010879517, 84.087890625, -87.0319824219, 120.975013733], [2204.44384766, 298.97354126, 2501.08422852, 547.063049316, 922.270263672, 756.214660645, 264.173522949, 378.343139648, 43.1018066406, 239.411300659, -215.817672729, 287.11428833, -205.04536438], [2724.00146484, -70.1782836914, 547.063049316, 764.429870605, 321.006134033, 532.394470215, 217.388061523, 289.690338135, 29.91456604, 115.980125427, -49.8376464844, 60.369228363, -91.4733352661], [1012.11895752, 320.481079102, 922.270263672, 321.006134033, 519.52331543, 360.861846924, 202.231521606, 160.363067627, 46.0658912659, 85.1796875, -59.6170387268, 93.8905258179, -71.7589874268], [2718.81420898, -276.4609375, 756.214660645, 532.394470215, 360.861846924, 687.383117676, 214.778457642, 320.739379883, -7.00003528595, 149.755340576, -96.7241210938, 121.189071655, -142.626724243], [800.756286621, 152.663070679, 264.173522949, 217.388061523, 202.231521606, 214.778457642, 185.380630493, 104.495552063, 29.6585159302, 30.7314491272, -10.1741266251, 23.4533824921, -25.7287845612], [1439.00390625, -196.937484741, 378.343139648, 289.690338135, 160.363067627, 320.739379883, 104.495552063, 221.828689575, 16.276260376, 88.1093673706, -58.1817131042, 64.0824432373, -69.0387954712], [-137.062530518, 98.2086868286, 43.1018066406, 29.91456604, 46.0658912659, -7.00003528595, 29.6585159302, 16.276260376, 80.0417022705, 6.23764753342, 8.36879444122, -4.34105014801, 8.22175121307], [629.673400879, -140.010879517, 239.411300659, 115.980125427, 85.1796875, 149.755340576, 30.7314491272, 88.1093673706, 6.23764753342, 92.473739624, -15.8070058823, 50.4998512268, -39.6250343323], [-593.637084961, 84.087890625, -215.817672729, -49.8376464844, -59.6170387268, -96.7241210938, -10.1741266251, -58.1817131042, 8.36879444122, -15.8070058823, 84.8703460693, -23.1487293243, 44.9465713501], [438.631439209, -87.0319824219, 287.11428833, 60.369228363, 93.8905258179, 121.189071655, 23.4533824921, 64.0824432373, -4.34105014801, 50.4998512268, -23.1487293243, 89.898727417, -20.3350391388], [-709.887512207, 120.975013733, -205.04536438, -91.4733352661, -71.7589874268, -142.626724243, -25.7287845612, -69.0387954712, 8.22175121307, -39.6250343323, 44.9465713501, -20.3350391388, 80.389251709]], "icov": [[0.000184540316695, -0.000355901167495, 0.000245192379225, -0.000389813241782, 0.000412005174439, -0.000405310012866, 6.17092446191e-05, -0.000269888172625, 0.000355063180905, -0.000575378304347, 0.000952932867222, -0.000718707800843, 0.000749147322495], [-0.000355901167495, 0.00262360088527, -0.00105154921766, 0.000502490904182, -0.00221882155165, 0.00186357554048, -0.00177382410038, 0.00191620364785, -0.00121753872372, 0.00294222473167, -0.00274711917154, 0.00312526035123, -0.00289640040137], [0.000245192379225, -0.00105154921766, 0.00250595575199, -0.000360835983884, -0.00228498037905, -0.000554230995476, 0.0016707717441, -0.00117443827912, 0.000761324947234, -0.00216491310857, 0.00337305758148, -0.00381323229522, 0.00223653344437], [-0.000389813241782, 0.000502490904182, -0.000360835983884, 0.00448511866853, -0.00144109106623, -0.00119436951354, -0.000234007733525, -0.00213000737131, -0.000841242319439, 0.000746095262002, -0.00296417926438, 0.00347224366851, -0.00233547436073], [0.000412005174439, -0.00221882155165, -0.00228498037905, -0.00144109106623, 0.0122253587469, -0.00308305793442, -0.00446501420811, 0.00175408832729, -0.00122508127242, -0.00214397581294, 0.00196482846513, -0.00239804806188, 0.00239294953644], [-0.000405310012866, 0.00186357554048, -0.000554230995476, -0.00119436951354, -0.00308305793442, 0.0105103999376, -0.00425541400909, -0.00412515923381, 0.0026897797361, 0.000834145583212, -0.00224264129065, -0.000775295251515, 0.00302838836797], [6.17092446191e-05, -0.00177382410038, 0.0016707717441, -0.000234007733525, -0.00446501420811, -0.00425541400909, 0.0163490623236, -0.00416252808645, -0.00143027398735, 0.00180984905455, -0.00171191780828, 0.00023949725437, -0.000612168456428], [-0.000269888172625, 0.00191620364785, -0.00117443827912, -0.00213000737131, 0.00175408832729, -0.00412515923381, -0.00416252808645, 0.021419852972, -0.00539007876068, -0.00380373117514, 0.00413320586085, 0.000168789410964, -0.00296787777916], [0.000355063180905, -0.00121753872372, 0.000761324947234, -0.000841242319439, -0.00122508127242, 0.0026897797361, -0.00143027398735, -0.00539007876068, 0.0172394663095, -0.00381282810122, 0.000908972753678, 0.000412045337725, 0.000497621367685], [-0.000575378304347, 0.00294222473167, -0.00216491310857, 0.000746095262002, -0.00214397581294, 0.000834145583212, 0.00180984905455, -0.00380373117514, -0.00381282810122, 0.0288547743112, -0.0117006674409, -0.00330058531836, 0.00301709352061], [0.000952932867222, -0.00274711917154, 0.00337305758148, -0.00296417926438, 0.00196482846513, -0.00224264129065, -0.00171191780828, 0.00413320586085, 0.000908972753678, -0.0117006674409, 0.028146840632, -0.00471293926239, -0.00423340918496], [-0.000718707800843, 0.00312526035123, -0.00381323229522, 0.00347224366851, -0.00239804806188, -0.000775295251515, 0.00023949725437, 0.000168789410964, 0.000412045337725, -0.00330058531836, -0.00471293926239, 0.0288481730968, -0.0118561452255], [0.000749147322495, -0.00289640040137, 0.00223653344437, -0.00233547436073, 0.00239294953644, 0.00302838836797, -0.000612168456428, -0.00296787777916, 0.000497621367685, 0.00301709352061, -0.00423340918496, -0.0118561452255, 0.0320291370153]]}, "melbands": {"dmean": [0.00461387820542, 0.00447937753052, 0.00129965052474, 0.001045828918, 0.000410550186643, 0.000235132523812, 9.3199640105e-05, 7.6433760114e-05, 9.03292457224e-05, 9.56998192123e-05, 6.55511321384e-05, 0.000122952624224, 0.000111635534267, 4.99473862874e-05, 5.33453239768e-05, 3.7391884689e-05, 3.78353652195e-05, 2.84679445031e-05, 2.06076038012e-05, 1.97155932256e-05, 2.47669759119e-05, 2.29296547332e-05, 1.28916281028e-05, 1.04414611997e-05, 9.82434085017e-06, 7.93143772171e-06, 5.19224886375e-06, 3.69257531929e-06, 2.92304389404e-06, 3.35426989295e-06, 2.82756172965e-06, 3.010105047e-06, 2.43260456045e-06, 1.50787741404e-06, 1.32323543767e-06, 1.02679734937e-06, 6.77744196764e-07, 5.67782478811e-07, 6.4120956722e-07, 4.70115480766e-07], "dmean2": [0.00797821395099, 0.00811450183392, 0.00228842813522, 0.00189914589282, 0.000726024969481, 0.000400828692364, 0.000158733630087, 0.000133999143145, 0.000154032575665, 0.000160434065037, 0.000106072722701, 0.000198699926841, 0.000180479401024, 8.33865487948e-05, 8.90277515282e-05, 6.04122287768e-05, 6.01620522502e-05, 4.56740308437e-05, 3.24762331729e-05, 3.22388696077e-05, 4.11457294831e-05, 3.90547902498e-05, 2.15695763472e-05, 1.7648562789e-05, 1.64174434758e-05, 1.34932879519e-05, 8.748662367e-06, 6.21576191406e-06, 4.86945282319e-06, 5.65749724046e-06, 4.74943726658e-06, 5.08334187543e-06, 3.97010444431e-06, 2.44331727117e-06, 2.16358034777e-06, 1.64765799582e-06, 1.06583809156e-06, 8.93792957868e-07, 9.90291141534e-07, 7.33544709419e-07], "dvar": [4.0862676542e-05, 7.05252896296e-05, 4.19000434704e-06, 6.20102446192e-06, 7.32875719223e-07, 1.75040355543e-07, 3.64259982177e-08, 2.12985220571e-08, 3.30463905129e-08, 2.50680454172e-08, 2.21330811456e-08, 8.59939248699e-08, 8.20635506216e-08, 8.32076541002e-09, 1.21217027527e-08, 1.02045847328e-08, 8.23237211733e-09, 4.88314988445e-09, 2.63875010731e-09, 1.6084285015e-09, 1.07010866834e-09, 9.58734425183e-10, 2.84114259896e-10, 2.17457968299e-10, 1.27510696446e-10, 9.39090818997e-11, 4.19633251758e-11, 2.28175429939e-11, 1.63657420948e-11, 1.93406488741e-11, 1.33299682056e-11, 1.43818359999e-11, 1.03855153644e-11, 5.60689038601e-12, 4.95710894208e-12, 2.80617846668e-12, 2.09013535646e-12, 1.30450890975e-12, 1.45345963997e-12, 1.03913589972e-12], "dvar2": [0.00010593078332, 0.000200481095817, 1.18581701827e-05, 1.799358688e-05, 2.10713756132e-06, 4.99445889091e-07, 8.91981031259e-08, 6.04948056093e-08, 8.52001065255e-08, 6.66444748276e-08, 4.88199596305e-08, 2.21925844812e-07, 2.123366869e-07, 2.06260093449e-08, 3.15793151628e-08, 2.59111914147e-08, 1.92186941916e-08, 1.11897930921e-08, 5.94882143545e-09, 4.09442391103e-09, 2.7717570461e-09, 2.67962452227e-09, 7.56920304212e-10, 5.83587955738e-10, 3.36563693581e-10, 2.60334004354e-10, 1.17534496025e-10, 6.1015463515e-11, 4.3082534068e-11, 5.311337134e-11, 3.63813770776e-11, 3.92047297404e-11, 2.70710190375e-11, 1.42413138574e-11, 1.23465751511e-11, 6.52808536394e-12, 4.08487436585e-12, 2.58347466683e-12, 3.0340185659e-12, 1.9335210516e-12], "max": [0.0443469695747, 0.057027079165, 0.0206285621971, 0.0217754002661, 0.00663265725598, 0.00666177179664, 0.00430151307955, 0.00165037764236, 0.00359143968672, 0.0034513650462, 0.00409538019449, 0.0048605571501, 0.00815521460027, 0.00172734411899, 0.00272814650089, 0.00224975752644, 0.00173115660436, 0.00218710885383, 0.00131685100496, 0.00089340750128, 0.000673254369758, 0.000448327104095, 0.000304716901155, 0.00025772958179, 0.000139683805173, 0.000125852326164, 7.62248673709e-05, 6.81468154653e-05, 5.28077471245e-05, 7.0017966209e-05, 5.63331777812e-05, 5.80011364946e-05, 4.0335336962e-05, 4.24226091127e-05, 6.72190799378e-05, 3.10681425617e-05, 3.13603704853e-05, 2.92687182082e-05, 2.66866136371e-05, 2.88328392344e-05], "mean": [0.00576814636588, 0.00543288793415, 0.002101900056, 0.0011805932736, 0.000564381422009, 0.000368840701412, 0.000137779017678, 9.97458919301e-05, 0.00013129846775, 0.000161320727784, 0.000112058245577, 0.000210148733458, 0.000190740407561, 8.87960122782e-05, 9.34604904614e-05, 6.23486048426e-05, 6.32763403701e-05, 4.86567878397e-05, 3.52873576048e-05, 3.50360642187e-05, 5.13204504387e-05, 4.46211925009e-05, 2.64981808868e-05, 2.11778096855e-05, 2.1817846573e-05, 1.93532032426e-05, 1.2970735952e-05, 8.66337541083e-06, 6.60821842757e-06, 8.09527591628e-06, 7.03279647496e-06, 7.43198279451e-06, 5.78036224397e-06, 3.48256298821e-06, 2.98842064694e-06, 2.40712097366e-06, 1.64127152402e-06, 1.25287931496e-06, 1.41466284731e-06, 1.00552199456e-06], "median": [0.00274172239006, 0.0035835034214, 0.00176341657061, 0.000673417118378, 0.000326709268847, 0.0002033644123, 8.00692214398e-05, 5.9354948462e-05, 6.65435509291e-05, 0.000107058156573, 6.50462679914e-05, 6.85212362441e-05, 6.87523715897e-05, 5.26116746187e-05, 5.19775821886e-05, 3.43166211678e-05, 3.40403457812e-05, 2.71351709671e-05, 1.84869204531e-05, 2.50564044109e-05, 4.149130109e-05, 3.53260329575e-05, 2.28088556469e-05, 1.78982427315e-05, 1.89644670172e-05, 1.62276428455e-05, 1.08200083559e-05, 7.21190963304e-06, 5.6454150581e-06, 6.77428897689e-06, 6.31135117146e-06, 6.89947273713e-06, 5.22161781191e-06, 2.9840514344e-06, 2.42958321905e-06, 1.95415896087e-06, 1.24493726616e-06, 9.19580372738e-07, 1.03603099433e-06, 6.61337423935e-07], "min": [6.20935374352e-24, 4.30744244433e-24, 2.38596660583e-24, 4.36010719279e-24, 5.62656026725e-24, 7.03414410753e-24, 5.42476609782e-24, 2.97518850961e-24, 1.67821499837e-24, 2.57207210679e-24, 6.18628350634e-24, 1.97594905059e-24, 5.63215447436e-24, 4.27893064463e-24, 6.06089091002e-24, 6.56623560033e-24, 1.02355183658e-23, 5.10011236443e-24, 8.60090942886e-24, 8.13680283679e-24, 9.96563563945e-24, 6.12275022676e-24, 6.57013336206e-24, 7.18136685169e-24, 9.41322474651e-24, 6.47255679011e-24, 6.7367971888e-24, 8.54415009787e-24, 6.16303025344e-24, 4.83147367177e-24, 7.04862917147e-24, 7.99369873542e-24, 7.31909565485e-24, 8.61291352525e-24, 8.06407932766e-24, 8.22837302181e-24, 9.15093875072e-24, 8.75361712289e-24, 8.45209397453e-24, 9.15119276393e-24], "var": [5.314118971e-05, 5.46463779756e-05, 4.24964446211e-06, 4.23897063229e-06, 6.27455733593e-07, 2.61381842392e-07, 5.13602707031e-08, 1.98297431808e-08, 5.47658878247e-08, 3.94717645236e-08, 3.91177827908e-08, 1.89121863059e-07, 1.71560856188e-07, 1.46989753702e-08, 2.24886100852e-08, 1.54924002516e-08, 1.28238291097e-08, 7.64477814386e-09, 4.89491913669e-09, 2.0963744074e-09, 2.08277772806e-09, 1.60415192241e-09, 4.96166940867e-10, 3.62549434918e-10, 3.03661290557e-10, 2.5392093983e-10, 1.23342877578e-10, 5.93866553156e-11, 3.84991621916e-11, 5.31854005281e-11, 3.61660389137e-11, 3.75832628907e-11, 2.81788915119e-11, 1.23158349838e-11, 1.07096501806e-11, 7.15202983642e-12, 5.52065598097e-12, 3.39988367321e-12, 3.83114937344e-12, 2.80701872336e-12]}, "mfcc": {"mean": [-614.407165527, 109.987007141, -8.15096664429, 26.4959201813, 4.5847902298, 10.5054349899, 3.18010640144, 9.52066993713, 1.24535894394, -5.52814817429, -1.87599515915, -2.32234883308, -3.00955104828], "cov": [[11250.2324219, 7.88441419601, 1287.50341797, 1031.99401855, 1196.56481934, 1282.21508789, 972.132385254, 1088.95556641, 675.613525391, 576.762390137, 440.702667236, 249.405136108, 421.389678955], [7.88441419601, 1082.0534668, 284.569915771, 235.212997437, 207.576660156, 147.941772461, 83.8937530518, 101.681915283, 45.7542381287, 37.0879974365, 9.585272789, -37.251537323, -52.4013214111], [1287.50341797, 284.569915771, 1339.69165039, 329.103118896, 604.552185059, 455.41519165, 281.0574646, 340.039093018, 183.331741333, 210.609161377, 97.8555679321, -19.4940090179, 76.4775695801], [1031.99401855, 235.212997437, 329.103118896, 389.301391602, 269.911682129, 231.687744141, 179.013519287, 179.81980896, 133.849655151, 99.1773071289, 76.9914627075, 60.4281463623, 64.854309082], [1196.56481934, 207.576660156, 604.552185059, 269.911682129, 448.087432861, 337.670318604, 234.909088135, 258.984832764, 153.71913147, 159.179260254, 98.530632019, 23.8836250305, 68.8285140991], [1282.21508789, 147.941772461, 455.41519165, 231.687744141, 337.670318604, 365.675262451, 247.576263428, 252.316116333, 142.569839478, 142.992248535, 99.7421722412, 36.1470489502, 77.3341674805], [972.132385254, 83.8937530518, 281.0574646, 179.013519287, 234.909088135, 247.576263428, 258.272644043, 192.704971313, 112.474845886, 97.1554489136, 83.1763916016, 35.4928627014, 67.8436431885], [1088.95556641, 101.681915283, 340.039093018, 179.81980896, 258.984832764, 252.316116333, 192.704971313, 252.357025146, 141.563171387, 124.071159363, 77.806022644, 32.6623344421, 65.5838851929], [675.613525391, 45.7542381287, 183.331741333, 133.849655151, 153.71913147, 142.569839478, 112.474845886, 141.563171387, 127.372360229, 86.8709259033, 54.4078826904, 25.8525848389, 43.4666633606], [576.762390137, 37.0879974365, 210.609161377, 99.1773071289, 159.179260254, 142.992248535, 97.1554489136, 124.071159363, 86.8709259033, 115.229896545, 60.752948761, 16.1073951721, 36.7482299805], [440.702667236, 9.585272789, 97.8555679321, 76.9914627075, 98.530632019, 99.7421722412, 83.1763916016, 77.806022644, 54.4078826904, 60.752948761, 75.1297073364, 32.6842384338, 31.9150409698], [249.405136108, -37.251537323, -19.4940090179, 60.4281463623, 23.8836250305, 36.1470489502, 35.4928627014, 32.6623344421, 25.8525848389, 16.1073951721, 32.6842384338, 68.1508789062, 38.7775688171], [421.389678955, -52.4013214111, 76.4775695801, 64.854309082, 68.8285140991, 77.3341674805, 67.8436431885, 65.5838851929, 43.4666633606, 36.7482299805, 31.9150409698, 38.7775688171, 72.9660644531]], "icov": [[0.000182706455234, 9.64494538493e-05, 9.05949782464e-05, -0.000191334649571, -2.66176884907e-05, -0.00032082607504, 3.81885838578e-05, -0.000414249050664, -5.39774846402e-05, 6.80774683133e-05, -0.000138814153615, 0.00013507597032, -0.000222010392463], [9.64494538493e-05, 0.00139173911884, 0.000136242611916, -0.00112863606773, -0.000419907766627, -0.00043016471318, 0.000153535424033, -0.000677904579788, 0.000540760229342, 0.000389178865589, 0.000158046314027, 0.000770330021624, 0.00162476336118], [9.05949782464e-05, 0.000136242611916, 0.00220959307626, -0.000268305215286, -0.00284358719364, -0.000753784028348, 0.000634408730548, -0.000552169396542, 0.000649623572826, -0.000297723221593, 0.000702241086401, 0.00177285284735, -0.000601502193604], [-0.000191334649571, -0.00112863606773, -0.000268305215286, 0.00676715793088, -0.00209318799898, -0.000281797809293, -0.000899932987522, 0.00208807876334, -0.00406491337344, 0.00110908760689, 0.000785589392763, -0.00460277590901, -0.000240632391069], [-2.66176884907e-05, -0.000419907766627, -0.00284358719364, -0.00209318799898, 0.0133751248941, -0.00405940227211, -0.000851289136335, -0.00162082223687, 5.44412141608e-05, -0.00326298666187, -0.00139299558941, 0.000763829622883, 0.000441453710664], [-0.00032082607504, -0.00043016471318, -0.000753784028348, -0.000281797809293, -0.00405940227211, 0.0169293116778, -0.00580644141883, -0.00500324787572, 0.00277359574102, -0.00252656056546, -0.00174954754766, -9.67245869106e-05, -0.00119642866775], [3.81885838578e-05, 0.000153535424033, 0.000634408730548, -0.000899932987522, -0.000851289136335, -0.00580644141883, 0.0136072468013, -0.00381479342468, -0.00057568581542, 0.00419389456511, -0.00519881863147, 0.00251135486178, -0.0030713735614], [-0.000414249050664, -0.000677904579788, -0.000552169396542, 0.00208807876334, -0.00162082223687, -0.00500324787572, -0.00381479342468, 0.0223855674267, -0.0109424097463, -0.00385815440677, 0.00336982239969, -0.00247657066211, -0.000809959892649], [-5.39774846402e-05, 0.000540760229342, 0.000649623572826, -0.00406491337344, 5.44412141608e-05, 0.00277359574102, -0.00057568581542, -0.0109424097463, 0.0272517986596, -0.00872342009097, -0.000947515887674, 0.00107713660691, -0.000986952334642], [6.80774683133e-05, 0.000389178865589, -0.000297723221593, 0.00110908760689, -0.00326298666187, -0.00252656056546, 0.00419389456511, -0.00385815440677, -0.00872342009097, 0.0293862801045, -0.0128754740581, 0.00467404630035, -0.00191892811563], [-0.000138814153615, 0.000158046314027, 0.000702241086401, 0.000785589392763, -0.00139299558941, -0.00174954754766, -0.00519881863147, 0.00336982239969, -0.000947515887674, -0.0128754740581, 0.0337886326015, -0.0119418390095, 0.00307055911981], [0.00013507597032, 0.000770330021624, 0.00177285284735, -0.00460277590901, 0.000763829622883, -9.67245869106e-05, 0.00251135486178, -0.00247657066211, 0.00107713660691, 0.00467404630035, -0.0119418390095, 0.0302025713027, -0.0125444186851], [-0.000222010392463, 0.00162476336118, -0.000601502193604, -0.000240632391069, 0.000441453710664, -0.00119642866775, -0.0030713735614, -0.000809959892649, -0.000986952334642, -0.00191892811563, 0.00307055911981, -0.0125444186851, 0.0283117312938]]}, "spectral_contrast_coeffs": {"dmean": [0.0601512342691, 0.0464940145612, 0.0369822047651, 0.0283962357789, 0.0191002450883, 0.0162881929427], "dmean2": [0.102477654815, 0.0780967995524, 0.0610310435295, 0.0471851937473, 0.0319578684866, 0.0261278413236], "dvar": [0.0026015965268, 0.00142645719461, 0.000886002148036, 0.000525985611603, 0.000227314274525, 0.000213843319216], "dvar2": [0.00725750811398, 0.00391868408769, 0.002388559049, 0.00137809722219, 0.000615919998381, 0.000514319224749], "max": [-0.239476695657, -0.428405284882, -0.5242369771, -0.578772366047, -0.668220877647, -0.614382147789], "mean": [-0.645020782948, -0.759002745152, -0.78351265192, -0.798872709274, -0.792601108551, -0.730583488941], "median": [-0.653471946716, -0.773895978928, -0.792169392109, -0.804439485073, -0.792165279388, -0.725933134556], "min": [-0.967125415802, -0.966865360737, -0.96992379427, -0.971345841885, -0.964911341667, -0.963393330574], "var": [0.00627543497831, 0.00605023419484, 0.0033583000768, 0.0018863651203, 0.000784372445196, 0.00201587332413]}, "spectral_contrast_valleys": {"dmean": [0.397120833397, 0.378610193729, 0.292325645685, 0.230172917247, 0.188220798969, 0.215455725789], "dmean2": [0.671949446201, 0.645445644855, 0.49113586545, 0.380982160568, 0.301985621452, 0.325572758913], "dvar": [0.12990885973, 0.151723653078, 0.0962557420135, 0.0743614584208, 0.0798262953758, 0.099676862359], "dvar2": [0.337947696447, 0.375301212072, 0.206703588367, 0.144773110747, 0.142223328352, 0.193380340934], "max": [-5.13571929932, -4.46453762054, -5.30241632462, -5.81030368805, -5.85043907166, -7.8374838829], "mean": [-7.14438867569, -6.69981861115, -6.92713546753, -7.25288486481, -7.