{"lowlevel": {"average_loudness": 0.971160829067, "barkbands_crest": {"dmean": 1.47145473957, "dmean2": 1.84169840813, "dvar": 1.40775322914, "dvar2": 2.25926494598, "max": 26.4975528717, "mean": 17.6206245422, "median": 17.7123298645, "min": 6.21070766449, "var": 15.3771266937}, "barkbands_flatness_db": {"dmean": 0.0166149400175, "dmean2": 0.0262244027108, "dvar": 0.000161811767612, "dvar2": 0.000398469564971, "max": 0.607564389706, "mean": 0.489330530167, "median": 0.488046079874, "min": 0.063009403646, "var": 0.000965173938312}, "barkbands_kurtosis": {"dmean": 6.57680654526, "dmean2": 9.41595458984, "dvar": 72.6678695679, "dvar2": 161.503326416, "max": 237.811218262, "mean": 20.1221561432, "median": 15.7278804779, "min": -1.68190515041, "var": 355.684936523}, "barkbands_skewness": {"dmean": 0.530755937099, "dmean2": 0.783505678177, "dvar": 0.26631334424, "dvar2": 0.626778960228, "max": 13.6144561768, "mean": 2.75932264328, "median": 2.58710741997, "min": -2.03844547272, "var": 2.00068664551}, "barkbands_spread": {"dmean": 0.201794043183, "dmean2": 0.260457038879, "dvar": 0.0850174948573, "dvar2": 0.0931573882699, "max": 39.1607284546, "mean": 1.0608355999, "median": 0.840667724609, "min": 0.10569807142, "var": 0.665896773338}, "dissonance": {"dmean": 0.0555283166468, "dmean2": 0.0962394252419, "dvar": 0.00201551429927, "dvar2": 0.0060864193365, "max": 0.499999850988, "mean": 0.35124373436, "median": 0.355436712503, "min": 0.0772488340735, "var": 0.00449146516621}, "dynamic_complexity": 1.08028948307, "erbbands_crest": {"dmean": 1.41107165813, "dmean2": 1.89547932148, "dvar": 1.46098697186, "dvar2": 2.7377307415, "max": 33.1679000854, "mean": 16.337348938, "median": 16.2009658813, "min": 3.09515619278, "var": 9.85759067535}, "erbbands_flatness_db": {"dmean": 0.0121826371178, "dmean2": 0.0184843093157, "dvar": 9.04550033738e-05, "dvar2": 0.000206341501325, "max": 0.557069242001, "mean": 0.463245689869, "median": 0.459668546915, "min": 0.089068941772, "var": 0.000609709357377}, "erbbands_kurtosis": {"dmean": 2.95698928833, "dmean2": 4.1756939888, "dvar": 10.2540645599, "dvar2": 20.9489841461, "max": 92.8969421387, "mean": 8.96063995361, "median": 6.06829452515, "min": -1.72650825977, "var": 84.5634689331}, "erbbands_skewness": {"dmean": 0.403029203415, "dmean2": 0.555923521519, "dvar": 0.103689357638, "dvar2": 0.207743093371, "max": 8.08250808716, "mean": 2.03981733322, "median": 2.11304116249, "min": -1.12164509296, "var": 1.33276152611}, "erbbands_spread": {"dmean": 0.636738240719, "dmean2": 0.899956524372, "dvar": 0.536987125874, "dvar2": 1.14532363415, "max": 56.9737091064, "mean": 3.98383808136, "median": 3.7174050808, "min": 0.589931070805, "var": 4.39796113968}, "hfc": {"dmean": 1.58366513252, "dmean2": 1.9516800642, "dvar": 1.84844875336, "dvar2": 2.9269888401, "max": 29.6601276398, "mean": 11.8237524033, "median": 11.1249198914, "min": 1.14344868607e-16, "var": 14.1256923676}, "melbands_crest": {"dmean": 0.7955057621, "dmean2": 1.22299003601, "dvar": 0.472274750471, "dvar2": 1.02705419064, "max": 25.0371799469, "mean": 18.6106185913, "median": 18.2197093964, "min": 1.72910356522, "var": 5.43338775635}, "melbands_flatness_db": {"dmean": 0.0144635513425, "dmean2": 0.021775899455, "dvar": 0.000127030420117, "dvar2": 0.000278167659417, "max": 0.706144213676, "mean": 0.586323976517, "median": 0.584828257561, "min": 0.0030517897103, "var": 0.00103550602216}, "melbands_kurtosis": {"dmean": 4.29670095444, "dmean2": 6.37841463089, "dvar": 21.3739395142, "dvar2": 47.9352378845, "max": 150.732192993, "mean": 15.2199621201, "median": 13.4436149597, "min": -1.52183961868, "var": 139.412918091}, "melbands_skewness": {"dmean": 0.377789199352, "dmean2": 0.566953241825, "dvar": 0.11216776073, "dvar2": 0.267614066601, "max": 9.76935195923, "mean": 2.27059149742, "median": 2.20395445824, "min": -0.484829694033, "var": 0.96870136261}, "melbands_spread": {"dmean": 0.288331270218, "dmean2": 0.366025000811, "dvar": 1.91727221012, "dvar2": 1.87235999107, "max": 183.936126709, "mean": 1.61995410919, "median": 1.24547207355, "min": 0.381242334843, "var": 3.14597845078}, "pitch_salience": {"dmean": 0.0280576683581, "dmean2": 0.0429044179618, "dvar": 0.000492482737172, "dvar2": 0.00106657145079, "max": 0.943757236004, "mean": 0.419908821583, "median": 0.437741875648, "min": 0.0607901848853, "var": 0.00556372338906}, "silence_rate_20dB": {"dmean": 0, "dmean2": 0, "dvar": 0, "dvar2": 0, "max": 1, "mean": 1, "median": 1, "min": 1, "var": 0}, "silence_rate_30dB": {"dmean": 0, "dmean2": 0, "dvar": 0, "dvar2": 0, "max": 1, "mean": 1, "median": 1, "min": 1, "var": 0}, "silence_rate_60dB": {"dmean": 0.000537469284609, "dmean2": 0.00107497989666, "dvar": 0.000537128362339, "dvar2": 0.00122719828505, "max": 1, "mean": 0.00971246510744, "median": 0, "min": 0, "var": 0.00961914192885}, "spectral_centroid": {"dmean": 8.74608135223, "dmean2": 11.416349411, "dvar": 4176.56835938, "dvar2": 4180.23828125, "max": 11106.3339844, "mean": 334.294677734, "median": 328.971221924, "min": 265.1980896, "var": 6941.62890625}, "spectral_complexity": {"dmean": 0.933660924435, "dmean2": 1.63274085522, "dvar": 0.710953772068, "dvar2": 1.80611824989, "max": 11, "mean": 5.35283517838, "median": 5, "min": 0, "var": 1.45888066292}, "spectral_decrease": {"dmean": 1.19855714242e-09, "dmean2": 1.49585543952e-09, "dvar": 1.03622445619e-18, "dvar2": 1.66202557047e-18, "max": 6.71599276295e-29, "mean": -9.16217590685e-09, "median": -8.76359607105e-09, "min": -2.31566321673e-08, "var": 7.9690042546e-18}, "spectral_energy": {"dmean": 0.00466433074325, "dmean2": 0.00581883639097, "dvar": 1.57002523338e-05, "dvar2": 2.51649034908e-05, "max": 0.0900886431336, "mean": 0.0356526263058, "median": 0.0340606719255, "min": 1.01179343123e-20, "var": 0.000120535260066}, "spectral_energyband_high": {"dmean": 2.95974711406e-08, "dmean2": 4.99020558209e-08, "dvar": 7.33557002102e-16, "dvar2": 2.06959181068e-15, "max": 6.84058193201e-07, "mean": 1.3902413798e-07, "median": 1.23914674077e-07, "min": 7.34733485577e-21, "var": 5.37387474946e-15}, "spectral_energyband_low": {"dmean": 4.16543516621e-05, "dmean2": 7.22708573448e-05, "dvar": 1.89467352918e-09, "dvar2": 5.34296296095e-09, "max": 0.000549731252249, "mean": 6.2822306063e-05, "median": 4.9520876928e-05, "min": 5.07356995598e-23, "var": 2.45086395623e-09}, "spectral_energyband_middle_high": {"dmean": 5.75881276745e-05, "dmean2": 8.45350150485e-05, "dvar": 6.79055389696e-09, "dvar2": 1.14716725008e-08, "max": 0.00279243430123, "mean": 0.000176588233444, "median": 0.000112011148303, "min": 1.43444356645e-21, "var": 6.22096436587e-08}, "spectral_energyband_middle_low": {"dmean": 0.00466856127605, "dmean2": 0.00582438800484, "dvar": 1.5730258383e-05, "dvar2": 2.52370173257e-05, "max": 0.0900085344911, "mean": 0.0354706458747, "median": 0.0338845439255, "min": 2.73520163945e-22, "var": 0.000120658718515}, "spectral_entropy": {"dmean": 0.0952542498708, "dmean2": 0.143885940313, "dvar": 0.0056630494073, "dvar2": 0.0120106823742, "max": 9.79310703278, "mean": 4.44750022888, "median": 4.45714855194, "min": 3.6714015007, "var": 0.0461898036301}, "spectral_flux": {"dmean": 0.00877265166491, "dmean2": 0.0145130855963, "dvar": 5.53383397346e-05, "dvar2": 0.00015280599473, "max": 0.093766361475, "mean": 0.0322716124356, "median": 0.031187556684, "min": 1.00587940755e-10, "var": 0.000110225504613}, "spectral_kurtosis": {"dmean": 39.2322044373, "dmean2": 67.7480545044, "dvar": 1084.66589355, "dvar2": 3190.59570312, "max": 404.702789307, "mean": 174.19430542, "median": 172.6040802, "min": -1.19561970234, "var": 1941.43359375}, "spectral_rms": {"dmean": 0.000379146862542, "dmean2": 0.000475829001516, "dvar": 9.01732661873e-08, "dvar2": 1.5149245769e-07, "max": 0.00937503855675, "mean": 0.00581435346976, "median": 0.00576454028487, "min": 3.14183943619e-12, "var": 9.76696469479e-07}, "spectral_rolloff": {"dmean": 25.0696792603, "dmean2": 44.0759620667, "dvar": 29444.0449219, "dvar2": 34680.3085938, "max": 19013.8183594, "mean": 387.415588379, "median": 344.53125, "min": 236.865234375, "var": 38676.0625}, "spectral_skewness": {"dmean": 1.37741875648, "dmean2": 2.37869954109, "dvar": 1.55392885208, "dvar2": 4.35768556595, "max": 16.529176712, "mean": 10.6921615601, "median": 10.8709306717, "min": -0.0480961687863, "var": 2.9301533699}, "spectral_spread": {"dmean": 368465.78125, "dmean2": 648902.9375, "dvar": 123477467136, "dvar2": 268223119360, "max": 40935016, "mean": 820328, "median": 777178.6875, "min": 221327.421875, "var": 176235085824}, "spectral_strongpeak": {"dmean": 0.233900353312, "dmean2": 0.301667302847, "dvar": 0.0503511354327, "dvar2": 0.109777666628, "max": 3.7533416748, "mean": 1.93117415905, "median": 1.93187654018, "min": 0, "var": 0.307866066694}, "zerocrossingrate": {"dmean": 0.000810890283901, "dmean2": 0.0011142155854, "dvar": 1.83029915206e-05, "dvar2": 1.98602047021e-05, "max": 0.525390625, "mean": 0.0156512055546, "median": 0.01513671875, "min": 0.01123046875, "var": 2.51332057815e-05}, "barkbands": {"dmean": [3.55100769411e-06, 2.60675333266e-05, 2.15936597669e-05, 6.44876627121e-06, 0.00188993045595, 0.00414480501786, 0.000157240239787, 0.000257982843323, 0.000528887205292, 4.52383283118e-05, 1.98137695406e-05, 1.10298424261e-05, 2.86974991468e-05, 4.54249311588e-06, 1.29060151721e-06, 8.44796034016e-07, 5.478718208e-07, 2.4268788934e-07, 6.75544669093e-08, 2.42875461964e-08, 1.74207972492e-08, 8.21586354505e-09, 2.71841016364e-09, 1.93457294628e-09, 1.52635837303e-09, 1.27400134886e-09, 1.32509114792e-09], "dmean2": [6.04067645327e-06, 4.52835301985e-05, 3.78547265427e-05, 1.12242869363e-05, 0.002472237451, 0.00468560121953, 0.000201030052267, 0.000312257354381, 0.000709738116711, 5.90886847931e-05, 3.06249094137e-05, 1.82066705747e-05, 4.68683938379e-05, 7.59691920393e-06, 2.24464770326e-06, 1.44345324316e-06, 9.65736603575e-07, 4.26802671427e-07, 1.16445448839e-07, 4.18034638017e-08, 2.94442763504e-08, 1.38642146652e-08, 4.67711958052e-09, 3.34743432973e-09, 2.67326760728e-09, 2.28825336457e-09, 2.39713981998e-09], "dvar": [3.9439517624e-11, 7.96002486148e-10, 6.30450136541e-10, 9.16526091133e-11, 2.98971872326e-06, 1.527519089e-05, 6.12155801605e-08, 6.60007458464e-07, 6.48554930649e-07, 2.95431856756e-08, 7.72861052933e-10, 7.96871180153e-10, 1.34727529133e-09, 8.07060807073e-11, 7.31458990599e-12, 4.38348142506e-12, 8.69040462422e-13, 3.50041556071e-13, 9.5186852107e-15, 9.03188161163e-16, 3.56318570595e-16, 7.75411745527e-17, 6.38605601331e-18, 2.99300601517e-18, 1.86136834328e-18, 1.53792852285e-18, 1.74131631225e-18], "dvar2": [9.48108258569e-11, 2.21298002145e-09, 1.76743675251e-09, 2.62739080492e-10, 5.51680432181e-06, 2.05171782e-05, 1.55405402325e-07, 9.57755560194e-07, 1.11853159979e-06, 4.94790555194e-08, 1.71164749041e-09, 2.34012254019e-09, 3.40722872139e-09, 2.203958821e-10, 2.11461386596e-11, 1.23058507828e-11, 2.65168117498e-12, 1.05587999281e-12, 2.72248196887e-14, 2.57626129699e-15, 1.00057503312e-15, 2.16425123655e-16, 1.86477231557e-17, 8.60914361422e-18, 5.3349423061e-18, 4.30499284204e-18, 4.81356250779e-18], "max": [0.000238018503296, 0.000316061428748, 0.000319543294609, 0.000238367225393, 0.0491689443588, 0.0795961990952, 0.00847123470157, 0.0254355482757, 0.0163890253752, 0.00611825007945, 0.000744408927858, 0.000759511312936, 0.000505498668645, 0.000232529142522, 5.10112877237e-05, 3.83300648537e-05, 1.38513169077e-05, 1.16007749966e-05, 1.45819296904e-06, 5.73173224439e-07, 6.36500203655e-07, 2.45358791062e-07, 4.38200942199e-08, 2.41976270132e-08, 1.3679981592e-08, 1.00121146929e-08, 1.02127231116e-08], "mean": [4.61037006971e-06, 3.13108830596e-05, 2.46176041401e-05, 8.01336136647e-06, 0.0131142027676, 0.0192286614329, 0.000563345267437, 0.000836072780658, 0.0015915564727, 0.000132780012791, 3.21870247717e-05, 2.59153875959e-05, 4.75271008327e-05, 7.63401749282e-06, 1.59655792231e-06, 1.11967608518e-06, 8.29979853734e-07, 3.7858760038e-07, 1.2417275741e-07, 6.25237177587e-08, 6.95322057709e-08, 3.08606153965e-08, 7.82199727212e-09, 5.26106358478e-09, 3.80148712509e-09, 1.89741977685e-09, 1.19843535096e-09], "median": [1.44585942508e-06, 2.19587891479e-05, 1.65285091498e-05, 4.9987793318e-06, 0.0104012712836, 0.0165271554142, 0.000374160066713, 7.04628328094e-05, 0.000544985057786, 1.37658626045e-05, 2.08522342291e-05, 4.64108006781e-06, 2.90220614261e-05, 3.09411666422e-06, 6.0707651528e-07, 3.6147469018e-07, 4.7335021236e-07, 1.65510186889e-07, 8.66261871124e-08, 5.02037345029e-08, 4.84881681473e-08, 2.21489369068e-08, 7.15351555769e-09, 4.74045913634e-09, 3.52256890324e-09, 1.52250900776e-09, 7.26334825618e-10], "min": [1.84055567013e-24, 2.10446222289e-23, 1.83817228468e-23, 2.77202030226e-23, 2.79542706749e-23, 5.91647572182e-23, 2.49191488525e-23, 2.86507465018e-23, 9.33059062006e-23, 9.35618694762e-23, 5.37249428097e-23, 5.50556501827e-23, 7.69353006124e-23, 8.65627168719e-23, 1.07935003522e-22, 1.52492884053e-22, 2.48400863726e-22, 1.69163584951e-22, 2.57752790825e-22, 3.21682154315e-22, 4.5158204942e-22, 3.84366278778e-22, 4.70559947585e-22, 7.95859628685e-22, 1.22649437922e-21, 1.94067577892e-21, 2.14970932804e-21], "var": [9.56944939956e-11, 9.09246178349e-10, 6.85557888236e-10, 1.02405653402e-10, 6.44074534648e-05, 0.000180940129212, 3.93267185927e-07, 7.05554066371e-06, 5.39343818673e-06, 2.80602080238e-07, 1.4045453689e-09, 2.76891842788e-09, 2.94416202529e-09, 1.53728405006e-10, 8.56712617514e-12, 5.54986612222e-12, 1.0957000281e-12, 4.49872533973e-13, 1.34688030314e-14, 2.00376570398e-15, 4.43698981771e-15, 7.03955159359e-16, 1.42311676373e-17, 6.90943676152e-18, 2.84597507488e-18, 1.52504766636e-18, 1.58925146095e-18]}, "erbbands": {"dmean": [0.000438960443716, 0.00704589160159, 0.0235600359738, 0.0233233235776, 0.277373582125, 8.90848064423, 20.9071140289, 31.577753067, 4.49284029007, 6.08453607559, 3.72787714005, 14.0862054825, 3.01618456841, 0.352714955807, 0.630478978157, 0.651711344719, 1.32136237621, 0.305648833513, 0.053850159049, 0.106593422592, 0.0308519024402, 0.0233934875578, 0.0186790022999, 0.00528699764982, 0.00213600764982, 0.00133741868194, 0.000791806261986, 0.000516190484632, 0.000296573969536, 0.0002055142686, 7.59646936785e-05, 4.53947795904e-05, 2.96857015201e-05, 1.84224263649e-05, 1.04960436147e-05, 5.52940127818e-06, 2.61470677287e-06, 8.36051015085e-07, 2.14325291381e-06, 5.16079717272e-06], "dmean2": [0.000755355285946, 0.0122749945149, 0.041262447834, 0.0398984290659, 0.383173704147, 11.7539625168, 30.1237792969, 33.7118873596, 4.77862215042, 8.34625530243, 5.1379160881, 18.2685775757, 3.7142829895, 0.510394752026, 0.966035604477, 1.07468497753, 2.15049982071, 0.496169686317, 0.090761564672, 0.185545414686, 0.0529572665691, 0.0412679947913, 0.0328981913626, 0.0091750016436, 0.00368226296268, 0.0023036908824, 0.0013411664404, 0.000872429984156, 0.000500291294884, 0.000346463755704, 0.00013063622464, 7.80456975917e-05, 5.11999569426e-05, 3.16762052535e-05, 1.79283106263e-05, 9.17463330552e-06, 4.1772300392e-06, 1.45708668242e-06, 2.61942705038e-06, 6.42896566205e-06], "dvar": [2.43586327997e-07, 5.84596527915e-05, 0.000713893678039, 0.000938068667892, 0.0653808638453, 67.5627670288, 337.395843506, 917.459533691, 27.1951999664, 334.608825684, 37.5661621094, 488.663543701, 57.0595054626, 0.332182109356, 1.15844368935, 1.95683884621, 2.87300395966, 0.290742695332, 0.00473961560056, 0.0353227369487, 0.00314144254662, 0.00137242348865, 0.00147603172809, 0.000121981182019, 9.40949030337e-06, 2.66219444711e-06, 7.71473821715e-07, 2.72714316907e-07, 9.08165063152e-08, 8.36896489886e-08, 5.74899683414e-09, 1.67402636198e-09, 7.00461466607e-10, 2.58853660728e-10, 8.71678215719e-11, 2.52021077618e-11, 5.62044811733e-12, 6.53837498466e-13, 3.3034441068e-12, 1.92246982222e-11], "dvar2": [6.65149059387e-07, 0.000162716693012, 0.00199767691083, 0.00268204859458, 0.133685365319, 126.359184265, 668.078918457, 1163.90197754, 32.9598503113, 647.458007812, 62.5129127502, 787.06463623, 96.8259506226, 0.584572911263, 2.5220310688, 5.7441072464, 7.24350595474, 0.787617743015, 0.0128085333854, 0.101807937026, 0.00883504003286, 0.00420362269506, 0.00444995146245, 0.000364037667168, 2.66593342531e-05, 7.61549108574e-06, 2.18447007683e-06, 7.72387295456e-07, 2.54607385841e-07, 2.33950046891e-07, 1.67768554604e-08, 4.79463135861e-09, 2.00466909739e-09, 7.33605454162e-10, 2.38641190142e-10, 6.54929790955e-11, 1.36608467594e-11, 1.75048094509e-12, 5.11627936198e-12, 3.0744816415e-11], "max": [0.00639650179073, 0.091904386878, 0.38705393672, 0.782640635967, 5.85163116455, 216.668304443, 344.120910645, 650.163024902, 107.529098511, 551.460083008, 176.652832031, 436.310241699, 246.768508911, 19.1747016907, 34.9876708984, 37.2193183899, 24.1997299194, 13.0352745056, 1.74911642075, 3.48267889023, 1.04169714451, 0.51292514801, 0.758614718914, 0.26198220253, 0.0466368868947, 0.0270617399365, 0.0297006592155, 0.0111748343334, 0.00750730885193, 0.0110797444358, 0.00131554086693, 0.000561763474252, 0.000399266165914, 0.000198796420591, 0.000115094568173, 7.07289073034e-05, 3.69839508494e-05, 8.99929364095e-06, 4.19142852479e-05, 9.97035749606e-05], "mean": [0.000582959328312, 0.00850902590901, 0.029527284205, 0.058675698936, 1.50599765778, 58.4237861633, 126.436927795, 157.078903198, 20.0586662292, 18.5155696869, 11.7811098099, 44.4070396423, 9.6709280014, 0.940790057182, 1.1635915041, 1.62099504471, 2.29643797874, 0.609793245792, 0.102474465966, 0.135627374053, 0.0482557304204, 0.0378628149629, 0.030621111393, 0.00993826054037, 0.00463326927274, 0.00357294268906, 0.0029142156709, 0.00197640364058, 0.0010309520876, 0.000857516948599, 0.000246961455559, 0.000142874239828, 9.69468237599e-05, 6.68171269353e-05, 4.32107808592e-05, 2.57988995145e-05, 1.31206925289e-05, 2.25437770496e-06, 1.66271274793e-05, 3.94767375838e-05], "median": [0.000416671333369, 0.00596067029983, 0.0210006665438, 0.0485982969403, 1.21599936485, 46.76612854, 122.078330994, 134.837768555, 15.4464941025, 2.59314703941, 5.02750492096, 14.8154306412, 2.41866278648, 0.503274261951, 0.789288818836, 0.586893796921, 1.45721232891, 0.320952683687, 0.072435952723, 0.0676807761192, 0.0279122889042, 0.0245180446655, 0.0173188596964, 0.00636800192297, 0.0035123557318, 0.00284128356725, 0.00191774428822, 0.00165190640837, 0.000941242557019, 0.000444219418569, 0.00022385767079, 0.000130574480863, 9.01245366549e-05, 6.38241472188e-05, 4.17443116021e-05, 2.46586114372e-05, 1.24007583509e-05, 2.00628983293e-06, 1.58641705639e-05, 3.76993411919e-05], "min": [2.6523548361e-22, 6.16662702372e-21, 2.25637131958e-20, 5.21014184477e-20, 1.25198658321e-19, 5.66461555282e-20, 2.77381525036e-19, 5.29359454581e-19, 3.04108506109e-19, 4.31415402242e-19, 1.01838734025e-18, 2.02913111805e-18, 2.15124262201e-18, 3.11471137344e-18, 2.54902075049e-18, 2.3325384852e-18, 3.44794935501e-18, 5.00913902387e-18, 3.38740593803e-18, 6.6238030242e-18, 8.81582792516e-18, 1.35852537298e-17, 1.11131533317e-17, 8.59141217061e-18, 1.5903850913e-17, 1.46055876329e-17, 1.39564626102e-17, 1.89078201732e-17, 1.42431369408e-17, 1.48244546599e-17, 1.39826759638e-17, 1.38710835089e-17, 1.41075107532e-17, 1.19240417949e-17, 1.05422853853e-17, 6.33390103492e-18, 4.08300693054e-18, 1.20066765177e-18, 2.59440080947e-19, 3.35952491075e-20], "var": [2.9808279578e-07, 6.60101140966e-05, 0.000790890713688, 0.00131789688021, 0.791948676109, 1203.79833984, 2060.99951172, 11788.1337891, 253.453704834, 2706.76220703, 368.202819824, 4243.92822266, 494.683868408, 2.85115337372, 2.07526159286, 7.05852127075, 6.29061746597, 0.617999911308, 0.00931516289711, 0.0409265644848, 0.00405918247998, 0.00171824847348, 0.00183768931311, 0.000170955856447, 1.59212504514e-05, 6.45848649583e-06, 9.00214308786e-06, 1.62623484812e-06, 2.72622571629e-07, 1.45732099099e-06, 1.4474440313e-08, 4.16631840139e-09, 1.55652335465e-09, 5.21721166269e-10, 1.76890335712e-10, 6.3261888783e-11, 1.79438599396e-11, 1.00752262436e-12, 2.60950983044e-11, 1.47546475038e-10]}, "gfcc": {"mean": [-223.181671143, 221.658065796, -84.3684844971, -53.823425293, -66.3758087158, -49.5434913635, -41.9139976501, -39.7252998352, -18.5479202271, -10.1669464111, 3.81091427803, -0.0897553935647, 10.8920278549], "cov": [[1281.49633789, 205.619018555, -129.806564331, -39.9799690247, -20.1771755219, -18.4428863525, 37.3439025879, 82.7585525513, 64.6679153442, -62.6976318359, -70.1601104736, -52.113899231, 11.4949731827], [205.619018555, 105.631980896, -4.26205825806, -10.4096488953, 8.72868442535, 2.67093086243, 22.9795856476, 15.6742391586, 10.9424667358, -9.0857963562, -11.4162473679, -10.5622797012, 5.52964353561], [-129.806564331, -4.26205825806, 145.276428223, 21.6891822815, -11.6893548965, -18.1037979126, -27.5143070221, -37.7592964172, 2.19938731194, 43.9444160461, 46.4704742432, 26.986661911, 1.27204716206], [-39.9799690247, -10.4096488953, 21.6891822815, 70.2900543213, 32.4423484802, 17.3467464447, 9.31744003296, 1.59729540348, -1.72233819962, -7.16717147827, -6.70509958267, -3.6339495182, -0.923529267311], [-20.1771755219, 8.72868442535, -11.6893548965, 32.4423484802, 77.3955612183, 41.2607269287, 5.71174192429, -9.70035171509, -19.1461429596, -12.6494970322, -2.44954586029, 2.46270847321, 2.49962830544], [-18.4428863525, 2.67093086243, -18.1037979126, 17.3467464447, 41.2607269287, 73.6249084473, 32.3745155334, -9.62010288239, -16.624710083, -14.0916576385, -11.6706113815, -6.40258741379, -6.03616046906], [37.3439025879, 22.9795856476, -27.5143070221, 9.31744003296, 5.71174192429, 32.3745155334, 69.445022583, 36.9476509094, -23.0079460144, -30.5637893677, -22.5551319122, -3.98400425911, 17.891544342], [82.7585525513, 15.6742391586, -37.7592964172, 1.59729540348, -9.70035171509, -9.62010288239, 36.9476509094, 102.279212952, 31.4098587036, -39.7058258057, -36.6502952576, -15.0430793762, 17.5263195038], [64.6679153442, 10.9424667358, 2.19938731194, -1.72233819962, -19.1461429596, -16.624710083, -23.0079460144, 31.4098587036, 77.2316894531, 26.3758850098, -9.00295639038, -15.1513252258, -15.0538396835], [-62.6976318359, -9.0857963562, 43.9444160461, -7.16717147827, -12.6494970322, -14.0916576385, -30.5637893677, -39.7058258057, 26.3758850098, 84.0955657959, 52.9339866638, 9.5856552124, -17.9201278687], [-70.1601104736, -11.4162473679, 46.4704742432, -6.70509958267, -2.44954586029, -11.6706113815, -22.5551319122, -36.6502952576, -9.00295639038, 52.9339866638, 73.0727005005, 37.888671875, -8.33006858826], [-52.113899231, -10.5622797012, 26.986661911, -3.6339495182, 2.46270847321, -6.40258741379, -3.98400425911, -15.0430793762, -15.1513252258, 9.5856552124, 37.888671875, 54.9727478027, 22.0342998505], [11.4949731827, 5.52964353561, 1.27204716206, -0.923529267311, 2.49962830544, -6.03616046906, 17.891544342, 17.5263195038, -15.0538396835, -17.9201278687, -8.33006858826, 22.0342998505, 51.8621673584]], "icov": [[0.00145111524034, -0.00279437075369, 0.00147384381853, -0.000579468964133, 0.00106547796167, -5.12639530825e-08, 0.000401751254685, 0.000696137954947, -0.0016094406601, 0.00187190785073, -0.00181149761193, 0.00116969982628, -0.00110365136061], [-0.00279437075369, 0.0232975184917, -0.00642301281914, 0.0111836409196, -0.0155926365405, 0.0132468659431, -0.0254549197853, 0.0141889406368, -0.018993023783, 0.0130938561633, -0.0109972199425, 0.0111512495205, -0.00272096111439], [0.00147384381853, -0.00642301281914, 0.0135603379458, -0.00912300962955, 0.0082488078624, -0.00323739694431, 0.00801132526249, -0.000360433914466, 0.00227221287787, -0.00260030291975, -0.0043118824251, -0.00182278605644, -0.00371030741371], [-0.000579468964133, 0.0111836409196, -0.00912300962955, 0.0284189190716, -0.0206075888127, 0.0117293931544, -0.022392321378, 0.0111857056618, -0.0169946178794, 0.0120794828981, -0.0057545141317, 0.00860800500959, 0.00062850426184], [0.00106547796167, -0.0155926365405, 0.0082488078624, -0.0206075888127, 0.0407645106316, -0.0304416194558, 0.0370088331401, -0.0195291489363, 0.0268712360412, -0.0152278896421, 0.0093890670687, -0.0109996153042, -0.00209899083711], [-5.12639530825e-08, 0.0132468659431, -0.00323739694431, 0.0117293931544, -0.0304416194558, 0.0484798625112, -0.0492308922112, 0.0308718681335, -0.0321688130498, 0.0227385330945, -0.0142338471487, 0.0123707652092, 0.00351383909583], [0.000401751254685, -0.0254549197853, 0.00801132526249, -0.022392321378, 0.0370088331401, -0.0492308922112, 0.0901749134064, -0.0559585057199, 0.066378891468, -0.0464158840477, 0.0394182652235, -0.0284639894962, 0.0039719035849], [0.000696137954947, 0.0141889406368, -0.000360433914466, 0.0111857056618, -0.0195291489363, 0.0308718681335, -0.0559585057199, 0.0592180639505, -0.0610452517867, 0.051371332258, -0.0420728474855, 0.0311971846968, -0.0176132805645], [-0.0016094406601, -0.018993023783, 0.00227221287787, -0.0169946178794, 0.0268712360412, -0.0321688130498, 0.066378891468, -0.0610452517867, 0.0890951827168, -0.0706414431334, 0.0646171420813, -0.0416341200471, 0.0242341980338], [0.00187190785073, 0.0130938561633, -0.00260030291975, 0.0120794828981, -0.0152278896421, 0.0227385330945, -0.0464158840477, 0.051371332258, -0.0706414431334, 0.0874403044581, -0.0795513987541, 0.0500551052392, -0.0238347295672], [-0.00181149761193, -0.0109972199425, -0.0043118824251, -0.0057545141317, 0.0093890670687, -0.0142338471487, 0.0394182652235, -0.0420728474855, 0.0646171420813, -0.0795513987541, 0.109056435525, -0.0721565559506, 0.0395293422043], [0.00116969982628, 0.0111512495205, -0.00182278605644, 0.00860800500959, -0.0109996153042, 0.0123707652092, -0.0284639894962, 0.0311971846968, -0.0416341200471, 0.0500551052392, -0.0721565559506, 0.0764139816165, -0.0388479121029], [-0.00110365136061, -0.00272096111439, -0.00371030741371, 0.00062850426184, -0.00209899083711, 0.00351383909583, 0.0039719035849, -0.0176132805645, 0.0242341980338, -0.0238347295672, 0.0395293422043, -0.0388479121029, 0.0466638207436]]}, "melbands": {"dmean": [5.62221202927e-06, 1.08910426206e-05, 3.65795926882e-06, 0.000271310913377, 0.000655256561004, 0.000734929810278, 5.22857444594e-05, 7.055370952e-05, 4.25911748607e-05, 8.25824026833e-05, 1.2266232261e-05, 1.05348863144e-06, 2.71440148936e-06, 1.2703168295e-06, 2.95954487228e-06, 2.02238175007e-06, 5.39349343853e-07, 1.06450642079e-07, 9.3426685055e-08, 1.32782986384e-07, 2.69998476909e-08, 2.13200692656e-08, 3.36658878552e-08, 9.38127175942e-09, 4.33315028303e-09, 2.37707808992e-09, 9.51408063443e-10, 8.59192161862e-10, 4.36358144063e-10, 5.52830836664e-10, 3.35491634473e-10, 2.02790270687e-10, 1.58318802512e-10, 9.63930324449e-11, 5.00310036455e-11, 3.46886547264e-11, 2.73103727133e-11, 2.23069410166e-11, 1.86568677174e-11, 1.53938511244e-11], "dmean2": [9.71836834651e-06, 1.89758975466e-05, 6.28707493888e-06, 0.000358532677637, 0.000915697542951, 0.000783234718256, 6.34064344922e-05, 9.2921560281e-05, 6.20626233285e-05, 0.000105435145088, 1.51693229782e-05, 1.56304599841e-06, 4.18060608354e-06, 2.04426441996e-06, 4.95500944453e-06, 3.20539061249e-06, 8.99518738606e-07, 1.80480355993e-07, 1.62491119227e-07, 2.29598882129e-07, 4.67349536848e-08, 3.75484887627e-08, 5.95721267871e-08, 1.64513362932e-08, 7.53550821742e-09, 4.10314093813e-09, 1.63924529506e-09, 1.47873036038e-09, 7.45006445424e-10, 9.34906818628e-10, 5.66904745369e-10, 3.42823519572e-10, 2.68491839872e-10, 1.63283733756e-10, 8.62767912668e-11, 5.98414442998e-11, 4.72069813795e-11, 3.86607482139e-11, 3.24169580068e-11, 2.67669757886e-11], "dvar": [3.72323873121e-11, 1.40838438134e-10, 2.11359870578e-11, 6.24349496547e-08, 2.98531858789e-07, 4.88956231948e-07, 4.00695698843e-09, 4.59288180821e-08, 4.10582368104e-09, 1.83055171021e-08, 1.2864714849e-09, 2.25917591926e-12, 1.50205802657e-11, 7.17843839926e-12, 1.598542132e-11, 9.67973617927e-12, 1.27462710525e-12, 1.69077584913e-14, 3.74362745122e-14, 5.84946045594e-14, 2.61734451251e-15, 1.28512452856e-15, 3.14612854676e-15, 2.97587661842e-16, 1.00814172402e-16, 1.6096919831e-17, 1.5005642576e-18, 9.63057022284e-19, 1.95463864421e-19, 5.28195404664e-19, 1.35831754902e-19, 4.90977414666e-20, 3.40628711099e-20, 1.50367605936e-20, 3.04091222558e-21, 1.04951983438e-21, 6.08340399051e-22, 4.00536084556e-22, 2.62146531497e-22, 1.80442882257e-22], "dvar2": [1.02777203415e-10, 3.95887295168e-10, 6.08338379671e-11, 1.17758673923e-07, 5.87645899941e-07, 6.10450115346e-07, 5.90039350712e-09, 8.16624563527e-08, 9.02799346392e-09, 2.77940213067e-08, 2.20924767369e-09, 4.15217816727e-12, 3.34551587822e-11, 2.04180197055e-11, 4.32998532862e-11, 2.33033887326e-11, 3.47085684846e-12, 4.58373980048e-14, 1.08265440612e-13, 1.65637428361e-13, 7.71282367265e-15, 3.9018488012e-15, 9.54148056138e-15, 8.8786978207e-16, 3.00731927552e-16, 4.55304296649e-17, 4.26271977684e-18, 2.75417974038e-18, 5.61183677685e-19, 1.47103659807e-18, 3.79677297029e-19, 1.35226711058e-19, 9.66723720069e-20, 4.20696466285e-20, 8.97214052985e-21, 3.02039023001e-21, 1.74894335048e-21, 1.15611011405e-21, 7.59369220372e-22, 5.21131510434e-22], "max": [6.38961209916e-05, 0.000155674642883, 0.000115508155432, 0.0062577240169, 0.0110181095079, 0.0148834036663, 0.00119723076932, 0.00653319712728, 0.0014430670999, 0.00277085532434, 0.00121300248429, 4.09085878346e-05, 0.000102168305602, 6.42085869913e-05, 6.83361213305e-05, 6.76182826282e-05, 2.96971265925e-05, 2.542095217e-06, 3.63901040146e-06, 3.81816289519e-06, 1.14808437957e-06, 5.86719409057e-07, 7.11945517651e-07, 3.52135856474e-07, 2.35210279698e-07, 5.85816621879e-08, 2.7429342353e-08, 1.61360702577e-08, 1.0534828121e-08, 2.61715200622e-08, 8.031103782e-09, 6.26324814235e-09, 5.66661828572e-09, 4.66507987795e-09, 1.13424380999e-09, 5.35949229441e-10, 3.38887501394e-10, 3.04225394876e-10, 1.68816238766e-10, 1.4751666555e-10], "mean": [7.24367919247e-06, 1.39715402838e-05, 5.65199979974e-06, 0.00164027628489, 0.00482226489112, 0.00356537406333, 0.000195945583982, 0.000211986145587, 0.000123541598441, 0.000260193512077, 3.69477529603e-05, 2.15266572923e-06, 4.40998701379e-06, 3.04640821014e-06, 5.2048148973e-06, 3.74191722585e-06, 9.12363191219e-07, 1.63173226042e-07, 1.17851840287e-07, 1.64355100196e-07, 4.09079881081e-08, 3.36888490438e-08, 4.87786628867e-08, 1.47994629884e-08, 7.09339698091e-09, 4.33253521948e-09, 2.30490249109e-09, 2.17198148356e-09, 1.38916222969e-09, 2.00121785809e-09, 1.02591690698e-09, 6.06742656117e-10, 5.42380806934e-10, 3.66822905384e-10, 1.30044017221e-10, 9.03025432208e-11, 6.99842753193e-11, 5.5823852485e-11, 4.61399668472e-11, 3.76198065755e-11], "median": [5.24377355759e-06, 1.02856783997e-05, 4.32039905718e-06, 0.0013013483258, 0.0046750777401, 0.00305942678824, 0.000143397541251, 1.77861784323e-05, 5.0804374041e-05, 8.4561361291e-05, 4.24816880695e-06, 1.04011803614e-06, 2.8327756354e-06, 8.45817680784e-07, 3.14427325065e-06, 1.93628170564e-06, 3.28807487904e-07, 1.04999912764e-07, 4.83897473202e-08, 6.76883615824e-08, 2.31141221718e-08, 1.94009750487e-08, 2.67581210522e-08, 8.81303119371e-09, 3.54481421994e-09, 2.7313433737e-09, 1.85457338375e-09, 1.74786662921e-09, 1.06635722474e-09, 9.91961623953e-10, 8.1470674651e-10, 5.25597121381e-10, 3.17167347941e-10, 1.95828089855e-10, 1.12136536168e-10, 8.04691799305e-11, 6.217380083e-11, 5.02211709719e-11, 4.23527497795e-11, 3.48356794799e-11], "min": [4.60783515501e-24, 1.05812697896e-23, 1.23002221568e-23, 6.40256826174e-24, 8.13905819012e-24, 1.14435562902e-23, 4.84399565534e-24, 5.39229106094e-24, 9.80252365893e-24, 1.27346999221e-23, 1.05757603851e-23, 1.31207700269e-23, 8.91564520852e-24, 6.45383238767e-24, 6.10947488102e-24, 8.38637712796e-24, 9.39251872547e-24, 4.10043469318e-24, 9.41144902062e-24, 9.6976201469e-24, 9.74583926973e-24, 1.22555465971e-23, 1.57439960163e-23, 7.22621359415e-24, 6.38867997108e-24, 1.10648872785e-23, 1.01400338529e-23, 9.81882468068e-24, 7.41577055879e-24, 1.36837043243e-23, 9.6308485933e-24, 7.23091678287e-24, 9.0768528788e-24, 8.50817409628e-24, 8.7419096382e-24, 7.16367506817e-24, 8.76814399646e-24, 1.04053143647e-23, 8.3403944258e-24, 1.04501445411e-23], "var": [4.52513165827e-11, 1.62192606568e-10, 2.60111897299e-11, 1.02947728919e-06, 2.33672426475e-06, 6.28449561191e-06, 2.94117175059e-08, 4.08759774473e-07, 2.97316624653e-08, 1.5781084528e-07, 1.14602602963e-08, 1.50896829754e-11, 2.71819476649e-11, 2.91051870105e-11, 3.28801118277e-11, 2.94734757433e-11, 2.39087742659e-12, 2.98071876697e-14, 4.37317926826e-14, 7.08972675489e-14, 3.49925764126e-15, 1.73982822591e-15, 3.91356369037e-15, 3.90118864489e-16, 1.40288971621e-16, 2.67409707655e-17, 2.9087950997e-18, 2.3109368703e-18, 1.19371695648e-18, 7.66736953551e-18, 5.67301453797e-19, 1.5373401131e-19, 4.13521857081e-19, 2.54409633751e-19, 6.47675189877e-21, 2.33417868257e-21, 1.37226093033e-21, 8.13779822148e-22, 4.84111795387e-22, 2.90356172224e-22]}, "mfcc": {"mean": [-870.126159668, 243.405548096, 40.4972991943, -18.8688793182, -13.1286249161, -21.2499084473, -27.7667827606, -28.4230651855, -29.8470230103, -24.0759983063, -8.97437667847, -3.42276597023, -11.2046251297], "cov": [[444.974945068, 274.404663086, -113.890052795, -46.2445716858, 13.1872215271, -24.6475543976, 12.3079376221, 59.3737564087, 62.3166885376, 23.6926727295, 14.0635662079, 16.5125904083, -30.9130039215], [274.404663086, 215.291351318, -17.86668396, -38.8716468811, 1.18646168709, -6.38341522217, -3.30187058449, 17.4152412415, 21.9045600891, 12.9264802933, 16.6324481964, 16.566400528, -3.18684744835], [-113.890052795, -17.86668396, 110.420021057, 26.698102951, -15.8642921448, 9.21317768097, -14.0998773575, -37.5103683472, -29.1920547485, -2.94957089424, 4.70498561859, 7.72546100616, 35.8507041931], [-46.2445716858, -38.8716468811, 26.698102951, 64.9970397949, 26.2598304749, -13.9971446991, -3.61074924469, 5.46702766418, 9.20674991608, 15.3002939224, 3.54265260696, -3.30631828308, 4.32517528534], [13.1872215271, 1.18646168709, -15.8642921448, 26.2598304749, 67.4990386963, 27.7702541351, -5.68510198593, 3.95091032982, 4.18594789505, 16.1009693146, 16.4448013306, -12.2723617554, -16.8005218506], [-24.6475543976, -6.38341522217, 9.21317768097, -13.9971446991, 27.7702541351, 79.6798553467, 36.3167724609, -13.3284235001, -20.2201194763, -12.0027799606, 0.279620975256, -1.56077814102, -4.06264829636], [12.3079376221, -3.30187058449, -14.0998773575, -3.61074924469, -5.68510198593, 36.3167724609, 84.9697570801, 54.6389503479, 6.41256952286, -18.2743911743, -19.1550159454, -14.985165596, -29.4926929474], [59.3737564087, 17.4152412415, -37.5103683472, 5.46702766418, 3.95091032982, -13.3284235001, 54.6389503479, 99.7627563477, 53.4129219055, -4.39646339417, -18.667011261, -27.9910564423, -48.1794395447], [62.3166885376, 21.9045600891, -29.1920547485, 9.20674991608, 4.18594789505, -20.2201194763, 6.41256952286, 53.4129219055, 74.8266220093, 30.7489280701, -14.4533863068, -15.0462408066, -19.1070613861], [23.6926727295, 12.9264802933, -2.94957089424, 15.3002939224, 16.1009693146, -12.0027799606, -18.2743911743, -4.39646339417, 30.7489280701, 79.100440979, 35.8660812378, -37.5941696167, -21.4906787872], [14.0635662079, 16.6324481964, 4.70498561859, 3.54265260696, 16.4448013306, 0.279620975256, -19.1550159454, -18.667011261, -14.4533863068, 35.8660812378, 64.133026123, 13.7907171249, -15.4428720474], [16.5125904083, 16.566400528, 7.72546100616, -3.30631828308, -12.2723617554, -1.56077814102, -14.985165596, -27.9910564423, -15.0462408066, -37.5941696167, 13.7907171249, 108.700698853, 66.7997512817], [-30.9130039215, -3.18684744835, 35.8507041931, 4.32517528534, -16.8005218506, -4.06264829636, -29.4926929474, -48.1794395447, -19.1070613861, -21.4906787872, -15.4428720474, 66.7997512817, 108.181098938]], "icov": [[-1133.19299316, 1574.76074219, -1492.26928711, 1362.69726562, -1194.81481934, 1001.22015381, -795.675109863, 594.065124512, -411.964874268, 258.90713501, -145.156570435, 65.8948669434, -20.4139575958], [1574.76074219, -2188.38452148, 2073.74804688, -1893.67346191, 1660.37023926, -1391.33483887, 1105.69458008, -825.526184082, 572.466247559, -359.77456665, 201.700820923, -91.5623397827, 28.3627471924], [-1492.26928711, 2073.74804688, -1965.08374023, 1794.42993164, -1573.33117676, 1318.37976074, -1047.69812012, 782.208618164, -542.408996582, 340.87387085, -191.095550537, 86.7406311035, -26.8686561584], [1362.69726562, -1893.67346191, 1794.42993164, -1638.53417969, 1436.6184082, -1203.78564453, 956.595581055, -714.160644531, 495.187683105, -311.17364502, 174.414733887, -79.1511154175, 24.5022468567], [-1194.81481934, 1660.37023926, -1573.33117676, 1436.6184082, -1259.52246094, 1055.35510254, -838.596984863, 626.019287109, -434.030548096, 272.698760986, -152.816925049, 69.323600769, -21.447227478], [1001.22015381, -1391.33483887, 1318.37976074, -1203.78564453, 1055.35510254, -884.212341309, 702.550476074, -524.401367188, 363.521972656, -228.343490601, 127.908828735, -57.9911956787, 17.925113678], [-795.675109863, 1105.69458008, -1047.69812012, 956.595581055, -838.596984863, 702.550476074, -558.124755859, 416.531616211, -288.674133301, 181.266998291, -101.474578857, 45.9671440125, -14.1851835251], [594.065124512, -825.526184082, 782.208618164, -714.160644531, 626.019287109, -524.401367188, 416.531616211, -310.762420654, 215.294250488, -135.117095947, 75.5813674927, -34.1926460266, 10.538433075], [-411.964874268, 572.466247559, -542.408996582, 495.187683105, -434.030548096, 363.521972656, -288.674133301, 215.294250488, -149.04119873, 93.4569702148, -52.1979904175, 23.5667533875, -7.23290061951], [258.90713501, -359.77456665, 340.87387085, -311.17364502, 272.698760986, -228.343490601, 181.266998291, -135.117095947, 93.4569702148, -58.5014305115, 32.6053237915, -14.6696233749, 4.47630643845], [-145.156570435, 201.700820923, -191.095550537, 174.414733887, -152.816925049, 127.908828735, -101.474578857, 75.5813674927, -52.1979904175, 32.6053237915, -18.0871315002, 8.09965133667, -2.4399638176], [65.8948669434, -91.5623397827, 86.7406311035, -79.1511154175, 69.323600769, -57.9911956787, 45.9671440125, -34.1926460266, 23.5667533875, -14.6696233749, 8.09965133667, -3.58300304413, 1.0601375103], [-20.4139575958, 28.3627471924, -26.8686561584, 24.5022468567, -21.447227478, 17.925113678, -14.1851835251, 10.538433075, -7.23290061951, 4.47630643845, -2.4399638176, 1.0601375103, -0.286626189947]]}, "spectral_contrast_coeffs": {"dmean": [0.0325810611248, 0.0306886509061, 0.0301940459758, 0.0285478066653, 0.017257289961, 0.0324972867966], "dmean2": [0.0546565540135, 0.0486968234181, 0.0464547947049, 0.0470482632518, 0.0297980085015, 0.0567362271249], "dvar": [0.000614965043496, 0.000545065267943, 0.000543053727597, 0.000478134548757, 0.000177923982847, 0.000560126500204], "dvar2": [0.00170027383137, 0.00136342213955, 0.00129263987765, 0.00129731139168, 0.000524794566445, 0.00160954077728], "max": [-0.219469040632, -0.287734031677, -0.397233784199, -0.544402182102, -0.720350265503, -0.744000792503], "mean": [-0.402295589447, -0.492742598057, -0.659629762173, -0.702838599682, -0.815408349037, -0.837585151196], "median": [-0.405139684677, -0.4916446805, -0.662008881569, -0.703389167786, -0.816710650921, -0.834486842155], "min": [-0.986443638802, -0.980715334415, -0.975121319294, -0.96600663662, -0.952321529388, -0.957804143429], "var": [0.00223064492457, 0.00318420282565, 0.00569916795939, 0.00147537654266, 0.000532201840542, 0.000949067645706]}, "spectral_contrast_valleys": {"dmean": [0.409201771021, 0.268772006035, 0.279107838869, 0.197647660971, 0.145242318511, 0.545245110989], "dmean2": [0.6975902915, 0.437851279974, 0.455517500639, 0.333162546158, 0.244251862168, 0.952592968941], "dvar": [0.103805728257, 0.0516840405762, 0.0521557889879, 0.0294292476028, 0.0185480769724, 0.163870021701], "dvar2": [0.290248662233, 0.12428574264, 0.127271071076, 0.0718210488558, 0.040503680706, 0.463515996933], "max": [-7.57091474533, -6.16662836075, -7.86708164215, -9.69068241119, -10.6629505157, -12.4432554245], "mean": [-9.0231094