{"lowlevel": {"average_loudness": 0.9584030509, "barkbands_crest": {"dmean": 2.99665117264, "dmean2": 4.31732845306, "dvar": 11.0887203217, "dvar2": 20.4307765961, "max": 26.7357215881, "mean": 15.2877407074, "median": 14.0755319595, "min": 2.94968247414, "var": 48.0982933044}, "barkbands_flatness_db": {"dmean": 0.0368452854455, "dmean2": 0.0479116477072, "dvar": 0.00212800502777, "dvar2": 0.00384867331013, "max": 0.686856329441, "mean": 0.203170582652, "median": 0.187099486589, "min": 0.0333046242595, "var": 0.0112423477694}, "barkbands_kurtosis": {"dmean": 29.5581760406, "dmean2": 38.7846260071, "dvar": 9091.44335938, "dvar2": 14987.6992188, "max": 2478.54077148, "mean": 55.1211662292, "median": 10.5892677307, "min": -1.96203136444, "var": 28718.6347656}, "barkbands_skewness": {"dmean": 1.45876288414, "dmean2": 1.82967889309, "dvar": 4.91747808456, "dvar2": 8.26323509216, "max": 45.1740036011, "mean": 3.99693965912, "median": 2.82293868065, "min": -8.71325969696, "var": 24.7406806946}, "barkbands_spread": {"dmean": 11.009390831, "dmean2": 15.046207428, "dvar": 257.440612793, "dvar2": 451.110778809, "max": 126.793022156, "mean": 24.4155445099, "median": 13.7606477737, "min": 0.0733134672046, "var": 713.026977539}, "dissonance": {"dmean": 0.0156399402767, "dmean2": 0.0256836861372, "dvar": 0.00039572318201, "dvar2": 0.00102657231037, "max": 0.5, "mean": 0.468786656857, "median": 0.475956112146, "min": 0.156465053558, "var": 0.000932727882173}, "dynamic_complexity": 3.80321073532, "erbbands_crest": {"dmean": 2.26330518723, "dmean2": 3.40059542656, "dvar": 6.24247932434, "dvar2": 11.4664516449, "max": 32.2115516663, "mean": 9.44100856781, "median": 7.90393543243, "min": 2.30736541748, "var": 30.38489151}, "erbbands_flatness_db": {"dmean": 0.0167615581304, "dmean2": 0.0227966364473, "dvar": 0.000444738165243, "dvar2": 0.000799304689281, "max": 0.371547073126, "mean": 0.130977928638, "median": 0.109643444419, "min": 0.0425631850958, "var": 0.00420680595562}, "erbbands_kurtosis": {"dmean": 1.63727176189, "dmean2": 2.42127394676, "dvar": 26.6535644531, "dvar2": 54.8365592957, "max": 146.880264282, "mean": 1.53100907803, "median": -0.449929952621, "min": -1.93768382072, "var": 59.494758606}, "erbbands_skewness": {"dmean": 0.446973115206, "dmean2": 0.615793645382, "dvar": 0.413391113281, "dvar2": 0.691911458969, "max": 11.1467485428, "mean": 0.305515408516, "median": 0.436031281948, "min": -5.40966892242, "var": 1.95490157604}, "erbbands_spread": {"dmean": 14.7344055176, "dmean2": 21.0062007904, "dvar": 332.489868164, "dvar2": 660.653015137, "max": 207.780715942, "mean": 70.549697876, "median": 69.0828704834, "min": 1.73755407333, "var": 1403.63830566}, "hfc": {"dmean": 19.0328979492, "dmean2": 28.0519065857, "dvar": 909.462585449, "dvar2": 1781.75915527, "max": 551.850769043, "mean": 42.4818115234, "median": 23.8941631317, "min": 1.22633919794e-16, "var": 2935.64135742}, "melbands_crest": {"dmean": 3.47876119614, "dmean2": 5.19634580612, "dvar": 13.6992378235, "dvar2": 30.4498538971, "max": 37.2065048218, "mean": 20.5154247284, "median": 20.2344112396, "min": 1.66532993317, "var": 82.3557739258}, "melbands_flatness_db": {"dmean": 0.0422719940543, "dmean2": 0.0547033809125, "dvar": 0.00269669108093, "dvar2": 0.00494643812999, "max": 0.812227070332, "mean": 0.275124400854, "median": 0.249892875552, "min": 0.00405270932242, "var": 0.0157849285752}, "melbands_kurtosis": {"dmean": 56.8495864868, "dmean2": 76.3167877197, "dvar": 19845.5585938, "dvar2": 41448.4453125, "max": 2618.22460938, "mean": 127.930038452, "median": 36.064666748, "min": -1.91536343098, "var": 61396.9882812}, "melbands_skewness": {"dmean": 1.78416097164, "dmean2": 2.31626462936, "dvar": 6.85885620117, "dvar2": 13.2845821381, "max": 41.5448989868, "mean": 6.70308589935, "median": 4.973695755, "min": -3.89331007004, "var": 36.7281341553}, "melbands_spread": {"dmean": 8.93583583832, "dmean2": 13.3462238312, "dvar": 322.503631592, "dvar2": 684.758544922, "max": 299.885375977, "mean": 20.062707901, "median": 9.58157634735, "min": 0.102898307145, "var": 988.626159668}, "pitch_salience": {"dmean": 0.0839803144336, "dmean2": 0.126946270466, "dvar": 0.0109843732789, "dvar2": 0.02391971834, "max": 0.961786806583, "mean": 0.434871047735, "median": 0.445439875126, "min": 0.0107523230836, "var": 0.0498823970556}, "silence_rate_20dB": {"dmean": 0, "dmean2": 0, "dvar": 0, "dvar2": 0, "max": 1, "mean": 1, "median": 1, "min": 1, "var": 0}, "silence_rate_30dB": {"dmean": 0.0988409519196, "dmean2": 0.197713732719, "dvar": 0.0890682563186, "dvar2": 0.158936053514, "max": 1, "mean": 0.633993268013, "median": 1, "min": 0, "var": 0.232045933604}, "silence_rate_60dB": {"dmean": 0.0148100452498, "dmean2": 0.0296248588711, "dvar": 0.0145905977115, "dvar2": 0.0326165743172, "max": 1, "mean": 0.0750040262938, "median": 0, "min": 0, "var": 0.0693809613585}, "spectral_centroid": {"dmean": 348.024719238, "dmean2": 509.474517822, "dvar": 262096.40625, "dvar2": 459394.25, "max": 11030.5322266, "mean": 1560.71350098, "median": 1058.62683105, "min": 57.6234359741, "var": 1630577.375}, "spectral_complexity": {"dmean": 3.7923374176, "dmean2": 5.68314266205, "dvar": 23.3058071136, "dvar2": 44.2134170532, "max": 52, "mean": 13.2497987747, "median": 12, "min": 0, "var": 91.4739074707}, "spectral_decrease": {"dmean": 7.30967864015e-09, "dmean2": 9.6375689651e-09, "dvar": 7.9980305186e-17, "dvar2": 1.70706626206e-16, "max": 5.48718107627e-16, "mean": -2.27040857226e-08, "median": -1.3417998268e-08, "min": -8.89851818897e-08, "var": 4.4967380395e-16}, "spectral_energy": {"dmean": 0.0281701143831, "dmean2": 0.0376057997346, "dvar": 0.0011324158404, "dvar2": 0.00246391282417, "max": 0.337702870369, "mean": 0.0895439907908, "median": 0.0561560504138, "min": 1.08043100437e-20, "var": 0.00641679670662}, "spectral_energyband_high": {"dmean": 0.0018756845966, "dmean2": 0.00275408267044, "dvar": 9.24253345147e-06, "dvar2": 1.78687587322e-05, "max": 0.0504732988775, "mean": 0.00356639083475, "median": 0.00118886854034, "min": 8.03562182684e-21, "var": 3.13840719173e-05}, "spectral_energyband_low": {"dmean": 0.0268348697573, "dmean2": 0.0350887104869, "dvar": 0.00121421262156, "dvar2": 0.00253820209764, "max": 0.334940940142, "mean": 0.0719554871321, "median": 0.0267416425049, "min": 2.55678559961e-23, "var": 0.0063196006231}, "spectral_energyband_middle_high": {"dmean": 0.000873980403412, "dmean2": 0.00132954772562, "dvar": 2.36188111558e-06, "dvar2": 5.29301360075e-06, "max": 0.0338409766555, "mean": 0.00201399042271, "median": 0.00120542827062, "min": 1.40609788823e-21, "var": 6.85018403601e-06}, "spectral_energyband_middle_low": {"dmean": 0.00527258962393, "dmean2": 0.00874823797494, "dvar": 7.33269844204e-05, "dvar2": 0.000198122448637, "max": 0.128540977836, "mean": 0.0143441744149, "median": 0.0103335734457, "min": 3.5035362577e-22, "var": 0.000201452814508}, "spectral_entropy": {"dmean": 0.215694740415, "dmean2": 0.286070793867, "dvar": 0.0925095304847, "dvar2": 0.153894796968, "max": 9.7925453186, "mean": 7.8059630394, "median": 7.86002492905, "min": 4.80537748337, "var": 0.376410841942}, "spectral_flux": {"dmean": 0.0432667732239, "dmean2": 0.0592878386378, "dvar": 0.00228702486493, "dvar2": 0.00409738672897, "max": 0.449440747499, "mean": 0.115452907979, "median": 0.0981483235955, "min": 1.03943784135e-10, "var": 0.00665912684053}, "spectral_kurtosis": {"dmean": 0.82588416338, "dmean2": 1.23525524139, "dvar": 2.18959283829, "dvar2": 4.51934909821, "max": 35.0252304077, "mean": 1.75084090233, "median": 1.31202697754, "min": -1.22248232365, "var": 5.45697069168}, "spectral_rms": {"dmean": 0.00142579793464, "dmean2": 0.00187343661673, "dvar": 2.35990842157e-06, "dvar2": 4.3025679588e-06, "max": 0.0181512050331, "mean": 0.00820246618241, "median": 0.0074017830193, "min": 3.2466583675e-12, "var": 2.00794675038e-05}, "spectral_rolloff": {"dmean": 990.134094238, "dmean2": 1672.50817871, "dvar": 4101349.25, "dvar2": 8673823, "max": 19702.8808594, "mean": 2186.3059082, "median": 387.59765625, "min": 64.599609375, "var": 13211996}, "spectral_skewness": {"dmean": 0.173206776381, "dmean2": 0.248833164573, "dvar": 0.0518430136144, "dvar2": 0.0901473760605, "max": 4.67286872864, "mean": 1.10551476479, "median": 1.08391213417, "min": -0.415663391352, "var": 0.241060376167}, "spectral_spread": {"dmean": 1000596.875, "dmean2": 1365668.75, "dvar": 1486674853890.0, "dvar2": 2548318601220.0, "max": 40397676, "mean": 7357056, "median": 7053098.5, "min": 1696970.75, "var": 4850148442110.0}, "spectral_strongpeak": {"dmean": 0.384878069162, "dmean2": 0.624282836914, "dvar": 2.0882935524, "dvar2": 4.96476507187, "max": 34.2759284973, "mean": 0.874249517918, "median": 0.660947501659, "min": 0, "var": 2.77152252197}, "zerocrossingrate": {"dmean": 0.0219025425613, "dmean2": 0.0237021204084, "dvar": 0.000675532617606, "dvar2": 0.000702432414982, "max": 0.7685546875, "mean": 0.0887574777007, "median": 0.05517578125, "min": 0.001953125, "var": 0.011169356294}, "barkbands": {"dmean": [0.00107209617272, 0.0255604851991, 0.00561798317358, 0.00272259861231, 0.00215139030479, 0.00100772292353, 0.000432903994806, 0.000595414778218, 0.00058929779334, 0.000362539023627, 9.88961110124e-05, 5.84721747146e-05, 3.58054785465e-05, 5.77403770876e-05, 9.66719671851e-05, 6.73797912896e-05, 0.000138534407597, 0.000113193054858, 0.000145461614011, 0.000120961660286, 0.000201215458219, 0.000341823440976, 0.000338881684002, 0.000476212851936, 0.000374113587895, 0.000334107637173, 4.51169798907e-05], "dmean2": [0.00110931694508, 0.0329895056784, 0.00991328805685, 0.00471518654376, 0.00351749057882, 0.00164300843608, 0.000698753690813, 0.000852707773447, 0.00085632543778, 0.000532282574568, 0.000158338894835, 9.42721380852e-05, 5.88769762544e-05, 9.1360474471e-05, 0.000163132106536, 0.000115178081614, 0.000240126973949, 0.000185919139767, 0.000220772970351, 0.000182349307579, 0.000320895487675, 0.000531444442458, 0.000499888090417, 0.000719137315173, 0.000583759858273, 0.000503279268742, 7.03210025677e-05], "dvar": [2.48432866101e-06, 0.00122099672444, 0.000188957972568, 2.76946666418e-05, 1.28483497974e-05, 3.32099943989e-06, 7.21518119917e-07, 1.53287317062e-06, 3.41341865351e-06, 9.84444113783e-07, 1.83435076906e-07, 4.58712641205e-08, 1.76919439099e-08, 5.98403957497e-08, 7.21556858707e-08, 3.32287193316e-08, 1.175551958e-07, 3.1510509757e-08, 5.91926188065e-08, 7.56414308967e-08, 1.01893412818e-07, 2.52627842201e-07, 3.24785787598e-07, 6.6682605393e-07, 8.46278965128e-07, 4.43868600541e-07, 1.9886185143e-08], "dvar2": [2.81598363472e-06, 0.00246660644189, 0.000527644529939, 7.97506581875e-05, 3.5540699173e-05, 8.44195255922e-06, 1.82702933671e-06, 3.05540970658e-06, 6.63557739244e-06, 1.93288542505e-06, 3.81878209055e-07, 1.01662045893e-07, 3.88288619035e-08, 1.40484075928e-07, 1.75642810518e-07, 8.28732922287e-08, 3.22913052742e-07, 7.65941479131e-08, 1.24570235016e-07, 1.78528907213e-07, 2.45667422405e-07, 6.07101014793e-07, 6.29480496173e-07, 1.34712786348e-06, 2.2444651222e-06, 9.24295193272e-07, 4.5731020748e-08], "max": [0.0211317371577, 0.316647201777, 0.115108639002, 0.071916885674, 0.0444013513625, 0.035189319402, 0.0139719955623, 0.0300080627203, 0.0553402230144, 0.0271594841033, 0.0152665525675, 0.00888742599636, 0.00424888497218, 0.00601265765727, 0.00954287312925, 0.00514808483422, 0.00377111067064, 0.00231514824554, 0.00537577923387, 0.00647135591134, 0.00551747577265, 0.0049760309048, 0.012263763696, 0.0162173360586, 0.0242200884968, 0.0153210014105, 0.00473313080147], "mean": [0.00258071394637, 0.0616656281054, 0.00551035581157, 0.00353275006637, 0.00454566441476, 0.0024546328932, 0.000784855161328, 0.00124114414211, 0.00151100521907, 0.000776482746005, 0.000203182498808, 8.96432757145e-05, 5.01592658111e-05, 9.09498921828e-05, 0.000139665862662, 9.11420429475e-05, 0.000174714368768, 0.000185357566806, 0.000225017691264, 0.000225957395742, 0.000358373858035, 0.000551269971766, 0.000686214130837, 0.000890967203304, 0.000509860401507, 0.000390628207242, 7.74504514993e-05], "median": [0.000292944081593, 0.0178424566984, 0.00238988827914, 0.00185123365372, 0.00225646048784, 0.00130291783717, 0.000402399513405, 0.000332388153765, 0.000147949074744, 0.000203132542083, 3.01662112179e-05, 3.05267785734e-05, 2.06564236578e-05, 2.73234654742e-05, 5.56720005989e-05, 4.02375408157e-05, 9.89538457361e-05, 0.000120299118862, 0.000124027923448, 0.000101867262856, 0.000238535620156, 0.00027616386069, 0.00015082655591, 0.000196009365027, 9.67459418462e-05, 3.86366991734e-05, 7.08366542312e-06], "min": [3.68486237387e-24, 8.30303318446e-24, 9.56119454195e-24, 1.28765607787e-23, 8.36239638753e-23, 2.56142283955e-23, 7.20438833726e-23, 8.76329802392e-23, 5.24565901582e-23, 7.61292867156e-23, 6.64154870316e-23, 1.001288399e-22, 9.04440387433e-23, 1.34938848267e-22, 7.79885750712e-23, 1.40871852203e-22, 1.86495502749e-22, 1.72961943899e-22, 1.92910418656e-22, 4.1622588425e-22, 4.33325460423e-22, 5.26189913751e-22, 7.28729559891e-22, 7.41119245185e-22, 1.00595350783e-21, 1.83350459471e-21, 2.76906161948e-21], "var": [1.36880616992e-05, 0.00565313640982, 0.000128582352772, 2.63942256424e-05, 3.28012065438e-05, 1.17274930744e-05, 1.25334599943e-06, 5.03100181959e-06, 1.88738085853e-05, 3.52423785444e-06, 8.32589762467e-07, 6.2940280543e-08, 2.14768611784e-08, 1.10756033678e-07, 1.07850404163e-07, 5.24277155023e-08, 9.66113233858e-08, 4.71668251123e-08, 1.05107623938e-07, 1.34960600917e-07, 1.71766700419e-07, 4.94178607369e-07, 1.86022202797e-06, 2.66801021098e-06, 1.55290479142e-06, 1.01278089915e-06, 1.15015886593e-07]}, "erbbands": {"dmean": [1.07915365696, 5.24921035767, 6.70594644547, 7.95679521561, 7.15981674194, 7.61443090439, 9.91266345978, 7.86259841919, 6.19497251511, 9.34203052521, 12.7891530991, 16.8081302643, 8.17988967896, 10.3572187424, 4.23714351654, 2.71695303917, 1.70723676682, 3.05874943733, 4.69150161743, 4.01803827286, 4.24691390991, 7.19419717789, 5.11046028137, 8.58352851868, 6.65025997162, 5.42877244949, 5.12344312668, 11.3757505417, 10.6392307281, 11.9251251221, 10.007314682, 11.8522224426, 6.07399225235, 3.13922166824, 3.64079260826, 1.42319297791, 0.77722299099, 0.090795584023, 0.00679378537461, 0.000238690161495], "dmean2": [1.18146109581, 7.40033435822, 10.9220676422, 13.7410163879, 11.9549818039, 12.5499153137, 15.3244018555, 13.3968744278, 9.59701251984, 14.8620634079, 17.766702652, 24.0662593842, 11.8923139572, 15.3242950439, 6.81767272949, 4.31560230255, 2.77905058861, 4.82162857056, 7.64529180527, 6.8986954689, 7.26697206497, 12.568148613, 8.10543632507, 14.0535984039, 9.74201202393, 8.02698421478, 7.76217889786, 18.4886074066, 16.8409614563, 18.6757678986, 14.3799209595, 17.8341693878, 9.09338665009, 4.75709104538, 5.85851860046, 2.1587703228, 1.20959711075, 0.133639901876, 0.0107184853405, 0.000376921816496], "dvar": [1.9945152998, 60.4420890808, 228.158279419, 264.500946045, 165.628295898, 198.473114014, 431.889862061, 204.981231689, 138.442611694, 386.866943359, 928.327270508, 2786.90014648, 672.577209473, 765.441711426, 301.365447998, 112.531219482, 35.5667800903, 164.9896698, 255.105606079, 71.1931304932, 101.103973389, 353.238098145, 55.9325447083, 208.899536133, 164.327926636, 118.321281433, 66.8350906372, 363.506439209, 224.203994751, 355.33404541, 278.737335205, 403.423858643, 113.636039734, 55.9733886719, 81.3145294189, 14.2899866104, 1.90552580357, 0.0280260406435, 0.00091880641412, 1.20656659419e-06], "dvar2": [2.93644285202, 133.661575317, 595.822631836, 757.412597656, 476.758728027, 549.774047852, 954.587646484, 598.372009277, 320.102630615, 946.713989258, 1793.10791016, 5444.09765625, 1235.67919922, 1611.18261719, 691.81427002, 246.45513916, 77.6519622803, 384.377075195, 612.754211426, 185.912277222, 271.271087646, 970.527954102, 127.231201172, 487.240325928, 379.543029785, 261.917541504, 159.667510986, 907.475280762, 525.963623047, 842.96697998, 539.699035645, 866.465942383, 219.501617432, 141.011520386, 204.49395752, 32.4259262085, 4.11599969864, 0.0541164949536, 0.00223262235522, 3.0157088986e-06], "max": [14.3342561722, 60.4472999573, 132.164428711, 228.02671814, 192.481430054, 191.38822937, 556.145385742, 239.789916992, 208.286254883, 433.428955078, 813.919250488, 1566.60437012, 829.987609863, 680.127258301, 589.710571289, 450.208740234, 180.54234314, 321.217956543, 607.256225586, 190.417266846, 146.706283569, 196.972106934, 82.333152771, 217.383239746, 271.415405273, 255.241485596, 151.750656128, 346.950378418, 157.912918091, 279.206451416, 363.188873291, 349.736480713, 199.198501587, 193.363754272, 228.74520874, 105.674446106, 18.1789398193, 3.6098742485, 0.935021579266, 0.0491237156093], "mean": [2.53981471062, 10.6730279922, 8.00035476685, 10.5119123459, 11.1395778656, 15.2702074051, 23.5274353027, 16.5535507202, 14.4011745453, 15.6490526199, 29.3768634796, 44.2108688354, 18.7600307465, 20.6401596069, 9.31155490875, 4.55997419357, 2.58510732651, 4.99940729141, 6.96543359756, 5.7355017662, 6.03250980377, 8.8994436264, 9.46484851837, 12.690290451, 10.8897237778, 10.2945165634, 10.7948513031, 17.7018947601, 18.3081893921, 19.3391532898, 20.4793281555, 22.2794589996, 11.153178215, 5.54171609879, 4.15997123718, 1.88452982903, 0.793012499809, 0.10723207891, 0.0127370171249, 0.000638617959339], "median": [0.569607913494, 3.60512137413, 3.34945368767, 6.16185331345, 5.45823478699, 7.04514837265, 9.29251766205, 9.95963096619, 6.95359897614, 6.25252151489, 8.38468456268, 4.88869524002, 5.58943128586, 4.98606538773, 1.60483717918, 1.57460272312, 1.17075705528, 1.55028688908, 2.5701186657, 2.75006246567, 3.31471633911, 4.87382888794, 6.80540466309, 7.09882164001, 5.93406629562, 4.91990470886, 7.06097555161, 10.6692781448, 9.99291133881, 6.58333587646, 4.37023305893, 4.87951850891, 2.48762750626, 1.18826389313, 0.654498517513, 0.188756123185, 0.0722806304693, 0.011783064343, 0.0011778838234, 0.000183950221981], "min": [2.31006619606e-22, 2.36698681439e-21, 1.07711242684e-20, 2.79170484056e-20, 1.7591616483e-19, 2.77107340512e-19, 1.883374191e-19, 2.68761243228e-19, 9.79775583234e-19, 9.88952014757e-19, 2.1475269267e-18, 1.38460832157e-18, 1.81608516782e-18, 2.43736025999e-18, 3.44360086653e-18, 4.28341459499e-18, 4.68484575985e-18, 6.6717935618e-18, 5.13343407785e-18, 5.16947888663e-18, 8.50112954265e-18, 1.08530314988e-17, 1.17994444064e-17, 9.52610227456e-18, 1.062833533e-17, 1.9555297452e-17, 2.18659768624e-17, 1.34769129219e-17, 1.58538908583e-17, 2.23654864189e-17, 2.12727957189e-17, 1.49086682637e-17, 1.35996326104e-17, 1.04045697394e-17, 7.8026119113e-18, 5.7743658765e-18, 3.41225630479e-18, 1.82191575717e-18, 3.65367770366e-19, 3.58322427519e-20], "var": [11.2956199646, 181.78213501, 203.29977417, 229.481750488, 225.044586182, 456.911712646, 1615.19567871, 515.210876465, 442.435913086, 653.881347656, 3189.8059082, 15253.6259766, 2485.37158203, 2469.45947266, 1379.26977539, 161.820144653, 44.7215499878, 311.900665283, 387.515075684, 95.5784683228, 107.672813416, 283.262451172, 106.730285645, 283.021911621, 287.680633545, 233.163787842, 150.589202881, 486.38961792, 499.839019775, 939.609436035, 1657.97460938, 1635.1529541, 428.955627441, 211.553710938, 115.961860657, 36.1735038757, 2.88088130951, 0.0702354237437, 0.00409206701443, 1.02097001218e-05]}, "gfcc": {"mean": [-9.00798416138, 41.4383468628, -63.0701408386, 54.5977973938, -60.6991424561, 21.7226524353, -25.272769928, 21.1753959656, -10.4395580292, 4.08561658859, -16.0545558929, 6.57302522659, -7.16987085342], "cov": [[25516.3984375, 5010.95703125, 1996.49597168, 458.428833008, -385.738250732, -505.311950684, -903.51953125, 149.847045898, -970.426696777, 151.318344116, -741.578491211, 266.302429199, -268.889678955], [5010.95703125, 4473.36865234, 839.081542969, 232.500930786, 433.397979736, -275.127990723, 166.659408569, -38.0325965881, 102.523536682, -69.8935241699, -30.8895664215, -54.104675293, 184.437423706], [1996.49597168, 839.081542969, 1282.64306641, 388.298095703, 429.209197998, 140.551437378, 75.7689437866, 73.05834198, -7.72179174423, 34.9602470398, -55.8917732239, 74.9040374756, -22.0287494659], [458.428833008, 232.500930786, 388.298095703, 612.183227539, 343.005096436, 191.865737915, 99.3268356323, 49.1500434875, 77.3400039673, -0.650576770306, 63.0660209656, 19.028886795, 27.9958953857], [-385.738250732, 433.397979736, 429.209197998, 343.005096436, 644.948913574, 203.205154419, 228.472137451, 54.6181945801, 128.324676514, 21.5466632843, 105.673240662, 39.1301727295, 76.5116043091], [-505.311950684, -275.127990723, 140.551437378, 191.865737915, 203.205154419, 337.439666748, 210.162612915, 101.694885254, 109.889152527, 27.8984699249, 57.3344802856, -2.19686937332, 17.1046333313], [-903.51953125, 166.659408569, 75.7689437866, 99.3268356323, 228.472137451, 210.162612915, 345.135345459, 130.39956665, 193.134109497, 32.8444366455, 92.8439407349, -39.3307495117, 54.8739700317], [149.847045898, -38.0325965881, 73.05834198, 49.1500434875, 54.6181945801, 101.694885254, 130.39956665, 195.365386963, 131.943908691, 53.2974586487, 1.95036840439, -5.76201820374, -15.3982801437], [-970.426696777, 102.523536682, -7.72179174423, 77.3400039673, 128.324676514, 109.889152527, 193.134109497, 131.943908691, 278.445281982, 55.2717132568, 88.9006347656, -47.9663047791, 40.4148902893], [151.318344116, -69.8935241699, 34.9602470398, -0.650576770306, 21.5466632843, 27.8984699249, 32.8444366455, 53.2974586487, 55.2717132568, 115.464553833, 30.0284004211, 21.6978931427, -18.5151805878], [-741.578491211, -30.8895664215, -55.8917732239, 63.0660209656, 105.673240662, 57.3344802856, 92.8439407349, 1.95036840439, 88.9006347656, 30.0284004211, 174.955932617, 40.2387771606, 69.7432327271], [266.302429199, -54.104675293, 74.9040374756, 19.028886795, 39.1301727295, -2.19686937332, -39.3307495117, -5.76201820374, -47.9663047791, 21.6978931427, 40.2387771606, 148.606628418, 48.0950813293], [-268.889678955, 184.437423706, -22.0287494659, 27.9958953857, 76.5116043091, 17.1046333313, 54.8739700317, -15.3982801437, 40.4148902893, -18.5151805878, 69.7432327271, 48.0950813293, 127.581115723]], "icov": [[0.000128019310068, -0.000201634058612, -3.14924909617e-05, -0.000111907080282, 0.000147346436279, -0.000253791251453, 0.000440646836068, -0.000639965874143, 0.000672263558954, -0.000435431458754, 5.03317314724e-05, 6.59811266814e-05, -6.92202811479e-05], [-0.000201634058612, 0.000717211631127, -0.000236992462305, 6.44427345833e-05, -0.000326372217387, 0.00123919430189, -0.00117556401528, 0.00112661987077, -0.00112344243098, 0.000688148546033, 0.000209832491237, 0.000243590242462, -0.000596455705818], [-3.14924909617e-05, -0.000236992462305, 0.00152567343321, -0.00043062469922, -0.000729946943466, -0.00041901197983, 5.16612453794e-05, -5.10647187184e-05, 8.38028063299e-05, -0.000243955204496, 0.000877281127032, -0.0010268118931, 0.000945268373471], [-0.000111907080282, 6.44427345833e-05, -0.00043062469922, 0.00305228680372, -0.00117516017053, -0.00132540788036, 0.00114153604954, 4.76861241623e-05, -0.000861052947585, 0.00118241389282, -0.00111228018068, 0.000424597121309, 0.000216401051148], [0.000147346436279, -0.000326372217387, -0.000729946943466, -0.00117516017053, 0.00366514525376, -0.000627675326541, -0.00120199099183, 0.000416575581767, 0.000248648924753, -0.00047627222375, -0.000367121363524, -0.000801845104434, -0.000277319573797], [-0.000253791251453, 0.00123919430189, -0.00041901197983, -0.00132540788036, -0.000627675326541, 0.00813516136259, -0.0053217317909, 0.000800886307843, -0.000953338341787, 0.000862884218805, 0.000486957404064, -0.000320510094753, -0.00015464014723], [0.000440646836068, -0.00117556401528, 5.16612453794e-05, 0.00114153604954, -0.00120199099183, -0.0053217317909, 0.0115274619311, -0.00600784271955, 0.00125772156753, -0.00131103897002, -0.00262379855849, 0.00376175157726, -0.00243473961018], [-0.000639965874143, 0.00112661987077, -5.10647187184e-05, 4.76861241623e-05, 0.000416575581767, 0.000800886307843, -0.00600784271955, 0.0153835359961, -0.00909839663655, 0.000643596926238, 0.00413575489074, -0.00483873859048, 0.00362559221685], [0.000672263558954, -0.00112344243098, 8.38028063299e-05, -0.000861052947585, 0.000248648924753, -0.000953338341787, 0.00125772156753, -0.00909839663655, 0.0139404395595, -0.00505672302097, -0.00341363623738, 0.00577133893967, -0.00387545395643], [-0.000435431458754, 0.000688148546033, -0.000243955204496, 0.00118241389282, -0.00047627222375, 0.000862884218805, -0.00131103897002, 0.000643596926238, -0.00505672302097, 0.0143333040178, -0.00258959783241, -0.00387370376848, 0.0051552830264], [5.03317314724e-05, 0.000209832491237, 0.000877281127032, -0.00111228018068, -0.000367121363524, 0.000486957404064, -0.00262379855849, 0.00413575489074, -0.00341363623738, -0.00258959783241, 0.012120641768, -0.00395728135481, -0.00244764378294], [6.59811266814e-05, 0.000243590242462, -0.0010268118931, 0.000424597121309, -0.000801845104434, -0.000320510094753, 0.00376175157726, -0.00483873859048, 0.00577133893967, -0.00387370376848, -0.00395728135481, 0.0141803333536, -0.00773445796221], [-6.92202811479e-05, -0.000596455705818, 0.000945268373471, 0.000216401051148, -0.000277319573797, -0.00015464014723, -0.00243473961018, 0.00362559221685, -0.00387545395643, 0.0051552830264, -0.00244764378294, -0.00773445796221, 0.0165716446936]]}, "melbands": {"dmean": [0.00817355234176, 0.00412008492276, 0.00132733013015, 0.000467670179205, 0.000348977686372, 0.00017512741033, 9.31131944526e-05, 0.00010524802201, 0.000107161868073, 9.87195307971e-05, 3.91756766476e-05, 4.49895051133e-05, 1.39341937029e-05, 8.42713961902e-06, 4.34348112321e-06, 3.43946157955e-06, 6.41557426206e-06, 6.99781458025e-06, 6.02573845754e-06, 5.14797511642e-06, 5.40437440577e-06, 8.39955555421e-06, 5.30226725459e-06, 5.78693789066e-06, 7.64382093621e-06, 5.51334096599e-06, 4.50750621894e-06, 3.71981741409e-06, 3.05395269606e-06, 5.37449932381e-06, 6.84268843543e-06, 5.72524186282e-06, 8.27897656563e-06, 5.94827633904e-06, 5.78861545364e-06, 7.28266195438e-06, 8.01387341198e-06, 5.14158546139e-06, 2.89294393951e-06, 2.63775791609e-06], "dmean2": [0.00962258968502, 0.00607089744881, 0.00228519691154, 0.000779735215474, 0.000546940835193, 0.00029420046485, 0.0001454683661, 0.000164780038176, 0.000149275103468, 0.000142242191941, 5.72518729314e-05, 6.65911866236e-05, 2.2334876121e-05, 1.3577727259e-05, 7.08410334482e-06, 5.59360478292e-06, 1.01220821307e-05, 1.13100368253e-05, 1.03325191958e-05, 8.73826138559e-06, 9.25602762436e-06, 1.49359293573e-05, 8.62926845002e-06, 9.42082988331e-06, 1.26449667732e-05, 8.40751454234e-06, 7.11700477041e-06, 5.48613388673e-06, 4.68415737487e-06, 8.7249900389e-06, 1.10460186988e-05, 9.18955265661e-06, 1.32538671096e-05, 9.43373106566e-06, 8.56465067045e-06, 1.10881974251e-05, 1.21159273476e-05, 7.86915643403e-06, 4.37937660536e-06, 4.05955506722e-06], "dvar": [0.000113970367238, 4.85131567984e-05, 6.88715545039e-06, 6.78206788507e-07, 4.73112663713e-07, 9.79108634169e-08, 3.08103906832e-08, 4.82320139383e-08, 6.71133051355e-08, 9.87970594224e-08, 1.63634545913e-08, 1.47658250071e-08, 3.86382748019e-09, 8.25798263104e-10, 1.68796754352e-10, 2.76909634112e-10, 8.48185521818e-10, 6.21093898534e-10, 1.91911306291e-10, 2.02507094427e-10, 1.55646925903e-10, 5.64497004696e-10, 6.38391561836e-11, 7.2946808316e-11, 1.68063493677e-10, 1.09384688807e-10, 1.87661469697e-10, 6.31006635832e-11, 2.61761133602e-11, 8.61681073716e-11, 1.21798321429e-10, 6.18095158389e-11, 1.90730042871e-10, 1.01939512387e-10, 1.01366151584e-10, 1.67593272593e-10, 2.21439047654e-10, 8.86345927209e-11, 3.14285299174e-11, 4.09467217077e-11], "dvar2": [0.000211238322663, 0.000113125650387, 1.9661438273e-05, 1.93629784917e-06, 1.11122585622e-06, 2.76333764759e-07, 7.25886977193e-08, 1.1447806969e-07, 1.34577007316e-07, 1.94797081576e-07, 3.0035678833e-08, 3.1205704687e-08, 7.94235166524e-09, 1.94823956967e-09, 3.89078713692e-10, 5.8351617982e-10, 1.9817667507e-09, 1.51172097063e-09, 4.95090080044e-10, 4.70470717939e-10, 4.26242791063e-10, 1.57802260148e-09, 1.56539323171e-10, 1.72577979685e-10, 4.04457800585e-10, 2.51273585272e-10, 4.76958417206e-10, 1.46748238561e-10, 6.60232216121e-11, 2.15450907115e-10, 3.00879043902e-10, 1.48349291185e-10, 4.75332995187e-10, 2.52789067456e-10, 2.23618415451e-10, 3.56792123624e-10, 5.22849430418e-10, 1.8270226998e-10, 7.33566679623e-11, 1.04183994765e-10], "max": [0.10446395725, 0.0620877183974, 0.0345410332084, 0.0101836090907, 0.0171720441431, 0.0049037928693, 0.00296409195289, 0.00465568574145, 0.00604605907574, 0.0106067564338, 0.00412900792435, 0.00302131217904, 0.00218504597433, 0.000965873361565, 0.000544382957742, 0.000575713813305, 0.000737733731512, 0.000963039696217, 0.000320390885463, 0.000507731165271, 0.000186632969417, 0.000245666160481, 0.000121333250718, 9.26896900637e-05, 0.000191419851035, 0.000325241097016, 0.000421678967541, 0.000238251770497, 0.000115643255413, 0.000181940660696, 0.000181109498953, 9.04540065676e-05, 0.000126794009702, 0.000199536574655, 0.000211873018998, 0.000264526926912, 0.000334607932018, 0.00018667014956, 0.000130525877466, 0.000165873672813], "mean": [0.0194753371179, 0.00749792950228, 0.0018188507529, 0.000890836468898, 0.000830782635603, 0.000396675226511, 0.000205120741157, 0.000183804353583, 0.00025722963619, 0.000249452743446, 8.46356342663e-05, 8.66437912919e-05, 2.92585555144e-05, 1.49103334479e-05, 7.04369222149e-06, 4.79064465253e-06, 1.01470213849e-05, 1.0442770872e-05, 8.09959146864e-06, 7.48759111957e-06, 7.26724692868e-06, 9.41954294831e-06, 8.72162672749e-06, 9.26721895667e-06, 1.04439604911e-05, 8.04054252512e-06, 8.01529131422e-06, 6.37032508166e-06, 5.90771696807e-06, 8.98523012438e-06, 1.03914335341e-05, 9.9817143564e-06, 1.1649892258e-05, 9.93548110273e-06, 1.11517847472e-05, 1.33859912239e-05, 1.39394878715e-05, 8.85524787009e-06, 4.72184183309e-06, 4.48600940217e-06], "median": [0.00501869665459, 0.00339086749591, 0.00130059418734, 0.000433200912084, 0.000380841258448, 0.000232758160564, 0.00010060317436, 6.64130420773e-05, 6.07686379226e-05, 2.42867663474e-05, 2.29356755881e-05, 1.97882109205e-05, 4.4184739636e-06, 3.85228031519e-06, 3.00038914247e-06, 1.89143156604e-06, 2.63171682491e-06, 3.81975360142e-06, 3.45589410244e-06, 3.26974964082e-06, 3.95284996557e-06, 4.65259063276e-06, 5.82890061196e-06, 5.7498004935e-06, 5.47618856217e-06, 4.12638974012e-06, 3.6987371459e-06, 2.7593825962e-06, 3.42543717124e-06, 5.65372056371e-06, 6.07209040027e-06, 5.72235421714e-06, 4.91794799018e-06, 2.7348689855e-06, 2.13066527976e-06, 2.85959981738e-06, 3.05222533825e-06, 1.97549502445e-06, 8.44740270622e-07, 9.75476041276e-07], "min": [2.91746597945e-24, 4.33387480668e-24, 8.91752979722e-24, 1.64348930188e-23, 8.75888355829e-24, 5.79305646105e-24, 1.5773925399e-23, 1.16768989794e-23, 1.6524108454e-23, 7.95644162373e-24, 9.0586562243e-24, 9.85333576756e-24, 9.69069552587e-24, 1.0286871633e-23, 1.30759295953e-23, 1.03041958073e-23, 1.19547129132e-23, 8.52915779636e-24, 5.10972542342e-24, 9.54118981825e-24, 9.46788018547e-24, 1.0397611138e-23, 1.30164053068e-23, 6.91917078604e-24, 8.32459748617e-24, 6.03368822499e-24, 1.0429342279e-23, 1.35201671477e-23, 1.52085629877e-23, 8.96489379483e-24, 6.8078001923e-24, 7.49734429841e-24, 1.31295303272e-23, 1.16364730134e-23, 1.22149368266e-23, 1.10232172789e-23, 8.53203792753e-24, 9.18033644121e-24, 9.59075473779e-24, 8.51061483192e-24], "var": [0.000599484017584, 9.08889705897e-05, 6.14767213847e-06, 1.33964852012e-06, 1.63577658441e-06, 2.88167200324e-07, 8.82882318365e-08, 9.38364337344e-08, 2.53768718039e-07, 5.07660445237e-07, 5.97527574087e-08, 4.66192027204e-08, 1.70816907286e-08, 1.83923676289e-09, 2.35622965583e-10, 3.30878074939e-10, 1.6150970561e-09, 9.06075880991e-10, 2.34175373537e-10, 4.21421564312e-10, 1.40638806156e-10, 4.14214246236e-10, 1.03165691268e-10, 1.17359760798e-10, 2.10241268839e-10, 1.90994928206e-10, 2.9786428879e-10, 1.05523957628e-10, 5.22299391237e-11, 1.24215124297e-10, 1.69549513318e-10, 1.4514854596e-10, 2.78507911178e-10, 3.20490051164e-10, 5.38063371636e-10, 6.66803501304e-10, 7.1819605818e-10, 2.91908108796e-10, 1.01687068488e-10, 1.46854944871e-10]}, "mfcc": {"mean": [-660.187072754, 74.9897918701, 50.2970848083, 38.9685401917, 7.86242294312, 8.76603412628, -0.558061361313, 17.4144973755, 11.2341928482, 8.55295562744, 4.36189222336, 3.40906739235, -3.1589243412], "cov": [[14630.1464844, 2202.85083008, 1026.59912109, 517.631347656, -118.193717957, -438.14630127, -201.33883667, -287.028778076, -221.988769531, -345.974884033, -234.705810547, -245.869949341, -224.635375977], [2202.85083008, 3091.53295898, 298.822906494, 446.238739014, 86.3421707153, -32.791267395, -53.6280975342, -26.1419734955, 131.050079346, -97.3037338257, 37.9226417542, -55.5502853394, -90.9302062988], [1026.59912109, 298.822906494, 692.897399902, 237.269683838, 173.525634766, 107.828826904, 57.0648803711, 70.7515029907, 58.0894241333, -1.35416185856, 37.4049110413, 19.649597168, -9.83005428314], [517.631347656, 446.238739014, 237.269683838, 470.242431641, 269.265197754, 137.91947937, 83.5748825073, 76.6208267212, 61.1959609985, -10.7514247894, 28.5447444916, 28.4570846558, 21.4976406097], [-118.193717957, 86.3421707153, 173.525634766, 269.265197754, 375.313415527, 203.502410889, 128.292190552, 115.578826904, 69.2248916626, 15.0721559525, 21.2296886444, 43.6354026794, 50.7975997925], [-438.14630127, -32.791267395, 107.828826904, 137.91947937, 203.502410889, 278.551391602, 175.377410889, 120.666465759, 88.5590286255, 41.1303634644, 44.413482666, 63.9780197144, 53.1460037231], [-201.33883667, -53.6280975342, 57.0648803711, 83.5748825073, 128.292190552, 175.377410889, 220.615921021, 119.242622375, 66.3987884521, 45.8875961304, 23.5647163391, 48.80260849, 58.1160202026], [-287.028778076, -26.1419734955, 70.7515029907, 76.6208267212, 115.578826904, 120.666465759, 119.242622375, 203.045532227, 134.999038696, 87.0553741455, 71.8669433594, 68.5672912598, 36.0514526367], [-221.988769531, 131.050079346, 58.0894241333, 61.1959609985, 69.2248916626, 88.5590286255, 66.3987884521, 134.999038696, 194.448104858, 126.732254028, 95.3725128174, 53.9212799072, 10.4162082672], [-345.974884033, -97.3037338257, -1.35416185856, -10.7514247894, 15.0721559525, 41.1303634644, 45.8875961304, 87.0553741455, 126.732254028, 236.68132019, 110.67301178, 52.0346603394, 22.2308540344], [-234.705810547, 37.9226417542, 37.4049110413, 28.5447444916, 21.2296886444, 44.413482666, 23.5647163391, 71.8669433594, 95.3725128174, 110.67301178, 145.170028687, 83.8841552734, 22.4580574036], [-245.869949341, -55.5502853394, 19.649597168, 28.4570846558, 43.6354026794, 63.9780197144, 48.80260849, 68.5672912598, 53.9212799072, 52.0346603394, 83.8841552734, 121.679107666, 58.1647262573], [-224.635375977, -90.9302062988, -9.83005428314, 21.4976406097, 50.7975997925, 53.1460037231, 58.1160202026, 36.0514526367, 10.4162082672, 22.2308540344, 22.4580574036, 58.1647262573, 93.6569519043]], "icov": [[9.87472376437e-05, -4.5404973207e-05, -0.000148056482431, -9.07448120415e-05, 5.7162338635e-05, 0.000231027399423, -0.000135538342874, 5.32144440513e-05, 4.44786273874e-05, 2.98352892969e-06, 0.000123661200632, -4.35435249528e-05, 9.13046533242e-05], [-4.5404973207e-05, 0.000485612108605, 9.6662888609e-06, -0.000469248334412, 0.000129185587866, 0.000151857137098, -6.15147000644e-05, 0.00040890352102, -0.000830804929137, 0.00048606065684, -0.000366771040717, 0.000276901584584, 8.8833301561e-05], [-0.000148056482431, 9.6662888609e-06, 0.00205808598548, -0.000475067499792, -0.000387898384361, -0.000579945277423, 0.000231966885622, -0.000332854804583, 5.02667717228e-05, 0.000171639971086, -0.000619148253463, 9.16679855436e-05, 0.000548201496713], [-9.07448120415e-05, -0.000469248334412, -0.000475067499792, 0.00470810336992, -0.00300962803885, -6.76764684613e-05, -0.000106880084786, 5.83122273383e-05, 7.07217914169e-05, 0.000389466673369, -0.000729482795577, 2.11489259527e-05, -2.76622176898e-05], [5.7162338635e-05, 0.000129185587866, -0.000387898384361, -0.00300962803885, 0.00703541422263, -0.00333468802273, 0.00087568879826, -0.00168936338741, 0.000355007621692, -0.00016912863066, 0.00123833643738, 0.000579132989515, -0.00155998731498], [0.000231027399423, 0.000151857137098, -0.000579945277423, -6.76764684613e-05, -0.00333468802273, 0.0110322674736, -0.00649983715266, 0.00133542681579, -0.00229550641961, 0.00127658434212, -0.00070098019205, -0.00152993237134, 0.000794333056547], [-0.000135538342874, -6.15147000644e-05, 0.000231966885622, -0.000106880084786, 0.00087568879826, -0.00649983715266, 0.0119409793988, -0.00467705028132, 0.00148406147491, -0.00140533165541, 0.00220109242946, 0.000766483019106, -0.00356709980406], [5.32144440513e-05, 0.00040890352102, -0.000332854804583, 5.83122273383e-05, -0.00168936338741, 0.00133542681579, -0.00467705028132, 0.013794966042, -0.00781763810664, 0.000740366114769, -0.000126350147184, -0.00273552560247, 0.000649773573969], [4.44786273874e-05, -0.000830804929137, 5.02667717228e-05, 7.07217914169e-05, 0.000355007621692, -0.00229550641961, 0.00148406147491, -0.00781763810664, 0.0157899837941, -0.00475393328816, -0.00284652574919, 0.000509810866788, 0.00222577783279], [2.98352892969e-06, 0.00048606065684, 0.000171639971086, 0.000389466673369, -0.00016912863066, 0.00127658434212, -0.00140533165541, 0.000740366114769, -0.00475393328816, 0.00906369369477, -0.00579200917855, 0.00257040327415, -0.00146807928104], [0.000123661200632, -0.000366771040717, -0.000619148253463, -0.000729482795577, 0.00123833643738, -0.00070098019205, 0.00220109242946, -0.000126350147184, -0.00284652574919, -0.00579200917855, 0.0199278425425, -0.0118300747126, 0.00271174637601], [-4.35435249528e-05, 0.000276901584584, 9.16679855436e-05, 2.11489259527e-05, 0.000579132989515, -0.00152993237134, 0.000766483019106, -0.00273552560247, 0.000509810866788, 0.00257040327415, -0.0118300747126, 0.0216734036803, -0.00998954102397], [9.13046533242e-05, 8.8833301561e-05, 0.000548201496713, -2.76622176898e-05, -0.00155998731498, 0.000794333056547, -0.00356709980406, 0.000649773573969, 0.00222577783279, -0.00146807928104, 0.00271174637601, -0.00998954102397, 0.0190596692264]]}, "spectral_contrast_coeffs": {"dmean": [0.0522334650159, 0.045273642987, 0.0358204506338, 0.0275862049311, 0.0212818421423, 0.0185677912086], "dmean2": [0.0806693062186, 0.0745925232768, 0.0575447939336, 0.0459475852549, 0.0338934771717, 0.0296465922147], "dvar": [0.00207353383303, 0.00153700553346, 0.000992423039861, 0.000634713913314, 0.000377013144316, 0.000249708449701], "dvar2": [0.00485577946529, 0.0039256955497, 0.00236701848917, 0.00171375274658, 0.000823420239612, 0.000625701213721], "max": [-0.339353382587, -0.426235854626, -0.396339029074, -0.513281106949, -0.546970427036, -0.610070645809], "mean": [-0.65732884407, -0.724797129631, -0.753586411476, -0.802133083344, -0.801941692829, -0.76563000679], "median": [-0.651487052441, -0.719551205635, -0.761038601398, -0.805306077003, -0.805614292622, -0.761831879616], "min": [-0.957159221172, -0.98764783144, -0.960669875145, -0.955287158489, -0.967779099941, -0.958986997604], "var": [0.0082345996052, 0.00720689771697, 0.00811245571822, 0.00263425847515, 0.00195326004177, 0.0012655883329]}, "spectral_contrast_valleys": {"dmean": [0.442602038383, 0.446817427874, 0.374217242002, 0.344506084919, 0.361958324909, 0.435422539711], "dmean2": [0.694777071476, 0.707922577858, 0.589056909084, 0.512827038765, 0.481779783964, 0.493132412434], "dvar": [0.198310047388, 0.261688768864, 0.172154054046, 0.157168626785, 0.229328632355, 0.341933012009], "dvar2": [0.393856346607, 0.514685451984, 0.329594880342, 0.278562963009, 0.362533092499, 0.503413200378], "max": [-4.67539691925, -4.80501556396, -5.73604822159, -6.59793996811, -5.9950299263, -7.28670501709], "mean": [-7.3065943718, -7.38462400436, -8.2028169632, -8.72231006