{"lowlevel": {"average_loudness": 0.965981900692, "barkbands_crest": {"dmean": 2.73135638237, "dmean2": 4.33482027054, "dvar": 8.61889076233, "dvar2": 22.7518253326, "max": 26.5451278687, "mean": 12.4347219467, "median": 11.4859819412, "min": 2.83727526665, "var": 21.9590091705}, "barkbands_flatness_db": {"dmean": 0.0384298078716, "dmean2": 0.0504476465285, "dvar": 0.00132796901744, "dvar2": 0.00283001665957, "max": 0.484645307064, "mean": 0.212519392371, "median": 0.206868603826, "min": 0.031997486949, "var": 0.00714754732326}, "barkbands_kurtosis": {"dmean": 11.2394924164, "dmean2": 17.5785655975, "dvar": 483.327758789, "dvar2": 1190.9855957, "max": 442.407592773, "mean": 19.6178264618, "median": 10.2080583572, "min": -1.93462705612, "var": 1035.52038574}, "barkbands_skewness": {"dmean": 1.04149007797, "dmean2": 1.55132615566, "dvar": 1.55213689804, "dvar2": 3.77081370354, "max": 18.4074382782, "mean": 2.74189567566, "median": 2.33437418938, "min": -2.65523767471, "var": 4.72666549683}, "barkbands_spread": {"dmean": 5.50992679596, "dmean2": 8.21245384216, "dvar": 79.3695220947, "dvar2": 186.852828979, "max": 88.7059173584, "mean": 10.8973913193, "median": 6.93823385239, "min": 0.182917192578, "var": 135.840270996}, "dissonance": {"dmean": 0.0355747714639, "dmean2": 0.0524442642927, "dvar": 0.00110722868703, "dvar2": 0.00231953663751, "max": 0.49999782443, "mean": 0.397824317217, "median": 0.41158747673, "min": 0.125027313828, "var": 0.00483708269894}, "dynamic_complexity": 3.56106424332, "erbbands_crest": {"dmean": 2.91811704636, "dmean2": 4.3297662735, "dvar": 9.27981185913, "dvar2": 18.7790241241, "max": 32.3704795837, "mean": 13.9109296799, "median": 13.2413902283, "min": 2.35810089111, "var": 32.2339859009}, "erbbands_flatness_db": {"dmean": 0.0347679331899, "dmean2": 0.0402206853032, "dvar": 0.00103967706673, "dvar2": 0.00165380944964, "max": 0.475207746029, "mean": 0.198903053999, "median": 0.191405847669, "min": 0.045819632709, "var": 0.00696797156706}, "erbbands_kurtosis": {"dmean": 5.16806173325, "dmean2": 7.28322601318, "dvar": 104.004295349, "dvar2": 192.925384521, "max": 263.588775635, "mean": 9.99650287628, "median": 5.12184715271, "min": -1.87389779091, "var": 275.441009521}, "erbbands_skewness": {"dmean": 0.67125838995, "dmean2": 0.935229897499, "dvar": 0.605005800724, "dvar2": 1.14623987675, "max": 11.5938396454, "mean": 2.12591075897, "median": 1.89700758457, "min": -1.68545126915, "var": 2.19564199448}, "erbbands_spread": {"dmean": 12.3788022995, "dmean2": 16.6416416168, "dvar": 262.115600586, "dvar2": 516.763549805, "max": 180.596923828, "mean": 28.2047386169, "median": 20.1950626373, "min": 0.478268027306, "var": 624.30670166}, "hfc": {"dmean": 8.10180473328, "dmean2": 10.7908496857, "dvar": 230.999343872, "dvar2": 495.429595947, "max": 158.279556274, "mean": 17.3030548096, "median": 11.0943260193, "min": 5.02011410219e-08, "var": 429.690216064}, "melbands_crest": {"dmean": 3.03240180016, "dmean2": 4.6151266098, "dvar": 8.30682754517, "dvar2": 20.3861351013, "max": 31.4912242889, "mean": 15.2879562378, "median": 14.7323799133, "min": 3.72952270508, "var": 24.7308540344}, "melbands_flatness_db": {"dmean": 0.0444497168064, "dmean2": 0.0586538873613, "dvar": 0.00191166286822, "dvar2": 0.0040736394003, "max": 0.584395051003, "mean": 0.306226432323, "median": 0.307445853949, "min": 0.0093699991703, "var": 0.0088951960206}, "melbands_kurtosis": {"dmean": 20.0880012512, "dmean2": 32.3007736206, "dvar": 1810.8762207, "dvar2": 4834.53808594, "max": 738.904724121, "mean": 31.0639057159, "median": 14.9903488159, "min": -1.53559875488, "var": 2721.02783203}, "melbands_skewness": {"dmean": 1.28176474571, "dmean2": 1.88362586498, "dvar": 2.82434678078, "dvar2": 6.77705574036, "max": 19.4707832336, "mean": 2.97192621231, "median": 2.49011230469, "min": -3.12811326981, "var": 6.50883960724}, "melbands_spread": {"dmean": 3.90304994583, "dmean2": 5.99974775314, "dvar": 59.8872871399, "dvar2": 139.916305542, "max": 147.145477295, "mean": 8.89524936676, "median": 6.91049814224, "min": 0.341652303934, "var": 90.233039856}, "pitch_salience": {"dmean": 0.084572724998, "dmean2": 0.134437635541, "dvar": 0.00818085763603, "dvar2": 0.0212102215737, "max": 0.846245467663, "mean": 0.498448491096, "median": 0.504242479801, "min": 0.0341201163828, "var": 0.0188152659684}, "silence_rate_20dB": {"dmean": 0, "dmean2": 0, "dvar": 0, "dvar2": 0, "max": 1, "mean": 1, "median": 1, "min": 1, "var": 0}, "silence_rate_30dB": {"dmean": 0.0805040225387, "dmean2": 0.161036238074, "dvar": 0.0740188881755, "dvar2": 0.149111732841, "max": 1, "mean": 0.92475938797, "median": 1, "min": 0, "var": 0.0695852339268}, "silence_rate_60dB": {"dmean": 0.0528526417911, "dmean2": 0.105548746884, "dvar": 0.0500607267022, "dvar2": 0.117519855499, "max": 1, "mean": 0.0941382348537, "median": 0, "min": 0, "var": 0.0852738395333}, "spectral_centroid": {"dmean": 155.058624268, "dmean2": 223.168014526, "dvar": 63238.3242188, "dvar2": 137447.828125, "max": 3705.97436523, "mean": 631.88873291, "median": 505.14855957, "min": 136.109558105, "var": 141656}, "spectral_complexity": {"dmean": 2.98389911652, "dmean2": 4.10502386093, "dvar": 22.2316684723, "dvar2": 37.2387657166, "max": 52, "mean": 10.4272966385, "median": 8, "min": 0, "var": 65.8352355957}, "spectral_decrease": {"dmean": 4.95669905121e-09, "dmean2": 8.07999533947e-09, "dvar": 1.2620197991e-16, "dvar2": 3.36670873759e-16, "max": -2.54067723814e-19, "mean": -9.62336699217e-09, "median": -7.46479145164e-09, "min": -8.25377526326e-08, "var": 1.21758603888e-16}, "spectral_energy": {"dmean": 0.0192224700004, "dmean2": 0.0310414656997, "dvar": 0.0018428232288, "dvar2": 0.00488448375836, "max": 0.317324876785, "mean": 0.0378902554512, "median": 0.0293842870742, "min": 5.51230025167e-12, "var": 0.00183269870467}, "spectral_energyband_high": {"dmean": 0.000559720036108, "dmean2": 0.000785414245911, "dvar": 1.68260407918e-06, "dvar2": 3.78541631108e-06, "max": 0.0135219208896, "mean": 0.000646573258564, "median": 8.12300204416e-05, "min": 3.59151488931e-12, "var": 2.24183918363e-06}, "spectral_energyband_low": {"dmean": 0.0158013682812, "dmean2": 0.0271805394441, "dvar": 0.00184975285083, "dvar2": 0.00500292424113, "max": 0.286181807518, "mean": 0.0173371732235, "median": 0.00592400785536, "min": 1.51670302294e-13, "var": 0.00143384828698}, "spectral_energyband_middle_high": {"dmean": 0.000756909372285, "dmean2": 0.00108006526716, "dvar": 2.45469209403e-06, "dvar2": 5.39588791071e-06, "max": 0.0201778840274, "mean": 0.00150712102186, "median": 0.000604771717917, "min": 9.72583884089e-13, "var": 5.22565460415e-06}, "spectral_energyband_middle_low": {"dmean": 0.00584298279136, "dmean2": 0.00838490668684, "dvar": 6.74948751112e-05, "dvar2": 0.000163687756867, "max": 0.0869484841824, "mean": 0.0191743802279, "median": 0.0177289415151, "min": 3.00026578018e-13, "var": 0.0002076683013}, "spectral_entropy": {"dmean": 0.404594391584, "dmean2": 0.472010195255, "dvar": 0.16431517899, "dvar2": 0.273083329201, "max": 9.01370334625, "mean": 6.69761800766, "median": 6.68679380417, "min": 3.81835007668, "var": 0.842033982277}, "spectral_flux": {"dmean": 0.0438514463603, "dmean2": 0.0645062029362, "dvar": 0.00419510621578, "dvar2": 0.0081284372136, "max": 0.506398677826, "mean": 0.0831614434719, "median": 0.0548143051565, "min": 2.01170441869e-05, "var": 0.00743132643402}, "spectral_kurtosis": {"dmean": 5.1169257164, "dmean2": 7.11982870102, "dvar": 63.3050994873, "dvar2": 140.251373291, "max": 143.262939453, "mean": 11.179599762, "median": 6.88732624054, "min": -0.560489654541, "var": 166.69342041}, "spectral_rms": {"dmean": 0.00124196417164, "dmean2": 0.00180513400119, "dvar": 4.32876959167e-06, "dvar2": 1.02965313999e-05, "max": 0.0175950340927, "mean": 0.00533450394869, "median": 0.00535421306267, "min": 7.33338509917e-08, "var": 8.50917149364e-06}, "spectral_rolloff": {"dmean": 340.434143066, "dmean2": 594.805297852, "dvar": 1395573.625, "dvar2": 3479843.5, "max": 17355.7617188, "mean": 690.422851562, "median": 495.263671875, "min": 64.599609375, "var": 1251203.875}, "spectral_skewness": {"dmean": 0.541871726513, "dmean2": 0.688879489899, "dvar": 0.328028321266, "dvar2": 0.658558964729, "max": 10.0642805099, "mean": 2.5787358284, "median": 2.30119276047, "min": 0.351951092482, "var": 1.47052419186}, "spectral_spread": {"dmean": 1182189.5, "dmean2": 1499176.125, "dvar": 1260487442430.0, "dvar2": 2466907160580.0, "max": 19460968, "mean": 5027774, "median": 4813619, "min": 729057.0625, "var": 5066051813380.0}, "spectral_strongpeak": {"dmean": 0.436879485846, "dmean2": 0.713863313198, "dvar": 0.325038403273, "dvar2": 0.681722402573, "max": 4.345515728, "mean": 1.11494350433, "median": 0.730681359768, "min": 0, "var": 0.852110862732}, "zerocrossingrate": {"dmean": 0.0122606959194, "dmean2": 0.0140804145485, "dvar": 0.000270120595815, "dvar2": 0.000357928511221, "max": 0.49609375, "mean": 0.0411043092608, "median": 0.0302734375, "min": 0.00390625, "var": 0.000920628430322}, "barkbands": {"dmean": [0.000131450549816, 0.0126991476864, 0.00344923348166, 0.000634420721326, 0.00165324599948, 0.00216427980922, 0.00253844843246, 0.000916516233701, 0.000429953273851, 0.000216967062443, 9.12647010409e-05, 0.000135217545903, 5.09394340042e-05, 9.55590730882e-05, 0.000140919437399, 6.89469015924e-05, 9.0431618446e-05, 8.21240100777e-05, 5.95829260419e-05, 6.46224725642e-05, 4.86996686959e-05, 8.35426180856e-05, 6.99591837474e-05, 0.000117618154036, 6.01093815931e-05, 0.000171226332895, 1.94849926629e-05], "dmean2": [0.000212144688703, 0.0221579782665, 0.00578453857452, 0.00108498812187, 0.00275885802694, 0.00313988770358, 0.0036124123726, 0.00126652105246, 0.000599608523771, 0.000348423316609, 0.000143259181641, 0.000203594114282, 7.98674591351e-05, 0.000154925670358, 0.00021935600671, 0.000105336286651, 0.000132520799525, 0.000124971600599, 8.80786101334e-05, 9.95067239273e-05, 7.16447175364e-05, 0.000121724675409, 0.000105168925074, 0.00017873714387, 9.08106958377e-05, 0.000264749192866, 3.24517386616e-05], "dvar": [9.91468169786e-08, 0.00133891345467, 5.56179438718e-05, 1.33171624839e-06, 1.90905120689e-05, 8.6747786554e-06, 1.96971614059e-05, 3.52129836756e-06, 1.71999420218e-06, 3.2339718814e-07, 3.76974860217e-08, 9.88666499779e-08, 1.42283402838e-08, 5.25670955653e-08, 1.19598297488e-07, 3.39126877691e-08, 5.33269925995e-08, 4.81912891814e-08, 1.78393229078e-08, 3.14780734811e-08, 1.40732385745e-08, 4.1697258979e-08, 3.08404750626e-08, 8.4939429712e-08, 2.01409182665e-08, 2.41261290057e-07, 3.97138721908e-09], "dvar2": [2.47922201879e-07, 0.00365059962496, 0.000150881460286, 3.60955391443e-06, 5.19490422448e-05, 1.9507815523e-05, 4.37451381003e-05, 6.21557228442e-06, 3.52693564309e-06, 8.11725442418e-07, 9.60837311936e-08, 2.05622981753e-07, 3.42720483104e-08, 1.33716881123e-07, 2.62426880226e-07, 7.16288894864e-08, 1.13872644647e-07, 1.08784881547e-07, 4.02860500515e-08, 7.70149100049e-08, 3.18922772635e-08, 9.30497421336e-08, 7.31450100488e-08, 2.1115970128e-07, 4.84989932659e-08, 6.08606967489e-07, 1.03359445447e-08], "max": [0.00506587093696, 0.233696937561, 0.0810507833958, 0.0151336807758, 0.0485959500074, 0.0397584885359, 0.0583066418767, 0.028424853459, 0.0248536281288, 0.00949218124151, 0.00314793456346, 0.00609495397657, 0.00126749218907, 0.00352285476401, 0.00614978466183, 0.00206870352849, 0.004821150098, 0.00344372657128, 0.00204932177439, 0.00325915636495, 0.00179670215584, 0.00302726635709, 0.00251649715938, 0.00321162445471, 0.00141669134609, 0.00469893962145, 0.000982423080131], "mean": [0.000181336436071, 0.0116822440177, 0.00476028257981, 0.00117309752386, 0.0023842593655, 0.00615593232214, 0.00602280441672, 0.00255008880049, 0.000772246334236, 0.000324155349517, 0.000146873630001, 0.000219499706873, 7.16090071364e-05, 0.000140637188451, 0.000202716633794, 8.71472220751e-05, 0.000156662310474, 0.000104729828308, 7.64228680055e-05, 7.23104967619e-05, 5.86573623877e-05, 9.65664803516e-05, 7.97466054792e-05, 0.000131689259433, 6.37979683233e-05, 0.000157521819347, 1.71532956301e-05], "median": [1.25543429021e-05, 0.00161926087458, 0.00163872831035, 0.000571312266402, 0.00104275229387, 0.00488240970299, 0.00328238727525, 0.000598361890297, 6.01934298174e-05, 8.75303085195e-05, 6.03155276622e-05, 4.97786713822e-05, 1.251694448e-05, 4.64043405373e-05, 2.45101036853e-05, 1.17443869385e-05, 2.21926038648e-05, 1.39536787174e-05, 1.31358819999e-05, 8.07849664852e-06, 6.59784382151e-06, 1.07707510324e-05, 9.1682504717e-06, 1.52673983393e-05, 6.87898000251e-06, 8.93567903404e-06, 6.34229024854e-07], "min": [2.35360288117e-13, 5.1244263417e-14, 2.28532690954e-14, 3.18185283893e-14, 5.26164398509e-14, 4.28701467229e-14, 4.4085042691e-14, 3.45633386549e-14, 8.81052907497e-14, 2.25840837188e-14, 1.78872826381e-14, 6.72028350936e-14, 9.91564618499e-14, 2.59029332949e-14, 2.02926624072e-13, 2.86365237621e-14, 1.11470464207e-13, 1.11460963885e-13, 2.50475204813e-13, 1.25935503345e-13, 2.37093249764e-13, 3.13372591765e-13, 3.07453905e-13, 4.76061844026e-13, 6.53170172029e-13, 7.36025877832e-13, 8.36997517736e-13], "var": [1.40672781868e-07, 0.000991113949567, 5.4227464716e-05, 2.70442683359e-06, 1.94745643967e-05, 2.97439819406e-05, 5.00930618728e-05, 1.95887514565e-05, 4.8367924137e-06, 5.60352361845e-07, 5.39585727211e-08, 2.68047472218e-07, 2.12796980037e-08, 6.13675936734e-08, 2.36788920915e-07, 4.6260364428e-08, 1.44196576457e-07, 7.00043187862e-08, 2.68493227651e-08, 3.52745956889e-08, 1.92961984169e-08, 5.37737498973e-08, 3.71242343533e-08, 9.86602444186e-08, 2.26593641628e-08, 2.2608857364e-07, 3.41725492348e-09]}, "erbbands": {"dmean": [0.305208414793, 3.06758451462, 5.01142787933, 2.37993597984, 3.47571849823, 6.27709102631, 7.60141134262, 19.7994232178, 36.0575408936, 43.600151062, 14.0947628021, 10.0808153152, 6.56254720688, 5.53529644012, 3.59072971344, 6.26608037949, 2.85376286507, 4.57811927795, 6.89710426331, 5.81287479401, 3.72996449471, 4.92525434494, 3.66189098358, 4.0024805069, 2.95620059967, 3.43669342995, 2.13679027557, 2.12305855751, 3.1655523777, 2.28523993492, 2.06474614143, 3.46198821068, 1.0306173563, 0.627299964428, 0.481502622366, 0.895611226559, 0.259977340698, 0.0229571256787, 0.00402225926518, 0.00016294568195], "dmean2": [0.487123191357, 5.50141000748, 8.8361749649, 3.84091472626, 6.06630563736, 10.4191188812, 11.416724205, 29.438533783, 55.9662246704, 56.7795257568, 19.16614151, 14.123793602, 10.3646821976, 8.84279441833, 5.59231185913, 9.37137794495, 4.39695501328, 7.3046245575, 10.3793592453, 9.60225296021, 5.19433450699, 7.10797405243, 5.46568012238, 5.85456418991, 4.43622493744, 5.3263964653, 3.17980575562, 3.09373641014, 4.52805757523, 3.40299987793, 3.04164528847, 5.25955533981, 1.58885061741, 0.950286567211, 0.735799729824, 1.37157070637, 0.41259843111, 0.0357903018594, 0.00664922315627, 0.000263816997176], "dvar": [0.653324782848, 82.2531814575, 162.232467651, 17.5871906281, 114.792999268, 252.212478638, 194.527374268, 799.26184082, 4006.97753906, 5169.46435547, 1201.82629395, 1038.24316406, 301.714324951, 222.491516113, 63.3377227783, 218.316848755, 41.8933525085, 103.022064209, 350.511901855, 205.000793457, 85.9050979614, 202.478561401, 86.2658309937, 92.4972991943, 45.9395179749, 108.728363037, 29.0299377441, 25.4787521362, 56.817199707, 34.2061729431, 24.3800487518, 84.9794769287, 5.75532817841, 2.05853676796, 1.46786439419, 6.61205196381, 0.586216986179, 0.00400144373998, 0.000170755200088, 2.2370966235e-07], "dvar2": [1.67419672012, 227.713577271, 454.583892822, 42.0818901062, 323.093322754, 679.806518555, 464.207519531, 1892.16687012, 9889.23144531, 9353.09765625, 2363.13452148, 2104.66870117, 752.742797852, 553.111572266, 162.174621582, 442.485168457, 100.147842407, 265.013092041, 708.329711914, 535.86920166, 168.123504639, 417.043792725, 202.187057495, 196.074020386, 103.904388428, 267.697662354, 68.0011291504, 55.6212806702, 119.8673172, 82.567741394, 56.9011611938, 214.627426147, 14.2403240204, 4.88780403137, 3.59608697891, 16.3474330902, 1.53346347809, 0.00997740402818, 0.00043793124496, 5.83883377203e-07], "max": [5.23649263382, 57.0417175293, 112.889602661, 63.5912666321, 120.778572083, 234.334869385, 197.690216064, 430.073028564, 706.450195312, 1099.20397949, 757.312866211, 635.40411377, 311.092681885, 271.866424561, 129.082839966, 312.695220947, 75.8069229126, 147.362121582, 379.452087402, 168.577590942, 106.738731384, 326.698944092, 139.157669067, 148.065643311, 77.6416702271, 207.911987305, 82.910697937, 64.383895874, 97.3384552002, 86.4603729248, 70.2814865112, 105.466255188, 25.3534469604, 17.0578536987, 11.7991409302, 24.2505931854, 7.58305072784, 0.979026019573, 0.207770854235, 0.00613626325503], "mean": [0.313134372234, 2.67741751671, 5.74108362198, 4.86197280884, 4.94179916382, 8.72147941589, 18.6569805145, 51.8903503418, 79.79712677, 112.544837952, 36.1284103394, 18.5023021698, 9.37811374664, 9.46669101715, 6.03065061569, 10.4177064896, 4.44635057449, 7.10974550247, 10.3748426437, 7.62143135071, 5.65740251541, 8.23450565338, 4.98057317734, 5.26814174652, 3.72714781761, 3.82428264618, 2.57357907295, 2.57234573364, 3.65932226181, 2.50396203995, 2.48560357094, 3.82781600952, 1.11914408207, 0.699344456196, 0.480462670326, 0.833869874477, 0.232572138309, 0.0223553702235, 0.00356303830631, 0.000171443563886], "median": [0.0373020023108, 0.40454941988, 1.66638505459, 3.01869225502, 2.30595064163, 3.20982027054, 7.31991958618, 41.626663208, 54.5066604614, 48.7360801697, 10.8002548218, 2.17924690247, 2.77448105812, 2.77437281609, 2.68978118896, 2.43581485748, 0.920246422291, 2.72151207924, 1.6059833765, 1.24052631855, 0.841009914875, 1.15994775295, 0.836766600609, 0.875863850117, 0.570105552673, 0.420038670301, 0.359292984009, 0.264752775431, 0.382583320141, 0.26895621419, 0.312721610069, 0.47192683816, 0.127290472388, 0.0726705938578, 0.0501478090882, 0.045936089009, 0.0142063666135, 0.00145947944839, 0.000142556673381, 4.59369657619e-05], "min": [2.49794607741e-12, 1.08295516651e-11, 2.71679224256e-11, 6.34954241963e-11, 1.10616453497e-10, 1.57630047903e-10, 3.13113701633e-10, 3.3933619803e-10, 5.32008048726e-10, 8.59519677654e-10, 9.63634616546e-10, 1.94699745215e-09, 1.12504627836e-09, 1.08846087699e-09, 1.19196019721e-09, 2.65148880629e-09, 4.58682292148e-09, 1.90046511861e-09, 8.15495138085e-09, 5.60576696174e-09, 2.44272446714e-09, 6.11316952615e-09, 4.7865853503e-09, 9.49494349811e-09, 1.33349526976e-08, 5.81317349813e-09, 9.75646585744e-09, 9.76515579509e-09, 9.37897759457e-09, 1.10259987807e-08, 8.42009217905e-09, 1.05929389704e-08, 7.02470437375e-09, 6.80060985303e-09, 4.89148410665e-09, 2.91298563049e-09, 1.40146061423e-09, 4.32338914669e-10, 1.26616384044e-10, 1.28579534173e-11], "var": [0.630426943302, 55.7773246765, 119.140464783, 39.2479476929, 86.3380279541, 292.73815918, 589.214599609, 2208.13598633, 6988.76660156, 20244.3554688, 4919.49316406, 2699.46264648, 364.334655762, 562.729309082, 86.303237915, 633.245300293, 68.5454864502, 126.174850464, 735.932006836, 267.771362305, 154.119888306, 557.541015625, 128.155059814, 149.030502319, 65.7393112183, 118.026947021, 35.9090080261, 37.0107498169, 78.8664855957, 38.4203147888, 32.5737915039, 93.3347015381, 6.41060447693, 2.51611089706, 1.5161601305, 6.40542554855, 0.506948232651, 0.0040380214341, 0.000150661871885, 1.95038481365e-07]}, "gfcc": {"mean": [-53.4830169678, 98.4865341187, -71.5013809204, 9.42032814026, -66.8873748779, -3.11014318466, -47.1735191345, 6.22107124329, -10.94323349, 13.3562498093, -3.32308340073, 7.98839998245, -14.0486831665], "cov": [[15145.2841797, -1350.40515137, -455.413146973, 982.000366211, 84.7609634399, 700.212219238, 186.891403198, 784.606506348, -273.323455811, 140.492752075, -669.89654541, 59.5104064941, -436.331817627], [-1350.40515137, 1998.76623535, 142.272857666, -165.261459351, 299.225738525, 12.3518238068, 188.936737061, 5.36797618866, 181.718414307, -97.7260131836, 193.402694702, -129.60585022, 45.2980461121], [-455.413146973, 142.272857666, 1064.22729492, 374.318878174, 352.141876221, 311.176971436, 216.138015747, 61.1957855225, -33.3275680542, -25.5675067902, -88.1560821533, -10.8948507309, -149.576553345], [982.000366211, -165.261459351, 374.318878174, 679.525756836, 286.250061035, 258.867889404, 169.948562622, 117.645278931, -67.8766021729, -25.9365539551, -141.116073608, -39.4499740601, -92.0490341187], [84.7609634399, 299.225738525, 352.141876221, 286.250061035, 441.075439453, 227.809860229, 171.964401245, 73.9214096069, -7.56014347076, -38.1433448792, -60.4327850342, -73.0169067383, -63.7040100098], [700.212219238, 12.3518238068, 311.176971436, 258.867889404, 227.809860229, 323.853912354, 127.055404663, 69.7626113892, -28.0951328278, 9.96234989166, -102.901535034, -40.387714386, -107.992782593], [186.891403198, 188.936737061, 216.138015747, 169.948562622, 171.964401245, 127.055404663, 213.861618042, 93.9847488403, 29.4994754791, -0.0194036848843, -12.2017507553, -37.3191299438, -67.585067749], [784.606506348, 5.36797618866, 61.1957855225, 117.645278931, 73.9214096069, 69.7626113892, 93.9847488403, 201.571426392, 47.7396850586, 17.1438083649, -20.8448963165, 12.851855278, -50.4815292358], [-273.323455811, 181.718414307, -33.3275680542, -67.8766021729, -7.56014347076, -28.0951328278, 29.4994754791, 47.7396850586, 153.384429932, 67.8075485229, 88.3490905762, 8.75284957886, 24.5649700165], [140.492752075, -97.7260131836, -25.5675067902, -25.9365539551, -38.1433448792, 9.96234989166, -0.0194036848843, 17.1438083649, 67.8075485229, 129.331771851, 59.5079154968, 7.22826147079, -14.6378526688], [-669.89654541, 193.402694702, -88.1560821533, -141.116073608, -60.4327850342, -102.901535034, -12.2017507553, -20.8448963165, 88.3490905762, 59.5079154968, 185.928817749, 28.3982315063, 69.7676010132], [59.5104064941, -129.60585022, -10.8948507309, -39.4499740601, -73.0169067383, -40.387714386, -37.3191299438, 12.851855278, 8.75284957886, 7.22826147079, 28.3982315063, 117.911087036, 57.5085411072], [-436.331817627, 45.2980461121, -149.576553345, -92.0490341187, -63.7040100098, -107.992782593, -67.585067749, -50.4815292358, 24.5649700165, -14.6378526688, 69.7676010132, 57.5085411072, 170.212661743]], "icov": [[0.000140744174132, -5.41216322745e-05, 0.000202020964934, -0.000105744271423, 9.64414721238e-05, -0.000211113001569, 2.63566889771e-05, -0.000499361602124, 0.00038978055818, -0.000427400751505, 0.000394952541683, -0.000236381412833, 8.50253709359e-05], [-5.41216322745e-05, 0.00109263742343, -0.000133053123136, 0.000482779054437, -0.000573872122914, -0.000225922325626, -0.000445238838438, 0.000342404760886, -0.00143516773824, 0.00209745019674, -0.00144846201874, 0.00115580612328, -0.000128015832161], [0.000202020964934, -0.000133053123136, 0.00206154561602, -0.000525481940713, -0.000632023613434, -0.000933425675612, -0.000669801782351, 0.000249990756856, 0.000351065187715, -0.000221443202463, 0.000345064559951, -0.00202769273892, 0.00153407873586], [-0.000105744271423, 0.000482779054437, -0.000525481940713, 0.00309996819124, -0.00101269432344, -0.000579835672397, -0.00108213548083, -0.000595922581851, 0.000553094316274, 0.000200951733859, 0.000365526298992, 0.000830971461255, -0.00103132380173], [9.64414721238e-05, -0.000573872122914, -0.000632023613434, -0.00101269432344, 0.00588539335877, -0.00245028850622, -0.00113577069715, -0.00104890041985, 0.00046051069512, 0.000607188441791, 9.84064681688e-05, 0.00217125145718, -0.00160525552928], [-0.000211113001569, -0.000225922325626, -0.000933425675612, -0.000579835672397, -0.00245028850622, 0.00824366975576, -0.00110968097579, 0.000858023820911, 0.000294558354653, -0.00297606643289, 0.00281428429298, -0.000712106237188, 0.00130080827512], [2.63566889771e-05, -0.000445238838438, -0.000669801782351, -0.00108213548083, -0.00113577069715, -0.00110968097579, 0.0101973079145, -0.00288138492033, -0.00108042056672, 0.000938496086746, -0.0018065898912, 0.00118187465705, 0.00165535579436], [-0.000499361602124, 0.000342404760886, 0.000249990756856, -0.000595922581851, -0.00104890041985, 0.000858023820911, -0.00288138492033, 0.0105087980628, -0.00530917942524, 0.00226595113054, -0.000113462396257, -0.0029778345488, 0.0026643096935], [0.00038978055818, -0.00143516773824, 0.000351065187715, 0.000553094316274, 0.00046051069512, 0.000294558354653, -0.00108042056672, -0.00530917942524, 0.0158097967505, -0.00873652659357, -0.000673730275594, -0.000279094703728, -0.00231815082952], [-0.000427400751505, 0.00209745019674, -0.000221443202463, 0.000200951733859, 0.000607188441791, -0.00297606643289, 0.000938496086746, 0.00226595113054, -0.00873652659357, 0.0183998886496, -0.00800993852317, 0.00189826718997, 0.00312899402343], [0.000394952541683, -0.00144846201874, 0.000345064559951, 0.000365526298992, 9.84064681688e-05, 0.00281428429298, -0.0018065898912, -0.000113462396257, -0.000673730275594, -0.00800993852317, 0.0145034259185, -0.00285498332232, -0.00260153156705], [-0.000236381412833, 0.00115580612328, -0.00202769273892, 0.000830971461255, 0.00217125145718, -0.000712106237188, 0.00118187465705, -0.0029778345488, -0.000279094703728, 0.00189826718997, -0.00285498332232, 0.0153301088139, -0.00610483065248], [8.50253709359e-05, -0.000128015832161, 0.00153407873586, -0.00103132380173, -0.00160525552928, 0.00130080827512, 0.00165535579436, 0.0026643096935, -0.00231815082952, 0.00312899402343, -0.00260153156705, -0.00610483065248, 0.0123219387606]]}, "melbands": {"dmean": [0.0032271174714, 0.00318876770325, 0.0004237597459, 0.000358905701432, 0.000264053989667, 0.000471851351904, 0.000538222317118, 0.000420096883317, 0.000106344203232, 5.64404836041e-05, 3.21328225255e-05, 2.31481408264e-05, 1.30324851852e-05, 1.32837112687e-05, 1.23424861158e-05, 5.60742000744e-06, 8.84532983036e-06, 1.05905191958e-05, 9.39200162975e-06, 6.25052189207e-06, 4.40492613052e-06, 5.95686833549e-06, 3.18687898471e-06, 4.21780850957e-06, 3.261972779e-06, 2.20432957576e-06, 1.95431812244e-06, 2.4565304102e-06, 1.31095816869e-06, 1.33372657274e-06, 1.27146984141e-06, 1.89781030713e-06, 1.60924901138e-06, 1.22387245938e-06, 9.56342319114e-07, 2.41981524596e-06, 1.74592776148e-06, 7.06949322193e-07, 5.89367402881e-07, 5.06959736413e-07], "dmean2": [0.00546412868425, 0.00567945791408, 0.000690349785145, 0.000620077131316, 0.0004013030848, 0.000696043891367, 0.000817483116407, 0.000552548211999, 0.000145888392581, 8.00325360615e-05, 5.10915924679e-05, 3.71737696696e-05, 2.04610150831e-05, 1.98331836145e-05, 1.86427587323e-05, 8.9807290351e-06, 1.41799782796e-05, 1.61561747518e-05, 1.49176494233e-05, 1.02282538137e-05, 6.19417596681e-06, 8.64070807438e-06, 5.01015483678e-06, 6.42807344775e-06, 4.82094765175e-06, 3.35515983352e-06, 3.00191550195e-06, 3.88312400901e-06, 1.99192754735e-06, 2.06484014598e-06, 1.90110688436e-06, 2.71073326985e-06, 2.45483533945e-06, 1.85310238976e-06, 1.45844865074e-06, 3.68712221643e-06, 2.67262748821e-06, 1.10454971036e-06, 9.29419172735e-07, 7.71575400904e-07], "dvar": [8.14715313027e-05, 7.78321482358e-05, 5.91538992012e-07, 1.14951035357e-06, 2.30820191405e-07, 4.48681277021e-07, 8.69225175393e-07, 4.72069871194e-07, 8.21138073093e-08, 3.16590735849e-08, 7.51545492506e-09, 4.14820133798e-09, 8.20402801249e-10, 1.0181632204e-09, 7.83314801911e-10, 1.77645134714e-10, 3.85051462937e-10, 8.57309390145e-10, 5.14470466229e-10, 2.45773540408e-10, 1.23933849294e-10, 3.33821970067e-10, 6.1570269716e-11, 1.46755357866e-10, 6.34665375809e-11, 2.62823322134e-11, 2.27106146389e-11, 5.93826446349e-11, 1.12828904206e-11, 1.30041940757e-11, 9.772109337e-12, 2.07237057376e-11, 1.88609770163e-11, 1.07355036319e-11, 5.64199034714e-12, 4.00174789139e-11, 2.10735838502e-11, 2.61380457209e-12, 2.1951008719e-12, 1.3079193761e-12], "dvar2": [0.000217993729166, 0.000217073815293, 1.47502032632e-06, 3.22561436406e-06, 5.54491066396e-07, 1.05603214706e-06, 2.1049568204e-06, 8.5251258497e-07, 1.64059116514e-07, 6.55418546103e-08, 1.8772778887e-08, 1.03203108281e-08, 2.07799311092e-09, 2.05145633814e-09, 1.7146307707e-09, 4.48177717161e-10, 9.96562277145e-10, 1.75662218105e-09, 1.24609000896e-09, 6.35262176196e-10, 2.48159742755e-10, 6.90729140551e-10, 1.56419155406e-10, 3.30322685871e-10, 1.33050917506e-10, 6.07904213079e-11, 5.22750905063e-11, 1.48665510458e-10, 2.71260236495e-11, 3.10730573216e-11, 2.21539644268e-11, 4.35970322343e-11, 4.6146524102e-11, 2.61046791822e-11, 1.35750985106e-11, 9.89898857329e-11, 5.34971407451e-11, 6.46245643804e-12, 5.57259360184e-12, 3.0851154964e-12], "max": [0.0576330721378, 0.0686258897185, 0.00969606731087, 0.0119194723666, 0.0072388923727, 0.00914230570197, 0.0108075030148, 0.00991565547884, 0.00564644252881, 0.00346497655846, 0.00158408330753, 0.00116689584684, 0.000447382364655, 0.000676847354043, 0.000501481699757, 0.000158389491844, 0.000280769629171, 0.000569906434976, 0.000281984277535, 0.000177151683602, 0.000150363484863, 0.000426684971899, 0.000129152249428, 0.000195556611288, 0.000130678658024, 6.54576797388e-05, 6.83955004206e-05, 0.000148199891555, 6.41045553493e-05, 4.52410131402e-05, 4.7578880185e-05, 6.50334404781e-05, 7.57568050176e-05, 4.39894938609e-05, 3.31313422066e-05, 7.4706862506e-05, 5.12080951012e-05, 1.7418011339e-05, 1.85928183782e-05, 1.35361524372e-05], "mean": [0.00304821971804, 0.00329808774404, 0.000864605244715, 0.000461982039269, 0.000594301091041, 0.00125995348208, 0.0012482117163, 0.00109481380787, 0.000244724855293, 9.80910481303e-05, 4.38518763985e-05, 3.85897765227e-05, 2.06234744837e-05, 2.26865740842e-05, 1.92901079572e-05, 7.66137691244e-06, 1.35148411573e-05, 1.55673715199e-05, 1.27156417875e-05, 7.7738041e-06, 6.52439530313e-06, 9.98237555905e-06, 4.22064931627e-06, 5.4044630815e-06, 4.1639018491e-06, 2.71340536528e-06, 2.2947749585e-06, 2.63433912551e-06, 1.56564544795e-06, 1.48846856973e-06, 1.48498043018e-06, 2.17671868086e-06, 1.70587100001e-06, 1.30333728521e-06, 1.0927482208e-06, 2.77739786725e-06, 1.8903012915e-06, 7.43284658711e-07, 6.42818861252e-07, 5.54229416139e-07], "median": [0.000427611346822, 0.00100991979707, 0.000568938092329, 0.0002126677864, 0.00023621332366, 0.00101085891947, 0.000851540709846, 0.000445622688858, 2.74155790976e-05, 8.83490611159e-06, 1.22834517242e-05, 9.77084346232e-06, 8.55329926708e-06, 5.65212076253e-06, 3.79456378141e-06, 1.53929318003e-06, 4.77645744468e-06, 2.31721719501e-06, 1.59336752859e-06, 1.17517220133e-06, 7.12549990567e-07, 1.25069823298e-06, 7.77078071224e-07, 6.92255525792e-07, 6.69671180731e-07, 4.02474199745e-07, 3.05796078237e-07, 2.51805118978e-07, 2.32776002917e-07, 1.30903373474e-07, 1.44689479953e-07, 2.15523357383e-07, 1.89881561141e-07, 1.27643744463e-07, 1.0002388251e-07, 3.29753845563e-07, 2.28888993092e-07, 7.68719274902e-08, 6.29341272429e-08, 5.64488189525e-08], "min": [2.81942607553e-14, 1.24688323563e-14, 1.19525183411e-14, 1.06272649914e-14, 1.00044687703e-14, 7.49718856604e-15, 8.73456732967e-15, 8.77436601973e-15, 8.33143470392e-15, 1.28628415902e-14, 5.05310294882e-15, 4.16941338022e-15, 3.09659787165e-15, 6.67988774578e-15, 1.03053924715e-14, 7.76298072862e-15, 2.64465179594e-15, 1.06131093768e-14, 1.52928156385e-14, 2.60634113101e-15, 2.90460260756e-15, 6.45548711871e-15, 4.64217592589e-15, 5.11138262724e-15, 8.15792423984e-15, 7.7524165337e-15, 7.18813588974e-15, 3.39112181532e-15, 7.03756350138e-15, 5.94271835992e-15, 5.09990956597e-15, 5.21785001003e-15, 6.36198484573e-15, 5.88132710596e-15, 4.06037186431e-15, 7.01046564685e-15, 6.17986640932e-15, 3.89395911281e-15, 7.44448617606e-15, 4.98417691329e-15], "var": [6.57733471598e-05, 5.34322171006e-05, 1.12117641038e-06, 8.81391599705e-07, 6.12871758676e-07, 1.27911778236e-06, 1.64874029451e-06, 1.96591395252e-06, 3.03945654423e-07, 8.05150932592e-08, 8.78629524692e-09, 1.06397655131e-08, 1.13198062035e-09, 2.98045255143e-09, 1.71468983456e-09, 2.3608764943e-10, 4.65097849123e-10, 1.72139413834e-09, 8.22928003519e-10, 2.93142066177e-10, 2.36388464359e-10, 9.22454945762e-10, 8.37717395452e-11, 2.1755074131e-10, 1.01205800684e-10, 3.60146183709e-11, 3.03067640428e-11, 6.08121608625e-11, 1.28787458128e-11, 1.56492908909e-11, 1.28418760001e-11, 2.89595118719e-11, 1.99732348716e-11, 1.1444814714e-11, 6.85560549302e-12, 4.69712949092e-11, 2.27524284135e-11, 2.84077687589e-12, 2.33540725821e-12, 1.57393076437e-12]}, "mfcc": {"mean": [-715.719421387, 142.162719727, 35.6833114624, 16.101184845, 2.29981946945, -7.45333909988, -17.2887516022, -7.02925634384, -12.1549434662, 1.66144621372, 1.62167835236, 8.74122714996, 7.0227599144], "cov": [[11632.2597656, -960.77154541, -189.443145752, 550.703491211, 210.636260986, 355.254119873, 349.473693848, 481.188446045, 348.932556152, 265.792175293, 127.277397156, 27.240354538, -190.894729614], [-960.77154541, 1938.00244141, 109.133659363, -64.7055511475, 108.197418213, -14.4964160919, 58.7984886169, 76.057975769, -10.3041210175, 37.9491996765, 60.9261894226, 146.897888184, 55.5556869507], [-189.443145752, 109.133659363, 654.841552734, 240.102264404, 192.858062744, 237.386199951, 164.974975586, 164.072738647, 56.918712616, 59.880153656, 41.3606643677, 11.3695344925, -9.22441768646], [550.703491211, -64.7055511475, 240.102264404, 423.371887207, 197.83241272, 178.927856445, 187.689117432, 168.861724854, 93.3457489014, 81.12449646, 42.6703338623, -21.5115852356, -36.3173942566], [210.636260986, 108.197418213, 192.858062744, 197.83241272, 281.007568359, 194.021881104, 162.04447937, 127.744064331, 89.079208374, 69.0044937134, 22.1767902374, -17.7555503845, -26.0799770355], [355.254119873, -14.4964160919, 237.386199951, 178.927856445, 194.021881104, 325.507293701, 174.959243774, 126.425392151, 76.2556686401, 92.3434295654, 31.603805542, -17.2504787445, -71.3772506714], [349.473693848, 58.7984886169, 164.974975586, 187.689117432, 162.04447937, 174.959243774, 236.068771362, 152.260955811, 75.2683563232, 75.4166107178, 36.1690597534, -1.76980042458, -28.9575195312], [481.188446045, 76.057975769, 164.072738647, 168.861724854, 127.744064331, 126.425392151, 152.260955811, 226.024505615, 93.1001586914, 55.7746543884, 33.6867675781, 7.64464759827, -16.7373809814], [348.932556152, -10.3041210175, 56.918712616, 93.3457489014, 89.079208374, 76.2556686401, 75.2683563232, 93.1001586914, 139.408843994, 42.682559967, 24.2285442352, 10.7778396606, 16.8279705048], [265.792175293, 37.9491996765, 59.880153656, 81.12449646, 69.0044937134, 92.3434295654, 75.4166107178, 55.7746543884, 42.682559967, 156.757324219, 64.6799087524, 23.7633361816, -42.1570625305], [127.277397156, 60.9261894226, 41.3606643677, 42.6703338623, 22.1767902374, 31.603805542, 36.1690597534, 33.6867675781, 24.2285442352, 64.6799087524, 122.302207947, 76.9923248291, 17.0477905273], [27.240354538, 146.897888184, 11.3695344925, -21.5115852356, -17.7555503845, -17.2504787445, -1.76980042458, 7.64464759827, 10.7778396606, 23.7633361816, 76.9923248291, 173.460159302, 91.348777771], [-190.894729614, 55.5556869507, -9.22441768646, -36.3173942566, -26.0799770355, -71.3772506714, -28.9575195312, -16.7373809814, 16.8279705048, -42.1570625305, 17.0477905273, 91.348777771, 178.108291626]], "icov": [[0.000113971313112, 5.68758005102e-05, 0.000133817855385, -9.60367906373e-05, 5.40457731404e-05, -6.07122819929e-05, 1.60341242008e-05, -0.000219050765736, -0.000130402258947, -4.37615199189e-05, 2.30497280427e-05, -0.000142004151712, 0.000129953812575], [5.68758005102e-05, 0.000657455937471, -4.44374491053e-05, 0.000321037892718, -0.000568214280065, 0.000359125173418, -0.000135128197144, -0.000390858767787, 0.000255224033026, -0.000102455946035, 7.37131995265e-05, -0.000675940187648, 0.000212321174331], [0.000133817855385, -4.44374491053e-05, 0.00263894139789, -0.000844388559926, -0.000244990107603, -0.00154776941054, 0.000357444747351, -0.00117689394392, 0.000787480385043, 0.000207197008422, -0.000183357522474, -9.22394538065e-05, -0.000547345494851], [-9.60367906373e-05, 0.000321037892718, -0.000844388559926, 0.0048764902167, -0.00168617151212, 0.000515055493452, -0.00151351117529, -0.0009883568855, -0.000205394084333, -0.000294553727144, -0.00084689684445, 0.000724783923943, 2.71203934972e-05], [5.40457731404e-05, -0.000568214280065, -0.000244990107603, -0.00168617151212, 0.00874917581677, -0.00285889301449, -0.00178714946378, 0.000140549484058, -0.00205232133158, -0.000414348614868, 0.000464143318823, 0.00131023547146, -0.00088387588039], [-6.07122819929e-05, 0.000359125173418, -0.00154776941054, 0.000515055493452, -0.00285889301449, 0.00792995933443, -0.00274268817157, 0.000578536011744, -0.00092716072686, -0.00101400073618, 0.000324120424921, -0.000964889768511, 0.00252699386328], [1.60341242008e-05, -0.000135128197144, 0.000357444747351, -0.00151351117529, -0.00178714946378, -0.00274268817157, 0.0112876975909, -0.00414409907535, 0.000587607850321, -0.00113102432806, -0.000352633156581, 0.000338538811775, -0.000608932867181], [-0.000219050765736, -0.000390858767787, -0.00117689394392, -0.0009883568855, 0.000140549484058, 0.000578536011744, -0.00414409907535, 0.0104980748147, -0.00378041178919, 0.000693600915838, -0.000184715245268, -0.000376820767997, 0.00092215416953], [-0.000130402258947, 0.000255224033026, 0.000787480385043, -0.000205394084333, -0.00205232133158, -0.00092716072686, 0.000587607850321, -0.00378041178919, 0.0122459484264, -0.00168097461574, -0.000354484538548, 0.000866008515004, -0.00311739463359], [-4.37615199189e-05, -0.000102455946035, 0.000207197008422, -0.000294553727144, -0.000414348614868, -0.00101400073618, -0.00113102432806, 0.000693600915838, -0.00168097461574, 0.0109996544197, -0.00457479106262, -0.00117377436254, 0.00315223983489], [2.30497280427e-05, 7.37131995265e-05, -0.000183357522474, -0.00084689684445, 0.000464143318823, 0.000324120424921, -0.000352633156581, -0.000184715245268, -0.000354484538548, -0.00457479106262, 0.01490120776, -0.00644769752398, 0.000773996522184], [-0.000142004151712, -0.000675940187648, -9.22394538065e-05, 0.000724783923943, 0.00131023547146, -0.000964889768511, 0.000338538811775, -0.000376820767997, 0.000866008515004, -0.00117377436254, -0.00644769752398, 0.0127869741991, -0.00627427082509], [0.000129953812575, 0.000212321174331, -0.000547345494851, 2.71203934972e-05, -0.00088387588039, 0.00252699386328, -0.000608932867181, 0.00092215416953, -0.00311739463359, 0.00315223983489, 0.000773996522184, -0.00627427082509, 0.0107202650979]]}, "spectral_contrast_coeffs": {"dmean": [0.0526686199009, 0.0509395636618, 0.0391838848591, 0.0305418502539, 0.0239863861352, 0.0193127561361], "dmean2": [0.0840574130416, 0.0755807757378, 0.0593090876937, 0.0456616431475, 0.0362906828523, 0.0294570345432], "dvar": [0.00218815146945, 0.00239161658101, 0.00104066694621, 0.000629390357062, 0.000434983434388, 0.000328082358465], "dvar2": [0.00502102822065, 0.00474488269538, 0.0022996221669, 0.00137414899655, 0.000948439876083, 0.000748191319872], "max": [-0.289747714996, -0.331852853298, -0.541426718235, -0.588410496712, -0.605584979057, -0.692279279232], "mean": [-0.6505677104, -0.585080742836, -0.755805969238, -0.783459722996, -0.80932700634, -0.811589717865], "median": [-0.654030144215, -0.577846050262, -0.761574327946, -0.788781106472, -0.814473092556, -0.811339855194], "min": [-0.925488054752, -0.956878900528, -0.953270375729, -0.950620651245, -0.94317305088, -0.921215295792], "var": [0.00791670475155, 0.0103995837271, 0.00461528915912, 0.00331498053856, 0.00230480078608, 0.00118084251881]}, "spectral_contrast_valleys": {"dmean": [0.471024125814, 0.458081871271, 0.465590029955, 0.483746886253, 0.490235477686, 0.581526875496], "dmean2": [0.721625566483, 0.667516171932, 0.644329488277, 0.621958673, 0.591120839119, 0.665293514729], "dvar": [0.250728160143, 0.21004344523, 0.192878141999, 0.236524119973, 0.241117283702, 0.288374751806], "dvar2": [0.461925178766, 0.379392445087, 0.335015773773, 0.374977141619, 0.365649700165, 0.466944098473], "max": [-4.7077665329, -4.46881866455, -5