{"lowlevel": {"average_loudness": 0.950628221035, "barkbands_crest": {"dmean": 1.6955678463, "dmean2": 2.63681530952, "dvar": 2.72646379471, "dvar2": 7.00766801834, "max": 25.7524623871, "mean": 9.59440135956, "median": 9.02788829803, "min": 3.85042381287, "var": 9.88966083527}, "barkbands_flatness_db": {"dmean": 0.0242056697607, "dmean2": 0.0334642529488, "dvar": 0.000626615714282, "dvar2": 0.00128042104188, "max": 0.554240226746, "mean": 0.211473211646, "median": 0.196700960398, "min": 0.0388547927141, "var": 0.00715004000813}, "barkbands_kurtosis": {"dmean": 2.9564473629, "dmean2": 4.36423158646, "dvar": 23.9114532471, "dvar2": 41.1699485779, "max": 234.024353027, "mean": 7.96081781387, "median": 5.91038513184, "min": -1.50200486183, "var": 86.0755233765}, "barkbands_skewness": {"dmean": 0.402468621731, "dmean2": 0.586435735226, "dvar": 0.172166064382, "dvar2": 0.377393960953, "max": 8.46468544006, "mean": 1.89676809311, "median": 1.78775835037, "min": -2.31756210327, "var": 0.893541812897}, "barkbands_spread": {"dmean": 2.44334793091, "dmean2": 3.59263372421, "dvar": 10.7114725113, "dvar2": 24.4358844757, "max": 39.8192672729, "mean": 9.12550354004, "median": 7.88074827194, "min": 0.128199502826, "var": 32.2335853577}, "dissonance": {"dmean": 0.0284653771669, "dmean2": 0.0457482486963, "dvar": 0.000671590329148, "dvar2": 0.00169020611793, "max": 0.499999910593, "mean": 0.417308688164, "median": 0.425287842751, "min": 0.105454519391, "var": 0.00225468259305}, "dynamic_complexity": 2.65093541145, "erbbands_crest": {"dmean": 2.32655715942, "dmean2": 3.50372290611, "dvar": 4.35391139984, "dvar2": 10.9733057022, "max": 27.6145381927, "mean": 11.1421098709, "median": 10.4532527924, "min": 2.93482708931, "var": 17.2619533539}, "erbbands_flatness_db": {"dmean": 0.0217496436089, "dmean2": 0.0287431385368, "dvar": 0.000498912762851, "dvar2": 0.000957693904638, "max": 0.508187413216, "mean": 0.208808094263, "median": 0.197343721986, "min": 0.0674270018935, "var": 0.0059150471352}, "erbbands_kurtosis": {"dmean": 1.74152767658, "dmean2": 2.58369541168, "dvar": 5.82941293716, "dvar2": 11.4948215485, "max": 66.4112854004, "mean": 2.99146294594, "median": 1.635409832, "min": -1.66121137142, "var": 21.0433063507}, "erbbands_skewness": {"dmean": 0.378905594349, "dmean2": 0.554953813553, "dvar": 0.121716737747, "dvar2": 0.26021361351, "max": 4.81006813049, "mean": 1.33235442638, "median": 1.24305069447, "min": -1.26894915104, "var": 0.615440368652}, "erbbands_spread": {"dmean": 5.58442735672, "dmean2": 8.07572746277, "dvar": 47.4049415588, "dvar2": 105.152938843, "max": 100.76184845, "mean": 23.9776134491, "median": 21.6823253632, "min": 0.839030563831, "var": 167.902664185}, "hfc": {"dmean": 3.99762868881, "dmean2": 5.55826854706, "dvar": 50.5799484253, "dvar2": 103.96207428, "max": 86.6671524048, "mean": 12.9603157043, "median": 9.91739463806, "min": 1.08950843139e-11, "var": 131.958023071}, "melbands_crest": {"dmean": 2.01287817955, "dmean2": 3.18692064285, "dvar": 4.35257530212, "dvar2": 11.0230045319, "max": 29.3933372498, "mean": 11.840464592, "median": 11.0455293655, "min": 2.74232816696, "var": 13.9648866653}, "melbands_flatness_db": {"dmean": 0.0263348408043, "dmean2": 0.0364534370601, "dvar": 0.00079305289546, "dvar2": 0.0016705020098, "max": 0.64800965786, "mean": 0.29467651248, "median": 0.284011244774, "min": 0.0260946732014, "var": 0.00692423805594}, "melbands_kurtosis": {"dmean": 4.0623254776, "dmean2": 6.02501773834, "dvar": 30.8155822754, "dvar2": 69.0947189331, "max": 142.458007812, "mean": 11.5787162781, "median": 9.17532730103, "min": -1.48174059391, "var": 106.528518677}, "melbands_skewness": {"dmean": 0.456124335527, "dmean2": 0.665435552597, "dvar": 0.24089834094, "dvar2": 0.530616998672, "max": 9.2581319809, "mean": 2.14190483093, "median": 2.01072692871, "min": -0.375592827797, "var": 1.0471278429}, "melbands_spread": {"dmean": 2.25161600113, "dmean2": 3.35986685753, "dvar": 18.5772743225, "dvar2": 29.8609580994, "max": 187.315933228, "mean": 9.44404602051, "median": 8.40803337097, "min": 0.446146130562, "var": 37.7236022949}, "pitch_salience": {"dmean": 0.0518630817533, "dmean2": 0.0815159231424, "dvar": 0.00224196398631, "dvar2": 0.00602869456634, "max": 0.956627309322, "mean": 0.60594367981, "median": 0.609597086906, "min": 0.187331408262, "var": 0.00975388940424}, "silence_rate_20dB": {"dmean": 0, "dmean2": 0, "dvar": 0, "dvar2": 0, "max": 1, "mean": 1, "median": 1, "min": 1, "var": 0}, "silence_rate_30dB": {"dmean": 0.00334821431898, "dmean2": 0.0066982973367, "dvar": 0.00333710387349, "dvar2": 0.00944477226585, "max": 1, "mean": 0.998047411442, "median": 1, "min": 0, "var": 0.00194876897149}, "silence_rate_60dB": {"dmean": 0.00502232136205, "dmean2": 0.00976835098118, "dvar": 0.00499682733789, "dvar2": 0.0113474521786, "max": 1, "mean": 0.0387726649642, "median": 0, "min": 0, "var": 0.0372691638768}, "spectral_centroid": {"dmean": 110.125541687, "dmean2": 169.041534424, "dvar": 30798.8222656, "dvar2": 69137.40625, "max": 4235.48388672, "mean": 598.546447754, "median": 539.113830566, "min": 239.185623169, "var": 60337.890625}, "spectral_complexity": {"dmean": 2.52064728737, "dmean2": 3.84649729729, "dvar": 15.4310913086, "dvar2": 27.3449802399, "max": 55, "mean": 12.8747558594, "median": 12, "min": 0, "var": 49.4956321716}, "spectral_decrease": {"dmean": 2.07142791808e-09, "dmean2": 3.18494808305e-09, "dvar": 1.53385788434e-17, "dvar2": 3.81414105414e-17, "max": -2.43031147498e-23, "mean": -7.29218330164e-09, "median": -6.46237729995e-09, "min": -3.94435879514e-08, "var": 2.48167369025e-17}, "spectral_energy": {"dmean": 0.00814125034958, "dmean2": 0.0124588189647, "dvar": 0.000234243823797, "dvar2": 0.000578498642426, "max": 0.152928218246, "mean": 0.0286978594959, "median": 0.0253208614886, "min": 1.07994286731e-15, "var": 0.00038844437222}, "spectral_energyband_high": {"dmean": 0.000148385966895, "dmean2": 0.000197604545974, "dvar": 1.08941819121e-07, "dvar2": 2.10711021964e-07, "max": 0.0044810930267, "mean": 0.000246828160016, "median": 5.59543877898e-05, "min": 8.9376788424e-16, "var": 2.67505839702e-07}, "spectral_energyband_low": {"dmean": 0.00212161731906, "dmean2": 0.00354988477193, "dvar": 5.84643603361e-05, "dvar2": 0.000159964314662, "max": 0.0984446033835, "mean": 0.00675807334483, "median": 0.006382166408, "min": 1.65467092153e-17, "var": 5.09895398864e-05}, "spectral_energyband_middle_high": {"dmean": 0.000806773430668, "dmean2": 0.00112475047354, "dvar": 1.98850079869e-06, "dvar2": 4.0133463699e-06, "max": 0.0213808659464, "mean": 0.00207898416556, "median": 0.00133321480826, "min": 1.10149779118e-16, "var": 5.22435084349e-06}, "spectral_energyband_middle_low": {"dmean": 0.00647681159899, "dmean2": 0.0098296366632, "dvar": 0.000138762887218, "dvar2": 0.000337277539074, "max": 0.132141113281, "mean": 0.0204330831766, "median": 0.0167415942997, "min": 2.85560052072e-17, "var": 0.000242976326263}, "spectral_entropy": {"dmean": 0.226618364453, "dmean2": 0.318545639515, "dvar": 0.0651160925627, "dvar2": 0.12731179595, "max": 8.96509170532, "mean": 6.67132520676, "median": 6.70731592178, "min": 4.30953502655, "var": 0.506174623966}, "spectral_flux": {"dmean": 0.0229139477015, "dmean2": 0.0342367477715, "dvar": 0.0011196663836, "dvar2": 0.00240392470732, "max": 0.327610164881, "mean": 0.0619180165231, "median": 0.0474801622331, "min": 3.24971770169e-05, "var": 0.00220952415839}, "spectral_kurtosis": {"dmean": 5.90463018417, "dmean2": 9.50653266907, "dvar": 95.5867156982, "dvar2": 241.840377808, "max": 272.444793701, "mean": 15.6176128387, "median": 8.39225387573, "min": 1.12133264542, "var": 606.137512207}, "spectral_rms": {"dmean": 0.000653088849504, "dmean2": 0.000958074524533, "dvar": 1.01992122836e-06, "dvar2": 2.31585590882e-06, "max": 0.012214673683, "mean": 0.00498682167381, "median": 0.00497023947537, "min": 1.02645159039e-09, "var": 3.12956649395e-06}, "spectral_rolloff": {"dmean": 123.808883667, "dmean2": 205.927062988, "dvar": 153730.953125, "dvar2": 226419.0625, "max": 17355.7617188, "mean": 588.557128906, "median": 516.796875, "min": 193.798828125, "var": 194048.5}, "spectral_skewness": {"dmean": 0.47943392396, "dmean2": 0.74791353941, "dvar": 0.349246561527, "dvar2": 0.847155690193, "max": 13.6240882874, "mean": 2.72941112518, "median": 2.34574437141, "min": 0.887624800205, "var": 2.26827907562}, "spectral_spread": {"dmean": 565855.875, "dmean2": 757040.1875, "dvar": 342807281664, "dvar2": 656839475200, "max": 11372513, "mean": 3528676.5, "median": 3329075.5, "min": 398381.125, "var": 2414342307840.0}, "spectral_strongpeak": {"dmean": 0.404413163662, "dmean2": 0.661298811436, "dvar": 0.286471635103, "dvar2": 0.649075388908, "max": 6.58440589905, "mean": 1.02546560764, "median": 0.855004310608, "min": 4.82312394467e-08, "var": 0.705410540104}, "zerocrossingrate": {"dmean": 0.00551605224609, "dmean2": 0.00616572611034, "dvar": 9.65609797277e-05, "dvar2": 0.00011786093819, "max": 0.513671875, "mean": 0.031205734238, "median": 0.02734375, "min": 0.0068359375, "var": 0.000298716127872}, "barkbands": {"dmean": [2.0458455765e-05, 0.0011808326235, 0.00101318361703, 0.000648029730655, 0.00289262295701, 0.00189545575995, 0.00198237318546, 0.00142517709173, 0.000411135377362, 0.000275268539554, 0.000101308331068, 0.000134830508614, 0.000217108638026, 0.00018519628793, 8.51590302773e-05, 0.000101734534837, 0.000103165453766, 4.3818661652e-05, 5.86223795835e-05, 4.88880687044e-05, 3.38077516062e-05, 4.24660684075e-05, 2.06411550607e-05, 1.60336985573e-05, 1.75103978108e-05, 1.26465465655e-05, 6.43166367809e-06], "dmean2": [3.20325052598e-05, 0.00197632377967, 0.0017305893125, 0.00108556612395, 0.00468670437112, 0.00296059064567, 0.00297037791461, 0.00199707294814, 0.000553926744033, 0.000397377443733, 0.000153293309268, 0.000201608549105, 0.000319542450598, 0.000269212381681, 0.000132564862724, 0.000146672173287, 0.000158810711582, 6.88947548042e-05, 9.55286595854e-05, 7.96048552729e-05, 5.22580994584e-05, 6.38639103272e-05, 3.0453555155e-05, 2.15477120946e-05, 2.07462999242e-05, 1.67547314049e-05, 8.13381666376e-06], "dvar": [3.68283292751e-09, 1.43834822666e-05, 1.34357105708e-05, 2.81409643321e-06, 4.37044982391e-05, 6.08389746048e-06, 1.54504123202e-05, 1.17043300634e-05, 1.30865760184e-06, 3.80135190881e-07, 3.91532566368e-08, 9.38199988809e-08, 2.11510368331e-07, 2.59002092662e-07, 3.06258378657e-08, 8.4435249903e-08, 1.03536585527e-07, 7.76662201218e-09, 1.37751205997e-08, 1.46960790204e-08, 7.69442287663e-09, 1.59760293883e-08, 2.60476729075e-09, 1.4160784767e-09, 1.86387993928e-09, 1.32134425623e-09, 3.80753789608e-10], "dvar2": [8.87461126808e-09, 3.91996763938e-05, 3.78591721528e-05, 7.57688212616e-06, 0.000109947512101, 1.54562021635e-05, 4.00502576667e-05, 2.73050536634e-05, 2.57370538748e-06, 9.26058078221e-07, 7.97559209786e-08, 1.97652795464e-07, 4.00344390528e-07, 4.66909767738e-07, 6.36365342643e-08, 1.50136202137e-07, 2.28344475772e-07, 1.68507110487e-08, 3.3742797001e-08, 3.73582338398e-08, 1.59047051085e-08, 3.57233354009e-08, 5.7249875951e-09, 2.57378296453e-09, 3.06499736702e-09, 2.70922217993e-09, 7.94747989641e-10], "max": [0.000944735191297, 0.0530070178211, 0.0500249266624, 0.0230594202876, 0.0775882005692, 0.0377867296338, 0.0517625771463, 0.0577285736799, 0.0260728895664, 0.012226998806, 0.00243264622986, 0.00518373958766, 0.0073120445013, 0.0134187228978, 0.00309170456603, 0.00605640653521, 0.00624731136486, 0.00117175432388, 0.00128550035879, 0.00175754481461, 0.000951048859861, 0.00253494130448, 0.000604581146035, 0.000734238186851, 0.000558984815143, 0.000480248447275, 0.000378705793992], "mean": [5.39761131222e-05, 0.00373064703308, 0.00227427855134, 0.00137499230914, 0.0063773044385, 0.00509651610628, 0.00344688212499, 0.00304908468388, 0.000833634461742, 0.000459364790004, 0.000170665487531, 0.000240696623223, 0.000402015313739, 0.000344767293427, 0.000121324796055, 0.00015240466746, 0.000143813129398, 6.47369452054e-05, 8.16165993456e-05, 6.19257843937e-05, 4.98729095852e-05, 5.92574579059e-05, 3.07886730297e-05, 2.51529872912e-05, 2.5621995519e-05, 1.77554666152e-05, 8.80508378032e-06], "median": [1.0146067325e-05, 0.00361064495519, 0.00151347334031, 0.000757149420679, 0.00478669814765, 0.00385766522959, 0.00170537922531, 0.00114771758672, 0.000212880171603, 0.000239279281232, 8.17702530185e-05, 4.27914419561e-05, 7.62079507695e-05, 4.7417182941e-05, 3.45174776157e-05, 2.07070479519e-05, 5.47942363482e-05, 2.30813784583e-05, 3.46546985384e-05, 1.68161313923e-05, 1.06529496406e-05, 1.01323785202e-05, 4.87932584292e-06, 4.54422752227e-06, 2.43385943577e-06, 1.33866763008e-06, 2.95769297054e-07], "min": [4.23391155764e-18, 6.79432299876e-18, 5.01724208515e-18, 5.26882906846e-18, 1.19632534646e-17, 6.11102052759e-18, 9.29856267243e-19, 7.72275465419e-19, 2.92343536937e-18, 1.3566482727e-18, 7.22763225686e-19, 2.15733956351e-18, 1.94146436607e-17, 2.12929441843e-17, 1.59436465722e-17, 3.53901945891e-18, 8.45383300959e-18, 2.17760937626e-17, 1.43381435972e-17, 1.40842090753e-17, 5.02898482385e-17, 4.10745996109e-17, 1.09789889377e-16, 1.76045302819e-16, 1.858657234e-16, 9.94491258681e-17, 2.26781795501e-16], "var": [7.00381441732e-09, 1.38692985274e-05, 1.12187090053e-05, 3.33904085892e-06, 4.9598118494e-05, 2.0482328182e-05, 2.43602080445e-05, 2.57789652096e-05, 3.69906933884e-06, 5.87272552366e-07, 6.98198689975e-08, 2.55698580531e-07, 6.40979124e-07, 7.22089396277e-07, 5.49065362065e-08, 1.77605997465e-07, 1.19988797564e-07, 1.33293713844e-08, 1.89667321848e-08, 1.73276184512e-08, 1.38280293882e-08, 2.38272495068e-08, 4.9373554134e-09, 3.30990967967e-09, 4.73038319626e-09, 2.58828158906e-09, 6.49943543429e-10]}, "erbbands": {"dmean": [0.0240369457752, 0.31251552701, 1.04996740818, 1.703992486, 5.50267076492, 9.20377349854, 16.9893112183, 16.552564621, 27.8239269257, 35.0077095032, 14.2020950317, 11.1665430069, 9.62466430664, 4.90405321121, 4.38746213913, 6.93198871613, 10.1746044159, 10.4073886871, 4.95480251312, 4.92972040176, 5.23029327393, 4.82567548752, 2.85221719742, 2.14671254158, 3.44191884995, 2.35412168503, 1.43240082264, 1.44142901897, 1.32438480854, 1.01981067657, 0.60819453001, 0.364633142948, 0.270963639021, 0.190952062607, 0.128251776099, 0.0621302835643, 0.0205396655947, 0.00592947658151, 0.00133157835808, 5.65055852348e-05], "dmean2": [0.0395162068307, 0.529115140438, 1.82924258709, 2.81226849556, 9.46614646912, 14.9698877335, 26.8555850983, 27.1400661469, 39.1773681641, 51.2811965942, 19.2212657928, 14.1184444427, 13.3473396301, 7.18654060364, 6.5668296814, 10.1809263229, 14.3986310959, 14.7297878265, 7.22811937332, 7.19745874405, 7.77628421783, 7.30705404282, 4.4165968895, 3.44785547256, 5.67326450348, 3.84342980385, 2.21889972687, 2.11507320404, 1.99764430523, 1.56891429424, 0.899624586105, 0.518583357334, 0.348232805729, 0.240466788411, 0.154992103577, 0.079930998385, 0.0279704872519, 0.00753849325702, 0.00168583472259, 7.11573666194e-05], "dvar": [0.00572415813804, 1.08805477619, 15.5280218124, 24.4427433014, 400.122802734, 445.056915283, 820.635864258, 478.737060547, 2702.84057617, 5348.78076172, 817.365539551, 881.049621582, 663.71862793, 86.304725647, 66.385383606, 227.757003784, 420.397064209, 715.216491699, 82.6900558472, 121.091110229, 209.932510376, 135.897171021, 31.1350212097, 19.3231105804, 51.9311752319, 33.2737693787, 12.0148744583, 15.4371185303, 12.7342205048, 7.56724023819, 2.27883338928, 0.987921893597, 0.486976236105, 0.202313780785, 0.114583209157, 0.030578320846, 0.00363018759526, 0.000286235706881, 2.24537197937e-05, 1.99652649968e-08], "dvar2": [0.0149589655921, 3.02973842621, 43.9358596802, 66.2186965942, 1046.28601074, 1177.26184082, 1881.60412598, 1295.01489258, 6659.26025391, 12307.6660156, 1853.40185547, 1690.1640625, 1361.17834473, 227.875610352, 139.110229492, 476.129882812, 797.703186035, 1295.93200684, 161.05796814, 234.040725708, 413.788116455, 290.883056641, 66.3627624512, 47.2350845337, 125.686393738, 85.3718566895, 25.592376709, 31.1233997345, 28.6130714417, 18.2765216827, 5.15546274185, 1.93849539757, 0.843210935593, 0.356535673141, 0.189542919397, 0.0563873015344, 0.0079159103334, 0.000589720613789, 4.63451870019e-05, 4.0682607505e-08], "max": [0.954557418823, 14.2193002701, 51.8216781616, 65.9883804321, 252.161865234, 329.127685547, 391.983459473, 333.071472168, 710.027954102, 1325.31188965, 420.711242676, 758.775695801, 477.586975098, 109.102813721, 101.814529419, 260.786956787, 321.574584961, 707.180786133, 206.272796631, 171.285812378, 239.674789429, 206.80355835, 66.3925857544, 49.9299201965, 75.4406585693, 81.5449981689, 39.3805770874, 74.1930084229, 66.8372039795, 33.5829620361, 17.0924472809, 27.1650924683, 14.2801523209, 6.36602163315, 4.00148153305, 2.10978055, 0.853509187698, 0.355618357658, 0.110473498702, 0.0018061324954], "mean": [0.0848784372211, 0.922576963902, 2.48931121826, 4.02617359161, 9.8808965683, 21.2906131744, 42.2856864929, 39.8453712463, 54.7482070923, 69.8973999023, 32.172000885, 23.2387504578, 16.6507949829, 8.55941581726, 8.29559326172, 13.481926918, 19.6022262573, 20.6108436584, 8.47832298279, 7.24605178833, 7.52866125107, 7.17192792892, 4.26455688477, 3.40187430382, 4.43807792664, 3.06235790253, 2.13577413559, 2.10894346237, 1.86638557911, 1.39699244499, 0.899908602238, 0.528933703899, 0.433734983206, 0.293387681246, 0.180093199015, 0.0891665294766, 0.0277293231338, 0.00825198274106, 0.0018121371977, 0.000102807163785], "median": [0.0931830331683, 0.841040253639, 1.43703389168, 2.96450567245, 7.1308555603, 15.9177894592, 25.6285667419, 29.7341079712, 30.5779743195, 29.7843990326, 14.2793703079, 7.53802728653, 6.00925302505, 5.13954544067, 4.41281080246, 3.57171344757, 5.23368644714, 4.0394449234, 2.97687149048, 1.85821795464, 1.84440290928, 2.88889622688, 1.73535001278, 1.68071508408, 1.56304645538, 0.947600007057, 0.557989776134, 0.37754124403, 0.343610674143, 0.248452082276, 0.143744081259, 0.097838871181, 0.063475497067, 0.0301878601313, 0.0151662118733, 0.00652426248416, 0.0022499342449, 0.000470548140584, 7.05247730366e-05, 3.63758408639e-05], "min": [2.40424584606e-16, 1.41184881016e-15, 5.08927337325e-15, 1.3003335557e-14, 2.63697873623e-14, 4.25827484439e-14, 5.3261089522e-14, 4.66103934962e-14, 2.25517897407e-14, 6.55393098191e-15, 2.8769308035e-14, 6.55052590946e-14, 5.75867478703e-14, 3.2721641694e-14, 3.08300714331e-14, 1.47067823414e-13, 8.07892381466e-13, 1.18181972455e-12, 8.79268392037e-13, 6.03296763674e-13, 2.54826948388e-13, 4.63960087797e-13, 7.69897654743e-13, 1.46140120404e-12, 3.71299995958e-13, 7.19353558925e-13, 1.83887714084e-12, 1.65011906049e-12, 1.17965652437e-12, 3.79734611811e-12, 2.3762161943e-12, 3.90909006553e-12, 2.56459046707e-12, 2.62710838327e-12, 9.71070988377e-13, 4.61070146906e-13, 1.78008581725e-13, 9.61421155361e-14, 3.37123348172e-14, 2.98869053285e-15], "var": [0.00724030192941, 0.95064675808, 12.6790409088, 25.3626403809, 308.389221191, 527.977722168, 2385.73852539, 1312.28271484, 5086.40966797, 11272.9140625, 1997.5637207, 2390.65136719, 1264.609375, 120.621856689, 129.050476074, 682.953735352, 1327.68200684, 2058.36572266, 192.462356567, 240.800170898, 320.733154297, 191.251800537, 51.6616439819, 29.4422645569, 67.8039855957, 38.968536377, 21.3391437531, 27.7568531036, 19.9011249542, 10.8903036118, 4.24805212021, 1.88768494129, 1.16706323624, 0.549788475037, 0.254519850016, 0.0669205188751, 0.00633321376517, 0.000514560146257, 3.68273613276e-05, 4.0337909013e-08]}, "gfcc": {"mean": [-50.6141624451, 136.160003662, -96.4904174805, 12.4695596695, -62.9417800903, -12.6730966568, -39.4685783386, -5.97821474075, -17.9710922241, 1.65667486191, -5.76698732376, -1.36220800877, -8.63261604309], "cov": [[13458.7099609, -2163.21850586, 193.726486206, 1610.02929688, 879.580749512, 1308.74487305, 247.851821899, 838.15246582, 199.072982788, 821.231140137, -39.4379348755, 302.582702637, -418.787658691], [-2163.21850586, 2143.24804688, -270.235321045, 48.4074516296, 250.826904297, -254.643310547, 267.376861572, -195.419021606, 207.989471436, -300.584747314, 177.400299072, -219.584197998, 225.606842041], [193.726486206, -270.235321045, 900.966491699, 163.045654297, 105.814048767, 308.954406738, 126.391120911, 167.768325806, -27.6298160553, 84.3280410767, -46.0210609436, 114.275733948, -55.4203186035], [1610.02929688, 48.4074516296, 163.045654297, 646.572143555, 274.403564453, 281.331939697, 176.582321167, 184.186065674, 64.3903808594, 70.9937438965, 45.0968322754, 46.7129936218, 23.6680412292], [879.580749512, 250.826904297, 105.814048767, 274.403564453, 400.863708496, 213.563720703, 150.906082153, 106.692497253, 96.2865219116, 66.2489547729, 27.4833621979, -16.085351944, -18.8948554993], [1308.74487305, -254.643310547, 308.954406738, 281.331939697, 213.563720703, 420.253875732, 147.738449097, 159.616241455, 20.5461101532, 132.212524414, -11.0375423431, 61.1173362732, -75.4696884155], [247.851821899, 267.376861572, 126.391120911, 176.582321167, 150.906082153, 147.738449097, 212.434371948, 59.7092399597, 40.8389968872, -19.1106624603, 27.7444610596, 12.7213077545, 8.89727115631], [838.15246582, -195.419021606, 167.768325806, 184.186065674, 106.692497253, 159.616241455, 59.7092399597, 184.764907837, 29.2145690918, 71.3756561279, -32.2586479187, 32.6153717041, -29.0033378601], [199.072982788, 207.989471436, -27.6298160553, 64.3903808594, 96.2865219116, 20.5461101532, 40.8389968872, 29.2145690918, 119.55078125, 20.4679679871, 19.6379337311, -50.0761795044, -2.57010960579], [821.231140137, -300.584747314, 84.3280410767, 70.9937438965, 66.2489547729, 132.212524414, -19.1106624603, 71.3756561279, 20.4679679871, 170.021209717, -1.54087901115, 20.0545864105, -75.6611175537], [-39.4379348755, 177.400299072, -46.0210609436, 45.0968322754, 27.4833621979, -11.0375423431, 27.7444610596, -32.2586479187, 19.6379337311, -1.54087901115, 101.218948364, 8.74655151367, 6.78376531601], [302.582702637, -219.584197998, 114.275733948, 46.7129936218, -16.085351944, 61.1173362732, 12.7213077545, 32.6153717041, -50.0761795044, 20.0545864105, 8.74655151367, 123.053405762, -10.2437648773], [-418.787658691, 225.606842041, -55.4203186035, 23.6680412292, -18.8948554993, -75.4696884155, 8.89727115631, -29.0033378601, -2.57010960579, -75.6611175537, 6.78376531601, -10.2437648773, 122.773696899]], "icov": [[0.000209284058656, 0.000158475915669, 0.000248512107646, -0.000340063736076, -0.000134311238071, -0.000194658437977, -5.74907744522e-06, -0.000178605958354, -0.000266698072664, -0.000273627316346, 8.34719830891e-05, -0.000258187181316, 0.000217933644308], [0.000158475915669, 0.00214100372978, -7.35053836252e-05, -3.21370534948e-05, -0.00127131631598, 0.000879785919096, -0.00212628627196, 0.00110207602847, -0.0018338188529, 0.00148699898273, -0.00201563746668, 0.00186432187911, -0.00151617487427], [0.000248512107646, -7.35053836252e-05, 0.00204736343585, -0.000138407209306, 0.000105916231405, -0.00128586334176, -0.000268115167273, -0.00111878756434, 8.72155214893e-05, -0.000527556578163, 0.000844354217406, -0.00151802005712, 0.000418033014284], [-0.000340063736076, -3.21370534948e-05, -0.000138407209306, 0.00408840039745, -0.000813634658698, -0.000860490370542, -0.000767824007198, -0.00203967024572, 0.000290871830657, 0.000458978465758, -0.00217236112803, 0.000277944083791, -0.0025997501798], [-0.000134311238071, -0.00127131631598, 0.000105916231405, -0.000813634658698, 0.00590940238908, -0.00174866546877, -0.00046426706831, -0.000746298348531, -0.00109527050517, -0.00150446617045, 0.000821302528493, -3.53507020918e-05, 0.000776145490818], [-0.000194658437977, 0.000879785919096, -0.00128586334176, -0.000860490370542, -0.00174866546877, 0.00843308866024, -0.00463954312727, 7.00048985891e-05, 0.0011211798992, -0.0027102555614, 0.000499396177474, 0.000554473837838, 0.000944184546825], [-5.74907744522e-06, -0.00212628627196, -0.000268115167273, -0.000767824007198, -0.00046426706831, -0.00463954312727, 0.012770133093, -0.00187248759903, -0.000223431896302, 0.00383863691241, -0.000347647204762, -0.00236132810824, 0.00180655019358], [-0.000178605958354, 0.00110207602847, -0.00111878756434, -0.00203967024572, -0.000746298348531, 7.00048985891e-05, -0.00187248759903, 0.0131398988888, -0.00365865626372, -0.000925420550629, 0.00411692913622, -0.000876869075, -0.000525777461007], [-0.000266698072664, -0.0018338188529, 8.72155214893e-05, 0.000290871830657, -0.00109527050517, 0.0011211798992, -0.000223431896302, -0.00365865626372, 0.0163297355175, -0.0031604655087, -0.00136437511537, 0.0048244302161, 0.000987971900031], [-0.000273627316346, 0.00148699898273, -0.000527556578163, 0.000458978465758, -0.00150446617045, -0.0027102555614, 0.00383863691241, -0.000925420550629, -0.0031604655087, 0.0149747561663, -0.0038838069886, 0.00144829589408, 0.00311088631861], [8.34719830891e-05, -0.00201563746668, 0.000844354217406, -0.00217236112803, 0.000821302528493, 0.000499396177474, -0.000347647204762, 0.00411692913622, -0.00136437511537, -0.0038838069886, 0.0165869612247, -0.00585958501324, 0.00239227130078], [-0.000258187181316, 0.00186432187911, -0.00151802005712, 0.000277944083791, -3.53507020918e-05, 0.000554473837838, -0.00236132810824, -0.000876869075, 0.0048244302161, 0.00144829589408, -0.00585958501324, 0.0155553398654, -0.00213080947287], [0.000217933644308, -0.00151617487427, 0.000418033014284, -0.0025997501798, 0.000776145490818, 0.000944184546825, 0.00180655019358, -0.000525777461007, 0.000987971900031, 0.00311088631861, 0.00239227130078, -0.00213080947287, 0.0144369835034]]}, "melbands": {"dmean": [0.000272680219496, 0.000493540079333, 0.000378825498046, 0.000520872243214, 0.000576379243284, 0.000358115619747, 0.000427934253821, 0.000392861984437, 9.28029548959e-05, 6.95332419127e-05, 4.78464316984e-05, 2.07971370401e-05, 1.38087425512e-05, 1.589968997e-05, 1.83398915397e-05, 2.10877824429e-05, 2.16155403905e-05, 8.27066378406e-06, 5.90213812757e-06, 8.76124067872e-06, 6.21630942987e-06, 5.49444803255e-06, 3.99937061957e-06, 2.0918591872e-06, 1.79118489996e-06, 2.37202334574e-06, 2.42591090682e-06, 1.44599118812e-06, 8.73538795076e-07, 9.30396254262e-07, 9.17085742458e-07, 7.89423836522e-07, 8.57949714828e-07, 4.54391312132e-07, 4.01391673677e-07, 2.46403345727e-07, 2.12148094647e-07, 1.95675056602e-07, 1.67950403807e-07, 1.65863255575e-07], "dmean2": [0.000449661485618, 0.000856425205711, 0.000639288162347, 0.000866996066179, 0.000920537509955, 0.000576598860789, 0.000614118936937, 0.000564041372854, 0.000125282153022, 8.6726344307e-05, 6.71113884891e-05, 3.08830967697e-05, 2.09562294913e-05, 2.36525193031e-05, 2.74415251624e-05, 2.93773864541e-05, 3.09220195049e-05, 1.22698929772e-05, 9.06388686417e-06, 1.24061161841e-05, 9.72040015768e-06, 8.50097057992e-06, 6.17545083514e-06, 3.28104556502e-06, 2.96329017146e-06, 3.91510002373e-06, 4.00616136176e-06, 2.38447773881e-06, 1.36259814099e-06, 1.50775497332e-06, 1.33111348077e-06, 1.21276389109e-06, 1.32828347432e-06, 7.0838927968e-07, 6.08695074789e-07, 3.47628542841e-07, 3.12659608426e-07, 2.65725390136e-07, 2.15824016436e-07, 2.17854818629e-07], "dvar": [7.42346003335e-07, 3.40984183822e-06, 1.1098837831e-06, 2.64428467744e-06, 9.19184174109e-07, 2.18692250087e-07, 6.81775759404e-07, 7.32099465495e-07, 3.26303180032e-08, 3.55117073525e-08, 1.69247851289e-08, 1.7366919014e-09, 7.32306382201e-10, 1.12100795313e-09, 1.34266264773e-09, 2.42373809911e-09, 3.72704667129e-09, 2.68810779191e-10, 1.735060845e-10, 6.87275847344e-10, 4.33542007849e-10, 2.3296981011e-10, 8.11038250448e-11, 1.58524669086e-11, 1.42284933835e-11, 2.1610461684e-11, 3.41746943244e-11, 1.2157695857e-11, 4.25245212307e-12, 6.29353990797e-12, 7.8722358493e-12, 5.46705519397e-12, 6.50162606045e-12, 1.40011407416e-12, 1.11780105571e-12, 3.30711830534e-13, 3.9079191814e-13, 2.61981625629e-13, 1.61845837838e-13, 1.59775052347e-13], "dvar2": [1.98524253392e-06, 9.61614568951e-06, 2.95233508041e-06, 6.83584266881e-06, 2.18633135773e-06, 5.87074964642e-07, 1.72556758571e-06, 1.68224914887e-06, 6.92263597557e-08, 6.65492478902e-08, 3.43544535042e-08, 4.68483696281e-09, 1.50818690869e-09, 2.40187381095e-09, 2.87233836715e-09, 4.12288025942e-09, 6.71055078172e-09, 5.20093079714e-10, 3.41762534939e-10, 1.23532495344e-09, 9.25479193281e-10, 5.16662934658e-10, 1.78581441301e-10, 3.42822055466e-11, 3.6046297891e-11, 5.24399447477e-11, 8.51451617545e-11, 3.15327625122e-11, 9.13727427054e-12, 1.42415055443e-11, 1.60504717156e-11, 1.20568234216e-11, 1.50281263128e-11, 3.31311887647e-12, 2.62477019286e-12, 6.76808544105e-13, 7.84173290538e-13, 4.79165372744e-13, 2.72239099753e-13, 3.09989122045e-13], "max": [0.0115134930238, 0.0239041373134, 0.011379905045, 0.0203356649727, 0.0113745303825, 0.00733843771741, 0.0113333510235, 0.0155328251421, 0.00225031143054, 0.0043091038242, 0.00233848602511, 0.000468003097922, 0.000313118856866, 0.000634297321085, 0.000561636348721, 0.00099562224932, 0.00162623124197, 0.000367482687579, 0.000270731165074, 0.000586100446526, 0.000329599133693, 0.00027647765819, 0.00011609349167, 5.46686824237e-05, 4.002361311e-05, 5.03164701513e-05, 7.68296813476e-05, 4.20173091698e-05, 2.8299557016e-05, 2.91729229502e-05, 6.24599852017e-05, 5.21078945894e-05, 4.04357851949e-05, 1.28163555928e-05, 1.43794086398e-05, 7.23279254089e-06, 1.84986311069e-05, 1.01802806967e-05, 5.6126527852e-06, 5.46777437194e-06], "mean": [0.000923232524656, 0.0013211480109, 0.000827853218652, 0.00109808123671, 0.00143247237429, 0.00089757097885, 0.000803484756034, 0.000787529803347, 0.000211414109799, 0.000139666881296, 7.86621749285e-05, 3.40693004546e-05, 2.36460691667e-05, 3.0628307286e-05, 3.45227163052e-05, 4.00256067223e-05, 4.07586157962e-05, 1.34809188239e-05, 7.8224184108e-06, 1.30792404889e-05, 7.87133285485e-06, 7.89389378042e-06, 5.30261650056e-06, 3.1639892768e-06, 2.57565989159e-06, 3.11147960019e-06, 2.79716778095e-06, 1.88028820958e-06, 1.31147521643e-06, 1.22780681977e-06, 1.29789020775e-06, 1.0699111499e-06, 1.13896226139e-06, 6.15213139099e-07, 5.70018357848e-07, 3.62066742809e-07, 2.96703490221e-07, 3.05198597061e-07, 2.66641620783e-07, 2.40276875729e-07], "median": [0.000969310465734, 0.00116009404883, 0.000600541708991, 0.000825038994662, 0.00097153527895, 0.000689976848662, 0.000438630668214, 0.000310006405925, 9.13179756026e-05, 3.78832519345e-05, 2.68489729933e-05, 1.82288167707e-05, 1.17692743515e-05, 8.73588851391e-06, 1.14662580017e-05, 6.03361650064e-06, 5.64511856282e-06, 4.29072497354e-06, 1.91777826331e-06, 1.92646393771e-06, 1.70840053215e-06, 2.99326188724e-06, 1.78740219781e-06, 1.09491247713e-06, 1.05581398202e-06, 1.13050668915e-06, 7.15443320587e-07, 5.48945365608e-07, 3.57780322702e-07, 2.24744809429e-07, 2.08683758274e-07, 1.68951359569e-07, 1.60096945478e-07, 1.11285565652e-07, 8.29850961281e-08, 6.14665438547e-08, 5.07145969664e-08, 4.20238848164e-08, 3.25606883678e-08, 2.12588737725e-08], "min": [2.21800292168e-18, 2.42707923215e-18, 2.6144310914e-18, 2.51166155171e-18, 1.9239579983e-18, 1.05707219936e-18, 3.02714991121e-19, 7.17702353753e-20, 2.77615772246e-19, 4.25285425216e-19, 2.80822829029e-19, 1.31153906367e-19, 9.71351989466e-20, 1.43027063009e-19, 9.1401244979e-19, 2.22434326108e-18, 2.17587151116e-18, 1.40319517333e-18, 1.18465178075e-18, 3.62774274802e-19, 3.22825612968e-19, 5.58572009997e-19, 2.26221903414e-19, 1.24805403733e-18, 1.23804080922e-18, 3.23599337034e-19, 1.17258241428e-19, 5.87458656253e-19, 8.69926101285e-19, 1.53996493812e-18, 7.71318779342e-19, 4.17454144466e-19, 1.14805658667e-18, 2.64203948512e-18, 1.46350677295e-18, 1.09373915136e-18, 3.17957474117e-18, 1.94707128577e-18, 1.50105301794e-18, 2.43542093504e-18], "var": [8.06753575944e-07, 2.61872946794e-06, 1.07793619009e-06, 2.28324256568e-06, 2.20465176426e-06, 6.20371224613e-07, 1.18431478313e-06, 1.59219985107e-06, 9.00108503288e-08, 1.02148462133e-07, 3.06450580467e-08, 2.31238983517e-09, 1.28011945488e-09, 3.27534177558e-09, 3.7538434583e-09, 8.58284732175e-09, 1.0552341223e-08, 5.6446924912e-10, 2.84983814325e-10, 1.46633338804e-09, 5.01203301084e-10, 2.87628643125e-10, 1.16497242408e-10, 2.96503863129e-11, 1.9288674824e-11, 3.01305543016e-11, 3.76206218955e-11, 1.45197048829e-11, 7.70089027269e-12, 9.36497667609e-12, 1.27137718756e-11, 8.1394309695e-12, 1.00104429954e-11, 2.05276138969e-12, 1.84407090292e-12, 7.12727945239e-13, 7.00122034999e-13, 5.83339041134e-13, 4.33330780113e-13, 3.89802719183e-13]}, "mfcc": {"mean": [-700.982849121, 167.965362549, 16.4438343048, 24.5027256012, -5.9241771698, -6.27810525894, -12.4102144241, -9.90476894379, -11.9739627838, -4.95026874542, -0.298021703959, 0.313232660294, -0.411585539579], "cov": [[8964.20605469, -866.957397461, -232.109909058, 542.972290039, 619.804870605, 785.853210449, 432.849914551, 424.984161377, 381.221405029, 429.71963501, 487.003570557, 460.915313721, 357.396026611], [-866.957397461, 1617.16442871, -142.209976196, 177.708221436, 64.9261703491, 37.1024055481, 67.138053894, 71.7315368652, 31.7537174225, 75.2329330444, 27.8274040222, -39.1198730469, -27.8647117615], [-232.109909058, -142.209976196, 656.486999512, 70.2079925537, 77.0576782227, 115.085525513, 137.246032715, 121.375259399, 102.307113647, 4.87540864944, 42.5045089722, 24.4524841309, 61.6603507996], [542.972290039, 177.708221436, 70.2079925537, 396.1925354, 186.79977417, 164.882400513, 151.22756958, 159.235443115, 122.02570343, 108.282958984, 38.3097305298, 52.3765983582, 88.7594223022], [619.804870605, 64.9261703491, 77.0576782227, 186.79977417, 280.594696045, 189.254272461, 139.956161499, 118.328536987, 120.493606567, 127.274658203, 95.0721817017, 72.6990432739, 70.5714035034], [785.853210449, 37.1024055481, 115.085525513, 164.882400513, 189.254272461, 318.198638916, 206.074188232, 158.171051025, 109.739814758, 103.902694702, 123.238830566, 87.3045730591, 105.386497498], [432.849914551, 67.138053894, 137.246032715, 151.22756958, 139.956161499, 206.074188232, 234.288589478, 166.084320068, 101.265075684, 68.4853897095, 72.0275497437, 54.0621681213, 84.8448257446], [424.984161377, 71.7315368652, 121.375259399, 159.235443115, 118.328536987, 158.171051025, 166.084320068, 222.554458618, 112.293968201, 56.9730491638, 56.4309043884, 44.0488853455, 81.4770126343], [381.221405029, 31.7537174225, 102.307113647, 122.02570343, 120.493606567, 109.739814758, 101.265075684, 112.293968201, 171.329559326, 96.6014862061, 38.4455604553, 26.7156429291, 38.7514228821], [429.71963501, 75.2329330444, 4.87540864944, 108.282958984, 127.274658203, 103.902694702, 68.4853897095, 56.9730491638, 96.6014862061, 180.418960571, 73.1236877441, 32.5184402466, 24.8109493256], [487.003570557, 27.8274040222, 42.5045089722, 38.3097305298, 95.0721817017, 123.238830566, 72.0275497437, 56.4309043884, 38.4455604553, 73.1236877441, 179.409667969, 78.7035140991, 32.7573776245], [460.915313721, -39.1198730469, 24.4524841309, 52.3765983582, 72.6990432739, 87.3045730591, 54.0621681213, 44.0488853455, 26.7156429291, 32.5184402466, 78.7035140991, 121.997070312, 46.9187660217], [357.396026611, -27.8647117615, 61.6603507996, 88.7594223022, 70.5714035034, 105.386497498, 84.8448257446, 81.4770126343, 38.7514228821, 24.8109493256, 32.7573776245, 46.9187660217, 110.723823547]], "icov": [[0.00020661468443, 0.000149527011672, 0.000229228753597, -0.000100296194432, -1.35180662255e-05, -0.000271766126389, 0.000119116877613, -9.16485441849e-05, -0.000205569769605, -8.21245848783e-05, -0.000208178214962, -0.000290746393148, -0.00015795174113], [0.000149527011672, 0.000829601834994, 0.000364761246601, -0.000462813914055, 1.43894638427e-07, -8.31925863167e-05, -0.000189565849723, -0.000272402801784, 4.17742412537e-05, -0.000177420064574, -0.000407004525186, 0.000227733486099, 0.000367853004718], [0.000229228753597, 0.000364761246601, 0.00220834184438, -4.69460974273e-05, -4.85706332256e-05, -0.00015411961067, -0.000770308542997, -0.000227087570238, -0.00133076345082, 0.00078874710016, -0.000666955893394, 7.59783724789e-05, -0.000451126368716], [-0.000100296194432, -0.000462813914055, -4.69460974273e-05, 0.00496423104778, -0.001766521018, 0.000115140901471, -0.000338425626978, -0.00154058204498, -0.000240103865508, -0.00104430306237, 0.00169747020118, -0.000470777740702, -0.00132142170332], [-1.35180662255e-05, 1.43894638427e-07, -4.85706332256e-05, -0.001766521018, 0.00861552171409, -0.00200157333165, -0.000554522965103, 0.000606611545663, -0.00184328865726, -0.00223027612083, -0.000853131816257, -0.00122926326003, -0.000202615803573], [-0.000271766126389, -8.31925863167e-05, -0.00015411961067, 0.000115140901471, -0.00200157333165, 0.0110171893612, -0.00603264616802, 0.000155204077601, 6.73331451253e-05, -0.000663263141178, -0.00249623251148, -0.000204091717023, -0.00290208496153], [0.000119116877613, -0.000189565849723, -0.000770308542997, -0.000338425626978, -0.000554522965103, -0.00603264616802, 0.0145184788853, -0.00547039881349, -0.000296764133964, 0.000201289760298, 0.000401797122322, 4.33541208622e-05, -0.000814832688775], [-9.16485441849e-05, -0.000272402801784, -0.000227087570238, -0.00154058204498, 0.000606611545663, 0.000155204077601, -0.00547039881349, 0.0124864028767, -0.00426595145836, 0.00188271258958, -0.00110380002297, 0.0006355951773, -0.00281368289143], [-0.000205569769605, 4.17742412537e-05, -0.00133076345082, -0.000240103865508, -0.00184328865726, 6.73331451253e-05, -0.000296764133964, -0.00426595145836, 0.0133200958371, -0.00486118672416, 0.00198014103808, 0.000289558549412, 0.00180387613364], [-8.21245848783e-05, -0.000177420064574, 0.00078874710016, -0.00104430306237, -0.00223027612083, -0.000663263141178, 0.000201289760298, 0.00188271258958, -0.00486118672416, 0.0111781479791, -0.00296299369074, 0.00132797344122, 0.000641881022602], [-0.000208178214962, -0.000407004525186, -0.000666955893394, 0.00169747020118, -0.000853131816257, -0.00249623251148, 0.000401797122322, -0.00110380002297, 0.00198014103808, -0.00296299369074, 0.0109102306888, -0.00478953076527, 0.00177693308797], [-0.000290746393148, 0.000227733486099, 7.59783724789e-05, -0.000470777740702, -0.00122926326003, -0.000204091717023, 4.33541208622e-05, 0.0006355951773, 0.000289558549412, 0.00132797344122, -0.00478953076527, 0.0140626635402, -0.00313325901516], [-0.00015795174113, 0.000367853004718, -0.000451126368716, -0.00132142170332, -0.000202615803573, -0.00290208496153, -0.000814832688775, -0.00281368289143, 0.00180387613364, 0.000641881022602, 0.00177693308797, -0.00313325901516, 0.016557443887]]}, "spectral_contrast_coeffs": {"dmean": [0.0383779220283, 0.0425179488957, 0.0380701646209, 0.0340593643486, 0.024623895064, 0.0195591747761], "dmean2": [0.060679063201, 0.068144030869, 0.0573960915208, 0.0521678030491, 0.0385042950511, 0.0306559838355], "dvar": [0.00150386965834, 0.00129277294036, 0.00110868306365, 0.000890697469003, 0.000531427678652, 0.000347417866578], "dvar2": [0.00345763028599, 0.00332469702698, 0.00239659892395, 0.0019217672525, 0.0012036242988, 0.000844340014737], "max": [-0.201918452978, -0.393461048603, -0.426920294762, -0.474658578634, -0.504490315914, -0.62833070755], "mean": [-0.600918829441, -0.644776761532, -0.707793712616, -0.742103457451, -0.77864587307, -0.772675931454], "median": [-0.624308824539, -0.647222042084, -0.710384845734, -0.744315385818, -0.784253180027, -0.771194756031], "min": [-0.931512951851, -0.947627305984, -0.963538646698, -0.964993000031, -0.962617635727, -0.945808410645], "var": [0.0106771271676, 0.00538716092706, 0.00527506321669, 0.00599534576759, 0.00289882603101, 0.00172082684003]}, "spectral_contrast_valleys": {"dmean": [0.358386725187, 0.327342510223, 0.365907222033, 0.38896432519, 0.378713697195, 0.446254789829], "dmean2": [0.553606390953, 0.515742897987, 0.554927170277, 0.570102512836, 0.522397220135, 0.556970953941], "dvar": [0.262817293406, 0.123912058771, 0.151656717062, 0.188184022903, 0.204280391335, 0.22418269515], "dvar2": [0.492874503136, 0.234079092741, 0.28205