{"lowlevel": {"average_loudness": 0.640659272671, "barkbands_crest": {"dmean": 2.07024025917, "dmean2": 3.1307258606, "dvar": 3.64259004593, "dvar2": 8.29634666443, "max": 25.2157287598, "mean": 11.325586319, "median": 10.2097053528, "min": 2.52818465233, "var": 20.1420211792}, "barkbands_flatness_db": {"dmean": 0.0151211479679, "dmean2": 0.021639732644, "dvar": 0.000173468215507, "dvar2": 0.000352866627509, "max": 0.437388837337, "mean": 0.222298070788, "median": 0.22697737813, "min": 0.0175411142409, "var": 0.00320651009679}, "barkbands_kurtosis": {"dmean": 2.27535414696, "dmean2": 3.38338541985, "dvar": 7.43196392059, "dvar2": 14.3263902664, "max": 83.5269317627, "mean": 5.99517393112, "median": 4.3796582222, "min": -1.6805151701, "var": 45.5711517334}, "barkbands_skewness": {"dmean": 0.342906683683, "dmean2": 0.5033634305, "dvar": 0.0976463779807, "dvar2": 0.208828240633, "max": 7.58112859726, "mean": 1.80895328522, "median": 1.82755231857, "min": -2.16641116142, "var": 1.27887880802}, "barkbands_spread": {"dmean": 1.91275918484, "dmean2": 2.87362957001, "dvar": 4.19652605057, "dvar2": 9.11242198944, "max": 72.6665496826, "mean": 9.04695987701, "median": 7.55140304565, "min": 0.536049306393, "var": 34.7955436707}, "dissonance": {"dmean": 0.0219681710005, "dmean2": 0.0363708883524, "dvar": 0.000394508184399, "dvar2": 0.00105687731411, "max": 0.499985009432, "mean": 0.435777366161, "median": 0.43916669488, "min": 0.302598536015, "var": 0.00122086366173}, "dynamic_complexity": 3.83001875877, "erbbands_crest": {"dmean": 2.27747035027, "dmean2": 3.3868200779, "dvar": 4.29019069672, "dvar2": 8.85356616974, "max": 27.4493541718, "mean": 11.7150001526, "median": 11.0669364929, "min": 2.37670302391, "var": 24.6793880463}, "erbbands_flatness_db": {"dmean": 0.0121363382787, "dmean2": 0.0167664382607, "dvar": 0.000109137348772, "dvar2": 0.00020756595768, "max": 0.44788724184, "mean": 0.251292407513, "median": 0.254990160465, "min": 0.0556422956288, "var": 0.00284082908183}, "erbbands_kurtosis": {"dmean": 1.06142437458, "dmean2": 1.62821376324, "dvar": 1.63056445122, "dvar2": 3.39673233032, "max": 34.0254554749, "mean": 1.310105443, "median": 0.581627368927, "min": -1.54357457161, "var": 7.25043296814}, "erbbands_skewness": {"dmean": 0.320183873177, "dmean2": 0.483731418848, "dvar": 0.0756962224841, "dvar2": 0.167472168803, "max": 5.16101741791, "mean": 1.03804957867, "median": 1.03244936466, "min": -1.34543073177, "var": 0.572153627872}, "erbbands_spread": {"dmean": 3.44409561157, "dmean2": 5.08415699005, "dvar": 8.92504024506, "dvar2": 19.2946815491, "max": 69.6691665649, "mean": 21.2508029938, "median": 20.1466197968, "min": 2.26015949249, "var": 67.4345703125}, "hfc": {"dmean": 2.37859129906, "dmean2": 3.38978123665, "dvar": 9.37505435944, "dvar2": 20.41381073, "max": 82.9037475586, "mean": 11.9340114594, "median": 9.73896789551, "min": 1.05577204101e-16, "var": 100.567817688}, "melbands_crest": {"dmean": 2.40092086792, "dmean2": 3.59360694885, "dvar": 4.9664850235, "dvar2": 10.6559743881, "max": 32.38879776, "mean": 13.9222803116, "median": 12.9567461014, "min": 1.46259129047, "var": 33.1617927551}, "melbands_flatness_db": {"dmean": 0.0153487706557, "dmean2": 0.0210545286536, "dvar": 0.000201960021514, "dvar2": 0.000366220250726, "max": 0.52381259203, "mean": 0.261882662773, "median": 0.27157869935, "min": 0.00061452400405, "var": 0.00583457807079}, "melbands_kurtosis": {"dmean": 2.78499364853, "dmean2": 4.07715463638, "dvar": 11.0072793961, "dvar2": 21.8666267395, "max": 86.4951858521, "mean": 8.88471031189, "median": 7.14066505432, "min": -1.42449557781, "var": 72.7514038086}, "melbands_skewness": {"dmean": 0.3431866467, "dmean2": 0.500826120377, "dvar": 0.095653295517, "dvar2": 0.202029719949, "max": 7.17739105225, "mean": 2.06313896179, "median": 2.01587700844, "min": -0.312390953302, "var": 0.828317284584}, "melbands_spread": {"dmean": 2.81989407539, "dmean2": 4.28831624985, "dvar": 16.9993591309, "dvar2": 41.6900558472, "max": 156.929702759, "mean": 16.0604534149, "median": 9.77270698547, "min": 0.84333127737, "var": 683.751953125}, "pitch_salience": {"dmean": 0.0520527549088, "dmean2": 0.0784155130386, "dvar": 0.0019875029102, "dvar2": 0.00433323998004, "max": 0.972141683102, "mean": 0.572815477848, "median": 0.57565933466, "min": 0.182985559106, "var": 0.0120939910412}, "silence_rate_20dB": {"dmean": 0, "dmean2": 0, "dvar": 0, "dvar2": 0, "max": 1, "mean": 1, "median": 1, "min": 1, "var": 0}, "silence_rate_30dB": {"dmean": 0.00250783702359, "dmean2": 0.00501724658534, "dvar": 0.00250150682405, "dvar2": 0.00624631857499, "max": 1, "mean": 0.996239423752, "median": 1, "min": 0, "var": 0.00374648184516}, "silence_rate_60dB": {"dmean": 0.0100313480943, "dmean2": 0.0200689863414, "dvar": 0.00993115268648, "dvar2": 0.0221747271717, "max": 1, "mean": 0.135694146156, "median": 0, "min": 0, "var": 0.117284931242}, "spectral_centroid": {"dmean": 104.49924469, "dmean2": 157.263381958, "dvar": 47959.6171875, "dvar2": 99469.3984375, "max": 12430.9960938, "mean": 1196.16589355, "median": 692.046081543, "min": 387.059143066, "var": 4613327}, "spectral_complexity": {"dmean": 1.94231975079, "dmean2": 3.1263718605, "dvar": 3.2875726223, "dvar2": 7.77421665192, "max": 33, "mean": 14.2369165421, "median": 15, "min": 0, "var": 40.4815559387}, "spectral_decrease": {"dmean": 1.08181263947e-09, "dmean2": 1.5107889384e-09, "dvar": 2.03547187104e-18, "dvar2": 4.59094090799e-18, "max": 1.79654982258e-28, "mean": -5.335869524e-09, "median": -4.40349134934e-09, "min": -3.88425220876e-08, "var": 2.07808829892e-17}, "spectral_energy": {"dmean": 0.00427933875471, "dmean2": 0.00598025228828, "dvar": 3.18137063005e-05, "dvar2": 7.16466602171e-05, "max": 0.153370752931, "mean": 0.0212212018669, "median": 0.0175097454339, "min": 1.00514965225e-20, "var": 0.000327096466208}, "spectral_energyband_high": {"dmean": 1.58000584634e-05, "dmean2": 2.1448075131e-05, "dvar": 9.41210664962e-10, "dvar2": 1.71703562479e-09, "max": 0.000720556359738, "mean": 4.53663305962e-05, "median": 2.21692116611e-05, "min": 6.78327037943e-21, "var": 4.1702485909e-09}, "spectral_energyband_low": {"dmean": 0.000152700144099, "dmean2": 0.000194314648979, "dvar": 6.14331838733e-08, "dvar2": 1.0970794051e-07, "max": 0.00563976261765, "mean": 0.000494937994517, "median": 0.000343285617419, "min": 1.30457911644e-23, "var": 3.35926614525e-07}, "spectral_energyband_middle_high": {"dmean": 0.000757259433158, "dmean2": 0.00114032288548, "dvar": 1.09028030693e-06, "dvar2": 2.57612168753e-06, "max": 0.0284263491631, "mean": 0.00264433771372, "median": 0.00211025541648, "min": 1.08745745535e-21, "var": 5.98515998718e-06}, "spectral_energyband_middle_low": {"dmean": 0.00408774847165, "dmean2": 0.00572148244828, "dvar": 2.88051069219e-05, "dvar2": 6.60242294543e-05, "max": 0.143908903003, "mean": 0.0184640046209, "median": 0.0149252237752, "min": 1.76796199173e-22, "var": 0.000267825525953}, "spectral_entropy": {"dmean": 0.117678463459, "dmean2": 0.16465395689, "dvar": 0.0123081179336, "dvar2": 0.0235211066902, "max": 9.82387447357, "mean": 6.94506502151, "median": 6.85142326355, "min": 4.75599765778, "var": 0.536660730839}, "spectral_flux": {"dmean": 0.0117025692016, "dmean2": 0.0199254117906, "dvar": 0.000170479630469, "dvar2": 0.000463861098979, "max": 0.191547453403, "mean": 0.0461201518774, "median": 0.0459260717034, "min": 6.41333514073e-11, "var": 0.000621666549705}, "spectral_kurtosis": {"dmean": 5.16402721405, "dmean2": 9.20797729492, "dvar": 30.2862586975, "dvar2": 89.0246429443, "max": 109.482391357, "mean": 12.6925058365, "median": 10.3283605576, "min": -1.26743078232, "var": 120.710159302}, "spectral_rms": {"dmean": 0.000422986224294, "dmean2": 0.000589453731664, "dvar": 1.95771704625e-07, "dvar2": 4.34633335544e-07, "max": 0.012232334353, "mean": 0.00407471973449, "median": 0.00413311971352, "min": 3.13150720632e-12, "var": 4.10026768805e-06}, "spectral_rolloff": {"dmean": 176.83505249, "dmean2": 294.625549316, "dvar": 160214.515625, "dvar2": 300368.3125, "max": 19552.1484375, "mean": 1616.23913574, "median": 710.595703125, "min": 366.064453125, "var": 14341327}, "spectral_skewness": {"dmean": 0.415108442307, "dmean2": 0.729037106037, "dvar": 0.154576063156, "dvar2": 0.448134690523, "max": 8.3166513443, "mean": 2.27169275284, "median": 2.16855764389, "min": -0.123402491212, "var": 0.866145431995}, "spectral_spread": {"dmean": 257989.140625, "dmean2": 436564.0625, "dvar": 779684478976, "dvar2": 1696542752770.0, "max": 43096756, "mean": 4111292.5, "median": 2331950.5, "min": 749655.9375, "var": 62452653883400.0}, "spectral_strongpeak": {"dmean": 0.380775868893, "dmean2": 0.589876651764, "dvar": 0.192489668727, "dvar2": 0.44033664465, "max": 6.97457170486, "mean": 1.3252658844, "median": 1.13901972771, "min": 0, "var": 1.01759409904}, "zerocrossingrate": {"dmean": 0.00410707294941, "dmean2": 0.00540033867583, "dvar": 9.45067222347e-05, "dvar2": 0.000188743317267, "max": 0.52685546875, "mean": 0.0556248910725, "median": 0.0322265625, "min": 0.015625, "var": 0.00998579896986}, "barkbands": {"dmean": [1.41513956109e-08, 5.05388061356e-06, 2.86789927486e-05, 0.000553139077965, 0.000443927507149, 0.0014806818217, 0.00280709704384, 0.00103499391116, 0.0005257485318, 0.0003108381934, 0.000242693931796, 9.56373187364e-05, 0.000220884103328, 8.65912734298e-05, 0.000189534097444, 0.0001365391945, 0.000124432335724, 5.96734425926e-05, 4.23092096753e-05, 1.53684286488e-05, 6.02037516728e-06, 3.03112324218e-06, 1.56758335379e-06, 7.56114616252e-07, 5.22338723385e-07, 1.61947966149e-07, 1.33240289912e-08], "dmean2": [2.52544882784e-08, 8.63008972374e-06, 4.58021640952e-05, 0.000509094563313, 0.00055084831547, 0.00199229479767, 0.00402241572738, 0.00138633500319, 0.000685977342073, 0.000475337117678, 0.000361166283255, 0.000154888577526, 0.000361281418009, 0.000140929871122, 0.000320608553011, 0.000225553158089, 0.000207456818316, 9.67595624388e-05, 6.7285473051e-05, 2.40615609073e-05, 9.22179788176e-06, 4.52006815976e-06, 2.25781468544e-06, 1.05639594494e-06, 6.94936773016e-07, 2.24953353722e-07, 2.0046741156e-08], "dvar": [4.13483209548e-16, 1.2284620543e-10, 3.16857140525e-09, 6.96542770129e-07, 3.813775038e-07, 5.3865683185e-06, 2.25356598094e-05, 2.9465809348e-06, 8.94471781976e-07, 3.46573955312e-07, 2.10289101688e-07, 2.753372641e-08, 2.14395754483e-07, 2.83730052786e-08, 7.76736683861e-08, 6.56126175613e-08, 4.93563589998e-08, 1.9108263416e-08, 6.69689415034e-09, 7.22688631161e-10, 1.41354844496e-10, 5.25922083661e-11, 1.59853623394e-11, 4.63150394772e-12, 1.62023638863e-12, 1.79640888753e-13, 9.60502963176e-16], "dvar2": [1.2664995446e-15, 3.50718593056e-10, 7.1415877656e-09, 9.55357677412e-07, 6.35196556686e-07, 1.15265765999e-05, 5.51449702471e-05, 4.73918817079e-06, 1.53237363065e-06, 7.50997173782e-07, 4.26158919709e-07, 6.82356215975e-08, 5.74719933866e-07, 7.18771033803e-08, 2.11334764799e-07, 1.80298258101e-07, 1.32003819431e-07, 4.95536802703e-08, 1.76074994584e-08, 1.67572034027e-09, 3.09737263615e-10, 1.22557908266e-10, 3.24633063487e-11, 9.5989657195e-12, 2.83980044341e-12, 3.28609643836e-13, 2.13414186225e-15], "max": [2.46300601248e-07, 0.000226074902457, 0.00143704563379, 0.0250808447599, 0.0146652422845, 0.0479548759758, 0.102306857705, 0.0308033563197, 0.0234231837094, 0.012877873145, 0.00934791658074, 0.00348924985155, 0.0100160809234, 0.00291221169755, 0.00369336386211, 0.00405402854085, 0.00437164772302, 0.00407820241526, 0.00136834394652, 0.000375795905711, 0.000259143678704, 0.000134555448312, 0.000108103900857, 7.94788065832e-05, 3.09579045279e-05, 1.02417343442e-05, 7.26108737581e-07], "mean": [1.64664690772e-08, 8.97203608474e-06, 9.5906383649e-05, 0.00198493967764, 0.0019654862117, 0.00359282735735, 0.00688986806199, 0.00248407735489, 0.00146890222095, 0.000534447957762, 0.000461576797534, 0.000170333281858, 0.000394109694753, 0.000141711774631, 0.000330948183546, 0.000220925809117, 0.00021884070884, 0.000114708607725, 7.96471140347e-05, 3.30192306137e-05, 1.47162709254e-05, 7.28892518964e-06, 3.81080417355e-06, 2.1733342237e-06, 1.47016430674e-06, 4.68971734335e-07, 4.03959745654e-08], "median": [9.50873779715e-09, 3.12882593789e-06, 2.08206765819e-05, 0.00117842131294, 0.00147219910286, 0.00187064474449, 0.00276063289493, 0.00111614866182, 0.000511284626555, 0.000258183077676, 0.000173658045242, 0.000103204722109, 0.000192844352568, 8.46375987749e-05, 0.000205535048735, 0.000119626020023, 0.000127203631564, 6.29611240583e-05, 4.64255244879e-05, 1.90839527932e-05, 7.43903592593e-06, 2.52685049418e-06, 1.1274339613e-06, 6.58943065446e-07, 3.13544433084e-07, 8.56011865835e-08, 5.78405101592e-09], "min": [8.54220595017e-25, 2.23871822369e-24, 1.12432863972e-24, 1.35512015274e-24, 6.44423273931e-24, 5.02478048672e-24, 3.83924245303e-24, 4.69181570926e-24, 1.96079329711e-23, 1.31036572672e-23, 1.65910417241e-23, 1.31981785809e-23, 3.07592770382e-23, 3.78722054731e-23, 2.3070776754e-23, 6.23751623561e-23, 7.25862157786e-23, 9.07671119939e-23, 7.50163049525e-23, 1.30710881981e-22, 2.31639652083e-22, 2.85663043062e-22, 3.99319825123e-22, 6.03395995602e-22, 8.53163393608e-22, 1.12614400194e-21, 1.85558199679e-21], "var": [4.73611484435e-16, 2.47485171245e-10, 3.63140095772e-08, 5.95341089138e-06, 3.69409576706e-06, 2.78902898572e-05, 0.000133603462018, 1.29794179884e-05, 7.67424899095e-06, 8.83470136159e-07, 6.50714298445e-07, 5.05099926329e-08, 4.51657768963e-07, 4.28797726215e-08, 1.58004283435e-07, 1.03194366829e-07, 9.06372932263e-08, 3.12788692725e-08, 1.19646985652e-08, 1.84971371553e-09, 4.40494390963e-10, 1.49070339406e-10, 4.89507774593e-11, 1.54988209766e-11, 7.4045856252e-12, 8.49724262307e-13, 5.94043941777e-15]}, "erbbands": {"dmean": [3.513025149e-05, 0.00192589894868, 0.0316286683083, 0.754116356373, 1.96733760834, 1.67258584499, 4.1341881752, 17.807144165, 34.5959281921, 29.9225845337, 16.9364280701, 15.4676036835, 5.10743331909, 14.123292923, 6.97267389297, 4.95631170273, 10.0064506531, 5.3189406395, 9.491355896, 6.37368297577, 6.47585678101, 4.94055271149, 3.78714394569, 3.01867723465, 1.45344471931, 0.735010206699, 0.350416004658, 0.164802581072, 0.123500593007, 0.0751699432731, 0.0404540970922, 0.0207424703985, 0.0107109593228, 0.00716100726277, 0.00326290517114, 0.00118434277829, 0.000208463388844, 2.89287781925e-05, 3.42362750416e-06, 4.84563361169e-06], "dmean2": [5.24307251908e-05, 0.00313576846384, 0.0442901030183, 0.7590315938, 1.99413692951, 2.07293200493, 5.78033924103, 23.2898311615, 49.0748710632, 42.6125297546, 22.687833786, 20.2447299957, 7.13687419891, 21.0262470245, 10.9228210449, 8.06730461121, 16.4153423309, 8.66714668274, 16.0465984344, 10.6304149628, 10.6322364807, 8.11745166779, 6.12340450287, 4.79453325272, 2.38510775566, 1.13513970375, 0.536415994167, 0.248373374343, 0.186569452286, 0.110776461661, 0.058831769973, 0.0303928144276, 0.0144676016644, 0.00969702750444, 0.00438992027193, 0.00164726376534, 0.000290562340524, 4.02272817155e-05, 4.80153221361e-06, 6.76803483657e-06], "dvar": [3.84812315346e-09, 1.66251793416e-05, 0.00293772015721, 1.35549044609, 7.48065376282, 6.60988807678, 41.5897636414, 763.945068359, 3381.89038086, 2132.10180664, 894.659973145, 752.496948242, 54.6271209717, 657.870788574, 154.935943604, 72.2700805664, 498.89666748, 87.9390106201, 221.02041626, 118.885108948, 128.971542358, 68.9629974365, 62.5739898682, 26.487657547, 13.9717626572, 1.89377629757, 0.432531535625, 0.137513712049, 0.0873196050525, 0.047557387501, 0.0101315593347, 0.00373916816898, 0.000646693282761, 0.000304125336697, 6.37515331618e-05, 9.47357148107e-06, 2.91749216785e-07, 4.86451501303e-09, 2.88054337327e-11, 4.05659394964e-11], "dvar2": [9.14664433083e-09, 4.50181869383e-05, 0.00610131816939, 2.01211810112, 10.5728006363, 11.0316648483, 91.2231674194, 1493.59240723, 7593.23046875, 4580.88867188, 1484.39978027, 1295.66247559, 100.550102234, 1397.26342773, 357.992858887, 179.376190186, 1362.20800781, 222.861129761, 606.141052246, 309.307098389, 345.995300293, 178.698883057, 158.392974854, 64.6228256226, 41.3940734863, 4.37564992905, 0.939881682396, 0.28390109539, 0.214447185397, 0.111583307385, 0.0221821181476, 0.00866839382797, 0.00122041010763, 0.000570987176616, 0.000113666428661, 1.77292749868e-05, 5.26405301571e-07, 9.21819154343e-09, 5.66213916031e-11, 9.09262456994e-11], "max": [0.00149013102055, 0.0967871248722, 1.4285517931, 32.0388870239, 86.8221435547, 63.097240448, 129.58921814, 591.742431641, 1296.54309082, 1152.93566895, 511.745330811, 675.278137207, 133.131240845, 469.119934082, 256.277770996, 176.796783447, 528.812988281, 161.648620605, 215.341705322, 228.947647095, 135.784240723, 153.654174805, 193.288406372, 83.2451019287, 80.3878250122, 21.9819602966, 10.8105735779, 11.441617012, 5.20185709, 5.18603372574, 2.0671184063, 2.20700860023, 0.511182427406, 0.365151375532, 0.190801441669, 0.0711912587285, 0.0129913892597, 0.00162358675152, 0.000140462230775, 0.000174413071363], "mean": [0.00012599962065, 0.00558879459277, 0.132088467479, 2.63043880463, 8.00779819489, 6.01808547974, 12.1885490417, 43.3528175354, 85.2768859863, 82.9029922485, 42.1476898193, 44.6885147095, 13.9478082657, 26.9297199249, 13.4072542191, 9.4421377182, 18.4612236023, 10.4048290253, 16.1524391174, 12.51521492, 11.7797279358, 9.54938793182, 7.76599788666, 5.84075212479, 2.88280963898, 1.61558008194, 0.838169634342, 0.414277672768, 0.285955548286, 0.173274546862, 0.0982417836785, 0.0551098585129, 0.0310281850398, 0.019430110231, 0.00891676917672, 0.00324300373904, 0.000650389993098, 9.87996972981e-05, 1.70776256709e-05, 2.44518851105e-05], "median": [8.7441127107e-05, 0.00263831089251, 0.0714036747813, 1.58784735203, 5.22448253632, 3.8066599369, 7.5469250679, 22.1240692139, 36.3359222412, 43.7755050659, 20.2774791718, 18.0017223358, 7.14219856262, 12.2371721268, 7.00482606888, 6.1644320488, 8.96775054932, 7.10701847076, 10.2867565155, 8.48704147339, 6.66686010361, 5.87174224854, 4.67016124725, 3.64346766472, 1.60840070248, 0.922763586044, 0.46341830492, 0.183987528086, 0.0994426161051, 0.0518046841025, 0.0297830626369, 0.0183412563056, 0.00844331178814, 0.00433382252231, 0.00180021626875, 0.00059418490855, 0.00012674939353, 1.84263644769e-05, 1.11171557364e-05, 2.00788708753e-05], "min": [4.86973113797e-23, 3.80394130617e-22, 9.47632124959e-22, 5.09148650175e-21, 8.60164924155e-21, 2.59296565111e-20, 4.44852240435e-20, 5.45365347735e-20, 9.42246799508e-20, 1.92255915834e-19, 1.03450141312e-19, 4.28254512477e-19, 5.29890401137e-19, 6.21049013362e-19, 6.9674374253e-19, 1.00213841109e-18, 1.40543828036e-18, 1.36076690837e-18, 2.27379439284e-18, 3.15186977412e-18, 3.76520289843e-18, 4.44415812189e-18, 5.32376792321e-18, 5.9004430911e-18, 6.89424765753e-18, 7.2886084961e-18, 7.38689492367e-18, 9.53617650724e-18, 1.06316382622e-17, 1.15686891396e-17, 1.05829876345e-17, 1.0851315099e-17, 1.04829285589e-17, 8.865770609e-18, 6.17937418392e-18, 3.88578556582e-18, 2.07926943011e-18, 9.0291592527e-19, 2.478049843e-19, 2.76175347069e-20], "var": [1.99767917763e-08, 7.51503976062e-05, 0.0350104942918, 10.1912994385, 79.2685012817, 48.9643783569, 218.579483032, 4255.20849609, 17795.5644531, 16432.8203125, 3401.81445312, 6463.06152344, 359.969451904, 1833.80505371, 346.978057861, 136.254364014, 1070.21777344, 152.378967285, 413.185180664, 242.485565186, 235.672668457, 143.453979492, 121.375968933, 52.6468391418, 19.3814945221, 4.76461219788, 1.30662107468, 0.411388158798, 0.223075062037, 0.104966402054, 0.0316382497549, 0.0100138867274, 0.0029040616937, 0.00127974082716, 0.00027747565764, 4.36553636973e-05, 1.52121447172e-06, 3.07891738771e-08, 3.51378010022e-10, 4.33368368968e-10]}, "gfcc": {"mean": [-137.652542114, 136.995300293, -154.638031006, -9.41317939758, -68.4044647217, -33.2579040527, -52.3196334839, -11.0036687851, -22.9371948242, -12.1122484207, -14.6667814255, -15.1902523041, -13.6440391541], "cov": [[62605.1015625, 6235.51708984, -8280.234375, 513.395446777, -3620.5222168, -1119.96704102, -2698.45043945, -519.032226562, -1496.02709961, -603.66619873, -1092.64086914, -1072.48181152, -984.787780762], [6235.51708984, 1620.27819824, -1112.28479004, -152.005432129, -330.505950928, -370.52331543, -220.314544678, -139.13180542, -80.3807983398, -178.293258667, -20.2001647949, -209.26008606, -62.1134567261], [-8280.234375, -1112.28479004, 1375.80285645, 58.774230957, 516.735046387, 285.226318359, 365.00390625, 91.7848968506, 175.221939087, 108.46182251, 109.865989685, 152.013244629, 109.141601562], [513.395446777, -152.005432129, 58.774230957, 213.136444092, 46.9581451416, 95.4994812012, 16.5664920807, 11.4625701904, -22.3897724152, 7.72475337982, -35.9402503967, -21.8458900452, -21.1779880524], [-3620.5222168, -330.505950928, 516.735046387, 46.9581451416, 305.767364502, 108.194160461, 205.932418823, 31.7851905823, 89.6207580566, 25.6204738617, 63.2127342224, 35.1842536926, 45.9351501465], [-1119.96704102, -370.52331543, 285.226318359, 95.4994812012, 108.194160461, 184.127059937, 79.3682250977, 41.0949211121, 2.96651864052, 35.4477729797, -21.4687671661, 30.4346389771, 2.37020874023], [-2698.45043945, -220.314544678, 365.00390625, 16.5664920807, 205.932418823, 79.3682250977, 222.990600586, 43.4558372498, 78.6569824219, 20.0626850128, 58.2029190063, 15.0519800186, 39.7185287476], [-519.032226562, -139.13180542, 91.7848968506, 11.4625701904, 31.7851905823, 41.0949211121, 43.4558372498, 63.2930107117, 23.3249168396, 17.4626541138, -1.30153858662, 20.0085639954, -0.393885463476], [-1496.02709961, -80.3807983398, 175.221939087, -22.3897724152, 89.6207580566, 2.96651864052, 78.6569824219, 23.3249168396, 89.7133255005, 32.8200645447, 44.9328727722, 11.6028032303, 19.7619152069], [-603.66619873, -178.293258667, 108.46182251, 7.72475337982, 25.6204738617, 35.4477729797, 20.0626850128, 17.4626541138, 32.8200645447, 68.0587844849, 26.9736194611, 25.8176059723, -2.38784599304], [-1092.64086914, -20.2001647949, 109.865989685, -35.9402503967, 63.2127342224, -21.4687671661, 58.2029190063, -1.30153858662, 44.9328727722, 26.9736194611, 79.1175765991, 26.4138698578, 22.1414299011], [-1072.48181152, -209.26008606, 152.013244629, -21.8458900452, 35.1842536926, 30.4346389771, 15.0519800186, 20.0085639954, 11.6028032303, 25.8176059723, 26.4138698578, 85.9478530884, 39.412361145], [-984.787780762, -62.1134567261, 109.141601562, -21.1779880524, 45.9351501465, 2.37020874023, 39.7185287476, -0.393885463476, 19.7619152069, -2.38784599304, 22.1414299011, 39.412361145, 64.0358810425]], "icov": [[0.00032958650263, -0.000626244407613, 0.000835512881167, -0.00116425403394, 0.00153451832011, -0.0008911738405, 0.000600589381065, -0.000602107844315, 0.00120280170813, -0.000765505537856, 9.45045758272e-05, 0.00030577700818, 0.000587476883084], [-0.000626244407613, 0.00477808341384, 0.000790635473095, 0.00317052821629, -0.00339592155069, 0.00206118449569, -0.00033938739216, 0.00258423527703, -0.00461705913767, 0.00726493634284, -0.00413849717006, 0.0039927540347, -0.0020397612825], [0.000835512881167, 0.000790635473095, 0.00690469611436, -0.00170436594635, -4.8307760153e-05, -0.0042176139541, 0.00139589630999, 0.000293361255899, -0.000251814111834, 0.000765377073549, -0.00132702861447, 0.000806117604952, 0.000679787946865], [-0.00116425403394, 0.00317052821629, -0.00170436594635, 0.0119436522946, -0.00843558087945, -0.000514292332809, -0.000379280536436, 0.00160486844834, -0.00235222885385, 0.00227205315605, -0.000410025590099, 0.0036990691442, -0.00298342620954], [0.00153451832011, -0.00339592155069, -4.8307760153e-05, -0.00843558087945, 0.0240984857082, -0.00647952593863, -0.00443376041949, 0.00117522699293, -5.60585140192e-05, 0.00260004610755, -0.00327749410644, -0.000141559663462, 0.00464248796925], [-0.0008911738405, 0.00206118449569, -0.0042176139541, -0.000514292332809, -0.00647952593863, 0.0210921615362, -0.00692456727847, -0.000314946868457, 0.0044508879073, -0.00683768931776, 0.0109232440591, -0.00462696980685, 0.000915245560464], [0.000600589381065, -0.00033938739216, 0.00139589630999, -0.000379280536436, -0.00443376041949, -0.00692456727847, 0.0206867884845, -0.0107909813523, 0.000673481670674, 0.00322357006371, -0.0114485165104, 0.0130202956498, -0.00720092002302], [-0.000602107844315, 0.00258423527703, 0.000293361255899, 0.00160486844834, 0.00117522699293, -0.000314946868457, -0.0107909813523, 0.0310740303248, -0.0136706437916, 0.00432336516678, 0.00826599542052, -0.0131387375295, 0.00893921311945], [0.00120280170813, -0.00461705913767, -0.000251814111834, -0.00235222885385, -5.60585140192e-05, 0.0044508879073, 0.000673481670674, -0.0136706437916, 0.037762966007, -0.0211458280683, -0.000614566612057, 0.00863245502114, -0.00449900282547], [-0.000765505537856, 0.00726493634284, 0.000765377073549, 0.00227205315605, 0.00260004610755, -0.00683768931776, 0.00322357006371, 0.00432336516678, -0.0211458280683, 0.0442482531071, -0.0197698865086, -4.83575749968e-05, 0.0061776782386], [9.45045758272e-05, -0.00413849717006, -0.00132702861447, -0.000410025590099, -0.00327749410644, 0.0109232440591, -0.0114485165104, 0.00826599542052, -0.000614566612057, -0.0197698865086, 0.0402811467648, -0.0178226213902, 0.00515779480338], [0.00030577700818, 0.0039927540347, 0.000806117604952, 0.0036990691442, -0.000141559663462, -0.00462696980685, 0.0130202956498, -0.0131387375295, 0.00863245502114, -4.83575749968e-05, -0.0178226213902, 0.0412893630564, -0.021375015378], [0.000587476883084, -0.0020397612825, 0.000679787946865, -0.00298342620954, 0.00464248796925, 0.000915245560464, -0.00720092002302, 0.00893921311945, -0.00449900282547, 0.0061776782386, 0.00515779480338, -0.021375015378, 0.03467547521]]}, "melbands": {"dmean": [7.36038998639e-07, 9.06098557607e-06, 0.000197583853151, 0.000106719540781, 0.000132952918648, 0.000347423512721, 0.00057401455706, 0.00030339640216, 0.000120589102153, 9.94096553768e-05, 2.40123026742e-05, 5.92974138272e-05, 2.42588830588e-05, 1.4282813936e-05, 1.56975547725e-05, 2.18607383431e-05, 1.01547802842e-05, 1.42379758472e-05, 1.18175012176e-05, 1.13991736725e-05, 7.42536713005e-06, 5.78121807848e-06, 5.39876236871e-06, 3.02818057207e-06, 2.63383026322e-06, 1.40044744512e-06, 6.85931865974e-07, 5.38875383427e-07, 2.79396431324e-07, 1.52982110535e-07, 1.01761408189e-07, 8.24787989018e-08, 5.62122117742e-08, 4.28841389066e-08, 2.73329838762e-08, 1.95648119927e-08, 1.17564491475e-08, 8.59407656151e-09, 7.78897035758e-09, 6.26981799812e-09], "dmean2": [1.24882456021e-06, 1.42297058119e-05, 0.000184334669029, 0.000125100908917, 0.000185376498848, 0.000458790542325, 0.000818286265712, 0.000430109037552, 0.000161665026098, 0.000128871542984, 3.45843000105e-05, 8.86290290509e-05, 3.71479363821e-05, 2.28410463023e-05, 2.63687707047e-05, 3.51288254024e-05, 1.6780817532e-05, 2.40383178607e-05, 1.99267942662e-05, 1.90787122847e-05, 1.22930559883e-05, 9.6056419352e-06, 8.9348613983e-06, 4.87378792968e-06, 4.21110325988e-06, 2.32312936532e-06, 1.11738279429e-06, 8.61787668782e-07, 4.41824994368e-07, 2.42617346657e-07, 1.58177059006e-07, 1.28395356569e-07, 8.65142268935e-08, 6.47050768521e-08, 4.14756087252e-08, 3.05882181806e-08, 1.75402465885e-08, 1.262846272e-08, 1.10614655213e-08, 8.75068550954e-09], "dvar": [2.5254188931e-12, 3.49917622655e-10, 8.47441228302e-08, 2.11000266148e-08, 3.9800674756e-08, 2.94600795314e-07, 9.34895524551e-07, 2.15877747678e-07, 4.84898379227e-08, 3.32623564248e-08, 1.19788112762e-09, 1.16425349361e-08, 1.72046077385e-09, 5.12716924472e-10, 1.38627032076e-09, 1.80099635205e-09, 4.13127088095e-10, 5.12134668007e-10, 3.67226415943e-10, 5.28490140539e-10, 1.93856708464e-10, 1.06324511695e-10, 1.18978410457e-10, 8.41369821036e-11, 2.05164045475e-11, 1.54456551715e-11, 1.58977746332e-12, 1.17494208807e-12, 2.88204735684e-13, 1.0838359832e-13, 4.42262701884e-14, 4.02208783857e-14, 1.94756472912e-14, 1.78019745619e-14, 4.45376361117e-15, 3.48316083889e-15, 9.24331268197e-16, 4.59665775173e-16, 3.19724391463e-16, 2.4078671766e-16], "dvar2": [7.0523547939e-12, 8.12367284553e-10, 1.16297385944e-07, 3.3703301483e-08, 8.82542465774e-08, 5.94484049543e-07, 2.21977370529e-06, 4.38301128725e-07, 8.16095209188e-08, 5.6320537567e-08, 2.34895436435e-09, 2.49248390816e-08, 3.80117892718e-09, 1.25128085671e-09, 4.09483380537e-09, 4.11825418212e-09, 1.05976372122e-09, 1.41143352561e-09, 1.01532748875e-09, 1.46400014334e-09, 5.29188304288e-10, 2.89889445781e-10, 2.89459817227e-10, 2.20776660842e-10, 5.04203137575e-11, 4.61388080519e-11, 4.15607609092e-12, 2.86308607031e-12, 6.51372890088e-13, 2.38092857062e-13, 1.00833105971e-13, 1.03695250628e-13, 4.96743590001e-14, 4.22828377942e-14, 1.05499190249e-14, 8.7753011441e-15, 2.01492493954e-15, 1.01421967511e-15, 6.58889565494e-16, 4.90324662095e-16], "max": [3.31561204803e-05, 0.000493710802402, 0.00899591948837, 0.00311069469899, 0.00377033557743, 0.0114265615121, 0.0198320765048, 0.0103049594909, 0.003851050511, 0.00454211281613, 0.000539972854313, 0.00204033940099, 0.000702610705048, 0.000406196864787, 0.00082990899682, 0.000823225593194, 0.000347421999322, 0.000318268925184, 0.000292765995255, 0.000372784095816, 0.000182464602403, 0.000142260018038, 0.000330802547978, 0.000320954684867, 7.54528227844e-05, 8.82031454239e-05, 1.79274647962e-05, 1.94913500309e-05, 8.97341305972e-06, 9.7871898106e-06, 4.12189501731e-06, 3.99591363021e-06, 2.68816938842e-06, 3.97081839765e-06, 1.32819116061e-06, 1.96897030946e-06, 9.00301472484e-07, 4.38882779008e-07, 2.91850227541e-07, 3.19098347745e-07], "mean": [1.33735920826e-06, 3.1721261621e-05, 0.000730803061742, 0.000487083481858, 0.000409694039263, 0.000828090938739, 0.0014038233785, 0.00083100021584, 0.000284947891487, 0.000279217434581, 5.87025133427e-05, 0.000108639942482, 4.60999726783e-05, 2.61337718257e-05, 2.80555541394e-05, 3.97821022489e-05, 1.648590478e-05, 2.31328740483e-05, 2.10316957237e-05, 1.78605168912e-05, 1.27506064018e-05, 1.01628302218e-05, 9.46293039306e-06, 5.56117129236e-06, 4.7043727136e-06, 2.44671832661e-06, 1.36573567033e-06, 1.01019975318e-06, 5.90666559219e-07, 3.22972596223e-07, 2.17084973997e-07, 1.70613716932e-07, 1.19564134593e-07, 8.65127844918e-08, 5.88846909011e-08, 4.27196802377e-08, 2.95625923741e-08, 2.25322001057e-08, 1.87231723459e-08, 1.56283377351e-08], "median": [5.10784047947e-07, 7.44031467548e-06, 0.000447075843113, 0.00034414808033, 0.000267264753347, 0.000414445006754, 0.000593986536842, 0.000455524685094, 0.000127167877508, 9.32945185923e-05, 2.98191516777e-05, 4.68725884275e-05, 2.12115573959e-05, 1.57745180331e-05, 1.52543743752e-05, 1.89116162801e-05, 9.7693364296e-06, 1.39306866913e-05, 1.3207286429e-05, 9.55177893047e-06, 6.73476006341e-06, 5.58164265385e-06, 5.38042240805e-06, 2.97737960864e-06, 2.77214121525e-06, 1.20726065234e-06, 7.84791552633e-07, 5.35875074092e-07, 3.17275890893e-07, 1.5733564851e-07, 8.18794632096e-08, 5.97015912263e-08, 3.8605136865e-08, 2.41912001542e-08, 1.69799001526e-08, 1.40508902291e-08, 9.58995816092e-09, 6.01646288345e-09, 4.51908022114e-09, 3.24023519127e-09], "min": [8.43680821677e-25, 4.67913437578e-25, 1.18975272029e-24, 1.16143182493e-24, 1.57943531494e-24, 9.70527288654e-25, 1.01583157044e-24, 2.24842949586e-24, 7.04715972082e-25, 2.17292643533e-24, 2.37352528327e-24, 2.27182770196e-24, 2.18791893405e-24, 2.27588560245e-24, 1.35255556594e-24, 2.99500055403e-24, 2.02678699441e-24, 3.4585204308e-24, 1.57515761807e-24, 3.47731464743e-24, 3.0145982255e-24, 3.48528214258e-24, 4.33943824821e-24, 3.69018836828e-24, 3.78610991005e-24, 3.34964815954e-24, 4.61216679024e-24, 4.05840576187e-24, 4.98782629761e-24, 3.91040559529e-24, 4.88448196915e-24, 5.01111978242e-24, 4.93211772934e-24, 5.14343699977e-24, 5.67351563491e-24, 5.78563761866e-24, 6.27290398361e-24, 5.7431002665e-24, 6.82996402829e-24, 6.25391610162e-24], "var": [5.13169715055e-12, 3.88970367027e-09, 7.64498565786e-07, 2.48513742918e-07, 2.12872478755e-07, 1.59392686783e-06, 4.99382986163e-06, 1.50393736931e-06, 1.77755367758e-07, 2.93285893349e-07, 6.11728934174e-09, 3.12452748119e-08, 4.55511628417e-09, 1.06917341647e-09, 2.69261013486e-09, 4.15046574886e-09, 5.98095573068e-10, 9.28852939008e-10, 7.05064007178e-10, 7.83334452858e-10, 3.31703303713e-10, 1.86417409287e-10, 2.39556929849e-10, 1.09669433257e-10, 3.85870918551e-11, 1.89966063713e-11, 3.31667505959e-12, 2.30723448159e-12, 7.2145235749e-13, 2.63735051593e-13, 1.20711844383e-13, 8.51183747509e-14, 4.50853547204e-14, 3.21115916247e-14, 1.18219084018e-14, 6.93078610454e-15, 2.81624669501e-15, 1.65118728677e-15, 1.14342661028e-15, 8.85440226879e-16]}, "mfcc": {"mean": [-735.287109375, 162.712814331, -41.3226394653, 6.67694187164, -16.4811191559, -27.3661632538, -28.1258049011, -19.3141460419, -18.3099250793, -11.3324117661, -10.2516231537, -8.59546947479, -9.26839256287], "cov": [[15491.4169922, 3967.21704102, -1514.39123535, 444.126647949, -425.896362305, -408.000518799, -646.555664062, -426.188232422, -435.90447998, -255.949081421, -333.211120605, -277.42767334, -177.011611938], [3967.21704102, 2235.12182617, -559.956054688, 122.87638855, -156.834381104, -276.91885376, -232.676315308, -177.944763184, -174.644500732, -62.5599975586, -79.5709762573, -63.5260124207, -113.105743408], [-1514.39123535, -559.956054688, 307.057159424, -40.1263923645, 63.6392440796, 73.5777893066, 70.7697753906, 58.5561218262, 58.3398742676, 22.1075057983, 36.8868179321, 22.6821422577, 32.6749763489], [444.126647949, 122.87638855, -40.1263923645, 114.744873047, 22.2486724854, 21.9901504517, 11.5625677109, 3.75250840187, -0.582310080528, 15.1908073425, -0.965716600418, -3.17823243141, 6.91500520706], [-425.896362305, -156.834381104, 63.6392440796, 22.2486724854, 91.057510376, 51.0983009338, 34.8900909424, 32.909526825, 30.9601688385, 18.1891117096, 23.2200145721, 12.8353900909, 15.219534874], [-408.000518799, -276.91885376, 73.5777893066, 21.9901504517, 51.0983009338, 128.120574951, 76.6089553833, 40.5695304871, 43.2876358032, 26.1521282196, 16.623336792, 17.4691543579, 25.625295639], [-646.555664062, -232.676315308, 70.7697753906, 11.5625677109, 34.8900909424, 76.6089553833, 116.728248596, 66.4731292725, 47.9942054749, 37.0041885376, 23.305973053, 17.7765350342, 25.4004974365], [-426.188232422, -177.944763184, 58.5561218262, 3.75250840187, 32.909526825, 40.5695304871, 66.4731292725, 82.5315704346, 52.7821235657, 25.2090301514, 18.7041912079, 6.35097122192, 18.1291904449], [-435.90447998, -174.644500732, 58.3398742676, -0.582310080528, 30.9601688385, 43.2876358032, 47.9942054749, 52.7821235657, 78.3470001221, 37.5588531494, 24.3826560974, 15.1038274765, 13.589723587], [-255.949081421, -62.5599975586, 22.1075057983, 15.1908073425, 18.1891117096, 26.1521282196, 37.0041885376, 25.2090301514, 37.5588531494, 66.5140151978, 38.4980735779, 17.1415157318, 14.9414310455], [-333.211120605, -79.5709762573, 36.8868179321, -0.965716600418, 23.2200145721, 16.623336792, 23.305973053, 18.7041912079, 24.3826560974, 38.4980735779, 69.415725708, 40.3114051819, 16.3644599915], [-277.42767334, -63.5260124207, 22.6821422577, -3.17823243141, 12.8353900909, 17.4691543579, 17.7765350342, 6.35097122192, 15.1038274765, 17.1415157318, 40.3114051819, 66.6926803589, 25.7872333527], [-177.011611938, -113.105743408, 32.6749763489, 6.91500520706, 15.219534874, 25.625295639, 25.4004974365, 18.1291904449, 13.589723587, 14.9414310455, 16.3644599915, 25.7872333527, 66.9899673462]], "icov": [[0.000212828832446, -0.000191440209164, 0.000523245544173, -0.00049451214727, 0.000490501755849, -0.000643651350401, 0.000896301586181, -0.000338641111739, 5.53011341253e-05, 0.000288699404337, -6.52927992633e-05, 0.000440733914729, -0.000307775946567], [-0.000191440209164, 0.00128498463891, 0.00084166682791, -0.000611011928413, -0.00031356033287, 0.00193945120554, -0.000578442122787, 0.000611492956523, 0.000356762640877, -0.000561021035537, 7.00031523593e-05, -0.000590497802477, 0.00096240802668], [0.000523245544173, 0.00084166682791, 0.00790065620095, -2.3893033358e-05, -0.000899057486095, -0.00108737288974, 0.00132828950882, -0.000685118546244, -0.000900157727301, 0.0017573464429, -0.00183395470958, 0.00178093649447, -0.00119241513312], [-0.00049451214727, -0.000611011928413, -2.3893033358e-05, 0.0134079810232, -0.00493068201467, -0.00164392683655, -0.0023697768338, 0.00010993914475, 0.00182239513379, -0.00412993598729, 0.00186961167492, -0.000101773985079, -0.000958936288953], [0.000490501755849, -0.00031356033287, -0.000899057486095, -0.00493068201467, 0.0188186969608, -0.00623343279585, 0.00457876035944, -0.00440677674487, -0.00112774688751, 0.00237571005709, -0.00445227278396, 0.0015661396319, -0.000536744017154], [-0.000643651350401, 0.00193945120554, -0.00108737288974, -0.00164392683655, -0.00623343279585, 0.020037677139, -0.0122793447226, 0.00660360651091, -0.00421070028096, -5.68532705074e-05, 0.00214771507308, -0.00232390803285, 0.00013079000928], [0.000896301586181, -0.000578442122787, 0.00132828950882, -0.0023697768338, 0.00457876035944, -0.0122793447226, 0.0283906534314, -0.0174144767225, 0.0045942729339, -0.00587434787303, 0.00217410176992, -0.00141309387982, -0.00101563252974], [-0.000338641111739, 0.000611492956523, -0.000685118546244, 0.00010993914475, -0.00440677674487, 0.00660360651091, -0.0174144767225, 0.0348295755684, -0.0167031176388, 0.00554073275998, -0.00410261331126, 0.00584730412811, -0.00298319896683], [5.53011341253e-05, 0.000356762640877, -0.000900157727301, 0.00182239513379, -0.00112774688751, -0.00421070028096, 0.0045942729339, -0.0167031176388, 0.0312445368618, -0.0131629435346, 0.00372770149261, -0.00447849044576, 0.00305549730547], [0.000288699404337, -0.000561021035537, 0.0017573464429, -0.00412993598729, 0.00237571005709, -5.68532705074e-05, -0.00587434787303, 0.00554073275998, -0.0131629435346, 0.0330393239856, -0.0173852853477, 0.00681042997167, -0.00347884278744], [-6.52927992633e-05, 7.00031523593e-05, -0.00183395470958, 0.00186961167492, -0.00445227278396, 0.00214771507308, 0.00217410176992, -0.00410261331126, 0.00372770149261, -0.0173852853477, 0.0344633646309, -0.0175986532122, 0.00260015926324], [0.000440733914729, -0.000590497802477, 0.00178093649447, -0.000101773985079, 0.0015661396319, -0.00232390803285, -0.00141309387982, 0.00584730412811, -0.00447849044576, 0.00681042997167, -0.0175986532122, 0.0290451366454, -0.00869619846344], [-0.000307775946567, 0.00096240802668, -0.00119241513312, -0.000958936288953, -0.000536744017154, 0.00013079000928, -0.00101563252974, -0.00298319896683, 0.00305549730547, -0.00347884278744, 0.00260015926324, -0.00869619846344, 0.020552650094]]}, "spectral_contrast_coeffs": {"dmean": [0.0323696136475, 0.0363310985267, 0.033036403358, 0.0265954378992, 0.0189964026213, 0.0113721163943], "dmean2": [0.0526350364089, 0.057525165379, 0.0521658696234, 0.0440952070057, 0.0309770386666, 0.0188380740583], "dvar": [0.000720160605852, 0.000935039483011, 0.000715594622307, 0.000471804756671, 0.000261415349087, 0.000102130521554], "dvar2": [0.00187456340063, 0.0023101423867, 0.00185265322216, 0.00129472126719, 0.000653433264233, 0.000254128215602], "max": [-0.238344117999, -0.404334187508, -0.465441554785, -0.607974946499, -0.656420588493, -0.693940520287], "mean": [-0.488222002983, -0.669463276863, -0.716374695301, -0.766663074493, -0.773278295994, -0.775693893433], "median": [-0.459894388914, -0.662072777748, -0.710627317429, -0.759810328484, -0.766846358776, -0.764742195606], "min": [-0.985984623432, -0.981460154057, -0.981028437614, -0.973332345486, -0.976288974285, -0.965133786201], "var": [0.0185832753778, 0.00872133020312, 0.00645428011194, 0.00323652289808, 0.00270725367591, 0.00248535396531]}, "spectral_contrast_valleys": {"dmean": [0.394581198692, 0.264912217855, 0.260839432478, 0.215686589479, 0.180614605546, 0.148346677423], "dmean2": [0.669413149357, 0.42249366641, 0.428369313478, 0.350986033678, 0.264762490988, 0.192471146584], "dvar": [0.144733205438, 0.0907308235765, 0.0877232402563, 0.0708753