{"lowlevel": {"average_loudness": 0.783612787724, "barkbands_crest": {"dmean": 3.05711150169, "dmean2": 5.04096746445, "dvar": 11.582034111, "dvar2": 28.3786144257, "max": 26.5283908844, "mean": 17.0882511139, "median": 17.1987361908, "min": 2.9230670929, "var": 36.2446479797}, "barkbands_flatness_db": {"dmean": 0.0525341890752, "dmean2": 0.080935485661, "dvar": 0.00288556236774, "dvar2": 0.00652181450278, "max": 0.589379012585, "mean": 0.332662403584, "median": 0.334961920977, "min": 0.0564974732697, "var": 0.00665963767096}, "barkbands_kurtosis": {"dmean": 33.3020896912, "dmean2": 52.2376708984, "dvar": 5468.99511719, "dvar2": 12676.9179688, "max": 1300.64233398, "mean": 47.8617362976, "median": 18.0518531799, "min": -1.84596812725, "var": 7650.68115234}, "barkbands_skewness": {"dmean": 1.7285118103, "dmean2": 2.65301728249, "dvar": 5.21291255951, "dvar2": 11.5996789932, "max": 29.7246265411, "mean": 4.49261713028, "median": 3.62090826035, "min": -4.64596509933, "var": 13.7552204132}, "barkbands_spread": {"dmean": 6.01338434219, "dmean2": 10.2992897034, "dvar": 119.347244263, "dvar2": 318.500823975, "max": 71.5023345947, "mean": 7.96356296539, "median": 4.59685134888, "min": 0.119004115462, "var": 100.063201904}, "dissonance": {"dmean": 0.0274639986455, "dmean2": 0.0452012494206, "dvar": 0.000729682447854, "dvar2": 0.00196965551004, "max": 0.4998280406, "mean": 0.440788418055, "median": 0.452240258455, "min": 0.198325201869, "var": 0.00202594650909}, "dynamic_complexity": 3.49200439453, "erbbands_crest": {"dmean": 2.64977002144, "dmean2": 4.1407585144, "dvar": 6.39720439911, "dvar2": 14.412817955, "max": 27.3895187378, "mean": 9.23370456696, "median": 8.36976337433, "min": 2.18302130699, "var": 14.7712965012}, "erbbands_flatness_db": {"dmean": 0.0225513875484, "dmean2": 0.0317344591022, "dvar": 0.000368572334992, "dvar2": 0.000799289962742, "max": 0.528417289257, "mean": 0.234006151557, "median": 0.213414728642, "min": 0.0320045091212, "var": 0.00553649524227}, "erbbands_kurtosis": {"dmean": 1.74265038967, "dmean2": 2.73766970634, "dvar": 5.57762718201, "dvar2": 13.2244644165, "max": 43.9109802246, "mean": 1.169911623, "median": 0.1848487854, "min": -1.83878731728, "var": 12.1128101349}, "erbbands_skewness": {"dmean": 0.664882600307, "dmean2": 1.01570916176, "dvar": 0.497703284025, "dvar2": 1.16958022118, "max": 5.59988689423, "mean": 0.499547213316, "median": 0.518814086914, "min": -3.63665676117, "var": 1.15469312668}, "erbbands_spread": {"dmean": 15.7643690109, "dmean2": 23.7774295807, "dvar": 312.907196045, "dvar2": 702.246276855, "max": 142.766464233, "mean": 42.2781257629, "median": 35.2467727661, "min": 1.26567208767, "var": 746.732666016}, "hfc": {"dmean": 11.0707921982, "dmean2": 17.8416957855, "dvar": 592.726013184, "dvar2": 1524.89160156, "max": 371.008514404, "mean": 17.0584812164, "median": 9.82452011108, "min": 1.21842168982e-16, "var": 597.135070801}, "melbands_crest": {"dmean": 3.06886506081, "dmean2": 4.86546945572, "dvar": 10.5610074997, "dvar2": 25.1300811768, "max": 34.5266609192, "mean": 20.3230209351, "median": 19.9691925049, "min": 1.94966983795, "var": 38.6231994629}, "melbands_flatness_db": {"dmean": 0.0643339082599, "dmean2": 0.0963156074286, "dvar": 0.004601304885, "dvar2": 0.0105139994994, "max": 0.712246656418, "mean": 0.420707255602, "median": 0.426807940006, "min": 0.00619276566431, "var": 0.0119308764115}, "melbands_kurtosis": {"dmean": 41.7945289612, "dmean2": 64.9624252319, "dvar": 4240.96582031, "dvar2": 9512.88378906, "max": 695.56640625, "mean": 74.0370254517, "median": 40.7553596497, "min": -1.78595173359, "var": 8548.48730469}, "melbands_skewness": {"dmean": 1.72499525547, "dmean2": 2.69396615028, "dvar": 3.75423645973, "dvar2": 8.69957637787, "max": 19.1244869232, "mean": 5.46083593369, "median": 4.92737865448, "min": -3.17129945755, "var": 11.5035362244}, "melbands_spread": {"dmean": 5.27217435837, "dmean2": 9.26557445526, "dvar": 138.75819397, "dvar2": 388.536895752, "max": 145.000778198, "mean": 7.33199167252, "median": 3.38651490211, "min": 0.204203128815, "var": 137.89213562}, "pitch_salience": {"dmean": 0.088197901845, "dmean2": 0.142262592912, "dvar": 0.00942955166101, "dvar2": 0.0220840070397, "max": 0.832480967045, "mean": 0.390480190516, "median": 0.404274880886, "min": 0.0392530746758, "var": 0.0287765394896}, "silence_rate_20dB": {"dmean": 0.0526134818792, "dmean2": 0.105245053768, "dvar": 0.0498441532254, "dvar2": 0.100701056421, "max": 1, "mean": 0.933814704418, "median": 1, "min": 0, "var": 0.0618076138198}, "silence_rate_30dB": {"dmean": 0.0928473174572, "dmean2": 0.185726568103, "dvar": 0.0842222869396, "dvar2": 0.175989896059, "max": 1, "mean": 0.685748696327, "median": 1, "min": 0, "var": 0.215498358011}, "silence_rate_60dB": {"dmean": 0.00756533723325, "dmean2": 0.0151332756504, "dvar": 0.00750809116289, "dvar2": 0.0149041358382, "max": 1, "mean": 0.0706549733877, "median": 0, "min": 0, "var": 0.0656603947282}, "spectral_centroid": {"dmean": 374.286712646, "dmean2": 594.989807129, "dvar": 331472.875, "dvar2": 788616.0625, "max": 11166.2314453, "mean": 726.723327637, "median": 515.679260254, "min": 108.142219543, "var": 454635.40625}, "spectral_complexity": {"dmean": 4.18707036972, "dmean2": 6.76113510132, "dvar": 48.9932250977, "dvar2": 112.485572815, "max": 60, "mean": 11.5009450912, "median": 10, "min": 0, "var": 61.1082000732}, "spectral_decrease": {"dmean": 1.41346019333e-08, "dmean2": 2.16625490879e-08, "dvar": 1.06434803784e-15, "dvar2": 2.18749456178e-15, "max": 8.50066958854e-29, "mean": -2.80035141742e-08, "median": -1.49677710226e-08, "min": -3.00751935356e-07, "var": 1.54893198707e-15}, "spectral_energy": {"dmean": 0.0537204779685, "dmean2": 0.0819337368011, "dvar": 0.0151378596202, "dvar2": 0.0310002993792, "max": 1.14167714119, "mean": 0.107238769531, "median": 0.0578202605247, "min": 1.07306126132e-20, "var": 0.022359225899}, "spectral_energyband_high": {"dmean": 0.000971150875557, "dmean2": 0.0017057582736, "dvar": 7.09988717063e-06, "dvar2": 1.90876653505e-05, "max": 0.045664049685, "mean": 0.000718400871847, "median": 5.75229751121e-05, "min": 7.55812212472e-21, "var": 4.98618692291e-06}, "spectral_energyband_low": {"dmean": 0.0531688034534, "dmean2": 0.0827823802829, "dvar": 0.0159452818334, "dvar2": 0.0333173088729, "max": 1.12543046474, "mean": 0.09616843611, "median": 0.0449468195438, "min": 4.98268466e-23, "var": 0.0219962075353}, "spectral_energyband_middle_high": {"dmean": 0.00270709604956, "dmean2": 0.00453628506511, "dvar": 3.43932806572e-05, "dvar2": 9.25264248508e-05, "max": 0.0546937100589, "mean": 0.00272964476608, "median": 0.000936924654525, "min": 1.59582597889e-21, "var": 2.69701340585e-05}, "spectral_energyband_middle_low": {"dmean": 0.003242935054, "dmean2": 0.00535637373105, "dvar": 5.58957217436e-05, "dvar2": 0.000146270671394, "max": 0.171412944794, "mean": 0.00980672892183, "median": 0.00722581334412, "min": 2.88156550341e-22, "var": 0.0001227685716}, "spectral_entropy": {"dmean": 0.367178976536, "dmean2": 0.51984578371, "dvar": 0.137486502528, "dvar2": 0.289856940508, "max": 9.79455661774, "mean": 6.7935295105, "median": 6.79980564117, "min": 4.50023651123, "var": 0.453759014606}, "spectral_flux": {"dmean": 0.0647835955024, "dmean2": 0.101184777915, "dvar": 0.00965974386781, "dvar2": 0.023439437151, "max": 0.851657032967, "mean": 0.117633759975, "median": 0.0772480741143, "min": 1.07697385732e-10, "var": 0.018074862659}, "spectral_kurtosis": {"dmean": 11.2838516235, "dmean2": 18.7515735626, "dvar": 365.057128906, "dvar2": 972.600708008, "max": 232.400726318, "mean": 19.905424118, "median": 4.37034463882, "min": -1.26941978931, "var": 1320.47937012}, "spectral_rms": {"dmean": 0.00199843756855, "dmean2": 0.00294779310934, "dvar": 1.03391366792e-05, "dvar2": 1.82592939382e-05, "max": 0.0333741120994, "mean": 0.00859462190419, "median": 0.00751065975055, "min": 3.23556654559e-12, "var": 3.07558111672e-05}, "spectral_rolloff": {"dmean": 284.723876953, "dmean2": 534.377258301, "dvar": 595961.6875, "dvar2": 1566841.625, "max": 19272.2167969, "mean": 433.049499512, "median": 172.265625, "min": 21.533203125, "var": 723309.0625}, "spectral_skewness": {"dmean": 0.962307751179, "dmean2": 1.51657533646, "dvar": 1.16493391991, "dvar2": 3.22542858124, "max": 11.8435754776, "mean": 2.28508901596, "median": 1.60932207108, "min": -0.407057374716, "var": 4.45450878143}, "spectral_spread": {"dmean": 732817.375, "dmean2": 1045788.3125, "dvar": 912831676416, "dvar2": 1437372252160.0, "max": 42569492, "mean": 3111609, "median": 3073435.5, "min": 347412.53125, "var": 2880659783680.0}, "spectral_strongpeak": {"dmean": 0.292941331863, "dmean2": 0.474077522755, "dvar": 0.270100533962, "dvar2": 0.644028484821, "max": 7.3941693306, "mean": 0.715669035912, "median": 0.603577435017, "min": 0, "var": 0.359896600246}, "zerocrossingrate": {"dmean": 0.00666727218777, "dmean2": 0.00903299357742, "dvar": 9.68200911302e-05, "dvar2": 0.000138474235428, "max": 0.50732421875, "mean": 0.019823949784, "median": 0.0146484375, "min": 0, "var": 0.000592861673795}, "barkbands": {"dmean": [0.00249138032086, 0.0507834739983, 0.00523302983493, 0.00191320502199, 0.00116790237371, 0.000534294638783, 0.000174257322215, 0.000218029686948, 0.000297749618767, 0.000558688247111, 0.000106722924102, 0.000752815627493, 0.000119891810755, 0.000218695611693, 0.000171159088495, 0.000255162653048, 0.000250163051533, 0.000258387619397, 0.000276864098851, 0.000371638976503, 0.000251597084571, 0.000255165388808, 0.000162878408446, 6.41200458631e-05, 2.60233463223e-07, 7.69868702122e-09, 3.94578725249e-09], "dmean2": [0.00409593014047, 0.0803191810846, 0.00956047512591, 0.00324849016033, 0.001923152362, 0.000831357319839, 0.000260272878222, 0.000301256455714, 0.000480308313854, 0.000883743574377, 0.000170482642716, 0.00114218855742, 0.000217049528146, 0.000401817174861, 0.000315890705679, 0.000465270481072, 0.000472120853374, 0.000494135834742, 0.000529184646439, 0.00064706307603, 0.000445455341833, 0.00046039238805, 0.000289130955935, 0.000111537941848, 4.39653149442e-07, 1.34325324197e-08, 7.11506720208e-09], "dvar": [4.07668776461e-05, 0.0154433324933, 0.000304172164761, 3.44201616826e-05, 6.16546321908e-06, 1.03465299617e-06, 1.49127458826e-07, 1.86221953413e-07, 1.56701139531e-06, 2.75856405096e-06, 3.51609337201e-08, 3.85748808185e-06, 1.46347375107e-07, 4.88271894028e-07, 4.70280696163e-07, 5.84479437293e-07, 7.9467258729e-07, 1.14769466109e-06, 1.45260139561e-06, 1.01766249827e-06, 7.24428673493e-07, 6.95792209626e-07, 2.00983109266e-07, 4.06310576295e-08, 8.59500025405e-13, 3.38408551263e-15, 1.27266766499e-16], "dvar2": [9.95648661046e-05, 0.0346233844757, 0.000882766675204, 8.7495376647e-05, 1.68947681232e-05, 2.65420999312e-06, 3.20509229823e-07, 3.35169630716e-07, 3.85920111512e-06, 6.03225771556e-06, 9.19649991715e-08, 8.81545111042e-06, 4.12795998272e-07, 1.39363464768e-06, 1.34054039336e-06, 1.65127210039e-06, 2.28628141485e-06, 3.34834271598e-06, 4.24437530455e-06, 2.69488714366e-06, 2.03703075385e-06, 1.95124289348e-06, 5.37089533736e-07, 1.09396978587e-07, 2.2878116502e-12, 9.28380297443e-15, 3.72114252753e-16], "max": [0.0604091919959, 1.07241511345, 0.191351771355, 0.158740401268, 0.081441283226, 0.015192409046, 0.0109946355224, 0.0173888094723, 0.026173107326, 0.0278222933412, 0.00306136510335, 0.0435436330736, 0.00620901538059, 0.0155086042359, 0.0139731932431, 0.00832376908511, 0.0106893684715, 0.0100790821016, 0.0112047726288, 0.0148914391175, 0.0189061798155, 0.0132483802736, 0.00787726789713, 0.00205816701055, 9.59215685725e-06, 2.85654004983e-06, 5.32961053068e-07], "mean": [0.0026855233591, 0.0848344936967, 0.00650030048564, 0.00396699644625, 0.00313427019864, 0.00137248111423, 0.000373891030904, 0.00056702218717, 0.000330524111632, 0.000596663507167, 0.000150465624756, 0.000852580473293, 0.000112454865302, 0.000162196083693, 0.000119608397654, 0.000198058012757, 0.000149530373164, 0.000153030850925, 0.000168307393324, 0.000284426583676, 0.000193750776816, 0.000175475157448, 0.000112609457574, 4.41053198301e-05, 1.83564722533e-07, 6.15480866273e-09, 3.37479888479e-09], "median": [0.000850068230648, 0.034246660769, 0.00305416854098, 0.00175671628676, 0.00235360278748, 0.000729867722839, 0.000156111709657, 0.000182774558198, 0.000115756498417, 0.000113939917355, 6.78772921674e-05, 0.000148162565893, 3.05568064505e-05, 3.25906294165e-05, 1.67740672623e-05, 3.4699212847e-05, 6.87344299877e-06, 9.42938186199e-06, 1.18284351629e-05, 2.04048847081e-05, 2.04117532121e-05, 8.15944713395e-06, 2.85116198029e-06, 7.73389501774e-07, 4.25982760177e-09, 1.08201614335e-09, 9.95973747919e-10], "min": [5.75277130677e-24, 1.77928224039e-23, 7.01021243425e-24, 1.06000864888e-23, 4.15640303334e-23, 3.58472721046e-23, 4.42260572353e-23, 3.33603944118e-23, 2.96502458905e-23, 3.17105296939e-23, 2.67318833706e-23, 8.56693666066e-23, 1.24161670394e-22, 5.24791515801e-23, 9.95551486958e-23, 1.16347731759e-22, 1.24762264911e-22, 1.36570805843e-22, 1.96068184684e-22, 2.60942287994e-22, 3.37790391077e-22, 6.04689374077e-22, 6.80599856021e-22, 7.42402677702e-22, 1.03554399593e-21, 1.68796361996e-21, 2.30831595983e-21], "var": [3.93771006202e-05, 0.0195321980864, 0.000195887914742, 7.70279148128e-05, 1.03993279481e-05, 3.12822498927e-06, 4.87667648486e-07, 1.16361081837e-06, 1.38437303576e-06, 3.18418528877e-06, 4.66684113576e-08, 4.44665556643e-06, 9.74758762595e-08, 3.00099429751e-07, 2.77219271538e-07, 3.59943300055e-07, 4.42342155793e-07, 6.1337925672e-07, 7.76530896474e-07, 7.5585671766e-07, 4.60538444713e-07, 4.30430986853e-07, 1.40627108181e-07, 2.80564975697e-08, 6.13956747855e-13, 2.19308688505e-15, 8.65404694834e-17]}, "erbbands": {"dmean": [1.98112952709, 9.95612716675, 8.03566646576, 5.93900060654, 4.60752391815, 4.02835655212, 4.61512708664, 4.98568725586, 3.06281495094, 2.45804715157, 4.31849718094, 4.7474489212, 16.740447998, 10.6787595749, 15.7693796158, 18.9957447052, 5.48958492279, 9.25857257843, 11.3237113953, 7.74103975296, 16.7735958099, 14.4459924698, 15.7246198654, 13.7757492065, 13.8646526337, 15.2656059265, 13.9552650452, 9.60938930511, 9.16948413849, 5.35169315338, 5.14041996002, 2.48940443993, 0.494173318148, 0.0259365551174, 0.00116025330499, 0.000157505914103, 4.11290529883e-05, 1.09985967356e-05, 2.44225066126e-05, 5.82173815928e-05], "dmean2": [3.2258617878, 15.7384605408, 13.95835495, 10.2631082535, 7.62015724182, 6.59772634506, 6.8966217041, 7.88625526428, 4.70012569427, 3.63148236275, 6.05313444138, 7.83053731918, 26.6960792542, 16.5801448822, 24.0002632141, 29.2478199005, 9.8936624527, 17.0489845276, 20.9416847229, 14.1971168518, 30.614276886, 27.13722229, 30.1136264801, 26.2793483734, 26.0076370239, 26.4140453339, 24.7255401611, 17.0193367004, 16.3887195587, 9.52905654907, 9.20953655243, 4.32340335846, 0.849364459515, 0.0451485551894, 0.00197015004233, 0.000261367938947, 6.57369964756e-05, 1.86766465049e-05, 3.59561272489e-05, 8.78033824847e-05], "dvar": [27.9701042175, 541.874328613, 561.218811035, 289.746124268, 140.680618286, 60.6338119507, 60.7267494202, 107.258308411, 49.6612625122, 21.9874076843, 70.3479766846, 324.623077393, 2031.67712402, 656.449401855, 1519.10559082, 2257.89233398, 291.789642334, 957.534545898, 2074.61645508, 620.817810059, 2359.78930664, 2636.76171875, 4296.98535156, 3372.11108398, 3478.01245117, 1602.15246582, 1816.86791992, 1142.625, 860.433532715, 254.802505493, 215.208908081, 57.5650901794, 2.41091537476, 0.00738638127223, 1.38826180773e-05, 2.74617292462e-07, 1.97337186592e-08, 1.17699372471e-09, 2.70632249944e-09, 1.71169300955e-08], "dvar2": [68.2155380249, 1212.46655273, 1559.68664551, 794.738342285, 362.172393799, 159.998931885, 146.731872559, 286.608978271, 110.521820068, 45.3135261536, 129.464752197, 830.547912598, 4691.23486328, 1476.80603027, 3441.54663086, 5232.35546875, 821.412109375, 2734.32446289, 5974.92431641, 1746.65661621, 6683.65722656, 7579.86914062, 12530.2509766, 9840.37792969, 10125.5556641, 4222.68359375, 4947.16552734, 3212.12255859, 2401.72265625, 698.114990234, 583.812927246, 153.852478027, 6.39558744431, 0.0199195016176, 3.68389846699e-05, 7.1947044944e-07, 5.23558085774e-08, 3.1961528979e-09, 5.35481214925e-09, 3.47457707051e-08], "max": [48.0153198242, 208.1431427, 211.347885132, 324.069213867, 377.752929688, 176.030029297, 156.771942139, 173.857421875, 177.271987915, 146.486328125, 324.7137146, 381.66708374, 642.935546875, 420.031494141, 844.761474609, 1105.53186035, 302.694519043, 583.143737793, 793.683410645, 371.818878174, 505.56729126, 659.87701416, 645.425292969, 520.49206543, 609.100830078, 560.441711426, 861.330810547, 734.31036377, 443.614685059, 208.320281982, 271.161621094, 94.9976272583, 14.5986909866, 0.788113236427, 0.0835466608405, 0.0167490206659, 0.00622339639813, 0.00135452882387, 0.000503542309161, 0.00123181683011], "mean": [2.72322559357, 17.6929721832, 12.3971576691, 11.0811347961, 11.4825029373, 9.11740875244, 10.6259641647, 12.6319675446, 8.05495452881, 6.39161157608, 11.2039499283, 5.67886686325, 18.2574367523, 13.4957704544, 19.2272624969, 21.1779022217, 5.38643121719, 7.05684518814, 7.9153008461, 5.82030105591, 13.0309696198, 8.97139167786, 9.1885509491, 8.34068489075, 8.94058227539, 12.2246284485, 10.5244483948, 7.22810554504, 6.50930404663, 3.76458215714, 3.41630029678, 1.71117997169, 0.346005737782, 0.0176406912506, 0.000878384278622, 0.000157113667228, 5.59211766813e-05, 1.08573904072e-05, 5.04438503413e-05, 0.000117787443742], "median": [0.735862731934, 8.19350624084, 8.09040546417, 5.48485136032, 7.63140773773, 6.4969587326, 6.05246734619, 6.03173398972, 3.5817091465, 3.21837592125, 4.01792383194, 2.47085285187, 4.96268844604, 5.12420558929, 5.08596992493, 4.32035541534, 1.81338346004, 1.53563392162, 1.21453845501, 1.23958659172, 2.29693651199, 0.745230972767, 0.523467361927, 0.530468940735, 0.730793833733, 0.999010920525, 1.02489256859, 0.603161513805, 0.331437021494, 0.160891264677, 0.0786511078477, 0.0321286432445, 0.00622345181182, 0.000350707647158, 8.48544514156e-05, 4.37652670371e-05, 2.34059134527e-05, 3.61930324289e-06, 2.77285689663e-05, 6.43312741886e-05], "min": [7.28674478467e-22, 3.54860200058e-21, 7.8845418116e-21, 4.76802737829e-20, 4.30173435789e-20, 1.94461592937e-19, 7.25738801145e-20, 3.16595805582e-19, 5.08641578766e-19, 1.00515813732e-18, 5.51470302547e-19, 5.81208324448e-19, 5.72857212381e-19, 1.52727133464e-18, 2.89665601742e-18, 2.59748546937e-18, 5.10225060953e-18, 3.56779004139e-18, 5.32905815681e-18, 5.1115700399e-18, 6.37823502062e-18, 7.77793049618e-18, 7.6024838339e-18, 1.2515206272e-17, 1.37636253028e-17, 1.51279654246e-17, 1.22224174224e-17, 1.48533944008e-17, 1.80502671429e-17, 1.79329051032e-17, 1.8771921016e-17, 1.29184468944e-17, 1.63601220845e-17, 1.11752613608e-17, 7.58562341147e-18, 5.48785698209e-18, 3.04448746175e-18, 1.28985602317e-18, 2.93741813384e-19, 3.63947158749e-20], "var": [29.0931434631, 723.885742188, 419.482940674, 441.997283936, 268.343719482, 106.882446289, 166.083007812, 328.71484375, 203.331588745, 90.609992981, 409.51171875, 268.904602051, 2119.3515625, 777.339111328, 1814.37609863, 2534.76879883, 194.088745117, 586.552978516, 1197.38781738, 380.747436523, 1445.85473633, 1474.30371094, 2297.93579102, 1807.16748047, 1898.5279541, 1286.86279297, 1221.59545898, 724.294921875, 545.770141602, 170.520141602, 142.667037964, 40.1394577026, 1.72804522514, 0.00505450554192, 9.98718769551e-06, 2.09860615996e-07, 1.59910751307e-08, 8.51792747447e-10, 4.51377868416e-09, 2.6173166745e-08]}, "gfcc": {"mean": [-106.690238953, 189.858673096, -107.766342163, 49.6226043701, -35.4960784912, 3.28248357773, 3.61831521988, -17.3275547028, 1.99876189232, -17.574842453, 3.33346366882, -9.22585010529, 7.15207672119], "cov": [[16981.2675781, -1840.23242188, -1582.69787598, 4055.2746582, -1343.16223145, 1368.98022461, 780.075378418, -439.612304688, 1017.71807861, -263.264129639, 617.518981934, -86.9292221069, 333.542694092], [-1840.23242188, 2521.71191406, 59.7331008911, -1987.48217773, 1312.53063965, -513.802856445, -55.157661438, 232.115753174, -327.239044189, 31.1330184937, -103.225532532, 141.067779541, 6.16723060608], [-1582.69787598, 59.7331008911, 1402.01098633, 299.027587891, 11.7501544952, 167.330474854, 192.166976929, 86.5087203979, 50.4837341309, 122.814819336, 23.7247066498, 2.17414879799, 47.4426574707], [4055.2746582, -1987.48217773, 299.027587891, 2845.8059082, -1067.03186035, 566.87689209, 483.507019043, -241.56451416, 459.666442871, -22.1015148163, 169.786346436, -107.965087891, 85.0801849365], [-1343.16223145, 1312.53063965, 11.7501544952, -1067.03186035, 1210.55822754, -305.244598389, 15.5241127014, 292.845672607, -182.958633423, 45.539855957, -81.599067688, 149.655334473, 29.4179954529], [1368.98022461, -513.802856445, 167.330474854, 566.87689209, -305.244598389, 409.184906006, 63.7915344238, -47.5015487671, 152.483978271, -39.7129707336, 100.012542725, -20.8101444244, 48.2135314941], [780.075378418, -55.157661438, 192.166976929, 483.507019043, 15.5241127014, 63.7915344238, 352.227203369, 10.7050027847, 69.4813842773, 61.8438568115, 30.7377529144, 22.4184932709, 53.8645973206], [-439.612304688, 232.115753174, 86.5087203979, -241.56451416, 292.845672607, -47.5015487671, 10.7050027847, 207.323013306, -22.5042362213, 30.9139766693, 8.73132896423, 36.9236946106, 22.0705451965], [1017.71807861, -327.239044189, 50.4837341309, 459.666442871, -182.958633423, 152.483978271, 69.4813842773, -22.5042362213, 193.823699951, 5.27531719208, 50.5155181885, -9.43337631226, 24.7342128754], [-263.264129639, 31.1330184937, 122.814819336, -22.1015148163, 45.539855957, -39.7129707336, 61.8438568115, 30.9139766693, 5.27531719208, 129.818405151, 24.6088676453, 2.83546257019, 14.9337873459], [617.518981934, -103.225532532, 23.7247066498, 169.786346436, -81.599067688, 100.012542725, 30.7377529144, 8.73132896423, 50.5155181885, 24.6088676453, 117.689323425, 21.9255161285, 22.6741962433], [-86.9292221069, 141.067779541, 2.17414879799, -107.965087891, 149.655334473, -20.8101444244, 22.4184932709, 36.9236946106, -9.43337631226, 2.83546257019, 21.9255161285, 93.8510665894, 20.0971088409], [333.542694092, 6.16723060608, 47.4426574707, 85.0801849365, 29.4179954529, 48.2135314941, 53.8645973206, 22.0705451965, 24.7342128754, 14.9337873459, 22.6741962433, 20.0971088409, 81.6722717285]], "icov": [[0.0003537448938, -0.000629605550785, 0.000724246434402, -0.000652589311358, 0.000154005785589, -0.000896901532542, -1.99439764401e-05, -5.38013409823e-05, -0.000526945688762, -8.5892927018e-05, -0.000457913294667, 0.000228115080972, -0.000390037603211], [-0.000629605550785, 0.00346953142434, -0.00187679182272, 0.00276614446193, -0.00204389169812, 0.00315212039277, -0.00170744908974, 0.00196916190907, 3.97382318624e-05, 0.00251162447967, -0.00180735718459, 0.00144114089198, -0.000336853758199], [0.000724246434402, -0.00187679182272, 0.00256983120926, -0.00179675547406, 0.000793643586803, -0.0029596418608, 0.000153879911522, -0.00106092006899, -0.000507238495629, -0.00183850666508, 0.000442423479399, -0.000194134219782, -0.000375869160052], [-0.000652589311358, 0.00276614446193, -0.00179675547406, 0.00344189698808, -0.000865281792358, 0.00257672904991, -0.00253032939509, 0.00157710001804, -0.000989680294879, 0.00250071287155, -0.00131323258393, 0.00134340336081, -0.000175901353941], [0.000154005785589, -0.00204389169812, 0.000793643586803, -0.000865281792358, 0.00377416796982, -0.00114590220619, 0.000340114842402, -0.00357144698501, 0.000613892392721, -0.00160409521777, 0.0029227018822, -0.00335099850781, 0.000144150893902], [-0.000896901532542, 0.00315212039277, -0.0029596418608, 0.00257672904991, -0.00114590220619, 0.00899683963507, -0.00110531959217, 0.00165493553504, -0.00155248993542, 0.00500564370304, -0.00431234203279, 0.00200585997663, -0.00189824413974], [-1.99439764401e-05, -0.00170744908974, 0.000153879911522, -0.00253032939509, 0.000340114842402, -0.00110531959217, 0.00671502249315, -0.00108054699376, 0.00120902992785, -0.00403414620087, 0.00264499546029, -0.00258378079161, -0.000576829654165], [-5.38013409823e-05, 0.00196916190907, -0.00106092006899, 0.00157710001804, -0.00357144698501, 0.00165493553504, -0.00108054699376, 0.00977729540318, -0.00162262981758, 0.00164287269581, -0.00412600953132, 0.00244815577753, -0.00184157444164], [-0.000526945688762, 3.97382318624e-05, -0.000507238495629, -0.000989680294879, 0.000613892392721, -0.00155248993542, 0.00120902992785, -0.00162262981758, 0.0110047198832, -0.00251402170397, 0.00189491431229, -0.00210805167444, 0.000930689740926], [-8.5892927018e-05, 0.00251162447967, -0.00183850666508, 0.00250071287155, -0.00160409521777, 0.00500564370304, -0.00403414620087, 0.00164287269581, -0.00251402170397, 0.0143946064636, -0.00732416659594, 0.00461032288149, -0.00250829826109], [-0.000457913294667, -0.00180735718459, 0.000442423479399, -0.00131323258393, 0.0029227018822, -0.00431234203279, 0.00264499546029, -0.00412600953132, 0.00189491431229, -0.00732416659594, 0.018332162872, -0.00807692296803, 0.00164449086878], [0.000228115080972, 0.00144114089198, -0.000194134219782, 0.00134340336081, -0.00335099850781, 0.00200585997663, -0.00258378079161, 0.00244815577753, -0.00210805167444, 0.00461032288149, -0.00807692296803, 0.0180111695081, -0.0036559747532], [-0.000390037603211, -0.000336853758199, -0.000375869160052, -0.000175901353941, 0.000144150893902, -0.00189824413974, -0.000576829654165, -0.00184157444164, 0.000930689740926, -0.00250829826109, 0.00164449086878, -0.0036559747532, 0.0168305691332]]}, "melbands": {"dmean": [0.0158247053623, 0.00684654805809, 0.000963926548138, 0.00027544106706, 0.000163881733897, 0.000105496787, 4.5533724915e-05, 3.43549982063e-05, 3.00679239444e-05, 3.81823047064e-05, 9.082849283e-05, 5.21459951415e-05, 2.98961258522e-05, 0.00010350735829, 1.13262303785e-05, 1.47900573211e-05, 1.71464689629e-05, 1.96187502297e-05, 1.22141073007e-05, 1.09988259283e-05, 2.12890063267e-05, 1.46944257722e-05, 1.36986454891e-05, 1.2691948541e-05, 1.10065311674e-05, 1.08537024062e-05, 9.58351847657e-06, 1.14305585157e-05, 1.02571675598e-05, 6.94882055541e-06, 5.16763429914e-06, 5.44705972061e-06, 4.37277458332e-06, 2.44918851422e-06, 3.16243608722e-06, 1.96511314243e-06, 1.47919195115e-06, 3.77119192763e-07, 4.8809244646e-08, 1.50021750578e-09], "dmean2": [0.0252035781741, 0.0107843438163, 0.00165511469822, 0.000458067661384, 0.000247576244874, 0.000165778765222, 6.92037501722e-05, 4.88403675263e-05, 4.28184321208e-05, 6.26193432254e-05, 0.000144385339809, 8.10904311948e-05, 4.60880437458e-05, 0.000156573601998, 2.0506191504e-05, 2.70794535027e-05, 3.15227407555e-05, 3.62649989256e-05, 2.23614460992e-05, 2.00739123102e-05, 3.90363748011e-05, 2.7631800549e-05, 2.60705182882e-05, 2.43117628997e-05, 2.10097696254e-05, 2.07411612791e-05, 1.75026252691e-05, 1.98917387024e-05, 1.82374697033e-05, 1.23552881632e-05, 9.16837598197e-06, 9.73618989519e-06, 7.90831018094e-06, 4.32990464105e-06, 5.72622457184e-06, 3.37517076332e-06, 2.6202940262e-06, 6.35430751572e-07, 8.67451177555e-08, 2.38669528585e-09], "dvar": [0.00161280704197, 0.0002553864324, 7.32756279831e-06, 3.93746802274e-07, 7.81890463486e-08, 4.70333070268e-08, 9.78675629426e-09, 4.15825462952e-09, 3.35970096188e-09, 2.49032190425e-08, 6.04291514605e-08, 1.92857907422e-08, 4.26178070612e-09, 7.5963008328e-08, 9.03668473384e-10, 2.75167155728e-09, 3.13148817987e-09, 6.55437037977e-09, 2.02325023402e-09, 1.25915167182e-09, 3.94861743302e-09, 2.7185249607e-09, 2.77504730306e-09, 2.93140312024e-09, 2.14514561669e-09, 2.30556018721e-09, 1.41035783052e-09, 8.02390376364e-10, 9.1404789293e-10, 5.5708643254e-10, 3.75055764223e-10, 3.25197674345e-10, 1.76636191784e-10, 5.25926108219e-11, 8.20122719736e-11, 3.16607885742e-11, 2.28972986405e-11, 1.38354941653e-12, 3.00887278688e-14, 2.62364054811e-17], "dvar2": [0.00375455035828, 0.000588576949667, 1.98081925191e-05, 1.0578534102e-06, 1.95946270765e-07, 1.23624431581e-07, 2.1797095684e-08, 7.88684229036e-09, 6.52469855922e-09, 6.25079081829e-08, 1.38081787782e-07, 4.26430375455e-08, 9.67268487528e-09, 1.73937337422e-07, 2.48205456188e-09, 7.89370702137e-09, 8.92010465492e-09, 1.89236377679e-08, 5.73435166018e-09, 3.54340379261e-09, 1.12431735033e-08, 7.80115083643e-09, 8.03543720451e-09, 8.56395043769e-09, 6.25950269395e-09, 6.74291822378e-09, 4.0744310148e-09, 2.09442951871e-09, 2.4557915701e-09, 1.56363977322e-09, 1.05837583142e-09, 9.11731357078e-10, 4.90571527845e-10, 1.40149614136e-10, 2.24713553321e-10, 8.20397569323e-11, 6.27498192296e-11, 3.59539351416e-12, 8.23178331055e-14, 6.50310802569e-17], "max": [0.359814584255, 0.146639883518, 0.0534906946123, 0.0212420634925, 0.00596315087751, 0.00368092441931, 0.00232710433193, 0.00235659279861, 0.00211806013249, 0.00337868276983, 0.00339939445257, 0.00233907927759, 0.00137819012161, 0.00603983970359, 0.000380727287848, 0.000933393719606, 0.000986877130345, 0.00148686941247, 0.000839444517624, 0.000518095272128, 0.000673654431012, 0.000692652422003, 0.000593458884396, 0.000506943499204, 0.000426789105404, 0.000492673600093, 0.000382235768484, 0.000506402924657, 0.000579264597036, 0.000567720504478, 0.000368732900824, 0.000278405903373, 0.000194050327991, 8.68274655659e-05, 0.000171730454895, 9.15848359e-05, 5.1709372201e-05, 1.03125530586e-05, 1.53256746671e-06, 7.78779920552e-08], "mean": [0.024686653167, 0.0125751448795, 0.00194904918317, 0.00069585867459, 0.000385385093978, 0.00027152558323, 0.000118647119962, 9.28509034566e-05, 7.55069195293e-05, 4.15974755015e-05, 9.85241858871e-05, 6.30145877949e-05, 4.01066499762e-05, 0.000116502640594, 1.00256102087e-05, 1.31145725391e-05, 1.27418161355e-05, 1.36768030643e-05, 8.95055018191e-06, 8.04786213848e-06, 1.63744734891e-05, 8.92911248229e-06, 7.980483133e-06, 7.46660498407e-06, 6.64637173031e-06, 6.63628043185e-06, 6.63839227855e-06, 9.05613796931e-06, 7.43788268665e-06, 5.27579049958e-06, 3.8037574086e-06, 3.89222213926e-06, 2.92157278636e-06, 1.78746904567e-06, 2.07122320717e-06, 1.37855079174e-06, 9.80563754638e-07, 2.73229915138e-07, 3.16137978018e-08, 1.18923704218e-09], "median": [0.00855805445462, 0.00742306793109, 0.00113881740253, 0.000528953736648, 0.000231854413869, 0.000133174515213, 5.66295384488e-05, 3.96153627662e-05, 2.77856925095e-05, 1.48713916133e-05, 2.55403429037e-05, 2.02238843485e-05, 1.4876327441e-05, 1.91247490875e-05, 2.82204518953e-06, 3.37279470841e-06, 2.48625065069e-06, 1.90741980077e-06, 1.42513692936e-06, 1.64427774507e-06, 2.69076008408e-06, 4.4449922143e-07, 3.5015958133e-07, 4.60048511286e-07, 3.77052771228e-07, 4.97546920997e-07, 5.737012998e-07, 6.69871553782e-07, 6.15720068708e-07, 4.95401138778e-07, 2.57710922824e-07, 1.85799322594e-07, 1.19128173992e-07, 6.6633823792e-08, 4.35957510092e-08, 2.57984762442e-08, 1.5299020717e-08, 5.0838822041e-09, 2.86817986028e-10, 3.68376440463e-11], "min": [6.86859375796e-24, 3.7949025537e-24, 6.64145151549e-24, 1.20004818341e-23, 4.52621487259e-24, 7.92008696891e-24, 8.28662251105e-24, 1.05637673327e-23, 3.79064033822e-24, 3.87112742195e-24, 2.69832239214e-24, 6.2584011703e-24, 7.24944949211e-24, 8.88085565374e-24, 1.05081202956e-23, 8.64803992364e-24, 5.34742341366e-24, 7.40456636735e-24, 7.01075438169e-24, 7.13847017338e-24, 7.75900867181e-24, 7.80764115776e-24, 4.59163865733e-24, 6.93561932477e-24, 1.03559861035e-23, 6.7492028154e-24, 8.34121089683e-24, 1.04891024369e-23, 6.26074448162e-24, 7.97189540886e-24, 9.07060825588e-24, 9.15391985608e-24, 1.39769491663e-23, 8.18962890731e-24, 9.25981969944e-24, 1.34138681407e-23, 5.4290089862e-24, 1.09557941262e-23, 1.21605188348e-23, 8.3999360692e-24], "var": [0.00190509948879, 0.000308453629259, 1.13735577543e-05, 6.28087093446e-07, 2.05919931773e-07, 1.47143239815e-07, 3.91739227723e-08, 2.34681145628e-08, 1.77198753448e-08, 2.12523296739e-08, 6.42839594889e-08, 2.27094734129e-08, 5.42270273129e-09, 8.67148131078e-08, 6.1214139313e-10, 1.72380909547e-09, 1.932794369e-09, 3.78959841285e-09, 1.22781274037e-09, 7.68050845146e-10, 2.38231612215e-09, 1.5278690535e-09, 1.51438650509e-09, 1.56072621493e-09, 1.14994913591e-09, 1.23069920921e-09, 8.0428180782e-10, 6.79796552383e-10, 6.21801665712e-10, 3.54254875434e-10, 2.34349095685e-10, 2.05087363758e-10, 1.11065955044e-10, 3.8931177726e-11, 5.29779206615e-11, 2.34937607563e-11, 1.50024975082e-11, 1.04694410693e-12, 1.96147876993e-14, 2.20916003006e-17]}, "mfcc": {"mean": [-729.193054199, 182.387374878, 15.8189601898, 46.277130127, -3.73710632324, 29.2210521698, 5.01585674286, 15.0681123734, 3.09164953232, 9.21622753143, -11.3460636139, 6.00764608383, 2.62776994705], "cov": [[10302.7851562, -1496.32629395, -280.193572998, 2108.56616211, -736.854187012, 1221.74511719, -170.592208862, 672.678100586, -196.570617676, 709.806945801, -291.106109619, 562.51373291, -75.5980606079], [-1496.32629395, 3068.56323242, -421.499603271, -1053.4876709, 662.882507324, -491.791259766, 290.856506348, -103.771087646, 218.434082031, -376.585754395, 135.723632812, -184.732223511, 169.914276123], [-280.193572998, -421.499603271, 1017.70141602, 286.330505371, -166.388793945, 256.012908936, 24.4081001282, 21.9086093903, 11.2050447464, 128.747894287, -11.643699646, 94.3399124146, 6.84513902664], [2108.56616211, -1053.4876709, 286.330505371, 1599.09057617, -243.997436523, 482.939361572, 119.489578247, 252.741638184, 82.235710144, 310.107574463, 37.2071723938, 158.769958496, -15.5724668503], [-736.854187012, 662.882507324, -166.388793945, -243.997436523, 492.058044434, -160.319015503, 103.553039551, 61.2425994873, 104.606239319, -91.389755249, 69.9615478516, -25.8138999939, 35.1350898743], [1221.74511719, -491.791259766, 256.012908936, 482.939361572, -160.319015503, 391.079559326, 3.8071000576, 122.933891296, -6.75851392746, 142.092895508, -29.9229850769, 89.1082000732, -11.7947797775], [-170.592208862, 290.856506348, 24.4081001282, 119.489578247, 103.553039551, 3.8071000576, 221.921447754, 49.4522819519, 87.9970245361, 5.64673471451, 31.9036121368, 12.7632369995, 53.5518836975], [672.678100586, -103.771087646, 21.9086093903, 252.741638184, 61.2425994873, 122.933891296, 49.4522819519, 228.926300049, 45.1167144775, 56.4655303955, 11.0696668625, 50.2788314819, 14.5408535004], [-196.570617676, 218.434082031, 11.2050447464, 82.235710144, 104.606239319, -6.75851392746, 87.9970245361, 45.1167144775, 135.361862183, 14.5813074112, 41.1059379578, -8.4178686142, 17.2018070221], [709.806945801, -376.585754395, 128.747894287, 310.107574463, -91.389755249, 142.092895508, 5.64673471451, 56.4655303955, 14.5813074112, 179.199569702, 7.44204282761, 79.4922790527, -17.3472156525], [-291.106109619, 135.723632812, -11.643699646, 37.2071723938, 69.9615478516, -29.9229850769, 31.9036121368, 11.0696668625, 41.1059379578, 7.44204282761, 110.991294861, 1.6771312952, 13.2184858322], [562.51373291, -184.732223511, 94.3399124146, 158.769958496, -25.8138999939, 89.1082000732, 12.7632369995, 50.2788314819, -8.4178686142, 79.4922790527, 1.6771312952, 129.15071106, 38.3461112976], [-75.5980606079, 169.914276123, 6.84513902664, -15.5724668503, 35.1350898743, -11.7947797775, 53.5518836975, 14.5408535004, 17.2018070221, -17.3472156525, 13.2184858322, 38.3461112976, 124.043190002]], "icov": [[0.000624795793556, -0.000603476597462, 0.000741222465876, -0.000525539333466, 0.000568032264709, -0.000978916068561, 0.000831154524349, -0.000999729032628, 0.000920068880077, -0.00132140622009, 0.00156481261365, -0.00172670639586, 0.000659580284264], [-0.000603476597462, 0.00140662991907, -0.000615605211351, 0.000908123445697, -0.000931749527808, 0.000807775650173, -0.00151658197865, 0.00117899605539, -0.00164440192748, 0.0020164293237, -0.00196450692602, 0.00194610795006, -0.00117158726789], [0.000741222465876, -0.000615605211351, 0.00216078548692, -0.000449503713753, 0.000869916926604, -0.0020188970957, 0.000703455007169, -0.000748689111788, 0.000597617588937, -0.00167508784216, 0.00169423979241, -0.00251952302642, 0.000746215286199], [-0.000525539333466, 0.000908123445697, -0.000449503713753, 0.00204360950738, -5.66915332456e-05, -0.000237071450101, -0.00168721342925, 0.000290156633127, -0.00163542421069, 0.000447332044132, -0.00217823474668, 0.00140735134482, -0.000508558470756], [0.000568032264709, -0.000931749527808, 0.000869916926604, -5.66915332456e-05, 0.00458156410605, 1.78189748112e-06, 0.000184704942512, -0.00264573446475, -0.000935135351028, -7.36611691536e-05, 0.000280738051515, -0.0029075036291, 0.00148849899415], [-0.000978916068561, 0.000807775650173, -0.0020188970957, -0.000237071450101, 1.78189748112e-06, 0.00757667981088, -0.000979289063253, -0.000534881546628, -0.000794669438619, 0.000816754647531, -0.00102005829103, 0.00192287762184, -0.00067733618198], [0.000831154524349, -0.00151658197865, 0.000703455007169, -0.00168721342925, 0.000184704942512, -0.000979289063253, 0.00886920373887, -0.0015325397253, -0.00143438123632, -0.00206886278465, 0.00273606949486, -0.00231731287204, -0.00112708169036], [-0.000999729032628, 0.00117899605539, -0.000748689111788, 0.000290156633127, -0.00264573446475, -0.000534881546628, -0.0015325397253, 0.008699670434, -0.00265025463887, 0.00225814362057, -0.00216950546019, 0.00172430591192, -0.00142470223363], [0.000920068880077, -0.00164440192748, 0.000597617588937, -0.00163542421069, -0.000935135351028, -0.000794669438619, -0.00143438123632, -0.00265025463887, 0.0151321226731, -0.0052206213586, 0.000755927350838, 0.000777429202572, 0.000544742622878], [-0.00132140622009, 0.0020164293237, -0.00167508784216, 0.000447332044132, -7.36611691536e-05, 0.000816754647531, -0.00206886278465, 0.00225814362057, -0.0052206213586, 0.0160849522799, -0.00491839600727, -0.00259361020289, 0.0016074719606], [0.00156481261365, -0.00196450692602, 0.00169423979241, -0.00217823474668, 0.000280738051515, -0.00102005829103, 0.00273606949486, -0.00216950546019, 0.000755927350838, -0.00491839600727, 0.0153894582763, -0.00429166574031, 0.00106838601641], [-0.00172670639586, 0.00194610795006, -0.00251952302642, 0.00140735134482, -0.0029075036291, 0.00192287762184, -0.00231731287204, 0.00172430591192, 0.000777429202572, -0.00259361020289, -0.00429166574031, 0.0198063701391, -0.00773374876007], [0.000659580284264, -0.00117158726789, 0.000746215286199, -0.000508558470756, 0.00148849899415, -0.00067733618198, -0.00112708169036, -0.00142470223363, 0.000544742622878, 0.0016074719606, 0.00106838601641, -0.00773374876007, 0.0125572588295]]}, "spectral_contrast_coeffs": {"dmean": [0.0406976975501, 0.0394528433681, 0.0447089038789, 0.0293946824968, 0.0331282392144, 0.0372128635645], "dmean2": [0.0671498999, 0.0632979497313, 0.0704430416226, 0.0476721562445, 0.0515808314085, 0.0597934834659], "dvar": [0.00128162023611, 0.00110791798215, 0.00151473388541, 0.000624766224064, 0.000875993166119, 0.00165205332451], "dvar2": [0.0034068194218, 0.00284248171374, 0.00361662195064, 0.00154032954015, 0.00218410720117, 0.00434014620259], "max": [-0.320015966892, -0.469459176064, -0.504941642284, -0.555529475212, -0.549897015095, -0.446173965931], "mean": [-0.660096585751, -0.718512058258, -0.752781093121, -0.804714024067, -0.795380532742, -0.686923027039], "median": [-0.670868337154, -0.719263553619, -0.759676277637, -0.808405697346, -0.808726072311, -0.661429286003], "min": [-0.971564948559, -0.960840582848, -0.969462394714, -0.970711886883, -0.961332440376, -0.963729500771], "var": [0.00646543502808, 0.00436902558431, 0.00464011123404, 0.00242912210524, 0.00417399266735, 0.0114701930434]}, "spectral_contrast_valleys": {"dmean": [0.32394272089, 0.347066283226, 0.461487531662, 0.591594398022, 0.655251383781, 0.855166614056], "dmean2": [0.524886488914, 0.557256042957, 0.744281709194, 0.918700933456, 0.939650058746, 1.16285634041], "dvar": [0.114528104663, 0.148993402719, 0.257720142603, 0.471471816301, 0.565308630466, 0.52785807848], "dvar2": [0.236123934388, 0.284219205379, 0.567868769169, 1.04350459576, 1.2597938776, 1.21