{"lowlevel": {"average_loudness": 0.893490791321, "barkbands_crest": {"dmean": 2.92565846443, "dmean2": 4.69042348862, "dvar": 9.25381565094, "dvar2": 21.5335102081, "max": 26.5979690552, "mean": 15.2182817459, "median": 14.4777803421, "min": 2.10664367676, "var": 35.6725158691}, "barkbands_flatness_db": {"dmean": 0.0415145605803, "dmean2": 0.0583055652678, "dvar": 0.00164574908558, "dvar2": 0.00298754498363, "max": 0.594661295414, "mean": 0.209842041135, "median": 0.196918681264, "min": 0.0162201523781, "var": 0.0102269584313}, "barkbands_kurtosis": {"dmean": 15.8988771439, "dmean2": 24.7066993713, "dvar": 764.755615234, "dvar2": 1699.94714355, "max": 907.183532715, "mean": 28.4899311066, "median": 13.7403678894, "min": -1.90540778637, "var": 2033.84997559}, "barkbands_skewness": {"dmean": 1.19074428082, "dmean2": 1.85400485992, "dvar": 1.67993998528, "dvar2": 3.86289095879, "max": 21.2525501251, "mean": 3.71370172501, "median": 3.24549341202, "min": -2.57133817673, "var": 6.94680500031}, "barkbands_spread": {"dmean": 7.43408107758, "dmean2": 11.543337822, "dvar": 113.487747192, "dvar2": 248.777038574, "max": 126.231025696, "mean": 14.1103792191, "median": 9.11849594116, "min": 0.0799067914486, "var": 255.477401733}, "dissonance": {"dmean": 0.0294219385833, "dmean2": 0.048996001482, "dvar": 0.000794393999968, "dvar2": 0.00211185915396, "max": 0.500000119209, "mean": 0.436870634556, "median": 0.450714379549, "min": 0.0135185802355, "var": 0.00270194164477}, "dynamic_complexity": 4.38603162766, "erbbands_crest": {"dmean": 3.27970433235, "dmean2": 5.20877552032, "dvar": 10.3671789169, "dvar2": 24.4080505371, "max": 32.1897163391, "mean": 10.9285326004, "median": 9.5558052063, "min": 2.25296902657, "var": 30.6523418427}, "erbbands_flatness_db": {"dmean": 0.0272299963981, "dmean2": 0.0384986773133, "dvar": 0.000686923332978, "dvar2": 0.0013431077823, "max": 0.43420752883, "mean": 0.141264498234, "median": 0.128698736429, "min": 0.0337070636451, "var": 0.00438193790615}, "erbbands_kurtosis": {"dmean": 2.5240457058, "dmean2": 4.07763147354, "dvar": 57.158706665, "dvar2": 133.855377197, "max": 240.457443237, "mean": 2.40528154373, "median": 0.498100399971, "min": -1.88499855995, "var": 70.8831100464}, "erbbands_skewness": {"dmean": 0.559595823288, "dmean2": 0.852453649044, "dvar": 0.406862437725, "dvar2": 0.883486330509, "max": 12.777428627, "mean": 0.907858133316, "median": 0.779899597168, "min": -2.4659512043, "var": 1.26991605759}, "erbbands_spread": {"dmean": 16.5456390381, "dmean2": 25.7488994598, "dvar": 362.727935791, "dvar2": 867.759643555, "max": 218.991729736, "mean": 47.5980949402, "median": 40.8626174927, "min": 1.10162556171, "var": 858.595581055}, "hfc": {"dmean": 11.6292381287, "dmean2": 16.8816452026, "dvar": 386.25479126, "dvar2": 854.790222168, "max": 274.500854492, "mean": 15.3769626617, "median": 6.62897348404, "min": 1.15281753222e-16, "var": 525.996032715}, "melbands_crest": {"dmean": 3.61769604683, "dmean2": 5.90913772583, "dvar": 12.7004299164, "dvar2": 32.0287628174, "max": 34.3842277527, "mean": 18.46210289, "median": 19.2068901062, "min": 1.73085606098, "var": 30.5591754913}, "melbands_flatness_db": {"dmean": 0.0481689050794, "dmean2": 0.0682353973389, "dvar": 0.00227242172696, "dvar2": 0.00417392235249, "max": 0.755913674831, "mean": 0.31155949831, "median": 0.300489276648, "min": 0.00426202360541, "var": 0.014525773935}, "melbands_kurtosis": {"dmean": 30.8462581635, "dmean2": 49.2490386963, "dvar": 2619.86962891, "dvar2": 6359.62011719, "max": 881.534606934, "mean": 55.1434669495, "median": 33.0626678467, "min": -1.66339790821, "var": 4852.21630859}, "melbands_skewness": {"dmean": 1.50635969639, "dmean2": 2.37906813622, "dvar": 2.85375928879, "dvar2": 7.10620164871, "max": 20.3484306335, "mean": 4.80761766434, "median": 4.4083404541, "min": -1.64055073261, "var": 8.38990497589}, "melbands_spread": {"dmean": 4.52982282639, "dmean2": 7.10950803757, "dvar": 53.1343650818, "dvar2": 121.046096802, "max": 199.546737671, "mean": 10.4112453461, "median": 5.63717699051, "min": 0.255524456501, "var": 243.422180176}, "pitch_salience": {"dmean": 0.0978208109736, "dmean2": 0.156692668796, "dvar": 0.0100040594116, "dvar2": 0.023605113849, "max": 0.964560508728, "mean": 0.417550057173, "median": 0.427073657513, "min": 0.0601315796375, "var": 0.0310407318175}, "silence_rate_20dB": {"dmean": 0, "dmean2": 0, "dvar": 0, "dvar2": 0, "max": 1, "mean": 1, "median": 1, "min": 1, "var": 0}, "silence_rate_30dB": {"dmean": 0.0804209932685, "dmean2": 0.160863697529, "dvar": 0.0739543139935, "dvar2": 0.145515307784, "max": 1, "mean": 0.881813287735, "median": 1, "min": 0, "var": 0.104221373796}, "silence_rate_60dB": {"dmean": 0.0631493702531, "dmean2": 0.126315787435, "dvar": 0.0591681413352, "dvar2": 0.119789279997, "max": 1, "mean": 0.143416076899, "median": 0, "min": 0, "var": 0.122849948704}, "spectral_centroid": {"dmean": 241.210632324, "dmean2": 369.081115723, "dvar": 103605.351562, "dvar2": 217697.34375, "max": 11650.1513672, "mean": 777.924560547, "median": 601.309814453, "min": 105.677032471, "var": 378967.4375}, "spectral_complexity": {"dmean": 3.50910806656, "dmean2": 5.16383266449, "dvar": 29.3715934753, "dvar2": 59.5054397583, "max": 60, "mean": 9.570561409, "median": 7, "min": 0, "var": 62.7271575928}, "spectral_decrease": {"dmean": 5.98325167189e-09, "dmean2": 9.05493457992e-09, "dvar": 1.22696851695e-16, "dvar2": 2.64529580568e-16, "max": 2.35290367188e-18, "mean": -1.14727418676e-08, "median": -5.35475708219e-09, "min": -1.10222401872e-07, "var": 2.32969847637e-16}, "spectral_energy": {"dmean": 0.023328576237, "dmean2": 0.0351384133101, "dvar": 0.00182340038009, "dvar2": 0.00391142256558, "max": 0.420149058104, "mean": 0.0446955226362, "median": 0.0214032307267, "min": 1.05360482625e-20, "var": 0.00347514986061}, "spectral_energyband_high": {"dmean": 0.000756280729547, "dmean2": 0.00117269332986, "dvar": 2.57199621956e-06, "dvar2": 6.05448576607e-06, "max": 0.0255627613515, "mean": 0.000764500175137, "median": 0.000111857079901, "min": 7.9889030859e-21, "var": 2.73536602435e-06}, "spectral_energyband_low": {"dmean": 0.0173251982778, "dmean2": 0.026989415288, "dvar": 0.00145529257134, "dvar2": 0.00335434637964, "max": 0.417111843824, "mean": 0.0325296781957, "median": 0.0120837818831, "min": 1.01983092168e-22, "var": 0.00245942664333}, "spectral_energyband_middle_high": {"dmean": 0.00130915897898, "dmean2": 0.00204657926224, "dvar": 7.92133232608e-06, "dvar2": 1.95963020815e-05, "max": 0.0352768599987, "mean": 0.0017555981176, "median": 0.000514048791956, "min": 1.37171354921e-21, "var": 9.4659617389e-06}, "spectral_energyband_middle_low": {"dmean": 0.00868508405983, "dmean2": 0.013991179876, "dvar": 0.000386485742638, "dvar2": 0.000951185706072, "max": 0.247153013945, "mean": 0.0102525260299, "median": 0.00443330407143, "min": 2.688907495e-22, "var": 0.000376609619707}, "spectral_entropy": {"dmean": 0.3539968431, "dmean2": 0.504714071751, "dvar": 0.133573696017, "dvar2": 0.236579880118, "max": 9.79669475555, "mean": 7.19620323181, "median": 7.32463741302, "min": 3.99375009537, "var": 0.603027582169}, "spectral_flux": {"dmean": 0.0448217615485, "dmean2": 0.0683905184269, "dvar": 0.00400880165398, "dvar2": 0.00806188210845, "max": 0.521802544594, "mean": 0.088368229568, "median": 0.0583354607224, "min": 1.02645253408e-10, "var": 0.00746585289016}, "spectral_kurtosis": {"dmean": 2.96752786636, "dmean2": 4.41941022873, "dvar": 19.7580013275, "dvar2": 47.2945251465, "max": 101.146934509, "mean": 7.39073133469, "median": 4.03980827332, "min": -1.2149887085, "var": 134.439147949}, "spectral_rms": {"dmean": 0.00147513626143, "dmean2": 0.00211727735586, "dvar": 4.13987163483e-06, "dvar2": 8.08099866845e-06, "max": 0.0202460251749, "mean": 0.00543026719242, "median": 0.00456959521398, "min": 3.20609901475e-12, "var": 1.41174859891e-05}, "spectral_rolloff": {"dmean": 505.841430664, "dmean2": 860.28515625, "dvar": 2287930, "dvar2": 5633370.5, "max": 18863.0859375, "mean": 873.208251953, "median": 301.46484375, "min": 64.599609375, "var": 4681928.5}, "spectral_skewness": {"dmean": 0.391731709242, "dmean2": 0.576390326023, "dvar": 0.188757553697, "dvar2": 0.389777779579, "max": 8.65660667419, "mean": 2.05116248131, "median": 1.75706994534, "min": -0.0515863485634, "var": 1.16267108917}, "spectral_spread": {"dmean": 1500018.125, "dmean2": 2177749, "dvar": 3045950488580.0, "dvar2": 6471917502460.0, "max": 41527176, "mean": 6171139.5, "median": 5801647, "min": 784520.1875, "var": 7208836268030.0}, "spectral_strongpeak": {"dmean": 0.258701086044, "dmean2": 0.421225667, "dvar": 0.188895881176, "dvar2": 0.488787144423, "max": 6.23534822464, "mean": 0.603035748005, "median": 0.481234610081, "min": 0, "var": 0.285518288612}, "zerocrossingrate": {"dmean": 0.0150013230741, "dmean2": 0.0182155929506, "dvar": 0.000353762297891, "dvar2": 0.00042534302338, "max": 0.5107421875, "mean": 0.0449907183647, "median": 0.03076171875, "min": 0.001953125, "var": 0.00300461403094}, "barkbands": {"dmean": [0.000136300688609, 0.0128503600135, 0.00546501809731, 0.0014593671076, 0.00460564205423, 0.00218587298878, 0.000669821281917, 0.00028921267949, 0.000576647580601, 0.000414369365899, 9.37783406698e-05, 0.000256893865298, 0.000173138381797, 0.000182783856872, 0.000144234028994, 9.74146387307e-05, 8.07943870313e-05, 7.68476020312e-05, 8.85647314135e-05, 0.00012005201279, 8.19426422822e-05, 9.53378767008e-05, 8.1813930592e-05, 7.70411133999e-05, 0.00019942993822, 0.000163428339874, 4.74586049677e-05], "dmean2": [0.000240381050389, 0.0205465443432, 0.00846758298576, 0.00247115944512, 0.00749739259481, 0.00364798749797, 0.0012459702557, 0.000510678859428, 0.00100244022906, 0.000662473845296, 0.000156948284712, 0.000394689210225, 0.000301352731185, 0.000316297780955, 0.000223574475967, 0.000162180425832, 0.000128420710098, 0.000124929836602, 0.000144806981552, 0.000206454162253, 0.000123170262668, 0.000151914995513, 0.000128871659399, 0.000118248179206, 0.00032443337841, 0.000270982127404, 7.58474998293e-05], "dvar": [1.89170677345e-07, 0.000901317514945, 0.000185920405784, 2.30269797612e-05, 0.000144804304, 2.35055867961e-05, 4.29104238719e-06, 5.10466634296e-07, 3.0115336358e-06, 1.70709256508e-06, 6.14275066368e-08, 3.94758131961e-07, 4.74177625165e-07, 2.95795189231e-07, 2.28107367661e-07, 7.34556664383e-08, 4.42789520605e-08, 4.36242615365e-08, 6.25317326808e-08, 2.83618334151e-07, 3.0600038059e-08, 7.49342135009e-08, 4.01677731077e-08, 2.83043490867e-08, 1.7572681088e-07, 1.00998043706e-07, 1.03579527178e-08], "dvar2": [5.43497321814e-07, 0.00219378061593, 0.000421093194745, 5.75578123971e-05, 0.000373121496523, 6.15847675363e-05, 1.23288455143e-05, 1.42916451296e-06, 8.22997662908e-06, 4.21524373451e-06, 1.60452387377e-07, 9.47151079345e-07, 1.28373596908e-06, 8.11034851722e-07, 5.34119863005e-07, 1.90796185962e-07, 1.07754978274e-07, 1.12508459438e-07, 1.63988232771e-07, 8.17711111267e-07, 6.91423167609e-08, 1.97238364308e-07, 1.02757056197e-07, 6.55178524767e-08, 4.24467231142e-07, 2.47150808264e-07, 2.5000392867e-08], "max": [0.00810607895255, 0.313644528389, 0.157961934805, 0.081188544631, 0.166639819741, 0.0910517126322, 0.033385656774, 0.00698808720335, 0.0330681838095, 0.0209662746638, 0.00297672278248, 0.00781545136124, 0.0128010967746, 0.00767323561013, 0.00902786012739, 0.00319763505831, 0.00381714524701, 0.00306836608797, 0.00327671668492, 0.00896058790386, 0.00269095180556, 0.0039145485498, 0.00388764240779, 0.00295156962238, 0.00582531932741, 0.00359915615991, 0.00154180952813], "mean": [0.000131924447487, 0.024670150131, 0.00717439223081, 0.00141991104465, 0.00486491806805, 0.00251826341264, 0.000486410397571, 0.00027919744025, 0.000565513444599, 0.000476403656648, 9.2811686045e-05, 0.00034371035872, 0.000160728784977, 0.000173049425939, 0.000160545372637, 9.53166309046e-05, 9.39399033086e-05, 7.8747223597e-05, 9.1981884907e-05, 0.0001109308796, 0.000103962644062, 9.8638869531e-05, 8.15139210317e-05, 8.36293111206e-05, 0.000165751174791, 0.000133004708914, 4.01464239985e-05], "median": [2.87810071313e-05, 0.00661459192634, 0.00147271784954, 0.000325294036884, 0.00168519269209, 0.000953768496402, 9.46823274717e-05, 6.11810828559e-05, 9.25374188228e-05, 0.000109281987534, 1.22131650642e-05, 6.22109510005e-05, 1.90122136701e-05, 1.78355803655e-05, 2.03300442081e-05, 1.43657362059e-05, 1.16446217362e-05, 1.08868352982e-05, 1.35882237373e-05, 1.26098866531e-05, 2.02508381335e-05, 1.67484522535e-05, 1.06439938463e-05, 9.1130623332e-06, 1.24160560517e-05, 7.76098750066e-06, 1.8885107238e-06], "min": [3.27082024751e-24, 2.69341567731e-23, 3.56720156105e-23, 5.15279841214e-23, 2.90575904696e-23, 6.79304691565e-24, 6.33631317538e-23, 2.82751130268e-23, 6.82970465083e-23, 6.0116956507e-23, 1.39358791743e-22, 9.762999361e-23, 4.8983743619e-23, 1.14176256434e-22, 1.61802679668e-22, 8.75972227521e-23, 1.71349474343e-22, 1.19763991728e-22, 2.23147141609e-22, 4.73752044839e-22, 3.93979552339e-22, 6.31949074813e-22, 6.90826775014e-22, 7.91100209963e-22, 1.54613809172e-21, 1.40815806475e-21, 2.45752472128e-21], "var": [1.42121066915e-07, 0.00147739634849, 0.000257432111539, 2.04933221539e-05, 0.000125754231703, 2.16788121179e-05, 2.51408528129e-06, 3.79746268209e-07, 2.35640777646e-06, 1.61271282195e-06, 5.62913697877e-08, 5.33080822152e-07, 4.02702710289e-07, 2.55147767803e-07, 2.55373464597e-07, 6.82420449039e-08, 5.74746756854e-08, 4.31453734961e-08, 5.70453444482e-08, 1.77195147444e-07, 4.36413927218e-08, 6.44742357281e-08, 3.74333950504e-08, 3.40284707079e-08, 1.6112615242e-07, 9.22270331216e-08, 9.76746328263e-09]}, "erbbands": {"dmean": [0.221753403544, 3.38717412949, 7.69907093048, 4.03996992111, 12.4254646301, 11.9528341293, 23.9962997437, 16.5057849884, 13.3367195129, 6.40937042236, 7.26604509354, 12.2989912033, 13.1039113998, 11.6019220352, 5.70382881165, 9.85012245178, 8.11563110352, 10.4878282547, 7.97491168976, 5.71192789078, 5.38264751434, 4.16950559616, 4.1761136055, 3.97955060005, 4.91185331345, 5.24348688126, 4.48966360092, 2.87688302994, 3.6796309948, 2.41106081009, 2.54050707817, 1.57901203632, 1.35577654839, 1.29585814476, 1.93077111244, 0.831990420818, 0.300425201654, 0.0731421411037, 0.00672169867903, 0.000437488895841], "dmean2": [0.370006144047, 5.38492059708, 11.8528680801, 6.63034200668, 20.798532486, 19.5591049194, 39.4238395691, 28.6217365265, 24.3960285187, 11.9593935013, 12.6687383652, 21.6818656921, 21.9105854034, 17.8428344727, 8.96818637848, 15.2681865692, 13.9546003342, 18.1950798035, 12.5217027664, 9.0864572525, 8.84915161133, 6.58114147186, 6.72029066086, 6.40977096558, 7.95355987549, 8.92217922211, 7.21706485748, 4.38945913315, 5.93301773071, 3.68742489815, 4.05263233185, 2.44019174576, 2.09125542641, 2.03263521194, 3.2235147953, 1.36904251575, 0.507465600967, 0.121838912368, 0.01070986595, 0.000677511387039], "dvar": [0.259392529726, 64.0595932007, 347.304840088, 131.423294067, 2181.20092773, 820.553588867, 2807.48242188, 1883.47619629, 1679.13415527, 332.486450195, 316.691009521, 1371.50927734, 1933.4296875, 1422.18481445, 183.292785645, 642.69519043, 1183.58618164, 1051.32409668, 597.98828125, 352.31149292, 184.781005859, 119.179771423, 124.49105072, 137.816329956, 186.452392578, 487.469085693, 206.836593628, 42.4019813538, 131.375045776, 29.221408844, 43.348285675, 11.8542423248, 9.87129974365, 7.92913866043, 16.9944114685, 2.96385192871, 0.359200239182, 0.0222366712987, 0.000207478064112, 9.0040049372e-07], "dvar2": [0.684080898762, 153.734375, 759.899475098, 343.260925293, 5676.56298828, 2135.82055664, 7054.57714844, 5177.19140625, 4812.34423828, 948.609191895, 880.669189453, 3760.58422852, 5050.4296875, 3454.28076172, 448.820953369, 1592.01184082, 3202.98266602, 2904.16918945, 1325.24511719, 826.249206543, 467.377929688, 291.628967285, 318.710784912, 360.76751709, 471.695037842, 1388.02526855, 560.337768555, 102.326400757, 353.592712402, 67.8516693115, 112.800590515, 28.6168479919, 22.7256069183, 17.9388427734, 42.2539596558, 7.1911315918, 0.905841112137, 0.0560707710683, 0.000505053554662, 2.12961776924e-06], "max": [5.83509635925, 83.251953125, 235.670379639, 168.259262085, 807.949829102, 408.088562012, 623.155090332, 953.991455078, 838.873291016, 192.937255859, 181.207321167, 593.612976074, 639.830932617, 703.983642578, 238.978591919, 365.302124023, 649.465637207, 471.760406494, 533.417175293, 325.336639404, 157.111206055, 206.213882446, 168.160171509, 202.685897827, 192.248641968, 344.50668335, 230.326065063, 115.504386902, 174.164093018, 86.6281280518, 131.708068848, 70.0907897949, 51.5221710205, 64.8053741455, 41.6646270752, 16.7222328186, 7.50600767136, 2.09982085228, 0.219397336245, 0.0116859553382], "mean": [0.392455011606, 6.51265478134, 11.4370908737, 4.95704841614, 11.5014543533, 13.0331850052, 26.8052558899, 16.47382164, 10.8422231674, 4.6030125618, 7.48392152786, 11.6770191193, 13.8133802414, 14.3999080658, 7.67484664917, 12.6716985703, 7.90801620483, 10.3248271942, 8.55612945557, 6.02496528625, 5.79321861267, 4.67681789398, 4.39344835281, 4.38408374786, 5.21772146225, 5.10714626312, 4.75217294693, 3.57070755959, 3.72975301743, 2.6966753006, 2.45957517624, 1.77063655853, 1.3909599781, 1.21270906925, 1.52057218552, 0.690852582455, 0.236109897494, 0.0574679113925, 0.00570426834747, 0.000416600058088], "median": [0.114083081484, 1.58880853653, 3.30912947655, 1.84875285625, 2.67209148407, 5.00983905792, 8.60606002808, 5.19092750549, 2.74864053726, 0.874367594719, 1.7473526001, 1.93648648262, 2.98700380325, 3.48775029182, 2.10535240173, 2.15952396393, 1.08083117008, 1.22969853878, 1.14985370636, 0.781927287579, 0.837805867195, 0.657789111137, 0.673179388046, 0.726871609688, 0.670418024063, 0.659633398056, 0.717679202557, 0.74812734127, 0.661280870438, 0.413595438004, 0.31591835618, 0.198350191116, 0.150626480579, 0.107928901911, 0.0923983603716, 0.0454015135765, 0.0119173470885, 0.00266137579456, 0.000310857692966, 6.70527806506e-05], "min": [7.14816224468e-22, 6.86293901997e-21, 2.84353352205e-20, 1.42997077712e-19, 1.20800926745e-19, 8.11463211562e-20, 3.54014173621e-20, 7.37421370204e-20, 4.86899808449e-19, 1.23301765155e-18, 5.79646917644e-19, 1.49619788134e-18, 1.92826161223e-18, 4.03884168969e-18, 4.02284815254e-18, 5.2187635483e-18, 2.39659411106e-18, 5.05699514462e-18, 7.53081442408e-18, 6.33377985296e-18, 6.15839729718e-18, 9.50854867478e-18, 7.01808321267e-18, 1.22740889137e-17, 1.0628985494e-17, 1.99484018033e-17, 1.59053067509e-17, 1.99079443995e-17, 1.92983966605e-17, 2.2305664717e-17, 1.99779668927e-17, 1.67896769766e-17, 1.49951400705e-17, 1.23466111467e-17, 1.18901571683e-17, 6.23223598815e-18, 2.919338137e-18, 1.03859277768e-18, 3.28793721088e-19, 3.77107085307e-20], "var": [0.378318250179, 105.748382568, 530.65020752, 115.53036499, 1736.5682373, 732.153869629, 2788.16503906, 1370.59924316, 1018.67486572, 194.693725586, 251.200363159, 1088.73876953, 1539.75463867, 1461.9375, 220.853302002, 781.085754395, 1007.71459961, 909.859191895, 723.01373291, 390.860443115, 205.463897705, 138.236984253, 125.124221802, 131.361541748, 189.41519165, 321.897247314, 170.922714233, 52.2022590637, 103.743339539, 35.3104629517, 37.5411529541, 14.8298635483, 10.7167987823, 8.4113035202, 14.4210414886, 2.70289230347, 0.308212816715, 0.0187460072339, 0.000193709682208, 9.25216454561e-07]}, "gfcc": {"mean": [-60.7801780701, 90.2403640747, -58.8796577454, 27.4456539154, -44.540473938, 15.6697702408, -24.7284107208, 4.39198160172, -27.004776001, 3.44294762611, -16.9148788452, 7.78527927399, -2.80645990372], "cov": [[20656.0058594, -2164.91064453, -227.884857178, 853.017333984, -120.72983551, 156.451339722, -1240.27868652, -205.437011719, -440.196594238, 619.417602539, 113.537246704, 175.950683594, -467.843170166], [-2164.91064453, 2095.68701172, 19.0361099243, -139.904663086, 169.287353516, -19.8608417511, 404.858520508, -3.78506612778, 134.293899536, -209.380218506, 6.06267881393, -78.4785614014, 161.077941895], [-227.884857178, 19.0361099243, 1186.85986328, 148.660980225, 255.354873657, 199.806762695, 115.930641174, 104.127159119, 0.138737827539, 8.94651412964, 30.7654972076, 100.907554626, 50.4311332703], [853.017333984, -139.904663086, 148.660980225, 469.181549072, 68.9216995239, 74.6759262085, -23.0663051605, 18.5355033875, 30.560968399, 16.5506744385, 32.9046173096, 7.4113779068, 9.66120433807], [-120.72983551, 169.287353516, 255.354873657, 68.9216995239, 316.259094238, 120.354644775, 98.9413223267, 47.5681419373, 10.7682800293, 0.689424514771, 34.1748199463, 51.4376068115, 35.8363494873], [156.451339722, -19.8608417511, 199.806762695, 74.6759262085, 120.354644775, 226.671264648, 131.709136963, 100.281661987, 25.7476196289, 12.2828130722, 22.7938423157, 38.1668510437, 9.32527160645], [-1240.27868652, 404.858520508, 115.930641174, -23.0663051605, 98.9413223267, 131.709136963, 343.428924561, 142.651672363, 88.2461395264, -77.1537475586, 23.2029666901, 7.23488950729, 67.353805542], [-205.437011719, -3.78506612778, 104.127159119, 18.5355033875, 47.5681419373, 100.281661987, 142.651672363, 195.894851685, 89.5621871948, 17.7226886749, 9.94832706451, -3.47336816788, 2.89373755455], [-440.196594238, 134.293899536, 0.138737827539, 30.560968399, 10.7682800293, 25.7476196289, 88.2461395264, 89.5621871948, 140.086776733, 25.1146831512, 17.811296463, -34.3883285522, 7.37553358078], [619.417602539, -209.380218506, 8.94651412964, 16.5506744385, 0.689424514771, 12.2828130722, -77.1537475586, 17.7226886749, 25.1146831512, 135.381637573, 43.451789856, 16.8424453735, -49.3401069641], [113.537246704, 6.06267881393, 30.7654972076, 32.9046173096, 34.1748199463, 22.7938423157, 23.2029666901, 9.94832706451, 17.811296463, 43.451789856, 104.199119568, 41.5393371582, -4.93130636215], [175.950683594, -78.4785614014, 100.907554626, 7.4113779068, 51.4376068115, 38.1668510437, 7.23488950729, -3.47336816788, -34.3883285522, 16.8424453735, 41.5393371582, 98.1213531494, 26.5442943573], [-467.843170166, 161.077941895, 50.4311332703, 9.66120433807, 35.8363494873, 9.32527160645, 67.353805542, 2.89373755455, 7.37553358078, -49.3401069641, -4.93130636215, 26.5442943573, 93.5293502808]], "icov": [[8.80537409103e-05, -4.971348244e-05, 5.03002447658e-05, -0.000155156463734, 4.22628218075e-05, -0.000200104550458, 0.000341760722222, -0.000201085436856, 0.00029792523128, -0.000197637011297, 6.09944299867e-06, -0.000129448395455, 0.000188147139852], [-4.971348244e-05, 0.000977553194389, -7.3714661994e-05, 0.000362581777154, -0.000556953775231, 0.000536774867214, -0.00125407590531, 0.00116382038686, -0.000927108863834, 0.000672939990181, -0.00046697986545, 0.00111419439781, -0.000815687119029], [5.03002447658e-05, -7.3714661994e-05, 0.00118704151828, -0.000310423638439, -0.000539584667422, -0.00056058075279, 0.000320218648994, -0.0005500363186, 0.000364891020581, -0.000149064042489, 0.000320866587572, -0.000864054018166, -2.56435760093e-05], [-0.000155156463734, 0.000362581777154, -0.000310423638439, 0.0030074918177, -0.000471808190923, -0.000871259195264, 0.000639530480839, 0.000615670869593, -0.00177203712519, 0.00144379760604, -0.00145353050902, 0.00132093112916, -0.00130591867492], [4.22628218075e-05, -0.000556953775231, -0.000539584667422, -0.000471808190923, 0.00496683875099, -0.0018194867298, 8.39213898871e-05, -0.000222366928938, 0.000696117349435, -0.00078068964649, -0.000245924049523, -0.00125347170979, -0.000388898479287], [-0.000200104550458, 0.000536774867214, -0.00056058075279, -0.000871259195264, -0.0018194867298, 0.00971351377666, -0.00479930732399, -0.00123548647389, 0.000873998098541, -0.00150887051132, 0.00141610915307, -0.00147472624667, 0.00131821911782], [0.000341760722222, -0.00125407590531, 0.000320218648994, 0.000639530480839, 8.39213898871e-05, -0.00479930732399, 0.0117873493582, -0.0056774597615, -0.00147868448403, 0.00529156904668, -0.00329454871826, -0.000938412791584, -0.00123516155872], [-0.000201085436856, 0.00116382038686, -0.0005500363186, 0.000615670869593, -0.000222366928938, -0.00123548647389, -0.0056774597615, 0.0128778330982, -0.00637702364475, -0.00125285959803, 0.00212956615724, 7.56232984713e-05, 0.00105404341593], [0.00029792523128, -0.000927108863834, 0.000364891020581, -0.00177203712519, 0.000696117349435, 0.000873998098541, -0.00147868448403, -0.00637702364475, 0.0176153685898, -0.00735793588683, -0.00216301577166, 0.00692482059821, -0.00336852506734], [-0.000197637011297, 0.000672939990181, -0.000149064042489, 0.00144379760604, -0.00078068964649, -0.00150887051132, 0.00529156904668, -0.00125285959803, -0.00735793588683, 0.0178244635463, -0.00534630985931, -0.00325223640539, 0.00508577469736], [6.09944299867e-06, -0.00046697986545, 0.000320866587572, -0.00145353050902, -0.000245924049523, 0.00141610915307, -0.00329454871826, 0.00212956615724, -0.00216301577166, -0.00534630985931, 0.0164526756853, -0.00851642061025, 0.00370623543859], [-0.000129448395455, 0.00111419439781, -0.000864054018166, 0.00132093112916, -0.00125347170979, -0.00147472624667, -0.000938412791584, 7.56232984713e-05, 0.00692482059821, -0.00325223640539, -0.00851642061025, 0.0227283239365, -0.010097425431], [0.000188147139852, -0.000815687119029, -2.56435760093e-05, -0.00130591867492, -0.000388898479287, 0.00131821911782, -0.00123516155872, 0.00105404341593, -0.00336852506734, 0.00508577469736, 0.00370623543859, -0.010097425431, 0.0200706217438]]}, "melbands": {"dmean": [0.00283689750358, 0.00428086007014, 0.0009583493229, 0.000898184254766, 0.000771529681515, 0.000371640140656, 0.000193810119526, 6.42781451461e-05, 6.06535322731e-05, 8.2536462287e-05, 6.47208216833e-05, 4.91011996928e-05, 1.53429537022e-05, 3.22874620906e-05, 1.64649136423e-05, 1.95270222321e-05, 1.92144070752e-05, 1.2296451132e-05, 8.97413065104e-06, 6.88140153215e-06, 6.26294195172e-06, 4.28498560723e-06, 4.43901762992e-06, 3.94053131458e-06, 3.19717946695e-06, 3.39415828421e-06, 3.40368910656e-06, 3.86243709727e-06, 3.42579528478e-06, 2.02819273909e-06, 1.60294007401e-06, 2.06112076739e-06, 1.93952723748e-06, 1.16899252589e-06, 1.53386804413e-06, 1.16984051601e-06, 9.45351928294e-07, 8.86593227278e-07, 1.10539167508e-06, 1.04896344055e-06], "dmean2": [0.00458093360066, 0.00662941997871, 0.00155176920816, 0.00149145920295, 0.00126944773365, 0.000639936537482, 0.000355417578248, 0.000119511976663, 0.000105351558886, 0.000144869787619, 0.000108134008769, 7.5523275882e-05, 2.45559313043e-05, 4.94970554428e-05, 2.72199122264e-05, 3.38416793966e-05, 3.35413424182e-05, 1.94615149667e-05, 1.42573144331e-05, 1.1257643564e-05, 1.04299215309e-05, 6.84534825268e-06, 7.24170831745e-06, 6.38044502921e-06, 5.22999880559e-06, 5.59252930543e-06, 5.37976075066e-06, 6.78100923324e-06, 5.6998569562e-06, 3.17094441016e-06, 2.45569526669e-06, 3.38734025718e-06, 3.08774929181e-06, 1.80050005838e-06, 2.47913794738e-06, 1.84736052233e-06, 1.47700995967e-06, 1.37337167416e-06, 1.708405307e-06, 1.65721326084e-06], "dvar": [4.2322986701e-05, 9.93714274955e-05, 8.18091757537e-06, 8.27162875794e-06, 2.88855744657e-06, 9.02489261989e-07, 3.47239961229e-07, 3.21421005367e-08, 2.33898465041e-08, 6.33701660036e-08, 4.70747956172e-08, 2.66334332366e-08, 1.38656397475e-09, 6.01262195588e-09, 3.60028873381e-09, 3.8804421898e-09, 3.74586894836e-09, 1.31738919773e-09, 9.36368760307e-10, 5.08534547805e-10, 2.50469728291e-10, 1.38696526486e-10, 1.69914179948e-10, 1.07479192213e-10, 1.01734724811e-10, 8.9627652522e-11, 7.87398410362e-11, 3.85545068093e-10, 1.89634835612e-10, 2.07698459126e-11, 1.38845159328e-11, 4.42232223063e-11, 2.8949674255e-11, 6.57858446537e-12, 1.62809262599e-11, 8.5111822104e-12, 4.22271245748e-12, 4.66916089126e-12, 6.27025124531e-12, 5.65146670781e-12], "dvar2": [0.000105482555227, 0.000223275957978, 2.05205160455e-05, 2.18058557948e-05, 7.26174357624e-06, 2.47338766712e-06, 9.93877961264e-07, 9.15470934615e-08, 6.50056080076e-08, 1.7386996376e-07, 1.22942083181e-07, 6.46953850492e-08, 3.48805473394e-09, 1.41268179377e-08, 9.63738155946e-09, 1.04542845492e-08, 1.04464845663e-08, 2.9213502728e-09, 2.40428121856e-09, 1.25211241375e-09, 6.35172636709e-10, 3.36891209374e-10, 4.35514596608e-10, 2.63055910388e-10, 2.69434724531e-10, 2.3756965839e-10, 1.75768594124e-10, 1.11751585763e-09, 5.3367082975e-10, 4.97308895453e-11, 3.40488123807e-11, 1.20420715066e-10, 7.48485301516e-11, 1.49422019896e-11, 4.24214031958e-11, 2.1783028506e-11, 1.02463810006e-11, 1.115482446e-11, 1.45991500139e-11, 1.28917232792e-11], "max": [0.0697859972715, 0.122835479677, 0.0457378774881, 0.0419497489929, 0.0205861888826, 0.0208190567791, 0.0114079108462, 0.00197712308727, 0.00189227377996, 0.00467818137258, 0.00310629303567, 0.00305996509269, 0.000609962095041, 0.00111116631888, 0.00108402164187, 0.000957390118856, 0.000902286963537, 0.000762075360399, 0.000659137265757, 0.000353521609213, 0.000182309799129, 0.000217964596231, 0.000204745854717, 0.000123037607409, 0.000179917449714, 0.00014204843319, 0.000170464103576, 0.000325067492668, 0.000246628478635, 6.83079924784e-05, 6.55370677123e-05, 9.6532254247e-05, 0.000103822691017, 3.81923709938e-05, 7.31437903596e-05, 6.89736771164e-05, 4.34732501162e-05, 3.42022831319e-05, 3.84042978112e-05, 6.47990891594e-05], "mean": [0.00546374171972, 0.00733739789575, 0.0010963997338, 0.000903916312382, 0.000849010888487, 0.000383959704777, 0.000155976274982, 4.74619555462e-05, 6.27981207799e-05, 7.85498923506e-05, 6.85460836394e-05, 6.07150323049e-05, 1.86564575415e-05, 4.42790224042e-05, 1.71207611857e-05, 1.89027468878e-05, 1.82039730134e-05, 1.26528557303e-05, 9.62766080193e-06, 6.9014267865e-06, 6.74790817357e-06, 4.83437634102e-06, 4.28422799814e-06, 4.20226660935e-06, 3.39787948178e-06, 3.43920100931e-06, 3.8559942368e-06, 3.31072601512e-06, 3.23663152813e-06, 2.36482310356e-06, 1.98398038265e-06, 2.0090731141e-06, 1.99769101528e-06, 1.2918013681e-06, 1.44416742387e-06, 1.19232470297e-06, 1.06135053102e-06, 9.06688967461e-07, 1.03565560039e-06, 9.81355356089e-07], "median": [0.00153960287571, 0.00254826946184, 0.00038030356518, 0.000272894336376, 0.0002888951567, 0.000131969078211, 3.82878642995e-05, 8.69333416631e-06, 1.39923431561e-05, 1.26613922475e-05, 1.49113129737e-05, 1.38562081702e-05, 4.40471148977e-06, 7.96149925009e-06, 1.83012616617e-06, 2.2564054234e-06, 2.00887370738e-06, 1.57424187819e-06, 1.20346840049e-06, 9.37652885113e-07, 8.56832173213e-07, 5.81767494623e-07, 5.98359690684e-07, 5.61719559755e-07, 5.44699389593e-07, 4.80710582451e-07, 4.3136799377e-07, 3.67779136923e-07, 4.44272558298e-07, 3.63434878636e-07, 4.06748085879e-07, 3.28630676449e-07, 2.94926223887e-07, 1.78258034111e-07, 1.8149501102e-07, 1.37607258921e-07, 1.09888681266e-07, 1.02755869591e-07, 9.74654739139e-08, 8.20808452318e-08], "min": [7.89023489454e-24, 1.30524838603e-23, 2.26413492762e-23, 8.32969037217e-24, 1.33151989964e-24, 1.50199530506e-24, 9.18202618127e-24, 1.19179054522e-23, 4.0559725204e-24, 1.09453046427e-23, 8.79341515556e-24, 1.51427704105e-23, 1.61441930421e-23, 1.17193207634e-23, 1.01375181755e-23, 4.52535856408e-24, 9.67179441858e-24, 1.15713470237e-23, 1.25932839831e-23, 6.03708151017e-24, 6.927819857e-24, 1.09260982462e-23, 5.9336295022e-24, 6.71622369639e-24, 1.05845427735e-23, 7.35675666333e-24, 9.65856758778e-24, 1.49528679248e-23, 1.09783665921e-23, 9.55369484132e-24, 1.22273274648e-23, 1.01401009061e-23, 1.31263764613e-23, 1.16999565948e-23, 1.10538921352e-23, 1.16438741064e-23, 9.22195595371e-24, 9.94003868079e-24, 1.15479533535e-23, 9.72166857159e-24], "var": [7.00271557434e-05, 0.000158526105224, 7.54028951633e-06, 6.66174764774e-06, 2.77966432805e-06, 6.76837714764e-07, 2.1053804744e-07, 1.90312174908e-08, 1.8638193211e-08, 4.86992206561e-08, 3.74746953469e-08, 2.74347886631e-08, 1.49868617516e-09, 8.69530758507e-09, 3.27873550532e-09, 3.39257155701e-09, 3.03503888688e-09, 1.57651147692e-09, 8.88250195619e-10, 4.99092267514e-10, 2.93642055116e-10, 1.68461800065e-10, 1.55050139394e-10, 1.24477358976e-10, 9.1466362262e-11, 7.92887491774e-11, 1.04271820345e-10, 2.27794325069e-10, 1.30902386153e-10, 2.5899461395e-11, 1.68154466046e-11, 3.34202839014e-11, 2.60542889347e-11, 8.26105416712e-12, 1.38541088324e-11, 8.04050055703e-12, 5.47775236628e-12, 4.7974120336e-12, 6.41767845463e-12, 5.90480789264e-12]}, "mfcc": {"mean": [-721.05291748, 131.798461914, 39.0221405029, 29.1171035767, 8.17906951904, 15.2232112885, 9.03975391388, 5.75739240646, 4.24779987335, -1.24764299393, -3.19427752495, -4.99630737305, -2.45495796204], "cov": [[13104.2431641, -1222.65454102, -337.281799316, 148.982421875, 271.655487061, 92.2860641479, -126.687965393, -343.51159668, -475.881652832, -109.374145508, 41.6030158997, 231.087051392, 235.882049561], [-1222.65454102, 1516.05163574, 42.2766418457, -3.7265329361, -18.9565944672, 69.8988342285, 82.8182754517, 87.3270111084, 112.515922546, 7.18041276932, 23.6854953766, -46.4014587402, -35.5522232056], [-337.281799316, 42.2766418457, 719.463684082, 181.52973938, 165.061676025, 107.893165588, 121.051628113, 108.965255737, 86.7264556885, 17.6276550293, -10.4319801331, 18.6718273163, 38.773815155], [148.982421875, -3.7265329361, 181.52973938, 298.635955811, 131.492996216, 83.4259719849, 45.5550231934, 45.2947731018, 32.9625892639, 20.8462867737, -9.46782207489, -3.80219650269, 29.2361869812], [271.655487061, -18.9565944672, 165.061676025, 131.492996216, 249.804199219, 104.673797607, 69.8113327026, 25.719165802, 18.6958007812, -1.85465860367, -13.8534498215, 18.8813819885, 55.2693214417], [92.2860641479, 69.8988342285, 107.893165588, 83.4259719849, 104.673797607, 163.545944214, 95.1867980957, 63.2137260437, 35.3956565857, -9.05360507965, -9.15078544617, 13.2028665543, 50.7008934021], [-126.687965393, 82.8182754517, 121.051628113, 45.5550231934, 69.8113327026, 95.1867980957, 182.541870117, 133.713287354, 67.5361022949, 7.02095031738, -1.29184734821, 23.4172687531, 53.0817985535], [-343.51159668, 87.3270111084, 108.965255737, 45.2947731018, 25.719165802, 63.2137260437, 133.713287354, 207.945877075, 123.519386292, 54.5812683105, 14.7314119339, 12.8387117386, 25.9941425323], [-475.881652832, 112.515922546, 86.7264556885, 32.9625892639, 18.6958007812, 35.3956565857, 67.5361022949, 123.519386292, 156.6978302, 76.4332275391, 20.7472381592, -5.19606637955, -1.89305996895], [-109.374145508, 7.18041276932, 17.6276550293, 20.8462867737, -1.85465860367, -9.05360507965, 7.02095031738, 54.5812683105, 76.4332275391, 145.836425781, 75.5126571655, 23.725107193, -14.8934822083], [41.6030158997, 23.6854953766, -10.4319801331, -9.46782207489, -13.8534498215, -9.15078544617, -1.29184734821, 14.7314119339, 20.7472381592, 75.5126571655, 116.801078796, 62.2893562317, 9.32067680359], [231.087051392, -46.4014587402, 18.6718273163, -3.80219650269, 18.8813819885, 13.2028665543, 23.4172687531, 12.8387117386, -5.19606637955, 23.725107193, 62.2893562317, 123.786735535, 66.2350006104], [235.882049561, -35.5522232056, 38.773815155, 29.2361869812, 55.2693214417, 50.7008934021, 53.0817985535, 25.9941425323, -1.89305996895, -14.8934822083, 9.32067680359, 66.2350006104, 124.829109192]], "icov": [[9.89566760836e-05, 5.44030990568e-05, 5.58005885978e-05, -4.46565318271e-05, -8.48439740366e-05, -9.22040853766e-05, 1.69848772202e-05, 1.1728253412e-05, 0.000292196986265, -8.13180449768e-05, -1.3405466234e-05, -8.15927924123e-05, -7.39974711905e-05], [5.44030990568e-05, 0.000786665128544, 4.61097515654e-05, 9.65006438491e-06, 0.000117904812214, -0.000377880147425, -0.000270603428362, 0.000196196750039, -0.0005332356086, 0.000484524061903, -0.000630669936072, 0.000335467222612, 0.000198967158212], [5.58005885978e-05, 4.61097515654e-05, 0.00194772379473, -0.000771250925027, -0.000752658525016, -3.26744411723e-05, -0.000555091246497, -0.00010338951688, -0.000540255568922, 0.000297438498819, 0.000155678513693, -0.000535592320375, 0.000387282285374], [-4.46565318271e-05, 9.65006438491e-06, -0.000771250925027, 0.00503570353612, -0.00175938918255, -0.00127625220921, 0.00108980550431, -0.00087134813657, 0.000466994737508, -0.0011080710683, 0.000307975802571, 0.000999752548523, -0.000515931926202], [-8.48439740366e-05, 0.000117904812214, -0.000752658525016, -0.00175938918255, 0.00719965528697, -0.00267163617536, -0.00144325185101, 0.00209295912646, -0.00061163038481, -0.000791556492914, 0.0010251350468, -0.000290501076961, -0.00111107318662], [-9.22040853766e-05, -0.000377880147425, -3.26744411723e-05, -0.00127625220921, -0.00267163617536, 0.0117583209649, -0.00394287984818, 2.60808137682e-05, -0.00105515669566, 0.00152109051123, -0.000484836229589, 0.000726497790311, -0.00172980385832], [1.69848772202e-05, -0.000270603428362, -0.000555091246497, 0.00108980550431, -0.00144325185101, -0.00394287984818, 0.0149715878069, -0.0088261673227, 0.00111419358291, 0.00145103258546, 0.000203093659366, -0.000547660398297, -0.0020145890303], [1.1728253412e-05, 0.000196196750039, -0.00010338951688, -0.00087134813657, 0.00209295912646, 2.60808137682e-05, -0.0088261673227, 0.0155098019168, -0.0080308644101, -0.00125157658476, 0.000601734733209, -0.0005228377413, -0.000182514806511], [0.000292196986265, -0.0005332356086, -0.000540255568922, 0.000466994737508, -0.00061163038481, -0.00105515669566, 0.00111419358291, -0.0080308644101, 0.017285425216, -0.00698733562604, 0.00143113313243, 0.00169810734224, -0.000327086920151], [-8.13180449768e-05, 0.000484524061903, 0.000297438498819, -0.0011080710683, -0.000791556492914, 0.00152109051123, 0.00145103258546, -0.00125157658476, -0.00698733562604, 0.0160963647068, -0.00939591228962, 0.000223412862397, 0.00223257788457], [-1.3405466234e-05, -0.000630669936072, 0.000155678513693, 0.000307975802571, 0.0010251350468, -0.000484836229589, 0.000203093659366, 0.000601734733209, 0.00143113313243, -0.00939591228962, 0.0192981194705, -0.00911029614508, 0.00155029026791], [-8.15927924123e-05, 0.000335467222612, -0.000535592320375, 0.000999752548523, -0.000290501076961, 0.000726497790311, -0.000547660398297, -0.0005228377413, 0.00169810734224, 0.000223412862397, -0.00911029614508, 0.0176266375929, -0.00826289691031], [-7.39974711905e-05, 0.000198967158212, 0.000387282285374, -0.000515931926202, -0.00111107318662, -0.00172980385832, -0.0020145890303, -0.000182514806511, -0.000327086920151, 0.00223257788457, 0.00155029026791, -0.00826289691031, 0.0148271825165]]}, "spectral_contrast_coeffs": {"dmean": [0.0539955683053, 0.055407885462, 0.0423421263695, 0.0340974070132, 0.0231268312782, 0.0191083867103], "dmean2": [0.0861231610179, 0.0895052477717, 0.0661873519421, 0.0536031574011, 0.0364891588688, 0.0300351828337], "dvar": [0.00229740329087, 0.00233848718926, 0.00141600088682, 0.00089055619901, 0.000452127103927, 0.000290547992336], "dvar2": [0.00543587049469, 0.0059201461263, 0.00332278176211, 0.00202695582993, 0.00100926263258, 0.000664081366267], "max": [-0.294771820307, -0.36640226841, -0.47335010767, -0.52245503664, -0.610070228577, -0.64649438858], "mean": [-0.650749802589, -0.704155981541, -0.74321937561, -0.800374567509, -0.824014246464, -0.795526385307], "median": [-0.660983741283, -0.703350841999, -0.750973343849, -0.808373510838, -0.830399155617, -0.792668581009], "min": [-0.965623378754, -0.974149763584, -0.963227391243, -0.96092402935, -0.960659444332, -0.957595407963], "var": [0.00782216805965, 0.00627820845693, 0.00627949042246, 0.00341999484226, 0.00185591820627, 0.00131455785595]}, "spectral_contrast_valleys": {"dmean": [0.451475769281, 0.625737369061, 0.51841878891, 0.527410805225, 0.528813958168, 0.641200065613], "dmean2": [0.694727659225, 0.958059489727, 0.74808382988, 0.715771555901, 0.687837004662, 0.74877756834], "dvar": [0.197764232755, 0.435244470835, 0.312366306782, 0.303615987301, 0.312485814095, 0.355556875467], "dvar2": [0.395572125912, 0.965248703957, 0.614269793034, 0.586592495441, 0.533459246159, 0.57299298048], "max": [-4.62206888199, -4.41836833954, -5.05842494965, -5.58528137207, -5.39799785614, -7.4822845459], "mean": [-7.20604038239, -7.6387124061