{"lowlevel": {"average_loudness": 0.875296354294, "barkbands_crest": {"dmean": 2.24629950523, "dmean2": 3.55599331856, "dvar": 5.12334060669, "dvar2": 12.4144544601, "max": 25.3521327972, "mean": 13.6179380417, "median": 13.3813333511, "min": 2.79469513893, "var": 16.9145736694}, "barkbands_flatness_db": {"dmean": 0.0241946931928, "dmean2": 0.0352064594626, "dvar": 0.000670132634696, "dvar2": 0.00142652273644, "max": 0.405906409025, "mean": 0.202396228909, "median": 0.20148037374, "min": 0.0199267361313, "var": 0.00219803582877}, "barkbands_kurtosis": {"dmean": 2.07723522186, "dmean2": 3.23333072662, "dvar": 8.73820877075, "dvar2": 21.4085578918, "max": 62.9088592529, "mean": 4.4392786026, "median": 3.65770578384, "min": -1.75662910938, "var": 19.1116275787}, "barkbands_skewness": {"dmean": 0.379327684641, "dmean2": 0.580861985683, "dvar": 0.162279292941, "dvar2": 0.388414233923, "max": 7.05079507828, "mean": 1.83682823181, "median": 1.85378193855, "min": -2.06268167496, "var": 0.617741286755}, "barkbands_spread": {"dmean": 2.52654242516, "dmean2": 3.8040599823, "dvar": 10.6393346786, "dvar2": 23.6153011322, "max": 87.7516098022, "mean": 11.9126586914, "median": 11.0735883713, "min": 1.38813591003, "var": 30.2195510864}, "dissonance": {"dmean": 0.0249268636107, "dmean2": 0.041660822928, "dvar": 0.000499592162669, "dvar2": 0.0013084881939, "max": 0.499984920025, "mean": 0.431874036789, "median": 0.434831619263, "min": 0.235359922051, "var": 0.00116725091357}, "dynamic_complexity": 4.04041004181, "erbbands_crest": {"dmean": 2.08087801933, "dmean2": 3.15061783791, "dvar": 4.41229009628, "dvar2": 10.2573184967, "max": 32.2745933533, "mean": 11.8534021378, "median": 11.2712965012, "min": 2.68924117088, "var": 17.1611843109}, "erbbands_flatness_db": {"dmean": 0.022515418008, "dmean2": 0.0307043660432, "dvar": 0.000704136677086, "dvar2": 0.00137498299591, "max": 0.466182410717, "mean": 0.238102033734, "median": 0.240307569504, "min": 0.0497300997376, "var": 0.00265619717538}, "erbbands_kurtosis": {"dmean": 0.779627323151, "dmean2": 1.18975090981, "dvar": 1.4789493084, "dvar2": 3.29820275307, "max": 47.4009933472, "mean": 0.219145715237, "median": -0.374172687531, "min": -1.81367826462, "var": 3.82300972939}, "erbbands_skewness": {"dmean": 0.282079130411, "dmean2": 0.416314214468, "dvar": 0.0870321393013, "dvar2": 0.192384272814, "max": 4.49384498596, "mean": 0.849622428417, "median": 0.831871271133, "min": -1.5600823164, "var": 0.364458173513}, "erbbands_spread": {"dmean": 4.20097541809, "dmean2": 6.20614480972, "dvar": 29.7599563599, "dvar2": 63.0324478149, "max": 112.197395325, "mean": 29.3873901367, "median": 28.750667572, "min": 1.59813785553, "var": 107.097610474}, "hfc": {"dmean": 3.18769359589, "dmean2": 4.09014987946, "dvar": 27.0505046844, "dvar2": 39.7518463135, "max": 100.888046265, "mean": 12.2347145081, "median": 8.18054199219, "min": 1.07210296858e-16, "var": 161.398757935}, "melbands_crest": {"dmean": 2.58970713615, "dmean2": 4.07716798782, "dvar": 7.23888301849, "dvar2": 16.6148300171, "max": 32.5702781677, "mean": 16.9378395081, "median": 16.5193691254, "min": 2.80871558189, "var": 26.5170936584}, "melbands_flatness_db": {"dmean": 0.0223577916622, "dmean2": 0.0331400297582, "dvar": 0.000621721148491, "dvar2": 0.00135853409301, "max": 0.467006504536, "mean": 0.256385326385, "median": 0.255107104778, "min": 0.00794315896928, "var": 0.00245828926563}, "melbands_kurtosis": {"dmean": 3.72796297073, "dmean2": 5.86191415787, "dvar": 27.1419010162, "dvar2": 66.6366348267, "max": 115.311851501, "mean": 10.6946926117, "median": 9.25285816193, "min": -1.60362839699, "var": 64.7772293091}, "melbands_skewness": {"dmean": 0.470184624195, "dmean2": 0.730896413326, "dvar": 0.255891799927, "dvar2": 0.603195011616, "max": 8.71702289581, "mean": 2.54795122147, "median": 2.52823925018, "min": -2.00705480576, "var": 1.00058543682}, "melbands_spread": {"dmean": 2.9567501545, "dmean2": 4.44255590439, "dvar": 13.454451561, "dvar2": 28.0747909546, "max": 151.631195068, "mean": 13.5226564407, "median": 11.7745027542, "min": 1.34030842781, "var": 53.1762504578}, "pitch_salience": {"dmean": 0.0589411184192, "dmean2": 0.0935738459229, "dvar": 0.003698336659, "dvar2": 0.0090612154454, "max": 0.83912551403, "mean": 0.477695375681, "median": 0.473091453314, "min": 0.130475580692, "var": 0.0116030639037}, "silence_rate_20dB": {"dmean": 0, "dmean2": 0, "dvar": 0, "dvar2": 0, "max": 1, "mean": 1, "median": 1, "min": 1, "var": 0}, "silence_rate_30dB": {"dmean": 0.000332078809151, "dmean2": 0.000664194405545, "dvar": 0.000331891060341, "dvar2": 0.000774329819251, "max": 1, "mean": 0.999612569809, "median": 1, "min": 0, "var": 0.000387147563742}, "silence_rate_60dB": {"dmean": 0.0591100305319, "dmean2": 0.118226602674, "dvar": 0.0556044988334, "dvar2": 0.119436301291, "max": 1, "mean": 0.167247772217, "median": 0, "min": 0, "var": 0.139260351658}, "spectral_centroid": {"dmean": 132.336090088, "dmean2": 196.927307129, "dvar": 28015.6132812, "dvar2": 51551.5273438, "max": 11173.1748047, "mean": 971.458618164, "median": 891.347961426, "min": 246.981796265, "var": 137901.484375}, "spectral_complexity": {"dmean": 1.76455616951, "dmean2": 2.6076271534, "dvar": 3.34652304649, "dvar2": 5.85419464111, "max": 27, "mean": 10.8481931686, "median": 11, "min": 0, "var": 22.8312950134}, "spectral_decrease": {"dmean": 1.16225351565e-09, "dmean2": 1.573604691e-09, "dvar": 2.9907606334e-18, "dvar2": 5.29079898553e-18, "max": 4.2878735763e-29, "mean": -4.17902423777e-09, "median": -3.14456660711e-09, "min": -3.29024167911e-08, "var": 1.43934885976e-17}, "spectral_energy": {"dmean": 0.00465800892562, "dmean2": 0.00627943361178, "dvar": 4.82942195958e-05, "dvar2": 8.42389272293e-05, "max": 0.133332207799, "mean": 0.0168822668493, "median": 0.0126438876614, "min": 9.5624486036e-21, "var": 0.000236351785134}, "spectral_energyband_high": {"dmean": 4.49726903753e-05, "dmean2": 6.2050014094e-05, "dvar": 8.03493804824e-09, "dvar2": 1.32027917488e-08, "max": 0.00192471046466, "mean": 0.000111321765871, "median": 5.05491952936e-05, "min": 7.11040577141e-21, "var": 2.52674023926e-08}, "spectral_energyband_low": {"dmean": 0.0003345629666, "dmean2": 0.000575316546019, "dvar": 8.54362554037e-07, "dvar2": 2.10768575926e-06, "max": 0.00897040497512, "mean": 0.000523794617038, "median": 0.000144904333865, "min": 1.54778018458e-22, "var": 1.46805064105e-06}, "spectral_energyband_middle_high": {"dmean": 0.00087835843442, "dmean2": 0.00114434817806, "dvar": 2.69572024081e-06, "dvar2": 4.05900709666e-06, "max": 0.0346731953323, "mean": 0.0030638363678, "median": 0.00162210885901, "min": 1.21123849089e-21, "var": 1.59012979566e-05}, "spectral_energyband_middle_low": {"dmean": 0.0039074709639, "dmean2": 0.00535780889913, "dvar": 3.46676788467e-05, "dvar2": 6.61049925839e-05, "max": 0.10921189189, "mean": 0.0134334946051, "median": 0.0101291071624, "min": 2.42209757124e-22, "var": 0.000153493674588}, "spectral_entropy": {"dmean": 0.225733846426, "dmean2": 0.326397538185, "dvar": 0.0690406486392, "dvar2": 0.14569067955, "max": 9.80872917175, "mean": 6.63437223434, "median": 6.60216665268, "min": 4.70091056824, "var": 0.257232367992}, "spectral_flux": {"dmean": 0.0199699029326, "dmean2": 0.0319257564843, "dvar": 0.000598024285864, "dvar2": 0.00143117667176, "max": 0.233242198825, "mean": 0.0403113439679, "median": 0.0313871763647, "min": 9.77877709363e-11, "var": 0.000888902170118}, "spectral_kurtosis": {"dmean": 4.47713184357, "dmean2": 7.6673746109, "dvar": 25.7823829651, "dvar2": 71.8447952271, "max": 83.669303894, "mean": 9.78180789948, "median": 8.10100841522, "min": -1.21692311764, "var": 53.0565567017}, "spectral_rms": {"dmean": 0.000567095237784, "dmean2": 0.000752138788812, "dvar": 5.23749918102e-07, "dvar2": 8.06833043043e-07, "max": 0.0114052705467, "mean": 0.00361488340423, "median": 0.00351219298318, "min": 3.05437684693e-12, "var": 3.4030599636e-06}, "spectral_rolloff": {"dmean": 205.278167725, "dmean2": 350.706939697, "dvar": 179425.8125, "dvar2": 390110.4375, "max": 18841.5527344, "mean": 995.550964355, "median": 775.1953125, "min": 86.1328125, "var": 428202.84375}, "spectral_skewness": {"dmean": 0.418276965618, "dmean2": 0.701162695885, "dvar": 0.170547828078, "dvar2": 0.471351206303, "max": 6.89676189423, "mean": 2.04375243187, "median": 1.91185832024, "min": -0.00802389532328, "var": 0.438576459885}, "spectral_spread": {"dmean": 513352.78125, "dmean2": 738826.625, "dvar": 552318795776, "dvar2": 989735550976, "max": 40865200, "mean": 3277883.75, "median": 2853134.75, "min": 844785.1875, "var": 1882210828290.0}, "spectral_strongpeak": {"dmean": 0.364197075367, "dmean2": 0.542420387268, "dvar": 0.26993983984, "dvar2": 0.555573225021, "max": 10.8802499771, "mean": 1.36926555634, "median": 1.16684877872, "min": 0, "var": 1.09632349014}, "zerocrossingrate": {"dmean": 0.00562209868804, "dmean2": 0.00667640240863, "dvar": 5.89235933148e-05, "dvar2": 7.20564421499e-05, "max": 0.51611328125, "mean": 0.0386207252741, "median": 0.03515625, "min": 0.00341796875, "var": 0.000310565897962}, "barkbands": {"dmean": [1.24457465063e-05, 0.000288530340185, 7.49230312067e-05, 2.92025160888e-05, 0.000871164840646, 0.00150290934835, 0.000930204987526, 0.000953695329372, 0.000449922517873, 0.000183956712135, 0.000112946436275, 7.83586947364e-05, 0.000184992866707, 0.00016349706857, 0.000131445500301, 0.000115781753266, 0.00015191861894, 9.02323372429e-05, 9.63638958638e-05, 3.57919343514e-05, 1.10388446046e-05, 5.9994640651e-06, 6.52742301099e-06, 6.15290855421e-06, 3.83031647289e-06, 4.91015225634e-06, 2.28268390856e-07], "dmean2": [2.2561818696e-05, 0.000480962859001, 0.000138043556944, 5.00182759424e-05, 0.00134546461049, 0.00227407529019, 0.00123711954802, 0.001205330831, 0.000586595619097, 0.000243904069066, 0.00014301246847, 0.000110086482891, 0.000256158411503, 0.000226943186135, 0.000179870665306, 0.000159405331942, 0.000202947994694, 0.000123780118884, 0.000130798202008, 5.16535983479e-05, 1.55086254381e-05, 9.31433260121e-06, 9.63998627412e-06, 7.82092138252e-06, 5.35846265848e-06, 7.31176805857e-06, 3.41574320828e-07], "dvar": [1.1467641281e-09, 6.65729658067e-07, 7.2927704764e-08, 3.13242543015e-09, 3.10277550852e-06, 1.48467406689e-05, 6.19905495114e-06, 5.75384865442e-06, 2.38196889768e-06, 5.76086847559e-07, 9.00996823816e-08, 3.2920819848e-08, 3.30287917905e-07, 2.04690849159e-07, 1.3270677357e-07, 1.05115596227e-07, 1.84937889003e-07, 3.77407296526e-08, 5.35521600398e-08, 6.16497786154e-09, 4.55705612135e-10, 2.68639360756e-10, 3.43424289007e-10, 3.2131533545e-10, 1.16349797852e-10, 1.20314203045e-10, 2.418673714e-13], "dvar2": [3.50848394781e-09, 1.62965216077e-06, 2.13336406318e-07, 8.77231887131e-09, 6.83796133671e-06, 3.73998009309e-05, 9.24296818994e-06, 7.66420544096e-06, 3.6176706999e-06, 9.61438558988e-07, 1.56672953722e-07, 5.73852219077e-08, 5.80504092795e-07, 3.60541093869e-07, 2.11207108691e-07, 1.81115439091e-07, 2.70738695463e-07, 6.88829047135e-08, 9.48287208757e-08, 1.12551088449e-08, 7.88203058377e-10, 5.00974317585e-10, 6.51042886268e-10, 5.20158249806e-10, 1.78713113752e-10, 2.56036997159e-10, 4.68392577328e-13], "max": [0.000369358953321, 0.00869664084166, 0.00332553498447, 0.00103465560824, 0.0363442152739, 0.0819762349129, 0.0741217583418, 0.0992698147893, 0.0774277821183, 0.0382817275822, 0.0104345204309, 0.00482440367341, 0.0151143111289, 0.0132259959355, 0.0140279205516, 0.0117354597896, 0.014459580183, 0.00570242293179, 0.0063802478835, 0.00248414254747, 0.000516461965162, 0.00020703766495, 0.000259376975009, 0.000200836540898, 0.000111761328299, 9.55598952714e-05, 5.57617750019e-06], "mean": [1.33278135763e-05, 0.000416282739025, 7.38153103157e-05, 4.74344706163e-05, 0.00191569374874, 0.00396115053445, 0.00278477906249, 0.0028850894887, 0.00136631913483, 0.000524286238942, 0.000269017793471, 0.000182216841495, 0.000446325953817, 0.000367268017726, 0.000350907619577, 0.000263939844444, 0.000395023933379, 0.000209888297832, 0.000237098778598, 0.000101486839412, 2.65401777142e-05, 1.13039614007e-05, 1.26515142256e-05, 9.8696546047e-06, 5.6395347201e-06, 4.67748259325e-06, 2.38686993725e-07], "median": [8.55947519085e-07, 8.67255948833e-05, 2.4702765586e-05, 2.66669776465e-05, 0.00045759123168, 0.00046042149188, 0.00049759587273, 0.000572824792471, 0.000168608239619, 8.17796535557e-05, 8.23600421427e-05, 3.81933823519e-05, 0.000112142013677, 8.57501363498e-05, 6.37919001747e-05, 4.76036475447e-05, 0.000100273791759, 5.75590820517e-05, 5.85523193877e-05, 3.82608814107e-05, 1.04853188532e-05, 2.97353949463e-06, 2.39023620452e-06, 1.2469529338e-06, 6.15689373262e-07, 2.85227258701e-07, 3.19520694347e-08], "min": [1.41455681848e-23, 3.96384997498e-23, 8.85301864566e-23, 2.23990837814e-23, 5.11497032292e-23, 5.32755713505e-24, 1.18217377859e-23, 2.6419699556e-23, 5.59077083127e-23, 2.49752479069e-22, 3.16304224467e-23, 8.03454768859e-23, 6.52612068224e-23, 1.24961120968e-22, 6.05676863847e-23, 9.69859170799e-23, 1.46972056785e-22, 9.01150080152e-23, 1.57698305798e-22, 3.00148599252e-22, 3.85484997137e-22, 5.10026620808e-22, 6.06238015319e-22, 7.40527233475e-22, 1.06508207842e-21, 1.69286581619e-21, 2.14142015435e-21], "var": [1.12898734805e-09, 1.14444969768e-06, 4.47863186537e-08, 4.03001365612e-09, 1.0278836271e-05, 4.88680088893e-05, 3.41872000718e-05, 3.35309741786e-05, 1.21229468277e-05, 3.38937525157e-06, 3.02093354776e-07, 1.39100137631e-07, 1.15944465051e-06, 6.71038208111e-07, 7.84221015238e-07, 5.08203868321e-07, 1.15415969049e-06, 1.38136670103e-07, 2.48462981745e-07, 3.01038447503e-08, 1.97033478422e-09, 5.01447605661e-10, 7.24227511295e-10, 6.84005407869e-10, 2.33441765918e-10, 1.38473787992e-10, 3.01265468735e-13]}, "erbbands": {"dmean": [0.0102182179689, 0.0612196065485, 0.0936181843281, 0.0896769240499, 0.389508992434, 4.18648862839, 6.50629329681, 14.0599107742, 11.5927143097, 24.5634880066, 10.6564912796, 9.40961837769, 8.95024204254, 3.12470436096, 3.71258568764, 3.3845717907, 8.63111877441, 10.1188182831, 4.08551311493, 6.30488681793, 6.32530832291, 8.46894454956, 5.48395490646, 5.95615625381, 3.29728603363, 1.28550589085, 0.666490852833, 0.345867067575, 0.241461783648, 0.20729252696, 0.184837117791, 0.146558731794, 0.092381387949, 0.0485970303416, 0.0256565827876, 0.0166337117553, 0.010192704387, 0.00167376804166, 3.79043885914e-05, 6.01438750891e-06], "dmean2": [0.0168906264007, 0.104632280767, 0.172622680664, 0.157697767019, 0.586522877216, 6.53406333923, 9.72919750214, 21.550491333, 16.164352417, 31.1839160919, 14.2413702011, 12.3144550323, 11.5033464432, 4.06341600418, 4.87616300583, 4.73642587662, 11.8565797806, 13.9693479538, 5.63692140579, 8.64896583557, 8.53843593597, 11.0382938385, 7.52235078812, 8.24582004547, 4.67909574509, 1.82839715481, 0.944118261337, 0.486869037151, 0.377901673317, 0.311773151159, 0.280302733183, 0.198120817542, 0.121156178415, 0.0626919940114, 0.0355241298676, 0.0246345121413, 0.0152986086905, 0.00243966397829, 5.46142364328e-05, 8.03895272838e-06], "dvar": [0.000848726311233, 0.031037511304, 0.113987982273, 0.0514229573309, 0.716045320034, 80.050453186, 219.069732666, 1713.27697754, 734.65234375, 2746.02832031, 676.845947266, 1368.22924805, 995.622558594, 110.24130249, 57.1381034851, 51.0812568665, 686.895324707, 640.791137695, 72.1566543579, 187.238571167, 280.799102783, 672.62286377, 143.356018066, 205.518798828, 56.4874229431, 5.48710918427, 1.7250469923, 0.446871727705, 0.401440799236, 0.309749424458, 0.302537828684, 0.17543387413, 0.0803064256907, 0.0203847251832, 0.00440717255697, 0.001797265606, 0.000488495803438, 1.11604667836e-05, 5.52983614455e-09, 7.41139580263e-11], "dvar2": [0.00214045448229, 0.0767022073269, 0.331953555346, 0.147813498974, 1.3987377882, 186.101074219, 403.266021729, 4527.8359375, 1372.61962891, 3850.35131836, 1142.15075684, 2036.26318359, 1623.48657227, 184.460769653, 97.1650543213, 95.4938583374, 1235.68103027, 1142.77416992, 125.515182495, 306.571075439, 441.982543945, 960.24609375, 261.354949951, 389.902709961, 98.5929260254, 9.51634788513, 2.98934984207, 0.787182748318, 0.836307168007, 0.565147340298, 0.522102475166, 0.298807173967, 0.122496530414, 0.030139259994, 0.00803129468113, 0.0037226297427, 0.00108119670767, 2.18821387534e-05, 1.06764561636e-08, 1.27790403259e-10], "max": [0.300004988909, 1.79559898376, 3.75973773003, 3.88110232353, 26.1272220612, 209.762893677, 418.536468506, 970.58203125, 543.73614502, 1922.48095703, 741.51171875, 2147.52050781, 1474.36291504, 387.782562256, 229.698791504, 172.153289795, 681.709899902, 721.160949707, 282.519317627, 494.480621338, 630.405273438, 1007.48388672, 365.487579346, 401.365020752, 164.144989014, 66.4853515625, 36.4149627686, 13.9610433578, 8.99166297913, 8.14397525787, 6.12252998352, 4.8228020668, 3.19931125641, 1.65219521523, 0.710295021534, 0.39578422904, 0.193571716547, 0.0289286989719, 0.000645780877676, 0.000162077281857], "mean": [0.0136130601168, 0.0866512879729, 0.0977732613683, 0.139449819922, 0.901487529278, 8.76787376404, 17.276227951, 35.4311256409, 35.103351593, 77.2314071655, 33.2789039612, 29.1715984344, 27.916349411, 8.08927536011, 8.36364555359, 8.48189258575, 21.1998138428, 24.146238327, 11.2454977036, 17.5485286713, 16.1168804169, 22.8544235229, 14.0075273514, 14.0025568008, 8.69134902954, 3.75953412056, 1.88617682457, 0.813824057579, 0.464606434107, 0.406042277813, 0.358201235533, 0.24264934659, 0.144032895565, 0.0739661976695, 0.033644426614, 0.0176377519965, 0.00914753135294, 0.00159641436767, 4.48452301498e-05, 2.12277354876e-05], "median": [0.00242564058863, 0.0167400687933, 0.0289808828384, 0.08223439008, 0.45732781291, 1.8681179285, 5.08320713043, 4.10414457321, 7.51265048981, 22.8390655518, 11.1339550018, 5.47903394699, 5.30411338806, 2.14929652214, 3.24085998535, 3.46559739113, 6.95426750183, 8.18999004364, 4.20645809174, 6.1180639267, 5.6179599762, 5.79620218277, 5.20532894135, 4.12271499634, 2.71023440361, 1.7863701582, 0.722604393959, 0.313202679157, 0.126854717731, 0.0948939323425, 0.0707911029458, 0.033781632781, 0.0159131325781, 0.00790457800031, 0.00364655954763, 0.00145291560329, 0.00044958703802, 7.56036533858e-05, 1.2782083104e-05, 1.60802574101e-05], "min": [8.15938902892e-22, 1.11969356836e-20, 8.39280843198e-20, 1.08319617869e-19, 4.4249257849e-20, 2.26211356862e-19, 1.9464684262e-19, 3.77499414487e-20, 1.95504900334e-19, 2.79897213923e-19, 6.90276017321e-19, 1.33230476086e-18, 6.45597841767e-18, 4.31061725662e-18, 1.93359093012e-18, 3.32764710186e-18, 3.10868784422e-18, 6.07247473823e-18, 4.49132189246e-18, 5.07044096548e-18, 3.78780974457e-18, 9.3066107262e-18, 5.47738528912e-18, 6.01347235872e-18, 9.50320508802e-18, 1.46714460989e-17, 1.23615872517e-17, 1.82762859735e-17, 2.29397267806e-17, 1.67626959994e-17, 1.52798606005e-17, 1.53800669142e-17, 1.22424823425e-17, 1.16029319355e-17, 8.32189439316e-18, 5.50111337859e-18, 2.9725634871e-18, 1.34355762252e-18, 3.01794830237e-19, 3.31935786031e-20], "var": [0.00133600493427, 0.049644857645, 0.0759995654225, 0.0437691621482, 2.30095028877, 231.379180908, 983.863952637, 5092.67236328, 3727.83227539, 16202.4326172, 3277.43603516, 6925.59960938, 5931.62060547, 401.10369873, 192.465301514, 194.858154297, 2225.04467773, 2036.59082031, 380.299407959, 1126.97485352, 1467.7989502, 4181.15039062, 551.987304688, 868.111022949, 269.963684082, 30.5343742371, 9.23885822296, 1.7106307745, 0.741138696671, 0.6560780406, 0.618544995785, 0.36996331811, 0.16528390348, 0.0433867797256, 0.00769894709811, 0.00221939338371, 0.000529242504854, 1.39132052936e-05, 7.31925675623e-09, 3.52943479998e-10]}, "gfcc": {"mean": [-87.3190994263, 112.785797119, -156.845291138, 2.67763924599, -64.5620269775, -25.9615592957, -46.5271644592, 0.611779630184, -16.4005622864, 4.28455257416, -3.65517854691, -1.56609797478, -9.81590270996], "cov": [[6506.7890625, -895.256347656, -343.334533691, 154.15814209, -79.3901748657, 164.493759155, -95.6266784668, 329.034484863, 52.2649078369, 362.007476807, 5.99934864044, 106.690986633, -68.5158462524], [-895.256347656, 1715.46154785, -7.46647548676, 218.612380981, 609.619934082, -102.076049805, 432.097717285, -69.0946578979, 241.667984009, -141.891815186, 206.789215088, -92.6626815796, 149.359130859], [-343.334533691, -7.46647548676, 1180.0802002, 133.437606812, 139.476318359, 395.725341797, -48.4725723267, 131.163497925, -98.7785263062, 72.5366210938, -138.470046997, 190.218902588, -87.2523727417], [154.15814209, 218.612380981, 133.437606812, 487.847686768, 135.313095093, 187.207122803, 164.699005127, 30.4988098145, 103.106285095, -13.5451545715, 62.0390472412, -34.0574226379, 3.02539658546], [-79.3901748657, 609.619934082, 139.476318359, 135.313095093, 507.993469238, 43.1865539551, 271.634155273, 122.212791443, 115.965339661, 86.9949645996, 14.8383636475, -2.92458224297, 24.6911125183], [164.493759155, -102.076049805, 395.725341797, 187.207122803, 43.1865539551, 283.06137085, 26.9257125854, 87.2879486084, 12.360285759, 39.9777069092, -45.3279495239, 48.8334884644, -41.6393585205], [-95.6266784668, 432.097717285, -48.4725723267, 164.699005127, 271.634155273, 26.9257125854, 318.058166504, 105.016372681, 125.900115967, 54.4372215271, 35.4220275879, -64.1489334106, 18.4904918671], [329.034484863, -69.0946578979, 131.163497925, 30.4988098145, 122.212791443, 87.2879486084, 105.016372681, 189.161087036, 55.0248184204, 109.963546753, -43.9456825256, 29.9968547821, -14.4932899475], [52.2649078369, 241.667984009, -98.7785263062, 103.106285095, 115.965339661, 12.360285759, 125.900115967, 55.0248184204, 166.603988647, 33.7620391846, 51.8409080505, -33.8127784729, 40.0491752625], [362.007476807, -141.891815186, 72.5366210938, -13.5451545715, 86.9949645996, 39.9777069092, 54.4372215271, 109.963546753, 33.7620391846, 211.582366943, -4.33357715607, 21.2497291565, -30.6383800507], [5.99934864044, 206.789215088, -138.470046997, 62.0390472412, 14.8383636475, -45.3279495239, 35.4220275879, -43.9456825256, 51.8409080505, -4.33357715607, 166.845321655, 8.12526893616, 35.897102356], [106.690986633, -92.6626815796, 190.218902588, -34.0574226379, -2.92458224297, 48.8334884644, -64.1489334106, 29.9968547821, -33.8127784729, 21.2497291565, 8.12526893616, 133.14956665, 18.6472454071], [-68.5158462524, 149.359130859, -87.2523727417, 3.02539658546, 24.6911125183, -41.6393585205, 18.4904918671, -14.4932899475, 40.0491752625, -30.6383800507, 35.897102356, 18.6472454071, 104.217826843]], "icov": [[0.000250832701568, -0.000327278336044, 0.000546555151232, -0.000350982678356, 0.000217416207306, -0.000397049385356, 0.000691012479365, -0.000828729593195, 0.000419922405854, -0.000587647373322, 0.000301364401821, -0.000489788595587, 0.000303420238197], [-0.000327278336044, 0.00600746227428, -0.00393405137584, 0.00229998677969, -0.00521340873092, 0.00313578662463, -0.00521924719214, 0.00579925626516, -0.00472120661288, 0.00569203589112, -0.00547417160124, 0.00426236819476, -0.00335405557416], [0.000546555151232, -0.00393405137584, 0.00570780830458, -0.00173333461862, 0.00222960393876, -0.00545200053602, 0.00423044431955, -0.00393634755164, 0.00431291060522, -0.00408961065114, 0.00473486166447, -0.00581304961815, 0.00337137351744], [-0.000350982678356, 0.00229998677969, -0.00173333461862, 0.00566308572888, -0.00218013161793, -0.00250979885459, -0.0039273230359, 0.0038755943533, -0.00281955534592, 0.00329613103531, -0.00386904971674, 0.00312758330256, -0.0015674381284], [0.000217416207306, -0.00521340873092, 0.00222960393876, -0.00218013161793, 0.00911335553974, -0.00100525782909, 0.000566381379031, -0.00464918697253, 0.00293313362636, -0.0055888001807, 0.00532664358616, -0.00469043944031, 0.0024709792342], [-0.000397049385356, 0.00313578662463, -0.00545200053602, -0.00250979885459, -0.00100525782909, 0.0135448947549, -0.00273895822465, 0.000763271586038, -0.00436681695282, 0.00312308431603, -0.00151563691907, 0.00167721451726, -0.000186489211046], [0.000691012479365, -0.00521924719214, 0.00423044431955, -0.0039273230359, 0.000566381379031, -0.00273895822465, 0.0155470129102, -0.0107921520248, 0.00373419933021, -0.004815205466, 0.00268150074407, 0.000955453026108, 0.00215712073259], [-0.000828729593195, 0.00579925626516, -0.00393634755164, 0.0038755943533, -0.00464918697253, 0.000763271586038, -0.0107921520248, 0.0210908576846, -0.00856162328273, 0.0016866303049, -0.000220444868319, -0.00117684225552, -0.00193738716189], [0.000419922405854, -0.00472120661288, 0.00431291060522, -0.00281955534592, 0.00293313362636, -0.00436681695282, 0.00373419933021, -0.00856162328273, 0.0165298450738, -0.00533670932055, 0.00109228282236, 0.000135031325044, -0.00187934283167], [-0.000587647373322, 0.00569203589112, -0.00408961065114, 0.00329613103531, -0.0055888001807, 0.00312308431603, -0.004815205466, 0.0016866303049, -0.00533670932055, 0.0134078543633, -0.0068679805845, 0.00418483838439, -0.000793273095042], [0.000301364401821, -0.00547417160124, 0.00473486166447, -0.00386904971674, 0.00532664358616, -0.00151563691907, 0.00268150074407, -0.000220444868319, 0.00109228282236, -0.0068679805845, 0.0158051811159, -0.00989037565887, 0.00363268144429], [-0.000489788595587, 0.00426236819476, -0.00581304961815, 0.00312758330256, -0.00469043944031, 0.00167721451726, 0.000955453026108, -0.00117684225552, 0.000135031325044, 0.00418483838439, -0.00989037565887, 0.0212329402566, -0.00915400497615], [0.000303420238197, -0.00335405557416, 0.00337137351744, -0.0015674381284, 0.0024709792342, -0.000186489211046, 0.00215712073259, -0.00193738716189, -0.00187934283167, -0.000793273095042, 0.00363268144429, -0.00915400497615, 0.0170332118869]]}, "melbands": {"dmean": [8.53801102494e-05, 5.92276919633e-05, 1.74518845597e-05, 0.000143419441883, 0.000233692699112, 0.000306770205498, 0.0001962165843, 0.000273731100606, 8.01848509582e-05, 6.20478313067e-05, 4.34237699665e-05, 1.10665077955e-05, 1.20513586808e-05, 7.95553296484e-06, 1.20326021715e-05, 2.23710703722e-05, 2.02216160687e-05, 4.26555970989e-06, 1.32565292006e-05, 9.07550111151e-06, 6.55733765598e-06, 1.03465436041e-05, 6.05659897701e-06, 3.4926592889e-06, 5.43161604583e-06, 2.0743548248e-06, 2.45458772952e-06, 7.67858580275e-07, 5.35280378244e-07, 3.29818192313e-07, 1.90534350963e-07, 1.44195738017e-07, 1.27992905163e-07, 1.24817759684e-07, 1.12840560007e-07, 9.73605054355e-08, 9.01231800299e-08, 6.6397262799e-08, 5.9192004187e-08, 3.69295349856e-08], "dmean2": [0.000138625109685, 0.000104721264506, 2.98089762509e-05, 0.000221993788728, 0.000351208291249, 0.000467338744784, 0.000270514952717, 0.000345006148564, 0.000108690350316, 8.04436276667e-05, 5.60054359084e-05, 1.48030549099e-05, 1.57712092914e-05, 1.12815514512e-05, 1.62442502187e-05, 3.0754465115e-05, 2.80647709587e-05, 6.03676653554e-06, 1.81328650797e-05, 1.26161921798e-05, 8.9061950348e-06, 1.34969241117e-05, 8.50386095408e-06, 4.75598108096e-06, 7.57538828111e-06, 2.86953945761e-06, 3.56352120434e-06, 1.1348646467e-06, 7.64164838074e-07, 4.85802786443e-07, 2.70564271432e-07, 2.28500866228e-07, 2.01846205528e-07, 1.8768402299e-07, 1.77122615241e-07, 1.38596362831e-07, 1.27192933519e-07, 8.94721523537e-08, 6.90200678832e-08, 5.4120139481e-08], "dvar": [5.78211221125e-08, 3.31408323007e-08, 1.39488942619e-09, 1.02469385865e-07, 2.12963399804e-07, 7.30788940473e-07, 2.2110612008e-07, 3.61601934173e-07, 5.24747072461e-08, 6.32541343748e-08, 2.42858462229e-08, 1.49459711274e-09, 7.26766646864e-10, 2.21434856562e-10, 6.86223800006e-10, 6.03405592159e-09, 3.26171090137e-09, 5.64736729602e-11, 1.57103741127e-09, 5.9945065578e-10, 4.02418487422e-10, 1.21538357156e-09, 1.42867287445e-10, 5.16865716893e-11, 1.83481063676e-10, 2.1005105641e-11, 3.41165949658e-11, 2.07365396555e-12, 1.2929561935e-12, 4.98084646444e-13, 1.71558161557e-13, 1.38106499435e-13, 1.2727042727e-13, 1.01532084335e-13, 1.04767106449e-13, 8.09137235295e-14, 7.12064616797e-14, 4.07774332421e-14, 3.19274907077e-14, 1.36909213282e-14], "dvar2": [1.41659455721e-07, 9.16875748658e-08, 3.95949495413e-09, 2.32444861581e-07, 4.06862852742e-07, 1.90618175111e-06, 3.81815254968e-07, 4.91443699957e-07, 9.12050239776e-08, 9.29502377289e-08, 3.99163369025e-08, 2.53764254055e-09, 1.32178523682e-09, 4.64236510345e-10, 1.09154474348e-09, 1.04702841952e-08, 5.80469539102e-09, 1.04095988773e-10, 2.45188847003e-09, 1.10792408581e-09, 6.10508532617e-10, 1.72131009446e-09, 2.7240709688e-10, 9.05976543786e-11, 3.50818429862e-10, 3.7819965909e-11, 6.37348646082e-11, 4.31046734764e-12, 2.37952973298e-12, 9.92491028598e-13, 2.80759139895e-13, 3.06690328515e-13, 2.41130113923e-13, 2.00775946433e-13, 1.94448515449e-13, 1.3934515976e-13, 1.38710522018e-13, 7.1799594807e-14, 5.10554292799e-14, 2.31917214382e-14], "max": [0.00259940186515, 0.00180336390622, 0.000617490732111, 0.00897844694555, 0.0111192669719, 0.0195018034428, 0.0116423228756, 0.0237666592002, 0.00748813152313, 0.0148540390655, 0.00733643071726, 0.00142616825178, 0.000696602859534, 0.000359929923434, 0.000772172410507, 0.00207302928902, 0.00165860704146, 0.000178156056791, 0.00155457714573, 0.00102984975092, 0.000740283052437, 0.00129918009043, 0.000352615228621, 0.000254967017099, 0.00038354456774, 0.000124916812638, 0.000124494064949, 5.33104102942e-05, 3.74298942916e-05, 2.38487991737e-05, 1.11914077934e-05, 6.71135012453e-06, 3.9306664803e-06, 5.64987840335e-06, 3.98253177991e-06, 3.01383124679e-06, 3.14483963848e-06, 2.11204360312e-06, 2.20102242565e-06, 1.21004859466e-06], "mean": [0.000121332232084, 7.38798480597e-05, 3.09097049467e-05, 0.000300759158563, 0.000599810853601, 0.000790663994849, 0.00058608665131, 0.000860042870045, 0.000240712979576, 0.000191068844288, 0.000133142748382, 2.62024204858e-05, 2.7485024475e-05, 1.78501104529e-05, 3.03285978589e-05, 5.37638843525e-05, 4.54223481938e-05, 1.10098935693e-05, 3.49088804796e-05, 2.11780479731e-05, 1.60579384101e-05, 2.6975885703e-05, 1.45465019159e-05, 8.83425491338e-06, 1.22557376017e-05, 5.12383076057e-06, 6.14066493654e-06, 1.89541219697e-06, 1.4414325733e-06, 7.04082935954e-07, 4.00972652415e-07, 2.55874056165e-07, 2.18595829438e-07, 2.3409003802e-07, 2.12986876136e-07, 1.75815017656e-07, 1.33967120064e-07, 1.01532478425e-07, 8.12636002934e-08, 5.74413761001e-08], "median": [2.4726956326e-05, 1.98426241695e-05, 1.98617617571e-05, 6.71897505526e-05, 0.000197896632017, 7.85500888014e-05, 9.46110958466e-05, 0.000247577030677, 5.6804583437e-05, 2.99262246699e-05, 2.20109050133e-05, 4.56277621197e-06, 9.67129653873e-06, 8.00800989964e-06, 9.24978030525e-06, 8.26803989185e-06, 1.19330770758e-05, 4.85419468532e-06, 5.24113647771e-06, 5.60407261219e-06, 4.65128232463e-06, 4.72385136163e-06, 5.42131465409e-06, 2.82077803604e-06, 3.1027411751e-06, 1.4674222939e-06, 1.63445190537e-06, 8.57174256907e-07, 4.87688112116e-07, 2.38146995457e-07, 1.15910275156e-07, 5.79354413333e-08, 4.83330140355e-08, 4.49278232395e-08, 4.38430163285e-08, 2.69065534297e-08, 1.6402147196e-08, 1.10825730815e-08, 6.84428647091e-09, 6.160534749e-09], "min": [9.65094009169e-24, 3.48595456761e-23, 1.65751824645e-23, 8.26376132202e-24, 9.07758178628e-24, 8.18439195558e-25, 2.73204087102e-24, 3.58397140283e-24, 6.01681251808e-24, 8.14030380149e-24, 3.38626021968e-23, 2.01721909771e-23, 4.64912650137e-24, 8.39866205884e-24, 8.95990109416e-24, 5.71785395652e-24, 1.2546489543e-23, 8.07523776517e-24, 4.49047434599e-24, 8.41589472531e-24, 3.19259463078e-24, 9.39734655421e-24, 7.10014021086e-24, 3.98251418734e-24, 4.89894691714e-24, 5.65999574229e-24, 8.53241815848e-24, 1.03681755822e-23, 6.99844736271e-24, 9.53165012333e-24, 9.97849959423e-24, 1.35630796032e-23, 8.98432501665e-24, 1.01540550667e-23, 8.4007391296e-24, 9.19546363793e-24, 9.60182718945e-24, 7.59070756427e-24, 9.03265615773e-24, 1.02068827149e-23], "var": [1.0008672291e-07, 3.38406387357e-08, 1.50880297145e-09, 2.96120276744e-07, 9.08130573407e-07, 2.26580573326e-06, 1.15685463697e-06, 2.16141006604e-06, 2.42234250436e-07, 3.24754438452e-07, 1.44749577657e-07, 5.26327603723e-09, 2.3055173326e-09, 5.84799708658e-10, 3.44250072892e-09, 2.16243503104e-08, 1.01854382706e-08, 2.43351866436e-10, 9.46561495851e-09, 2.76729750226e-09, 2.30612440255e-09, 7.33377047979e-09, 4.85469442424e-10, 2.3694377016e-10, 7.74348585253e-10, 9.06875061157e-11, 1.53058288266e-10, 8.68622621747e-12, 6.99165335002e-12, 1.92661099747e-12, 6.60862423812e-13, 2.51696721191e-13, 2.18473852833e-13, 2.24750990388e-13, 2.09154267798e-13, 1.73379079106e-13, 1.26740225303e-13, 7.80788601091e-14, 6.12021013296e-14, 2.56194889657e-14]}, "mfcc": {"mean": [-726.42199707, 145.914169312, -37.5512504578, 18.0518264771, -10.6288824081, -22.9646911621, -19.8349342346, -13.7951164246, -16.7045021057, 0.236898258328, -1.76902699471, 2.81646966934, -0.736242771149], "cov": [[5815.79345703, -582.929870605, -543.062805176, 193.301208496, -149.793609619, -31.7268028259, -98.7324981689, 16.5875759125, -51.8238182068, 175.898574829, 117.276390076, 159.593719482, 46.5394020081], [-582.929870605, 1433.84960938, -178.416564941, 257.545013428, 243.906158447, 106.156036377, 218.067230225, 121.060173035, 140.709564209, 91.7271499634, 52.4477806091, 26.1895637512, 76.0364685059], [-543.062805176, -178.416564941, 935.489501953, -93.1761932373, 233.419830322, 215.965270996, 51.7250709534, 135.558822632, 55.6610946655, -55.8152580261, 5.32065391541, -14.4407567978, -6.54955101013], [193.301208496, 257.545013428, -93.1761932373, 398.075561523, 99.4637145996, 142.041549683, 163.034088135, 98.9381408691, 105.05934906, 137.077606201, 77.9845352173, 102.794952393, 46.6223907471], [-149.793609619, 243.906158447, 233.419830322, 99.4637145996, 267.175354004, 144.98878479, 90.0962371826, 103.231430054, 73.3589401245, 25.7409648895, 46.6956481934, 26.5343418121, 20.4103813171], [-31.7268028259, 106.156036377, 215.965270996, 142.041549683, 144.98878479, 216.512741089, 109.703987122, 95.9944763184, 75.254447937, 56.9567146301, 51.8766746521, 47.2588348389, 21.7108516693], [-98.7324981689, 218.067230225, 51.7250709534, 163.034088135, 90.0962371826, 109.703987122, 202.064163208, 86.9905548096, 98.9604873657, 80.0529708862, 69.4383621216, 46.1997489929, 25.7951393127], [16.5875759125, 121.060173035, 135.558822632, 98.9381408691, 103.231430054, 95.9944763184, 86.9905548096, 174.77835083, 77.6005630493, 35.8912811279, 39.0085449219, 35.4321212769, -16.0876331329], [-51.8238182068, 140.709564209, 55.6610946655, 105.05934906, 73.3589401245, 75.254447937, 98.9604873657, 77.6005630493, 248.140213013, 107.608467102, 48.5462684631, 71.0913619995, 40.2724266052], [175.898574829, 91.7271499634, -55.8152580261, 137.077606201, 25.7409648895, 56.9567146301, 80.0529708862, 35.8912811279, 107.608467102, 154.025665283, 71.202041626, 50.4082565308, 43.7456436157], [117.276390076, 52.4477806091, 5.32065391541, 77.9845352173, 46.6956481934, 51.8766746521, 69.4383621216, 39.0085449219, 48.5462684631, 71.202041626, 123.408058167, 49.5321235657, 18.226644516], [159.593719482, 26.1895637512, -14.4407567978, 102.794952393, 26.5343418121, 47.2588348389, 46.1997489929, 35.4321212769, 71.0913619995, 50.4082565308, 49.5321235657, 144.600891113, 58.4683418274], [46.5394020081, 76.0364685059, -6.54955101013, 46.6223907471, 20.4103813171, 21.7108516693, 25.7951393127, -16.0876331329, 40.2724266052, 43.7456436157, 18.226644516, 58.4683418274, 148.91204834]], "icov": [[0.000220262489165, 0.00013245161972, 0.000183508440387, -2.2020578399e-05, -6.50886067888e-05, -8.89745570021e-05, 0.000210740356124, -0.000233760452829, 0.000152007778524, -0.000259023800027, -9.12084506126e-05, -0.000129263935378, -6.44696410745e-05], [0.00013245161972, 0.00125664903317, 0.000739617156796, -0.000101647856354, -0.00132581498474, 0.000129701773403, -0.000786383985542, -0.000477961759316, -0.000155796093168, 0.000135306487209, 0.000276561535429, 0.000522030692082, -0.000607740774285], [0.000183508440387, 0.000739617156796, 0.00267200055532, 0.001489088987, -0.0016257322859, -0.00235788966529, -0.000288936571451, -0.00126499508042, -0.000269757088972, 0.000696726376191, 0.000261422072072, 0.000394880597014, -0.00062247866299], [-2.2020578399e-05, -0.000101647856354, 0.001489088987, 0.00656140549108, -0.000936232449021, -0.0027716003824, -0.00240365695208, -0.00117889570538, 0.00116653495934, -0.00330372527242, 0.00145655579399, -0.00238199485466, 0.000303437409457], [-6.50886067888e-05, -0.00132581498474, -0.0016257322859, -0.000936232449021, 0.00863377377391, -0.0027106537018, 0.000913522089832, -0.0011424862314, -0.000762822106481, 0.00180204526987, -0.00194893474691, 0.000730435713194, -0.000522234709933], [-8.89745570021e-05, 0.000129701773403, -0.00235788966529, -0.0027716003824, -0.0027106537018, 0.0121143469587, -0.00205425545573, -0.000479098263895, 0.000468020385597, -0.0013463270152, -2.89743438771e-05, -0.000703738594893, 0.000183809024747], [0.000210740356124, -0.000786383985542, -0.000288936571451, -0.00240365695208, 0.000913522089832, -0.00205425545573, 0.0110360383987, -0.00162759469822, -0.0014829110587, -0.000214807747398, -0.00315133132972, 0.00100420182571, -0.000382148486096], [-0.000233760452829, -0.000477961759316, -0.00126499508042, -0.00117889570538, -0.0011424862314, -0.000479098263895, -0.00162759469822, 0.0106236943975, -0.00153809669428, 0.000636767654214, -0.000290944997687, -0.00125804299023, 0.00304514938034], [0.000152007778524, -0.000155796093168, -0.000269757088972, 0.00116653495934, -0.000762822106481, 0.000468020385597, -0.0014829110587, -0.00153809669428, 0.00763546302915, -0.00547307357192, 0.00181968999095, -0.00269161839969, 0.000158929062309], [-0.000259023800027, 0.000135306487209, 0.000696726376191, -0.00330372527242, 0.00180204526987, -0.0013463270152, -0.000214807747398, 0.000636767654214, -0.00547307357192, 0.0165112819523, -0.00604640413076, 0.00274982815608, -0.0025777828414], [-9.12084506126e-05, 0.000276561535429, 0.000261422072072, 0.00145655579399, -0.00194893474691, -2.89743438771e-05, -0.00315133132972, -0.000290944997687, 0.00181968999095, -0.00604640413076, 0.0137545615435, -0.00349818984978, 0.00120265921578], [-0.000129263935378, 0.000522030692082, 0.000394880597014, -0.00238199485466, 0.000730435713194, -0.000703738594893, 0.00100420182571, -0.00125804299023, -0.00269161839969, 0.00274982815608, -0.00349818984978, 0.012016990222, -0.00414041243494], [-6.44696410745e-05, -0.000607740774285, -0.00062247866299, 0.000303437409457, -0.000522234709933, 0.000183809024747, -0.000382148486096, 0.00304514938034, 0.000158929062309, -0.0025777828414, 0.00120265921578, -0.00414041243494, 0.00955618452281]]}, "spectral_contrast_coeffs": {"dmean": [0.0526312291622, 0.0496678166091, 0.0430399551988, 0.0405563935637, 0.0318893231452, 0.0202060919255], "dmean2": [0.0842601060867, 0.0768105536699, 0.0655033811927, 0.0626843050122, 0.0463539659977, 0.0287016686052], "dvar": [0.00252383900806, 0.00207474222407, 0.0017344643129, 0.00165361911058, 0.00101155450102, 0.000413602625486], "dvar2": [0.0056742769666, 0.00466118799523, 0.00396404787898, 0.00366786844097, 0.0018977773143, 0.00072720675962], "max": [-0.205856621265, -0.287390202284, -0.330373227596, -0.394242793322, -0.459039419889, -0.568627774715], "mean": [-0.604310274124, -0.606014430523, -0.703927218914, -0.680518746376, -0.701448023319, -0.763566613197], "median": [-0.612873315811, -0.598822236061, -0.708431482315, -0.676716506481, -0.697690427303, -0.770999491215], "min": [-0.945065021515, -0.969993591309, -0.962228000164, -0.954952657223, -0.960575044155, -0.962152004242], "var": [0.0155104892328, 0.0107922581956, 0.00809178035706, 0.00654852902517, 0.00627870019525, 0.00263944990002]}, "spectral_contrast_valleys": {"dmean": [0.523268759251, 0.410743832588, 0.445786684752, 0.413205236197, 0.355354070663, 0.414098083973], "dmean2": [0.847376465797, 0.667075276375, 0.716635227203, 0.665365338326, 0.521406888962, 0.526389300823], "dvar": [0.393152087927, 0.156789466739, 0.242499828339, 0.221017047763, 0.160979822278, 0.305623292923], "dvar2": [