{"lowlevel": {"average_loudness": 0.893957972527, "barkbands_crest": {"dmean": 2.97863841057, "dmean2": 4.73480415344, "dvar": 7.52249622345, "dvar2": 18.1694946289, "max": 26.0262088776, "mean": 11.2338972092, "median": 10.3588418961, "min": 2.66257500648, "var": 22.0262718201}, "barkbands_flatness_db": {"dmean": 0.0291498210281, "dmean2": 0.0450530946255, "dvar": 0.000871278694831, "dvar2": 0.0020325994119, "max": 0.445884644985, "mean": 0.161773785949, "median": 0.141676470637, "min": 0.0177251882851, "var": 0.00645256554708}, "barkbands_kurtosis": {"dmean": 3.80234003067, "dmean2": 5.82943487167, "dvar": 64.1723098755, "dvar2": 125.014755249, "max": 268.501617432, "mean": 5.50044631958, "median": 2.59249067307, "min": -1.86164021492, "var": 125.448059082}, "barkbands_skewness": {"dmean": 0.598575294018, "dmean2": 0.933305382729, "dvar": 0.475681692362, "dvar2": 1.03408062458, "max": 13.6107378006, "mean": 1.69740998745, "median": 1.48179900646, "min": -2.85813212395, "var": 1.44097089767}, "barkbands_spread": {"dmean": 5.80264806747, "dmean2": 9.40779781342, "dvar": 55.6185760498, "dvar2": 144.182250977, "max": 124.271438599, "mean": 18.3272190094, "median": 15.8035163879, "min": 0.50976896286, "var": 154.083282471}, "dissonance": {"dmean": 0.0256966091692, "dmean2": 0.043562669307, "dvar": 0.000822031928692, "dvar2": 0.00229978631251, "max": 0.499999970198, "mean": 0.452077001333, "median": 0.461638867855, "min": 0.202204316854, "var": 0.00146242207848}, "dynamic_complexity": 3.8179461956, "erbbands_crest": {"dmean": 2.98910713196, "dmean2": 4.85823106766, "dvar": 9.23817539215, "dvar2": 22.6038894653, "max": 34.0276947021, "mean": 10.6627950668, "median": 8.30943202972, "min": 2.32392191887, "var": 44.1836357117}, "erbbands_flatness_db": {"dmean": 0.025093767792, "dmean2": 0.0360818020999, "dvar": 0.000678413955029, "dvar2": 0.0014250370441, "max": 0.504736244678, "mean": 0.1802444309, "median": 0.155404374003, "min": 0.0271583385766, "var": 0.00849539041519}, "erbbands_kurtosis": {"dmean": 1.61049723625, "dmean2": 2.61909031868, "dvar": 16.1206817627, "dvar2": 41.3524246216, "max": 90.8094100952, "mean": 1.51363217831, "median": -0.0902171134949, "min": -1.71614563465, "var": 26.607629776}, "erbbands_skewness": {"dmean": 0.390515744686, "dmean2": 0.618467092514, "dvar": 0.177867248654, "dvar2": 0.444151669741, "max": 7.09323167801, "mean": 0.516603589058, "median": 0.410219937563, "min": -2.42565536499, "var": 0.570717811584}, "erbbands_spread": {"dmean": 8.12991428375, "dmean2": 12.3265142441, "dvar": 89.9669342041, "dvar2": 191.757522583, "max": 126.613998413, "mean": 32.9261627197, "median": 30.5806045532, "min": 0.656099498272, "var": 369.373504639}, "hfc": {"dmean": 8.19113826752, "dmean2": 13.0373840332, "dvar": 185.318283081, "dvar2": 483.569702148, "max": 123.469322205, "mean": 21.0271854401, "median": 16.028591156, "min": 6.78263178955e-09, "var": 340.820556641}, "melbands_crest": {"dmean": 4.13291072845, "dmean2": 6.82024717331, "dvar": 14.4548339844, "dvar2": 36.4136276245, "max": 35.782623291, "mean": 16.7000293732, "median": 15.9340429306, "min": 1.95873391628, "var": 42.3267059326}, "melbands_flatness_db": {"dmean": 0.0337136872113, "dmean2": 0.0527087822556, "dvar": 0.00125559477601, "dvar2": 0.00293428450823, "max": 0.594266533852, "mean": 0.234475076199, "median": 0.222002267838, "min": 0.00784694310278, "var": 0.00675440626219}, "melbands_kurtosis": {"dmean": 7.95594835281, "dmean2": 12.4392604828, "dvar": 238.984664917, "dvar2": 495.574157715, "max": 393.201385498, "mean": 13.6675786972, "median": 6.94059658051, "min": -1.48963034153, "var": 505.261810303}, "melbands_skewness": {"dmean": 0.806666016579, "dmean2": 1.2552754879, "dvar": 0.893620789051, "dvar2": 1.9987694025, "max": 16.4571857452, "mean": 2.5058991909, "median": 2.17207765579, "min": -2.92661213875, "var": 3.15458416939}, "melbands_spread": {"dmean": 5.64970064163, "dmean2": 9.22534370422, "dvar": 51.3966178894, "dvar2": 129.618927002, "max": 180.399887085, "mean": 17.435459137, "median": 15.0042600632, "min": 0.547258973122, "var": 134.920639038}, "pitch_salience": {"dmean": 0.0820865854621, "dmean2": 0.135274037719, "dvar": 0.00653422111645, "dvar2": 0.0161818768829, "max": 0.864439606667, "mean": 0.515262424946, "median": 0.52197188139, "min": 0.0807534530759, "var": 0.0150091713294}, "silence_rate_20dB": {"dmean": 0, "dmean2": 0, "dvar": 0, "dvar2": 0, "max": 1, "mean": 1, "median": 1, "min": 1, "var": 0}, "silence_rate_30dB": {"dmean": 0.0549715273082, "dmean2": 0.109955094755, "dvar": 0.0519489012659, "dvar2": 0.13684989512, "max": 1, "mean": 0.964524269104, "median": 1, "min": 0, "var": 0.0342143699527}, "silence_rate_60dB": {"dmean": 0.0148926852271, "dmean2": 0.0296791158617, "dvar": 0.0146727962419, "dvar2": 0.0342774093151, "max": 1, "mean": 0.0910982117057, "median": 0, "min": 0, "var": 0.0828012675047}, "spectral_centroid": {"dmean": 224.42855835, "dmean2": 350.123138428, "dvar": 69335.5859375, "dvar2": 172885.796875, "max": 4100.65136719, "mean": 1155.89343262, "median": 1052.88684082, "min": 170.396011353, "var": 287828.09375}, "spectral_complexity": {"dmean": 3.71857213974, "dmean2": 5.62501382828, "dvar": 21.069683075, "dvar2": 44.5040397644, "max": 58, "mean": 18.0544185638, "median": 18, "min": 0, "var": 118.647270203}, "spectral_decrease": {"dmean": 3.70158170782e-09, "dmean2": 5.68316949057e-09, "dvar": 3.17876046458e-17, "dvar2": 7.89339614158e-17, "max": 4.49736361966e-18, "mean": -8.90206397486e-09, "median": -7.580617023e-09, "min": -4.89155773664e-08, "var": 6.25361380933e-17}, "spectral_energy": {"dmean": 0.0144460964948, "dmean2": 0.0221258047968, "dvar": 0.00047658229596, "dvar2": 0.00117733434308, "max": 0.189640447497, "mean": 0.0355056785047, "median": 0.0305518731475, "min": 5.94424845717e-13, "var": 0.000964976788964}, "spectral_energyband_high": {"dmean": 0.000552862940822, "dmean2": 0.000913185416721, "dvar": 1.17581532777e-06, "dvar2": 3.09401525556e-06, "max": 0.00909436587244, "mean": 0.000804004434031, "median": 0.000239114306169, "min": 4.34143850427e-13, "var": 1.49413585859e-06}, "spectral_energyband_low": {"dmean": 0.0101684201509, "dmean2": 0.0157614052296, "dvar": 0.000342869228916, "dvar2": 0.000831831246614, "max": 0.151084542274, "mean": 0.0172079000622, "median": 0.00776280742139, "min": 1.32650136806e-14, "var": 0.000570543168578}, "spectral_energyband_middle_high": {"dmean": 0.00223978376016, "dmean2": 0.00367871997878, "dvar": 8.32947989693e-06, "dvar2": 2.26419106184e-05, "max": 0.0266889967024, "mean": 0.00611063046381, "median": 0.00527284434065, "min": 7.12844158159e-14, "var": 2.15110358113e-05}, "spectral_energyband_middle_low": {"dmean": 0.00603758590296, "dmean2": 0.00989940017462, "dvar": 0.00011555886158, "dvar2": 0.000319559476338, "max": 0.121256776154, "mean": 0.0121203698218, "median": 0.00845172442496, "min": 8.54308282645e-15, "var": 0.000155355228344}, "spectral_entropy": {"dmean": 0.244541957974, "dmean2": 0.358020722866, "dvar": 0.0659551620483, "dvar2": 0.147351041436, "max": 8.87925434113, "mean": 7.36566925049, "median": 7.39700508118, "min": 5.44947195053, "var": 0.404285639524}, "spectral_flux": {"dmean": 0.0329927392304, "dmean2": 0.0504312440753, "dvar": 0.00172770721838, "dvar2": 0.00317561882548, "max": 0.397779047489, "mean": 0.0917142033577, "median": 0.0798018276691, "min": 6.13457086729e-06, "var": 0.00432772748172}, "spectral_kurtosis": {"dmean": 3.835978508, "dmean2": 6.42410039902, "dvar": 47.4392547607, "dvar2": 147.554214478, "max": 102.411933899, "mean": 9.62531089783, "median": 4.91620111465, "min": 0.204782962799, "var": 225.537796021}, "spectral_rms": {"dmean": 0.00105937337503, "dmean2": 0.0016009999672, "dvar": 1.6411534034e-06, "dvar2": 3.8824036892e-06, "max": 0.0136020248756, "mean": 0.00525825703517, "median": 0.00545955169946, "min": 2.40816664387e-08, "var": 6.9903730946e-06}, "spectral_rolloff": {"dmean": 394.302490234, "dmean2": 697.512634277, "dvar": 564798.25, "dvar2": 1438915, "max": 19595.2148438, "mean": 1083.59265137, "median": 904.39453125, "min": 43.06640625, "var": 1297533.75}, "spectral_skewness": {"dmean": 0.370981037617, "dmean2": 0.595538437366, "dvar": 0.2167429775, "dvar2": 0.64380800724, "max": 7.97609806061, "mean": 2.04894256592, "median": 1.74689733982, "min": 0.581568479538, "var": 1.04654431343}, "spectral_spread": {"dmean": 841337.5625, "dmean2": 1170387.875, "dvar": 838683918336, "dvar2": 1684840775680.0, "max": 12340498, "mean": 4498006.5, "median": 4148935.5, "min": 710624.0625, "var": 4094967414780.0}, "spectral_strongpeak": {"dmean": 0.409884750843, "dmean2": 0.705450773239, "dvar": 0.373102575541, "dvar2": 0.997292459011, "max": 6.16235685349, "mean": 0.737009465694, "median": 0.446969479322, "min": 0, "var": 0.658794403076}, "zerocrossingrate": {"dmean": 0.00976931396872, "dmean2": 0.0126500725746, "dvar": 0.000117683819553, "dvar2": 0.000176056593773, "max": 0.5703125, "mean": 0.0504629276693, "median": 0.044921875, "min": 0.001953125, "var": 0.000977993593551}, "barkbands": {"dmean": [0.000846436596476, 0.00707017630339, 0.00377021636814, 0.00172003102489, 0.00249340804294, 0.00099659874104, 0.0015657703625, 0.000744572782423, 0.000537793326657, 0.00100639718585, 0.000672073801979, 0.000424537603976, 0.000304998015054, 0.000215079649934, 0.000232379810768, 0.000174606029759, 0.000189867743757, 0.00018767878646, 0.000181100942427, 8.58968851389e-05, 7.45788347558e-05, 0.000110551867692, 0.0001036854228, 0.000142819772009, 8.89916991582e-05, 3.35150689352e-05, 1.57339454745e-05], "dmean2": [0.0012105521746, 0.0108815524727, 0.00632168864831, 0.00313311628997, 0.00409417506307, 0.00165303389076, 0.00253699650057, 0.00119263783563, 0.000843292160425, 0.00163621606771, 0.00111445144285, 0.00066192104714, 0.000516680302098, 0.000365486484952, 0.000404424703447, 0.000282894819975, 0.000311677897116, 0.000299048639135, 0.000285926304059, 0.000136180708068, 0.000121156743262, 0.00019301068096, 0.000173102031113, 0.0002423265978, 0.000143472992931, 5.30112811248e-05, 2.71175467788e-05], "dvar": [2.66644269686e-06, 0.000153265209519, 9.96910093818e-05, 2.58809377556e-05, 2.54124624917e-05, 2.53249368143e-06, 5.99405575485e-06, 1.78097059234e-06, 2.08707456295e-06, 2.54388055509e-06, 1.10676501208e-06, 6.76315664805e-07, 2.884610808e-07, 1.45286506381e-07, 2.20391441985e-07, 8.26401702625e-08, 1.23146676856e-07, 1.22182029827e-07, 1.0289160457e-07, 1.95562375183e-08, 2.15044231311e-08, 6.57814851479e-08, 4.1822406871e-08, 8.90323619274e-08, 2.55649723613e-08, 3.81409392958e-09, 1.49946755013e-09], "dvar2": [5.68857149119e-06, 0.000345991138602, 0.000264322006842, 7.59008689784e-05, 6.9215966505e-05, 6.47004571874e-06, 1.51942540469e-05, 4.16955572291e-06, 5.08045332026e-06, 6.69680866849e-06, 2.84311590804e-06, 1.64859375218e-06, 7.88022873621e-07, 3.98574826477e-07, 6.14991392922e-07, 2.02223517931e-07, 3.01150350879e-07, 2.92199473506e-07, 2.34726087456e-07, 4.7206956566e-08, 5.52083250227e-08, 1.86481145192e-07, 1.06280623413e-07, 2.35825183381e-07, 6.64495942715e-08, 9.69637437009e-09, 4.07089251198e-09], "max": [0.0363595820963, 0.10396951437, 0.10029026866, 0.0786307156086, 0.0549301728606, 0.0192432869226, 0.0347631648183, 0.0179276764393, 0.0355975329876, 0.0172098446637, 0.0157862603664, 0.0180557500571, 0.00767213664949, 0.00476911477745, 0.00465333275497, 0.00327578233555, 0.00412408495322, 0.00398158608004, 0.00399551540613, 0.00159785198048, 0.00146480684634, 0.00204983283766, 0.00176047068089, 0.00282064406201, 0.00138910172973, 0.000529559969436, 0.000467352598207], "mean": [0.00164755654987, 0.0112359412014, 0.00365469139069, 0.00154143676627, 0.00395304337144, 0.00180049077608, 0.00240543321706, 0.00116166926455, 0.0011084646685, 0.00166063639335, 0.0010977286147, 0.00078577210661, 0.000436219677795, 0.000337798701366, 0.000326839508489, 0.00032729114173, 0.000368752953364, 0.000367923523299, 0.00039607702638, 0.000166945217643, 0.000125559352455, 0.000121786011732, 0.000134089612402, 0.000165095698321, 0.000119216092571, 4.31224034401e-05, 1.60623785632e-05], "median": [0.000258669315372, 0.00407203380018, 0.00055775383953, 0.000349768059095, 0.0018370593898, 0.00089107156964, 0.00143811863381, 0.000445373676484, 0.00034225784475, 0.000575334648602, 0.00054565112805, 0.000278522638837, 0.000209459991311, 0.000204174808459, 0.000176215253305, 0.000165633784491, 0.000110923101602, 0.000120771270304, 0.000142125310958, 7.58013411541e-05, 4.24347745138e-05, 2.70668188023e-05, 3.14991193591e-05, 2.49040022027e-05, 1.92496427189e-05, 6.72808937452e-06, 1.39865471738e-06], "min": [1.26472200361e-14, 6.20943760006e-15, 9.66160084473e-16, 7.02382166236e-16, 1.56021001901e-15, 1.28175280804e-15, 1.61388988501e-15, 1.14928225492e-15, 2.13330901711e-15, 4.18964809736e-16, 4.74350690088e-15, 6.15403825718e-15, 1.52140195516e-14, 4.79802914115e-15, 4.17156399688e-15, 1.25477322048e-15, 4.20060918016e-15, 1.24641313235e-14, 1.35628922982e-14, 8.67117368983e-15, 2.20723453756e-14, 2.39202019601e-14, 4.37174608851e-14, 5.55060825861e-14, 4.85290925284e-14, 1.05112065699e-13, 1.43914746656e-13], "var": [8.15691691969e-06, 0.000274772872217, 8.16403480712e-05, 1.6940626665e-05, 3.2750012906e-05, 5.44453678231e-06, 8.53533219924e-06, 3.28771034219e-06, 6.59285478832e-06, 5.74695695832e-06, 2.45489991357e-06, 1.76445905709e-06, 3.38376167974e-07, 2.00128596362e-07, 2.1659421634e-07, 1.77261981094e-07, 3.14846175797e-07, 3.00094967542e-07, 3.37592354072e-07, 4.4260879406e-08, 3.25065627749e-08, 5.66613316266e-08, 5.40057101261e-08, 9.26416063862e-08, 3.5504566398e-08, 4.61418991904e-09, 1.22417376236e-09]}, "erbbands": {"dmean": [0.300954341888, 1.44153189659, 4.25049972534, 4.86235237122, 6.54941987991, 9.21902084351, 9.47160434723, 8.58934116364, 22.2005500793, 18.3373374939, 14.1589632034, 13.7183609009, 10.7360563278, 39.1376419067, 24.7914619446, 16.7242450714, 14.8449459076, 10.2536611557, 12.3371810913, 9.86537647247, 9.6817741394, 8.89467144012, 10.2231779099, 11.1494750977, 6.6223654747, 3.87675499916, 3.28929305077, 3.24556899071, 3.77621030807, 3.09569168091, 3.09122467041, 3.05824041367, 2.31128573418, 1.26314091682, 0.483716994524, 0.161376968026, 0.0626472681761, 0.0175039283931, 0.00269235111773, 0.000123281715787], "dmean2": [0.43781259656, 2.25342655182, 7.00963497162, 8.7228937149, 11.6922531128, 15.2041501999, 15.0232257843, 14.6238651276, 35.8126220703, 30.1397171021, 22.3738288879, 21.2348976135, 17.31508255, 64.2143783569, 40.968460083, 26.0917110443, 25.1245594025, 17.2239189148, 21.6249923706, 16.4121952057, 15.9011383057, 14.4701681137, 16.4426040649, 17.3301296234, 10.3878002167, 6.19379281998, 5.30279541016, 5.45543527603, 6.57730865479, 5.21085548401, 5.13651752472, 5.15788984299, 3.90616607666, 2.07100486755, 0.764356553555, 0.252516657114, 0.101667799056, 0.0291441604495, 0.00460144039243, 0.000205448319321], "dvar": [0.234262764454, 9.3878068924, 124.166595459, 201.994873047, 322.482299805, 337.316650391, 250.298156738, 197.721206665, 1408.29309082, 766.75189209, 685.20904541, 1361.60827637, 332.559539795, 3458.28100586, 1999.72619629, 1255.31396484, 668.547302246, 318.182098389, 667.58215332, 275.064849854, 294.941864014, 272.670898438, 384.842346191, 425.104217529, 122.587974548, 38.2531890869, 40.6862602234, 45.5769233704, 84.8229064941, 38.7032852173, 36.0461387634, 45.6477012634, 20.3211345673, 5.1829533577, 0.737747788429, 0.0737424120307, 0.0156379826367, 0.0015558404848, 4.3088246457e-05, 7.95846375468e-08], "dvar2": [0.545890569687, 22.8249130249, 324.680755615, 578.593261719, 934.253417969, 902.221435547, 579.203491211, 532.435913086, 3641.28417969, 1926.61523438, 1664.28955078, 3203.6418457, 852.951660156, 9331.23535156, 5098.32421875, 3116.88598633, 1831.38366699, 862.059082031, 1905.69335938, 711.716308594, 728.898132324, 671.35333252, 946.925109863, 954.805725098, 288.19631958, 91.9750747681, 103.090736389, 124.238212585, 242.497406006, 102.690757751, 91.3499298096, 118.540359497, 54.7821807861, 13.6465950012, 1.86788201332, 0.18143299222, 0.0408291779459, 0.00419769529253, 0.000116973715194, 2.08819045611e-07], "max": [4.98934316635, 28.8807849884, 100.662666321, 149.989471436, 263.223754883, 221.034317017, 238.777542114, 180.712036133, 590.1328125, 432.112243652, 496.333862305, 945.670349121, 378.077880859, 656.630432129, 756.071411133, 895.00213623, 370.488494873, 271.844177246, 266.703125, 173.406799316, 207.386383057, 164.772232056, 241.964324951, 290.802825928, 132.261199951, 61.9593162537, 65.9256896973, 62.8501281738, 80.3542251587, 53.7329406738, 54.6136207581, 73.6330337524, 36.5914649963, 18.8424530029, 8.1290178299, 2.44772624969, 0.985572874546, 0.373474448919, 0.0738550573587, 0.00379598117433], "mean": [0.465366244316, 1.95533049107, 4.33085823059, 4.71732378006, 7.65843629837, 14.1995830536, 18.2208137512, 13.9384069443, 34.1351280212, 28.2419033051, 24.4946861267, 30.094865799, 19.2154636383, 70.6079483032, 47.1259078979, 32.8773422241, 23.014591217, 17.3510494232, 17.8669948578, 17.3244895935, 17.942937851, 17.7363986969, 21.3075447083, 24.8181266785, 14.0218982697, 8.12316989899, 5.78901481628, 4.76742076874, 4.16238307953, 3.79155635834, 3.98644423485, 3.61518335342, 2.66026473045, 1.59762012959, 0.689552843571, 0.230230674148, 0.0719219818711, 0.0191241782159, 0.00278640654869, 0.000162930373335], "median": [0.134453907609, 0.572837471962, 0.807947635651, 1.30152273178, 3.03030705452, 6.03212785721, 9.33011341095, 7.19203042984, 20.2008571625, 17.1718273163, 10.5264749527, 9.25947761536, 11.5170888901, 26.3976993561, 24.0476779938, 13.913564682, 11.9361391068, 11.6584453583, 10.875957489, 9.40989398956, 8.21128463745, 5.96720075607, 6.48382949829, 7.80663585663, 5.99940109253, 3.73862624168, 2.12101411819, 1.48067343235, 0.932493746281, 0.927941858768, 0.93075466156, 0.655145406723, 0.358505666256, 0.246077299118, 0.0941924527287, 0.0360717959702, 0.0104229850695, 0.00210109609179, 0.000236814390519, 5.70781994611e-05], "min": [3.54992402661e-13, 8.3162968699e-13, 1.21496064077e-12, 1.79075667055e-12, 4.69250766716e-12, 5.41457677306e-12, 2.32318504712e-12, 1.40709518689e-11, 2.27299637445e-11, 3.04618726077e-11, 1.99305190407e-11, 5.5446619518e-11, 2.175674918e-11, 3.50369594448e-11, 2.68444599882e-10, 2.63967375735e-10, 6.7577543561e-10, 4.05510486301e-10, 2.03183456171e-10, 1.60612009803e-10, 9.02346808385e-11, 3.05319519667e-10, 7.11404934961e-10, 4.05434297246e-10, 7.46938899621e-10, 4.63107607818e-10, 7.32210736487e-10, 8.94985696664e-10, 9.67514401928e-10, 8.26772428297e-10, 1.37581357418e-09, 1.04051223193e-09, 9.46328571061e-10, 5.83904757878e-10, 3.59484497725e-10, 2.58825155752e-10, 2.10168826786e-10, 8.66054866711e-11, 2.36353506211e-11, 1.94472107688e-12], "var": [0.474346488714, 12.098154068, 105.464637756, 138.897628784, 235.171844482, 479.796386719, 609.62322998, 326.885406494, 1878.54199219, 1172.62854004, 1281.28393555, 4727.43115234, 578.853637695, 8405.1796875, 4312.12548828, 3484.50268555, 835.336364746, 423.058349609, 597.05657959, 479.564819336, 596.47467041, 626.682128906, 935.981384277, 1401.921875, 351.903137207, 98.8040313721, 66.4362487793, 55.8433570862, 69.3960723877, 43.87915802, 48.7042808533, 46.7006912231, 22.5305309296, 6.63737249374, 1.16942298412, 0.118133425713, 0.0153214167804, 0.0013455983717, 3.58976321877e-05, 8.00138835189e-08]}, "gfcc": {"mean": [-28.391336441, 99.0434112549, -118.372192383, 8.03223896027, -56.4933853149, 7.64650011063, -35.5134811401, 6.54425668716, -22.939994812, -2.51843190193, -4.24355792999, 1.03422749043, -8.38239002228], "cov": [[23605.3554688, -3485.52246094, 1736.47839355, 3112.56518555, -376.819610596, 1120.29638672, -88.0849761963, 1294.6796875, -115.591438293, 716.035400391, -253.664123535, 525.234191895, -22.2618656158], [-3485.52246094, 2810.25561523, -573.426452637, -629.396362305, 585.668884277, -450.958984375, -63.4894180298, -365.971954346, 116.124450684, -247.808425903, 93.1183166504, -182.995147705, 67.7837677002], [1736.47839355, -573.426452637, 1685.39416504, 698.793151855, 565.642822266, 471.964416504, 25.4553108215, 355.722412109, 104.505348206, 332.466918945, -166.406158447, 195.706161499, 29.8343658447], [3112.56518555, -629.396362305, 698.793151855, 979.826843262, 176.61038208, 373.389862061, 145.943054199, 366.696777344, 71.0650558472, 202.748016357, -27.5065078735, 139.399505615, 37.8139915466], [-376.819610596, 585.668884277, 565.642822266, 176.61038208, 736.469665527, 66.5536575317, 8.73905849457, 101.907112122, 105.705436707, 122.986213684, -55.3789634705, 41.1717948914, 36.541267395], [1120.29638672, -450.958984375, 471.964416504, 373.389862061, 66.5536575317, 382.589569092, 160.44291687, 205.813613892, 51.1298789978, 146.19241333, 2.33731293678, 89.3084106445, 5.90386724472], [-88.0849761963, -63.4894180298, 25.4553108215, 145.943054199, 8.73905849457, 160.44291687, 280.26449585, 132.487121582, 86.0928726196, 28.7321052551, 76.6092758179, 45.4022865295, 16.7273197174], [1294.6796875, -365.971954346, 355.722412109, 366.696777344, 101.907112122, 205.813613892, 132.487121582, 334.498504639, 77.1353225708, 135.08392334, 4.12946081161, 104.303489685, 38.3444747925], [-115.591438293, 116.124450684, 104.505348206, 71.0650558472, 105.705436707, 51.1298789978, 86.0928726196, 77.1353225708, 122.425697327, 46.6362800598, 30.7583866119, 23.8450450897, 15.5238857269], [716.035400391, -247.808425903, 332.466918945, 202.748016357, 122.986213684, 146.19241333, 28.7321052551, 135.08392334, 46.6362800598, 170.584793091, -4.13961267471, 51.4048538208, 11.6132440567], [-253.664123535, 93.1183166504, -166.406158447, -27.5065078735, -55.3789634705, 2.33731293678, 76.6092758179, 4.12946081161, 30.7583866119, -4.13961267471, 109.910293579, 9.69063663483, 16.48620224], [525.234191895, -182.995147705, 195.706161499, 139.399505615, 41.1717948914, 89.3084106445, 45.4022865295, 104.303489685, 23.8450450897, 51.4048538208, 9.69063663483, 113.410858154, 32.5477180481], [-22.2618656158, 67.7837677002, 29.8343658447, 37.8139915466, 36.541267395, 5.90386724472, 16.7273197174, 38.3444747925, 15.5238857269, 11.6132440567, 16.48620224, 32.5477180481, 82.1589431763]], "icov": [[0.000105438630271, -3.39718571922e-05, 9.85932201729e-05, -0.000329791306285, 0.000146072619827, -7.50244216761e-05, 0.000283331464743, -0.00019932948635, 0.000121292156109, -0.000192258128664, 0.000172269894392, -0.000246990006417, 0.000215886713704], [-3.39718571922e-05, 0.00109559425618, 0.000110075641715, 0.000291089847451, -0.00133415753953, 0.000185746350326, 0.000108855441795, 0.000575033249334, -0.00107332924381, 0.00151584646665, -0.00112651113886, 0.00106643349864, -0.00100543955341], [9.85932201729e-05, 0.000110075641715, 0.00232936860994, -0.000598497397732, -0.000925601925701, -0.00177009613253, 0.00109874235932, 0.00010006557568, -0.000752934080083, -0.00134084920865, 0.00261070253327, -0.00187497364823, 0.000184673583135], [-0.000329791306285, 0.000291089847451, -0.000598497397732, 0.00322084245272, -0.000699462601915, -0.000718924391549, -0.000766855548136, -0.0008135875687, -0.000190717575606, 0.000856287602801, -0.00072630692739, 0.000950660381932, -0.00101186463144], [0.000146072619827, -0.00133415753953, -0.000925601925701, -0.000699462601915, 0.00400167889893, 0.000755565881263, -0.000228041404625, -0.000606957124546, -1.65678975463e-05, -0.00264360383153, 0.00196298118681, -0.000920581980608, 0.000641559425276], [-7.50244216761e-05, 0.000185746350326, -0.00177009613253, -0.000718924391549, 0.000755565881263, 0.00843175780028, -0.00450616003945, 0.000175890440005, 0.0016537241172, -0.00279609602876, -0.000556889746804, 2.92056465696e-05, 0.00087642937433], [0.000283331464743, 0.000108855441795, 0.00109874235932, -0.000766855548136, -0.000228041404625, -0.00450616003945, 0.0095979673788, -0.00260056252591, -0.00371729908511, 0.00324433040805, -0.00348585727625, -0.000523266906384, 0.000776318251155], [-0.00019932948635, 0.000575033249334, 0.00010006557568, -0.0008135875687, -0.000606957124546, 0.000175890440005, -0.00260056252591, 0.00857529882342, -0.00226887338795, -0.002189734485, 0.00123236933723, -0.00212637265213, -0.00207240949385], [0.000121292156109, -0.00107332924381, -0.000752934080083, -0.000190717575606, -1.65678975463e-05, 0.0016537241172, -0.00371729908511, -0.00226887338795, 0.0151525363326, -0.00355705874972, -0.00188443867955, -0.000204646858037, 0.00108279904816], [-0.000192258128664, 0.00151584646665, -0.00134084920865, 0.000856287602801, -0.00264360383153, -0.00279609602876, 0.00324433040805, -0.002189734485, -0.00355705874972, 0.016048906371, -0.00547818560153, 0.00271572289057, -0.00104479189031], [0.000172269894392, -0.00112651113886, 0.00261070253327, -0.00072630692739, 0.00196298118681, -0.000556889746804, -0.00348585727625, 0.00123236933723, -0.00188443867955, -0.00547818560153, 0.0184972453862, -0.00463031884283, -0.00108310894575], [-0.000246990006417, 0.00106643349864, -0.00187497364823, 0.000950660381932, -0.000920581980608, 2.92056465696e-05, -0.000523266906384, -0.00212637265213, -0.000204646858037, 0.00271572289057, -0.00463031884283, 0.0169638618827, -0.00533357309178], [0.000215886713704, -0.00100543955341, 0.000184673583135, -0.00101186463144, 0.000641559425276, 0.00087642937433, 0.000776318251155, -0.00207240949385, 0.00108279904816, -0.00104479189031, -0.00108310894575, -0.00533357309178, 0.0161923915148]]}, "melbands": {"dmean": [0.00214821635745, 0.00201809429564, 0.000889650837053, 0.000551706005353, 0.000356785923941, 0.000193623709492, 0.000337470206432, 0.000192549443454, 0.000116586226795, 7.66429147916e-05, 5.86785718042e-05, 0.000167343503563, 8.30243370729e-05, 5.50561817363e-05, 3.67982465832e-05, 2.66505103355e-05, 2.06599288504e-05, 2.0473233235e-05, 1.56929600053e-05, 1.3424259123e-05, 1.26721233755e-05, 9.30108308239e-06, 1.15633210953e-05, 9.35989737627e-06, 9.87701605482e-06, 5.75367448619e-06, 3.62328137271e-06, 2.57094279732e-06, 2.19132357415e-06, 2.11168935493e-06, 1.91340905076e-06, 2.39434280047e-06, 1.78739651346e-06, 1.64432924521e-06, 1.727083486e-06, 2.05531887332e-06, 1.88883109331e-06, 1.78745688117e-06, 1.25027474951e-06, 1.04111313703e-06], "dmean2": [0.00317634548992, 0.00322547485121, 0.00158812163863, 0.000935984484386, 0.000566009723116, 0.000328583962983, 0.000543567351997, 0.000315395562211, 0.000184239586815, 0.000118678282888, 9.4194751e-05, 0.000273641373497, 0.000137696653837, 8.65689798957e-05, 6.02215332037e-05, 4.51514570159e-05, 3.47985660483e-05, 3.58152647095e-05, 2.73472051049e-05, 2.17911165237e-05, 2.09659738175e-05, 1.52741868078e-05, 1.91464296222e-05, 1.46477159433e-05, 1.54797126015e-05, 9.18201567401e-06, 5.58421743335e-06, 4.15360864281e-06, 3.57509998139e-06, 3.47406717083e-06, 3.25962764691e-06, 4.23853316533e-06, 3.00987653645e-06, 2.75024785878e-06, 2.8272606869e-06, 3.51308858626e-06, 3.18283355227e-06, 3.09168399326e-06, 2.02204228117e-06, 1.71836165919e-06], "dvar": [1.21630637295e-05, 2.55166614807e-05, 6.65005745759e-06, 1.56562452958e-06, 3.59121287374e-07, 1.04766641584e-07, 3.01881755149e-07, 9.11410751314e-08, 5.02492731869e-08, 3.99469222145e-08, 1.00138999315e-08, 6.67582611413e-08, 1.9223888259e-08, 8.90611584481e-09, 5.37273958656e-09, 2.39069408714e-09, 1.28436750124e-09, 1.71877467814e-09, 1.12035769551e-09, 4.5963305384e-10, 5.32537902664e-10, 2.84602202916e-10, 5.73346925492e-10, 2.60094973337e-10, 3.36014771563e-10, 1.10601930392e-10, 3.05847742965e-11, 1.83979758511e-11, 1.81013919132e-11, 1.82628738521e-11, 1.51939433257e-11, 3.58055078642e-11, 1.46229747061e-11, 1.05907756523e-11, 1.07924598078e-11, 2.02344078992e-11, 1.84461820818e-11, 1.52488108945e-11, 4.38968089309e-12, 3.87103933977e-12], "dvar2": [2.68537387456e-05, 6.60801524646e-05, 1.90776554518e-05, 4.42348982688e-06, 8.47313287977e-07, 2.81736305396e-07, 7.66736093283e-07, 2.21921439447e-07, 1.23376665329e-07, 9.39298629987e-08, 2.5818312821e-08, 1.78523890781e-07, 4.92398299912e-08, 2.21735501071e-08, 1.38467424193e-08, 6.54926246568e-09, 3.4565237339e-09, 4.91184604101e-09, 3.11809755793e-09, 1.14759790559e-09, 1.33001054614e-09, 6.98498980878e-10, 1.48540491018e-09, 6.03338878857e-10, 7.60947804768e-10, 2.63259747335e-10, 7.14001982538e-11, 4.48764428396e-11, 4.64689155211e-11, 4.70668816421e-11, 4.21211121537e-11, 1.03327117695e-10, 3.9929670681e-11, 2.79265343489e-11, 2.67211999055e-11, 5.27153390384e-11, 4.84890530505e-11, 4.17873201319e-11, 1.16079723958e-11, 1.02849890063e-11], "max": [0.0351683758199, 0.0395815074444, 0.0321547761559, 0.0138854458928, 0.00837494805455, 0.00397654250264, 0.00783363357186, 0.0047420267947, 0.00367610249668, 0.00508946040645, 0.00185184879228, 0.00287548475899, 0.00222149724141, 0.00216476013884, 0.00143756240141, 0.000871804950293, 0.000554242753424, 0.000426062120823, 0.000373783928808, 0.000303013948724, 0.000274348130915, 0.000176153771463, 0.000313476921292, 0.000186335106264, 0.000277384155197, 0.000169466569787, 7.32310872991e-05, 4.64128606836e-05, 4.76050699945e-05, 4.52629719803e-05, 3.80572855647e-05, 5.24589522684e-05, 3.27093257511e-05, 3.18505408359e-05, 3.01195286738e-05, 4.81510760437e-05, 5.04871786688e-05, 3.60730300599e-05, 1.89429811144e-05, 1.59494429681e-05], "mean": [0.00358302495442, 0.00238007656299, 0.00090178346727, 0.000794099702034, 0.000659303972498, 0.00031307109748, 0.000524240895174, 0.000297140504699, 0.000210827958654, 0.000165384597494, 9.34164636419e-05, 0.000293217104627, 0.000149859668454, 0.000106385603431, 5.97993494011e-05, 4.08445230278e-05, 3.25884502672e-05, 2.89722465823e-05, 2.17839642573e-05, 2.42369424086e-05, 2.13586918107e-05, 1.74122378667e-05, 2.06341283047e-05, 1.93788600882e-05, 2.07160755963e-05, 1.14720023703e-05, 7.22357162886e-06, 4.98787267134e-06, 3.65932419299e-06, 3.30918305735e-06, 2.57569217865e-06, 2.42882151724e-06, 2.15695149564e-06, 2.00439740183e-06, 2.27676173381e-06, 2.38631264438e-06, 2.13168686969e-06, 1.95238453671e-06, 1.57647764354e-06, 1.27388329929e-06], "median": [0.00124253006652, 0.00063938688254, 0.000303703855025, 0.000331638439093, 0.000349608191755, 0.000161794101587, 0.000312766205752, 0.000169919847394, 8.38421692606e-05, 5.31916011823e-05, 4.46449776064e-05, 9.00641971384e-05, 7.91396669229e-05, 4.25825637649e-05, 2.72233173746e-05, 2.04881816899e-05, 1.9941418941e-05, 1.61683055921e-05, 1.16507480925e-05, 1.13267087727e-05, 8.08337154012e-06, 5.95717710894e-06, 5.25141649632e-06, 5.81541416977e-06, 6.17085879639e-06, 4.29482179243e-06, 3.56750206265e-06, 2.01652642318e-06, 1.26055829242e-06, 1.05293872821e-06, 7.24451410861e-07, 4.8957576837e-07, 4.86130886657e-07, 4.6511314622e-07, 5.22153129623e-07, 4.67171020091e-07, 3.44839065747e-07, 2.25630188311e-07, 2.68559233518e-07, 1.74606455516e-07], "min": [3.0581504109e-15, 7.81699707846e-16, 3.88341021742e-16, 4.1332200859e-16, 9.91271143818e-17, 3.1195789343e-16, 3.41309914393e-16, 3.31230857595e-16, 1.65573394788e-16, 3.50041897637e-16, 9.73487885613e-17, 8.58349373604e-17, 8.04768279587e-16, 6.23800590379e-16, 1.00361143448e-15, 1.61922651021e-15, 6.25729443219e-16, 2.96159643703e-16, 3.20007803393e-16, 1.30224433498e-16, 9.891925382e-17, 2.42957848393e-16, 7.16856371118e-16, 4.49461833955e-16, 2.89551569104e-16, 5.60099318762e-16, 4.49593177002e-16, 2.66834542506e-16, 3.42769908026e-16, 5.97322552206e-16, 4.91071162819e-16, 5.4722971192e-16, 4.70435057944e-16, 4.76675732001e-16, 8.62418824285e-16, 5.946522279e-16, 7.25593304211e-16, 8.35062307067e-16, 3.75921215865e-16, 5.03188180888e-16], "var": [2.57710598817e-05, 2.4379873139e-05, 4.54664541394e-06, 1.65873620972e-06, 7.60120030918e-07, 1.67991061062e-07, 4.25317551844e-07, 1.4953636196e-07, 1.0974061837e-07, 1.38134495842e-07, 1.68916702847e-08, 1.62125772363e-07, 4.54699637942e-08, 2.29239436322e-08, 1.08385718178e-08, 3.0471853929e-09, 1.7790310336e-09, 1.62849955743e-09, 1.04626307618e-09, 9.8658892167e-10, 1.02503228128e-09, 6.0559518511e-10, 1.10310738322e-09, 7.78411279878e-10, 1.05275976825e-09, 2.95343638435e-10, 8.147699182e-11, 4.21677484597e-11, 2.86813420236e-11, 2.44508805564e-11, 1.7997331056e-11, 2.70471388342e-11, 1.50471735766e-11, 1.22108139572e-11, 1.60842329039e-11, 2.05922848218e-11, 1.77844076271e-11, 1.44690119261e-11, 6.3001812968e-12, 4.52605401075e-12]}, "mfcc": {"mean": [-665.235290527, 128.981079102, -2.55237150192, 4.96320819855, -0.0111223757267, -3.800365448, 0.351463258266, 2.15067839622, -8.81874656677, -1.67714321613, -3.25494194031, 0.0224322639406, 2.63340258598], "cov": [[14473.28125, -1130.27685547, 935.387756348, 1849.41809082, 955.164916992, 222.29826355, 605.309814453, 651.916564941, 583.198120117, 467.529663086, 333.260681152, 356.174743652, 99.275970459], [-1130.27685547, 1841.53503418, -330.880340576, -158.082809448, 149.598419189, -38.600769043, -138.021087646, -133.751174927, -131.642242432, -69.7954406738, -50.2790107727, -113.99282074, -80.5916519165], [935.387756348, -330.880340576, 847.101257324, 316.098510742, 375.893188477, 276.547637939, 152.95715332, 120.098937988, 259.054382324, 121.666969299, 124.084030151, 84.4424438477, 47.0257873535], [1849.41809082, -158.082809448, 316.098510742, 590.407226562, 358.910064697, 121.103492737, 175.004745483, 183.221343994, 193.526000977, 151.508651733, 111.026878357, 90.3302841187, 15.5367221832], [955.164916992, 149.598419189, 375.893188477, 358.910064697, 575.534118652, 178.276123047, 116.038352966, 35.8495140076, 204.893508911, 94.2024154663, 107.737434387, 55.7142829895, -8.77327156067], [222.29826355, -38.600769043, 276.547637939, 121.103492737, 178.276123047, 244.588104248, 108.790618896, 66.5337295532, 102.753463745, 57.0349006653, 70.4263381958, 60.8636322021, 27.9902000427], [605.309814453, -138.021087646, 152.95715332, 175.004745483, 116.038352966, 108.790618896, 207.375366211, 131.68157959, 116.172729492, 90.8771591187, 80.0226516724, 78.1393966675, 58.1689529419], [651.916564941, -133.751174927, 120.098937988, 183.221343994, 35.8495140076, 66.5337295532, 131.68157959, 234.574264526, 107.664207458, 86.3493041992, 68.3766326904, 66.2894210815, 38.8722572327], [583.198120117, -131.642242432, 259.054382324, 193.526000977, 204.893508911, 102.753463745, 116.172729492, 107.664207458, 208.575210571, 109.619384766, 81.9275741577, 68.976348877, 34.2648773193], [467.529663086, -69.7954406738, 121.666969299, 151.508651733, 94.2024154663, 57.0349006653, 90.8771591187, 86.3493041992, 109.619384766, 128.880813599, 76.3712921143, 63.0820617676, 37.9477806091], [333.260681152, -50.2790107727, 124.084030151, 111.026878357, 107.737434387, 70.4263381958, 80.0226516724, 68.3766326904, 81.9275741577, 76.3712921143, 108.236938477, 70.7230606079, 31.9696331024], [356.174743652, -113.99282074, 84.4424438477, 90.3302841187, 55.7142829895, 60.8636322021, 78.1393966675, 66.2894210815, 68.976348877, 63.0820617676, 70.7230606079, 123.987335205, 72.1649856567], [99.275970459, -80.5916519165, 47.0257873535, 15.5367221832, -8.77327156067, 27.9902000427, 58.1689529419, 38.8722572327, 34.2648773193, 37.9477806091, 31.9696331024, 72.1649856567, 100.646644592]], "icov": [[0.000121869627037, 3.69713488908e-05, -2.25479725486e-05, -0.000354512740159, -2.58106010733e-05, 0.000139172523632, -7.40088362363e-05, -4.7174282372e-05, 6.501320604e-05, 1.5979327145e-05, 6.51697337162e-05, -0.000132608096465, 4.09173553635e-05], [3.69713488908e-05, 0.000816850049887, 0.000473993946798, 0.000324712949805, -0.0010030696867, -0.000258697196841, 0.000447925645858, -0.000423615594627, 0.000733132066671, -0.000560850778129, -9.07189951249e-06, 0.000641156511847, -0.000259704014752], [-2.25479725486e-05, 0.000473993946798, 0.00299785262905, -0.000352551753167, -0.000682174460962, -0.00237678317353, 0.00113381212577, -2.04196348932e-05, -0.00210049375892, 0.000601795210969, -0.000906866858713, 0.00169836776331, -0.00143185839988], [-0.000354512740159, 0.000324712949805, -0.000352551753167, 0.00604316219687, -0.003262657905, 0.000828935531899, -0.000675554387271, -0.00275918934494, 0.0019191596657, -0.00355455395766, 0.00166093651205, -0.00109907088336, 0.00173001666553], [-2.58106010733e-05, -0.0010030696867, -0.000682174460962, -0.003262657905, 0.00658695027232, -0.00131976418197, -0.000698383024428, 0.00383134256117, -0.00486457254738, 0.00311784259975, -0.0027833734639, 6.70467998134e-05, 0.00122635718435], [0.000139172523632, -0.000258697196841, -0.00237678317353, 0.000828935531899, -0.00131976418197, 0.00865167938173, -0.00315917422995, -0.000583049026318, 0.00129535328597, 0.000182490199222, -0.000146819147631, -0.0026293345727, 0.00159016391262], [-7.40088362363e-05, 0.000447925645858, 0.00113381212577, -0.000675554387271, -0.000698383024428, -0.00315917422995, 0.0119366310537, -0.00337109575048, -0.00136257731356, -0.00113925465848, -0.00195191579405, 0.00143615459092, -0.0042892023921], [-4.7174282372e-05, -0.000423615594627, -2.04196348932e-05, -0.00275918934494, 0.00383134256117, -0.000583049026318, -0.00337109575048, 0.00980860833079, -0.00392955821007, 0.000983100151643, -0.00204663560726, -0.000298256636597, 0.000630016613286], [6.501320604e-05, 0.000733132066671, -0.00210049375892, 0.0019191596657, -0.00486457254738, 0.00129535328597, -0.00136257731356, -0.00392955821007, 0.016941966489, -0.00866484176368, 0.00225174915977, -0.00169597251806, 0.000728930463083], [1.5979327145e-05, -0.000560850778129, 0.000601795210969, -0.00355455395766, 0.00311784259975, 0.000182490199222, -0.00113925465848, 0.000983100151643, -0.00866484176368, 0.0218931175768, -0.00883795693517, 0.000549902324565, -0.00258919037879], [6.51697337162e-05, -9.07189951249e-06, -0.000906866858713, 0.00166093651205, -0.0027833734639, -0.000146819147631, -0.00195191579405, -0.00204663560726, 0.00225174915977, -0.00883795693517, 0.0236430298537, -0.00954266265035, 0.00371040892787], [-0.000132608096465, 0.000641156511847, 0.00169836776331, -0.00109907088336, 6.70467998134e-05, -0.0026293345727, 0.00143615459092, -0.000298256636597, -0.00169597251806, 0.000549902324565, -0.00954266265035, 0.0228211116046, -0.0129192713648], [4.09173553635e-05, -0.000259704014752, -0.00143185839988, 0.00173001666553, 0.00122635718435, 0.00159016391262, -0.0042892023921, 0.000630016613286, 0.000728930463083, -0.00258919037879, 0.00371040892787, -0.0129192713648, 0.0208024587482]]}, "spectral_contrast_coeffs": {"dmean": [0.0525995604694, 0.0500611066818, 0.041681215167, 0.0313203036785, 0.0259640365839, 0.0186226163059], "dmean2": [0.0845600515604, 0.0838026851416, 0.0661535263062, 0.0496347956359, 0.0388096123934, 0.0292505547404], "dvar": [0.00211977655999, 0.00182224670425, 0.00123930780683, 0.000721549382433, 0.000563219597097, 0.000293991790386], "dvar2": [0.00527050765231, 0.00481130415574, 0.00306845712475, 0.0017218150897, 0.00115758669563, 0.000687032821588], "max": [-0.22676718235, -0.393898010254, -0.44554322958, -0.520265340805, -0.568765759468, -0.664430975914], "mean": [-0.633520364761, -0.707519292831, -0.720613121986, -0.773526728153, -0.774912238121, -0.797780394554], "median": [-0.646719932556, -0.709787786007, -0.727029204369, -0.77542078495, -0.785896837711, -0.794831216335], "min": [-0.917583465576, -0.964081287384, -0.972135424614, -0.956034302711, -0.945723712444, -0.929610550404], "var": [0.0135817332193, 0.00502443825826, 0.00641628494486, 0.00255308509804, 0.00330610643141, 0.00138236919884]}, "spectral_contrast_valleys": {"dmean": [0.419016212225, 0.379519194365, 0.343494564295, 0.37022548914, 0.368854701519, 0.544295489788], "dmean2": [0.6692314744, 0.594031155109, 0.523178577423, 0.567500114441, 0.529735863209, 0.743492901325], "dvar": [0.153162524104, 0.123272553086, 0.0980922877789, 0.151475936174, 0.167050629854, 0.339652657509], "dvar2": [0.341510146856, 0.277754843235, 0.217313215137, 0.340837657452, 0.35476988554, 0.709131479263], "max": [-5.10963487625, -4.58834934235, -5.50270652771, -5.52048301697, -5.63228082657, -7.77162265778], "mean": [-7.82671117