{"lowlevel": {"average_loudness": 0.516145884991, "barkbands_crest": {"dmean": 1.99680233002, "dmean2": 3.24196052551, "dvar": 3.46114754677, "dvar2": 9.44045257568, "max": 26.2362728119, "mean": 12.928937912, "median": 12.9145126343, "min": 4.04751682281, "var": 13.0890474319}, "barkbands_flatness_db": {"dmean": 0.0264450218529, "dmean2": 0.0392758212984, "dvar": 0.000728127546608, "dvar2": 0.00150167068932, "max": 0.59162914753, "mean": 0.291264742613, "median": 0.287994861603, "min": 0.0270582139492, "var": 0.00777594838291}, "barkbands_kurtosis": {"dmean": 9.57620716095, "dmean2": 15.4373264313, "dvar": 1468.90124512, "dvar2": 4162.27197266, "max": 1320.88354492, "mean": 22.858455658, "median": 14.7939758301, "min": -1.93347799778, "var": 2603.12207031}, "barkbands_skewness": {"dmean": 0.630396723747, "dmean2": 0.991405129433, "dvar": 0.898883640766, "dvar2": 2.45576453209, "max": 27.7786159515, "mean": 2.92725419998, "median": 2.84900355339, "min": -2.43394136429, "var": 3.50985860825}, "barkbands_spread": {"dmean": 1.92277503014, "dmean2": 2.97362112999, "dvar": 39.6663360596, "dvar2": 84.4112091064, "max": 107.970085144, "mean": 6.07348632812, "median": 3.22048449516, "min": 0.0837577655911, "var": 129.340057373}, "dissonance": {"dmean": 0.0257286094129, "dmean2": 0.042358905077, "dvar": 0.000557571998797, "dvar2": 0.00142986932769, "max": 0.499998599291, "mean": 0.408743709326, "median": 0.419727027416, "min": 0.105209156871, "var": 0.00376406591386}, "dynamic_complexity": 5.71337127686, "erbbands_crest": {"dmean": 2.07454371452, "dmean2": 3.27240657806, "dvar": 4.7077922821, "dvar2": 11.526599884, "max": 29.4578304291, "mean": 10.5009851456, "median": 9.65059947968, "min": 2.66001605988, "var": 19.3134555817}, "erbbands_flatness_db": {"dmean": 0.0175273735076, "dmean2": 0.0256136525422, "dvar": 0.000400477554649, "dvar2": 0.000804717827123, "max": 0.403940737247, "mean": 0.219328925014, "median": 0.218139827251, "min": 0.0577208846807, "var": 0.0035133594647}, "erbbands_kurtosis": {"dmean": 1.5467852354, "dmean2": 2.42839670181, "dvar": 6.02013444901, "dvar2": 12.5848503113, "max": 82.7544708252, "mean": 3.18048119545, "median": 1.64025974274, "min": -1.85530912876, "var": 25.2174377441}, "erbbands_skewness": {"dmean": 0.356805890799, "dmean2": 0.545951426029, "dvar": 0.178021594882, "dvar2": 0.383364379406, "max": 7.75906133652, "mean": 1.26324605942, "median": 1.26049530506, "min": -3.84409403801, "var": 0.950453519821}, "erbbands_spread": {"dmean": 5.0971903801, "dmean2": 7.95472764969, "dvar": 97.2660369873, "dvar2": 218.075942993, "max": 170.199020386, "mean": 25.8099098206, "median": 23.7212638855, "min": 2.21257448196, "var": 275.805175781}, "hfc": {"dmean": 2.89154148102, "dmean2": 4.12191486359, "dvar": 84.1115722656, "dvar2": 178.297164917, "max": 357.46472168, "mean": 8.58621501923, "median": 4.60917520523, "min": 1.08050123408e-16, "var": 288.01953125}, "melbands_crest": {"dmean": 2.78321886063, "dmean2": 4.55676031113, "dvar": 7.27175855637, "dvar2": 19.9810142517, "max": 39.6671180725, "mean": 18.870880127, "median": 18.2526741028, "min": 1.01877403259, "var": 44.2536811829}, "melbands_flatness_db": {"dmean": 0.0288815796375, "dmean2": 0.0424183830619, "dvar": 0.000943683146033, "dvar2": 0.00187216873746, "max": 0.736761152744, "mean": 0.392782330513, "median": 0.393143177032, "min": 2.87771399599e-06, "var": 0.0129042835906}, "melbands_kurtosis": {"dmean": 16.3072814941, "dmean2": 26.4368419647, "dvar": 4285.46337891, "dvar2": 12597.3085938, "max": 2416.70776367, "mean": 39.8759155273, "median": 23.7217788696, "min": -1.76147079468, "var": 11993.9335938}, "melbands_skewness": {"dmean": 0.744421124458, "dmean2": 1.17458546162, "dvar": 1.18332076073, "dvar2": 2.99931335449, "max": 35.0346908569, "mean": 3.78081417084, "median": 3.50206828117, "min": -0.430453896523, "var": 6.09188175201}, "melbands_spread": {"dmean": 2.04938173294, "dmean2": 3.29904866219, "dvar": 49.1969604492, "dvar2": 112.357330322, "max": 182.533874512, "mean": 8.72462844849, "median": 2.92896962166, "min": 0.068355999887, "var": 598.918151855}, "pitch_salience": {"dmean": 0.0695761367679, "dmean2": 0.112905435264, "dvar": 0.00408055214211, "dvar2": 0.010839086026, "max": 0.997197687626, "mean": 0.484394282103, "median": 0.509063720703, "min": 0.0241628866643, "var": 0.0236228592694}, "silence_rate_20dB": {"dmean": 0.00759275257587, "dmean2": 0.0151881258935, "dvar": 0.00753486528993, "dvar2": 0.0159921366721, "max": 1, "mean": 0.986887514591, "median": 1, "min": 0, "var": 0.0129411863163}, "silence_rate_30dB": {"dmean": 0.0262295082211, "dmean2": 0.0524680688977, "dvar": 0.0255407989025, "dvar2": 0.0559257268906, "max": 1, "mean": 0.934265017509, "median": 1, "min": 0, "var": 0.061415925622}, "silence_rate_60dB": {"dmean": 0.00931837782264, "dmean2": 0.0186399724334, "dvar": 0.00923227984458, "dvar2": 0.0220917314291, "max": 1, "mean": 0.103519670665, "median": 0, "min": 0, "var": 0.0928049758077}, "spectral_centroid": {"dmean": 86.7692642212, "dmean2": 135.421676636, "dvar": 77587.5859375, "dvar2": 150422.75, "max": 11855.1542969, "mean": 700.251831055, "median": 303.34375, "min": 98.9243469238, "var": 3457937.75}, "spectral_complexity": {"dmean": 1.19758415222, "dmean2": 1.8612357378, "dvar": 2.32184720039, "dvar2": 4.35717391968, "max": 34, "mean": 7.63716363907, "median": 7, "min": 0, "var": 16.7761631012}, "spectral_decrease": {"dmean": 3.35007621644e-09, "dmean2": 4.30671942553e-09, "dvar": 4.40944308866e-17, "dvar2": 4.93245317724e-17, "max": 3.68101369646e-18, "mean": -1.02204635866e-08, "median": -5.70146019285e-09, "min": -1.75526992052e-07, "var": 2.72180485073e-16}, "spectral_energy": {"dmean": 0.0128338914365, "dmean2": 0.0165296904743, "dvar": 0.000641738355625, "dvar2": 0.000720883370377, "max": 0.668324887753, "mean": 0.0393531024456, "median": 0.0220699775964, "min": 1.00648170385e-20, "var": 0.00397196551785}, "spectral_energyband_high": {"dmean": 0.000124239653815, "dmean2": 0.000195870059542, "dvar": 1.0703723774e-06, "dvar2": 2.2926976726e-06, "max": 0.0374503172934, "mean": 0.000212378261494, "median": 7.62564422985e-06, "min": 6.96934481979e-21, "var": 2.98096392726e-06}, "spectral_energyband_low": {"dmean": 0.0101545499638, "dmean2": 0.0127320466563, "dvar": 0.000476167188026, "dvar2": 0.000464435637696, "max": 0.662012636662, "mean": 0.0265945978463, "median": 0.0119597017765, "min": 8.61099107123e-24, "var": 0.00298626953736}, "spectral_energyband_middle_high": {"dmean": 0.000252942147199, "dmean2": 0.000351565511664, "dvar": 9.11517304303e-07, "dvar2": 2.16252624341e-06, "max": 0.0293157529086, "mean": 0.000735578185413, "median": 0.000366925087292, "min": 1.13330448606e-21, "var": 1.87536716112e-06}, "spectral_energyband_middle_low": {"dmean": 0.00569886434823, "dmean2": 0.0084840292111, "dvar": 0.000161014060723, "dvar2": 0.000301676773233, "max": 0.304722070694, "mean": 0.0140574295074, "median": 0.0079602226615, "min": 1.55181132691e-22, "var": 0.000466503290227}, "spectral_entropy": {"dmean": 0.210736706853, "dmean2": 0.317314475775, "dvar": 0.0618587508798, "dvar2": 0.126128584146, "max": 9.82597255707, "mean": 6.23248386383, "median": 6.11219596863, "min": 4.18393564224, "var": 0.868581771851}, "spectral_flux": {"dmean": 0.0231799259782, "dmean2": 0.0373253710568, "dvar": 0.000853018369526, "dvar2": 0.00203645345755, "max": 0.394955545664, "mean": 0.0593132339418, "median": 0.0466165095568, "min": 6.29134730423e-11, "var": 0.00227835681289}, "spectral_kurtosis": {"dmean": 8.94576644897, "dmean2": 15.0891199112, "dvar": 148.061859131, "dvar2": 373.051940918, "max": 189.347488403, "mean": 22.6266345978, "median": 14.6427049637, "min": -1.31420993805, "var": 557.780578613}, "spectral_rms": {"dmean": 0.000873093202244, "dmean2": 0.00121399236377, "dvar": 1.25171527543e-06, "dvar2": 1.99056080419e-06, "max": 0.0255347657949, "mean": 0.00518071604893, "median": 0.00464022438973, "min": 3.13358150192e-12, "var": 1.15533821372e-05}, "spectral_rolloff": {"dmean": 140.836212158, "dmean2": 243.787857056, "dvar": 521705.25, "dvar2": 1109361.375, "max": 20348.8769531, "mean": 996.813598633, "median": 258.3984375, "min": 21.533203125, "var": 11519528}, "spectral_skewness": {"dmean": 0.640302419662, "dmean2": 1.05993533134, "dvar": 0.516691625118, "dvar2": 1.28354251385, "max": 11.3847789764, "mean": 3.33386301994, "median": 3.00970506668, "min": -0.226768985391, "var": 2.72236704826}, "spectral_spread": {"dmean": 539705.25, "dmean2": 847628.4375, "dvar": 1202624266240.0, "dvar2": 2204932243460.0, "max": 42896568, "mean": 4028303.25, "median": 2532411, "min": 490039.34375, "var": 44155896070100.0}, "spectral_strongpeak": {"dmean": 0.209130272269, "dmean2": 0.332823753357, "dvar": 0.0878959149122, "dvar2": 0.21496810019, "max": 4.59159898758, "mean": 0.622949838638, "median": 0.480647802353, "min": 0, "var": 0.286087691784}, "zerocrossingrate": {"dmean": 0.00454021524638, "dmean2": 0.00598502671346, "dvar": 0.000202194321901, "dvar2": 0.000370856490918, "max": 0.525390625, "mean": 0.0324782021344, "median": 0.0126953125, "min": 0.00048828125, "var": 0.00792990345508}, "barkbands": {"dmean": [0.000120546596008, 0.0043804156594, 0.00529195647687, 0.00335652148351, 0.00271029700525, 0.000656246731523, 0.00020656939887, 0.000227888624067, 0.000130904852995, 7.76053711888e-05, 5.70937554585e-05, 4.96776374348e-05, 6.6195098043e-05, 3.44279069395e-05, 2.24333289225e-05, 1.31557944769e-05, 2.28878179769e-05, 1.0723179912e-05, 1.23170129882e-05, 1.2863005395e-05, 1.01349951365e-05, 2.13425828406e-05, 4.06837898481e-05, 3.08710150421e-05, 2.29473353102e-05, 1.08098620331e-05, 4.84591623717e-07], "dmean2": [0.000205107950023, 0.00454857898876, 0.00728050246835, 0.00513504259288, 0.00428119441494, 0.000978307449259, 0.00030864510336, 0.000345871667378, 0.000173929322045, 0.000110248656711, 8.71389274835e-05, 7.3570467066e-05, 0.000100645374914, 5.34953833267e-05, 3.43851024809e-05, 1.91526851268e-05, 3.50250957126e-05, 1.72052132257e-05, 1.95486463781e-05, 2.03711679205e-05, 1.4794015442e-05, 3.40598016919e-05, 6.3687133661e-05, 4.96370994369e-05, 3.71748828911e-05, 1.55668185471e-05, 7.22530330677e-07], "dvar": [5.83059609482e-08, 0.000142066710396, 0.000112752211862, 8.72671953402e-05, 2.98247850878e-05, 4.18042509409e-06, 1.1759075278e-06, 9.68991685113e-07, 9.43223255945e-07, 3.72311390606e-08, 1.29797044224e-07, 9.67213864556e-08, 1.43926143892e-07, 5.77100287558e-08, 1.39763063345e-08, 2.59191978991e-09, 2.08686792291e-08, 8.26174417767e-09, 1.12437019695e-08, 6.77444056407e-09, 3.83780252022e-09, 3.53060691793e-08, 1.32643563688e-07, 8.93141134384e-08, 5.17598692795e-08, 1.03830064546e-08, 2.59546897863e-11], "dvar2": [1.61564813084e-07, 0.000102463942312, 0.00015047416673, 0.000163905977388, 7.19738454791e-05, 8.0117770267e-06, 2.8457263852e-06, 2.38336610892e-06, 1.52425025135e-06, 7.27823419311e-08, 3.54417380777e-07, 2.42917138848e-07, 3.96902152033e-07, 1.29030794938e-07, 3.15566985876e-08, 4.80104356271e-09, 5.54281136544e-08, 2.26346230647e-08, 3.07654062226e-08, 1.71914660285e-08, 7.30778193514e-09, 8.79181243363e-08, 2.97195867915e-07, 1.97115269884e-07, 1.32197556013e-07, 1.94213747307e-08, 4.81935567842e-11], "max": [0.00746508315206, 0.378019660711, 0.28868111968, 0.241399943829, 0.113466888666, 0.0489891245961, 0.0447187796235, 0.0331547372043, 0.0669798403978, 0.00431424193084, 0.0134709225968, 0.0143442284316, 0.0164729766548, 0.0100962650031, 0.00357519043609, 0.00235921167769, 0.00678855273873, 0.00375882652588, 0.00552089186385, 0.00270281708799, 0.00256126211025, 0.0093008056283, 0.0155287189409, 0.010955190286, 0.00964407809079, 0.00524514820427, 0.00029617533437], "mean": [0.00013750049402, 0.0120046902448, 0.0122599247843, 0.00500105367973, 0.00629650475457, 0.0014793848386, 0.000444801495178, 0.000494586071, 0.000249515665928, 0.000256306899246, 0.000103036545624, 9.60013348958e-05, 0.000117340830911, 5.33454767719e-05, 3.70700581698e-05, 2.54418628174e-05, 3.79955017706e-05, 1.52723096107e-05, 1.96365908778e-05, 1.91142735275e-05, 1.57237027452e-05, 3.01702875731e-05, 5.97605321673e-05, 4.77577887068e-05, 3.32618765242e-05, 1.7253907572e-05, 7.09825201284e-07], "median": [7.34792629373e-05, 0.00147819914855, 0.00728486850858, 0.00163649162278, 0.00335699599236, 0.000543103611562, 0.000199068832444, 0.000164439159562, 2.57603896898e-05, 0.000105904626253, 2.89026775135e-05, 2.77424132946e-05, 2.20230504056e-05, 1.22659475892e-05, 9.54245479079e-06, 5.87551858189e-06, 8.16178544483e-06, 3.16132400258e-06, 5.81819676881e-06, 4.53866869066e-06, 1.59000933309e-06, 1.12557813736e-06, 4.19835998855e-07, 3.66632804116e-07, 1.84241798706e-07, 5.92737166016e-08, 8.28371149453e-10], "min": [1.95200475553e-25, 7.45760404981e-25, 3.01172918769e-25, 1.37665319583e-24, 8.92024190101e-24, 3.55994546067e-24, 5.57858371915e-24, 4.68196441427e-24, 1.12400696197e-23, 9.35573887463e-24, 7.42308172166e-24, 1.5612035364e-23, 3.82701353127e-23, 1.97213017495e-23, 5.11297892245e-23, 3.96040075956e-23, 3.30591442093e-23, 7.4164107983e-23, 1.13910290402e-22, 8.94471836164e-23, 2.49805364304e-22, 2.8086472403e-22, 3.35483231676e-22, 4.61110681362e-22, 8.53065448638e-22, 1.23679505987e-21, 1.89922910269e-21], "var": [5.2396586625e-08, 0.00106728135142, 0.00050487392582, 0.000177557623829, 9.13424228202e-05, 1.28180772663e-05, 1.88545209312e-06, 1.74353147031e-06, 2.07602579394e-06, 1.74685595766e-07, 1.4645814872e-07, 1.27389114368e-07, 1.68437054526e-07, 7.06503371362e-08, 2.23974137015e-08, 8.74008598828e-09, 2.04999981435e-08, 7.07590386284e-09, 1.09387734426e-08, 7.14796533074e-09, 9.20829723583e-09, 7.23716127027e-08, 3.23847274331e-07, 2.02671444072e-07, 9.33607964271e-08, 2.72428000159e-08, 6.8521188723e-11]}, "erbbands": {"dmean": [0.0238455198705, 1.34120941162, 6.53267812729, 7.27074098587, 10.7489652634, 8.57682514191, 8.04520606995, 5.17494058609, 3.4695289135, 3.9903922081, 3.62717556953, 3.3722858429, 2.24019217491, 2.27159810066, 2.13476324081, 2.26791954041, 3.19151687622, 1.84832692146, 1.31634259224, 0.918553829193, 0.745062232018, 1.17757201195, 0.730614364147, 0.459997624159, 0.705222785473, 0.609077095985, 0.397230684757, 0.427051544189, 0.59182870388, 1.2243874073, 1.13951039314, 0.830770492554, 0.428642213345, 0.278990775347, 0.156368687749, 0.0648565292358, 0.0163530185819, 0.00223308522254, 5.73642646486e-05, 1.55721718329e-05], "dmean2": [0.0259043090045, 1.42940616608, 8.33867645264, 11.6345911026, 16.3087501526, 13.5265512466, 11.6223344803, 7.9460401535, 5.29104471207, 5.8121547699, 5.36205530167, 4.47251987457, 3.06585717201, 3.27360200882, 3.18079257011, 3.32242107391, 4.80204153061, 2.77027106285, 1.95251381397, 1.32276725769, 1.10382187366, 1.79431474209, 1.16457283497, 0.696325063705, 1.1128923893, 0.963688135147, 0.594892144203, 0.626504361629, 0.947267115116, 1.98735654354, 1.78992843628, 1.29188668728, 0.686551272869, 0.455019205809, 0.252450227737, 0.0934518054128, 0.0240657404065, 0.00337504572235, 8.38016494527e-05, 2.06343866012e-05], "dvar": [0.00371861504391, 12.7745952606, 212.367233276, 222.995681763, 944.259033203, 360.491027832, 317.475067139, 363.288482666, 402.159576416, 291.624023438, 220.153411865, 901.924438477, 70.1239700317, 70.0022354126, 144.013122559, 200.402801514, 312.605804443, 153.742630005, 48.9593353271, 19.2492046356, 9.05581665039, 48.9084968567, 48.4557952881, 10.8034029007, 33.7416687012, 13.8047456741, 4.6708445549, 7.81482887268, 20.7647438049, 128.21081543, 107.391738892, 59.6244544983, 19.3450870514, 7.18843173981, 2.75310301781, 0.375683516264, 0.023974345997, 0.000540175358765, 2.91325505941e-07, 1.11811426784e-09], "dvar2": [0.00297465873882, 9.53912162781, 231.861724854, 501.057983398, 1853.2545166, 862.366210938, 637.12512207, 727.381530762, 995.925354004, 608.435546875, 474.271362305, 1734.14562988, 124.130607605, 166.637451172, 363.039916992, 511.223602295, 884.526123047, 346.529052734, 105.947143555, 41.7979011536, 18.4428119659, 128.112213135, 133.112823486, 29.0751152039, 91.2340927124, 35.1170730591, 9.89227294922, 15.4388074875, 48.2667732239, 310.902801514, 242.877853394, 142.220581055, 43.741519928, 17.2645187378, 7.54979848862, 0.751475393772, 0.0454286709428, 0.00107904197648, 5.72630028728e-07, 1.62630131584e-09], "max": [1.88674426079, 112.73550415, 429.697387695, 349.649078369, 757.048950195, 544.098571777, 468.609222412, 511.730926514, 1071.453125, 785.513549805, 674.097290039, 1993.35400391, 459.487670898, 260.203765869, 381.6199646, 697.539245605, 795.022705078, 574.912902832, 279.999542236, 189.325958252, 142.781738281, 298.718292236, 329.211791992, 182.105072021, 246.148757935, 111.098449707, 59.3192558289, 109.929756165, 208.6927948, 474.008789062, 355.029083252, 362.927947998, 178.048675537, 93.9081268311, 75.6841583252, 27.6377315521, 7.95895814896, 1.23373222351, 0.0298213232309, 0.00128200522158], "mean": [0.071446403861, 3.61694765091, 15.3207798004, 13.8504247665, 17.0279846191, 22.4454059601, 20.5419254303, 11.4458379745, 8.22010421753, 9.10604572296, 8.16764831543, 6.68994760513, 6.01510858536, 7.48043966293, 4.36027860641, 4.76225185394, 5.89494228363, 3.18231654167, 2.16188788414, 1.76038300991, 1.45533251762, 1.98091256618, 1.09867155552, 0.780112683773, 1.08151435852, 0.905969321728, 0.604029655457, 0.655055105686, 0.873526632786, 1.74410307407, 1.66854214668, 1.19803881645, 0.670920312405, 0.407935529947, 0.215918704867, 0.0995847731829, 0.0265572201461, 0.00376053154469, 0.000105630133476, 4.66003875772e-05], "median": [0.0119961500168, 0.572929024696, 6.77308893204, 8.39856529236, 4.72618675232, 11.2404336929, 9.407787323, 4.74122524261, 4.48657608032, 2.30658960342, 3.22918868065, 0.935324907303, 2.33707284927, 2.31952118874, 1.56852483749, 1.52641355991, 1.21251821518, 0.857626199722, 0.531288743019, 0.468121379614, 0.339007079601, 0.392534017563, 0.272732138634, 0.2410197258, 0.313756346703, 0.219509929419, 0.0807971656322, 0.0652239397168, 0.0438509657979, 0.0209300667048, 0.0112769417465, 0.00913470890373, 0.00475404132158, 0.00231125066057, 0.00108367379289, 0.000398222910007, 8.69495124789e-05, 8.66945083544e-06, 1.19931428344e-05, 2.4984794436e-05], "min": [5.13467890823e-23, 1.78016245138e-22, 1.86524462149e-21, 7.01600378401e-21, 1.10632935081e-20, 2.41602202456e-20, 2.10928148144e-20, 2.74926562838e-20, 9.74044397737e-20, 9.32334720078e-20, 1.85370154222e-19, 2.83860804925e-19, 4.49903224975e-19, 5.83519725573e-19, 9.27465611875e-19, 1.12153572866e-18, 1.42190579199e-18, 1.7783140331e-18, 2.45462103783e-18, 2.59172581077e-18, 3.45504180838e-18, 2.65919665859e-18, 4.42432357157e-18, 4.79523342619e-18, 7.24999074202e-18, 5.69970248646e-18, 9.76371321423e-18, 9.68509383291e-18, 9.51874450301e-18, 1.07339687758e-17, 1.04613523798e-17, 1.01824824983e-17, 9.72827514243e-18, 7.7567885869e-18, 6.2760769742e-18, 3.77284273857e-18, 2.24345733708e-18, 8.97766932752e-19, 2.47442549945e-19, 2.63339184173e-20], "var": [0.0316932201385, 92.7982635498, 1115.33410645, 442.746337891, 2142.58764648, 1407.74951172, 1256.24255371, 923.722229004, 558.866394043, 877.449035645, 564.779846191, 1500.03552246, 229.908599854, 201.820220947, 229.809570312, 250.370986938, 358.71270752, 198.680145264, 83.6598968506, 38.1267929077, 27.7367477417, 53.5431747437, 38.422618866, 10.8436012268, 32.6515007019, 15.0215244293, 9.35398769379, 17.9909248352, 47.2600212097, 304.740631104, 250.857955933, 129.290008545, 42.6154899597, 14.6238908768, 3.96886181831, 0.876088678837, 0.0654497146606, 0.00161448318977, 8.65607603373e-07, 6.17228756994e-09]}, "gfcc": {"mean": [-158.324783325, 163.684936523, -73.2522583008, 28.1845569611, -39.2791976929, 1.02632689476, -27.2365779877, -7.03055524826, -25.2370758057, -9.29856777191, -9.43736362457, -8.69032001495, -6.54875850677], "cov": [[44052.0078125, 4338.04541016, -3557.16235352, 804.899902344, -1820.5501709, 483.302581787, -1254.14343262, 158.414871216, -1362.35620117, -420.867004395, -671.539978027, -602.111206055, -730.310180664], [4338.04541016, 2772.19458008, -722.121337891, -172.25642395, 223.514816284, -421.37097168, 219.352218628, -379.920440674, 1.65196824074, -301.773223877, 77.2411804199, -232.832977295, 135.82182312], [-3557.16235352, -722.121337891, 1014.07299805, -66.7306518555, 129.349212646, 130.558258057, -52.7010421753, 138.293411255, 130.912994385, 149.112991333, 32.6003570557, 151.383758545, 2.8379034996], [804.899902344, -172.25642395, -66.7306518555, 375.474060059, -83.4864120483, 45.6546173096, 13.1557970047, -15.969039917, -0.751795589924, 8.23354625702, 29.6261005402, 25.1328620911, 28.1623821259], [-1820.5501709, 223.514816284, 129.349212646, -83.4864120483, 388.583618164, -75.31300354, 122.028808594, -42.7917327881, 121.013801575, -14.8577413559, 43.6695327759, -5.50220155716, 61.9178619385], [483.302581787, -421.37097168, 130.558258057, 45.6546173096, -75.31300354, 254.320236206, -38.9083366394, 125.453582764, -15.5298671722, 71.1418151855, 5.40900278091, 32.2186088562, -52.223236084], [-1254.14343262, 219.352218628, -52.7010421753, 13.1557970047, 122.028808594, -38.9083366394, 307.4949646, -73.8597412109, 67.1743774414, -21.5965995789, 87.7852706909, -16.408115387, 58.4065208435], [158.414871216, -379.920440674, 138.293411255, -15.969039917, -42.7917327881, 125.453582764, -73.8597412109, 193.700363159, -7.53319549561, 66.520866394, -17.3929634094, 28.2381420135, -48.5360221863], [-1362.35620117, 1.65196824074, 130.912994385, -0.751795589924, 121.013801575, -15.5298671722, 67.1743774414, -7.53319549561, 160.250244141, 22.0369949341, 45.1828155518, 13.1383075714, 35.6040153503], [-420.867004395, -301.773223877, 149.112991333, 8.23354625702, -14.8577413559, 71.1418151855, -21.5965995789, 66.520866394, 22.0369949341, 140.033035278, 8.19767475128, 49.7105407715, -37.5416717529], [-671.539978027, 77.2411804199, 32.6003570557, 29.6261005402, 43.6695327759, 5.40900278091, 87.7852706909, -17.3929634094, 45.1828155518, 8.19767475128, 114.35760498, 4.24108076096, 26.6321525574], [-602.111206055, -232.832977295, 151.383758545, 25.1328620911, -5.50220155716, 32.2186088562, -16.408115387, 28.2381420135, 13.1383075714, 49.7105407715, 4.24108076096, 98.0953521729, 5.71948623657], [-730.310180664, 135.82182312, 2.8379034996, 28.1623821259, 61.9178619385, -52.223236084, 58.4065208435, -48.5360221863, 35.6040153503, -37.5416717529, 26.6321525574, 5.71948623657, 103.135124207]], "icov": [[0.000170481667737, -0.000516175641678, 0.000283424509689, -0.000546810973901, 0.000235851781326, -0.000658115255646, 0.000415725226048, -0.000447136029834, 0.000463799224235, -8.95857883734e-05, 0.000614893389866, -0.000136241782457, 0.000763842079323], [-0.000516175641678, 0.00232679350302, -0.000577077968046, 0.00198360113427, -0.000927914457861, 0.00242798542604, -0.00120355549734, 0.00198580534197, -0.00134096213151, 0.00076564232586, -0.00246594054624, 0.00115996564273, -0.00252839713357], [0.000283424509689, -0.000577077968046, 0.00231727724895, -0.000362218765076, -0.000148683058796, -0.00145306671038, 0.0012108576484, -0.000948472355958, -0.000155863133841, -0.000573654426262, 0.000517296139151, -0.00192873610649, 0.000841862754896], [-0.000546810973901, 0.00198360113427, -0.000362218765076, 0.00518246088177, -2.44743332587e-05, 0.00135007151403, -0.0011929795146, 0.00232508475892, -0.0019141380908, 0.000248608848779, -0.00291878986172, -0.000246512761805, -0.00390268582851], [0.000235851781326, -0.000927914457861, -0.000148683058796, -2.44743332587e-05, 0.00459160283208, -0.000336477824021, -0.00045004641288, -0.000804284994956, -0.00156391854398, -1.98052057385e-05, 0.00114026083611, 0.000170727187651, 8.10202036519e-05], [-0.000658115255646, 0.00242798542604, -0.00145306671038, 0.00135007151403, -0.000336477824021, 0.00967201124877, -0.00214905524626, -0.00150427955668, -0.0011426260462, -0.000163631804753, -0.0036027727183, 0.000969285494648, -0.00136626174208], [0.000415725226048, -0.00120355549734, 0.0012108576484, -0.0011929795146, -0.00045004641288, -0.00214905524626, 0.00620247097686, 0.000196765176952, 0.000441998505266, -0.000456244306406, -0.00153550389223, -6.68950860927e-06, 0.00066152040381], [-0.000447136029834, 0.00198580534197, -0.000948472355958, 0.00232508475892, -0.000804284994956, -0.00150427955668, 0.000196765176952, 0.0108676794916, -0.00137963658199, -0.001031812164, -0.00155369669665, 0.0010363701731, -0.00122163712513], [0.000463799224235, -0.00134096213151, -0.000155863133841, -0.0019141380908, -0.00156391854398, -0.0011426260462, 0.000441998505266, -0.00137963658199, 0.0113066714257, -0.00194584112614, -0.000180901697604, 0.000607506546658, 0.000439361378085], [-8.95857883734e-05, 0.00076564232586, -0.000573654426262, 0.000248608848779, -1.98052057385e-05, -0.000163631804753, -0.000456244306406, -0.001031812164, -0.00194584112614, 0.0123950242996, -0.0016025082441, -0.00381152937189, 0.00381583510898], [0.000614893389866, -0.00246594054624, 0.000517296139151, -0.00291878986172, 0.00114026083611, -0.0036027727183, -0.00153550389223, -0.00155369669665, -0.000180901697604, -0.0016025082441, 0.0151391066611, -0.000604099652264, 0.0016172361793], [-0.000136241782457, 0.00115996564273, -0.00192873610649, -0.000246512761805, 0.000170727187651, 0.000969285494648, -6.68950860927e-06, 0.0010363701731, 0.000607506546658, -0.00381152937189, -0.000604099652264, 0.0166436564177, -0.00385626964271], [0.000763842079323, -0.00252839713357, 0.000841862754896, -0.00390268582851, 8.10202036519e-05, -0.00136626174208, 0.00066152040381, -0.00122163712513, 0.000439361378085, 0.00381583510898, 0.0016172361793, -0.00385626964271, 0.0188206546009]]}, "melbands": {"dmean": [0.000666588661261, 0.00291210412979, 0.00140501663554, 0.000641972175799, 0.000323254556861, 0.000116211798741, 4.9757254601e-05, 4.68391299364e-05, 2.88374521915e-05, 1.99583646463e-05, 1.11461131382e-05, 9.36875949265e-06, 8.13620044937e-06, 5.42523139302e-06, 6.65367588226e-06, 6.12468465988e-06, 3.37336359735e-06, 2.27471537073e-06, 1.5474980728e-06, 1.06463642169e-06, 9.19720150705e-07, 1.25516510252e-06, 1.22812275549e-06, 3.74498256406e-07, 3.75976725309e-07, 5.15996077866e-07, 5.331089028e-07, 3.8357768517e-07, 2.52092405617e-07, 2.53885161783e-07, 2.57893873368e-07, 2.80104671901e-07, 5.47180775357e-07, 7.62736306115e-07, 7.31989189262e-07, 6.03548187428e-07, 4.56031813201e-07, 2.76464305671e-07, 3.22592569546e-07, 2.27256009566e-07], "dmean2": [0.000691088032909, 0.00353331794031, 0.00215359521098, 0.00100929616019, 0.000472907122457, 0.000176684377948, 7.57382586016e-05, 6.91790482961e-05, 4.25683392677e-05, 2.65848884737e-05, 1.53898017743e-05, 1.36248254421e-05, 1.24272701214e-05, 7.99612371338e-06, 1.00603674582e-05, 9.44993917074e-06, 5.11328971697e-06, 3.40191172654e-06, 2.35022457673e-06, 1.51970095885e-06, 1.38673237871e-06, 1.89166325981e-06, 2.03318290914e-06, 5.61208025829e-07, 5.8041439388e-07, 8.20526793177e-07, 8.52183802635e-07, 6.08278924119e-07, 3.9006181396e-07, 3.73952161681e-07, 3.90889994151e-07, 4.59483715076e-07, 8.70021892752e-07, 1.23779364003e-06, 1.15905061193e-06, 9.70094674813e-07, 7.13484212156e-07, 4.42745829332e-07, 5.40436303709e-07, 3.66040580957e-07], "dvar": [3.23220592691e-06, 4.59914881503e-05, 1.10128885353e-05, 2.09723452826e-06, 4.46491242201e-07, 1.70153739987e-07, 7.40426813195e-08, 4.13227780882e-08, 1.45148613129e-08, 3.55923681639e-08, 1.79759185315e-09, 1.11015596715e-09, 2.46321008035e-09, 1.2424129503e-09, 9.14421427467e-10, 1.54960644316e-09, 5.63040669643e-10, 1.81586634618e-10, 7.58798510136e-11, 1.66070976415e-11, 1.3132685911e-11, 3.07495764962e-11, 2.44571279895e-10, 4.18981169203e-12, 7.59246571863e-12, 2.06460595148e-11, 1.78585791988e-11, 4.6394884462e-12, 1.8463327655e-12, 2.92861351489e-12, 3.41950447992e-12, 4.01639051878e-12, 3.07083837525e-11, 5.16343738599e-11, 4.55535505151e-11, 3.08962369577e-11, 1.91215359518e-11, 7.39375574654e-12, 1.24960276501e-11, 4.4538791058e-12], "dvar2": [2.33422520068e-06, 4.38285933342e-05, 2.09748704947e-05, 4.64762024421e-06, 9.76764681582e-07, 3.44770825222e-07, 1.79513051535e-07, 9.26198495677e-08, 3.07895220431e-08, 6.85335805883e-08, 3.30052007946e-09, 2.58640242556e-09, 6.60992949264e-09, 3.13935188956e-09, 2.35723773834e-09, 4.33622426854e-09, 1.26320898186e-09, 4.08807654395e-10, 1.74169831335e-10, 2.9364830012e-11, 2.87318051295e-11, 7.48387324334e-11, 6.88441248453e-10, 1.05549848375e-11, 2.05507173778e-11, 5.54890404458e-11, 4.70708923228e-11, 1.17807690686e-11, 4.23874997602e-12, 6.11037566031e-12, 7.30828939033e-12, 9.37878680968e-12, 7.96200883002e-11, 1.23033569444e-10, 1.04746093743e-10, 7.80372155784e-11, 4.39600265911e-11, 1.55453427908e-11, 3.23082949283e-11, 1.09575525736e-11], "max": [0.0568142645061, 0.206983759999, 0.0831968262792, 0.0295876059681, 0.0209558326751, 0.0126386890188, 0.0140767097473, 0.00878114718944, 0.0046019833535, 0.0130979772657, 0.00240088324063, 0.00100100704003, 0.0017793988809, 0.00173307873774, 0.000805037620012, 0.00170546153095, 0.00108133768663, 0.000582792621572, 0.000282299180981, 0.000173545253347, 0.000153872431838, 0.000145246420288, 0.000818884989712, 8.05232557468e-05, 0.000150859850692, 0.000235246145166, 0.00015998222807, 5.47600138816e-05, 3.6153352994e-05, 8.7557164079e-05, 5.93815966567e-05, 5.54437319806e-05, 0.000309578463202, 0.000321211351547, 0.000222458562348, 0.00021876450046, 0.000209752412047, 0.000105432591226, 0.000160600015079, 7.30527754058e-05], "mean": [0.00189811876044, 0.00722641078755, 0.00270106107928, 0.00130344089121, 0.000890639435966, 0.000261418172158, 0.000114799957373, 0.000104318176454, 6.36297190795e-05, 3.79384109692e-05, 2.86937283818e-05, 3.05707217194e-05, 1.5336463548e-05, 1.09955944936e-05, 1.282757421e-05, 1.06413990579e-05, 5.45170632904e-06, 3.50576556229e-06, 2.57937131209e-06, 2.17441265704e-06, 1.60738761679e-06, 2.14640226659e-06, 1.63763786531e-06, 5.98498616e-07, 6.1356348624e-07, 7.86024770605e-07, 7.69597022554e-07, 5.46735350326e-07, 3.61253938763e-07, 3.82879107974e-07, 3.66788356132e-07, 3.8741239905e-07, 7.81650214776e-07, 1.04533603462e-06, 9.93556909634e-07, 8.60789441504e-07, 6.60762282223e-07, 4.40499576371e-07, 4.52208155366e-07, 3.10976474793e-07], "median": [0.00023847007833, 0.00277770962566, 0.00148433935829, 0.000631524308119, 0.000430237152614, 0.000107414220111, 5.91982352489e-05, 2.4520973966e-05, 2.38261272898e-05, 4.43720409748e-06, 1.08804524643e-05, 8.70014901011e-06, 4.94562209497e-06, 3.18839624924e-06, 3.46149613506e-06, 2.34093567997e-06, 1.27416421947e-06, 7.76807269176e-07, 6.75011392559e-07, 5.75661772473e-07, 3.20112121699e-07, 3.57221779268e-07, 3.38018708135e-07, 1.46829279402e-07, 1.75799769409e-07, 2.06210899023e-07, 1.95689978e-07, 1.10806077203e-07, 4.64594549499e-08, 3.13309200806e-08, 3.21026476513e-08, 2.30416183911e-08, 1.43302454347e-08, 7.46390149686e-09, 5.51365175738e-09, 5.38543520889e-09, 5.1674433621e-09, 3.38924133203e-09, 1.59049673432e-09, 1.75724990115e-09], "min": [6.25787430982e-25, 9.4104282346e-25, 1.41384424042e-24, 1.36608600957e-24, 7.51151579014e-25, 6.63592554485e-25, 1.4774850023e-24, 1.05876887508e-24, 1.51809358955e-24, 1.48734221375e-24, 1.6642566963e-24, 2.52878513955e-24, 1.89980306842e-24, 1.97527970211e-24, 2.3104739977e-24, 3.68092990226e-24, 2.76233510194e-24, 2.75916940312e-24, 3.97207834643e-24, 2.80972868183e-24, 3.02404286269e-24, 2.3662904427e-24, 3.90693224072e-24, 3.74188518441e-24, 2.85983199893e-24, 4.41514522929e-24, 3.24002903423e-24, 3.29780855959e-24, 4.59156016567e-24, 4.83606365894e-24, 4.71544603767e-24, 4.75970350104e-24, 4.85214813837e-24, 4.1491835361e-24, 5.34026568424e-24, 5.4773014731e-24, 4.84653578746e-24, 6.09602440815e-24, 4.91695187844e-24, 6.56695780249e-24], "var": [2.55302002188e-05, 0.000271969591267, 2.51440505963e-05, 5.21418223798e-06, 2.11428437069e-06, 4.5080511768e-07, 1.12383936823e-07, 1.04164797676e-07, 3.69820689627e-08, 5.8783243162e-08, 5.30616484085e-09, 3.5354668082e-09, 3.03263569812e-09, 1.67618818825e-09, 1.22024457205e-09, 1.64371694034e-09, 6.96127988586e-10, 2.74477579554e-10, 1.15009793356e-10, 5.37686561941e-11, 3.45955104841e-11, 4.82387185752e-11, 1.59818561163e-10, 5.49970442451e-12, 7.34345917408e-12, 2.05412076237e-11, 1.57034749787e-11, 5.41360923104e-12, 3.2231721632e-12, 6.17733164968e-12, 6.32912342327e-12, 7.301337486e-12, 6.37591646147e-11, 1.12368579719e-10, 9.27280266461e-11, 6.40878947133e-11, 4.10577544185e-11, 1.79254285027e-11, 2.16770264932e-11, 8.30383244804e-12]}, "mfcc": {"mean": [-787.239807129, 186.247756958, 28.6988162994, 34.7828063965, 13.3295965195, 9.33945465088, 8.9423418045, 0.705223977566, -5.0842294693, -4.00835323334, -5.83938598633, -3.0413813591, -1.09873199463], "cov": [[12856.5546875, 2481.84326172, -506.463623047, 6.65018939972, -184.645507812, -47.9091453552, 14.4889421463, 79.1703109741, -173.796951294, 60.4984321594, -30.139295578, -120.808662415, -158.366577148], [2481.84326172, 3113.41259766, -306.831848145, 133.208938599, 50.1669540405, -3.53475379944, 107.342765808, -37.2915077209, 5.01613807678, -100.594772339, -95.8865432739, -44.325504303, -28.2039775848], [-506.463623047, -306.831848145, 663.438537598, 5.24754238129, 121.112815857, 31.1495494843, -6.65751647949, 43.6027450562, -11.2779712677, 29.8024368286, 31.4531593323, 44.545955658, 52.2883834839], [6.65018939972, 133.208938599, 5.24754238129, 313.335327148, 8.03782176971, 67.662361145, 27.7164535522, -10.043296814, 16.6782684326, -41.1817855835, -32.0127487183, 7.57825517654, 15.580540657], [-184.645507812, 50.1669540405, 121.112815857, 8.03782176971, 267.96484375, 4.24489545822, -39.2516098022, 23.6897563934, 21.4309520721, 32.1929092407, -4.39704847336, 3.50678730011, 29.0510807037], [-47.9091453552, -3.53475379944, 31.1495494843, 67.662361145, 4.24489545822, 152.005584717, 44.8394851685, 13.900056839, 20.0538654327, -11.3242692947, 37.3207702637, 28.1323223114, 5.45416688919], [14.4889421463, 107.342765808, -6.65751647949, 27.7164535522, -39.2516098022, 44.8394851685, 155.021469116, 32.4829902649, 3.50354528427, 2.52056527138, 28.626291275, 30.765663147, -3.92858242989], [79.1703109741, -37.2915077209, 43.6027450562, -10.043296814, 23.6897563934, 13.900056839, 32.4829902649, 95.5198135376, 15.154542923, 17.1292133331, 22.7911434174, 15.5783605576, 4.24862194061], [-173.796951294, 5.01613807678, -11.2779712677, 16.6782684326, 21.4309520721, 20.0538654327, 3.50354528427, 15.154542923, 99.4992446899, 8.11734390259, 3.87927389145, 17.8752117157, 15.1461267471], [60.4984321594, -100.594772339, 29.8024368286, -41.1817855835, 32.1929092407, -11.3242692947, 2.52056527138, 17.1292133331, 8.11734390259, 102.102844238, 31.1634807587, 1.21989166737, 6.7276134491], [-30.139295578, -95.8865432739, 31.4531593323, -32.0127487183, -4.39704847336, 37.3207702637, 28.626291275, 22.7911434174, 3.87927389145, 31.1634807587, 146.487762451, 45.3640213013, 4.12380027771], [-120.808662415, -44.325504303, 44.545955658, 7.57825517654, 3.50678730011, 28.1323223114, 30.765663147, 15.5783605576, 17.8752117157, 1.21989166737, 45.3640213013, 107.013008118, 32.7767295837], [-158.366577148, -28.2039775848, 52.2883834839, 15.580540657, 29.0510807037, 5.45416688919, -3.92858242989, 4.24862194061, 15.1461267471, 6.7276134491, 4.12380027771, 32.7767295837, 98.1193695068]], "icov": [[0.000105229162727, -9.48639280978e-05, 3.94651506213e-05, -1.89283618965e-05, 0.000112570618512, -4.24085228588e-05, 0.00014785163512, -0.000217330423766, 0.000211449354538, -0.000205664196983, 1.78844356924e-06, -4.27901198918e-07, 9.04350963538e-05], [-9.48639280978e-05, 0.000464048207505, 0.000140410047607, -6.96044953656e-05, -0.000364946929039, 0.00014365001698, -0.000548053241801, 0.00034206014243, -0.000201773902518, 0.000518317159731, 0.000105849620013, 0.000117386764032, -6.82368481648e-05], [3.94651506213e-05, 0.000140410047607, 0.00189554831013, -6.1542748881e-05, -0.000754310807679, -0.000299130304484, 8.37713014334e-05, -0.000639475823846, 0.000789117708337, -0.000168829152244, -1.09756310849e-05, -0.000456405192381, -0.00058262393577], [-1.89283618965e-05, -6.96044953656e-05, -6.1542748881e-05, 0.00398216117173, -0.000211302278331, -0.00176186021417, -0.000555470003746, 0.000566258153412, -0.000414437934523, 0.00109790195711, 0.00108459230978, 2.16304470086e-05, -0.000600469938945], [0.000112570618512, -0.000364946929039, -0.000754310807679, -0.000211302278331, 0.0049503473565, -0.000440265750512, 0.00186035176739, -0.00139912776649, -0.000448600942036, -0.00175869348459, 0.000404806021834, 4.54725013697e-05, -0.000636202399619], [-4.24085228588e-05, 0.00014365001698, -0.000299130304484, -0.00176186021417, -0.000440265750512, 0.00894571654499, -0.00198658928275, 9.38816156122e-05, -0.00148197670933, 0.0015181802446, -0.00232255947776, -0.000401475612307, 0.000317897531204], [0.00014785163512, -0.000548053241801, 8.37713014334e-05, -0.000555470003746, 0.00186035176739, -0.00198658928275, 0.00912265479565, -0.00324186868966, 0.000918788020499, -0.0013696794631, -0.000321154337144, -0.0019989979919, 0.00082326104166], [-0.000217330423766, 0.00034206014243, -0.000639475823846, 0.000566258153412, -0.00139912776649, 9.38816156122e-05, -0.00324186868966, 0.0131985759363, -0.00210557482205, -0.000379718461772, -0.000860351719894, -0.00017110875342, 0.000150518273585], [0.000211449354538, -0.000201773902518, 0.000789117708337, -0.000414437934523, -0.000448600942036, -0.00148197670933, 0.000918788020499, -0.00210557482205, 0.0118066389114, -0.00148914929014, 0.000711496570148, -0.00167236151174, -0.000919942569453], [-0.000205664196983, 0.000518317159731, -0.000168829152244, 0.00109790195711, -0.00175869348459, 0.0015181802446, -0.0013696794631, -0.000379718461772, -0.00148914929014, 0.012717098929, -0.00267729628831, 0.0016080547357, -0.000936134543736], [1.78844356924e-06, 0.000105849620013, -1.09756310849e-05, 0.00108459230978, 0.000404806021834, -0.00232255947776, -0.000321154337144, -0.000860351719894, 0.000711496570148, -0.00267729628831, 0.00957899726927, -0.00359735847451, 0.00077342876466], [-4.27901198918e-07, 0.000117386764032, -0.000456405192381, 2.16304470086e-05, 4.54725013697e-05, -0.000401475612307, -0.0019989979919, -0.00017110875342, -0.00167236151174, 0.0016080547357, -0.00359735847451, 0.0132733136415, -0.00392579426989], [9.04350963538e-05, -6.82368481648e-05, -0.00058262393577, -0.000600469938945, -0.000636202399619, 0.000317897531204, 0.00082326104166, 0.000150518273585, -0.000919942569453, -0.000936134543736, 0.00077342876466, -0.00392579426989, 0.0124060874805]]}, "spectral_contrast_coeffs": {"dmean": [0.0448303483427, 0.0344254784286, 0.0285322945565, 0.0258012134582, 0.0244481842965, 0.0228462591767], "dmean2": [0.0745697915554, 0.0568497590721, 0.0447261855006, 0.0401258803904, 0.0354610979557, 0.0338423326612], "dvar": [0.00141811324283, 0.000960745499469, 0.000749417522456, 0.000557481253054, 0.000514021841809, 0.00048060840345], "dvar2": [0.00379350990988, 0.00247288960963, 0.00167072715703, 0.00123486632947, 0.00100827682763, 0.00102327589411], "max": [-0.290146827698, -0.404495716095, -0.418486952782, -0.536599576473, -0.573278188705, -0.574707984924], "mean": [-0.570439100266, -0.706693470478, -0.745104134083, -0.769282817841, -0.771734237671, -0.782332718372], "median": [-0.557710409164, -0.7045327425, -0.741758346558, -0.763773441315, -0.771123349667, -0.787001132965], "min": [-0.97985035181, -0.997223496437, -0.99636888504, -0.975801289082, -0.978124141693, -0.964945375919], "var": [0.0130795324221, 0.0063069681637, 0.00635420111939, 0.00488124648109, 0.0054551535286, 0.0050754416734]}, "spectral_contrast_valleys": {"dmean": [0.432969808578, 0.293501287699, 0.301027476788, 0.311609268188, 0.352069437504, 0.447445690632], "dmean2": [0.722693324089, 0.474142611027, 0.472710847855, 0.474864035845, 0.489409178495, 0.644218742847], "dvar": [0.231045454741, 0.201721131802, 0.197053968906, 0.204203978181, 0.251909226