{"lowlevel": {"average_loudness": 0.971498668194, "barkbands_crest": {"dmean": 2.07017374039, "dmean2": 3.32423591614, "dvar": 5.45589590073, "dvar2": 14.4077425003, "max": 21.9092216492, "mean": 8.63781261444, "median": 8.0732088089, "min": 2.57759284973, "var": 9.67244434357}, "barkbands_flatness_db": {"dmean": 0.0273614544421, "dmean2": 0.0393781363964, "dvar": 0.00117194687482, "dvar2": 0.00244987010956, "max": 0.494506448507, "mean": 0.160147115588, "median": 0.140709608793, "min": 0.0292799230665, "var": 0.00666272174567}, "barkbands_kurtosis": {"dmean": 2.3668794632, "dmean2": 3.87326550484, "dvar": 22.7769107819, "dvar2": 55.1598014832, "max": 86.0007553101, "mean": 3.33512187004, "median": 1.85447502136, "min": -1.78824317455, "var": 38.1722450256}, "barkbands_skewness": {"dmean": 0.480800300837, "dmean2": 0.75717830658, "dvar": 0.315490633249, "dvar2": 0.782575547695, "max": 7.27780866623, "mean": 1.37071335316, "median": 1.29879665375, "min": -2.15943741798, "var": 0.834399759769}, "barkbands_spread": {"dmean": 4.47039318085, "dmean2": 7.28477048874, "dvar": 30.9559841156, "dvar2": 80.6945571899, "max": 63.9302635193, "mean": 17.3640975952, "median": 16.9270191193, "min": 1.30326902866, "var": 76.4729919434}, "dissonance": {"dmean": 0.0219659805298, "dmean2": 0.0352814421058, "dvar": 0.000492635939736, "dvar2": 0.00111729267519, "max": 0.499983489513, "mean": 0.432954728603, "median": 0.439885348082, "min": 0.251917332411, "var": 0.00158770789858}, "dynamic_complexity": 2.68111658096, "erbbands_crest": {"dmean": 2.852445364, "dmean2": 4.47547674179, "dvar": 8.41149902344, "dvar2": 19.7106761932, "max": 30.0299797058, "mean": 10.4506940842, "median": 9.2518196106, "min": 3.02841353416, "var": 23.2541255951}, "erbbands_flatness_db": {"dmean": 0.0246595647186, "dmean2": 0.0344170406461, "dvar": 0.000689259613864, "dvar2": 0.00143853423651, "max": 0.450266838074, "mean": 0.188969776034, "median": 0.175969019532, "min": 0.0719638094306, "var": 0.00452321115881}, "erbbands_kurtosis": {"dmean": 1.08659994602, "dmean2": 1.76558804512, "dvar": 4.94692850113, "dvar2": 12.152759552, "max": 37.0406150818, "mean": 0.758659005165, "median": -0.00781607627869, "min": -1.73281168938, "var": 8.96255779266}, "erbbands_skewness": {"dmean": 0.408286571503, "dmean2": 0.635107517242, "dvar": 0.205169528723, "dvar2": 0.478890568018, "max": 4.99200820923, "mean": 0.531989216805, "median": 0.483953177929, "min": -2.42357707024, "var": 0.745491504669}, "erbbands_spread": {"dmean": 5.80443668365, "dmean2": 8.70442008972, "dvar": 34.7867774963, "dvar2": 81.3946914673, "max": 96.1325378418, "mean": 29.3838577271, "median": 29.7884063721, "min": 3.21780467033, "var": 117.888046265}, "hfc": {"dmean": 11.2262401581, "dmean2": 17.9335918427, "dvar": 457.041625977, "dvar2": 1221.01708984, "max": 153.800033569, "mean": 17.8443183899, "median": 10.742685318, "min": 1.21300306124e-16, "var": 447.667327881}, "melbands_crest": {"dmean": 2.65654802322, "dmean2": 4.37616968155, "dvar": 7.79312229156, "dvar2": 21.4448070526, "max": 28.5709056854, "mean": 11.4922580719, "median": 10.9182720184, "min": 1.77399420738, "var": 16.5286140442}, "melbands_flatness_db": {"dmean": 0.0302506200969, "dmean2": 0.0444466583431, "dvar": 0.00161803048104, "dvar2": 0.00368435145356, "max": 0.533791959286, "mean": 0.219391420484, "median": 0.208439841866, "min": 0.00462960219011, "var": 0.00630285404623}, "melbands_kurtosis": {"dmean": 3.71073770523, "dmean2": 5.8331413269, "dvar": 32.268661499, "dvar2": 80.7909240723, "max": 95.5015106201, "mean": 7.228972435, "median": 5.55449295044, "min": -1.68563759327, "var": 58.5321159363}, "melbands_skewness": {"dmean": 0.50518232584, "dmean2": 0.793211758137, "dvar": 0.309548646212, "dvar2": 0.792668104172, "max": 7.40549373627, "mean": 1.97090947628, "median": 1.94901752472, "min": -0.75365281105, "var": 0.738532364368}, "melbands_spread": {"dmean": 6.44791507721, "dmean2": 10.6162519455, "dvar": 82.6285552979, "dvar2": 218.246704102, "max": 150.492111206, "mean": 20.3635196686, "median": 17.7492084503, "min": 1.52497041225, "var": 191.150939941}, "pitch_salience": {"dmean": 0.0633587837219, "dmean2": 0.0986515879631, "dvar": 0.00425908807665, "dvar2": 0.0107602151111, "max": 0.902981042862, "mean": 0.592496871948, "median": 0.595398962498, "min": 0.279577791691, "var": 0.0100686689839}, "silence_rate_20dB": {"dmean": 0, "dmean2": 0, "dvar": 0, "dvar2": 0, "max": 1, "mean": 1, "median": 1, "min": 1, "var": 0}, "silence_rate_30dB": {"dmean": 0, "dmean2": 0, "dvar": 0, "dvar2": 0, "max": 1, "mean": 1, "median": 1, "min": 1, "var": 0}, "silence_rate_60dB": {"dmean": 0.00698324013501, "dmean2": 0.0139697324485, "dvar": 0.00693445233628, "dvar2": 0.0188964530826, "max": 1, "mean": 0.0335117541254, "median": 0, "min": 0, "var": 0.0323890447617}, "spectral_centroid": {"dmean": 249.223876953, "dmean2": 412.157287598, "dvar": 138290.078125, "dvar2": 331944.15625, "max": 10740.7470703, "mean": 1078.40563965, "median": 995.822265625, "min": 340.912261963, "var": 256310.296875}, "spectral_complexity": {"dmean": 4.22299814224, "dmean2": 6.36740398407, "dvar": 43.2543067932, "dvar2": 95.2767486572, "max": 52, "mean": 16.6162433624, "median": 15, "min": 0, "var": 84.5847167969}, "spectral_decrease": {"dmean": 1.91615079359e-09, "dmean2": 2.75429057339e-09, "dvar": 7.07384428494e-18, "dvar2": 1.57245578608e-17, "max": 7.0926958345e-19, "mean": -4.9670996205e-09, "median": -3.84319420732e-09, "min": -1.89776834247e-08, "var": 1.23505079946e-17}, "spectral_energy": {"dmean": 0.00805522687733, "dmean2": 0.0116133503616, "dvar": 0.000130121770781, "dvar2": 0.000292704586172, "max": 0.0842843130231, "mean": 0.020365530625, "median": 0.0155820120126, "min": 1.07433385931e-20, "var": 0.000220081492444}, "spectral_energyband_high": {"dmean": 0.000522558635566, "dmean2": 0.00088256521849, "dvar": 1.1372321751e-06, "dvar2": 3.09372694574e-06, "max": 0.00849407352507, "mean": 0.000499884074088, "median": 0.000103305414086, "min": 7.78852504485e-21, "var": 9.80180743682e-07}, "spectral_energyband_low": {"dmean": 0.00096990307793, "dmean2": 0.00162669003475, "dvar": 3.39314578923e-06, "dvar2": 8.9496761575e-06, "max": 0.0277166292071, "mean": 0.00231526838616, "median": 0.00217292248271, "min": 3.87971638172e-23, "var": 5.5836080719e-06}, "spectral_energyband_middle_high": {"dmean": 0.00321229198016, "dmean2": 0.00546403462067, "dvar": 4.24670724897e-05, "dvar2": 0.000116596165753, "max": 0.0441423915327, "mean": 0.00495184259489, "median": 0.00316302711144, "min": 1.67358883246e-21, "var": 3.79708217224e-05}, "spectral_energyband_middle_low": {"dmean": 0.00588036188856, "dmean2": 0.00858655013144, "dvar": 7.41008479963e-05, "dvar2": 0.000178051413968, "max": 0.0552791617811, "mean": 0.0129475500435, "median": 0.00918864645064, "min": 2.10290703094e-22, "var": 0.00010420432227}, "spectral_entropy": {"dmean": 0.270976066589, "dmean2": 0.37930727005, "dvar": 0.113890603185, "dvar2": 0.246075168252, "max": 9.79636764526, "mean": 7.0417175293, "median": 7.04532051086, "min": 4.87491083145, "var": 0.424970775843}, "spectral_flux": {"dmean": 0.0284448396415, "dmean2": 0.0403635986149, "dvar": 0.00134703505319, "dvar2": 0.00225188978948, "max": 0.252912789583, "mean": 0.063711039722, "median": 0.0414264798164, "min": 1.03650074634e-10, "var": 0.00289351749234}, "spectral_kurtosis": {"dmean": 3.80258321762, "dmean2": 6.30675077438, "dvar": 48.2027320862, "dvar2": 119.806678772, "max": 113.863601685, "mean": 9.62094593048, "median": 6.93280124664, "min": -1.21728146076, "var": 89.47631073}, "spectral_rms": {"dmean": 0.000789616839029, "dmean2": 0.00109892047476, "dvar": 1.04555738289e-06, "dvar2": 2.24478071686e-06, "max": 0.00906799826771, "mean": 0.00415729079396, "median": 0.00389896938577, "min": 3.23748449924e-12, "var": 2.58568934441e-06}, "spectral_rolloff": {"dmean": 404.755065918, "dmean2": 711.898193359, "dvar": 552343.875, "dvar2": 1267927.625, "max": 19229.1503906, "mean": 1428.29333496, "median": 1055.12695312, "min": 322.998046875, "var": 3322666}, "spectral_skewness": {"dmean": 0.345042705536, "dmean2": 0.575711250305, "dvar": 0.210721462965, "dvar2": 0.532066226006, "max": 8.71211719513, "mean": 2.20758628845, "median": 2.01319360733, "min": 0.0516900680959, "var": 0.530489742756}, "spectral_spread": {"dmean": 712952.8125, "dmean2": 1012129.5625, "dvar": 858368180224, "dvar2": 1555002032130.0, "max": 41065424, "mean": 3841060.75, "median": 3538936, "min": 676617.625, "var": 2411806064640.0}, "spectral_strongpeak": {"dmean": 0.6080904603, "dmean2": 1.01600956917, "dvar": 1.04924190044, "dvar2": 2.58244228363, "max": 9.13686752319, "mean": 1.1711165905, "median": 0.857747375965, "min": 0, "var": 1.48550307751}, "zerocrossingrate": {"dmean": 0.00884486921132, "dmean2": 0.0108389342204, "dvar": 0.000105326544144, "dvar2": 0.000136529575684, "max": 0.52734375, "mean": 0.0564676746726, "median": 0.05029296875, "min": 0.013671875, "var": 0.00211750366725}, "barkbands": {"dmean": [3.81066206501e-06, 0.000393749942305, 0.000606225396041, 0.000262300833128, 0.00191977678332, 0.00110621354543, 0.00316610815935, 0.000859481631778, 0.000268870091531, 0.000397701543989, 0.000391246401705, 0.000527922064066, 0.00045095331734, 0.00041512720054, 0.000386527273804, 0.00035830467823, 0.000398669886636, 0.000265136623057, 0.000407436717069, 0.000105581551907, 8.27818003017e-05, 7.82867791713e-05, 8.55135804159e-05, 8.60657237354e-05, 7.41665571695e-05, 7.05874263076e-05, 2.22945291171e-05], "dmean2": [6.6566640271e-06, 0.00065827666549, 0.00103196478449, 0.000414187001297, 0.00290581327863, 0.00186191557441, 0.00512101128697, 0.00113987841178, 0.000432834640378, 0.000646875123493, 0.000608396192547, 0.000918108562473, 0.000721422838978, 0.00068706687307, 0.000628528301604, 0.000623936473858, 0.000695978291333, 0.000471005914733, 0.000756370951422, 0.000185041644727, 0.000148651844938, 0.000137438619277, 0.000149724233779, 0.000136496688356, 0.000125549049699, 0.000122804427519, 3.88611915696e-05], "dvar": [6.77411460259e-11, 4.70926636353e-07, 1.66786185218e-06, 3.36393441103e-07, 9.31997783482e-06, 4.08608411817e-06, 3.70484958694e-05, 2.35214656641e-06, 2.76655470088e-07, 7.50942092509e-07, 3.94237389401e-07, 2.2120000267e-06, 7.48243564885e-07, 6.28886596132e-07, 7.15570081411e-07, 5.74451064494e-07, 6.25133282028e-07, 5.23237474681e-07, 2.16320859181e-06, 5.78831631515e-08, 4.77050292602e-08, 3.52853248842e-08, 4.82067363805e-08, 4.64921576793e-08, 2.48133229519e-08, 3.14827595105e-08, 3.06770808756e-09], "dvar2": [1.92561869228e-10, 1.30937667109e-06, 4.43156977781e-06, 8.41716484956e-07, 2.20628771785e-05, 1.17179006338e-05, 9.36499272939e-05, 5.26873145645e-06, 7.24651783912e-07, 2.06692016036e-06, 9.25352992454e-07, 6.00801422479e-06, 1.78013897312e-06, 1.60909587521e-06, 1.7369732177e-06, 1.52693075961e-06, 1.70040732428e-06, 1.46632544329e-06, 6.30377235211e-06, 1.5919931684e-07, 1.36454744393e-07, 9.96948230636e-08, 1.3115121078e-07, 1.11156481353e-07, 6.59748238263e-08, 8.86471838157e-08, 8.45138270478e-09], "max": [0.000121405435493, 0.00899538211524, 0.0200559645891, 0.00754532124847, 0.0306327529252, 0.0171245150268, 0.0441893786192, 0.0215319599956, 0.00607219291851, 0.0136090321466, 0.010814354755, 0.0237492900342, 0.013900982216, 0.00757000688463, 0.015193561092, 0.0106734167784, 0.0102618904784, 0.00649136863649, 0.013379377313, 0.00293241208419, 0.00183159159496, 0.00132603861857, 0.00322625879198, 0.00456410367042, 0.00211503216997, 0.00153038860299, 0.000515808584169], "mean": [3.55767133442e-06, 0.00128023209982, 0.000903036445379, 0.000418907322455, 0.00355410971679, 0.00284732761793, 0.00352283311076, 0.00179204659071, 0.000401725497795, 0.000641790218651, 0.000678979733493, 0.000493995845318, 0.000626344582997, 0.000503899645992, 0.0006379346014, 0.000441851007054, 0.00046335379011, 0.000269824493444, 0.000326463661622, 0.000111026165541, 7.20766038285e-05, 6.97595023667e-05, 7.24154378986e-05, 8.72839736985e-05, 6.76593845128e-05, 5.91471180087e-05, 1.79200542334e-05], "median": [1.02992657958e-06, 0.00123485771473, 0.000495307031088, 0.000197550631128, 0.00244382908568, 0.00187565071974, 0.000943489314523, 0.00120280357078, 0.000183879892575, 0.000349371752236, 0.000306018977426, 7.37402588129e-05, 0.00019383590552, 0.000135975307785, 8.73701574164e-05, 9.36196229304e-05, 0.000208455239772, 9.70545297605e-05, 8.81781015778e-05, 3.51068629243e-05, 1.8129547243e-05, 1.44101068145e-05, 1.05458830149e-05, 1.05506042019e-05, 7.02592433299e-06, 3.86537840313e-06, 9.30035128022e-07], "min": [8.82473648337e-25, 1.56871964534e-23, 1.29916263969e-23, 1.90861235704e-23, 1.22409700253e-23, 5.78553049135e-23, 2.5313891694e-23, 6.0181598925e-23, 2.3053865154e-23, 1.2238889168e-22, 4.18713168995e-23, 7.97529603045e-23, 6.5362420832e-23, 1.62166426587e-22, 2.40240432139e-22, 1.79856386262e-22, 1.81619660779e-22, 2.46028197315e-22, 2.58470464922e-22, 2.77702136485e-22, 4.02374774175e-22, 6.04745414755e-22, 5.9663592465e-22, 7.00379994172e-22, 1.11876349504e-21, 1.92473033781e-21, 2.45162439511e-21], "var": [5.19934095777e-11, 1.29924274006e-06, 1.91530079974e-06, 4.1520678451e-07, 1.17623430924e-05, 6.22167590336e-06, 3.79093580705e-05, 4.27506893175e-06, 3.55880757752e-07, 9.06973639303e-07, 8.82142444425e-07, 1.90424066204e-06, 1.35130574108e-06, 8.07667333902e-07, 2.23274969358e-06, 9.93343405753e-07, 6.10148902069e-07, 3.68076428003e-07, 1.22072981412e-06, 4.9461391427e-08, 3.09598640058e-08, 2.51375098514e-08, 3.76108211242e-08, 5.46375495958e-08, 2.31213572732e-08, 2.34794317322e-08, 2.30870833562e-09]}, "erbbands": {"dmean": [0.00358211551793, 0.119866810739, 0.686809897423, 0.624858319759, 1.95108520985, 6.00235748291, 14.7432889938, 9.01671695709, 36.9282302856, 39.5305786133, 9.3891620636, 6.30863714218, 13.767698288, 9.31068992615, 20.3583869934, 20.4864559174, 22.4555149078, 23.3724060059, 14.9572620392, 24.8258228302, 16.0676116943, 21.4690570831, 16.5638790131, 25.3833522797, 10.579413414, 5.21387434006, 3.28219294548, 3.46894025803, 2.91646718979, 2.36939620972, 2.48351478577, 2.29905986786, 0.995983958244, 0.574157416821, 0.700989544392, 0.377514362335, 0.112276419997, 0.0286058783531, 0.00364451529458, 0.000226080563152], "dmean2": [0.00625145994127, 0.200568765402, 1.16597080231, 0.997226178646, 3.07245445251, 9.03549671173, 23.6048297882, 14.6859722137, 57.4010658264, 63.4157752991, 13.1910448074, 9.65436935425, 22.5485095978, 15.6005945206, 33.0679473877, 34.5824813843, 35.8687858582, 39.1551895142, 24.8414440155, 41.0895614624, 27.9800662994, 37.5866889954, 29.3357448578, 47.0729675293, 19.1173686981, 9.05382728577, 5.79784870148, 6.26459693909, 5.18006801605, 4.11010837555, 4.35539960861, 3.79404783249, 1.53588056564, 0.929359316826, 1.21024489403, 0.657538831234, 0.194792345166, 0.050290569663, 0.00633796863258, 0.000390611530747], "dvar": [3.4716045775e-05, 0.0444665104151, 1.87657344341, 1.99305021763, 19.1954517365, 93.2868041992, 705.40222168, 242.287124634, 4846.19482422, 4810.13964844, 227.092102051, 125.029937744, 1097.86486816, 406.982696533, 1451.67895508, 2837.45263672, 1899.01940918, 2075.14233398, 1330.51074219, 2643.01489258, 1167.84716797, 2086.50585938, 1634.28588867, 8756.33203125, 850.924682617, 138.681121826, 63.5022392273, 79.9462432861, 54.6559753418, 29.6727371216, 42.699596405, 37.831653595, 6.11045122147, 1.27482688427, 2.85816287994, 0.920219659805, 0.0636638328433, 0.00573262339458, 7.5860240031e-05, 4.02240857511e-07], "dvar2": [9.81718039839e-05, 0.12242474407, 4.98121404648, 5.14939212799, 47.3745689392, 220.181732178, 2021.37670898, 674.887573242, 11813.515625, 12924.5517578, 537.985046387, 299.482818604, 3059.77539062, 1125.09680176, 3892.32324219, 7464.80761719, 4631.98583984, 5389.73876953, 3408.42675781, 6434.1484375, 3230.95849609, 5775.23046875, 4518.91552734, 25507.1308594, 2435.09423828, 379.806091309, 180.107345581, 227.77192688, 155.495529175, 82.6682891846, 115.622840881, 96.4195175171, 13.4085817337, 3.12525725365, 7.69311952591, 2.57395291328, 0.173693060875, 0.0164010263979, 0.000206382290344, 1.09308541596e-06], "max": [0.0732305794954, 2.61455726624, 20.0755023956, 20.641418457, 55.2290611267, 100.525512695, 220.644699097, 135.443862915, 509.896789551, 521.479064941, 195.999145508, 168.275695801, 548.975952148, 221.303787231, 499.920623779, 1103.80249023, 640.569519043, 412.798797607, 966.093811035, 872.182067871, 290.306732178, 422.268951416, 362.796264648, 862.000488281, 229.52130127, 140.868759155, 73.5587387085, 65.0692825317, 46.6228981018, 43.0218276978, 103.590385437, 147.741760254, 74.3536987305, 14.5781574249, 28.2272357941, 8.09324932098, 3.49708485603, 0.669902741909, 0.0820559114218, 0.00951671879739], "mean": [0.0122057963163, 0.367258906364, 1.2158831358, 0.998373925686, 2.92139935493, 11.5935945511, 29.2998924255, 22.2548542023, 47.5009422302, 56.0464553833, 19.2468299866, 11.3293027878, 21.5436630249, 14.2468280792, 30.7159500122, 23.3304367065, 31.4494667053, 29.0190792084, 19.9416446686, 42.7425880432, 19.983745575, 23.5652923584, 18.8035202026, 20.7020950317, 9.3673658371, 5.70254850388, 3.25469207764, 2.89288115501, 2.47304797173, 2.09985399246, 2.10110616684, 2.19671034813, 1.0673623085, 0.580098509789, 0.606657981873, 0.309794574976, 0.0956327095628, 0.022961596027, 0.00297837750986, 0.0001944724645], "median": [0.0120177809149, 0.341708302498, 0.80645108223, 0.560492098331, 1.36412012577, 7.95712995529, 16.0592708588, 18.4412918091, 15.7917318344, 29.941860199, 12.8951368332, 5.94045734406, 9.286901474, 8.10935020447, 14.2550373077, 5.24670171738, 10.46002388, 9.11986732483, 6.08074331284, 6.00780010223, 6.65636205673, 10.3872261047, 8.46094322205, 5.80742120743, 2.67638874054, 1.92542982101, 1.0516872406, 0.658405661583, 0.464069187641, 0.354523807764, 0.305894345045, 0.298056393862, 0.127618417144, 0.0764378011227, 0.0516926273704, 0.0217264238745, 0.00527989678085, 0.00113597046584, 0.000153670247528, 2.86351878458e-05], "min": [1.23401826948e-22, 4.32924643353e-21, 1.06232754275e-20, 5.0226439106e-20, 5.91933095906e-20, 3.95473047534e-20, 1.02709149042e-19, 6.78086890609e-19, 4.6493630203e-19, 3.23309978915e-19, 1.64037835724e-18, 6.02982871796e-19, 2.29714177243e-18, 3.39743819129e-18, 1.72264684583e-18, 3.49484056958e-18, 2.98565010478e-18, 7.54011855161e-18, 1.33435490733e-17, 8.60059056669e-18, 9.90762113412e-18, 1.12409345383e-17, 1.48182342616e-17, 1.10149016457e-17, 1.28318319853e-17, 1.46901072935e-17, 1.41408825278e-17, 1.68099015426e-17, 2.02670714799e-17, 2.22661800776e-17, 1.47060602988e-17, 1.39336059555e-17, 1.22609168896e-17, 1.29367267588e-17, 8.26539382142e-18, 6.51523019213e-18, 3.67585457097e-18, 1.20741424024e-18, 3.49357172622e-19, 3.87828703139e-20], "var": [0.00012056826381, 0.114598408341, 2.58904504776, 2.11397743225, 21.9972991943, 125.024307251, 959.253845215, 248.291137695, 6103.02001953, 4430.81103516, 374.054016113, 222.142608643, 1289.89123535, 364.164611816, 1986.80615234, 3137.29370117, 3220.02905273, 2522.34228516, 2358.70507812, 9112.31347656, 1274.50939941, 1720.27905273, 1280.6295166, 4967.62109375, 543.505371094, 124.197319031, 45.2005577087, 52.2525024414, 37.0927696228, 22.3646907806, 33.5129089355, 37.2811584473, 8.41297721863, 1.44383430481, 2.57686829567, 0.678565561771, 0.0555841587484, 0.00396174611524, 5.9793197579e-05, 2.96430073377e-07]}, "gfcc": {"mean": [-41.4727401733, 95.4507904053, -124.783935547, 0.0845994502306, -61.5611991882, -12.8265218735, -49.8212471008, 1.5227227211, -22.4193592072, 0.143753677607, -5.9842672348, 6.21703290939, -8.81581306458], "cov": [[26984.3984375, 177.242965698, 1292.66088867, 1457.47741699, -136.946563721, 522.541137695, -798.863342285, 441.531341553, -474.895385742, 416.675170898, -105.932403564, 134.586807251, -1009.00305176], [177.242965698, 2079.30761719, -254.829788208, 240.104919434, -12.9869289398, -297.192230225, 110.664787292, -98.2172241211, 103.959312439, -187.757019043, 169.971405029, -93.5502624512, 110.528900146], [1292.66088867, -254.829788208, 951.520935059, 453.062286377, 386.280487061, 435.716156006, 157.346679688, 280.736358643, 39.2209129333, 147.920928955, -19.524307251, 12.7177972794, -194.252365112], [1457.47741699, 240.104919434, 453.062286377, 627.452087402, 332.884796143, 350.100372314, 158.651473999, 193.908248901, 58.0786972046, 67.8491973877, 7.12342357635, -25.0535068512, -116.436393738], [-136.946563721, -12.9869289398, 386.280487061, 332.884796143, 469.001281738, 370.111846924, 205.868011475, 169.55506897, 66.7696990967, 105.203674316, -25.9802150726, -29.833612442, -49.065372467], [522.541137695, -297.192230225, 435.716156006, 350.100372314, 370.111846924, 535.006835938, 193.180267334, 210.065460205, 34.4823036194, 119.23513031, -30.9230537415, 17.6303882599, -136.447601318], [-798.863342285, 110.664787292, 157.346679688, 158.651473999, 205.868011475, 193.180267334, 249.052810669, 79.8293685913, 59.872833252, 11.9284391403, 19.071844101, 21.2852706909, -26.1081733704], [441.531341553, -98.2172241211, 280.736358643, 193.908248901, 169.55506897, 210.065460205, 79.8293685913, 168.707794189, 33.0944633484, 64.9625778198, -5.0170006752, 4.05602073669, -63.4686279297], [-474.895385742, 103.959312439, 39.2209129333, 58.0786972046, 66.7696990967, 34.4823036194, 59.872833252, 33.0944633484, 95.8581161499, 18.2948036194, 18.2376346588, -10.7579393387, 17.3980121613], [416.675170898, -187.757019043, 147.920928955, 67.8491973877, 105.203674316, 119.23513031, 11.9284391403, 64.9625778198, 18.2948036194, 115.525718689, -15.4568586349, 5.98810386658, -42.4673957825], [-105.932403564, 169.971405029, -19.524307251, 7.12342357635, -25.9802150726, -30.9230537415, 19.071844101, -5.0170006752, 18.2376346588, -15.4568586349, 87.6552352905, 13.4753751755, -21.6470584869], [134.586807251, -93.5502624512, 12.7177972794, -25.0535068512, -29.833612442, 17.6303882599, 21.2852706909, 4.05602073669, -10.7579393387, 5.98810386658, 13.4753751755, 89.5927200317, -28.1929855347], [-1009.00305176, 110.528900146, -194.252365112, -116.436393738, -49.065372467, -136.447601318, -26.1081733704, -63.4686279297, 17.3980121613, -42.4673957825, -21.6470584869, -28.1929855347, 225.941665649]], "icov": [[8.90262163011e-05, -0.000101528319647, -1.33728235596e-05, -0.000245240138611, 0.000162685624673, -5.28720811417e-05, 0.000396812916733, -0.000121294382552, 0.000358241610229, -0.000323068641592, 0.000217551772948, -0.000226755015319, 0.000228777964367], [-0.000101528319647, 0.00118245638441, 0.000248162046773, -0.000668900145683, -0.000618026650045, 0.00114205945283, -0.00094147969503, 0.000386678730138, -0.000782862072811, 0.00135369622149, -0.00168061954901, 0.000901327177417, -0.000341717415722], [-1.33728235596e-05, 0.000248162046773, 0.00268341135234, -0.000781041570008, -0.000957926269621, 0.0004797160218, -5.52616838831e-05, -0.00253562466241, 0.000304385175696, -0.000389511027606, 6.04162523814e-05, -0.000248541182373, 0.000964577426203], [-0.000245240138611, -0.000668900145683, -0.000781041570008, 0.00496706226841, -0.00122799084056, -0.00161780486815, -0.000388974760426, -0.00104718480725, -0.00128348811995, 0.00144139840268, -0.000113247857371, 0.000991990789771, 2.0157711333e-05], [0.000162685624673, -0.000618026650045, -0.000957926269621, -0.00122799084056, 0.0087518831715, -0.00326068745926, -0.00295229372568, -7.23213588572e-06, 0.000579859130085, -0.00438216561452, 0.00173782219645, 0.0028902112972, -0.00118049886078], [-5.28720811417e-05, 0.00114205945283, 0.0004797160218, -0.00161780486815, -0.00326068745926, 0.00816541910172, -0.00260296091437, -0.00315657863393, 0.000981076387689, -0.000499634246808, 0.000458032882307, -0.000587579794228, 0.00162060069852], [0.000396812916733, -0.00094147969503, -5.52616838831e-05, -0.000388974760426, -0.00295229372568, -0.00260296091437, 0.0114743504673, -0.000410250155255, -0.00202911486849, 0.0027018529363, -7.71213162807e-05, -0.00494968052953, 0.00102133129258], [-0.000121294382552, 0.000386678730138, -0.00253562466241, -0.00104718480725, -7.23213588572e-06, -0.00315657863393, -0.000410250155255, 0.016748148948, -0.00311396969482, -0.00114794319961, -0.00122646382079, 0.000258477200987, -0.000762292940635], [0.000358241610229, -0.000782862072811, 0.000304385175696, -0.00128348811995, 0.000579859130085, 0.000981076387689, -0.00202911486849, -0.00311396969482, 0.0170217119157, -0.00523084262386, -0.00202756561339, 0.00120329193305, -0.00114574446343], [-0.000323068641592, 0.00135369622149, -0.000389511027606, 0.00144139840268, -0.00438216561452, -0.000499634246808, 0.0027018529363, -0.00114794319961, -0.00523084262386, 0.0175018701702, -0.000878387247212, -0.0010987870628, 0.000510468496941], [0.000217551772948, -0.00168061954901, 6.04162523814e-05, -0.000113247857371, 0.00173782219645, 0.000458032882307, -7.71213162807e-05, -0.00122646382079, -0.00202756561339, -0.000878387247212, 0.0171661134809, -0.00328338774852, 0.00331380357966], [-0.000226755015319, 0.000901327177417, -0.000248541182373, 0.000991990789771, 0.0028902112972, -0.000587579794228, -0.00494968052953, 0.000258477200987, 0.00120329193305, -0.0010987870628, -0.00328338774852, 0.0156983211637, -3.74974042643e-05], [0.000228777964367, -0.000341717415722, 0.000964577426203, 2.0157711333e-05, -0.00118049886078, 0.00162060069852, 0.00102133129258, -0.000762292940635, -0.00114574446343, 0.000510468496941, 0.00331380357966, -3.74974042643e-05, 0.00757763534784]]}, "melbands": {"dmean": [6.65791885694e-05, 0.000286658236291, 0.000149566374603, 0.000209840902244, 0.000517897424288, 0.000205154166906, 0.000611374562141, 0.000384410785045, 5.81957356189e-05, 4.15464710386e-05, 6.86554631102e-05, 3.62400060112e-05, 6.05480745435e-05, 6.48802597425e-05, 4.8635974963e-05, 4.58142676507e-05, 4.48905884696e-05, 2.32597394643e-05, 2.56878010987e-05, 3.59354271495e-05, 1.57091726578e-05, 2.1866764655e-05, 2.19951216422e-05, 1.16009023259e-05, 2.32937054534e-05, 1.08998428914e-05, 3.90473633161e-06, 3.39426833307e-06, 2.05213086701e-06, 2.19961566472e-06, 1.96838573174e-06, 1.7148245206e-06, 1.38621737733e-06, 1.34699166665e-06, 1.47285550156e-06, 1.40669794746e-06, 1.49901177338e-06, 7.66900427607e-07, 4.79661139252e-07, 4.9413739589e-07], "dmean2": [0.000112450456072, 0.000484275311464, 0.000232841717661, 0.000306025554892, 0.000813685241155, 0.000341426348314, 0.000963665777817, 0.000602648651693, 8.21137073217e-05, 6.53751048958e-05, 0.000112744564831, 6.14563105046e-05, 9.43372215261e-05, 0.000111458313768, 7.92583814473e-05, 7.62420895626e-05, 7.44046701584e-05, 3.85890016332e-05, 4.18999879912e-05, 6.04321285209e-05, 2.77619492408e-05, 3.83463957405e-05, 3.83998813049e-05, 2.08231576835e-05, 4.33796885773e-05, 2.01045659196e-05, 6.80761695548e-06, 5.93530148763e-06, 3.60814237865e-06, 4.00016597268e-06, 3.53474047188e-06, 3.06863807964e-06, 2.42175065068e-06, 2.35527022596e-06, 2.62007483798e-06, 2.43284557655e-06, 2.44454076892e-06, 1.1659426491e-06, 7.65217578191e-07, 8.03435966645e-07], "dvar": [1.27037074193e-08, 2.99559530959e-07, 1.02684012404e-07, 1.19384566233e-07, 7.89483522112e-07, 1.31755427901e-07, 1.34815161346e-06, 4.29525215395e-07, 8.6880875827e-09, 5.96102633921e-09, 2.7701974048e-08, 6.79592959685e-09, 1.03519166572e-08, 2.91347230785e-08, 1.04764144027e-08, 9.08279140788e-09, 7.49751816187e-09, 3.19624304801e-09, 2.92516610934e-09, 4.86304196912e-09, 1.33953237391e-09, 2.22128138105e-09, 2.03840833102e-09, 1.07108610869e-09, 7.70314478871e-09, 1.33803712554e-09, 7.89066728624e-11, 6.57952164973e-11, 2.20538760864e-11, 3.93890510486e-11, 2.39688442705e-11, 1.91439832736e-11, 1.1394279617e-11, 1.09107887655e-11, 1.52734613151e-11, 1.33596094257e-11, 2.23943953659e-11, 3.43522909771e-12, 1.97413244606e-12, 1.09841899031e-12], "dvar2": [3.53714284529e-08, 7.96651079327e-07, 2.55957900208e-07, 2.77656965864e-07, 2.16949456444e-06, 3.68128155515e-07, 3.32767967848e-06, 1.13993382911e-06, 2.03644834329e-08, 1.51315653341e-08, 7.72690498252e-08, 1.88690041369e-08, 2.55534278182e-08, 7.86058365065e-08, 2.73552664964e-08, 2.2777568276e-08, 1.88872313345e-08, 8.17904055594e-09, 7.19444326336e-09, 1.22704157945e-08, 3.76149777992e-09, 6.20642204296e-09, 5.42011013849e-09, 3.04053715539e-09, 2.24736194099e-08, 3.87890342068e-09, 2.20921267391e-10, 1.79491713159e-10, 6.18050263745e-11, 1.13259290835e-10, 6.7860828068e-11, 5.45436890098e-11, 3.21864132569e-11, 3.04242048221e-11, 4.24007426392e-11, 3.49798037758e-11, 5.38140816631e-11, 7.13554302451e-12, 4.42748658916e-12, 2.77526807958e-12], "max": [0.00149361137301, 0.00768397375941, 0.00373260816559, 0.00427917251363, 0.00678160553798, 0.00305780814961, 0.0085319923237, 0.00586834130809, 0.00118337559979, 0.00103863573167, 0.00274684187025, 0.000916043471079, 0.001571577508, 0.00271293381229, 0.00160411419347, 0.00182128464803, 0.000935848220252, 0.00150962267071, 0.00078527542064, 0.00106678053271, 0.000294719968224, 0.000359949423, 0.000669952481985, 0.000295067031402, 0.000817350053694, 0.000298305443721, 8.9253509941e-05, 0.00011568969785, 4.87597499159e-05, 5.93433032918e-05, 3.84438608307e-05, 3.08119851979e-05, 2.40990539169e-05, 3.31622286467e-05, 5.16387808602e-05, 6.13229203736e-05, 0.000146383026731, 4.00439566874e-05, 5.09415913257e-05, 1.6825275452e-05], "mean": [0.000230482648476, 0.000613244250417, 0.000245299510425, 0.000400562392315, 0.00101429072674, 0.000500763009768, 0.0007406360819, 0.000596090278123, 0.000120449003589, 6.87453066348e-05, 0.000105358289147, 5.12480437465e-05, 0.000102050573332, 6.73546237522e-05, 6.34225943941e-05, 5.65435184399e-05, 5.57855819352e-05, 2.90475127258e-05, 4.01869438065e-05, 5.77410282858e-05, 1.66504760273e-05, 2.32564671023e-05, 2.55896466115e-05, 1.19741725939e-05, 1.82322801265e-05, 8.41335713631e-06, 4.03519288739e-06, 3.66818471775e-06, 2.12004852074e-06, 1.83420218036e-06, 1.62379205904e-06, 1.42461726682e-06, 1.2218001757e-06, 1.15567263492e-06, 1.18306400054e-06, 1.27214991608e-06, 1.45208275626e-06, 8.30611384117e-07, 4.84494876218e-07, 4.81362860683e-07], "median": [0.000251971185207, 0.000495109939948, 0.000136128262966, 0.000278564402834, 0.000688509840984, 0.000407548010116, 0.00022218664526, 0.000345547159668, 7.75742955739e-05, 3.33627467626e-05, 4.34280009358e-05, 2.69264855888e-05, 4.52696731372e-05, 1.62358046509e-05, 1.75528784894e-05, 1.81452724064e-05, 1.52319016706e-05, 7.69403959566e-06, 5.32745934834e-06, 9.16707813303e-06, 5.61887463846e-06, 9.98508767225e-06, 1.04351847767e-05, 4.61296804133e-06, 4.50296056442e-06, 1.74788897311e-06, 1.43664874486e-06, 1.11096903765e-06, 6.51539210139e-07, 4.52915372762e-07, 3.27255577304e-07, 2.63494172259e-07, 2.13055017184e-07, 1.76217639591e-07, 1.44088772913e-07, 1.91121500848e-07, 1.5667392006e-07, 9.31982171437e-08, 5.76845913258e-08, 5.95345248655e-08], "min": [2.7569880055e-24, 6.72886203696e-24, 9.34445500824e-24, 3.08077438633e-24, 3.51497486705e-24, 1.44241828124e-23, 6.15920822236e-24, 4.74637332946e-24, 1.31817970953e-23, 2.88957284392e-24, 1.27356055344e-23, 1.54930025643e-23, 5.42417405771e-24, 9.62399654747e-24, 5.3276782252e-24, 7.3550984777e-24, 1.44751116725e-23, 2.11012687527e-23, 1.52965651549e-23, 1.22913490493e-23, 1.04460479864e-23, 9.51437328064e-24, 1.76630326968e-23, 9.15418412448e-24, 8.91367147853e-24, 8.93098381996e-24, 8.96757276647e-24, 9.92172369716e-24, 8.06568465961e-24, 1.04157281175e-23, 9.38010284369e-24, 9.59275292246e-24, 1.48282184354e-23, 1.19555940709e-23, 8.39017154892e-24, 8.40595350018e-24, 8.83827294207e-24, 8.65463006764e-24, 8.7739160917e-24, 1.19705887389e-23], "var": [3.68431258835e-08, 4.82115183331e-07, 1.21228296734e-07, 1.7871590785e-07, 9.21382991237e-07, 1.39145328149e-07, 1.56955638886e-06, 4.45261292725e-07, 1.54881156789e-08, 8.86840467729e-09, 3.19744266619e-08, 5.7428661826e-09, 2.00896028701e-08, 2.67653348374e-08, 1.43341525316e-08, 1.18026104445e-08, 1.05273869622e-08, 5.60878632427e-09, 8.4547444601e-09, 1.39277958056e-08, 1.03250785699e-09, 1.70094494045e-09, 2.19296003579e-09, 7.36185001848e-10, 4.32708180398e-09, 7.77357234139e-10, 6.1883935476e-11, 6.0082439024e-11, 1.76682331959e-11, 2.44109472219e-11, 1.63526137076e-11, 1.27959118995e-11, 8.15742612348e-12, 7.96129395048e-12, 1.09457226269e-11, 1.17200528796e-11, 2.5067562609e-11, 5.26960679953e-12, 2.51531347834e-12, 1.14308226513e-12]}, "mfcc": {"mean": [-680.237060547, 137.237091064, -13.6879043579, 8.04867267609, -3.70316076279, -17.1763000488, -16.3945827484, -7.00526189804, -15.8855018616, -8.74914360046, -5.5363702774, 4.21180677414, -0.322083592415], "cov": [[11979.0244141, 144.435195923, 678.000915527, 685.486816406, 905.306274414, 800.975158691, 457.271697998, 457.509765625, 127.330322266, 377.943572998, 414.886657715, 158.949951172, 52.0889282227], [144.435195923, 1450.49389648, 13.9586763382, 238.702651978, 37.0205993652, -87.3860702515, 1.04659152031, 31.051738739, 9.19418334961, -38.7046356201, 4.82759666443, 77.9637985229, 9.98557090759], [678.000915527, 13.9586763382, 569.399780273, 285.773284912, 366.797821045, 268.889160156, 282.877075195, 224.733261108, 154.613998413, 155.863586426, 204.593429565, 83.0572509766, 5.3996014595], [685.486816406, 238.702651978, 285.773284912, 443.281799316, 331.902801514, 291.454742432, 252.818145752, 210.49760437, 168.970108032, 157.62828064, 144.696990967, 81.9691238403, 27.8858146667], [905.306274414, 37.0205993652, 366.797821045, 331.902801514, 497.120056152, 366.527526855, 320.647796631, 219.800292969, 197.667922974, 228.963195801, 179.551864624, 56.1533699036, 19.0658607483], [800.975158691, -87.3860702515, 268.889160156, 291.454742432, 366.527526855, 479.562988281, 322.117126465, 260.374694824, 181.716583252, 174.939758301, 196.229721069, 92.1971740723, 17.3433971405], [457.271697998, 1.04659152031, 282.877075195, 252.818145752, 320.647796631, 322.117126465, 343.429290771, 224.072814941, 157.870376587, 146.483474731, 154.466629028, 69.4147949219, 7.97436189651], [457.509765625, 31.051738739, 224.733261108, 210.49760437, 219.800292969, 260.374694824, 224.072814941, 262.090484619, 99.2766799927, 97.852432251, 170.439865112, 80.0261306763, -30.8359413147], [127.330322266, 9.19418334961, 154.613998413, 168.970108032, 197.667922974, 181.716583252, 157.870376587, 99.2766799927, 198.966674805, 105.967559814, 17.0052223206, 12.3391809464, 75.6909637451], [377.943572998, -38.7046356201, 155.863586426, 157.62828064, 228.963195801, 174.939758301, 146.483474731, 97.852432251, 105.967559814, 213.47203064, 77.3776855469, -8.73474788666, -5.22737216949], [414.886657715, 4.82759666443, 204.593429565, 144.696990967, 179.551864624, 196.229721069, 154.466629028, 170.439865112, 17.0052223206, 77.3776855469, 261.307128906, 81.7311630249, -87.8348388672], [158.949951172, 77.9637985229, 83.0572509766, 81.9691238403, 56.1533699036, 92.1971740723, 69.4147949219, 80.0261306763, 12.3391809464, -8.73474788666, 81.7311630249, 146.181137085, 9.11927509308], [52.0889282227, 9.98557090759, 5.3996014595, 27.8858146667, 19.0658607483, 17.3433971405, 7.97436189651, -30.8359413147, 75.6909637451, -5.22737216949, -87.8348388672, 9.11927509308, 185.747314453]], "icov": [[0.000109874716145, -8.93720061867e-06, -4.48673745268e-05, -6.03202424827e-05, -0.000233983795624, -0.00019071441784, 0.000190858467249, -8.28632182674e-05, 0.000348450354068, -5.31087437139e-07, 6.1560262111e-05, 5.28573582415e-05, -0.000115588612971], [-8.93720061867e-06, 0.000965400540736, 0.000318924721796, -0.00104579271283, -0.000319375656545, 0.000978824449703, -2.89847175736e-05, -0.000189449754544, -6.58362696413e-05, 0.000390678818803, 6.79212189425e-06, -0.000456595764263, 7.29717867216e-05], [-4.48673745268e-05, 0.000318924721796, 0.00442909495905, -0.000529987446498, -0.0021958691068, 0.00225264113396, -0.0012199843768, -0.00100246176589, -0.00114870222751, 0.000351053662598, -0.0019759349525, -0.000530706427526, -0.000583072425798], [-6.03202424827e-05, -0.00104579271283, -0.000529987446498, 0.00671952823177, -0.00141336885281, -0.00081298162695, -7.35292405807e-06, -0.00143082917202, -0.00162061827723, -0.00101348431781, -0.000107028943603, -0.000845290021971, -0.00031371897785], [-0.000233983795624, -0.000319375656545, -0.0021958691068, -0.00141336885281, 0.0108451256528, -0.00236331112683, -0.00318587711081, 0.0023705305066, -0.00193527771626, -0.00412985077128, -0.00131033977959, 0.000652711372823, 1.73082698893e-05], [-0.00019071441784, 0.000978824449703, 0.00225264113396, -0.00081298162695, -0.00236331112683, 0.0101099861786, -0.00337883573957, -0.00295505928807, -0.0028180766385, -0.00035573792411, -0.00260409200564, -0.00165003794245, -0.00100153870881], [0.000190858467249, -2.89847175736e-05, -0.0012199843768, -7.35292405807e-06, -0.00318587711081, -0.00337883573957, 0.0125789344311, -0.00404380215332, -0.00117332779337, 0.000276017410215, 0.000731749634724, -0.000209011253901, 0.000257937179413], [-8.28632182674e-05, -0.000189449754544, -0.00100246176589, -0.00143082917202, 0.0023705305066, -0.00295505928807, -0.00404380215332, 0.0135498484597, -0.0017925434513, 0.000332537485519, -0.00303077953868, -0.00124671519734, 0.00210082787089], [0.000348450354068, -6.58362696413e-05, -0.00114870222751, -0.00162061827723, -0.00193527771626, -0.0028180766385, -0.00117332779337, -0.0017925434513, 0.0154139082879, -0.0017585309688, 0.00413837935776, 0.00181054254062, -0.00406545121223], [-5.31087437139e-07, 0.000390678818803, 0.000351053662598, -0.00101348431781, -0.00412985077128, -0.00035573792411, 0.000276017410215, 0.000332537485519, -0.0017585309688, 0.0108118597418, -0.000474295578897, 0.00263799540699, 0.00128863740247], [6.1560262111e-05, 6.79212189425e-06, -0.0019759349525, -0.000107028943603, -0.00131033977959, -0.00260409200564, 0.000731749634724, -0.00303077953868, 0.00413837935776, -0.000474295578897, 0.0117218354717, -0.00260325241834, 0.00386999850161], [5.28573582415e-05, -0.000456595764263, -0.000530706427526, -0.000845290021971, 0.000652711372823, -0.00165003794245, -0.000209011253901, -0.00124671519734, 0.00181054254062, 0.00263799540699, -0.00260325241834, 0.0109836738557, -0.00239267083816], [-0.000115588612971, 7.29717867216e-05, -0.000583072425798, -0.00031371897785, 1.73082698893e-05, -0.00100153870881, 0.000257937179413, 0.00210082787089, -0.00406545121223, 0.00128863740247, 0.00386999850161, -0.00239267083816, 0.00954601913691]]}, "spectral_contrast_coeffs": {"dmean": [0.0453909598291, 0.045335624367, 0.0453765578568, 0.0378581471741, 0.0352624319494, 0.0249112322927], "dmean2": [0.0741471722722, 0.0730566084385, 0.0696924626827, 0.0575400441885, 0.0579237826169, 0.0396927110851], "dvar": [0.00208404310979, 0.00238422094844, 0.00204799417406, 0.00128055829555, 0.00140779174399, 0.000594340264797], "dvar2": [0.00541510758922, 0.00636577699333, 0.00425118813291, 0.00243926234543, 0.00355519610457, 0.00148882286157], "max": [-0.230488598347, -0.453995645046, -0.499475747347, -0.474651694298, -0.571016252041, -0.616604745388], "mean": [-0.553429722786, -0.629713475704, -0.706609070301, -0.738269209862, -0.731876850128, -0.768412172794], "median": [-0.567077815533, -0.612347602844, -0.693667411804, -0.74698984623, -0.731402397156, -0.762232303619], "min": [-0.963898301125, -0.959186434746, -0.95621329546, -0.964664399624, -0.961615383625, -0.960757315159], "var": [0.0127562033013, 0.00626157410443, 0.00652836356312, 0.00663887150586, 0.00410807412118, 0.00179049151484]}, "spectral_contrast_valleys": {"dmean": [0.461828202009, 0.455322504044, 0.53731828928, 0.511467695236, 0.553126752377, 0.673106849194], "dmean2": [0.704608559608, 0.63446611166, 0.778120040894, 0.696918666363, 0.708145439625, 0.780598700047], "dvar": [0.280585885048, 0.315399378538, 0.433487802744, 0.428560465574, 0.493763685226, 0.535621583462], "dvar2": [0.534679591656, 0.523481786251, 0.739276349545, 0.739181101322, 0.903541088104, 0.949302792549], "max": [-6.00564718246, -4.90174388885, -5.12429571152, -5.30