{"lowlevel": {"average_loudness": 0.85649394989, "barkbands_crest": {"dmean": 2.25087237358, "dmean2": 3.62541127205, "dvar": 5.62080049515, "dvar2": 14.0419178009, "max": 25.5617637634, "mean": 11.2115468979, "median": 10.4529495239, "min": 3.28048038483, "var": 17.3861465454}, "barkbands_flatness_db": {"dmean": 0.0339894481003, "dmean2": 0.0476936809719, "dvar": 0.00162781483959, "dvar2": 0.00359853357077, "max": 0.528370916843, "mean": 0.256256580353, "median": 0.264420568943, "min": 0.0274977255613, "var": 0.0103854807094}, "barkbands_kurtosis": {"dmean": 2.79028964043, "dmean2": 4.29827690125, "dvar": 20.4840221405, "dvar2": 47.2104873657, "max": 111.640304565, "mean": 5.3666305542, "median": 2.7235853672, "min": -1.76826095581, "var": 76.6996536255}, "barkbands_skewness": {"dmean": 0.471119999886, "dmean2": 0.710544645786, "dvar": 0.24131681025, "dvar2": 0.570721685886, "max": 9.01129627228, "mean": 1.31513631344, "median": 1.27000927925, "min": -4.76124715805, "var": 1.85215866566}, "barkbands_spread": {"dmean": 2.80332660675, "dmean2": 4.37850379944, "dvar": 25.4608573914, "dvar2": 64.561088562, "max": 87.7413024902, "mean": 8.82629299164, "median": 6.35622501373, "min": 0.339195758104, "var": 60.8381881714}, "dissonance": {"dmean": 0.0381599888206, "dmean2": 0.0627596750855, "dvar": 0.0012259115465, "dvar2": 0.00334366760217, "max": 0.499999970198, "mean": 0.386493206024, "median": 0.395751833916, "min": 0.0805737227201, "var": 0.00459167174995}, "dynamic_complexity": 4.37659454346, "erbbands_crest": {"dmean": 2.58748459816, "dmean2": 3.90416407585, "dvar": 6.22128772736, "dvar2": 13.5631570816, "max": 32.3534698486, "mean": 12.0401439667, "median": 11.0081768036, "min": 2.45159554482, "var": 29.8036365509}, "erbbands_flatness_db": {"dmean": 0.0260340422392, "dmean2": 0.0365588851273, "dvar": 0.000943003571592, "dvar2": 0.002031682292, "max": 0.530198395252, "mean": 0.26384434104, "median": 0.259648352861, "min": 0.0706442072988, "var": 0.0102394660935}, "erbbands_kurtosis": {"dmean": 1.80154812336, "dmean2": 2.68928742409, "dvar": 15.8240118027, "dvar2": 33.5570449829, "max": 164.707992554, "mean": 2.99614691734, "median": 1.12917399406, "min": -1.58463466167, "var": 48.6051330566}, "erbbands_skewness": {"dmean": 0.399554401636, "dmean2": 0.597953855991, "dvar": 0.166222244501, "dvar2": 0.38163408637, "max": 9.75145721436, "mean": 0.5732832551, "median": 0.444380074739, "min": -2.84675121307, "var": 1.05550670624}, "erbbands_spread": {"dmean": 4.12084579468, "dmean2": 6.34854221344, "dvar": 35.5607337952, "dvar2": 87.5750274658, "max": 84.1110916138, "mean": 15.7494363785, "median": 12.8116722107, "min": 0.460312873125, "var": 114.561012268}, "hfc": {"dmean": 6.42935752869, "dmean2": 10.7972841263, "dvar": 191.827102661, "dvar2": 549.130615234, "max": 165.76965332, "mean": 16.0605430603, "median": 14.1271915436, "min": 1.07464082487e-16, "var": 213.53237915}, "melbands_crest": {"dmean": 2.40162611008, "dmean2": 3.68738341331, "dvar": 6.20450735092, "dvar2": 13.0799722672, "max": 32.6289558411, "mean": 13.3867750168, "median": 12.4806661606, "min": 1.41880047321, "var": 32.8443374634}, "melbands_flatness_db": {"dmean": 0.0395200289786, "dmean2": 0.0547740831971, "dvar": 0.00246943742968, "dvar2": 0.00535175809637, "max": 0.697421133518, "mean": 0.348339378834, "median": 0.368733853102, "min": 0.00194009765983, "var": 0.0165001377463}, "melbands_kurtosis": {"dmean": 3.65098047256, "dmean2": 5.703104496, "dvar": 44.8302574158, "dvar2": 105.841514587, "max": 194.215896606, "mean": 7.02409934998, "median": 3.38406872749, "min": -1.70642793179, "var": 149.344833374}, "melbands_skewness": {"dmean": 0.498156189919, "dmean2": 0.762355864048, "dvar": 0.301399439573, "dvar2": 0.727306306362, "max": 10.2284011841, "mean": 1.61448478699, "median": 1.47189879417, "min": -3.39526796341, "var": 1.62728691101}, "melbands_spread": {"dmean": 3.69211316109, "dmean2": 5.84649705887, "dvar": 43.3353652954, "dvar2": 111.78754425, "max": 169.721359253, "mean": 15.2922706604, "median": 7.55305719376, "min": 0.696242392063, "var": 754.190307617}, "pitch_salience": {"dmean": 0.0648029148579, "dmean2": 0.106187902391, "dvar": 0.00500710355118, "dvar2": 0.0127729522064, "max": 0.920410275459, "mean": 0.525765478611, "median": 0.523036062717, "min": 0.158056095243, "var": 0.0148082422093}, "silence_rate_20dB": {"dmean": 0, "dmean2": 0, "dvar": 0, "dvar2": 0, "max": 1, "mean": 1, "median": 1, "min": 1, "var": 0}, "silence_rate_30dB": {"dmean": 0.0477056354284, "dmean2": 0.0954214781523, "dvar": 0.0454340912402, "dvar2": 0.100857004523, "max": 1, "mean": 0.93935829401, "median": 1, "min": 0, "var": 0.0569668971002}, "silence_rate_60dB": {"dmean": 0.00641779880971, "dmean2": 0.0128369703889, "dvar": 0.00637734401971, "dvar2": 0.0148145100102, "max": 1, "mean": 0.147272720933, "median": 0, "min": 0, "var": 0.125590890646}, "spectral_centroid": {"dmean": 139.024353027, "dmean2": 219.268432617, "dvar": 77354.34375, "dvar2": 187799.34375, "max": 11733.0410156, "mean": 1078.37963867, "median": 515.106811523, "min": 177.799560547, "var": 5109973}, "spectral_complexity": {"dmean": 2.59664130211, "dmean2": 4.30273866653, "dvar": 17.7744369507, "dvar2": 46.2836685181, "max": 48, "mean": 11.5693044662, "median": 12, "min": 0, "var": 42.4153518677}, "spectral_decrease": {"dmean": 3.12863202012e-09, "dmean2": 4.98483521127e-09, "dvar": 2.44755828025e-17, "dvar2": 6.41675169323e-17, "max": 3.07064795852e-17, "mean": -1.160541796e-08, "median": -1.02306536576e-08, "min": -7.29411766542e-08, "var": 8.8289407231e-17}, "spectral_energy": {"dmean": 0.0121650649235, "dmean2": 0.0194911435246, "dvar": 0.000366156978998, "dvar2": 0.000963738828432, "max": 0.278459310532, "mean": 0.0452582985163, "median": 0.0405017584562, "min": 9.89619417033e-21, "var": 0.00131115934346}, "spectral_energyband_high": {"dmean": 0.000237047745031, "dmean2": 0.000439273484517, "dvar": 1.14779754767e-06, "dvar2": 3.36046446137e-06, "max": 0.01452009473, "mean": 0.000181147406693, "median": 5.3371559261e-06, "min": 6.89823717547e-21, "var": 6.39671100089e-07}, "spectral_energyband_low": {"dmean": 0.00796634145081, "dmean2": 0.0122942561284, "dvar": 0.000277612387436, "dvar2": 0.00070724543184, "max": 0.233635559678, "mean": 0.0212495177984, "median": 0.00656845141202, "min": 6.51240057672e-24, "var": 0.000865454960149}, "spectral_energyband_middle_high": {"dmean": 0.00228850916028, "dmean2": 0.00358033087105, "dvar": 2.38879765675e-05, "dvar2": 6.34442694718e-05, "max": 0.0501526892185, "mean": 0.00423753075302, "median": 0.00224262336269, "min": 1.05815736904e-21, "var": 3.27252309944e-05}, "spectral_energyband_middle_low": {"dmean": 0.00648438138887, "dmean2": 0.0102289486676, "dvar": 0.000101820383861, "dvar2": 0.000278419669485, "max": 0.135651648045, "mean": 0.0218377970159, "median": 0.0201609097421, "min": 1.12983650206e-22, "var": 0.000264705828158}, "spectral_entropy": {"dmean": 0.292004734278, "dmean2": 0.434707194567, "dvar": 0.148478165269, "dvar2": 0.342576980591, "max": 9.82904815674, "mean": 6.44784069061, "median": 6.24427175522, "min": 4.34867429733, "var": 1.1940407753}, "spectral_flux": {"dmean": 0.0283932127059, "dmean2": 0.0443396419287, "dvar": 0.00173202983569, "dvar2": 0.00345137505792, "max": 0.402834743261, "mean": 0.0705491900444, "median": 0.0570952370763, "min": 6.33002261718e-11, "var": 0.00352605851367}, "spectral_kurtosis": {"dmean": 16.5979709625, "dmean2": 26.4814949036, "dvar": 526.001953125, "dvar2": 1293.7286377, "max": 321.886474609, "mean": 43.6849327087, "median": 24.1897315979, "min": -1.28016257286, "var": 2376.29394531}, "spectral_rms": {"dmean": 0.000785861804616, "dmean2": 0.00124171050265, "dvar": 1.03856689293e-06, "dvar2": 2.63030619863e-06, "max": 0.0164823420346, "mean": 0.00587213179097, "median": 0.00628600921482, "min": 3.1072212945e-12, "var": 9.67252981354e-06}, "spectral_rolloff": {"dmean": 191.065353394, "dmean2": 329.691131592, "dvar": 265670.1875, "dvar2": 603813.3125, "max": 19767.4804688, "mean": 1544.21716309, "median": 602.9296875, "min": 64.599609375, "var": 15471380}, "spectral_skewness": {"dmean": 0.973845303059, "dmean2": 1.53226113319, "dvar": 1.27231955528, "dvar2": 3.14486312866, "max": 14.2117967606, "mean": 4.42403697968, "median": 3.89190459251, "min": -0.0816369280219, "var": 7.18535852432}, "spectral_spread": {"dmean": 627705.6875, "dmean2": 956827.5625, "dvar": 898424045568, "dvar2": 1821970137090.0, "max": 43365068, "mean": 4370787, "median": 2004317.25, "min": 236281.046875, "var": 69886420189200.0}, "spectral_strongpeak": {"dmean": 0.429624289274, "dmean2": 0.718813717365, "dvar": 0.546428084373, "dvar2": 1.30890965462, "max": 8.11487865448, "mean": 0.989313185215, "median": 0.631041526794, "min": 0, "var": 1.08963394165}, "zerocrossingrate": {"dmean": 0.00517074624076, "dmean2": 0.00651099113747, "dvar": 6.01484061917e-05, "dvar2": 8.54489553603e-05, "max": 0.62548828125, "mean": 0.0495482236147, "median": 0.0244140625, "min": 0.001953125, "var": 0.0107527542859}, "barkbands": {"dmean": [0.000360066042049, 0.00634958548471, 0.00168195250444, 0.00139138102531, 0.00199043028988, 0.00283923512325, 0.00125951960217, 0.00129589810967, 0.000417749542976, 0.000819059321657, 0.000680145749357, 0.000572145392653, 0.0001856868912, 0.000324371765601, 0.000245375500526, 0.000132528657559, 0.000115955001093, 5.72406934225e-05, 4.8079273256e-05, 6.21937870164e-05, 5.41947702004e-05, 4.65078373963e-05, 3.39642538165e-05, 3.30383554683e-05, 1.9038838218e-05, 1.63312633958e-05, 6.73852218824e-06], "dmean2": [0.000475611101137, 0.00993685983121, 0.00278394646011, 0.00229174783453, 0.00304433191195, 0.00476613594219, 0.00184094172437, 0.00175743072759, 0.000631994626019, 0.00112095684744, 0.00108787312638, 0.000819908920676, 0.000308128684992, 0.000502550334204, 0.000406758772442, 0.000249328761129, 0.000195123604499, 9.93529392872e-05, 8.53351739352e-05, 0.000116481911391, 0.000101940720924, 8.79162325873e-05, 6.22375082457e-05, 6.17190380581e-05, 3.25535074808e-05, 2.85475962301e-05, 1.21602706713e-05], "dvar": [7.70694157382e-07, 0.000195889660972, 2.87041784759e-05, 1.44462237586e-05, 1.129935481e-05, 1.84156597243e-05, 6.56001884636e-06, 4.48361743111e-06, 5.4039077213e-07, 3.05271260004e-06, 4.19915340899e-06, 1.88904209608e-06, 2.76423293144e-07, 8.51827337556e-07, 4.03670270543e-07, 1.95671645997e-07, 1.1621494167e-07, 3.25913518395e-08, 2.40424586906e-08, 6.80020164623e-08, 7.50730109189e-08, 5.10715771895e-08, 1.9094105852e-08, 3.27940483658e-08, 4.13622869289e-09, 3.64973629097e-09, 1.0234921799e-09], "dvar2": [1.44119792367e-06, 0.000511580146849, 8.02253271104e-05, 4.04800230172e-05, 2.91364794975e-05, 5.67756032979e-05, 1.54125245899e-05, 8.22569290904e-06, 1.12326847557e-06, 5.3035541896e-06, 1.12137695396e-05, 3.56531450052e-06, 7.00290115674e-07, 2.14463420889e-06, 1.07759865386e-06, 5.61003616895e-07, 3.07439194103e-07, 9.13825246585e-08, 6.79286671357e-08, 1.97735403162e-07, 2.20031651565e-07, 1.49735512878e-07, 5.56558532594e-08, 9.68421645098e-08, 1.17533591748e-08, 1.02210435671e-08, 2.94008950519e-09], "max": [0.0131755452603, 0.163714632392, 0.0658015087247, 0.0502359718084, 0.0576152727008, 0.0689252242446, 0.048840072006, 0.0468430295587, 0.0184040423483, 0.0629001632333, 0.0382146313787, 0.0344836115837, 0.00908576697111, 0.0179706066847, 0.00837562885135, 0.00633469317108, 0.0065176547505, 0.00243248092011, 0.00176718831062, 0.00350488722324, 0.00438974099234, 0.00302216340788, 0.00203201686963, 0.00246623624116, 0.000803310424089, 0.00108519883361, 0.000398295320338], "mean": [0.000845756498165, 0.0154717303813, 0.00333331199363, 0.0026861585211, 0.00480491993949, 0.0057675675489, 0.00324686826207, 0.00294239632785, 0.000929694564547, 0.00183184084017, 0.00105719268322, 0.0010180932004, 0.000177666734089, 0.000403467391152, 0.000257976091234, 8.79104118212e-05, 0.000106478400994, 4.88966616103e-05, 3.82640246244e-05, 4.28931452916e-05, 3.79268894903e-05, 3.2999090763e-05, 2.63747970166e-05, 2.44999846473e-05, 1.70247603819e-05, 1.31564074763e-05, 7.16577415005e-06], "median": [1.60698928084e-05, 0.00390352518298, 0.000543826783542, 0.00120891956612, 0.00297478819266, 0.00354895927012, 0.00202567642555, 0.00159740424715, 0.000413241476053, 0.000687886727974, 0.00020906937425, 0.00027125372435, 3.53321447619e-05, 8.86245979927e-05, 6.57567434246e-05, 7.58517853683e-06, 1.37575216286e-05, 6.37154334981e-06, 2.99036537399e-06, 1.6397930267e-06, 1.14477893476e-06, 7.11931079422e-07, 5.13400550517e-07, 3.51691653577e-07, 2.36178749446e-07, 1.05972006281e-07, 1.63795341734e-08], "min": [2.16603381248e-25, 1.27937934925e-24, 4.44210879085e-25, 7.85519142515e-25, 2.17658103069e-24, 3.44303666895e-24, 3.93553002626e-24, 4.14969866228e-24, 1.10459064962e-23, 4.88451431245e-24, 1.13764620925e-23, 1.13035437347e-23, 1.64388704555e-23, 3.05169358126e-23, 3.18257254741e-23, 3.73858853469e-23, 4.52128433416e-23, 7.77371871889e-23, 1.06516051013e-22, 1.42238601053e-22, 2.24410858914e-22, 2.82206418658e-22, 3.06805323115e-22, 5.07349290005e-22, 8.20919556077e-22, 1.21184787017e-21, 1.91703327681e-21], "var": [2.73310183729e-06, 0.000545148388483, 3.65466949006e-05, 1.92033221538e-05, 3.16272562486e-05, 4.37415001215e-05, 1.48758272189e-05, 1.60724812304e-05, 2.33220816881e-06, 1.23941372294e-05, 5.72110957364e-06, 4.95241556564e-06, 2.39767189214e-07, 9.11169649953e-07, 3.47037598658e-07, 1.13967900006e-07, 1.00639276468e-07, 2.19293667669e-08, 1.54317216783e-08, 3.78515210286e-08, 4.08125835349e-08, 2.79341580978e-08, 1.10934932351e-08, 1.78469328205e-08, 2.83682810576e-09, 2.49918885586e-09, 9.01378194307e-10]}, "erbbands": {"dmean": [0.223807156086, 1.42502844334, 2.0650036335, 3.66028499603, 4.82672643661, 7.45834112167, 10.0536460876, 25.9772033691, 25.4278659821, 19.5919799805, 33.5988883972, 10.0916337967, 29.6295719147, 16.9305858612, 22.8625469208, 28.4365177155, 7.86420488358, 19.619260788, 10.1537685394, 13.4669418335, 6.61964988708, 5.68475103378, 3.14197134972, 2.51911592484, 2.60230445862, 3.02012634277, 2.28430819511, 2.03663277626, 1.85801482201, 1.26275718212, 0.881536483765, 0.839551091194, 0.445435196161, 0.23382435739, 0.124633960426, 0.0668272897601, 0.0280073881149, 0.00875805132091, 0.00127052527387, 6.99363663443e-05], "dmean2": [0.325762838125, 2.24848008156, 3.45079374313, 6.0344171524, 7.36016464233, 11.9381160736, 13.8384885788, 44.7816925049, 40.0011672974, 29.0949401855, 44.3102073669, 14.3758955002, 38.9927024841, 28.1907691956, 36.278137207, 40.3968009949, 12.7166814804, 30.1021938324, 17.2481269836, 22.5664730072, 11.5823554993, 9.66996574402, 5.5279302597, 4.29649066925, 4.73732328415, 5.61742639542, 4.28867006302, 3.8540225029, 3.53537225723, 2.33714818954, 1.61264550686, 1.58255326748, 0.821394145489, 0.408758580685, 0.211557999253, 0.115322060883, 0.0487077049911, 0.0154918543994, 0.00231611100025, 0.000129050051328], "dvar": [0.247714489698, 10.3486747742, 40.1849441528, 116.703125, 114.776657104, 176.558181763, 395.442657471, 1655.82788086, 1671.24768066, 1212.40979004, 3259.56542969, 258.113342285, 4325.58154297, 3323.59814453, 4011.19604492, 4865.37792969, 388.660919189, 2805.67773438, 798.984191895, 1392.92114258, 392.025604248, 264.911987305, 111.478027344, 62.6743850708, 99.7380371094, 150.960067749, 98.3733596802, 126.649215698, 100.504814148, 25.626996994, 11.8262786865, 22.9045677185, 4.6888217926, 0.71755284071, 0.1673707515, 0.0596076622605, 0.0118396626785, 0.00150184636004, 3.90257082472e-05, 1.22257176827e-07], "dvar2": [0.549241840839, 28.1895294189, 111.345726013, 326.847045898, 301.574737549, 469.270690918, 705.284118652, 5302.10351562, 4365.74951172, 2749.6796875, 5796.72607422, 489.120391846, 6936.91552734, 9343.57226562, 10513.9482422, 9071.88867188, 1031.14221191, 6772.96386719, 2208.67089844, 3665.19116211, 1083.39465332, 717.625976562, 318.345947266, 166.537094116, 288.179748535, 437.540863037, 286.811981201, 372.084899902, 295.67364502, 74.6270294189, 34.3815040588, 67.7045211792, 13.7973060608, 2.06710028648, 0.470429986715, 0.166873589158, 0.0325663164258, 0.00426540989429, 0.000113158523163, 3.60984103054e-07], "max": [7.82840251923, 37.2696723938, 88.634552002, 129.480499268, 158.740158081, 263.752746582, 525.426025391, 726.865478516, 739.153137207, 707.471862793, 1279.96862793, 532.596496582, 2623.62207031, 1024.32714844, 1193.03552246, 1786.84973145, 310.448883057, 909.325805664, 451.072814941, 627.886413574, 287.962097168, 211.974456787, 160.877883911, 194.855178833, 130.074081421, 159.653930664, 138.055679321, 174.97366333, 141.505996704, 61.6113891602, 48.7768821716, 72.4432067871, 30.0323944092, 11.0866556168, 5.05779838562, 4.90409994125, 2.21610617638, 0.670480072498, 0.079180829227, 0.00472286436707], "mean": [0.543767154217, 3.00659418106, 4.21446657181, 7.54720592499, 11.3038740158, 15.0074987411, 24.7577419281, 48.4403839111, 57.2672996521, 47.483707428, 74.4024810791, 27.5160236359, 70.3400344849, 27.9568119049, 40.3089141846, 52.2028694153, 10.1174860001, 24.477432251, 11.1050271988, 12.6583623886, 5.33030653, 5.05473232269, 2.68462753296, 2.18613576889, 1.93640077114, 2.11780714989, 1.61173141003, 1.39878737926, 1.26961135864, 0.95969825983, 0.697584211826, 0.601669609547, 0.346500366926, 0.203618198633, 0.11248575896, 0.0563146173954, 0.0224949792027, 0.00830426905304, 0.00132309796754, 9.95071968646e-05], "median": [0.109884895384, 0.767722606659, 1.15689146519, 3.08341503143, 4.85934925079, 8.7041759491, 9.98895072937, 29.117307663, 33.9838104248, 24.7682228088, 37.0135421753, 17.1118583679, 26.3540267944, 12.7367458344, 10.7865953445, 14.3091144562, 3.65627145767, 5.6801815033, 3.4038939476, 2.14916372299, 0.693154811859, 0.587796926498, 0.391152024269, 0.238041445613, 0.127315282822, 0.0909479260445, 0.052928045392, 0.0391714833677, 0.0254500061274, 0.0208607949317, 0.012578333728, 0.00854212976992, 0.00498587265611, 0.00321932788938, 0.00141054787673, 0.000536283594556, 0.00018422267749, 4.57234782516e-05, 3.23275344272e-05, 5.18660308444e-05], "min": [3.27883093279e-23, 2.56740751704e-22, 6.06846940207e-22, 3.03599357055e-21, 7.59258744505e-21, 9.03210546971e-21, 1.9751761171e-20, 4.30497974932e-20, 7.23123876433e-20, 1.04156857286e-19, 2.29294491649e-19, 2.98267370214e-19, 2.4809811643e-19, 6.57772937428e-19, 4.47294555817e-19, 6.16752999152e-19, 1.19509493598e-18, 1.68015902386e-18, 2.21382876151e-18, 2.37703397791e-18, 3.30198423694e-18, 2.65711567896e-18, 4.41355740231e-18, 5.81000660755e-18, 5.98564558933e-18, 6.85728798699e-18, 8.6890575332e-18, 7.73518345648e-18, 9.39987616744e-18, 9.69373456159e-18, 9.33948701964e-18, 1.04640068024e-17, 8.78300457127e-18, 6.59397820004e-18, 5.87611777724e-18, 3.78912827047e-18, 2.20453910964e-18, 9.47834727664e-19, 2.32500307661e-19, 2.61566255008e-20], "var": [0.886308193207, 20.6000709534, 50.5730171204, 162.132766724, 312.788024902, 366.305725098, 1626.38867188, 3315.11254883, 4674.34570312, 3719.98852539, 11422.5751953, 1320.43078613, 18118.1074219, 3710.70629883, 7436.36621094, 12927.9140625, 368.499725342, 3204.01220703, 637.801635742, 1207.79711914, 278.375305176, 209.887756348, 70.1532058716, 49.6519851685, 57.6342582703, 85.2341308594, 54.7223854065, 67.9283370972, 53.7805290222, 14.8429660797, 7.09384012222, 12.2763280869, 2.64582443237, 0.465623170137, 0.119254037738, 0.0411831103265, 0.00856966245919, 0.00126793712843, 3.08045309794e-05, 7.32329041853e-08]}, "gfcc": {"mean": [-149.113922119, 157.141693115, -89.7971420288, -22.9114360809, -58.1981163025, -3.54592132568, -28.6768474579, -4.32090806961, -14.2125015259, -1.5191899538, -7.43835830688, -3.36460280418, -6.5045132637], "cov": [[75314.5703125, 7554.47314453, -5122.49755859, 2105.98608398, -882.515136719, 1570.92126465, -1429.3885498, 446.74432373, -813.495422363, 121.04776001, -696.686645508, -50.4462585449, -442.609741211], [7554.47314453, 4105.51367188, -727.134155273, -807.697998047, -92.9643630981, -453.040924072, -16.6934146881, -371.705444336, 48.7266693115, -346.170349121, 113.03427124, -331.997589111, 83.8370132446], [-5122.49755859, -727.134155273, 1278.13830566, 424.51171875, 429.191223145, 248.01550293, 354.81060791, 250.101287842, 211.902770996, 142.991271973, 115.591346741, 105.615386963, 19.2206859589], [2105.98608398, -807.697998047, 424.51171875, 1190.48046875, 456.563110352, 541.082336426, 204.080383301, 350.27130127, 108.544670105, 211.75970459, 13.0127067566, 141.129165649, -11.9260931015], [-882.515136719, -92.9643630981, 429.191223145, 456.563110352, 983.213500977, 317.663360596, 280.795898438, 197.115432739, 210.914367676, 106.419792175, 106.601585388, 68.3959884644, 54.7941474915], [1570.92126465, -453.040924072, 248.01550293, 541.082336426, 317.663360596, 504.800140381, 123.969726562, 275.211853027, 74.8548660278, 166.813674927, 2.36731028557, 115.165794373, -15.7657117844], [-1429.3885498, -16.6934146881, 354.81060791, 204.080383301, 280.795898438, 123.969726562, 307.043792725, 117.733100891, 141.321609497, 47.174118042, 68.2330551147, 22.0631141663, 36.1861305237], [446.74432373, -371.705444336, 250.101287842, 350.27130127, 197.115432739, 275.211853027, 117.733100891, 280.852386475, 110.920410156, 133.65461731, 4.9641418457, 77.5366439819, 0.447047472], [-813.495422363, 48.7266693115, 211.902770996, 108.544670105, 210.914367676, 74.8548660278, 141.321609497, 110.920410156, 188.714141846, 61.428768158, 43.616771698, 17.2034835815, 35.7953071594], [121.04776001, -346.170349121, 142.991271973, 211.75970459, 106.419792175, 166.813674927, 47.174118042, 133.65461731, 61.428768158, 162.643844604, 36.9376716614, 82.9864120483, -8.04240131378], [-696.686645508, 113.03427124, 115.591346741, 13.0127067566, 106.601585388, 2.36731028557, 68.2330551147, 4.9641418457, 43.616771698, 36.9376716614, 122.02771759, 36.7680740356, 22.2758026123], [-50.4462585449, -331.997589111, 105.615386963, 141.129165649, 68.3959884644, 115.165794373, 22.0631141663, 77.5366439819, 17.2034835815, 82.9864120483, 36.7680740356, 132.358703613, 18.6842517853], [-442.609741211, 83.8370132446, 19.2206859589, -11.9260931015, 54.7941474915, -15.7657117844, 36.1861305237, 0.447047472, 35.7953071594, -8.04240131378, 22.2758026123, 18.6842517853, 92.0874557495]], "icov": [[7.60213879403e-05, -0.000246890995186, 0.000227387179621, -0.000247075455263, 3.29028516717e-05, -0.000127281280584, 0.000170384475496, -0.000220586982323, 0.000252310215728, -0.000204716925509, 0.000394357310142, -0.000365307787433, 0.000266221497441], [-0.000246890995186, 0.00127383926883, -0.000459294213215, 0.000939773861319, -6.95582057233e-05, 8.47365881782e-05, -0.000578902312554, 0.000852556258906, -0.0013593963813, 0.00140565924812, -0.00228492030874, 0.00210639415309, -0.00107304647099], [0.000227387179621, -0.000459294213215, 0.00216469564475, -0.000782296119723, 3.83922924811e-05, -0.000315916346153, -0.000603884807788, -0.0010652608471, 0.000144172707223, -0.000141762808198, 0.000221094218432, -0.00114426389337, 0.00123372895177], [-0.000247075455263, 0.000939773861319, -0.000782296119723, 0.00266480841674, -0.000390862958739, -0.000851971155498, -0.000933785922825, 0.00013264734298, -0.000370339635992, 0.000376395590138, -0.00116900762077, 0.00132995145395, -0.000891956093255], [3.29028516717e-05, -6.95582057233e-05, 3.83922924811e-05, -0.000390862958739, 0.00190801615827, -0.00117527705152, -0.00037003372563, 0.000483000156237, -0.00126149761491, 0.000563944980968, -0.000907608075067, 0.000144550678669, -0.000300797866657], [-0.000127281280584, 8.47365881782e-05, -0.000315916346153, -0.000851971155498, -0.00117527705152, 0.00716160796583, -0.000955480325501, -0.0035484386608, 0.00185150897596, -0.00188807863742, 0.00142137357034, -0.00160961970687, 0.000682952231728], [0.000170384475496, -0.000578902312554, -0.000603884807788, -0.000933785922825, -0.00037003372563, -0.000955480325501, 0.00764946779236, -0.00116528896615, -0.00220682122745, 0.00123338052072, -0.00136124226265, 0.000467601726996, -0.000392613175791], [-0.000220586982323, 0.000852556258906, -0.0010652608471, 0.00013264734298, 0.000483000156237, -0.0035484386608, -0.00116528896615, 0.0124873798341, -0.00502195442095, -0.00253366981633, 0.00129778846167, 0.000469863036415, -0.000772958737798], [0.000252310215728, -0.0013593963813, 0.000144172707223, -0.000370339635992, -0.00126149761491, 0.00185150897596, -0.00220682122745, -0.00502195442095, 0.0135131645948, -0.00483900820836, 0.00199392391369, 0.000307103880914, -0.00188853172585], [-0.000204716925509, 0.00140565924812, -0.000141762808198, 0.000376395590138, 0.000563944980968, -0.00188807863742, 0.00123338052072, -0.00253366981633, -0.00483900820836, 0.0170285142958, -0.00640006037429, -0.00278569106013, 0.00216501066461], [0.000394357310142, -0.00228492030874, 0.000221094218432, -0.00116900762077, -0.000907608075067, 0.00142137357034, -0.00136124226265, 0.00129778846167, 0.00199392391369, -0.00640006037429, 0.01708153449, -0.00694956677034, 0.00103414861951], [-0.000365307787433, 0.00210639415309, -0.00114426389337, 0.00132995145395, 0.000144550678669, -0.00160961970687, 0.000467601726996, 0.000469863036415, 0.000307103880914, -0.00278569106013, -0.00694956677034, 0.0176619086415, -0.00607514753938], [0.000266221497441, -0.00107304647099, 0.00123372895177, -0.000891956093255, -0.000300797866657, 0.000682952231728, -0.000392613175791, -0.000772958737798, -0.00188853172585, 0.00216501066461, 0.00103414861951, -0.00607514753938, 0.0151022747159]]}, "melbands": {"dmean": [0.0018415536033, 0.00134495308157, 0.000661198166199, 0.000387311447412, 0.000369828456314, 0.000593305623624, 0.000376367010176, 0.00019611803873, 0.00025460292818, 5.95478013565e-05, 0.000146081874846, 6.37154735159e-05, 9.4479364634e-05, 6.57671262161e-05, 3.64084080502e-05, 2.35748102568e-05, 3.80155979656e-05, 1.5065504158e-05, 1.80841761903e-05, 1.37657980304e-05, 7.31807858756e-06, 7.29251405573e-06, 2.7792993933e-06, 2.87925422526e-06, 1.87882460523e-06, 1.96271366804e-06, 1.88914293631e-06, 2.03382728614e-06, 1.46419051816e-06, 1.46350157593e-06, 1.01777050077e-06, 1.01012278719e-06, 9.45930366925e-07, 6.67140739097e-07, 4.67609964971e-07, 5.75156377636e-07, 5.09122855874e-07, 3.3057614246e-07, 2.34027467627e-07, 1.87381800743e-07], "dmean2": [0.0028106442187, 0.00216427375562, 0.00107590458356, 0.000609487527981, 0.000527570606209, 0.00100886763539, 0.000595752440859, 0.000292232172797, 0.000335110758897, 8.73773024068e-05, 0.000191904764506, 0.000107364379801, 0.000150129839312, 9.4528979389e-05, 5.39827633474e-05, 3.78006916435e-05, 5.83400360483e-05, 2.60343585978e-05, 3.08699236484e-05, 2.36532159761e-05, 1.27716630232e-05, 1.22871542771e-05, 5.05630077896e-06, 4.95218364449e-06, 3.21870379594e-06, 3.52686674887e-06, 3.50606569555e-06, 3.808368092e-06, 2.75662614513e-06, 2.75718502962e-06, 1.92337370208e-06, 1.91635285773e-06, 1.79509800091e-06, 1.2194448118e-06, 8.4406519818e-07, 1.08333767912e-06, 9.60832153396e-07, 6.13452073139e-07, 4.190692664e-07, 3.2376129866e-07], "dvar": [1.62781580002e-05, 1.18174166346e-05, 3.24250072481e-06, 5.33942227321e-07, 4.40404193114e-07, 8.29106284073e-07, 3.70484116274e-07, 1.05194651212e-07, 1.82437318585e-07, 1.04316013605e-08, 1.0545564777e-07, 5.01568351297e-08, 7.4901144842e-08, 2.24365521717e-08, 8.52671266927e-09, 4.73077177432e-09, 1.1055823812e-08, 2.07769179639e-09, 2.68616751065e-09, 1.68424874047e-09, 5.5024029777e-10, 4.54935061844e-10, 1.00694834415e-10, 7.87983844841e-11, 4.12021736174e-11, 4.57414384147e-11, 6.62918053784e-11, 6.96530541577e-11, 3.63800378711e-11, 6.29641200289e-11, 2.9248253125e-11, 3.07955536072e-11, 1.87565119686e-11, 7.0156038097e-12, 2.91761189861e-12, 8.40734339785e-12, 9.21988353719e-12, 2.87844140884e-12, 8.39521269343e-13, 4.13260083706e-13], "dvar2": [4.07193801948e-05, 3.19020073221e-05, 9.19863850868e-06, 1.43731665503e-06, 8.81845835465e-07, 2.63494007413e-06, 9.77631202659e-07, 2.42930667582e-07, 3.24281415942e-07, 2.06149159965e-08, 1.69065557998e-07, 1.39546472155e-07, 1.96099392724e-07, 4.20449239869e-08, 1.81573458491e-08, 1.13272422553e-08, 2.69542876907e-08, 5.82132697602e-09, 7.35666194629e-09, 4.5571026952e-09, 1.49395884552e-09, 1.21587762081e-09, 2.89237134243e-10, 2.17647511125e-10, 1.08617205508e-10, 1.29945693095e-10, 1.925691967e-10, 2.02414154882e-10, 1.05977102094e-10, 1.84703571882e-10, 8.58480925237e-11, 9.05437738674e-11, 5.50271529731e-11, 2.03865015147e-11, 8.43210484075e-12, 2.47711330614e-11, 2.72871638479e-11, 8.48590989144e-12, 2.44091639262e-12, 1.18271538396e-12], "max": [0.0547955930233, 0.0499150641263, 0.0228581950068, 0.0121521791443, 0.0147240227088, 0.014963272959, 0.0109498584643, 0.00651309033856, 0.00959423743188, 0.00289050117135, 0.0129129495472, 0.00455970689654, 0.00532116694376, 0.00346475373954, 0.00229070615023, 0.00135703454725, 0.00201487028971, 0.000777602603193, 0.000815677980427, 0.000778871879447, 0.000481630209833, 0.000289899646305, 0.000161631309311, 0.000131227017846, 0.000176618603291, 8.22149158921e-05, 0.000110324355774, 0.000110432498332, 7.66920056776e-05, 0.000140891061164, 7.73735227995e-05, 8.01554779173e-05, 5.74947116547e-05, 3.72825525119e-05, 2.38418306253e-05, 5.03622759425e-05, 4.23617602792e-05, 2.48701417149e-05, 1.39930634759e-05, 8.03608872957e-06], "mean": [0.00453216675669, 0.00289816758595, 0.00140961096622, 0.000874432036653, 0.000861611275468, 0.00115958601236, 0.000855189980939, 0.00048523771693, 0.00055384170264, 0.000151597007061, 0.000344990141457, 9.79324104264e-05, 0.000149777901242, 0.000122768658912, 6.19166094111e-05, 2.5035093131e-05, 4.73391373816e-05, 1.59070477821e-05, 1.69634186022e-05, 1.19536534839e-05, 5.84067311138e-06, 6.589563327e-06, 2.16637045014e-06, 2.56424141298e-06, 1.5903374333e-06, 1.5055422864e-06, 1.31505896661e-06, 1.40030988405e-06, 1.01872819869e-06, 1.0042830354e-06, 7.00277894339e-07, 6.84111000737e-07, 6.700583981e-07, 5.10195377501e-07, 3.80261724331e-07, 4.09677483049e-07, 3.62806844123e-07, 2.5239870638e-07, 1.94460653802e-07, 1.63747088777e-07], "median": [0.00107006845064, 0.000970545690507, 0.000822430592962, 0.000501357542817, 0.000372403039364, 0.000709362677298, 0.000545799848624, 0.000282624387182, 0.000282633700408, 7.9501507571e-05, 0.000127410618006, 3.96917384933e-05, 2.99367202388e-05, 3.2403444493e-05, 1.69158120116e-05, 4.37444487034e-06, 1.03630309241e-05, 4.4988096306e-06, 3.66224503523e-06, 1.43020929499e-06, 6.39873064756e-07, 7.20716798241e-07, 2.55796521742e-07, 3.46706826804e-07, 1.31588336671e-07, 9.73638520918e-08, 5.43442411072e-08, 5.8433879957e-08, 3.20898294603e-08, 2.34548167555e-08, 2.18051461331e-08, 1.47680871976e-08, 1.14790230654e-08, 1.06098418939e-08, 6.83027145953e-09, 6.31069685397e-09, 4.46643699803e-09, 3.37815730944e-09, 3.03514813282e-09, 2.5829209882e-09], "min": [4.74595779698e-25, 5.44261713264e-25, 8.5505373074e-25, 5.60355264591e-25, 6.87948141896e-25, 8.28936222498e-25, 9.96734332609e-25, 1.07654634862e-24, 1.26912011457e-24, 1.39763019059e-24, 1.00448893392e-24, 2.43163356641e-24, 1.62199436077e-24, 1.47082040955e-24, 1.72325027859e-24, 1.95393864804e-24, 2.5149398418e-24, 2.27369178028e-24, 2.72179830103e-24, 2.245612868e-24, 3.00976941068e-24, 2.33068737511e-24, 3.39778169097e-24, 4.56911588963e-24, 3.56646934036e-24, 3.76177276226e-24, 4.29999480852e-24, 3.38965721251e-24, 4.60021554753e-24, 4.8112090184e-24, 3.68580151278e-24, 3.89026676524e-24, 4.32079707059e-24, 4.4285302267e-24, 5.33750112119e-24, 4.93784525395e-24, 5.28584295925e-24, 4.91217098693e-24, 4.98079912467e-24, 5.2796097748e-24], "var": [5.11066355102e-05, 1.89815837075e-05, 3.98455540562e-06, 1.25987071442e-06, 1.63796198649e-06, 1.82757901257e-06, 9.60471652434e-07, 3.35165651677e-07, 6.35980939023e-07, 4.96469283462e-08, 4.44023669388e-07, 6.0048314765e-08, 1.10076193494e-07, 6.32149905755e-08, 1.85478103987e-08, 4.95902519049e-09, 1.25235066761e-08, 1.56691015718e-09, 2.01158156798e-09, 1.31914035251e-09, 4.21727597288e-10, 3.79587500321e-10, 6.08052011519e-11, 5.63592783553e-11, 3.30962410255e-11, 2.83425696107e-11, 3.70542103945e-11, 3.88690989117e-11, 2.02997878923e-11, 3.40926314957e-11, 1.57414359325e-11, 1.64602845243e-11, 1.04220607838e-11, 4.08057615475e-12, 1.83135841561e-12, 4.56259119028e-12, 4.93918100863e-12, 1.60500280601e-12, 5.15995774754e-13, 2.78132958288e-13]}, "mfcc": {"mean": [-763.880371094, 194.283828735, 14.4842376709, -6.70160198212, -9.35893154144, -5.58721065521, -8.74003887177, -5.68991279602, -5.22092628479, -2.7409594059, -1.69945955276, -0.296580731869, 0.837027668953], "cov": [[22233.4433594, 3844.98486328, -604.4296875, 927.729614258, 1123.25158691, 1175.35839844, 490.57989502, 526.879516602, 393.768585205, 402.186431885, 174.688446045, 1.96593546867, 235.230422974], [3844.98486328, 5613.63867188, 86.7363967896, -407.104919434, -55.7365760803, -182.719818115, -138.912887573, -137.860626221, -123.043106079, -124.139770508, -40.4576644897, -62.9057388306, -84.6493377686], [-604.4296875, 86.7363967896, 776.777648926, 144.778717041, -64.9725494385, 5.81316995621, 70.1425323486, 88.8133163452, 61.6736068726, 65.3858947754, 79.9093704224, 107.496063232, 56.780960083], [927.729614258, -407.104919434, 144.778717041, 562.108581543, 279.038665771, 280.676208496, 225.362762451, 199.266906738, 176.755233765, 157.6065979, 131.637298584, 116.696113586, 105.381820679], [1123.25158691, -55.7365760803, -64.9725494385, 279.038665771, 500.000427246, 295.97265625, 203.785614014, 189.10295105, 162.368499756, 156.734176636, 121.479049683, 65.9577713013, 111.65259552], [1175.35839844, -182.719818115, 5.81316995621, 280.676208496, 295.97265625, 331.060394287, 214.507125854, 176.856536865, 148.022857666, 124.233863831, 109.822547913, 73.9268875122, 94.6081314087], [490.57989502, -138.912887573, 70.1425323486, 225.362762451, 203.785614014, 214.507125854, 246.627502441, 164.849945068, 115.422851562, 103.893424988, 91.0070724487, 84.5116653442, 86.8859024048], [526.879516602, -137.860626221, 88.8133163452, 199.266906738, 189.10295105, 176.856536865, 164.849945068, 203.759338379, 155.00062561, 114.598670959, 91.7762756348, 61.7463417053, 69.6364212036], [393.768585205, -123.043106079, 61.6736068726, 176.755233765, 162.368499756, 148.022857666, 115.422851562, 155.00062561, 205.98651123, 142.229904175, 82.1526489258, 45.4799919128, 50.1878662109], [402.186431885, -124.139770508, 65.3858947754, 157.6065979, 156.734176636, 124.233863831, 103.893424988, 114.598670959, 142.229904175, 171.908599854, 100.364059448, 41.594745636, 47.3943367004], [174.688446045, -40.4576644897, 79.9093704224, 131.637298584, 121.479049683, 109.822547913, 91.0070724487, 91.7762756348, 82.1526489258, 100.364059448, 135.641952515, 66.9198608398, 48.3453025818], [1.96593546867, -62.9057388306, 107.496063232, 116.696113586, 65.9577713013, 73.9268875122, 84.5116653442, 61.7463417053, 45.4799919128, 41.594745636, 66.9198608398, 113.352775574, 71.4238586426], [235.230422974, -84.6493377686, 56.780960083, 105.381820679, 111.65259552, 94.6081314087, 86.8859024048, 69.6364212036, 50.1878662109, 47.3943367004, 48.3453025818, 71.4238586426, 116.793563843]], "icov": [[8.48330455483e-05, -7.99449917395e-05, 8.15653547761e-05, -0.000116299954243, 7.17469592928e-05, -0.000441460550064, 0.00025415973505, -0.000228972887271, 0.000249806209467, -0.000281855085632, 0.000254615588346, 7.62109048082e-05, -7.20308162272e-05], [-7.99449917395e-05, 0.000273418118013, -0.000163581731613, 0.000292086362606, -0.000246242678259, 0.000477668392705, -0.000298614584608, 0.000352445844328, -0.000335287011694, 0.000473016436445, -0.000393252354115, -5.17222288181e-05, 0.000182182018762], [8.15653547761e-05, -0.000163581731613, 0.00189982505981, -0.000581199070439, 0.000990911736153, 0.000141268435982, 0.000332002731739, -0.00137239135802, 0.000621831801254, -0.000925890286453, -3.03536194224e-06, -0.00114291114733, -0.000363798666513], [-0.000116299954243, 0.000292086362606, -0.000581199070439, 0.00411488069221, -0.000658879289404, -0.00114018132444, -0.000865462410729, 0.000110724708065, -0.000787808909081, -0.000244729657425, -0.000109913176857, -0.00179821497295, 0.000729989842512], [7.17469592928e-05, -0.000246242678259, 0.000990911736153, -0.000658879289404, 0.00550055643544, -0.00329438154586, 0.000504336261656, -0.00176651636139, 0.000980376731604, -0.00222297105938, -0.000200315349502, 0.00106941384729, -0.00221226620488], [-0.000441460550064, 0.000477668392705, 0.000141268435982, -0.00114018132444, -0.00329438154586, 0.0138093568385, -0.00650120852515, 0.00106072658673, -0.00350411958061, 0.00362608046271, -0.00376281980425, 0.00133083295077, -0.000859385589138], [0.00025415973505, -0.000298614584608, 0.000332002731739, -0.000865462410729, 0.000504336261656, -0.00650120852515, 0.0146964266896, -0.00815618783236, 0.00457581365481, -0.00362497847527, 0.00275832787156, -0.00388095364906, -0.000658471835777], [-0.000228972887271, 0.000352445844328, -0.00137239135802, 0.000110724708065, -0.00176651636139, 0.00106072658673, -0.00815618783236, 0.0214588474482, -0.0116951894015, 0.00461544282734, -0.00432596961036, 0.00237483321689, -0.00112242950127], [0.000249806209467, -0.000335287011694, 0.000621831801254, -0.000787808909081, 0.000980376731604, -0.00350411958061, 0.00457581365481, -0.0116951894015, 0.0194830540568, -0.0123695312068, 0.00476683862507, -0.00205907225609, 0.00106605328619], [-0.000281855085632, 0.000473016436445, -0.000925890286453, -0.000244729657425, -0.00222297105938, 0.00362608046271, -0.00362497847527, 0.00461544282734, -0.0123695312068, 0.0215875320137, -0.0106873018667, 0.00455283094198, -0.0010909975972], [0.000254615588346, -0.000393252354115, -3.03536194224e-06, -0.000109913176857, -0.000200315349502, -0.00376281980425, 0.00275832787156, -0.00432596961036, 0.00476683862507, -0.0106873018667, 0.0196121055633, -0.0082421284169, 0.00228034169413], [7.62109048082e-05, -5.17222288181e-05, -0.00114291114733, -0.00179821497295, 0.00106941384729, 0.00133083295077, -0.00388095364906, 0.00237483321689, -0.00205907225609, 0.00455283094198, -0.0082421284169, 0.0218969080597, -0.00958380848169], [-7.20308162272e-05, 0.000182182018762, -0.000363798666513, 0.000729989842512, -0.00221226620488, -0.000859385589138, -0.000658471835777, -0.00112242950127, 0.00106605328619, -0.0010909975972, 0.00228034169413, -0.00958380848169, 0.0172291304916]]}, "spectral_contrast_coeffs": {"dmean": [0.0398588515818, 0.0423980280757, 0.039949927479, 0.0372707098722, 0.0260170772672, 0.0199062209576], "dmean2": [0.0646578148007, 0.0699358358979, 0.0638481751084, 0.0603177770972, 0.0404779911041, 0.0307663157582], "dvar": [0.00116630084813, 0.00142665859312, 0.00149102031719, 0.00146063056309, 0.000715595146175, 0.000360749138054], "dvar2": [0.00311511848122, 0.00389109202661, 0.00375537807122, 0.00366402440704, 0.00167697574943, 0.000831748824567], "max": [-0.203600659966, -0.408063799143, -0.433013767004, -0.512146949768, -0.6222230196, -0.65195196867], "mean": [-0.600013256073, -0.682094216347, -0.708754062653, -0.777802228928, -0.815627813339, -0.815502822399], "median": [-0.625909864902, -0.669281005859, -0.698094129562, -0.772605657578, -0.814187407494, -0.80800896883], "min": [-0.982261002064, -0.982746899128, -0.980916798115, -0.97806084156, -0.970614790916, -0.967190086842], "var": [0.0254893004894, 0.00835459772497, 0.00813395809382, 0.00510298274457, 0.00317837973125, 0.00255847210065]}, "spectral_contrast_valleys": {"dmean": [0.381341874599, 0.318843156099, 0.395043313503, 0.501444518566, 0.477623313665, 0.489873588085], "dmean2": [0.631227195263, 0.53146392107, 0.664829552174, 0.81097060442, 0.753089547157, 0.698370099068], "dvar": [0.129977852106, 0.0985112562776, 0.189342334867, 0.402040362358, 0.478696167469, 0.483797818422], "dvar2": [0.32833480835, 0.237879961729, 0.478626459837, 0.988880813122, 1.11362051964, 1.091614604], "max": [-4.71218538284, -4.33574390411, -5.01440477371, -5.12122821808, -