{"lowlevel": {"average_loudness": 0.978149592876, "barkbands_crest": {"dmean": 3.25178265572, "dmean2": 4.82292556763, "dvar": 12.136756897, "dvar2": 20.6085033417, "max": 26.3309593201, "mean": 14.4359760284, "median": 13.5183582306, "min": 2.43072748184, "var": 46.8365707397}, "barkbands_flatness_db": {"dmean": 0.0437808074057, "dmean2": 0.0576605387032, "dvar": 0.00301166391, "dvar2": 0.00496853655204, "max": 0.858464300632, "mean": 0.209859579802, "median": 0.178394570947, "min": 0.0215098466724, "var": 0.0183677896857}, "barkbands_kurtosis": {"dmean": 17.3912124634, "dmean2": 25.1115970612, "dvar": 2895.66943359, "dvar2": 6334.12353516, "max": 1026.13378906, "mean": 25.0239276886, "median": 5.38426589966, "min": -1.86493337154, "var": 4375.87548828}, "barkbands_skewness": {"dmean": 1.26427972317, "dmean2": 1.66767430305, "dvar": 2.81606841087, "dvar2": 4.97718811035, "max": 28.6920623779, "mean": 2.92191195488, "median": 2.17566537857, "min": -3.61777925491, "var": 9.71608352661}, "barkbands_spread": {"dmean": 8.85053253174, "dmean2": 13.2593574524, "dvar": 194.219787598, "dvar2": 388.17489624, "max": 110.560325623, "mean": 23.1220970154, "median": 12.956776619, "min": 0.0732665061951, "var": 595.563659668}, "dissonance": {"dmean": 0.0305902231485, "dmean2": 0.0492601245642, "dvar": 0.0013850935502, "dvar2": 0.00341378385201, "max": 0.5, "mean": 0.442131876945, "median": 0.459417253733, "min": 0.0735376179218, "var": 0.00337683735415}, "dynamic_complexity": 2.76533341408, "erbbands_crest": {"dmean": 3.47772693634, "dmean2": 5.11700439453, "dvar": 11.6379089355, "dvar2": 22.0598201752, "max": 33.0123939514, "mean": 11.6681938171, "median": 10.3471050262, "min": 1.83695101738, "var": 41.8285598755}, "erbbands_flatness_db": {"dmean": 0.0272277574986, "dmean2": 0.0379441380501, "dvar": 0.00127532100305, "dvar2": 0.0023332927376, "max": 0.651093661785, "mean": 0.1577270329, "median": 0.131008058786, "min": 0.0262164734304, "var": 0.00854894705117}, "erbbands_kurtosis": {"dmean": 2.31202173233, "dmean2": 3.54162406921, "dvar": 55.6937484741, "dvar2": 110.867652893, "max": 355.389465332, "mean": 2.35610580444, "median": 0.605808019638, "min": -1.87522137165, "var": 79.865524292}, "erbbands_skewness": {"dmean": 0.573681950569, "dmean2": 0.820584118366, "dvar": 0.417353838682, "dvar2": 0.85758793354, "max": 11.7786054611, "mean": 0.499464422464, "median": 0.521936774254, "min": -4.64389038086, "var": 1.34666717052}, "erbbands_spread": {"dmean": 12.5655565262, "dmean2": 18.2031173706, "dvar": 209.897415161, "dvar2": 427.327331543, "max": 196.374786377, "mean": 44.0698738098, "median": 38.5128974915, "min": 0.335468709469, "var": 817.550476074}, "hfc": {"dmean": 20.0431079865, "dmean2": 29.8850708008, "dvar": 1452.89501953, "dvar2": 3393.43994141, "max": 259.165527344, "mean": 28.705116272, "median": 15.8682870865, "min": 1.00925365329e-16, "var": 1609.14538574}, "melbands_crest": {"dmean": 4.1293387413, "dmean2": 5.95633125305, "dvar": 17.8398990631, "dvar2": 35.1755027771, "max": 39.1590499878, "mean": 21.0922260284, "median": 20.3458709717, "min": 1.54243791103, "var": 83.9398345947}, "melbands_flatness_db": {"dmean": 0.0559144355357, "dmean2": 0.0728446617723, "dvar": 0.00492291385308, "dvar2": 0.00789609272033, "max": 1, "mean": 0.298998177052, "median": 0.27408438921, "min": 0.00265146116726, "var": 0.0295429266989}, "melbands_kurtosis": {"dmean": 26.0975074768, "dmean2": 35.3243408203, "dvar": 3622.97045898, "dvar2": 6319.38476562, "max": 1598.87255859, "mean": 43.883731842, "median": 16.2203216553, "min": -1.71110475063, "var": 7570.44873047}, "melbands_skewness": {"dmean": 1.39939057827, "dmean2": 1.8408356905, "dvar": 2.56920623779, "dvar2": 4.283390522, "max": 24.1138114929, "mean": 4.22327041626, "median": 3.3664855957, "min": -3.10339689255, "var": 10.6792078018}, "melbands_spread": {"dmean": 11.4308662415, "dmean2": 17.1472892761, "dvar": 505.688598633, "dvar2": 1070.90795898, "max": 192.229888916, "mean": 23.1698741913, "median": 10.2593765259, "min": 0.0741508156061, "var": 1148.10083008}, "pitch_salience": {"dmean": 0.102401942015, "dmean2": 0.151782274246, "dvar": 0.0125655569136, "dvar2": 0.0247574225068, "max": 0.913734078407, "mean": 0.42253023386, "median": 0.435925841331, "min": 0.0122537976131, "var": 0.0409590154886}, "silence_rate_20dB": {"dmean": 0, "dmean2": 0, "dvar": 0, "dvar2": 0, "max": 1, "mean": 1, "median": 1, "min": 1, "var": 0}, "silence_rate_30dB": {"dmean": 0.105324074626, "dmean2": 0.210672527552, "dvar": 0.0942392423749, "dvar2": 0.180424168706, "max": 1, "mean": 0.782316863537, "median": 1, "min": 0, "var": 0.170287385583}, "silence_rate_60dB": {"dmean": 0.0171296298504, "dmean2": 0.0341474711895, "dvar": 0.0168343856931, "dvar2": 0.0440892167389, "max": 1, "mean": 0.035412568599, "median": 0, "min": 0, "var": 0.0341575667262}, "spectral_centroid": {"dmean": 321.480926514, "dmean2": 461.200653076, "dvar": 230599.5, "dvar2": 368285.59375, "max": 11607.1523438, "mean": 1367.5793457, "median": 865.059143066, "min": 47.6849441528, "var": 2429077.75}, "spectral_complexity": {"dmean": 4.8516201973, "dmean2": 7.02870702744, "dvar": 49.6112480164, "dvar2": 89.0330581665, "max": 60, "mean": 12.9524364471, "median": 10, "min": 0, "var": 95.3111343384}, "spectral_decrease": {"dmean": 5.72133229682e-09, "dmean2": 7.4825070584e-09, "dvar": 5.79778898447e-17, "dvar2": 8.62226005176e-17, "max": 2.47999814415e-21, "mean": -1.56316843913e-08, "median": -8.93296725479e-09, "min": -7.41530072901e-08, "var": 2.44728279601e-16}, "spectral_energy": {"dmean": 0.0223995372653, "dmean2": 0.0298745185137, "dvar": 0.000835847924463, "dvar2": 0.00126589741558, "max": 0.281424880028, "mean": 0.0616013407707, "median": 0.0373904854059, "min": 9.86546893422e-21, "var": 0.00348076270893}, "spectral_energyband_high": {"dmean": 0.00159587583039, "dmean2": 0.00235729129054, "dvar": 1.2288124708e-05, "dvar2": 2.72041361313e-05, "max": 0.0227686651051, "mean": 0.00181938859168, "median": 0.000343043793691, "min": 7.00468336496e-21, "var": 1.43427250805e-05}, "spectral_energyband_low": {"dmean": 0.0203464720398, "dmean2": 0.0253901332617, "dvar": 0.000837258587126, "dvar2": 0.00115709146485, "max": 0.279616475105, "mean": 0.0472455322742, "median": 0.0175911616534, "min": 9.17798879116e-24, "var": 0.00327527732588}, "spectral_energyband_middle_high": {"dmean": 0.00176448852289, "dmean2": 0.00263464357704, "dvar": 1.11592134999e-05, "dvar2": 2.6808520488e-05, "max": 0.0301637109369, "mean": 0.00277591659687, "median": 0.00108557241037, "min": 1.12697087963e-21, "var": 1.71127758222e-05}, "spectral_energyband_middle_low": {"dmean": 0.00766094774008, "dmean2": 0.0130223827437, "dvar": 0.000284874986392, "dvar2": 0.000797579356004, "max": 0.115186296403, "mean": 0.0107680745423, "median": 0.00547380093485, "min": 1.54441484085e-22, "var": 0.000233476763242}, "spectral_entropy": {"dmean": 0.320341408253, "dmean2": 0.465206027031, "dvar": 0.199032351375, "dvar2": 0.372453957796, "max": 9.82948875427, "mean": 7.37559080124, "median": 7.55987167358, "min": 2.63214445114, "var": 1.0586656332}, "spectral_flux": {"dmean": 0.0516614839435, "dmean2": 0.0712654292583, "dvar": 0.00356437265873, "dvar2": 0.00567495357245, "max": 0.469624698162, "mean": 0.112565211952, "median": 0.0872263759375, "min": 6.36159042111e-11, "var": 0.00860861223191}, "spectral_kurtosis": {"dmean": 11.207652092, "dmean2": 17.3503417969, "dvar": 2340.95068359, "dvar2": 5655.41894531, "max": 942.782775879, "mean": 18.2087230682, "median": 3.4204659462, "min": -1.25571882725, "var": 4145.31054688}, "spectral_rms": {"dmean": 0.00143908278551, "dmean2": 0.0019320481224, "dvar": 2.63350443674e-06, "dvar2": 4.03453350373e-06, "max": 0.0165698770434, "mean": 0.00679967226461, "median": 0.00603974517435, "min": 3.10239377591e-12, "var": 1.38630648507e-05}, "spectral_rolloff": {"dmean": 1080.54797363, "dmean2": 1768.78881836, "dvar": 5420134.5, "dvar2": 10638786, "max": 19982.8125, "mean": 2365.96630859, "median": 495.263671875, "min": 21.533203125, "var": 16520607}, "spectral_skewness": {"dmean": 0.576894164085, "dmean2": 0.850115656853, "dvar": 2.18727850914, "dvar2": 4.81222248077, "max": 22.9950866699, "mean": 2.33140158653, "median": 1.64432346821, "min": -0.0761480256915, "var": 7.22795009613}, "spectral_spread": {"dmean": 943718, "dmean2": 1353389.5, "dvar": 1387751276540.0, "dvar2": 2357060698110.0, "max": 42552140, "mean": 6840015.5, "median": 6369685, "min": 106136.929688, "var": 27752665186300.0}, "spectral_strongpeak": {"dmean": 0.349904119968, "dmean2": 0.554249942303, "dvar": 0.515758037567, "dvar2": 1.23480129242, "max": 13.191411972, "mean": 0.761264920235, "median": 0.612001359463, "min": 0, "var": 0.774753749371}, "zerocrossingrate": {"dmean": 0.0238013379276, "dmean2": 0.0262739285827, "dvar": 0.00121012341697, "dvar2": 0.00130941404495, "max": 0.53369140625, "mean": 0.081285238266, "median": 0.0419921875, "min": 0.001953125, "var": 0.00964081007987}, "barkbands": {"dmean": [0.000992996501736, 0.0193840842694, 0.00584653439, 0.00263902917504, 0.00313338451087, 0.000630238966551, 0.00135547143873, 0.000869172799867, 0.000634585041553, 0.00030563378823, 0.000243776841671, 0.000136673392262, 0.000266308779828, 0.00027551461244, 0.00032382257632, 0.000188112884643, 0.000119168696983, 0.000159682836966, 0.000119911674119, 0.000181903975317, 0.000170356055605, 0.000230671706959, 0.000265251292149, 0.000204116702662, 0.000318355159834, 0.000326356239384, 0.000135860173032], "dmean2": [0.000952645030338, 0.0252134613693, 0.0105125941336, 0.00506394449621, 0.00577529752627, 0.00103837042116, 0.00185175531078, 0.00123949383851, 0.00085280125495, 0.000447936996352, 0.000372638372937, 0.000228768098168, 0.000408595020417, 0.000438184797531, 0.000506176555064, 0.000301118736388, 0.000193309053429, 0.00024831717019, 0.000186019344255, 0.000261152919848, 0.000243508053245, 0.000327221205225, 0.00040503020864, 0.000289638643153, 0.000502430892084, 0.000541637302376, 0.000216118394746], "dvar": [2.04315324481e-06, 0.000927698623855, 0.000267957511824, 7.95430969447e-05, 8.09049088275e-05, 1.61555260547e-06, 6.99527527104e-06, 3.47245031662e-06, 4.39932318841e-06, 8.66574680458e-07, 6.72755334108e-07, 2.3904536306e-07, 5.15834926773e-07, 7.2108571203e-07, 6.75617172874e-07, 2.69848669632e-07, 8.1590769696e-08, 1.03060727952e-07, 8.05109792168e-08, 1.54725526613e-07, 1.05587638188e-07, 2.15027284867e-07, 3.14930787226e-07, 2.24069381716e-07, 6.68630832479e-07, 7.80482707796e-07, 9.2590809686e-08], "dvar2": [1.66494282894e-06, 0.00135812687222, 0.000749848841224, 0.000233090104302, 0.000233027240029, 4.16042621509e-06, 1.0736315744e-05, 4.69725227958e-06, 5.91947355133e-06, 1.64571838468e-06, 1.36295454922e-06, 5.94057325998e-07, 1.02071874153e-06, 1.72142790689e-06, 1.66917880051e-06, 6.8105993023e-07, 2.08750748243e-07, 2.4081475658e-07, 1.93452706299e-07, 2.83346651031e-07, 2.17831782834e-07, 4.31381891985e-07, 7.41918768199e-07, 4.94471464663e-07, 1.66281222391e-06, 1.9734536636e-06, 2.21897906272e-07], "max": [0.0142977908254, 0.271131932735, 0.12692900002, 0.0672816559672, 0.0743433237076, 0.019502595067, 0.0528803355992, 0.0734536349773, 0.0718129649758, 0.0246566794813, 0.0218232311308, 0.0190032664686, 0.0207166858017, 0.0256464667618, 0.00985550601035, 0.00731078861281, 0.00390961207449, 0.00501891924068, 0.00650749215856, 0.00756613956764, 0.004290509969, 0.00321289035492, 0.00602742331102, 0.00461268611252, 0.00574089214206, 0.00608886685222, 0.00210209772922], "mean": [0.00247461325489, 0.039184551686, 0.0046308785677, 0.00163751037326, 0.00248852954246, 0.000774812710006, 0.00302765681408, 0.00157467497047, 0.00115690100938, 0.000530752236955, 0.000312412827043, 0.000154093693709, 0.000360739271855, 0.000280041887891, 0.000365461601177, 0.000183384589036, 0.000134201545734, 0.000182089905138, 0.000139733689139, 0.000269488955382, 0.000193684420083, 0.000265430659056, 0.000278541323496, 0.000260106113274, 0.000339474063367, 0.000269354030024, 0.000132112269057], "median": [0.000278666819213, 0.0108886733651, 0.000720987678505, 0.000115836846817, 0.00066072086338, 0.000295912002912, 0.00117401697207, 0.000606440531556, 0.000256957078818, 6.08041809755e-05, 5.75502272113e-05, 2.09535774047e-05, 5.03063783981e-05, 4.65036173409e-05, 5.65031696169e-05, 3.66197346011e-05, 2.37901222135e-05, 2.38970260398e-05, 2.69197316811e-05, 4.63024989585e-05, 3.46689666912e-05, 3.63832878065e-05, 4.9429218052e-05, 5.37646810699e-05, 5.07600634592e-05, 2.50729954132e-05, 9.33012324822e-06], "min": [5.21458135728e-26, 1.25514534503e-24, 3.39672856166e-25, 1.16090407699e-24, 6.98907806173e-24, 4.96698774794e-24, 5.46584445174e-24, 7.01485566953e-24, 1.29995733817e-23, 1.66441857056e-23, 1.182033598e-23, 3.12552559774e-23, 1.80213317423e-23, 3.4028199878e-23, 4.05813242156e-23, 5.83042614319e-23, 5.27778711168e-23, 9.06527965824e-23, 9.05288696896e-23, 1.58517597802e-22, 2.19486423112e-22, 3.16359880181e-22, 3.89092148823e-22, 5.29111349673e-22, 8.369393142e-22, 1.32197295351e-21, 1.76578746194e-21], "var": [1.30913113026e-05, 0.00279102823697, 0.000170170693309, 4.29833198723e-05, 4.83959593112e-05, 1.77564731985e-06, 2.72297966148e-05, 1.4038628251e-05, 1.52674911078e-05, 3.15612192026e-06, 1.16706587505e-06, 3.04416062136e-07, 1.04967000425e-06, 7.30531212412e-07, 7.32411194804e-07, 2.38815005105e-07, 1.11475301878e-07, 1.77481041419e-07, 1.18839174945e-07, 4.17127608898e-07, 1.56596797751e-07, 2.89457119607e-07, 3.48097273672e-07, 3.00796301644e-07, 6.44493866275e-07, 6.26933342573e-07, 9.15241002986e-08]}, "erbbands": {"dmean": [0.708408415318, 4.26058197021, 6.64274978638, 8.23728084564, 8.78842830658, 10.9580278397, 9.32544517517, 4.44875049591, 11.5795593262, 28.5745162964, 17.3560829163, 13.4142951965, 10.4188652039, 11.6273527145, 9.0077495575, 5.65705633163, 11.5657014847, 13.03191185, 13.5034427643, 17.3599319458, 10.767414093, 6.81684494019, 8.11857795715, 7.85400295258, 7.07636880875, 8.3586025238, 4.95150613785, 9.04928779602, 8.04715061188, 7.3123383522, 7.76761341095, 4.58023834229, 3.52078461647, 3.56635403633, 2.33958911896, 1.3445994854, 0.637214004993, 0.130195766687, 0.0216543097049, 0.00160030496772], "dmean2": [0.865699887276, 5.56132411957, 10.8255624771, 15.4452571869, 16.2716941833, 20.431224823, 16.7591629028, 7.03243494034, 16.2556991577, 39.3358192444, 23.6214427948, 17.9134063721, 14.7577457428, 17.0098400116, 14.0305633545, 9.17883300781, 18.0793056488, 20.1852684021, 20.6298408508, 27.6019897461, 17.5001182556, 10.9386768341, 12.6878929138, 12.1063575745, 10.4614219666, 11.5319623947, 7.28668689728, 13.346818924, 11.4949369431, 10.634469986, 11.8401517868, 6.64717960358, 5.04633378983, 5.62947463989, 3.71823239326, 2.19534873962, 1.07612216473, 0.210505634546, 0.0345317684114, 0.00253253849223], "dvar": [1.12890255451, 53.1510238647, 270.122406006, 671.271850586, 763.61340332, 1004.61413574, 553.104736328, 94.900680542, 535.569335938, 3698.62475586, 2281.50952148, 1471.85388184, 1455.34118652, 1424.76464844, 640.534790039, 316.621704102, 708.883361816, 1352.72546387, 1411.85864258, 2024.76623535, 992.422241211, 289.518707275, 268.294372559, 240.321044922, 346.269561768, 315.423034668, 93.1828613281, 346.54385376, 247.476242065, 217.300888062, 290.715179443, 111.350524902, 70.7460784912, 84.0797271729, 36.7396430969, 13.3576087952, 3.15739059448, 0.094817660749, 0.00238729431294, 1.26619497678e-05], "dvar2": [1.47903978825, 85.7720184326, 703.558898926, 1940.37084961, 2197.89477539, 2905.12670898, 1575.73962402, 218.15007019, 1079.5559082, 5351.02832031, 2771.29394531, 2426.15087891, 1797.12463379, 2622.62255859, 1426.16467285, 729.10748291, 1617.73681641, 3197.80004883, 3296.20776367, 4959.02294922, 2588.32958984, 724.244384766, 614.168823242, 566.545227051, 727.655273438, 581.705383301, 174.928970337, 763.506713867, 507.873779297, 473.430938721, 686.456848145, 251.681182861, 157.494552612, 207.314437866, 92.0799255371, 33.0747528076, 8.26340293884, 0.22421438992, 0.00573754869401, 3.1291430787e-05], "max": [10.2419071198, 61.569152832, 136.756011963, 187.488525391, 198.433822632, 264.161682129, 194.665786743, 218.593399048, 468.753479004, 1388.89428711, 2002.69494629, 999.488098145, 1351.33312988, 951.129577637, 606.907531738, 758.435119629, 405.058807373, 738.856384277, 690.150634766, 690.552062988, 488.704101562, 309.325927734, 293.55682373, 113.225570679, 582.895202637, 415.830078125, 216.0284729, 124.516136169, 111.459838867, 173.478164673, 155.418304443, 121.205207825, 66.8128509521, 83.4195785522, 41.8553924561, 26.5127429962, 12.8122186661, 2.03893470764, 0.369590520859, 0.0265523288399], "mean": [1.63457262516, 6.67273950577, 6.54267215729, 5.69931983948, 6.27008390427, 8.41238880157, 8.66892337799, 6.51773643494, 24.5014057159, 59.1218757629, 33.3776817322, 25.6662578583, 18.1424236298, 19.9368572235, 11.8815965652, 7.52652311325, 15.4830312729, 15.6610002518, 15.3160896301, 18.0440158844, 10.6990394592, 7.87751054764, 9.49527454376, 8.33782291412, 9.9386138916, 12.3703269958, 6.82790899277, 9.13428115845, 9.49825763702, 7.94873809814, 8.36616134644, 5.63343811035, 4.44010448456, 3.76823472977, 2.4297246933, 1.20278763771, 0.496962487698, 0.111336544156, 0.0203586369753, 0.00177874125075], "median": [0.265840500593, 2.25106358528, 1.48398518562, 0.673802018166, 0.940028905869, 2.07691931725, 3.07416772842, 2.72309732437, 8.58424472809, 27.4979610443, 11.3807926178, 7.07968521118, 3.10067677498, 2.40886068344, 3.05337309837, 1.4967341423, 2.41725420952, 3.11915373802, 2.86949253082, 2.68075156212, 2.18002843857, 1.4307653904, 1.36815524101, 1.40340948105, 1.92728245258, 2.28917908669, 1.32272994518, 1.348980546, 1.40694499016, 1.17942249775, 1.54314100742, 1.13546729088, 0.896426260471, 0.572870850563, 0.351750552654, 0.149041295052, 0.0362454168499, 0.00871249008924, 0.00150658318307, 0.000283891393337], "min": [3.52681062053e-23, 4.24712664439e-22, 1.77861542573e-21, 4.23860755245e-21, 1.1518062707e-20, 1.5379097045e-20, 4.05101946852e-20, 5.35939947772e-20, 6.87798934504e-20, 1.86115482728e-19, 2.56456388779e-19, 3.60974097144e-19, 5.16367962675e-19, 7.17605289278e-19, 9.21512186211e-19, 1.34397586571e-18, 1.24412265467e-18, 1.44637741343e-18, 2.53574057255e-18, 2.26686365328e-18, 3.82169974786e-18, 3.42999974252e-18, 5.71871771438e-18, 6.59191769313e-18, 7.32197034457e-18, 6.33308088534e-18, 7.70307644101e-18, 1.00306741764e-17, 1.09312687227e-17, 1.02953041436e-17, 1.22664953957e-17, 1.03466149842e-17, 8.71225746784e-18, 8.74968242747e-18, 6.38882210528e-18, 3.9769375606e-18, 2.41587548435e-18, 8.87220276544e-19, 2.26484326464e-19, 2.31937404792e-20], "var": [4.76541852951, 112.214607239, 224.551574707, 382.024505615, 451.00201416, 582.327026367, 374.411865234, 133.797607422, 2247.49462891, 12288.0449219, 9501.64550781, 4737.80371094, 5009.53515625, 4546.15087891, 988.252990723, 520.217773438, 1328.33911133, 1943.24804688, 1540.13317871, 2216.94873047, 830.623596191, 481.261169434, 482.859924316, 277.39151001, 810.763366699, 868.916442871, 208.240539551, 390.420257568, 336.699249268, 270.315551758, 322.042236328, 144.720748901, 90.2623748779, 82.0042724609, 34.2915802002, 11.4076128006, 2.35675477982, 0.0865265727043, 0.00230554072186, 1.31523302116e-05]}, "gfcc": {"mean": [-37.312625885, 74.1944732666, -63.395072937, 16.9853401184, -50.182800293, 10.7881660461, -23.3828105927, 17.4356269836, -3.45806050301, 16.2464141846, -5.93832111359, -4.5455994606, -8.95917892456], "cov": [[32983.6171875, -3006.68701172, -2386.22802734, 1289.44543457, -1141.04675293, 622.974975586, -1329.68334961, 68.6290512085, -669.431335449, -37.7587890625, -758.049377441, 290.20513916, -540.182678223], [-3006.68701172, 5209.90869141, 438.99798584, -373.49105835, 766.099975586, -31.9453735352, 649.929870605, 127.993141174, 315.324829102, 122.839553833, 424.30847168, -183.352828979, 298.68572998], [-2386.22802734, 438.99798584, 1308.6776123, 172.390182495, 168.109161377, -9.48682022095, 160.950119019, -59.2041130066, 89.7582855225, -3.4514029026, 19.1644363403, -82.1868515015, 30.3276138306], [1289.44543457, -373.49105835, 172.390182495, 651.50390625, 150.174362183, 132.155944824, -44.1248970032, 59.2354736328, -40.8508415222, -18.23579216, -75.0871887207, 67.2191925049, -27.3436183929], [-1141.04675293, 766.099975586, 168.109161377, 150.174362183, 642.849487305, 179.008789062, 147.474121094, 29.2623329163, 110.550392151, -26.2065868378, 27.1737689972, 31.8234405518, 71.9306106567], [622.974975586, -31.9453735352, -9.48682022095, 132.155944824, 179.008789062, 304.277954102, 48.1708374023, 69.0823364258, 23.0994491577, 24.6920967102, -11.5110683441, 53.8902435303, -3.93063569069], [-1329.68334961, 649.929870605, 160.950119019, -44.1248970032, 147.474121094, 48.1708374023, 325.967010498, 86.4803924561, 105.214912415, 56.0167884827, 104.216911316, -30.4593677521, 50.9625396729], [68.6290512085, 127.993141174, -59.2041130066, 59.2354736328, 29.2623329163, 69.0823364258, 86.4803924561, 246.553710938, 137.441665649, 94.998298645, 71.294921875, 30.5602798462, 26.6971168518], [-669.431335449, 315.324829102, 89.7582855225, -40.8508415222, 110.550392151, 23.0994491577, 105.214912415, 137.441665649, 228.756408691, 126.072509766, 65.7408218384, -13.5867013931, 41.2013206482], [-37.7587890625, 122.839553833, -3.4514029026, -18.23579216, -26.2065868378, 24.6920967102, 56.0167884827, 94.998298645, 126.072509766, 166.707443237, 88.8771133423, -2.33262372017, 15.868227005], [-758.049377441, 424.30847168, 19.1644363403, -75.0871887207, 27.1737689972, -11.5110683441, 104.216911316, 71.294921875, 65.7408218384, 88.8771133423, 181.597518921, 40.192943573, 38.798286438], [290.20513916, -183.352828979, -82.1868515015, 67.2191925049, 31.8234405518, 53.8902435303, -30.4593677521, 30.5602798462, -13.5867013931, -2.33262372017, 40.192943573, 125.749229431, 23.4434432983], [-540.182678223, 298.68572998, 30.3276138306, -27.3436183929, 71.9306106567, -3.93063569069, 50.9625396729, 26.6971168518, 41.2013206482, 15.868227005, 38.798286438, 23.4434432983, 110.033416748]], "icov": [[6.12769290456e-05, -6.13121592323e-05, 8.34978418425e-05, -0.000113096095447, 0.000147348255268, -0.000125860155094, 0.000136262155138, -2.32119728025e-05, 6.82117824908e-05, -0.000179476934136, 0.000309153023409, -0.000190646460396, 0.000189790429431], [-6.13121592323e-05, 0.000513347389642, -5.44013601029e-05, 0.000171335181221, -0.00058418372646, 0.000131053035147, -0.000302642787574, 3.77862647838e-06, -5.03557166667e-05, 0.00054910586914, -0.00147444754839, 0.00143478030805, -0.000957208336331], [8.34978418425e-05, -5.44013601029e-05, 0.00120573153254, -0.000850395590533, 0.000439918338088, -0.000372005713871, -0.000165200981428, 0.00107418152038, -0.00130105309654, 0.000832399528008, -0.000507573771756, 0.00077137252083, -8.92946409294e-05], [-0.000113096095447, 0.000171335181221, -0.000850395590533, 0.00298558454961, -0.00152946740855, 0.000623841653578, -0.000178141097422, -0.00202459236607, 0.00269583240151, -0.00207483256236, 0.00188545777928, -0.00151533726603, 0.000499669928104], [0.000147348255268, -0.00058418372646, 0.000439918338088, -0.00152946740855, 0.00428784592077, -0.00251522101462, -2.57535771198e-06, 0.00211822288111, -0.00409713899717, 0.00339856790379, -0.000261438282905, -0.000853280711453, -0.000279806234175], [-0.000125860155094, 0.000131053035147, -0.000372005713871, 0.000623841653578, -0.00251522101462, 0.00619048019871, -0.00151280569844, -0.00207366864197, 0.00303129968233, -0.00375872058794, 0.00302571291104, -0.00292884465307, 0.00131724250969], [0.000136262155138, -0.000302642787574, -0.000165200981428, -0.000178141097422, -2.57535771198e-06, -0.00151280569844, 0.00597626063973, -0.00106447422877, -0.000684830651153, 0.00102676241659, -0.00256205978803, 0.00245931674726, -0.000582511071116], [-2.32119728025e-05, 3.77862647838e-06, 0.00107418152038, -0.00202459236607, 0.00211822288111, -0.00207366864197, -0.00106447422877, 0.009576424025, -0.0073533221148, 0.00262791546993, -0.00311984098516, -1.0251942939e-07, -0.000738155387808], [6.82117824908e-05, -5.03557166667e-05, -0.00130105309654, 0.00269583240151, -0.00409713899717, 0.00303129968233, -0.000684830651153, -0.0073533221148, 0.0171389728785, -0.0125265344977, 0.00599327357486, -0.0014545400627, -2.64183527179e-05], [-0.000179476934136, 0.00054910586914, 0.000832399528008, -0.00207483256236, 0.00339856790379, -0.00375872058794, 0.00102676241659, 0.00262791546993, -0.0125265344977, 0.0207173153758, -0.0119422515854, 0.00645854324102, -0.0020481669344], [0.000309153023409, -0.00147444754839, -0.000507573771756, 0.00188545777928, -0.000261438282905, 0.00302571291104, -0.00256205978803, -0.00311984098516, 0.00599327357486, -0.0119422515854, 0.0195434819907, -0.011758399196, 0.00344329793006], [-0.000190646460396, 0.00143478030805, 0.00077137252083, -0.00151533726603, -0.000853280711453, -0.00292884465307, 0.00245931674726, -1.0251942939e-07, -0.0014545400627, 0.00645854324102, -0.011758399196, 0.0187692586333, -0.00634528603405], [0.000189790429431, -0.000957208336331, -8.92946409294e-05, 0.000499669928104, -0.000279806234175, 0.00131724250969, -0.000582511071116, -0.000738155387808, -2.64183527179e-05, -0.0020481669344, 0.00344329793006, -0.00634528603405, 0.0138889122754]]}, "melbands": {"dmean": [0.00574786681682, 0.0036230974365, 0.00144077802543, 0.000702990102582, 0.000368147419067, 0.000101395955426, 0.000197979185032, 0.000280859821942, 0.00013102889352, 8.5793704784e-05, 5.25921823282e-05, 4.7701112635e-05, 3.55882184522e-05, 1.6375004634e-05, 1.90320879483e-05, 2.69564970949e-05, 2.45078881562e-05, 2.20764559344e-05, 2.46032705036e-05, 1.63247368619e-05, 1.27119828903e-05, 7.37500567993e-06, 5.87269141761e-06, 8.74881970958e-06, 6.37568200546e-06, 4.50268726127e-06, 6.7337055043e-06, 5.05188427269e-06, 3.30258421855e-06, 3.15069496537e-06, 6.27492863714e-06, 4.72706187793e-06, 4.14888654632e-06, 4.21181039201e-06, 4.6059521992e-06, 3.59974342246e-06, 2.5945755624e-06, 2.64034019892e-06, 2.39696851168e-06, 3.23086169374e-06], "dmean2": [0.00734581053257, 0.00494690146297, 0.00267771980725, 0.00130245892797, 0.000670426117722, 0.000160454917932, 0.000275286904071, 0.000390230852645, 0.00017800439673, 0.000115423536045, 7.45051947888e-05, 6.96127754054e-05, 5.44796857866e-05, 2.77711133094e-05, 2.91691703751e-05, 4.25897123932e-05, 3.81668214686e-05, 3.39863363479e-05, 3.9690246922e-05, 2.54111473623e-05, 2.11136266444e-05, 1.22634637592e-05, 9.04586158867e-06, 1.39337180372e-05, 9.8814998637e-06, 6.90267597747e-06, 9.851750292e-06, 7.05144293534e-06, 5.01438944411e-06, 4.45206887889e-06, 9.526539543e-06, 6.95491280567e-06, 5.78413209951e-06, 6.37252969682e-06, 6.96299230185e-06, 5.47381750948e-06, 3.82796451959e-06, 3.82381085728e-06, 3.61258798875e-06, 5.16193085787e-06], "dvar": [7.82444767538e-05, 4.95369713462e-05, 2.05574833672e-05, 4.33525065091e-06, 9.28422650759e-07, 4.33040909797e-08, 1.37233556075e-07, 3.1268578482e-07, 1.25930426975e-07, 7.81408147077e-08, 3.75579531919e-08, 2.61458694695e-08, 1.26810464351e-08, 3.10845171825e-09, 2.55309351438e-09, 5.81952264156e-09, 5.09931030734e-09, 4.27991020402e-09, 4.70019001497e-09, 1.38934541649e-09, 1.62074353938e-09, 3.6246899926e-10, 1.7850410039e-10, 3.25779736521e-10, 1.68956876268e-10, 1.17195794735e-10, 3.12923353896e-10, 1.1692162516e-10, 4.76258546489e-11, 3.99310272348e-11, 1.89120330507e-10, 9.04411892599e-11, 6.65107829922e-11, 7.80640621589e-11, 9.01228952577e-11, 7.6472238264e-11, 3.56451396177e-11, 4.27840471384e-11, 3.36640021414e-11, 6.86015549922e-11], "dvar2": [0.00010802509496, 0.000100687495433, 5.91664938838e-05, 1.24968455566e-05, 2.65916401077e-06, 1.0087016733e-07, 2.57750485844e-07, 4.70739735192e-07, 1.55805238933e-07, 1.18760176804e-07, 4.61747831082e-08, 4.81668323005e-08, 2.65175845726e-08, 8.27796853287e-09, 5.35735011908e-09, 1.23806458419e-08, 1.21434391431e-08, 9.70417524115e-09, 1.22411352166e-08, 3.22177307055e-09, 4.3261674243e-09, 9.42141364924e-10, 3.82433668067e-10, 8.03646815761e-10, 4.03552441464e-10, 2.72284444991e-10, 5.80582748544e-10, 2.17302092986e-10, 9.93153129181e-11, 7.38366520703e-11, 4.38543062975e-10, 1.91128571303e-10, 1.34669997376e-10, 1.81581194525e-10, 2.09172526522e-10, 1.82302950513e-10, 8.17961462451e-11, 9.69225047442e-11, 8.07010847037e-11, 1.68290589797e-10], "max": [0.0850753113627, 0.0655805021524, 0.0334516242146, 0.0166915096343, 0.00744883576408, 0.00444507598877, 0.00729458685964, 0.0126611571759, 0.0147218378261, 0.00898602232337, 0.00688180746511, 0.00417571049184, 0.00297363032587, 0.00112137757242, 0.00231269933283, 0.00209266482852, 0.00168645288795, 0.00178027153015, 0.000628560548648, 0.000588352500927, 0.000692154106218, 0.000304100656649, 0.000357528158929, 0.000214275569306, 0.00010291820945, 0.000272351317108, 0.000523992988747, 0.000267911498668, 0.0001330771629, 0.000181284980499, 0.000101599835034, 6.81869641994e-05, 9.59276003414e-05, 0.000110492903332, 8.25602983241e-05, 9.47691078181e-05, 7.19752642908e-05, 5.59839245398e-05, 4.97561122756e-05, 8.04450173746e-05], "mean": [0.0124107971787, 0.00525316689163, 0.00100714631844, 0.000527025258634, 0.000328905327478, 0.000143033641507, 0.000435307738371, 0.000573926896323, 0.000247847783612, 0.000156011330546, 8.85336339707e-05, 8.14423474367e-05, 4.58105641883e-05, 1.87829537026e-05, 2.69687334367e-05, 3.42708699463e-05, 2.7953145036e-05, 2.39504952333e-05, 2.48740161624e-05, 1.74911565409e-05, 1.18806892715e-05, 8.01728492661e-06, 7.7220656749e-06, 8.94827280717e-06, 6.41155429548e-06, 5.69182702748e-06, 1.00844054032e-05, 7.23343782738e-06, 4.35956280853e-06, 3.80583355764e-06, 5.8913601606e-06, 5.43362648386e-06, 4.85163081976e-06, 4.29195006291e-06, 5.02554348714e-06, 3.92416677641e-06, 3.22476762449e-06, 3.25108953803e-06, 2.82189898826e-06, 3.29727618009e-06], "median": [0.00277754035778, 0.00208221026696, 0.000130977598019, 0.000111453446152, 0.00011071535846, 5.9403013438e-05, 0.000157181275426, 0.000282698048977, 7.59900867706e-05, 3.63867511624e-05, 1.2118615814e-05, 7.75300395617e-06, 1.00335464595e-05, 3.20041021951e-06, 3.58699912795e-06, 5.33455158802e-06, 4.72553574582e-06, 3.57474254997e-06, 3.69956364921e-06, 2.88087676381e-06, 2.02603996513e-06, 1.19962885492e-06, 1.17750198569e-06, 1.12635973437e-06, 1.04044931959e-06, 9.43799193465e-07, 1.60626052548e-06, 1.31103456624e-06, 8.2327352402e-07, 6.8574109946e-07, 6.92938613156e-07, 7.24945493857e-07, 6.786629001e-07, 6.23168432412e-07, 9.35428602133e-07, 7.30735450816e-07, 6.44810143058e-07, 6.28755230991e-07, 5.26814233126e-07, 4.47111290214e-07], "min": [3.41760256077e-25, 1.07815296246e-24, 1.15856293504e-24, 1.11498882243e-24, 1.61320487257e-24, 1.0790834239e-24, 1.02321422383e-24, 1.87051187415e-24, 1.9287653077e-24, 2.0436273998e-24, 2.26031782692e-24, 2.85040688605e-24, 2.30313818293e-24, 3.20903192825e-24, 2.88371910157e-24, 2.42985902381e-24, 2.17128481579e-24, 3.6630057992e-24, 3.05656779502e-24, 2.25603648157e-24, 4.01460702112e-24, 2.71818571251e-24, 4.40763685119e-24, 3.66191362128e-24, 4.54234352823e-24, 3.21140620236e-24, 4.33039395793e-24, 3.36380190191e-24, 4.43668744289e-24, 3.54417534232e-24, 5.44517708488e-24, 5.36690393928e-24, 5.40935372788e-24, 5.26801667494e-24, 6.30023130866e-24, 5.3880462004e-24, 5.88239219755e-24, 5.76370255233e-24, 6.44734519001e-24, 6.66259850978e-24], "var": [0.000272743171081, 7.80233604019e-05, 1.18408788694e-05, 2.57162719208e-06, 5.88301020343e-07, 6.06339085607e-08, 6.00813962137e-07, 1.04386390376e-06, 5.42538316495e-07, 2.48185841656e-07, 1.28972047264e-07, 8.58579554119e-08, 2.10102850673e-08, 3.36318373151e-09, 5.47976020115e-09, 1.01032524569e-08, 6.69425670452e-09, 4.64606442208e-09, 4.11116074517e-09, 1.72603997761e-09, 1.2816373518e-09, 5.33244781664e-10, 5.71905744984e-10, 3.66807723085e-10, 1.80647857784e-10, 2.60041460587e-10, 8.53579540383e-10, 3.16858816962e-10, 9.21435497347e-11, 7.56835774607e-11, 1.91053825538e-10, 1.16261916761e-10, 9.31360683021e-11, 8.65546523343e-11, 1.05443355436e-10, 8.4615439655e-11, 4.56608223454e-11, 5.17106982234e-11, 3.81324312404e-11, 6.58116339203e-11]}, "mfcc": {"mean": [-688.879150391, 118.226226807, 37.8156661987, 19.2641925812, 6.00582456589, 2.2674612999, -0.709822714329, 0.0501763001084, 7.47137784958, 17.3106098175, 11.8846921921, 9.77877140045, 8.46461009979], "cov": [[12758.7587891, -2329.3972168, -1067.52368164, 194.290130615, 255.763626099, 291.033325195, -198.950042725, 28.2786331177, -225.552108765, -333.558563232, -280.228240967, -524.137145996, -254.933013916], [-2329.3972168, 3983.48876953, 286.199401855, 199.787277222, 276.609130859, 166.140136719, 353.247161865, 139.499298096, 199.456008911, 267.337097168, 171.823196411, 245.347244263, 129.945343018], [-1067.52368164, 286.199401855, 1100.85754395, 212.720794678, -7.44466495514, 23.3444423676, 20.8230705261, -43.8283004761, 31.0775241852, 48.4031448364, 49.9309387207, 71.7342910767, 18.2409000397], [194.290130615, 199.787277222, 212.720794678, 445.495147705, 191.760238647, 99.2453384399, 78.1247253418, 78.2726745605, 51.197681427, 10.8281345367, 1.64942121506, 16.4132461548, 14.5794811249], [255.763626099, 276.609130859, -7.44466495514, 191.760238647, 415.849822998, 178.228042603, 69.4072952271, 88.5639877319, 94.4104690552, 8.24449729919, -12.9846572876, 10.1323738098, -4.24368286133], [291.033325195, 166.140136719, 23.3444423676, 99.2453384399, 178.228042603, 275.116119385, 108.587768555, 61.2519111633, 53.8848266602, 7.8775229454, 6.31890058517, -36.5232963562, -29.2376480103], [-198.950042725, 353.247161865, 20.8230705261, 78.1247253418, 69.4072952271, 108.587768555, 190.04145813, 107.785980225, 37.4104347229, 25.0721111298, 30.1133499146, 27.6692066193, 5.91767597198], [28.2786331177, 139.499298096, -43.8283004761, 78.2726745605, 88.5639877319, 61.2519111633, 107.785980225, 162.841796875, 61.6489944458, 21.2611198425, 29.850271225, 24.6397438049, 9.22137069702], [-225.552108765, 199.456008911, 31.0775241852, 51.197681427, 94.4104690552, 53.8848266602, 37.4104347229, 61.6489944458, 171.594909668, 104.920249939, 42.0355148315, 57.6760292053, 39.8843803406], [-333.558563232, 267.337097168, 48.4031448364, 10.8281345367, 8.24449729919, 7.8775229454, 25.0721111298, 21.2611198425, 104.920249939, 171.459915161, 105.346343994, 81.3787536621, 50.3831291199], [-280.228240967, 171.823196411, 49.9309387207, 1.64942121506, -12.9846572876, 6.31890058517, 30.1133499146, 29.850271225, 42.0355148315, 105.346343994, 168.557113647, 114.197677612, 35.1166992188], [-524.137145996, 245.347244263, 71.7342910767, 16.4132461548, 10.1323738098, -36.5232963562, 27.6692066193, 24.6397438049, 57.6760292053, 81.3787536621, 114.197677612, 179.956161499, 98.068611145], [-254.933013916, 129.945343018, 18.2409000397, 14.5794811249, -4.24368286133, -29.2376480103, 5.91767597198, 9.22137069702, 39.8843803406, 50.3831291199, 35.1166992188, 98.068611145, 129.055160522]], "icov": [[0.000111881556222, 4.52601780125e-05, 9.92184941424e-05, -0.000104886545159, -3.77921060135e-05, -0.000128738858621, 0.000151052518049, -7.27580554667e-05, 0.000110535271233, 6.5155941229e-06, -8.61438747961e-05, 0.000244967814069, -5.82891370868e-05], [4.52601780125e-05, 0.000379440549295, -8.27485200716e-06, -1.07094529085e-05, -0.000255671620835, 6.88798827468e-05, -0.000705446756911, 0.000261554407189, 0.000145492333104, -0.000519228051417, 0.000170870771399, -0.00019501215138, -9.97954248305e-06], [9.92184941424e-05, -8.27485200716e-06, 0.00123299926054, -0.00083264708519, 0.000378863827791, -0.000322694482747, 6.11810246482e-05, 0.000701636192389, -0.000145560785313, 9.58016062214e-06, 3.88034231946e-06, -0.000504148076288, 0.000433818408055], [-0.000104886545159, -1.07094529085e-05, -0.00083264708519, 0.00350781623274, -0.00141919136513, 0.000214056257391, -0.000622965337243, -0.000877658254467, 0.000200259877602, -5.0191374612e-05, 9.06386339921e-05, 0.000351589493221, -0.000716026755981], [-3.77921060135e-05, -0.000255671620835, 0.000378863827791, -0.00141919136513, 0.00494802417234, -0.0029350721743, 0.00187001144513, -0.00141349679325, -0.0013812049292, 0.000550819851924, 0.00196204637177, -0.00259393034503, 0.00145162479021], [-0.000128738858621, 6.88798827468e-05, -0.000322694482747, 0.000214056257391, -0.0029350721743, 0.00811527017504, -0.00506847538054, 0.00241778092459, -0.00253696111031, 0.00186044024304, -0.00391443492845, 0.00499683432281, -0.00117477658205], [0.000151052518049, -0.000705446756911, 6.11810246482e-05, -0.000622965337243, 0.00187001144513, -0.00506847538054, 0.0134157864377, -0.00798967294395, 0.00276536704041, -0.00150007335469, 0.00242897309363, -0.00320558436215, 0.00144533813], [-7.27580554667e-05, 0.000261554407189, 0.000701636192389, -0.000877658254467, -0.00141349679325, 0.00241778092459, -0.00798967294395, 0.0136251589283, -0.00515313073993, 0.00360823026858, -0.00411802902818, 0.00233298260719, -0.000981399905868], [0.000110535271233, 0.000145492333104, -0.000145560785313, 0.000200259877602, -0.0013812049292, -0.00253696111031, 0.00276536704041, -0.00515313073993, 0.0148164359853, -0.0106356497854, 0.00619501946494, -0.00434235297143, 0.000878225779161], [6.5155941229e-06, -0.000519228051417, 9.58016062214e-06, -5.0191374612e-05, 0.000550819851924, 0.00186044024304, -0.00150007335469, 0.00360823026858, -0.0106356497854, 0.0186412651092, -0.0117227872834, 0.005520475097, -0.0042052003555], [-8.61438747961e-05, 0.000170870771399, 3.88034231946e-06, 9.06386339921e-05, 0.00196204637177, -0.00391443492845, 0.00242897309363, -0.00411802902818, 0.00619501946494, -0.0117227872834, 0.0206471197307, -0.0150934308767, 0.0075208125636], [0.000244967814069, -0.00019501215138, -0.000504148076288, 0.000351589493221, -0.00259393034503, 0.00499683432281, -0.00320558436215, 0.00233298260719, -0.00434235297143, 0.005520475097, -0.0150934308767, 0.0235020779073, -0.0128264985979], [-5.82891370868e-05, -9.97954248305e-06, 0.000433818408055, -0.000716026755981, 0.00145162479021, -0.00117477658205, 0.00144533813, -0.000981399905868, 0.000878225779161, -0.0042052003555, 0.0075208125636, -0.0128264985979, 0.0165191907436]]}, "spectral_contrast_coeffs": {"dmean": [0.0592638142407, 0.0506130568683, 0.0467585064471, 0.0359983742237, 0.0251265522093, 0.0223733261228], "dmean2": [0.0917081385851, 0.0786680281162, 0.0719729810953, 0.0556011237204, 0.0397426337004, 0.0318350084126], "dvar": [0.00256031309254, 0.00185554358177, 0.00172279344406, 0.000998283154331, 0.000524570117705, 0.000561221619137], "dvar2": [0.00618488481268, 0.00430501904339, 0.00375332660042, 0.00224831770174, 0.00120454211719, 0.00108464097138], "max": [-0.346163570881, -0.355382323265, -0.355339378119, -0.460672557354, -0.499764472246, -0.584718048573], "mean": [-0.677411198616, -0.708489000797, -0.747122704983, -0.778947889805, -0.801763832569, -0.813498139381], "median": [-0.679210782051, -0.711873114109, -0.752722263336, -0.788812756538, -0.803741693497, -0.821204066277], "min": [-0.982119321823, -0.980136573315, -0.978270828724, -0.973593592644, -0.975590109825, -0.964454710484], "var": [0.00890763942152, 0.0073742181994, 0.00752693135291, 0.00458321813494, 0.00251772906631, 0.00224004569463]}, "spectral_contrast_valleys": {"dmean": [0.554788887501, 0.446605652571, 0.544309675694, 0.553248941898, 0.561120033264, 0.522206127644], "dmean2": [0.819946408272, 0.690927028656, 0.828573107719, 0.77284693718, 0.74964183569, 0.672535538673], "dvar": [0.36106261611, 0.199966087937, 0.358302354813, 0.423784792423, 0.484779030085, 0.499563604593], "dvar2": [0.625015676022, 0.453590959311, 0.795072317123, 0.804660618305, 0.881512403488, 0.896131873131], "max": [-5.00928926468, -4.84832715988, -5.43917417526, -5.53278636932, -5.70402240753, -7.28055715561], "mean": [-7.64515542984, -7.12553310394, -8.44111061096, -8.83137130737, -8.67429637909, -10.373208046], "median": [-7.01651287079, -6.6