{"lowlevel": {"average_loudness": 0.927692115307, "barkbands_crest": {"dmean": 1.95274960995, "dmean2": 3.16166734695, "dvar": 3.57174634933, "dvar2": 9.14727401733, "max": 25.1164894104, "mean": 11.0098829269, "median": 10.1511478424, "min": 2.59216022491, "var": 17.6908092499}, "barkbands_flatness_db": {"dmean": 0.0245095547289, "dmean2": 0.0367861688137, "dvar": 0.000718206749298, "dvar2": 0.00149823143147, "max": 0.664261639118, "mean": 0.187584638596, "median": 0.171299412847, "min": 0.033081267029, "var": 0.00746608199552}, "barkbands_kurtosis": {"dmean": 5.37227153778, "dmean2": 8.31838607788, "dvar": 112.737854004, "dvar2": 229.793731689, "max": 641.317687988, "mean": 20.000453949, "median": 10.331820488, "min": -1.29053092003, "var": 2483.58178711}, "barkbands_skewness": {"dmean": 0.535905897617, "dmean2": 0.819964945316, "dvar": 0.404385447502, "dvar2": 0.878850758076, "max": 20.4865188599, "mean": 3.10532808304, "median": 2.78406572342, "min": -1.95474982262, "var": 3.82270812988}, "barkbands_spread": {"dmean": 3.19072270393, "dmean2": 4.85348176956, "dvar": 20.0465660095, "dvar2": 43.8597946167, "max": 58.7189865112, "mean": 11.0959100723, "median": 8.91683197021, "min": 0.249746888876, "var": 75.8520812988}, "dissonance": {"dmean": 0.0209633316845, "dmean2": 0.0344232916832, "dvar": 0.000364426261513, "dvar2": 0.000919564510696, "max": 0.499833494425, "mean": 0.434088766575, "median": 0.444390833378, "min": 0.117105096579, "var": 0.00231024273671}, "dynamic_complexity": 3.65383410454, "erbbands_crest": {"dmean": 1.95828604698, "dmean2": 3.01208758354, "dvar": 3.90980243683, "dvar2": 8.7662525177, "max": 28.7333526611, "mean": 9.50510025024, "median": 8.26598739624, "min": 2.26561570168, "var": 22.5379943848}, "erbbands_flatness_db": {"dmean": 0.0216254200786, "dmean2": 0.029998973012, "dvar": 0.000568417250179, "dvar2": 0.00116061524022, "max": 0.487427443266, "mean": 0.162176534534, "median": 0.142105072737, "min": 0.0516566559672, "var": 0.00529761053622}, "erbbands_kurtosis": {"dmean": 1.04261207581, "dmean2": 1.58250236511, "dvar": 8.43567466736, "dvar2": 15.9392175674, "max": 295.262908936, "mean": 3.37314414978, "median": 0.0822545289993, "min": -1.76435315609, "var": 428.165649414}, "erbbands_skewness": {"dmean": 0.269836425781, "dmean2": 0.411289870739, "dvar": 0.0859505310655, "dvar2": 0.185729250312, "max": 12.699631691, "mean": 1.05019617081, "median": 0.805131435394, "min": -1.19616258144, "var": 1.69742047787}, "erbbands_spread": {"dmean": 8.5166349411, "dmean2": 12.4413967133, "dvar": 95.4728469849, "dvar2": 203.724502563, "max": 123.608459473, "mean": 41.53282547, "median": 40.632522583, "min": 0.657629728317, "var": 371.397979736}, "hfc": {"dmean": 4.36729240417, "dmean2": 5.85551691055, "dvar": 38.7567481995, "dvar2": 69.4061660767, "max": 79.9266433716, "mean": 13.5412254333, "median": 10.0288391113, "min": 1.19098933668e-16, "var": 153.362075806}, "melbands_crest": {"dmean": 2.48531246185, "dmean2": 4.07649707794, "dvar": 5.88013792038, "dvar2": 15.4144058228, "max": 34.0581130981, "mean": 15.8721637726, "median": 15.1938171387, "min": 1.77848947048, "var": 27.5740680695}, "melbands_flatness_db": {"dmean": 0.0263806656003, "dmean2": 0.0397995151579, "dvar": 0.000837133964524, "dvar2": 0.0017186680343, "max": 0.831542134285, "mean": 0.276311665773, "median": 0.264969706535, "min": 0.00506977876648, "var": 0.00866920221597}, "melbands_kurtosis": {"dmean": 11.5041284561, "dmean2": 17.848405838, "dvar": 348.642028809, "dvar2": 765.815429688, "max": 679.587890625, "mean": 36.0089950562, "median": 24.3767147064, "min": -1.2389523983, "var": 2692.71069336}, "melbands_skewness": {"dmean": 0.767199218273, "dmean2": 1.16676056385, "dvar": 0.784419119358, "dvar2": 1.75417006016, "max": 19.284154892, "mean": 4.16598844528, "median": 3.88289833069, "min": -2.35499835014, "var": 3.55893397331}, "melbands_spread": {"dmean": 2.38813090324, "dmean2": 3.6508398056, "dvar": 13.0398826599, "dvar2": 27.6348266602, "max": 138.085189819, "mean": 9.04658603668, "median": 6.97261047363, "min": 0.246965780854, "var": 67.9026489258}, "pitch_salience": {"dmean": 0.063627563417, "dmean2": 0.103652693331, "dvar": 0.00387197337113, "dvar2": 0.00997977517545, "max": 0.87484651804, "mean": 0.537729918957, "median": 0.555765271187, "min": 0.0386873409152, "var": 0.0161473378539}, "silence_rate_20dB": {"dmean": 0, "dmean2": 0, "dvar": 0, "dvar2": 0, "max": 1, "mean": 1, "median": 1, "min": 1, "var": 0}, "silence_rate_30dB": {"dmean": 0.052751891315, "dmean2": 0.105522334576, "dvar": 0.049966160208, "dvar2": 0.116544410586, "max": 1, "mean": 0.953938126564, "median": 1, "min": 0, "var": 0.043939743191}, "silence_rate_60dB": {"dmean": 0.0116054154932, "dmean2": 0.0232149139047, "dvar": 0.0114702060819, "dvar2": 0.025839291513, "max": 1, "mean": 0.0479957796633, "median": 0, "min": 0, "var": 0.0456925518811}, "spectral_centroid": {"dmean": 125.463973999, "dmean2": 195.365219116, "dvar": 34963.3085938, "dvar2": 68558.5078125, "max": 11242.5517578, "mean": 663.840942383, "median": 576.400878906, "min": 122.067634583, "var": 150958.265625}, "spectral_complexity": {"dmean": 2.43467569351, "dmean2": 3.60218071938, "dvar": 8.8484582901, "dvar2": 16.0929374695, "max": 45, "mean": 13.4469060898, "median": 13, "min": 0, "var": 58.039390564}, "spectral_decrease": {"dmean": 3.23726667695e-09, "dmean2": 4.85145568163e-09, "dvar": 2.94132753417e-17, "dvar2": 6.45271618277e-17, "max": 4.12837558147e-29, "mean": -9.56834433907e-09, "median": -7.64409513465e-09, "min": -5.82684940298e-08, "var": 7.20073230198e-17}, "spectral_energy": {"dmean": 0.0125012798235, "dmean2": 0.0186614356935, "dvar": 0.000435489288066, "dvar2": 0.000949926441535, "max": 0.223336756229, "mean": 0.0373413525522, "median": 0.0300439558923, "min": 1.06468096852e-20, "var": 0.00108131673187}, "spectral_energyband_high": {"dmean": 0.000284247013042, "dmean2": 0.000383704609703, "dvar": 2.22032909392e-07, "dvar2": 4.50544547448e-07, "max": 0.00540522532538, "mean": 0.0004830750986, "median": 0.000143119657878, "min": 7.39504718281e-21, "var": 5.61630827178e-07}, "spectral_energyband_low": {"dmean": 0.0086147710681, "dmean2": 0.0135827008635, "dvar": 0.000266885734163, "dvar2": 0.000621599203441, "max": 0.205917298794, "mean": 0.0192735791206, "median": 0.0130132697523, "min": 1.55681901594e-22, "var": 0.000537823885679}, "spectral_energyband_middle_high": {"dmean": 0.000764265307225, "dmean2": 0.00101207382977, "dvar": 1.55366285526e-06, "dvar2": 2.67667951448e-06, "max": 0.0251825619489, "mean": 0.00257265078835, "median": 0.00149346794933, "min": 1.54710088067e-21, "var": 9.17598936212e-06}, "spectral_energyband_middle_low": {"dmean": 0.00665559759364, "dmean2": 0.0102740311995, "dvar": 0.000129997584736, "dvar2": 0.000311689160299, "max": 0.122159719467, "mean": 0.0180934034288, "median": 0.0143398419023, "min": 4.67678648906e-22, "var": 0.000235888990574}, "spectral_entropy": {"dmean": 0.244346410036, "dmean2": 0.348436117172, "dvar": 0.0759503543377, "dvar2": 0.158244758844, "max": 9.79494285583, "mean": 7.02760314941, "median": 7.17635536194, "min": 3.90851831436, "var": 0.624694287777}, "spectral_flux": {"dmean": 0.0305298026651, "dmean2": 0.0466203503311, "dvar": 0.00173340842593, "dvar2": 0.00341692683287, "max": 0.407351464033, "mean": 0.0736836567521, "median": 0.0565357543528, "min": 1.03183378508e-10, "var": 0.00367718236521}, "spectral_kurtosis": {"dmean": 3.17791891098, "dmean2": 5.04876613617, "dvar": 76.5770797729, "dvar2": 152.72756958, "max": 547.055053711, "mean": 8.92074298859, "median": 4.30215835571, "min": -1.24427962303, "var": 661.427734375}, "spectral_rms": {"dmean": 0.000901195744518, "dmean2": 0.00132015976124, "dvar": 1.53385326485e-06, "dvar2": 3.10699397232e-06, "max": 0.0147610809654, "mean": 0.00544745847583, "median": 0.00541397975758, "min": 3.22290718419e-12, "var": 6.7558585215e-06}, "spectral_rolloff": {"dmean": 145.094711304, "dmean2": 241.828521729, "dvar": 176698.375, "dvar2": 352484.4375, "max": 18906.1523438, "mean": 542.111022949, "median": 366.064453125, "min": 107.666015625, "var": 652924.6875}, "spectral_skewness": {"dmean": 0.295126765966, "dmean2": 0.45724901557, "dvar": 0.155286937952, "dvar2": 0.350115418434, "max": 20.2207298279, "mean": 2.05263710022, "median": 1.7462836504, "min": -0.0385975465178, "var": 1.68978178501}, "spectral_spread": {"dmean": 828241.0625, "dmean2": 1147731.875, "dvar": 1018293846020.0, "dvar2": 1904498442240.0, "max": 41243000, "mean": 4724957.5, "median": 4719280, "min": 249906.3125, "var": 3505690509310.0}, "spectral_strongpeak": {"dmean": 0.245676532388, "dmean2": 0.417282670736, "dvar": 0.102628827095, "dvar2": 0.258273154497, "max": 4.90582799911, "mean": 0.534472227097, "median": 0.443782478571, "min": 4.18775708555e-11, "var": 0.175004094839}, "zerocrossingrate": {"dmean": 0.00741600245237, "dmean2": 0.00900237448514, "dvar": 0.000115237671707, "dvar2": 0.000129535765154, "max": 0.51318359375, "mean": 0.0353980734944, "median": 0.0283203125, "min": 0.00341796875, "var": 0.000810939236544}, "barkbands": {"dmean": [0.00038742335164, 0.00455614505336, 0.00445558736101, 0.00310089369304, 0.00371390255168, 0.00098074786365, 0.000447668455308, 0.000295129866572, 0.000148978389916, 0.000401587691158, 0.000249545904808, 0.000147006721818, 0.000127775812871, 8.04364608484e-05, 8.63089226186e-05, 6.34218886262e-05, 8.43407106004e-05, 6.02307336521e-05, 7.22003387637e-05, 4.64565491711e-05, 4.39716059191e-05, 5.24091883563e-05, 5.81009517191e-05, 5.60332337045e-05, 5.26239564351e-05, 2.16979988181e-05, 3.37723372468e-06], "dmean2": [0.000541132234503, 0.00699623348191, 0.00751983234659, 0.00507068168372, 0.00592742254958, 0.00148865254596, 0.000700790260453, 0.000442790362285, 0.000223579671001, 0.000519329158124, 0.000348924251739, 0.000221561989747, 0.000187895944691, 0.000120159944345, 0.000137235489092, 9.74727881839e-05, 0.000132837551064, 9.42980186664e-05, 0.00011501534027, 7.01532626408e-05, 6.23687592451e-05, 7.44096178096e-05, 8.35189712234e-05, 8.25606693979e-05, 7.79442561907e-05, 3.14937351504e-05, 4.93880543218e-06], "dvar": [8.38420874061e-07, 9.32594557526e-05, 7.08716761437e-05, 2.81166958302e-05, 5.04513009218e-05, 3.02350053971e-06, 1.10214614324e-06, 3.87349899711e-07, 1.02569828186e-07, 7.17473028544e-07, 2.86478325506e-07, 1.28605748273e-07, 6.02231366997e-08, 2.46721487684e-08, 2.42049225108e-08, 1.20178862417e-08, 2.06377741563e-08, 1.09321360853e-08, 1.70949885359e-08, 8.12079647972e-09, 6.39230757216e-09, 9.49029654862e-09, 1.17255494203e-08, 1.11723705842e-08, 1.13698011006e-08, 2.29778618355e-09, 5.55010169767e-11], "dvar2": [1.71538704308e-06, 0.00020816923643, 0.000189607468201, 7.25923382561e-05, 0.000125983555336, 7.30914780434e-06, 2.83254644273e-06, 9.73901592261e-07, 2.44637902824e-07, 1.17833985769e-06, 5.78670324103e-07, 2.80630018779e-07, 1.24037597971e-07, 4.78738755305e-08, 5.74930361097e-08, 2.65482729134e-08, 4.92399792051e-08, 2.61031036786e-08, 4.30339390789e-08, 1.84127166847e-08, 1.32999069535e-08, 2.03191063974e-08, 2.60121826301e-08, 2.64877328959e-08, 2.52563285841e-08, 4.72640770965e-09, 1.17308426861e-10], "max": [0.00821426324546, 0.10114980489, 0.141559645534, 0.0883841514587, 0.0854398012161, 0.0259820688516, 0.0180934518576, 0.0106666358188, 0.00726996548474, 0.0195388123393, 0.0133397299796, 0.00830093212426, 0.00653765164316, 0.00419116998091, 0.00416328990832, 0.00274831242859, 0.00253878673539, 0.00214107101783, 0.00199276418425, 0.0019775328692, 0.00169003463816, 0.00161253847182, 0.00126074906439, 0.00113538850565, 0.00124078954104, 0.000684680067934, 8.23896698421e-05], "mean": [0.00087335309945, 0.00782274082303, 0.00768880406395, 0.00553675647825, 0.00750453956425, 0.00264345435426, 0.000973820337094, 0.000707677914761, 0.00032247355557, 0.000818752392661, 0.0005329073756, 0.000263570022071, 0.000252464786172, 0.000170168103068, 0.00016042777861, 0.000124583093566, 0.00015516737767, 0.000113183392386, 0.000151880143676, 9.05092529138e-05, 8.45253234729e-05, 9.2907641374e-05, 9.05319830053e-05, 7.41379335523e-05, 6.40676807961e-05, 2.4577615477e-05, 3.45862417817e-06], "median": [0.000117123585369, 0.00247154501267, 0.00461424142122, 0.00372160086408, 0.00490075210109, 0.00167187373154, 0.000389355351217, 0.000282760476694, 0.00013089949789, 0.000152836175403, 0.000129242893308, 8.12061480246e-05, 0.000112389127025, 6.05908790021e-05, 7.65705626691e-05, 6.29274436506e-05, 8.35499231471e-05, 5.36288680451e-05, 7.73020728957e-05, 3.34775686497e-05, 2.61384393525e-05, 2.78451279883e-05, 2.38300926867e-05, 1.91137241927e-05, 1.21394541566e-05, 3.09363940687e-06, 3.13803354857e-07], "min": [2.40152830713e-23, 1.74983264284e-23, 9.81803660864e-23, 4.80375649166e-23, 9.30289024269e-23, 1.93692962363e-23, 8.51568531428e-23, 9.1885798799e-23, 1.22837482167e-22, 4.76454158497e-23, 3.42540192007e-23, 1.03897758559e-22, 3.50706038336e-23, 9.02240096596e-23, 2.05931344136e-22, 1.59265993298e-22, 8.76565009159e-23, 2.88112525592e-22, 2.74846560982e-22, 3.96327656777e-22, 5.83312026095e-22, 3.47300166087e-22, 4.37817297527e-22, 6.80289764265e-22, 9.38176295413e-22, 1.94991188862e-21, 2.47112473377e-21], "var": [2.21794289246e-06, 0.000163312201039, 9.80876866379e-05, 4.27363884228e-05, 7.19134914107e-05, 9.47715852817e-06, 2.42834744313e-06, 1.29963325435e-06, 2.58166011236e-07, 2.60151136899e-06, 1.02555782178e-06, 2.91407388886e-07, 1.64945191727e-07, 9.72317906189e-08, 5.47284422225e-08, 3.42521850882e-08, 4.50874964031e-08, 2.57208458976e-08, 4.30103490601e-08, 2.21257376865e-08, 2.11327115807e-08, 2.35366925949e-08, 2.31953638519e-08, 1.53543950887e-08, 1.61086664008e-08, 3.26526894412e-09, 7.08416936224e-11]}, "erbbands": {"dmean": [0.145222947001, 1.24766397476, 4.56192970276, 7.53253316879, 14.5621423721, 10.4011592865, 7.08589506149, 9.06905174255, 7.43471336365, 7.07655620575, 4.13250732422, 3.95074701309, 9.80274105072, 8.59687614441, 11.7491235733, 7.32552862167, 6.08380889893, 4.29652070999, 4.2729010582, 3.68476653099, 3.39488363266, 3.42498278618, 3.52274417877, 3.78551578522, 3.38078165054, 2.30040383339, 2.03141713142, 1.70218205452, 1.94964706898, 1.82698154449, 1.57436156273, 1.14776229858, 0.988095104694, 0.659118354321, 0.332592457533, 0.125670298934, 0.0334116779268, 0.00518538197502, 0.000586793699767, 4.09853055316e-05], "dmean2": [0.19402743876, 2.0665268898, 7.8063378334, 12.2617464066, 23.3702220917, 16.9761829376, 10.6996011734, 14.0687665939, 11.2404108047, 11.2173347473, 6.21638059616, 5.73067808151, 13.2327013016, 11.1338624954, 16.4525737762, 10.8223638535, 8.86034202576, 6.31015110016, 6.68105888367, 5.796687603, 5.03597927094, 5.28896045685, 5.4024977684, 5.97656297684, 5.4446439743, 3.47111535072, 2.95073533058, 2.41387796402, 2.79388213158, 2.65958094597, 2.27568054199, 1.68066835403, 1.48250281811, 0.984608590603, 0.493846535683, 0.179302811623, 0.0500950701535, 0.00776106119156, 0.000856137718074, 5.82214852329e-05], "dvar": [0.0803286656737, 8.51355743408, 87.4085769653, 161.150146484, 786.389587402, 394.939605713, 144.267608643, 324.977020264, 247.078140259, 254.878982544, 81.1895446777, 68.0886459351, 553.913635254, 597.743164062, 653.090332031, 311.953704834, 139.627532959, 68.1770553589, 74.8316955566, 41.6175117493, 32.1816482544, 31.6317195892, 31.9059772491, 48.7556266785, 43.1704864502, 19.0521392822, 16.3858642578, 9.16854572296, 12.4571638107, 11.5505199432, 8.62388038635, 4.71664857864, 3.80864667892, 1.7974550724, 0.479512631893, 0.0767568647861, 0.00541703077033, 0.000113082685857, 1.66237225585e-06, 6.88895962497e-09], "dvar2": [0.145796045661, 21.9077911377, 239.240936279, 411.024169922, 1979.61279297, 1001.03015137, 326.085510254, 800.358337402, 594.413574219, 674.869750977, 211.30317688, 158.859542847, 1032.95202637, 903.127624512, 1295.61584473, 670.186035156, 283.533752441, 127.851249695, 171.382995605, 107.633758545, 66.6117858887, 74.4928741455, 72.7121734619, 121.483123779, 111.995178223, 42.5248184204, 37.1976165771, 18.3200683594, 26.2561435699, 25.6323719025, 19.4618053436, 11.0903930664, 9.02252006531, 4.08796977997, 1.06611597538, 0.15420936048, 0.0118612861261, 0.000247874704655, 3.51267431142e-06, 1.44721052919e-08], "max": [2.54901385307, 29.1918315887, 106.789718628, 268.858612061, 300.332489014, 277.234619141, 225.902008057, 322.32925415, 282.012298584, 253.115707397, 137.342025757, 196.38444519, 525.861022949, 698.850708008, 658.952209473, 425.011657715, 332.476745605, 220.455963135, 256.813842773, 125.024078369, 181.687728882, 96.9541091919, 119.35774231, 139.584075928, 127.985679626, 78.5183868408, 84.8838043213, 55.1475105286, 54.5152359009, 50.4867286682, 37.0347747803, 32.5298690796, 25.2191181183, 21.1347560883, 9.25501346588, 3.98894023895, 0.897182822227, 0.117155902088, 0.0140547072515, 0.000967367144767], "mean": [0.245095282793, 1.69199359417, 7.67006540298, 15.464263916, 24.6609420776, 21.2623691559, 21.0853309631, 22.1277046204, 17.7023124695, 16.4362125397, 9.66588020325, 9.4026517868, 20.3559741974, 17.9971370697, 26.0231380463, 14.732670784, 12.6740407944, 9.85572052002, 8.20650005341, 7.6091094017, 7.27255010605, 6.87734365463, 7.26625108719, 7.6993355751, 6.67895698547, 4.54288339615, 4.01692342758, 3.18045401573, 3.40785551071, 2.96979904175, 2.44894909859, 1.63448882103, 1.23402476311, 0.805837035179, 0.398164123297, 0.14905038476, 0.036041136831, 0.0053456062451, 0.000616979144979, 7.25372010493e-05], "median": [0.0490526482463, 0.564865350723, 4.50832748413, 10.1744728088, 15.0135478973, 13.1477108002, 12.9745607376, 12.7755403519, 7.65520572662, 7.06166172028, 4.21200180054, 4.17262744904, 4.22179031372, 4.08513593674, 7.05935764313, 5.60923194885, 6.13259887695, 4.07678079605, 3.64315605164, 4.03815937042, 4.08413505554, 3.87104058266, 3.83117723465, 3.98249173164, 2.88532614708, 1.82100582123, 1.28569400311, 0.951771855354, 0.95661509037, 0.900308907032, 0.645506203175, 0.446858167648, 0.288864254951, 0.166073828936, 0.0695519000292, 0.0197890102863, 0.00465018954128, 0.000713966961484, 7.04097037669e-05, 4.24642785219e-05], "min": [8.31931196033e-22, 4.22151585227e-21, 6.85097349698e-20, 1.9591191197e-19, 2.63581696726e-19, 2.23684526885e-19, 2.70300600499e-19, 1.63084473879e-19, 4.66507376507e-19, 2.57403159029e-18, 1.62413987123e-18, 3.25263216006e-18, 2.01052017466e-18, 1.50261897424e-18, 1.50370650995e-18, 4.06487264997e-18, 2.31704994182e-18, 4.21525201739e-18, 7.68884479857e-18, 1.17865602412e-17, 6.42029798195e-18, 6.2807575757e-18, 1.19562356643e-17, 1.78396967375e-17, 1.36968288139e-17, 1.67341963186e-17, 2.47363084772e-17, 1.95665586889e-17, 1.4790953845e-17, 1.12409527363e-17, 1.19121717531e-17, 1.19551470946e-17, 1.24341698689e-17, 9.65075094824e-18, 7.44566197028e-18, 6.22291200828e-18, 4.09183584281e-18, 1.61985941836e-18, 3.4579719406e-19, 3.2187035507e-20], "var": [0.201159775257, 9.20210075378, 105.538581848, 286.642425537, 972.638427734, 629.744934082, 635.764038086, 800.784606934, 689.431640625, 638.807861328, 212.002929688, 193.934371948, 1967.18615723, 2176.02929688, 2415.76904297, 742.877624512, 389.700683594, 285.729156494, 170.282104492, 110.380195618, 104.656730652, 78.0662765503, 88.3009719849, 110.694343567, 101.554367065, 50.3250389099, 54.2535858154, 27.6809177399, 33.1055297852, 23.6649055481, 17.3907356262, 7.38193559647, 4.81952810287, 2.44221615791, 0.670396745205, 0.116997495294, 0.00683794682845, 0.000138882780448, 2.13691964746e-06, 1.04067590101e-08]}, "gfcc": {"mean": [-39.4851531982, 115.105957031, -93.738899231, 31.7265872955, -53.9714241028, 8.35225105286, -41.7960548401, -2.26603722572, -29.0397357941, -6.61881637573, -12.9656047821, -3.39880490303, -12.2483406067], "cov": [[21325.6289062, -1185.86584473, 584.657775879, 2735.54785156, 371.119445801, 1362.97875977, -109.262680054, 359.939758301, -846.664916992, -175.060150146, -229.004547119, 673.23223877, 283.47088623], [-1185.86584473, 1729.04760742, -172.916366577, -14.2408218384, 370.6065979, -323.319854736, 48.4197845459, -331.078521729, 4.65736150742, -261.553161621, 42.6984863281, -273.863922119, 64.3623046875], [584.657775879, -172.916366577, 499.484802246, 164.49597168, 123.7029953, 160.390808105, 40.3008575439, 69.4838638306, -16.6533641815, 17.1225814819, -24.1440048218, 33.8588447571, -17.6058273315], [2735.54785156, -14.2408218384, 164.49597168, 635.781677246, 173.244445801, 203.156341553, 18.9607639313, 16.085855484, -114.060722351, -61.7972831726, -26.4868068695, 47.0192985535, 49.0606002808], [371.119445801, 370.6065979, 123.7029953, 173.244445801, 313.176177979, 50.3406295776, 54.5594558716, -43.0788421631, -27.7465324402, -59.6760520935, -1.75101697445, -39.0678367615, 24.7732982635], [1362.97875977, -323.319854736, 160.390808105, 203.156341553, 50.3406295776, 266.526916504, 49.0880203247, 111.298332214, -24.6422042847, 39.7241973877, -3.06588697433, 88.9721755981, 11.7138090134], [-109.262680054, 48.4197845459, 40.3008575439, 18.9607639313, 54.5594558716, 49.0880203247, 156.988098145, 74.4493789673, 55.3430862427, 44.6467399597, 24.3538475037, 21.7976379395, 19.6013202667], [359.939758301, -331.078521729, 69.4838638306, 16.085855484, -43.0788421631, 111.298332214, 74.4493789673, 193.78855896, 63.0067634583, 94.301574707, 17.3862667084, 81.1037750244, 2.61956763268], [-846.664916992, 4.65736150742, -16.6533641815, -114.060722351, -27.7465324402, -24.6422042847, 55.3430862427, 63.0067634583, 132.806182861, 76.5955505371, 34.0746536255, -4.08727884293, -6.43436431885], [-175.060150146, -261.553161621, 17.1225814819, -61.7972831726, -59.6760520935, 39.7241973877, 44.6467399597, 94.301574707, 76.5955505371, 156.793045044, 43.5204734802, 56.0911903381, -16.902545929], [-229.004547119, 42.6984863281, -24.1440048218, -26.4868068695, -1.75101697445, -3.06588697433, 24.3538475037, 17.3862667084, 34.0746536255, 43.5204734802, 79.177116394, 25.6291847229, 11.962097168], [673.23223877, -273.863922119, 33.8588447571, 47.0192985535, -39.0678367615, 88.9721755981, 21.7976379395, 81.1037750244, -4.08727884293, 56.0911903381, 25.6291847229, 135.289581299, 38.4398918152], [283.47088623, 64.3623046875, -17.6058273315, 49.0606002808, 24.7732982635, 11.7138090134, 19.6013202667, 2.61956763268, -6.43436431885, -16.902545929, 11.962097168, 38.4398918152, 77.7681427002]], "icov": [[0.000233382204897, -0.000445447280072, 0.000145348240039, -0.000713819055818, 0.000369183981093, -0.000663494167384, 0.00051913713105, -0.00067294028122, 0.00111204793211, -0.000664772058371, 0.000842292967718, -0.000874694262166, 0.000125656122691], [-0.000445447280072, 0.00396957946941, 6.38103301753e-05, 0.00116906443145, -0.00311034568585, 0.0032234552782, -0.00288856890984, 0.00361864874139, -0.00389340962283, 0.00460778502747, -0.00489780353382, 0.00460985954851, -0.00211911043152], [0.000145348240039, 6.38103301753e-05, 0.00299980398268, -0.000591389078181, -0.00120676099323, -0.00129824806936, 0.000206086799153, -0.000608046713751, 0.000367128843209, -0.000199386224267, 0.00111186504364, -0.000763877411373, 0.0012116828002], [-0.000713819055818, 0.00116906443145, -0.000591389078181, 0.00503964349627, -0.00192750897259, 0.000151173095219, -0.00137038796674, 0.00164745375514, -0.00144777412061, 0.00197293213569, -0.00233541289344, 0.00291981897317, -0.00157262186985], [0.000369183981093, -0.00311034568585, -0.00120676099323, -0.00192750897259, 0.00799456518143, -0.00339708779939, -2.55794543591e-06, -0.00108496670146, 0.00296346121468, -0.00248714443296, 0.00252765556797, -0.00137390941381, 0.000168372047483], [-0.000663494167384, 0.0032234552782, -0.00129824806936, 0.000151173095219, -0.00339708779939, 0.0118691362441, -0.00331389927305, -0.000108009953692, -0.00237313751131, 0.00334036373533, -0.00377012859099, 0.00116013491061, 3.08238450089e-05], [0.00051913713105, -0.00288856890984, 0.000206086799153, -0.00137038796674, -2.55794543591e-06, -0.00331389927305, 0.0126458099112, -0.00616918737069, 0.000877460523043, -0.00429793354124, 0.00299719534814, -0.00261295307428, -0.0011010725284], [-0.00067294028122, 0.00361864874139, -0.000608046713751, 0.00164745375514, -0.00108496670146, -0.000108009953692, -0.00616918737069, 0.0169643443078, -0.00960510317236, 0.00254760542884, -0.00263681868091, 5.55981714569e-05, -0.00023640121799], [0.00111204793211, -0.00389340962283, 0.000367128843209, -0.00144777412061, 0.00296346121468, -0.00237313751131, 0.000877460523043, -0.00960510317236, 0.0235403589904, -0.0111098717898, 0.00287414202467, 0.000175783847226, -0.00131496356335], [-0.000664772058371, 0.00460778502747, -0.000199386224267, 0.00197293213569, -0.00248714443296, 0.00334036373533, -0.00429793354124, 0.00254760542884, -0.0111098717898, 0.0205244906247, -0.0101087549701, 0.000311420939397, 0.00354916905053], [0.000842292967718, -0.00489780353382, 0.00111186504364, -0.00233541289344, 0.00252765556797, -0.00377012859099, 0.00299719534814, -0.00263681868091, 0.00287414202467, -0.0101087549701, 0.0241906847805, -0.00985265150666, 0.000994187663309], [-0.000874694262166, 0.00460985954851, -0.000763877411373, 0.00291981897317, -0.00137390941381, 0.00116013491061, -0.00261295307428, 5.55981714569e-05, 0.000175783847226, 0.000311420939397, -0.00985265150666, 0.0247316472232, -0.0123489871621], [0.000125656122691, -0.00211911043152, 0.0012116828002, -0.00157262186985, 0.000168372047483, 3.08238450089e-05, -0.0011010725284, -0.00023640121799, -0.00131496356335, 0.00354916905053, 0.000994187663309, -0.0123489871621, 0.0222617797554]]}, "melbands": {"dmean": [0.00111705006566, 0.00213429890573, 0.00143690861296, 0.00093375868164, 0.00027798343217, 0.000196763241547, 0.000106871862954, 7.72401908762e-05, 3.07119080389e-05, 2.42132446147e-05, 4.94590058224e-05, 3.65233499906e-05, 3.45146036125e-05, 2.35559055e-05, 1.50187079271e-05, 1.10923238026e-05, 8.68198549142e-06, 6.93397441864e-06, 4.7858952712e-06, 5.60570560992e-06, 4.16862940256e-06, 3.35362983606e-06, 5.12095721206e-06, 3.01816112369e-06, 3.34238870892e-06, 2.73085970548e-06, 1.77282811364e-06, 1.56157204856e-06, 1.42244732615e-06, 1.12256429929e-06, 1.00827310234e-06, 1.13379655886e-06, 1.03885099634e-06, 1.11295548777e-06, 9.63849061009e-07, 7.9375780615e-07, 6.92990568041e-07, 7.43434441119e-07, 6.02760678703e-07, 5.6066187426e-07], "dmean2": [0.00158571114298, 0.0036265142262, 0.00231149187312, 0.00150589237455, 0.000423914782004, 0.000301643332932, 0.000162089185324, 0.000121267155919, 4.6349792683e-05, 3.54637268174e-05, 6.68148786644e-05, 4.75511151308e-05, 4.85023556394e-05, 3.42659259331e-05, 2.20398160309e-05, 1.65111723618e-05, 1.27825123855e-05, 1.09617849375e-05, 7.51563038648e-06, 8.96312212717e-06, 6.22082416157e-06, 5.18417573403e-06, 8.14606028143e-06, 4.77944013255e-06, 5.32168451173e-06, 4.47768888989e-06, 2.76992432191e-06, 2.39352675635e-06, 2.14554938793e-06, 1.64880111697e-06, 1.47467642364e-06, 1.63238985351e-06, 1.55090378939e-06, 1.66686788816e-06, 1.42680414683e-06, 1.17324236726e-06, 1.03962975118e-06, 1.14031104204e-06, 9.0120272489e-07, 8.52301582199e-07], "dvar": [4.5330057219e-06, 2.03972213058e-05, 5.49899959879e-06, 3.4831909943e-06, 2.06567392524e-07, 1.40852208119e-07, 5.23818393106e-08, 3.02933038654e-08, 4.22861479166e-09, 2.52874898798e-09, 1.36094904235e-08, 1.18418022055e-08, 5.51718404296e-09, 2.19006990321e-09, 7.30241644931e-10, 4.95135932255e-10, 3.2002647754e-10, 1.84603152209e-10, 6.0487538589e-11, 8.71101524247e-11, 5.01462239788e-11, 2.80596795799e-11, 8.85678058671e-11, 2.84762231156e-11, 3.96589670826e-11, 2.90214519083e-11, 1.00847706921e-11, 9.63999192971e-12, 9.29909274583e-12, 4.28805038352e-12, 3.22963032186e-12, 4.24197959745e-12, 4.46726900263e-12, 4.6181591537e-12, 3.28944055154e-12, 2.22175381391e-12, 1.83879430779e-12, 2.2463430855e-12, 1.52627064633e-12, 1.31761528771e-12], "dvar2": [7.61833507568e-06, 5.47883828403e-05, 1.36516855491e-05, 8.81818141352e-06, 4.85949726681e-07, 3.44310251421e-07, 1.26360788499e-07, 7.90772674009e-08, 1.0977280418e-08, 5.87208548453e-09, 2.53544829576e-08, 1.7841932376e-08, 1.14212239666e-08, 4.6132244691e-09, 1.51164292195e-09, 1.08182596215e-09, 5.91985571674e-10, 4.28980628797e-10, 1.49060597199e-10, 2.10810424672e-10, 1.07107288316e-10, 6.36950978072e-11, 2.12563092128e-10, 6.72377570288e-11, 1.00859876007e-10, 7.70115984872e-11, 2.44251858322e-11, 2.22201857608e-11, 2.21072292417e-11, 9.27679547763e-12, 6.69162121547e-12, 9.08171194497e-12, 1.02461381393e-11, 1.06828365598e-11, 7.56135518781e-12, 5.13110127304e-12, 4.45194272072e-12, 5.46232893986e-12, 3.52041659712e-12, 3.01800316509e-12], "max": [0.0199195295572, 0.0498925484717, 0.037882771343, 0.0221273060888, 0.00811813771725, 0.00627159839496, 0.0042096208781, 0.00290842773393, 0.00101647828706, 0.00106572301593, 0.00257955188863, 0.00311481393874, 0.00186872656923, 0.000964069738984, 0.000583501823712, 0.000482761737658, 0.000506830809172, 0.000387425825465, 0.000149245999637, 0.000247349438723, 0.000211569582461, 8.61749940668e-05, 0.000184734701179, 8.57865888975e-05, 0.000125512524392, 0.000107056970592, 5.48853422515e-05, 6.87320061843e-05, 6.91062596161e-05, 4.56631460111e-05, 2.2690390324e-05, 3.20454928442e-05, 3.97085786972e-05, 2.61224740825e-05, 2.54848673649e-05, 1.68923270394e-05, 2.12192408071e-05, 2.0075323846e-05, 1.89099046111e-05, 1.49697552843e-05], "mean": [0.00212198519148, 0.00350101897493, 0.00299468263984, 0.00170904106926, 0.000801482296083, 0.000495878979564, 0.000251712161116, 0.0001795970893, 7.06232458469e-05, 5.57503008167e-05, 0.000100991448562, 7.14670313755e-05, 7.39435054129e-05, 4.94673913636e-05, 2.89772287942e-05, 2.28839762713e-05, 1.85729604709e-05, 1.28771916934e-05, 9.26486791286e-06, 1.06844736365e-05, 8.29582495498e-06, 6.6363654696e-06, 8.81737196323e-06, 5.58703686693e-06, 6.31903958492e-06, 5.07684717377e-06, 3.49567744706e-06, 2.89000558951e-06, 2.65187259174e-06, 2.08156075132e-06, 1.74488309312e-06, 1.95310917661e-06, 1.69524616922e-06, 1.68517942711e-06, 1.46707952808e-06, 1.14659871997e-06, 9.34705155942e-07, 8.86722887117e-07, 7.61537194194e-07, 6.59247859858e-07], "median": [0.000667536281981, 0.00222266884521, 0.00210897950456, 0.0010874287691, 0.000500426045619, 0.000300763116684, 0.00010368716903, 7.38691014703e-05, 3.26205554302e-05, 2.36219275394e-05, 1.94269814529e-05, 1.24332218547e-05, 1.89526763279e-05, 1.75379791472e-05, 1.37688184623e-05, 1.01474524854e-05, 6.19516777078e-06, 5.38411040907e-06, 4.97477503814e-06, 5.36084826308e-06, 4.33577406511e-06, 3.67399434253e-06, 3.91995126847e-06, 2.72787701761e-06, 3.06279457618e-06, 2.21405980483e-06, 1.42775843415e-06, 1.09592633635e-06, 7.98830114945e-07, 6.26295104666e-07, 5.12431086008e-07, 5.30884790351e-07, 5.25714938249e-07, 4.73133297874e-07, 3.87874422358e-07, 3.00050970736e-07, 2.48835732464e-07, 2.06204660458e-07, 1.55636897148e-07, 1.35920799949e-07], "min": [6.55221911977e-24, 2.70520189032e-23, 3.47596159321e-23, 1.84965983496e-23, 1.00356588777e-23, 3.88756886094e-24, 9.05567511894e-24, 2.6803584516e-23, 1.16128434739e-23, 2.12773551286e-23, 9.82673301126e-24, 6.2533938757e-24, 4.50519725149e-24, 7.42486928047e-24, 1.16677008612e-23, 3.94493719255e-24, 7.97466588836e-24, 9.86861915874e-24, 1.85063786471e-23, 1.24788368318e-23, 6.48527717221e-24, 6.16431057469e-24, 8.76004633927e-24, 1.25588502046e-23, 1.52525325169e-23, 1.04395674941e-23, 1.24533724018e-23, 9.77351172142e-24, 1.75120068543e-23, 1.16039569558e-23, 1.13923252964e-23, 7.98622191176e-24, 6.20871634391e-24, 6.72119904212e-24, 6.29275132956e-24, 8.12712272463e-24, 7.04745692416e-24, 9.14407960515e-24, 7.09380250235e-24, 8.7636474893e-24], "var": [1.20817385323e-05, 2.39254022745e-05, 9.51986930886e-06, 4.31654370914e-06, 7.99249903594e-07, 3.72900217371e-07, 1.46385843891e-07, 8.27723667385e-08, 1.08904609775e-08, 7.08497971402e-09, 4.82459832085e-08, 4.21386197047e-08, 1.91326918753e-08, 6.18673556829e-09, 1.85920878693e-09, 1.38212719047e-09, 1.32264266206e-09, 4.1840153564e-10, 1.4655734959e-10, 2.30642477339e-10, 1.50136000854e-10, 7.40308786495e-11, 1.82276943539e-10, 6.38344654913e-11, 8.18934503544e-11, 5.85896123284e-11, 2.74807121503e-11, 2.31256333527e-11, 2.65090848578e-11, 1.37088812524e-11, 8.16723425001e-12, 1.12153611051e-11, 8.46585475334e-12, 8.23633695968e-12, 6.36695383915e-12, 3.86930158053e-12, 2.51849496119e-12, 2.59280227496e-12, 2.06835308429e-12, 1.7279595723e-12]}, "mfcc": {"mean": [-681.391540527, 140.173095703, 18.3250370026, 27.6330165863, 10.6681318283, 6.84791660309, 0.296155035496, 0.921927630901, -9.56710338593, -6.73683023453, -5.15052366257, -3.80867958069, -2.39342045784], "cov": [[12712.7890625, -672.606323242, 616.763305664, 494.651519775, 291.366943359, 490.600769043, 474.391387939, 570.25177002, 187.363464355, 44.5073623657, -58.2202339172, -35.0545310974, 111.458129883], [-672.606323242, 1705.01965332, -271.293548584, 226.300308228, 98.0936889648, 20.6185493469, -22.0437221527, -110.901573181, -106.58265686, -86.4913101196, -94.523399353, -122.080223083, -130.975723267], [616.763305664, -271.293548584, 407.261260986, 31.6852798462, 86.0077133179, 92.2967147827, 77.7424621582, 81.9374084473, 46.2528419495, 27.2333335876, 23.3834762573, 27.3103923798, 15.223487854], [494.651519775, 226.300308228, 31.6852798462, 246.717300415, 84.9589614868, 89.9334869385, 61.078868866, 28.4651374817, 20.5271892548, 18.2410793304, -3.394292593, -9.19073009491, -15.8501520157], [291.366943359, 98.0936889648, 86.0077133179, 84.9589614868, 187.099212646, 83.7704391479, 57.085269928, 36.5736923218, 10.5065612793, 10.0650224686, -2.64276862144, -6.05879306793, -16.1595859528], [490.600769043, 20.6185493469, 92.2967147827, 89.9334869385, 83.7704391479, 152.881698608, 81.6027526855, 49.2879829407, 28.8828601837, 15.3576555252, 7.46455478668, 7.57166242599, 10.8844461441], [474.391387939, -22.0437221527, 77.7424621582, 61.078868866, 57.085269928, 81.6027526855, 130.913742065, 75.0708694458, 36.4715652466, 28.4202270508, 11.7994422913, 13.4195680618, 19.7936725616], [570.25177002, -110.901573181, 81.9374084473, 28.4651374817, 36.5736923218, 49.2879829407, 75.0708694458, 131.965942383, 62.7046890259, 28.4808559418, 9.93586730957, 8.22958660126, 26.0975875854], [187.363464355, -106.58265686, 46.2528419495, 20.5271892548, 10.5065612793, 28.8828601837, 36.4715652466, 62.7046890259, 101.113922119, 51.496383667, 24.7788219452, 17.1219921112, 20.97605896], [44.5073623657, -86.4913101196, 27.2333335876, 18.2410793304, 10.0650224686, 15.3576555252, 28.4202270508, 28.4808559418, 51.496383667, 91.4147491455, 53.9786643982, 26.7483921051, 18.6041965485], [-58.2202339172, -94.523399353, 23.3834762573, -3.394292593, -2.64276862144, 7.46455478668, 11.7994422913, 9.93586730957, 24.7788219452, 53.9786643982, 89.3465270996, 49.323928833, 23.1083698273], [-35.0545310974, -122.080223083, 27.3103923798, -9.19073009491, -6.05879306793, 7.57166242599, 13.4195680618, 8.22958660126, 17.1219921112, 26.7483921051, 49.323928833, 87.7860488892, 51.8435745239], [111.458129883, -130.975723267, 15.223487854, -15.8501520157, -16.1595859528, 10.8844461441, 19.7936725616, 26.0975875854, 20.97605896, 18.6041965485, 23.1083698273, 51.8435745239, 91.0315093994]], "icov": [[0.000114310452773, 5.8953086409e-05, -3.76327043341e-05, -0.000197559216758, 4.25382168032e-05, -0.000140155170811, -6.41458536847e-05, -0.000383761536796, 0.000150166073581, 5.86691749049e-05, 6.94079280947e-05, 0.000139848401886, -7.88247416494e-05], [5.8953086409e-05, 0.000997151364572, 0.000604988599662, -0.000929777044803, -0.000402558740461, -5.53067256988e-05, -0.000258171930909, 0.000264561385848, 0.000404342281399, 0.000426818820415, 8.54786048876e-05, 0.000571642362047, 0.00048723621876], [-3.76327043341e-05, 0.000604988599662, 0.00365900620818, 7.01603203197e-05, -0.00112848530989, -0.0011637393618, -0.000394125236198, -0.000803890929092, -0.000109685584903, 0.000356731296051, -0.000180617906153, -0.000706749095116, 0.000972546404228], [-0.000197559216758, -0.000929777044803, 7.01603203197e-05, 0.00680567370728, -0.00101257138886, -0.00231306557544, -0.000700948876329, 0.00065796112176, -0.000870550284162, -0.00150589481927, 0.000662588339765, -0.000801808258984, 0.000934786687139], [4.25382168032e-05, -0.000402558740461, -0.00112848530989, -0.00101257138886, 0.00832490250468, -0.00292776152492, -0.000570508011151, -0.00123143568635, 0.00124590517953, -0.00104424764868, 0.000759250251576, -0.000689902284648, 0.00181258760858], [-0.000140155170811, -5.53067256988e-05, -0.0011637393618, -0.00231306557544, -0.00292776152492, 0.0132476855069, -0.0051323515363, 0.00131820479874, -0.00171092257369, 0.00192997069098, -0.00125494448002, 0.000664640858304, -0.00154191080946], [-6.41458536847e-05, -0.000258171930909, -0.000394125236198, -0.000700948876329, -0.000570508011151, -0.0051323515363, 0.0159046668559, -0.00649983389303, 0.00159913534299, -0.00293480604887, 0.00105139892548, -0.00135017512366, -0.000698165618815], [-0.000383761536796, 0.000264561385848, -0.000803890929092, 0.00065796112176, -0.00123143568635, 0.00131820479874, -0.00649983389303, 0.0171816647053, -0.00796015560627, 0.00168029835913, -0.000491239828989, 0.00260304985568, -0.00265609310009], [0.000150166073581, 0.000404342281399, -0.000109685584903, -0.000870550284162, 0.00124590517953, -0.00171092257369, 0.00159913534299, -0.00796015560627, 0.0192995667458, -0.00917279720306, 0.00200211000629, -0.000790086982306, -5.97372718403e-06], [5.86691749049e-05, 0.000426818820415, 0.000356731296051, -0.00150589481927, -0.00104424764868, 0.00192997069098, -0.00293480604887, 0.00168029835913, -0.00917279720306, 0.0237799137831, -0.0126984100789, 0.00274302507751, -0.00112426711712], [6.94079280947e-05, 8.54786048876e-05, -0.000180617906153, 0.000662588339765, 0.000759250251576, -0.00125494448002, 0.00105139892548, -0.000491239828989, 0.00200211000629, -0.0126984100789, 0.0241540316492, -0.011509405449, 0.00293771643192], [0.000139848401886, 0.000571642362047, -0.000706749095116, -0.000801808258984, -0.000689902284648, 0.000664640858304, -0.00135017512366, 0.00260304985568, -0.000790086982306, 0.00274302507751, -0.011509405449, 0.0249121002853, -0.0116694131866], [-7.88247416494e-05, 0.00048723621876, 0.000972546404228, 0.000934786687139, 0.00181258760858, -0.00154191080946, -0.000698165618815, -0.00265609310009, -5.97372718403e-06, -0.00112426711712, 0.00293771643192, -0.0116694131866, 0.0193335562944]]}, "spectral_contrast_coeffs": {"dmean": [0.0481230169535, 0.0399971567094, 0.0387560017407, 0.0312687940896, 0.0221090056002, 0.0178470909595], "dmean2": [0.0792316868901, 0.0637228041887, 0.0598351433873, 0.0485189296305, 0.0345058254898, 0.0280998405069], "dvar": [0.00175128492992, 0.00134418765083, 0.00124238908757, 0.000740286544897, 0.000396366463974, 0.000290067255264], "dvar2": [0.00439760414883, 0.00329917832278, 0.00276961876079, 0.00159622018691, 0.000881091924384, 0.000662621343508], "max": [-0.264587819576, -0.422488689423, -0.50150346756, -0.576381027699, -0.619725048542, -0.62886685133], "mean": [-0.57163387537, -0.666100502014, -0.72748374939, -0.762539148331, -0.789212405682, -0.795408368111], "median": [-0.578332543373, -0.6653881073, -0.729519605637, -0.764804840088, -0.791388630867, -0.795048952103], "min": [-0.954586625099, -0.964689135551, -0.986390709877, -0.965308189392, -0.959473490715, -0.957316339016], "var": [0.0103121576831, 0.00535806268454, 0.00496434420347, 0.0029486825224, 0.00186227681115, 0.00144533102866]}, "spectral_contrast_valleys": {"dmean": [0.450607687235, 0.364237070084, 0.379871696234, 0.380508154631, 0.353540927172, 0.483257204294], "dmean2": [0.713102459908, 0.561031699181, 0.582851707935, 0.559051096439, 0.495422035456, 0.644298195839], "dvar": [0.208289384842, 0.15666654706, 0.165999189019, 0.169364571571, 0.171076416969, 0.282738387585], "dvar2": [0.418295621872, 0.30427968502, 0.307789117098, 0.299734771252, 0.311754345894, 0.531457185745], "max": [-4.938