{"lowlevel": {"average_loudness": 0.977569699287, "barkbands_crest": {"dmean": 2.46828150749, "dmean2": 3.96609926224, "dvar": 6.09780311584, "dvar2": 15.0226411819, "max": 26.3819904327, "mean": 14.9344816208, "median": 14.6582832336, "min": 2.61962223053, "var": 19.8333129883}, "barkbands_flatness_db": {"dmean": 0.0308364685625, "dmean2": 0.0441500432789, "dvar": 0.000911673880182, "dvar2": 0.00199270411395, "max": 0.812660217285, "mean": 0.21765448153, "median": 0.212440997362, "min": 0.0234124027193, "var": 0.00868269056082}, "barkbands_kurtosis": {"dmean": 13.9180240631, "dmean2": 21.9378223419, "dvar": 1706.16418457, "dvar2": 3620.47802734, "max": 4121.87158203, "mean": 31.9976673126, "median": 18.6487178802, "min": -1.95608830452, "var": 9516.50976562}, "barkbands_skewness": {"dmean": 1.01171278954, "dmean2": 1.53654205799, "dvar": 1.32476425171, "dvar2": 2.90968441963, "max": 47.8032493591, "mean": 4.12811946869, "median": 3.79508209229, "min": -3.71618819237, "var": 5.84804534912}, "barkbands_spread": {"dmean": 7.85795497894, "dmean2": 12.1023206711, "dvar": 194.664840698, "dvar2": 424.499542236, "max": 129.025344849, "mean": 15.3431081772, "median": 9.92124938965, "min": 0.027225933969, "var": 295.291503906}, "dissonance": {"dmean": 0.0243290700018, "dmean2": 0.0400895476341, "dvar": 0.000638384604827, "dvar2": 0.00164865830448, "max": 0.499999970198, "mean": 0.43892583251, "median": 0.451506018639, "min": 0.174624502659, "var": 0.00218137237243}, "dynamic_complexity": 1.52800643444, "erbbands_crest": {"dmean": 2.30717158318, "dmean2": 3.5715341568, "dvar": 6.65732860565, "dvar2": 14.2618312836, "max": 33.0621566772, "mean": 11.4147453308, "median": 10.6333532333, "min": 2.22714829445, "var": 30.9791564941}, "erbbands_flatness_db": {"dmean": 0.018073156476, "dmean2": 0.026169994846, "dvar": 0.000402866018703, "dvar2": 0.000877213722561, "max": 0.508981406689, "mean": 0.134827196598, "median": 0.124741144478, "min": 0.0348758287728, "var": 0.00329055520706}, "erbbands_kurtosis": {"dmean": 2.16379094124, "dmean2": 3.44889879227, "dvar": 41.9913063049, "dvar2": 110.634986877, "max": 421.544555664, "mean": 4.17210245132, "median": 1.10264873505, "min": -1.88070464134, "var": 298.887176514}, "erbbands_skewness": {"dmean": 0.436384081841, "dmean2": 0.67161822319, "dvar": 0.272618561983, "dvar2": 0.66612893343, "max": 15.0389986038, "mean": 1.27053844929, "median": 1.21938169003, "min": -3.05088353157, "var": 1.41245961189}, "erbbands_spread": {"dmean": 15.2689065933, "dmean2": 24.4071216583, "dvar": 379.586029053, "dvar2": 885.782226562, "max": 211.177505493, "mean": 63.7393684387, "median": 58.6096305847, "min": 0.523826599121, "var": 1269.80383301}, "hfc": {"dmean": 19.6698284149, "dmean2": 30.3671646118, "dvar": 2149.00219727, "dvar2": 5124.57568359, "max": 607.439208984, "mean": 35.8438415527, "median": 24.1389122009, "min": 1.13747353038e-16, "var": 2197.51757812}, "melbands_crest": {"dmean": 2.63862109184, "dmean2": 4.33102989197, "dvar": 9.06951141357, "dvar2": 22.7762794495, "max": 31.6813678741, "mean": 19.9519863129, "median": 20.0455970764, "min": 1.84041118622, "var": 29.253616333}, "melbands_flatness_db": {"dmean": 0.0335878357291, "dmean2": 0.0499941408634, "dvar": 0.00122659304179, "dvar2": 0.00272492039949, "max": 0.989328920841, "mean": 0.311482310295, "median": 0.31121301651, "min": 0.00514976959676, "var": 0.0119763836265}, "melbands_kurtosis": {"dmean": 34.0698738098, "dmean2": 52.9536857605, "dvar": 3072.0234375, "dvar2": 6662.54589844, "max": 885.479492188, "mean": 87.5568389893, "median": 46.4620742798, "min": -1.43152594566, "var": 12735.3818359}, "melbands_skewness": {"dmean": 1.40557217598, "dmean2": 2.17670917511, "dvar": 2.82789349556, "dvar2": 6.10488986969, "max": 23.8777751923, "mean": 6.18733739853, "median": 5.22928524017, "min": -0.639202594757, "var": 15.40554142}, "melbands_spread": {"dmean": 3.70920419693, "dmean2": 5.88904190063, "dvar": 61.4031982422, "dvar2": 154.236526489, "max": 216.969711304, "mean": 8.839802742, "median": 5.53302383423, "min": 0.253095984459, "var": 209.987640381}, "pitch_salience": {"dmean": 0.070328488946, "dmean2": 0.113544873893, "dvar": 0.00523517513648, "dvar2": 0.0128049692139, "max": 0.958780288696, "mean": 0.37325784564, "median": 0.376521319151, "min": 0.0107072088867, "var": 0.0178162120283}, "silence_rate_20dB": {"dmean": 0, "dmean2": 0, "dvar": 0, "dvar2": 0, "max": 1, "mean": 1, "median": 1, "min": 1, "var": 0}, "silence_rate_30dB": {"dmean": 0.184586301446, "dmean2": 0.369211375713, "dvar": 0.150506138802, "dvar2": 0.304507732391, "max": 1, "mean": 0.687769055367, "median": 1, "min": 0, "var": 0.214755564928}, "silence_rate_60dB": {"dmean": 0.000419991585659, "dmean2": 0.000840071414132, "dvar": 0.000419871677877, "dvar2": 0.000839158950839, "max": 1, "mean": 0.0191076118499, "median": 0, "min": 0, "var": 0.018743397668}, "spectral_centroid": {"dmean": 193.781234741, "dmean2": 290.654693604, "dvar": 89151.2734375, "dvar2": 198470.0625, "max": 10532.6523438, "mean": 716.973815918, "median": 521.758728027, "min": 74.0757141113, "var": 349590.28125}, "spectral_complexity": {"dmean": 3.51448965073, "dmean2": 4.91525793076, "dvar": 26.667974472, "dvar2": 41.8622322083, "max": 59, "mean": 13.8807344437, "median": 11, "min": 0, "var": 101.363647461}, "spectral_decrease": {"dmean": 6.19178042172e-09, "dmean2": 1.01557775523e-08, "dvar": 5.82430971839e-17, "dvar2": 1.50710335609e-16, "max": 1.5893669974e-17, "mean": -2.19032347815e-08, "median": -2.23787495202e-08, "min": -6.98845283864e-08, "var": 1.01365868783e-16}, "spectral_energy": {"dmean": 0.0235228035599, "dmean2": 0.0385554619133, "dvar": 0.000845284899697, "dvar2": 0.00217442121357, "max": 0.266303151846, "mean": 0.0859187990427, "median": 0.0879792049527, "min": 1.05736680167e-20, "var": 0.00147348351311}, "spectral_energyband_high": {"dmean": 0.00168545497581, "dmean2": 0.00268020527437, "dvar": 1.79773705895e-05, "dvar2": 4.33276036347e-05, "max": 0.0551912076771, "mean": 0.00211064168252, "median": 0.000936889671721, "min": 7.56786815411e-21, "var": 1.7433631001e-05}, "spectral_energyband_low": {"dmean": 0.0234772562981, "dmean2": 0.0387027785182, "dvar": 0.000852688099258, "dvar2": 0.00221275165677, "max": 0.25127863884, "mean": 0.0678484290838, "median": 0.0678480640054, "min": 7.32977998695e-23, "var": 0.00145040114876}, "spectral_energyband_middle_high": {"dmean": 0.00103681103792, "dmean2": 0.00149484211579, "dvar": 4.52457925348e-06, "dvar2": 9.93001322058e-06, "max": 0.0391818434, "mean": 0.00236472091638, "median": 0.00109119701665, "min": 1.68112039675e-21, "var": 1.10307801151e-05}, "spectral_energyband_middle_low": {"dmean": 0.00488586723804, "dmean2": 0.00770342117175, "dvar": 3.52388415195e-05, "dvar2": 7.98315668362e-05, "max": 0.0829536989331, "mean": 0.0176751278341, "median": 0.0155910653993, "min": 3.37012839282e-22, "var": 0.000143107725307}, "spectral_entropy": {"dmean": 0.253125905991, "dmean2": 0.365852057934, "dvar": 0.0783862695098, "dvar2": 0.173377498984, "max": 9.79556369781, "mean": 7.36379241943, "median": 7.43768405914, "min": 2.85761666298, "var": 0.607904374599}, "spectral_flux": {"dmean": 0.0446237251163, "dmean2": 0.0691147297621, "dvar": 0.00242702174, "dvar2": 0.00536053627729, "max": 0.412004441023, "mean": 0.103057779372, "median": 0.0832535549998, "min": 1.02828343063e-10, "var": 0.00461035501212}, "spectral_kurtosis": {"dmean": 2.49143052101, "dmean2": 4.57900714874, "dvar": 217.907623291, "dvar2": 775.285827637, "max": 406.875518799, "mean": 5.7878575325, "median": 1.86679887772, "min": -1.32957661152, "var": 782.038513184}, "spectral_rms": {"dmean": 0.0012712838361, "dmean2": 0.00204401789233, "dvar": 2.31260128203e-06, "dvar2": 5.55811220693e-06, "max": 0.0161185581237, "mean": 0.00882783066481, "median": 0.00926463026553, "min": 3.21181774753e-12, "var": 5.89285809838e-06}, "spectral_rolloff": {"dmean": 621.875488281, "dmean2": 1137.90466309, "dvar": 4143267.5, "dvar2": 10374061, "max": 19422.9492188, "mean": 905.231689453, "median": 322.998046875, "min": 86.1328125, "var": 6761298}, "spectral_skewness": {"dmean": 0.246342554688, "dmean2": 0.412623554468, "dvar": 0.173393577337, "dvar2": 0.561880886555, "max": 16.7067317963, "mean": 1.69615542889, "median": 1.44268596172, "min": 0.0451483502984, "var": 2.3990945816}, "spectral_spread": {"dmean": 1164090.75, "dmean2": 1758128, "dvar": 2274465415170.0, "dvar2": 4373349662720.0, "max": 41926844, "mean": 8293151, "median": 8040945.5, "min": 279659.5, "var": 7133034184700.0}, "spectral_strongpeak": {"dmean": 0.320241600275, "dmean2": 0.557249307632, "dvar": 0.336259007454, "dvar2": 0.920009374619, "max": 23.9167003632, "mean": 0.91247189045, "median": 0.831683397293, "min": 1.79374126663e-09, "var": 0.383677959442}, "zerocrossingrate": {"dmean": 0.0144919659942, "dmean2": 0.0180565621704, "dvar": 0.0004334358091, "dvar2": 0.000589175091591, "max": 0.6123046875, "mean": 0.0502920970321, "median": 0.03564453125, "min": 0.0029296875, "var": 0.00419065216556}, "barkbands": {"dmean": [0.000172042869963, 0.0156047651544, 0.0116733917966, 0.00279656471685, 0.00124335824512, 0.00122810981702, 0.000596311234403, 0.000911128881853, 0.000586109119467, 0.00036318183993, 0.000251062767347, 0.000129370222567, 9.48262750171e-05, 7.69456019043e-05, 7.06965511199e-05, 0.00010276746616, 0.000119886441098, 7.88206452853e-05, 0.000120525648526, 6.0003309045e-05, 8.95603443496e-05, 7.66093799029e-05, 0.000153002634761, 0.000251376826782, 0.000767794263083, 0.000410093867686, 2.50331941061e-05], "dmean2": [0.000302487926092, 0.0261908080429, 0.0194791499525, 0.00477900728583, 0.00204906519502, 0.0018449871568, 0.000956131669227, 0.00130311073735, 0.000969200918917, 0.00054365064716, 0.00040645772242, 0.000207192148082, 0.000155015834025, 0.000127312756376, 0.000115419163194, 0.000165113655385, 0.000189974831301, 0.000124412355945, 0.000183078460395, 9.20200982364e-05, 0.000150459090946, 0.000122101992019, 0.000274861784419, 0.000422469718615, 0.0012448199559, 0.00066551315831, 4.18351955886e-05], "dvar": [1.2169526542e-07, 0.000434058951214, 0.000251193123404, 1.5453188098e-05, 2.95557856589e-06, 4.9205027608e-06, 1.04791729427e-06, 5.51607445232e-06, 1.78241964477e-06, 1.31988372232e-06, 1.15611624096e-06, 1.02745246977e-07, 7.10377037194e-08, 2.74941385214e-08, 2.24376854874e-08, 5.87879043223e-08, 7.19775954394e-08, 3.3502637109e-08, 7.22507138562e-08, 1.93529157144e-08, 8.36025293438e-08, 2.31145396157e-08, 1.13232921706e-07, 2.86137861849e-07, 6.34349817119e-06, 1.21463256164e-06, 8.11247868882e-09], "dvar2": [3.37340736678e-07, 0.00113781041, 0.000646999978926, 4.06585422752e-05, 7.32103126211e-06, 9.15196596907e-06, 2.42619307755e-06, 1.06805928226e-05, 4.70437908007e-06, 2.65287894763e-06, 2.85970463665e-06, 2.57093631717e-07, 1.75910614075e-07, 6.99738080812e-08, 5.50870211669e-08, 1.41379814522e-07, 1.68821955526e-07, 7.84419285083e-08, 1.68871878259e-07, 4.5706006091e-08, 2.36494841488e-07, 5.78048968691e-08, 3.17671236871e-07, 7.41168037166e-07, 1.55735378939e-05, 2.95135873785e-06, 2.00585645871e-08], "max": [0.00592858484015, 0.201285243034, 0.19942638278, 0.0612675435841, 0.0363683104515, 0.0515837967396, 0.0191016551107, 0.0395851619542, 0.0270839035511, 0.0269773807377, 0.0382524728775, 0.0107378102839, 0.0114756766707, 0.00235225469805, 0.00207875459455, 0.00363628542982, 0.00421706167981, 0.00490683875978, 0.00518790772185, 0.00260862894356, 0.00813418347389, 0.00545052625239, 0.0038235320244, 0.00835928972811, 0.0393895059824, 0.0142632480711, 0.00138977251481], "mean": [0.000188319259905, 0.0376730784774, 0.0261568557471, 0.0051734209992, 0.00212602107786, 0.00437512388453, 0.00199173460715, 0.00240811682306, 0.0010734659154, 0.000922099745367, 0.000482069444843, 0.000220055822865, 0.000123905250803, 0.00010655711958, 9.49195164139e-05, 0.000138463248732, 0.000174455082742, 0.000120042204799, 0.00021122234466, 0.000101024495962, 0.00013809162192, 0.000134334521135, 0.000191320999875, 0.000404603255447, 0.00083260651445, 0.000338534155162, 1.86748766282e-05], "median": [6.15315802861e-05, 0.0355254001915, 0.0173932909966, 0.00292021338828, 0.0014090485638, 0.00162870716304, 0.000871656986419, 0.00048881577095, 0.000285595888272, 0.000246654264629, 0.000136888163979, 9.96021699393e-05, 4.86819517391e-05, 4.02179102821e-05, 2.89885028906e-05, 2.60658853222e-05, 4.33808163507e-05, 2.46911913564e-05, 6.05542372796e-05, 2.29481647693e-05, 6.06945141044e-05, 6.80860393913e-05, 0.000105452585558, 0.000253609294305, 0.000261459237663, 2.63368492597e-05, 2.35692027672e-07], "min": [1.65398414959e-23, 4.28876348027e-23, 1.5878346917e-23, 2.10950430625e-23, 7.00173628159e-23, 7.10401620003e-23, 2.75681201064e-23, 9.48333239288e-24, 9.10337154254e-23, 6.43126804699e-23, 1.23788583362e-22, 5.99118084954e-23, 1.06475295303e-22, 7.10815614206e-23, 1.55543895112e-22, 2.64341382349e-22, 1.40252640568e-22, 2.38989942454e-22, 3.91122689415e-22, 2.68921092246e-22, 4.37703449121e-22, 5.06879608533e-22, 6.0550176197e-22, 1.04016932092e-21, 1.17542415531e-21, 1.42518170833e-21, 2.31324612592e-21], "var": [1.08553429357e-07, 0.000837156258058, 0.000667602405883, 4.33468012488e-05, 5.27841393705e-06, 3.58117940777e-05, 6.54514542475e-06, 2.06897257158e-05, 4.27511440648e-06, 4.96543361805e-06, 2.51099595516e-06, 1.50859733594e-07, 7.6501770252e-08, 3.33787575357e-08, 2.97468218946e-08, 8.73015579828e-08, 1.18258483894e-07, 5.89207651558e-08, 1.44877489561e-07, 3.65234846811e-08, 6.77448142028e-08, 3.49299540403e-08, 8.21809891249e-08, 2.78095740214e-07, 5.45528610019e-06, 1.08601796001e-06, 6.57917675895e-09]}, "erbbands": {"dmean": [0.212444484234, 4.3096036911, 13.2972593307, 10.4175224304, 5.56867742538, 3.80101704597, 6.19288873672, 10.1406078339, 13.5292978287, 10.1171302795, 19.6244735718, 14.1102657318, 11.843539238, 8.95058059692, 9.37799549103, 5.72703647614, 4.23066902161, 3.94730782509, 4.15509557724, 3.95679092407, 5.66230630875, 6.61254644394, 4.53646755219, 5.01999425888, 5.54989242554, 2.78433609009, 2.32961535454, 4.58917856216, 2.53375339508, 4.26324796677, 4.14866781235, 4.13345003128, 4.8805065155, 7.3231678009, 6.28007268906, 3.00348043442, 0.431327223778, 0.041627433151, 0.00470148958266, 0.000236636129557], "dmean2": [0.349641442299, 7.24261474609, 22.3183002472, 17.2962589264, 9.60261631012, 6.36565494537, 9.92945766449, 15.5202894211, 20.5352592468, 15.0353975296, 28.4439640045, 22.9618263245, 18.2022342682, 13.6266813278, 15.229306221, 9.15452480316, 6.8653883934, 6.43870830536, 6.75204372406, 6.40026664734, 8.95893955231, 10.4331531525, 6.99350166321, 7.65965461731, 8.63596439362, 4.24472236633, 3.59990692139, 7.89069223404, 3.97824144363, 7.45830917358, 7.44688940048, 7.05291032791, 8.11409091949, 11.9648571014, 10.1954059601, 4.84284448624, 0.711034655571, 0.0687873363495, 0.00777658680454, 0.000396745046601], "dvar": [0.0836020112038, 32.8249397278, 315.671417236, 206.692016602, 58.1649589539, 31.1963043213, 138.128799438, 393.30557251, 805.911132812, 626.401428223, 3185.68188477, 929.915039062, 1536.94873047, 1027.58557129, 1123.92480469, 191.912979126, 147.573150635, 77.9318008423, 87.9193267822, 79.6799545288, 173.751831055, 216.338729858, 102.381225586, 132.511688232, 165.386489868, 44.9913368225, 29.7570285797, 245.515533447, 24.2959518433, 77.4036560059, 102.097320557, 73.8165588379, 112.597518921, 603.319946289, 411.183898926, 68.8051757812, 1.27894663811, 0.0158171337098, 0.000282134016743, 7.15184057754e-07], "dvar2": [0.209415212274, 86.3897018433, 822.175537109, 504.811340332, 159.123931885, 82.5966644287, 298.867675781, 760.701171875, 1571.47973633, 1112.7232666, 6329.88671875, 2484.83691406, 3104.55737305, 2253.80834961, 2868.84057617, 476.11428833, 364.239074707, 195.37588501, 218.249389648, 193.997848511, 400.609863281, 497.642822266, 231.726135254, 302.321350098, 405.503479004, 108.413337708, 73.4978256226, 704.714050293, 59.3802947998, 213.299728394, 289.068481445, 201.955062866, 280.535949707, 1497.59191895, 1009.20794678, 167.344238281, 3.08592057228, 0.0384104810655, 0.000692251080181, 1.82769497314e-06], "max": [3.68806648254, 53.7757034302, 170.805297852, 252.999343872, 123.053520203, 160.211914062, 156.419418335, 459.972625732, 612.628173828, 600.018859863, 1109.55151367, 704.195617676, 1058.00842285, 1210.31262207, 1169.12133789, 360.32598877, 597.348144531, 136.683319092, 135.616241455, 138.10609436, 160.388763428, 229.504989624, 239.869857788, 257.040039062, 249.851135254, 139.830810547, 132.194335938, 450.098083496, 77.1782684326, 235.714248657, 150.368774414, 156.15335083, 145.169204712, 447.690795898, 267.081787109, 102.548347473, 12.9051475525, 1.49827551842, 0.247150912881, 0.011506116949], "mean": [0.540025293827, 10.3439855576, 31.0968666077, 24.9317817688, 9.68888759613, 6.31631231308, 9.0177822113, 36.3208961487, 53.6813468933, 28.6148395538, 49.1329307556, 28.61627388, 29.6245117188, 20.1090145111, 18.4329662323, 10.4365625381, 6.10806941986, 5.60523891449, 5.65438890457, 5.516954422, 8.05953216553, 9.85723876953, 7.09170913696, 8.44796180725, 9.6764793396, 4.80576324463, 4.32481861115, 6.4445977211, 4.34197282791, 5.92138957977, 5.18374919891, 6.84273195267, 7.5598859787, 8.3295173645, 6.40198898315, 2.61755204201, 0.3463729918, 0.0324057377875, 0.00362400198355, 0.000260000786511], "median": [0.447886526585, 9.26047801971, 22.8060245514, 16.9064807892, 7.24381780624, 4.13942670822, 4.25553178787, 11.240486145, 13.4946546555, 10.8872528076, 12.0499839783, 9.81667804718, 9.24258041382, 4.96475839615, 6.57891845703, 5.03865814209, 2.88363623619, 2.27860999107, 1.75070643425, 1.53467750549, 1.64311313629, 2.40981531143, 1.54561173916, 1.61692559719, 3.38228487968, 1.08434176445, 1.50771915913, 2.95308065414, 1.91291832924, 3.4973487854, 2.83616185188, 4.48219585419, 4.50403547287, 3.14593791962, 1.66870439053, 0.329715698957, 0.0216674730182, 0.00125067203771, 0.000133473193273, 0.000115862312668], "min": [7.33221094072e-22, 1.14823315742e-20, 2.35436863459e-20, 3.97790122601e-20, 1.57598948098e-19, 2.88025478363e-19, 2.51566613985e-19, 6.51244931431e-19, 5.94528000262e-19, 1.61153265642e-19, 5.20986008638e-19, 1.65222203264e-18, 3.06800937644e-18, 2.89996908257e-18, 4.09639774389e-18, 2.73065038106e-18, 5.4643476819e-18, 3.2771162926e-18, 6.65682945093e-18, 7.43332539863e-18, 1.70667775187e-17, 8.73380055971e-18, 1.31558394584e-17, 1.58817536101e-17, 1.85594745649e-17, 1.40036102508e-17, 1.99546106209e-17, 1.46011010052e-17, 1.71920937272e-17, 1.99489245814e-17, 1.69893534134e-17, 2.12114205718e-17, 1.51434320477e-17, 1.12753899196e-17, 9.09864097659e-18, 4.55005378391e-18, 3.04066733488e-18, 1.29826317673e-18, 3.83203852324e-19, 2.96445117174e-20], "var": [0.224179923534, 60.9989509583, 692.266906738, 755.143310547, 95.6838760376, 50.3942337036, 188.221740723, 2733.88256836, 6256.82080078, 2903.21826172, 10992.9501953, 2181.9362793, 5427.20605469, 3839.02368164, 2185.21655273, 268.248962402, 160.46321106, 91.8039169312, 112.419044495, 109.50239563, 281.573638916, 373.165039062, 193.706253052, 279.562591553, 279.368408203, 83.9630203247, 56.3407592773, 170.528747559, 40.6705818176, 65.6626968384, 70.3967666626, 67.7632217407, 113.733055115, 505.502319336, 354.820800781, 61.5936737061, 1.14859580994, 0.0136256469414, 0.000232608770602, 5.44492991139e-07]}, "gfcc": {"mean": [8.78814697266, 83.9933624268, -51.1534461975, 43.9831619263, -65.5925521851, 36.56457901, -35.8110580444, 27.3086776733, -21.284040451, 3.7819082737, -11.6181259155, -4.55166292191, -10.9174671173], "cov": [[19246.7832031, 266.054931641, -1350.19909668, 144.363723755, -1199.44665527, 221.153244019, -869.305480957, 506.376220703, -535.795288086, 52.7306442261, -438.259643555, 96.1363220215, -302.463775635], [266.054931641, 1389.26257324, 57.6914100647, 95.4882354736, -53.149433136, -4.1721072197, 96.4603881836, -126.187042236, 159.037414551, -53.3069038391, 209.517425537, -150.326522827, 125.321113586], [-1350.19909668, 57.6914100647, 846.540466309, -91.1600418091, 133.423736572, 47.1084327698, 90.5493850708, -36.0827560425, 53.6249427795, 62.5091094971, 61.3359489441, 24.1581134796, -24.2263221741], [144.363723755, 95.4882354736, -91.1600418091, 338.006958008, 67.1406402588, -2.52346277237, 0.633911728859, -19.1321754456, -6.5243268013, -57.6291427612, 16.4654960632, -25.8244190216, 49.6724967957], [-1199.44665527, -53.149433136, 133.423736572, 67.1406402588, 408.23147583, -65.0896682739, 104.747711182, -51.167098999, 10.6450881958, -14.0155382156, -26.4539089203, 23.6725749969, 36.9417610168], [221.153244019, -4.1721072197, 47.1084327698, -2.52346277237, -65.0896682739, 189.362442017, 24.3956222534, 55.3602867126, -17.7149829865, -52.6872558594, -17.6427516937, -23.68592453, -0.351669460535], [-869.305480957, 96.4603881836, 90.5493850708, 0.633911728859, 104.747711182, 24.3956222534, 167.3021698, 5.35087442398, 36.1747283936, -42.7989196777, -4.42170476913, -19.6627426147, 34.4936294556], [506.376220703, -126.187042236, -36.0827560425, -19.1321754456, -51.167098999, 55.3602867126, 5.35087442398, 132.304138184, -3.47916817665, -4.64118766785, -54.8381690979, -12.0109128952, -28.8212108612], [-535.795288086, 159.037414551, 53.6249427795, -6.5243268013, 10.6450881958, -17.7149829865, 36.1747283936, -3.47916817665, 119.966110229, 48.7234954834, 64.4706497192, -24.348154068, 6.28728532791], [52.7306442261, -53.3069038391, 62.5091094971, -57.6291427612, -14.0155382156, -52.6872558594, -42.7989196777, -4.64118766785, 48.7234954834, 148.827453613, 66.9370498657, 50.6642074585, -27.7683162689], [-438.259643555, 209.517425537, 61.3359489441, 16.4654960632, -26.4539089203, -17.6427516937, -4.42170476913, -54.8381690979, 64.4706497192, 66.9370498657, 156.195663452, 18.6659107208, 40.4957466125], [96.1363220215, -150.326522827, 24.1581134796, -25.8244190216, 23.6725749969, -23.68592453, -19.6627426147, -12.0109128952, -24.348154068, 50.6642074585, 18.6659107208, 118.385513306, 13.0875597], [-302.463775635, 125.321113586, -24.2263221741, 49.6724967957, 36.9417610168, -0.351669460535, 34.4936294556, -28.8212108612, 6.28728532791, -27.7683162689, 40.4957466125, 13.0875597, 96.4525222778]], "icov": [[0.000169594830368, -0.000409634551033, 0.000134617206641, -0.000203389616217, 0.000211681617657, -0.000166205732967, 0.000554323894903, -0.000569155439734, 0.00069824163802, -0.000584412075114, 0.000779003254138, -0.000531475176103, 0.000283919798676], [-0.000409634551033, 0.00245522335172, -0.000399087381084, 0.000501903065015, -0.000136738861329, 0.000604888482485, -0.00165206834208, 0.00214081024751, -0.00261559616774, 0.00221649883315, -0.0033655075822, 0.00296769780107, -0.00172931910492], [0.000134617206641, -0.000399087381084, 0.00170848320704, 0.000192925042938, -0.000461555639049, -0.00104518444277, -0.00030319931102, 6.9460576924e-05, 0.00058785895817, -0.00104108278174, -2.18905788643e-05, -0.000660272024106, 0.00133334274869], [-0.000203389616217, 0.000501903065015, 0.000192925042938, 0.00406672526151, -0.00135279609822, 0.000246200652327, 0.000525970768649, 0.00013281799329, -0.00078624242451, 0.00249799247831, -0.00244753388688, 0.00137565110344, -0.00135384558234], [0.000211681617657, -0.000136738861329, -0.000461555639049, -0.00135279609822, 0.0045238356106, 0.00110364810098, -0.00189989549108, 0.00107554264832, 0.000330795097398, -0.00148653611541, 0.00319627835415, -0.00113210675772, -0.000943447870668], [-0.000166205732967, 0.000604888482485, -0.00104518444277, 0.000246200652327, 0.00110364810098, 0.00821879599243, -0.00140277424362, -0.00299510383047, 0.000429503677879, 0.0041407472454, -0.00286249467172, 0.000850107113365, -0.000231915531913], [0.000554323894903, -0.00165206834208, -0.00030319931102, 0.000525970768649, -0.00189989549108, -0.00140277424362, 0.0125817321241, -0.00363225932233, -0.00191686104517, 0.00209028460085, 0.00299215433188, -0.00213858508505, -0.00156386196613], [-0.000569155439734, 0.00214081024751, 6.9460576924e-05, 0.00013281799329, 0.00107554264832, -0.00299510383047, -0.00363225932233, 0.0146818403155, -0.00493192765862, -0.00125863251742, 0.00291585177183, 0.00243692658842, -0.000949839712121], [0.00069824163802, -0.00261559616774, 0.00058785895817, -0.00078624242451, 0.000330795097398, 0.000429503677879, -0.00191686104517, -0.00493192765862, 0.0200651530176, -0.0087661491707, -0.00168293714523, 0.00297719496302, 0.0016982012894], [-0.000584412075114, 0.00221649883315, -0.00104108278174, 0.00249799247831, -0.00148653611541, 0.0041407472454, 0.00209028460085, -0.00125863251742, -0.0087661491707, 0.0211828108877, -0.0108804591, -0.00431654695421, 0.00502408435568], [0.000779003254138, -0.0033655075822, -2.18905788643e-05, -0.00244753388688, 0.00319627835415, -0.00286249467172, 0.00299215433188, 0.00291585177183, -0.00168293714523, -0.0108804591, 0.0218711961061, -0.00444389134645, -0.00496515911072], [-0.000531475176103, 0.00296769780107, -0.000660272024106, 0.00137565110344, -0.00113210675772, 0.000850107113365, -0.00213858508505, 0.00243692658842, 0.00297719496302, -0.00431654695421, -0.00444389134645, 0.0172355510294, -0.00637687603012], [0.000283919798676, -0.00172931910492, 0.00133334274869, -0.00135384558234, -0.000943447870668, -0.000231915531913, -0.00156386196613, -0.000949839712121, 0.0016982012894, 0.00502408435568, -0.00496515911072, -0.00637687603012, 0.0194587353617]]}, "melbands": {"dmean": [0.00317365815863, 0.0063343020156, 0.00163639895618, 0.000291766918963, 0.000202123104827, 0.000248012976954, 0.000187331359484, 0.000125814869534, 0.000158230148372, 8.42745430418e-05, 5.93395270698e-05, 3.68055880244e-05, 3.3747877751e-05, 1.6764852262e-05, 1.29148456836e-05, 8.16660849523e-06, 7.57100315241e-06, 7.01291355654e-06, 4.58449267171e-06, 7.01957014826e-06, 6.96681172485e-06, 7.30813644623e-06, 5.78450135436e-06, 3.26400208905e-06, 4.34429102825e-06, 4.96951361129e-06, 2.94623851005e-06, 1.79375194875e-06, 1.39495375606e-06, 2.07588573176e-06, 2.91809692499e-06, 1.49086065449e-06, 1.47272101003e-06, 2.91908600047e-06, 2.7324176699e-06, 1.93508367374e-06, 2.97225142276e-06, 3.25149403579e-06, 4.5766587391e-06, 6.78360493112e-06], "dmean2": [0.00527216168121, 0.010582331568, 0.00271919742227, 0.000494615116622, 0.000325769069605, 0.000374344643205, 0.000283784262137, 0.000185067139682, 0.00023206367041, 0.000139682771987, 9.11055685719e-05, 5.58865103812e-05, 5.48292009626e-05, 2.6682513635e-05, 2.11572623812e-05, 1.32824006869e-05, 1.25649376059e-05, 1.14779541036e-05, 7.51100742491e-06, 1.15152934086e-05, 1.10923692773e-05, 1.17473628052e-05, 8.9359782578e-06, 5.24702909388e-06, 6.74703960613e-06, 7.7935965237e-06, 4.66981282443e-06, 2.79836217487e-06, 2.15495515477e-06, 3.45001080859e-06, 5.08037101099e-06, 2.34280878431e-06, 2.42099918069e-06, 5.22059553987e-06, 4.98595318277e-06, 3.29870022142e-06, 5.16134969075e-06, 5.5568211792e-06, 7.45998931961e-06, 1.11272574941e-05], "dvar": [1.76184694283e-05, 6.73771792208e-05, 4.6295381253e-06, 1.62858199815e-07, 1.29265757209e-07, 2.43492650043e-07, 1.47538784745e-07, 1.00771877953e-07, 1.91301850805e-07, 3.60773917407e-08, 3.85095795252e-08, 1.72234884133e-08, 2.02895531487e-08, 1.42121470148e-09, 1.38302924668e-09, 4.42952896584e-10, 2.88868928777e-10, 2.61327931517e-10, 9.02306701578e-11, 3.14299863913e-10, 2.59983812256e-10, 2.92427942972e-10, 1.444661335e-10, 6.76827205393e-11, 1.00833064121e-10, 1.26373050913e-10, 4.92581461731e-11, 1.97032199584e-11, 1.08210029479e-11, 3.88184311084e-11, 9.74473279847e-11, 8.49939736647e-12, 9.24270469188e-12, 3.97869896751e-11, 5.02596401997e-11, 1.46810844731e-11, 4.80388888391e-11, 4.9138790259e-11, 1.55359114462e-10, 5.6163251827e-10], "dvar2": [4.55932531622e-05, 0.000176511661266, 1.14899512482e-05, 4.39107338934e-07, 2.82876726487e-07, 4.55975055047e-07, 2.84790814931e-07, 1.80116202841e-07, 3.85663327052e-07, 9.62225215062e-08, 7.78613653551e-08, 3.70442414521e-08, 5.09845747843e-08, 3.53442453083e-09, 3.51878282068e-09, 1.07528297377e-09, 7.40840999658e-10, 6.55277609951e-10, 2.18734697022e-10, 7.91160248426e-10, 6.05089756078e-10, 6.9981981321e-10, 3.31585398028e-10, 1.64952079773e-10, 2.35855168729e-10, 3.07312064685e-10, 1.23279622621e-10, 4.88103342466e-11, 2.65504614821e-11, 1.07747165357e-10, 2.80489881321e-10, 2.03772537039e-11, 2.41037658583e-11, 1.11422780724e-10, 1.43459716329e-10, 4.00074487428e-11, 1.34845620781e-10, 1.30626759409e-10, 3.83423209849e-10, 1.39687794665e-09], "max": [0.0460599698126, 0.0772083625197, 0.0371142178774, 0.00949059054255, 0.0051546045579, 0.0114602781832, 0.0083143375814, 0.00752415508032, 0.00855229701847, 0.00486223539338, 0.00525082554668, 0.00445636222139, 0.00552687468007, 0.000986064202152, 0.00129571894649, 0.000803286733571, 0.000278368737781, 0.00025005536736, 0.000148976963828, 0.000322348350892, 0.000219489433221, 0.000280506588751, 0.00022877434094, 0.000246600684477, 0.000248528987868, 0.000217648383114, 0.000121263983601, 9.56762232818e-05, 6.10120841884e-05, 0.00015496906417, 0.000284304696834, 4.83172043459e-05, 9.4281276688e-05, 0.000115190559882, 8.9673048933e-05, 6.21520230197e-05, 0.000147085098433, 0.00013437695452, 0.000194622014533, 0.000426892278483], "mean": [0.00787716265768, 0.0162095930427, 0.00398822315037, 0.000506842159666, 0.000287512142677, 0.000929132918827, 0.000739975483157, 0.000342126411851, 0.000387068721466, 0.000157793911058, 0.000144143778016, 7.89287878433e-05, 6.29328860668e-05, 3.26118206431e-05, 1.91356793948e-05, 1.08481272036e-05, 1.04215923784e-05, 9.24216601561e-06, 6.35877859168e-06, 9.03696036403e-06, 9.61960085988e-06, 1.03130250864e-05, 8.55822054291e-06, 4.86172802994e-06, 6.90366869094e-06, 8.38399137137e-06, 4.6635182116e-06, 2.91738933811e-06, 2.4991788905e-06, 3.27968427882e-06, 3.80396227229e-06, 2.43723275162e-06, 2.48782293966e-06, 3.60476678907e-06, 2.856383162e-06, 3.49293668478e-06, 4.35697165813e-06, 4.7839976105e-06, 6.40464440949e-06, 7.16170779924e-06], "median": [0.00744640827179, 0.0141198709607, 0.00293349288404, 0.000357828219421, 0.000138765652082, 0.000278335530311, 0.00019622851687, 9.33103001444e-05, 9.80040349532e-05, 5.12881088071e-05, 4.00750432163e-05, 1.71293686435e-05, 1.93245086848e-05, 1.70466701093e-05, 9.36490596359e-06, 4.41065230916e-06, 4.08308869737e-06, 2.77935941995e-06, 1.96235669137e-06, 1.88041315141e-06, 1.90192372429e-06, 2.46583294938e-06, 2.06485333365e-06, 9.71150370788e-07, 1.15324519356e-06, 2.70579107564e-06, 1.52530810738e-06, 5.24874394614e-07, 6.83920745814e-07, 1.52199186232e-06, 1.62710136919e-06, 9.36250955874e-07, 1.40392046433e-06, 2.02881165023e-06, 1.29559180095e-06, 2.39620203502e-06, 2.64185700871e-06, 2.8244924124e-06, 3.43643432643e-06, 2.32007073464e-06], "min": [1.08991270919e-23, 1.38550622678e-23, 1.01215326981e-23, 1.72920282577e-23, 9.7611834032e-24, 1.52959845532e-23, 7.85888161786e-24, 1.44822546108e-24, 5.90141478942e-24, 1.18553235389e-23, 1.43741800751e-23, 9.94617444091e-24, 1.56344421692e-23, 6.69325995544e-24, 7.70527541125e-24, 1.21752902552e-23, 5.48254700368e-24, 1.03411413189e-23, 1.09655886232e-23, 1.03692121454e-23, 2.19760318774e-23, 7.06261961962e-24, 1.15741403801e-23, 1.17087863149e-23, 1.24561144823e-23, 1.6532042817e-23, 8.04382847937e-24, 9.65307948247e-24, 1.10422477593e-23, 1.27554840404e-23, 6.94960582862e-24, 1.02368562739e-23, 9.81846180466e-24, 1.16507442961e-23, 8.23027496545e-24, 1.51972806991e-23, 1.12512154354e-23, 9.88667776258e-24, 1.0978321627e-23, 9.32983110478e-24], "var": [3.7119978515e-05, 0.000123319463455, 1.58468337759e-05, 2.76267542176e-07, 1.80549818651e-07, 1.81270161193e-06, 1.16210446777e-06, 4.62854217176e-07, 6.61152228076e-07, 7.49584785353e-08, 1.34541096486e-07, 6.60719905454e-08, 3.75727644553e-08, 3.02052893808e-09, 1.44370937427e-09, 5.01625574412e-10, 3.28888000167e-10, 3.21243448509e-10, 1.26697347058e-10, 3.90861953914e-10, 4.11871758921e-10, 4.44300096714e-10, 2.70012540105e-10, 1.03543847108e-10, 2.03363520468e-10, 2.22273269235e-10, 7.19512990854e-11, 3.63342203547e-11, 2.24983989772e-11, 3.60031726654e-11, 6.62202029322e-11, 1.5430269909e-11, 1.11504520894e-11, 2.97112612291e-11, 3.21833497352e-11, 1.53670583203e-11, 3.79864369127e-11, 4.42726098837e-11, 1.42417952431e-10, 4.6233672446e-10]}, "mfcc": {"mean": [-643.279663086, 110.641639709, 66.2132263184, 19.2902927399, 16.0650177002, 4.92765760422, 11.1486692429, 12.6634559631, 7.88713598251, 5.39278364182, 6.76148891449, 5.685505867, 3.54761075974], "cov": [[8716.65722656, 125.24584198, -582.618530273, -199.325302124, -145.630493164, -362.217407227, -151.993484497, -14.5054531097, -8.04954910278, -88.9047393799, -40.0547332764, -59.9245605469, -47.811504364], [125.24584198, 745.949890137, 247.796600342, -34.2747077942, -31.1756839752, 31.7711315155, -0.663968980312, -26.028263092, -14.2092685699, 36.9806251526, 43.9348182678, 52.758014679, 52.2734985352], [-582.618530273, 247.796600342, 700.257080078, -73.8376235962, 24.3779067993, 61.1912918091, 40.6302146912, 14.3941936493, -16.1494045258, 17.7105846405, 66.2049789429, 83.2122192383, 33.742855072], [-199.325302124, -34.2747077942, -73.8376235962, 333.272521973, 107.243408203, 59.7576065063, 27.4673595428, 2.23762559891, 6.00397491455, 1.52025699615, -26.151102066, -16.7039585114, -10.3855619431], [-145.630493164, -31.1756839752, 24.3779067993, 107.243408203, 166.234802246, 59.4120254517, 36.2853088379, 15.7894296646, 7.9049744606, 3.20083045959, -3.32361578941, -6.30775642395, -1.13922441006], [-362.217407227, 31.7711315155, 61.1912918091, 59.7576065063, 59.4120254517, 119.471504211, 45.4920158386, 25.2068634033, 2.84973025322, -1.78319144249, -14.7936038971, 0.328906983137, 5.3933224678], [-151.993484497, -0.663968980312, 40.6302146912, 27.4673595428, 36.2853088379, 45.4920158386, 107.073928833, 67.1867599487, 40.0283927917, 4.06679153442, -24.6371707916, -27.4857463837, -12.7848806381], [-14.5054531097, -26.028263092, 14.3941936493, 2.23762559891, 15.7894296646, 25.2068634033, 67.1867599487, 137.658538818, 68.5667572021, 18.2688560486, -24.9779052734, -35.7214775085, -35.4787216187], [-8.04954910278, -14.2092685699, -16.1494045258, 6.00397491455, 7.9049744606, 2.84973025322, 40.0283927917, 68.5667572021, 95.2979736328, 36.1823234558, 0.382701039314, -26.9194908142, -28.2714290619], [-88.9047393799, 36.9806251526, 17.7105846405, 1.52025699615, 3.20083045959, -1.78319144249, 4.06679153442, 18.2688560486, 36.1823234558, 79.3483276367, 39.6185417175, 12.8331127167, -8.86448287964], [-40.0547332764, 43.9348182678, 66.2049789429, -26.151102066, -3.32361578941, -14.7936038971, -24.6371707916, -24.9779052734, 0.382701039314, 39.6185417175, 88.2527542114, 53.9334030151, 23.8024406433], [-59.9245605469, 52.758014679, 83.2122192383, -16.7039585114, -6.30775642395, 0.328906983137, -27.4857463837, -35.7214775085, -26.9194908142, 12.8331127167, 53.9334030151, 95.6017913818, 52.9262733459], [-47.811504364, 52.2734985352, 33.742855072, -10.3855619431, -1.13922441006, 5.3933224678, -12.7848806381, -35.4787216187, -28.2714290619, -8.86448287964, 23.8024406433, 52.9262733459, 84.2489242554]], "icov": [[0.000145987491123, -0.000107034669782, 0.000129254753119, 5.49253782083e-05, -0.000111074739834, 0.000436500529759, 6.95579219609e-05, -0.000150752835907, -1.39656810916e-06, 0.000258852960542, -6.77254911352e-06, -8.71011870913e-05, 0.000105286424514], [-0.000107034669782, 0.00174856779631, -0.000664847088046, -0.000105601153336, 0.000668043736368, -0.000779682712164, -2.65859290138e-09, 0.000454572116723, 5.51766424906e-05, -0.00121734850109, 0.000139464173117, 0.000433877692558, -0.00106357154436], [0.000129254753119, -0.000664847088046, 0.00222010817379, 0.000638026453089, -0.000480361981317, -0.000326576118823, -0.00104227522388, -0.000568546529394, 0.000640740792733, 0.000853414239828, -0.00121521041729, -0.00173437944613, 0.00102984800469], [5.49253782083e-05, -0.000105601153336, 0.000638026453089, 0.00423430977389, -0.00244624866173, -0.000998406903818, -0.000217606779188, 0.000831523502711, -0.000244466675213, -0.000553901772946, 0.00127523485571, -0.000710004533175, 0.000656542426441], [-0.000111074739834, 0.000668043736368, -0.000480361981317, -0.00244624866173, 0.00916971452534, -0.00332964793779, -0.00140075630043, 0.000216857457417, 0.000180137823918, -0.000138676041388, -0.00186228821985, 0.00131204247009, -0.00062303483719], [0.000436500529759, -0.000779682712164, -0.000326576118823, -0.000998406903818, -0.00332964793779, 0.0141679346561, -0.00350070861168, -0.00150666711852, 0.00164074008353, 0.000176859175554, 0.00248021818697, -0.00176190724596, -0.000403202371672], [6.95579219609e-05, -2.65859290138e-09, -0.00104227522388, -0.000217606779188, -0.00140075630043, -0.00350070861168, 0.0175127927214, -0.00546603836119, -0.00341902952641, 0.000345101521816, 0.00214864476584, 0.00307614030316, -0.00265953037888], [-0.000150752835907, 0.000454572116723, -0.000568546529394, 0.000831523502711, 0.000216857457417, -0.00150666711852, -0.00546603836119, 0.0154657019302, -0.00792777165771, -0.00127434998285, 0.00345211173408, -0.000890752708074, 0.00253527006134], [-1.39656810916e-06, 5.51766424906e-05, 0.000640740792733, -0.000244466675213, 0.000180137823918, 0.00164074008353, -0.00341902952641, -0.00792777165771, 0.0216710865498, -0.00710826274008, -0.0028532051947, 0.00369128910825, 0.000729686231352], [0.000258852960542, -0.00121734850109, 0.000853414239828, -0.000553901772946, -0.000138676041388, 0.000176859175554, 0.000345101521816, -0.00127434998285, -0.00710826274008, 0.0228258576244, -0.0105603076518, -0.00177562911995, 0.00411004805937], [-6.77254911352e-06, 0.000139464173117, -0.00121521041729, 0.00127523485571, -0.00186228821985, 0.00248021818697, 0.00214864476584, 0.00345211173408, -0.0028532051947, -0.0105603076518, 0.0259408000857, -0.0107818255201, -0.000474845641293], [-8.71011870913e-05, 0.000433877692558, -0.00173437944613, -0.000710004533175, 0.00131204247009, -0.00176190724596, 0.00307614030316, -0.000890752708074, 0.00369128910825, -0.00177562911995, -0.0107818255201, 0.0260721426457, -0.0117701515555], [0.000105286424514, -0.00106357154436, 0.00102984800469, 0.000656542426441, -0.00062303483719, -0.000403202371672, -0.00265953037888, 0.00253527006134, 0.000729686231352, 0.00411004805937, -0.000474845641293, -0.0117701515555, 0.0211447887123]]}, "spectral_contrast_coeffs": {"dmean": [0.0505388043821, 0.0440785959363, 0.0348287969828, 0.0253877770156, 0.0191594343632, 0.0138847222552], "dmean2": [0.0831160545349, 0.0727550387383, 0.0571650862694, 0.0422064773738, 0.031870752573, 0.0225044712424], "dvar": [0.00176501006354, 0.00141067767981, 0.000885714078322, 0.000478285946883, 0.000261749257334, 0.000198205161723], "dvar2": [0.00479528447613, 0.00359251070768, 0.00223175762221, 0.00121971138287, 0.000719942734577, 0.000514535175171], "max": [-0.322535097599, -0.350685477257, -0.480890184641, -0.621222317219, -0.63281327486, -0.617757022381], "mean": [-0.601370930672, -0.684768855572, -0.758674860001, -0.816203951836, -0.8111577034, -0.797616124153], "median": [-0.605715155602, -0.69030970335, -0.766708135605, -0.819623112679, -0.811748921871, -0.796195328236], "min": [-0.961772084236, -0.982813060284, -0.971122682095, -0.974277198315, -0.958399057388, -0.958896160126], "var": [0.00677200593054, 0.00992684345692, 0.00481083709747, 0.00157372001559, 0.000918032426853, 0.00108372012619]}, "spectral_contrast_valleys": {"dmean": [0.414947777987, 0.361933976412, 0.351363182068, 0.389729559422, 0.336565047503, 0.337330818176], "dmean2": [0.682669520378, 0.593358516693, 0.544283390045, 0.589780330658, 0.476704567671, 0.486440479755], "dvar": [0.127747789025, 0.113553896546, 0.112298123538, 0.192860290408, 0.170927077532, 0.161846756935], "dvar2": [0.324956893921, 0.254207909107, 0.222790017724, 0.388120502234, 0.306665897369, 0.368404179811], "max": [-5.09199047089, -4.86032533646, -5.49180603027, -5.83856487274, -5.51467466354, -