{"lowlevel": {"average_loudness": 0.831078886986, "barkbands_crest": {"dmean": 1.79543602467, "dmean2": 2.8683257103, "dvar": 2.92510938644, "dvar2": 7.53349733353, "max": 26.0231761932, "mean": 12.5597047806, "median": 11.9790143967, "min": 3.59080767632, "var": 16.4825210571}, "barkbands_flatness_db": {"dmean": 0.0181066114455, "dmean2": 0.0279950387776, "dvar": 0.000492340768687, "dvar2": 0.00112711288966, "max": 0.47334754467, "mean": 0.273727566004, "median": 0.271266758442, "min": 0.0758678913116, "var": 0.00369405257516}, "barkbands_kurtosis": {"dmean": 1.7091575861, "dmean2": 2.74067544937, "dvar": 9.85835361481, "dvar2": 23.9708156586, "max": 136.635421753, "mean": 3.91805887222, "median": 1.97434520721, "min": -1.87171638012, "var": 52.7220726013}, "barkbands_skewness": {"dmean": 0.356893271208, "dmean2": 0.553540945053, "dvar": 0.166586324573, "dvar2": 0.400678306818, "max": 9.52851867676, "mean": 0.782322824001, "median": 0.666224479675, "min": -6.9429731369, "var": 1.70211756229}, "barkbands_spread": {"dmean": 1.44099295139, "dmean2": 2.35430622101, "dvar": 5.38056993484, "dvar2": 14.8019704819, "max": 104.409263611, "mean": 7.98749685287, "median": 7.6123790741, "min": 0.402047663927, "var": 17.2778739929}, "dissonance": {"dmean": 0.0376912355423, "dmean2": 0.0632869824767, "dvar": 0.00113827909809, "dvar2": 0.00306464964524, "max": 0.499874800444, "mean": 0.384797304869, "median": 0.395894885063, "min": 0.121763557196, "var": 0.00374916242436}, "dynamic_complexity": 3.52181100845, "erbbands_crest": {"dmean": 2.29389452934, "dmean2": 3.58272218704, "dvar": 4.83535671234, "dvar2": 10.9549484253, "max": 32.68126297, "mean": 14.1085577011, "median": 13.2251005173, "min": 3.01798653603, "var": 29.7974014282}, "erbbands_flatness_db": {"dmean": 0.0171047337353, "dmean2": 0.0260403081775, "dvar": 0.000413095927797, "dvar2": 0.000904716609512, "max": 0.519269347191, "mean": 0.286151200533, "median": 0.278496205807, "min": 0.0444288998842, "var": 0.00502386735752}, "erbbands_kurtosis": {"dmean": 1.65075969696, "dmean2": 2.59915280342, "dvar": 5.35973453522, "dvar2": 13.1140947342, "max": 75.7932739258, "mean": 3.66547703743, "median": 2.24351787567, "min": -1.75682771206, "var": 24.6661663055}, "erbbands_skewness": {"dmean": 0.353613555431, "dmean2": 0.559481263161, "dvar": 0.128774181008, "dvar2": 0.308276981115, "max": 7.52225971222, "mean": 1.02687323093, "median": 0.95017272234, "min": -3.39727830887, "var": 0.64133554697}, "erbbands_spread": {"dmean": 3.12089657784, "dmean2": 4.99553632736, "dvar": 27.3249912262, "dvar2": 72.3653717041, "max": 138.061706543, "mean": 13.8796634674, "median": 11.4254665375, "min": 0.842411398888, "var": 103.145484924}, "hfc": {"dmean": 2.49544668198, "dmean2": 3.73074221611, "dvar": 18.5691394806, "dvar2": 39.9080581665, "max": 106.565658569, "mean": 12.4330911636, "median": 8.75230312347, "min": 1.11902197641e-16, "var": 127.226646423}, "melbands_crest": {"dmean": 2.21080470085, "dmean2": 3.56694412231, "dvar": 4.51594829559, "dvar2": 11.9726915359, "max": 32.5995903015, "mean": 15.4127292633, "median": 14.6109523773, "min": 2.02147197723, "var": 25.7118263245}, "melbands_flatness_db": {"dmean": 0.0204697530717, "dmean2": 0.0314437411726, "dvar": 0.000701665878296, "dvar2": 0.00158379785717, "max": 0.595706999302, "mean": 0.367412894964, "median": 0.364779174328, "min": 0.00649019470438, "var": 0.00559533154592}, "melbands_kurtosis": {"dmean": 2.42586755753, "dmean2": 3.88085627556, "dvar": 22.9556865692, "dvar2": 59.8671684265, "max": 173.748779297, "mean": 5.56531715393, "median": 2.44254970551, "min": -1.7464659214, "var": 111.06678772}, "melbands_skewness": {"dmean": 0.391005516052, "dmean2": 0.616284072399, "dvar": 0.197950050235, "dvar2": 0.515519917011, "max": 9.89551067352, "mean": 1.1135443449, "median": 0.900474309921, "min": -2.76314735413, "var": 1.88586473465}, "melbands_spread": {"dmean": 1.76612591743, "dmean2": 2.79298138618, "dvar": 8.10374069214, "dvar2": 15.1378936768, "max": 171.705581665, "mean": 10.5949554443, "median": 9.81910610199, "min": 0.817287385464, "var": 65.1287155151}, "pitch_salience": {"dmean": 0.0441529378295, "dmean2": 0.0720535963774, "dvar": 0.00171223224606, "dvar2": 0.0044244886376, "max": 0.856557488441, "mean": 0.482969641685, "median": 0.478827804327, "min": 0.141194432974, "var": 0.00856681820005}, "silence_rate_20dB": {"dmean": 0, "dmean2": 0, "dvar": 0, "dvar2": 0, "max": 1, "mean": 1, "median": 1, "min": 1, "var": 0}, "silence_rate_30dB": {"dmean": 0.00495202746242, "dmean2": 0.00990558695048, "dvar": 0.00492759374902, "dvar2": 0.011664846912, "max": 1, "mean": 0.993037283421, "median": 1, "min": 0, "var": 0.00691430596635}, "silence_rate_60dB": {"dmean": 0.0030950170476, "dmean2": 0.00619099196047, "dvar": 0.00308539974503, "dvar2": 0.00646204734221, "max": 1, "mean": 0.0481200665236, "median": 0, "min": 0, "var": 0.0458064898849}, "spectral_centroid": {"dmean": 62.805015564, "dmean2": 102.624847412, "dvar": 17712.9394531, "dvar2": 30369.1347656, "max": 11448.6484375, "mean": 585.634887695, "median": 564.624938965, "min": 255.231567383, "var": 77545.40625}, "spectral_complexity": {"dmean": 1.44289696217, "dmean2": 2.44234633446, "dvar": 2.15894389153, "dvar2": 5.27664470673, "max": 45, "mean": 10.3586568832, "median": 10, "min": 0, "var": 18.0665588379}, "spectral_decrease": {"dmean": 1.3302796642e-09, "dmean2": 2.07665706853e-09, "dvar": 4.16257136571e-18, "dvar2": 1.00180199674e-17, "max": 4.04078840963e-16, "mean": -7.84810616494e-09, "median": -7.2947492491e-09, "min": -5.01842123413e-08, "var": 2.69407530814e-17}, "spectral_energy": {"dmean": 0.00522546749562, "dmean2": 0.0081376992166, "dvar": 6.43725434202e-05, "dvar2": 0.00015401384735, "max": 0.199072524905, "mean": 0.0307482313365, "median": 0.0282130166888, "min": 1.0530434905e-20, "var": 0.000418835668825}, "spectral_energyband_high": {"dmean": 1.73388853e-05, "dmean2": 2.91014166578e-05, "dvar": 9.71941727101e-09, "dvar2": 2.34380266306e-08, "max": 0.00390895176679, "mean": 4.46978192485e-05, "median": 8.05243143986e-06, "min": 7.5772741024e-21, "var": 2.44117650539e-08}, "spectral_energyband_low": {"dmean": 0.00144819635898, "dmean2": 0.00222786399536, "dvar": 1.21430084619e-05, "dvar2": 3.10136310873e-05, "max": 0.13739977777, "mean": 0.00958741828799, "median": 0.0075503163971, "min": 2.80953379374e-23, "var": 6.81014353177e-05}, "spectral_energyband_middle_high": {"dmean": 0.000910717295483, "dmean2": 0.00135191646405, "dvar": 4.93250854561e-06, "dvar2": 1.165375852e-05, "max": 0.0683936104178, "mean": 0.00262559764087, "median": 0.00112430250738, "min": 1.76718090584e-21, "var": 2.30445475609e-05}, "spectral_energyband_middle_low": {"dmean": 0.00444655725732, "dmean2": 0.00689147040248, "dvar": 4.31947519246e-05, "dvar2": 0.000105088365672, "max": 0.172347992659, "mean": 0.0186138618737, "median": 0.0143459066749, "min": 3.30431467413e-22, "var": 0.000249552569585}, "spectral_entropy": {"dmean": 0.199354171753, "dmean2": 0.312243402004, "dvar": 0.059566963464, "dvar2": 0.138493061066, "max": 9.81471633911, "mean": 6.25869512558, "median": 6.26436662674, "min": 4.54760885239, "var": 0.28742530942}, "spectral_flux": {"dmean": 0.015470802784, "dmean2": 0.0250649265945, "dvar": 0.000391149253119, "dvar2": 0.000975099741481, "max": 0.348272234201, "mean": 0.0485953725874, "median": 0.0430165715516, "min": 1.02617907227e-10, "var": 0.000844225520268}, "spectral_kurtosis": {"dmean": 14.0862541199, "dmean2": 24.1452255249, "dvar": 280.777191162, "dvar2": 742.403137207, "max": 278.71585083, "mean": 32.1917457581, "median": 21.5662994385, "min": -1.17423725128, "var": 1133.5814209}, "spectral_rms": {"dmean": 0.000439328694483, "dmean2": 0.000681197096128, "dvar": 2.80877287651e-07, "dvar2": 6.49767059713e-07, "max": 0.0139361796901, "mean": 0.00514443777502, "median": 0.00524641713127, "min": 3.20524488027e-12, "var": 3.53289078703e-06}, "spectral_rolloff": {"dmean": 66.0050506592, "dmean2": 118.66570282, "dvar": 136820.953125, "dvar2": 292995.84375, "max": 19681.3476562, "mean": 645.322631836, "median": 645.99609375, "min": 86.1328125, "var": 1043768.1875}, "spectral_skewness": {"dmean": 0.936130285263, "dmean2": 1.61072850227, "dvar": 0.911379754543, "dvar2": 2.48971843719, "max": 13.6716423035, "mean": 3.69830560684, "median": 3.23596644402, "min": -0.0327482782304, "var": 3.40228009224}, "spectral_spread": {"dmean": 338111.625, "dmean2": 562327.1875, "dvar": 353797472256, "dvar2": 743288602624, "max": 39484140, "mean": 2015093.375, "median": 1759380.5, "min": 286950.78125, "var": 1872316858370.0}, "spectral_strongpeak": {"dmean": 0.393937975168, "dmean2": 0.642642974854, "dvar": 0.463189214468, "dvar2": 0.992357134819, "max": 9.20370388031, "mean": 1.4053491354, "median": 1.0279841423, "min": 0, "var": 1.88968420029}, "zerocrossingrate": {"dmean": 0.00256963493302, "dmean2": 0.00331397936679, "dvar": 4.70736595162e-05, "dvar2": 3.89560373151e-05, "max": 0.75146484375, "mean": 0.0257012117654, "median": 0.0234375, "min": 0.00244140625, "var": 0.00136850669514}, "barkbands": {"dmean": [0.000260265602265, 0.0010940048378, 0.000410769192968, 0.000302019092487, 0.00196601357311, 0.000838414533064, 0.00138483033516, 0.000584713241551, 0.00135215837508, 0.000305869529257, 0.000418428826379, 0.00024563880288, 0.000143223878695, 4.26908918598e-05, 6.57269993098e-05, 5.81083040743e-05, 2.25131552725e-05, 2.03797826543e-05, 1.62942687894e-05, 1.57591202878e-05, 8.49375646794e-06, 3.58867760042e-06, 2.64426421381e-06, 9.26824156977e-07, 7.56351880682e-07, 2.27491682381e-07, 3.77554982833e-08], "dmean2": [0.000437350390712, 0.00159999646712, 0.000645913591143, 0.000486673496198, 0.00335198291577, 0.0014072866179, 0.00198896485381, 0.000834187667351, 0.00173602823634, 0.000456322188256, 0.000623283267487, 0.000376504147425, 0.000222340386244, 6.65525367367e-05, 0.00010271807696, 9.80763506959e-05, 3.80361452699e-05, 3.50404443452e-05, 2.82551900455e-05, 2.66885399469e-05, 1.40869897223e-05, 5.98376072958e-06, 4.33232025898e-06, 1.51376434587e-06, 1.23913400785e-06, 3.8311364392e-07, 6.26086560374e-08], "dvar": [2.8921226658e-07, 2.17203114516e-06, 6.08913614997e-06, 1.28052158743e-06, 1.64438770298e-05, 3.01617478726e-06, 9.14680731512e-06, 5.05619618707e-06, 9.06785135157e-06, 1.06630398022e-06, 2.98073859994e-06, 4.10716893384e-07, 1.17516847808e-07, 1.49348711176e-08, 5.14637363835e-08, 1.64313949114e-08, 3.08759640077e-09, 2.74797318234e-09, 2.41371500564e-09, 1.69417502249e-09, 4.53858328697e-09, 3.09970243917e-10, 2.28148611114e-10, 5.68555480474e-11, 3.04232923576e-11, 2.86542447756e-12, 7.43481068811e-14], "dvar2": [8.84744338236e-07, 5.80518371862e-06, 1.58110760822e-05, 3.00704755318e-06, 4.89265294163e-05, 9.20798811421e-06, 1.81841769518e-05, 8.00064208306e-06, 1.63171825989e-05, 2.14835063161e-06, 7.35096182325e-06, 1.01478065062e-06, 2.74566502867e-07, 2.87291559431e-08, 1.13656618339e-07, 4.4252640663e-08, 8.24758750184e-09, 7.51458628656e-09, 6.10975181559e-09, 4.25889457034e-09, 1.18018652628e-08, 7.20169590629e-10, 5.57707879878e-10, 1.26765667408e-10, 7.20051865355e-11, 7.87775487204e-12, 2.06814518853e-13], "max": [0.0130256786942, 0.039567835629, 0.107653841376, 0.0417310744524, 0.112194627523, 0.0561230927706, 0.0770456567407, 0.166733056307, 0.0786426216364, 0.0624377168715, 0.051393084228, 0.0106363426894, 0.00693510100245, 0.00368409859948, 0.0108691826463, 0.00236639287323, 0.00105882540811, 0.00109244661871, 0.001603663899, 0.00104924710467, 0.00319634820335, 0.000676314637531, 0.00048116457765, 0.00044768981752, 0.0002681229671, 6.28908746876e-05, 8.24061498861e-06], "mean": [0.00119194248691, 0.00737652555108, 0.000978878932074, 0.00056600838434, 0.00440092198551, 0.00233391253278, 0.00452924240381, 0.00171481177676, 0.00489325542003, 0.000775278138462, 0.000828916206956, 0.000460908573586, 0.000237370666582, 7.33700726414e-05, 0.000135647511343, 9.57001830102e-05, 3.69137233065e-05, 3.15826291626e-05, 2.44084349106e-05, 2.77198414551e-05, 1.52780376084e-05, 8.11862628325e-06, 6.10076267549e-06, 2.6150330541e-06, 2.14041710933e-06, 6.40127439056e-07, 8.99994745396e-08], "median": [0.000348859059159, 0.00454975059256, 0.000392685702536, 0.000153985907673, 0.00170051492751, 0.00092520104954, 0.00160660594702, 0.000229601893807, 0.00171957071871, 0.00020579554257, 0.000155283312779, 7.75333537604e-05, 8.64348330651e-05, 2.37883086811e-05, 3.32747731591e-05, 2.71790177067e-05, 1.3280744497e-05, 1.00834595287e-05, 6.87652072884e-06, 8.12943562778e-06, 1.80819893103e-06, 8.32655530303e-07, 3.36264577072e-07, 1.34759346793e-07, 6.77637430613e-08, 2.1172059661e-08, 4.91874896369e-09], "min": [4.79104652252e-24, 1.15639072765e-23, 1.34365573581e-23, 1.32338019617e-23, 6.14346382087e-23, 7.91187855565e-23, 8.77940845687e-23, 6.55737669237e-24, 6.17931723346e-23, 7.69724212511e-23, 1.42194222894e-22, 6.88702643964e-23, 7.98342634649e-23, 9.17994532398e-23, 9.50240831175e-23, 1.82414201483e-22, 1.50977210886e-22, 3.19220933534e-22, 3.6924428223e-22, 4.53647173674e-22, 4.78742643983e-22, 4.85391087962e-22, 6.1588251515e-22, 9.65704688484e-22, 1.0575345602e-21, 1.63579509971e-21, 2.28400157542e-21], "var": [2.96406074085e-06, 5.08022894792e-05, 5.9918857005e-06, 3.95120014218e-06, 4.49745130027e-05, 1.67294201674e-05, 4.75036795251e-05, 4.28279599873e-05, 5.86410933465e-05, 5.31510113433e-06, 7.44108592698e-06, 1.02762305687e-06, 1.92669318722e-07, 3.03439442462e-08, 1.45987101519e-07, 3.33856071677e-08, 5.86026871474e-09, 4.69114436186e-09, 4.20598045281e-09, 3.79436970732e-09, 5.18916554171e-09, 1.14372733506e-09, 9.35879151953e-10, 1.87371507199e-10, 1.40181685704e-10, 1.22062603081e-11, 2.2826033598e-13]}, "erbbands": {"dmean": [0.051964379847, 0.1806717664, 0.432630985975, 0.688344955444, 1.9640455246, 8.83752155304, 8.10100650787, 9.33473014832, 15.817896843, 17.4255180359, 12.5642852783, 32.4862632751, 16.788482666, 13.1726579666, 11.8596954346, 8.01538944244, 6.83679580688, 2.69022989273, 2.44746184349, 2.79796767235, 2.95362067223, 1.1754168272, 1.09414958954, 0.990040242672, 0.810679793358, 0.593923091888, 0.436229228973, 0.242045730352, 0.139319494367, 0.103423990309, 0.053843550384, 0.0303376019001, 0.0154571672902, 0.0111219873652, 0.00509990844876, 0.00149204127956, 0.00033142263419, 6.8865432695e-05, 7.71394024923e-06, 5.95125902692e-06], "dmean2": [0.0753575786948, 0.26348695159, 0.698843002319, 1.15089201927, 3.19746446609, 15.0993738174, 13.7385530472, 15.6713161469, 22.4000282288, 25.3383235931, 18.090795517, 41.813457489, 22.4522953033, 19.9658946991, 16.9019393921, 12.369020462, 10.7104997635, 4.09798908234, 3.82839584351, 4.44279003143, 4.9663438797, 1.98216223717, 1.86659133434, 1.72108459473, 1.37540972233, 1.00061273575, 0.718309164047, 0.411565393209, 0.229121655226, 0.164489641786, 0.0908671692014, 0.0490343794227, 0.0256077460945, 0.0184886883944, 0.00816225446761, 0.00249092886224, 0.000547076924704, 0.000113325302664, 1.27504217744e-05, 9.25770473259e-06], "dvar": [0.00657528731972, 0.0777837261558, 4.8496427536, 10.3148202896, 20.7791519165, 296.154998779, 455.755523682, 418.911102295, 1167.90771484, 1624.28149414, 2408.22924805, 5762.61523438, 1462.64624023, 3770.42553711, 1270.39440918, 477.587310791, 279.861694336, 58.1716156006, 38.0016326904, 81.3616943359, 57.9011802673, 5.90916347504, 6.55358600616, 7.76052808762, 5.08338069916, 2.86274766922, 13.0973482132, 2.18663406372, 0.490412384272, 0.339762330055, 0.123859673738, 0.0456921197474, 0.0153342420235, 0.00646476447582, 0.00127836549655, 0.00012134861754, 5.85380621487e-06, 2.98457621284e-07, 1.97105931576e-09, 8.29220858645e-11], "dvar2": [0.0197546593845, 0.186475738883, 12.821141243, 24.2225589752, 51.7342224121, 886.153015137, 1242.17346191, 1323.22814941, 1996.87817383, 3260.34008789, 4888.55029297, 9875.4765625, 2601.51464844, 9969.19824219, 2116.44628906, 1202.10900879, 681.076538086, 118.446968079, 85.0895080566, 181.973297119, 160.133651733, 15.1730365753, 17.0113677979, 20.7773418427, 12.1675605774, 7.07218503952, 33.7035446167, 5.74487495422, 1.16017138958, 0.776534378529, 0.334790408611, 0.11964404583, 0.0330646634102, 0.0149086164311, 0.00327153154649, 0.000321227649692, 1.58235834533e-05, 8.28780969186e-07, 5.55121060231e-09, 1.96718294432e-10], "max": [1.48002028465, 7.91754817963, 97.2540359497, 114.077835083, 164.017410278, 343.106567383, 779.564025879, 686.077026367, 826.097717285, 1786.91186523, 3076.58789062, 2317.64379883, 1431.40490723, 1694.30932617, 1971.02368164, 464.196594238, 360.530731201, 234.00604248, 193.226486206, 436.25668335, 159.787979126, 44.9078903198, 75.2084274292, 73.0325088501, 82.1435928345, 51.1667633057, 175.472305298, 51.464515686, 26.0809631348, 27.056848526, 14.861084938, 9.80116081238, 6.78545808792, 3.81247091293, 1.48229193687, 0.384152233601, 0.0848902836442, 0.0197730623186, 0.00141877285205, 0.000225415744353], "mean": [0.343116849661, 1.16533720493, 1.15118002892, 1.49226772785, 4.93419933319, 18.6789836884, 16.8567619324, 26.9424686432, 47.4071044922, 63.3442153931, 39.660194397, 116.14440155, 58.80052948, 27.0565910339, 29.9072265625, 15.7069911957, 11.7899312973, 5.06195020676, 5.12439203262, 6.17514801025, 5.13277482986, 2.12264561653, 1.82276308537, 1.40111267567, 1.42785465717, 1.07751405239, 0.735543906689, 0.508233785629, 0.313446760178, 0.231860473752, 0.125820457935, 0.0775716155767, 0.0430474951863, 0.0288311969489, 0.0132074141875, 0.00434306729585, 0.000926255248487, 0.000157043177751, 2.93428583973e-05, 3.50254013028e-05], "median": [0.226682841778, 0.591140091419, 0.623043417931, 0.693713903427, 1.94851696491, 6.61667108536, 6.64496469498, 10.5083293915, 21.8713417053, 21.4945964813, 9.39400577545, 39.7565345764, 23.2383232117, 7.94954872131, 5.20288276672, 3.63482546806, 4.27474021912, 2.16800165176, 1.93916618824, 2.16652441025, 1.48491406441, 0.872042119503, 0.661296367645, 0.461790829897, 0.348041027784, 0.308660030365, 0.157616078854, 0.0510532669723, 0.0325782597065, 0.0182277709246, 0.00810904987156, 0.00387275218964, 0.00188064330723, 0.00101045751944, 0.000411737040849, 0.000144079269376, 4.18997406086e-05, 8.04124101705e-06, 1.55751313287e-05, 3.15334800689e-05], "min": [1.64424070767e-22, 3.3566853952e-21, 1.58396476224e-20, 2.5322989002e-20, 1.92815684464e-19, 1.40082093233e-19, 1.8122335564e-19, 7.17582283317e-19, 1.48215897198e-18, 6.3180944406e-19, 3.54403853238e-19, 1.57317779068e-18, 1.57200970826e-18, 4.51568318868e-18, 4.42979661209e-18, 3.59450714799e-18, 3.60157333838e-18, 4.00931258259e-18, 5.72550638567e-18, 6.38975971451e-18, 1.0992576041e-17, 8.71779544204e-18, 1.71007564439e-17, 1.98384496475e-17, 1.70955104645e-17, 2.21461958754e-17, 1.81077363431e-17, 2.2924523201e-17, 1.65493313778e-17, 1.37919587203e-17, 1.91716411578e-17, 2.41505868485e-17, 1.22265673875e-17, 1.02628827995e-17, 7.5533071193e-18, 6.80334464411e-18, 3.17160072007e-18, 1.26900331692e-18, 2.93954941638e-19, 3.40713303242e-20], "var": [0.094730488956, 1.70112335682, 5.06286048889, 16.6487541199, 81.952911377, 883.997619629, 1138.79125977, 2383.93261719, 5037.00927734, 11632.1337891, 14917.3525391, 38573.0742188, 9476.36816406, 8366.12988281, 8015.07373047, 1094.06311035, 495.376617432, 106.443565369, 100.249137878, 231.338043213, 111.807411194, 12.550538063, 12.1707639694, 11.6975269318, 11.1624641418, 6.16631126404, 12.4384975433, 4.61984825134, 1.60734391212, 1.11068129539, 0.391130357981, 0.167817026377, 0.055817976594, 0.0256297290325, 0.00546626700088, 0.000592279015109, 2.39414894168e-05, 6.90637932621e-07, 6.27825125221e-09, 5.5075094485e-10]}, "gfcc": {"mean": [-109.524391174, 194.628997803, -117.735397339, -0.0848080143332, -45.3893661499, -10.8905515671, -11.059923172, 3.31814169884, -1.55556821823, -0.5726339221, -1.2558170557, -4.457467556, 5.1851978302], "cov": [[9391.75195312, -973.580627441, -1043.6463623, 1401.73864746, -627.187316895, 422.650848389, -75.3060302734, 177.315963745, -250.575119019, 28.1367073059, -161.639465332, 95.5986022949, 70.5123138428], [-973.580627441, 1774.66723633, -160.524017334, -473.86730957, 550.66204834, -290.783782959, 194.986053467, -190.282928467, 238.977218628, -98.904510498, 161.519454956, -101.339622498, 102.456542969], [-1043.6463623, -160.524017334, 705.72869873, 104.902526855, 15.5227842331, 102.952507019, -87.1484375, 2.6612238884, -123.493438721, -8.86664676666, -34.9402809143, 37.2545013428, 18.084936142], [1401.73864746, -473.86730957, 104.902526855, 713.68572998, -35.6093826294, 174.725082397, -56.9481010437, 5.22910737991, -154.6224823, -42.6519393921, -39.5661506653, 62.280670166, 60.9978637695], [-627.187316895, 550.66204834, 15.5227842331, -35.6093826294, 382.24798584, -67.7242050171, 62.5890235901, -66.7568206787, 31.3625507355, -62.6470985413, 58.8454284668, -9.07176780701, 62.8208503723], [422.650848389, -290.783782959, 102.952507019, 174.725082397, -67.7242050171, 197.467559814, -17.7677078247, 5.70204496384, -80.2377471924, -9.65392398834, -36.2190895081, 28.2720565796, 2.7649731636], [-75.3060302734, 194.986053467, -87.1484375, -56.9481010437, 62.5890235901, -17.7677078247, 142.145446777, 17.141784668, 53.4910545349, -10.493730545, 8.49886798859, -25.4834785461, 12.3416452408], [177.315963745, -190.282928467, 2.6612238884, 5.22910737991, -66.7568206787, 5.70204496384, 17.141784668, 143.388198853, 5.6987080574, 24.7968082428, -24.4050426483, 1.70465886593, -19.01795578], [-250.575119019, 238.977218628, -123.493438721, -154.6224823, 31.3625507355, -80.2377471924, 53.4910545349, 5.6987080574, 187.634048462, 50.9738960266, 32.7613067627, -30.0953140259, -4.99570226669], [28.1367073059, -98.904510498, -8.86664676666, -42.6519393921, -62.6470985413, -9.65392398834, -10.493730545, 24.7968082428, 50.9738960266, 103.657180786, 18.8377342224, 0.355781316757, -29.0718173981], [-161.639465332, 161.519454956, -34.9402809143, -39.5661506653, 58.8454284668, -36.2190895081, 8.49886798859, -24.4050426483, 32.7613067627, 18.8377342224, 97.2880325317, 20.2591152191, 8.24053859711], [95.5986022949, -101.339622498, 37.2545013428, 62.280670166, -9.07176780701, 28.2720565796, -25.4834785461, 1.70465886593, -30.0953140259, 0.355781316757, 20.2591152191, 84.7096099854, 35.0366744995], [70.5123138428, 102.456542969, 18.084936142, 60.9978637695, 62.8208503723, 2.7649731636, 12.3416452408, -19.01795578, -4.99570226669, -29.0718173981, 8.24053859711, 35.0366744995, 92.416557312]], "icov": [[0.000526254356373, -0.000991134438664, 0.00118698400911, -0.001252955175, 0.00119499769062, -0.000978287192993, 0.00072430371074, -0.00108038762119, 0.000975552306045, -0.00121009850409, 0.00104267173447, -0.000579302781262, -1.13764081107e-05], [-0.000991134438664, 0.0044627180323, -0.00247548590414, 0.00327461818233, -0.00406090915203, 0.00301191164181, -0.00259436783381, 0.00379918934777, -0.00324819120578, 0.00412298040465, -0.00411581806839, 0.00343320542015, -0.00188284087926], [0.00118698400911, -0.00247548590414, 0.0045386175625, -0.0026978245005, 0.00224482524209, -0.00311141763814, 0.00275573018007, -0.0029013985768, 0.0032838950865, -0.0036207837984, 0.00307930354029, -0.00157554307953, -0.00030540881562], [-0.001252955175, 0.00327461818233, -0.0026978245005, 0.00545084150508, -0.00360595341772, 0.00124026206322, -0.00157215760555, 0.00285108271055, -0.00171297590714, 0.00338382949121, -0.00312822777778, 0.00217720447108, -0.00210805982351], [0.00119499769062, -0.00406090915203, 0.00224482524209, -0.00360595341772, 0.00840532314032, -0.00193214206956, 0.00101233075839, -0.00256956531666, 0.00275261071511, -0.00163799454458, 0.00133142829873, -0.00171761109959, -0.00062269042246], [-0.000978287192993, 0.00301191164181, -0.00311141763814, 0.00124026206322, -0.00193214206956, 0.0105704907328, -0.00378497154452, 0.00378971872851, -0.000875981000718, 0.00264246482402, -0.00110210035928, 6.46415537631e-06, 0.00035973417107], [0.00072430371074, -0.00259436783381, 0.00275573018007, -0.00157215760555, 0.00101233075839, -0.00378497154452, 0.0118666924536, -0.00482972245663, -8.12828511698e-05, -0.00109608704224, 0.00169764948077, 0.00115687202197, -0.00127067277208], [-0.00108038762119, 0.00379918934777, -0.0029013985768, 0.00285108271055, -0.00256956531666, 0.00378971872851, -0.00482972245663, 0.0121510112658, -0.00301303574815, 0.00203380407766, -0.0011147451587, 0.000740021525417, 0.000372885115212], [0.000975552306045, -0.00324819120578, 0.0032838950865, -0.00171297590714, 0.00275261071511, -0.000875981000718, -8.12828511698e-05, -0.00301303574815, 0.0126806208864, -0.00849998276681, 0.00224363896996, -8.63255900185e-06, -0.00129453814588], [-0.00121009850409, 0.00412298040465, -0.0036207837984, 0.00338382949121, -0.00163799454458, 0.00264246482402, -0.00109608704224, 0.00203380407766, -0.00849998276681, 0.0198545288295, -0.00774541357532, 0.00180589500815, 0.00221901410259], [0.00104267173447, -0.00411581806839, 0.00307930354029, -0.00312822777778, 0.00133142829873, -0.00110210035928, 0.00169764948077, -0.0011147451587, 0.00224363896996, -0.00774541357532, 0.0194346774369, -0.00933225825429, 0.0033912290819], [-0.000579302781262, 0.00343320542015, -0.00157554307953, 0.00217720447108, -0.00171761109959, 6.46415537631e-06, 0.00115687202197, 0.000740021525417, -8.63255900185e-06, 0.00180589500815, -0.00933225825429, 0.0223245173693, -0.0103915818036], [-1.13764081107e-05, -0.00188284087926, -0.00030540881562, -0.00210805982351, -0.00062269042246, 0.00035973417107, -0.00127067277208, 0.000372885115212, -0.00129453814588, 0.00221901410259, 0.0033912290819, -0.0103915818036, 0.0192920360714]]}, "melbands": {"dmean": [0.000359575147741, 0.000213356048334, 0.000140933392686, 0.000357220589649, 0.000341490638675, 0.000194422827917, 0.000259308988461, 0.000181941213668, 0.000105788116343, 0.000221189402509, 8.22732617962e-05, 5.36759580427e-05, 4.10606553487e-05, 2.58284089796e-05, 2.58157724602e-05, 1.33600005938e-05, 3.94035942008e-06, 3.47053764926e-06, 6.17311889073e-06, 3.76443722416e-06, 3.33209345627e-06, 1.43437603128e-06, 7.17597799849e-07, 1.10114910967e-06, 8.32953560348e-07, 5.93770835167e-07, 6.96784013599e-07, 3.62198733228e-07, 3.1688909985e-07, 2.0291150804e-07, 1.26565680603e-07, 9.21879816929e-08, 6.66384778469e-08, 6.46198756726e-08, 3.01355562726e-08, 3.94022272587e-08, 1.46218939179e-08, 1.23777201821e-08, 1.01010950715e-08, 9.19511045083e-09], "dmean2": [0.000517136300914, 0.000343839434208, 0.000227389973588, 0.000605628534686, 0.000583108747378, 0.000320842140354, 0.000372253503883, 0.000260812637862, 0.000156348585733, 0.000279097934254, 0.000111907356768, 8.1167119788e-05, 6.00364146521e-05, 3.75373710995e-05, 4.09077219956e-05, 2.05713167816e-05, 6.07339461567e-06, 5.50842742086e-06, 9.68841959548e-06, 6.31891634839e-06, 5.62987406738e-06, 2.41626185016e-06, 1.2112487866e-06, 1.88669582712e-06, 1.4563700006e-06, 1.01903174254e-06, 1.18209914035e-06, 6.12881819961e-07, 5.25118252881e-07, 3.35963903808e-07, 2.15420783434e-07, 1.4909676338e-07, 1.10938557896e-07, 1.05407252704e-07, 5.20502787538e-08, 6.33714307696e-08, 2.48084361942e-08, 2.03589873848e-08, 1.68127893829e-08, 1.54040371569e-08], "dvar": [2.70246374612e-07, 7.2851406685e-07, 3.44312468314e-07, 4.01159439889e-07, 7.48740546896e-07, 1.66726323414e-07, 3.01544758941e-07, 2.03540338362e-07, 1.98033575316e-07, 2.50998084539e-07, 3.8450110651e-08, 5.39909521535e-08, 1.89373352555e-08, 5.25686427721e-09, 9.91916504489e-09, 1.2328222887e-09, 1.4986890895e-10, 7.98316204809e-11, 6.00208605039e-10, 6.10162545489e-11, 1.01239149009e-10, 1.05813127357e-11, 2.6187903842e-12, 1.07783443629e-11, 6.12437964925e-12, 3.0411886117e-12, 4.28898149635e-12, 1.0256404016e-12, 5.35466592941e-12, 1.9951637998e-12, 6.10173153323e-13, 1.86400726668e-13, 1.29022416666e-13, 1.39326159117e-13, 4.98593238907e-14, 8.03578191944e-14, 1.32184446562e-14, 9.39965082359e-15, 7.75765882061e-15, 4.49956098856e-15], "dvar2": [7.68474819779e-07, 1.90423918411e-06, 8.06224818461e-07, 1.19320327485e-06, 2.14085343941e-06, 5.16439683906e-07, 5.60991509246e-07, 3.68188921129e-07, 4.58959078742e-07, 4.06170954648e-07, 7.00361511008e-08, 1.40417640182e-07, 4.02988789006e-08, 1.02105319755e-08, 2.54324152849e-08, 2.90866464248e-09, 2.98753993766e-10, 1.81597695215e-10, 1.33392252799e-09, 1.58309879095e-10, 2.84078871537e-10, 2.71924444767e-11, 6.65473925965e-12, 2.97088430246e-11, 1.63948507548e-11, 7.38406037704e-12, 1.10600261588e-11, 2.57748119722e-12, 1.35801422191e-11, 5.28495259708e-12, 1.5923412762e-12, 4.28561727122e-13, 3.18913732228e-13, 3.23044244349e-13, 1.37153756776e-13, 2.11981026807e-13, 3.49487352578e-14, 2.15836310819e-14, 1.795432699e-14, 1.11326827748e-14], "max": [0.0121962139383, 0.0377607084811, 0.0197623297572, 0.0110779507086, 0.029675424099, 0.0140413753688, 0.012514045462, 0.0222975891083, 0.0201182588935, 0.0155771737918, 0.00808270834386, 0.00621753558517, 0.00517403101549, 0.00249060685746, 0.00247717625462, 0.000863040622789, 0.000391393201426, 0.000274621503195, 0.00121805944946, 0.00017610238865, 0.000219936919166, 5.83502587688e-05, 4.15859904024e-05, 6.62183956592e-05, 6.9468303991e-05, 6.04703127465e-05, 5.28133859916e-05, 2.91654341709e-05, 9.78751413641e-05, 6.01546125836e-05, 3.01786622003e-05, 1.53308847075e-05, 1.16616065498e-05, 1.72798190761e-05, 1.09690736281e-05, 1.1147951227e-05, 6.44183546683e-06, 5.49864262211e-06, 5.06480591866e-06, 3.32908120981e-06], "mean": [0.00256692431867, 0.000878209422808, 0.000330996932462, 0.000830944918562, 0.000717449991498, 0.000555094215088, 0.000819545122795, 0.00064947741339, 0.000296799407806, 0.0007994681946, 0.000274052465102, 0.000107378982648, 9.2180503998e-05, 6.09751841694e-05, 4.11211694882e-05, 2.15821219172e-05, 7.10792119207e-06, 6.32096362096e-06, 1.28176498038e-05, 6.43141083856e-06, 5.53980635232e-06, 2.38996790358e-06, 1.20596973829e-06, 1.65447113432e-06, 1.07755522549e-06, 9.7908753105e-07, 1.12986219847e-06, 6.16766612893e-07, 4.98607391819e-07, 3.66920261285e-07, 2.56965080325e-07, 1.90908849618e-07, 1.27116265958e-07, 1.34019515485e-07, 6.17763049604e-08, 8.11723950278e-08, 3.47503572584e-08, 3.06580432152e-08, 2.56784566943e-08, 2.29924967954e-08], "median": [0.00170749262907, 0.000551666249521, 0.000144135890878, 0.000345795851899, 0.000254174956353, 0.000226484058658, 0.000353722716682, 0.000206670592888, 4.17163173552e-05, 0.000262934569037, 0.000101932535472, 2.45064275077e-05, 1.78424688784e-05, 1.09620086732e-05, 5.76232105232e-06, 7.79195761424e-06, 2.67838504442e-06, 2.15642103285e-06, 2.8024344374e-06, 2.26757424571e-06, 1.32351044613e-06, 8.43215389068e-07, 4.82297309645e-07, 4.84609188334e-07, 2.62536161699e-07, 2.21751804474e-07, 2.079494692e-07, 1.43428749766e-07, 1.15684308355e-07, 3.46496058512e-08, 1.91076185985e-08, 1.85209483305e-08, 1.17454224124e-08, 8.21381096472e-09, 3.97506205729e-09, 3.61257623815e-09, 1.72891800876e-09, 1.21184351443e-09, 1.03683972519e-09, 7.10663916603e-10], "min": [2.50097503163e-24, 7.00891160261e-24, 9.22401409181e-24, 1.42120170943e-23, 5.60240297975e-24, 1.7290081349e-23, 2.26131175222e-23, 5.3938707549e-24, 3.00315678414e-24, 1.05861670381e-23, 6.86369019857e-24, 1.72750014839e-23, 1.7150995705e-23, 8.08585583295e-24, 9.39122499359e-24, 7.55096475186e-24, 7.60340743598e-24, 9.57048653455e-24, 7.30047143774e-24, 9.05439637542e-24, 1.43056107075e-23, 8.35425234532e-24, 1.36818315685e-23, 1.36571780875e-23, 1.68043907337e-23, 1.40251769666e-23, 1.22408430187e-23, 1.56424711955e-23, 9.88001267679e-24, 1.19195778374e-23, 1.40733258808e-23, 9.7686128952e-24, 7.75118396049e-24, 8.38773081327e-24, 1.24143947845e-23, 9.74808673445e-24, 1.67620825456e-23, 8.44586828427e-24, 6.85554836517e-24, 9.75732823995e-24], "var": [5.28474765815e-06, 1.24814073388e-06, 7.33630656669e-07, 1.54648569151e-06, 1.73897092282e-06, 9.55402583713e-07, 1.41057432756e-06, 1.62708465723e-06, 9.86072222986e-07, 1.78940604201e-06, 2.40975879251e-07, 1.31212814836e-07, 7.41911421187e-08, 2.5023242145e-08, 1.81131252219e-08, 1.92678961675e-09, 2.78532003017e-10, 1.68550187696e-10, 1.65699098886e-09, 1.37630795649e-10, 1.85275753073e-10, 2.17035278638e-11, 4.67241436514e-12, 1.82493482132e-11, 9.20774914648e-12, 6.22938289493e-12, 9.56427124998e-12, 1.98537171946e-12, 5.21092544115e-12, 3.00246568059e-12, 1.16870976872e-12, 6.1849586867e-13, 3.23278350704e-13, 4.16256954036e-13, 9.65115438739e-14, 2.310276265e-13, 3.30860793136e-14, 2.90798811355e-14, 2.18548137622e-14, 1.63642055906e-14]}, "mfcc": {"mean": [-750.092590332, 217.805297852, -3.20512413979, 17.3318653107, -7.10518932343, -4.28627920151, -1.04093706608, 2.60765314102, 5.78230714798, 7.3907160759, 0.110949359834, 1.50873088837, 5.85886192322], "cov": [[5851.23193359, -248.889862061, -916.142150879, 633.641418457, -366.449615479, 272.666351318, 13.4259986877, 149.970184326, 39.4586906433, -0.76904720068, -187.390579224, -31.4210891724, 79.7508544922], [-248.889862061, 1446.32653809, -272.561431885, -109.884963989, 191.364135742, -14.8035326004, 46.3631668091, -2.46406698227, 29.8218727112, 30.1842479706, 55.890663147, 38.1804199219, -31.0268363953], [-916.142150879, -272.561431885, 655.992797852, -45.9210090637, 50.2288856506, 20.9224014282, 8.19575405121, -22.0143947601, -14.565905571, -24.3191318512, 13.1809387207, -25.5113449097, -26.9289913177], [633.641418457, -109.884963989, -45.9210090637, 400.608184814, 74.1084518433, 111.025253296, 83.5131149292, 41.0115432739, -0.24009770155, -33.7868003845, -67.4997177124, -54.0605163574, -12.8285627365], [-366.449615479, 191.364135742, 50.2288856506, 74.1084518433, 221.057601929, 40.6292877197, 50.0537948608, 4.1864991188, -11.5878553391, -24.248418808, -9.25143909454, -13.4309978485, -17.4532852173], [272.666351318, -14.8035326004, 20.9224014282, 111.025253296, 40.6292877197, 180.062164307, 48.6710624695, 12.4329519272, 0.974292159081, -33.1345825195, -35.0964164734, -16.8596668243, -17.8673934937], [13.4259986877, 46.3631668091, 8.19575405121, 83.5131149292, 50.0537948608, 48.6710624695, 147.191314697, 45.5250205994, -2.95502829552, -18.6944980621, -38.9983139038, -23.3692398071, -12.3951272964], [149.970184326, -2.46406698227, -22.0143947601, 41.0115432739, 4.1864991188, 12.4329519272, 45.5250205994, 102.857139587, 29.9236907959, -1.91758525372, -19.1937484741, -25.0634670258, -7.53605461121], [39.4586906433, 29.8218727112, -14.565905571, -0.24009770155, -11.5878553391, 0.974292159081, -2.95502829552, 29.9236907959, 86.6364212036, 38.3564186096, -0.930655300617, -12.2504644394, -5.18508625031], [-0.76904720068, 30.1842479706, -24.3191318512, -33.7868003845, -24.248418808, -33.1345825195, -18.6944980621, -1.91758525372, 38.3564186096, 95.1430511475, 48.7499809265, 0.991759300232, 0.647438585758], [-187.390579224, 55.890663147, 13.1809387207, -67.4997177124, -9.25143909454, -35.0964164734, -38.9983139038, -19.1937484741, -0.930655300617, 48.7499809265, 117.359138489, 38.2675170898, -15.1393470764], [-31.4210891724, 38.1804199219, -25.5113449097, -54.0605163574, -13.4309978485, -16.8596668243, -23.3692398071, -25.0634670258, -12.2504644394, 0.991759300232, 38.2675170898, 88.8756256104, 29.7898235321], [79.7508544922, -31.0268363953, -26.9289913177, -12.8285627365, -17.4532852173, -17.8673934937, -12.3951272964, -7.53605461121, -5.18508625031, 0.647438585758, -15.1393470764, 29.7898235321, 94.9472579956]], "icov": [[0.000396260584239, -3.81307254429e-05, 0.000403981335694, -0.000612992385868, 0.000800137408078, -0.00053928658599, 0.000377302407287, -0.000459785340354, 0.00030542811146, -0.000344983127434, 0.000403148878831, -0.000203719595447, -0.000107953244878], [-3.81307254429e-05, 0.00105161115061, 0.000541184679605, 0.000627751287539, -0.00122915825341, 4.19421339757e-05, -0.000511863152497, 0.000293576798867, -0.000579667801503, 7.86411183071e-05, -0.000412434397731, -0.000163312986842, 0.000305693014525], [0.000403981335694, 0.000541184679605, 0.00241475226358, 8.33354715724e-05, -0.000144001591252, -0.00079573947005, -9.57547672442e-05, 0.000179931303137, -0.000145897851326, 0.000450437655672, -0.000487226992846, 0.000671635265462, 5.97697617195e-05], [-0.000612992385868, 0.000627751287539, 8.33354715724e-05, 0.0048902509734, -0.00257582357153, -0.000826357863843, -0.00161752535496, 0.000412811088609, -0.000451147789136, 0.000546206603758, -0.000159391245688, 0.00164887763094, 2.58796535491e-05], [0.000800137408078, -0.00122915825341, -0.000144001591252, -0.00257582357153, 0.00823525991291, -0.001348255435, -0.000272530043731, -0.000518974033184, 0.00112431112211, 0.000434726302046, 0.000239474189584, 9.13761541597e-05, -0.000211332095205], [-0.00053928658599, 4.19421339757e-05, -0.00079573947005, -0.000826357863843, -0.001348255435, 0.00821556802839, -0.00181545421947, 0.00136339431629, -0.00173503661063, 0.00236929138191, -1.86792249224e-06, -0.000380751909688, 0.00130699446891], [0.000377302407287, -0.000511863152497, -9.57547672442e-05, -0.00161752535496, -0.000272530043731, -0.00181545421947, 0.0106541337445, -0.00482101878151, 0.00285045034252, -0.00203003571369, 0.00340723036788, -0.00095460441662, 0.000898899219465], [-0.000459785340354, 0.000293576798867, 0.000179931303137, 0.000412811088609, -0.000518974033184, 0.00136339431629, -0.00482101878151, 0.0144725730643, -0.00615221075714, 0.00325070205145, -0.00198593107052, 0.00310613121837, -0.000379911361961], [0.00030542811146, -0.000579667801503, -0.000145897851326, -0.000451147789136, 0.00112431112211, -0.00173503661063, 0.00285045034252, -0.00615221075714, 0.0182241946459, -0.00961549766362, 0.00463803345338, -0.000918890465982, 0.00130430958234], [-0.000344983127434, 7.86411183071e-05, 0.000450437655672, 0.000546206603758, 0.000434726302046, 0.00236929138191, -0.00203003571369, 0.00325070205145, -0.00961549766362, 0.0205462332815, -0.0103607587516, 0.00507334573194, -0.00287321466021], [0.000403148878831, -0.000412434397731, -0.000487226992846, -0.000159391245688, 0.000239474189584, -1.86792249224e-06, 0.00340723036788, -0.00198593107052, 0.00463803345338, -0.0103607587516, 0.0179227832705, -0.00835094507784, 0.00549956830218], [-0.000203719595447, -0.000163312986842, 0.000671635265462, 0.00164887763094, 9.13761541597e-05, -0.000380751909688, -0.00095460441662, 0.00310613121837, -0.000918890465982, 0.00507334573194, -0.00835094507784, 0.0186612978578, -0.00667325872928], [-0.000107953244878, 0.000305693014525, 5.97697617195e-05, 2.58796535491e-05, -0.000211332095205, 0.00130699446891, 0.000898899219465, -0.000379911361961, 0.00130430958234, -0.00287321466021, 0.00549956830218, -0.00667325872928, 0.0140989534557]]}, "spectral_contrast_coeffs": {"dmean": [0.045223351568, 0.0417879149318, 0.0330181196332, 0.0279210377485, 0.0215150360018, 0.0200501605868], "dmean2": [0.0763253197074, 0.0684120878577, 0.0521340370178, 0.0460197143257, 0.0352838970721, 0.0341438949108], "dvar": [0.00134902575519, 0.00137304503005, 0.000736006128136, 0.000535684579518, 0.000358911696821, 0.000438443094026], "dvar2": [0.00388043560088, 0.00335604976863, 0.00175321381539, 0.00138221133966, 0.000928319757804, 0.00123656599317], "max": [-0.381726384163, -0.378565698862, -0.386182308197, -0.518435001373, -0.561882078648, -0.594517290592], "mean": [-0.691988646984, -0.633359193802, -0.673771262169, -0.761193573475, -0.774102270603, -0.763083159924], "median": [-0.699038863182, -0.634551763535, -0.679682612419, -0.765053153038, -0.778514266014, -0.754794538021], "min": [-0.966721832752, -0.965002059937, -0.96784979105, -0.965653061867, -0.965550065041, -0.961436748505], "var": [0.00775757897645, 0.00782692804933, 0.00975591223687, 0.00461424700916, 0.00273898011073, 0.00229530385695]}, "spectral_contrast_valleys": {"dmean": [0.290250629187, 0.355260491371, 0.291894495487, 0.301892399788, 0.344096601009, 0.350633442402], "dmean2": [0.491707354784, 0.58858537674, 0.469901025295, 0.478165477514, 0.543194293976, 0.574537575245], "dvar": [0.0817698910832, 0.134492069483, 0.0863705202937, 0.11077721417, 0