{"lowlevel": {"average_loudness": 0.825637221336, "barkbands_crest": {"dmean": 2.27777385712, "dmean2": 3.608263731, "dvar": 4.33628940582, "dvar2": 11.0198917389, "max": 23.9233398438, "mean": 9.48471736908, "median": 8.69616985321, "min": 2.73943781853, "var": 13.763215065}, "barkbands_flatness_db": {"dmean": 0.0171144120395, "dmean2": 0.0260050203651, "dvar": 0.000251514196862, "dvar2": 0.000585931527894, "max": 0.331191271544, "mean": 0.170399025083, "median": 0.16235178709, "min": 0.028099026531, "var": 0.0016336417757}, "barkbands_kurtosis": {"dmean": 1.4158103466, "dmean2": 2.13641357422, "dvar": 3.63334870338, "dvar2": 8.23133182526, "max": 25.1995105743, "mean": 1.26714611053, "median": 0.169862985611, "min": -1.86038839817, "var": 10.5236825943}, "barkbands_skewness": {"dmean": 0.437188237906, "dmean2": 0.634164869785, "dvar": 0.174894586205, "dvar2": 0.372030496597, "max": 3.8712978363, "mean": 0.814216196537, "median": 0.823725879192, "min": -2.04371714592, "var": 0.807858109474}, "barkbands_spread": {"dmean": 6.3404507637, "dmean2": 9.22929668427, "dvar": 44.6275138855, "dvar2": 95.6157836914, "max": 68.3020172119, "mean": 28.1727867126, "median": 27.0332202911, "min": 2.70656037331, "var": 231.322463989}, "dissonance": {"dmean": 0.0248200595379, "dmean2": 0.0410168282688, "dvar": 0.00063636933919, "dvar2": 0.00174415437505, "max": 0.499998152256, "mean": 0.448360562325, "median": 0.458507508039, "min": 0.219414561987, "var": 0.00180319591891}, "dynamic_complexity": 4.40473651886, "erbbands_crest": {"dmean": 3.40158104897, "dmean2": 5.40781068802, "dvar": 9.37175273895, "dvar2": 23.8634376526, "max": 32.5367889404, "mean": 12.5566539764, "median": 11.4605140686, "min": 3.32263922691, "var": 29.0112781525}, "erbbands_flatness_db": {"dmean": 0.0178907625377, "dmean2": 0.0266612321138, "dvar": 0.000288763927529, "dvar2": 0.000655912968796, "max": 0.38474932313, "mean": 0.208737000823, "median": 0.199680507183, "min": 0.0707802996039, "var": 0.00216433801688}, "erbbands_kurtosis": {"dmean": 1.51634562016, "dmean2": 2.38462471962, "dvar": 4.8359503746, "dvar2": 11.3378658295, "max": 36.2853393555, "mean": 1.40966415405, "median": 0.227794885635, "min": -1.83331751823, "var": 10.9851541519}, "erbbands_skewness": {"dmean": 0.424681961536, "dmean2": 0.635648190975, "dvar": 0.156008884311, "dvar2": 0.345353245735, "max": 3.57025241852, "mean": 0.730479121208, "median": 0.710405945778, "min": -1.75071036816, "var": 0.68244022131}, "erbbands_spread": {"dmean": 8.64540672302, "dmean2": 12.9648313522, "dvar": 75.235244751, "dvar2": 161.998687744, "max": 112.666038513, "mean": 37.014087677, "median": 35.1793479919, "min": 3.04140734673, "var": 379.454467773}, "hfc": {"dmean": 17.7481994629, "dmean2": 24.8040733337, "dvar": 975.051879883, "dvar2": 2182.92602539, "max": 443.507476807, "mean": 39.384853363, "median": 23.7703762054, "min": 1.19173022581e-16, "var": 2283.43945312}, "melbands_crest": {"dmean": 2.83319211006, "dmean2": 4.38574743271, "dvar": 6.44749879837, "dvar2": 15.9745178223, "max": 30.1670913696, "mean": 13.145980835, "median": 12.3202056885, "min": 1.78414356709, "var": 26.6898612976}, "melbands_flatness_db": {"dmean": 0.0199681743979, "dmean2": 0.0277443937957, "dvar": 0.000354872317985, "dvar2": 0.000725519203115, "max": 0.376685231924, "mean": 0.171068191528, "median": 0.163326472044, "min": 0.004225644283, "var": 0.00298688653857}, "melbands_kurtosis": {"dmean": 2.73347425461, "dmean2": 4.17763710022, "dvar": 9.27589321136, "dvar2": 22.7685070038, "max": 43.2996673584, "mean": 5.55801105499, "median": 4.14952421188, "min": -1.56730246544, "var": 30.5299968719}, "melbands_skewness": {"dmean": 0.514698028564, "dmean2": 0.771205961704, "dvar": 0.202895373106, "dvar2": 0.497380584478, "max": 5.17757987976, "mean": 1.69495439529, "median": 1.68520402908, "min": -1.64765000343, "var": 0.888951599598}, "melbands_spread": {"dmean": 10.8347673416, "dmean2": 15.3012247086, "dvar": 148.693084717, "dvar2": 291.750061035, "max": 158.627655029, "mean": 38.5644683838, "median": 30.0213546753, "min": 3.8401248455, "var": 749.432556152}, "pitch_salience": {"dmean": 0.0578754320741, "dmean2": 0.0942786037922, "dvar": 0.00268863770179, "dvar2": 0.00714600039646, "max": 0.910269856453, "mean": 0.499709010124, "median": 0.504219174385, "min": 0.187687784433, "var": 0.00946580059826}, "silence_rate_20dB": {"dmean": 0, "dmean2": 0, "dvar": 0, "dvar2": 0, "max": 1, "mean": 1, "median": 1, "min": 1, "var": 0}, "silence_rate_30dB": {"dmean": 0, "dmean2": 0, "dvar": 0, "dvar2": 0, "max": 1, "mean": 1, "median": 1, "min": 1, "var": 0}, "silence_rate_60dB": {"dmean": 0.025768911466, "dmean2": 0.0515592508018, "dvar": 0.0251046903431, "dvar2": 0.0555524677038, "max": 1, "mean": 0.142916500568, "median": 0, "min": 0, "var": 0.122491039336}, "spectral_centroid": {"dmean": 313.868927002, "dmean2": 439.815734863, "dvar": 120800.359375, "dvar2": 200638.546875, "max": 10878.6357422, "mean": 1963.67285156, "median": 1863.78210449, "min": 521.33404541, "var": 647131.0625}, "spectral_complexity": {"dmean": 2.06566905975, "dmean2": 3.21081089973, "dvar": 3.68815135956, "dvar2": 7.85450553894, "max": 31, "mean": 13.1059408188, "median": 13, "min": 0, "var": 32.5957756042}, "spectral_decrease": {"dmean": 7.8180406593e-10, "dmean2": 1.14497389347e-09, "dvar": 1.22321494091e-18, "dvar2": 2.56617027254e-18, "max": 6.62605544566e-29, "mean": -2.77584311092e-09, "median": -2.06908978839e-09, "min": -1.72183138858e-08, "var": 5.94546239594e-18}, "spectral_energy": {"dmean": 0.00429840339348, "dmean2": 0.00621720496565, "dvar": 3.45355183526e-05, "dvar2": 7.31124673621e-05, "max": 0.0831291377544, "mean": 0.0140490103513, "median": 0.0104281967506, "min": 1.05642273333e-20, "var": 0.000152817709022}, "spectral_energyband_high": {"dmean": 0.00163683516439, "dmean2": 0.00225774035789, "dvar": 9.35744265007e-06, "dvar2": 2.18019213207e-05, "max": 0.0370921753347, "mean": 0.00298911356367, "median": 0.00135671999305, "min": 7.69976145654e-21, "var": 2.01312559511e-05}, "spectral_energyband_low": {"dmean": 1.72988598024e-06, "dmean2": 2.01212560569e-06, "dvar": 5.5924244402e-11, "dvar2": 6.86454920684e-11, "max": 0.000498838257045, "mean": 5.90714716964e-06, "median": 3.08845017116e-07, "min": 5.27240360932e-23, "var": 1.01587205315e-09}, "spectral_energyband_middle_high": {"dmean": 0.00252607208677, "dmean2": 0.00387641298585, "dvar": 1.47950186147e-05, "dvar2": 3.41391605616e-05, "max": 0.0490504577756, "mean": 0.00644548796117, "median": 0.0038213992957, "min": 1.36027175918e-21, "var": 5.3004543588e-05}, "spectral_energyband_middle_low": {"dmean": 0.00149154174142, "dmean2": 0.00205223099329, "dvar": 4.92599019708e-06, "dvar2": 9.75007242232e-06, "max": 0.0420884490013, "mean": 0.00508026359603, "median": 0.00370130781084, "min": 1.80523144121e-22, "var": 2.29901743296e-05}, "spectral_entropy": {"dmean": 0.181490421295, "dmean2": 0.26468038559, "dvar": 0.0361149869859, "dvar2": 0.0771454870701, "max": 9.80768489838, "mean": 7.46678066254, "median": 7.56299495697, "min": 5.84602737427, "var": 0.232827916741}, "spectral_flux": {"dmean": 0.014915112406, "dmean2": 0.0235044173896, "dvar": 0.000347401888575, "dvar2": 0.000884839624632, "max": 0.222203671932, "mean": 0.0543737336993, "median": 0.0486620701849, "min": 1.04341653373e-10, "var": 0.0009960726602}, "spectral_kurtosis": {"dmean": 1.28832626343, "dmean2": 1.91065776348, "dvar": 7.58975124359, "dvar2": 19.4826908112, "max": 49.3167953491, "mean": 3.58969807625, "median": 2.39443254471, "min": -1.27102732658, "var": 18.5386962891}, "spectral_rms": {"dmean": 0.000513002160005, "dmean2": 0.00072406954132, "dvar": 3.25100273812e-07, "dvar2": 6.77335492583e-07, "max": 0.00900564249605, "mean": 0.00333014479838, "median": 0.00318964733742, "min": 3.21038356489e-12, "var": 2.61648278865e-06}, "spectral_rolloff": {"dmean": 1302.33642578, "dmean2": 2077.6640625, "dvar": 3990765.5, "dvar2": 7494897.5, "max": 19121.484375, "mean": 4773.99755859, "median": 3359.1796875, "min": 602.9296875, "var": 13890677}, "spectral_skewness": {"dmean": 0.195542708039, "dmean2": 0.273542642593, "dvar": 0.0693136006594, "dvar2": 0.152719914913, "max": 5.17188882828, "mean": 1.57574236393, "median": 1.46041023731, "min": 0.0128057254478, "var": 0.306985706091}, "spectral_spread": {"dmean": 682054.625, "dmean2": 974046.8125, "dvar": 1553745051650.0, "dvar2": 2069332230140.0, "max": 46596372, "mean": 6911137, "median": 7101318, "min": 1020444.1875, "var": 5330213273600.0}, "spectral_strongpeak": {"dmean": 1.55436933041, "dmean2": 2.6472966671, "dvar": 20.9715919495, "dvar2": 51.2308921814, "max": 64.3612823486, "mean": 2.66677474976, "median": 1.52323615551, "min": 0, "var": 21.5489711761}, "zerocrossingrate": {"dmean": 0.0235407985747, "dmean2": 0.0246181059629, "dvar": 0.000659405603074, "dvar2": 0.000789355544839, "max": 0.51513671875, "mean": 0.147348344326, "median": 0.13427734375, "min": 0.02685546875, "var": 0.00587769085541}, "barkbands": {"dmean": [1.66054775264e-07, 1.19613147831e-07, 5.72687440581e-07, 7.92492392065e-06, 0.00012524164049, 0.000117433090054, 0.000224189643632, 0.000624922395218, 0.000400728080422, 0.000771787774283, 0.000492636929266, 0.000713860092219, 0.000280239823041, 0.000535365310498, 0.00013932705042, 8.83673055796e-05, 0.000334177719196, 0.000247521413257, 0.000561984605156, 0.000238390712184, 0.000401043711463, 0.000148175633512, 0.000116828261525, 0.000265846872935, 0.00061265216209, 0.00024254314485, 2.84207944787e-05], "dmean2": [3.16023971436e-07, 2.25966587664e-07, 7.214513289e-07, 8.14352370071e-06, 0.000188031830476, 0.000170582483406, 0.00033374177292, 0.00082787242718, 0.000564058194868, 0.00113493110985, 0.000727836508304, 0.0011222694302, 0.000445063604275, 0.00087881879881, 0.000210716869333, 0.000134334317409, 0.000508735014591, 0.000366644526366, 0.000861458596773, 0.000372397189494, 0.000632933573797, 0.000237338288571, 0.000187914411072, 0.000391120003769, 0.000879183353391, 0.000347394059645, 4.4344120397e-05], "dvar": [4.8311073024e-12, 1.05982605504e-12, 7.41712767593e-12, 2.21465554229e-10, 4.33583231541e-08, 4.21085850633e-08, 2.56741515159e-07, 1.19728110803e-06, 6.27843803613e-07, 3.50550021722e-06, 2.27459599955e-06, 5.32763851879e-06, 1.17275510547e-06, 4.24730524173e-06, 3.19174461083e-07, 8.27218755717e-08, 6.32436865544e-07, 6.85225586494e-07, 1.71780595792e-06, 1.35014568059e-06, 8.20883258257e-07, 1.68677019019e-07, 1.44943044234e-07, 3.36422289138e-07, 3.11987105306e-06, 3.48404711303e-07, 4.65202676381e-09], "dvar2": [1.42604140302e-11, 3.12069554226e-12, 1.35911681215e-11, 2.57956961347e-10, 1.36854268362e-07, 9.26439867044e-08, 5.03254909745e-07, 1.785276595e-06, 1.09490326849e-06, 7.45134093449e-06, 4.79850086776e-06, 1.27470948428e-05, 2.77721528619e-06, 1.0429303984e-05, 7.37316327104e-07, 1.66219109587e-07, 1.41639873164e-06, 1.34320350753e-06, 3.99643249693e-06, 3.46135743712e-06, 1.90416608348e-06, 3.95637073325e-07, 3.66722730405e-07, 8.32692876429e-07, 7.40581344871e-06, 7.32757939659e-07, 1.09994964248e-08], "max": [5.57812018087e-05, 2.20166821236e-05, 0.00015604973305, 0.00048983853776, 0.00339445774443, 0.00580441113561, 0.0181998200715, 0.0264732185751, 0.0167706683278, 0.0371553264558, 0.0399730056524, 0.034368801862, 0.025406235829, 0.0336599871516, 0.0135345859453, 0.00663666380569, 0.0145451966673, 0.0174201447517, 0.0175966415554, 0.0254953932017, 0.0132473222911, 0.00914993882179, 0.00664552953094, 0.00757860438898, 0.0305593777448, 0.0089967334643, 0.00127161748242], "mean": [9.66055324625e-08, 9.29416188455e-08, 1.86866623153e-06, 2.17971337406e-05, 0.000340221071383, 0.0003070004459, 0.000588424678426, 0.00167208153289, 0.000989011721686, 0.00154626544099, 0.000963011174463, 0.00112866121344, 0.000516172731295, 0.00084552023327, 0.000274391321, 0.000184464108315, 0.000490091450047, 0.000359049736289, 0.000705448444933, 0.000338081998052, 0.00058478245046, 0.000232606587815, 0.000186611301615, 0.000468099256977, 0.000950689951424, 0.00031665302231, 3.78052754968e-05], "median": [4.04539601817e-09, 3.36774412801e-08, 5.61387238918e-08, 5.07979666509e-06, 0.000169719249243, 0.000149615545524, 0.00018712808378, 0.000596931786276, 0.000359775935067, 0.000372768437956, 0.000218163520913, 0.000127181236167, 5.03191440657e-05, 3.27348207065e-05, 1.45333615365e-05, 3.04352124658e-05, 0.000125846985611, 5.69138246647e-05, 0.000155640867888, 2.18777840928e-05, 0.000161928590387, 7.4720242992e-05, 6.0479320382e-05, 0.000138064613566, 0.000291080388706, 6.2615639763e-05, 1.1132509826e-05], "min": [5.04091486159e-25, 2.24920147514e-23, 2.31399693218e-23, 5.09278345219e-24, 1.72998995118e-23, 5.05689974733e-23, 2.72860802446e-23, 3.91228687077e-23, 3.04719612747e-23, 4.32303633116e-23, 4.71348177402e-23, 7.23296782122e-23, 8.64454290325e-23, 5.42529116364e-23, 1.46395266934e-22, 1.00997767032e-22, 1.62848633498e-22, 1.85900133647e-22, 1.86361648831e-22, 3.01792080508e-22, 4.33241550867e-22, 4.09578475257e-22, 5.90604937879e-22, 8.25849924113e-22, 1.17394185411e-21, 1.63079697799e-21, 2.30325230586e-21], "var": [2.53453790074e-12, 5.62461047789e-13, 1.00488145582e-10, 1.89238846815e-09, 2.26413575888e-07, 2.24683020633e-07, 1.76609285063e-06, 7.08671768734e-06, 3.32266836267e-06, 1.09948023237e-05, 6.79143704474e-06, 1.15077655209e-05, 3.24922348227e-06, 9.47045555222e-06, 1.07389246295e-06, 2.51272865626e-07, 1.0170455198e-06, 1.1299301832e-06, 2.25377539209e-06, 2.14221245187e-06, 1.44468276631e-06, 2.92465188068e-07, 1.90776916043e-07, 5.11565417582e-07, 4.35084939454e-06, 4.85337409373e-07, 6.18480111569e-09]}, "erbbands": {"dmean": [5.68340647078e-06, 2.8377829949e-05, 0.000505336385686, 0.0132705522701, 0.192680463195, 0.499006092548, 0.571255683899, 1.02818131447, 2.01876926422, 7.84344148636, 14.0019721985, 10.0620193481, 26.8387355804, 10.8806800842, 21.9162502289, 36.2282752991, 14.0707902908, 30.2931346893, 7.36157560349, 8.95807743073, 6.15376377106, 15.0697879791, 8.87980937958, 33.1110229492, 15.7040472031, 14.4114046097, 8.60762882233, 18.0377044678, 4.78201627731, 5.24915313721, 2.96670842171, 5.24874973297, 4.83221530914, 4.87185239792, 4.22877025604, 1.66612231731, 0.568646669388, 0.0496435053647, 0.0056535215117, 0.00032393267611], "dmean2": [1.05329781945e-05, 4.7192133934e-05, 0.000611495401245, 0.0137007748708, 0.223483383656, 0.803953528404, 0.894806563854, 1.5164680481, 2.8974802494, 11.558257103, 18.2029781342, 13.8751897812, 38.2676429749, 17.272687912, 32.4694862366, 56.9837837219, 22.6233959198, 49.4938659668, 11.8551425934, 13.2882680893, 9.52288532257, 22.3964557648, 13.0717449188, 48.6490249634, 24.8273105621, 22.3104820251, 13.0505142212, 28.3183574677, 7.09437274933, 8.24481964111, 4.74411773682, 8.37445163727, 6.7919049263, 6.81968164444, 6.29846858978, 2.47750210762, 0.840704083443, 0.0761513337493, 0.00897721014917, 0.000488031917484], "dvar": [3.65211261233e-09, 2.16964437527e-08, 3.06899391944e-06, 0.000620768638328, 0.0865884274244, 1.19023168087, 1.06666684151, 3.93895864487, 15.4139652252, 355.802490234, 652.377319336, 383.104003906, 4916.40576172, 988.169555664, 4396.90380859, 13443.3115234, 2451.81811523, 13025.1210938, 651.363342285, 1330.99755859, 135.693359375, 1263.11071777, 857.247375488, 5930.44091797, 1927.64086914, 5460.95654297, 1068.5579834, 1629.0390625, 180.430877686, 223.538391113, 116.551696777, 218.762756348, 86.5575256348, 118.187538147, 175.196243286, 31.4061565399, 2.11658883095, 0.0126651385799, 0.000148791266838, 7.53452809477e-07], "dvar2": [1.07632613933e-08, 6.35485832845e-08, 5.24627648701e-06, 0.000611949479207, 0.126485511661, 3.68966960907, 3.49783658981, 9.01050281525, 35.6189994812, 729.897949219, 929.987731934, 632.58190918, 9817.52734375, 2667.50830078, 9608.01171875, 32275.9746094, 6075.14599609, 31345.6269531, 1524.42041016, 2996.03710938, 331.103851318, 2774.23681641, 1571.92932129, 12558.6669922, 4971.17333984, 13510.3720703, 2153.86425781, 4070.83203125, 426.49206543, 508.160125732, 290.169464111, 576.806884766, 189.307907104, 310.286682129, 408.344970703, 69.6691894531, 4.66597986221, 0.0301106851548, 0.00035434673191, 1.79568326075e-06], "max": [0.00141916505527, 0.00299495249055, 0.10334867239, 1.20541203022, 6.67678499222, 19.6932888031, 22.0805969238, 48.4337387085, 77.171546936, 544.390625, 514.355529785, 459.466400146, 1489.74658203, 908.962158203, 1912.2479248, 1723.88220215, 1271.9083252, 1857.91784668, 809.815795898, 908.616760254, 168.912261963, 610.021728516, 860.055969238, 1273.13134766, 694.87487793, 1731.42321777, 639.948059082, 780.372924805, 349.683898926, 266.105865479, 292.406433105, 203.09324646, 164.025970459, 229.885055542, 239.802703857, 96.390838623, 22.7734336853, 1.77667915821, 0.128954544663, 0.0125605687499], "mean": [5.52882875127e-06, 5.22294103575e-05, 0.00170550821349, 0.0410649627447, 0.528660297394, 1.35196244717, 1.34408712387, 2.649269104, 5.31178760529, 19.3517131805, 39.8004951477, 27.8192577362, 56.2412948608, 23.9679107666, 42.0589599609, 59.4106826782, 27.3290176392, 49.1968154907, 13.3905897141, 18.7754802704, 11.8493747711, 23.1633358002, 15.5177822113, 46.0270385742, 21.0301704407, 20.7481956482, 15.1357479095, 24.1213150024, 7.60546398163, 8.93295764923, 4.47550487518, 7.83065509796, 9.662981987, 8.93600654602, 5.89397764206, 2.11521053314, 0.722322583199, 0.0649568513036, 0.00745490333065, 0.000465068180347], "median": [1.99743590201e-06, 2.26087468036e-05, 0.000314962002449, 0.0115909045562, 0.235535204411, 0.513832092285, 0.695441961288, 1.23453390598, 2.58631896973, 6.52769851685, 15.1608953476, 12.2550172806, 12.8648605347, 9.05390644073, 11.3694486618, 7.87959003448, 3.7442305088, 2.77876257896, 1.45465755463, 1.64100074768, 4.09288024902, 5.98467683792, 5.12339353561, 10.6086435318, 3.69461798668, 1.48455655575, 2.81983375549, 7.69433069229, 2.83001089096, 3.42638087273, 1.2207018137, 2.50825953484, 2.94812655449, 2.8932788372, 1.87514579296, 0.434549748898, 0.136198207736, 0.0158851519227, 0.00226695067249, 0.000162080425071], "min": [8.2164843831e-22, 4.71680963108e-21, 2.50623107868e-20, 2.86251990205e-20, 5.40951983738e-20, 3.2366200889e-20, 1.57805277962e-19, 4.83262281706e-19, 5.4343238174e-19, 3.87544947877e-19, 8.25551842228e-19, 6.44338852196e-19, 1.12335759396e-18, 2.51833793323e-18, 1.6748241225e-18, 3.16782919007e-18, 3.79518654127e-18, 3.05939160202e-18, 5.82409556133e-18, 6.74273008959e-18, 5.91025676189e-18, 8.62717863311e-18, 1.07920045948e-17, 8.93179285677e-18, 1.13844189418e-17, 1.47409904817e-17, 2.04585075434e-17, 1.40463126227e-17, 1.64399565941e-17, 1.09437847925e-17, 1.60209532179e-17, 2.00955373819e-17, 1.3374818982e-17, 1.30859642034e-17, 8.03260369035e-18, 4.89672269709e-18, 3.22405844657e-18, 1.10602640237e-18, 3.28316024284e-19, 3.55759977078e-20], "var": [1.93576465968e-09, 1.97450624739e-08, 4.42574164481e-05, 0.008295154199, 0.653908252716, 6.48353862762, 3.55873894691, 16.6822948456, 66.948677063, 1730.87182617, 4184.91699219, 2161.96484375, 16430.6699219, 2117.44091797, 12055.875, 29107.4042969, 7005.27978516, 28805.2578125, 1751.35754395, 4379.76953125, 339.681610107, 2122.04296875, 1836.69091797, 9485.27734375, 2997.19238281, 8990.16308594, 2623.76855469, 2222.21582031, 313.80871582, 398.233306885, 141.326019287, 230.580032349, 191.121505737, 197.742843628, 231.623260498, 40.8670005798, 2.67880225182, 0.0170070007443, 0.000201209710212, 9.85543920251e-07]}, "gfcc": {"mean": [-52.1076431274, -15.2461566925, -150.94581604, -41.3286476135, -109.219764709, -16.7066745758, -54.945640564, 0.578731775284, -43.0199012756, -10.5092058182, -24.9084892273, -2.26820778847, -17.3413200378], "cov": [[17759.6113281, -4762.28271484, 228.367630005, 138.455078125, 21.9759578705, -95.9111862183, -1015.98797607, 1651.44152832, -605.090270996, 193.018997192, -328.344177246, -178.519943237, 83.6052398682], [-4762.28271484, 2822.17260742, -259.006622314, -104.367126465, 32.0150146484, 97.0345001221, 368.680786133, -748.88684082, 134.248291016, -191.821884155, 37.1619987488, -81.7266159058, -134.241287231], [228.367630005, -259.006622314, 465.471954346, 92.4847488403, 8.80010700226, -36.1291389465, -116.072189331, 192.338302612, -64.7799606323, -58.8230400085, -82.2154846191, 48.5448684692, 5.45485639572], [138.455078125, -104.367126465, 92.4847488403, 227.68157959, 36.7943878174, -21.5046005249, -26.5079708099, -23.3890399933, 9.53291130066, -40.1476860046, -47.665348053, -32.0423698425, 14.87084198], [21.9759578705, 32.0150146484, 8.80010700226, 36.7943878174, 221.112579346, 25.9631843567, 29.6523723602, -15.4719743729, -27.1182613373, 28.2904911041, -17.4018821716, -81.6962966919, -65.4481658936], [-95.9111862183, 97.0345001221, -36.1291389465, -21.5046005249, 25.9631843567, 156.395751953, 36.6796531677, -53.9898986816, 1.68143236637, -5.66621828079, -4.74724960327, -34.0806236267, -11.2303638458], [-1015.98797607, 368.680786133, -116.072189331, -26.5079708099, 29.6523723602, 36.6796531677, 256.909515381, -128.286193848, -28.7582511902, -30.5773906708, 50.6668434143, -53.6023750305, -55.8327217102], [1651.44152832, -748.88684082, 192.338302612, -23.3890399933, -15.4719743729, -53.9898986816, -128.286193848, 412.898590088, -87.9810409546, 10.2064781189, -42.8094329834, 13.8513612747, 10.8753852844], [-605.090270996, 134.248291016, -64.7799606323, 9.53291130066, -27.1182613373, 1.68143236637, -28.7582511902, -87.9810409546, 210.288589478, 21.1771125793, -33.7871322632, 39.8218383789, 41.3116493225], [193.018997192, -191.821884155, -58.8230400085, -40.1476860046, 28.2904911041, -5.66621828079, -30.5773906708, 10.2064781189, 21.1771125793, 161.946853638, 40.0973396301, -39.1408958435, 11.9170312881], [-328.344177246, 37.1619987488, -82.2154846191, -47.665348053, -17.4018821716, -4.74724960327, 50.6668434143, -42.8094329834, -33.7871322632, 40.0973396301, 143.241775513, 13.2086200714, -36.2484016418], [-178.519943237, -81.7266159058, 48.5448684692, -32.0423698425, -81.6962966919, -34.0806236267, -53.6023750305, 13.8513612747, 39.8218383789, -39.1408958435, 13.2086200714, 203.476821899, 40.7982902527], [83.6052398682, -134.241287231, 5.45485639572, 14.87084198, -65.4481658936, -11.2303638458, -55.8327217102, 10.8753852844, 41.3116493225, 11.9170312881, -36.2484016418, 40.7982902527, 215.932739258]], "icov": [[0.000186980119906, 0.000188965554116, 0.000428206287324, -8.77610073076e-05, 5.26135518157e-05, -0.000105291728687, 0.000559254491236, -0.000307546986733, 0.000506865384523, 0.000103276317532, 0.000423054734711, 0.000159011426149, 0.000149174215039], [0.000188965554116, 0.00131975370459, -0.000122767698485, 0.0013288538903, -7.31760974304e-06, 0.000391134642996, 0.000248109019594, 0.00185996666551, 1.83881202247e-05, 0.00169441511389, 0.000471771112643, 0.00114456366282, 0.000413399538957], [0.000428206287324, -0.000122767698485, 0.00490737473592, -0.00228134938516, -8.40055799927e-05, -0.00056103116367, 0.00211753486656, -0.00296735251322, 0.00248775095679, -0.000125399237731, 0.00230674259365, -0.00135405466426, 0.000607393565588], [-8.77610073076e-05, 0.0013288538903, -0.00228134938516, 0.00800837110728, -0.00108881178312, 0.00202081282623, 0.000232276885072, 0.00408926559612, -0.00143669522367, 0.0038329041563, 6.09512826486e-05, 0.00306297815405, -0.000509750796482], [5.26135518157e-05, -7.31760974304e-06, -8.40055799927e-05, -0.00108881178312, 0.00631763972342, -0.000698952237144, -0.000323252432281, 0.000130159023684, 0.000900008424651, -0.00196534860879, 0.00172973808367, 0.0011810422875, 0.00184404454194], [-0.000105291728687, 0.000391134642996, -0.00056103116367, 0.00202081282623, -0.000698952237144, 0.00763251027092, -0.000631964474451, 0.00212017563172, -0.00052664463874, 0.00140225549694, 0.000332985859131, 0.00158424593974, -0.000146208825754], [0.000559254491236, 0.000248109019594, 0.00211753486656, 0.000232276885072, -0.000323252432281, -0.000631964474451, 0.00798842683434, -5.39276625204e-05, 0.00233511789702, 0.00217359513044, -0.000407406303566, 0.00181579508353, 0.000827451818623], [-0.000307546986733, 0.00185996666551, -0.00296735251322, 0.00408926559612, 0.000130159023684, 0.00212017563172, -5.39276625204e-05, 0.00878601148725, -0.000123766018078, 0.00236744992435, 0.000411182292737, 0.00200802832842, 0.000344644009601], [0.000506865384523, 1.83881202247e-05, 0.00248775095679, -0.00143669522367, 0.000900008424651, -0.00052664463874, 0.00233511789702, -0.000123766018078, 0.00868609920144, -0.00247028912418, 0.00433072634041, -0.00198396295309, 0.000283067289274], [0.000103276317532, 0.00169441511389, -0.000125399237731, 0.0038329041563, -0.00196534860879, 0.00140225549694, 0.00217359513044, 0.00236744992435, -0.00247028912418, 0.012074066326, -0.00389365898445, 0.00452720792964, -0.0010301116854], [0.000423054734711, 0.000471771112643, 0.00230674259365, 6.09512826486e-05, 0.00172973808367, 0.000332985859131, -0.000407406303566, 0.000411182292737, 0.00433072634041, -0.00389365898445, 0.0125908982009, -0.00226221559569, 0.00240995152853], [0.000159011426149, 0.00114456366282, -0.00135405466426, 0.00306297815405, 0.0011810422875, 0.00158424593974, 0.00181579508353, 0.00200802832842, -0.00198396295309, 0.00452720792964, -0.00226221559569, 0.00893803406507, -0.000656807678752], [0.000149174215039, 0.000413399538957, 0.000607393565588, -0.000509750796482, 0.00184404454194, -0.000146208825754, 0.000827451818623, 0.000344644009601, 0.000283067289274, -0.0010301116854, 0.00240995152853, -0.000656807678752, 0.00612933561206]]}, "melbands": {"dmean": [4.82485162934e-08, 1.50677749389e-07, 6.73844169796e-06, 2.39443852479e-05, 2.17002379941e-05, 2.5149420253e-05, 3.29949689331e-05, 9.20430393307e-05, 0.000107705272967, 6.41191727482e-05, 0.000133281602757, 4.19924908783e-05, 6.77311982145e-05, 9.19993326534e-05, 5.19190180057e-05, 2.44574421231e-05, 6.64614126435e-05, 1.19570240713e-05, 8.04012051958e-06, 1.16555029308e-05, 8.41856035549e-06, 1.57199392561e-05, 1.47790979099e-05, 8.84498240339e-06, 3.05289468088e-05, 1.95028678718e-05, 5.80415462537e-06, 1.14208860396e-05, 4.85428699903e-06, 7.53805898057e-06, 1.2450086615e-05, 2.70805844593e-06, 3.77039054911e-06, 2.71225121651e-06, 1.58251555149e-06, 2.36382265939e-06, 4.12711870013e-06, 4.40971234639e-06, 3.18245702147e-06, 4.25690586781e-06], "dmean2": [9.14058304602e-08, 2.03101919283e-07, 6.784226116e-06, 3.524046042e-05, 3.42903986166e-05, 3.66651511285e-05, 4.76482637168e-05, 0.000132739543915, 0.000139825249789, 9.00363811525e-05, 0.000190315186046, 6.78740616422e-05, 9.98157338472e-05, 0.000141907701618, 8.34234815557e-05, 3.88771950384e-05, 0.000108969717985, 1.95423253899e-05, 1.21267376016e-05, 1.72713262145e-05, 1.35235504786e-05, 2.33442206081e-05, 2.25934090849e-05, 1.29032077893e-05, 4.49987819593e-05, 3.0759798392e-05, 9.85780843621e-06, 1.75602963282e-05, 7.81829112384e-06, 1.13176538434e-05, 2.023032539e-05, 4.35042147728e-06, 6.50834681437e-06, 4.20315245719e-06, 2.56660109699e-06, 3.86756209991e-06, 6.65801371724e-06, 6.20150103714e-06, 4.68844336865e-06, 5.91103298575e-06], "dvar": [2.70173152513e-13, 4.22864434441e-13, 1.2849370179e-10, 1.66896552134e-09, 1.52344192816e-09, 2.37094033295e-09, 3.83753340216e-09, 4.11432736769e-08, 3.58841170112e-08, 1.53240513612e-08, 1.18766173784e-07, 1.92716900216e-08, 4.38790337398e-08, 7.28857969534e-08, 2.25393375075e-08, 9.27012955287e-09, 6.62745662794e-08, 1.81060078042e-09, 1.15982923266e-09, 1.63188773605e-09, 2.7811092318e-10, 1.18237153401e-09, 2.1341770573e-09, 6.486725046e-10, 5.10070297111e-09, 2.73859224187e-09, 9.29776033942e-10, 4.31574154192e-09, 5.34207955649e-10, 3.32724819918e-10, 8.28493551541e-10, 1.12059014845e-10, 7.86545203968e-11, 6.56224588558e-11, 5.10930429909e-11, 1.00041981643e-10, 1.55541440838e-10, 8.82416639758e-11, 4.24899559981e-11, 1.0101085246e-10], "dvar2": [7.9536800323e-13, 8.44526651302e-13, 1.28923510756e-10, 4.86401452449e-09, 5.11514386403e-09, 5.35258015688e-09, 8.29760171683e-09, 8.19374434968e-08, 5.12955971033e-08, 2.68557016625e-08, 2.36606496173e-07, 5.34191499924e-08, 9.20141616234e-08, 1.7120940754e-07, 5.58206991741e-08, 2.11344577394e-08, 1.60359618917e-07, 4.36586455876e-09, 2.701232793e-09, 3.3959903778e-09, 7.60941254452e-10, 2.67963540246e-09, 4.42783587573e-09, 1.25171861765e-09, 1.09057820552e-08, 6.44000364147e-09, 2.80237721917e-09, 1.04248245592e-08, 1.21152632371e-09, 6.65992816451e-10, 2.15805684434e-09, 2.86142720629e-10, 2.00533256667e-10, 1.52052356817e-10, 1.2809471539e-10, 2.5047663943e-10, 4.15984580115e-10, 1.94356530869e-10, 1.06963847502e-10, 2.6524973884e-10], "max": [1.20002086987e-05, 3.50230802724e-05, 0.000253792968579, 0.000731419888325, 0.000824070652016, 0.00124989869073, 0.0014761131024, 0.0065652159974, 0.00383109366521, 0.00274358759634, 0.00733416294679, 0.00412157271057, 0.00552346836776, 0.00416335696355, 0.00229500210844, 0.00192335806787, 0.00425849528983, 0.00128147180658, 0.000788337085396, 0.000820817018393, 0.000202760507818, 0.000451220810646, 0.000939861813094, 0.000514931161888, 0.00114205491263, 0.000817608088255, 0.000715956557542, 0.0015938563738, 0.000502213370055, 0.000371095258743, 0.000615669821855, 0.000259914988419, 0.000151613363414, 0.000134253743454, 0.000214983840124, 0.000214058614802, 0.000206018958124, 0.000186166638741, 0.000135148497066, 0.000186669058166], "mean": [3.32347092069e-08, 4.45638391966e-07, 1.87748901226e-05, 6.75540431985e-05, 5.2459869039e-05, 6.38577985228e-05, 8.9584820671e-05, 0.000231940139201, 0.000308953691274, 0.000163723991136, 0.000274806196103, 8.59592546476e-05, 0.000131624750793, 0.000152919164975, 9.16012868402e-05, 4.37480157416e-05, 0.000104583814391, 2.03272120416e-05, 1.61041953106e-05, 2.45217124757e-05, 1.36041271617e-05, 2.37098411162e-05, 2.14303836401e-05, 1.37471588459e-05, 4.13380912505e-05, 2.2829612135e-05, 7.78012599767e-06, 1.56357073138e-05, 8.39588756207e-06, 1.07178448161e-05, 1.54796525749e-05, 3.51393532583e-06, 5.20592584508e-06, 4.53216807728e-06, 2.22321591536e-06, 3.10041036755e-06, 5.70370048081e-06, 8.50562173582e-06, 5.88259035794e-06, 7.5565417319e-06], "median": [7.78693909353e-09, 2.59978190087e-08, 4.8824285841e-06, 3.2305251807e-05, 2.54156257142e-05, 2.9278708098e-05, 3.90089444409e-05, 9.19490266824e-05, 0.000114049529657, 6.04901870247e-05, 5.8430556237e-05, 2.61747754848e-05, 2.91342985292e-05, 2.02554110729e-05, 1.15333195936e-05, 4.26525548392e-06, 4.13005318478e-06, 1.55256111611e-06, 8.64352159624e-07, 1.92040465663e-06, 4.1180169319e-06, 6.01392821409e-06, 3.89445494875e-06, 2.80925883089e-06, 8.82954554982e-06, 3.48681601281e-06, 6.082307209e-07, 7.14566340321e-07, 8.56722010667e-07, 3.00020792565e-06, 4.59245438833e-06, 7.14490397513e-07, 2.60658634943e-06, 1.4290155832e-06, 5.88784075717e-07, 4.79668074149e-07, 1.54159397425e-06, 2.30619025388e-06, 1.80067422662e-06, 2.38126699514e-06], "min": [6.97339708466e-24, 1.04698778966e-23, 5.87622803843e-24, 4.1453224564e-24, 4.2151753007e-24, 1.13594684509e-23, 6.98608196802e-24, 5.04863130175e-24, 6.13245755463e-24, 4.33432130195e-24, 5.1386190318e-24, 9.96403425181e-24, 5.99443766179e-24, 6.11921967978e-24, 8.07241600971e-24, 1.0119894234e-23, 4.51321326158e-24, 7.92406677218e-24, 1.15236564376e-23, 7.45955549447e-24, 6.58192052171e-24, 8.96106624172e-24, 8.84364035167e-24, 1.00542602178e-23, 6.84912861512e-24, 6.96646536389e-24, 1.06376694e-23, 8.82439608989e-24, 1.28583783237e-23, 1.07410267447e-23, 7.14990865651e-24, 1.02407997895e-23, 5.89069022541e-24, 6.34240539038e-24, 7.41718893069e-24, 1.3112386802e-23, 1.16007502362e-23, 8.39469882165e-24, 9.7207826808e-24, 1.1822956576e-23], "var": [1.43058213387e-13, 5.08709394054e-12, 1.12527587248e-09, 1.04522301925e-08, 5.48981748949e-09, 1.05560653552e-08, 2.08904840093e-08, 1.93690354422e-07, 2.40704224552e-07, 7.99320716283e-08, 4.00008900669e-07, 3.69099701913e-08, 1.33643581535e-07, 1.66761140008e-07, 5.35027986359e-08, 2.32266099687e-08, 1.46081873709e-07, 4.71570116289e-09, 3.89724919003e-09, 5.31657073921e-09, 4.8485637727e-10, 1.94651139651e-09, 3.82202491878e-09, 1.19117493647e-09, 7.98387933543e-09, 3.76731756901e-09, 1.13811438052e-09, 6.90020351968e-09, 1.25989052524e-09, 6.20774098792e-10, 1.0387075644e-09, 1.54314283574e-10, 1.01519716245e-10, 1.19216053696e-10, 5.75507905221e-11, 1.1529413535e-10, 1.51572379647e-10, 1.70122374521e-10, 8.14780951042e-11, 1.53460841257e-10]}, "mfcc": {"mean": [-697.415710449, 47.0611076355, -21.6501140594, -41.5270614624, -44.0650291443, -43.8678474426, -21.9323482513, -15.6715517044, -16.9724731445, -27.3916187286, -7.19349813461, -9.68001747131, -18.191078186], "cov": [[9865.69335938, -1945.37243652, -541.1328125, -38.6493339539, -27.3110485077, -907.77142334, -76.2171783447, -31.7541179657, 222.764083862, -258.318695068, -0.0273102652282, 138.24508667, -243.161102295], [-1945.37243652, 1577.17260742, -43.0054244995, -151.35609436, -155.461135864, 282.194091797, -6.84060907364, -43.2373962402, -246.02633667, 101.797058105, -78.0524368286, -157.058197021, -30.198890686], [-541.1328125, -43.0054244995, 357.921173096, 34.5655670166, 63.6922416687, -56.3255157471, -55.9122886658, 57.4419403076, 95.5204849243, -150.601043701, -2.81554746628, 10.3263425827, -4.99313354492], [-38.6493339539, -151.35609436, 34.5655670166, 228.608276367, 61.8649711609, -14.7536039352, 32.1724433899, 9.58082866669, -16.9817218781, 75.9417266846, -28.4971141815, -44.9487724304, -13.9499311447], [-27.3110485077, -155.461135864, 63.6922416687, 61.8649711609, 188.246810913, 5.18414878845, -53.2787132263, 10.4452352524, 83.5044326782, -32.6106033325, 14.0362148285, 12.2892990112, 2.4111661911], [-907.77142334, 282.194091797, -56.3255157471, -14.7536039352, 5.18414878845, 317.974182129, 25.4944763184, -58.1385154724, -45.4088363647, 58.9242706299, 7.83572006226, -24.5752601624, 40.081703186], [-76.2171783447, -6.84060907364, -55.9122886658, 32.1724433899, -53.2787132263, 25.4944763184, 291.930023193, 0.980290949345, -89.6713485718, 158.344604492, -2.09567093849, -16.1306686401, -76.2312011719], [-31.7541179657, -43.2373962402, 57.4419403076, 9.58082866669, 10.4452352524, -58.1385154724, 0.980290949345, 197.392211914, 17.221529007, -95.1669082642, 35.6172637939, 44.8775520325, 13.2674856186], [222.764083862, -246.02633667, 95.5204849243, -16.9817218781, 83.5044326782, -45.4088363647, -89.6713485718, 17.221529007, 310.408477783, -125.248298645, -5.19305372238, 43.202419281, 27.9702758789], [-258.318695068, 101.797058105, -150.601043701, 75.9417266846, -32.6106033325, 58.9242706299, 158.344604492, -95.1669082642, -125.248298645, 425.109191895, -29.438243866, -93.1663894653, -41.3713340759], [-0.0273102652282, -78.0524368286, -2.81554746628, -28.4971141815, 14.0362148285, 7.83572006226, -2.09567093849, 35.6172637939, -5.19305372238, -29.438243866, 165.117126465, 58.6016998291, -22.9463443756], [138.24508667, -157.058197021, 10.3263425827, -44.9487724304, 12.2892990112, -24.5752601624, -16.1306686401, 44.8775520325, 43.202419281, -93.1663894653, 58.6016998291, 208.26763916, 82.7340316772], [-243.161102295, -30.198890686, -4.99313354492, -13.9499311447, 2.4111661911, 40.081703186, -76.2312011719, 13.2674856186, 27.9702758789, -41.3713340759, -22.9463443756, 82.7340316772, 230.52281189]], "icov": [[0.000239807573962, 0.000228536882787, 0.000556498067454, 6.49305875413e-05, 4.07274310419e-05, 0.000515979947522, 6.81024321239e-05, 0.000149699175381, -2.55656641457e-06, 0.000251290242886, 0.000160112118465, -1.61411117006e-05, 0.000289779796731], [0.000228536882787, 0.00138919230085, 0.000150389954797, 0.000978417461738, 0.00056565302657, -0.00057259661844, 0.00063222181052, -0.000342064682627, 0.000781697395723, -5.69838484807e-05, 0.000829268596135, 0.00045295606833, 0.000622824532911], [0.000556498067454, 0.000150389954797, 0.00514759682119, -0.000841578585096, -0.000713763642125, 0.00181376037654, -0.000171207051608, 0.000100402176031, -0.000806115858722, 0.0019530528225, 0.000313807249768, 0.000201203947654, 0.000704329286236], [6.49305875413e-05, 0.000978417461738, -0.000841578585096, 0.00668546417728, -0.00199837167747, -0.000196145323571, -4.45956866315e-05, -0.00107846420724, 0.0012294560438, -0.00130082329269, 0.00135656364728, 0.0012951605022, -2.70956443273e-05], [4.07274310419e-05, 0.00056565302657, -0.000713763642125, -0.00199837167747, 0.00781032256782, -0.00118793605361, 0.00160675332882, -0.000258004525676, -0.00143463001586, -0.000378976314096, -0.000419180723839, -0.000531593570486, 0.000906830595341], [0.000515979947522, -0.00057259661844, 0.00181376037654, -0.000196145323571, -0.00118793605361, 0.00588271347806, -0.00107653439045, 0.00183300161734, -0.000260492728557, 0.000901211984456, -0.00106196571141, 0.000569051830098, -0.00109183497261], [6.81024321239e-05, 0.00063222181052, -0.000171207051608, -4.45956866315e-05, 0.00160675332882, -0.00107653439045, 0.00578383356333, -0.00134823983535, 0.000803070841357, -0.00211257184856, 0.00106814759783, -0.00144060188904, 0.00245564267971], [0.000149699175381, -0.000342064682627, 0.000100402176031, -0.00107846420724, -0.000258004525676, 0.00183300161734, -0.00134823983535, 0.0069378321059, -4.22408229497e-05, 0.00190884375479, -0.00157627474982, -0.000339541991707, -0.000798491761088], [-2.55656641457e-06, 0.000781697395723, -0.000806115858722, 0.0012294560438, -0.00143463001586, -0.000260492728557, 0.000803070841357, -4.22408229497e-05, 0.00494044879451, 0.000429459760198, 0.00102086656261, -0.000144322693814, 0.000115985443699], [0.000251290242886, -5.69838484807e-05, 0.0019530528225, -0.00130082329269, -0.000378976314096, 0.000901211984456, -0.00211257184856, 0.00190884375479, 0.000429459760198, 0.00485278619453, -0.000308655551635, 0.00130146637093, -0.000419017596869], [0.000160112118465, 0.000829268596135, 0.000313807249768, 0.00135656364728, -0.000419180723839, -0.00106196571141, 0.00106814759783, -0.00157627474982, 0.00102086656261, -0.000308655551635, 0.00839809142053, -0.00262719392776, 0.00259897392243], [-1.61411117006e-05, 0.00045295606833, 0.000201203947654, 0.0012951605022, -0.000531593570486, 0.000569051830098, -0.00144060188904, -0.000339541991707, -0.000144322693814, 0.00130146637093, -0.00262719392776, 0.00817313138396, -0.00336893019266], [0.000289779796731, 0.000622824532911, 0.000704329286236, -2.70956443273e-05, 0.000906830595341, -0.00109183497261, 0.00245564267971, -0.000798491761088, 0.000115985443699, -0.000419017596869, 0.00259897392243, -0.00336893019266, 0.00715573411435]]}, "spectral_contrast_coeffs": {"dmean": [0.0436826087534, 0.038857229054, 0.0395953394473, 0.0318524166942, 0.0293857678771, 0.020360743627], "dmean2": [0.0718309283257, 0.0614060238004, 0.0645588934422, 0.051929011941, 0.0454274304211, 0.0298614539206], "dvar": [0.00126253452618, 0.00107157719322, 0.00108436262235, 0.000724479323253, 0.000680172757711, 0.000319443439366], "dvar2": [0.00349958310835, 0.00265639647841, 0.00276856520213, 0.00182966049761, 0.00154113478493, 0.000594786426518], "max": [-0.304338544607, -0.393232941628, -0.436820924282, -0.471992731094, -0.492676198483, -0.565417170525], "mean": [-0.475006520748, -0.686528146267, -0.673855304718, -0.707304179668, -0.717006146908, -0.737543046474], "median": [-0.46795591712, -0.694260001183, -0.676019906998, -0.718240618706, -0.715683996677, -0.737230598927], "min": [-0.953143596649, -0.965779662132, -0.95960021019, -0.970541298389, -0.964324116707, -0.962227940559], "var": [0.0060122939758, 0.00617963913828, 0.00528032565489, 0.00586005859077, 0.00367576559074, 0.00173608609475]}, "spectral_contrast_valleys": {"dmean": [0.515643000603, 0.322082787752, 0.301062196493, 0.262310624123, 0.323778659105, 0.295795291662], "dmean2": [0.885617434978, 0.516661882401, 0.492566287518, 0.421107500792, 0.468307495117, 0.396556437016], "dvar": [0.260699599981, 0.223226010799, 0.198133438826, 0.200206145644, 0.240810155869, 0.199464991689], "dvar2": [0.587123572826, 0.292569309473, 0.267209649086, 0.25