{"lowlevel": {"average_loudness": 0.951690137386, "barkbands_crest": {"dmean": 2.51914691925, "dmean2": 4.04218864441, "dvar": 5.61547660828, "dvar2": 14.3214273453, "max": 24.0571632385, "mean": 10.6254739761, "median": 9.82353210449, "min": 2.92660784721, "var": 15.5241737366}, "barkbands_flatness_db": {"dmean": 0.0199232287705, "dmean2": 0.0285944975913, "dvar": 0.000396275019739, "dvar2": 0.000824319955427, "max": 0.327487468719, "mean": 0.14295552671, "median": 0.13359425962, "min": 0.0288305301219, "var": 0.00316944625229}, "barkbands_kurtosis": {"dmean": 4.28520870209, "dmean2": 6.66875267029, "dvar": 84.463508606, "dvar2": 165.919311523, "max": 199.175430298, "mean": 7.16166687012, "median": 4.444668293, "min": -1.81735551357, "var": 140.708206177}, "barkbands_skewness": {"dmean": 0.577476978302, "dmean2": 0.903138935566, "dvar": 0.587290883064, "dvar2": 1.19316375256, "max": 11.6737957001, "mean": 2.04529309273, "median": 1.88238954544, "min": -2.02843904495, "var": 1.45485401154}, "barkbands_spread": {"dmean": 4.26214122772, "dmean2": 6.46329784393, "dvar": 33.8410072327, "dvar2": 74.0790863037, "max": 109.849868774, "mean": 16.6601924896, "median": 13.5553970337, "min": 0.932126164436, "var": 143.098236084}, "dissonance": {"dmean": 0.0175031814724, "dmean2": 0.0290154609829, "dvar": 0.000280405132798, "dvar2": 0.000688510423061, "max": 0.5, "mean": 0.456261992455, "median": 0.463975220919, "min": 0.294235289097, "var": 0.001091108541}, "dynamic_complexity": 3.69426131248, "erbbands_crest": {"dmean": 1.98214793205, "dmean2": 3.21334552765, "dvar": 3.88262462616, "dvar2": 10.2945661545, "max": 23.2420158386, "mean": 7.93316221237, "median": 7.21291875839, "min": 2.26152253151, "var": 11.3457632065}, "erbbands_flatness_db": {"dmean": 0.0165587160736, "dmean2": 0.0209862701595, "dvar": 0.000369023182429, "dvar2": 0.000587063841522, "max": 0.384320050478, "mean": 0.140202328563, "median": 0.134397357702, "min": 0.0310191307217, "var": 0.00306939030997}, "erbbands_kurtosis": {"dmean": 0.643183350563, "dmean2": 0.973264932632, "dvar": 0.542538523674, "dvar2": 1.27288985252, "max": 11.3686819077, "mean": 0.384515285492, "median": 0.0497479438782, "min": -1.6197578907, "var": 1.84839212894}, "erbbands_skewness": {"dmean": 0.257951974869, "dmean2": 0.405119001865, "dvar": 0.0590124502778, "dvar2": 0.148721933365, "max": 2.75347280502, "mean": 0.645980358124, "median": 0.637310087681, "min": -2.2183713913, "var": 0.354592978954}, "erbbands_spread": {"dmean": 8.06187725067, "dmean2": 11.287774086, "dvar": 102.197738647, "dvar2": 197.933959961, "max": 114.635620117, "mean": 39.1916503906, "median": 34.4550323486, "min": 6.08785438538, "var": 352.532653809}, "hfc": {"dmean": 5.95257425308, "dmean2": 8.06923484802, "dvar": 105.123802185, "dvar2": 219.595199585, "max": 106.438232422, "mean": 12.3376760483, "median": 6.99139738083, "min": 1.14594809501e-16, "var": 194.737609863}, "melbands_crest": {"dmean": 3.0084836483, "dmean2": 4.88683748245, "dvar": 8.10135555267, "dvar2": 20.0632019043, "max": 31.0627307892, "mean": 14.1714992523, "median": 13.8351831436, "min": 1.90621447563, "var": 20.097826004}, "melbands_flatness_db": {"dmean": 0.0242499727756, "dmean2": 0.0354683436453, "dvar": 0.000624317035545, "dvar2": 0.00134496740066, "max": 0.443301141262, "mean": 0.231383293867, "median": 0.225019842386, "min": 0.00535510294139, "var": 0.00475730746984}, "melbands_kurtosis": {"dmean": 9.87723350525, "dmean2": 15.4529905319, "dvar": 434.978149414, "dvar2": 864.285766602, "max": 329.555847168, "mean": 17.715045929, "median": 10.683763504, "min": -1.3710641861, "var": 689.544799805}, "melbands_skewness": {"dmean": 0.796723246574, "dmean2": 1.22405564785, "dvar": 1.17488610744, "dvar2": 2.42401957512, "max": 13.3279209137, "mean": 2.93746542931, "median": 2.59219694138, "min": -0.240653723478, "var": 2.72767114639}, "melbands_spread": {"dmean": 3.77462482452, "dmean2": 5.99971580505, "dvar": 29.5549812317, "dvar2": 65.8562774658, "max": 158.483154297, "mean": 14.5535583496, "median": 11.4825849533, "min": 0.675369858742, "var": 149.632888794}, "pitch_salience": {"dmean": 0.0702718421817, "dmean2": 0.116354912519, "dvar": 0.00475234491751, "dvar2": 0.0133803179488, "max": 0.950307190418, "mean": 0.546581983566, "median": 0.550848126411, "min": 0.182059809566, "var": 0.0103309489787}, "silence_rate_20dB": {"dmean": 0, "dmean2": 0, "dvar": 0, "dvar2": 0, "max": 1, "mean": 1, "median": 1, "min": 1, "var": 0}, "silence_rate_30dB": {"dmean": 0.0128446118906, "dmean2": 0.0256932470948, "dvar": 0.0126798795536, "dvar2": 0.0356859788299, "max": 1, "mean": 0.992482364178, "median": 1, "min": 0, "var": 0.00746142771095}, "silence_rate_60dB": {"dmean": 0.0532581470907, "dmean2": 0.106532976031, "dvar": 0.0504232570529, "dvar2": 0.107092775404, "max": 1, "mean": 0.12278778106, "median": 0, "min": 0, "var": 0.107710883021}, "spectral_centroid": {"dmean": 163.827301025, "dmean2": 252.048995972, "dvar": 49900.2773438, "dvar2": 107130.96875, "max": 11913.0869141, "mean": 926.996154785, "median": 768.178833008, "min": 243.424606323, "var": 414707.78125}, "spectral_complexity": {"dmean": 3.2622179985, "dmean2": 4.70531082153, "dvar": 18.4801540375, "dvar2": 35.2055969238, "max": 47, "mean": 14.4197340012, "median": 14, "min": 0, "var": 55.0795707703}, "spectral_decrease": {"dmean": 4.04330702253e-09, "dmean2": 6.52081499908e-09, "dvar": 5.66227496256e-17, "dvar2": 1.41703146066e-16, "max": 1.11185187544e-28, "mean": -6.43813535817e-09, "median": -3.96656618662e-09, "min": -5.48019443158e-08, "var": 5.87625533737e-17}, "spectral_energy": {"dmean": 0.0156949218363, "dmean2": 0.0251913834363, "dvar": 0.000847424613312, "dvar2": 0.00211335462518, "max": 0.213123649359, "mean": 0.0254180971533, "median": 0.0158256590366, "min": 1.03696969099e-20, "var": 0.000892753712833}, "spectral_energyband_high": {"dmean": 0.000367625092622, "dmean2": 0.000493544270284, "dvar": 4.72238610882e-07, "dvar2": 9.65020149124e-07, "max": 0.00700466800481, "mean": 0.000597806705628, "median": 0.000136629692861, "min": 7.22602768803e-21, "var": 9.47629303027e-07}, "spectral_energyband_low": {"dmean": 0.00807306636125, "dmean2": 0.0126097640023, "dvar": 0.00036481526331, "dvar2": 0.000848665018566, "max": 0.171193554997, "mean": 0.0114842392504, "median": 0.00526141608134, "min": 4.06524100495e-23, "var": 0.000390996137867}, "spectral_energyband_middle_high": {"dmean": 0.000651028531138, "dmean2": 0.000939182122238, "dvar": 1.12680106668e-06, "dvar2": 2.45060368798e-06, "max": 0.011932994239, "mean": 0.0016965548275, "median": 0.00131306541152, "min": 1.34735170692e-21, "var": 2.36629080064e-06}, "spectral_energyband_middle_low": {"dmean": 0.00824843347073, "dmean2": 0.0140928197652, "dvar": 0.000420417549321, "dvar2": 0.00114284129813, "max": 0.191011250019, "mean": 0.0122617203742, "median": 0.00696232495829, "min": 2.09374223427e-22, "var": 0.000363656989066}, "spectral_entropy": {"dmean": 0.157003894448, "dmean2": 0.209925249219, "dvar": 0.0308745969087, "dvar2": 0.0543442368507, "max": 9.82186222076, "mean": 7.38901901245, "median": 7.46868944168, "min": 5.79691648483, "var": 0.268962353468}, "spectral_flux": {"dmean": 0.038469016552, "dmean2": 0.0616245232522, "dvar": 0.00360738788731, "dvar2": 0.00786662846804, "max": 0.373464137316, "mean": 0.0761650130153, "median": 0.0471578352153, "min": 6.60451623946e-11, "var": 0.00546397268772}, "spectral_kurtosis": {"dmean": 2.535987854, "dmean2": 4.08159255981, "dvar": 20.7715816498, "dvar2": 56.3966827393, "max": 89.5625305176, "mean": 7.45710897446, "median": 4.97819805145, "min": -1.29048204422, "var": 67.8368759155}, "spectral_rms": {"dmean": 0.00125042977743, "dmean2": 0.00187368271872, "dvar": 3.81545942219e-06, "dvar2": 8.59424835653e-06, "max": 0.0144196227193, "mean": 0.00429552281275, "median": 0.003929334227, "min": 3.18068813475e-12, "var": 6.34655498288e-06}, "spectral_rolloff": {"dmean": 275.874603271, "dmean2": 458.910766602, "dvar": 490683.78125, "dvar2": 987640.625, "max": 19207.6171875, "mean": 913.32019043, "median": 602.9296875, "min": 64.599609375, "var": 1683321.875}, "spectral_skewness": {"dmean": 0.275366604328, "dmean2": 0.421917408705, "dvar": 0.132260218263, "dvar2": 0.332218050957, "max": 7.13964891434, "mean": 2.01305556297, "median": 1.8402005434, "min": -0.0785862058401, "var": 0.619440257549}, "spectral_spread": {"dmean": 640907.9375, "dmean2": 748873.4375, "dvar": 906242162688, "dvar2": 1285590745090.0, "max": 47554224, "mean": 4923401.5, "median": 4601387, "min": 753525.3125, "var": 5421736656900.0}, "spectral_strongpeak": {"dmean": 0.230908468366, "dmean2": 0.397181808949, "dvar": 0.0976753532887, "dvar2": 0.260994672775, "max": 2.62499165535, "mean": 0.483074843884, "median": 0.361738651991, "min": 0, "var": 0.152733519673}, "zerocrossingrate": {"dmean": 0.00977273844182, "dmean2": 0.0112762143835, "dvar": 0.000184626172995, "dvar2": 0.000255735241808, "max": 0.5234375, "mean": 0.047753829509, "median": 0.0380859375, "min": 0.00341796875, "var": 0.00132316316012}, "barkbands": {"dmean": [0.000678911048453, 0.00549831148237, 0.002297434723, 0.00220825150609, 0.0045237117447, 0.00161042984109, 0.000605928595178, 0.000378634838853, 0.000410662934883, 0.000145181707921, 0.000129824271426, 0.000170364306541, 8.34206657601e-05, 0.000120822449389, 0.00011442390678, 7.95301093603e-05, 4.3475698476e-05, 3.80435631087e-05, 4.89900121465e-05, 7.77264722274e-05, 8.55376056279e-05, 7.17454386177e-05, 2.89459949272e-05, 2.79491305264e-05, 5.87594477111e-05, 5.81691347179e-05, 2.36483629124e-05], "dmean2": [0.00115853257012, 0.00853433925658, 0.00394088681787, 0.00394850596786, 0.00794171821326, 0.00264946627431, 0.000993986031972, 0.000615728844423, 0.000552537618205, 0.000227412252571, 0.000201824179385, 0.000261888228124, 0.000129446736537, 0.000191572486074, 0.000179147726158, 0.000120567368867, 7.06461432856e-05, 6.17591867922e-05, 7.85098527558e-05, 0.000116866001918, 0.000137428229209, 0.000110488392238, 4.19281423092e-05, 4.00971548515e-05, 7.81780690886e-05, 7.45051365811e-05, 3.40353944921e-05], "dvar": [4.11834298575e-06, 0.000174375425559, 3.43790306943e-05, 3.20634790114e-05, 0.000178473521373, 7.17141801942e-06, 1.35860091177e-06, 4.87952092953e-07, 3.72846443497e-07, 6.27037124445e-08, 3.65270445002e-08, 7.38078114182e-08, 2.13136441829e-08, 3.19894439826e-08, 3.31592673319e-08, 1.4463189757e-08, 5.15468645546e-09, 5.06391906185e-09, 9.00331542653e-09, 1.87967330589e-08, 3.01582296913e-08, 1.72510965513e-08, 2.49914533512e-09, 3.07663583499e-09, 1.56870392232e-08, 1.47209631152e-08, 1.23654810835e-08], "dvar2": [1.0531011867e-05, 0.000404214952141, 9.24904597923e-05, 8.98550424608e-05, 0.000491086044349, 1.95150478248e-05, 3.67100460608e-06, 1.27251348658e-06, 7.69943540035e-07, 1.54376181172e-07, 8.89949376415e-08, 1.78276849283e-07, 4.92294702781e-08, 8.12858331756e-08, 8.2357978215e-08, 3.29705436286e-08, 1.31253719005e-08, 1.28444597181e-08, 2.18556035492e-08, 3.97622521575e-08, 7.58406315526e-08, 4.15862544401e-08, 5.04940400603e-09, 6.68424160466e-09, 2.97334050714e-08, 2.58853454227e-08, 2.32417178836e-08], "max": [0.0127231786028, 0.125461995602, 0.0562904849648, 0.0559852533042, 0.114028327167, 0.036276448518, 0.0177480783314, 0.0091341631487, 0.0100907506421, 0.00381297059357, 0.00259171565995, 0.00341213331558, 0.00171972019598, 0.00278769270517, 0.00190732371993, 0.00138914876152, 0.00101925118361, 0.000678320997395, 0.00121124030557, 0.00179087370634, 0.0026594651863, 0.00141047290526, 0.000605124281719, 0.000991918495856, 0.00202221376821, 0.00153703463729, 0.00320849777199], "mean": [0.000492655613925, 0.0076363524422, 0.00276781176217, 0.00209153373726, 0.00444174697623, 0.00290914135985, 0.00111509254202, 0.000632282812148, 0.000974818714894, 0.000244020309765, 0.000237901316723, 0.000302971136989, 0.000153678978677, 0.000233288737945, 0.000192094143131, 0.000134398142109, 7.68297686591e-05, 6.14682940068e-05, 7.3127754149e-05, 0.000115339411423, 0.000118266703794, 0.000114756956464, 5.41874978808e-05, 4.63563046651e-05, 8.59553765622e-05, 7.9185127106e-05, 3.2847354305e-05], "median": [1.79069684236e-05, 0.00280266487971, 0.000890725641511, 0.000609885202721, 0.00122286158148, 0.00168450106867, 0.000410902895965, 0.000358254008461, 0.000610782008152, 0.000118191412184, 0.000161262505571, 0.000194076492335, 8.42199006001e-05, 0.000174664193764, 0.000118816933536, 8.23524969746e-05, 4.33571221947e-05, 3.68794608221e-05, 3.27982779709e-05, 3.35427175742e-05, 2.7865431548e-05, 2.40967001446e-05, 1.40472857311e-05, 1.1285371329e-05, 1.13173218779e-05, 5.71192867937e-06, 6.32323121863e-07], "min": [9.87349944673e-25, 5.6705002141e-24, 6.84711465323e-24, 4.62085372653e-24, 1.98186440297e-23, 2.8609656315e-23, 1.75832331054e-23, 3.64418176363e-23, 2.82217229208e-23, 5.35269576552e-23, 3.21286985488e-23, 2.5911060977e-23, 3.69430440782e-23, 4.37187502534e-23, 7.76825033509e-23, 7.51880809924e-23, 1.23825426322e-22, 1.54850139277e-22, 1.18895209747e-22, 1.8687747551e-22, 2.87045177855e-22, 2.54033885948e-22, 5.05210757511e-22, 7.00887641942e-22, 9.82421976352e-22, 1.53457594044e-21, 1.96876619437e-21], "var": [3.09200095217e-06, 0.000191353261471, 2.98753748211e-05, 2.25016265176e-05, 0.000130729880766, 1.21592784126e-05, 3.29453359882e-06, 7.03254954715e-07, 1.19265303056e-06, 1.11650678036e-07, 6.79555398619e-08, 1.2536852978e-07, 4.04375057883e-08, 5.37090798503e-08, 5.07694863927e-08, 2.4916712249e-08, 9.89852821931e-09, 6.61657528767e-09, 1.45061243018e-08, 3.66681156549e-08, 5.08415460843e-08, 3.99053980971e-08, 6.97286051121e-09, 5.50775514085e-09, 2.65808797195e-08, 2.66454680542e-08, 2.19310649641e-08]}, "erbbands": {"dmean": [0.175790771842, 1.25375247002, 2.75600266457, 4.59210634232, 18.7041854858, 8.96194171906, 13.796084404, 11.8744411469, 9.60735797882, 8.54279708862, 7.14689779282, 6.41487264633, 9.49995326996, 4.67501735687, 5.18322277069, 5.94252157211, 4.11062240601, 6.34293937683, 4.59136724472, 4.49194383621, 4.82471227646, 2.52727532387, 1.95399618149, 2.21587824821, 2.61185932159, 3.32415533066, 2.99819946289, 4.08613967896, 3.19261860847, 1.32729697227, 0.786648035049, 0.607943415642, 0.48703828454, 0.638420879841, 0.411473363638, 0.29632884264, 0.0989260822535, 0.0201504472643, 0.00470563303679, 0.000226012023631], "dmean2": [0.271690905094, 2.07184314728, 4.66188001633, 8.09321784973, 33.8292770386, 14.9869909286, 22.3084411621, 19.8053150177, 15.9422807693, 13.9531335831, 11.5005779266, 9.25392246246, 12.9142999649, 7.25709629059, 8.0244550705, 9.2744178772, 6.33867931366, 10.0593538284, 7.31085824966, 6.96354198456, 7.24305534363, 4.09134674072, 3.19051218033, 3.46085953712, 4.17242002487, 5.02923488617, 4.57462978363, 6.54295825958, 4.9029545784, 1.90142810345, 1.15392696857, 0.881337106228, 0.686284303665, 0.904841840267, 0.528801679611, 0.372747302055, 0.128987461329, 0.0279283300042, 0.00687045138329, 0.000334248761646], "dvar": [0.194777965546, 9.53186130524, 48.6468276978, 98.7734375, 3707.37304688, 489.679168701, 720.065856934, 473.711883545, 327.40020752, 292.182556152, 212.180770874, 121.934150696, 190.619949341, 62.095664978, 56.0614967346, 105.553222656, 51.4585037231, 90.1178436279, 70.9375610352, 44.483757019, 55.6294631958, 16.4678821564, 15.1192703247, 17.7078132629, 26.6234607697, 38.9120445251, 29.0094795227, 72.1294708252, 34.021648407, 5.84536552429, 1.86525547504, 1.45254695415, 0.962935090065, 1.83276998997, 0.762737452984, 0.368130892515, 0.0457055866718, 0.0034162113443, 0.000594401150011, 2.11456517718e-06], "dvar2": [0.399393230677, 25.0423431396, 130.288970947, 274.554229736, 10384.7929688, 1282.18554688, 1928.57055664, 1289.27868652, 891.836425781, 798.75793457, 559.645568848, 293.948883057, 387.667510986, 148.095108032, 138.22428894, 266.054290771, 121.215171814, 230.806259155, 182.162796021, 105.365768433, 122.388404846, 42.6363983154, 38.8063621521, 42.1588897705, 65.8461532593, 87.3305969238, 66.5089569092, 182.304931641, 81.3413238525, 13.0924510956, 3.9304831028, 3.07385778427, 2.03553652763, 3.85587930679, 1.37545418739, 0.645003378391, 0.0838929638267, 0.00815917365253, 0.00115863408428, 4.063841061e-06], "max": [3.35143327713, 30.3917121887, 64.7478866577, 79.4121627808, 560.524169922, 182.402175903, 347.973205566, 279.050872803, 238.452285767, 390.081970215, 197.96131897, 167.862136841, 223.830978394, 118.713676453, 86.9114990234, 147.477798462, 92.2840423584, 149.896026611, 92.7001495361, 83.1304702759, 95.2478027344, 58.5426940918, 41.1502380371, 72.0865783691, 47.3858718872, 92.6453475952, 55.5546226501, 133.0677948, 70.7916564941, 26.5429821014, 21.3579673767, 22.517288208, 20.5601005554, 20.7484703064, 13.8835678101, 5.97848320007, 3.07040572166, 2.42047476768, 0.71090644598, 0.0420356094837], "mean": [0.206364020705, 1.71452009678, 3.66494226456, 4.6760635376, 15.4957017899, 10.6146888733, 22.0487957001, 20.2291431427, 16.9355144501, 15.3985338211, 12.5976810455, 14.2836713791, 22.0553226471, 8.54622364044, 10.855307579, 10.5021867752, 8.02724456787, 11.8807687759, 8.41999053955, 8.32827472687, 8.43093585968, 4.6960067749, 3.30528926849, 3.95769405365, 3.73855233192, 4.80721855164, 4.48158216476, 5.42521715164, 5.06476211548, 2.23288488388, 1.52255856991, 1.05713880062, 0.76454025507, 0.893069863319, 0.609693586826, 0.410784721375, 0.129533097148, 0.026898033917, 0.00637055467814, 0.000335805816576], "median": [0.044446375221, 0.719264864922, 1.52821791172, 1.86837482452, 2.22243881226, 3.39144730568, 10.1871509552, 12.059472084, 6.91055250168, 6.95683336258, 7.62622261047, 10.2306690216, 14.47889328, 4.92554712296, 7.54953432083, 6.98083257675, 5.05092334747, 8.55516910553, 5.68627643585, 5.6282324791, 5.00946044922, 2.89312195778, 1.96864008904, 1.96123099327, 1.7352502346, 1.49003744125, 1.20329725742, 1.00997281075, 0.96189981699, 0.566074371338, 0.408422708511, 0.253805935383, 0.171027123928, 0.128305405378, 0.0761105045676, 0.0353324376047, 0.00813915021718, 0.00119749340229, 0.000123995705508, 2.94125620712e-05], "min": [2.02864227693e-22, 1.41022510752e-21, 8.58916802314e-21, 1.40565822639e-20, 4.90840574436e-20, 4.50442656594e-20, 8.90551694763e-20, 2.06766718805e-19, 2.59256989689e-19, 4.25053995591e-19, 8.56548367732e-19, 6.36443620044e-19, 7.80808660618e-19, 2.10461134895e-18, 1.90732380977e-18, 1.29802039922e-18, 1.80344109177e-18, 3.44708619204e-18, 3.10801927549e-18, 6.26298642742e-18, 5.07938940535e-18, 6.81241716107e-18, 6.51660910221e-18, 6.02164076727e-18, 7.3452645778e-18, 8.73817220925e-18, 1.29223073464e-17, 1.25419432309e-17, 9.98062809499e-18, 1.27804334636e-17, 1.47454225154e-17, 1.28653700232e-17, 1.0607423377e-17, 1.05347580417e-17, 8.03507944193e-18, 5.27409448665e-18, 2.49099175577e-18, 9.88095779426e-19, 2.58141872675e-19, 2.74167010703e-20], "var": [0.227010831237, 8.77875137329, 42.4784355164, 71.2796020508, 2410.48144531, 453.680877686, 1057.67834473, 648.436157227, 790.617492676, 488.325012207, 273.298095703, 236.465698242, 610.048461914, 114.810966492, 123.264595032, 143.434860229, 91.1302490234, 145.430084229, 91.5082626343, 78.4617156982, 101.701301575, 31.6944713593, 19.0558700562, 40.3794174194, 32.6064453125, 73.5935516357, 53.2780685425, 117.556785583, 81.0707015991, 13.0490636826, 5.99759101868, 2.88956475258, 1.57620823383, 2.72111034393, 1.39357376099, 0.692623019218, 0.0768467634916, 0.0044524287805, 0.000987735344097, 3.45759508491e-06]}, "gfcc": {"mean": [-33.5491867065, 103.094589233, -95.1324768066, 18.1072368622, -52.2499313354, 9.83982563019, -34.0300369263, 3.30676150322, -20.2610225677, 7.85305166245, -17.4844760895, 0.984552741051, -6.65709066391], "cov": [[13610.5957031, -2359.09863281, 1261.30664062, 223.488754272, -278.709777832, 397.822174072, -180.887466431, 166.213653564, -399.769042969, 227.958023071, -372.279693604, 321.385192871, -131.838943481], [-2359.09863281, 2029.61462402, -504.363830566, -238.27545166, 219.36076355, -85.0831451416, 42.776260376, -39.0866966248, 176.920913696, -112.977142334, 102.921127319, -175.926254272, 87.1377182007], [1261.30664062, -504.363830566, 868.817016602, 104.381210327, 97.8106994629, 104.497451782, 45.516910553, 53.3162155151, 3.31969881058, 135.892425537, -18.8157119751, 112.508705139, 15.3832273483], [223.488754272, -238.27545166, 104.381210327, 429.794403076, 1.77147591114, 130.633621216, 74.0718078613, 24.4317798615, -22.5169658661, 7.31759166718, 23.944360733, 37.3292160034, 6.39494657516], [-278.709777832, 219.36076355, 97.8106994629, 1.77147591114, 181.633834839, 35.3267402649, 59.5186805725, 29.2798309326, 51.9249305725, 12.6852989197, 28.2383098602, 2.10690784454, 23.3133583069], [397.822174072, -85.0831451416, 104.497451782, 130.633621216, 35.3267402649, 171.094528198, 47.8817749023, 53.4915313721, -15.1444377899, 31.6509208679, -5.91420030594, 28.9096660614, 8.35464191437], [-180.887466431, 42.776260376, 45.516910553, 74.0718078613, 59.5186805725, 47.8817749023, 122.258964539, 43.018787384, 41.3888130188, 11.7859220505, 21.4268283844, -0.0363307893276, 8.04046630859], [166.213653564, -39.0866966248, 53.3162155151, 24.4317798615, 29.2798309326, 53.4915313721, 43.018787384, 83.9095993042, 34.8047103882, 40.2672958374, 11.0516853333, 19.805311203, -2.18142271042], [-399.769042969, 176.920913696, 3.31969881058, -22.5169658661, 51.9249305725, -15.1444377899, 41.3888130188, 34.8047103882, 109.253761292, 20.8416786194, 47.5685653687, -5.71329545975, 13.3042030334], [227.958023071, -112.977142334, 135.892425537, 7.31759166718, 12.6852989197, 31.6509208679, 11.7859220505, 40.2672958374, 20.8416786194, 96.7848739624, 18.2770233154, 41.6784210205, -0.170849710703], [-372.279693604, 102.921127319, -18.8157119751, 23.944360733, 28.2383098602, -5.91420030594, 21.4268283844, 11.0516853333, 47.5685653687, 18.2770233154, 96.6557312012, 21.8094062805, 16.5538959503], [321.385192871, -175.926254272, 112.508705139, 37.3292160034, 2.10690784454, 28.9096660614, -0.0363307893276, 19.805311203, -5.71329545975, 41.6784210205, 21.8094062805, 72.4641418457, 20.9052391052], [-131.838943481, 87.1377182007, 15.3832273483, 6.39494657516, 23.3133583069, 8.35464191437, 8.04046630859, -2.18142271042, 13.3042030334, -0.170849710703, 16.5538959503, 20.9052391052, 54.7470092773]], "icov": [[0.000123812918901, 1.47074479173e-05, -0.000119006203022, 2.90760035568e-05, 0.000120727236208, -0.000154144800035, 0.000149538725964, -0.000236039530137, 0.000154499415657, 0.000101838792034, 0.000338560843375, -0.000449408311397, 0.000277548475424], [1.47074479173e-05, 0.00127541343682, 0.000431157910498, 0.000430131272878, -0.00119277730118, -0.000496882537846, 0.000417659524828, 0.000358211022103, -0.000753378495574, -0.000122923607705, -0.00108242803253, 0.00329878251068, -0.00237894360907], [-0.000119006203022, 0.000431157910498, 0.00226955977269, -0.000178755755769, -0.00172216747887, -0.000181518786121, -0.000335970427841, 0.00146859593224, -0.000877171463799, -0.0022020493634, 0.00114951271098, -0.00116434204392, -0.000417428935179], [2.90760035568e-05, 0.000430131272878, -0.000178755755769, 0.00385148287751, 0.000673563277815, -0.00292750797234, -0.00192514644004, 0.00126408122014, 0.00033079503919, 0.00131989328656, -0.00180233491119, -0.000185186188901, 1.81909417734e-05], [0.000120727236208, -0.00119277730118, -0.00172216747887, 0.000673563277815, 0.00964949931949, -0.00147673173342, -0.00270102638751, -0.000796954671387, -0.00114150275476, 0.00150016322732, -0.000391289999243, -0.00141957856249, 1.80645602086e-05], [-0.000154144800035, -0.000496882537846, -0.000181518786121, -0.00292750797234, -0.00147673173342, 0.0119443684816, -0.00132016954012, -0.00667700544, 0.0046465145424, -0.0017092351336, 0.0012314330088, -9.71768531599e-05, -0.00192319403868], [0.000149538725964, 0.000417659524828, -0.000335970427841, -0.00192514644004, -0.00270102638751, -0.00132016954012, 0.0141774090007, -0.00499640870839, -0.00268179457635, 0.00102414377034, -0.000781579001341, 0.00369011680596, -0.0014328189427], [-0.000236039530137, 0.000358211022103, 0.00146859593224, 0.00126408122014, -0.000796954671387, -0.00667700544, -0.00499640870839, 0.0255867186934, -0.00893093273044, -0.00525410287082, 0.00241061812267, -0.0051131779328, 0.00479026278481], [0.000154499415657, -0.000753378495574, -0.000877171463799, 0.00033079503919, -0.00114150275476, 0.0046465145424, -0.00268179457635, -0.00893093273044, 0.0202548578382, -0.00284997047856, -0.00671545835212, 0.00554087338969, -0.00342228496447], [0.000101838792034, -0.000122923607705, -0.0022020493634, 0.00131989328656, 0.00150016322732, -0.0017092351336, 0.00102414377034, -0.00525410287082, -0.00284997047856, 0.0199524331838, -0.00165630271658, -0.00848350208253, 0.00466281408444], [0.000338560843375, -0.00108242803253, 0.00114951271098, -0.00180233491119, -0.000391289999243, 0.0012314330088, -0.000781579001341, 0.00241061812267, -0.00671545835212, -0.00165630271658, 0.0194552857429, -0.0124559504911, 0.00311560509726], [-0.000449408311397, 0.00329878251068, -0.00116434204392, -0.000185186188901, -0.00141957856249, -9.71768531599e-05, 0.00369011680596, -0.0051131779328, 0.00554087338969, -0.00848350208253, -0.0124559504911, 0.0419420748949, -0.0197325926274], [0.000277548475424, -0.00237894360907, -0.000417428935179, 1.81909417734e-05, 1.80645602086e-05, -0.00192319403868, -0.0014328189427, 0.00479026278481, -0.00342228496447, 0.00466281408444, 0.00311560509726, -0.0197325926274, 0.0309619773179]]}, "melbands": {"dmean": [0.00150188046973, 0.00152046105359, 0.00125427159946, 0.00111207622103, 0.000405911065172, 0.000267143564997, 0.000139331546961, 9.27413275349e-05, 5.29696117155e-05, 5.04354466102e-05, 4.75379019917e-05, 1.88969170267e-05, 1.66104055097e-05, 1.98262678168e-05, 1.33359881147e-05, 9.76570663624e-06, 1.21593175209e-05, 6.93791480444e-06, 9.98866562441e-06, 3.97066696678e-06, 6.19049842498e-06, 2.81272082248e-06, 1.96253859031e-06, 1.78567756848e-06, 1.94011727217e-06, 1.59214494033e-06, 2.36882374338e-06, 2.33076912082e-06, 2.29355418924e-06, 1.82181440778e-06, 2.58067871073e-06, 1.8860879436e-06, 1.17438935376e-06, 6.81807421188e-07, 5.01112424445e-07, 3.86656978435e-07, 3.86381145745e-07, 2.99314052654e-07, 4.75568555203e-07, 5.88438410887e-07], "dmean2": [0.00232253526337, 0.00254452880472, 0.00223492016084, 0.00196053273976, 0.000656370189972, 0.000442946911789, 0.0002307848481, 0.000151188432937, 8.49533607834e-05, 6.98814837961e-05, 6.46013140795e-05, 2.94869023492e-05, 2.59521384578e-05, 3.01809159282e-05, 2.07379980566e-05, 1.54461922648e-05, 1.93538890016e-05, 1.13223850349e-05, 1.54306962941e-05, 6.29197256785e-06, 9.31124759518e-06, 4.62283787783e-06, 3.21107449963e-06, 2.94429082714e-06, 3.04215041069e-06, 2.57379451796e-06, 3.70832435692e-06, 3.57364751835e-06, 3.59398472938e-06, 2.92644813271e-06, 4.23222900281e-06, 2.92817003356e-06, 1.77268725565e-06, 9.98052087198e-07, 7.44353314985e-07, 5.81575363867e-07, 5.66262826851e-07, 4.35943775301e-07, 6.80439256939e-07, 8.51497020449e-07], "dvar": [1.32947916427e-05, 1.4962154637e-05, 1.04033169919e-05, 1.18887683129e-05, 5.87853776324e-07, 2.15121175984e-07, 6.63570034476e-08, 3.0389323058e-08, 1.19188827696e-08, 5.97530336321e-09, 4.71611993902e-09, 1.05522524052e-09, 6.22832396768e-10, 9.71272950956e-10, 6.86650680759e-10, 2.31992591804e-10, 3.43361922228e-10, 1.72261385711e-10, 2.17111287282e-10, 4.67525428094e-11, 9.62898510926e-11, 2.0779222093e-11, 1.43133187594e-11, 1.00007840551e-11, 1.46296516568e-11, 1.01008142822e-11, 2.01601183664e-11, 1.87810964697e-11, 1.77274566554e-11, 1.84416718008e-11, 2.84620643026e-11, 1.17553926662e-11, 4.77956303008e-12, 1.46351951825e-12, 7.09282133894e-13, 5.68046803172e-13, 6.16339011078e-13, 3.40893735766e-13, 1.06406290029e-12, 1.49597001453e-12], "dvar2": [2.84270117845e-05, 3.97053263441e-05, 2.91002925223e-05, 3.25432047248e-05, 1.55818554504e-06, 5.83747635119e-07, 1.80548823892e-07, 8.24700521207e-08, 3.16277031231e-08, 1.31162840589e-08, 9.51435197294e-09, 2.54650500686e-09, 1.55722723605e-09, 2.3114605785e-09, 1.73737424447e-09, 5.64975122241e-10, 8.90356677274e-10, 4.46986836433e-10, 5.1683374247e-10, 1.16503418024e-10, 2.12411935263e-10, 5.52199674875e-11, 3.63604112097e-11, 2.61269166024e-11, 3.47480724749e-11, 2.52896974196e-11, 4.70372178707e-11, 4.251415886e-11, 3.89392962319e-11, 4.95990297444e-11, 6.95410534712e-11, 2.85033767422e-11, 1.12721472781e-11, 3.20957995424e-12, 1.55666517003e-12, 1.22943202927e-12, 1.32187620225e-12, 7.56222341691e-13, 2.31633896092e-12, 3.16726874762e-12], "max": [0.0332286544144, 0.0370395556092, 0.0308777987957, 0.0296859685332, 0.00991377886385, 0.00569243356586, 0.00321910902858, 0.00371589278802, 0.0013935554307, 0.00116070429794, 0.00112578750122, 0.000518721470144, 0.000376113574021, 0.000440195231931, 0.00044930895092, 0.000186688354006, 0.000314422155498, 0.000157323433086, 0.000152913926286, 0.000100005549029, 0.000131322958623, 6.29451023997e-05, 4.80953822262e-05, 3.26216395479e-05, 6.91544773872e-05, 3.47881068592e-05, 6.2194550992e-05, 5.4357566114e-05, 3.87151740142e-05, 9.2435067927e-05, 5.53810641577e-05, 4.04683560191e-05, 2.55011818808e-05, 1.26012437249e-05, 1.1884387277e-05, 1.08470512714e-05, 1.66704921867e-05, 1.52747325046e-05, 1.39804242281e-05, 1.92111601791e-05], "mean": [0.00199006963521, 0.00211764732376, 0.00119874288794, 0.000987921608612, 0.000666740350425, 0.000478546280647, 0.000247560587013, 0.000164604352904, 9.13209732971e-05, 0.000115507820738, 0.000110359564133, 3.15045617754e-05, 3.29978392983e-05, 3.66318490705e-05, 2.15075597225e-05, 1.82786134246e-05, 2.19752655539e-05, 1.16756573334e-05, 1.71439151018e-05, 6.83167036186e-06, 1.03551765278e-05, 4.87791021442e-06, 3.02838975585e-06, 2.91007154374e-06, 3.34676656166e-06, 2.32506999964e-06, 3.27273346556e-06, 3.2441721487e-06, 3.14802014145e-06, 2.65886774287e-06, 3.18850834446e-06, 2.9657653613e-06, 1.83505289897e-06, 1.08612698568e-06, 9.29557131712e-07, 6.87151214152e-07, 6.2856150862e-07, 4.75042639891e-07, 6.52441656257e-07, 8.00734937911e-07], "median": [0.000629914342426, 0.000991734676063, 0.00038194161607, 0.00021768649458, 0.000330124312313, 0.000295614183415, 0.000103675723949, 8.20900604594e-05, 5.14953353559e-05, 7.61785704526e-05, 7.23426492186e-05, 1.60129129654e-05, 2.32161346503e-05, 2.39590644924e-05, 1.03258134914e-05, 1.25051683426e-05, 1.53102555487e-05, 7.43265445635e-06, 1.03173788375e-05, 4.3409522732e-06, 5.57599332751e-06, 2.70255054602e-06, 1.62177434504e-06, 1.74594197233e-06, 1.54812414621e-06, 1.1798530295e-06, 1.20180743579e-06, 9.05821593733e-07, 8.03081093181e-07, 6.07239712735e-07, 5.28937846411e-07, 5.5086957218e-07, 4.37037925849e-07, 2.69468472425e-07, 2.61140201019e-07, 1.52113187823e-07, 1.51884961497e-07, 1.13813037217e-07, 1.05368890502e-07, 1.08146195998e-07], "min": [1.73549517478e-24, 3.99451591715e-24, 3.96674446341e-24, 4.36438873535e-24, 2.85981799665e-24, 4.32419035578e-24, 4.05204833183e-24, 5.55507369202e-24, 6.56386270673e-24, 3.68516371874e-24, 3.57262166656e-24, 8.06033854925e-24, 5.14725903086e-24, 3.07964513194e-24, 2.55755371347e-24, 4.75784612804e-24, 4.99274878966e-24, 4.61000215592e-24, 6.93600428889e-24, 6.57911533233e-24, 4.2791633586e-24, 6.7232335144e-24, 4.90303913309e-24, 7.33670855228e-24, 4.09240606131e-24, 4.64073933223e-24, 5.593678967e-24, 5.35958685996e-24, 8.22250705212e-24, 7.00349686136e-24, 6.49120901179e-24, 5.04447203263e-24, 5.93651515539e-24, 7.35033060239e-24, 7.70583865794e-24, 8.20276738569e-24, 7.60684529181e-24, 7.22206339693e-24, 5.95130511408e-24, 8.73172465505e-24], "var": [1.55135876412e-05, 1.28953215608e-05, 7.11022721589e-06, 8.22663969302e-06, 9.0414226861e-07, 3.21429439509e-07, 1.5267643505e-07, 5.02877028907e-08, 1.5370714479e-08, 1.59464033089e-08, 1.54421417875e-08, 1.87242954475e-09, 1.20214871391e-09, 1.8976484828e-09, 9.26775156618e-10, 3.98058280782e-10, 5.40117339742e-10, 2.06253417123e-10, 4.01359834257e-10, 6.97657695503e-11, 1.7527836127e-10, 3.92850890707e-11, 1.84788052915e-11, 1.38360017887e-11, 3.46406167639e-11, 1.20248099672e-11, 3.33928995566e-11, 3.27048076121e-11, 2.68925264002e-11, 3.85221923804e-11, 3.85172935213e-11, 2.79260833208e-11, 1.02099917063e-11, 2.98331021345e-12, 2.1107881068e-12, 1.42587330831e-12, 1.07798546565e-12, 5.64875511817e-13, 1.46720743194e-12, 2.23381556308e-12]}, "mfcc": {"mean": [-683.952697754, 142.282867432, 12.5618066788, 16.8332023621, 1.9741089344, 8.40828990936, -1.95299708843, -3.48910665512, 2.78117442131, 1.47686183453, 0.458105385303, -3.24247813225, 0.254340231419], "cov": [[9344.0078125, -1498.92199707, 623.782592773, 294.734741211, -49.1640777588, 241.157165527, 127.656860352, 43.1532821655, 129.607940674, -179.515579224, -55.15234375, 11.3694028854, 32.6194648743], [-1498.92199707, 1664.25463867, -234.593887329, -137.03527832, 137.999053955, -53.2466697693, -46.5969161987, -20.6375083923, 15.2042961121, 98.9618606567, 48.8050727844, -39.6395950317, -19.519077301], [623.782592773, -234.593887329, 447.320343018, 126.947624207, 43.6173324585, 92.2623138428, 42.2097816467, 2.71685194969, 63.6948242188, -5.86928701401, 34.4159660339, 21.9662361145, 21.0905361176], [294.734741211, -137.03527832, 126.947624207, 239.823013306, 40.1496315002, 94.4932022095, 61.3089027405, 45.1659812927, 19.3595981598, -3.91395044327, 3.18105697632, 34.8849945068, 22.5431652069], [-49.1640777588, 137.999053955, 43.6173324585, 40.1496315002, 112.464111328, 37.1431350708, 23.2366981506, 21.1657848358, 22.3451786041, 13.1369428635, 14.6593313217, 17.6755580902, 17.3061733246], [241.157165527, -53.2466697693, 92.2623138428, 94.4932022095, 37.1431350708, 128.349563599, 72.4531021118, 37.1696586609, 35.4951019287, 3.54560256004, 7.07022666931, 10.2973995209, 11.0619335175], [127.656860352, -46.5969161987, 42.2097816467, 61.3089027405, 23.2366981506, 72.4531021118, 97.5497817993, 47.7541465759, 27.8076839447, 11.8620872498, 5.93771028519, 13.5231571198, 21.1239814758], [43.1532821655, -20.6375083923, 2.71685194969, 45.1659812927, 21.1657848358, 37.1696586609, 47.7541465759, 82.119934082, 31.4401721954, 20.2689933777, 7.45558309555, 19.3986930847, 12.3177633286], [129.607940674, 15.2042961121, 63.6948242188, 19.3595981598, 22.3451786041, 35.4951019287, 27.8076839447, 31.4401721954, 80.1658859253, 29.4158611298, 20.0712051392, 5.20939302444, 10.2820682526], [-179.515579224, 98.9618606567, -5.86928701401, -3.91395044327, 13.1369428635, 3.54560256004, 11.8620872498, 20.2689933777, 29.4158611298, 58.1387405396, 29.4223041534, 15.2952413559, 13.1855106354], [-55.15234375, 48.8050727844, 34.4159660339, 3.18105697632, 14.6593313217, 7.07022666931, 5.93771028519, 7.45558309555, 20.0712051392, 29.4223041534, 54.4022216797, 31.8394432068, 19.3380317688], [11.3694028854, -39.6395950317, 21.9662361145, 34.8849945068, 17.6755580902, 10.2973995209, 13.5231571198, 19.3986930847, 5.20939302444, 15.2952413559, 31.8394432068, 70.2777481079, 41.8950653076], [32.6194648743, -19.519077301, 21.0905361176, 22.5431652069, 17.3061733246, 11.0619335175, 21.1239814758, 12.3177633286, 10.2820682526, 13.1855106354, 19.3380317688, 41.8950653076, 67.4844207764]], "icov": [[0.000142283053719, 8.49356583785e-05, -8.25942188385e-05, -1.79236994882e-05, 4.26078404416e-05, -0.000103865335404, 1.22607143567e-05, -1.77298034032e-06, -0.000300489715301, 0.000438122049673, 4.05125911129e-06, 2.79502837657e-05, -6.8155444751e-05], [8.49356583785e-05, 0.00102212117054, 0.000508884084411, 0.000158121416462, -0.00152354466263, -7.73348656367e-05, 0.000285024667392, 0.000458585069282, -3.20615436067e-05, -0.00111988582648, -0.000921486178413, 0.00118792371359, 2.34606504819e-05], [-8.25942188385e-05, 0.000508884084411, 0.00389631534927, -0.00138136080932, -0.00115436792839, -0.00100293615833, 0.000136192145874, 0.00223440048285, -0.00266717700288, 0.00137740559876, -0.00305978558026, 0.000913722964469, -0.000112375419121], [-1.79236994882e-05, 0.000158121416462, -0.00138136080932, 0.00731022795662, -0.000811666017398, -0.00373801030219, -0.000158727896633, -0.00206067459658, 0.00167420925573, -0.000160684183356, 0.00249890075065, -0.00316222081892, 0.000314195844112], [4.26078404416e-05, -0.00152354466263, -0.00115436792839, -0.000811666017398, 0.0130581473932, -0.00221327575855, 0.000336823723046, -0.00169383641332, -0.00113510433584, 0.00143750803545, 0.000671711808536, -0.00231280759908, -0.0014761320781], [-0.000103865335404, -7.73348656367e-05, -0.00100293615833, -0.00373801030219, -0.00221327575855, 0.0184061415493, -0.0104965679348, 0.000700566917658, -0.00312340026721, 0.00223103398457, -0.00125034665689, 0.000846572336741, 0.00217091594823], [1.22607143567e-05, 0.000285024667392, 0.000136192145874, -0.000158727896633, 0.000336823723046, -0.0104965679348, 0.0229893047363, -0.00830018334091, 0.000767806603108, -0.00184388179332, 0.000565188529436, 0.00304197682999, -0.00576709350571], [-1.77298034032e-06, 0.000458585069282, 0.00223440048285, -0.00206067459658, -0.00169383641332, 0.000700566917658, -0.00830018334091, 0.0223514474928, -0.00646943598986, -0.0040972577408, 0.00330000114627, -0.00582855427638, 0.00342051452026], [-0.000300489715301, -3.20615436067e-05, -0.00266717700288, 0.00167420925573, -0.00113510433584, -0.00312340026721, 0.000767806603108, -0.00646943598986, 0.0227440521121, -0.00952452048659, -0.00277493777685, 0.00517036300153, -0.00186516926624], [0.000438122049673, -0.00111988582648, 0.00137740559876, -0.000160684183356, 0.00143750803545, 0.00223103398457, -0.00184388179332, -0.0040972577408, -0.00952452048659, 0.0340460836887, -0.0138012086973, 0.00036132891546, -0.00179225672036], [4.05125911129e-06, -0.000921486178413, -0.00305978558026, 0.00249890075065, 0.000671711808536, -0.00125034665689, 0.000565188529436, 0.00330000114627, -0.00277493777685, -0.0138012086973, 0.0382749885321, -0.0170333608985, 0.00183239905164], [2.79502837657e-05, 0.00118792371359, 0.000913722964469, -0.00316222081892, -0.00231280759908, 0.000846572336741, 0.00304197682999, -0.00582855427638, 0.00517036300153, 0.00036132891546, -0.0170333608985, 0.0341688469052, -0.0155228795484], [-6.8155444751e-05, 2.34606504819e-05, -0.000112375419121, 0.000314195844112, -0.0014761320781, 0.00217091594823, -0.00576709350571, 0.00342051452026, -0.00186516926624, -0.00179225672036, 0.00183239905164, -0.0155228795484, 0.0257377550006]]}, "spectral_contrast_coeffs": {"dmean": [0.0532037355006, 0.041525810957, 0.0330281332135, 0.025863353163, 0.0196765363216, 0.0155994463712], "dmean2": [0.0853286460042, 0.0685101225972, 0.0508987978101, 0.0408772453666, 0.0311046391726, 0.0254301987588], "dvar": [0.00276394584216, 0.00125024653971, 0.00074996217154, 0.000461359973997, 0.000280448497506, 0.000245707429713], "dvar2": [0.00678966706619, 0.00333122140728, 0.00169276539236, 0.00106762035284, 0.000664591905661, 0.000601475941949], "max": [-0.322297096252, -0.492503225803, -0.540956497192, -0.596407353878, -0.644438505173, -0.639690041542], "mean": [-0.658203303814, -0.710238814354, -0.752392053604, -0.77823138237, -0.80359941721, -0.775616168976], "median": [-0.669789433479, -0.708844423294, -0.756714344025, -0.779694080353, -0.804756939411, -0.778526246548], "min": [-0.974758446217, -0.98241776228, -0.976176321507, -0.970021724701, -0.963262438774, -0.961849570274], "var": [0.00775892147794, 0.00428498256952, 0.00397374806926, 0.00231494451873, 0.00129832909442, 0.00113840599079]}, "spectral_contrast_valleys": {"dmean": [0.483889937401, 0.407994955778, 0.359581619501, 0.335878252983, 0.354289412498, 0.407227188349], "dmean2": [0.748627185822, 0.621696352959, 0.524173498154, 0.470297336578, 0.454357594252, 0.453417420387], "dvar": [0.28555226326, 0.226144224405, 0.181513816118, 0.188523128629, 0.238943129778, 0.322736233473], "dvar2": [0.494142919779, 0.38089376688, 0.279224067926, 0.273685246706, 0.392871916294, 0.504447340965], "max": [-4.93372583389, -4.71303510666, -5.57082653046, -6.17982339859, -6.21461296