{"lowlevel": {"average_loudness": 0.242698416114, "barkbands_crest": {"dmean": 2.04791545868, "dmean2": 3.20044398308, "dvar": 3.75777482986, "dvar2": 9.65168094635, "max": 26.0052242279, "mean": 12.2346963882, "median": 11.3518314362, "min": 3.19724822044, "var": 20.8244628906}, "barkbands_flatness_db": {"dmean": 0.0151000637561, "dmean2": 0.0232604369521, "dvar": 0.000243630522164, "dvar2": 0.000575569632929, "max": 0.436043262482, "mean": 0.216723740101, "median": 0.210377663374, "min": 0.0237526670098, "var": 0.00318691763096}, "barkbands_kurtosis": {"dmean": 2.83189058304, "dmean2": 4.4773478508, "dvar": 41.2335929871, "dvar2": 100.472480774, "max": 214.876083374, "mean": 6.18390035629, "median": 3.53890490532, "min": -1.84222364426, "var": 107.161132812}, "barkbands_skewness": {"dmean": 0.443314164877, "dmean2": 0.688357710838, "dvar": 0.260650128126, "dvar2": 0.646273195744, "max": 13.8781728745, "mean": 1.69433414936, "median": 1.57337379456, "min": -2.43341040611, "var": 1.46145641804}, "barkbands_spread": {"dmean": 2.09108662605, "dmean2": 3.28181362152, "dvar": 9.80201721191, "dvar2": 23.4189796448, "max": 91.6987762451, "mean": 9.65481948853, "median": 8.37981128693, "min": 0.737186968327, "var": 44.5341758728}, "dissonance": {"dmean": 0.030241061002, "dmean2": 0.0511889643967, "dvar": 0.000883052474819, "dvar2": 0.00254018814303, "max": 0.5, "mean": 0.423402488232, "median": 0.432218492031, "min": 0.1049259305, "var": 0.00245140353218}, "dynamic_complexity": 7.59832572937, "erbbands_crest": {"dmean": 2.50855278969, "dmean2": 4.02283143997, "dvar": 5.76968240738, "dvar2": 15.2696380615, "max": 31.757516861, "mean": 12.0720415115, "median": 10.8856277466, "min": 2.64415097237, "var": 29.5262470245}, "erbbands_flatness_db": {"dmean": 0.0130611145869, "dmean2": 0.0199404098094, "dvar": 0.000174102126039, "dvar2": 0.00039323544479, "max": 0.473550766706, "mean": 0.236654341221, "median": 0.230247318745, "min": 0.0423339344561, "var": 0.00378935900517}, "erbbands_kurtosis": {"dmean": 1.32344353199, "dmean2": 2.10237336159, "dvar": 4.19020748138, "dvar2": 10.1307601929, "max": 35.9286270142, "mean": 1.88577401638, "median": 0.534247756004, "min": -1.73084759712, "var": 17.5663146973}, "erbbands_skewness": {"dmean": 0.353644818068, "dmean2": 0.554358065128, "dvar": 0.11755169183, "dvar2": 0.285069257021, "max": 4.99486398697, "mean": 0.784659266472, "median": 0.748597323895, "min": -4.07605266571, "var": 0.92844581604}, "erbbands_spread": {"dmean": 4.05443811417, "dmean2": 6.38889122009, "dvar": 16.5735263824, "dvar2": 39.5857620239, "max": 95.7581100464, "mean": 22.8019428253, "median": 20.8539714813, "min": 1.50018525124, "var": 172.808776855}, "hfc": {"dmean": 1.90984368324, "dmean2": 2.85636758804, "dvar": 12.2621879578, "dvar2": 25.5408878326, "max": 82.8880462646, "mean": 9.77262687683, "median": 5.33655261993, "min": 1.18508247301e-16, "var": 120.463287354}, "melbands_crest": {"dmean": 2.38888311386, "dmean2": 3.77616405487, "dvar": 5.36937141418, "dvar2": 14.3266954422, "max": 39.264087677, "mean": 15.0227851868, "median": 14.0274066925, "min": 1.75403165817, "var": 28.0763168335}, "melbands_flatness_db": {"dmean": 0.0154169434682, "dmean2": 0.0233339369297, "dvar": 0.000238813154283, "dvar2": 0.00054343737429, "max": 0.553628981113, "mean": 0.291332572699, "median": 0.282347023487, "min": 0.00583253381774, "var": 0.00490715960041}, "melbands_kurtosis": {"dmean": 3.9864923954, "dmean2": 6.23114776611, "dvar": 45.508556366, "dvar2": 107.983146667, "max": 192.431838989, "mean": 10.2161931992, "median": 6.30592870712, "min": -1.78831863403, "var": 192.087783813}, "melbands_skewness": {"dmean": 0.493811607361, "dmean2": 0.761759519577, "dvar": 0.268515706062, "dvar2": 0.657958388329, "max": 13.0941543579, "mean": 2.10604667664, "median": 1.9265049696, "min": -1.83621275425, "var": 1.97742676735}, "melbands_spread": {"dmean": 2.71995377541, "dmean2": 4.28888177872, "dvar": 17.0377559662, "dvar2": 41.5691299438, "max": 138.840576172, "mean": 12.0911092758, "median": 10.3043479919, "min": 0.843695104122, "var": 80.6143188477}, "pitch_salience": {"dmean": 0.0520975403488, "dmean2": 0.0823124945164, "dvar": 0.00219254731201, "dvar2": 0.00568126840517, "max": 0.893201649189, "mean": 0.488417834044, "median": 0.494137197733, "min": 0.0464487969875, "var": 0.0130560863763}, "silence_rate_20dB": {"dmean": 0, "dmean2": 0, "dvar": 0, "dvar2": 0, "max": 1, "mean": 1, "median": 1, "min": 1, "var": 0}, "silence_rate_30dB": {"dmean": 0.0035618878901, "dmean2": 0.00712504470721, "dvar": 0.0035495061893, "dvar2": 0.00885476265103, "max": 1, "mean": 0.995548427105, "median": 1, "min": 0, "var": 0.00443137995899}, "silence_rate_60dB": {"dmean": 0.0217275153846, "dmean2": 0.0434627719223, "dvar": 0.0212558228523, "dvar2": 0.0454935915768, "max": 1, "mean": 0.30698004365, "median": 0, "min": 0, "var": 0.212743148208}, "spectral_centroid": {"dmean": 105.537246704, "dmean2": 166.096008301, "dvar": 28796.3984375, "dvar2": 53751.96875, "max": 11246.6259766, "mean": 840.471435547, "median": 711.262817383, "min": 163.076904297, "var": 243998.625}, "spectral_complexity": {"dmean": 1.31148707867, "dmean2": 2.2144639492, "dvar": 1.82829248905, "dvar2": 4.82834815979, "max": 35, "mean": 10.1675567627, "median": 9, "min": 0, "var": 46.4685935974}, "spectral_decrease": {"dmean": 9.87412374087e-10, "dmean2": 1.49103929203e-09, "dvar": 2.5905638288e-18, "dvar2": 6.30433429111e-18, "max": 4.29449666889e-22, "mean": -5.19928855525e-09, "median": -2.93135804519e-09, "min": -3.52210669519e-08, "var": 3.39088828569e-17}, "spectral_energy": {"dmean": 0.00388138205744, "dmean2": 0.00585887767375, "dvar": 4.01903780585e-05, "dvar2": 9.69845277723e-05, "max": 0.138955160975, "mean": 0.0205096416175, "median": 0.0115500595421, "min": 1.05841749876e-20, "var": 0.000524092407431}, "spectral_energyband_high": {"dmean": 1.48414874275e-05, "dmean2": 2.45821647695e-05, "dvar": 1.41379663532e-09, "dvar2": 3.6035239237e-09, "max": 0.00259373662993, "mean": 5.74462355871e-05, "median": 1.79597846e-05, "min": 7.83692480421e-21, "var": 2.80990040125e-08}, "spectral_energyband_low": {"dmean": 0.000975431059487, "dmean2": 0.00143641780596, "dvar": 4.31931630374e-06, "dvar2": 1.06454281195e-05, "max": 0.0830246210098, "mean": 0.00427750265226, "median": 0.000801883114036, "min": 1.7342660506e-23, "var": 6.36665572529e-05}, "spectral_energyband_middle_high": {"dmean": 0.000723778619431, "dmean2": 0.00109623896424, "dvar": 2.41541147261e-06, "dvar2": 5.01642671225e-06, "max": 0.0488863252103, "mean": 0.00243761879392, "median": 0.00110484613106, "min": 1.39219747751e-21, "var": 1.57485937962e-05}, "spectral_energyband_middle_low": {"dmean": 0.00338444998488, "dmean2": 0.00513940071687, "dvar": 3.43587271345e-05, "dvar2": 8.5046987806e-05, "max": 0.129103213549, "mean": 0.0150524275377, "median": 0.00813601911068, "min": 2.34973365647e-22, "var": 0.000315353623591}, "spectral_entropy": {"dmean": 0.107619360089, "dmean2": 0.165747419, "dvar": 0.0113863637671, "dvar2": 0.0263083893806, "max": 9.80316543579, "mean": 6.57544803619, "median": 6.58739566803, "min": 4.77055454254, "var": 0.272602796555}, "spectral_flux": {"dmean": 0.0100456122309, "dmean2": 0.0166996177286, "dvar": 0.000193554820726, "dvar2": 0.00051229307428, "max": 0.217372432351, "mean": 0.0399083979428, "median": 0.0332154110074, "min": 1.04283838509e-10, "var": 0.000979869859293}, "spectral_kurtosis": {"dmean": 4.844145298, "dmean2": 8.54326534271, "dvar": 40.2722587585, "dvar2": 120.142456055, "max": 161.358215332, "mean": 16.1187934875, "median": 10.8328800201, "min": -1.18253207207, "var": 357.912597656}, "spectral_rms": {"dmean": 0.000365876767319, "dmean2": 0.000544045411516, "dvar": 2.07717491207e-07, "dvar2": 4.79261984765e-07, "max": 0.0116432812065, "mean": 0.00368003454059, "median": 0.00335683627054, "min": 3.21341325944e-12, "var": 6.46680155114e-06}, "spectral_rolloff": {"dmean": 161.092315674, "dmean2": 284.044708252, "dvar": 158096.6875, "dvar2": 336523.5, "max": 19573.6816406, "mean": 877.90020752, "median": 710.595703125, "min": 21.533203125, "var": 999657.6875}, "spectral_skewness": {"dmean": 0.378687858582, "dmean2": 0.663270831108, "dvar": 0.150564342737, "dvar2": 0.448938518763, "max": 10.3410482407, "mean": 2.69466137886, "median": 2.36950802803, "min": -0.0303987897933, "var": 1.81005108356}, "spectral_spread": {"dmean": 229810.453125, "dmean2": 380975.5, "dvar": 472057479168, "dvar2": 549456117760, "max": 47666856, "mean": 2722721.25, "median": 2588190.25, "min": 517359.125, "var": 1462057566210.0}, "spectral_strongpeak": {"dmean": 0.34331920743, "dmean2": 0.5605930686, "dvar": 0.311678439379, "dvar2": 0.723893344402, "max": 7.45097923279, "mean": 1.03893601894, "median": 0.719195365906, "min": 0, "var": 1.19280922413}, "zerocrossingrate": {"dmean": 0.00401842873544, "dmean2": 0.00522819254547, "dvar": 6.65406987537e-05, "dvar2": 0.000124374346342, "max": 0.50244140625, "mean": 0.0355432406068, "median": 0.03173828125, "min": 0.00439453125, "var": 0.000668946944643}, "barkbands": {"dmean": [2.23114602704e-05, 0.000380341953132, 0.00047529101721, 0.000855530670378, 0.000830526696518, 0.00143936497625, 0.000818932428956, 0.000719549541827, 0.000900029495824, 0.000205068208743, 0.000369768327801, 0.000204309719265, 0.000119786142022, 9.63153433986e-05, 0.000101216923213, 7.98200635472e-05, 5.07010227011e-05, 3.97047042497e-05, 2.70184755209e-05, 2.17124907067e-05, 8.74248507898e-06, 3.26561394104e-06, 2.63629908659e-06, 1.07273183403e-06, 5.2318341659e-07, 2.88060363118e-07, 2.06945031778e-07], "dmean2": [3.88730150007e-05, 0.000571390148252, 0.000634280790109, 0.00140892062336, 0.0012394284131, 0.00233161426149, 0.00117046234664, 0.000998807023279, 0.0012843622826, 0.000313356664265, 0.000539284548722, 0.000330061215209, 0.000194802138139, 0.000159903880558, 0.000169571110746, 0.00013689424668, 8.71542724781e-05, 6.7861059506e-05, 4.68588805234e-05, 3.70436937374e-05, 1.50693376781e-05, 5.55558881388e-06, 4.28556313636e-06, 1.59818569045e-06, 7.96738163444e-07, 4.06533047226e-07, 3.27956001911e-07], "dvar": [3.03975546956e-08, 1.27618272927e-06, 1.23324321066e-06, 4.98582357977e-06, 4.65516859549e-06, 9.58663622441e-06, 4.64495224151e-06, 4.88373598273e-06, 8.34711590869e-06, 4.97555390666e-07, 1.02033493476e-06, 3.5031519019e-07, 1.30267196141e-07, 1.59934387511e-07, 7.08310565756e-08, 4.20601260487e-08, 1.22468826191e-08, 7.53284101762e-09, 6.23144957856e-09, 4.51586279482e-09, 6.1982263766e-10, 1.12451478684e-10, 2.37529718117e-10, 2.80033982114e-11, 4.86399158797e-12, 6.79530346923e-12, 2.00783261545e-11], "dvar2": [7.99436605803e-08, 3.20786352859e-06, 2.96810026157e-06, 1.52946522576e-05, 1.32643881443e-05, 2.99933890346e-05, 1.05964545583e-05, 8.75757450558e-06, 1.63728600455e-05, 1.05873880329e-06, 1.83233771622e-06, 7.85075883414e-07, 2.85244652787e-07, 3.74522784341e-07, 1.5497037964e-07, 1.1415018264e-07, 3.48733948385e-08, 2.09706758625e-08, 1.79301427039e-08, 1.17153300394e-08, 1.85671555908e-09, 3.10349107524e-10, 5.79926828781e-10, 6.42421671415e-11, 1.23141254138e-11, 1.36716939853e-11, 5.40376701719e-11], "max": [0.00853457674384, 0.0474440604448, 0.0585200414062, 0.0450659170747, 0.0630680248141, 0.0619560666382, 0.0852998495102, 0.0646105036139, 0.07944291085, 0.0238746330142, 0.0392523743212, 0.0222434606403, 0.0152549706399, 0.0176549907774, 0.0138967810199, 0.00578146893531, 0.002804774791, 0.00184769334737, 0.00230307690799, 0.00239658728242, 0.00104724650737, 0.00063500815304, 0.000929599627852, 0.00030701624928, 0.00012493126269, 0.000161956049851, 0.000257707026321], "mean": [3.21122752212e-05, 0.00132957822643, 0.00162727897987, 0.00219837017357, 0.00266688363627, 0.00418784515932, 0.00213001086377, 0.00155041308608, 0.0022513566073, 0.000413613917772, 0.000792440376244, 0.000378204043955, 0.000214640997001, 0.000156740396051, 0.000157097587362, 0.000130410859128, 8.38323685457e-05, 7.0511654485e-05, 5.11008693138e-05, 4.25928774348e-05, 1.99113510462e-05, 9.37052845984e-06, 8.23274785944e-06, 4.05547416449e-06, 1.78656239314e-06, 9.2753947456e-07, 3.94468457898e-07], "median": [1.02416561276e-06, 8.72337404871e-05, 0.000201691713301, 0.00020271691028, 0.000473399762996, 0.00103988847695, 0.000407761719543, 0.000112267487566, 0.000351438560756, 8.19451379357e-05, 0.000169688748429, 0.000110330001917, 5.43486967217e-05, 4.38350325567e-05, 4.28532039223e-05, 3.50841874024e-05, 3.0331324524e-05, 2.70582295343e-05, 1.53401069838e-05, 1.15919283417e-05, 5.42337602383e-06, 2.1387822926e-06, 1.27658131532e-06, 5.75318267693e-07, 4.6112563723e-07, 1.51859609332e-07, 5.92381468323e-08], "min": [2.99377269203e-24, 1.0464329049e-23, 3.70521182979e-24, 2.19883893835e-24, 4.63738572675e-23, 4.49598777374e-23, 1.12660744194e-23, 3.86281109252e-23, 1.92524438482e-23, 7.26482265566e-23, 9.75088182641e-23, 8.29489071997e-23, 9.1170522839e-23, 3.80651040526e-23, 9.85621621427e-23, 6.02479074173e-23, 1.02622119988e-22, 2.2212139524e-22, 1.98284227495e-22, 2.6445783084e-22, 4.54013508057e-22, 5.08528214229e-22, 4.34417748787e-22, 9.30742474139e-22, 1.26321303971e-21, 1.55605022365e-21, 2.45407140378e-21], "var": [3.70368056224e-08, 1.40831571116e-05, 1.61991974892e-05, 1.98773395823e-05, 2.62907742581e-05, 5.17076987308e-05, 2.44832335738e-05, 1.836730371e-05, 3.66111962649e-05, 1.84238319889e-06, 6.45233922114e-06, 7.88867623669e-07, 3.59042815035e-07, 2.46313305752e-07, 1.29474798882e-07, 8.92367708616e-08, 2.3149855366e-08, 1.4008526783e-08, 1.25882841928e-08, 9.33649779711e-09, 2.53853671417e-09, 1.03807196172e-09, 1.72025371725e-09, 4.03453381814e-10, 4.86446820325e-11, 2.53395759237e-11, 1.72873711873e-11]}, "erbbands": {"dmean": [0.00766474520788, 0.0988463833928, 0.412965416908, 1.6354855299, 2.54372882843, 3.60935544968, 5.08554649353, 15.4014148712, 8.82356929779, 14.4517974854, 15.4978618622, 19.5621032715, 12.2802944183, 11.8691072464, 8.86537265778, 6.0163526535, 5.50298500061, 4.56926059723, 4.11602783203, 4.22650671005, 4.69071531296, 3.3269777298, 2.31985521317, 1.39301979542, 1.39997243881, 0.655104696751, 0.499427944422, 0.175478249788, 0.148045346141, 0.069687128067, 0.0740104988217, 0.0334119461477, 0.0148715442047, 0.0082524670288, 0.00293505191803, 0.00129147456028, 0.000574722187594, 0.000193077197764, 4.00870703743e-05, 5.58362489755e-06], "dmean2": [0.0109197916463, 0.15060120821, 0.582850277424, 2.53831648827, 4.21292209625, 5.14457941055, 6.77369403839, 26.2210483551, 12.9755439758, 21.0477428436, 21.5345935822, 27.6694736481, 18.0847148895, 17.4769458771, 13.2940816879, 9.58987617493, 8.81076431274, 7.48822402954, 6.89111948013, 7.1585392952, 8.07503318787, 5.70338249207, 3.96048235893, 2.37036514282, 2.40364956856, 1.12396299839, 0.859910666943, 0.303461939096, 0.250650703907, 0.112811915576, 0.119577430189, 0.0518661402166, 0.02317815274, 0.0130274062976, 0.004508998245, 0.00196116557345, 0.000832234974951, 0.000289501738735, 6.40942307655e-05, 8.46823058964e-06], "dvar": [0.000575452111661, 0.0825751721859, 0.933867871761, 15.9372596741, 44.497631073, 90.8275146484, 102.894355774, 1400.44226074, 545.357971191, 1336.38720703, 1878.33654785, 5161.49365234, 1084.26904297, 896.848815918, 615.547180176, 349.997070312, 254.969299316, 555.407287598, 79.2604370117, 121.513389587, 169.023147583, 52.7980957031, 27.461233139, 12.2714633942, 16.7254905701, 2.32605314255, 2.18848371506, 0.248483508825, 0.21182821691, 0.0709102675319, 0.254930108786, 0.0311651192605, 0.00568828964606, 0.00117978604976, 0.000170585597516, 5.28385317011e-05, 4.79203517898e-05, 1.18933548947e-05, 7.1738816132e-07, 8.38882685539e-10], "dvar2": [0.00121741660405, 0.211560308933, 2.18849444389, 45.6383857727, 131.649932861, 237.217422485, 182.391525269, 4639.75341797, 1174.39880371, 3325.74951172, 3522.57324219, 9351.68945312, 2247.5390625, 1503.35266113, 1201.11218262, 799.848388672, 539.169006348, 1307.19934082, 200.89982605, 287.034454346, 462.624206543, 150.193771362, 76.5309753418, 35.0440597534, 45.7661743164, 6.31562614441, 6.70732927322, 0.725915491581, 0.596498191357, 0.162495791912, 0.607401192188, 0.0719019770622, 0.0139420935884, 0.00310953170992, 0.00040845957119, 0.000111286120955, 0.000106907777081, 2.98197974189e-05, 1.95544203052e-06, 2.15495421507e-09], "max": [1.70397055149, 10.1128616333, 51.5313415527, 97.7661972046, 158.345443726, 372.489746094, 500.702514648, 614.862670898, 1284.79492188, 1157.11560059, 1194.1583252, 2280.33081055, 1037.34301758, 1478.68408203, 1038.63964844, 827.095397949, 586.38659668, 1061.92333984, 288.845611572, 526.038513184, 379.287750244, 156.784072876, 129.044876099, 107.675086975, 114.922225952, 41.9664459229, 58.0098457336, 27.504076004, 26.9088420868, 16.515663147, 31.9193134308, 9.45851421356, 4.59441423416, 1.77438986301, 0.770893573761, 0.409288197756, 0.42593973875, 0.202988773584, 0.0487847141922, 0.00163035688456], "mean": [0.0350239574909, 0.334889531136, 1.60322260857, 5.34589910507, 6.42573261261, 12.2522754669, 21.4981403351, 34.2582321167, 24.9825725555, 35.2471160889, 35.8071937561, 49.829498291, 29.4648265839, 25.1290416718, 21.4482536316, 12.121931076, 10.6913871765, 8.33152961731, 7.40542554855, 7.50721788406, 7.99363613129, 5.83309984207, 4.18651771545, 2.81125831604, 2.85565066338, 1.54374599457, 1.13325083256, 0.475462734699, 0.384739279747, 0.232690647244, 0.229897022247, 0.123803138733, 0.0560713931918, 0.025995016098, 0.0102090146393, 0.00446205958724, 0.00159007532056, 0.000426172628067, 8.30036515254e-05, 2.62518951786e-05], "median": [0.00155645702034, 0.0313907489181, 0.245864391327, 0.754414737225, 0.962777256966, 1.92012548447, 5.5053191185, 8.17621517181, 7.87949514389, 7.97006320953, 5.83399438858, 8.16501617432, 7.29695940018, 8.07989120483, 4.76372241974, 4.18490600586, 3.34849357605, 3.0205540657, 2.95001983643, 2.61158466339, 2.17775821686, 2.45450377464, 1.67743754387, 1.08824133873, 0.843809723854, 0.482401549816, 0.266830384731, 0.139492571354, 0.0898920744658, 0.0460433736444, 0.0363535955548, 0.0180175192654, 0.00982003286481, 0.00682063540444, 0.00221821526065, 0.000862560002133, 0.000235637475271, 6.84606784489e-05, 1.69634731719e-05, 1.45843659993e-05], "min": [4.91756753705e-22, 1.742844711e-21, 4.17301471482e-21, 5.5871773111e-21, 7.74515961656e-20, 1.19802183703e-19, 2.09715837408e-19, 4.64788857086e-19, 1.4491346132e-19, 5.53804502838e-19, 9.85028076726e-19, 6.7056275236e-19, 1.56729570935e-18, 2.66138641246e-18, 4.47370253183e-18, 2.70808882305e-18, 3.42394436684e-18, 1.69756011221e-18, 3.42413048248e-18, 6.37363300128e-18, 3.83798652053e-18, 5.55321252229e-18, 9.53339387166e-18, 8.50544825263e-18, 1.12275499289e-17, 1.38496802106e-17, 1.4687925191e-17, 1.94333561405e-17, 1.72532637335e-17, 1.19442225203e-17, 1.51234539815e-17, 1.69635420696e-17, 1.71696357735e-17, 1.28487825704e-17, 8.87614428106e-18, 4.997921214e-18, 3.43805048462e-18, 1.06558523203e-18, 3.31721268372e-19, 3.46714660144e-20], "var": [0.0156514588743, 0.73360145092, 13.8086280823, 99.5774917603, 154.034439087, 653.47845459, 1872.55236816, 3880.93017578, 3785.7980957, 4649.64648438, 7029.56005859, 24092.7070312, 4641.52685547, 4470.77978516, 4388.00390625, 792.558227539, 734.927429199, 843.163818359, 158.313796997, 232.515380859, 367.896820068, 97.7431793213, 49.6937217712, 26.6369018555, 38.008228302, 8.05791664124, 8.2108335495, 1.66605722904, 1.53792774677, 0.885238349438, 1.5672981739, 0.362227618694, 0.0809351727366, 0.0105120316148, 0.00169457122684, 0.000399873038987, 0.000106401625089, 1.38604773383e-05, 6.06705270911e-07, 1.59804192101e-09]}, "gfcc": {"mean": [-126.143119812, 133.493026733, -130.487915039, -0.00839843973517, -56.1143951416, -11.6304912567, -32.7273406982, -0.399148702621, -19.8380298615, -6.84048223495, -12.5461568832, -4.09535646439, -6.48389101028], "cov": [[18172.1191406, 1920.19714355, -1194.47766113, 575.948913574, -912.942016602, -583.372375488, -571.58416748, -384.966522217, -175.546966553, -282.914978027, 91.6188812256, -329.480529785, 37.326133728], [1920.19714355, 2227.18798828, 955.375183105, 75.1414413452, 393.045379639, -7.66364765167, -19.7742500305, -241.29524231, -92.3192367554, -42.6226234436, 163.204910278, -141.074234009, 58.7075309753], [-1194.47766113, 955.375183105, 1380.17114258, 312.532806396, 508.983886719, 292.58215332, 78.1740188599, -38.9363212585, -75.3318634033, 32.1414527893, 97.8792953491, -32.4840507507, 45.1654930115], [575.948913574, 75.1414413452, 312.532806396, 764.23626709, 276.841247559, 117.085571289, 78.5324783325, 10.5331630707, -39.1297340393, 19.0631866455, 54.2817077637, 7.21856784821, -43.7893981934], [-912.942016602, 393.045379639, 508.983886719, 276.841247559, 455.984558105, 215.737976074, 124.058456421, 30.699136734, 1.93656623363, 30.9216194153, 26.8784198761, -3.61680459976, -0.219057232141], [-583.372375488, -7.66364765167, 292.58215332, 117.085571289, 215.737976074, 307.472473145, 137.923858643, 72.7812042236, 7.89540719986, -8.05957221985, -37.3078117371, 24.8729877472, 29.4867172241], [-571.58416748, -19.7742500305, 78.1740188599, 78.5324783325, 124.058456421, 137.923858643, 218.667449951, 97.8217086792, 42.7050132751, -7.40110635757, -28.0133686066, 31.8424263, -0.0166130550206], [-384.966522217, -241.29524231, -38.9363212585, 10.5331630707, 30.699136734, 72.7812042236, 97.8217086792, 201.418029785, 87.4552459717, 26.1390113831, -26.7733325958, 23.5081558228, 11.7157611847], [-175.546966553, -92.3192367554, -75.3318634033, -39.1297340393, 1.93656623363, 7.89540719986, 42.7050132751, 87.4552459717, 138.616226196, 49.3377571106, -6.63067626953, -0.547361433506, -8.20412158966], [-282.914978027, -42.6226234436, 32.1414527893, 19.0631866455, 30.9216194153, -8.05957221985, -7.40110635757, 26.1390113831, 49.3377571106, 146.520523071, 81.4638214111, -3.66568160057, -7.07498073578], [91.6188812256, 163.204910278, 97.8792953491, 54.2817077637, 26.8784198761, -37.3078117371, -28.0133686066, -26.7733325958, -6.63067626953, 81.4638214111, 145.461898804, 20.974105835, 8.57479572296], [-329.480529785, -141.074234009, -32.4840507507, 7.21856784821, -3.61680459976, 24.8729877472, 31.8424263, 23.5081558228, -0.547361433506, -3.66568160057, 20.974105835, 110.253494263, 50.4671096802], [37.326133728, 58.7075309753, 45.1654930115, -43.7893981934, -0.219057232141, 29.4867172241, -0.0166130550206, 11.7157611847, -8.20412158966, -7.07498073578, 8.57479572296, 50.4671096802, 118.095581055]], "icov": [[0.000173864435055, -0.000429499050369, 0.000367992179235, -0.000477102643345, 0.00072748324601, -0.000502977985889, 0.000448590784799, -0.000269493320957, 2.14895571844e-05, 6.80096127326e-05, 1.3194575331e-05, 0.000217689826968, -9.37714212341e-05], [-0.000429499050369, 0.00243625999428, -0.00152566493489, 0.00153297767974, -0.00286175776273, 0.0023111985065, -0.00194790167734, 0.0019985944964, -0.00085262733046, 0.001722011948, -0.0020874813199, 0.0018500178121, -0.00129946297966], [0.000367992179235, -0.00152566493489, 0.00260553625412, -0.00115320517216, 0.000645669177175, -0.00240628630854, 0.00162060221191, -0.00100039131939, 0.00087894249009, -0.000290568685159, -0.000300806947052, 0.000446048739832, -0.000205598291359], [-0.000477102643345, 0.00153297767974, -0.00115320517216, 0.00324251945131, -0.0033377839718, 0.00164085719734, -0.00151605415158, 0.000745096884202, 0.000468258396722, 0.000497520668432, -0.00122714461759, -0.000350741524016, 0.000843383953907], [0.00072748324601, -0.00286175776273, 0.000645669177175, -0.0033377839718, 0.00949722714722, -0.00474983453751, 0.00113591935951, -0.00156303425319, 2.76897408185e-05, -0.00194019603077, 0.00162634754088, -0.000554980244488, 0.00107169582043], [-0.000502977985889, 0.0023111985065, -0.00240628630854, 0.00164085719734, -0.00474983453751, 0.0094636278227, -0.0043645570986, 0.000806965574156, 0.000272357341601, 0.000257247302216, 0.0013134580804, 0.00012357608648, -0.00202751439065], [0.000448590784799, -0.00194790167734, 0.00162060221191, -0.00151605415158, 0.00113591935951, -0.0043645570986, 0.0101660555229, -0.00403514271602, -0.00059288245393, 0.000414440233726, 0.0012895668624, -0.00290166004561, 0.00226822705008], [-0.000269493320957, 0.0019985944964, -0.00100039131939, 0.000745096884202, -0.00156303425319, 0.000806965574156, -0.00403514271602, 0.0106182899326, -0.00510999420658, 0.000365992338629, -0.000481101073092, 0.0012200998608, -0.00232736603357], [2.14895571844e-05, -0.00085262733046, 0.00087894249009, 0.000468258396722, 2.76897408185e-05, 0.000272357341601, -0.00059288245393, -0.00510999420658, 0.0128266904503, -0.00543309655041, 0.00286198873073, -0.000920946185943, 0.00144478189759], [6.80096127326e-05, 0.001722011948, -0.000290568685159, 0.000497520668432, -0.00194019603077, 0.000257247302216, 0.000414440233726, 0.000365992338629, -0.00543309655041, 0.0159906353801, -0.0112733123824, 0.00533558800817, -0.00156704336405], [1.3194575331e-05, -0.0020874813199, -0.000300806947052, -0.00122714461759, 0.00162634754088, 0.0013134580804, 0.0012895668624, -0.000481101073092, 0.00286198873073, -0.0112733123824, 0.0175096988678, -0.00775103550404, 0.00198098039255], [0.000217689826968, 0.0018500178121, 0.000446048739832, -0.000350741524016, -0.000554980244488, 0.00012357608648, -0.00290166004561, 0.0012200998608, -0.000920946185943, 0.00533558800817, -0.00775103550404, 0.0182832702994, -0.00843719113618], [-9.37714212341e-05, -0.00129946297966, -0.000205598291359, 0.000843383953907, 0.00107169582043, -0.00202751439065, 0.00226822705008, -0.00232736603357, 0.00144478189759, -0.00156704336405, 0.00198098039255, -0.00843719113618, 0.0137423444539]]}, "melbands": {"dmean": [8.92340467544e-05, 0.00017867454153, 0.000314578588586, 0.000221296810196, 0.000155188914505, 0.000314330303809, 0.000150657477207, 0.000166121593793, 0.000119298943901, 0.000137102731969, 6.12405419815e-05, 4.68341240776e-05, 3.75780473405e-05, 2.10816706385e-05, 1.50079267769e-05, 1.57391368703e-05, 8.05201125331e-06, 7.07188155502e-06, 9.22729032027e-06, 4.55006374978e-06, 5.26001940671e-06, 4.00585258831e-06, 2.04436787499e-06, 2.05185097002e-06, 1.14710428534e-06, 1.07646724246e-06, 1.19966659895e-06, 3.48838739228e-07, 4.53142916967e-07, 1.27816051076e-07, 9.40839370855e-08, 1.09881085564e-07, 5.12628446359e-08, 4.53631265884e-08, 3.89213248297e-08, 4.96597287736e-08, 1.76072294522e-08, 1.24888259734e-08, 1.06319948401e-08, 6.75642697345e-09], "dmean2": [0.000131175358547, 0.000259349500993, 0.00050627568271, 0.000338969781296, 0.000208427969483, 0.000529218988959, 0.000219977897359, 0.000237453117734, 0.000167126054293, 0.000194361622562, 9.11904207896e-05, 6.90968736308e-05, 5.51913472009e-05, 3.38594400091e-05, 2.37897747866e-05, 2.53530615737e-05, 1.33371841002e-05, 1.19762471513e-05, 1.54369445227e-05, 7.750199984e-06, 9.08019683266e-06, 6.88802174409e-06, 3.49531569555e-06, 3.52305892193e-06, 1.96756718651e-06, 1.85458839042e-06, 2.04000184567e-06, 5.99041413807e-07, 7.79594813594e-07, 2.17727617269e-07, 1.63446216561e-07, 1.88864547113e-07, 8.30623818615e-08, 7.62994787351e-08, 6.25019822564e-08, 7.87007081726e-08, 2.83340728657e-08, 1.98630800696e-08, 1.72749423655e-08, 1.08331015269e-08], "dvar": [7.32336218334e-08, 1.75449599737e-07, 6.13255963344e-07, 3.51495231143e-07, 8.44656469212e-08, 5.39407778888e-07, 1.34792031758e-07, 1.74332200231e-07, 1.15216160168e-07, 2.49094654237e-07, 2.76483973494e-08, 1.33980195827e-08, 1.31397319691e-08, 3.20950555022e-09, 4.58744420229e-09, 2.86455104082e-09, 1.66828972858e-09, 2.54793519616e-10, 7.78537179169e-10, 1.1128008931e-10, 2.20301790699e-10, 7.91315624138e-11, 2.0113233995e-11, 2.50107937833e-11, 1.03776926288e-11, 1.1086131145e-11, 1.70209853156e-11, 8.02675634293e-13, 1.97007622889e-12, 8.2799293409e-14, 1.16780107177e-13, 1.18777288894e-13, 3.19904896301e-14, 3.71277546196e-14, 5.48954802513e-14, 1.09239115149e-13, 1.04517589177e-14, 3.61080023371e-15, 4.61525086608e-15, 6.87419858619e-16], "dvar2": [1.73780620116e-07, 4.21560542918e-07, 1.8188273998e-06, 1.03447700894e-06, 1.57183563942e-07, 1.76421860942e-06, 2.92322823725e-07, 3.8789340806e-07, 2.28595695262e-07, 4.60261844637e-07, 5.83953827515e-08, 2.30527792411e-08, 2.51829579412e-08, 6.68786848124e-09, 9.87554216181e-09, 6.23362694796e-09, 3.96611143927e-09, 6.98445357106e-10, 1.6498014066e-09, 2.95557578411e-10, 6.12309036807e-10, 2.26839491635e-10, 5.59151579205e-11, 7.00955196664e-11, 2.96173120751e-11, 3.16996741356e-11, 4.44638423303e-11, 2.27926900444e-12, 6.0352486897e-12, 2.39026029872e-13, 3.46036540351e-13, 3.49367914156e-13, 7.42686551906e-14, 9.75262283583e-14, 1.33623594503e-13, 2.52687898817e-13, 2.57064148749e-14, 9.38622873951e-15, 1.2336166668e-14, 1.76557940394e-15], "max": [0.0139571139589, 0.0191225036979, 0.0167664382607, 0.0158655829728, 0.0130651351064, 0.0119811045006, 0.0178483016789, 0.0117696784437, 0.0122655443847, 0.0154654132202, 0.00529673835263, 0.00544301373884, 0.00501332897693, 0.00311840535142, 0.00333642913029, 0.00201130891219, 0.00181233359035, 0.000280904059764, 0.0015265335096, 0.000344228756148, 0.000413285772083, 0.000186893943464, 0.000129561231006, 9.64537030086e-05, 0.000101786550658, 0.000130851665745, 0.000147757746163, 2.08062047022e-05, 5.40245127922e-05, 1.19573605843e-05, 1.86987308552e-05, 1.61320058396e-05, 1.18807156468e-05, 9.30583337322e-06, 1.5333893316e-05, 1.81374234671e-05, 4.76535706184e-06, 3.20478557114e-06, 3.64901279681e-06, 1.12401721708e-06], "mean": [0.000349629845005, 0.000688088766765, 0.000926876615267, 0.000675316434354, 0.000667899963446, 0.00076533597894, 0.000417944334913, 0.000401493016398, 0.000263912224909, 0.000342123617884, 0.000139848867548, 9.64053033385e-05, 9.01085950318e-05, 3.86452556995e-05, 2.70887667284e-05, 2.67521063506e-05, 1.32434215629e-05, 1.13968699225e-05, 1.40433694469e-05, 7.66432913224e-06, 8.5356996351e-06, 6.32103274256e-06, 3.51532980858e-06, 3.43100464306e-06, 2.12880354411e-06, 2.02435398933e-06, 2.15438763007e-06, 7.50161120777e-07, 9.18739431199e-07, 3.13388625273e-07, 2.27869435321e-07, 2.45456391212e-07, 1.41523372577e-07, 1.24151071645e-07, 1.173636619e-07, 1.36655998517e-07, 5.66147129177e-08, 4.10296472353e-08, 3.01764409016e-08, 1.86714839145e-08], "median": [1.90540813492e-05, 0.000100343881059, 0.00013739989663, 0.000101898287539, 0.000189034035429, 0.000191746104974, 0.000123849022202, 7.20206007827e-05, 3.56960299541e-05, 4.40851945314e-05, 3.06511501549e-05, 2.73996356555e-05, 1.93237174244e-05, 9.22782783164e-06, 5.36124116479e-06, 6.05372861173e-06, 4.17584442403e-06, 3.3096689549e-06, 3.78913387067e-06, 2.19277899305e-06, 1.73899388756e-06, 2.12787153941e-06, 1.52241932483e-06, 1.17711533676e-06, 7.18223702734e-07, 5.6103579027e-07, 4.1963906483e-07, 1.75255124191e-07, 1.51276253746e-07, 9.88480337583e-08, 5.32189439184e-08, 4.1137315776e-08, 2.82176344513e-08, 1.65013815945e-08, 1.74194028091e-08, 1.74402838837e-08, 6.06222272381e-09, 6.83364209664e-09, 5.56498358506e-09, 5.07674080552e-09], "min": [3.87807215893e-24, 2.09827672509e-24, 2.36055345176e-24, 7.68036633931e-24, 7.75705781879e-24, 9.40058798367e-24, 2.40238398456e-24, 7.22783233673e-24, 6.99826908014e-24, 3.8906004534e-24, 8.38944658574e-24, 9.91294840845e-24, 1.41923350147e-23, 1.18728149518e-23, 4.24860683143e-24, 9.98665720485e-24, 2.18373698518e-24, 4.99861870365e-24, 1.00685062569e-23, 4.07470047272e-24, 4.38040300616e-24, 3.9089706573e-24, 9.25073754384e-24, 1.16317603584e-23, 6.00804117367e-24, 8.59199924493e-24, 8.00808834719e-24, 9.20605803989e-24, 9.48950838491e-24, 8.37845933106e-24, 1.18636176225e-23, 8.72860076586e-24, 1.01033297327e-23, 5.05926120245e-24, 7.70690914219e-24, 9.16049106742e-24, 9.58414723885e-24, 9.66115031839e-24, 1.01456323988e-23, 1.02474538313e-23], "var": [1.16044373044e-06, 2.4712890081e-06, 2.85255578092e-06, 1.84135751624e-06, 1.40698114137e-06, 1.75359332388e-06, 8.69824702932e-07, 6.53994675304e-07, 3.87661231116e-07, 1.145176725e-06, 1.14506370608e-07, 6.61034320615e-08, 1.00222202093e-07, 8.0418294246e-09, 1.0481643109e-08, 7.13407510844e-09, 2.38738495639e-09, 4.40361830334e-10, 1.34140487607e-09, 2.23660451271e-10, 4.89589535579e-10, 1.34569438925e-10, 3.79721774857e-11, 4.14025723428e-11, 2.02523241233e-11, 2.09416407826e-11, 3.48088363689e-11, 2.82771505863e-12, 6.13772010646e-12, 5.57100155937e-13, 5.74472002086e-13, 5.75386743459e-13, 3.04016957008e-13, 2.73594325364e-13, 3.88282315371e-13, 5.35685048837e-13, 8.54669321968e-14, 3.94850507e-14, 2.83068466806e-14, 4.33902791626e-15]}, "mfcc": {"mean": [-767.565612793, 167.01802063, -14.7479963303, 10.3655653, -9.15437030792, -10.3221054077, -6.90717601776, -1.93933320045, -4.81344270706, -4.20915842056, -5.71191358566, -3.31650400162, -3.26112413406], "cov": [[14328.3408203, 2505.40307617, -1116.77404785, 833.520019531, -353.325592041, -240.168380737, -528.03125, -330.291015625, -633.135864258, 123.00843811, -407.615661621, -344.232788086, 114.325469971], [2505.40307617, 2196.7722168, 369.693847656, 154.584411621, 220.069519043, 69.0853729248, 22.7722911835, -152.921081543, -162.165420532, 31.995344162, -91.5635375977, -162.444458008, 122.982200623], [-1116.77404785, 369.693847656, 933.213378906, 181.103652954, 385.921691895, 299.701660156, 238.830856323, 60.9157714844, 18.9538516998, 43.5246315002, -20.4700431824, -54.198135376, 88.8858032227], [833.520019531, 154.584411621, 181.103652954, 570.639465332, 260.358825684, 159.602264404, 109.857170105, 25.0931873322, -72.9706954956, 75.3418426514, 21.4139709473, -27.3356628418, 85.9837112427], [-353.325592041, 220.069519043, 385.921691895, 260.358825684, 415.509674072, 228.851730347, 167.782836914, 59.7281227112, 32.1554641724, 60.426815033, 12.4047698975, -6.34801244736, 69.9530410767], [-240.168380737, 69.0853729248, 299.701660156, 159.602264404, 228.851730347, 308.084228516, 176.952789307, 89.4894180298, 26.2298164368, 49.6930160522, -15.8902950287, -28.7741088867, 28.0464878082], [-528.03125, 22.7722911835, 238.830856323, 109.857170105, 167.782836914, 176.952789307, 235.138153076, 114.841239929, 63.8312454224, 27.9713859558, 14.3390626907, 5.14390993118, 26.2992763519], [-330.291015625, -152.921081543, 60.9157714844, 25.0931873322, 59.7281227112, 89.4894180298, 114.841239929, 241.72114563, 151.891571045, 7.54335784912, -7.08986330032, 42.7952232361, -34.0558700562], [-633.135864258, -162.165420532, 18.9538516998, -72.9706954956, 32.1554641724, 26.2298164368, 63.8312454224, 151.891571045, 244.396499634, 36.5583229065, 14.7350111008, 67.4911804199, -38.5862770081], [123.00843811, 31.995344162, 43.5246315002, 75.3418426514, 60.426815033, 49.6930160522, 27.9713859558, 7.54335784912, 36.5583229065, 136.3331604, 57.6483192444, -6.33478689194, 24.8810386658], [-407.615661621, -91.5635375977, -20.4700431824, 21.4139709473, 12.4047698975, -15.8902950287, 14.3390626907, -7.08986330032, 14.7350111008, 57.6483192444, 158.238479614, 75.5092468262, -1.43022608757], [-344.232788086, -162.444458008, -54.198135376, -27.3356628418, -6.34801244736, -28.7741088867, 5.14390993118, 42.7952232361, 67.4911804199, -6.33478689194, 75.5092468262, 150.287216187, 7.0985751152], [114.325469971, 122.982200623, 88.8858032227, 85.9837112427, 69.9530410767, 28.0464878082, 26.2992763519, -34.0558700562, -38.5862770081, 24.8810386658, -1.43022608757, 7.0985751152, 157.199081421]], "icov": [[0.000207226039493, -0.000260924105532, 0.000301153224427, -0.000392630521674, 0.000265182898147, -9.76810988504e-05, 0.000266945688054, -0.000222725226195, 0.000415324000642, -0.000587291782722, 0.000734035507776, -0.000309144234052, 0.000119947457279], [-0.000260924105532, 0.000906683737412, -0.000527995231096, 0.000535390281584, -0.000648226006888, 0.000381197227398, -0.000358066201443, 0.000476970919408, -0.000333812407916, 0.000562594505027, -0.000675683491863, 0.000740595220122, -0.000340756669175], [0.000301153224427, -0.000527995231096, 0.00257090153173, -0.00016389763914, -0.00098804559093, -0.000903425505385, -0.000480337213958, -0.000106127983599, 0.000520075671375, -0.000456418842077, 0.000886975903995, 0.000164634082466, -0.000311215379043], [-0.000392630521674, 0.000535390281584, -0.00016389763914, 0.00388255133294, -0.00247081276029, 0.000213004648685, -0.000792777631432, -0.000708792940713, 0.00128431350458, -0.00025959010236, -0.00131247250829, 0.000601672392804, -0.000806483381893], [0.000265182898147, -0.000648226006888, -0.00098804559093, -0.00247081276029, 0.00703696068376, -0.00257978192531, -0.000152404376422, 0.000610666058492, -0.00115560251288, -0.000443097378593, 0.000479239533888, -0.000983435544185, -0.000453700893559], [-9.76810988504e-05, 0.000381197227398, -0.000903425505385, 0.000213004648685, -0.00257978192531, 0.00860301963985, -0.00389017467387, -0.00118845002726, 0.00168305716943, -0.00237884907983, 0.00187582382932, 6.62389866193e-05, 0.000977306626737], [0.000266945688054, -0.000358066201443, -0.000480337213958, -0.000792777631432, -0.000152404376422, -0.00389017467387, 0.0106823230162, -0.00336268637329, -0.00056692113867, 0.00113944511395, -0.00184227281716, 0.00103945774026, -0.00134575203992], [-0.000222725226195, 0.000476970919408, -0.000106127983599, -0.000708792940713, 0.000610666058492, -0.00118845002726, -0.00336268637329, 0.0099184056744, -0.00554009992629, 0.00172192428727, 0.000710999011062, -0.000931068323553, 0.00130422692746], [0.000415324000642, -0.000333812407916, 0.000520075671375, 0.00128431350458, -0.00115560251288, 0.00168305716943, -0.00056692113867, -0.00554009992629, 0.0111282002181, -0.00624073296785, 0.00430073495954, -0.0046356045641, 0.00203890004195], [-0.000587291782722, 0.000562594505027, -0.000456418842077, -0.00025959010236, -0.000443097378593, -0.00237884907983, 0.00113944511395, 0.00172192428727, -0.00624073296785, 0.0153441671282, -0.00955497659743, 0.00644636852667, -0.00314746680669], [0.000734035507776, -0.000675683491863, 0.000886975903995, -0.00131247250829, 0.000479239533888, 0.00187582382932, -0.00184227281716, 0.000710999011062, 0.00430073495954, -0.00955497659743, 0.0159836895764, -0.00924658123404, 0.0032564077992], [-0.000309144234052, 0.000740595220122, 0.000164634082466, 0.000601672392804, -0.000983435544185, 6.62389866193e-05, 0.00103945774026, -0.000931068323553, -0.0046356045641, 0.00644636852667, -0.00924658123404, 0.0142858093604, -0.00361395301297], [0.000119947457279, -0.000340756669175, -0.000311215379043, -0.000806483381893, -0.000453700893559, 0.000977306626737, -0.00134575203992, 0.00130422692746, 0.00203890004195, -0.00314746680669, 0.0032564077992, -0.00361395301297, 0.00888449698687]]}, "spectral_contrast_coeffs": {"dmean": [0.0356819145381, 0.0379604436457, 0.0339328534901, 0.0267145205289, 0.0191434491426, 0.0122040770948], "dmean2": [0.0582572557032, 0.0613109059632, 0.053959518671, 0.0444273166358, 0.032103586942, 0.0209336839616], "dvar": [0.000842797744554, 0.00100630021188, 0.000759498099796, 0.000478938338347, 0.000235448576859, 9.73591158981e-05], "dvar2": [0.00232138624415, 0.00261165574193, 0.00186065491289, 0.00130259792786, 0.000641987950075, 0.000274973339401], "max": [-0.264760524035, -0.41497913003, -0.389139562845, -0.514545142651, -0.565412998199, -0.630200028419], "mean": [-0.618367671967, -0.666092991829, -0.7073366642, -0.731651365757, -0.736300289631, -0.770488917828], "median": [-0.627747476101, -0.658662557602, -0.71183693409, -0.727795541286, -0.730581462383, -0.761486411095], "min": [-0.953741431236, -0.97195070982, -0.980596423149, -0.96931374073, -0.962167084217, -0.959802150726], "var": [0.0136048635468, 0.00965787284076, 0.00845893099904, 0.00526110175997, 0.00480635464191, 0.00242125149816]}, "spectral_contrast_valleys": {"dmean": [0.327948063612, 0.29052349925, 0.254583060741, 0.203093409538, 0.132995471358, 0.0982970371842], "dmean2": [0.538998246193, 0.471206635237, 0.416699916124, 0.335949033499, 0.219531282783, 0.158857524395], "dvar": [0.0901372954249, 0.0858188867569, 0.0754554495215, 0.060913514345