{"lowlevel": {"average_loudness": 0.894725322723, "barkbands_crest": {"dmean": 1.80467045307, "dmean2": 2.784116745, "dvar": 4.74812507629, "dvar2": 12.0496025085, "max": 26.6427936554, "mean": 11.7421417236, "median": 11.1012954712, "min": 3.87297987938, "var": 13.920788765}, "barkbands_flatness_db": {"dmean": 0.0341534949839, "dmean2": 0.0394335985184, "dvar": 0.00124737469014, "dvar2": 0.00247819931246, "max": 0.548059999943, "mean": 0.25191628933, "median": 0.244965851307, "min": 0.0494894832373, "var": 0.00916032772511}, "barkbands_kurtosis": {"dmean": 8.37484645844, "dmean2": 11.6078586578, "dvar": 221.671463013, "dvar2": 421.432830811, "max": 268.896331787, "mean": 18.2701587677, "median": 9.14197540283, "min": -1.89148342609, "var": 717.697875977}, "barkbands_skewness": {"dmean": 0.707150101662, "dmean2": 0.985046625137, "dvar": 0.844321548939, "dvar2": 1.7646061182, "max": 14.8354759216, "mean": 2.78048205376, "median": 2.34805583954, "min": -8.58523654938, "var": 3.45693540573}, "barkbands_spread": {"dmean": 3.09737896919, "dmean2": 4.45347118378, "dvar": 33.9890785217, "dvar2": 80.317024231, "max": 125.090194702, "mean": 9.11545372009, "median": 6.40103149414, "min": 0.386646658182, "var": 91.2134780884}, "dissonance": {"dmean": 0.0260236412287, "dmean2": 0.042368542403, "dvar": 0.000760745781008, "dvar2": 0.00196797517128, "max": 0.500000119209, "mean": 0.425114572048, "median": 0.438466012478, "min": 0.124671027064, "var": 0.00299329916015}, "dynamic_complexity": 3.34732842445, "erbbands_crest": {"dmean": 1.69531345367, "dmean2": 2.56944775581, "dvar": 4.10218763351, "dvar2": 9.84961032867, "max": 28.5349731445, "mean": 10.2992229462, "median": 9.37727355957, "min": 2.19778227806, "var": 19.8224906921}, "erbbands_flatness_db": {"dmean": 0.0304822921753, "dmean2": 0.0359602868557, "dvar": 0.00109985121526, "dvar2": 0.00216913060285, "max": 0.44084495306, "mean": 0.197573781013, "median": 0.199935495853, "min": 0.0161337926984, "var": 0.00600990699604}, "erbbands_kurtosis": {"dmean": 1.88644850254, "dmean2": 2.56309986115, "dvar": 13.3348331451, "dvar2": 24.2840747833, "max": 59.0922660828, "mean": 3.08310747147, "median": 0.520446300507, "min": -1.76628446579, "var": 49.6181335449}, "erbbands_skewness": {"dmean": 0.392414599657, "dmean2": 0.552345693111, "dvar": 0.249097511172, "dvar2": 0.483969420195, "max": 5.81101369858, "mean": 1.14399409294, "median": 0.941727519035, "min": -1.65235948563, "var": 1.33423566818}, "erbbands_spread": {"dmean": 7.06643438339, "dmean2": 9.46242332458, "dvar": 107.653923035, "dvar2": 205.783447266, "max": 160.303756714, "mean": 29.3862133026, "median": 26.9162044525, "min": 2.28754711151, "var": 376.470977783}, "hfc": {"dmean": 3.58872103691, "dmean2": 5.08295297623, "dvar": 32.6525230408, "dvar2": 72.2419967651, "max": 71.3489379883, "mean": 13.1122350693, "median": 10.437787056, "min": 1.23341007017e-16, "var": 118.317321777}, "melbands_crest": {"dmean": 1.94970166683, "dmean2": 3.00617408752, "dvar": 5.55940485001, "dvar2": 13.8314561844, "max": 33.8004379272, "mean": 15.3873100281, "median": 15.2448263168, "min": 2.1089451313, "var": 17.2098636627}, "melbands_flatness_db": {"dmean": 0.0384791903198, "dmean2": 0.0439837686718, "dvar": 0.00160845811479, "dvar2": 0.00318622263148, "max": 0.706832826138, "mean": 0.379835128784, "median": 0.374702215195, "min": 0.0051417700015, "var": 0.012050489895}, "melbands_kurtosis": {"dmean": 11.5439872742, "dmean2": 15.8665428162, "dvar": 519.938354492, "dvar2": 1085.17089844, "max": 434.926605225, "mean": 27.7889614105, "median": 13.8848876953, "min": -1.48147928715, "var": 1823.67724609}, "melbands_skewness": {"dmean": 0.700617551804, "dmean2": 0.999724090099, "dvar": 0.979718148708, "dvar2": 2.08432912827, "max": 16.9624080658, "mean": 3.20111131668, "median": 2.7369761467, "min": -0.713709950447, "var": 3.66078662872}, "melbands_spread": {"dmean": 2.15943670273, "dmean2": 3.19824576378, "dvar": 22.5481262207, "dvar2": 43.2947769165, "max": 192.508575439, "mean": 7.48293638229, "median": 4.99712944031, "min": 0.522018611431, "var": 91.2156524658}, "pitch_salience": {"dmean": 0.0504529550672, "dmean2": 0.0776303783059, "dvar": 0.00353866978548, "dvar2": 0.00912563409656, "max": 0.83480411768, "mean": 0.53072977066, "median": 0.532784104347, "min": 0.0704446732998, "var": 0.0148287136108}, "silence_rate_20dB": {"dmean": 0, "dmean2": 0, "dvar": 0, "dvar2": 0, "max": 1, "mean": 1, "median": 1, "min": 1, "var": 0}, "silence_rate_30dB": {"dmean": 0.00186436728109, "dmean2": 0.00372960371897, "dvar": 0.00186080881394, "dvar2": 0.00511396024376, "max": 1, "mean": 0.998602032661, "median": 1, "min": 0, "var": 0.00139596452937}, "silence_rate_60dB": {"dmean": 0.0107201114297, "dmean2": 0.021445222199, "dvar": 0.0106050204486, "dvar2": 0.0275114066899, "max": 1, "mean": 0.0719944089651, "median": 0, "min": 0, "var": 0.0668102279305}, "spectral_centroid": {"dmean": 103.729759216, "dmean2": 149.559188843, "dvar": 52122.296875, "dvar2": 87569.734375, "max": 11189.0732422, "mean": 509.526611328, "median": 389.328582764, "min": 134.787017822, "var": 171533.546875}, "spectral_complexity": {"dmean": 2.26427412033, "dmean2": 3.41631698608, "dvar": 9.62185192108, "dvar2": 19.472990036, "max": 34, "mean": 10.5447340012, "median": 10, "min": 0, "var": 40.950378418}, "spectral_decrease": {"dmean": 2.11982187359e-09, "dmean2": 3.14518544542e-09, "dvar": 7.50724639407e-18, "dvar2": 1.76096743527e-17, "max": 4.33130649402e-11, "mean": -1.066266897e-08, "median": -1.09223199374e-08, "min": -4.33158362512e-08, "var": 3.39517672086e-17}, "spectral_energy": {"dmean": 0.00821000151336, "dmean2": 0.0121781630442, "dvar": 0.000112665220513, "dvar2": 0.000263554829871, "max": 0.164780944586, "mean": 0.0414325371385, "median": 0.0423355102539, "min": 1.11926042945e-20, "var": 0.00051047251327}, "spectral_energyband_high": {"dmean": 0.000123600577353, "dmean2": 0.000165342527907, "dvar": 5.4216538814e-08, "dvar2": 1.12251932194e-07, "max": 0.00223963940516, "mean": 0.000186282049981, "median": 2.50640077866e-05, "min": 8.04555445654e-21, "var": 1.10270228504e-07}, "spectral_energyband_low": {"dmean": 0.00594813749194, "dmean2": 0.00876339524984, "dvar": 8.18052358227e-05, "dvar2": 0.000190494334674, "max": 0.154444590211, "mean": 0.022804075852, "median": 0.022253613919, "min": 5.02078443291e-23, "var": 0.000264979287749}, "spectral_energyband_middle_high": {"dmean": 0.000866228831001, "dmean2": 0.00127797061577, "dvar": 3.68382120541e-06, "dvar2": 8.05306262919e-06, "max": 0.0323283784091, "mean": 0.00237949891016, "median": 0.00109502836131, "min": 1.59028178872e-21, "var": 1.24705820781e-05}, "spectral_energyband_middle_low": {"dmean": 0.00410650670528, "dmean2": 0.00629821838811, "dvar": 3.91185567423e-05, "dvar2": 9.33886767598e-05, "max": 0.0741525664926, "mean": 0.017803741619, "median": 0.0145743284374, "min": 3.87771810238e-22, "var": 0.00020065746503}, "spectral_entropy": {"dmean": 0.312375843525, "dmean2": 0.381261050701, "dvar": 0.110334195197, "dvar2": 0.229336217046, "max": 9.79593467712, "mean": 6.46300077438, "median": 6.45449590683, "min": 4.12110328674, "var": 0.650984823704}, "spectral_flux": {"dmean": 0.0262235570699, "dmean2": 0.0402086824179, "dvar": 0.000936198164709, "dvar2": 0.00223263795488, "max": 0.279467940331, "mean": 0.0576620548964, "median": 0.0443048030138, "min": 1.05795101846e-10, "var": 0.00201223813929}, "spectral_kurtosis": {"dmean": 9.39918422699, "dmean2": 13.9723005295, "dvar": 157.24546814, "dvar2": 411.482757568, "max": 271.487487793, "mean": 27.2092037201, "median": 16.0980014801, "min": -1.20680201054, "var": 1427.54943848}, "spectral_rms": {"dmean": 0.000671722053085, "dmean2": 0.000972461595666, "dvar": 7.68237157445e-07, "dvar2": 1.63452114066e-06, "max": 0.0126791913062, "mean": 0.00598135404289, "median": 0.00642673578113, "min": 3.30448385669e-12, "var": 4.64548929813e-06}, "spectral_rolloff": {"dmean": 166.019348145, "dmean2": 279.999450684, "dvar": 826502.0625, "dvar2": 1547554.25, "max": 19789.0136719, "mean": 540.200561523, "median": 322.998046875, "min": 86.1328125, "var": 2063471.125}, "spectral_skewness": {"dmean": 0.704111278057, "dmean2": 1.0071593523, "dvar": 0.568265199661, "dvar2": 1.41729128361, "max": 13.7834177017, "mean": 3.60753393173, "median": 3.12418556213, "min": -0.0134402653202, "var": 4.27429819107}, "spectral_spread": {"dmean": 959780.375, "dmean2": 1134816.125, "dvar": 1708855001090.0, "dvar2": 2733504462850.0, "max": 40654372, "mean": 3742932, "median": 2833239.5, "min": 374222.59375, "var": 6757191516160.0}, "spectral_strongpeak": {"dmean": 0.225322932005, "dmean2": 0.386327445507, "dvar": 0.216387301683, "dvar2": 0.528269171715, "max": 7.70948839188, "mean": 0.668958842754, "median": 0.323413014412, "min": 0, "var": 0.589338302612}, "zerocrossingrate": {"dmean": 0.00908321514726, "dmean2": 0.00998256262392, "dvar": 0.000252636149526, "dvar2": 0.000296700745821, "max": 0.75830078125, "mean": 0.0319991447031, "median": 0.02197265625, "min": 0.0029296875, "var": 0.00187938916497}, "barkbands": {"dmean": [0.000260507862549, 0.00446083908901, 0.00172388961073, 0.0011849506991, 0.00213807355613, 0.00143903994467, 0.000601692823693, 0.000242619935307, 0.000118553944048, 0.000122165991343, 0.000114776426926, 0.000135518188472, 0.000192057501408, 0.000176407687832, 0.000107427542389, 0.000108323605673, 0.00014376132458, 6.15788521827e-05, 3.75251111109e-05, 1.48540457303e-05, 8.80138668435e-06, 1.21088951346e-05, 7.20598154658e-06, 8.210336091e-06, 1.54408207891e-05, 2.86352278636e-05, 4.85691416543e-05], "dmean2": [0.000408141582739, 0.00674739805982, 0.00229149498045, 0.00172757764813, 0.0033703665249, 0.00214535952546, 0.000930867856368, 0.00037109531695, 0.000173627864569, 0.000183452386409, 0.0001819391764, 0.000208348108572, 0.000283470435534, 0.000277904124232, 0.000164015888004, 0.000179012931767, 0.000225896190386, 9.60466786637e-05, 5.85245215916e-05, 2.41312063736e-05, 1.24967846205e-05, 1.62860396813e-05, 9.73755777522e-06, 1.1298080608e-05, 1.97992576432e-05, 4.1417308239e-05, 7.69123798818e-05], "dvar": [2.53955818152e-07, 5.70932679693e-05, 5.52549226995e-06, 3.76682760361e-06, 1.64396769833e-05, 1.01649775388e-05, 2.03063518711e-06, 4.23042052944e-07, 8.70846434964e-08, 1.11034005101e-07, 8.00203281415e-08, 9.78687424436e-08, 1.81498847951e-07, 2.62644704208e-07, 1.4578726848e-07, 1.51874800736e-07, 1.78642764581e-07, 6.65111770104e-08, 1.61798894283e-08, 1.90676496814e-09, 3.28076871225e-10, 7.4703626618e-10, 2.06742400977e-10, 2.40776676375e-10, 9.72794844678e-10, 3.96869648256e-09, 8.86099904562e-09], "dvar2": [6.02853617693e-07, 0.000143499404658, 1.23063609863e-05, 8.66096252139e-06, 4.27066697739e-05, 2.05053656828e-05, 4.91169839734e-06, 9.12712323498e-07, 1.69966298813e-07, 2.29125106443e-07, 1.95196832919e-07, 2.28629218668e-07, 3.49456684035e-07, 6.31879061075e-07, 2.93269096119e-07, 3.90104077042e-07, 3.93684786104e-07, 1.47751265445e-07, 3.72622892542e-08, 4.91528995283e-09, 7.2937028639e-10, 1.52986645574e-09, 3.41823597205e-10, 4.80356143751e-10, 1.4969818718e-09, 9.10809205834e-09, 2.22774563241e-08], "max": [0.00690165860578, 0.125891625881, 0.0401036851108, 0.0395083352923, 0.0672726556659, 0.0581977367401, 0.0250488277525, 0.013106316328, 0.00950421672314, 0.00915230996907, 0.00500148301944, 0.00577510986477, 0.00951764639467, 0.0121317477897, 0.00973400846124, 0.00988096185029, 0.00993749313056, 0.00701876962557, 0.00283018616028, 0.000991030829027, 0.000277946528513, 0.000325827451888, 0.000225112453336, 0.000195379834622, 0.000328384048771, 0.000604149245191, 0.000776707020123], "mean": [0.000647351844236, 0.0142394956201, 0.006210307125, 0.00349117279984, 0.00614785170183, 0.00535914581269, 0.00177992321551, 0.000648341374472, 0.000289852818241, 0.00028971361462, 0.000208039113204, 0.000254505459452, 0.000433968089055, 0.000370707421098, 0.000249449542025, 0.000166121913935, 0.000253129721386, 0.000127335224533, 6.84565238771e-05, 2.18951718125e-05, 1.39878839036e-05, 1.63640106621e-05, 1.05521994556e-05, 1.24234848045e-05, 2.48031192314e-05, 3.96564500988e-05, 5.80966334383e-05], "median": [0.000518421176821, 0.0133802518249, 0.00500098150223, 0.00228999834508, 0.00363272987306, 0.00177557568531, 0.000476514047477, 0.000155173096573, 0.000105507511762, 5.86931200814e-05, 5.35950093763e-05, 8.8334971224e-05, 0.000143292403664, 8.23318550829e-05, 2.5830744562e-05, 3.40382612194e-05, 4.11206528952e-05, 9.27065229916e-06, 1.09938864625e-05, 3.16835553349e-06, 2.22329026656e-06, 1.55677230396e-06, 8.96172991816e-07, 9.60028728514e-07, 1.59204000738e-06, 1.89723289168e-06, 1.84827092653e-06], "min": [7.16610081545e-24, 1.19746766161e-23, 1.51627617236e-23, 4.4860585393e-23, 6.50162181796e-23, 4.99516128408e-23, 1.29500681e-22, 4.54479743785e-23, 3.7229138685e-23, 5.9191294499e-23, 8.50985594773e-23, 5.6706079725e-23, 7.00807367456e-23, 9.74985504505e-23, 1.97728301438e-22, 2.17697968155e-22, 1.5542509897e-22, 2.200703064e-22, 2.33449109673e-22, 2.89592883034e-22, 4.19455846827e-22, 5.36546584585e-22, 5.80475660933e-22, 1.04635510113e-21, 1.61696876381e-21, 1.64107817061e-21, 2.40061021188e-21], "var": [4.86252758947e-07, 0.000132983244839, 2.7902851798e-05, 1.62652067957e-05, 5.45440452697e-05, 8.30628850963e-05, 9.38655648497e-06, 2.08372739507e-06, 3.63140856052e-07, 4.78535980619e-07, 1.75160124627e-07, 2.11099575154e-07, 7.03561340742e-07, 7.38664652999e-07, 5.50980018943e-07, 2.55511110936e-07, 4.44473982952e-07, 2.48479921083e-07, 3.83526241876e-08, 3.29200111615e-09, 7.63821228489e-10, 1.30966948397e-09, 4.88449225511e-10, 5.58594559497e-10, 2.45807951771e-09, 6.70277522374e-09, 1.16522418381e-08]}, "erbbands": {"dmean": [0.124667786062, 1.04717457294, 2.00733590126, 2.87080383301, 5.35492801666, 8.53594017029, 10.3830223083, 10.5124292374, 7.51023340225, 9.03072929382, 5.20800590515, 2.75725722313, 2.66194057465, 4.73295116425, 3.907756567, 5.82935857773, 7.98096466064, 10.7903089523, 5.1083483696, 5.34439134598, 7.63552570343, 6.48112535477, 3.43609404564, 2.59321165085, 1.40567302704, 0.703567802906, 0.463392466307, 0.342287838459, 0.395337402821, 0.357499718666, 0.189076811075, 0.17201551795, 0.143547073007, 0.119118712842, 0.143007412553, 0.0986810624599, 0.0530162677169, 0.0306786391884, 0.00818443391472, 0.000549913733266], "dmean2": [0.198768392205, 1.56292450428, 2.6982755661, 4.10196065903, 8.39669418335, 13.4104909897, 15.1906452179, 16.0665359497, 11.8017683029, 13.9489803314, 7.60337400436, 3.97537231445, 3.97779035568, 7.17907428741, 6.05037975311, 8.86008739471, 11.6864147186, 16.8692111969, 7.70852994919, 8.31711387634, 12.3475799561, 10.2921628952, 5.3671169281, 4.09961986542, 2.10894489288, 1.13315522671, 0.706407248974, 0.474350959063, 0.521008789539, 0.490135908127, 0.261949896812, 0.250279635191, 0.193234845996, 0.146400466561, 0.189261242747, 0.139668121934, 0.0769231766462, 0.0478741712868, 0.0132856937125, 0.000848432944622], "dvar": [0.0666423067451, 2.64127349854, 7.60448980331, 17.6792049408, 108.380554199, 299.302886963, 582.061401367, 616.610229492, 302.144073486, 719.812316895, 226.857162476, 56.7844734192, 76.4159622192, 145.188598633, 71.3605194092, 181.994735718, 312.699676514, 1000.84967041, 320.619873047, 499.450897217, 583.359008789, 276.912963867, 164.266525269, 116.685684204, 22.5721702576, 5.00780963898, 1.37989044189, 0.485589146614, 0.745405733585, 0.643692791462, 0.139746591449, 0.108879372478, 0.0773811489344, 0.0503813698888, 0.0954009965062, 0.0461813881993, 0.0150629552081, 0.00409090192989, 0.000258499843767, 1.17638921893e-06], "dvar2": [0.176244467497, 6.37387418747, 16.2117214203, 42.2688140869, 281.058380127, 748.799499512, 1205.66320801, 1285.82958984, 691.914367676, 1768.27819824, 438.428009033, 107.443763733, 173.339401245, 319, 169.04725647, 418.471923828, 607.450561523, 2285.04614258, 640.991333008, 1148.42944336, 1381.79187012, 630.057678223, 353.145629883, 284.713684082, 45.97448349, 12.2746152878, 3.43874025345, 1.04678797722, 1.42424631119, 1.19313836098, 0.254827469587, 0.236903309822, 0.145598396659, 0.0786224007607, 0.16513761878, 0.103774376214, 0.0351873412728, 0.0103252222762, 0.000645467895083, 2.83690951619e-06], "max": [4.42893028259, 24.578086853, 41.7060928345, 71.0701522827, 172.745788574, 381.359802246, 510.679443359, 436.160675049, 377.967041016, 529.175842285, 352.078094482, 249.114547729, 207.850265503, 322.343017578, 174.489212036, 267.705505371, 421.437042236, 773.791015625, 608.801147461, 638.895080566, 678.78717041, 309.171386719, 378.511322021, 297.644500732, 139.634841919, 68.7820968628, 24.6748390198, 13.6961250305, 11.0310106277, 8.30776882172, 6.4725818634, 3.55883145332, 4.06054210663, 2.36712551117, 2.66698741913, 1.9623516798, 1.27864897251, 0.615652024746, 0.131914004683, 0.0105140535161], "mean": [0.372745841742, 3.22328281403, 7.7787899971, 9.54866695404, 13.2977991104, 24.5007781982, 39.9177894592, 36.7365989685, 21.7675247192, 26.3877868652, 15.6818571091, 7.59416484833, 6.54574108124, 10.3303842545, 8.432472229, 11.5396223068, 18.5483493805, 24.2857398987, 10.9274816513, 12.3385839462, 14.3220348358, 10.9815168381, 6.677526474, 5.1744389534, 2.81025958061, 1.08025121689, 0.740458190441, 0.513287901878, 0.55193310976, 0.48040664196, 0.276729047298, 0.255011886358, 0.217017918825, 0.191850692034, 0.224972873926, 0.136664405465, 0.0742350667715, 0.0390339680016, 0.0100808832794, 0.000662635255139], "median": [0.234878987074, 3.07378005981, 6.45772075653, 7.50188064575, 9.13080978394, 12.635178566, 12.881067276, 13.5254592896, 9.61596870422, 6.02123212814, 4.92602062225, 2.94992208481, 1.99749064445, 3.52475547791, 3.23707056046, 4.91838026047, 7.04651546478, 5.91644859314, 2.91774439812, 1.31338214874, 2.90376901627, 2.39138936996, 0.883597254753, 0.565651893616, 0.387258887291, 0.149237915874, 0.11312520504, 0.0767048597336, 0.0585968717933, 0.0378809049726, 0.0239705182612, 0.0212473478168, 0.0154242105782, 0.0142376450822, 0.0131229888648, 0.00823820289224, 0.00305362977087, 0.00125029252376, 0.00031029805541, 8.83454631548e-05], "min": [4.63007178709e-22, 2.52233157577e-21, 1.45911348101e-20, 8.70906090591e-20, 2.63377486512e-19, 1.68771702481e-19, 2.86283487692e-19, 4.27895826284e-19, 1.64729720607e-18, 1.15555704687e-18, 1.13946393786e-18, 1.03160237772e-18, 1.03454104024e-18, 2.58888899486e-18, 3.9067310197e-18, 2.33896423099e-18, 3.45876494832e-18, 4.37087364193e-18, 8.67474151834e-18, 9.83076530187e-18, 1.2752690653e-17, 1.02683082771e-17, 1.19913809142e-17, 1.05658947743e-17, 1.48617191464e-17, 1.36132289781e-17, 1.46146171364e-17, 1.83523154523e-17, 1.98383503858e-17, 1.63706190065e-17, 1.70034221012e-17, 2.52011326962e-17, 1.36005846953e-17, 1.45404438509e-17, 1.38306418216e-17, 6.92354598123e-18, 3.24388100276e-18, 1.17976831321e-18, 3.24879683375e-19, 3.2279799289e-20], "var": [0.171230196953, 6.46931934357, 40.9678726196, 70.9010620117, 234.612045288, 1176.37927246, 4922.13623047, 4291.01806641, 1225.98754883, 3374.33129883, 1403.83764648, 250.085220337, 284.154022217, 481.606201172, 197.738250732, 361.414581299, 1260.42993164, 3122.46948242, 1157.12133789, 1574.734375, 1372.67407227, 612.333190918, 521.18737793, 340.08102417, 77.30418396, 10.3953332901, 2.50536870956, 1.08930444717, 1.46420156956, 1.18001437187, 0.31848526001, 0.228213012218, 0.183619871736, 0.13529843092, 0.213578075171, 0.0790826901793, 0.0242977291346, 0.00616551097482, 0.000355346302968, 1.36391076921e-06]}, "gfcc": {"mean": [-72.33644104, 142.594146729, -60.0098991394, 8.69359302521, -14.4955263138, -2.4860727787, -33.264755249, -4.2767996788, -17.525094986, 0.607532501221, -9.62753009796, 1.04516720772, -11.1398124695], "cov": [[17071.9609375, -3450.03637695, -1486.84460449, -47.7740058899, -344.40423584, 580.833435059, -401.261810303, 369.615386963, -339.562896729, 554.896972656, 179.268951416, 610.497619629, -301.757598877], [-3450.03637695, 3373.20898438, -782.965515137, -179.960540771, 343.411987305, -454.640014648, 49.7567024231, -174.086578369, 182.05368042, -172.362075806, 153.370269775, -182.848098755, 169.852035522], [-1486.84460449, -782.965515137, 2042.71313477, 106.428535461, -106.351577759, 436.788513184, 119.205024719, 25.9856262207, -57.233631134, -55.4705581665, -172.622344971, -30.9988594055, -41.7487754822], [-47.7740058899, -179.960540771, 106.428535461, 583.956176758, 30.5729141235, 40.297088623, 89.7269515991, 77.2973937988, 40.0390434265, 4.5562286377, -18.8878116608, -62.0962257385, 23.3250331879], [-344.40423584, 343.411987305, -106.351577759, 30.5729141235, 283.90512085, -47.6257019043, 47.7231063843, 55.8161964417, 54.761554718, 11.2409572601, 20.6888427734, -24.8530654907, -5.58338546753], [580.833435059, -454.640014648, 436.788513184, 40.297088623, -47.6257019043, 286.133636475, 31.859375, 47.1409072876, -26.6979026794, 33.2827644348, -23.2663516998, 46.7015113831, -35.7225723267], [-401.261810303, 49.7567024231, 119.205024719, 89.7269515991, 47.7231063843, 31.859375, 154.559967041, 31.0912513733, 20.5860614777, 5.4254155159, -19.1873321533, -28.3324317932, 5.70713376999], [369.615386963, -174.086578369, 25.9856262207, 77.2973937988, 55.8161964417, 47.1409072876, 31.0912513733, 120.804023743, 30.3778324127, 43.5989570618, 15.0356025696, 2.3959813118, -21.645647049], [-339.562896729, 182.05368042, -57.233631134, 40.0390434265, 54.761554718, -26.6979026794, 20.5860614777, 30.3778324127, 90.3759689331, 13.8640136719, 19.8300647736, -27.9140644073, 14.8419771194], [554.896972656, -172.362075806, -55.4705581665, 4.5562286377, 11.2409572601, 33.2827644348, 5.4254155159, 43.5989570618, 13.8640136719, 89.1032867432, 30.8246040344, 20.5940647125, -27.214263916], [179.268951416, 153.370269775, -172.622344971, -18.8878116608, 20.6888427734, -23.2663516998, -19.1873321533, 15.0356025696, 19.8300647736, 30.8246040344, 92.2049789429, 18.2811164856, 2.17206907272], [610.497619629, -182.848098755, -30.9988594055, -62.0962257385, -24.8530654907, 46.7015113831, -28.3324317932, 2.3959813118, -27.9140644073, 20.5940647125, 18.2811164856, 86.5110626221, 3.12865138054], [-301.757598877, 169.852035522, -41.7487754822, 23.3250331879, -5.58338546753, -35.7225723267, 5.70713376999, -21.645647049, 14.8419771194, -27.214263916, 2.17206907272, 3.12865138054, 68.0841674805]], "icov": [[0.000146478996612, 4.11199725932e-05, 0.00018477672711, -7.19404197298e-05, 6.77358766552e-05, -0.000269756885245, 0.00024316109193, -0.000284861569526, 0.000387106963899, -0.000434600980952, 0.000146181584569, -0.000489258614834, 0.000197365967324], [4.11199725932e-05, 0.000801748072263, 0.000166974990861, 0.000342566141626, -0.000759035872761, -4.40258929757e-07, -0.000312194169965, 0.000947750580963, -0.000535064202268, 0.00102487078402, -0.00154280732386, 0.00131125596818, -0.00105260615237], [0.00018477672711, 0.000166974990861, 0.00119477033149, 4.8305009841e-05, 6.7295943154e-05, -0.0018773812335, 1.47492473843e-05, -0.000242483292823, 0.000493082450703, 0.000229616824072, 0.000886963214725, 0.000473301712191, -5.12039287059e-06], [-7.19404197298e-05, 0.000342566141626, 4.8305009841e-05, 0.0025048237294, -0.000218638931983, -0.000419546297053, -0.000879022816662, -0.000973727030214, -0.000153787463205, 0.000553898862563, -0.000594888522755, 0.00297852326185, -0.00233888416551], [6.77358766552e-05, -0.000759035872761, 6.7295943154e-05, -0.000218638931983, 0.00546475453302, 0.000714825873729, -0.000852597877383, -0.0030370617751, -0.00112970441114, -0.00031214079354, 0.00114034174476, -0.00184448482469, 0.00240897526965], [-0.000269756885245, -4.40258929757e-07, -0.0018773812335, -0.000419546297053, 0.000714825873729, 0.00826079957187, -0.00150616234168, -0.000803173927125, -0.000932610710151, -0.000251111079706, -0.000300127052469, -0.00405936408788, 0.0023609038908], [0.00024316109193, -0.000312194169965, 1.47492473843e-05, -0.000879022816662, -0.000852597877383, -0.00150616234168, 0.0091814910993, -0.00188071106095, 0.00106088165194, -0.00277626956813, 0.00242641405202, 0.00117161753587, -0.00153321539983], [-0.000284861569526, 0.000947750580963, -0.000242483292823, -0.000973727030214, -0.0030370617751, -0.000803173927125, -0.00188071106095, 0.0158111564815, -0.00514860311523, -0.00134584144689, -0.00283447699621, 0.00093127094442, 0.001703956048], [0.000387106963899, -0.000535064202268, 0.000493082450703, -0.000153787463205, -0.00112970441114, -0.000932610710151, 0.00106088165194, -0.00514860311523, 0.0194063298404, -0.00570568954572, -0.000999410171062, 0.0049065197818, -0.00560688087717], [-0.000434600980952, 0.00102487078402, 0.000229616824072, 0.000553898862563, -0.00031214079354, -0.000251111079706, -0.00277626956813, -0.00134584144689, -0.00570568954572, 0.0221105366945, -0.00676581403241, -0.000985288876109, 0.00545838940889], [0.000146181584569, -0.00154280732386, 0.000886963214725, -0.000594888522755, 0.00114034174476, -0.000300127052469, 0.00242641405202, -0.00283447699621, -0.000999410171062, -0.00676581403241, 0.0188967175782, -0.00578917330131, 0.00125261710491], [-0.000489258614834, 0.00131125596818, 0.000473301712191, 0.00297852326185, -0.00184448482469, -0.00405936408788, 0.00117161753587, 0.00093127094442, 0.0049065197818, -0.000985288876109, -0.00578917330131, 0.0255384426564, -0.010705457069], [0.000197365967324, -0.00105260615237, -5.12039287059e-06, -0.00233888416551, 0.00240897526965, 0.0023609038908, -0.00153321539983, 0.001703956048, -0.00560688087717, 0.00545838940889, 0.00125261710491, -0.010705457069, 0.02494915016]]}, "melbands": {"dmean": [0.001178906532, 0.00114135595504, 0.000526855117641, 0.000500322377775, 0.000342868035659, 0.000245342671406, 0.000117135903565, 8.59990323079e-05, 3.91019311792e-05, 1.56869300554e-05, 1.33646190079e-05, 1.94639414985e-05, 1.53733199113e-05, 1.50064142872e-05, 1.53654145834e-05, 2.12318554986e-05, 1.9548155251e-05, 8.55614871398e-06, 6.27715371593e-06, 6.8380063567e-06, 1.04867840491e-05, 7.80209484219e-06, 4.70460963697e-06, 2.60157776211e-06, 2.11356496038e-06, 1.55132397595e-06, 5.05538366724e-07, 4.71638600175e-07, 3.70935367755e-07, 2.29330865409e-07, 1.96941584818e-07, 2.0496918296e-07, 2.85257243604e-07, 1.72581366087e-07, 1.08992978198e-07, 1.11539733894e-07, 1.06728720084e-07, 9.98837279553e-08, 1.01617310122e-07, 1.04564620074e-07], "dmean2": [0.00182286731433, 0.00160298554692, 0.000763347663451, 0.000798651191872, 0.000510100915562, 0.000369780260371, 0.000183706753887, 0.000133244262543, 5.7233741245e-05, 2.28524822887e-05, 2.00336762646e-05, 2.94055389531e-05, 2.39706041611e-05, 2.31786070799e-05, 2.25383428187e-05, 3.24106586049e-05, 3.0733182939e-05, 1.3126761587e-05, 9.73944133875e-06, 1.07416490209e-05, 1.70833227457e-05, 1.25498427224e-05, 7.54214443077e-06, 3.9454207581e-06, 3.40499286722e-06, 2.32326328842e-06, 7.93926915321e-07, 7.76427555138e-07, 5.93864569964e-07, 3.39324685683e-07, 2.78576550272e-07, 2.74826817304e-07, 4.1085050384e-07, 2.41930024458e-07, 1.59862750593e-07, 1.64219414955e-07, 1.61717792935e-07, 1.38848591291e-07, 1.40359730949e-07, 1.32118785245e-07], "dvar": [4.82379118694e-06, 2.40180384026e-06, 5.96631934968e-07, 1.0599445659e-06, 4.92367973948e-07, 3.16213515816e-07, 7.11287952981e-08, 6.19516100642e-08, 1.29505499658e-08, 1.64797808733e-09, 1.88675164381e-09, 2.55504462032e-09, 1.19430854095e-09, 1.19718790437e-09, 1.32107491613e-09, 2.45043030311e-09, 3.42955885912e-09, 8.6655271847e-10, 5.18632192748e-10, 7.48080986046e-10, 1.06885422735e-09, 4.09771688803e-10, 3.78886477748e-10, 1.49428358576e-10, 8.70479036075e-11, 3.86977533351e-11, 1.69204635112e-12, 2.41681436149e-12, 1.03761346303e-12, 2.07853536899e-13, 1.78815079063e-13, 1.95316907179e-13, 4.92585518815e-13, 1.40733426432e-13, 5.02223520475e-14, 4.93806791247e-14, 4.35564297574e-14, 4.17530491789e-14, 4.13837428139e-14, 3.74240365802e-14], "dvar2": [1.26040849864e-05, 4.97149812873e-06, 1.39384690101e-06, 2.78451875602e-06, 1.06929815047e-06, 6.50673769087e-07, 1.65183294598e-07, 1.53920325374e-07, 2.53664413918e-08, 3.11949066578e-09, 4.27435287165e-09, 5.4613322753e-09, 2.81270384761e-09, 2.72258637857e-09, 2.8398554619e-09, 5.0530681861e-09, 7.98739652197e-09, 1.76721026701e-09, 1.13261211521e-09, 1.92669946664e-09, 2.51248266636e-09, 9.81178582826e-10, 7.64313501378e-10, 3.1585284388e-10, 2.19058340911e-10, 7.74099256917e-11, 4.12638413022e-12, 6.19411119618e-12, 2.62129597542e-12, 5.0124645103e-13, 3.76207799722e-13, 3.78355007914e-13, 1.08022282525e-12, 2.39657957108e-13, 1.02335071569e-13, 1.05450621379e-13, 1.00751106405e-13, 8.37317479349e-14, 7.95427227774e-14, 5.86808637164e-14], "max": [0.0371982268989, 0.0202378295362, 0.0129290092736, 0.0188807751983, 0.0140689834952, 0.0102215548977, 0.00579428207129, 0.00474153272808, 0.00259415223263, 0.00133103167173, 0.00102090998553, 0.00145652028732, 0.000723391771317, 0.000764617871027, 0.000772417057306, 0.00121570960619, 0.00146846612915, 0.000932184688281, 0.000516327680089, 0.000704042788129, 0.000850887794513, 0.00037498716847, 0.000515001418535, 0.000466186407721, 0.000265122274868, 0.000197772271349, 3.18669044646e-05, 4.11568726122e-05, 2.59615808318e-05, 6.50811034575e-06, 7.19505896996e-06, 6.13558313489e-06, 6.58959925204e-06, 4.4086282287e-06, 4.61603576696e-06, 2.72579359262e-06, 2.35812035498e-06, 4.43491808255e-06, 2.0008114916e-06, 1.99207192964e-06], "mean": [0.00359760434367, 0.00433024624363, 0.00178996322211, 0.00134609732777, 0.00135720882099, 0.000874752760865, 0.000338537036441, 0.00024792473414, 0.000114917645988, 3.99795208068e-05, 3.19703503919e-05, 4.20525611844e-05, 3.06464062305e-05, 2.81235370494e-05, 3.2368421671e-05, 4.86780627398e-05, 4.25095058745e-05, 1.672347571e-05, 1.40801239468e-05, 1.34958936542e-05, 1.89801976376e-05, 1.28322199089e-05, 7.61588398746e-06, 5.95569554207e-06, 3.77205992663e-06, 3.07487016471e-06, 7.84901089901e-07, 6.48451703e-07, 5.43625844784e-07, 3.3245575537e-07, 2.76047671832e-07, 2.90708413786e-07, 3.50456218712e-07, 2.31826120967e-07, 1.51275742155e-07, 1.56829912612e-07, 1.53665581593e-07, 1.51733260623e-07, 1.43052673707e-07, 1.6656298385e-07], "median": [0.00307108508423, 0.00406076805666, 0.00144130573608, 0.000800247013103, 0.000548395444639, 0.000317384023219, 0.000114756359835, 5.58852043469e-05, 3.13561977237e-05, 1.52082438944e-05, 8.49451316753e-06, 1.34933752634e-05, 8.9764034783e-06, 9.19331796467e-06, 1.09637458081e-05, 1.54909157573e-05, 8.80609695741e-06, 3.52218785338e-06, 1.4124250356e-06, 1.63667050401e-06, 2.74879994322e-06, 2.49490722126e-06, 1.03842535282e-06, 3.08330243115e-07, 4.59651971596e-07, 3.3465460092e-07, 1.32466468017e-07, 7.96367061184e-08, 7.13769310323e-08, 5.75566581063e-08, 3.53244828943e-08, 3.35231717941e-08, 2.50072886843e-08, 1.75357222076e-08, 1.31148523153e-08, 1.28734019e-08, 1.29145885097e-08, 1.03875850144e-08, 9.87177806167e-09, 1.25958790065e-08], "min": [4.32078997084e-24, 5.91577757992e-24, 2.18113445416e-23, 1.51003486265e-23, 9.82162987006e-24, 9.06013060534e-24, 2.70917301611e-23, 1.23276721497e-23, 8.99230513357e-24, 5.66737238061e-24, 4.94529012874e-24, 1.00921523626e-23, 1.18646249978e-23, 8.5609780787e-24, 5.27022430218e-24, 7.31119047972e-24, 8.32591961705e-24, 1.31296368234e-23, 1.42237080129e-23, 1.31027390331e-23, 1.47530037036e-23, 1.09302476546e-23, 8.41960237157e-24, 1.15555272071e-23, 7.98345537657e-24, 9.5548576223e-24, 1.17896611237e-23, 7.70544186091e-24, 6.62328404884e-24, 1.26638531131e-23, 1.09669273201e-23, 1.30108469929e-23, 7.53020508828e-24, 9.52973634677e-24, 9.76105797431e-24, 1.17460473709e-23, 1.70331035982e-23, 9.41926663219e-24, 9.95734865564e-24, 1.21526034045e-23], "var": [1.03652801045e-05, 1.06742463686e-05, 2.38632014771e-06, 3.03512206301e-06, 4.13412772104e-06, 2.35001630244e-06, 2.93664356832e-07, 2.74805898925e-07, 7.81764200042e-08, 7.18771531183e-09, 7.03611968689e-09, 9.23983201062e-09, 3.3230129759e-09, 2.87360646389e-09, 4.20191570427e-09, 8.90948737009e-09, 9.88157378146e-09, 2.97987834408e-09, 1.67545255447e-09, 1.59316893011e-09, 2.55265231175e-09, 8.89047724328e-10, 8.72843797239e-10, 7.09853842373e-10, 2.16511350515e-10, 1.30491464856e-10, 3.52701483471e-12, 4.04163551584e-12, 1.73987918257e-12, 4.05793129134e-13, 3.54936295199e-13, 4.0231782749e-13, 7.09910916944e-13, 2.75539140115e-13, 1.01525755305e-13, 9.60600278791e-14, 8.36394958826e-14, 9.63607991143e-14, 8.27062146525e-14, 1.02681419953e-13]}, "mfcc": {"mean": [-739.538757324, 188.954742432, 21.1276836395, 30.1423988342, 28.6121845245, 11.2057647705, 2.18163466454, -0.772184073925, -3.66195607185, -5.094602108, 2.71884918213, 3.07195544243, -0.116240009665], "cov": [[10385.3320312, -557.312072754, -1884.46081543, -485.47668457, -180.564727783, -104.694351196, -57.8359260559, -98.3661956787, -199.340499878, -155.619552612, 162.844924927, 236.052352905, 260.121734619], [-557.312072754, 2389.546875, -714.852294922, -124.386009216, 117.174606323, -63.8606529236, -22.4131355286, -33.9697799683, -86.5007171631, -113.697975159, 24.1123046875, 58.7728919983, 49.1235313416], [-1884.46081543, -714.852294922, 1748.36901855, 33.8489341736, 55.2307548523, 243.529953003, 135.257843018, 126.715141296, 106.860496521, 94.8197860718, -81.6022186279, -33.2201843262, -71.9978790283], [-485.47668457, -124.386009216, 33.8489341736, 485.724914551, 90.4157409668, 10.0062932968, 50.0679092407, 31.5618515015, 78.0765991211, 91.5740280151, 45.9213142395, -26.0827217102, -29.9244632721], [-180.564727783, 117.174606323, 55.2307548523, 90.4157409668, 197.520889282, 27.5358200073, 18.0218029022, 35.7521400452, 19.4297065735, 39.7171936035, 31.7423305511, 27.1145248413, -5.63351869583], [-104.694351196, -63.8606529236, 243.529953003, 10.0062932968, 27.5358200073, 141.424591064, 64.5748138428, 38.6198806763, 43.5723228455, 2.14013957977, -1.34291827679, 23.1127204895, 10.2260150909], [-57.8359260559, -22.4131355286, 135.257843018, 50.0679092407, 18.0218029022, 64.5748138428, 114.026039124, 51.3701210022, 32.0552177429, 27.7571029663, 7.71308612823, 12.6852016449, 25.9510936737], [-98.3661956787, -33.9697799683, 126.715141296, 31.5618515015, 35.7521400452, 38.6198806763, 51.3701210022, 85.1432952881, 47.0658569336, 14.9023361206, -1.46159386635, 4.04601430893, 12.0753765106], [-199.340499878, -86.5007171631, 106.860496521, 78.0765991211, 19.4297065735, 43.5723228455, 32.0552177429, 47.0658569336, 105.702392578, 45.7821731567, -6.3324007988, -17.5203876495, 3.09304022789], [-155.619552612, -113.697975159, 94.8197860718, 91.5740280151, 39.7171936035, 2.14013957977, 27.7571029663, 14.9023361206, 45.7821731567, 110.749839783, 38.469543457, -15.0907526016, 2.30399775505], [162.844924927, 24.1123046875, -81.6022186279, 45.9213142395, 31.7423305511, -1.34291827679, 7.71308612823, -1.46159386635, -6.3324007988, 38.469543457, 84.0664672852, 38.0279083252, 9.79609584808], [236.052352905, 58.7728919983, -33.2201843262, -26.0827217102, 27.1145248413, 23.1127204895, 12.6852016449, 4.04601430893, -17.5203876495, -15.0907526016, 38.0279083252, 92.099861145, 28.1614971161], [260.121734619, 49.1235313416, -71.9978790283, -29.9244632721, -5.63351869583, 10.2260150909, 25.9510936737, 12.0753765106, 3.09304022789, 2.30399775505, 9.79609584808, 28.1614971161, 78.5534362793]], "icov": [[0.000164463199326, 0.000125894934172, 0.000238457287196, 0.000152895110659, 7.32557327865e-06, -0.000201548304176, -5.30299257662e-05, -0.000112611567602, 0.000180413931957, -2.58648765339e-06, -9.10704766284e-05, -0.000173603082658, -0.000218371467781], [0.000125894934172, 0.00064248603303, 0.000381936144549, 0.000279621424852, -0.000589877425227, -4.17293413193e-05, -0.000427954510087, 0.00012688805873, 0.000102942874946, 0.00060929718893, -0.00018676937907, 2.95227073366e-06, -0.000276773760561], [0.000238457287196, 0.000381936144549, 0.00154503225349, 0.000379203585908, 7.8195676906e-05, -0.00223476835527, -7.43975760997e-05, -0.00145393190905, 0.00131509813946, -0.00200229976326, 0.00187137455214, -0.000773688137997, 0.00112762721255], [0.000152895110659, 0.000279621424852, 0.000379203585908, 0.00326492101885, -0.00125385134015, 0.000631930306554, -0.00192494562361, 0.000806957657915, -0.00199117790908, -0.000211248989217, -0.0016945352545, 0.000836661842186, 0.00124582229182], [7.32557327865e-06, -0.000589877425227, 7.8195676906e-05, -0.00125385134015, 0.00771096115932, -0.00200668070465, 0.00246284110472, -0.00427448935807, 0.0022041448392, -0.00403194362298, 0.000836664054077, -0.00295837363228, 0.00158403674141], [-0.000201548304176, -4.17293413193e-05, -0.00223476835527, 0.000631930306554, -0.00200668070465, 0.0158255901188, -0.00719123613089, 0.00404325174168, -0.00785913877189, 0.0070138219744, -0.00347812962718, -0.0014012302272, -0.000524108763784], [-5.30299257662e-05, -0.000427954510087, -7.43975760997e-05, -0.00192494562361, 0.00246284110472, -0.00719123613089, 0.018321223557, -0.00917068962008, 0.0046208309941, -0.00566921755672, 0.00214669690467, -0.000971026951447, -0.00382365076803], [-0.000112611567602, 0.00012688805873, -0.00145393190905, 0.000806957657915, -0.00427448935807, 0.00404325174168, -0.00917068962008, 0.0240386482328, -0.0109122209251, 0.00685524940491, -0.00303738913499, 0.0013031513663, -0.0020899460651], [0.000180413931957, 0.000102942874946, 0.00131509813946, -0.00199117790908, 0.0022041448392, -0.00785913877189, 0.0046208309941, -0.0109122209251, 0.0213724616915, -0.0106480754912, 0.0068754949607, 0.000127169667394, -0.00031514686998], [-2.58648765339e-06, 0.00060929718893, -0.00200229976326, -0.000211248989217, -0.00403194362298, 0.0070138219744, -0.00566921755672, 0.00685524940491, -0.0106480754912, 0.0239823199809, -0.0146078541875, 0.00788930244744, -0.00396202364936], [-9.10704766284e-05, -0.00018676937907, 0.00187137455214, -0.0016945352545, 0.000836664054077, -0.00347812962718, 0.00214669690467, -0.00303738913499, 0.0068754949607, -0.0146078541875, 0.0264930725098, -0.0118918363005, 0.00287567195483], [-0.000173603082658, 2.95227073366e-06, -0.000773688137997, 0.000836661842186, -0.00295837363228, -0.0014012302272, -0.000971026951447, 0.0013031513663, 0.000127169667394, 0.00788930244744, -0.0118918363005, 0.020575530827, -0.00585643015802], [-0.000218371467781, -0.000276773760561, 0.00112762721255, 0.00124582229182, 0.00158403674141, -0.000524108763784, -0.00382365076803, -0.0020899460651, -0.00031514686998, -0.00396202364936, 0.00287567195483, -0.00585643015802, 0.0187703240663]]}, "spectral_contrast_coeffs": {"dmean": [0.03566743806, 0.0405815131962, 0.0325722619891, 0.0303690377623, 0.0269482787699, 0.025006942451], "dmean2": [0.0562744773924, 0.0632682293653, 0.0513821281493, 0.0478745475411, 0.0417979583144, 0.0402570143342], "dvar": [0.00168206659146, 0.00175868801307, 0.000919341575354, 0.000884220935404, 0.000807000091299, 0.0010898798937], "dvar2": [0.00417241547257, 0.00411731563509, 0.00211709854193, 0.00201287236996, 0.00173376768362, 0.00258221291006], "max": [-0.23600192368, -0.280395776033, -0.440262615681, -0.463646709919, -0.479532003403, -0.592269062996], "mean": [-0.661180198193, -0.681148707867, -0.782192409039, -0.77020907402, -0.781860351562, -0.818635523319], "median": [-0.675635159016, -0.69224435091, -0.792569160461, -0.781460165977, -0.789568305016, -0.831951022148], "min": [-0.966635763645, -0.957015514374, -0.956231176853, -0.953234612942, -0.958627164364, -0.960460186005], "var": [0.00605951854959, 0.0125974481925, 0.00525740906596, 0.00613332586363, 0.0048669190146, 0.00225040898658]}, "spectral_contrast_valleys": {"dmean": [0.300156980753, 0.351295113564, 0.368834346533, 0.41045999527, 0.438214182854, 0.55768764019], "dmean2": [0.440654367208, 0.533350348473, 0.547386705875, 0.596523761749, 0.58146905899, 0.643075287342], "dvar": [0.17289429903, 0.177138864994, 0.190465047956, 0.228663831949, 0.279829442501, 0.499536991119], "dvar2": [0.298366010189, 0.344928175211, 0.338713377714, 0.427059650421, 0.563338160515, 1.00071167946], "max": [-5.19279909