{"lowlevel": {"average_loudness": 0.971138834953, "barkbands_crest": {"dmean": 3.41053986549, "dmean2": 5.18042325974, "dvar": 11.4151134491, "dvar2": 27.62068367, "max": 26.687746048, "mean": 15.307923317, "median": 14.947927475, "min": 2.25936198235, "var": 38.3270301819}, "barkbands_flatness_db": {"dmean": 0.046660117805, "dmean2": 0.0666185691953, "dvar": 0.0027468027547, "dvar2": 0.00534963421524, "max": 0.728760838509, "mean": 0.198000401258, "median": 0.175040274858, "min": 0.0130115272477, "var": 0.0159379672259}, "barkbands_kurtosis": {"dmean": 45.6110229492, "dmean2": 68.6218643188, "dvar": 18188, "dvar2": 39872.3945312, "max": 1647.6973877, "mean": 52.8646087646, "median": 6.01259183884, "min": -1.67724716663, "var": 23449.7519531}, "barkbands_skewness": {"dmean": 1.86057555676, "dmean2": 2.62075400352, "dvar": 6.64344596863, "dvar2": 12.179350853, "max": 29.7370967865, "mean": 4.02490377426, "median": 2.38357615471, "min": -2.19162988663, "var": 20.9199905396}, "barkbands_spread": {"dmean": 10.4291534424, "dmean2": 16.5631732941, "dvar": 168.300445557, "dvar2": 418.573303223, "max": 109.411140442, "mean": 22.8073005676, "median": 19.5058784485, "min": 0.0416716635227, "var": 359.374176025}, "dissonance": {"dmean": 0.026791760698, "dmean2": 0.0442137643695, "dvar": 0.000858237326611, "dvar2": 0.00221023079939, "max": 0.499999940395, "mean": 0.453616201878, "median": 0.467729240656, "min": 0.201542392373, "var": 0.00197487045079}, "dynamic_complexity": 5.04204845428, "erbbands_crest": {"dmean": 3.97784924507, "dmean2": 6.04441022873, "dvar": 15.5911712646, "dvar2": 28.9368419647, "max": 32.6372451782, "mean": 12.1778459549, "median": 10.7526607513, "min": 2.15897774696, "var": 54.7936058044}, "erbbands_flatness_db": {"dmean": 0.0232051759958, "dmean2": 0.033606544137, "dvar": 0.000805878429674, "dvar2": 0.0013979061041, "max": 0.498748123646, "mean": 0.134100869298, "median": 0.106115475297, "min": 0.0459733381867, "var": 0.00449475599453}, "erbbands_kurtosis": {"dmean": 2.7471101284, "dmean2": 4.3221487999, "dvar": 37.9544258118, "dvar2": 95.7827453613, "max": 123.184394836, "mean": 2.11170339584, "median": 0.182431578636, "min": -1.88780856133, "var": 47.0619163513}, "erbbands_skewness": {"dmean": 0.587924182415, "dmean2": 0.853323161602, "dvar": 0.448958277702, "dvar2": 0.974679768085, "max": 9.1771774292, "mean": 0.653774917126, "median": 0.581758439541, "min": -3.29995250702, "var": 1.3916656971}, "erbbands_spread": {"dmean": 15.8116588593, "dmean2": 23.1039638519, "dvar": 308.151153564, "dvar2": 675.921325684, "max": 175.0756073, "mean": 55.4522094727, "median": 47.502571106, "min": 0.913223266602, "var": 1158.09216309}, "hfc": {"dmean": 14.529712677, "dmean2": 22.5575904846, "dvar": 680.381347656, "dvar2": 1645.75024414, "max": 188.567642212, "mean": 22.4644508362, "median": 10.0331287384, "min": 3.95685084698e-09, "var": 1164.68664551}, "melbands_crest": {"dmean": 4.29605531693, "dmean2": 6.60953521729, "dvar": 16.1628570557, "dvar2": 42.7039489746, "max": 37.2913360596, "mean": 21.4988365173, "median": 21.8794822693, "min": 1.54664993286, "var": 62.0184173584}, "melbands_flatness_db": {"dmean": 0.0541907660663, "dmean2": 0.0784934312105, "dvar": 0.00377096584998, "dvar2": 0.00779689149931, "max": 0.883197367191, "mean": 0.287832707167, "median": 0.270823061466, "min": 0.00226445798762, "var": 0.0236663427204}, "melbands_kurtosis": {"dmean": 59.2228088379, "dmean2": 88.2064743042, "dvar": 10374.2333984, "dvar2": 21950.0332031, "max": 1064.65307617, "mean": 84.9440460205, "median": 23.0138378143, "min": -1.37555146217, "var": 19161.8496094}, "melbands_skewness": {"dmean": 2.33487224579, "dmean2": 3.4024913311, "dvar": 7.36510562897, "dvar2": 15.341835022, "max": 29.2717094421, "mean": 5.81329727173, "median": 4.05817461014, "min": -0.875554740429, "var": 23.7626094818}, "melbands_spread": {"dmean": 8.03370094299, "dmean2": 13.0947828293, "dvar": 119.775794983, "dvar2": 310.513183594, "max": 173.879852295, "mean": 18.4002151489, "median": 11.0509853363, "min": 0.154705166817, "var": 589.04864502}, "pitch_salience": {"dmean": 0.1039365381, "dmean2": 0.167451813817, "dvar": 0.0118250399828, "dvar2": 0.0295296534896, "max": 0.898815453053, "mean": 0.387530595064, "median": 0.399261593819, "min": 0.0475718900561, "var": 0.035851020366}, "silence_rate_20dB": {"dmean": 0, "dmean2": 0, "dvar": 0, "dvar2": 0, "max": 1, "mean": 1, "median": 1, "min": 1, "var": 0}, "silence_rate_30dB": {"dmean": 0.0841758772731, "dmean2": 0.168391346931, "dvar": 0.0770874768496, "dvar2": 0.140507429838, "max": 1, "mean": 0.753173470497, "median": 1, "min": 0, "var": 0.185896903276}, "silence_rate_60dB": {"dmean": 0.0300964023918, "dmean2": 0.0599717795849, "dvar": 0.0291909612715, "dvar2": 0.0606093518436, "max": 1, "mean": 0.155853316188, "median": 0, "min": 0, "var": 0.131564751267}, "spectral_centroid": {"dmean": 350.111450195, "dmean2": 563.730102539, "dvar": 168006.359375, "dvar2": 419264.375, "max": 4783.6484375, "mean": 1353.52563477, "median": 1256.81237793, "min": 77.9265289307, "var": 711098.3125}, "spectral_complexity": {"dmean": 4.48342323303, "dmean2": 6.55103492737, "dvar": 46.7385292053, "dvar2": 97.2316055298, "max": 60, "mean": 9.99294757843, "median": 5, "min": 0, "var": 128.385879517}, "spectral_decrease": {"dmean": 6.93735202617e-09, "dmean2": 1.02646238176e-08, "dvar": 1.10170809357e-16, "dvar2": 2.62248335552e-16, "max": 1.53964750756e-18, "mean": -1.31566455508e-08, "median": -4.45511849634e-09, "min": -8.12545195572e-08, "var": 2.97910804912e-16}, "spectral_energy": {"dmean": 0.0266842283309, "dmean2": 0.0393032468855, "dvar": 0.00159090291709, "dvar2": 0.00374988722615, "max": 0.308324277401, "mean": 0.0516936928034, "median": 0.0183887593448, "min": 3.46624069508e-13, "var": 0.00441306270659}, "spectral_energyband_high": {"dmean": 0.00118060363457, "dmean2": 0.00184854934923, "dvar": 4.81593087898e-06, "dvar2": 1.14010836114e-05, "max": 0.0156409349293, "mean": 0.0016751002986, "median": 0.000363761879271, "min": 2.38592511633e-13, "var": 9.30723126658e-06}, "spectral_energyband_low": {"dmean": 0.0251319222152, "dmean2": 0.0383550487459, "dvar": 0.00166183500551, "dvar2": 0.00416154554114, "max": 0.305907666683, "mean": 0.0430619679391, "median": 0.0114786000922, "min": 1.06403245454e-14, "var": 0.00405968027189}, "spectral_energyband_middle_high": {"dmean": 0.00197906279936, "dmean2": 0.00308858929202, "dvar": 1.65466444741e-05, "dvar2": 3.80038727599e-05, "max": 0.0324039496481, "mean": 0.00220165471546, "median": 0.000597850012127, "min": 4.23792538605e-14, "var": 1.90457612916e-05}, "spectral_energyband_middle_low": {"dmean": 0.00582423666492, "dmean2": 0.0102547733113, "dvar": 0.000213669351069, "dvar2": 0.000602625659667, "max": 0.127460747957, "mean": 0.00574046000838, "median": 0.00165132887196, "min": 5.78703455124e-15, "var": 0.000159575560247}, "spectral_entropy": {"dmean": 0.27112403512, "dmean2": 0.411325842142, "dvar": 0.126679480076, "dvar2": 0.270982354879, "max": 8.86905574799, "mean": 7.73004436493, "median": 8.05782318115, "min": 3.92347741127, "var": 0.691903114319}, "spectral_flux": {"dmean": 0.046588100493, "dmean2": 0.0756391063333, "dvar": 0.00341448490508, "dvar2": 0.0072135864757, "max": 0.419576644897, "mean": 0.102758958936, "median": 0.0551213994622, "min": 6.66398454996e-06, "var": 0.00930088758469}, "spectral_kurtosis": {"dmean": 2.22156190872, "dmean2": 3.48326873779, "dvar": 91.2730484009, "dvar2": 184.099777222, "max": 297.501068115, "mean": 5.59398078918, "median": 2.14867639542, "min": -0.684227466583, "var": 406.13684082}, "spectral_rms": {"dmean": 0.00156966666691, "dmean2": 0.00224231183529, "dvar": 4.00941189582e-06, "dvar2": 7.71509985498e-06, "max": 0.0173437073827, "mean": 0.00568656623363, "median": 0.00423559360206, "min": 1.83893948957e-08, "var": 1.8095739506e-05}, "spectral_rolloff": {"dmean": 774.557922363, "dmean2": 1423.43164062, "dvar": 2266373.5, "dvar2": 6247067, "max": 19832.0800781, "mean": 1599.08630371, "median": 592.163085938, "min": 64.599609375, "var": 11042769}, "spectral_skewness": {"dmean": 0.267260491848, "dmean2": 0.409312963486, "dvar": 0.298866450787, "dvar2": 0.578467309475, "max": 14.2289152145, "mean": 1.55049288273, "median": 1.35915565491, "min": 0.113125503063, "var": 1.72400975227}, "spectral_spread": {"dmean": 1023456.3125, "dmean2": 1505830.875, "dvar": 1914343129090.0, "dvar2": 3508173012990.0, "max": 15654818, "mean": 7336099.5, "median": 7466510, "min": 302445.34375, "var": 6128984391680.0}, "spectral_strongpeak": {"dmean": 0.256378173828, "dmean2": 0.436939567327, "dvar": 0.189484983683, "dvar2": 0.504263043404, "max": 3.88240695, "mean": 0.416041880846, "median": 0.214340925217, "min": 0, "var": 0.212888911366}, "zerocrossingrate": {"dmean": 0.0162316486239, "dmean2": 0.0205534026027, "dvar": 0.000272575329291, "dvar2": 0.00041513578617, "max": 0.52490234375, "mean": 0.0683466345072, "median": 0.05517578125, "min": 0.001953125, "var": 0.00670833233744}, "barkbands": {"dmean": [0.00150815548841, 0.0197392757982, 0.00699302600697, 0.00253075826913, 0.00172802677844, 0.000606902176514, 0.000358117860742, 0.000390953820897, 0.000664985156618, 0.000510172976647, 0.000409548723837, 0.000143249431858, 0.000179098875378, 0.000255431921687, 0.000145175523357, 0.000173179403646, 0.000241131696384, 0.000150614680024, 0.000105175247882, 0.000145763289765, 0.000147570186527, 0.00019454456924, 0.000188605044968, 0.000215243213461, 0.000179011956789, 0.000188080026419, 5.54503858439e-05], "dmean2": [0.00216966005974, 0.0281460098922, 0.0119793107733, 0.00475758360699, 0.00311775156297, 0.00108275131788, 0.00061350845499, 0.00064892024966, 0.00102750200313, 0.000724972283933, 0.000651462993119, 0.000233857004787, 0.000295922101941, 0.000434117071563, 0.000236040286836, 0.000281550252112, 0.000423436897108, 0.00026976809022, 0.000182260395377, 0.000258460291661, 0.000244146533078, 0.000321335130138, 0.000285384972813, 0.000324878288666, 0.000274085847195, 0.000308813032461, 9.21709870454e-05], "dvar": [8.34044749354e-06, 0.00129848334473, 0.000405657250667, 5.22305454069e-05, 3.43941937899e-05, 4.68914549856e-06, 9.35557523007e-07, 9.72702196123e-07, 1.5238248352e-06, 1.30123044073e-06, 1.05338290268e-06, 1.4028559292e-07, 1.84800725833e-07, 5.2894597502e-07, 1.51235724388e-07, 2.97457830811e-07, 4.05345474519e-07, 1.2832271068e-07, 5.60920305759e-08, 1.31487823296e-07, 9.62859658671e-08, 1.64834062844e-07, 1.68854569438e-07, 1.82340670563e-07, 1.06082495677e-07, 1.76960853082e-07, 1.38009639272e-08], "dvar2": [1.50450950969e-05, 0.00255991215818, 0.00105473538861, 0.000149942177814, 9.98653413262e-05, 1.33742059916e-05, 2.4967673653e-06, 2.61469381257e-06, 3.72755152966e-06, 2.26377574108e-06, 2.32609158957e-06, 3.2520415516e-07, 4.07937534419e-07, 1.1699520428e-06, 3.81798713533e-07, 7.22154197774e-07, 1.12203144909e-06, 3.56571348448e-07, 1.50092745343e-07, 3.61060983778e-07, 2.50339070362e-07, 4.4434293045e-07, 3.29125271037e-07, 3.95313037416e-07, 2.53037370612e-07, 4.58939467762e-07, 3.50096023283e-08], "max": [0.0235710218549, 0.293018102646, 0.141557261348, 0.0500952750444, 0.0651776194572, 0.0194647796452, 0.00682931533083, 0.00775884883478, 0.0132915684953, 0.00854627694935, 0.00943798385561, 0.00410780217499, 0.00390500528738, 0.00581359304488, 0.00391601538286, 0.00565889663994, 0.00441555259749, 0.00258110673167, 0.00191206671298, 0.00291713536717, 0.00320006045513, 0.00280967121944, 0.00420184526592, 0.00452305329964, 0.00294629740529, 0.00361978285946, 0.000860328960698], "mean": [0.00182877969928, 0.0344650298357, 0.00586621230468, 0.00181326409802, 0.00148697616532, 0.000448698090622, 0.000281993241515, 0.000468835205538, 0.000972513633315, 0.000586492242292, 0.000394973234506, 0.000159825052833, 0.000181327282917, 0.000237823856878, 0.000154158726218, 0.000170796498423, 0.000195703745703, 0.000128572326503, 0.000113929250801, 0.000152236243594, 0.000193604413653, 0.000238787673879, 0.000317220168654, 0.000331943912897, 0.000265304901404, 0.00018636866298, 5.23565613548e-05], "median": [0.000543515430763, 0.00819781422615, 0.00128379603848, 0.000170210609213, 0.000159391987836, 3.86319152312e-05, 2.09546469705e-05, 4.06320177717e-05, 0.000152323598741, 5.60076659895e-05, 2.51328310696e-05, 1.73590633494e-05, 1.89143574971e-05, 1.30739463202e-05, 1.66669415194e-05, 2.36696905631e-05, 2.49281602009e-05, 2.08436467801e-05, 2.73618334177e-05, 2.64546797553e-05, 3.28793321387e-05, 3.89469860238e-05, 5.01862814417e-05, 7.01907410985e-05, 6.12265866948e-05, 3.52968781954e-05, 9.31398790271e-06], "min": [5.82586720023e-15, 3.86304876298e-15, 2.14474629124e-15, 1.02162486065e-15, 6.65667840775e-16, 3.34430656902e-16, 4.80012035962e-16, 6.82932172185e-16, 1.85929174109e-15, 1.66825468302e-15, 8.94210670713e-16, 4.26717919355e-15, 7.33546287135e-15, 2.17979736163e-15, 2.43293379319e-15, 3.22216224751e-15, 3.60044610296e-15, 4.30838311127e-15, 9.68289186489e-15, 7.5975187716e-15, 8.12494501204e-15, 1.41607061296e-14, 2.16609262265e-14, 3.06726486658e-14, 4.34078161328e-14, 4.42875038942e-14, 8.50381641189e-14], "var": [1.29491054395e-05, 0.00336003024131, 0.000303572509438, 3.26420158672e-05, 2.32678212342e-05, 2.83661916001e-06, 6.94047344041e-07, 1.29585873765e-06, 2.97437873087e-06, 1.95077791432e-06, 1.16212629564e-06, 1.60230683832e-07, 2.16152770349e-07, 5.5237126162e-07, 1.58239117809e-07, 2.83688194713e-07, 2.82046840994e-07, 9.18056670685e-08, 5.36888933311e-08, 1.21133339803e-07, 1.47439592979e-07, 2.34789453657e-07, 4.3682578621e-07, 4.39184532297e-07, 2.08002418844e-07, 1.52100852802e-07, 1.18346328293e-08]}, "erbbands": {"dmean": [0.818569600582, 4.13889551163, 7.89252614975, 7.40167760849, 7.13969039917, 5.82399654388, 4.64344358444, 5.08249330521, 4.48927640915, 7.5078291893, 8.14152431488, 17.5154666901, 15.5421009064, 11.6581430435, 18.8475990295, 6.53160238266, 8.62423324585, 11.3909091949, 8.84052658081, 8.60771751404, 9.83948326111, 12.9912853241, 8.51048851013, 7.6576256752, 5.35840511322, 7.38436889648, 5.36023759842, 6.97638320923, 6.88531064987, 5.38773679733, 5.67513799667, 4.56850147247, 3.44698309898, 2.02390313148, 1.30598652363, 0.779133439064, 0.361211508512, 0.0912668853998, 0.00932216644287, 0.00031711399788], "dmean2": [1.17295432091, 6.067507267, 13.7490444183, 12.4462451935, 13.0763025284, 10.6199522018, 7.79813718796, 9.14176845551, 7.97074985504, 12.6436691284, 14.0794420242, 26.3558120728, 22.7103099823, 17.1217823029, 29.5574817657, 10.4490823746, 14.2728319168, 19.2621002197, 14.324005127, 13.9541082382, 16.142162323, 23.0195674896, 15.0974292755, 13.5623111725, 9.26176548004, 13.0254640579, 8.77663898468, 11.8856105804, 11.6844348907, 8.13503837585, 8.58019638062, 6.67019224167, 5.24786901474, 3.1036632061, 2.04673457146, 1.23350119591, 0.613688409328, 0.15022829175, 0.0159099623561, 0.000526087475009], "dvar": [2.35793232918, 62.461807251, 462.333831787, 412.191894531, 375.980987549, 546.717651367, 279.128936768, 324.422271729, 173.606201172, 410.470031738, 382.632995605, 1131.03027344, 1318.16918945, 847.495239258, 2296.75244141, 259.588684082, 433.811920166, 1077.63867188, 565.625549316, 523.703125, 796.223876953, 1274.00097656, 426.183898926, 323.198638916, 151.046569824, 346.136016846, 135.088424683, 229.55279541, 220.399887085, 113.977935791, 160.641815186, 87.2936706543, 44.543762207, 14.7744817734, 5.57111120224, 2.5484495163, 0.723476052284, 0.045763745904, 0.000395795330405, 3.15100720627e-07], "dvar2": [4.37748336792, 137.237533569, 1292.86206055, 1060.22827148, 1099.45385742, 1578.11535645, 750.282104492, 926.829284668, 475.979949951, 1107.3425293, 1111.44763184, 2578.74902344, 2176.27441406, 1627.98034668, 5014.56445312, 569.911560059, 951.703491211, 2203.33569336, 1291.05749512, 1308.20849609, 1897.30285645, 3561.05175781, 1186.48754883, 898.172973633, 396.682128906, 958.357421875, 329.116882324, 635.436767578, 603.386108398, 229.675964355, 326.899291992, 168.623245239, 101.799423218, 34.9764442444, 13.6803607941, 6.42321538925, 1.92450737953, 0.115854606032, 0.0010332147358, 8.59889610183e-07], "max": [12.5434551239, 67.4729385376, 147.38117981, 148.496536255, 188.29397583, 254.373641968, 152.274017334, 158.049880981, 97.2544403076, 179.578781128, 144.022994995, 330.265960693, 328.702331543, 282.345031738, 450.75680542, 141.217132568, 176.952941895, 296.632446289, 225.272399902, 252.145492554, 258.885437012, 257.553283691, 134.710296631, 162.982574463, 91.4010772705, 143.332641602, 166.504043579, 110.520652771, 102.409164429, 87.7475738525, 133.311782837, 103.696502686, 59.5978431702, 45.5601501465, 20.763299942, 17.0678253174, 6.35355472565, 1.47278726101, 0.140313789248, 0.00378903350793], "mean": [1.29475045204, 6.50841283798, 7.73967170715, 6.33726501465, 5.76769161224, 4.75517225266, 4.08473157883, 3.55394124985, 3.35903429985, 9.50502586365, 8.75825691223, 25.6204032898, 18.704957962, 13.3193473816, 18.5242786407, 7.48737764359, 8.67381191254, 11.2348070145, 9.38716888428, 8.90897750854, 9.38648414612, 10.4945344925, 7.36211681366, 6.90334367752, 5.91037893295, 7.43661403656, 7.33106470108, 8.28580284119, 8.23365497589, 8.47474575043, 9.58106708527, 7.1520781517, 5.29542970657, 3.20409345627, 1.78194117546, 0.879676997662, 0.327327281237, 0.0822398662567, 0.00863104406744, 0.000367806846043], "median": [0.325152158737, 1.45261669159, 1.9460246563, 0.947757899761, 0.555557787418, 0.506615042686, 0.505543529987, 0.335222035646, 0.265096127987, 0.882947087288, 1.18713641167, 3.92503356934, 3.28679823875, 2.08233904839, 1.55418992043, 0.924355626106, 0.949177265167, 0.740807890892, 0.868601918221, 0.956640124321, 1.38404583931, 1.39481019974, 1.20880079269, 1.37899279594, 1.40505361557, 1.28419339657, 1.37430858612, 1.27800250053, 1.28528594971, 1.45645189285, 1.61363863945, 1.43937683105, 1.07427334785, 0.694919764996, 0.420827031136, 0.198231354356, 0.0560865476727, 0.0124844172969, 0.00146350963041, 0.000157567497808], "min": [2.21614244425e-13, 5.46746296241e-13, 2.06506079597e-12, 3.57288157393e-12, 2.2694994755e-12, 2.59041898175e-12, 1.14025672585e-12, 3.63015628842e-12, 4.228682942e-12, 1.51018988981e-11, 1.58453770938e-11, 4.22088128338e-11, 6.40261524354e-11, 2.92455989981e-11, 7.38568511904e-11, 1.77012043912e-10, 3.64046098822e-10, 1.62844682183e-10, 1.23334356616e-10, 1.11538209224e-10, 1.95317276241e-10, 2.53877696643e-10, 2.64520183535e-10, 3.97445271139e-10, 3.88303056376e-10, 3.89081877827e-10, 4.50786241668e-10, 2.31544797225e-10, 3.97169241939e-10, 5.98027294352e-10, 6.46340869714e-10, 7.02561619992e-10, 5.14099041116e-10, 4.18641288302e-10, 3.50050627373e-10, 1.61194266268e-10, 7.80628617303e-11, 5.02848283845e-11, 1.07749703257e-11, 1.15197586713e-12], "var": [5.21913337708, 134.089385986, 356.22744751, 323.362426758, 275.755493164, 334.937591553, 199.635803223, 191.83404541, 114.844207764, 534.510009766, 311.91293335, 2247.73925781, 2138.24658203, 1146.85302734, 2581.39160156, 312.926757812, 500.840026855, 1243.08349609, 641.594116211, 558.090332031, 762.979736328, 858.751220703, 307.862792969, 238.981277466, 150.142211914, 297.485595703, 208.975372314, 304.924530029, 278.872039795, 293.54876709, 401.976501465, 221.102600098, 104.11541748, 32.4308891296, 9.12400341034, 2.68449163437, 0.555976033211, 0.0372257083654, 0.000321161263855, 3.30228260736e-07]}, "gfcc": {"mean": [-80.427986145, 46.9505882263, -66.9140014648, 34.0916404724, -40.2523040771, 31.4300842285, -11.5818567276, 24.9060459137, -11.9720697403, 1.52784371376, -18.3064136505, -0.152328282595, -9.91883277893], "cov": [[44862.3945312, 792.595581055, 909.526367188, 1560.8861084, -486.584655762, 1442.26452637, -911.735656738, 321.452636719, -571.141113281, 361.485534668, -415.340332031, 8.66002464294, -713.781005859], [792.595581055, 3160.39794922, 650.435791016, 348.125396729, 425.479858398, -215.954696655, 138.62612915, -388.75692749, 85.3825302124, -182.99546814, 275.852661133, -86.3548660278, 182.28565979], [909.526367188, 650.435791016, 1658.95043945, 538.03112793, 343.871612549, 371.392944336, 153.299087524, 76.3513565063, -10.9990167618, -35.8047637939, 44.7790336609, 94.202331543, 75.1581420898], [1560.8861084, 348.125396729, 538.03112793, 886.559020996, 130.997924805, 183.102020264, -35.2473182678, -156.320220947, -8.83091831207, 71.1772918701, 122.127105713, 35.8155632019, 49.1825790405], [-486.584655762, 425.479858398, 343.871612549, 130.997924805, 340.659667969, 113.474052429, 184.608016968, 35.6256561279, 26.8903121948, -29.7712440491, 51.1059341431, 21.3206424713, 67.3169250488], [1442.26452637, -215.954696655, 371.392944336, 183.102020264, 113.474052429, 427.811431885, 196.262878418, 264.782562256, 19.5088596344, 21.5158557892, -63.0927429199, 35.8040962219, -22.146276474], [-911.735656738, 138.62612915, 153.299087524, -35.2473182678, 184.608016968, 196.262878418, 434.450378418, 313.937835693, 116.976013184, -44.9363670349, -32.3446464539, 0.263131827116, 29.8575191498], [321.452636719, -388.75692749, 76.3513565063, -156.320220947, 35.6256561279, 264.782562256, 313.937835693, 473.866638184, 142.861923218, 7.44937992096, -146.393676758, -6.59397363663, -27.9355068207], [-571.141113281, 85.3825302124, -10.9990167618, -8.83091831207, 26.8903121948, 19.5088596344, 116.976013184, 142.861923218, 204.766448975, 50.7461624146, -30.641254425, -71.5913925171, 17.2921409607], [361.485534668, -182.99546814, -35.8047637939, 71.1772918701, -29.7712440491, 21.5158557892, -44.9363670349, 7.44937992096, 50.7461624146, 130.74407959, 23.3175849915, -24.9201011658, -32.4050216675], [-415.340332031, 275.852661133, 44.7790336609, 122.127105713, 51.1059341431, -63.0927429199, -32.3446464539, -146.393676758, -30.641254425, 23.3175849915, 168.206619263, 34.6455230713, -4.70760297775], [8.66002464294, -86.3548660278, 94.202331543, 35.8155632019, 21.3206424713, 35.8040962219, 0.263131827116, -6.59397363663, -71.5913925171, -24.9201011658, 34.6455230713, 103.898765564, 15.5494194031], [-713.781005859, 182.28565979, 75.1581420898, 49.1825790405, 67.3169250488, -22.146276474, 29.8575191498, -27.9355068207, 17.2921409607, -32.4050216675, -4.70760297775, 15.5494194031, 92.203704834]], "icov": [[5.74321420572e-05, -0.000154942026711, 6.76197523717e-05, -0.000138222792884, -8.4204129962e-06, -0.000140793563332, 0.000306003144942, -0.000282710709143, 0.000267390947556, -0.000225573880016, 0.000371382397134, -0.000180805436685, 0.000477144960314], [-0.000154942026711, 0.00117415795103, -0.000435855967226, 0.000365690269973, -0.000264803267783, 0.000469781924039, -0.00105779408477, 0.0013096970506, -0.00126986776013, 0.00196383218281, -0.00219672266394, 0.001835346804, -0.00180836115032], [6.76197523717e-05, -0.000435855967226, 0.00121846434195, -0.000589386327192, -0.000726296158973, -0.00081416714238, 0.000938897836022, -0.000726140162442, 0.000251555349678, -8.34528982523e-05, 0.000748232530896, -0.00108350114897, 0.000661415688228], [-0.000138222792884, 0.000365690269973, -0.000589386327192, 0.00265760580078, 0.000512676662765, -0.00162415252998, -0.00111098040361, 0.00282433722168, -0.0015207445249, -0.000526253948919, -0.0015561862383, 0.00025963029475, -0.00230209087022], [-8.4204129962e-06, -0.000264803267783, -0.000726296158973, 0.000512676662765, 0.00646393094212, -0.0014705703361, -0.00294186919928, 0.00157598627266, 0.000451939034974, -0.000840707856696, -0.00151211349294, 0.000678611977492, -0.00343731837347], [-0.000140793563332, 0.000469781924039, -0.00081416714238, -0.00162415252998, -0.0014705703361, 0.00783887226135, -0.0011194779072, -0.0039418824017, 0.0024296422489, -0.000866618764121, 0.000564699992537, 0.0002010394237, 0.000870673160534], [0.000306003144942, -0.00105779408477, 0.000938897836022, -0.00111098040361, -0.00294186919928, -0.0011194779072, 0.0112933339551, -0.00981215201318, 0.00173489830922, 0.00269907596521, -0.0033197933808, 0.00196603732184, -0.000341348000802], [-0.000282710709143, 0.0013096970506, -0.000726140162442, 0.00282433722168, 0.00157598627266, -0.0039418824017, -0.00981215201318, 0.0184297394007, -0.0100058652461, -0.000207215445698, 0.00725810462609, -0.00698516331613, 0.0043235598132], [0.000267390947556, -0.00126986776013, 0.000251555349678, -0.0015207445249, 0.000451939034974, 0.0024296422489, 0.00173489830922, -0.0100058652461, 0.0167181324214, -0.00646817870438, -0.00188133399934, 0.00901961885393, -0.00517885340378], [-0.000225573880016, 0.00196383218281, -8.34528982523e-05, -0.000526253948919, -0.000840707856696, -0.000866618764121, 0.00269907596521, -0.000207215445698, -0.00646817870438, 0.0169314257801, -0.00753901945427, 0.00444467552006, 0.000217996406718], [0.000371382397134, -0.00219672266394, 0.000748232530896, -0.0015561862383, -0.00151211349294, 0.000564699992537, -0.0033197933808, 0.00725810462609, -0.00188133399934, -0.00753901945427, 0.0216324366629, -0.0136876823381, 0.0130677754059], [-0.000180805436685, 0.001835346804, -0.00108350114897, 0.00025963029475, 0.000678611977492, 0.0002010394237, 0.00196603732184, -0.00698516331613, 0.00901961885393, 0.00444467552006, -0.0136876823381, 0.0251246262342, -0.0125489681959], [0.000477144960314, -0.00180836115032, 0.000661415688228, -0.00230209087022, -0.00343731837347, 0.000870673160534, -0.000341348000802, 0.0043235598132, -0.00517885340378, 0.000217996406718, 0.0130677754059, -0.0125489681959, 0.0267737228423]]}, "melbands": {"dmean": [0.0060734692961, 0.00444441987202, 0.00127180409618, 0.00044516127673, 0.000185219207196, 0.00011313433788, 6.90686574671e-05, 8.60741856741e-05, 6.99551237631e-05, 0.000110857610707, 7.63648131397e-05, 4.7891142458e-05, 5.87607319176e-05, 2.5839841328e-05, 1.71396550286e-05, 1.79327362275e-05, 2.27933269343e-05, 1.53112905537e-05, 1.2018524103e-05, 1.23782438095e-05, 1.11886165541e-05, 1.34515312311e-05, 1.06826255433e-05, 6.90268461767e-06, 6.27382632956e-06, 3.49352376361e-06, 4.80096196043e-06, 4.97778410136e-06, 3.18491652251e-06, 3.64206948689e-06, 4.31119678979e-06, 4.29835699833e-06, 3.36345033247e-06, 2.99548150906e-06, 3.47241621057e-06, 3.01255499835e-06, 2.80941753772e-06, 2.54075530393e-06, 1.9810838694e-06, 1.67250937011e-06], "dmean2": [0.00842852331698, 0.00733306258917, 0.0020951370243, 0.000811638426967, 0.000310256727971, 0.000202370792977, 0.000122128345538, 0.000143268509419, 0.000119008058391, 0.000167667662026, 0.000112076595542, 7.10135500412e-05, 9.3550857855e-05, 4.06906656281e-05, 2.76773644146e-05, 2.95178870147e-05, 3.89229353459e-05, 2.55911800195e-05, 2.02179016924e-05, 2.01003585971e-05, 1.83920565178e-05, 2.38715310843e-05, 1.91996186913e-05, 1.232494742e-05, 1.11691397251e-05, 5.94880521021e-06, 8.60489853949e-06, 8.82645235833e-06, 5.10914560437e-06, 5.91503703617e-06, 7.55151040721e-06, 7.49815535528e-06, 5.38942867934e-06, 4.45201067123e-06, 5.23270955455e-06, 4.53122447652e-06, 4.0947988964e-06, 3.9067549551e-06, 2.95019344776e-06, 2.65202038463e-06], "dvar": [0.000123920326587, 8.52743323776e-05, 1.08179665403e-05, 2.23754523176e-06, 4.40819832193e-07, 1.5698682887e-07, 3.96493469168e-08, 5.08134796462e-08, 2.328779658e-08, 4.56375772728e-08, 3.20552189237e-08, 1.79108106124e-08, 2.17706599415e-08, 3.44889494741e-09, 1.87487669834e-09, 2.0788661903e-09, 4.36156444295e-09, 1.69893843438e-09, 1.15200493589e-09, 1.40811873273e-09, 9.70913127674e-10, 1.37853184423e-09, 7.75797759367e-10, 2.86587614751e-10, 2.1829099639e-10, 6.00395913541e-11, 1.54249099604e-10, 1.5255376129e-10, 4.94385574146e-11, 5.58584081767e-11, 9.24778170708e-11, 9.41409172839e-11, 4.53038821735e-11, 3.64885274773e-11, 5.81104678266e-11, 4.61695820464e-11, 3.19723934827e-11, 2.47341903903e-11, 1.34962449203e-11, 1.08961260153e-11], "dvar2": [0.00022639996314, 0.000261455366854, 2.71557710221e-05, 6.56966267343e-06, 1.16929584237e-06, 4.47937424042e-07, 1.08093928475e-07, 1.36643095061e-07, 6.7058778086e-08, 1.0341226897e-07, 5.30671897536e-08, 3.44293589194e-08, 4.82067861185e-08, 7.62974483592e-09, 4.30489999204e-09, 4.34270575056e-09, 9.21418674693e-09, 3.95041155343e-09, 3.07111314157e-09, 3.42783357254e-09, 2.3294297602e-09, 3.8383918266e-09, 2.18768958504e-09, 7.9011991394e-10, 6.10531736278e-10, 1.5415006771e-10, 4.29281249437e-10, 4.16480933074e-10, 1.13497669596e-10, 1.42844500117e-10, 2.66119820624e-10, 2.651641684e-10, 1.06543600331e-10, 7.20933868159e-11, 1.2844006414e-10, 8.56914400549e-11, 6.44645586911e-11, 5.71684505291e-11, 2.95559063335e-11, 2.70593217971e-11], "max": [0.0944614112377, 0.0650245845318, 0.02224602364, 0.0169448405504, 0.00584991602227, 0.00348167866468, 0.00149125535972, 0.0018639654154, 0.00104675861076, 0.00222360040061, 0.00159504788462, 0.00129113439471, 0.00140413991176, 0.000599910970777, 0.000391672481783, 0.000406417791964, 0.000597715377808, 0.000350054178853, 0.000334139971528, 0.00041018621414, 0.000295797828585, 0.000259737396846, 0.000211961640161, 0.000149408646394, 0.000138775139931, 5.66768285353e-05, 0.000106432613393, 9.14279080462e-05, 0.000114983027743, 6.46072876407e-05, 6.5027626988e-05, 6.84651968186e-05, 5.18421766174e-05, 5.05896605318e-05, 8.20875065983e-05, 5.75108933845e-05, 6.69025976094e-05, 4.74664630019e-05, 3.12961747113e-05, 5.15756873938e-05], "mean": [0.0105476910248, 0.00561653031036, 0.00114169553854, 0.000366292078979, 0.000160831026733, 8.00648122095e-05, 5.12151746079e-05, 0.000110932407551, 8.08576951385e-05, 0.000159479750437, 8.88299546205e-05, 5.28132841282e-05, 5.70207266719e-05, 2.84150955849e-05, 1.76661033038e-05, 1.81969189725e-05, 2.16261287278e-05, 1.57815047714e-05, 1.19594569696e-05, 1.2278676877e-05, 1.04439222923e-05, 1.06918196252e-05, 9.00885606825e-06, 5.76508500671e-06, 5.55316364625e-06, 4.11974860981e-06, 4.4890684876e-06, 5.02194689034e-06, 4.40843859906e-06, 4.72736746815e-06, 4.7687976803e-06, 4.75347906104e-06, 4.52126596429e-06, 4.74123362437e-06, 5.70274232814e-06, 4.84081101604e-06, 4.24784593633e-06, 3.79458992938e-06, 3.1126628528e-06, 2.61822219727e-06], "median": [0.00251189433038, 0.00143990339711, 0.000178974674782, 4.03302437917e-05, 2.04497955565e-05, 7.21756759958e-06, 3.80620667784e-06, 9.74304384727e-06, 9.84841517493e-06, 2.41888301389e-05, 1.28869787659e-05, 4.99157340528e-06, 4.03846934205e-06, 3.04942113871e-06, 1.73263083525e-06, 1.74202455128e-06, 1.26739757889e-06, 1.26800773614e-06, 1.1650486158e-06, 1.43663123708e-06, 1.47837477016e-06, 1.37462507155e-06, 1.04924447442e-06, 9.14545239539e-07, 1.08887024908e-06, 1.01484965853e-06, 8.37714424051e-07, 8.21232902126e-07, 8.3958104824e-07, 7.8359573763e-07, 7.178603596e-07, 6.97522011706e-07, 7.78500975684e-07, 7.46661953599e-07, 9.1637599553e-07, 8.66028244673e-07, 8.70018084242e-07, 7.21427795725e-07, 7.27910446585e-07, 5.418347655e-07], "min": [1.939385059e-15, 9.58594597946e-16, 5.75393398597e-16, 1.74020086747e-16, 5.52838750862e-17, 7.76096055504e-17, 7.44241793336e-17, 1.68135272406e-16, 1.42804169784e-16, 2.78214959547e-16, 3.23438577997e-16, 1.1983433032e-16, 1.76869518816e-16, 4.56838379195e-16, 5.0741545763e-16, 7.98901941153e-16, 2.48475791588e-16, 1.78609165671e-16, 1.86509931661e-16, 1.49296200868e-16, 2.29581107043e-16, 2.01926963623e-16, 3.72438454614e-16, 1.13805017452e-16, 3.63032206674e-16, 2.95633689182e-16, 2.74962035393e-16, 2.56200599718e-16, 2.61636248369e-16, 2.16358313931e-16, 1.2840282297e-16, 1.92672506634e-16, 3.32778280911e-16, 3.11150935729e-16, 3.58046491337e-16, 4.19281891226e-16, 4.31071742819e-16, 2.91380683814e-16, 4.40977237272e-16, 3.20651654312e-16], "var": [0.000323354761349, 9.77212548605e-05, 9.24334472074e-06, 1.46518902966e-06, 3.20239962548e-07, 9.36812938335e-08, 2.66544901706e-08, 7.26286515373e-08, 2.39773090271e-08, 8.63158291509e-08, 5.13435942651e-08, 2.38784725326e-08, 2.40543229779e-08, 4.23499812996e-09, 2.11985207166e-09, 2.49749265713e-09, 4.77934669618e-09, 1.82251680414e-09, 1.06713426984e-09, 1.3904242202e-09, 9.15264974921e-10, 9.31875132615e-10, 5.20045451147e-10, 2.09245218374e-10, 1.57208621121e-10, 6.72183003703e-11, 1.18145576655e-10, 1.36581967958e-10, 7.96961732719e-11, 8.95968230163e-11, 1.05189350286e-10, 1.00824071314e-10, 8.39988495427e-11, 9.488113073e-11, 1.39270192601e-10, 1.13695081128e-10, 7.70836380837e-11, 5.67415038566e-11, 3.15075084079e-11, 2.27604358971e-11]}, "mfcc": {"mean": [-723.478637695, 86.9936218262, 34.3872375488, 22.5180969238, 11.9705896378, 14.1241750717, 14.7980718613, 21.3828258514, 17.4782352448, 12.9071846008, 6.73116159439, 4.49042320251, -0.048118788749], "cov": [[20302.1171875, -467.37701416, 318.83972168, -5.95775032043, 545.027832031, 536.68548584, 36.702747345, 63.7716674805, 24.9336433411, 193.221389771, 99.9480667114, 112.024833679, -47.1061401367], [-467.37701416, 2029.25256348, 470.166137695, 330.274963379, 236.609237671, 122.665664673, 192.090164185, 153.134536743, 74.5086212158, -0.349338591099, -1.33036422729, 16.4370136261, 38.0585327148], [318.83972168, 470.166137695, 1326.67297363, 473.317687988, 399.058319092, 309.016906738, 200.374526978, 179.384811401, 70.0583724976, 24.300573349, -17.267244339, 23.6015911102, 21.3782844543], [-5.95775032043, 330.274963379, 473.317687988, 597.954772949, 223.925384521, 257.318481445, 86.6401824951, -6.695125103, -55.5097236633, -34.6331138611, -4.53364944458, 36.2123451233, 49.2759971619], [545.027832031, 236.609237671, 399.058319092, 223.925384521, 286.142089844, 197.092605591, 94.7721252441, 27.2101421356, -10.5361309052, -6.14559745789, -19.6722488403, 5.99775362015, 11.1335372925], [536.68548584, 122.665664673, 309.016906738, 257.318481445, 197.092605591, 263.800384521, 121.702850342, 33.8559913635, -6.09112882614, 9.30662155151, 2.89758896828, 19.6691799164, 27.0803699493], [36.702747345, 192.090164185, 200.374526978, 86.6401824951, 94.7721252441, 121.702850342, 279.586639404, 232.90536499, 135.336380005, 48.3512458801, 38.8583450317, 41.5886650085, 40.5980377197], [63.7716674805, 153.134536743, 179.384811401, -6.695125103, 27.2101421356, 33.8559913635, 232.90536499, 365.15447998, 273.924713135, 120.810295105, 64.1926269531, 40.9741516113, 25.8427238464], [24.9336433411, 74.5086212158, 70.0583724976, -55.5097236633, -10.5361309052, -6.09112882614, 135.336380005, 273.924713135, 372.087188721, 217.990585327, 93.5954437256, 19.209903717, -14.4392566681], [193.221389771, -0.349338591099, 24.300573349, -34.6331138611, -6.14559745789, 9.30662155151, 48.3512458801, 120.810295105, 217.990585327, 216.684188843, 112.056518555, 34.8852577209, -8.35412120819], [99.9480667114, -1.33036422729, -17.267244339, -4.53364944458, -19.6722488403, 2.89758896828, 38.8583450317, 64.1926269531, 93.5954437256, 112.056518555, 117.395225525, 66.8141937256, 24.6046619415], [112.024833679, 16.4370136261, 23.6015911102, 36.2123451233, 5.99775362015, 19.6691799164, 41.5886650085, 40.9741516113, 19.209903717, 34.8852577209, 66.8141937256, 83.1062240601, 49.9030189514], [-47.1061401367, 38.0585327148, 21.3782844543, 49.2759971619, 11.1335372925, 27.0803699493, 40.5980377197, 25.8427238464, -14.4392566681, -8.35412120819, 24.6046619415, 49.9030189514, 72.0609970093]], "icov": [[5.96066929575e-05, 1.18010566439e-05, 2.97569167742e-05, 8.41108630993e-05, -0.000130553176859, -0.000196517881704, 0.000147657716298, -0.000124226760818, 6.88387226546e-05, -4.98717890878e-05, 3.27678280883e-05, -0.000200255031814, 0.000157274902449], [1.18010566439e-05, 0.000621778017376, -2.82667497231e-05, -0.000335494667524, -0.000555913778953, 0.000619643833488, -0.000347182358382, -2.68035873887e-05, -5.26839612576e-05, 7.25552090444e-05, -0.000179314811248, 0.000343995634466, -0.000203775241971], [2.97569167742e-05, -2.82667497231e-05, 0.00162441446446, -0.000684061844368, -0.00171533960383, -7.00376476743e-05, 0.000486344652018, -0.00129221135285, 0.000482597417431, -0.00047257571714, 0.000665927713271, -0.000516476342455, 0.000673199421726], [8.41108630993e-05, -0.000335494667524, -0.000684061844368, 0.00385737139732, 6.89630105626e-05, -0.0034447372891, 0.000946129031945, 0.00056396931177, -0.00066703162156, 0.00135661487002, -0.000632335082628, -0.000911233422812, -0.000783449213486], [-0.000130553176859, -0.000555913778953, -0.00171533960383, 6.89630105626e-05, 0.0103034144267, -0.00495729781687, -0.000991012901068, 0.00139239965938, -0.000163056683959, -0.000662550155539, 0.00261812983081, -0.00137784180697, 0.000950761372223], [-0.000196517881704, 0.000619643833488, -7.00376476743e-05, -0.0034447372891, -0.00495729781687, 0.0135248722509, -0.00560555560514, 0.00217942008749, 0.00150184275117, -0.00331694330089, 0.000642667175271, 0.00217901309952, -0.00183164642658], [0.000147657716298, -0.000347182358382, 0.000486344652018, 0.000946129031945, -0.000991012901068, -0.00560555560514, 0.0127058168873, -0.00837723445147, 0.000513633654919, 0.00265063298866, -0.00217755418271, -0.000410075532272, -0.00096799019957], [-0.000124226760818, -2.68035873887e-05, -0.00129221135285, 0.00056396931177, 0.00139239965938, 0.00217942008749, -0.00837723445147, 0.0147025668994, -0.00950323231518, 0.00336109520867, 0.000776216562372, -0.00197532004677, -0.0020682241302], [6.88387226546e-05, -5.26839612576e-05, 0.000482597417431, -0.00066703162156, -0.000163056683959, 0.00150184275117, 0.000513633654919, -0.00950323231518, 0.0164399500936, -0.0134154912084, 0.00276488461532, 0.00257891137153, 0.0019741980359], [-4.98717890878e-05, 7.25552090444e-05, -0.00047257571714, 0.00135661487002, -0.000662550155539, -0.00331694330089, 0.00265063298866, 0.00336109520867, -0.0134154912084, 0.0251385364681, -0.0186413526535, 0.00402106111869, 0.00159830809571], [3.27678280883e-05, -0.000179314811248, 0.000665927713271, -0.000632335082628, 0.00261812983081, 0.000642667175271, -0.00217755418271, 0.000776216562372, 0.00276488461532, -0.0186413526535, 0.038719881326, -0.0256577748805, 0.00359396007843], [-0.000200255031814, 0.000343995634466, -0.000516476342455, -0.000911233422812, -0.00137784180697, 0.00217901309952, -0.000410075532272, -0.00197532004677, 0.00257891137153, 0.00402106111869, -0.0256577748805, 0.0437472574413, -0.0197547022253], [0.000157274902449, -0.000203775241971, 0.000673199421726, -0.000783449213486, 0.000950761372223, -0.00183164642658, -0.00096799019957, -0.0020682241302, 0.0019741980359, 0.00159830809571, 0.00359396007843, -0.0197547022253, 0.029286166653]]}, "spectral_contrast_coeffs": {"dmean": [0.0548116117716, 0.0458096005023, 0.0546543598175, 0.0261035580188, 0.0231119822711, 0.0186306405813], "dmean2": [0.088274627924, 0.0738028213382, 0.0816474482417, 0.043472442776, 0.037305444479, 0.0297005735338], "dvar": [0.00285721826367, 0.00176898669451, 0.00241408287548, 0.000552563229576, 0.000493074650876, 0.000384626386221], "dvar2": [0.00710487738252, 0.00481050508097, 0.00506821880117, 0.00145553983748, 0.00114853400737, 0.000843717949465], "max": [-0.370733588934, -0.491055250168, -0.482650846243, -0.610807240009, -0.621765553951, -0.599056124687], "mean": [-0.690684616566, -0.762822806835, -0.75316375494, -0.842276096344, -0.82916021347, -0.809529960155], "median": [-0.695701479912, -0.762643456459, -0.76190662384, -0.845603227615, -0.830647230148, -0.816046357155], "min": [-0.936436653137, -0.963846623898, -0.974100649357, -0.959516823292, -0.945451498032, -0.940168678761], "var": [0.00881006475538, 0.00583222182468, 0.00819514878094, 0.00161956297234, 0.00149551895447, 0.00226580956951]}, "spectral_contrast_valleys": {"dmean": [0.400518268347, 0.583919584751, 0.564658105373, 0.512343883514, 0.46336582303, 0.483162850142], "dmean2": [0.583207190037, 0.881277620792, 0.861505687237, 0.730988264084, 0.652118742466, 0.654211759567], "dvar": [0.141303375363, 0.408226817846, 0.386442512274, 0.391328394413, 0.36844214797, 0.455402821302], "dvar2": [0.284584879875, 0.991696715355, 0.90140748024, 0.818870186806, 0.798447787762, 0.828626394272], "max": [-5.28133392334, -4.51489973068, -5.29661846161, -5.31963968277, -5.59271860123, -7.42289161682], "mean": [-7.88495111465, -8.26205635071, -8.47956848145, -8.77424144745