{"lowlevel": {"average_loudness": 0.800168812275, "barkbands_crest": {"dmean": 2.84021759033, "dmean2": 4.41955852509, "dvar": 5.82796382904, "dvar2": 14.3588914871, "max": 26.1719322205, "mean": 14.2450523376, "median": 13.4604320526, "min": 4.81154203415, "var": 20.9294376373}, "barkbands_flatness_db": {"dmean": 0.028274256736, "dmean2": 0.0434432178736, "dvar": 0.000604203960393, "dvar2": 0.00150782999117, "max": 0.577613830566, "mean": 0.384686052799, "median": 0.384481400251, "min": 0.0629169791937, "var": 0.00379584683105}, "barkbands_kurtosis": {"dmean": 3.43685650826, "dmean2": 5.07752943039, "dvar": 60.4568061829, "dvar2": 125.176895142, "max": 261.102996826, "mean": 5.11046695709, "median": -0.0684478282928, "min": -1.93397367001, "var": 359.928710938}, "barkbands_skewness": {"dmean": 0.709218740463, "dmean2": 1.01484942436, "dvar": 0.40754878521, "dvar2": 0.870063662529, "max": 10.1947774887, "mean": -0.0644758343697, "median": -0.206672534347, "min": -8.22086906433, "var": 3.00397896767}, "barkbands_spread": {"dmean": 1.91403341293, "dmean2": 2.99549937248, "dvar": 3.92481994629, "dvar2": 9.16619586945, "max": 34.0647277832, "mean": 8.13825893402, "median": 7.82029819489, "min": 0.206680774689, "var": 20.3632698059}, "dissonance": {"dmean": 0.0623987726867, "dmean2": 0.107622392476, "dvar": 0.00374097493477, "dvar2": 0.0101196719334, "max": 0.499988347292, "mean": 0.393261581659, "median": 0.410803377628, "min": 0.0483315624297, "var": 0.00626555737108}, "dynamic_complexity": 4.85698461533, "erbbands_crest": {"dmean": 3.58501982689, "dmean2": 5.66420316696, "dvar": 10.097618103, "dvar2": 24.991191864, "max": 33.4827156067, "mean": 18.6322631836, "median": 18.1918525696, "min": 2.95646047592, "var": 31.4443645477}, "erbbands_flatness_db": {"dmean": 0.0230202991515, "dmean2": 0.0342383421957, "dvar": 0.000453127315268, "dvar2": 0.00106785958633, "max": 0.603951692581, "mean": 0.452143728733, "median": 0.452509939671, "min": 0.047214191407, "var": 0.00254975189455}, "erbbands_kurtosis": {"dmean": 3.61617279053, "dmean2": 5.51696968079, "dvar": 51.7297325134, "dvar2": 112.509468079, "max": 246.051391602, "mean": 6.12006664276, "median": 1.11863875389, "min": -1.94258511066, "var": 385.916870117}, "erbbands_skewness": {"dmean": 0.71649235487, "dmean2": 1.03421986103, "dvar": 0.417573481798, "dvar2": 0.915269315243, "max": 11.0161104202, "mean": -0.852296113968, "median": -0.999742984772, "min": -6.77043199539, "var": 3.69303131104}, "erbbands_spread": {"dmean": 2.9223408699, "dmean2": 4.52595758438, "dvar": 11.3299674988, "dvar2": 27.0384731293, "max": 100.52431488, "mean": 10.3056049347, "median": 9.94542884827, "min": 0.38032078743, "var": 38.7621803284}, "hfc": {"dmean": 7.23929548264, "dmean2": 9.85183238983, "dvar": 141.166595459, "dvar2": 253.661621094, "max": 214.204544067, "mean": 17.967092514, "median": 11.9679641724, "min": 1.14349461114e-16, "var": 425.159698486}, "melbands_crest": {"dmean": 3.26836967468, "dmean2": 5.18380498886, "dvar": 8.84442996979, "dvar2": 23.7900123596, "max": 32.3139648438, "mean": 16.9454975128, "median": 15.8959093094, "min": 2.45898365974, "var": 31.8966388702}, "melbands_flatness_db": {"dmean": 0.0280871968716, "dmean2": 0.0428090952337, "dvar": 0.000697410840075, "dvar2": 0.00166968780104, "max": 0.674898862839, "mean": 0.461247473955, "median": 0.465730220079, "min": 0.00754077639431, "var": 0.00553648592904}, "melbands_kurtosis": {"dmean": 3.09390878677, "dmean2": 4.63274431229, "dvar": 43.6075592041, "dvar2": 93.6052474976, "max": 190.671569824, "mean": 4.26001310349, "median": -0.431535959244, "min": -1.93991696835, "var": 221.021362305}, "melbands_skewness": {"dmean": 0.690963387489, "dmean2": 1.00137329102, "dvar": 0.391132295132, "dvar2": 0.869074881077, "max": 9.30655002594, "mean": 0.551012456417, "median": 0.372478604317, "min": -5.11468601227, "var": 2.76686286926}, "melbands_spread": {"dmean": 3.5389289856, "dmean2": 5.48431348801, "dvar": 18.2593517303, "dvar2": 37.5456428528, "max": 113.775482178, "mean": 15.2419700623, "median": 14.1568880081, "min": 0.396644622087, "var": 101.201446533}, "pitch_salience": {"dmean": 0.0602868832648, "dmean2": 0.0966965183616, "dvar": 0.00289682694711, "dvar2": 0.00751894619316, "max": 0.925771176815, "mean": 0.393570393324, "median": 0.396320253611, "min": 0.0973520502448, "var": 0.00746580772102}, "silence_rate_20dB": {"dmean": 0, "dmean2": 0, "dvar": 0, "dvar2": 0, "max": 1, "mean": 1, "median": 1, "min": 1, "var": 0}, "silence_rate_30dB": {"dmean": 0.00527704507113, "dmean2": 0.0105562321842, "dvar": 0.00524950865656, "dvar2": 0.0132869426161, "max": 1, "mean": 0.995738625526, "median": 1, "min": 0, "var": 0.00424342695624}, "silence_rate_60dB": {"dmean": 0.0316622704268, "dmean2": 0.063337393105, "dvar": 0.0306602809578, "dvar2": 0.067847892642, "max": 1, "mean": 0.124797075987, "median": 0, "min": 0, "var": 0.109221048653}, "spectral_centroid": {"dmean": 115.732040405, "dmean2": 170.840774536, "dvar": 37388.0195312, "dvar2": 53487.9335938, "max": 11165.1738281, "mean": 897.225646973, "median": 832.057617188, "min": 336.88394165, "var": 145695.5}, "spectral_complexity": {"dmean": 1.18002843857, "dmean2": 1.99147379398, "dvar": 1.43319344521, "dvar2": 3.48842835426, "max": 17, "mean": 7.0734577179, "median": 7, "min": 0, "var": 7.74019241333}, "spectral_decrease": {"dmean": 1.6038795847e-09, "dmean2": 2.08244532729e-09, "dvar": 4.91470394924e-18, "dvar2": 8.43083325265e-18, "max": -5.07557230317e-29, "mean": -4.75686867674e-09, "median": -3.39844907771e-09, "min": -3.62092258399e-08, "var": 2.17882152673e-17}, "spectral_energy": {"dmean": 0.00667355256155, "dmean2": 0.00870447512716, "dvar": 8.7003572844e-05, "dvar2": 0.00015028710186, "max": 0.156091079116, "mean": 0.0195831973106, "median": 0.0140721127391, "min": 1.05633896514e-20, "var": 0.000370557332644}, "spectral_energyband_high": {"dmean": 2.19059711526e-06, "dmean2": 4.15668500864e-06, "dvar": 2.25446494806e-10, "dvar2": 6.67512822794e-10, "max": 0.000308326707454, "mean": 1.67535119999e-06, "median": 2.09876105828e-07, "min": 7.86128381922e-21, "var": 1.22521423562e-10}, "spectral_energyband_low": {"dmean": 2.21545906243e-05, "dmean2": 3.67682732758e-05, "dvar": 3.48917494897e-09, "dvar2": 9.56679446773e-09, "max": 0.00183532945812, "mean": 4.95388921991e-05, "median": 3.3993179386e-05, "min": 1.72924274213e-23, "var": 4.50291226528e-09}, "spectral_energyband_middle_high": {"dmean": 0.00461299857125, "dmean2": 0.00634936057031, "dvar": 5.95788333158e-05, "dvar2": 0.000106407736894, "max": 0.141086488962, "mean": 0.00976286549121, "median": 0.00588166434318, "min": 1.80570417715e-21, "var": 0.000156652793521}, "spectral_energyband_middle_low": {"dmean": 0.00345526169986, "dmean2": 0.00437309453264, "dvar": 2.527696779e-05, "dvar2": 3.84313934774e-05, "max": 0.0859810858965, "mean": 0.00972111150622, "median": 0.00484791584313, "min": 2.78351577269e-22, "var": 0.000148377657752}, "spectral_entropy": {"dmean": 0.238831400871, "dmean2": 0.364865005016, "dvar": 0.0696325749159, "dvar2": 0.175628751516, "max": 9.8047246933, "mean": 5.39887619019, "median": 5.41652774811, "min": 3.82961297035, "var": 0.230466216803}, "spectral_flux": {"dmean": 0.0191753152758, "dmean2": 0.0314817242324, "dvar": 0.000493936880957, "dvar2": 0.00128723005764, "max": 0.247432351112, "mean": 0.0492172501981, "median": 0.0439432635903, "min": 1.02778355271e-10, "var": 0.000968428212218}, "spectral_kurtosis": {"dmean": 32.9337310791, "dmean2": 56.7683334351, "dvar": 905.866760254, "dvar2": 2556.30834961, "max": 339.328948975, "mean": 95.7842483521, "median": 91.2337493896, "min": -1.18312644958, "var": 2895.10766602}, "spectral_rms": {"dmean": 0.000694511749316, "dmean2": 0.000908413727302, "dvar": 5.36746938451e-07, "dvar2": 9.27946473439e-07, "max": 0.0123403389007, "mean": 0.00386799126863, "median": 0.00370525149629, "min": 3.21025627956e-12, "var": 4.1442458496e-06}, "spectral_rolloff": {"dmean": 115.952972412, "dmean2": 208.664001465, "dvar": 183372.90625, "dvar2": 247586.296875, "max": 19616.7480469, "mean": 1257.88098145, "median": 1248.92578125, "min": 150.732421875, "var": 323509.46875}, "spectral_skewness": {"dmean": 1.91077291965, "dmean2": 3.36429381371, "dvar": 2.59502267838, "dvar2": 7.39109277725, "max": 15.5685520172, "mean": 6.42555761337, "median": 6.34698200226, "min": -0.0176593177021, "var": 6.60235691071}, "spectral_spread": {"dmean": 307051.9375, "dmean2": 532672.875, "dvar": 272797925376, "dvar2": 298120577024, "max": 40959996, "mean": 1011921.75, "median": 907850.75, "min": 222445.515625, "var": 682235920384}, "spectral_strongpeak": {"dmean": 1.35665082932, "dmean2": 2.03238201141, "dvar": 3.15717029572, "dvar2": 6.39952754974, "max": 21.7153263092, "mean": 3.21013307571, "median": 2.44424057007, "min": 0, "var": 9.41778850555}, "zerocrossingrate": {"dmean": 0.00464724423364, "dmean2": 0.00538457464427, "dvar": 0.000111731489596, "dvar2": 0.000120448574307, "max": 0.50732421875, "mean": 0.0452549904585, "median": 0.04345703125, "min": 0.00244140625, "var": 0.000358645862434}, "barkbands": {"dmean": [3.7204092223e-05, 9.17335728445e-06, 7.6277892731e-06, 3.20016406476e-05, 0.000347100547515, 0.00229914486408, 0.00117906241212, 0.000340168451658, 0.000222987466259, 0.000172332540387, 0.000144062170875, 0.00104965420906, 0.00143702537753, 0.00183292524889, 0.000374967232347, 0.000457325484604, 6.09050857747e-06, 2.37859080698e-06, 1.82963060524e-06, 9.50944922806e-07, 1.6073503275e-06, 9.61083586049e-08, 1.88823978675e-08, 4.53200987849e-09, 1.64249669421e-09, 9.6778063341e-10, 8.41463065893e-10], "dmean2": [6.0944690631e-05, 1.52810480358e-05, 1.35841628435e-05, 4.90554739372e-05, 0.000535511353519, 0.00259327259846, 0.00207191845402, 0.000472452200484, 0.000305458932417, 0.000228530116146, 0.000208561323234, 0.00143753213342, 0.00204052845947, 0.00252741668373, 0.000534301740117, 0.000678872282151, 1.04529799501e-05, 4.176578841e-06, 3.34292394655e-06, 1.7721400809e-06, 3.03219508169e-06, 1.82569337426e-07, 3.18455661841e-08, 7.59495399905e-09, 2.73857780897e-09, 1.71674896521e-09, 1.51861045961e-09], "dvar": [2.86963830476e-09, 1.62172789087e-10, 1.31771413225e-10, 9.99036586791e-08, 1.55421128056e-06, 1.91994749912e-05, 3.682111128e-06, 1.80349582024e-06, 3.41838898521e-07, 5.91358855218e-07, 6.80483310589e-07, 4.8247165978e-06, 9.31332942855e-06, 2.52023837675e-05, 2.50810307989e-06, 3.10461473418e-06, 1.93987825803e-09, 1.18989249009e-10, 1.08782351183e-10, 3.38484379414e-11, 1.27759330892e-10, 1.06181675865e-12, 3.13679805533e-15, 9.75787315367e-17, 8.41819558726e-18, 2.70431336394e-18, 1.63639145008e-18], "dvar2": [5.86520343404e-09, 4.2779457754e-10, 3.88564153075e-10, 1.70644668174e-07, 3.59756745638e-06, 2.11968799704e-05, 1.11401823233e-05, 2.95537097372e-06, 5.77647938371e-07, 8.34493675939e-07, 1.40825045492e-06, 8.80303832673e-06, 1.76058874786e-05, 4.50656334579e-05, 4.96044367537e-06, 6.56380279906e-06, 5.75878233988e-09, 3.51979168034e-10, 3.21741827625e-10, 9.90275014767e-11, 3.78789832833e-10, 3.16402286316e-12, 8.80201741029e-15, 2.83481704534e-16, 2.2133205831e-17, 8.0594341207e-18, 5.04201118142e-18], "max": [0.000969413435087, 0.000240936002228, 0.000283941597445, 0.0117596816272, 0.0304225925356, 0.0741447284818, 0.0265005454421, 0.0332970134914, 0.0184410531074, 0.047649204731, 0.0256918016821, 0.0416260324419, 0.0528112761676, 0.0894828885794, 0.0460083223879, 0.0385561212897, 0.00154209474567, 0.00043561423081, 0.000275000697002, 0.000113318594231, 0.000277267361525, 3.77607975679e-05, 1.56217788572e-06, 2.27903214522e-07, 5.66158426807e-08, 3.18639727936e-08, 1.61575197666e-08], "mean": [8.49143325468e-05, 1.30029575303e-05, 8.54457812238e-06, 6.4790227043e-05, 0.000853410980199, 0.005065117497, 0.00231499085203, 0.00090491597075, 0.000494096544571, 0.000551207689568, 0.000282440683804, 0.00214814883657, 0.00238992646337, 0.00288760242984, 0.00074410502566, 0.000761691422667, 7.14927364243e-06, 3.25231371789e-06, 1.81459733994e-06, 7.48495551761e-07, 1.22641654343e-06, 8.55266435451e-08, 3.66131303053e-08, 1.08931947906e-08, 3.86262000163e-09, 1.82073212063e-09, 1.10365616646e-09], "median": [4.43745411758e-05, 7.83454379416e-06, 5.24518691236e-06, 3.04922650685e-06, 1.13241967483e-05, 0.00106478203088, 0.00138245522976, 4.98573936056e-05, 0.000182178613613, 0.000124427548144, 6.88704449203e-06, 0.000254772166954, 0.000467181787826, 8.69817013154e-05, 2.54573315033e-05, 9.68747372099e-06, 2.50923176282e-06, 1.65223684689e-06, 5.25139000729e-07, 5.34509752015e-08, 1.05756541302e-07, 1.13435056903e-08, 1.17223981633e-08, 4.59752902415e-09, 1.81631532037e-09, 1.05650377336e-09, 4.73705574766e-10], "min": [7.58666120086e-25, 1.01396899096e-23, 3.01189144652e-24, 1.99668773047e-23, 4.00162947037e-23, 5.53718571879e-23, 4.33650755106e-23, 2.74755362351e-23, 5.28541697436e-23, 1.01058622918e-22, 1.57873230971e-22, 1.42592919506e-22, 2.78467243211e-22, 6.58207490179e-23, 1.12660166748e-22, 1.00802874212e-22, 1.61584916193e-22, 1.71419499948e-22, 2.05854414421e-22, 4.66845106919e-22, 4.14126529744e-22, 5.60325502841e-22, 4.79245192556e-22, 8.23032744048e-22, 1.22673802996e-21, 1.81072643171e-21, 2.57878604673e-21], "var": [1.12097309213e-08, 2.25465618398e-10, 1.14700644815e-10, 2.7848523132e-07, 6.01620831731e-06, 9.97903771349e-05, 1.00210982055e-05, 8.76190097188e-06, 1.26343661577e-06, 4.70121221952e-06, 2.50837933891e-06, 1.66776062542e-05, 2.19718476728e-05, 6.01342944719e-05, 8.09179073258e-06, 7.99481495051e-06, 1.07188047327e-09, 7.15563858167e-11, 6.08249700607e-11, 1.89146927287e-11, 6.98052518566e-11, 5.73639009557e-13, 7.06418320582e-15, 3.60074314683e-16, 3.456440364e-17, 6.06633664449e-18, 3.55985407059e-18]}, "erbbands": {"dmean": [0.000236645486439, 0.0023812900763, 0.00940106157213, 0.0432257317007, 0.266217052937, 0.860722720623, 5.27451229095, 25.140329361, 22.2511425018, 8.87241077423, 6.30992126465, 3.32667970657, 5.47742176056, 6.30611944199, 19.2595024109, 33.7875747681, 50.6195335388, 125.220840454, 17.0165214539, 17.9036026001, 31.0078811646, 2.18829083443, 0.192605465651, 0.101912096143, 0.0759695470333, 0.0475768558681, 0.08998093009, 0.0271137803793, 0.0047148168087, 0.000975418253802, 0.000437405280536, 0.000126205311972, 8.36116596474e-05, 2.45364335569e-05, 1.46835427586e-05, 7.20936532161e-06, 3.54702501681e-06, 1.30646765228e-06, 3.68922133021e-06, 8.02922932053e-06], "dmean2": [0.000414207606809, 0.00390822952613, 0.0162427090108, 0.0685664713383, 0.378169327974, 1.33755123615, 7.80635356903, 27.5933036804, 35.3873672485, 13.4417381287, 8.35243225098, 4.59751558304, 7.54169750214, 8.50856113434, 26.7585296631, 46.1961708069, 70.0177078247, 173.743652344, 24.0080432892, 26.1471157074, 46.1804885864, 3.29989552498, 0.319978952408, 0.183509588242, 0.135809242725, 0.0884220227599, 0.169344767928, 0.052351962775, 0.00897746533155, 0.00176058616489, 0.000715503527317, 0.000214450905332, 0.000135007212521, 3.93660593545e-05, 2.2441816327e-05, 1.08272306534e-05, 5.07371350977e-06, 1.89137244888e-06, 4.84892598251e-06, 1.05287072074e-05], "dvar": [1.7324164503e-07, 1.02823760244e-05, 0.000189970087376, 0.151237532496, 5.9434633255, 10.2469043732, 400.368225098, 2455.44750977, 1110.38659668, 584.760192871, 672.945983887, 89.572883606, 234.130432129, 541.773254395, 2056.12451172, 5091.62451172, 10348.2285156, 113394.257812, 4297.22265625, 7498.50292969, 14526.8896484, 60.4047393799, 0.618053615093, 0.207220703363, 0.216874822974, 0.0775014013052, 0.387371987104, 0.11385294795, 0.00216805608943, 3.23072163155e-05, 1.24180064631e-06, 8.84520048317e-08, 3.43710766515e-08, 1.81110137998e-09, 6.85049794669e-10, 1.30298952183e-10, 2.45992635983e-11, 4.05744014775e-12, 2.83472897933e-11, 1.29784363812e-10], "dvar2": [5.07878610279e-07, 2.49926415563e-05, 0.000496566237416, 0.265331536531, 9.97584152222, 24.0904502869, 848.95300293, 2581.89379883, 3319.97998047, 1109.18591309, 1077.36108398, 149.03012085, 377.57598877, 886.89465332, 3990.64282227, 8867.90332031, 18319.6289062, 202656.9375, 8660, 14860.1298828, 30713.2578125, 132.202148438, 1.77950465679, 0.613709211349, 0.63935983181, 0.226847752929, 1.14478707314, 0.339855104685, 0.00645470712334, 9.46603977354e-05, 3.20940876009e-06, 2.58811923004e-07, 9.51963130547e-08, 4.70606220659e-09, 1.57828583536e-09, 3.11347309045e-10, 4.73786739008e-11, 7.60904100144e-12, 4.94936244766e-11, 2.25862883951e-10], "max": [0.00962692685425, 0.0492945723236, 0.320100843906, 14.1452732086, 90.4030609131, 63.295135498, 766.995361328, 843.591796875, 502.868499756, 629.45111084, 677.065673828, 301.514587402, 782.109008789, 1036.8380127, 856.075866699, 1115.30310059, 1694.11071777, 6229.84423828, 1861.65710449, 3253.44580078, 2642.20947266, 164.189300537, 30.5358505249, 10.1808643341, 15.5561256409, 5.83728837967, 14.498254776, 13.6760978699, 1.472692132, 0.196758702397, 0.0326546952128, 0.00659738527611, 0.00354097574018, 0.000894074270036, 0.00068966037361, 0.000253907084698, 9.0533758339e-05, 3.69789704564e-05, 9.34665949899e-05, 0.000194960084627], "mean": [0.000407312443713, 0.00336572597735, 0.0120958369225, 0.0869425833225, 0.55308163166, 2.00564885139, 14.1161851883, 53.8498497009, 46.3493537903, 24.3020744324, 17.2381267548, 8.05660152435, 15.9318733215, 18.4208374023, 39.6894187927, 72.2156143188, 91.6253433228, 204.841445923, 30.9554862976, 34.743637085, 51.3065490723, 3.56217551231, 0.310118287802, 0.120322279632, 0.0817239359021, 0.0419306345284, 0.0687100812793, 0.0181943774223, 0.00415007863194, 0.00142498116475, 0.000949106703047, 0.000314934819471, 0.000191681698197, 7.07420986146e-05, 4.19530515501e-05, 2.20575020649e-05, 1.09981283458e-05, 3.51183712155e-06, 1.06584293462e-05, 2.32525871979e-05], "median": [0.000283298955765, 0.00194587779697, 0.0067186113447, 0.0103964060545, 0.0184015017003, 0.0731330960989, 0.982012271881, 11.9532241821, 28.207862854, 5.83151721954, 1.51441335678, 3.1825003624, 7.46734046936, 4.85496425629, 7.10957336426, 12.1682987213, 23.8360519409, 12.0372800827, 4.58998394012, 0.76923418045, 0.568493127823, 0.218708664179, 0.140244781971, 0.057648204267, 0.0206255726516, 0.00606029760092, 0.00619370955974, 0.00121087068692, 0.000631919014268, 0.000350394519046, 0.000362888007658, 0.000156337890076, 0.000107926156488, 4.85295095132e-05, 2.93805314868e-05, 1.66690770129e-05, 8.34520596982e-06, 2.32811339629e-06, 7.721275324e-06, 1.67297584994e-05], "min": [4.0743181434e-22, 1.54831418661e-21, 3.94423505586e-21, 2.83240794281e-20, 1.13248224915e-19, 1.41184130453e-19, 1.69092558086e-19, 6.30028782695e-19, 6.12340921163e-19, 6.0157433831e-19, 7.39528677438e-19, 1.42116939445e-18, 2.94526942202e-18, 3.94614658947e-18, 5.74307239315e-18, 6.53720796742e-18, 1.24799352907e-17, 5.98851466528e-18, 4.87129681942e-18, 5.86427172369e-18, 6.76285456671e-18, 9.23948088358e-18, 8.11130992564e-18, 1.13775483796e-17, 1.75460046066e-17, 2.00759844866e-17, 1.61860717031e-17, 1.53786739421e-17, 1.99600303083e-17, 1.85151426472e-17, 1.32524764879e-17, 1.70149546533e-17, 1.34503835853e-17, 1.12992722782e-17, 9.3737066544e-18, 5.67311855593e-18, 3.35026987122e-18, 1.80944869777e-18, 3.73234025346e-19, 3.38201000625e-20], "var": [1.93724702058e-07, 1.64007833519e-05, 0.000288958020974, 0.411795049906, 17.7240543365, 31.2365016937, 2497.80444336, 12192.8076172, 3257.55859375, 3119.46264648, 3226.03417969, 432.917297363, 1707.15771484, 3148.59033203, 7146.37646484, 18414.2832031, 28570.0546875, 273300.53125, 11530.15625, 23903.9550781, 37020.7890625, 146.203536987, 0.50421833992, 0.119040317833, 0.126354694366, 0.0445624515414, 0.212691023946, 0.0589323490858, 0.00117458088789, 2.52134050243e-05, 4.32088563684e-06, 2.41729139816e-07, 1.05015537599e-07, 7.49911421849e-09, 2.52200549333e-09, 4.50060572144e-10, 1.01951315445e-10, 1.47976891157e-11, 1.11333303687e-10, 5.27636323522e-10]}, "gfcc": {"mean": [-232.509963989, 194.07434082, -169.715545654, -75.1329116821, -31.8057632446, -20.1003322601, -30.4080505371, -19.2271938324, -3.46789717674, 2.53864407539, 16.5740222931, 1.80363643169, 1.54144132137], "cov": [[16713.234375, 2364.58544922, -2482.44091797, 637.723510742, 973.819580078, -1144.81433105, -1783.15100098, -1742.98962402, 837.18548584, 1669.29943848, 1332.12145996, -45.7673454285, 92.7932357788], [2364.58544922, 1503.80480957, 1.66466903687, -356.617095947, 417.516693115, -263.496673584, -385.502166748, -357.990600586, -103.456352234, 19.5218524933, 428.85736084, 91.8067779541, -147.282333374], [-2482.44091797, 1.66466903687, 733.081054688, -220.028762817, -218.855133057, 155.635116577, 252.273513794, 147.09034729, -348.487609863, -425.74432373, -150.879440308, 22.1074199677, -84.7346038818], [637.723510742, -356.617095947, -220.028762817, 650.110961914, -65.5805664062, -113.962654114, -56.0911750793, 4.98850250244, 98.8188247681, 4.53681182861, -209.94039917, -55.4915771484, 131.232299805], [973.819580078, 417.516693115, -218.855133057, -65.5805664062, 507.597839355, -111.477104187, -298.433319092, -78.2578125, 204.124237061, 175.198135376, 126.877082825, 59.1133041382, 35.6814155579], [-1144.81433105, -263.496673584, 155.635116577, -113.962654114, -111.477104187, 311.099945068, 271.99206543, 72.2120361328, -141.825241089, -96.7360305786, -5.14252996445, 5.80560112, -113.756126404], [-1783.15100098, -385.502166748, 252.273513794, -56.0911750793, -298.433319092, 271.99206543, 471.433685303, 232.938323975, -194.279953003, -221.190170288, -128.948867798, -21.2457389832, -95.9277877808], [-1742.98962402, -357.990600586, 147.09034729, 4.98850250244, -78.2578125, 72.2120361328, 232.938323975, 404.886352539, 104.049957275, -154.851318359, -231.014633179, -5.95943689346, 50.9319801331], [837.18548584, -103.456352234, -348.487609863, 98.8188247681, 204.124237061, -141.825241089, -194.279953003, 104.049957275, 455.488739014, 324.167510986, -22.037979126, -39.0429611206, 121.417739868], [1669.29943848, 19.5218524933, -425.74432373, 4.53681182861, 175.198135376, -96.7360305786, -221.190170288, -154.851318359, 324.167510986, 512.06048584, 231.29598999, -45.6913261414, 21.2999286652], [1332.12145996, 428.85736084, -150.879440308, -209.94039917, 126.877082825, -5.14252996445, -128.948867798, -231.014633179, -22.037979126, 231.29598999, 443.288513184, 96.4572067261, -139.590209961], [-45.7673454285, 91.8067779541, 22.1074199677, -55.4915771484, 59.1133041382, 5.80560112, -21.2457389832, -5.95943689346, -39.0429611206, -45.6913261414, 96.4572067261, 172.060317993, 35.3753967285], [92.7932357788, -147.282333374, -84.7346038818, 131.232299805, 35.6814155579, -113.756126404, -95.9277877808, 50.9319801331, 121.417739868, 21.2999286652, -139.590209961, 35.3753967285, 209.474700928]], "icov": [[0.000491822022013, -0.00061045208713, 0.00107559934258, -0.000335143122356, 0.000500043854117, 0.000151944317622, -0.000220010129851, 0.00157725554891, -0.00107950088568, 0.000593983975705, -0.000657950586174, 0.000431860418757, -0.000435002148151], [-0.00061045208713, 0.00449454691261, -0.00218443851918, 0.00160117784981, -0.00366254872642, 0.00449921889231, -0.00309538235888, 0.00279492209665, -0.00270606321283, 0.00523671368137, -0.00393651938066, 0.0019170435844, 0.000602987594903], [0.00107559934258, -0.00218443851918, 0.00667180493474, 0.00032671232475, 0.00269229593687, -0.00126424722839, 0.00262954551727, -0.000247932446655, 0.00204490777105, 4.38350107288e-05, 0.00142253364902, -0.00027152421535, 0.000405149825383], [-0.000335143122356, 0.00160117784981, 0.00032671232475, 0.00330680259503, -0.000643082195893, 0.00204535573721, -0.000840179971419, 0.00108229217585, -0.000452617678093, 0.00149516225792, 0.00124031922314, -0.000422492827056, 0.000915327342227], [0.000500043854117, -0.00366254872642, 0.00269229593687, -0.000643082195893, 0.00747555913404, -0.00532676978037, 0.00693131657317, -0.00370917608961, 0.0018093646504, -0.00410333415493, 0.00376213365234, -0.00312265474349, 0.00100803899113], [0.000151944317622, 0.00449921889231, -0.00126424722839, 0.00204535573721, -0.00532676978037, 0.0153848510236, -0.0114092445001, 0.00924801919609, -0.005698048044, 0.00571919325739, -0.0031339568086, -0.000102381571196, 0.0037421984598], [-0.000220010129851, -0.00309538235888, 0.00262954551727, -0.000840179971419, 0.00693131657317, -0.0114092445001, 0.0203693620861, -0.0173890497535, 0.0150844864547, -0.011511605233, 0.0077372812666, -0.00387855339795, 0.00392875494435], [0.00157725554891, 0.00279492209665, -0.000247932446655, 0.00108229217585, -0.00370917608961, 0.00924801919609, -0.0173890497535, 0.0281949527562, -0.0246540289372, 0.0188641101122, -0.00922969449311, 0.00434570992365, -0.0031888356898], [-0.00107950088568, -0.00270606321283, 0.00204490777105, -0.000452617678093, 0.0018093646504, -0.005698048044, 0.0150844864547, -0.0246540289372, 0.030678877607, -0.0240569114685, 0.0143865998834, -0.00711847981438, 0.00463892286643], [0.000593983975705, 0.00523671368137, 4.38350107288e-05, 0.00149516225792, -0.00410333415493, 0.00571919325739, -0.011511605233, 0.0188641101122, -0.0240569114685, 0.0291559342295, -0.0205359533429, 0.0138530470431, -0.00859847664833], [-0.000657950586174, -0.00393651938066, 0.00142253364902, 0.00124031922314, 0.00376213365234, -0.0031339568086, 0.0077372812666, -0.00922969449311, 0.0143865998834, -0.0205359533429, 0.0252247024328, -0.0176806375384, 0.0143110854551], [0.000431860418757, 0.0019170435844, -0.00027152421535, -0.000422492827056, -0.00312265474349, -0.000102381571196, -0.00387855339795, 0.00434570992365, -0.00711847981438, 0.0138530470431, -0.0176806375384, 0.0203093327582, -0.0135394213721], [-0.000435002148151, 0.000602987594903, 0.000405149825383, 0.000915327342227, 0.00100803899113, 0.0037421984598, 0.00392875494435, -0.0031888356898, 0.00463892286643, -0.00859847664833, 0.0143110854551, -0.0135394213721, 0.0194245595485]]}, "melbands": {"dmean": [2.97621068057e-06, 4.16470538767e-06, 1.57092090376e-05, 2.61170243903e-05, 0.000148638311657, 0.000517928041518, 0.000320927443681, 8.89130533324e-05, 4.25175749115e-05, 2.69237843895e-05, 2.89640775009e-05, 2.67569230346e-05, 4.37780909124e-05, 0.000129246196593, 5.58944229851e-05, 0.000222811650019, 0.000208622863283, 1.97461431526e-05, 1.98158959392e-05, 2.12136292248e-05, 3.69090885215e-05, 4.10292926745e-07, 1.51474765175e-07, 1.4560555428e-07, 7.23203115172e-08, 7.52189208697e-08, 3.22634967631e-08, 2.83000431978e-08, 7.11835426159e-08, 2.71550693043e-08, 1.1350647533e-08, 2.76277090094e-09, 8.94082308189e-10, 5.18627529811e-10, 2.85052204063e-10, 1.55661261658e-10, 6.10824238412e-11, 7.7804866716e-11, 2.55151438172e-11, 1.75098928412e-11], "dmean2": [5.02774673805e-06, 7.04720878275e-06, 2.33365863096e-05, 3.98089250666e-05, 0.000226797390496, 0.000572857039515, 0.000503046845552, 0.00012821368, 5.65881018701e-05, 3.71935275325e-05, 3.97297117161e-05, 3.60040539817e-05, 6.19103448116e-05, 0.000176168381586, 7.87106255302e-05, 0.000309769675368, 0.000289714196697, 2.84057005047e-05, 2.86238991976e-05, 3.08825983666e-05, 5.52232995688e-05, 6.94276081958e-07, 2.61891614173e-07, 2.51731279377e-07, 1.3340540761e-07, 1.36024794983e-07, 5.7593190661e-08, 5.32728776648e-08, 1.33172775918e-07, 5.24403418467e-08, 2.19506315347e-08, 5.27315258125e-09, 1.624246182e-09, 9.05689467867e-10, 4.62528237932e-10, 2.66310418162e-10, 1.05433051178e-10, 1.25866206346e-10, 4.35483836492e-11, 2.94911352283e-11], "dvar": [1.85708289024e-11, 3.25732531226e-11, 2.34944987909e-08, 1.54357859827e-08, 3.3120446119e-07, 1.01034095223e-06, 2.22817206463e-07, 6.85960515057e-08, 3.06649283743e-08, 5.1791606559e-09, 6.99358215783e-09, 1.0807245765e-08, 1.81782713327e-08, 7.82151516887e-08, 2.6855838442e-08, 2.74055338423e-07, 3.22266828334e-07, 9.59693036151e-09, 7.30412086369e-09, 7.62791962927e-09, 2.0540188217e-08, 7.70269872191e-12, 1.184179599e-12, 2.58944748239e-13, 1.48145940502e-13, 2.3504519186e-13, 2.96011790925e-14, 3.27973427225e-14, 2.54460596474e-13, 7.33219976162e-14, 2.67457412418e-14, 8.62121039265e-16, 3.11008098181e-17, 4.21703417802e-18, 5.56670166673e-19, 1.18606817245e-19, 1.93485251627e-20, 3.39792224705e-20, 2.37905969315e-21, 9.61351892849e-22], "dvar2": [5.05496443315e-11, 8.76589009713e-11, 3.9162337373e-08, 2.87334973592e-08, 7.19954641681e-07, 1.06095455976e-06, 6.43301973469e-07, 1.24372078858e-07, 4.97646368558e-08, 8.76242456371e-09, 1.10102584827e-08, 1.68423301972e-08, 3.70049697551e-08, 1.44321433027e-07, 4.92481788683e-08, 4.88838452384e-07, 5.76410855047e-07, 1.93701996665e-08, 1.45327270218e-08, 1.49414596251e-08, 4.36423164274e-08, 2.26682336096e-11, 3.53738089168e-12, 7.5377117742e-13, 4.3998417648e-13, 6.95705862711e-13, 8.589706908e-14, 9.64583095472e-14, 7.51075362928e-13, 2.18394868704e-13, 7.98400110131e-14, 2.57256230411e-15, 9.16754545249e-17, 1.2165140128e-17, 1.36836146036e-18, 3.3395917967e-19, 5.67859425894e-20, 9.43538558357e-20, 6.73108045266e-21, 2.58116055592e-21], "max": [8.30148928799e-05, 0.000102335296106, 0.00570427021012, 0.00378774688579, 0.0207607578486, 0.0172447748482, 0.00724573386833, 0.00569995725527, 0.00446072546765, 0.00213284906931, 0.00455649150535, 0.00521210255101, 0.00374728417955, 0.00579064479098, 0.00345940585248, 0.00972299557179, 0.0104678859934, 0.002788270358, 0.00293214246631, 0.00285798194818, 0.00312588899396, 9.60194884101e-05, 3.08236376441e-05, 1.81518753379e-05, 8.96820529306e-06, 1.60935578606e-05, 4.23803976446e-06, 3.54508370037e-06, 1.23437257571e-05, 8.61440003064e-06, 6.38250230622e-06, 1.0491677358e-06, 1.72366782181e-07, 6.340435732e-08, 2.08986161709e-08, 7.11505432349e-09, 2.87210477623e-09, 3.3797291632e-09, 9.99169302851e-10, 5.66755198328e-10], "mean": [6.5636590989e-06, 5.55645465283e-06, 3.28298301611e-05, 4.94250234624e-05, 0.000394243135815, 0.00112621975131, 0.000687422696501, 0.000252255762462, 0.000112176581752, 5.96231329837e-05, 8.42762165121e-05, 7.85748270573e-05, 8.83591055754e-05, 0.000260899192654, 0.000112495552457, 0.000377585121896, 0.000336321478244, 3.38590725733e-05, 3.87970103475e-05, 4.35985093645e-05, 5.84672707191e-05, 4.60115671785e-07, 2.38186132151e-07, 1.83633346751e-07, 7.12112893098e-08, 7.74086430511e-08, 3.19861754861e-08, 2.17424656057e-08, 5.59389974342e-08, 1.69109029002e-08, 7.61214824507e-09, 2.33343988576e-09, 1.00835884087e-09, 7.48761774805e-10, 6.05726913072e-10, 2.95151403318e-10, 1.20135970616e-10, 1.45410267161e-10, 5.30190093218e-11, 3.65686023129e-11], "median": [4.55728786619e-06, 3.19324544762e-06, 1.72441878021e-06, 1.43129454955e-06, 1.78225709533e-05, 0.000260596221779, 0.000407696177717, 3.46074011759e-05, 7.68936206441e-06, 2.16591452045e-05, 3.92035435652e-05, 1.66357021953e-05, 1.05995368358e-05, 3.11970798066e-05, 7.09080632078e-06, 5.39255270269e-05, 9.79063770501e-06, 3.36254470312e-06, 1.58674538397e-06, 4.07822312809e-07, 5.86184626172e-07, 1.07923654014e-07, 1.45447046407e-07, 5.92857745119e-08, 2.60385135675e-08, 2.21267058009e-08, 4.47769110679e-09, 1.68010827473e-09, 4.40286340719e-09, 6.13300465968e-10, 2.15437778728e-10, 2.50738596552e-10, 1.75287007131e-10, 1.33612745867e-10, 1.68527219957e-10, 1.22605647856e-10, 2.76075256406e-11, 6.23750218143e-11, 2.22216828272e-11, 1.48190765215e-11], "min": [2.75141292827e-24, 2.21181806682e-24, 8.33154103986e-24, 9.25614360762e-24, 5.92169522e-24, 1.30566514125e-23, 9.37880043433e-24, 6.37983684033e-24, 5.86938388122e-24, 8.83752667966e-24, 1.51028319606e-23, 1.53867146014e-23, 2.2763597473e-23, 1.50757424771e-23, 1.70536155595e-23, 3.07004564136e-23, 8.10132302872e-24, 7.15749118753e-24, 7.2783691329e-24, 7.65330525482e-24, 7.49325484348e-24, 9.33642519308e-24, 8.48132048221e-24, 6.76469919902e-24, 9.47204537105e-24, 9.37398838281e-24, 1.7903759913e-23, 1.18465734937e-23, 9.28628992711e-24, 9.92347339065e-24, 8.48259449257e-24, 1.21769973502e-23, 1.10712092098e-23, 9.87149771218e-24, 7.15791796128e-24, 8.74854238069e-24, 1.12786583286e-23, 1.10184509813e-23, 7.95497986447e-24, 9.56498265202e-24], "var": [4.13529384347e-11, 4.21459672717e-11, 6.88199293108e-08, 4.05418880689e-08, 1.92239690477e-06, 5.09142455485e-06, 7.11916186447e-07, 3.76694572424e-07, 1.47396661987e-07, 2.02226377866e-08, 5.27684704821e-08, 6.89123140774e-08, 6.58846843749e-08, 2.70295998916e-07, 8.09533560187e-08, 6.79269646753e-07, 7.7688963529e-07, 2.51875516e-08, 2.35650858826e-08, 2.80291523325e-08, 5.02456067863e-08, 4.52641439955e-12, 6.28638905254e-13, 1.90523757795e-13, 8.04759565736e-14, 1.33045674087e-13, 1.80018861959e-14, 1.81340978746e-14, 1.41454705479e-13, 3.79261068894e-14, 1.38511909733e-14, 4.61862237485e-16, 2.07155075966e-17, 5.00794498866e-18, 2.54218575709e-18, 2.17774734999e-19, 4.02645608173e-20, 8.68418991134e-20, 6.3691598541e-21, 3.12026097987e-21]}, "mfcc": {"mean": [-842.488342285, 213.643310547, -40.3071899414, -47.9575691223, -5.78528404236, -8.27300453186, -13.5248765945, -17.6958370209, -15.6309547424, -5.8077955246, 3.43233847618, 7.44562005997, 6.3691983223], "cov": [[4814.05810547, 2681.10400391, -1172.27954102, -240.439819336, 174.03944397, 2.98512005806, -375.63684082, -820.208374023, -417.05947876, 80.8869171143, 254.353759766, 442.111328125, 403.522033691], [2681.10400391, 2095.00146484, -332.396270752, -498.52243042, 85.1172866821, 1.60696959496, -133.444961548, -362.282623291, -506.046112061, -185.856216431, 256.747833252, 336.685943604, 155.855697632], [-1172.27954102, -332.396270752, 588.746032715, -23.0595226288, -136.936553955, -54.5586547852, 171.712280273, 286.657440186, -67.556427002, -207.993118286, -52.790977478, -111.099754333, -190.180618286], [-240.439819336, -498.52243042, -23.0595226288, 431.575805664, 31.7850646973, -81.6119613647, -51.11926651, -8.6486787796, 201.161132812, 112.365776062, -181.59236145, -173.141571045, -26.7195243835], [174.03944397, 85.1172866821, -136.936553955, 31.7850646973, 305.756439209, 97.087059021, -209.436645508, -132.447463989, 80.2115097046, 88.4997406006, -49.2433052063, -22.434835434, 90.1239318848], [2.98512005806, 1.60696959496, -54.5586547852, -81.6119613647, 97.087059021, 180.771865845, 16.2109565735, -56.4923210144, -36.8686828613, -26.7286167145, 12.1218318939, 52.7065048218, 55.8591880798], [-375.63684082, -133.444961548, 171.712280273, -51.11926651, -209.436645508, 16.2109565735, 405.687652588, 254.158187866, -205.955780029, -231.049621582, 22.7559623718, 42.9181060791, -64.35572052], [-820.208374023, -362.282623291, 286.657440186, -8.6486787796, -132.447463989, -56.4923210144, 254.158187866, 398.581298828, 26.914264679, -173.795211792, -75.6041107178, -80.8751525879, -62.9847602844], [-417.05947876, -506.046112061, -67.556427002, 201.161132812, 80.2115097046, -36.8686828613, -205.955780029, 26.914264679, 488.523498535, 310.645385742, -184.353973389, -196.738693237, 34.173084259], [80.8869171143, -185.856216431, -207.993118286, 112.365776062, 88.4997406006, -26.7286167145, -231.049621582, -173.795211792, 310.645385742, 397.02822876, 36.3644790649, -72.8321456909, -7.29742383957], [254.353759766, 256.747833252, -52.790977478, -181.59236145, -49.2433052063, 12.1218318939, 22.7559623718, -75.6041107178, -184.353973389, 36.3644790649, 362.352050781, 223.581665039, -93.1433258057], [442.111328125, 336.685943604, -111.099754333, -173.141571045, -22.434835434, 52.7065048218, 42.9181060791, -80.8751525879, -196.738693237, -72.8321456909, 223.581665039, 283.253479004, 86.3368835449], [403.522033691, 155.855697632, -190.180618286, -26.7195243835, 90.1239318848, 55.8591880798, -64.35572052, -62.9847602844, 34.173084259, -7.29742383957, -93.1433258057, 86.3368835449, 301.265106201]], "icov": [[0.920284450054, -1.29116010666, 1.25939333439, -1.19700038433, 1.12230587006, -1.01967775822, 0.897736430168, -0.750048518181, 0.58438783884, -0.429351329803, 0.283209621906, -0.160092532635, 0.0692101046443], [-1.29116010666, 1.81303596497, -1.76643157005, 1.68163490295, -1.57628262043, 1.43397498131, -1.26142835617, 1.05585515499, -0.821572124958, 0.605421841145, -0.398775398731, 0.225816845894, -0.0976952314377], [1.25939333439, -1.76643157005, 1.72817575932, -1.63807523251, 1.53845322132, -1.39802742004, 1.23417282104, -1.03326261044, 0.805569648743, -0.590701878071, 0.392268806696, -0.221498638391, 0.0983229503036], [-1.19700038433, 1.68163490295, -1.63807523251, 1.56601071358, -1.4674217701, 1.33896279335, -1.18034851551, 0.991667985916, -0.774231553078, 0.572162508965, -0.376161545515, 0.21521794796, -0.0922582373023], [1.12230587006, -1.57628262043, 1.53845322132, -1.4674217701, 1.38829219341, -1.26585137844, 1.12240850925, -0.944436073303, 0.74259865284, -0.551451265812, 0.366640478373, -0.208903551102, 0.0906085446477], [-1.01967775822, 1.43397498131, -1.39802742004, 1.33896279335, -1.26585137844, 1.16626763344, -1.03208518028, 0.876046657562, -0.690857350826, 0.518251240253, -0.345136135817, 0.198932111263, -0.0875306352973], [0.897736430168, -1.26142835617, 1.23417282104, -1.18034851551, 1.12240850925, -1.03208518028, 0.931143283844, -0.793990790844, 0.633698284626, -0.476938813925, 0.32396838069, -0.189979702234, 0.0842258706689], [-0.750048518181, 1.05585515499, -1.03326261044, 0.991667985916, -0.944436073303, 0.876046657562, -0.793990790844, 0.691999256611, -0.556285917759, 0.428285032511, -0.292908281088, 0.175390377641, -0.0781062170863], [0.58438783884, -0.821572124958, 0.805569648743, -0.774231553078, 0.74259865284, -0.690857350826, 0.633698284626, -0.556285917759, 0.462534457445, -0.360121101141, 0.249603837729, -0.148757025599, 0.0657803341746], [-0.429351329803, 0.605421841145, -0.590701878071, 0.572162508965, -0.551451265812, 0.518251240253, -0.476938813925, 0.428285032511, -0.360121101141, 0.292534917593, -0.204976722598, 0.126815736294, -0.0555198416114], [0.283209621906, -0.398775398731, 0.392268806696, -0.376161545515, 0.366640478373, -0.345136135817, 0.32396838069, -0.292908281088, 0.249603837729, -0.204976722598, 0.158994674683, -0.103351458907, 0.0490078814328], [-0.160092532635, 0.225816845894, -0.221498638391, 0.21521794796, -0.208903551102, 0.198932111263, -0.189979702234, 0.175390377641, -0.148757025599, 0.126815736294, -0.103351458907, 0.0766266733408, -0.0354034751654], [0.0692101046443, -0.0976952314377, 0.0983229503036, -0.0922582373023, 0.0906085446477, -0.0875306352973, 0.0842258706689, -0.0781062170863, 0.0657803341746, -0.0555198416114, 0.0490078814328, -0.0354034751654, 0.0223231967539]]}, "spectral_contrast_coeffs": {"dmean": [0.0468191467226, 0.0515391416848, 0.0379091314971, 0.0421986952424, 0.0282293166965, 0.040822185576], "dmean2": [0.0781889930367, 0.0807167962193, 0.0587368831038, 0.0653320401907, 0.0461900234222, 0.0714916735888], "dvar": [0.00155134720262, 0.00182512879837, 0.000947336724494, 0.00158567808103, 0.000926668697502, 0.00134710874408], "dvar2": [0.00397681863979, 0.00430668517947, 0.00225430051796, 0.00392353488132, 0.00228575337678, 0.00386352976784], "max": [-0.304784327745, -0.34289598465, -0.430189818144, -0.349090844393, -0.408094227314, -0.53937625885], "mean": [-0.683554887772, -0.612464666367, -0.647041738033, -0.610439658165, -0.695257544518, -0.844920992851], "median": [-0.733456850052, -0.609584271908, -0.651350677013, -0.603071987629, -0.691637039185, -0.846173286438], "min": [-0.963019073009, -0.980467259884, -0.981089830399, -0.979329645634, -0.976388335228, -0.9607385993], "var": [0.0167281348258, 0.00959414802492, 0.00506167626008, 0.0110300220549, 0.00639890739694, 0.00458476133645]}, "spectral_contrast_valleys": {"dmean": [0.445367753506, 0.421057641506, 0.331454128027, 0.378849178553, 0.405536621809, 0.701199650764], "dmean2": [0.761596500874, 0.673891246319, 0.526352465153, 0.615851402283, 0.672024071217, 1.24420535564], "dvar": [0.165994018316, 0.187239512801, 0.117016024888, 0.229835510254, 0.320774525404, 0.398795902729], "dvar2": [0.388659983873, 0.348476946354, 0.216311722994, 0.510599076748, 0.742053568363, 1.17060148716], "max": [-7.63143873215, -5.29551744461, -5.73887395859, -5.96932983398, -6.983616352