{"lowlevel": {"average_loudness": 0.789567649364, "barkbands_crest": {"dmean": 3.03115534782, "dmean2": 4.70883512497, "dvar": 11.4555501938, "dvar2": 27.880153656, "max": 23.5955162048, "mean": 10.7301177979, "median": 10.0413961411, "min": 2.01679897308, "var": 22.3669185638}, "barkbands_flatness_db": {"dmean": 0.0315306857228, "dmean2": 0.0449422039092, "dvar": 0.00110905920155, "dvar2": 0.00265190470964, "max": 0.350458502769, "mean": 0.109787911177, "median": 0.0955568999052, "min": 0.0177671965212, "var": 0.00337422918528}, "barkbands_kurtosis": {"dmean": 5.91388034821, "dmean2": 9.26811313629, "dvar": 92.3124084473, "dvar2": 225.803619385, "max": 122.286911011, "mean": 7.69978904724, "median": 3.11925721169, "min": -1.93405747414, "var": 161.540267944}, "barkbands_skewness": {"dmean": 0.913842082024, "dmean2": 1.38157880306, "dvar": 1.13304698467, "dvar2": 2.79240059853, "max": 9.87623214722, "mean": 2.18243718147, "median": 1.89944791794, "min": -3.31773710251, "var": 2.81927633286}, "barkbands_spread": {"dmean": 12.1901397705, "dmean2": 19.247636795, "dvar": 197.604309082, "dvar2": 524.370117188, "max": 131.047973633, "mean": 29.7033882141, "median": 23.8871879578, "min": 1.24185407162, "var": 436.686859131}, "dissonance": {"dmean": 0.0125995548442, "dmean2": 0.020605366677, "dvar": 0.000135171547299, "dvar2": 0.000347351713572, "max": 0.499877780676, "mean": 0.468090683222, "median": 0.469034165144, "min": 0.332177847624, "var": 0.000341543112881}, "dynamic_complexity": 6.60777139664, "erbbands_crest": {"dmean": 1.69687855244, "dmean2": 2.73375082016, "dvar": 3.03541040421, "dvar2": 7.94938707352, "max": 23.3668289185, "mean": 5.93029975891, "median": 5.29324150085, "min": 2.10147953033, "var": 6.18240594864}, "erbbands_flatness_db": {"dmean": 0.0176062881947, "dmean2": 0.0236249845475, "dvar": 0.000308021670207, "dvar2": 0.000683287915308, "max": 0.253834962845, "mean": 0.100697219372, "median": 0.101293236017, "min": 0.0268463380635, "var": 0.00123856100254}, "erbbands_kurtosis": {"dmean": 0.534944713116, "dmean2": 0.883746862411, "dvar": 1.06277906895, "dvar2": 2.77243065834, "max": 17.4292221069, "mean": -0.545489549637, "median": -0.807949304581, "min": -1.73172044754, "var": 1.38665425777}, "erbbands_skewness": {"dmean": 0.363934963942, "dmean2": 0.587884902954, "dvar": 0.167902991176, "dvar2": 0.449082791805, "max": 1.74248468876, "mean": 0.0293550956994, "median": 0.102062255144, "min": -3.56998610497, "var": 0.3096383214}, "erbbands_spread": {"dmean": 11.9098749161, "dmean2": 17.3229522705, "dvar": 177.304473877, "dvar2": 423.158111572, "max": 188.637863159, "mean": 58.2018508911, "median": 55.1747970581, "min": 9.26686477661, "var": 447.213439941}, "hfc": {"dmean": 16.5457515717, "dmean2": 24.6882972717, "dvar": 1176.31542969, "dvar2": 2832.22998047, "max": 394.993041992, "mean": 25.6151561737, "median": 13.5668640137, "min": 1.15095405973e-16, "var": 1544.25317383}, "melbands_crest": {"dmean": 3.80942606926, "dmean2": 5.86242771149, "dvar": 16.8894062042, "dvar2": 39.8296775818, "max": 35.7958564758, "mean": 16.0711116791, "median": 15.2497787476, "min": 1.73058402538, "var": 41.144908905}, "melbands_flatness_db": {"dmean": 0.0413435772061, "dmean2": 0.0589554980397, "dvar": 0.00192525633611, "dvar2": 0.00438666390255, "max": 0.456115812063, "mean": 0.189950078726, "median": 0.178297251463, "min": 0.00319880014285, "var": 0.00658813631162}, "melbands_kurtosis": {"dmean": 23.2461719513, "dmean2": 37.5612258911, "dvar": 2472.87109375, "dvar2": 6415.99853516, "max": 728.552734375, "mean": 32.4711494446, "median": 15.0054559708, "min": -1.77460026741, "var": 2434.69433594}, "melbands_skewness": {"dmean": 1.40542554855, "dmean2": 2.09847593307, "dvar": 4.04429388046, "dvar2": 9.46783161163, "max": 22.0160503387, "mean": 4.17333316803, "median": 3.44204449654, "min": -1.47993505001, "var": 7.28269290924}, "melbands_spread": {"dmean": 13.0734882355, "dmean2": 21.0476436615, "dvar": 436.244720459, "dvar2": 1086.20800781, "max": 204.52381897, "mean": 25.4504699707, "median": 16.5564575195, "min": 0.821725547314, "var": 710.109924316}, "pitch_salience": {"dmean": 0.0933313444257, "dmean2": 0.145847007632, "dvar": 0.00948111526668, "dvar2": 0.021893363446, "max": 0.938750565052, "mean": 0.526337265968, "median": 0.561007082462, "min": 0.0884604677558, "var": 0.0233791861683}, "silence_rate_20dB": {"dmean": 0.00624869810417, "dmean2": 0.0125000001863, "dvar": 0.00620931154117, "dvar2": 0.0185925718397, "max": 1, "mean": 0.996876299381, "median": 1, "min": 0, "var": 0.00311374873854}, "silence_rate_30dB": {"dmean": 0.122891061008, "dmean2": 0.245833337307, "dvar": 0.107789054513, "dvar2": 0.19747826457, "max": 1, "mean": 0.832778036594, "median": 1, "min": 0, "var": 0.139253258705}, "silence_rate_60dB": {"dmean": 0.0362424477935, "dmean2": 0.0722916647792, "dvar": 0.0349282808602, "dvar2": 0.0728967413306, "max": 1, "mean": 0.223448559642, "median": 0, "min": 0, "var": 0.173517167568}, "spectral_centroid": {"dmean": 425.587615967, "dmean2": 682.08190918, "dvar": 281143.625, "dvar2": 708548.1875, "max": 11495.1933594, "mean": 1549.9107666, "median": 1337.22436523, "min": 276.648986816, "var": 752786.8125}, "spectral_complexity": {"dmean": 4.00499916077, "dmean2": 5.72458314896, "dvar": 28.9376392365, "dvar2": 52.5549659729, "max": 61, "mean": 16.4712619781, "median": 16, "min": 0, "var": 143.180435181}, "spectral_decrease": {"dmean": 9.18569043051e-09, "dmean2": 1.50207650762e-08, "dvar": 5.10954043646e-16, "dvar2": 1.36296113894e-15, "max": 8.91310748613e-29, "mean": -1.26516122023e-08, "median": -3.52378659585e-09, "min": -1.62223699363e-07, "var": 4.74068882227e-16}, "spectral_energy": {"dmean": 0.0357353426516, "dmean2": 0.058202970773, "dvar": 0.00758427381516, "dvar2": 0.0200807806104, "max": 0.632087290287, "mean": 0.0500734336674, "median": 0.0151494462043, "min": 1.02395920624e-20, "var": 0.00717218359932}, "spectral_energyband_high": {"dmean": 0.00156000594143, "dmean2": 0.00237251888029, "dvar": 1.07915975605e-05, "dvar2": 2.79546311504e-05, "max": 0.0386410132051, "mean": 0.00178812269587, "median": 0.000397988420445, "min": 7.35750174561e-21, "var": 1.22058818306e-05}, "spectral_energyband_low": {"dmean": 0.0321340672672, "dmean2": 0.0527708530426, "dvar": 0.00651980331168, "dvar2": 0.0177649948746, "max": 0.596152484417, "mean": 0.0377886742353, "median": 0.00213680625893, "min": 3.78080616152e-23, "var": 0.00562994554639}, "spectral_energyband_middle_high": {"dmean": 0.00101077940781, "dmean2": 0.00154404446948, "dvar": 3.68330574929e-06, "dvar2": 9.01061775949e-06, "max": 0.0230081938207, "mean": 0.00256566912867, "median": 0.00208838563412, "min": 1.35223552585e-21, "var": 7.03853402229e-06}, "spectral_energyband_middle_low": {"dmean": 0.0051100589335, "dmean2": 0.00852064881474, "dvar": 0.000420621217927, "dvar2": 0.00117789953947, "max": 0.269063979387, "mean": 0.00912521407008, "median": 0.00650961045176, "min": 2.03917666235e-22, "var": 0.000308354239678}, "spectral_entropy": {"dmean": 0.203755497932, "dmean2": 0.285385191441, "dvar": 0.042041387409, "dvar2": 0.091916769743, "max": 9.80996513367, "mean": 7.84747505188, "median": 7.84975242615, "min": 6.55477428436, "var": 0.181403070688}, "spectral_flux": {"dmean": 0.0525913015008, "dmean2": 0.079321116209, "dvar": 0.00797205045819, "dvar2": 0.014321395196, "max": 0.686950623989, "mean": 0.099273532629, "median": 0.0634605810046, "min": 6.67798316645e-11, "var": 0.0144543964416}, "spectral_kurtosis": {"dmean": 1.03613233566, "dmean2": 1.69523751736, "dvar": 1.06628966331, "dvar2": 3.0015232563, "max": 12.8022794724, "mean": 3.34522557259, "median": 3.21527242661, "min": -1.24714314938, "var": 2.34472584724}, "spectral_rms": {"dmean": 0.00174326833803, "dmean2": 0.00257623661309, "dvar": 9.66237985267e-06, "dvar2": 2.31034828175e-05, "max": 0.0248328521848, "mean": 0.0052878879942, "median": 0.00384446978569, "min": 3.16067181108e-12, "var": 2.08904330066e-05}, "spectral_rolloff": {"dmean": 1232.32824707, "dmean2": 2064.30126953, "dvar": 3827537, "dvar2": 8947209, "max": 19164.5507812, "mean": 1969.72827148, "median": 861.328125, "min": 64.599609375, "var": 6590613.5}, "spectral_skewness": {"dmean": 0.208904460073, "dmean2": 0.346604496241, "dvar": 0.0455673225224, "dvar2": 0.132688298821, "max": 2.39627933502, "mean": 1.39994215965, "median": 1.4265216589, "min": -0.0542762689292, "var": 0.0934114083648}, "spectral_spread": {"dmean": 985045.5625, "dmean2": 1324843.125, "dvar": 1364583776260.0, "dvar2": 3222775529470.0, "max": 42056032, "mean": 6117393.5, "median": 5685345, "min": 2899243.75, "var": 5318206554110.0}, "spectral_strongpeak": {"dmean": 0.244984939694, "dmean2": 0.408251643181, "dvar": 0.106958933175, "dvar2": 0.293613106012, "max": 5.01068782806, "mean": 0.488484054804, "median": 0.371557891369, "min": 0, "var": 0.195048317313}, "zerocrossingrate": {"dmean": 0.0206139907241, "dmean2": 0.0238214116544, "dvar": 0.000423395889811, "dvar2": 0.000644151296001, "max": 0.517578125, "mean": 0.0823562294245, "median": 0.07275390625, "min": 0.00390625, "var": 0.00313439918682}, "barkbands": {"dmean": [0.00115764513612, 0.0248116180301, 0.00756697449833, 0.00174729479477, 0.00230480427854, 0.00089539430337, 0.000884704233613, 0.000299006787827, 0.000284344627289, 0.000163548160344, 0.000217240565689, 0.000139757117722, 0.000116131472168, 0.000154971843585, 0.000200119218789, 0.000150126201333, 0.00013521029905, 0.00017368204135, 0.000146467136801, 0.000137426439323, 0.000345216103597, 0.000371362228179, 0.000238908745814, 0.000162277225172, 0.000168201411725, 0.000220135931158, 9.21291430132e-05], "dmean2": [0.0018569258973, 0.0419961437583, 0.0125858644024, 0.00291467620991, 0.00391457695514, 0.0014769298723, 0.00146739010233, 0.000438017741544, 0.000426056882134, 0.000256802421063, 0.000336661090842, 0.000224214891205, 0.000195630535018, 0.000253829726717, 0.00032608062611, 0.000248143885983, 0.000219539026148, 0.000282307824818, 0.000229015058721, 0.000210277023143, 0.000591016199905, 0.000626971130259, 0.000388282205677, 0.000246176059591, 0.000254588638199, 0.000325225468259, 0.000127366525703], "dvar": [8.8996712293e-06, 0.00434861518443, 0.000312577205477, 2.08794317587e-05, 0.000108304047899, 1.25562191897e-05, 1.32649602165e-05, 9.71003487393e-07, 6.58778731122e-07, 1.11417989501e-07, 1.19290390899e-07, 7.70182921883e-08, 9.02795278535e-08, 8.68877449989e-08, 1.03221772463e-07, 9.24294383253e-08, 5.53322969665e-08, 9.39269213518e-08, 7.40822656553e-08, 5.44710587747e-08, 9.88670535662e-07, 8.36943854665e-07, 3.4018106021e-07, 1.32901590177e-07, 1.3917096453e-07, 2.99364813827e-07, 4.34099973745e-08], "dvar2": [2.13067196455e-05, 0.0119355022907, 0.000873193959706, 5.8112294937e-05, 0.000304980785586, 3.68311739294e-05, 3.84435297747e-05, 2.65985772785e-06, 1.85171370504e-06, 2.67441919277e-07, 2.78100884543e-07, 1.94205043158e-07, 2.49274080488e-07, 2.3708611252e-07, 2.64138833472e-07, 2.41162723569e-07, 1.42723806107e-07, 2.26713339657e-07, 1.79535263101e-07, 1.30759573835e-07, 2.74975650427e-06, 2.36050618696e-06, 9.17737111195e-07, 3.41896168266e-07, 3.50064453869e-07, 7.21623507616e-07, 9.29367445224e-08], "max": [0.026197521016, 0.480096042156, 0.184038043022, 0.0655435323715, 0.155258744955, 0.0556688159704, 0.0489638373256, 0.0152233690023, 0.015617438592, 0.00440341141075, 0.00383677333593, 0.00439664907753, 0.00448517641053, 0.00486589921638, 0.00422827806324, 0.00460157636553, 0.00386432255618, 0.00409595808014, 0.00385051267222, 0.00323964236304, 0.0166864544153, 0.00929946359247, 0.00700423540547, 0.00542667414993, 0.00466636801139, 0.00883519276977, 0.00283078313805], "mean": [0.000999823212624, 0.024952923879, 0.0106620062143, 0.0021749001462, 0.00309045100585, 0.00134303723462, 0.00137898034882, 0.000558443134651, 0.000549613614567, 0.00025985375396, 0.000342807936249, 0.000210747006349, 0.000162248223205, 0.000243359565502, 0.000316426798236, 0.000223650233238, 0.000210323240026, 0.000259787688265, 0.000229225493968, 0.000236946318182, 0.000320992985507, 0.000337687990395, 0.000256033992628, 0.000200263704755, 0.00019180237723, 0.000249584059929, 0.000111455236038], "median": [0.000116013878142, 0.000489547266625, 0.000605133653153, 0.000807679374702, 0.00155527587049, 0.000586716574617, 0.000529784010723, 0.000200487411348, 0.000314613746013, 7.91074853623e-05, 0.000162258947967, 8.70072108228e-05, 9.26917782635e-05, 0.000163515738677, 0.000177410212927, 0.000110814275104, 0.000117939969641, 0.000154063163791, 0.000123851583339, 0.000130555476062, 7.13171466487e-05, 5.44196955161e-05, 3.97652038373e-05, 3.67093052773e-05, 2.85359765257e-05, 2.76419559668e-05, 8.98194412002e-06], "min": [9.65944302617e-25, 1.52913602506e-23, 2.4007616921e-24, 5.44323569819e-24, 1.42721251398e-23, 1.41252786823e-23, 1.5237496828e-23, 1.85163072504e-23, 2.94241236452e-23, 2.43723877813e-23, 2.46329438052e-23, 5.49071928712e-23, 9.22762723253e-23, 5.32063772051e-23, 6.58119705737e-23, 1.21981473422e-22, 1.21047613571e-22, 1.15740106914e-22, 1.882537538e-22, 1.96538762302e-22, 3.19184456606e-22, 4.80014969338e-22, 4.68002675101e-22, 7.55214283674e-22, 8.64041444703e-22, 1.69868283864e-21, 2.17496095494e-21], "var": [8.11572044768e-06, 0.00330194854178, 0.000369647459593, 1.73585049197e-05, 7.19578747521e-05, 8.94654567674e-06, 9.73971054918e-06, 1.29281238515e-06, 7.28802376671e-07, 1.91849423459e-07, 2.32296912372e-07, 1.10243881579e-07, 7.78467708074e-08, 9.54032159939e-08, 1.67479228708e-07, 1.17873895533e-07, 7.65212462284e-08, 1.24975514382e-07, 1.05136948036e-07, 9.34908328531e-08, 7.23926348201e-07, 6.72056273743e-07, 3.31797764375e-07, 1.63513377061e-07, 1.59473970029e-07, 3.33788165108e-07, 6.35182075825e-08]}, "erbbands": {"dmean": [0.714199960232, 5.57572317123, 10.0516958237, 6.5328578949, 8.36269664764, 6.67667865753, 5.58102655411, 7.62099027634, 9.5986623764, 13.344332695, 6.71193981171, 5.34273481369, 5.96150970459, 5.59445238113, 6.36869859695, 4.89984035492, 5.45742416382, 6.69935035706, 8.29413986206, 10.5894546509, 8.33090305328, 8.28530216217, 9.01467037201, 7.86394262314, 7.38432836533, 6.34333324432, 13.0627298355, 14.0316076279, 12.5045223236, 9.79191112518, 6.70517349243, 4.03172445297, 2.52081036568, 1.74522984028, 1.32426595688, 0.939788341522, 0.410048335791, 0.105366118252, 0.0174645986408, 0.000601326464675], "dmean2": [1.22193670273, 9.4982213974, 16.5343971252, 10.9589538574, 14.3495121002, 11.3078212738, 8.90776824951, 12.9067602158, 16.4638385773, 20.6426792145, 9.97737407684, 8.42871570587, 8.9741230011, 8.64882183075, 9.87365055084, 7.86690044403, 9.15187454224, 10.9429864883, 13.3166284561, 17.547832489, 13.7362422943, 13.3857078552, 14.6506233215, 12.4342412949, 11.7516469955, 9.7711057663, 22.4833183289, 23.8393344879, 21.023431778, 15.9917888641, 11.0173625946, 6.27324485779, 3.84633541107, 2.67422699928, 2.04544520378, 1.42874884605, 0.600573599339, 0.151638284326, 0.0234989784658, 0.000853326637298], "dvar": [3.99622440338, 220.084091187, 566.77520752, 212.471496582, 1436.55444336, 771.806335449, 288.697387695, 1180.66625977, 2247.22485352, 1833.30053711, 575.522460938, 352.847351074, 119.833534241, 89.1524429321, 112.397781372, 108.145828247, 191.687408447, 220.120361328, 229.809463501, 374.281738281, 290.958282471, 198.260162354, 251.641998291, 225.505889893, 194.622283936, 131.322875977, 1768.19433594, 1223.49230957, 923.071472168, 593.922546387, 266.505950928, 102.783927917, 26.684967041, 15.0763187408, 9.19643497467, 4.85972833633, 1.29573845863, 0.0641254633665, 0.00143126631156, 2.11429005503e-06], "dvar2": [10.5914316177, 620.690246582, 1590.29931641, 585.305419922, 4012.52954102, 2232.84326172, 818.29675293, 3473.25927734, 6589.67480469, 5177.05371094, 1630.67956543, 1018.10290527, 303.474182129, 219.460708618, 267.027160645, 279.126831055, 534.917419434, 593.567626953, 577.836425781, 984.835327148, 745.594421387, 510.690582275, 603.343994141, 549.821533203, 491.080688477, 316.35546875, 5028.27734375, 3374.85424805, 2604.66577148, 1594.5501709, 735.108398438, 274.488189697, 67.6372833252, 38.2090187073, 23.1400756836, 11.5519247055, 3.24673938751, 0.150026455522, 0.0028602310922, 4.92183698952e-06], "max": [12.2359457016, 111.707847595, 223.008331299, 144.943634033, 621.792541504, 462.632965088, 275.977600098, 544.922302246, 646.713256836, 652.984619141, 414.546539307, 342.708892822, 154.72164917, 133.832229614, 128.192993164, 177.469116211, 222.265182495, 248.342712402, 195.792236328, 324.614074707, 265.262207031, 208.390945435, 181.091964722, 203.380813599, 210.088897705, 153.405441284, 891.887634277, 338.542236328, 340.367156982, 304.5625, 182.179962158, 171.32749939, 60.0467185974, 53.1013679504, 34.649105072, 31.0684318542, 20.3672199249, 4.01869869232, 0.464849054813, 0.0216843467206], "mean": [0.61000597477, 5.8508939743, 13.8553237915, 9.07015228271, 9.31667137146, 10.3139200211, 10.2811203003, 10.4692268372, 13.1493339539, 23.9320049286, 12.7407941818, 9.36814689636, 11.1861743927, 10.4863920212, 10.7588129044, 7.64741420746, 7.97191286087, 10.5806570053, 13.5976705551, 16.673374176, 13.2534856796, 13.3405475616, 14.1092338562, 12.6710805893, 11.9076099396, 10.3836584091, 13.2182788849, 12.6318626404, 11.6343479156, 9.61014270782, 7.17612600327, 4.78942203522, 3.08117985725, 2.06386089325, 1.44248378277, 1.05022168159, 0.464428514242, 0.122214749455, 0.0218190103769, 0.000724953773897], "median": [0.0180174261332, 0.0846403837204, 0.59383225441, 2.27464556694, 4.0156378746, 5.35424757004, 5.1212387085, 4.88165807724, 5.51813411713, 8.72683429718, 5.78520488739, 5.58827781677, 6.58846569061, 6.22381305695, 5.79610157013, 3.77119588852, 4.67770624161, 6.95297813416, 7.81819248199, 9.15536212921, 6.36409854889, 7.99979114532, 8.48714637756, 7.48100471497, 6.82001876831, 5.38326883316, 4.29616260529, 2.2057352066, 1.85477423668, 1.60675430298, 1.10716295242, 0.862588882446, 0.541055798531, 0.330211728811, 0.199275702238, 0.128466755152, 0.0462635047734, 0.0124074108899, 0.00168244866654, 0.000119254065794], "min": [3.04999803519e-22, 1.12746181617e-21, 2.98402922013e-21, 1.18799065652e-20, 4.01371879277e-20, 4.6124408443e-20, 4.89062426925e-20, 1.79145930305e-19, 2.41159311862e-19, 4.95971963516e-19, 4.10819535568e-19, 4.93738730959e-19, 1.04861562176e-18, 1.63300497265e-18, 1.45712259298e-18, 2.19663581248e-18, 3.73874180422e-18, 4.05451179921e-18, 4.21815583493e-18, 6.71200363856e-18, 5.98588423093e-18, 6.19653859522e-18, 8.62128248971e-18, 8.57854620336e-18, 9.70602729268e-18, 9.97427286634e-18, 1.2069672732e-17, 1.47256959122e-17, 1.77079996578e-17, 1.31377630805e-17, 1.21617668855e-17, 1.31298552338e-17, 1.14617917619e-17, 9.95422779856e-18, 6.03923531249e-18, 4.84461693594e-18, 2.92588506475e-18, 1.22288913514e-18, 2.92950666827e-19, 3.21050896964e-20], "var": [2.88226723671, 168.651519775, 654.685852051, 221.745391846, 936.017883301, 524.442749023, 291.010192871, 737.946044922, 1407.61230469, 1968.91235352, 613.992980957, 274.662872314, 215.217681885, 186.150390625, 210.911300659, 135.348876953, 168.981048584, 234.760879517, 344.367645264, 542.22442627, 417.490203857, 281.598144531, 350.913513184, 299.560424805, 275.997772217, 207.209320068, 1188.63745117, 990.55859375, 757.579772949, 540.055480957, 252.349456787, 106.713745117, 35.6696357727, 17.703584671, 9.83372116089, 5.50669145584, 1.3224196434, 0.078851826489, 0.00235759024508, 2.65826315626e-06]}, "gfcc": {"mean": [-18.3018493652, 54.2224388123, -89.185333252, 30.3160667419, -46.2849349976, 5.79275417328, -34.1562042236, 6.13608980179, -23.0839118958, 1.84756612778, -20.8656902313, -0.794716477394, -15.4204874039], "cov": [[20280.1992188, 637.748413086, 1051.3314209, 454.40032959, 179.401138306, 126.203681946, 197.663986206, 371.901062012, 368.685089111, 309.394439697, 217.698348999, 258.957946777, 26.6932983398], [637.748413086, 1770.75756836, -352.593933105, 136.358413696, 98.1092453003, -135.318206787, 106.607170105, 95.091178894, 111.778457642, -73.0265045166, 86.7027282715, -116.767662048, 20.8634262085], [1051.3314209, -352.593933105, 868.84954834, 187.984039307, 301.959381104, 212.41607666, 170.580749512, 127.822494507, 112.253669739, 106.323913574, 69.4764404297, 87.1194915771, -9.58652591705], [454.40032959, 136.358413696, 187.984039307, 310.5340271, 122.030082703, 124.37298584, 123.069869995, 50.6131057739, 89.8591918945, 41.9289283752, 41.9780311584, 23.37109375, 18.2405815125], [179.401138306, 98.1092453003, 301.959381104, 122.030082703, 363.515472412, 227.440109253, 207.307815552, 124.417961121, 114.849746704, 36.4689750671, 57.6919441223, 49.3844261169, 8.52764034271], [126.203681946, -135.318206787, 212.41607666, 124.37298584, 227.440109253, 269.098999023, 178.63053894, 87.6557846069, 87.9507675171, 35.4871330261, 31.6518440247, 60.1577606201, 8.20070457458], [197.663986206, 106.607170105, 170.580749512, 123.069869995, 207.307815552, 178.63053894, 222.140472412, 111.505950928, 125.046524048, 33.0866317749, 52.6017913818, 54.7267837524, 18.2970714569], [371.901062012, 95.091178894, 127.822494507, 50.6131057739, 124.417961121, 87.6557846069, 111.505950928, 115.156150818, 81.6744995117, 32.4324951172, 37.8632392883, 31.151550293, 11.6772899628], [368.685089111, 111.778457642, 112.253669739, 89.8591918945, 114.849746704, 87.9507675171, 125.046524048, 81.6744995117, 146.920623779, 54.2845191956, 53.5471954346, 48.5649490356, 18.1861019135], [309.394439697, -73.0265045166, 106.323913574, 41.9289283752, 36.4689750671, 35.4871330261, 33.0866317749, 32.4324951172, 54.2845191956, 77.1914901733, 37.9824256897, 36.1570510864, 9.6025094986], [217.698348999, 86.7027282715, 69.4764404297, 41.9780311584, 57.6919441223, 31.6518440247, 52.6017913818, 37.8632392883, 53.5471954346, 37.9824256897, 67.4155273438, 35.4828147888, 17.5473136902], [258.957946777, -116.767662048, 87.1194915771, 23.37109375, 49.3844261169, 60.1577606201, 54.7267837524, 31.151550293, 48.5649490356, 36.1570510864, 35.4828147888, 87.5319061279, 33.5417175293], [26.6932983398, 20.8634262085, -9.58652591705, 18.2405815125, 8.52764034271, 8.20070457458, 18.2970714569, 11.6772899628, 18.1861019135, 9.6025094986, 17.5473136902, 33.5417175293, 57.2664604187]], "icov": [[6.35093092569e-05, -8.43604138936e-05, -9.78662719717e-05, -3.75063282263e-05, 0.000133877998451, -6.83484104229e-05, 0.000163109143614, -0.00019259355031, -8.74202123669e-06, -0.000135291542392, 0.000131716791657, -0.000298978731735, 0.000133921552333], [-8.43604138936e-05, 0.00176489108708, 0.00105596485082, -0.000993114546873, -0.00151581806131, 0.00244044046849, -0.00077661126852, -0.00107175786979, -0.00101529771928, 0.00238387752324, -0.00300901033916, 0.00289946724661, -0.000621197745204], [-9.78662719717e-05, 0.00105596485082, 0.00282629509456, -0.00141518842429, -0.00258793286048, 0.00170026149135, -5.02672155562e-05, -0.00144041259773, 0.000479416252347, -0.000591441814322, -0.00123864936177, 7.32708722353e-05, 0.00132002157625], [-3.75063282263e-05, -0.000993114546873, -0.00141518842429, 0.00586067698896, 0.00161849532742, -0.00313195260242, -0.00164911022875, 0.0031083279755, -0.00115830008872, -0.00196432485245, 0.000420960772317, 0.00191082281526, -0.00217475020327], [0.000133877998451, -0.00151581806131, -0.00258793286048, 0.00161849532742, 0.0105260889977, -0.00665176752955, -0.00216168677434, -0.00127173832152, 0.000161322735948, 0.000418462819653, -0.000773804553319, 0.000279575149762, -0.000171862528077], [-6.83484104229e-05, 0.00244044046849, 0.00170026149135, -0.00313195260242, -0.00665176752955, 0.0155004458502, -0.00720995757729, -0.00112391344737, 0.00132743909489, 0.00061448989436, 0.000823906972073, -0.00139189767651, 0.00176681252196], [0.000163109143614, -0.00077661126852, -5.02672155562e-05, -0.00164911022875, -0.00216168677434, -0.00720995757729, 0.0216657780111, -0.00693625537679, -0.00769077660516, 0.00516941631213, -0.00135112798307, -0.00348071847111, 0.000598407816142], [-0.00019259355031, -0.00107175786979, -0.00144041259773, 0.0031083279755, -0.00127173832152, -0.00112391344737, -0.00693625537679, 0.0225408766419, -0.00360583374277, -0.00351697183214, 0.000459654955193, 0.00163774215616, -0.00214605056681], [-8.74202123669e-06, -0.00101529771928, 0.000479416252347, -0.00115830008872, 0.000161322735948, 0.00132743909489, -0.00769077660516, -0.00360583374277, 0.0202902853489, -0.00911593716592, -0.000243347283686, -0.00438825087622, 0.00153139547911], [-0.000135291542392, 0.00238387752324, -0.000591441814322, -0.00196432485245, 0.000418462819653, 0.00061448989436, 0.00516941631213, -0.00351697183214, -0.00911593716592, 0.0290031675249, -0.0128004616126, 0.000122157362057, 0.000518774089869], [0.000131716791657, -0.00300901033916, -0.00123864936177, 0.000420960772317, -0.000773804553319, 0.000823906972073, -0.00135112798307, 0.000459654955193, -0.000243347283686, -0.0128004616126, 0.033561617136, -0.0105984313414, -0.000823848647997], [-0.000298978731735, 0.00289946724661, 7.32708722353e-05, 0.00191082281526, 0.000279575149762, -0.00139189767651, -0.00348071847111, 0.00163774215616, -0.00438825087622, 0.000122157362057, -0.0105984313414, 0.0298071429133, -0.0134153189138], [0.000133921552333, -0.000621197745204, 0.00132002157625, -0.00217475020327, -0.000171862528077, 0.00176681252196, 0.000598407816142, -0.00214605056681, 0.00153139547911, 0.000518774089869, -0.000823848647997, -0.0134153189138, 0.0260954406112]]}, "melbands": {"dmean": [0.00663836766034, 0.00604778993875, 0.0011914280476, 0.000573437369894, 0.00019369002257, 0.000171033447259, 0.000156627429533, 0.000128062034491, 5.38216954737e-05, 3.46834385709e-05, 3.13020791509e-05, 2.32125603361e-05, 2.77600720437e-05, 1.39220919664e-05, 1.5834792066e-05, 1.20349350254e-05, 1.23724566947e-05, 1.40612510222e-05, 1.5842855646e-05, 1.08892190838e-05, 9.92459081317e-06, 9.10131802812e-06, 8.48623494676e-06, 8.67498238222e-06, 6.49287858323e-06, 5.52863002667e-06, 5.32839658263e-06, 4.03760668632e-06, 7.52330242904e-06, 8.13479982753e-06, 8.86967336555e-06, 7.32285752747e-06, 6.78543256072e-06, 4.94970481668e-06, 3.86682313547e-06, 3.22608525494e-06, 2.27187820201e-06, 1.72610930349e-06, 1.69217992152e-06, 1.45827550568e-06], "dmean2": [0.0112468069419, 0.0100449724123, 0.00199915631674, 0.000985833350569, 0.00031188261346, 0.000288011069642, 0.000267813913524, 0.000194477193872, 8.07114993222e-05, 5.36125044164e-05, 4.6900317102e-05, 3.57772332791e-05, 4.28034181823e-05, 2.20039764827e-05, 2.63042220467e-05, 1.98495363293e-05, 2.03166928259e-05, 2.27956697927e-05, 2.61661316472e-05, 1.82549756573e-05, 1.63340755535e-05, 1.49278548633e-05, 1.39177809615e-05, 1.42594562931e-05, 1.03858465081e-05, 8.89536386239e-06, 8.66867776494e-06, 6.18913372818e-06, 1.2919402252e-05, 1.39959502121e-05, 1.53014698299e-05, 1.24436719489e-05, 1.13976921057e-05, 8.10830624687e-06, 6.37975381323e-06, 5.23958851772e-06, 3.53910763806e-06, 2.68082726507e-06, 2.6763200367e-06, 2.29181205214e-06], "dvar": [0.000322937383316, 0.00022491440177, 8.46582224767e-06, 7.34331615604e-06, 3.50352991063e-07, 5.65737707348e-07, 5.60000444239e-07, 1.59298721769e-07, 3.74064761388e-08, 1.18730536514e-08, 3.06690628449e-09, 1.47932843753e-09, 2.05227590477e-09, 1.03870145818e-09, 1.18268017602e-09, 8.30286839282e-10, 7.65704610828e-10, 6.71425692822e-10, 6.120371987e-10, 5.34479738246e-10, 4.29040913907e-10, 2.41541009416e-10, 2.85252460541e-10, 2.15984952145e-10, 1.61970922785e-10, 1.15639095521e-10, 1.00509593703e-10, 5.10057725223e-11, 5.06321651272e-10, 6.32899566089e-10, 4.99038754764e-10, 3.42053635416e-10, 2.58710913803e-10, 1.83650691876e-10, 9.21840936918e-11, 5.49751875967e-11, 3.97222948978e-11, 1.3531242099e-11, 1.40208877494e-11, 1.17676935904e-11], "dvar2": [0.000871727243066, 0.00063519726973, 2.32455768128e-05, 2.08203109651e-05, 1.00422869309e-06, 1.66592076312e-06, 1.63548588716e-06, 4.48665730346e-07, 1.07573562502e-07, 3.3762873386e-08, 7.60158336277e-09, 3.5708536128e-09, 4.7069179665e-09, 2.60855426149e-09, 3.12966630389e-09, 2.25652674324e-09, 2.09435824239e-09, 1.70135172617e-09, 1.59497881569e-09, 1.42748957099e-09, 1.10000131226e-09, 6.38938513209e-10, 7.23351545329e-10, 5.28560972768e-10, 3.97088334436e-10, 2.93080226754e-10, 2.62241950377e-10, 1.17845191938e-10, 1.42788258994e-09, 1.78714576471e-09, 1.39177314118e-09, 9.72943392519e-10, 7.13223868853e-10, 4.91764851063e-10, 2.53097764968e-10, 1.52521995034e-10, 1.0598904393e-10, 3.43149085535e-11, 3.68276416307e-11, 3.02447650258e-11], "max": [0.121962837875, 0.126399189234, 0.0383288674057, 0.0404993630946, 0.00973903667182, 0.0118631562218, 0.0101094627753, 0.00580668868497, 0.00359708955511, 0.00189172197133, 0.00076245184755, 0.000488222343847, 0.000529957353137, 0.000429884094046, 0.000633006042335, 0.000386603438528, 0.000456617533928, 0.000374016235583, 0.000294671655865, 0.000357110286132, 0.0003446462797, 0.000212534781895, 0.000221997965127, 0.00024967250647, 0.000166628044099, 0.000127572071506, 0.000187880490557, 9.45629508351e-05, 0.000452450854937, 0.000462956581032, 0.000198073088541, 0.000216321524931, 0.000142639240948, 0.000188801393961, 0.000123743564473, 0.000100416160421, 0.000116311981401, 4.26129881816e-05, 5.2527164371e-05, 4.76394961879e-05], "mean": [0.00620016315952, 0.00774364406243, 0.00164907390717, 0.000720146752428, 0.000378393597202, 0.000244443450356, 0.00021964602638, 0.0002352452575, 9.72725902102e-05, 6.15386961726e-05, 5.7594737882e-05, 4.286424155e-05, 4.51880623586e-05, 2.04195475817e-05, 2.22158050747e-05, 1.71549654624e-05, 1.91449980775e-05, 2.15552099689e-05, 2.43351969402e-05, 1.61218831636e-05, 1.47357250171e-05, 1.35601530928e-05, 1.22183200801e-05, 1.28388483063e-05, 9.95608388621e-06, 8.66658592713e-06, 8.3337245087e-06, 6.45734462523e-06, 8.15056591819e-06, 7.39014603823e-06, 7.64140895626e-06, 6.62323645884e-06, 6.36654704067e-06, 4.91455375595e-06, 4.08462210544e-06, 3.5236948861e-06, 2.73156570074e-06, 2.10059556593e-06, 1.9814051484e-06, 1.65623134762e-06], "median": [0.000156983471243, 0.000275856000371, 0.000486999866553, 0.00034092811984, 0.000211580627365, 0.000116424816952, 9.62976919254e-05, 8.08558397694e-05, 4.36174086644e-05, 3.59668119927e-05, 3.27779052895e-05, 2.34029866988e-05, 2.14166047954e-05, 6.77778689351e-06, 8.12770485936e-06, 9.6863386716e-06, 1.23834088299e-05, 1.03923430288e-05, 1.38946525112e-05, 8.22101719677e-06, 5.36704465048e-06, 7.48868569644e-06, 6.10887400398e-06, 7.43631153455e-06, 5.62199420528e-06, 4.90477486892e-06, 4.60173851025e-06, 3.07503250951e-06, 2.79769346889e-06, 1.49077629885e-06, 1.11741792352e-06, 9.89367663351e-07, 1.08642370833e-06, 7.75393459662e-07, 6.20052333034e-07, 5.72369629026e-07, 4.87006218464e-07, 3.81541212846e-07, 3.11629435146e-07, 2.54757424045e-07], "min": [5.47341357212e-24, 1.43652221651e-24, 3.3595120763e-24, 3.44486800954e-24, 1.50695871927e-24, 3.98582109226e-24, 3.81759847637e-24, 5.39994774488e-24, 2.85492350917e-24, 4.11549680887e-24, 5.20517088763e-24, 5.99917122165e-24, 3.93430413641e-24, 6.60437663067e-24, 5.37248315804e-24, 6.8069687329e-24, 6.42301474754e-24, 6.72394822238e-24, 5.1050778494e-24, 7.89537353447e-24, 6.70139942226e-24, 5.63774631489e-24, 7.47461721573e-24, 6.39306603771e-24, 6.60701773698e-24, 6.43995592991e-24, 5.57968023581e-24, 5.85551412879e-24, 6.97658802702e-24, 7.54169642509e-24, 9.30491335536e-24, 9.80765125482e-24, 7.69175354648e-24, 6.60822429973e-24, 7.18007154208e-24, 6.49138611106e-24, 7.51618939658e-24, 7.92108330023e-24, 6.52381736617e-24, 8.26544711777e-24], "var": [0.000237352520344, 0.000217020016862, 8.00538055046e-06, 4.69638598588e-06, 3.35182932076e-07, 3.6282457927e-07, 3.55107630412e-07, 1.76391424134e-07, 3.58337750583e-08, 1.07025623919e-08, 5.78702907816e-09, 3.20359672124e-09, 4.10047329424e-09, 1.47530376804e-09, 1.38425582108e-09, 7.9516937479e-10, 7.73040409463e-10, 9.99758054121e-10, 9.58138679508e-10, 6.12503547881e-10, 6.17169926276e-10, 3.22557008881e-10, 3.3919397846e-10, 3.00162950051e-10, 2.03200706261e-10, 1.50971596335e-10, 1.42232003952e-10, 8.46027969903e-11, 3.57721241517e-10, 4.39670938546e-10, 3.91387477983e-10, 2.68481542554e-10, 2.21038506942e-10, 1.61737831461e-10, 8.64822588542e-11, 5.41233446949e-11, 3.9668223567e-11, 1.7017953019e-11, 1.64765163319e-11, 1.25439051507e-11]}, "mfcc": {"mean": [-671.423828125, 97.9755935669, 11.9069004059, 28.9951610565, 7.63083410263, 5.29929733276, -0.440255850554, 2.69444322586, 0.0564369931817, 3.92231225967, -1.03105092049, -3.83350491524, -4.12382602692], "cov": [[15975.3320312, 1047.28234863, 615.066650391, 589.93347168, 159.42628479, 99.0088500977, -11.7104845047, 190.712020874, 165.325271606, 188.509994507, 131.069122314, 223.169311523, 378.231384277], [1047.28234863, 1308.50561523, -190.235870361, 190.683898926, 23.3086929321, -102.978530884, 39.1393737793, 73.2433242798, 22.574596405, 120.2342453, -3.22651052475, 27.677110672, 74.4564285278], [615.066650391, -190.235870361, 458.842102051, 139.477706909, 139.165802002, 112.050094604, 76.5233154297, 66.7566223145, 51.8035812378, 49.3019981384, 80.6284866333, 56.7355117798, 45.7705574036], [589.93347168, 190.683898926, 139.477706909, 230.988082886, 70.8179473877, 67.9691314697, 43.4479560852, 55.0985488892, 42.729385376, 57.4665184021, 49.5245170593, 30.9621200562, 31.6272258759], [159.42628479, 23.3086929321, 139.165802002, 70.8179473877, 184.650985718, 123.574645996, 111.442886353, 97.7736358643, 65.5394744873, 55.1450920105, 46.8892440796, 53.5962562561, 53.5597610474], [99.0088500977, -102.978530884, 112.050094604, 67.9691314697, 123.574645996, 220.66116333, 111.749153137, 131.711044312, 92.8131561279, 40.8482398987, 64.7485580444, 63.9407997131, 56.3965301514], [-11.7104845047, 39.1393737793, 76.5233154297, 43.4479560852, 111.442886353, 111.749153137, 147.470550537, 113.589042664, 68.2775802612, 48.56508255, 36.5764045715, 48.2822914124, 45.8025779724], [190.712020874, 73.2433242798, 66.7566223145, 55.0985488892, 97.7736358643, 131.711044312, 113.589042664, 183.220565796, 107.746650696, 59.0693283081, 53.5685768127, 65.152885437, 79.2246398926], [165.325271606, 22.574596405, 51.8035812378, 42.729385376, 65.5394744873, 92.8131561279, 68.2775802612, 107.746650696, 112.295982361, 51.8072433472, 40.3392868042, 49.4430961609, 56.0945129395], [188.509994507, 120.2342453, 49.3019981384, 57.4665184021, 55.1450920105, 40.8482398987, 48.56508255, 59.0693283081, 51.8072433472, 79.84815979, 42.4389266968, 35.1613197327, 37.0033912659], [131.069122314, -3.22651052475, 80.6284866333, 49.5245170593, 46.8892440796, 64.7485580444, 36.5764045715, 53.5685768127, 40.3392868042, 42.4389266968, 87.0644302368, 47.2878990173, 32.0845870972], [223.169311523, 27.677110672, 56.7355117798, 30.9621200562, 53.5962562561, 63.9407997131, 48.2822914124, 65.152885437, 49.4430961609, 35.1613197327, 47.2878990173, 80.6808776855, 60.1631698608], [378.231384277, 74.4564285278, 45.7705574036, 31.6272258759, 53.5597610474, 56.3965301514, 45.8025779724, 79.2246398926, 56.0945129395, 37.0033912659, 32.0845870972, 60.1631698608, 101.847244263]], "icov": [[8.10287383501e-05, -6.75157498335e-05, -0.00012835864618, -9.50761968852e-05, 5.15021456522e-05, -4.10657994507e-05, 0.000168414160726, 2.70133259619e-05, -3.07027803501e-05, 3.99806012865e-05, 8.25745955808e-05, -5.3499097703e-05, -0.000257472274825], [-6.75157498335e-05, 0.00175461452454, 0.00142559420783, -0.00185082736425, -0.000571446900722, 0.00195515272208, -0.000505533767864, -0.00117460498586, 0.00113997212611, -0.00208518118598, 0.000557008257601, -0.000281216925941, -0.000618614722043], [-0.00012835864618, 0.00142559420783, 0.00464588683099, -0.00270596076734, -0.00254965480417, 0.00148689665366, -0.000634808617178, -0.00010264669254, 0.000736435351428, -0.000564917223528, -0.00166999164503, -0.000285877205897, -0.000435681256931], [-9.50761968852e-05, -0.00185082736425, -0.00270596076734, 0.00855649169534, 0.000252935598837, -0.0030804539565, 0.00112830637954, 0.000904978078324, -0.000692537752911, -0.00140509067569, -0.00130165624432, 0.00133330910467, 0.00114086118992], [5.15021456522e-05, -0.000571446900722, -0.00254965480417, 0.000252935598837, 0.0138260666281, -0.00424336269498, -0.00592938344926, 0.00128974148538, 0.000694291840773, -0.00291710626334, 0.00141327665187, -0.000458434835309, -0.00146108190529], [-4.10657994507e-05, 0.00195515272208, 0.00148689665366, -0.0030804539565, -0.00424336269498, 0.0141081819311, -0.00306662288494, -0.00447524525225, -0.00284096272662, 0.00337407877669, -0.0033717083279, -0.00153213064186, 0.000597232487053], [0.000168414160726, -0.000505533767864, -0.000634808617178, 0.00112830637954, -0.00592938344926, -0.00306662288494, 0.0191794857383, -0.00759383337572, 0.0014946438605, -0.00310415495187, 0.00298928259872, -0.00253862468526, 0.00263952021487], [2.70133259619e-05, -0.00117460498586, -0.00010264669254, 0.000904978078324, 0.00128974148538, -0.00447524525225, -0.00759383337572, 0.0212465785444, -0.0106401173398, 0.00148175528739, -0.00232147541828, 0.00160265271552, -0.00568227795884], [-3.07027803501e-05, 0.00113997212611, 0.000736435351428, -0.000692537752911, 0.000694291840773, -0.00284096272662, 0.0014946438605, -0.0106401173398, 0.0254442486912, -0.0094388499856, 0.0023287513759, -0.00254330504686, -0.00183854997158], [3.99806012865e-05, -0.00208518118598, -0.000564917223528, -0.00140509067569, -0.00291710626334, 0.00337407877669, -0.00310415495187, 0.00148175528739, -0.0094388499856, 0.0291719324887, -0.00920072477311, 0.000576094200369, -0.000866808521096], [8.25745955808e-05, 0.000557008257601, -0.00166999164503, -0.00130165624432, 0.00141327665187, -0.0033717083279, 0.00298928259872, -0.00232147541828, 0.0023287513759, -0.00920072477311, 0.0234987176955, -0.0100870802999, 0.00264229113236], [-5.3499097703e-05, -0.000281216925941, -0.000285877205897, 0.00133330910467, -0.000458434835309, -0.00153213064186, -0.00253862468526, 0.00160265271552, -0.00254330504686, 0.000576094200369, -0.0100870802999, 0.0307612866163, -0.0126989483833], [-0.000257472274825, -0.000618614722043, -0.000435681256931, 0.00114086118992, -0.00146108190529, 0.000597232487053, 0.00263952021487, -0.00568227795884, -0.00183854997158, -0.000866808521096, 0.00264229113236, -0.0126989483833, 0.0227359663695]]}, "spectral_contrast_coeffs": {"dmean": [0.0554856210947, 0.0356415845454, 0.0360579229891, 0.0284024104476, 0.0208491291851, 0.0278115384281], "dmean2": [0.0863202735782, 0.0562713369727, 0.0565585978329, 0.0463725328445, 0.0342166610062, 0.0457918010652], "dvar": [0.0023480814416, 0.000977762625553, 0.00101162772626, 0.000565623864532, 0.000311635638354, 0.000889253045898], "dvar2": [0.00570649607107, 0.00233046128415, 0.00222976831719, 0.00139263062738, 0.000785418145824, 0.00263872276992], "max": [-0.312799990177, -0.52225112915, -0.545026540756, -0.635950386524, -0.682077646255, -0.612644433975], "mean": [-0.628492057323, -0.727179706097, -0.750449061394, -0.786292076111, -0.794921934605, -0.776986002922], "median": [-0.627244830132, -0.714740276337, -0.742025852203, -0.780952692032, -0.789776146412, -0.776109099388], "min": [-0.970128059387, -0.988854408264, -0.970117211342, -0.971071839333, -0.963680684566, -0.963050544262], "var": [0.00930611137301, 0.00622647628188, 0.00546693522483, 0.00284069450572, 0.00165401992854, 0.00173137243837]}, "spectral_contrast_valleys": {"dmean": [0.498166024685, 0.362240076065, 0.351600646973, 0.320860594511, 0.33094483614, 0.509308695793], "dmean2": [0.70751452446, 0.562804400921, 0.536026418209, 0.472369730473, 0.448007553816, 0.620386242867], "dvar": [0.261079847813, 0.178365781903, 0.160987898707, 0.135467857122, 0.132349178195, 0.262481302023], "dvar2": [0.463588804007, 0.370803385973, 0.326929718256, 0.261967182159, 0.23357988894, 0.558785915375], "max": [-4.11416292191, -4.00574302673, -5.34321737289, -5.49792289734, -5.54002952576, -7.33879852295], "mean": [-7.69368982315, -7.43092727661, 