{"lowlevel": {"average_loudness": 0.965012788773, "barkbands_crest": {"dmean": 3.80729365349, "dmean2": 6.17672348022, "dvar": 10.8432121277, "dvar2": 27.610666275, "max": 26.2014808655, "mean": 15.0066957474, "median": 15.1220159531, "min": 2.56060910225, "var": 26.6788043976}, "barkbands_flatness_db": {"dmean": 0.038774266839, "dmean2": 0.0580986589193, "dvar": 0.00155241752509, "dvar2": 0.00304709794, "max": 0.52686560154, "mean": 0.216621086001, "median": 0.20607791841, "min": 0.0241405963898, "var": 0.00905644334853}, "barkbands_kurtosis": {"dmean": 21.4371623993, "dmean2": 34.9236450195, "dvar": 2514.05688477, "dvar2": 6397.98046875, "max": 701.775756836, "mean": 27.1008167267, "median": 11.4073629379, "min": -1.8190330267, "var": 2759.90576172}, "barkbands_skewness": {"dmean": 1.36426544189, "dmean2": 2.06955599785, "dvar": 3.22157621384, "dvar2": 7.15656661987, "max": 21.6513633728, "mean": 3.56466984749, "median": 2.97275686264, "min": -2.07281661034, "var": 7.02068519592}, "barkbands_spread": {"dmean": 6.10888147354, "dmean2": 9.23805522919, "dvar": 61.2006149292, "dvar2": 135.139663696, "max": 89.2272872925, "mean": 14.5711221695, "median": 10.7347278595, "min": 0.187988504767, "var": 186.613235474}, "dissonance": {"dmean": 0.0150788621977, "dmean2": 0.0249087139964, "dvar": 0.000288786890451, "dvar2": 0.000757343601435, "max": 0.5, "mean": 0.462815493345, "median": 0.472168445587, "min": 0.280714988708, "var": 0.000953559647314}, "dynamic_complexity": 5.06828022003, "erbbands_crest": {"dmean": 2.07381343842, "dmean2": 3.37132692337, "dvar": 4.16995763779, "dvar2": 10.1561546326, "max": 27.9124526978, "mean": 8.16363620758, "median": 7.41975784302, "min": 2.22471094131, "var": 14.0402212143}, "erbbands_flatness_db": {"dmean": 0.0171612203121, "dmean2": 0.0242702569813, "dvar": 0.000540715700481, "dvar2": 0.000983234145679, "max": 0.388352930546, "mean": 0.159913510084, "median": 0.150848865509, "min": 0.0385024510324, "var": 0.00523599702865}, "erbbands_kurtosis": {"dmean": 1.02044129372, "dmean2": 1.60452353954, "dvar": 6.16927719116, "dvar2": 12.8715286255, "max": 103.6223526, "mean": 0.700338900089, "median": -0.611651659012, "min": -1.91847622395, "var": 31.8765258789}, "erbbands_skewness": {"dmean": 0.359809666872, "dmean2": 0.566710472107, "dvar": 0.143726676702, "dvar2": 0.329791754484, "max": 8.5284204483, "mean": 0.57185280323, "median": 0.303424149752, "min": -3.08880639076, "var": 1.05096459389}, "erbbands_spread": {"dmean": 10.5116920471, "dmean2": 16.2404899597, "dvar": 146.867446899, "dvar2": 316.906707764, "max": 235.487014771, "mean": 51.8084831238, "median": 49.8112373352, "min": 1.70438075066, "var": 609.31842041}, "hfc": {"dmean": 8.64200592041, "dmean2": 13.4593849182, "dvar": 291.717529297, "dvar2": 645.817687988, "max": 107.024215698, "mean": 12.8160381317, "median": 4.67239236832, "min": 1.08772318257e-16, "var": 395.982696533}, "melbands_crest": {"dmean": 4.734146595, "dmean2": 7.28764009476, "dvar": 15.7652692795, "dvar2": 38.5236053467, "max": 35.7003326416, "mean": 19.3666419983, "median": 18.883895874, "min": 1.001912117, "var": 48.6813468933}, "melbands_flatness_db": {"dmean": 0.0437799952924, "dmean2": 0.0653380677104, "dvar": 0.00204269052483, "dvar2": 0.00381702114828, "max": 0.669034004211, "mean": 0.31544187665, "median": 0.308589875698, "min": 2.63174484871e-07, "var": 0.0137008307502}, "melbands_kurtosis": {"dmean": 35.8527259827, "dmean2": 55.8326950073, "dvar": 3648.71166992, "dvar2": 7843.46630859, "max": 1161.72460938, "mean": 59.5742607117, "median": 31.8806877136, "min": -1.75564229488, "var": 6354.34814453}, "melbands_skewness": {"dmean": 1.55017209053, "dmean2": 2.36834287643, "dvar": 3.05881786346, "dvar2": 6.11646556854, "max": 23.7363872528, "mean": 5.13203191757, "median": 4.63612890244, "min": -0.620739459991, "var": 9.14393520355}, "melbands_spread": {"dmean": 4.66002559662, "dmean2": 7.32470703125, "dvar": 47.5844039917, "dvar2": 107.206130981, "max": 171.972122192, "mean": 11.4130411148, "median": 6.63053512573, "min": 0.154980286956, "var": 222.222793579}, "pitch_salience": {"dmean": 0.10694707185, "dmean2": 0.164819315076, "dvar": 0.00825559720397, "dvar2": 0.0204485356808, "max": 0.996065378189, "mean": 0.45461550355, "median": 0.464077204466, "min": 0.041481975466, "var": 0.022228743881}, "silence_rate_20dB": {"dmean": 0.0691150203347, "dmean2": 0.138247668743, "dvar": 0.0643446668983, "dvar2": 0.161994934082, "max": 1, "mean": 0.952314138412, "median": 1, "min": 0, "var": 0.04541586712}, "silence_rate_30dB": {"dmean": 0.0844172388315, "dmean2": 0.168856009841, "dvar": 0.077298887074, "dvar2": 0.14850731194, "max": 1, "mean": 0.88945555687, "median": 1, "min": 0, "var": 0.0983176007867}, "silence_rate_60dB": {"dmean": 0.0479469522834, "dmean2": 0.0959061309695, "dvar": 0.0456434935331, "dvar2": 0.100234352052, "max": 1, "mean": 0.132474824786, "median": 0, "min": 0, "var": 0.114939324558}, "spectral_centroid": {"dmean": 234.806915283, "dmean2": 369.046478271, "dvar": 98771.96875, "dvar2": 214828.9375, "max": 11514.3886719, "mean": 1013.96679688, "median": 745.54699707, "min": 133.909759521, "var": 763118.5625}, "spectral_complexity": {"dmean": 3.69166040421, "dmean2": 5.22433376312, "dvar": 41.2791595459, "dvar2": 60.512096405, "max": 56, "mean": 11.0722942352, "median": 8, "min": 0, "var": 111.497955322}, "spectral_decrease": {"dmean": 1.37712561354e-08, "dmean2": 2.35219257405e-08, "dvar": 1.21926358763e-15, "dvar2": 3.19098952922e-15, "max": 6.33714055581e-28, "mean": -1.4153730632e-08, "median": -5.44137179759e-09, "min": -2.38979168898e-07, "var": 9.58595868495e-16}, "spectral_energy": {"dmean": 0.0526826791465, "dmean2": 0.0897548571229, "dvar": 0.0176665317267, "dvar2": 0.0462515242398, "max": 0.909920573235, "mean": 0.0545818768442, "median": 0.0210591312498, "min": 9.94263745367e-21, "var": 0.0139054134488}, "spectral_energyband_high": {"dmean": 0.000432936911238, "dmean2": 0.00064670102438, "dvar": 1.04445291527e-06, "dvar2": 1.88222486486e-06, "max": 0.00798740796745, "mean": 0.000649469089694, "median": 4.86194076075e-05, "min": 7.14830825337e-21, "var": 2.04734828912e-06}, "spectral_energyband_low": {"dmean": 0.0479649193585, "dmean2": 0.0821212530136, "dvar": 0.0171861667186, "dvar2": 0.0451872311532, "max": 0.891737759113, "mean": 0.0452397093177, "median": 0.0128552569076, "min": 1.88835125355e-23, "var": 0.0133364126086}, "spectral_energyband_middle_high": {"dmean": 0.000726839643903, "dmean2": 0.0010311785154, "dvar": 2.36200753534e-06, "dvar2": 3.99294367526e-06, "max": 0.0198121983558, "mean": 0.00138015823904, "median": 0.000648474262562, "min": 1.26731976123e-21, "var": 4.90720185553e-06}, "spectral_energyband_middle_low": {"dmean": 0.00731503218412, "dmean2": 0.012260789983, "dvar": 0.000285396672552, "dvar2": 0.000721844902728, "max": 0.161906465888, "mean": 0.00890819914639, "median": 0.0046318853274, "min": 1.68011898517e-22, "var": 0.000244973780354}, "spectral_entropy": {"dmean": 0.213357493281, "dmean2": 0.32155585289, "dvar": 0.096599265933, "dvar2": 0.190846279263, "max": 9.81843757629, "mean": 7.08505392075, "median": 7.05867099762, "min": 4.10302448273, "var": 0.754405200481}, "spectral_flux": {"dmean": 0.0729784145951, "dmean2": 0.119541533291, "dvar": 0.0159534607083, "dvar2": 0.0347801670432, "max": 0.884497880936, "mean": 0.118160359561, "median": 0.0618820935488, "min": 6.43552988677e-11, "var": 0.0227698720992}, "spectral_kurtosis": {"dmean": 3.66626310349, "dmean2": 6.21275615692, "dvar": 30.4097175598, "dvar2": 82.1163024902, "max": 74.4962234497, "mean": 8.21938800812, "median": 4.87621498108, "min": -1.25592792034, "var": 75.6263504028}, "spectral_rms": {"dmean": 0.00240794406272, "dmean2": 0.00383285596035, "dvar": 1.85114604392e-05, "dvar2": 4.33326749771e-05, "max": 0.0297947544605, "mean": 0.00548270298168, "median": 0.0045327139087, "min": 3.11450388049e-12, "var": 2.31905305554e-05}, "spectral_rolloff": {"dmean": 360.93182373, "dmean2": 611.758056641, "dvar": 608714.375, "dvar2": 1576434.5, "max": 19810.546875, "mean": 701.882202148, "median": 279.931640625, "min": 21.533203125, "var": 2407425.25}, "spectral_skewness": {"dmean": 0.363346576691, "dmean2": 0.600082218647, "dvar": 0.208315685391, "dvar2": 0.538036227226, "max": 7.11445951462, "mean": 1.9070507288, "median": 1.75176239014, "min": -0.0600558444858, "var": 0.688122332096}, "spectral_spread": {"dmean": 507990.125, "dmean2": 707198.125, "dvar": 864649347072, "dvar2": 1750756884480.0, "max": 52930448, "mean": 4600902.5, "median": 4371971, "min": 1051913.875, "var": 9778561548290.0}, "spectral_strongpeak": {"dmean": 0.266575872898, "dmean2": 0.444216430187, "dvar": 0.151203900576, "dvar2": 0.370044231415, "max": 5.07558393478, "mean": 0.445058941841, "median": 0.362670391798, "min": 0, "var": 0.180577218533}, "zerocrossingrate": {"dmean": 0.0103298071772, "dmean2": 0.0121884737164, "dvar": 0.000164561613929, "dvar2": 0.000227745505981, "max": 0.52294921875, "mean": 0.0412080623209, "median": 0.02880859375, "min": 0.001953125, "var": 0.00218194024637}, "barkbands": {"dmean": [0.00143843505066, 0.0374807417393, 0.010893734172, 0.00258557475172, 0.00447782175615, 0.000404468359193, 0.000164438635693, 0.000174993809196, 0.000128359824885, 0.000179611917702, 0.000107146042865, 9.45752035477e-05, 5.05166390212e-05, 5.25725736225e-05, 8.39648637339e-05, 0.000110954955744, 0.000125175880385, 7.25054705981e-05, 9.88592219073e-05, 7.01306853443e-05, 0.000107518142613, 0.00011740392074, 7.72792336647e-05, 5.58830251975e-05, 4.12203880842e-05, 3.56105410901e-05, 1.53910023073e-05], "dmean2": [0.00216696946882, 0.0639605522156, 0.020677164197, 0.00461292127147, 0.00739541649818, 0.00068985944381, 0.000260814791545, 0.000272872042842, 0.000196909881197, 0.000262522196863, 0.000167289894307, 0.000143120443681, 7.57013185648e-05, 8.18248227006e-05, 0.000140419273521, 0.0001781242172, 0.000196504493942, 0.000105293169327, 0.000148147155414, 0.000111028879473, 0.00018407542666, 0.000191973143956, 0.000113868351036, 7.28724844521e-05, 5.2885759942e-05, 4.41283336841e-05, 2.07519697142e-05], "dvar": [5.22698792338e-06, 0.00989850703627, 0.00128769979347, 5.26058502146e-05, 0.000177620458999, 8.7608452759e-07, 1.18147383432e-07, 1.25694754161e-07, 1.1970574576e-07, 2.19425956516e-07, 6.35120258607e-08, 7.19046369113e-08, 1.34103688154e-08, 1.27320509691e-08, 4.52888393454e-08, 6.24678477834e-08, 5.14905771354e-08, 2.58263135322e-08, 4.97286727352e-08, 2.1012533935e-08, 6.75855602594e-08, 7.80706841397e-08, 4.42928467237e-08, 2.25397087661e-08, 1.18709602148e-08, 7.37732541722e-09, 2.91622992421e-09], "dvar2": [1.12304287541e-05, 0.0257776938379, 0.00377083406784, 0.000152091786731, 0.000448995822808, 2.44546936301e-06, 3.10217615151e-07, 2.94088806641e-07, 2.62028351017e-07, 5.01722979607e-07, 1.38612961109e-07, 1.7570636146e-07, 2.85366468233e-08, 3.0020689934e-08, 1.16444560661e-07, 1.45901722703e-07, 1.16405942663e-07, 5.24312397943e-08, 1.04334162643e-07, 4.59056970215e-08, 1.73377756596e-07, 1.68669672007e-07, 8.72923422435e-08, 4.68179841562e-08, 1.59154325274e-08, 1.40697942186e-08, 6.16474027382e-09], "max": [0.024084944278, 0.772478640079, 0.310366153717, 0.101614564657, 0.135642513633, 0.0108478879556, 0.00670698890463, 0.00561579689384, 0.00696298107505, 0.00780967297032, 0.00361929903738, 0.00621218327433, 0.00213710404932, 0.00144862476736, 0.00320021877997, 0.00247420743108, 0.00337310740724, 0.0023422606755, 0.00281324516982, 0.00162533367984, 0.00250408891588, 0.00213748170063, 0.00171404494904, 0.00139052793384, 0.000906636181753, 0.00162044283934, 0.00180480058771], "mean": [0.00170545943547, 0.034362975508, 0.00762630533427, 0.00266114715487, 0.00479663070291, 0.000632863258943, 0.000242894529947, 0.000301134568872, 0.000190584658412, 0.000274104124401, 0.000153910717927, 0.000125214544823, 7.32958360459e-05, 7.39665556466e-05, 0.000109060260002, 0.000132259519887, 0.000188852325664, 0.000105016661109, 0.000135943293571, 9.53273265623e-05, 0.000121137949463, 0.000150832725922, 0.000104254264443, 6.38344790787e-05, 6.53361348668e-05, 5.65353984712e-05, 3.29102513206e-05], "median": [0.000358920922736, 0.00805883482099, 0.00103728065733, 0.000693928683177, 0.00179843488149, 0.000388746528188, 0.000124306592625, 0.000151495609316, 2.52124591498e-05, 8.33819503896e-05, 3.86189276469e-05, 2.33446244238e-05, 1.14118593046e-05, 1.48162325786e-05, 3.51888556906e-05, 2.2203910703e-05, 6.95700146025e-05, 3.40228252753e-05, 2.98128343275e-05, 1.35420796141e-05, 8.55805137689e-06, 7.15018177289e-06, 4.3148847908e-06, 1.64457696883e-06, 1.03416550701e-06, 5.01418298882e-07, 1.30531788045e-07], "min": [3.64175122401e-25, 4.40519848213e-24, 3.71955213775e-24, 1.30711914995e-24, 1.42926576114e-23, 1.02789909125e-23, 1.04907708777e-23, 4.65791125641e-24, 1.61401256753e-23, 1.92175541081e-23, 2.20644174309e-23, 3.71775250937e-23, 4.68567316493e-23, 4.27297837356e-23, 5.5464873355e-23, 7.91029578513e-23, 8.20524645997e-23, 9.5514338082e-23, 1.50383116583e-22, 1.3291353309e-22, 3.00244701443e-22, 3.44428939584e-22, 4.40936491411e-22, 6.05665188706e-22, 8.23834782086e-22, 1.42526248769e-21, 2.01905437314e-21], "var": [8.26324958325e-06, 0.00776298716664, 0.000733452325221, 3.62328573829e-05, 0.000143091616337, 8.15925261577e-07, 1.3510313579e-07, 1.88025751413e-07, 2.06545166748e-07, 3.10365379619e-07, 1.03211341695e-07, 8.41881444558e-08, 2.29280381348e-08, 1.88671744894e-08, 5.16773788206e-08, 7.72517623204e-08, 9.45552329767e-08, 4.05005948778e-08, 7.8996798436e-08, 3.63880587884e-08, 8.10973119769e-08, 1.28304890268e-07, 7.35719254408e-08, 3.23177147266e-08, 2.61290704628e-08, 2.01960261847e-08, 1.43858533974e-08]}, "erbbands": {"dmean": [1.26763117313, 7.97993040085, 12.9663352966, 11.5534057617, 13.8082971573, 13.3851175308, 7.91027069092, 2.75941252708, 3.35640311241, 2.3872115612, 3.67228460312, 3.04708099365, 4.72968053818, 5.45483493805, 4.30815076828, 3.34073638916, 2.35747098923, 2.61215949059, 3.50428581238, 4.93017959595, 6.62700033188, 5.50157642365, 3.3466758728, 6.32601451874, 3.59649467468, 3.35924005508, 3.6486427784, 4.91699934006, 4.31318902969, 3.65167164803, 2.0312871933, 1.13121116161, 0.995674610138, 0.515175282955, 0.27038243413, 0.169384896755, 0.0641131401062, 0.0194866098464, 0.00217415462248, 0.000136890113936], "dmean2": [2.12614893913, 13.8722362518, 24.3874607086, 21.2740497589, 22.7868862152, 23.2213859558, 13.6343574524, 4.58787584305, 5.23431921005, 3.87293553352, 5.62121677399, 4.76151800156, 6.85253667831, 7.89187288284, 6.47369527817, 5.04807901382, 3.40802001953, 4.22903442383, 5.5770945549, 7.8357758522, 9.98590087891, 8.98878002167, 4.90275669098, 9.49914932251, 5.47957611084, 5.23062038422, 5.87225103378, 8.51476860046, 7.05560827255, 5.91040706635, 2.89644789696, 1.42451417446, 1.26631748676, 0.664516866207, 0.349920213223, 0.209553003311, 0.082316108048, 0.0254537016153, 0.0028593079187, 0.000198901776457], "dvar": [9.77765846252, 494.597625732, 1813.70068359, 1242.6887207, 1488.13244629, 1872.14733887, 258.431121826, 37.1570510864, 51.9904785156, 14.49659729, 72.9634933472, 63.272403717, 133.96257019, 214.464004517, 95.358581543, 78.5218963623, 29.9536685944, 30.4227237701, 67.4732513428, 154.423568726, 156.337615967, 108.168365479, 51.7399368286, 184.050567627, 65.7588806152, 52.466091156, 61.4644775391, 148.863067627, 102.17641449, 97.4910049438, 30.9436798096, 8.70684719086, 7.24795246124, 1.93214535713, 0.497427076101, 0.181123778224, 0.0290699023753, 0.00475530745462, 4.51193591289e-05, 5.65100251038e-08], "dvar2": [25.1202125549, 1322.6315918, 5289.45605469, 3609.67260742, 3646.38549805, 5124.57324219, 736.081787109, 100.721817017, 134.886291504, 35.9880409241, 168.54524231, 149.173522949, 293.943023682, 457.300384521, 200.009994507, 189.597747803, 61.7032775879, 73.5127639771, 167.98197937, 382.033782959, 329.62310791, 272.181243896, 98.2542800903, 392.009338379, 133.790588379, 113.572357178, 139.675216675, 404.026885986, 232.889663696, 234.011108398, 56.1599884033, 16.9500179291, 14.5304574966, 2.65181660652, 0.712273478508, 0.339575260878, 0.0575433075428, 0.0102549614385, 8.71671072673e-05, 1.22401331737e-07], "max": [25.2759799957, 162.331085205, 366.668212891, 358.663513184, 372.276306152, 517.991394043, 220.417236328, 68.1279220581, 125.8230896, 63.4683990479, 158.531097412, 178.968490601, 200.676071167, 275.132293701, 181.226165771, 193.070236206, 101.801589966, 75.570098877, 99.7212677002, 191.492828369, 152.656066895, 110.884918213, 99.1006240845, 173.741790771, 93.8662414551, 87.2112121582, 73.4197769165, 111.108024597, 81.3773880005, 82.5222320557, 45.9271469116, 29.2782421112, 25.8237552643, 13.279291153, 5.71664333344, 4.32141494751, 4.96709442139, 2.63792586327, 0.212815254927, 0.00286571704783], "mean": [1.17805218697, 6.86529397964, 9.52206802368, 10.1418361664, 12.731921196, 14.6787672043, 11.3445301056, 4.03088617325, 4.84464359283, 4.24926948547, 5.65517520905, 4.64679479599, 7.49982261658, 7.77421855927, 6.53085517883, 4.5867023468, 3.55333065987, 3.86253881454, 5.25191831589, 5.99873542786, 9.99845695496, 7.66004800797, 4.99988365173, 8.94953918457, 4.85096311569, 4.44641113281, 4.60656881332, 5.20819854736, 5.34819602966, 4.34331226349, 2.85794663429, 1.38427221775, 1.13923513889, 0.7639362216, 0.429687410593, 0.22530823946, 0.114495195448, 0.044025875628, 0.00456531299278, 0.000222920920351], "median": [0.177188932896, 1.64638590813, 1.59007680416, 2.29893279076, 2.62814474106, 5.82948112488, 6.0774474144, 2.53632974625, 2.38237476349, 2.52108740807, 2.50706267357, 1.03823196888, 2.33173513412, 1.47529995441, 1.87286889553, 1.05970168114, 0.591690003872, 1.05251216888, 2.14845252037, 1.33875465393, 3.64931797981, 2.5821621418, 1.28270614147, 2.59382987022, 0.664646983147, 0.571620225906, 0.513542890549, 0.314647018909, 0.257116883993, 0.20364060998, 0.109539411962, 0.0508948974311, 0.0211556814611, 0.0136478208005, 0.00613349350169, 0.00250568380579, 0.000910232774913, 0.000215260937694, 4.58382419311e-05, 4.17914015998e-05], "min": [7.006632899e-23, 5.31696491035e-22, 4.14964403524e-21, 4.0425758447e-21, 1.42705328525e-20, 3.41969519173e-20, 6.50019721847e-20, 1.15556226845e-19, 1.35668490129e-19, 3.23805873693e-19, 1.71425918272e-19, 4.19876801384e-19, 6.26136070732e-19, 9.76581735492e-19, 9.35043827057e-19, 1.04513081324e-18, 2.18759079928e-18, 2.58272711968e-18, 2.56485608934e-18, 4.66379484045e-18, 4.28798849019e-18, 4.39086039348e-18, 6.70433195197e-18, 7.3624418104e-18, 6.95332903278e-18, 7.89255622238e-18, 1.11377015707e-17, 1.00225305833e-17, 1.28298947283e-17, 1.12802595318e-17, 1.28627809479e-17, 1.27240404253e-17, 1.02357032989e-17, 7.45243575232e-18, 7.01165271059e-18, 4.2750220205e-18, 2.67849188715e-18, 1.07807731364e-18, 2.60721409565e-19, 2.74773760607e-20], "var": [8.22254180908, 358.964080811, 1052.47546387, 767.065063477, 1257.80908203, 1285.24108887, 248.6275177, 32.7630271912, 58.3703918457, 28.8679847717, 91.5475158691, 101.315032959, 219.79347229, 313.102996826, 161.658172607, 95.9575424194, 53.0379142761, 43.9981842041, 84.1033935547, 183.431655884, 261.252471924, 155.914901733, 92.6003341675, 289.007904053, 111.969093323, 87.7906570435, 90.0982589722, 170.45223999, 160.002578735, 125.707046509, 55.1503944397, 14.1719293594, 10.6238145828, 3.9903588295, 1.08439898491, 0.317083895206, 0.110721640289, 0.0241988115013, 0.000233458165894, 1.46127689504e-07]}, "gfcc": {"mean": [-86.2035598755, 112.909896851, -89.9718551636, 40.115737915, -31.6039066315, -0.695619821548, -25.4121112823, 3.76866579056, -12.583193779, -4.68706655502, -12.9364700317, 5.54002952576, -2.88295412064], "cov": [[20703.2949219, -2557.95166016, 1716.66552734, 1290.36376953, -362.810852051, 1555.32421875, 382.672271729, 611.340637207, -300.658325195, 372.779296875, -613.053161621, 92.6199798584, -355.709289551], [-2557.95166016, 4181.02001953, -921.647521973, 40.8427085876, 653.319396973, -722.733398438, 68.8723144531, -440.447692871, 309.732421875, -435.26348877, 449.492462158, -258.507446289, 228.398071289], [1716.66552734, -921.647521973, 1497.10595703, 507.085144043, 403.267974854, 367.21987915, 174.067153931, 209.176116943, -5.8181142807, 150.145584106, -181.868087769, -6.93488311768, -161.898880005], [1290.36376953, 40.8427085876, 507.085144043, 630.185424805, 243.546707153, 220.211425781, 208.289413452, 57.2782669067, 54.5116691589, 51.1209640503, -28.3336257935, -68.3966445923, -38.7415237427], [-362.810852051, 653.319396973, 403.267974854, 243.546707153, 645.128295898, -64.8965148926, 103.231529236, 19.0481529236, 111.169670105, -72.5523452759, 35.4875068665, -88.557434082, -23.1066398621], [1555.32421875, -722.733398438, 367.21987915, 220.211425781, -64.8965148926, 580.80078125, 244.843673706, 147.997589111, -16.7471389771, 111.081359863, -77.809967041, 23.6118831635, -46.6090583801], [382.672271729, 68.8723144531, 174.067153931, 208.289413452, 103.231529236, 244.843673706, 311.712463379, 38.3807258606, 29.3553695679, 39.3046455383, 21.8537807465, -18.2999572754, 0.935694694519], [611.340637207, -440.447692871, 209.176116943, 57.2782669067, 19.0481529236, 147.997589111, 38.3807258606, 200.505859375, 21.5945415497, 84.1410064697, -26.3882331848, 34.2913360596, -17.7282352448], [-300.658325195, 309.732421875, -5.8181142807, 54.5116691589, 111.169670105, -16.7471389771, 29.3553695679, 21.5945415497, 140.315567017, 4.98258733749, 72.0690689087, -11.3535490036, 40.3579673767], [372.779296875, -435.26348877, 150.145584106, 51.1209640503, -72.5523452759, 111.081359863, 39.3046455383, 84.1410064697, 4.98258733749, 129.619140625, -13.7887649536, 51.7436943054, -11.2746229172], [-613.053161621, 449.492462158, -181.868087769, -28.3336257935, 35.4875068665, -77.809967041, 21.8537807465, -26.3882331848, 72.0690689087, -13.7887649536, 147.078582764, 2.60132241249, 69.8780822754], [92.6199798584, -258.507446289, -6.93488311768, -68.3966445923, -88.557434082, 23.6118831635, -18.2999572754, 34.2913360596, -11.3535490036, 51.7436943054, 2.60132241249, 93.1905899048, 17.6615066528], [-355.709289551, 228.398071289, -161.898880005, -38.7415237427, -23.1066398621, -46.6090583801, 0.935694694519, -17.7282352448, 40.3579673767, -11.2746229172, 69.8780822754, 17.6615066528, 85.7291107178]], "icov": [[8.01646092441e-05, -6.95173876011e-05, -1.41650980368e-05, -0.000163683362189, 9.90911576082e-05, -0.000175863184268, 0.000123899721075, -0.000188031830476, 0.000137363997055, 2.94239157483e-06, 0.000215182080865, -0.000172021493199, 0.000103731479612], [-6.95173876011e-05, 0.00111436354928, 0.00030441742274, -0.000121744735225, -0.000577820523176, 0.000771326886024, -0.000733667460736, 0.000989010091871, -0.00101127149537, 0.00170686875936, -0.001697976375, 0.000885605812073, -0.00035917351488], [-1.41650980368e-05, 0.00030441742274, 0.00190287071746, -0.000769434904214, -0.00148052535951, -0.000336005090503, 0.000204419658985, 2.03157669603e-05, 7.79983747634e-05, -0.00109380716458, 0.000688117579557, -0.000474526983453, 0.00115259562153], [-0.000163683362189, -0.000121744735225, -0.000769434904214, 0.00349492998794, -0.000465423916467, -0.000162132462719, -0.00107980321627, 0.000713729707059, -0.00060671987012, -0.00171640340704, 0.000277955579804, 0.00251148734242, -0.000966793217231], [9.90911576082e-05, -0.000577820523176, -0.00148052535951, -0.000465423916467, 0.00428345566615, 0.00102858315222, -0.00106863037217, -0.00172777625266, -0.00170257093851, 0.00281583052129, 2.25993662752e-05, 3.47147870343e-05, 0.00145864766091], [-0.000175863184268, 0.000771326886024, -0.000336005090503, -0.000162132462719, 0.00102858315222, 0.00516061997041, -0.00396384159103, -0.00105866242666, -0.00131603179034, 0.00147357210517, 9.04141415958e-05, 0.000459077360574, 5.98861915933e-05], [0.000123899721075, -0.000733667460736, 0.000204419658985, -0.00107980321627, -0.00106863037217, -0.00396384159103, 0.00748892314732, 0.000417153758463, 0.00181595946196, -0.00267443922348, -0.000963637372479, 0.00020485027926, -0.000535119033884], [-0.000188031830476, 0.000989010091871, 2.03157669603e-05, 0.000713729707059, -0.00172777625266, -0.00105866242666, 0.000417153758463, 0.00971945933998, -0.00244220625609, -0.0030464748852, -0.000892019364983, 0.000127765044454, -0.000640269077849], [0.000137363997055, -0.00101127149537, 7.79983747634e-05, -0.00060671987012, -0.00170257093851, -0.00131603179034, 0.00181595946196, -0.00244220625609, 0.0138092124835, -0.00409235712141, -0.00283282762393, 0.00129783712327, -0.00355933816172], [2.94239157483e-06, 0.00170686875936, -0.00109380716458, -0.00171640340704, 0.00281583052129, 0.00147357210517, -0.00267443922348, -0.0030464748852, -0.00409235712141, 0.0209736879915, -0.004322625231, -0.00632066419348, 0.00309320539236], [0.000215182080865, -0.001697976375, 0.000688117579557, 0.000277955579804, 2.25993662752e-05, 9.04141415958e-05, -0.000963637372479, -0.000892019364983, -0.00283282762393, -0.004322625231, 0.018126482144, -0.00166624342091, -0.00694361049682], [-0.000172021493199, 0.000885605812073, -0.000474526983453, 0.00251148734242, 3.47147870343e-05, 0.000459077360574, 0.00020485027926, 0.000127765044454, 0.00129783712327, -0.00632066419348, -0.00166624342091, 0.0200735125691, -0.00677074491978], [0.000103731479612, -0.00035917351488, 0.00115259562153, -0.000966793217231, 0.00145864766091, 5.98861915933e-05, -0.000535119033884, -0.000640269077849, -0.00355933816172, 0.00309320539236, -0.00694361049682, -0.00677074491978, 0.0242279116064]]}, "melbands": {"dmean": [0.0108857359737, 0.00794057454914, 0.00201843422838, 0.00106908590533, 0.000329209840856, 6.64814942866e-05, 4.54446490039e-05, 2.83439403574e-05, 2.91699743684e-05, 1.9388331566e-05, 2.43957929342e-05, 2.32981947192e-05, 1.36591370392e-05, 1.17253957796e-05, 6.22331344857e-06, 5.07589811605e-06, 5.14008297614e-06, 5.34863011126e-06, 5.89520914218e-06, 7.4886929724e-06, 9.00850227481e-06, 6.59896659272e-06, 3.77490096071e-06, 3.60463309335e-06, 5.64581614526e-06, 2.87568309432e-06, 2.15726572605e-06, 2.28125645663e-06, 2.38350685322e-06, 2.446737426e-06, 3.00543001686e-06, 2.37959011429e-06, 2.41738121076e-06, 1.90855530491e-06, 1.23107042782e-06, 7.54513393986e-07, 6.9785278356e-07, 7.3559476732e-07, 5.8369494127e-07, 3.99258368589e-07], "dmean2": [0.0185323115438, 0.0143225062639, 0.00363717111759, 0.00178932142444, 0.000575235753786, 0.00010945302347, 7.08030711394e-05, 4.53792672488e-05, 4.48355458502e-05, 3.00519350276e-05, 3.55013326043e-05, 3.36648772645e-05, 2.04382231459e-05, 1.75279146788e-05, 8.92609659786e-06, 7.94428524387e-06, 8.42773351906e-06, 8.42192002892e-06, 9.65340950643e-06, 1.2146329027e-05, 1.3350959307e-05, 1.06230136225e-05, 6.13761403656e-06, 5.32511239726e-06, 8.57189115777e-06, 4.30625505032e-06, 3.44524801221e-06, 3.5554085116e-06, 3.93641539631e-06, 4.06261733588e-06, 5.20981348018e-06, 3.86766987504e-06, 3.94921517e-06, 3.1049851259e-06, 1.78073094048e-06, 9.78083107839e-07, 9.54855408963e-07, 1.00093836863e-06, 7.50120534576e-07, 5.18700744578e-07], "dvar": [0.000790120626334, 0.000601996842306, 2.98612903862e-05, 1.16163446364e-05, 5.6848409713e-07, 2.14042330526e-08, 9.3307441773e-09, 2.14284390232e-09, 4.94837193443e-09, 2.67718713864e-09, 3.68668007233e-09, 4.05960864924e-09, 1.00337083087e-09, 9.86949189041e-10, 2.18320375667e-10, 1.37318836857e-10, 1.17723678028e-10, 1.43848072343e-10, 2.43633224706e-10, 3.14304138271e-10, 2.82739026636e-10, 1.51592613462e-10, 7.53816939425e-11, 7.4622870383e-11, 1.50589193892e-10, 4.80468650976e-11, 2.0839113421e-11, 2.54706308128e-11, 2.70027576688e-11, 2.77074248961e-11, 5.72777970886e-11, 3.04429155495e-11, 3.58324585281e-11, 2.88745364424e-11, 1.09533805637e-11, 4.11955365653e-12, 3.93378602262e-12, 4.23178592862e-12, 2.43508577018e-12, 1.17869765597e-12], "dvar2": [0.00204297504388, 0.0016900585033, 8.56900078361e-05, 2.97136139125e-05, 1.64067546393e-06, 5.77019569903e-08, 2.42214390767e-08, 5.07842301545e-09, 1.16950378271e-08, 6.1784297678e-09, 8.18314038753e-09, 8.8627407635e-09, 2.08248773781e-09, 2.36003661058e-09, 4.83158013598e-10, 3.16092541031e-10, 2.9069388563e-10, 3.42038897205e-10, 6.12025707891e-10, 7.46143535846e-10, 5.82319248377e-10, 3.63638591461e-10, 1.85920834284e-10, 1.63046812163e-10, 3.32911143097e-10, 9.48835870984e-11, 4.4582233738e-11, 5.58736529266e-11, 6.5139060812e-11, 6.67129684828e-11, 1.54551982323e-10, 6.93993890133e-11, 8.2856978223e-11, 6.98209476346e-11, 1.95094253252e-11, 6.26451408109e-12, 8.84526653311e-12, 9.29431271529e-12, 3.83215811514e-12, 1.67873603473e-12], "max": [0.226993814111, 0.19238846004, 0.0534911453724, 0.0331910252571, 0.0091965328902, 0.00154202058911, 0.00171045283787, 0.00067041272996, 0.00133853836451, 0.00113472354133, 0.00100750010461, 0.00120441569015, 0.000573386379983, 0.000713782326784, 0.000271564000286, 0.000215928113903, 0.000147525366629, 0.000137540919241, 0.000251090357779, 0.000176311921678, 0.000245213072049, 0.000156277732458, 9.47134103626e-05, 0.000128303450765, 0.000163267191965, 8.08704644442e-05, 6.2249659095e-05, 6.48232962703e-05, 5.19681343576e-05, 4.47272759629e-05, 6.98319418007e-05, 5.65193840885e-05, 4.76487002743e-05, 4.57129572169e-05, 2.84678426397e-05, 2.10365560633e-05, 2.05790838663e-05, 1.97261906578e-05, 1.45853528011e-05, 9.87353814708e-06], "mean": [0.0100442105904, 0.00655553024262, 0.00180818419904, 0.00102843600325, 0.000473810039693, 9.97056631604e-05, 6.5549640567e-05, 5.09354031237e-05, 4.21709992224e-05, 2.8868780646e-05, 3.81208083127e-05, 3.25414184772e-05, 2.06426266232e-05, 1.61368116096e-05, 8.85341705725e-06, 7.12757400834e-06, 7.20343450666e-06, 8.08305230748e-06, 7.28330451238e-06, 8.99408132682e-06, 1.39072353704e-05, 9.70471319306e-06, 4.50569677923e-06, 4.91344871989e-06, 7.79913079896e-06, 3.74093724531e-06, 2.88691353489e-06, 2.97462997878e-06, 2.86005865746e-06, 2.89770969175e-06, 3.09697611556e-06, 2.87492002826e-06, 3.03758315567e-06, 2.16770217776e-06, 1.72240834218e-06, 1.11029942218e-06, 7.6483115663e-07, 7.80756408858e-07, 7.95881135218e-07, 5.87766351146e-07], "median": [0.00209370953962, 0.00146209192462, 0.000458802387584, 0.000327586429194, 0.000245946575888, 6.0117978137e-05, 3.24560751324e-05, 2.88958726742e-05, 1.75629338628e-05, 4.77099047203e-06, 1.14313925224e-05, 5.70636893826e-06, 5.35039634997e-06, 3.96127325075e-06, 1.58841260145e-06, 1.1200085055e-06, 1.76051480594e-06, 3.31727301273e-06, 1.77048400474e-06, 1.70732630522e-06, 5.19093919138e-06, 3.29709791913e-06, 6.53200345369e-07, 1.53427981786e-06, 2.13566045204e-06, 3.35126259188e-07, 2.81968567606e-07, 3.91441261627e-07, 3.42108791074e-07, 2.48025344263e-07, 1.20560400774e-07, 1.42124932268e-07, 1.38013106721e-07, 9.11967106276e-08, 6.35153583062e-08, 3.69882435791e-08, 2.41551667557e-08, 1.39883811201e-08, 1.30133415155e-08, 1.04794164457e-08], "min": [1.81925050924e-24, 1.43799156855e-24, 1.09737789715e-24, 2.09274779622e-24, 2.50788900303e-24, 2.45333394663e-24, 2.44483653417e-24, 2.82760308665e-24, 1.5697387353e-24, 2.24808594694e-24, 2.72879786384e-24, 3.62617664455e-24, 2.49649035738e-24, 3.99437037232e-24, 3.16728363421e-24, 5.00001972062e-24, 3.48299168494e-24, 3.70685384376e-24, 4.38155434865e-24, 5.5591883905e-24, 4.97082279523e-24, 4.31851331827e-24, 5.37524969323e-24, 4.11933737819e-24, 5.47626135999e-24, 5.27973559812e-24, 4.76325140296e-24, 4.27678139309e-24, 4.94434231236e-24, 6.41607829361e-24, 5.04315581821e-24, 6.3504580825e-24, 5.05502738597e-24, 6.55095260358e-24, 7.14638323712e-24, 6.66184593647e-24, 5.795024669e-24, 6.37165280287e-24, 7.1637571097e-24, 6.02919526771e-24], "var": [0.000635325151961, 0.000390082917875, 1.90667433344e-05, 8.91904710443e-06, 4.79301888845e-07, 1.98834815279e-08, 1.04762252207e-08, 4.37409486409e-09, 5.86788884149e-09, 4.340761528e-09, 5.85041304291e-09, 5.68564884063e-09, 1.71862102327e-09, 1.23376120431e-09, 3.37178979182e-10, 2.13326925569e-10, 1.60738256039e-10, 1.93334875886e-10, 2.88771062618e-10, 3.9714734279e-10, 5.19603193805e-10, 2.51720089217e-10, 9.35632543664e-11, 1.01153627141e-10, 2.25983370905e-10, 8.02081248641e-11, 3.60654041354e-11, 4.067388093e-11, 3.48599031585e-11, 3.96185965978e-11, 6.53327947298e-11, 4.74631757508e-11, 5.29465186971e-11, 3.45575582039e-11, 1.96236447231e-11, 8.53201190254e-12, 4.95279555215e-12, 5.43351691765e-12, 4.48535696432e-12, 2.412717812e-12]}, "mfcc": {"mean": [-734.449584961, 142.896774292, 12.4946842194, 42.5086174011, 16.864862442, 9.95252227783, -1.30076742172, 10.3697690964, 6.60682535172, -2.50015807152, -1.79054772854, -1.87746274471, 1.06429243088], "cov": [[12559.2919922, -1561.82971191, 667.342346191, 368.021179199, -262.428466797, 714.679016113, 463.201446533, 467.427520752, 327.990081787, 326.69519043, 116.45941925, 62.9476394653, 104.545188904], [-1561.82971191, 3172.92529297, -553.375488281, 311.835723877, 436.038665771, -130.804122925, -158.451431274, -72.7548065186, -79.4050369263, -207.086837769, -10.4947090149, -4.85128068924, -100.003005981], [667.342346191, -553.375488281, 648.127807617, 260.734710693, 155.543243408, 190.629714966, 154.02180481, 96.8295059204, 96.1133270264, 123.943969727, 54.668926239, 21.1618404388, 57.2309989929], [368.021179199, 311.835723877, 260.734710693, 610.64831543, 272.241455078, 185.817092896, 98.7919311523, 79.241607666, 95.3805084229, 70.0531463623, 48.8774414062, 47.5157165527, 56.7049179077], [-262.428466797, 436.038665771, 155.543243408, 272.241455078, 474.378845215, 18.0537109375, 11.4567985535, 43.5263671875, 75.5042877197, -4.81645298004, 27.604763031, 70.3057403564, -11.2294549942], [714.679016113, -130.804122925, 190.629714966, 185.817092896, 18.0537109375, 319.389343262, 215.27822876, 127.854682922, 84.9776382446, 105.32270813, 46.801700592, 26.2969341278, 29.9475440979], [463.201446533, -158.451431274, 154.02180481, 98.7919311523, 11.4567985535, 215.27822876, 269.833343506, 137.06086731, 88.3836212158, 102.842697144, 35.3341178894, 30.4846668243, 26.9011764526], [467.427520752, -72.7548065186, 96.8295059204, 79.241607666, 43.5263671875, 127.854682922, 137.06086731, 140.106796265, 86.8142929077, 70.3381118774, 40.1393585205, 29.3072185516, 21.1967391968], [327.990081787, -79.4050369263, 96.1133270264, 95.3805084229, 75.5042877197, 84.9776382446, 88.3836212158, 86.8142929077, 114.377426147, 71.321975708, 40.5796966553, 35.1310997009, 19.0212593079], [326.69519043, -207.086837769, 123.943969727, 70.0531463623, -4.81645298004, 105.32270813, 102.842697144, 70.3381118774, 71.321975708, 113.138687134, 48.3771247864, 32.1030960083, 29.0652561188], [116.45941925, -10.4947090149, 54.668926239, 48.8774414062, 27.604763031, 46.801700592, 35.3341178894, 40.1393585205, 40.5796966553, 48.3771247864, 77.9231109619, 26.6746711731, 11.3131389618], [62.9476394653, -4.85128068924, 21.1618404388, 47.5157165527, 70.3057403564, 26.2969341278, 30.4846668243, 29.3072185516, 35.1310997009, 32.1030960083, 26.6746711731, 85.5826644897, 22.9026489258], [104.545188904, -100.003005981, 57.2309989929, 56.7049179077, -11.2294549942, 29.9475440979, 26.9011764526, 21.1967391968, 19.0212593079, 29.0652561188, 11.3131389618, 22.9026489258, 68.9633789062]], "icov": [[0.000105396284198, 2.92290060315e-05, -5.05568241351e-05, -5.65254013054e-05, 0.000143724886584, -0.000166792029631, 0.000169338702108, -0.000310037867166, -0.000132041459437, 8.47346818773e-05, 7.84964213381e-05, -8.50160358823e-05, 0.000112177745905], [2.92290060315e-05, 0.000638400553726, 0.000770091544837, -0.000478575762827, -0.000625093874987, -8.03028888186e-05, -0.000127996667288, -0.000197832807316, 0.000512060942128, 0.000555077218451, -0.000563803478144, 0.000430871790741, 0.00025389669463], [-5.05568241351e-05, 0.000770091544837, 0.00357924564742, -0.000729584658984, -0.00202980055474, -0.000568955671042, -0.000583204615396, 0.00040576281026, 0.00115351844579, -0.00191221642308, -0.000785462965723, 0.00235462933779, -0.00132310844492], [-5.65254013054e-05, -0.000478575762827, -0.000729584658984, 0.00365348160267, -0.00155043310951, -0.00189678743482, 0.000687504245434, 0.00104654312599, -0.000819999724627, -0.000807451608125, 0.000148021965288, 0.00074365362525, -0.00273028179072], [0.000143724886584, -0.000625093874987, -0.00202980055474, -0.00155043310951, 0.0056682638824, 0.00108321022708, 0.0004316252016, -0.0009776330553, -0.00350826396607, 0.00351380021311, 0.000448003120255, -0.0044941897504, 0.00332544231787], [-0.000166792029631, -8.03028888186e-05, -0.000568955671042, -0.00189678743482, 0.00108321022708, 0.00906295049936, -0.00505508016795, -0.00166718987748, 0.00109496281948, -0.0012976131402, -0.000781227543484, -5.40724686289e-05, 0.00128427043092], [0.000169338702108, -0.000127996667288, -0.000583204615396, 0.000687504245434, 0.0004316252016, -0.00505508016795, 0.0118786450475, -0.00680540688336, 0.000164927172591, -0.00367208593525, 0.00313087110408, -0.000864722765982, 0.000475664564874], [-0.000310037867166, -0.000197832807316, 0.00040576281026, 0.00104654312599, -0.0009776330553, -0.00166718987748, -0.00680540688336, 0.0221111159772, -0.00954528339207, 0.00107195251621, -0.00310373702087, 0.000763152143918, -0.00215412722901], [-0.000132041459437, 0.000512060942128, 0.00115351844579, -0.000819999724627, -0.00350826396607, 0.00109496281948, 0.000164927172591, -0.00954528339207, 0.0241954494268, -0.00954633019865, -0.00131309451535, 0.000106574138044, 1.23364889077e-05], [8.47346818773e-05, 0.000555077218451, -0.00191221642308, -0.000807451608125, 0.00351380021311, -0.0012976131402, -0.00367208593525, 0.00107195251621, -0.00954633019865, 0.0270041842014, -0.00778037402779, -0.00419860007241, -0.000911578361411], [7.84964213381e-05, -0.000563803478144, -0.000785462965723, 0.000148021965288, 0.000448003120255, -0.000781227543484, 0.00313087110408, -0.00310373702087, -0.00131309451535, -0.00778037402779, 0.02004850097, -0.00326362089254, 0.00117470778059], [-8.50160358823e-05, 0.000430871790741, 0.00235462933779, 0.00074365362525, -0.0044941897504, -5.40724686289e-05, -0.000864722765982, 0.000763152143918, 0.000106574138044, -0.00419860007241, -0.00326362089254, 0.0187878105789, -0.00638128491119], [0.000112177745905, 0.00025389669463, -0.00132310844492, -0.00273028179072, 0.00332544231787, 0.00128427043092, 0.000475664564874, -0.00215412722901, 1.23364889077e-05, -0.000911578361411, 0.00117470778059, -0.00638128491119, 0.0208091884851]]}, "spectral_contrast_coeffs": {"dmean": [0.0611247569323, 0.036701079458, 0.0335473120213, 0.0268136449158, 0.0241946112365, 0.02062000148], "dmean2": [0.100797638297, 0.0603275708854, 0.0545920729637, 0.0444103218615, 0.0376714468002, 0.0331930033863], "dvar": [0.00368195376359, 0.00103189470246, 0.000869782292284, 0.00063805381069, 0.000707225350197, 0.000573758152314], "dvar2": [0.00977099128067, 0.0026227068156, 0.00213608960621, 0.00160822388716, 0.00151782296598, 0.00148364284541], "max": [-0.295816093683, -0.499467521906, -0.606976211071, -0.599017798901, -0.560362398624, -0.608291625977], "mean": [-0.646061360836, -0.744355261326, -0.790742754936, -0.799097895622, -0.780470132828, -0.757670402527], "median": [-0.66035592556, -0.739415645599, -0.795487940311, -0.803663015366, -0.787976801395, -0.764340400696], "min": [-0.981552004814, -0.986261367798, -0.997509419918, -0.987817525864, -0.989236176014, -0.962849974632], "var": [0.00922104716301, 0.00500942813233, 0.00358207430691, 0.00320160877891, 0.00429199216887, 0.00176348432433]}, "spectral_contrast_valleys": {"dmean": [0.52472949028, 0.438768625259, 0.403611421585, 0.417164266109, 0.453916937113, 0.45766171813], "dmean2": [0.772714197636, 0.684724390507, 0.592477738857, 0.609725236893, 0.602368056774, 0.537393450737], "dvar": [0.39694198966, 0.280783295631, 0.254025012255, 0.362945079803, 0.491580963135, 0.527888059616], "dvar2": [0.639829277992, 0.569369018078, 0.424108922482, 0.698330283165, 0.920891463757, 0.88099783659], "max": [-4.606777668, -5.08143472672, -5.263932