{"lowlevel": {"average_loudness": 0.827758252621, "barkbands_crest": {"dmean": 2.30142688751, "dmean2": 3.65156412125, "dvar": 3.79928970337, "dvar2": 9.52817726135, "max": 26.1309757233, "mean": 11.7723169327, "median": 10.9294633865, "min": 4.14316749573, "var": 17.565568924}, "barkbands_flatness_db": {"dmean": 0.0185108538717, "dmean2": 0.0283892191947, "dvar": 0.000264710950432, "dvar2": 0.000597085570917, "max": 0.510907709599, "mean": 0.274974405766, "median": 0.273898750544, "min": 0.0446417368948, "var": 0.00665944535285}, "barkbands_kurtosis": {"dmean": 4.64749336243, "dmean2": 7.2922539711, "dvar": 155.083770752, "dvar2": 353.867370605, "max": 453.353088379, "mean": 9.26360225677, "median": 4.41065454483, "min": -1.78393650055, "var": 354.882415771}, "barkbands_skewness": {"dmean": 0.555307805538, "dmean2": 0.861848890781, "dvar": 0.369137525558, "dvar2": 0.813396990299, "max": 13.7155151367, "mean": 1.88371837139, "median": 1.63841474056, "min": -2.15441775322, "var": 2.25646686554}, "barkbands_spread": {"dmean": 2.06685066223, "dmean2": 3.26620078087, "dvar": 8.36630821228, "dvar2": 17.74168396, "max": 113.746932983, "mean": 8.8439655304, "median": 6.63114356995, "min": 0.277264118195, "var": 107.056564331}, "dissonance": {"dmean": 0.038360696286, "dmean2": 0.0645072981715, "dvar": 0.00139837129973, "dvar2": 0.00398468179628, "max": 0.499915450811, "mean": 0.401291251183, "median": 0.413076967001, "min": 0.119007557631, "var": 0.00365914544091}, "dynamic_complexity": 9.00014972687, "erbbands_crest": {"dmean": 3.37340021133, "dmean2": 5.38589715958, "dvar": 8.95527839661, "dvar2": 22.1677970886, "max": 32.5692062378, "mean": 13.4913492203, "median": 12.4691324234, "min": 2.49246764183, "var": 34.6705703735}, "erbbands_flatness_db": {"dmean": 0.0157782193273, "dmean2": 0.0242789369076, "dvar": 0.000213043647818, "dvar2": 0.000478343921714, "max": 0.428761512041, "mean": 0.250898450613, "median": 0.252792418003, "min": 0.0390392430127, "var": 0.00352339725941}, "erbbands_kurtosis": {"dmean": 1.85727846622, "dmean2": 2.92795014381, "dvar": 9.65902996063, "dvar2": 22.4755191803, "max": 53.6699028015, "mean": 2.3794631958, "median": 0.921027898788, "min": -1.88837909698, "var": 23.4243793488}, "erbbands_skewness": {"dmean": 0.461774230003, "dmean2": 0.729861319065, "dvar": 0.201174169779, "dvar2": 0.486808389425, "max": 5.60682964325, "mean": 0.749148190022, "median": 0.727396607399, "min": -3.64151787758, "var": 1.08659315109}, "erbbands_spread": {"dmean": 4.96192741394, "dmean2": 7.76469135284, "dvar": 23.1910266876, "dvar2": 56.141998291, "max": 109.210327148, "mean": 22.1512775421, "median": 20.5665645599, "min": 2.23063015938, "var": 130.735656738}, "hfc": {"dmean": 2.0370414257, "dmean2": 2.98745679855, "dvar": 9.8786649704, "dvar2": 18.8346576691, "max": 64.8500137329, "mean": 9.49647808075, "median": 7.22407865524, "min": 1.18582614147e-16, "var": 105.266639709}, "melbands_crest": {"dmean": 2.85821008682, "dmean2": 4.59311580658, "dvar": 7.2417883873, "dvar2": 18.7851295471, "max": 31.4388046265, "mean": 15.7216444016, "median": 14.7428836823, "min": 1.57888448238, "var": 35.134929657}, "melbands_flatness_db": {"dmean": 0.0205174628645, "dmean2": 0.0304555185139, "dvar": 0.000333484931616, "dvar2": 0.000710207910743, "max": 0.651017844677, "mean": 0.367343395948, "median": 0.365398854017, "min": 0.00362651166506, "var": 0.0113661484793}, "melbands_kurtosis": {"dmean": 6.1834154129, "dmean2": 9.86317920685, "dvar": 110.184463501, "dvar2": 239.613891602, "max": 165.636520386, "mean": 13.6366167068, "median": 6.90976428986, "min": -1.82153892517, "var": 440.260162354}, "melbands_skewness": {"dmean": 0.616454482079, "dmean2": 0.944565236568, "dvar": 0.366988688707, "dvar2": 0.838147819042, "max": 10.0582780838, "mean": 2.37163853645, "median": 2.01470160484, "min": -0.598826110363, "var": 2.33048796654}, "melbands_spread": {"dmean": 2.9032907486, "dmean2": 4.62004375458, "dvar": 23.9249477386, "dvar2": 56.853263855, "max": 161.204620361, "mean": 11.9810171127, "median": 7.57899427414, "min": 0.322891503572, "var": 425.779571533}, "pitch_salience": {"dmean": 0.0601660273969, "dmean2": 0.0964079350233, "dvar": 0.00251136580482, "dvar2": 0.00626048911363, "max": 0.880103647709, "mean": 0.505950808525, "median": 0.513433396816, "min": 0.0694444924593, "var": 0.0151715939865}, "silence_rate_20dB": {"dmean": 0, "dmean2": 0, "dvar": 0, "dvar2": 0, "max": 1, "mean": 1, "median": 1, "min": 1, "var": 0}, "silence_rate_30dB": {"dmean": 0.0111188329756, "dmean2": 0.022245394066, "dvar": 0.0109954364598, "dvar2": 0.0217510014772, "max": 1, "mean": 0.962486982346, "median": 1, "min": 0, "var": 0.0361042544246}, "silence_rate_60dB": {"dmean": 0.0125086866319, "dmean2": 0.0250260680914, "dvar": 0.0123521620408, "dvar2": 0.026484657079, "max": 1, "mean": 0.280305653811, "median": 0, "min": 0, "var": 0.201736032963}, "spectral_centroid": {"dmean": 98.5183486938, "dmean2": 155.514419556, "dvar": 30183.6503906, "dvar2": 50303.8164062, "max": 10765.2138672, "mean": 609.254821777, "median": 475.848480225, "min": 121.830543518, "var": 373300.375}, "spectral_complexity": {"dmean": 1.28144550323, "dmean2": 2.09384775162, "dvar": 2.16536259651, "dvar2": 5.26672792435, "max": 29, "mean": 8.84404277802, "median": 9, "min": 0, "var": 37.8377685547}, "spectral_decrease": {"dmean": 1.68520009058e-09, "dmean2": 2.48347564735e-09, "dvar": 5.78316542385e-18, "dvar2": 9.96759172853e-18, "max": 1.40199090176e-17, "mean": -7.56389706424e-09, "median": -5.41566658185e-09, "min": -4.92675162889e-08, "var": 7.14732488942e-17}, "spectral_energy": {"dmean": 0.00650551076978, "dmean2": 0.00956915225834, "dvar": 8.5620675236e-05, "dvar2": 0.00014766753884, "max": 0.190444082022, "mean": 0.0294092614204, "median": 0.0211711712182, "min": 1.11186831052e-20, "var": 0.00107079243753}, "spectral_energyband_high": {"dmean": 8.43494399305e-06, "dmean2": 1.43180350278e-05, "dvar": 3.53826773436e-10, "dvar2": 9.8619934441e-10, "max": 0.000262390210992, "mean": 1.91633953364e-05, "median": 7.48067031964e-06, "min": 8.02719330876e-21, "var": 8.80272410519e-10}, "spectral_energyband_low": {"dmean": 0.00420686556026, "dmean2": 0.00595042202622, "dvar": 5.26699186594e-05, "dvar2": 7.77626410127e-05, "max": 0.135837137699, "mean": 0.0138822402805, "median": 0.00563377514482, "min": 7.07691409477e-23, "var": 0.000429664825788}, "spectral_energyband_middle_high": {"dmean": 0.000767465098761, "dmean2": 0.00117672153283, "dvar": 2.64099708147e-06, "dvar2": 5.448666343e-06, "max": 0.0274085886776, "mean": 0.00198482046835, "median": 0.000651766022202, "min": 1.63815516959e-21, "var": 1.11891404231e-05}, "spectral_energyband_middle_low": {"dmean": 0.00400731293485, "dmean2": 0.00663920398802, "dvar": 3.26320441673e-05, "dvar2": 7.87388999015e-05, "max": 0.0809454396367, "mean": 0.0151193011552, "median": 0.0114858783782, "min": 3.6111469826e-22, "var": 0.000230444886256}, "spectral_entropy": {"dmean": 0.15114530921, "dmean2": 0.239221304655, "dvar": 0.0173107217997, "dvar2": 0.040374469012, "max": 9.80481624603, "mean": 6.17049026489, "median": 6.08943748474, "min": 4.4074716568, "var": 0.577754914761}, "spectral_flux": {"dmean": 0.0144462995231, "dmean2": 0.024797052145, "dvar": 0.000324134976836, "dvar2": 0.000848239520565, "max": 0.213978156447, "mean": 0.0536003373563, "median": 0.0556787699461, "min": 1.05445166487e-10, "var": 0.00151922123041}, "spectral_kurtosis": {"dmean": 9.89220523834, "dmean2": 16.8544521332, "dvar": 132.082733154, "dvar2": 395.942962646, "max": 148.625869751, "mean": 25.6142749786, "median": 17.9817218781, "min": -1.14111244678, "var": 479.834136963}, "spectral_rms": {"dmean": 0.000520899309777, "dmean2": 0.000784599746112, "dvar": 3.73883978e-07, "dvar2": 7.05708089299e-07, "max": 0.0136308148503, "mean": 0.00436337059364, "median": 0.00454475544393, "min": 3.2935535809e-12, "var": 9.65302842815e-06}, "spectral_rolloff": {"dmean": 165.957321167, "dmean2": 282.626708984, "dvar": 220544.53125, "dvar2": 450481.53125, "max": 19078.4179688, "mean": 1106.09350586, "median": 495.263671875, "min": 86.1328125, "var": 9400660}, "spectral_skewness": {"dmean": 0.657428920269, "dmean2": 1.10869312286, "dvar": 0.434421360493, "dvar2": 1.30870568752, "max": 9.66751194, "mean": 3.49738311768, "median": 3.15702486038, "min": 0.00583666888997, "var": 1.9620205164}, "spectral_spread": {"dmean": 286678.3125, "dmean2": 466087.25, "dvar": 359904641024, "dvar2": 452680843264, "max": 39152048, "mean": 2452054.5, "median": 2059611.125, "min": 517831.90625, "var": 3784981348350.0}, "spectral_strongpeak": {"dmean": 0.393285870552, "dmean2": 0.684376597404, "dvar": 0.998375654221, "dvar2": 2.94912195206, "max": 13.5922899246, "mean": 0.699917852879, "median": 0.459775805473, "min": 0, "var": 0.997033953667}, "zerocrossingrate": {"dmean": 0.00430427212268, "dmean2": 0.00542574329302, "dvar": 5.07331715198e-05, "dvar2": 6.80844241288e-05, "max": 0.5244140625, "mean": 0.0368698984385, "median": 0.0205078125, "min": 0.00341796875, "var": 0.00638851476833}, "barkbands": {"dmean": [1.10540777314e-05, 0.00143022695556, 0.00321869878098, 0.000696298549883, 0.0024674993474, 0.0020185878966, 0.000636436219793, 0.000798722729087, 0.00025951731368, 0.000385480670957, 8.64203102537e-05, 0.000254365004366, 6.68095381116e-05, 5.25229588675e-05, 5.71824857616e-05, 0.000199027752387, 5.42211455468e-05, 3.09848546749e-05, 9.96764811134e-06, 3.72127601622e-06, 7.13727558832e-06, 1.1865218994e-06, 5.80560026719e-07, 1.62303351203e-07, 9.2375081806e-08, 3.14214112507e-08, 1.9766099868e-09], "dmean2": [1.96989913093e-05, 0.00210553198121, 0.00442752894014, 0.00121963792481, 0.00430682953447, 0.0029914022889, 0.00068437558366, 0.00122168241069, 0.000395973242121, 0.000574149133172, 0.000147167753312, 0.00039848065353, 0.000106924133433, 8.77934580785e-05, 9.86628729152e-05, 0.000320552760968, 8.11819845694e-05, 5.29672688572e-05, 1.65203891811e-05, 6.29290025245e-06, 1.23987992993e-05, 1.99847204385e-06, 9.94068614091e-07, 2.78059161474e-07, 1.55363295562e-07, 5.17934033439e-08, 3.4612239741e-09], "dvar": [3.06579678311e-10, 5.91641219216e-06, 3.61711790902e-05, 1.8797412622e-06, 1.60175441124e-05, 1.22408173411e-05, 1.74722640622e-06, 2.7970568226e-06, 3.47042089288e-07, 1.19649769204e-06, 5.20529539472e-08, 6.77799903315e-07, 3.78018079061e-08, 4.38862919339e-08, 5.2558959851e-08, 8.82208155417e-07, 4.89015192784e-08, 1.88797883993e-08, 4.4942630173e-10, 5.01410961362e-11, 2.87116747044e-10, 5.82461466211e-12, 1.82618069972e-12, 7.78384721587e-14, 2.97658931195e-14, 6.65400157188e-15, 1.71638752877e-17], "dvar2": [8.89503026791e-10, 1.10542232505e-05, 4.8012490879e-05, 5.2734790188e-06, 4.68222242489e-05, 2.60087053903e-05, 1.77896981768e-06, 5.75859894525e-06, 8.37733807657e-07, 2.35033553508e-06, 1.44228025079e-07, 1.33479056785e-06, 9.25461378642e-08, 9.87700943256e-08, 1.47866202838e-07, 2.06358640753e-06, 9.61915489484e-08, 5.5255174658e-08, 1.15392917444e-09, 1.40514405667e-10, 8.01889499247e-10, 1.52905431372e-11, 5.0913882485e-12, 2.19390627085e-13, 8.13134485417e-14, 1.85890833163e-14, 5.14016650085e-17], "max": [0.000218402623432, 0.0282488912344, 0.118185952306, 0.0183791387826, 0.0423573181033, 0.0613086000085, 0.0355635732412, 0.024315468967, 0.00866513606161, 0.0213411264122, 0.00515406485647, 0.0205474067479, 0.00311506143771, 0.00625435402617, 0.00491798343137, 0.0236431434751, 0.0053387680091, 0.00288795353845, 0.000331525399815, 8.69952709763e-05, 0.000243154921918, 4.21864751843e-05, 2.68359362963e-05, 3.96380346501e-06, 4.11755991081e-06, 2.20265428652e-06, 8.50265493568e-08], "mean": [1.26599634314e-05, 0.0035005339887, 0.00877673737705, 0.00200808700174, 0.00389751326293, 0.00476423976943, 0.00204414548352, 0.00185198220424, 0.000530741177499, 0.000638655619696, 0.000165136079886, 0.000465969700599, 0.000108817286673, 8.14902814454e-05, 7.66235025367e-05, 0.000333275995217, 7.39998940844e-05, 4.06489270972e-05, 1.5208325749e-05, 5.91398065808e-06, 1.20113827506e-05, 2.6017712571e-06, 1.41901466577e-06, 4.73224559983e-07, 3.16526467259e-07, 1.15189209282e-07, 3.12117709456e-09], "median": [5.7030761127e-06, 0.0010679543484, 0.00225622742437, 0.000357112119673, 0.00224682106636, 0.00193718844093, 0.000304082699586, 0.000479036534671, 0.000149887477164, 0.000117487696116, 2.23730767175e-05, 5.39862558071e-05, 1.79950275196e-05, 1.08758131319e-05, 8.72157306731e-06, 2.02005921892e-05, 5.1030024224e-06, 2.59892203758e-06, 5.40434166396e-06, 2.39477003561e-06, 4.07074503528e-06, 7.52310711505e-07, 3.93106461161e-07, 1.68308247339e-07, 9.31380199631e-08, 7.21745774257e-09, 6.25866081183e-10], "min": [1.70063943457e-23, 2.63435082143e-23, 2.25655066111e-23, 2.78729296493e-23, 7.81191662609e-23, 7.02282726675e-23, 5.44540522346e-23, 2.88791217339e-23, 5.6661139897e-23, 9.70089644401e-23, 8.06246074286e-23, 1.47940727489e-22, 1.80115826837e-22, 1.57972362388e-22, 1.77168364816e-22, 1.6092701882e-22, 1.84618165256e-22, 1.52333079766e-22, 2.64608989212e-22, 2.12255585215e-22, 4.66334227975e-22, 8.39239152972e-22, 7.92321846271e-22, 9.17747499027e-22, 1.03834996786e-21, 1.86305529897e-21, 2.20392883615e-21], "var": [3.23854887352e-10, 2.70456694125e-05, 0.000302512693452, 1.24168891489e-05, 2.82093678834e-05, 4.66434139526e-05, 2.59873741015e-05, 9.62258673098e-06, 9.2430497034e-07, 2.97440578834e-06, 1.77974840199e-07, 1.66944357716e-06, 6.11864336975e-08, 6.36286898725e-08, 5.96599747382e-08, 2.11269366446e-06, 7.9013091181e-08, 2.24862048981e-08, 7.63751006883e-10, 8.10978090238e-11, 5.0740983637e-10, 1.70584813636e-11, 6.12949664983e-12, 4.2156133185e-13, 2.90898625717e-13, 7.3118892668e-14, 5.18413578262e-17]}, "erbbands": {"dmean": [0.0289234109223, 0.407243698835, 2.90586590767, 3.5805284977, 1.45705854893, 9.3096704483, 20.6347923279, 17.2394924164, 8.45989894867, 13.9437351227, 18.8811721802, 5.94082307816, 5.04498052597, 15.0789527893, 3.70039248466, 12.2291965485, 3.497433424, 3.21854543686, 2.63283514977, 3.31569337845, 13.9264202118, 2.96523571014, 1.55298292637, 0.416728228331, 0.715137183666, 0.120317451656, 0.402661174536, 0.109176009893, 0.046946067363, 0.0239863321185, 0.0205351188779, 0.00511373020709, 0.00177206716035, 0.00122529186774, 0.000545667367987, 0.000216470551095, 4.55333974969e-05, 4.93985908179e-06, 2.99152338812e-06, 7.15007399776e-06], "dmean2": [0.0454050973058, 0.575689554214, 3.85505962372, 5.6989812851, 2.41891384125, 15.8953838348, 36.2277412415, 24.2870330811, 12.7564334869, 15.5137443542, 28.0045566559, 8.91466903687, 7.42937612534, 22.4959487915, 6.04277992249, 19.0269508362, 5.40672636032, 5.2958779335, 4.41373109818, 5.66674137115, 22.3745536804, 4.51475572586, 2.65075135231, 0.696181356907, 1.18861794472, 0.202051907778, 0.689612090588, 0.189790859818, 0.0798068791628, 0.0404696278274, 0.0353014990687, 0.00862242933363, 0.00302707171068, 0.00208957772702, 0.000907530426048, 0.00035913332249, 7.674205699e-05, 8.09522498457e-06, 4.34926323578e-06, 1.04833115984e-05], "dvar": [0.00281349453144, 0.441383481026, 32.5448646545, 32.5678520203, 4.65229845047, 295.625671387, 1147.67614746, 1593.19677734, 297.532867432, 1280.43591309, 1931.58654785, 192.090316772, 101.514419556, 1846.38061523, 62.4904403687, 1734.14978027, 86.9775466919, 145.623291016, 114.694915771, 308.515533447, 4089.30395508, 101.288619995, 45.2481498718, 1.46321868896, 2.01463294029, 0.0460384860635, 0.865224123001, 0.0518368780613, 0.0113325109705, 0.00188002083451, 0.00301304319873, 7.41359617678e-05, 1.21776220112e-05, 5.24261668033e-06, 1.55694624482e-06, 2.67996824732e-07, 1.95610247999e-08, 2.61600352491e-10, 1.75425698273e-11, 1.0257014682e-10], "dvar2": [0.00575666921213, 0.792075335979, 41.5869026184, 79.2562637329, 12.5232591629, 811.948791504, 3484.05517578, 3153.45458984, 693.414306641, 1164.37683105, 3652.72998047, 458.245269775, 201.461486816, 3615.96166992, 161.569717407, 3349.82373047, 193.467788696, 334.167022705, 309.733947754, 873.57635498, 9460.73925781, 210.640701294, 125.337181091, 3.71138691902, 5.19152832031, 0.122259199619, 2.37491083145, 0.14933770895, 0.0303742513061, 0.00529219023883, 0.00843266025186, 0.000208520257729, 3.56253403879e-05, 1.47172768266e-05, 4.08419191444e-06, 7.66502409988e-07, 5.6278548044e-08, 6.74269140521e-10, 3.00159654076e-11, 1.76948622421e-10], "max": [0.535862743855, 7.79241371155, 117.774749756, 65.2741317749, 22.7167243958, 220.58984375, 353.984344482, 733.835876465, 208.293182373, 993.983703613, 670.160949707, 223.123138428, 198.837890625, 835.45916748, 162.789489746, 1059.36706543, 151.572143555, 348.913116455, 278.84185791, 440.400085449, 1630.44702148, 196.665817261, 159.680892944, 23.8881225586, 21.6036148071, 2.46098732948, 12.6251029968, 3.02387475967, 2.07614707947, 0.690618574619, 1.08739542961, 0.138401567936, 0.0596116706729, 0.0422063954175, 0.0333141870797, 0.0143781593069, 0.00312707922421, 0.000481658207718, 8.71968441061e-05, 0.000209498553886], "mean": [0.0539286881685, 1.12453722954, 8.73776531219, 9.24292945862, 3.62002325058, 15.5053730011, 33.9727210999, 39.5394325256, 18.7987823486, 52.8863639832, 40.2453269958, 14.0096750259, 9.6877374649, 25.5334014893, 8.91248226166, 21.6284503937, 6.6904668808, 5.24692201614, 4.19992399216, 4.66970157623, 22.1881904602, 4.73323822021, 2.21148705482, 0.682191729546, 1.10781276226, 0.244453772902, 0.624375343323, 0.200643330812, 0.106777995825, 0.0586185231805, 0.0465463921428, 0.015159743838, 0.00526600657031, 0.00365684716962, 0.00206322944723, 0.00079866341548, 0.000160744719324, 1.82542025868e-05, 1.42024264278e-05, 3.26495501213e-05], "median": [0.0174588337541, 0.373042494059, 2.5514421463, 3.91123151779, 1.90708315372, 8.10729122162, 18.0569057465, 11.8584432602, 8.83817005157, 7.1044921875, 11.0492858887, 5.04999399185, 3.7794277668, 4.42494010925, 2.03670716286, 2.75155591965, 1.1365840435, 0.874639034271, 0.550327420235, 0.46235999465, 1.55439722538, 0.543476045132, 0.457081407309, 0.22782202065, 0.445785582066, 0.132106021047, 0.179199412465, 0.0794161781669, 0.0363417267799, 0.0219670888036, 0.0109470905736, 0.00594138400629, 0.00184315978549, 0.00117510906421, 0.000363100785762, 8.83475877345e-05, 2.04338502954e-05, 2.76431978818e-06, 1.0756750271e-05, 2.38389984588e-05], "min": [1.45138390631e-21, 3.66474171287e-21, 1.87969588684e-20, 6.7788291304e-20, 2.68348505952e-19, 1.94369543245e-19, 1.22304702324e-19, 7.60766126075e-19, 9.8197733123e-19, 7.37925239519e-19, 4.8058356069e-19, 9.7200804709e-19, 3.44725969318e-18, 1.9896677786e-18, 6.33615634286e-18, 4.92758315138e-18, 7.98422272351e-18, 6.1890261409e-18, 9.54213386201e-18, 9.45180491194e-18, 9.76684326567e-18, 9.88739325942e-18, 7.59980045999e-18, 1.13623720969e-17, 1.2182030329e-17, 1.08490089195e-17, 2.05145655735e-17, 1.8983139931e-17, 2.57821939893e-17, 3.06551811523e-17, 2.01333643513e-17, 1.78542749686e-17, 1.53710969677e-17, 9.09380197e-18, 9.47217340734e-18, 6.13178069301e-18, 3.31100650268e-18, 1.34809584555e-18, 3.25363609883e-19, 3.23083176331e-20], "var": [0.00771038094535, 2.49647283554, 294.00793457, 150.487594604, 17.7875328064, 587.450439453, 1961.41052246, 4828.98974609, 747.83404541, 21243.8886719, 5450.78027344, 569.299133301, 268.43762207, 4639.19775391, 275.783721924, 4152.72998047, 192.323394775, 215.586898804, 159.398208618, 352.301269531, 9665.69140625, 214.322418213, 63.7867050171, 2.42877674103, 3.34944820404, 0.100480549037, 1.50249385834, 0.0999749675393, 0.0320113264024, 0.00675790430978, 0.00817145872861, 0.000441844982561, 5.51618577447e-05, 3.14965836878e-05, 1.79887520062e-05, 2.94856340588e-06, 1.60780572855e-07, 2.36960540079e-09, 2.29037122601e-10, 1.30273181131e-09]}, "gfcc": {"mean": [-190.983001709, 175.599182129, -101.564254761, 23.6582546234, -46.2599411011, -6.70841503143, -18.4868087769, -4.46109771729, -12.5827541351, -10.4397830963, -6.96009302139, -7.1969461441, -1.0246450901], "cov": [[45185.1054688, 8903.38378906, -4013.72583008, 730.199157715, -1666.12060547, -1343.69482422, -1624.0682373, -1449.50024414, 630.889526367, -566.191223145, 697.705871582, -236.468994141, 848.124572754], [8903.38378906, 3300.28588867, -461.907440186, 172.963806152, -26.5652370453, -485.126922607, 170.871337891, -379.768585205, 81.7091751099, -371.787231445, 267.15145874, -213.967559814, 200.278884888], [-4013.72583008, -461.907440186, 884.121887207, 35.7638397217, 157.407363892, 39.0518417358, 284.209350586, 199.334274292, -49.3366317749, 20.7542285919, -80.4524765015, -30.2637767792, -90.0732498169], [730.199157715, 172.963806152, 35.7638397217, 418.842498779, -29.8071651459, -112.470001221, 10.7712993622, -76.2731704712, -12.7520561218, -55.9560012817, 45.2983398438, -92.8414230347, 68.1017608643], [-1666.12060547, -26.5652370453, 157.407363892, -29.8071651459, 378.761291504, 135.01449585, 162.716003418, 0.426597565413, -61.5736618042, -23.6746635437, -9.13391113281, 7.07006263733, -56.311580658], [-1343.69482422, -485.126922607, 39.0518417358, -112.470001221, 135.01449585, 380.080657959, 44.8927001953, 28.9835300446, -109.452552795, 71.6007614136, -51.4672622681, 79.5645217896, -72.1212844849], [-1624.0682373, 170.871337891, 284.209350586, 10.7712993622, 162.716003418, 44.8927001953, 394.446350098, 41.4517250061, -84.0644836426, -105.407066345, 56.1079368591, -59.2916374207, -18.6091651917], [-1449.50024414, -379.768585205, 199.334274292, -76.2731704712, 0.426597565413, 28.9835300446, 41.4517250061, 210.741546631, 27.1019515991, 29.659696579, -79.0451507568, 19.564956665, -58.5135879517], [630.889526367, 81.7091751099, -49.3366317749, -12.7520561218, -61.5736618042, -109.452552795, -84.0644836426, 27.1019515991, 210.590789795, 29.0930233002, -32.9186401367, -70.9488983154, -11.1081380844], [-566.191223145, -371.787231445, 20.7542285919, -55.9560012817, -23.6746635437, 71.6007614136, -105.407066345, 29.659696579, 29.0930233002, 169.479217529, -54.0308303833, 2.66330337524, -65.2908630371], [697.705871582, 267.15145874, -80.4524765015, 45.2983398438, -9.13391113281, -51.4672622681, 56.1079368591, -79.0451507568, -32.9186401367, -54.0308303833, 161.697509766, -16.5097961426, 22.9637680054], [-236.468994141, -213.967559814, -30.2637767792, -92.8414230347, 7.07006263733, 79.5645217896, -59.2916374207, 19.564956665, -70.9488983154, 2.66330337524, -16.5097961426, 165.983169556, 13.7260131836], [848.124572754, 200.278884888, -90.0732498169, 68.1017608643, -56.311580658, -72.1212844849, -18.6091651917, -58.5135879517, -11.1081380844, -65.2908630371, 22.9637680054, 13.7260131836, 136.676437378]], "icov": [[0.000210077429074, -0.000637166143861, 0.000386272440664, -0.000363013183232, 0.000549310992938, -0.000442020391347, 0.000583216664381, -0.000216293425183, -0.000228443517699, -0.00019903217617, -0.000123226709547, -0.000337967940141, -1.36055678013e-05], [-0.000637166143861, 0.00259217736311, -0.00098652089946, 0.00136538885999, -0.00173250504304, 0.00192032242194, -0.00200816639699, 0.00157890864648, 0.000599359336775, 0.00158658518922, 0.000366233754903, 0.00152481510304, 0.000118924923299], [0.000386272440664, -0.00098652089946, 0.0030813945923, -0.00133759679738, 0.000623327039648, 8.60971849761e-05, -0.000926618813537, -0.00159474241082, -8.9830631623e-05, -0.00145840027835, 0.000784947129432, -0.00109799194615, 0.000513592618518], [-0.000363013183232, 0.00136538885999, -0.00133759679738, 0.00438425783068, -0.00103239296004, 0.00126125651877, 0.000184473057743, 0.00139245367609, 0.00162458443083, 0.00167769996915, -0.000178050730028, 0.00355363241397, -0.0013462548377], [0.000549310992938, -0.00173250504304, 0.000623327039648, -0.00103239296004, 0.00550370942801, -0.00226763403043, 0.000113669440907, 0.000867047288921, -0.00092568382388, 0.000253835838521, 0.000567228998989, -0.0016012864653, 0.00162445160095], [-0.000442020391347, 0.00192032242194, 8.60971849761e-05, 0.00126125651877, -0.00226763403043, 0.00644200202078, -0.00272856839001, 0.00144260714296, 0.0024627475068, -0.00109499890823, 0.00188043422531, -0.000433726236224, 0.00147305068094], [0.000583216664381, -0.00200816639699, -0.000926618813537, 0.000184473057743, 0.000113669440907, -0.00272856839001, 0.00916288327426, -0.00238993437961, 0.00156766839791, 0.00349741638638, -0.00300324661657, 0.0033980559092, -0.000586079549976], [-0.000216293425183, 0.00157890864648, -0.00159474241082, 0.00139245367609, 0.000867047288921, 0.00144260714296, -0.00238993437961, 0.0105398772284, -0.00156361656263, 0.0021352043841, 0.00347291398793, -0.0012162119383, 0.00302064768039], [-0.000228443517699, 0.000599359336775, -8.9830631623e-05, 0.00162458443083, -0.00092568382388, 0.0024627475068, 0.00156766839791, -0.00156361656263, 0.00895442999899, 2.14083484025e-05, 0.00122201070189, 0.00487691815943, 0.000175694643985], [-0.00019903217617, 0.00158658518922, -0.00145840027835, 0.00167769996915, 0.000253835838521, -0.00109499890823, 0.00349741638638, 0.0021352043841, 2.14083484025e-05, 0.013493266888, 0.000841589411721, 0.00349269225262, 0.00398553768173], [-0.000123226709547, 0.000366233754903, 0.000784947129432, -0.000178050730028, 0.000567228998989, 0.00188043422531, -0.00300324661657, 0.00347291398793, 0.00122201070189, 0.000841589411721, 0.0100918207318, -0.000721723714378, 0.00201614247635], [-0.000337967940141, 0.00152481510304, -0.00109799194615, 0.00355363241397, -0.0016012864653, -0.000433726236224, 0.0033980559092, -0.0012162119383, 0.00487691815943, 0.00349269225262, -0.000721723714378, 0.0131104364991, -0.0027086280752], [-1.36055678013e-05, 0.000118924923299, 0.000513592618518, -0.0013462548377, 0.00162445160095, 0.00147305068094, -0.000586079549976, 0.00302064768039, 0.000175694643985, 0.00398553768173, 0.00201614247635, -0.0027086280752, 0.0127474190667]]}, "melbands": {"dmean": [0.000334861077135, 0.00111680780537, 0.000532323552761, 0.000338756595738, 0.000676353578456, 0.000367884174921, 0.000131370819872, 0.000140374570037, 0.000147183221998, 3.2621272112e-05, 2.60404103756e-05, 6.53913230053e-05, 1.26906379592e-05, 2.761239557e-05, 1.8936862034e-05, 6.64652452542e-06, 5.45294687981e-06, 3.78988261218e-06, 3.76713705919e-06, 5.30336637894e-06, 1.93735850189e-05, 2.58443128587e-06, 2.58708246292e-06, 1.06576294456e-06, 1.93359966261e-07, 5.67879055779e-07, 2.97040003261e-07, 4.68960195121e-08, 3.11635773187e-07, 1.3300720525e-07, 6.19121678369e-08, 2.47201423775e-08, 3.18822124257e-08, 9.0297884725e-09, 1.74757470717e-08, 3.41834005546e-09, 3.19548809635e-09, 1.30204125259e-09, 1.87639348503e-09, 1.07348463452e-09], "dmean2": [0.00050723075401, 0.00150550005492, 0.000834194303025, 0.000569396303035, 0.00118811544962, 0.00052088330267, 0.000186605844647, 0.000175147040864, 0.000218125467654, 4.89986596222e-05, 3.86075262213e-05, 9.74579161266e-05, 2.14771589526e-05, 4.344754052e-05, 2.86015747406e-05, 1.06723246063e-05, 9.03755335457e-06, 6.3426464294e-06, 6.51721211398e-06, 8.71571137395e-06, 3.11522198899e-05, 3.77340484192e-06, 4.50125116913e-06, 1.81586131021e-06, 3.21561373084e-07, 9.38572952691e-07, 5.02422039972e-07, 7.86262503993e-08, 5.27592760591e-07, 2.36169142909e-07, 1.06685710932e-07, 4.17978540668e-08, 5.50646390707e-08, 1.51110999269e-08, 3.00940641296e-08, 5.83541659438e-09, 5.48309975201e-09, 2.23401808164e-09, 3.20633675166e-09, 1.8079240327e-09], "dvar": [3.6755545807e-07, 4.52175891041e-06, 6.93157289788e-07, 3.53015906285e-07, 1.19074854865e-06, 6.32289186342e-07, 6.21444868898e-08, 1.17789099363e-07, 1.17614746387e-07, 5.8645177603e-09, 2.69872479919e-09, 3.51463462778e-08, 1.0947203144e-09, 7.82305331626e-09, 2.92965962601e-09, 3.90143473084e-10, 4.34241614888e-10, 2.24807603089e-10, 2.81008410985e-10, 5.60559321183e-10, 7.55596563096e-09, 1.58652285753e-10, 2.38421060672e-10, 8.56081785322e-12, 6.98498930137e-13, 1.73442835615e-12, 4.25430361512e-13, 9.76208012809e-15, 4.55809110074e-13, 3.42428776307e-13, 1.71594323088e-14, 2.82098563259e-15, 4.33009934197e-15, 2.68339058308e-16, 2.50530090007e-15, 4.18229565286e-17, 2.79564382294e-17, 6.21653775448e-18, 1.68679150277e-17, 5.05035826098e-18], "dvar2": [6.97990913068e-07, 6.03537864663e-06, 1.5985671098e-06, 9.70917653831e-07, 3.57788781002e-06, 1.26434872527e-06, 1.3761722073e-07, 1.35514795829e-07, 2.26372179668e-07, 1.38548070794e-08, 5.4362967461e-09, 6.88406274207e-08, 3.01903280153e-09, 1.55161306026e-08, 5.71987301967e-09, 9.2510349381e-10, 9.98036764344e-10, 6.02703442709e-10, 8.06125888264e-10, 1.44995060403e-09, 1.76030585664e-08, 3.08860992337e-10, 6.61878662989e-10, 2.33049517184e-11, 1.75678124392e-12, 4.4449361726e-12, 1.18890606995e-12, 2.57944199041e-14, 1.20294540388e-12, 9.79133224152e-13, 5.04710544733e-14, 7.62725132212e-15, 1.16884473495e-14, 7.53240883126e-16, 7.00915655743e-15, 1.20481225264e-16, 7.86006936557e-17, 1.87425875371e-17, 4.82131914583e-17, 1.35695381254e-17], "max": [0.00673832790926, 0.0430782958865, 0.0106458617374, 0.00751090701669, 0.0117123024538, 0.014639002271, 0.00298287533224, 0.00927801523358, 0.00514480099082, 0.00119656254537, 0.00100345397368, 0.00364796817303, 0.000766800891142, 0.0022164916154, 0.00122620572802, 0.000444034347311, 0.000599675695412, 0.000391405948903, 0.000355768948793, 0.00052415713435, 0.00213949987665, 0.000305620313156, 0.00038294531987, 4.41775482614e-05, 1.7260770619e-05, 2.06970526051e-05, 1.01678988358e-05, 1.28182682602e-06, 1.06265306385e-05, 9.18443402043e-06, 1.61647335517e-06, 9.22775427625e-07, 1.08151482436e-06, 2.97019113304e-07, 9.9193493952e-07, 1.45502738746e-07, 7.49422426338e-08, 4.47180923402e-08, 5.66473694619e-08, 3.86918301842e-08], "mean": [0.000747613317799, 0.00348965520971, 0.00143107050098, 0.000571571756154, 0.00114250660408, 0.000866187445354, 0.000327013753122, 0.00051966070896, 0.000290164665785, 7.19563104212e-05, 4.70835075248e-05, 0.000108632666524, 2.666191358e-05, 4.92856925121e-05, 3.50465234078e-05, 1.11882472993e-05, 8.5730198407e-06, 5.97627649768e-06, 5.06690639668e-06, 7.64061496739e-06, 3.05136891257e-05, 3.47544118995e-06, 3.18330717164e-06, 1.51164260842e-06, 3.01988166029e-07, 8.66947630129e-07, 4.55501947272e-07, 8.28587758406e-08, 4.70992375767e-07, 2.07879921277e-07, 1.02820706616e-07, 5.16656371019e-08, 5.86445523254e-08, 2.25420997424e-08, 3.51631328499e-08, 1.01236006245e-08, 7.87945797498e-09, 3.13932013718e-09, 3.95976629264e-09, 2.82604606383e-09], "median": [0.000226221978664, 0.00118726235814, 0.000640862854198, 0.000256995495874, 0.000601442938205, 0.000298475642921, 0.000132223445689, 7.83104987931e-05, 8.30090721138e-05, 2.17009910557e-05, 1.65975288837e-05, 1.72052823473e-05, 4.10024449593e-06, 6.45156842438e-06, 4.51869891549e-06, 1.96955511456e-06, 1.24933239931e-06, 6.90644412771e-07, 4.58678925952e-07, 7.3760173791e-07, 1.91197113963e-06, 1.85001368891e-07, 1.78592117095e-07, 1.00224553989e-07, 3.61261882631e-08, 2.6246817697e-07, 1.76239240091e-07, 2.00489633784e-08, 1.49843003783e-07, 7.66335706004e-09, 4.13610301564e-08, 1.2613045719e-08, 1.90470661465e-08, 8.32802538042e-09, 6.63025767622e-09, 3.00567393197e-09, 3.16985970805e-09, 9.03749408643e-10, 1.26414201329e-09, 8.00536303913e-10], "min": [1.06285809336e-23, 8.03721782498e-24, 1.7711561842e-23, 1.84820359772e-23, 4.62605074217e-24, 1.76013169528e-23, 1.36456402079e-23, 7.77057258382e-24, 3.70177910156e-24, 7.62051940674e-24, 1.73286266705e-23, 7.75396469519e-24, 1.63418831627e-23, 1.7506047799e-23, 1.45637228402e-23, 1.65755958276e-23, 1.1571033057e-23, 1.60920461808e-23, 1.60978001322e-23, 8.995212086e-24, 1.28802029495e-23, 1.0510545254e-23, 8.22032111855e-24, 6.4355816962e-24, 9.48488408228e-24, 1.08721314829e-23, 6.64289434209e-24, 6.97304288611e-24, 1.37247456017e-23, 1.05104048368e-23, 1.08450767092e-23, 1.59503778063e-23, 1.45276971404e-23, 1.730828037e-23, 1.11054528728e-23, 1.18222355571e-23, 1.04151096506e-23, 1.1517705271e-23, 8.44151061663e-24, 7.39080547772e-24], "var": [1.40193924381e-06, 3.91090288758e-05, 3.56017994818e-06, 7.24726362478e-07, 2.17241813516e-06, 2.0758784558e-06, 2.53251386084e-07, 1.84402142622e-06, 3.17641166703e-07, 1.71669860549e-08, 6.76595313109e-09, 8.78319141862e-08, 4.09087919095e-09, 1.89461832889e-08, 7.77921638218e-09, 6.59197474384e-10, 6.31532104389e-10, 3.18232801222e-10, 3.00067026782e-10, 8.44060765726e-10, 1.82319279673e-08, 2.40077013824e-10, 3.20335147297e-10, 1.30553059682e-11, 1.11350132673e-12, 2.97690171125e-12, 6.10663863226e-13, 1.98055530716e-14, 8.28275815989e-13, 5.7296143741e-13, 2.84900717655e-14, 7.81252029757e-15, 9.49288374009e-15, 1.2908438009e-15, 5.99552027627e-15, 3.24544670677e-16, 1.16775231126e-16, 2.33083267334e-17, 4.33174998419e-17, 2.4060379494e-17]}, "mfcc": {"mean": [-813.958740234, 187.860321045, 19.3135223389, 26.5405464172, -1.49446964264, 6.0818977356, -0.680656135082, 2.28311944008, -0.20519669354, -1.24941980839, -4.91901445389, -0.0848051160574, 5.7052063942], "cov": [[20245.4394531, 7813.09570312, -1739.00134277, 412.755432129, -787.071472168, -122.80582428, -1229.29699707, -445.939849854, -397.840332031, -365.162536621, -262.619445801, 218.501525879, 453.117706299], [7813.09570312, 4308.89501953, -132.562652588, 375.037872314, -328.0340271, -192.06199646, -269.087097168, -134.485031128, -170.092483521, -81.7327804565, -83.1872940063, -32.5709190369, 121.941299438], [-1739.00134277, -132.562652588, 821.707946777, 277.826751709, -5.29494714737, -39.426322937, 229.369415283, 83.0134735107, 56.5947990417, 86.9282989502, -0.312556535006, -129.370697021, -90.6745605469], [412.755432129, 375.037872314, 277.826751709, 362.370483398, -29.459602356, -77.5796279907, 6.63129281998, -18.6703853607, -9.12405109406, 49.8630828857, 11.5465726852, -80.8919296265, -50.9423065186], [-787.071472168, -328.0340271, -5.29494714737, -29.459602356, 235.558609009, 93.0571670532, 43.8660545349, 22.0804615021, 41.5461616516, 28.4177742004, 26.2012844086, 12.9659509659, -25.3104228973], [-122.80582428, -192.06199646, -39.426322937, -77.5796279907, 93.0571670532, 257.446807861, 103.277763367, 4.80621051788, -1.66912055016, -15.6840372086, -15.8466625214, 23.2144603729, 10.3665075302], [-1229.29699707, -269.087097168, 229.369415283, 6.63129281998, 43.8660545349, 103.277763367, 336.701080322, 132.249343872, -14.4519405365, 1.19871044159, 23.8294086456, -38.3302574158, -52.0738639832], [-445.939849854, -134.485031128, 83.0134735107, -18.6703853607, 22.0804615021, 4.80621051788, 132.249343872, 197.879516602, 35.7256774902, -42.037273407, 9.0410528183, 6.51411390305, -21.7599163055], [-397.840332031, -170.092483521, 56.5947990417, -9.12405109406, 41.5461616516, -1.66912055016, -14.4519405365, 35.7256774902, 149.157470703, 38.1302108765, -31.568857193, -3.33016204834, 1.31328248978], [-365.162536621, -81.7327804565, 86.9282989502, 49.8630828857, 28.4177742004, -15.6840372086, 1.19871044159, -42.037273407, 38.1302108765, 153.978652954, 52.6899490356, -44.7332077026, -30.3106060028], [-262.619445801, -83.1872940063, -0.312556535006, 11.5465726852, 26.2012844086, -15.8466625214, 23.8294086456, 9.0410528183, -31.568857193, 52.6899490356, 134.705703735, 23.4161872864, -33.6902885437], [218.501525879, -32.5709190369, -129.370697021, -80.8919296265, 12.9659509659, 23.2144603729, -38.3302574158, 6.51411390305, -3.33016204834, -44.7332077026, 23.4161872864, 130.191955566, 62.3153076172], [453.117706299, 121.941299438, -90.6745605469, -50.9423065186, -25.3104228973, 10.3665075302, -52.0738639832, -21.7599163055, 1.31328248978, -30.3106060028, -33.6902885437, 62.3153076172, 122.412734985]], "icov": [[0.000653455208521, -0.000975983566605, 0.00109862862155, -0.000921666796785, 0.00105368567165, -0.00145183200948, 0.00150761147961, -0.000944171741139, 0.000351995229721, -0.000216577231186, 0.000400243094191, -0.000320921419188, 1.40826095958e-05], [-0.000975983566605, 0.00178392976522, -0.00150800589472, 0.000926673412323, -0.00128957105335, 0.00214783940464, -0.00209779618308, 0.00130703428295, -0.000244077658863, 0.000338458805345, -0.000475259497762, 0.000585529021919, -0.000346813234501], [0.00109862862155, -0.00150800589472, 0.00444419169798, -0.00334906787612, 0.0020803778898, -0.00190948497038, 0.000675049435813, -0.00154629419558, -0.000360935548088, -0.000936533382628, 0.00116501667071, -4.17551564169e-05, 5.1792285376e-05], [-0.000921666796785, 0.000926673412323, -0.00334906787612, 0.00640617031604, -0.0019334940007, 0.00263427104801, -0.0013273358345, 0.00173000711948, 1.482972948e-06, 0.000250117882388, -0.00118738936726, 0.0016451952979, 0.000691334251314], [0.00105368567165, -0.00128957105335, 0.0020803778898, -0.0019334940007, 0.00777796516195, -0.00456836726516, 0.00260710273869, -0.00190890638623, -0.000931091897655, -0.00095586158568, -0.000297923776088, -0.00118570460472, 0.00118039490189], [-0.00145183200948, 0.00214783940464, -0.00190948497038, 0.00263427104801, -0.00456836726516, 0.0095908716321, -0.00645725615323, 0.00406725797802, -0.000787283643149, 0.000675752875395, 0.000709419255145, -0.000430941785453, -0.000273961544735], [0.00150761147961, -0.00209779618308, 0.000675049435813, -0.0013273358345, 0.00260710273869, -0.00645725615323, 0.0109512303025, -0.00682293064892, 0.00362445041537, -0.00134703493677, 0.000385472143535, 0.000612457981333, 0.000410407636082], [-0.000944171741139, 0.00130703428295, -0.00154629419558, 0.00173000711948, -0.00190890638623, 0.00406725797802, -0.00682293064892, 0.0115513112396, -0.00519529497251, 0.00529041467234, -0.00311636808328, 0.000323309854139, 0.000522668415215], [0.000351995229721, -0.000244077658863, -0.000360935548088, 1.482972948e-06, -0.000931091897655, -0.000787283643149, 0.00362445041537, -0.00519529497251, 0.0122159169987, -0.00628659920767, 0.00626629544422, -0.0027004822623, 0.00057756935712], [-0.000216577231186, 0.000338458805345, -0.000936533382628, 0.000250117882388, -0.00095586158568, 0.000675752875395, -0.00134703493677, 0.00529041467234, -0.00628659920767, 0.0142790814862, -0.00873534660786, 0.00626043602824, -0.00200055749156], [0.000400243094191, -0.000475259497762, 0.00116501667071, -0.00118738936726, -0.000297923776088, 0.000709419255145, 0.000385472143535, -0.00311636808328, 0.00626629544422, -0.00873534660786, 0.0159864965826, -0.00846461579204, 0.00532766152173], [-0.000320921419188, 0.000585529021919, -4.17551564169e-05, 0.0016451952979, -0.00118570460472, -0.000430941785453, 0.000612457981333, 0.000323309854139, -0.0027004822623, 0.00626043602824, -0.00846461579204, 0.0172075759619, -0.00814247597009], [1.40826095958e-05, -0.000346813234501, 5.1792285376e-05, 0.000691334251314, 0.00118039490189, -0.000273961544735, 0.000410407636082, 0.000522668415215, 0.00057756935712, -0.00200055749156, 0.00532766152173, -0.00814247597009, 0.014432975091]]}, "spectral_contrast_coeffs": {"dmean": [0.0466061905026, 0.0444254055619, 0.0357975251973, 0.0282326415181, 0.0246499367058, 0.0238853413612], "dmean2": [0.0769114866853, 0.0704628229141, 0.0561746917665, 0.0477421432734, 0.0400264114141, 0.0413742475212], "dvar": [0.00131706090178, 0.00122178078163, 0.000890950032044, 0.000562460336369, 0.000422708224505, 0.000564243644476], "dvar2": [0.00363132823259, 0.00309819821268, 0.002206556499, 0.00155311927665, 0.0010798277799, 0.00171006156597], "max": [-0.390891432762, -0.451185107231, -0.530522227287, -0.5692948699, -0.529583334923, -0.584042429924], "mean": [-0.627315998077, -0.694205164909, -0.748037993908, -0.770789861679, -0.721359729767, -0.757122993469], "median": [-0.623244464397, -0.686668276787, -0.744675755501, -0.765367209911, -0.715579152107, -0.753598451614], "min": [-0.959882974625, -0.962957859039, -0.968882918358, -0.956133961678, -0.960213780403, -0.962810516357], "var": [0.00984846428037, 0.008783406578, 0.004923209548, 0.00410489132628, 0.00808954611421, 0.00545053742826]}, "spectral_contrast_valleys": {"dmean": [0.387439668179, 0.318725913763, 0.277831345797, 0.267963200808, 0.197452604771, 0.305475950241], "dmean2": [0.649110794067, 0.523778319359, 0.461960732937, 0.436907678843, 0.319469749928, 0.531950950623