{"lowlevel": {"average_loudness": 0.713922679424, "barkbands_crest": {"dmean": 2.33985090256, "dmean2": 3.81515598297, "dvar": 5.03046751022, "dvar2": 12.9077329636, "max": 23.7863044739, "mean": 9.25514698029, "median": 8.59673023224, "min": 2.62725782394, "var": 12.7401123047}, "barkbands_flatness_db": {"dmean": 0.016758620739, "dmean2": 0.0252704806626, "dvar": 0.000280713720713, "dvar2": 0.000593409640715, "max": 0.392131477594, "mean": 0.120504975319, "median": 0.106142804027, "min": 0.0239168312401, "var": 0.00324131245725}, "barkbands_kurtosis": {"dmean": 1.76862061024, "dmean2": 2.79195952415, "dvar": 9.19783973694, "dvar2": 21.6295700073, "max": 113.199424744, "mean": 2.59146976471, "median": 1.17975497246, "min": -1.90694713593, "var": 22.8323135376}, "barkbands_skewness": {"dmean": 0.415924817324, "dmean2": 0.636580049992, "dvar": 0.210823759437, "dvar2": 0.445609152317, "max": 8.88955402374, "mean": 1.308126688, "median": 1.22932863235, "min": -2.75906634331, "var": 0.811899423599}, "barkbands_spread": {"dmean": 4.54725885391, "dmean2": 6.9767241478, "dvar": 34.1019439697, "dvar2": 69.8629226685, "max": 98.1524734497, "mean": 22.1626987457, "median": 21.1330566406, "min": 1.1360244751, "var": 133.197616577}, "dissonance": {"dmean": 0.0170763805509, "dmean2": 0.0286636892706, "dvar": 0.000327922491124, "dvar2": 0.000864683534019, "max": 0.500000059605, "mean": 0.465618431568, "median": 0.4744361341, "min": 0.234093651175, "var": 0.000907958077732}, "dynamic_complexity": 3.50186538696, "erbbands_crest": {"dmean": 2.11772441864, "dmean2": 3.46492695808, "dvar": 4.79159259796, "dvar2": 11.7839822769, "max": 30.3674468994, "mean": 7.50913238525, "median": 6.47803688049, "min": 2.46365141869, "var": 13.8991508484}, "erbbands_flatness_db": {"dmean": 0.0157452132553, "dmean2": 0.0225112996995, "dvar": 0.000251085381024, "dvar2": 0.000487667741254, "max": 0.382129043341, "mean": 0.150308892131, "median": 0.140445068479, "min": 0.0493340454996, "var": 0.00236050179228}, "erbbands_kurtosis": {"dmean": 0.708691954613, "dmean2": 1.1207075119, "dvar": 1.72389268875, "dvar2": 4.1624546051, "max": 47.9941596985, "mean": 0.306420505047, "median": -0.272505760193, "min": -1.6578527689, "var": 4.0819106102}, "erbbands_skewness": {"dmean": 0.307342201471, "dmean2": 0.47969776392, "dvar": 0.101983889937, "dvar2": 0.22673420608, "max": 6.46803474426, "mean": 0.266775101423, "median": 0.210231304169, "min": -5.21143817902, "var": 0.417828261852}, "erbbands_spread": {"dmean": 6.54517745972, "dmean2": 10.1586465836, "dvar": 56.8581619263, "dvar2": 130.965393066, "max": 121.868942261, "mean": 35.4618377686, "median": 34.885093689, "min": 3.28647708893, "var": 206.002700806}, "hfc": {"dmean": 6.26095724106, "dmean2": 9.39887428284, "dvar": 116.263954163, "dvar2": 278.582641602, "max": 161.664505005, "mean": 18.4140739441, "median": 13.2853212357, "min": 1.11160011491e-16, "var": 313.568359375}, "melbands_crest": {"dmean": 3.06290650368, "dmean2": 4.95874834061, "dvar": 8.50933170319, "dvar2": 21.1306743622, "max": 34.3003463745, "mean": 12.9591608047, "median": 12.2352266312, "min": 1.64746439457, "var": 22.608833313}, "melbands_flatness_db": {"dmean": 0.0203576926142, "dmean2": 0.0306764245033, "dvar": 0.000457827787613, "dvar2": 0.000944409985095, "max": 0.504284918308, "mean": 0.188426434994, "median": 0.175162822008, "min": 0.00355363683775, "var": 0.00450107920915}, "melbands_kurtosis": {"dmean": 4.16765451431, "dmean2": 6.66871643066, "dvar": 52.7010192871, "dvar2": 128.092056274, "max": 216.678863525, "mean": 8.35692310333, "median": 5.77428722382, "min": -1.88354623318, "var": 92.5076141357}, "melbands_skewness": {"dmean": 0.56044948101, "dmean2": 0.867823123932, "dvar": 0.430338263512, "dvar2": 0.966287612915, "max": 10.328332901, "mean": 2.21388149261, "median": 2.1324057579, "min": -1.54210114479, "var": 1.40272247791}, "melbands_spread": {"dmean": 5.96544027328, "dmean2": 9.23009490967, "dvar": 88.9381790161, "dvar2": 177.023468018, "max": 250.496765137, "mean": 23.8506145477, "median": 21.9171199799, "min": 0.961957037449, "var": 283.736450195}, "pitch_salience": {"dmean": 0.0633446723223, "dmean2": 0.103400632739, "dvar": 0.00331080984324, "dvar2": 0.00840948149562, "max": 0.977430522442, "mean": 0.586438953876, "median": 0.59043443203, "min": 0.184208109975, "var": 0.00952864903957}, "silence_rate_20dB": {"dmean": 0, "dmean2": 0, "dvar": 0, "dvar2": 0, "max": 1, "mean": 1, "median": 1, "min": 1, "var": 0}, "silence_rate_30dB": {"dmean": 0.00440574856475, "dmean2": 0.00881242100149, "dvar": 0.00438609765843, "dvar2": 0.0104124126956, "max": 1, "mean": 0.992762744427, "median": 1, "min": 0, "var": 0.00718470197171}, "silence_rate_60dB": {"dmean": 0.0155250187963, "dmean2": 0.0310532934964, "dvar": 0.0152846165001, "dvar2": 0.0334453806281, "max": 1, "mean": 0.0619886703789, "median": 0, "min": 0, "var": 0.0581473000348}, "spectral_centroid": {"dmean": 212.471313477, "dmean2": 331.59564209, "dvar": 75015.2734375, "dvar2": 149749.9375, "max": 11908.6357422, "mean": 1329.23059082, "median": 1249.58178711, "min": 273.870574951, "var": 683626.625}, "spectral_complexity": {"dmean": 3.85838675499, "dmean2": 5.95530843735, "dvar": 19.5290412903, "dvar2": 41.4639053345, "max": 56, "mean": 21.2174320221, "median": 21, "min": 0, "var": 101.901565552}, "spectral_decrease": {"dmean": 2.32949393109e-09, "dmean2": 3.66955243969e-09, "dvar": 1.45930905882e-17, "dvar2": 3.47569150383e-17, "max": 2.20240079902e-28, "mean": -6.34500496588e-09, "median": -4.64570026892e-09, "min": -5.86980419826e-08, "var": 3.46294829019e-17}, "spectral_energy": {"dmean": 0.00926710106432, "dmean2": 0.0145570430905, "dvar": 0.000227436074056, "dvar2": 0.000542833353393, "max": 0.223506882787, "mean": 0.0256176367402, "median": 0.0189156569541, "min": 1.02367696317e-20, "var": 0.000548062613234}, "spectral_energyband_high": {"dmean": 0.000312638323521, "dmean2": 0.000459983188193, "dvar": 6.34662285393e-07, "dvar2": 1.35973687065e-06, "max": 0.0202607419342, "mean": 0.000627423229162, "median": 0.000332365976647, "min": 7.35297648605e-21, "var": 1.12049656309e-06}, "spectral_energyband_low": {"dmean": 0.00431161373854, "dmean2": 0.006930956617, "dvar": 0.000105278770206, "dvar2": 0.000242925263592, "max": 0.181110307574, "mean": 0.00862547475845, "median": 0.00518919620663, "min": 1.69480328382e-23, "var": 0.00018300904776}, "spectral_energyband_middle_high": {"dmean": 0.00231750612147, "dmean2": 0.00349762197584, "dvar": 1.89100392163e-05, "dvar2": 4.54557775811e-05, "max": 0.115246653557, "mean": 0.00621340144426, "median": 0.00369288190268, "min": 1.1179462099e-21, "var": 7.54716311349e-05}, "spectral_energyband_middle_low": {"dmean": 0.00498569197953, "dmean2": 0.00800539832562, "dvar": 8.09172342997e-05, "dvar2": 0.000206182376132, "max": 0.141771122813, "mean": 0.0107826068997, "median": 0.00740006193519, "min": 1.81156567873e-22, "var": 0.000129955224111}, "spectral_entropy": {"dmean": 0.132486864924, "dmean2": 0.195110470057, "dvar": 0.0227244496346, "dvar2": 0.044334538281, "max": 9.82162189484, "mean": 7.61333227158, "median": 7.74150180817, "min": 5.21064424515, "var": 0.260365098715}, "spectral_flux": {"dmean": 0.0251431800425, "dmean2": 0.0389572121203, "dvar": 0.00109781534411, "dvar2": 0.00226506590843, "max": 0.380056887865, "mean": 0.0796351060271, "median": 0.0656623840332, "min": 6.46213083044e-11, "var": 0.00275421468541}, "spectral_kurtosis": {"dmean": 1.68113088608, "dmean2": 2.85022926331, "dvar": 8.14811229706, "dvar2": 25.239030838, "max": 78.247833252, "mean": 5.49990653992, "median": 4.22250890732, "min": -1.25073170662, "var": 30.7267112732}, "spectral_rms": {"dmean": 0.000791774597019, "dmean2": 0.00120506680105, "dvar": 1.14173599286e-06, "dvar2": 2.5572683171e-06, "max": 0.0147667024285, "mean": 0.00454100966454, "median": 0.00429584691301, "min": 3.16023617865e-12, "var": 4.37201333625e-06}, "spectral_rolloff": {"dmean": 390.981658936, "dmean2": 640.653991699, "dvar": 499376.5, "dvar2": 1039860.5, "max": 19336.8164062, "mean": 1418.49499512, "median": 1205.859375, "min": 43.06640625, "var": 2361665.25}, "spectral_skewness": {"dmean": 0.215495288372, "dmean2": 0.353750854731, "dvar": 0.0646511986852, "dvar2": 0.180255576968, "max": 6.88392066956, "mean": 1.68249964714, "median": 1.59883284569, "min": -0.220237493515, "var": 0.337835788727}, "spectral_spread": {"dmean": 459279.25, "dmean2": 658720.125, "dvar": 459342020608, "dvar2": 863531302912, "max": 42618068, "mean": 4409218.5, "median": 4165917.5, "min": 1000143.625, "var": 7356527149060.0}, "spectral_strongpeak": {"dmean": 0.430751383305, "dmean2": 0.714181184769, "dvar": 0.57305341959, "dvar2": 1.35887491703, "max": 11.7344322205, "mean": 0.768373191357, "median": 0.305487811565, "min": 0, "var": 1.36554133892}, "zerocrossingrate": {"dmean": 0.00856871344149, "dmean2": 0.00999229773879, "dvar": 0.000136029222631, "dvar2": 0.000148387043737, "max": 0.52001953125, "mean": 0.0571693666279, "median": 0.0517578125, "min": 0.00439453125, "var": 0.0017044871347}, "barkbands": {"dmean": [0.000426813814556, 0.00281905173324, 0.00173739751335, 0.000885293877218, 0.00222123786807, 0.00127389759291, 0.000968140666373, 0.000936924363486, 0.000869521289133, 0.000759923132136, 0.000708665349521, 0.000536965031642, 0.00035024061799, 0.000400214514229, 0.000292262877338, 0.000272006349405, 0.000187398065464, 0.000162816359079, 0.000126719183754, 0.000118166783068, 7.98382388894e-05, 6.93367110216e-05, 7.77766326792e-05, 4.06193648814e-05, 3.06240435748e-05, 1.66897698364e-05, 3.68618475477e-06], "dmean2": [0.000645936292131, 0.00451236171648, 0.00302627240308, 0.00154729478527, 0.00369579368271, 0.00201596692204, 0.00151145015843, 0.00146662152838, 0.00136172981001, 0.00118552078493, 0.00112657411955, 0.000851686811075, 0.000571015756577, 0.000648202898446, 0.000472206011182, 0.000441538490122, 0.000308933347696, 0.000265487557044, 0.000215090272832, 0.000204297757591, 0.000128889616462, 0.00010922869842, 0.000115198097774, 5.98047190579e-05, 4.45521436632e-05, 2.57244118984e-05, 5.8034797803e-06], "dvar": [3.86573356081e-06, 4.68947764602e-05, 2.2298654585e-05, 5.09668279847e-06, 2.77934686892e-05, 6.68895336275e-06, 6.7568371378e-06, 5.98673159402e-06, 6.32647288512e-06, 4.19121170125e-06, 5.73916531721e-06, 3.82434791391e-06, 8.41796122586e-07, 1.03376510197e-06, 3.0839532883e-07, 3.02710958522e-07, 1.74743888692e-07, 1.10651136254e-07, 8.44102032715e-08, 6.31213126212e-08, 3.06327159194e-08, 4.76359716117e-08, 1.21253506791e-07, 1.04647233101e-08, 7.70960095764e-09, 1.98668326234e-09, 1.00158714655e-10], "dvar2": [8.20699551696e-06, 0.000110580185719, 6.1429112975e-05, 1.39625753945e-05, 7.43417840567e-05, 1.6122847228e-05, 1.51395988723e-05, 1.40388383443e-05, 1.46762131408e-05, 9.90010903479e-06, 1.37829474625e-05, 8.92313255463e-06, 1.99124838218e-06, 2.84051088784e-06, 7.22227980532e-07, 7.4587404697e-07, 4.33055475924e-07, 2.58072361703e-07, 2.29157379295e-07, 1.68262758393e-07, 7.86875062886e-08, 1.09553425887e-07, 2.542685138e-07, 2.23145875111e-08, 1.68100999787e-08, 4.77486183925e-09, 2.33847358144e-10], "max": [0.0940225347877, 0.0996198728681, 0.0555500760674, 0.0432617068291, 0.0619283728302, 0.062380425632, 0.0815475210547, 0.0680296570063, 0.135019689798, 0.0434650331736, 0.0734107270837, 0.0815378278494, 0.0341039039195, 0.0351391397417, 0.0116816693917, 0.0130446823314, 0.00989360176027, 0.00983394496143, 0.0155184194446, 0.00427682232112, 0.00377460033633, 0.00623402372003, 0.0130957793444, 0.00334718078375, 0.00363899301738, 0.000656679505482, 0.000162602911587], "mean": [0.000666734878905, 0.00535757560283, 0.00210683746263, 0.00111387926154, 0.00308219762519, 0.00210617831908, 0.0014957729727, 0.00132048095111, 0.00141549645923, 0.00116132188123, 0.00115553138312, 0.000921985018067, 0.000554490543436, 0.000616835255641, 0.00051288458053, 0.000469125283416, 0.00030394262285, 0.00029133958742, 0.000234671679209, 0.000194699285203, 0.000138509858516, 0.000115169241326, 0.000129960521008, 7.46822406654e-05, 5.27693155163e-05, 2.03792587854e-05, 4.21505455961e-06], "median": [7.91396159912e-05, 0.00320489448495, 0.000910826202016, 0.000556913553737, 0.00164124974981, 0.00101458770223, 0.000517015927471, 0.000460610666778, 0.000544931390323, 0.000313717639074, 0.000383387028705, 0.000327291723806, 0.000229466575547, 0.000247781921644, 0.000268531672191, 0.000291507109068, 0.00017825976829, 0.000176556641236, 0.000140246702358, 9.86066152109e-05, 7.47124286136e-05, 5.10570389451e-05, 4.76135428471e-05, 3.40154656442e-05, 2.18425739149e-05, 6.15455428488e-06, 9.35123807722e-07], "min": [1.06459402122e-24, 2.6484155014e-24, 1.05727141987e-24, 1.12238606974e-24, 9.35303781489e-24, 1.33590139088e-23, 8.1430135387e-24, 1.10334898256e-23, 8.32055536289e-24, 1.11036100937e-23, 1.54709002595e-23, 3.12345057801e-23, 1.61570767184e-23, 3.58833072708e-23, 4.79332459505e-23, 7.07018164026e-23, 7.12240612545e-23, 1.09190074911e-22, 1.03849556002e-22, 1.9563071398e-22, 3.05942246176e-22, 3.74439833748e-22, 3.73128658571e-22, 5.91505930629e-22, 9.58721212124e-22, 1.27138498235e-21, 1.92858331117e-21], "var": [1.47311702676e-05, 7.03161931597e-05, 1.79552607733e-05, 4.54735118183e-06, 2.46618656092e-05, 1.09585344035e-05, 1.41550635817e-05, 8.82224867382e-06, 1.17096924441e-05, 9.01444582269e-06, 1.15266793728e-05, 9.84255621006e-06, 1.84056830221e-06, 1.6506337488e-06, 6.26619510058e-07, 4.63612707335e-07, 2.44098060875e-07, 1.85107325024e-07, 1.25986176158e-07, 8.78475319155e-08, 4.0284803049e-08, 6.86872212441e-08, 2.03167061841e-07, 1.78004064821e-08, 1.1629417429e-08, 2.06651007417e-09, 1.06308011005e-10]}, "erbbands": {"dmean": [0.118614137173, 0.55492067337, 1.72229731083, 2.60496544838, 5.78342151642, 7.42603397369, 7.83996534348, 11.441324234, 14.651227951, 14.8168668747, 19.5376567841, 17.1758651733, 24.9369983673, 18.8607749939, 26.6854934692, 17.1495990753, 15.1906251907, 15.3019294739, 18.2235145569, 15.4118175507, 14.3328638077, 10.0543928146, 9.12967395782, 6.83648920059, 6.08663988113, 5.59355592728, 3.62894034386, 2.90334153175, 2.35623240471, 2.6381008625, 2.14002919197, 1.17376410961, 0.574944198132, 0.41808372736, 0.177893042564, 0.102951176465, 0.0217744186521, 0.00531055685133, 0.000640191370621, 3.30165603373e-05], "dmean2": [0.19151288271, 0.908335268497, 2.96833848953, 4.5194773674, 9.80179214478, 12.5958223343, 12.80286026, 17.7949485779, 22.5875377655, 23.934551239, 30.0172939301, 26.7751064301, 38.5372581482, 29.3590869904, 42.5655174255, 27.1574783325, 24.4193668365, 24.1594467163, 29.3750553131, 24.8584499359, 22.9981231689, 16.4519920349, 14.8470401764, 11.4049787521, 10.3976039886, 9.69086170197, 6.02043199539, 4.67330217361, 3.73552894592, 4.02777433395, 3.17080497742, 1.72822237015, 0.852552115917, 0.614623010159, 0.26149019599, 0.16004294157, 0.03334030509, 0.00835905876011, 0.00100197922438, 5.0704475143e-05], "dvar": [0.100098833442, 1.83421194553, 21.5968208313, 41.976764679, 171.621582031, 362.383636475, 276.564788818, 642.675964355, 1796.34619141, 1533.31811523, 2637.68823242, 2659.06518555, 3911.47436523, 2166.61157227, 6833.76123047, 2698.29760742, 1595.18078613, 1375.92041016, 1940.80688477, 711.418701172, 885.602844238, 482.15838623, 386.99130249, 251.049560547, 164.677856445, 137.998886108, 56.2760276794, 54.5021057129, 46.191078186, 113.575622559, 108.517547607, 11.3522968292, 1.98847424984, 1.83306014538, 0.15597076714, 0.0846258103848, 0.0032286348287, 0.000195323707885, 2.97516430692e-06, 5.65490898552e-09], "dvar2": [0.242745265365, 4.46576070786, 58.6916503906, 113.591926575, 463.111846924, 991.223449707, 731.048400879, 1477.77966309, 4014.98413086, 3780.76074219, 5946.47949219, 5938.09423828, 9192.14160156, 5189.74609375, 16485.2578125, 6336.20751953, 3723.79614258, 3329.94116211, 5194.06884766, 1727.67663574, 2138.22265625, 1199.70031738, 907.65838623, 656.951660156, 437.609191895, 370.268890381, 148.184295654, 140.028900146, 108.25693512, 247.694824219, 234.794876099, 23.3438854218, 4.16972637177, 4.03149557114, 0.331967711449, 0.210461616516, 0.00747233023867, 0.000460607087007, 6.92618777975e-06, 1.28118076148e-08], "max": [7.38149881363, 18.0332069397, 65.1733779907, 86.5264816284, 145.108169556, 249.278106689, 339.09475708, 724.456787109, 1452.18786621, 1015.4574585, 1862.50439453, 2989.76293945, 1509.23266602, 1123.6776123, 2463.42016602, 2333.98876953, 1771.76123047, 992.739685059, 1328.04309082, 560.080200195, 841.958007812, 417.351379395, 549.146179199, 835.08996582, 359.997436523, 204.564559937, 128.646560669, 143.196243286, 165.63710022, 367.752349854, 423.252258301, 117.41771698, 46.92237854, 60.6647415161, 8.44802474976, 3.50990724564, 1.07644617558, 0.197173207998, 0.0243987310678, 0.0011039612582], "mean": [0.188152611256, 1.06319391727, 2.40353131294, 3.33617377281, 7.22666406631, 9.55716896057, 12.8228435516, 19.611623764, 23.6131076813, 21.9977111816, 30.232667923, 28.538608551, 40.151638031, 33.7613067627, 47.7809486389, 31.6179885864, 26.4069366455, 25.4674034119, 31.9406490326, 28.0400447845, 25.3944416046, 17.8241729736, 16.2312145233, 13.3685178757, 10.8953590393, 9.15615463257, 6.53654623032, 4.66207170486, 3.90875411034, 4.46301460266, 3.47900605202, 1.94122719765, 1.12756192684, 0.738365113735, 0.286828577518, 0.124553881586, 0.0277356393635, 0.00626834109426, 0.000746970297769, 5.89882656641e-05], "median": [0.0834232643247, 0.64560842514, 1.10388016701, 1.82195806503, 3.32206511497, 4.62232780457, 6.90127515793, 8.83404350281, 8.28631973267, 9.16591644287, 11.9849977493, 12.0483360291, 12.3942623138, 12.2195119858, 16.8436412811, 12.6075220108, 11.7183628082, 10.5864334106, 15.2334222794, 16.544046402, 15.8851966858, 11.075553894, 9.69086837769, 8.84748458862, 6.33472251892, 4.82670211792, 3.52853631973, 2.45396757126, 1.80418848991, 1.77657973766, 1.19878041744, 0.791825771332, 0.528282284737, 0.31209769845, 0.114505320787, 0.0388696491718, 0.00860750954598, 0.00162454950623, 0.000178671005415, 3.20725739584e-05], "min": [1.43029279493e-22, 6.20613509636e-22, 1.25029329037e-21, 4.59469305418e-21, 9.89442106346e-21, 4.17225894316e-20, 4.67367062733e-20, 6.30365910493e-20, 1.03471738481e-19, 2.49751779721e-19, 3.07507623891e-19, 1.90156596063e-19, 6.24914738558e-19, 6.68499195226e-19, 7.77962590624e-19, 1.36044565209e-18, 8.42006067274e-19, 2.0390744494e-18, 2.7922792658e-18, 2.76891823774e-18, 5.08903267693e-18, 4.6827873209e-18, 6.35172140045e-18, 5.75179749426e-18, 8.15110227619e-18, 9.50291474762e-18, 8.97390462176e-18, 1.17524216701e-17, 1.27334752474e-17, 1.24240162269e-17, 1.13586200056e-17, 1.12541239332e-17, 9.72334597316e-18, 9.36641257576e-18, 6.09461422732e-18, 3.91546232465e-18, 2.47110529987e-18, 1.06795086518e-18, 2.43280125404e-19, 2.95057844814e-20], "var": [0.156339898705, 2.55149936676, 20.0804290771, 35.6479148865, 151.161132812, 296.138824463, 347.63079834, 1141.22131348, 3889.04418945, 2217.35693359, 4054.39526367, 4758.671875, 8325.09375, 4992.22509766, 16606.375, 6805.03369141, 4131.17822266, 2404.94213867, 3417.14453125, 1396.50268555, 1472.35095215, 714.19152832, 618.578552246, 340.297729492, 266.857330322, 178.397003174, 84.3182449341, 57.9901809692, 65.0403366089, 180.77293396, 169.570861816, 18.8843593597, 3.67121863365, 2.68067097664, 0.256322801113, 0.0819749683142, 0.00360974832438, 0.000209461679333, 3.19518312608e-06, 6.99732982667e-09]}, "gfcc": {"mean": [-8.31123733521, 98.1577453613, -119.992355347, 25.4909038544, -55.0935935974, 11.964427948, -38.2870368958, 7.59514045715, -20.9694671631, -1.00706779957, -13.3012580872, 0.722141027451, -6.78691291809], "cov": [[16821.6875, -1663.88000488, -785.162597656, 521.554016113, -704.92791748, 1056.88818359, -40.4330673218, 372.824462891, -46.6937332153, 581.778259277, -263.880889893, 213.689651489, -93.1208343506], [-1663.88000488, 1359.54040527, -112.425415039, -30.7824497223, 208.38822937, -201.886962891, 128.037414551, -45.4816093445, 42.2229118347, -127.118637085, 151.685348511, -116.480911255, 55.8801345825], [-785.162597656, -112.425415039, 662.824951172, 183.337265015, 137.023834229, 68.1381607056, 61.5757026672, 109.101486206, 39.0501937866, 75.1415710449, 28.0567398071, 46.9838562012, -6.57927656174], [521.554016113, -30.7824497223, 183.337265015, 463.746154785, 98.2266464233, 95.439125061, 59.9480628967, 103.110351562, 34.5381851196, 78.9639511108, 54.1515655518, 1.25371217728, 40.2028503418], [-704.92791748, 208.38822937, 137.023834229, 98.2266464233, 279.264465332, 1.03878378868, 94.0295410156, 72.0406036377, 44.2894172668, 26.9237365723, 52.4022254944, -19.459815979, 17.9098625183], [1056.88818359, -201.886962891, 68.1381607056, 95.439125061, 1.03878378868, 270.418029785, 111.424629211, 79.9361724854, 30.7437782288, 83.4446716309, 12.9167327881, 24.8495979309, -0.222798004746], [-40.4330673218, 128.037414551, 61.5757026672, 59.9480628967, 94.0295410156, 111.424629211, 217.525558472, 77.3415603638, 40.0183067322, 43.6983757019, 62.823135376, -18.7845726013, 13.9835567474], [372.824462891, -45.4816093445, 109.101486206, 103.110351562, 72.0406036377, 79.9361724854, 77.3415603638, 153.092056274, 46.6619644165, 69.9761123657, 23.8372612, 7.59363269806, 2.24272847176], [-46.6937332153, 42.2229118347, 39.0501937866, 34.5381851196, 44.2894172668, 30.7437782288, 40.0183067322, 46.6619644165, 101.862190247, 38.8180656433, 22.556678772, 2.5026409626, 4.65784168243], [581.778259277, -127.118637085, 75.1415710449, 78.9639511108, 26.9237365723, 83.4446716309, 43.6983757019, 69.9761123657, 38.8180656433, 122.897384644, 32.1037406921, 15.7274141312, 0.403541326523], [-263.880889893, 151.685348511, 28.0567398071, 54.1515655518, 52.4022254944, 12.9167327881, 62.823135376, 23.8372612, 22.556678772, 32.1037406921, 102.770751953, 10.7961530685, 24.0450077057], [213.689651489, -116.480911255, 46.9838562012, 1.25371217728, -19.459815979, 24.8495979309, -18.7845726013, 7.59363269806, 2.5026409626, 15.7274141312, 10.7961530685, 77.1692504883, 18.1423797607], [-93.1208343506, 55.8801345825, -6.57927656174, 40.2028503418, 17.9098625183, -0.222798004746, 13.9835567474, 2.24272847176, 4.65784168243, 0.403541326523, 24.0450077057, 18.1423797607, 62.7897758484]], "icov": [[0.0001810019603, -0.00017412759189, 0.00038950346061, -0.000275992671959, 0.000330328388372, -0.00053133541951, 0.000132821674924, -0.000324801716488, 0.000376942887669, -0.000920957536437, 0.000842304085381, -0.000711568631232, 0.000387842126656], [-0.00017412759189, 0.00193299376406, -0.000294893427053, 0.000470606144518, -0.000942735408898, 0.0012973373523, -0.00063510844484, 0.000424170517363, -0.00120621325914, 0.00293280323967, -0.00350632797927, 0.00297066778876, -0.00135592347942], [0.00038950346061, -0.000294893427053, 0.00296380138025, -0.00125531700905, -0.000179013775778, -0.000869368901476, -6.83053440298e-05, -0.00116342341062, 0.000852724420838, -0.00225116685033, 0.00216506188735, -0.00335230724886, 0.00214986992069], [-0.000275992671959, 0.000470606144518, -0.00125531700905, 0.00370797817595, -0.0009420485585, -0.000134042886202, 0.000875077268574, -0.000768144265749, -0.000366061780369, 0.00103327422403, -0.0027283122763, 0.00318157952279, -0.00308699114248], [0.000330328388372, -0.000942735408898, -0.000179013775778, -0.0009420485585, 0.00633968645707, 1.83143529284e-05, -0.00115540123079, -0.00202854373492, 9.22891160826e-07, -0.00195352779701, 0.00137453165371, -0.00051268748939, 6.9086534495e-05], [-0.00053133541951, 0.0012973373523, -0.000869368901476, -0.000134042886202, 1.83143529284e-05, 0.00888192281127, -0.0048546823673, 0.000522651826032, -0.00139747106005, 0.000579335493967, -0.00104155694135, 3.22434279951e-05, -0.000369575835066], [0.000132821674924, -0.00063510844484, -6.83053440298e-05, 0.000875077268574, -0.00115540123079, -0.0048546823673, 0.010143100284, -0.00279508484527, 8.04787214292e-06, 0.000242602051003, -0.00366594805382, 0.00347499269992, -0.00125435076188], [-0.000324801716488, 0.000424170517363, -0.00116342341062, -0.000768144265749, -0.00202854373492, 0.000522651826032, -0.00279508484527, 0.0126909743994, -0.00286480411887, -0.00211353274062, 0.000185745695489, 5.52111996512e-05, 0.000399389507947], [0.000376942887669, -0.00120621325914, 0.000852724420838, -0.000366061780369, 9.22891160826e-07, -0.00139747106005, 8.04787214292e-06, -0.00286480411887, 0.0135512752458, -0.00529124308378, 0.00226726010442, -0.002544605406, 0.000947298191022], [-0.000920957536437, 0.00293280323967, -0.00225116685033, 0.00103327422403, -0.00195352779701, 0.000579335493967, 0.000242602051003, -0.00211353274062, -0.00529124308378, 0.021245919168, -0.0110946036875, 0.00564619526267, -0.00141944596544], [0.000842304085381, -0.00350632797927, 0.00216506188735, -0.0027283122763, 0.00137453165371, -0.00104155694135, -0.00366594805382, 0.000185745695489, 0.00226726010442, -0.0110946036875, 0.0234415717423, -0.0103799141943, 0.000682873593178], [-0.000711568631232, 0.00297066778876, -0.00335230724886, 0.00318157952279, -0.00051268748939, 3.22434279951e-05, 0.00347499269992, 5.52111996512e-05, -0.002544605406, 0.00564619526267, -0.0103799141943, 0.0247790329158, -0.00974914059043], [0.000387842126656, -0.00135592347942, 0.00214986992069, -0.00308699114248, 6.9086534495e-05, -0.000369575835066, -0.00125435076188, 0.000399389507947, 0.000947298191022, -0.00141944596544, 0.000682873593178, -0.00974914059043, 0.022648178041]]}, "melbands": {"dmean": [0.000886326772161, 0.000803978589829, 0.000500067719258, 0.000518046494108, 0.00027647142997, 0.000258772663074, 0.000209038349567, 0.000175747554749, 0.000155961111886, 0.000112785666715, 0.000131421649712, 8.32439764054e-05, 0.000102637393866, 6.26490727882e-05, 4.46662124887e-05, 3.33416101057e-05, 3.03247234115e-05, 3.51247254002e-05, 2.17247634282e-05, 1.91961426026e-05, 1.77336041816e-05, 1.11708495751e-05, 1.0239535186e-05, 7.50734488975e-06, 5.81171525482e-06, 4.82310042571e-06, 4.7381818149e-06, 3.74278693016e-06, 2.51811184171e-06, 2.01788407139e-06, 1.66927554801e-06, 1.34057256673e-06, 1.50399102949e-06, 1.54074632519e-06, 1.35196432893e-06, 1.01635009742e-06, 6.46501064239e-07, 4.173713819e-07, 3.92285073758e-07, 3.63453381169e-07], "dmean2": [0.00141275976785, 0.00135096767917, 0.000863049936015, 0.000871654425282, 0.00045475011575, 0.00040205536061, 0.000324652210111, 0.000282104068901, 0.000240004592342, 0.000175993074663, 0.000203724543098, 0.000129953739815, 0.00016329412756, 9.97512033791e-05, 7.18411538401e-05, 5.38469612366e-05, 4.84649171995e-05, 5.72948083573e-05, 3.52703646058e-05, 3.12741685775e-05, 2.86294398393e-05, 1.83825304703e-05, 1.68418300746e-05, 1.23277059174e-05, 9.77676609182e-06, 8.23587106424e-06, 8.16709962237e-06, 6.48981722406e-06, 4.24487461714e-06, 3.28875125888e-06, 2.7273079013e-06, 2.18683408093e-06, 2.37769472733e-06, 2.38349184656e-06, 2.06392496693e-06, 1.52472784976e-06, 9.81606035566e-07, 6.32293392755e-07, 5.88693580994e-07, 5.38841163689e-07], "dvar": [5.08059792992e-06, 4.36248001279e-06, 1.23801544305e-06, 1.75709260475e-06, 3.33566049449e-07, 3.00327144487e-07, 3.37682820373e-07, 2.07464950108e-07, 1.61520134156e-07, 1.3467733595e-07, 1.09982160268e-07, 4.19410142172e-08, 1.19069888171e-07, 6.90381725121e-08, 1.35219835329e-08, 8.05383937319e-09, 5.58213253399e-09, 8.64809646117e-09, 1.58753532542e-09, 1.43077505399e-09, 1.49559942209e-09, 6.23897711272e-10, 4.96636398672e-10, 2.43700254421e-10, 1.99955565994e-10, 1.00030261851e-10, 1.00980328266e-10, 5.94188587222e-11, 2.78046578817e-11, 1.85791486362e-11, 1.98472939472e-11, 1.35386736544e-11, 3.03449904093e-11, 3.89624096875e-11, 4.8242000672e-11, 1.60086648798e-11, 2.578726295e-12, 8.41907435694e-13, 1.81383976849e-12, 1.33485388541e-12], "dvar2": [1.19346923384e-05, 1.14212189146e-05, 3.3170763345e-06, 4.72025385534e-06, 8.91573620265e-07, 6.97858013154e-07, 7.56212045872e-07, 5.13835459515e-07, 3.6248158608e-07, 3.04819081975e-07, 2.59386894186e-07, 9.98536080488e-08, 2.82721288158e-07, 1.64774888844e-07, 3.12942525227e-08, 1.99833642966e-08, 1.39079210371e-08, 2.38869795055e-08, 3.83260401193e-09, 3.63767416189e-09, 3.61522545234e-09, 1.5684031851e-09, 1.20408905069e-09, 5.89652604521e-10, 5.2703641451e-10, 2.73710276666e-10, 2.66796001958e-10, 1.61310215185e-10, 7.47431977421e-11, 4.81623803339e-11, 5.17225498542e-11, 3.35240168958e-11, 6.94832871795e-11, 8.48038722578e-11, 1.08623637862e-10, 3.23145850356e-11, 5.8374251613e-12, 1.83989043619e-12, 4.03331664942e-12, 3.01355316569e-12], "max": [0.049144666642, 0.0293990578502, 0.0166437402368, 0.0154322087765, 0.00987424515188, 0.0145474644378, 0.0190879460424, 0.0121497139335, 0.0140841612592, 0.0225584413856, 0.00745875341818, 0.00437047099695, 0.0113438731059, 0.0118811763823, 0.00410220352933, 0.00324847991578, 0.00172619568184, 0.0031418974977, 0.000872878415976, 0.000918213860132, 0.000936334545258, 0.000511007383466, 0.000692672037985, 0.000483268813696, 0.000804351875558, 0.000375213916413, 0.000206036900636, 0.000143430603202, 0.000103454585769, 0.000101623059891, 8.11874197097e-05, 7.18655501259e-05, 0.000172304775333, 0.000199889022042, 0.000273188925348, 0.00015755664208, 4.24404461228e-05, 2.28527951549e-05, 5.70666452404e-05, 5.27535084984e-05], "mean": [0.00159590621479, 0.00133875093888, 0.00067863217555, 0.000642046623398, 0.000451257714303, 0.00044481898658, 0.00033641065238, 0.000255264167208, 0.000243265196332, 0.000182732837857, 0.000207167497138, 0.000140137635753, 0.000173745895154, 0.000106596358819, 7.18330120435e-05, 5.23785747646e-05, 4.65678276669e-05, 5.64636429772e-05, 3.79268785764e-05, 3.28776259266e-05, 2.91504602501e-05, 1.80893512152e-05, 1.64057637448e-05, 1.3077244148e-05, 1.06726492959e-05, 8.44274381961e-06, 7.37870141165e-06, 5.75039848627e-06, 4.25196003562e-06, 3.29721297021e-06, 2.47733873948e-06, 2.09200857171e-06, 2.39987934947e-06, 2.51827668762e-06, 2.10348389373e-06, 1.55518375777e-06, 1.04410526092e-06, 8.02613215001e-07, 6.88795466885e-07, 6.07122501606e-07], "median": [0.000857989827637, 0.00077802920714, 0.00039155621198, 0.000299352512229, 0.000245737202931, 0.00020680660964, 0.000123726364109, 0.000100374709291, 9.54649294727e-05, 7.23834309611e-05, 6.10142924415e-05, 4.70618251711e-05, 5.77964783588e-05, 3.45227090293e-05, 2.85037567664e-05, 2.16498629015e-05, 1.82438507181e-05, 2.39974433498e-05, 2.03898489417e-05, 2.03153576877e-05, 1.68854348885e-05, 1.05952967715e-05, 8.9480972747e-06, 7.9318160715e-06, 6.62091179038e-06, 4.91907303513e-06, 3.53249606633e-06, 2.99005614579e-06, 2.21443701776e-06, 1.69820361862e-06, 1.24496432363e-06, 9.56645408223e-07, 9.64023456618e-07, 9.63283241617e-07, 6.97206928635e-07, 5.34275329755e-07, 4.32799168948e-07, 3.76550076453e-07, 3.00564067857e-07, 2.42684564e-07], "min": [9.85070235264e-25, 7.53627616181e-25, 1.1202042777e-24, 1.20738967798e-24, 2.2115212579e-24, 1.6370737328e-24, 1.62320082492e-24, 2.11607322989e-24, 2.24170070956e-24, 1.0411501598e-24, 2.83414550457e-24, 1.5422216892e-24, 2.18896023045e-24, 2.65626032867e-24, 3.86661434872e-24, 1.35604588101e-24, 2.70478099358e-24, 3.32045360073e-24, 3.26683393614e-24, 3.73815860549e-24, 5.55660487104e-24, 4.81063314994e-24, 4.31734383198e-24, 4.8263022941e-24, 4.31789564018e-24, 5.03034945028e-24, 4.72820389066e-24, 5.68538010293e-24, 4.18030922641e-24, 5.26420844892e-24, 5.65998785368e-24, 6.40308536007e-24, 6.34065648575e-24, 6.58225420987e-24, 6.007900362e-24, 5.22645435486e-24, 6.38072075897e-24, 6.4885059799e-24, 7.41544239265e-24, 6.56212957932e-24], "var": [8.53630899655e-06, 4.81064716951e-06, 1.12956558951e-06, 1.42806743497e-06, 4.19665838081e-07, 5.43468843262e-07, 7.22322340607e-07, 2.98841996482e-07, 2.57311370433e-07, 2.35440310803e-07, 2.33135637018e-07, 9.45315790091e-08, 2.55680674854e-07, 1.69261198835e-07, 3.16217168006e-08, 1.47817891261e-08, 8.91693474614e-09, 1.39145184264e-08, 3.13812553721e-09, 2.10516404309e-09, 2.48876230735e-09, 8.70168270772e-10, 7.35768390658e-10, 3.76501829713e-10, 2.55156645812e-10, 1.54015675213e-10, 1.54300905386e-10, 7.15022971387e-11, 3.84500799255e-11, 2.44783568415e-11, 1.93598227727e-11, 1.66924651185e-11, 4.40926496703e-11, 6.16362655359e-11, 6.9277236725e-11, 2.69587546731e-11, 3.83369551382e-12, 1.63119225158e-12, 2.45111244669e-12, 1.89900200599e-12]}, "mfcc": {"mean": [-643.402832031, 125.811203003, -4.25166320801, 15.2883281708, 4.228764534, 2.65029811859, -2.42771315575, 3.33166646957, -0.913948297501, -0.740840733051, -3.75836849213, -2.3292491436, 0.179894760251], "cov": [[9030.91113281, -498.817962646, -329.496246338, -18.2540149689, -21.3616867065, 234.989456177, 192.052627563, 184.318252563, 222.546844482, 408.025909424, 171.686782837, 151.554153442, 135.668792725], [-498.817962646, 1046.67456055, -172.69102478, 5.8714594841, 1.66022002697, -33.2160491943, 56.5935440063, 11.1885690689, -6.04078912735, -28.0873832703, 30.7844619751, 7.33709955215, -18.0965824127], [-329.496246338, -172.69102478, 555.931945801, 153.066101074, 84.8086853027, 70.0022964478, 56.8294296265, 49.3887519836, 42.6800842285, 32.8662872314, 31.3047637939, 68.2602539062, 49.5799407959], [-18.2540149689, 5.8714594841, 153.066101074, 387.208312988, 154.639221191, 39.6118164062, 101.241127014, 25.4209003448, 52.7735137939, 78.6058349609, 13.445019722, 55.3397407532, 74.0012664795], [-21.3616867065, 1.66022002697, 84.8086853027, 154.639221191, 195.505584717, 38.6890640259, 39.7112998962, 30.7617454529, 40.7839851379, 52.2229804993, 15.1618404388, 31.3413276672, 50.4521713257], [234.989456177, -33.2160491943, 70.0022964478, 39.6118164062, 38.6890640259, 128.088104248, 80.7993545532, 42.3842391968, 28.6729259491, 62.2133903503, 37.8632469177, 21.9328460693, 11.6655864716], [192.052627563, 56.5935440063, 56.8294296265, 101.241127014, 39.7112998962, 80.7993545532, 225.336410522, 65.9066772461, 52.082244873, 98.3070297241, 56.5347099304, 49.123752594, 36.4308776855], [184.318252563, 11.1885690689, 49.3887519836, 25.4209003448, 30.7617454529, 42.3842391968, 65.9066772461, 110.851043701, 46.3541488647, 46.8944969177, 30.4881629944, 16.5638256073, 25.3889293671], [222.546844482, -6.04078912735, 42.6800842285, 52.7735137939, 40.7839851379, 28.6729259491, 52.082244873, 46.3541488647, 96.9629440308, 69.7478561401, 28.6802577972, 26.1618404388, 17.4168224335], [408.025909424, -28.0873832703, 32.8662872314, 78.6058349609, 52.2229804993, 62.2133903503, 98.3070297241, 46.8944969177, 69.7478561401, 165.614517212, 73.3389511108, 39.1426239014, 35.4916801453], [171.686782837, 30.7844619751, 31.3047637939, 13.445019722, 15.1618404388, 37.8632469177, 56.5347099304, 30.4881629944, 28.6802577972, 73.3389511108, 94.34765625, 43.1322822571, 12.2513360977], [151.554153442, 7.33709955215, 68.2602539062, 55.3397407532, 31.3413276672, 21.9328460693, 49.123752594, 16.5638256073, 26.1618404388, 39.1426239014, 43.1322822571, 84.4257049561, 43.3705482483], [135.668792725, -18.0965824127, 49.5799407959, 74.0012664795, 50.4521713257, 11.6655864716, 36.4308776855, 25.3889293671, 17.4168224335, 35.4916801453, 12.2513360977, 43.3705482483, 94.0754318237]], "icov": [[0.000148904029629, 7.95046871644e-05, 0.00018394079234, 1.48137878568e-05, 0.000137193113915, -0.000224914241699, 0.000103009238956, -0.000136011745781, -0.000148329883814, -0.000261277193204, 7.77441309765e-05, -0.000271506229183, -0.00011583079322], [7.95046871644e-05, 0.00116897642147, 0.000535574159585, -0.000161087649758, -0.000141298485687, 0.00030731165316, -0.000477801339002, -0.000275212543784, -0.000129089399707, 0.000688147731125, -0.000818381842691, -0.000250262266491, 0.000237874410232], [0.00018394079234, 0.000535574159585, 0.00272412109189, -0.000793765764683, -5.62498962609e-06, -0.00121529097669, 0.000324473046931, -0.000847882416565, -0.00054911308689, 0.000809597899206, -0.000393828580854, -0.00173108710442, -7.10626190994e-05], [1.48137878568e-05, -0.000161087649758, -0.000793765764683, 0.00483298720792, -0.00281808781438, 0.00065177452052, -0.00154077855404, 0.00120693317149, -0.000335638469551, -0.00126940500923, 0.00187593256123, -0.000693920475896, -0.00111762050074], [0.000137193113915, -0.000141298485687, -5.62498962609e-06, -0.00281808781438, 0.00860880687833, -0.00191613228526, 0.00153820088599, -0.00076549401274, -0.00144799728878, -0.000703499943484, 0.00018172529235, 2.603003486e-05, -0.00227582734078], [-0.000224914241699, 0.00030731165316, -0.00121529097669, 0.00065177452052, -0.00191613228526, 0.0125753963366, -0.0032405378297, -0.00168825557921, 0.00153227429837, -0.00187663431279, -0.00114764471073, 0.000540083681699, 0.0020148018375], [0.000103009238956, -0.000477801339002, 0.000324473046931, -0.00154077855404, 0.00153820088599, -0.0032405378297, 0.0083817243576, -0.00261265528388, -1.00404804471e-05, -0.00262325047515, 2.41349807766e-05, -0.00219971640036, -0.000160803814651], [-0.000136011745781, -0.000275212543784, -0.000847882416565, 0.00120693317149, -0.00076549401274, -0.00168825557921, -0.00261265528388, 0.0143419224769, -0.00530666159466, 0.00153865432367, -0.00263181095943, 0.00369441509247, -0.003556760028], [-0.000148329883814, -0.000129089399707, -0.00054911308689, -0.000335638469551, -0.00144799728878, 0.00153227429837, -1.00404804471e-05, -0.00530666159466, 0.0181464087218, -0.00672480277717, 0.00273365224712, -0.0033925450407, 0.00315059651621], [-0.000261277193204, 0.000688147731125, 0.000809597899206, -0.00126940500923, -0.000703499943484, -0.00187663431279, -0.00262325047515, 0.00153865432367, -0.00672480277717, 0.0162079725415, -0.00972241349518, 0.00362995942123, -0.00298546114936], [7.77441309765e-05, -0.000818381842691, -0.000393828580854, 0.00187593256123, 0.00018172529235, -0.00114764471073, 2.41349807766e-05, -0.00263181095943, 0.00273365224712, -0.00972241349518, 0.0227816421539, -0.0103757763281, 0.00418661022559], [-0.000271506229183, -0.000250262266491, -0.00173108710442, -0.000693920475896, 2.603003486e-05, 0.000540083681699, -0.00219971640036, 0.00369441509247, -0.0033925450407, 0.00362995942123, -0.0103757763281, 0.0237956028432, -0.00878493208438], [-0.00011583079322, 0.000237874410232, -7.10626190994e-05, -0.00111762050074, -0.00227582734078, 0.0020148018375, -0.000160803814651, -0.003556760028, 0.00315059651621, -0.00298546114936, 0.00418661022559, -0.00878493208438, 0.0177998282015]]}, "spectral_contrast_coeffs": {"dmean": [0.049593411386, 0.0469737835228, 0.0382912755013, 0.0318335555494, 0.0225533749908, 0.0175405927002], "dmean2": [0.080915465951, 0.0760474875569, 0.0620618872344, 0.0515734441578, 0.0368835963309, 0.0284923631698], "dvar": [0.00195382791571, 0.00163230963517, 0.001029540319, 0.000705759506673, 0.00044007532415, 0.000279459258309], "dvar2": [0.00496918102726, 0.00405581807718, 0.00253824610263, 0.00175939768087, 0.0010798900621, 0.000710859778337], "max": [-0.253901720047, -0.395229697227, -0.431203961372, -0.569813847542, -0.574644744396, -0.600725233555], "mean": [-0.644405663013, -0.729189693928, -0.762417972088, -0.779708623886, -0.790625989437, -0.774367153645], "median": [-0.664238631725, -0.742280900478, -0.773270606995, -0.788051307201, -0.799830675125, -0.774493396282], "min": [-0.983366012573, -0.979413211346, -0.972237825394, -0.967650532722, -0.963631033897, -0.964127421379], "var": [0.0108727673069, 0.00657922169194, 0.00489453272894, 0.00274015520699, 0.00195597624406, 0.00145426020026]}, "spectral_contrast_valleys": {"dmean": [0.379467487335, 0.350973188877, 0.323539704084, 0.299547493458, 0.289229005575, 0.293885439634], "dmean2": [0.613626301289, 0.560937106609, 0.509010076523, 0.463278204203, 0.444933742285, 0.402642726898], "dvar": [0.128574669361, 0.111384674907, 0.0919186919928, 0.0944102555513, 0.13130480051, 0.127339705825], "dvar2": [0.290301173925, 0.254450798035, 0.195051595569, 0.194033965468, 0.289212316275, 0.234851911664], "max": [-4.94425106049, -4.52171182632, -5.10936498642, -5.25809335709, -5.28348636627, -7.63072967529], "mean": [-7.