{"lowlevel": {"average_loudness": 0.852732300758, "barkbands_crest": {"dmean": 2.62322831154, "dmean2": 4.22390890121, "dvar": 6.72189807892, "dvar2": 15.898806572, "max": 25.9171886444, "mean": 15.9943170547, "median": 16.6378860474, "min": 3.57273077965, "var": 29.638589859}, "barkbands_flatness_db": {"dmean": 0.0261771362275, "dmean2": 0.0401541478932, "dvar": 0.000940610538237, "dvar2": 0.00203646207228, "max": 0.462825447321, "mean": 0.254435837269, "median": 0.256557106972, "min": 0.036944989115, "var": 0.00367623544298}, "barkbands_kurtosis": {"dmean": 12.0484018326, "dmean2": 19.3364982605, "dvar": 1150.59326172, "dvar2": 2902.69335938, "max": 466.510314941, "mean": 17.1714134216, "median": 4.53328466415, "min": -1.68691384792, "var": 1387.59179688}, "barkbands_skewness": {"dmean": 0.835443437099, "dmean2": 1.26458978653, "dvar": 1.63879036903, "dvar2": 3.58203125, "max": 16.3980522156, "mean": 2.54903435707, "median": 1.93684959412, "min": -2.57506203651, "var": 4.97503232956}, "barkbands_spread": {"dmean": 3.02118659019, "dmean2": 4.73090314865, "dvar": 46.6616134644, "dvar2": 104.063583374, "max": 95.1108551025, "mean": 8.52365589142, "median": 6.92352581024, "min": 0.24169935286, "var": 62.4726486206}, "dissonance": {"dmean": 0.0309449546039, "dmean2": 0.0509923100471, "dvar": 0.000762197712902, "dvar2": 0.0019597238861, "max": 0.499999910593, "mean": 0.413747280836, "median": 0.421839237213, "min": 0.157597497106, "var": 0.00242702593096}, "dynamic_complexity": 4.13673734665, "erbbands_crest": {"dmean": 2.43888545036, "dmean2": 3.7217566967, "dvar": 5.34738254547, "dvar2": 12.5058412552, "max": 31.0992507935, "mean": 12.0265607834, "median": 11.047454834, "min": 3.07218146324, "var": 24.8734951019}, "erbbands_flatness_db": {"dmean": 0.0176289454103, "dmean2": 0.0255052987486, "dvar": 0.000526138872374, "dvar2": 0.000948863278609, "max": 0.37592741847, "mean": 0.203373134136, "median": 0.203181803226, "min": 0.0423255972564, "var": 0.00360451894812}, "erbbands_kurtosis": {"dmean": 1.38502347469, "dmean2": 2.10833191872, "dvar": 3.3833065033, "dvar2": 7.38498878479, "max": 43.0963020325, "mean": 2.82963585854, "median": 1.8963239193, "min": -1.82213246822, "var": 14.4833421707}, "erbbands_skewness": {"dmean": 0.378165900707, "dmean2": 0.569478750229, "dvar": 0.149145677686, "dvar2": 0.329832434654, "max": 5.35839271545, "mean": 0.582819640636, "median": 0.523490667343, "min": -2.1712064743, "var": 0.734070062637}, "erbbands_spread": {"dmean": 6.12353038788, "dmean2": 9.1074848175, "dvar": 133.847198486, "dvar2": 235.015563965, "max": 145.417602539, "mean": 23.609703064, "median": 18.3905792236, "min": 2.97600340843, "var": 358.96887207}, "hfc": {"dmean": 6.66633272171, "dmean2": 10.82579422, "dvar": 234.085494995, "dvar2": 614.328857422, "max": 142.050186157, "mean": 14.3831577301, "median": 9.18542098999, "min": 1.17065657548e-16, "var": 286.1378479}, "melbands_crest": {"dmean": 2.67589974403, "dmean2": 4.34096050262, "dvar": 7.90139484406, "dvar2": 19.7665061951, "max": 34.2417526245, "mean": 18.0822906494, "median": 18.275188446, "min": 2.70501661301, "var": 30.2900218964}, "melbands_flatness_db": {"dmean": 0.0299757197499, "dmean2": 0.0454985015094, "dvar": 0.00123205932323, "dvar2": 0.00263926200569, "max": 0.619206309319, "mean": 0.362302601337, "median": 0.37171459198, "min": 0.0051392596215, "var": 0.00702692195773}, "melbands_kurtosis": {"dmean": 11.4424123764, "dmean2": 17.1241149902, "dvar": 532.16192627, "dvar2": 1128.79992676, "max": 428.162902832, "mean": 22.3445396423, "median": 8.59647369385, "min": -1.59987604618, "var": 1301.29833984}, "melbands_skewness": {"dmean": 0.74974155426, "dmean2": 1.10922336578, "dvar": 0.802065849304, "dvar2": 1.50606620312, "max": 14.7926664352, "mean": 3.01490616798, "median": 2.50885272026, "min": -0.863267600536, "var": 4.34489870071}, "melbands_spread": {"dmean": 2.37630224228, "dmean2": 3.6201941967, "dvar": 14.1406831741, "dvar2": 26.782617569, "max": 178.986053467, "mean": 8.61361122131, "median": 6.96019077301, "min": 0.299559921026, "var": 59.9617080688}, "pitch_salience": {"dmean": 0.0642540603876, "dmean2": 0.103476032615, "dvar": 0.00403997022659, "dvar2": 0.00966591481119, "max": 0.917328178883, "mean": 0.400793403387, "median": 0.395135760307, "min": 0.115289546549, "var": 0.0177014339715}, "silence_rate_20dB": {"dmean": 0.0538625083864, "dmean2": 0.107735924423, "dvar": 0.0509598739445, "dvar2": 0.0991617515683, "max": 1, "mean": 0.945738017559, "median": 1, "min": 0, "var": 0.0513114705682}, "silence_rate_30dB": {"dmean": 0.090715803206, "dmean2": 0.181449979544, "dvar": 0.0824914649129, "dvar2": 0.149745702744, "max": 1, "mean": 0.808868169785, "median": 1, "min": 0, "var": 0.15460267663}, "silence_rate_60dB": {"dmean": 0.0170092135668, "dmean2": 0.0340218730271, "dvar": 0.0167205054313, "dvar2": 0.0377266965806, "max": 1, "mean": 0.101133830845, "median": 0, "min": 0, "var": 0.0909281224012}, "spectral_centroid": {"dmean": 102.049537659, "dmean2": 159.438812256, "dvar": 28332.7089844, "dvar2": 50946.0429688, "max": 10816.2744141, "mean": 628.97277832, "median": 496.744720459, "min": 104.292510986, "var": 176249.453125}, "spectral_complexity": {"dmean": 1.30849444866, "dmean2": 2.19825839996, "dvar": 1.5225455761, "dvar2": 3.90698051453, "max": 25, "mean": 10.1496257782, "median": 10, "min": 0, "var": 12.1538486481}, "spectral_decrease": {"dmean": 1.45666776419e-08, "dmean2": 2.41584992011e-08, "dvar": 2.18879454559e-15, "dvar2": 5.93135033073e-15, "max": 4.22601986686e-20, "mean": -2.06225756472e-08, "median": -1.18296963336e-08, "min": -3.53839851641e-07, "var": 1.68648452611e-15}, "spectral_energy": {"dmean": 0.0553575456142, "dmean2": 0.0918015837669, "dvar": 0.0315910987556, "dvar2": 0.0856272578239, "max": 1.34410071373, "mean": 0.0791389793158, "median": 0.0455669462681, "min": 1.03378407628e-20, "var": 0.0243761129677}, "spectral_energyband_high": {"dmean": 0.000209490652196, "dmean2": 0.000323205633322, "dvar": 6.13455028997e-07, "dvar2": 1.32655986818e-06, "max": 0.00668537802994, "mean": 0.000223648312385, "median": 3.23211061186e-05, "min": 7.77044097027e-21, "var": 6.51938364626e-07}, "spectral_energyband_low": {"dmean": 0.0540108047426, "dmean2": 0.0903067290783, "dvar": 0.0314039178193, "dvar2": 0.0850176364183, "max": 1.33235907555, "mean": 0.0636181011796, "median": 0.0313798114657, "min": 1.40973571083e-22, "var": 0.0233286209404}, "spectral_energyband_middle_high": {"dmean": 0.000596666941419, "dmean2": 0.000869907613378, "dvar": 7.69664325162e-07, "dvar2": 1.61687853506e-06, "max": 0.0191466547549, "mean": 0.00182143435813, "median": 0.00122487742919, "min": 1.28084888983e-21, "var": 3.48570074493e-06}, "spectral_energyband_middle_low": {"dmean": 0.00381514639594, "dmean2": 0.00560891116038, "dvar": 4.24454192398e-05, "dvar2": 8.1424615928e-05, "max": 0.284583956003, "mean": 0.0147445593029, "median": 0.0101046413183, "min": 2.5976379291e-22, "var": 0.000341664650477}, "spectral_entropy": {"dmean": 0.178762018681, "dmean2": 0.269320756197, "dvar": 0.0749896764755, "dvar2": 0.13568097353, "max": 9.80030345917, "mean": 6.49453115463, "median": 6.46714019775, "min": 5.11747312546, "var": 0.256335705519}, "spectral_flux": {"dmean": 0.0528705641627, "dmean2": 0.0821950882673, "dvar": 0.0140608279034, "dvar2": 0.0252350531518, "max": 0.994066059589, "mean": 0.100089155138, "median": 0.0558622069657, "min": 1.01675175224e-10, "var": 0.0227542985231}, "spectral_kurtosis": {"dmean": 4.08149957657, "dmean2": 6.77493715286, "dvar": 30.2996921539, "dvar2": 70.9909744263, "max": 85.8482437134, "mean": 14.6910715103, "median": 11.5938625336, "min": -1.21001076698, "var": 131.318771362}, "spectral_rms": {"dmean": 0.00186155212577, "dmean2": 0.00282375421375, "dvar": 1.68518490682e-05, "dvar2": 4.18073432229e-05, "max": 0.0362121239305, "mean": 0.00713913748041, "median": 0.00666749989614, "min": 3.17579881663e-12, "var": 2.62412668235e-05}, "spectral_rolloff": {"dmean": 191.980758667, "dmean2": 341.835968018, "dvar": 512666.4375, "dvar2": 1369357.5, "max": 19638.28125, "mean": 562.590026855, "median": 387.59765625, "min": 64.599609375, "var": 570216.75}, "spectral_skewness": {"dmean": 0.37335857749, "dmean2": 0.595952928066, "dvar": 0.217118948698, "dvar2": 0.436303585768, "max": 7.89775848389, "mean": 2.99193167686, "median": 2.88585948944, "min": -0.0110002625734, "var": 1.41132473946}, "spectral_spread": {"dmean": 632936.0625, "dmean2": 950345.1875, "dvar": 1583737208830.0, "dvar2": 2771870285820.0, "max": 41590992, "mean": 3783267.25, "median": 3251799, "min": 1051736.5, "var": 4231197097980.0}, "spectral_strongpeak": {"dmean": 0.310447454453, "dmean2": 0.530213117599, "dvar": 0.255269914865, "dvar2": 0.671822965145, "max": 9.74773406982, "mean": 0.674265861511, "median": 0.496612370014, "min": 0, "var": 0.421353757381}, "zerocrossingrate": {"dmean": 0.00654297880828, "dmean2": 0.00852875504643, "dvar": 0.000184458083822, "dvar2": 0.000257369596511, "max": 0.51220703125, "mean": 0.0243304744363, "median": 0.017578125, "min": 0.0029296875, "var": 0.000495166925248}, "barkbands": {"dmean": [0.00274835457094, 0.047106359154, 0.00696788122877, 0.00103434233461, 0.00106348434929, 0.0017429048894, 0.000597337610088, 0.000486372300657, 0.000635816308204, 0.000365840736777, 0.000184874632396, 0.000171374398633, 7.38004746381e-05, 7.05559796188e-05, 3.59086770914e-05, 2.02841074497e-05, 4.1781237087e-05, 3.26331974065e-05, 2.32996189879e-05, 2.26481242862e-05, 1.49706038428e-05, 2.25157236855e-05, 3.23597851093e-05, 3.7304340367e-05, 3.5735876736e-05, 4.85940508952e-05, 2.04943207791e-05], "dmean2": [0.00443178927526, 0.0803668424487, 0.0127550549805, 0.00183753401507, 0.00177217833698, 0.00235038646497, 0.000862384447828, 0.000649384281132, 0.000818171829451, 0.000470856612083, 0.000280649459455, 0.00026214015088, 0.000110597386083, 0.000114321657747, 5.58354659006e-05, 3.24984248437e-05, 6.95870112395e-05, 5.59811232961e-05, 3.91820794903e-05, 3.75805975636e-05, 2.2789441573e-05, 3.3911990613e-05, 4.76540590171e-05, 5.73569486733e-05, 5.63018184039e-05, 8.09200209915e-05, 3.31953815476e-05], "dvar": [8.65227193572e-05, 0.0247629936785, 0.000635903910734, 6.23670075584e-06, 3.91417324863e-06, 1.90918235603e-05, 1.24444284211e-06, 9.43077509419e-07, 4.49220488008e-06, 7.2062965728e-07, 1.71865735865e-07, 2.48814075121e-07, 8.45161594043e-08, 5.2016240204e-08, 7.71557662205e-09, 4.7424157934e-09, 1.78233889869e-08, 1.28718049552e-08, 8.88906726004e-09, 1.13111626732e-08, 1.7475036973e-09, 6.80032874456e-09, 1.52706700618e-08, 2.20839027065e-08, 1.99598773065e-08, 4.07686187032e-08, 7.08085501344e-09], "dvar2": [0.00020361848874, 0.0685877650976, 0.00180807569996, 1.76101875695e-05, 1.05794770207e-05, 2.46313138632e-05, 2.42393025474e-06, 1.64294635852e-06, 7.26833468434e-06, 1.19878677651e-06, 3.59474967127e-07, 5.78989556743e-07, 1.82250062153e-07, 1.38455916954e-07, 1.62295901163e-08, 1.2332369792e-08, 4.77136374855e-08, 3.84738285675e-08, 2.38877362335e-08, 3.13421288922e-08, 3.4600695642e-09, 1.3912286434e-08, 3.07194873983e-08, 4.9331106311e-08, 4.57284734523e-08, 9.90003172774e-08, 1.71970988561e-08], "max": [0.0662261396646, 1.24213755131, 0.194429919124, 0.0277782790363, 0.0293455645442, 0.222100973129, 0.0355504825711, 0.0171599052846, 0.0469231829047, 0.0153501778841, 0.012696120888, 0.0132351592183, 0.0120561290532, 0.00647233612835, 0.00280099897645, 0.00194612157065, 0.00382239744067, 0.00388821680099, 0.00423967186362, 0.00463386345655, 0.000581286789384, 0.000776773726102, 0.00109302985948, 0.00136889633723, 0.00136926583946, 0.00179734849371, 0.000857275037561], "mean": [0.00226745288819, 0.0543569773436, 0.00606889370829, 0.00142593286, 0.0020527462475, 0.00594573374838, 0.00129204196855, 0.00131963833701, 0.00198037922382, 0.00104582239874, 0.00032223429298, 0.000363278726581, 0.000123758785776, 0.000104339538666, 5.67625684198e-05, 3.12394877255e-05, 5.66010967304e-05, 4.68592043035e-05, 3.38127429131e-05, 3.60119447578e-05, 1.96488217625e-05, 2.46036506724e-05, 3.31679548253e-05, 3.80009878427e-05, 3.47147797584e-05, 4.0971681301e-05, 1.73987500602e-05], "median": [0.000107078783913, 0.0271133445203, 0.0017866169801, 0.000882438034751, 0.00132853805553, 0.00225896947086, 0.000665909959935, 0.000597558857407, 0.000528090167791, 0.000267241644906, 8.43015586725e-05, 7.44103235775e-05, 2.63696820184e-05, 1.95621269086e-05, 1.53677938215e-05, 5.62953846384e-06, 9.45796455198e-06, 1.21045377455e-05, 6.44061674393e-06, 7.60417333368e-06, 3.41915438185e-06, 3.95788811147e-06, 2.90699381367e-06, 4.18624949816e-06, 3.00518058793e-06, 1.48663411892e-06, 5.04873924001e-07], "min": [3.82850700274e-23, 3.08797518756e-23, 3.06941013502e-23, 6.69535469669e-23, 2.15212519878e-23, 7.00666066691e-23, 1.33966331077e-23, 1.91202828253e-23, 6.6387700195e-23, 6.24604539971e-23, 7.13100344714e-23, 7.87681084851e-23, 1.21829305309e-22, 3.51649989295e-23, 1.02881150355e-22, 1.67469603976e-22, 1.3458386086e-22, 2.02503787679e-22, 1.81188475719e-22, 2.61480732893e-22, 4.29989071044e-22, 5.93132322002e-22, 5.18978942527e-22, 7.66968992737e-22, 1.36707590537e-21, 1.73415790093e-21, 2.36325420227e-21], "var": [7.74636500864e-05, 0.0172548852861, 0.000401408295147, 4.4944235924e-06, 5.93993445364e-06, 0.000207013727049, 4.25733696829e-06, 3.89546175938e-06, 2.12555551116e-05, 3.2661869227e-06, 3.91049979953e-07, 6.33463457689e-07, 1.66433054005e-07, 9.11706052875e-08, 1.68436091741e-08, 8.58455440067e-09, 3.01512841361e-08, 1.94614138138e-08, 1.47827599051e-08, 1.9300260945e-08, 2.56691823353e-09, 7.60586083004e-09, 1.77360082176e-08, 2.24852545472e-08, 1.95026856886e-08, 3.47053159544e-08, 6.25414964261e-09]}, "erbbands": {"dmean": [1.35129880905, 10.5111942291, 11.3721094131, 5.2965092659, 2.23192477226, 4.07709598541, 11.55930233, 13.0359477997, 9.90803909302, 7.22851610184, 11.0698328018, 17.3624458313, 15.0093793869, 5.50032091141, 6.26317214966, 8.03663349152, 3.94817113876, 4.25481367111, 1.77978610992, 1.39531743526, 1.55695915222, 1.71816170216, 1.67905592918, 1.24264895916, 1.45624339581, 0.843456149101, 0.583750605583, 0.601863801479, 0.704465389252, 1.11283385754, 0.882363319397, 0.719907104969, 0.662678658962, 0.401560395956, 0.261627703905, 0.160539522767, 0.10415623337, 0.0282678361982, 0.00317469565198, 0.00021766066493], "dmean2": [2.17316913605, 18.7864589691, 20.6259746552, 9.60983848572, 3.91810202599, 6.88344240189, 18.0084266663, 15.3440113068, 14.5100336075, 9.52708625793, 14.7559137344, 22.227186203, 19.314535141, 8.13224315643, 9.42471694946, 12.2611503601, 5.9132142067, 6.80984592438, 2.80111694336, 2.21103858948, 2.56157708168, 2.85913777351, 2.89333152771, 2.08404517174, 2.43263363838, 1.39330255985, 0.915593504906, 0.913766920567, 1.0873169899, 1.68679046631, 1.30464661121, 1.07622349262, 1.06861400604, 0.619380354881, 0.42343378067, 0.266485780478, 0.175136804581, 0.0470901839435, 0.00493779173121, 0.000355511408998], "dvar": [18.2358188629, 1325.05187988, 1701.10241699, 236.186019897, 33.7544746399, 60.6054153442, 394.449920654, 2145.2734375, 545.662719727, 149.629776001, 573.087341309, 3669.86499023, 1136.03601074, 119.59703064, 312.075927734, 514.352355957, 182.995498657, 161.075042725, 13.8516407013, 8.74874782562, 16.4284591675, 45.1017303467, 53.3738365173, 10.8723182678, 54.039642334, 6.49320459366, 2.12749767303, 3.35479831696, 6.15228033066, 19.7506122589, 10.9092664719, 7.9037733078, 7.71608972549, 2.35478067398, 1.12879943848, 0.464935213327, 0.192107632756, 0.0138981333002, 0.000156282578246, 5.35125536771e-07], "dvar2": [46.9104537964, 3802.42700195, 4807.43066406, 670.387390137, 93.9233703613, 164.894042969, 973.712341309, 2202.92504883, 963.160766602, 256.080718994, 975.561645508, 5996.55859375, 1879.83496094, 249.174972534, 657.603088379, 1181.59875488, 400.753326416, 427.534637451, 31.423160553, 20.7604656219, 44.5333442688, 118.243492126, 161.035263062, 30.2226066589, 145.025421143, 18.210401535, 4.60654306412, 6.68817806244, 11.3622875214, 43.9750823975, 21.9616317749, 15.6674747467, 19.2931957245, 5.11065340042, 2.72275185585, 1.17270374298, 0.468514710665, 0.0343762673438, 0.000364869076293, 1.30003093091e-06], "max": [36.4785690308, 270.669372559, 311.740112305, 133.272445679, 60.5099029541, 128.078948975, 456.817687988, 2445.6652832, 1344.99719238, 272.056488037, 507.200805664, 1338.69946289, 575.804077148, 277.237457275, 628.188842773, 535.070861816, 523.278137207, 355.428863525, 102.304450989, 59.4781188965, 105.264656067, 254.55859375, 270.744262695, 77.6288528442, 283.251953125, 89.1180496216, 22.3245391846, 26.3696956635, 24.1307506561, 41.3291358948, 29.3672504425, 23.1522903442, 27.559179306, 13.5633049011, 10.3127479553, 5.97542047501, 3.86708307266, 1.1897444725, 0.12388920784, 0.00806110072881], "mean": [1.55211031437, 11.9225931168, 11.0240421295, 6.1219496727, 3.38281679153, 8.0811662674, 32.0451011658, 47.5537643433, 23.3185596466, 19.6687545776, 32.2409095764, 54.0520362854, 44.9618415833, 12.5611305237, 12.4070167542, 17.4663391113, 7.29052019119, 6.70766162872, 3.13438391685, 2.30240488052, 2.34736275673, 2.50561690331, 2.4680583477, 2.0161690712, 2.20685577393, 1.38136720657, 0.883475184441, 0.751510202885, 0.845013439655, 1.03830063343, 0.956082761288, 0.775637209415, 0.626051068306, 0.418750613928, 0.241528525949, 0.134158149362, 0.0876363515854, 0.023695923388, 0.00282917660661, 0.000218569184653], "median": [0.618578612804, 6.71280431747, 4.2277765274, 3.80724692345, 2.23917007446, 5.14540672302, 16.7003993988, 13.6189880371, 11.5389671326, 10.59806633, 16.1874980927, 14.0338172913, 15.8640928268, 5.62058258057, 3.21469831467, 3.71695232391, 2.35766863823, 1.91197621822, 1.24449539185, 0.942595720291, 0.646131277084, 0.525814175606, 0.509490728378, 0.583679974079, 0.330872416496, 0.3387131989, 0.204347372055, 0.128938913345, 0.147427767515, 0.103045731783, 0.101953297853, 0.0695418268442, 0.0806577652693, 0.0435928478837, 0.0177099816501, 0.00634859129786, 0.00335641158745, 0.000800156034529, 7.59722170187e-05, 5.52514720766e-05], "min": [1.1768070979e-21, 6.60126600697e-21, 2.80199613061e-20, 1.80435130064e-19, 6.29263110716e-20, 9.94893420453e-20, 1.72889808236e-19, 6.92010615065e-19, 3.58267536331e-19, 3.39479524584e-19, 5.06508176569e-19, 1.2396157611e-18, 1.76889203233e-18, 2.72490933402e-18, 3.02728727489e-18, 2.91841024714e-18, 5.91087549299e-18, 2.50363024835e-18, 6.09170048361e-18, 5.44862835513e-18, 8.71196630026e-18, 8.37055411988e-18, 1.1063587015e-17, 8.48308128887e-18, 9.4809258054e-18, 1.3387967845e-17, 1.52013379993e-17, 1.83113650489e-17, 2.06787261835e-17, 1.70448969372e-17, 1.5994916881e-17, 1.48159032667e-17, 1.48253149277e-17, 1.46006890693e-17, 1.07286607578e-17, 5.55916615475e-18, 3.36359223537e-18, 1.28532751951e-18, 3.49981202846e-19, 3.5473004028e-20], "var": [14.7527313232, 837.399963379, 1103.40039062, 151.532867432, 25.9665431976, 99.4833374023, 1841.34436035, 27009.9199219, 2495.54858398, 657.023803711, 2356.9362793, 16671.1601562, 4949.04785156, 322.900878906, 763.886901855, 1377.14001465, 369.336669922, 279.648071289, 34.4899978638, 17.3276748657, 27.2488861084, 78.4566116333, 79.0115127563, 19.4434719086, 92.7226486206, 12.0504589081, 3.63422656059, 4.63735961914, 7.75698184967, 19.5617580414, 13.0228490829, 9.2758769989, 6.53061580658, 2.5298743248, 1.01485431194, 0.374525755644, 0.161471650004, 0.0116852251813, 0.000151387910591, 4.63621915969e-07]}, "gfcc": {"mean": [-61.8170509338, 136.914825439, -68.9423751831, 9.89675998688, -53.8682060242, 9.67623710632, -21.3409843445, 12.1588525772, -14.8477754593, 3.78398656845, -4.89702987671, 0.101921208203, -6.80949640274], "cov": [[9804.66113281, -1161.19238281, 1596.92468262, 501.487548828, 214.831863403, 759.919433594, 5.73412370682, 378.154296875, -51.6891288757, 298.572296143, 15.7711143494, 306.229278564, 9.42033863068], [-1161.19238281, 1291.15014648, 74.2192687988, -359.450134277, -50.849899292, -43.569393158, 97.0877151489, -25.2518215179, 87.8417816162, -26.4846000671, 121.030853271, -69.7287750244, 117.945175171], [1596.92468262, 74.2192687988, 2934.77319336, 45.8725662231, 112.680786133, 763.004577637, 325.703674316, 553.250732422, 219.669464111, 212.056091309, 37.418296814, 253.645690918, 154.622161865], [501.487548828, -359.450134277, 45.8725662231, 433.009063721, 207.110183716, 7.76986789703, -44.099395752, 38.8837852478, -29.628660202, 4.36782169342, -13.5584878922, 43.7779846191, 8.21403121948], [214.831863403, -50.849899292, 112.680786133, 207.110183716, 361.837036133, 111.196960449, 10.7510452271, 32.6214866638, -7.56125497818, 35.8576393127, 30.1893501282, 42.7044639587, 23.4629764557], [759.919433594, -43.569393158, 763.004577637, 7.76986789703, 111.196960449, 373.541900635, 125.74004364, 142.535049438, 25.0311775208, 90.1995697021, 33.5488395691, 88.5420837402, 28.7831077576], [5.73412370682, 97.0877151489, 325.703674316, -44.099395752, 10.7510452271, 125.74004364, 141.944580078, 111.307090759, 20.5536956787, 12.7228517532, 14.2994155884, 26.0339355469, 18.0712566376], [378.154296875, -25.2518215179, 553.250732422, 38.8837852478, 32.6214866638, 142.535049438, 111.307090759, 253.83656311, 70.7415847778, 34.06457901, -11.9400663376, 45.3686676025, 26.5137805939], [-51.6891288757, 87.8417816162, 219.669464111, -29.628660202, -7.56125497818, 25.0311775208, 20.5536956787, 70.7415847778, 107.594306946, 43.8279037476, -5.55045843124, -0.545977711678, 25.7616615295], [298.572296143, -26.4846000671, 212.056091309, 4.36782169342, 35.8576393127, 90.1995697021, 12.7228517532, 34.06457901, 43.8279037476, 105.056991577, 36.2308883667, 24.1429195404, 6.60599756241], [15.7711143494, 121.030853271, 37.418296814, -13.5584878922, 30.1893501282, 33.5488395691, 14.2994155884, -11.9400663376, -5.55045843124, 36.2308883667, 93.9820556641, 39.1840286255, 14.0424308777], [306.229278564, -69.7287750244, 253.645690918, 43.7779846191, 42.7044639587, 88.5420837402, 26.0339355469, 45.3686676025, -0.545977711678, 24.1429195404, 39.1840286255, 97.5169906616, 36.3371315002], [9.42033863068, 117.945175171, 154.622161865, 8.21403121948, 23.4629764557, 28.7831077576, 18.0712566376, 26.5137805939, 25.7616615295, 6.60599756241, 14.0424308777, 36.3371315002, 75.7663726807]], "icov": [[0.00015749616432, 1.42044254972e-05, 1.73432599695e-05, -0.000117635274364, 0.000136243979796, -0.000337688921718, 0.000407684827223, -0.000265077396762, 0.000322638574289, -0.000333407864673, 0.000137733528391, -0.00018649676349, 5.66228095522e-07], [1.42044254972e-05, 0.00292882299982, -0.00047351885587, 0.00196274998598, -0.000959632045124, 0.000609179784078, -0.000995450769551, 0.000425192381954, -0.00142426264938, 0.00296507147141, -0.00592001155019, 0.00589337293059, -0.0051565808244], [1.73432599695e-05, -0.00047351885587, 0.00130947772413, -0.000563601788599, 0.00072098034434, -0.00209487671964, 0.000226269330597, -0.00112876505591, -0.000961723912042, -0.000496500462759, 0.00126377993729, -0.00192039541434, 9.43852501223e-05], [-0.000117635274364, 0.00196274998598, -0.000563601788599, 0.00565025163814, -0.00326795456931, 0.00209232885391, 0.000900110811926, -0.0010564950062, 0.00095581804635, 0.00138276698999, -0.00239555793814, 0.00231956411153, -0.00324499956332], [0.000136243979796, -0.000959632045124, 0.00072098034434, -0.00326795456931, 0.00531170284376, -0.00301988050342, 0.000724904297385, -0.000317091034958, -1.20000622701e-05, -0.00107599468902, 0.000554399972316, -0.00125727651175, 0.000398362055421], [-0.000337688921718, 0.000609179784078, -0.00209487671964, 0.00209232885391, -0.00301988050342, 0.010808349587, -0.005329052452, 0.00128560734447, 0.00324948760681, -0.00413320260122, 0.000648844172247, -0.00103891594335, 0.000425844627898], [0.000407684827223, -0.000995450769551, 0.000226269330597, 0.000900110811926, 0.000724904297385, -0.005329052452, 0.0172085687518, -0.00707602407783, 0.00252213259228, 0.00197868398391, -0.00132902630139, 0.000207753459108, 0.000227889206144], [-0.000265077396762, 0.000425192381954, -0.00112876505591, -0.0010564950062, -0.000317091034958, 0.00128560734447, -0.00707602407783, 0.0108273448423, -0.0054142633453, 0.00152473058552, 0.00120688369498, -0.000991261331365, 0.00125745614059], [0.000322638574289, -0.00142426264938, -0.000961723912042, 0.00095581804635, -1.20000622701e-05, 0.00324948760681, 0.00252213259228, -0.0054142633453, 0.0209926068783, -0.0114791896194, 0.00591579405591, 0.000842361187097, -0.00353890680708], [-0.000333407864673, 0.00296507147141, -0.000496500462759, 0.00138276698999, -0.00107599468902, -0.00413320260122, 0.00197868398391, 0.00152473058552, -0.0114791896194, 0.0234393626451, -0.0141453268006, 0.00732890097424, -0.00184683874249], [0.000137733528391, -0.00592001155019, 0.00126377993729, -0.00239555793814, 0.000554399972316, 0.000648844172247, -0.00132902630139, 0.00120688369498, 0.00591579405591, -0.0141453268006, 0.0300602633506, -0.0200437214226, 0.00961901806295], [-0.00018649676349, 0.00589337293059, -0.00192039541434, 0.00231956411153, -0.00125727651175, -0.00103891594335, 0.000207753459108, -0.000991261331365, 0.000842361187097, 0.00732890097424, -0.0200437214226, 0.0337914451957, -0.0178187470883], [5.66228095522e-07, -0.0051565808244, 9.43852501223e-05, -0.00324499956332, 0.000398362055421, 0.000425844627898, 0.000227889206144, 0.00125745614059, -0.00353890680708, -0.00184683874249, 0.00961901806295, -0.0178187470883, 0.0287325754762]]}, "melbands": {"dmean": [0.0127572463825, 0.00898557621986, 0.000815670762677, 0.000219333916903, 0.000334194890456, 0.000301462045172, 0.00014055907377, 8.1062928075e-05, 8.97632344277e-05, 0.000114131544251, 7.22940530977e-05, 2.13751409319e-05, 1.96699711523e-05, 1.93150008272e-05, 1.51731601363e-05, 8.60279214976e-06, 8.58376097312e-06, 2.61086665887e-06, 2.86740760203e-06, 1.8374857973e-06, 2.1371265575e-06, 2.33339642364e-06, 1.37587198878e-06, 1.33487071707e-06, 1.02292835891e-06, 1.05823676222e-06, 9.74342242444e-07, 5.48303376036e-07, 3.55216201342e-07, 4.00955855184e-07, 3.52057696773e-07, 3.23349894416e-07, 6.25918289643e-07, 6.58567955725e-07, 5.63229718864e-07, 3.83099660439e-07, 4.46867971959e-07, 5.54529606234e-07, 3.18511496289e-07, 3.65827048654e-07], "dmean2": [0.0210804771632, 0.0161301214248, 0.00148089788854, 0.000379351491574, 0.000517256150488, 0.000374326104065, 0.000201544971787, 0.000106752908323, 0.000119790624012, 0.000146086211316, 9.30024834815e-05, 3.13051787089e-05, 2.97700644296e-05, 2.93522607535e-05, 2.33839964494e-05, 1.26473323689e-05, 1.39375133585e-05, 4.11716837334e-06, 4.46776766694e-06, 2.95517656923e-06, 3.55733573087e-06, 3.86287092624e-06, 2.38416919274e-06, 2.27706618716e-06, 1.71755709744e-06, 1.78204913936e-06, 1.61910031693e-06, 9.10605479021e-07, 5.71440978092e-07, 6.228765983e-07, 5.39423524515e-07, 5.26252392774e-07, 9.64966829997e-07, 9.92452783066e-07, 8.34449281228e-07, 5.75615558773e-07, 6.6588665959e-07, 9.16962619613e-07, 5.0277083119e-07, 5.68300436044e-07], "dvar": [0.0017008848954, 0.00100408808794, 5.98799897489e-06, 2.3883819722e-07, 3.00642284401e-07, 8.99028293588e-07, 9.71031113295e-08, 2.00257961325e-08, 3.51686146871e-08, 1.68505792431e-07, 2.6781830087e-08, 1.94826332844e-09, 2.46842124518e-09, 2.29203012125e-09, 2.76854228431e-09, 1.58782820225e-09, 8.0455181406e-10, 2.86361108437e-11, 6.38716857182e-11, 4.39702163568e-11, 4.27750335152e-11, 8.36388736047e-11, 3.25474577845e-11, 1.87404362861e-11, 8.6193361476e-12, 3.24386455197e-11, 3.96607260922e-11, 2.55639346497e-12, 8.85031685525e-13, 1.19944397296e-12, 1.26429021332e-12, 1.32384760706e-12, 5.88806043852e-12, 7.02445480255e-12, 4.36921679392e-12, 2.2618645238e-12, 3.01158317034e-12, 5.75596124583e-12, 1.70925686799e-12, 2.03389648873e-12], "dvar2": [0.00457432540134, 0.00286484835669, 1.70457460626e-05, 6.57948135085e-07, 7.13091935722e-07, 9.63981165114e-07, 1.64322784713e-07, 3.52866926789e-08, 5.97566085503e-08, 2.73116086191e-07, 4.43592398369e-08, 3.92477295108e-09, 5.2351833979e-09, 5.15094411568e-09, 6.60066312719e-09, 3.40384742614e-09, 2.16398010622e-09, 6.65741350936e-11, 1.36299319053e-10, 1.14237667936e-10, 1.16899961933e-10, 2.19129603352e-10, 9.87168055633e-11, 5.47699073594e-11, 2.40070741064e-11, 8.85938961082e-11, 1.06583783466e-10, 7.48237583004e-12, 2.14655333439e-12, 2.46201778582e-12, 2.71107658892e-12, 2.49333041193e-12, 1.36597174544e-11, 1.5515342483e-11, 8.87531541316e-12, 4.59205243275e-12, 5.94802028811e-12, 1.48541162009e-11, 4.14336273624e-12, 4.60550347858e-12], "max": [0.340244323015, 0.23467426002, 0.0214519686997, 0.00448667164892, 0.0126587366685, 0.0520168840885, 0.0184299033135, 0.00304644554853, 0.00415045302361, 0.0090832458809, 0.00287648662925, 0.00113142270129, 0.00170918623917, 0.00116747408174, 0.00205285171978, 0.00165557791479, 0.00081416539615, 0.000116243521916, 0.00023979562684, 0.000185952812899, 0.000186902499991, 0.000340831495123, 0.000192136809346, 0.000154414723511, 6.77113785059e-05, 0.000248461874435, 0.000287597649731, 5.46152077732e-05, 2.37788608501e-05, 1.69971426658e-05, 1.23313730001e-05, 1.16445544336e-05, 2.26073680096e-05, 2.43544927798e-05, 1.97642893909e-05, 1.48890221681e-05, 1.52663087647e-05, 2.35080769926e-05, 1.3161960851e-05, 1.54663994181e-05], "mean": [0.015014629811, 0.00967970211059, 0.000957063923124, 0.000351184484316, 0.000973282672931, 0.00107691809535, 0.000331513467245, 0.000217340915697, 0.000253365637036, 0.000350660760887, 0.000213953186176, 4.84021402372e-05, 3.56268246833e-05, 4.29498759331e-05, 2.9697559512e-05, 1.42241106005e-05, 1.26808727146e-05, 4.48048240287e-06, 4.37655262431e-06, 2.83412600766e-06, 2.97421820505e-06, 3.22986397805e-06, 1.85346596027e-06, 1.99435226023e-06, 1.53324663188e-06, 1.50637424667e-06, 1.43150782606e-06, 8.46803857257e-07, 5.36060781542e-07, 5.54613052373e-07, 3.87469242469e-07, 4.09094383258e-07, 6.00981252319e-07, 5.89212106661e-07, 6.13686268025e-07, 4.06916541351e-07, 4.78212029975e-07, 4.91768275879e-07, 3.18276363487e-07, 3.70469024347e-07], "median": [0.00714745093137, 0.00497936550528, 0.00058303726837, 0.000208395416848, 0.00056806782959, 0.000355629366823, 0.000170323968632, 0.000113204194349, 0.000124571393826, 7.95090309111e-05, 7.20108655514e-05, 1.57279591804e-05, 8.88830436452e-06, 9.286815839e-06, 6.78325386616e-06, 1.81300924851e-06, 2.31386229643e-06, 1.72718421254e-06, 1.1482775335e-06, 4.94200776302e-07, 6.77984075992e-07, 5.07220306645e-07, 2.82184146272e-07, 5.22448544871e-07, 3.79338757739e-07, 1.74883126647e-07, 2.41623411057e-07, 1.79162753966e-07, 1.24644330413e-07, 8.74692176467e-08, 5.769609146e-08, 7.07073155581e-08, 7.90642928905e-08, 3.71902721952e-08, 6.20073308255e-08, 4.47057750819e-08, 3.59696556984e-08, 5.74130467612e-08, 4.35505853602e-08, 3.3207236072e-08], "min": [1.29029931411e-23, 1.24840212257e-23, 2.55598853455e-23, 4.42792832583e-24, 6.20397765645e-24, 1.48738366839e-23, 5.40569262442e-24, 3.91697601777e-24, 4.5221427726e-24, 8.68890607397e-24, 9.29678414374e-24, 1.14165606811e-23, 1.01865908458e-23, 8.17842708246e-24, 1.12662061592e-23, 1.08917346763e-23, 3.42071269419e-24, 9.29886831425e-24, 6.27347078017e-24, 9.15544551307e-24, 9.66974653567e-24, 8.52848095371e-24, 7.34168626459e-24, 1.24186506891e-23, 5.8562836626e-24, 8.1996253527e-24, 6.10182135251e-24, 9.55325386808e-24, 7.36629714712e-24, 1.22165571469e-23, 1.05428688296e-23, 1.25568441313e-23, 9.6822342038e-24, 8.83706598489e-24, 9.50730745351e-24, 9.51465490398e-24, 8.18656733814e-24, 1.02037998465e-23, 1.05703748317e-23, 1.27374388472e-23], "var": [0.00127434346359, 0.000642856000923, 3.79319999411e-06, 2.31691615227e-07, 1.52236827944e-06, 1.08633876152e-05, 4.46990668479e-07, 8.34699633856e-08, 1.44084467024e-07, 7.70660733451e-07, 1.17080027451e-07, 6.15728223963e-09, 5.72845904045e-09, 6.82000100838e-09, 5.95192650721e-09, 3.11232062344e-09, 1.36752997815e-09, 7.21081527821e-11, 1.31299637829e-10, 7.9019381316e-11, 6.59821017268e-11, 1.43056844149e-10, 5.02442774886e-11, 2.89002832082e-11, 1.42685134541e-11, 5.28572671743e-11, 6.39487560128e-11, 4.58395604461e-12, 1.5169033564e-12, 1.99595851999e-12, 1.49039266172e-12, 1.69192220997e-12, 5.52644171745e-12, 7.01240454593e-12, 5.27462492086e-12, 2.54572253035e-12, 3.57676193351e-12, 4.51957568592e-12, 1.55040650457e-12, 2.0726701605e-12]}, "mfcc": {"mean": [-725.251281738, 175.070007324, 39.3940620422, 17.8373222351, 0.121209517121, -1.38963639736, 6.59499454498, 5.28931379318, 1.45491230488, 6.98688602448, 4.62246990204, 1.66697800159, 2.48735189438], "cov": [[5989.95410156, 5.76852178574, 554.65032959, 100.884765625, 291.543182373, 359.407562256, 190.49319458, 187.131912231, 124.965446472, 51.4682273865, 65.5354537964, 101.278518677, -3.37955880165], [5.76852178574, 1479.38952637, 461.502746582, -299.392578125, -81.0412826538, -38.9447822571, 86.2907485962, 10.5110712051, 32.551071167, 120.778511047, 74.2431564331, -82.0331420898, 1.47956895828], [554.65032959, 461.502746582, 2018.71862793, -76.7974319458, 218.857681274, 224.629196167, 283.159881592, 330.28302002, 287.003204346, 308.178894043, 224.997161865, -61.6713256836, -8.55848312378], [100.884765625, -299.392578125, -76.7974319458, 348.076599121, 181.909286499, 17.5447807312, 17.4179611206, 35.3020591736, 22.6241703033, -16.9421482086, -24.860704422, 25.9896621704, 12.0270357132], [291.543182373, -81.0412826538, 218.857681274, 181.909286499, 341.636505127, 157.878204346, 107.40700531, 74.6034469604, 60.5820388794, 38.6190376282, 28.6835269928, 19.6315097809, 19.2363414764], [359.407562256, -38.9447822571, 224.629196167, 17.5447807312, 157.878204346, 223.713684082, 109.45160675, 35.2284011841, 22.7883930206, 15.277964592, 28.9288692474, 22.4487781525, 12.9412536621], [190.49319458, 86.2907485962, 283.159881592, 17.4179611206, 107.40700531, 109.45160675, 204.73526001, 121.176765442, 42.0808143616, 35.7493591309, 44.5741119385, 15.2481603622, 29.2948741913], [187.131912231, 10.5110712051, 330.28302002, 35.3020591736, 74.6034469604, 35.2284011841, 121.176765442, 181.320098877, 91.032699585, 45.5612487793, 33.8468170166, 2.49082374573, 18.6925621033], [124.965446472, 32.551071167, 287.003204346, 22.6241703033, 60.5820388794, 22.7883930206, 42.0808143616, 91.032699585, 134.732955933, 90.0636825562, 40.8981971741, -8.62122535706, -13.3581905365], [51.4682273865, 120.778511047, 308.178894043, -16.9421482086, 38.6190376282, 15.277964592, 35.7493591309, 45.5612487793, 90.0636825562, 148.255218506, 79.9463882446, -20.2571430206, -24.4395294189], [65.5354537964, 74.2431564331, 224.997161865, -24.860704422, 28.6835269928, 28.9288692474, 44.5741119385, 33.8468170166, 40.8981971741, 79.9463882446, 108.178733826, 19.4520530701, -15.6254749298], [101.278518677, -82.0331420898, -61.6713256836, 25.9896621704, 19.6315097809, 22.4487781525, 15.2481603622, 2.49082374573, -8.62122535706, -20.2571430206, 19.4520530701, 88.0012207031, 39.4386444092], [-3.37955880165, 1.47956895828, -8.55848312378, 12.0270357132, 19.2363414764, 12.9412536621, 29.2948741913, 18.6925621033, -13.3581905365, -24.4395294189, -15.6254749298, 39.4386444092, 89.8561553955]], "icov": [[0.000196490596863, -4.65002231067e-05, -7.95286814537e-06, -5.01684335177e-05, 2.43302711169e-05, -0.000358579534804, 0.000149748273543, -0.000261895213043, 2.03934832825e-05, -4.34560060967e-05, 0.000145679048728, -0.000336143159075, 0.000230289777392], [-4.65002231067e-05, 0.00105508661363, -0.000186788747669, 0.000927817542106, -0.000395903160097, 0.000984858139418, -0.00100008002482, 0.000974541530013, -0.000100563986052, -0.000230666846619, -0.000172350584762, 0.000847546150908, -0.0005745254457], [-7.95286814537e-06, -0.000186788747669, 0.00124815327581, 7.17138464097e-05, 0.000134311107104, -0.00109129841439, 0.000323518761434, -0.00152276526205, -0.000601863663178, -0.000807045842521, -0.00134428637102, 0.00126627762802, -0.000646741129458], [-5.01684335177e-05, 0.000927817542106, 7.17138464097e-05, 0.00591433607042, -0.00408905139193, 0.0027866603341, -0.00062107865233, 8.41309738462e-05, -0.000276492442936, -7.15908754501e-05, 0.00161397410557, -0.0011230551172, 0.000570073607378], [2.43302711169e-05, -0.000395903160097, 0.000134311107104, -0.00408905139193, 0.0077183637768, -0.00499398633838, -7.5471609307e-05, -0.000663858023472, -0.00101475801785, -0.000670880486723, -0.00087768555386, 0.000918144301977, -0.00109178712592], [-0.000358579534804, 0.000984858139418, -0.00109129841439, 0.0027866603341, -0.00499398633838, 0.0116116860881, -0.00582502223551, 0.00529898470268, -0.00110167101957, 0.00201766588725, 0.000709474028554, -0.00141109421384, 0.000814588740468], [0.000149748273543, -0.00100008002482, 0.000323518761434, -0.00062107865233, -7.5471609307e-05, -0.00582502223551, 0.0138199748471, -0.00993597880006, 0.00437884312123, -0.00149967207108, -0.00197057169862, -0.000114980328362, -0.00149662094191], [-0.000261895213043, 0.000974541530013, -0.00152276526205, 8.41309738462e-05, -0.000663858023472, 0.00529898470268, -0.00993597880006, 0.0185625459999, -0.010217637755, 0.00539024965838, -0.00103948125616, 0.00164763513021, -0.00238227262162], [2.03934832825e-05, -0.000100563986052, -0.000601863663178, -0.000276492442936, -0.00101475801785, -0.00110167101957, 0.00437884312123, -0.010217637755, 0.0215217154473, -0.0120341898873, 0.00515706883743, -0.00381338084117, 0.00355282169767], [-4.34560060967e-05, -0.000230666846619, -0.000807045842521, -7.15908754501e-05, -0.000670880486723, 0.00201766588725, -0.00149967207108, 0.00539024965838, -0.0120341898873, 0.0221143830568, -0.0128014395013, 0.00654346635565, -0.00171681342181], [0.000145679048728, -0.000172350584762, -0.00134428637102, 0.00161397410557, -0.00087768555386, 0.000709474028554, -0.00197057169862, -0.00103948125616, 0.00515706883743, -0.0128014395013, 0.024529710412, -0.0126885287464, 0.0077281948179], [-0.000336143159075, 0.000847546150908, 0.00126627762802, -0.0011230551172, 0.000918144301977, -0.00141109421384, -0.000114980328362, 0.00164763513021, -0.00381338084117, 0.00654346635565, -0.0126885287464, 0.0227747503668, -0.0110439443961], [0.000230289777392, -0.0005745254457, -0.000646741129458, 0.000570073607378, -0.00109178712592, 0.000814588740468, -0.00149662094191, -0.00238227262162, 0.00355282169767, -0.00171681342181, 0.0077281948179, -0.0110439443961, 0.0183614268899]]}, "spectral_contrast_coeffs": {"dmean": [0.0419889055192, 0.0367938242853, 0.0389136783779, 0.0305005759001, 0.0209940839559, 0.0131144942716], "dmean2": [0.0717626288533, 0.0581500567496, 0.0587514005601, 0.0479131750762, 0.0334480702877, 0.0215048398823], "dvar": [0.00126727961469, 0.000937451783102, 0.00147613184527, 0.000712317530997, 0.000343774649082, 0.000156187583343], "dvar2": [0.003658055095, 0.00235090358183, 0.00329410261475, 0.00165801786352, 0.0008180384757, 0.000386722851545], "max": [-0.357404381037, -0.309631079435, -0.409584343433, -0.456654012203, -0.534750938416, -0.618068099022], "mean": [-0.671286702156, -0.685919642448, -0.653229653835, -0.730423629284, -0.774267435074, -0.803342580795], "median": [-0.682428777218, -0.693181991577, -0.64979839325, -0.733013272285, -0.789571642876, -0.817042469978], "min": [-0.967925727367, -0.975063621998, -0.959966242313, -0.971915662289, -0.960263848305, -0.959358453751], "var": [0.00549816573039, 0.00593007355928, 0.00692464504391, 0.00478083733469, 0.00363256852143, 0.00208181026392]}, "spectral_contrast_valleys": {"dmean": [0.377517104149, 0.268494307995, 0.324446260929, 0.310696154833, 0.256289750338, 0.272655308247], "dmean2": [0.617473304272, 0.433861911297, 0.515159487724, 0.473448634148, 0.380153536797, 0.378606945276], "dvar": [0.129605993629, 0.0777111127973, 0.152898564935, 0.154205411673, 0.144969537854, 0.231238469481], "dvar2": [0.290864050388, 0.150407552719, 0.313114911318, 0.300433248281, 0.236712113023, 0.369903296232], "max": [-4.51979064941, -4.75312232971, -5.95892381668, -7.05065822601, -7.03337812424, -8.003432