{"lowlevel": {"average_loudness": 0.952470362186, "barkbands_crest": {"dmean": 2.5811021328, "dmean2": 4.25426435471, "dvar": 5.97092962265, "dvar2": 15.0855417252, "max": 25.4088745117, "mean": 10.2058334351, "median": 9.414311409, "min": 2.41642975807, "var": 16.5766811371}, "barkbands_flatness_db": {"dmean": 0.0219419952482, "dmean2": 0.0335547886789, "dvar": 0.0005335775204, "dvar2": 0.00113320583478, "max": 0.418932825327, "mean": 0.121721252799, "median": 0.112397819757, "min": 0.0171772483736, "var": 0.00248566153459}, "barkbands_kurtosis": {"dmean": 3.66671681404, "dmean2": 5.92406511307, "dvar": 77.3338546753, "dvar2": 187.92868042, "max": 283.433319092, "mean": 5.44450330734, "median": 2.15685939789, "min": -1.86310768127, "var": 141.394851685}, "barkbands_skewness": {"dmean": 0.619309365749, "dmean2": 0.954918980598, "dvar": 0.554723620415, "dvar2": 1.25780582428, "max": 13.5400352478, "mean": 1.82253098488, "median": 1.72675800323, "min": -3.14932227135, "var": 1.93605601788}, "barkbands_spread": {"dmean": 7.11981248856, "dmean2": 11.0360088348, "dvar": 71.6312332153, "dvar2": 163.520248413, "max": 91.0462493896, "mean": 28.1758899689, "median": 25.7120475769, "min": 0.393841207027, "var": 274.289367676}, "dissonance": {"dmean": 0.0111400010064, "dmean2": 0.0184614043683, "dvar": 0.000106715509901, "dvar2": 0.000287366652628, "max": 0.500000059605, "mean": 0.473305761814, "median": 0.476890385151, "min": 0.338857829571, "var": 0.000308985239826}, "dynamic_complexity": 3.35674095154, "erbbands_crest": {"dmean": 2.27703952789, "dmean2": 3.69140791893, "dvar": 5.43833827972, "dvar2": 13.1835651398, "max": 28.1181221008, "mean": 8.20693016052, "median": 7.30758571625, "min": 2.45089697838, "var": 14.267001152}, "erbbands_flatness_db": {"dmean": 0.0179815404117, "dmean2": 0.025404362008, "dvar": 0.000349142588675, "dvar2": 0.000660057470668, "max": 0.351262837648, "mean": 0.132432028651, "median": 0.123857051134, "min": 0.0475790724158, "var": 0.00187963771168}, "erbbands_kurtosis": {"dmean": 0.736620903015, "dmean2": 1.14662957191, "dvar": 1.45445978642, "dvar2": 3.13646364212, "max": 24.8618583679, "mean": -0.225806832314, "median": -0.762465119362, "min": -1.78493356705, "var": 3.30862355232}, "erbbands_skewness": {"dmean": 0.363743752241, "dmean2": 0.552469193935, "dvar": 0.156186670065, "dvar2": 0.339228987694, "max": 3.46459746361, "mean": -0.0626913532615, "median": 0.00025969275157, "min": -4.53738880157, "var": 0.787415385246}, "erbbands_spread": {"dmean": 9.46253967285, "dmean2": 14.6178445816, "dvar": 99.3163604736, "dvar2": 232.481719971, "max": 135.715133667, "mean": 54.3996582031, "median": 53.0143814087, "min": 4.81314992905, "var": 347.787750244}, "hfc": {"dmean": 6.15985822678, "dmean2": 9.21499061584, "dvar": 82.2375488281, "dvar2": 176.467681885, "max": 109.367546082, "mean": 19.5079078674, "median": 14.9825801849, "min": 3.58366094133e-07, "var": 293.698425293}, "melbands_crest": {"dmean": 3.32149624825, "dmean2": 5.42059898376, "dvar": 9.41946315765, "dvar2": 24.1992740631, "max": 32.9722137451, "mean": 14.5503997803, "median": 13.8223104477, "min": 3.01593470573, "var": 23.9487743378}, "melbands_flatness_db": {"dmean": 0.0286897569895, "dmean2": 0.0440712533891, "dvar": 0.000955487310421, "dvar2": 0.00209132721648, "max": 0.55664306879, "mean": 0.190591931343, "median": 0.183400452137, "min": 0.0194851458073, "var": 0.00427658762783}, "melbands_kurtosis": {"dmean": 9.95302963257, "dmean2": 15.961025238, "dvar": 274.810882568, "dvar2": 654.12310791, "max": 303.258422852, "mean": 20.2970714569, "median": 13.6097993851, "min": -1.82917416096, "var": 572.528198242}, "melbands_skewness": {"dmean": 0.85939013958, "dmean2": 1.34418439865, "dvar": 0.984795689583, "dvar2": 2.29421806335, "max": 14.0188179016, "mean": 3.48957109451, "median": 3.30544567108, "min": -1.48038053513, "var": 2.90834140778}, "melbands_spread": {"dmean": 9.4059381485, "dmean2": 14.5479335785, "dvar": 202.452285767, "dvar2": 464.566650391, "max": 216.876312256, "mean": 27.1798229218, "median": 19.3930969238, "min": 0.413413256407, "var": 592.882141113}, "pitch_salience": {"dmean": 0.0747465118766, "dmean2": 0.121868789196, "dvar": 0.00496280286461, "dvar2": 0.0128084439784, "max": 0.86363452673, "mean": 0.54576164484, "median": 0.55521094799, "min": 0.100327916443, "var": 0.0118801118806}, "silence_rate_20dB": {"dmean": 0, "dmean2": 0, "dvar": 0, "dvar2": 0, "max": 1, "mean": 1, "median": 1, "min": 1, "var": 0}, "silence_rate_30dB": {"dmean": 0, "dmean2": 0, "dvar": 0, "dvar2": 0, "max": 1, "mean": 1, "median": 1, "min": 1, "var": 0}, "silence_rate_60dB": {"dmean": 0.0347739681602, "dmean2": 0.0693938359618, "dvar": 0.0335612297058, "dvar2": 0.0735271275043, "max": 1, "mean": 0.0966887399554, "median": 0, "min": 0, "var": 0.087338976562}, "spectral_centroid": {"dmean": 341.43572998, "dmean2": 525.529296875, "dvar": 155351.515625, "dvar2": 346485.34375, "max": 4481.58398438, "mean": 1629.10546875, "median": 1512.15478516, "min": 152.530761719, "var": 687789.25}, "spectral_complexity": {"dmean": 3.77579069138, "dmean2": 5.74229860306, "dvar": 17.0756263733, "dvar2": 35.6593017578, "max": 56, "mean": 17.3319530487, "median": 17, "min": 0, "var": 96.9034881592}, "spectral_decrease": {"dmean": 1.98276461916e-09, "dmean2": 3.14182102557e-09, "dvar": 7.30570962809e-18, "dvar2": 1.78051172791e-17, "max": -1.67756695001e-17, "mean": -5.53481083188e-09, "median": -4.9026889215e-09, "min": -4.41493313019e-08, "var": 1.69825258646e-17}, "spectral_energy": {"dmean": 0.0078564491123, "dmean2": 0.0123647646978, "dvar": 0.000109846543637, "dvar2": 0.00026607394102, "max": 0.168607771397, "mean": 0.022659143433, "median": 0.0205733124167, "min": 9.58200185863e-11, "var": 0.00026815556339}, "spectral_energyband_high": {"dmean": 0.0005298263859, "dmean2": 0.000791656144429, "dvar": 1.04523110167e-06, "dvar2": 2.28817657444e-06, "max": 0.0179871879518, "mean": 0.00126069923863, "median": 0.000633890624158, "min": 1.72194463549e-11, "var": 2.83522012978e-06}, "spectral_energyband_low": {"dmean": 0.00436265068129, "dmean2": 0.00693138316274, "dvar": 7.07190629328e-05, "dvar2": 0.000176382818609, "max": 0.158823087811, "mean": 0.00788421463221, "median": 0.00348017225042, "min": 8.45979189479e-12, "var": 0.000112510933832}, "spectral_energyband_middle_high": {"dmean": 0.00118522660341, "dmean2": 0.00184222881217, "dvar": 3.79684797736e-06, "dvar2": 8.67335711519e-06, "max": 0.0294620450586, "mean": 0.0034682652913, "median": 0.00221980712377, "min": 4.39701677846e-11, "var": 1.27411612993e-05}, "spectral_energyband_middle_low": {"dmean": 0.00455329520628, "dmean2": 0.0075362091884, "dvar": 3.78665026801e-05, "dvar2": 9.95240625343e-05, "max": 0.0785326138139, "mean": 0.0107914954424, "median": 0.00919201597571, "min": 2.54044250914e-11, "var": 7.32239568606e-05}, "spectral_entropy": {"dmean": 0.180605903268, "dmean2": 0.266084611416, "dvar": 0.0385622642934, "dvar2": 0.0802208185196, "max": 8.70686244965, "mean": 7.59692811966, "median": 7.66574668884, "min": 5.83208560944, "var": 0.172702372074}, "spectral_flux": {"dmean": 0.0249255206436, "dmean2": 0.0391467809677, "dvar": 0.000815426232293, "dvar2": 0.00176131352782, "max": 0.386833459139, "mean": 0.0723022446036, "median": 0.0640529617667, "min": 0.000139184397995, "var": 0.00192665006034}, "spectral_kurtosis": {"dmean": 1.16274499893, "dmean2": 1.96324825287, "dvar": 2.41142702103, "dvar2": 6.68803119659, "max": 27.5874385834, "mean": 3.50596833229, "median": 3.12337017059, "min": -0.133642435074, "var": 4.77811002731}, "spectral_rms": {"dmean": 0.000792026286945, "dmean2": 0.00121091573965, "dvar": 8.07665628599e-07, "dvar2": 1.78083735136e-06, "max": 0.0128255756572, "mean": 0.00432080868632, "median": 0.00448012538254, "min": 3.05749807694e-07, "var": 3.43697479366e-06}, "spectral_rolloff": {"dmean": 682.728088379, "dmean2": 1139.63378906, "dvar": 1599172.5, "dvar2": 3770885, "max": 13673.5839844, "mean": 1857.78015137, "median": 1141.25976562, "min": 64.599609375, "var": 3506089.25}, "spectral_skewness": {"dmean": 0.191253438592, "dmean2": 0.300593346357, "dvar": 0.0451201200485, "dvar2": 0.111424863338, "max": 4.04178524017, "mean": 1.23379039764, "median": 1.23461437225, "min": -0.159320026636, "var": 0.165609121323}, "spectral_spread": {"dmean": 568616.5, "dmean2": 829219.5, "dvar": 406817341440, "dvar2": 834405531648, "max": 10430407, "mean": 4901041, "median": 4800451, "min": 1997114.25, "var": 2084983668740.0}, "spectral_strongpeak": {"dmean": 0.54815787077, "dmean2": 0.952081739902, "dvar": 2.16512870789, "dvar2": 5.23303937912, "max": 18.8610954285, "mean": 0.875677227974, "median": 0.40701764822, "min": 0, "var": 2.91439938545}, "zerocrossingrate": {"dmean": 0.01284287218, "dmean2": 0.015364038758, "dvar": 0.000246320676524, "dvar2": 0.000372887996491, "max": 0.34619140625, "mean": 0.0728916600347, "median": 0.06689453125, "min": 0.00390625, "var": 0.0016697543906}, "barkbands": {"dmean": [0.000211726757698, 0.00279733561911, 0.00186760933138, 0.0012774997158, 0.0030929397326, 0.000786725897342, 0.000366456253687, 0.000202568087843, 0.000248129770625, 0.000127680017613, 0.000175907101948, 0.000151889646077, 0.000102062003862, 9.2010544904e-05, 0.000118603064038, 0.000141517768498, 0.000216093234485, 0.000287180242594, 0.000432992732385, 0.000381380436011, 0.000165982390172, 8.67046110216e-05, 6.82017125655e-05, 4.41139891336e-05, 4.49333456345e-05, 2.80120566458e-05, 1.33658322738e-05], "dmean2": [0.00030621123733, 0.00434308126569, 0.0032468654681, 0.00215575005859, 0.00515903998166, 0.00127158046234, 0.000590452982578, 0.000344992702594, 0.000415380607592, 0.000201606366318, 0.000254603335634, 0.000239298868109, 0.00016721492284, 0.000147544851643, 0.000188506746781, 0.000219014516915, 0.000341137230862, 0.000450801191619, 0.000697357754689, 0.000611210358329, 0.000258249987382, 0.00013798965665, 0.000104228012788, 6.7030050559e-05, 6.41417573206e-05, 4.16372931795e-05, 1.96004657482e-05], "dvar": [2.27682690479e-07, 2.94518486044e-05, 1.60497220349e-05, 3.7071774841e-06, 2.07900284295e-05, 2.1680896225e-06, 4.81117183426e-07, 3.74595401809e-07, 1.92861250525e-07, 9.99599123475e-08, 2.13832933582e-07, 1.01596342006e-07, 3.84189107194e-08, 2.57654395597e-08, 6.98303921354e-08, 1.19732092685e-07, 1.97907894517e-07, 8.18566945782e-07, 9.54483311943e-07, 8.62576655436e-07, 1.2352715828e-07, 2.40819666431e-08, 2.28394299029e-08, 6.80749989712e-09, 1.54980881462e-08, 3.92523125115e-09, 1.06495745555e-09], "dvar2": [4.47531931513e-07, 7.29294333723e-05, 4.49497601949e-05, 9.74158501776e-06, 5.49518008484e-05, 5.499177405e-06, 1.17349532047e-06, 1.0344143675e-06, 5.29176531927e-07, 2.34171437796e-07, 3.62997099046e-07, 2.35847323893e-07, 1.03948096353e-07, 6.0683859715e-08, 1.5621121463e-07, 2.47959064836e-07, 4.58718830032e-07, 1.8537006099e-06, 2.27689133681e-06, 1.99632995646e-06, 2.78636434814e-07, 5.75201717368e-08, 5.30369064222e-08, 1.49668117899e-08, 3.0822217667e-08, 8.01420352303e-09, 2.33435337726e-09], "max": [0.00578886875883, 0.0958882123232, 0.0607269331813, 0.0240870974958, 0.0523069351912, 0.0520980656147, 0.0137770287693, 0.0132968733087, 0.00625751260668, 0.00631492910907, 0.0118205472827, 0.00686301430687, 0.00445999158546, 0.00450400263071, 0.00694946898147, 0.00719027779996, 0.00936647877097, 0.0274600554258, 0.0191372707486, 0.0164151210338, 0.00748768076301, 0.00259961863048, 0.00425510155037, 0.00181595305912, 0.00262025068514, 0.00121934118215, 0.000471032632049], "mean": [0.000410400825785, 0.0044277748093, 0.00238866219297, 0.00170329946559, 0.00517898984253, 0.00222630915232, 0.000831941026263, 0.00027777289506, 0.000423963589128, 0.000248951546382, 0.000330663082423, 0.000275482889265, 0.000173461361555, 0.000171783962287, 0.000212762010051, 0.000243833186687, 0.000365061394405, 0.00048311878345, 0.000705838261638, 0.000678586191498, 0.000328402937157, 0.000188808015082, 0.000151633226778, 0.000100223078334, 7.82745701144e-05, 3.87775326089e-05, 1.43201541505e-05], "median": [3.59421464964e-05, 0.00167286756914, 0.000770345621277, 0.000903415144421, 0.00361694721505, 0.000760825525504, 0.000322704843711, 9.34802810661e-05, 0.000248869531788, 0.000113080102892, 9.35498683248e-05, 0.000113935471745, 8.4413222794e-05, 9.4773422461e-05, 9.78846801445e-05, 8.33500089357e-05, 0.000162529147929, 0.00016669096658, 0.000260357744992, 0.000238366075791, 0.000140612624818, 9.19821031857e-05, 5.17273583682e-05, 3.58283796231e-05, 2.74635422102e-05, 1.29733198264e-05, 2.67622544925e-06], "min": [2.53721522958e-13, 3.45532586918e-12, 2.62140049251e-12, 2.79099486578e-12, 5.7621368614e-12, 2.25340449425e-12, 6.87099552601e-12, 3.82999491497e-12, 3.24349011191e-12, 1.1542076973e-12, 7.91478265306e-13, 2.04461534509e-12, 2.29176551868e-12, 5.04465046125e-12, 1.33371568997e-11, 5.96935391742e-12, 4.50712817762e-12, 5.52241499058e-12, 2.94287988076e-12, 1.36075872792e-12, 2.00393000804e-12, 8.75644446275e-13, 9.08851769885e-13, 1.64322711254e-12, 2.39428507402e-12, 3.21325366488e-12, 6.03554576109e-12], "var": [6.10635652265e-07, 4.51357263955e-05, 1.55787201948e-05, 5.0428357099e-06, 2.94502733595e-05, 1.10835235319e-05, 1.97846679839e-06, 3.79463017453e-07, 2.89548438559e-07, 2.01263532063e-07, 6.23328787697e-07, 2.12063611116e-07, 6.85029846181e-08, 7.96523593749e-08, 1.59273753297e-07, 3.17956562412e-07, 3.91088178731e-07, 1.47870309775e-06, 1.60760782819e-06, 1.58457169164e-06, 2.8128479812e-07, 6.77147795614e-08, 8.49766905731e-08, 2.83222245656e-08, 2.84757870617e-08, 6.13421580198e-09, 1.2621199641e-09]}, "erbbands": {"dmean": [0.0954788550735, 0.644379496574, 2.08779835701, 2.80997896194, 9.54730701447, 10.971031189, 6.13125944138, 6.69803905487, 5.59310293198, 5.30076885223, 3.76868915558, 6.30501794815, 4.88607311249, 4.81822347641, 5.65024852753, 6.74573278427, 4.61275863647, 4.93738985062, 5.11869382858, 6.76884508133, 6.90539216995, 10.9474248886, 14.5605125427, 22.5245513916, 17.9802780151, 17.4341239929, 10.0276031494, 5.40359306335, 3.06089234352, 2.70898604393, 1.70350968838, 1.00363326073, 0.733622550964, 0.508113145828, 0.323033899069, 0.161627605557, 0.040907509625, 0.00863894075155, 0.0017635129625, 0.000214554529521], "dmean2": [0.143699586391, 1.05847537518, 3.63203287125, 4.69145154953, 16.0643196106, 18.4683971405, 9.8888463974, 10.8353719711, 8.80471038818, 8.80212020874, 6.53554201126, 10.5270576477, 7.81534910202, 7.04260778427, 8.58099079132, 10.4969758987, 7.49280166626, 7.96489667892, 8.25116539001, 10.4948358536, 10.8191947937, 17.3169441223, 22.7939167023, 35.0981903076, 29.7290859222, 27.9023971558, 15.8265943527, 8.47772884369, 4.89192247391, 4.24668693542, 2.58530569077, 1.53642737865, 1.12837362289, 0.737535536289, 0.468693196774, 0.240171715617, 0.0616717785597, 0.0125584676862, 0.00258572911844, 0.000317489117151], "dvar": [0.0394498854876, 1.90030133724, 22.1183509827, 17.8670692444, 199.992141724, 394.94720459, 134.112136841, 162.717010498, 115.574119568, 129.305633545, 121.46295166, 132.821365356, 95.888999939, 260.386779785, 176.099624634, 206.823913574, 77.2650909424, 69.6371078491, 141.386184692, 232.196014404, 199.061645508, 488.775054932, 1843.52148438, 2852.58276367, 1730.98974609, 1621.03894043, 596.988464355, 109.778060913, 30.4796962738, 33.1602897644, 13.3825807571, 3.76750278473, 2.05524158478, 1.69136095047, 0.897543430328, 0.143613889813, 0.00818912312388, 0.00035362583003, 1.92273855646e-05, 2.75590167576e-07], "dvar2": [0.0958271548152, 4.93234872818, 61.5692939758, 46.165096283, 542.721496582, 1068.42834473, 331.699859619, 404.304901123, 259.426208496, 342.518005371, 347.435333252, 359.783691406, 230.254745483, 436.206451416, 369.918487549, 467.037597656, 203.939239502, 166.122573853, 338.365570068, 486.037597656, 445.066497803, 1176.50427246, 3770.94311523, 6830.66894531, 4384.02294922, 3794.98999023, 1384.21154785, 251.967834473, 74.6656188965, 80.5204772949, 29.5760631561, 8.13508987427, 4.72102832794, 3.3862490654, 1.85532641411, 0.291143268347, 0.0174283850938, 0.000746888748836, 4.24829158874e-05, 6.10926406353e-07], "max": [1.95620667934, 27.4146327972, 81.6103439331, 43.5583648682, 197.676300049, 276.128936768, 279.738372803, 392.952301025, 247.360092163, 240.546691895, 174.093673706, 155.202758789, 203.798934937, 440.986206055, 278.41015625, 289.219696045, 185.190444946, 236.086578369, 428.273468018, 348.830688477, 240.008209229, 386.914306641, 1479.99108887, 1338.46484375, 778.535705566, 1114.10754395, 453.78793335, 263.098236084, 116.560714722, 141.6275177, 113.373565674, 39.6125907898, 25.7680587769, 26.281879425, 22.0701999664, 7.81676959991, 1.70803630352, 0.264563947916, 0.068930581212, 0.00831141788512], "mean": [0.133465722203, 0.947262406349, 2.77781414986, 4.28867053986, 13.195189476, 17.1405658722, 16.1519889832, 18.0225448608, 14.9351844788, 9.22747135162, 5.58189344406, 10.8582897186, 9.88623332977, 9.80110168457, 10.9288444519, 12.9839143753, 8.5296792984, 9.74102115631, 9.38192462921, 13.0244398117, 13.2600851059, 19.4127502441, 26.2425231934, 39.2634391785, 30.6052455902, 30.7634963989, 18.5855407715, 11.0617418289, 6.85156011581, 6.1908993721, 3.82657957077, 2.38697886467, 1.4837064743, 0.937307417393, 0.51219689846, 0.224844038486, 0.0556804463267, 0.0111204879358, 0.00195798883215, 0.000238675434957], "median": [0.0367504544556, 0.365500062704, 0.911422252655, 2.27158117294, 8.02157402039, 10.1527042389, 7.06811094284, 6.38251972198, 5.90429735184, 4.0930147171, 2.62830805779, 6.22074556351, 4.96591901779, 3.57077288628, 4.48701858521, 5.69053936005, 4.63560009003, 5.76318407059, 5.25279188156, 5.59655094147, 6.08241271973, 8.96605968475, 9.89653968811, 14.2550354004, 12.3488197327, 10.9790697098, 7.30423021317, 4.91740512848, 3.48182415962, 2.38615632057, 1.41792082787, 0.90440928936, 0.525542318821, 0.323596298695, 0.173378899693, 0.0750267654657, 0.0187414512038, 0.0036038744729, 0.000408532214351, 6.15894969087e-05], "min": [1.26895119412e-10, 6.74001410239e-10, 2.68244937374e-09, 6.83671697033e-09, 1.66652416311e-08, 1.8615622821e-08, 1.35153088721e-08, 2.00697041208e-08, 7.95350274529e-08, 1.18543276528e-07, 5.70536187183e-08, 7.06087988078e-08, 7.2824654751e-08, 2.28179697359e-08, 5.17863441019e-08, 7.80075026796e-08, 1.11226498234e-07, 2.28914800005e-07, 4.86235080643e-07, 5.94561925027e-07, 3.05022183511e-07, 2.90873629183e-07, 2.24059391485e-07, 3.26171885945e-07, 8.88472442284e-08, 6.17073609988e-08, 6.34364027974e-08, 8.27568769068e-08, 3.76198165952e-08, 2.5120572289e-08, 2.67446758073e-08, 3.07021146284e-08, 3.00684597221e-08, 2.68883226795e-08, 1.54497303839e-08, 1.05075352863e-08, 6.23089979612e-09, 2.13782880287e-09, 8.663940676e-10, 1.03912552174e-10], "var": [0.0626486241817, 2.33184456825, 21.9059906006, 27.7915458679, 248.435562134, 485.319335938, 614.323669434, 841.529052734, 646.282165527, 230.47416687, 110.516265869, 201.101577759, 244.267608643, 755.493896484, 437.874450684, 471.756774902, 139.0078125, 222.213287354, 246.289535522, 654.284912109, 504.106170654, 924.783691406, 3400.07519531, 5901.10595703, 2602.00610352, 3044.66894531, 1127.43188477, 253.435714722, 86.6128082275, 121.296295166, 49.3034133911, 16.9689044952, 6.39135885239, 3.47627854347, 1.44621908665, 0.226184308529, 0.0121267177165, 0.000492090010084, 2.28159424296e-05, 3.15489074865e-07]}, "gfcc": {"mean": [-8.14765167236, 73.7267990112, -105.010917664, 45.4638595581, -53.2478942871, -2.57855010033, -35.4351577759, 0.887877464294, -31.1213359833, -2.53392314911, -14.1915435791, -1.06022572517, -11.067152977], "cov": [[10717.4931641, -916.223815918, 374.236328125, 664.671081543, -209.574020386, 598.013000488, 81.0527954102, 274.197357178, -142.356384277, 258.023193359, 13.2848777771, 357.74508667, 106.473297119], [-916.223815918, 1291.49987793, -226.25958252, 126.680328369, 263.659393311, -133.943054199, 174.75982666, -16.3393936157, 147.297912598, -19.1483345032, 132.728286743, -32.7168083191, 91.1488113403], [374.236328125, -226.25958252, 805.545532227, -18.1987915039, 68.3889694214, 266.419372559, -62.6300773621, 62.3277015686, 1.54944169521, 9.51816749573, -48.7749938965, -11.4016332626, -46.7112426758], [664.671081543, 126.680328369, -18.1987915039, 439.573638916, 67.0320739746, 99.1198425293, 114.452644348, 58.6495132446, 64.6892166138, 45.9534187317, 39.454334259, 42.0038528442, 44.1018333435], [-209.574020386, 263.659393311, 68.3889694214, 67.0320739746, 265.890838623, 2.98918843269, 97.1053237915, 31.9567012787, 47.8321990967, 4.25143098831, 19.4862709045, -16.7557487488, 13.842171669], [598.013000488, -133.943054199, 266.419372559, 99.1198425293, 2.98918843269, 280.142608643, 13.1059980392, 60.013053894, 1.52814376354, 27.1205310822, -15.501502037, 25.2507400513, -6.47608232498], [81.0527954102, 174.75982666, -62.6300773621, 114.452644348, 97.1053237915, 13.1059980392, 165.840774536, 43.8718681335, 47.4977226257, 14.6914663315, 23.2983989716, 2.74237370491, 21.2633285522], [274.197357178, -16.3393936157, 62.3277015686, 58.6495132446, 31.9567012787, 60.013053894, 43.8718681335, 92.9595031738, 34.7200775146, 25.678483963, 7.1407251358, 17.0846176147, 9.34653759003], [-142.356384277, 147.297912598, 1.54944169521, 64.6892166138, 47.8321990967, 1.52814376354, 47.4977226257, 34.7200775146, 105.762008667, 40.1745033264, 30.3413124084, 0.833837866783, 21.0158081055], [258.023193359, -19.1483345032, 9.51816749573, 45.9534187317, 4.25143098831, 27.1205310822, 14.6914663315, 25.678483963, 40.1745033264, 83.8181915283, 39.3216247559, 31.3012638092, 17.33203125], [13.2848777771, 132.728286743, -48.7749938965, 39.454334259, 19.4862709045, -15.501502037, 23.2983989716, 7.1407251358, 30.3413124084, 39.3216247559, 90.2011795044, 42.5893478394, 30.1353282928], [357.74508667, -32.7168083191, -11.4016332626, 42.0038528442, -16.7557487488, 25.2507400513, 2.74237370491, 17.0846176147, 0.833837866783, 31.3012638092, 42.5893478394, 85.6824264526, 40.0895652771], [106.473297119, 91.1488113403, -46.7112426758, 44.1018333435, 13.842171669, -6.47608232498, 21.2633285522, 9.34653759003, 21.0158081055, 17.33203125, 30.1353282928, 40.0895652771, 77.2634887695]], "icov": [[0.000150096428115, -7.98734708951e-06, -2.90772477456e-05, -0.000179606999154, 0.000109517917736, -7.80408881838e-05, -7.27756414562e-05, -0.000263558264123, 0.000490769743919, -0.000462098832941, 0.000295385136269, -0.000423397636041, -1.20824188343e-05], [-7.98734708951e-06, 0.001794920885, 0.000254868500633, -3.09378301608e-05, -0.00108950084541, -8.42117951834e-05, -0.000485448457766, 0.000972225563601, -0.0018099937588, 0.00216506514698, -0.00288350391202, 0.00177172711119, -0.00151860527694], [-2.90772477456e-05, 0.000254868500633, 0.00239319168031, 0.000427897903137, -0.00134894007351, -0.00225778506137, 0.00158751604613, -0.000489120313432, -0.000912137329578, 0.000503983930685, 8.12237067294e-06, 0.000325108296238, 0.000579901970923], [-0.000179606999154, -3.09378301608e-05, 0.000427897903137, 0.00356434541754, -0.000304965418763, -0.00130758807063, -0.00141367281321, 0.000248979136813, -0.00158008199651, 0.00029583615833, -0.00034574457095, -0.00030267634429, -0.000532529025804], [0.000109517917736, -0.00108950084541, -0.00134894007351, -0.000304965418763, 0.00641657691449, 0.000999236595817, -0.00300058326684, -0.00103382777888, 0.000828869699035, -0.000876128557138, 0.000562679197174, 0.00043701051618, -9.71822737483e-05], [-7.80408881838e-05, -8.42117951834e-05, -0.00225778506137, -0.00130758807063, 0.000999236595817, 0.00710336165503, -0.000977147254162, -0.00197182223201, 0.00135330494959, -0.00132884271443, 0.00147897924762, -0.00137219112366, 0.000577211787459], [-7.27756414562e-05, -0.000485448457766, 0.00158751604613, -0.00141367281321, -0.00300058326684, -0.000977147254162, 0.0112532489002, -0.00355394906364, -0.00129036395811, 0.000671314424835, -0.000264539005002, 0.0009539561579, 3.68906949006e-05], [-0.000263558264123, 0.000972225563601, -0.000489120313432, 0.000248979136813, -0.00103382777888, -0.00197182223201, -0.00355394906364, 0.0175946541131, -0.00569196185097, 0.000130397966132, 0.000411396817071, -0.00193203799427, 9.00022769201e-06], [0.000490769743919, -0.0018099937588, -0.000912137329578, -0.00158008199651, 0.000828869699035, 0.00135330494959, -0.00129036395811, -0.00569196185097, 0.0196033064276, -0.00981177855283, 0.000630463240668, 0.00289784767665, -0.0020625947509], [-0.000462098832941, 0.00216506514698, 0.000503983930685, 0.00029583615833, -0.000876128557138, -0.00132884271443, 0.000671314424835, 0.000130397966132, -0.00981177855283, 0.0235259905457, -0.00971711147577, -0.000613771844655, -0.000436622707639], [0.000295385136269, -0.00288350391202, 8.12237067294e-06, -0.00034574457095, 0.000562679197174, 0.00147897924762, -0.000264539005002, 0.000411396817071, 0.000630463240668, -0.00971711147577, 0.024762487039, -0.0122367637232, 0.00194247416221], [-0.000423397636041, 0.00177172711119, 0.000325108296238, -0.00030267634429, 0.00043701051618, -0.00137219112366, 0.0009539561579, -0.00193203799427, 0.00289784767665, -0.000613771844655, -0.0122367637232, 0.0265933889896, -0.0110357254744], [-1.20824188343e-05, -0.00151860527694, 0.000579901970923, -0.000532529025804, -9.71822737483e-05, 0.000577211787459, 3.68906949006e-05, 9.00022769201e-06, -0.0020625947509, -0.000436622707639, 0.00194247416221, -0.0110357254744, 0.0210874341428]]}, "melbands": {"dmean": [0.00077558925841, 0.0010052396683, 0.000666296575218, 0.000768478144892, 0.000253918988165, 0.000148464823724, 8.46951006679e-05, 5.60483931622e-05, 3.11153416988e-05, 3.98487718485e-05, 2.39033979597e-05, 1.86158940778e-05, 1.92060924746e-05, 1.79424077942e-05, 1.34426154546e-05, 1.10554738058e-05, 9.81633093033e-06, 8.21120011096e-06, 7.59393742555e-06, 1.2446740584e-05, 7.40031464375e-06, 1.16763467304e-05, 1.41682830872e-05, 1.29730797198e-05, 2.00575304916e-05, 1.79267299245e-05, 1.10185164885e-05, 1.28214132928e-05, 8.69659652381e-06, 4.00958379032e-06, 3.35803406415e-06, 1.88568253634e-06, 1.73708997409e-06, 1.65758683579e-06, 1.22462006402e-06, 6.48906507195e-07, 6.68951486205e-07, 5.80468451972e-07, 4.90870036174e-07, 4.4030986146e-07], "dmean2": [0.00116120127495, 0.00171488313936, 0.00111540372018, 0.0012793604983, 0.000419208023231, 0.000239074623096, 0.000134035872179, 9.36806754908e-05, 5.39276770724e-05, 6.6315253207e-05, 3.82907637686e-05, 2.73404439213e-05, 2.88965420623e-05, 2.77437902696e-05, 2.14289993892e-05, 1.80707775144e-05, 1.57178837981e-05, 1.32848499561e-05, 1.21375205708e-05, 1.90079153981e-05, 1.18280495371e-05, 1.87364894373e-05, 2.20259280468e-05, 2.04456191568e-05, 3.1366434996e-05, 2.95542595268e-05, 1.79954931809e-05, 2.0714758648e-05, 1.3961901459e-05, 6.27504414297e-06, 5.43930491403e-06, 3.04927402794e-06, 2.76600803772e-06, 2.63163587988e-06, 1.89230559045e-06, 1.00590091279e-06, 1.04812181689e-06, 9.13778194445e-07, 7.45354441278e-07, 6.50632159704e-07], "dvar": [2.17105434785e-06, 4.99812267662e-06, 9.16808517104e-07, 1.34471417823e-06, 1.91411430706e-07, 7.5760979712e-08, 2.47913831686e-08, 1.66747060604e-08, 6.86652512627e-09, 5.42117506441e-09, 2.49710807587e-09, 3.81471831901e-09, 1.93508742363e-09, 1.10203446368e-09, 1.05829189856e-09, 5.4112547776e-10, 3.03102792865e-10, 3.39026806628e-10, 2.80559381283e-10, 9.49572975806e-10, 2.19089593689e-10, 5.81988901516e-10, 9.65963309341e-10, 2.70698086169e-09, 2.36259034558e-09, 1.95752147825e-09, 5.29557397932e-10, 1.05973940734e-09, 5.76232783711e-10, 7.4564791841e-11, 4.09286181335e-11, 1.07918214295e-11, 1.19474378307e-11, 1.50337849808e-11, 8.54568412562e-12, 1.33248555419e-12, 1.82877541235e-12, 1.36207614198e-12, 1.10742762616e-12, 1.50305169786e-12], "dvar2": [5.27147813045e-06, 1.35895188578e-05, 2.43566705649e-06, 3.50293066731e-06, 5.09127062287e-07, 1.90693427271e-07, 5.74965532962e-08, 4.4697646473e-08, 1.96936369434e-08, 1.45110155003e-08, 5.96393823216e-09, 6.62703403265e-09, 3.83891851641e-09, 2.52021270519e-09, 2.50129428281e-09, 1.44028211579e-09, 6.87397305743e-10, 8.17014622623e-10, 6.3683330831e-10, 1.89330684464e-09, 5.12799191998e-10, 1.47111911541e-09, 2.08082706621e-09, 5.57061197171e-09, 5.62644286717e-09, 4.9013348935e-09, 1.29579524888e-09, 2.51066967216e-09, 1.37379096987e-09, 1.63507582474e-10, 9.89984691446e-11, 2.6728737279e-11, 2.97044021325e-11, 3.78904685405e-11, 1.95873872677e-11, 3.08430798263e-12, 4.01591520455e-12, 3.3160277909e-12, 2.35923108306e-12, 3.17233067072e-12], "max": [0.0181908365339, 0.0427170358598, 0.0118726678193, 0.0133746070787, 0.00895071029663, 0.00907172542065, 0.0032102202531, 0.00291298259981, 0.00118936412036, 0.00106766936369, 0.00102159276139, 0.00162369094323, 0.000805096700788, 0.000634230091237, 0.000783106079325, 0.000597879348788, 0.000541381828953, 0.000629582325928, 0.000342377141351, 0.00065189646557, 0.000321497092955, 0.000435143505456, 0.000618681136984, 0.00220436858945, 0.00116288615391, 0.000898236467037, 0.0004318235151, 0.000720125099178, 0.000481020397274, 0.000218760469579, 0.000125232967548, 4.9764468713e-05, 7.32440748834e-05, 9.0268200438e-05, 9.58951932262e-05, 2.25469266297e-05, 2.83444205706e-05, 2.12960239878e-05, 1.96245855477e-05, 2.65098860837e-05], "mean": [0.001191004063, 0.00143270206172, 0.00100273347925, 0.00116605206858, 0.00060316931922, 0.000410987180658, 0.000218634871999, 9.06585992198e-05, 4.47082711617e-05, 6.9288755185e-05, 4.66360652354e-05, 3.60922094842e-05, 3.5859302443e-05, 3.43244064425e-05, 2.40661447606e-05, 1.80242404895e-05, 1.83153042599e-05, 1.42643521031e-05, 1.35787076943e-05, 2.22666421905e-05, 1.33630110213e-05, 1.93836494873e-05, 2.39336259256e-05, 2.18939894694e-05, 3.31038427248e-05, 2.57819719991e-05, 1.9160717784e-05, 2.09747831832e-05, 1.43166998896e-05, 7.07539129507e-06, 6.27088047622e-06, 3.78961317438e-06, 3.5818491142e-06, 3.44715544998e-06, 2.48552350968e-06, 1.42615772347e-06, 1.47989658217e-06, 1.08929020826e-06, 8.92547461717e-07, 7.58564908665e-07], "median": [0.000434341840446, 0.000520566187333, 0.000604655011557, 0.000742044008803, 0.000311917392537, 0.000145220212289, 8.5686253442e-05, 3.72763970518e-05, 2.19757203013e-05, 3.86699030059e-05, 2.1645832021e-05, 1.12422285383e-05, 1.28820329337e-05, 1.50714840856e-05, 1.0682928405e-05, 8.22856418381e-06, 9.48518027144e-06, 7.59008116802e-06, 6.46002081339e-06, 7.02789475326e-06, 6.38086930849e-06, 8.64537832967e-06, 8.65218498802e-06, 8.3920895122e-06, 1.10785340439e-05, 8.43892667035e-06, 7.32668650016e-06, 6.79261029291e-06, 4.88292880618e-06, 2.86047543341e-06, 2.62653338723e-06, 1.83698898581e-06, 1.56103806148e-06, 1.14774775284e-06, 8.38476637455e-07, 5.79086076868e-07, 5.29622809609e-07, 3.63519603752e-07, 3.15705221965e-07, 2.45389429665e-07], "min": [1.11379308554e-12, 1.25652136265e-12, 1.47396450514e-12, 1.3413754699e-12, 5.30329361155e-13, 4.65063426137e-13, 1.30998228758e-12, 1.25291281256e-12, 3.9965028357e-13, 4.84036584685e-13, 3.52589539596e-13, 8.17361450875e-14, 1.41821355549e-13, 2.32815502987e-13, 1.78857471368e-13, 2.78552734264e-13, 4.32102622997e-13, 6.51955431915e-13, 1.08118711466e-12, 5.27642328701e-13, 2.99703702611e-13, 3.38389879269e-13, 1.06520600175e-13, 3.21790364537e-13, 2.69602238754e-13, 5.73555824146e-14, 5.96116580577e-14, 3.38749583668e-14, 3.47461927394e-14, 4.33330502286e-14, 5.04342593621e-14, 2.20080996206e-14, 1.20679198039e-14, 1.42453221799e-14, 1.55164899348e-14, 1.6324830417e-14, 2.00238470146e-14, 2.0265081998e-14, 2.49400431812e-14, 2.16964880578e-14], "var": [3.61308661923e-06, 5.40216888112e-06, 1.33760352128e-06, 1.79198320893e-06, 6.11244331594e-07, 4.02805341082e-07, 1.33885563969e-07, 2.49330032176e-08, 6.41405062396e-09, 8.61382787321e-09, 6.12951644996e-09, 1.06725241977e-08, 5.02164754224e-09, 2.71214206649e-09, 1.77098913312e-09, 9.34465949065e-10, 1.06977238179e-09, 5.79153169866e-10, 6.31897589809e-10, 2.71627920156e-09, 4.91697516036e-10, 9.86028259042e-10, 2.05576089485e-09, 4.28457092028e-09, 4.78085304678e-09, 2.64456145871e-09, 1.06319575366e-09, 1.78623715819e-09, 9.66861479768e-10, 1.42607398113e-10, 8.84441825333e-11, 2.70538105807e-11, 3.39102600166e-11, 4.63470616052e-11, 2.557277827e-11, 5.11196510469e-12, 6.97325747492e-12, 3.79333370271e-12, 2.49837889092e-12, 2.7538648445e-12]}, "mfcc": {"mean": [-653.542175293, 102.336784363, 5.9169254303, 43.7073974609, 3.05138850212, 2.73854422569, 2.57659006119, 0.141647264361, -8.39548015594, -3.16109228134, -4.63755178452, -4.13392019272, -4.29775381088], "cov": [[9331.26367188, -403.897796631, -141.28453064, 409.26663208, -188.608062744, 221.237869263, 143.949157715, 81.3094558716, 64.094581604, -16.5289745331, -105.887397766, 80.8262023926, 234.502838135], [-403.897796631, 1052.51904297, -195.146789551, 155.405654907, 100.105781555, -1.71368765831, 66.5560836792, 26.2268772125, 13.6586112976, 47.1688461304, 15.5554504395, 21.1602401733, -12.0017776489], [-141.28453064, -195.146789551, 601.680358887, -154.430786133, 162.592514038, 93.4724273682, 16.6723213196, 36.0349311829, 27.6144256592, 40.1013259888, 36.7583465576, -12.4005432129, -8.6324596405], [409.26663208, 155.405654907, -154.430786133, 366.497253418, 20.5903244019, 56.3997154236, 61.7229347229, 52.2154502869, 51.2577705383, 32.2904930115, 13.4378471375, 48.1490325928, 32.8411598206], [-188.608062744, 100.105781555, 162.592514038, 20.5903244019, 191.848358154, 62.1611595154, 40.7522964478, 32.9924507141, 32.9429092407, 34.3941078186, 30.7972145081, 8.49074649811, -1.55829203129], [221.237869263, -1.71368765831, 93.4724273682, 56.3997154236, 62.1611595154, 142.226715088, 55.4029159546, 41.8438491821, 42.484703064, 25.0445480347, 19.3261318207, 25.1068840027, 20.2100868225], [143.949157715, 66.5560836792, 16.6723213196, 61.7229347229, 40.7522964478, 55.4029159546, 104.318954468, 52.3022041321, 31.1387863159, 24.1428833008, 13.0967588425, 12.1841335297, 8.29696750641], [81.3094558716, 26.2268772125, 36.0349311829, 52.2154502869, 32.9924507141, 41.8438491821, 52.3022041321, 89.4466705322, 43.7680091858, 22.336687088, 16.5211200714, 7.80970239639, 3.8489253521], [64.094581604, 13.6586112976, 27.6144256592, 51.2577705383, 32.9429092407, 42.484703064, 31.1387863159, 43.7680091858, 95.1472854614, 42.90102005, 14.3142261505, 22.1321544647, 11.13438797], [-16.5289745331, 47.1688461304, 40.1013259888, 32.2904930115, 34.3941078186, 25.0445480347, 24.1428833008, 22.336687088, 42.90102005, 84.2599639893, 35.2961654663, 6.70998859406, 0.0828153863549], [-105.887397766, 15.5554504395, 36.7583465576, 13.4378471375, 30.7972145081, 19.3261318207, 13.0967588425, 16.5211200714, 14.3142261505, 35.2961654663, 75.0266342163, 17.7642879486, 2.36496305466], [80.8262023926, 21.1602401733, -12.4005432129, 48.1490325928, 8.49074649811, 25.1068840027, 12.1841335297, 7.80970239639, 22.1321544647, 6.70998859406, 17.7642879486, 87.747467041, 42.1088066101], [234.502838135, -12.0017776489, -8.6324596405, 32.8411598206, -1.55829203129, 20.2100868225, 8.29696750641, 3.8489253521, 11.13438797, 0.0828153863549, 2.36496305466, 42.1088066101, 78.3514251709]], "icov": [[0.000134392888867, 5.08533375978e-05, -1.81325976882e-05, -0.000132950517582, 0.000178996255272, -0.000173977503437, -0.00012356582738, -7.13262352292e-06, 4.36594200437e-05, -4.23301244155e-05, 0.00020482763648, 0.000101174075098, -0.000345559819834], [5.08533375978e-05, 0.00129834446125, 0.000668340304401, -0.000197943663807, -0.00111306784675, 0.000251044926699, -0.000552624987904, -7.26964208297e-05, 0.000524511735421, -0.000792180420831, 0.000351863971446, -0.000304449175019, 0.000257780018728], [-1.81325976882e-05, 0.000668340304401, 0.00336472643539, 0.00160585041158, -0.00272155739367, -0.00151033164002, 0.00063255027635, -0.00108175119385, 0.000484276912175, -0.00116943905596, -3.43670981238e-05, 0.000101853911474, 5.4582626035e-05], [-0.000132950517582, -0.000197943663807, 0.00160585041158, 0.00445056706667, -0.000895265198778, -0.0011154654203, -0.000440163072199, -0.00141931290273, -0.000443846423877, -0.000913790077902, 0.000114637688966, -0.00117729848716, -0.000241389003349], [0.000178996255272, -0.00111306784675, -0.00272155739367, -0.000895265198778, 0.00939564500004, -0.00149892317131, -0.00128494109958, 0.000441099313321, -0.00104579888284, 0.000233068596572, -0.00136511598248, 0.000367908389308, 4.89214871777e-05], [-0.000173977503437, 0.000251044926699, -0.00151033164002, -0.0011154654203, -0.00149892317131, 0.01191611588, -0.00384745025076, -0.00029561977135, -0.00211706012487, 0.00068262941204, -0.000689217238687, -0.00116468267515, -0.000874342804309], [-0.00012356582738, -0.000552624987904, 0.00063255027635, -0.000440163072199, -0.00128494109958, -0.00384745025076, 0.016485389322, -0.00726653821766, 0.00104778783862, -0.00175228330772, 0.000595897319727, -9.06041968847e-05, 1.13845374017e-06], [-7.13262352292e-06, -7.26964208297e-05, -0.00108175119385, -0.00141931290273, 0.000441099313321, -0.00029561977135, -0.00726653821766, 0.0197239629924, -0.00669380091131, 0.00220935232937, -0.00258718989789, 0.00177537614945, 0.0004443814978], [4.36594200437e-05, 0.000524511735421, 0.000484276912175, -0.000443846423877, -0.00104579888284, -0.00211706012487, 0.00104778783862, -0.00669380091131, 0.0186382401735, -0.00840061344206, 0.00326961604878, -0.00343796540983, 4.14406786149e-05], [-4.23301244155e-05, -0.000792180420831, -0.00116943905596, -0.000913790077902, 0.000233068596572, 0.00068262941204, -0.00175228330772, 0.00220935232937, -0.00840061344206, 0.0203291885555, -0.00817105453461, 0.002497427864, 0.000241841175011], [0.00020482763648, 0.000351863971446, -3.43670981238e-05, 0.000114637688966, -0.00136511598248, -0.000689217238687, 0.000595897319727, -0.00258718989789, 0.00326961604878, -0.00817105453461, 0.0189635660499, -0.00433870730922, 0.000907011504751], [0.000101174075098, -0.000304449175019, 0.000101853911474, -0.00117729848716, 0.000367908389308, -0.00116468267515, -9.06041968847e-05, 0.00177537614945, -0.00343796540983, 0.002497427864, -0.00433870730922, 0.0178721025586, -0.00860285013914], [-0.000345559819834, 0.000257780018728, 5.4582626035e-05, -0.000241389003349, 4.89214871777e-05, -0.000874342804309, 1.13845374017e-06, 0.0004443814978, 4.14406786149e-05, 0.000241841175011, 0.000907011504751, -0.00860285013914, 0.0187384393066]]}, "spectral_contrast_coeffs": {"dmean": [0.0568641722202, 0.0453528389335, 0.0369419567287, 0.0283206086606, 0.0262877326459, 0.0221828054637], "dmean2": [0.0934349149466, 0.0739055797458, 0.0592774450779, 0.0450432784855, 0.040437027812, 0.0339704602957], "dvar": [0.00227019004524, 0.00153287395369, 0.000962089339737, 0.000579363375437, 0.000579611922149, 0.000561695662327], "dvar2": [0.00576914846897, 0.00379637582228, 0.00230709789321, 0.00136504636612, 0.00121167348698, 0.00110603356734], "max": [-0.297797143459, -0.445801526308, -0.518069565296, -0.551031053066, -0.550511777401, -0.508875072002], "mean": [-0.60932713747, -0.720043718815, -0.765178978443, -0.797942280769, -0.767813205719, -0.74636733532], "median": [-0.617286801338, -0.727427959442, -0.768171072006, -0.806002616882, -0.774225592613, -0.752593696117], "min": [-0.909452557564, -0.945266187191, -0.949137449265, -0.938300907612, -0.917821526527, -0.907982110977], "var": [0.00719924364239, 0.00713601382449, 0.00358933676034, 0.00248978147283, 0.00332262227312, 0.00289647141472]}, "spectral_contrast_valleys": {"dmean": [0.460788458586, 0.4140368402, 0.372867912054, 0.340433716774, 0.326079577208, 0.402673959732], "dmean2": [0.726206362247, 0.655645012856, 0.58407741785, 0.517867982388, 0.467226594687, 0.543998539448], "dvar": [0.204418748617, 0.172997772694, 0.143176108599, 0.127042353153, 0.140099912882, 0.264545708895], "dvar2": [0.423157334328, 0.390925943851, 0.299085378647, 0.248440802097, 0.257273077965, 0.484918892384], "max": [-5.28007364273, -4.57097959518, -5.3175778389, -5.97693157196, -5.56352853775, -7.85496425629], "mean": [-7.3871884346, -7.18876457214,