{"lowlevel": {"average_loudness": 0.723114073277, "barkbands_crest": {"dmean": 1.69157624245, "dmean2": 2.4523525238, "dvar": 2.30561590195, "dvar2": 4.47513103485, "max": 21.7475223541, "mean": 10.2951469421, "median": 9.8391084671, "min": 2.86798143387, "var": 12.0740737915}, "barkbands_flatness_db": {"dmean": 0.0113516682759, "dmean2": 0.0159977003932, "dvar": 0.000101316887594, "dvar2": 0.000190627237316, "max": 0.262784063816, "mean": 0.169946074486, "median": 0.172498971224, "min": 0.0237236525863, "var": 0.00126352056395}, "barkbands_kurtosis": {"dmean": 1.26868760586, "dmean2": 1.91527473927, "dvar": 1.39455080032, "dvar2": 3.35616087914, "max": 16.0229492188, "mean": 3.15550255775, "median": 2.74129962921, "min": -1.07839930058, "var": 5.1028585434}, "barkbands_skewness": {"dmean": 0.270064413548, "dmean2": 0.392006248236, "dvar": 0.054302778095, "dvar2": 0.116344794631, "max": 3.42955255508, "mean": 1.27917182446, "median": 1.30781626701, "min": -2.06801819801, "var": 0.446112960577}, "barkbands_spread": {"dmean": 1.7907885313, "dmean2": 2.63457679749, "dvar": 3.00646829605, "dvar2": 6.74611902237, "max": 62.272769928, "mean": 10.8122339249, "median": 9.9393901825, "min": 3.41274642944, "var": 23.3376808167}, "dissonance": {"dmean": 0.021562743932, "dmean2": 0.0357345938683, "dvar": 0.000318408216117, "dvar2": 0.000867596187163, "max": 0.499999970198, "mean": 0.440536022186, "median": 0.441731065512, "min": 0.327622056007, "var": 0.000915461801924}, "dynamic_complexity": 4.07980966568, "erbbands_crest": {"dmean": 1.9383507967, "dmean2": 2.86776208878, "dvar": 2.84567952156, "dvar2": 6.20178508759, "max": 26.1336212158, "mean": 10.4225625992, "median": 10.0830440521, "min": 2.83584475517, "var": 13.0193424225}, "erbbands_flatness_db": {"dmean": 0.0103955678642, "dmean2": 0.0143663454801, "dvar": 9.22105755308e-05, "dvar2": 0.00016681253328, "max": 0.304621011019, "mean": 0.222638890147, "median": 0.22734464705, "min": 0.0828916728497, "var": 0.00159965571947}, "erbbands_kurtosis": {"dmean": 0.830447256565, "dmean2": 1.30011546612, "dvar": 0.68885999918, "dvar2": 1.6853723526, "max": 10.6897830963, "mean": 0.851249217987, "median": 0.481362581253, "min": -1.34044253826, "var": 2.39680504799}, "erbbands_skewness": {"dmean": 0.263596326113, "dmean2": 0.400938421488, "dvar": 0.0471017435193, "dvar2": 0.112859234214, "max": 2.83170795441, "mean": 0.972913086414, "median": 0.962386131287, "min": -0.950644075871, "var": 0.270638585091}, "erbbands_spread": {"dmean": 3.07299876213, "dmean2": 4.58341503143, "dvar": 6.45460653305, "dvar2": 14.1780881882, "max": 57.21849823, "mean": 21.4347858429, "median": 20.6001396179, "min": 6.58654642105, "var": 53.076751709}, "hfc": {"dmean": 2.04245233536, "dmean2": 3.00448083878, "dvar": 8.93517303467, "dvar2": 19.4796009064, "max": 79.5748443604, "mean": 12.1413202286, "median": 8.34414482117, "min": 1.10391077628e-16, "var": 127.65814209}, "melbands_crest": {"dmean": 1.98134601116, "dmean2": 2.88965725899, "dvar": 3.07780718803, "dvar2": 6.09674739838, "max": 25.1753120422, "mean": 12.3879985809, "median": 12.0974836349, "min": 1.56220459938, "var": 16.7220153809}, "melbands_flatness_db": {"dmean": 0.0123667605221, "dmean2": 0.0171668082476, "dvar": 0.000121476812637, "dvar2": 0.000225702344324, "max": 0.312998652458, "mean": 0.216113656759, "median": 0.221172586083, "min": 0.00345572480001, "var": 0.00200279499404}, "melbands_kurtosis": {"dmean": 1.80821406841, "dmean2": 2.69253778458, "dvar": 3.33067774773, "dvar2": 7.59132242203, "max": 24.9103069305, "mean": 5.65101242065, "median": 5.09434700012, "min": -1.36488258839, "var": 12.537940979}, "melbands_skewness": {"dmean": 0.298025339842, "dmean2": 0.429736018181, "dvar": 0.0646338090301, "dvar2": 0.133205503225, "max": 3.82896995544, "mean": 1.53874409199, "median": 1.52818715572, "min": -0.254754960537, "var": 0.412810623646}, "melbands_spread": {"dmean": 2.60156941414, "dmean2": 3.85709881783, "dvar": 12.3926315308, "dvar2": 27.1488132477, "max": 147.077651978, "mean": 15.910276413, "median": 13.1248760223, "min": 4.34897232056, "var": 272.655090332}, "pitch_salience": {"dmean": 0.0461450219154, "dmean2": 0.0716990083456, "dvar": 0.00159718678333, "dvar2": 0.00345607171766, "max": 0.959866225719, "mean": 0.575542986393, "median": 0.575292110443, "min": 0.30147176981, "var": 0.00836739037186}, "silence_rate_20dB": {"dmean": 0, "dmean2": 0, "dvar": 0, "dvar2": 0, "max": 1, "mean": 1, "median": 1, "min": 1, "var": 0}, "silence_rate_30dB": {"dmean": 0.000662690552417, "dmean2": 0.00132582033984, "dvar": 0.000662257196382, "dvar2": 0.00132404873148, "max": 1, "mean": 0.998675048351, "median": 1, "min": 0, "var": 0.00132317317184}, "silence_rate_60dB": {"dmean": 0.0192180257291, "dmean2": 0.0384487919509, "dvar": 0.0188493207097, "dvar2": 0.0475786551833, "max": 1, "mean": 0.0980457141995, "median": 0, "min": 0, "var": 0.0884328112006}, "spectral_centroid": {"dmean": 104.563980103, "dmean2": 157.583755493, "dvar": 36583.8984375, "dvar2": 66971.9375, "max": 11802.1064453, "mean": 1106.38842773, "median": 896.505004883, "min": 535.364624023, "var": 1774826.75}, "spectral_complexity": {"dmean": 1.87077534199, "dmean2": 3.138879776, "dvar": 2.63541865349, "dvar2": 6.86936330795, "max": 30, "mean": 15.2974491119, "median": 16, "min": 0, "var": 33.5796127319}, "spectral_decrease": {"dmean": 7.51151973954e-10, "dmean2": 1.04007091828e-09, "dvar": 1.23401461098e-18, "dvar2": 2.42754803676e-18, "max": 1.10783968188e-28, "mean": -4.35163594048e-09, "median": -2.89390267305e-09, "min": -3.05987377658e-08, "var": 1.71898040912e-17}, "spectral_energy": {"dmean": 0.00300361425616, "dmean2": 0.00417167879641, "dvar": 1.97250537894e-05, "dvar2": 3.89707456634e-05, "max": 0.122704029083, "mean": 0.0175252705812, "median": 0.0116690350696, "min": 1.02158049652e-20, "var": 0.000277408456896}, "spectral_energyband_high": {"dmean": 1.8685033865e-05, "dmean2": 2.66209808615e-05, "dvar": 7.6919381975e-10, "dvar2": 1.50409784627e-09, "max": 0.00062968331622, "mean": 6.58024873701e-05, "median": 4.33766836068e-05, "min": 7.13594093386e-21, "var": 5.12728304258e-09}, "spectral_energyband_low": {"dmean": 0.000142927950947, "dmean2": 0.000193665109691, "dvar": 3.54266873615e-08, "dvar2": 5.70957183754e-08, "max": 0.00890236627311, "mean": 0.000816024665255, "median": 0.00045856172801, "min": 1.45025687652e-23, "var": 1.30179182634e-06}, "spectral_energyband_middle_high": {"dmean": 0.000975448638201, "dmean2": 0.00149148423225, "dvar": 2.52557856584e-06, "dvar2": 6.00289968133e-06, "max": 0.0340065732598, "mean": 0.00366474292241, "median": 0.00245391298085, "min": 1.15098173561e-21, "var": 1.40573047247e-05}, "spectral_energyband_middle_low": {"dmean": 0.00269761052914, "dmean2": 0.0036646972876, "dvar": 1.50474870679e-05, "dvar2": 2.75767924904e-05, "max": 0.106921851635, "mean": 0.0133760739118, "median": 0.00863038748503, "min": 1.28989802056e-22, "var": 0.000183264288353}, "spectral_entropy": {"dmean": 0.0886003449559, "dmean2": 0.126963824034, "dvar": 0.00640796078369, "dvar2": 0.0124875148758, "max": 9.82532596588, "mean": 7.17109012604, "median": 7.09596967697, "min": 6.51959562302, "var": 0.18438193202}, "spectral_flux": {"dmean": 0.0104183414951, "dmean2": 0.0178130827844, "dvar": 0.000200347756618, "dvar2": 0.000543955713511, "max": 0.210196182132, "mean": 0.0413860082626, "median": 0.0374948382378, "min": 6.31742158586e-11, "var": 0.000523589842487}, "spectral_kurtosis": {"dmean": 3.12766909599, "dmean2": 5.51034975052, "dvar": 8.84469032288, "dvar2": 27.1887073517, "max": 26.5401668549, "mean": 8.0475692749, "median": 7.54685974121, "min": -1.27529025078, "var": 14.6720132828}, "spectral_rms": {"dmean": 0.000324090797221, "dmean2": 0.000446344551165, "dvar": 1.28016026224e-07, "dvar2": 2.41381343358e-07, "max": 0.0109412632883, "mean": 0.00369550101459, "median": 0.00337408133782, "min": 3.15699853412e-12, "var": 3.44112822859e-06}, "spectral_rolloff": {"dmean": 183.945144653, "dmean2": 308.160217285, "dvar": 175320.8125, "dvar2": 320171.4375, "max": 19466.015625, "mean": 1314.11962891, "median": 925.927734375, "min": 452.197265625, "var": 5900927}, "spectral_skewness": {"dmean": 0.285428762436, "dmean2": 0.493540763855, "dvar": 0.0659143179655, "dvar2": 0.198214143515, "max": 3.49435186386, "mean": 1.89661216736, "median": 1.89409768581, "min": -0.11446018517, "var": 0.196719199419}, "spectral_spread": {"dmean": 245806.90625, "dmean2": 382483.84375, "dvar": 862554292224, "dvar2": 1844884144130.0, "max": 46803288, "mean": 3538402.75, "median": 2643360.5, "min": 1641523.375, "var": 24945235066900.0}, "spectral_strongpeak": {"dmean": 0.332372188568, "dmean2": 0.504934072495, "dvar": 0.150118023157, "dvar2": 0.347175985575, "max": 5.76294469833, "mean": 1.48860573769, "median": 1.28858470917, "min": 0, "var": 1.03184580803}, "zerocrossingrate": {"dmean": 0.00430797366425, "dmean2": 0.00559508474544, "dvar": 9.60815305007e-05, "dvar2": 0.000184064934729, "max": 0.5205078125, "mean": 0.0503739975393, "median": 0.03955078125, "min": 0.0234375, "var": 0.00402976153418}, "barkbands": {"dmean": [1.04893246089e-07, 4.62752068415e-05, 9.60297766142e-05, 6.49331268505e-05, 0.00016509834677, 0.000729151652195, 0.00141292146873, 0.000935519638006, 0.00073379726382, 0.000555830949452, 0.000506563694216, 0.000169198683579, 0.000138705887366, 0.000178076850716, 0.000250211101957, 0.000106916602817, 0.000106634506665, 6.50439906167e-05, 5.1139453717e-05, 2.10678026633e-05, 7.02564921085e-06, 3.66373296856e-06, 1.37322092542e-06, 9.62017111306e-07, 3.00631859318e-06, 3.234683561e-07, 4.31573283777e-07], "dmean2": [1.61889602168e-07, 6.50321526336e-05, 0.000132371424115, 8.20919740363e-05, 0.000227256154176, 0.000991836655885, 0.00188442377839, 0.00123667530715, 0.000941178703215, 0.000843077083118, 0.00075270870002, 0.000275934435194, 0.000211730788578, 0.000303892389638, 0.000431452761404, 0.00018365032156, 0.000180422561243, 0.000109739114123, 8.24449380161e-05, 3.46656306647e-05, 1.09997799882e-05, 5.80864434596e-06, 2.21675600187e-06, 1.50345067595e-06, 3.95879351345e-06, 4.70891478699e-07, 5.25016048414e-07], "dvar": [3.63252180072e-14, 4.54428183971e-09, 1.8516848499e-08, 1.50998573645e-08, 8.56807389482e-08, 1.41011753385e-06, 9.30517489905e-06, 2.58899467553e-06, 1.87478315183e-06, 1.11945462322e-06, 1.29422232931e-06, 9.89057582501e-08, 9.29102483838e-08, 1.36682260177e-07, 2.91120301199e-07, 5.75241614342e-08, 2.8564457466e-08, 1.21519567742e-08, 8.24164647639e-09, 9.90437731829e-10, 9.94896595663e-11, 3.16835689629e-11, 6.42091371392e-12, 3.2360798069e-12, 1.26504001718e-10, 3.60841456541e-12, 3.76023647983e-12], "dvar2": [9.28034572475e-14, 9.35211019737e-09, 2.92101987043e-08, 1.52409853627e-08, 1.6389277846e-07, 2.81945699498e-06, 1.62142951012e-05, 4.22861194238e-06, 3.11137887365e-06, 2.3238792437e-06, 2.83594181383e-06, 2.63913079834e-07, 1.84572456874e-07, 3.8264727209e-07, 9.05423121367e-07, 1.69964380348e-07, 7.81329845267e-08, 3.20961817124e-08, 1.9771919213e-08, 2.60794474904e-09, 2.48710801953e-10, 8.14433659402e-11, 1.75478520603e-11, 7.41031975365e-12, 2.23509322161e-10, 8.31093267123e-12, 7.18627674728e-12], "max": [8.58125167724e-06, 0.00240495591424, 0.00749334227294, 0.00610362971202, 0.00863808766007, 0.0363075919449, 0.0602218359709, 0.0266143996269, 0.0372883044183, 0.0224765073508, 0.0224332138896, 0.00545360986143, 0.00662927189842, 0.00567284412682, 0.0103797065094, 0.00749393226579, 0.00213552662171, 0.00203382922336, 0.0014435001649, 0.000558042549528, 0.000232000340475, 9.05160559341e-05, 6.29928836133e-05, 5.32177728019e-05, 0.000189025478903, 0.000106297993625, 5.48372227058e-05], "mean": [9.79311607807e-07, 0.000250241690082, 0.000430661457358, 0.000276842678431, 0.000642272410914, 0.00209754053503, 0.00447164522484, 0.00265575037338, 0.00267611653544, 0.00110423925798, 0.000956841278821, 0.000279484054772, 0.000264628557488, 0.000272842822596, 0.000412774767028, 0.000186804158147, 0.000207116725505, 0.000127160645206, 0.00011648828513, 4.85196433146e-05, 1.91703984456e-05, 1.04062291939e-05, 4.78055198982e-06, 3.51783864971e-06, 6.69047904012e-06, 1.03826255327e-06, 7.68493691794e-07], "median": [1.41550543731e-07, 0.000120771350339, 0.000200549475267, 8.28773481771e-05, 0.000386476312997, 0.001165647991, 0.00128874951042, 0.00110817875247, 0.000826732430141, 0.000516486295965, 0.000367896602256, 0.000139491574373, 0.000113710739242, 0.000116352079203, 0.000182459247299, 0.000103312224383, 0.000125598366139, 7.92804858065e-05, 6.67807544232e-05, 3.33458665409e-05, 1.37368178912e-05, 6.03136413702e-06, 1.97424174075e-06, 1.36088158342e-06, 1.06142431378e-06, 2.27854869195e-07, 1.56462061085e-08], "min": [1.16664067349e-24, 2.70164329933e-24, 1.82455461275e-24, 2.4665371116e-24, 3.02920102693e-24, 3.27138171926e-24, 9.08962611458e-24, 1.40008879393e-23, 1.15348977055e-23, 1.06868288451e-23, 1.92653780116e-23, 1.44572218849e-23, 5.29996956479e-23, 4.15876646061e-23, 3.47417624321e-23, 6.62987608611e-23, 6.88938040058e-23, 1.13101802637e-22, 1.21012461929e-22, 1.64695035022e-22, 2.8332743418e-22, 3.6570531337e-22, 4.05135459177e-22, 5.8195306488e-22, 8.9354812422e-22, 1.28804673441e-21, 2.02924913185e-21], "var": [2.8438755257e-12, 1.49076456069e-07, 6.64293338559e-07, 4.5760882017e-07, 6.60542070818e-07, 9.80909499049e-06, 6.23102314421e-05, 1.58679376909e-05, 2.34924045799e-05, 3.50689379047e-06, 2.96803318633e-06, 1.71561751472e-07, 2.40850823729e-07, 2.31215025792e-07, 4.75969471836e-07, 8.27104997825e-08, 5.48020402391e-08, 2.60217269954e-08, 2.39439188476e-08, 2.66320343556e-09, 3.8037079042e-10, 1.47635112469e-10, 5.87443635403e-11, 3.76732291196e-11, 3.47213535701e-10, 9.73666026277e-12, 9.31102590862e-12]}, "erbbands": {"dmean": [0.000469204416731, 0.0136347515509, 0.0907084271312, 0.163391619921, 0.260842084885, 0.598005473614, 4.04120826721, 5.79304075241, 14.9036836624, 23.0491504669, 20.9338607788, 14.473865509, 18.1214580536, 19.7260417938, 9.37143516541, 7.44588279724, 6.40429735184, 9.7193107605, 8.14953422546, 9.62209129333, 4.95872497559, 4.71591615677, 4.15636873245, 2.90789413452, 1.76434266567, 0.809048354626, 0.429879188538, 0.21733571589, 0.138872534037, 0.0796689614654, 0.0383714511991, 0.0222243927419, 0.0181848499924, 0.0378633923829, 0.0212523769587, 0.00230521149933, 0.000719488481991, 0.000210934027564, 7.08261286491e-05, 8.7247153715e-06], "dmean2": [0.000604686443694, 0.0191887281835, 0.124099232256, 0.212677314878, 0.322579234838, 0.860473096371, 5.6249704361, 7.64368247986, 20.7900066376, 30.064037323, 27.2631320953, 18.8024120331, 27.6363048553, 29.441286087, 14.4318132401, 12.2037363052, 9.80695438385, 16.3624000549, 13.6949491501, 16.7248477936, 8.41659927368, 7.90108346939, 7.00848388672, 4.68906450272, 2.88015460968, 1.31557679176, 0.685359716415, 0.333641022444, 0.22121809423, 0.129118740559, 0.063250862062, 0.0351051874459, 0.0273436252028, 0.0534605048597, 0.0273292604834, 0.00320709473453, 0.00104443531018, 0.000278570922092, 8.52425437188e-05, 1.08522226583e-05], "dvar": [3.36911625709e-07, 0.000392024376197, 0.0166066568345, 0.0720316395164, 0.164971858263, 1.12911903858, 55.9340629578, 98.6388931274, 794.913208008, 1961.76977539, 1196.09020996, 745.100219727, 1459.68933105, 2023.16943359, 258.430114746, 203.272186279, 171.997085571, 392.145782471, 215.047607422, 371.434570312, 71.3478393555, 57.4123764038, 54.5780715942, 24.877117157, 9.79280281067, 1.34814715385, 0.390665978193, 0.0793836563826, 0.0439996942878, 0.0208663400263, 0.00619023945183, 0.0021852904465, 0.00119185110088, 0.0202214084566, 0.00644746888429, 3.64908992196e-05, 4.10069878853e-05, 1.76593050583e-06, 9.30863848225e-08, 6.80272560505e-10], "dvar2": [5.85276666243e-07, 0.000804240931757, 0.0280015394092, 0.0909338667989, 0.21857906878, 2.73590970039, 118.475898743, 151.697784424, 1494.44616699, 3303.30859375, 2043.17138672, 1240.9720459, 3055.13647461, 4627.79882812, 575.706054688, 563.736999512, 345.20501709, 1098.97741699, 607.784362793, 1165.04016113, 204.6953125, 153.587631226, 142.279800415, 61.2525901794, 25.648443222, 3.52586507797, 0.983274459839, 0.182845816016, 0.11551027, 0.0548820719123, 0.0176591705531, 0.00574291497469, 0.00289178523235, 0.040994476527, 0.0108160832897, 7.39208990126e-05, 9.10517483135e-05, 3.99618329538e-06, 1.4367604706e-07, 1.20094112432e-09], "max": [0.0294629596174, 0.666803836823, 6.9029583931, 13.5830507278, 12.9327926636, 36.0791549683, 211.423110962, 457.434631348, 641.005310059, 762.593444824, 876.308837891, 791.784667969, 850.823669434, 924.45892334, 242.348999023, 277.517578125, 292.02557373, 313.852508545, 276.399993896, 334.566864014, 219.01210022, 146.539962769, 143.090682983, 71.5381011963, 78.8015670776, 17.4823856354, 12.7577571869, 3.94073057175, 3.44013595581, 2.69311499596, 1.9343585968, 1.21983206272, 0.779610157013, 2.75868988037, 1.37250852585, 0.133391648531, 0.359831720591, 0.0530445575714, 0.0115117002279, 0.000520122179296], "mean": [0.00379260187037, 0.0733019784093, 0.428826540709, 0.761100113392, 1.21259617805, 2.03887677193, 10.7699346542, 17.6637458801, 43.3587989807, 74.1074676514, 72.1116409302, 52.9728164673, 38.5494842529, 39.5020637512, 17.7965354919, 13.1295261383, 13.257065773, 15.959072113, 15.4482908249, 17.8944454193, 10.4960803986, 10.1354408264, 8.49993801117, 6.52500200272, 4.24439144135, 2.04253697395, 1.14136612415, 0.574252784252, 0.385956376791, 0.24012696743, 0.131434082985, 0.0795797109604, 0.0572617687285, 0.0798355787992, 0.0457060337067, 0.00700439373031, 0.00180912821088, 0.000456901645521, 0.000144944904605, 2.96666748909e-05], "median": [0.00215977756307, 0.0352780856192, 0.203472480178, 0.326662659645, 0.583019256592, 1.3698772192, 4.79166555405, 9.537981987, 18.2244224548, 22.5782222748, 27.9081439972, 20.3369903564, 17.7575054169, 16.1633605957, 9.389752388, 6.85816955566, 6.44180965424, 7.84790849686, 8.51206111908, 9.27762317657, 6.75914049149, 6.59710788727, 5.39317464828, 3.63609790802, 2.79444694519, 1.51765966415, 0.804614424706, 0.404100596905, 0.235723406076, 0.117620944977, 0.0514600798488, 0.0277040600777, 0.0240394584835, 0.0166838187724, 0.00567877339199, 0.00154307263438, 0.000357072771294, 5.0087699492e-05, 1.25620781546e-05, 1.59522332979e-05], "min": [1.46560915103e-22, 4.41281419264e-22, 2.07879676586e-21, 6.0198759742e-21, 7.07138853434e-21, 1.17779258585e-20, 2.81818011316e-20, 4.9514411082e-20, 1.52712339855e-19, 1.88066750094e-19, 3.31445972324e-19, 2.90507330393e-19, 6.08844066822e-19, 6.04934190861e-19, 8.33344193791e-19, 1.24033726939e-18, 2.43833323118e-18, 2.37043762612e-18, 2.63246921223e-18, 3.12550897557e-18, 4.51990718648e-18, 4.63893640868e-18, 5.49464358542e-18, 8.20030049748e-18, 6.90806240094e-18, 7.04658951094e-18, 1.08817123322e-17, 1.14313846026e-17, 1.15268338006e-17, 1.07323425387e-17, 1.19440620473e-17, 1.09494832398e-17, 1.01214539399e-17, 8.68938261518e-18, 7.00456459992e-18, 4.03462555011e-18, 2.34077368858e-18, 1.03293610306e-18, 2.47347760217e-19, 2.95368069855e-20], "var": [1.99067799258e-05, 0.012054219842, 0.555301427841, 2.00449037552, 3.27980399132, 6.31258010864, 311.33605957, 1032.79516602, 4399.47558594, 13115.6396484, 12566.6660156, 8015.52490234, 4214.17480469, 4504.25, 575.885070801, 343.955291748, 463.069274902, 659.372741699, 473.274871826, 668.453491211, 143.649276733, 119.607421875, 117.197738647, 71.1160812378, 25.0886955261, 3.94729995728, 1.38504993916, 0.310733288527, 0.194499775767, 0.105893336236, 0.0480949915946, 0.0205253958702, 0.00901351030916, 0.0463940054178, 0.0180685706437, 0.000179189446499, 7.9168654338e-05, 3.66256631423e-06, 3.02852328105e-07, 2.18250928441e-09]}, "gfcc": {"mean": [-83.6843948364, 130.052536011, -152.109115601, 1.72540450096, -63.3941764832, -13.9117908478, -34.2390708923, 9.20636844635, -13.5071229935, 1.20801794529, -10.05215168, -7.23389673233, -5.71861076355], "cov": [[28678.375, 2358.02929688, -3176.56323242, -183.40435791, -1197.81091309, -85.9426269531, -827.634460449, 465.118286133, -247.255859375, 175.024337769, -225.453552246, -49.5336608887, -118.590530396], [2358.02929688, 1120.33520508, -680.896179199, 65.1490097046, -31.4736423492, -147.816253662, 41.7762641907, -48.4505767822, 69.5279846191, -75.3672790527, 47.5187530518, -86.6595153809, 28.3113098145], [-3176.56323242, -680.896179199, 724.674133301, -3.13109469414, 143.561096191, 90.7491226196, 49.7458686829, -12.0323724747, -24.4246730804, 12.3415651321, -25.0906867981, 39.0241203308, -8.33506393433], [-183.40435791, 65.1490097046, -3.13109469414, 130.234924316, 12.0384435654, 14.0993585587, 13.3024339676, -7.82834911346, 0.299894839525, -16.0372486115, 9.67420578003, -2.723706007, 3.27281761169], [-1197.81091309, -31.4736423492, 143.561096191, 12.0384435654, 174.544815063, 16.5340175629, 71.4795150757, -9.42210578918, 34.4742279053, -9.22288990021, 23.5560874939, -3.11273527145, 3.15354847908], [-85.9426269531, -147.816253662, 90.7491226196, 14.0993585587, 16.5340175629, 105.145256042, 11.544875145, 31.4225616455, -10.3430786133, 12.3004999161, -18.4194717407, 10.049328804, -17.9391441345], [-827.634460449, 41.7762641907, 49.7458686829, 13.3024339676, 71.4795150757, 11.544875145, 116.513717651, 18.9867210388, 50.645652771, -10.3879156113, 20.7376022339, -12.9806537628, 4.14508485794], [465.118286133, -48.4505767822, -12.0323724747, -7.82834911346, -9.42210578918, 31.4225616455, 18.9867210388, 85.9192428589, 30.9308929443, 24.8703422546, -2.14064836502, 8.05852031708, -15.7036819458], [-247.255859375, 69.5279846191, -24.4246730804, 0.299894839525, 34.4742279053, -10.3430786133, 50.645652771, 30.9308929443, 92.7179946899, 26.4116134644, 26.0238304138, -15.8904943466, -4.46392345428], [175.024337769, -75.3672790527, 12.3415651321, -16.0372486115, -9.22288990021, 12.3004999161, -10.3879156113, 24.8703422546, 26.4116134644, 62.4797897339, 18.7202186584, 6.67695569992, -9.91678714752], [-225.453552246, 47.5187530518, -25.0906867981, 9.67420578003, 23.5560874939, -18.4194717407, 20.7376022339, -2.14064836502, 26.0238304138, 18.7202186584, 69.4584350586, 25.1781578064, 13.0118732452], [-49.5336608887, -86.6595153809, 39.0241203308, -2.723706007, -3.11273527145, 10.049328804, -12.9806537628, 8.05852031708, -15.8904943466, 6.67695569992, 25.1781578064, 63.9353790283, 25.380777359], [-118.590530396, 28.3113098145, -8.33506393433, 3.27281761169, 3.15354847908, -17.9391441345, 4.14508485794, -15.7036819458, -4.46392345428, -9.91678714752, 13.0118732452, 25.380777359, 52.6244163513]], "icov": [[0.000174915054231, -0.000375451840227, 0.000417085218942, 0.000155599758727, 0.00014712139091, -0.000218225555727, 0.000756962574087, -0.00114965368994, 0.0007658097893, -0.000802096154075, 0.000599127612077, -0.00026745715877, 6.13133524894e-05], [-0.000375451840227, 0.00475935870782, 0.00263067521155, -0.0015100853052, -0.00135106069501, 0.00180253596045, -0.00259079248644, 0.0038539019879, -0.00322051206604, 0.00497875316069, -0.00259891664609, 0.00327654834837, -0.00111908128019], [0.000417085218942, 0.00263067521155, 0.0064726122655, -0.00073447835166, -0.00249207299203, 7.13299159543e-05, -0.000610181479715, 0.000148360530147, 0.00127279479057, -0.00128682760987, 0.00333478231914, -0.00147434358951, 0.000613482610788], [0.000155599758727, -0.0015100853052, -0.00073447835166, 0.00923095270991, 0.000841546687298, -0.00352013274096, 0.00154761387967, -0.000997091876343, 0.000447603175417, 0.00214399234392, -0.00277998484671, 0.0011854681652, -0.000639603124], [0.00014712139091, -0.00135106069501, -0.00249207299203, 0.000841546687298, 0.0105969710276, -0.00237888121046, -0.00225373450667, 0.000811688951217, -0.00199623545632, 0.00175044883508, -0.00313889281824, 0.000642700761091, 0.0002117909753], [-0.000218225555727, 0.00180253596045, 7.13299159543e-05, -0.00352013274096, -0.00237888121046, 0.0168369188905, -0.00514210760593, -0.0020627817139, 0.00324898189865, -0.00373085797764, 0.00583135057241, -0.0044345445931, 0.00470973737538], [0.000756962574087, -0.00259079248644, -0.000610181479715, 0.00154761387967, -0.00225373450667, -0.00514210760593, 0.0228059533983, -0.0108418054879, -0.00398563453928, 0.00593568105251, -0.00558521365747, 0.00670991605148, -0.00481749279425], [-0.00114965368994, 0.0038539019879, 0.000148360530147, -0.000997091876343, 0.000811688951217, -0.0020627817139, -0.0108418054879, 0.0297921448946, -0.0129329832271, 0.000835913815536, 0.00371204433031, -0.00886894389987, 0.00683395657688], [0.0007658097893, -0.00322051206604, 0.00127279479057, 0.000447603175417, -0.00199623545632, 0.00324898189865, -0.00398563453928, -0.0129329832271, 0.0285850279033, -0.0152541203424, -0.00082330283476, 0.00529513508081, -0.00148617872037], [-0.000802096154075, 0.00497875316069, -0.00128682760987, 0.00214399234392, 0.00175044883508, -0.00373085797764, 0.00593568105251, 0.000835913815536, -0.0152541203424, 0.037465043366, -0.0173388309777, 0.00798506103456, -0.000215887775994], [0.000599127612077, -0.00259891664609, 0.00333478231914, -0.00277998484671, -0.00313889281824, 0.00583135057241, -0.00558521365747, 0.00371204433031, -0.00082330283476, -0.0173388309777, 0.0362842679024, -0.0229149181396, 0.00591602036729], [-0.00026745715877, 0.00327654834837, -0.00147434358951, 0.0011854681652, 0.000642700761091, -0.0044345445931, 0.00670991605148, -0.00886894389987, 0.00529513508081, 0.00798506103456, -0.0229149181396, 0.0413730293512, -0.0197324212641], [6.13133524894e-05, -0.00111908128019, 0.000613482610788, -0.000639603124, 0.0002117909753, 0.00470973737538, -0.00481749279425, 0.00683395657688, -0.00148617872037, -0.000215887775994, 0.00591602036729, -0.0197324212641, 0.031778767705]]}, "melbands": {"dmean": [8.39396761876e-06, 3.62881182809e-05, 2.9416891266e-05, 2.45814189839e-05, 0.000111128916615, 0.000139681360452, 0.000255607999861, 0.000241415051278, 0.000188962716493, 8.68211063789e-05, 9.16817007237e-05, 7.7039556345e-05, 4.11234723288e-05, 1.71786905412e-05, 1.85850749403e-05, 1.65517940331e-05, 2.05273372558e-05, 1.03476013464e-05, 2.36352370848e-05, 1.04623213701e-05, 5.80210053158e-06, 6.46847456665e-06, 3.7534528019e-06, 2.8513743473e-06, 2.7032322123e-06, 1.65809990449e-06, 1.08463905235e-06, 5.34049718226e-07, 3.4945279026e-07, 1.98345233571e-07, 1.31134100911e-07, 9.83718564385e-08, 7.19900938861e-08, 3.98011934521e-08, 2.67241588858e-08, 2.09753352465e-08, 1.51521764025e-08, 1.28369501695e-08, 1.69143916651e-08, 4.20703294424e-08], "dmean2": [1.14124377433e-05, 4.98428889841e-05, 3.68810069631e-05, 3.38770332746e-05, 0.000155601330334, 0.000185830838745, 0.00035034638131, 0.000314668985084, 0.000244607334025, 0.000113168396638, 0.000139447685797, 0.000115168630145, 6.17453042651e-05, 2.80125696008e-05, 2.99552084471e-05, 2.48341948463e-05, 3.512922558e-05, 1.71026258613e-05, 4.11619766965e-05, 1.8062090021e-05, 9.95209848043e-06, 1.09230277303e-05, 6.28456473351e-06, 4.81123333884e-06, 4.37734206571e-06, 2.73740329249e-06, 1.80410381745e-06, 8.75774617271e-07, 5.62475747756e-07, 3.20419019317e-07, 2.01826850343e-07, 1.6042650941e-07, 1.16690820562e-07, 6.45199875748e-08, 4.46528929388e-08, 3.54699061234e-08, 2.43194939742e-08, 2.0432603165e-08, 2.61677950419e-08, 5.95180758012e-08], "dvar": [1.3191410464e-10, 2.56980281499e-09, 2.07109285277e-09, 1.8932713175e-09, 4.0768956211e-08, 5.05548278795e-08, 2.69919098628e-07, 2.0699394554e-07, 1.07033358177e-07, 2.9188239381e-08, 3.67743275831e-08, 2.83347034724e-08, 6.50318066064e-09, 9.9876373838e-10, 1.35226796427e-09, 1.77844938776e-09, 2.05021488675e-09, 3.23339910402e-10, 3.24668847362e-09, 5.41158062806e-10, 9.32945318222e-11, 1.08761943896e-10, 3.82667023069e-11, 2.15931942465e-11, 2.25619401634e-11, 1.20205087203e-11, 3.00806905426e-12, 6.38193220059e-13, 3.042550207e-13, 1.04262207049e-13, 3.3667519998e-14, 2.47521661913e-14, 1.80201838016e-14, 4.94104430155e-15, 2.94328596699e-15, 2.20107101761e-15, 1.2234417894e-15, 6.81811335838e-16, 1.25642334654e-15, 2.93278009029e-14], "dvar2": [2.51515530625e-10, 4.55513005093e-09, 2.4447472935e-09, 3.74937991765e-09, 8.70667165032e-08, 8.54105692838e-08, 4.92123660933e-07, 3.42646899298e-07, 1.79086526941e-07, 4.76928860849e-08, 7.6744299804e-08, 6.45087041562e-08, 1.42209373166e-08, 2.76270273325e-09, 3.29669647137e-09, 3.49984197179e-09, 5.78334979906e-09, 7.95967236566e-10, 1.02404644764e-08, 1.60398505589e-09, 2.58167376366e-10, 2.93969404375e-10, 1.00956264182e-10, 5.67070140844e-11, 5.56207094271e-11, 3.23311308281e-11, 8.13983776216e-12, 1.70696779194e-12, 7.66378280281e-13, 2.81027723878e-13, 7.91413308043e-14, 6.74674075288e-14, 4.7996810248e-14, 1.30158699506e-14, 8.30912131499e-15, 6.4995362201e-15, 3.14772986254e-15, 1.69755482322e-15, 3.1246346622e-15, 6.0450464621e-14], "max": [0.000494770472869, 0.0025835824199, 0.00207406049594, 0.00189011846669, 0.00554017536342, 0.00887424685061, 0.00958655495197, 0.0080467062071, 0.00927637517452, 0.00539320427924, 0.00424787215889, 0.00342495273799, 0.00148950750008, 0.000594079610892, 0.000849684467539, 0.000883549975697, 0.000716612092219, 0.000428648898378, 0.00110309896991, 0.000724697718397, 0.000121366974781, 0.000183731608558, 9.97914976324e-05, 8.72192904353e-05, 6.76706040394e-05, 9.17849683901e-05, 3.64120824088e-05, 1.29647305585e-05, 1.0423466847e-05, 8.23650498205e-06, 2.82407813756e-06, 2.67514633379e-06, 1.92235893337e-06, 1.26411748624e-06, 1.12935458674e-06, 1.12487202841e-06, 8.4548526047e-07, 6.20482126124e-07, 7.94700042661e-07, 3.19211562783e-06], "mean": [5.17497246619e-05, 0.00018399876717, 0.000149018771481, 0.000100895907963, 0.000310776667902, 0.000407438434195, 0.000783633382525, 0.000748818682041, 0.000648009474389, 0.000306918576825, 0.000183408817975, 0.000153868400957, 7.84017247497e-05, 3.00544234051e-05, 3.33374919137e-05, 2.95465306408e-05, 3.07133377646e-05, 1.91102153622e-05, 3.66881213267e-05, 1.79057569767e-05, 1.07981113615e-05, 1.22163864944e-05, 7.71304530645e-06, 5.67033293919e-06, 5.44521026313e-06, 3.60434205504e-06, 2.26850443141e-06, 1.1628512766e-06, 7.99755241587e-07, 4.76081027045e-07, 2.85440677317e-07, 2.33121213e-07, 1.77341519247e-07, 1.1055414717e-07, 7.80729365601e-08, 5.83730965786e-08, 4.50232029436e-08, 3.70271351358e-08, 4.2065792627e-08, 8.0707224015e-08], "median": [2.75290349236e-05, 9.42078986554e-05, 7.44204153307e-05, 6.19987258688e-05, 0.00014955594088, 0.000235435727518, 0.000277736777207, 0.000243806716753, 0.000214073705138, 0.000111083318188, 7.89829500718e-05, 6.34403259028e-05, 3.58290635631e-05, 1.56254609465e-05, 1.74478973349e-05, 8.96087021829e-06, 1.26000604723e-05, 1.04534865386e-05, 1.3883102838e-05, 9.89214458968e-06, 6.31919920124e-06, 7.61505771152e-06, 4.59666171082e-06, 3.59820955964e-06, 2.74792819255e-06, 2.01861053029e-06, 1.53768894506e-06, 8.35286812162e-07, 5.31788714397e-07, 3.15258631645e-07, 1.92416933942e-07, 1.37235119269e-07, 8.66677822842e-08, 4.97031464874e-08, 2.82714829325e-08, 2.23342961903e-08, 1.36119542304e-08, 1.4721644348e-08, 1.69954930129e-08, 1.14570122278e-08], "min": [1.23470191606e-24, 7.90230269145e-25, 2.14792309451e-24, 4.58941328072e-25, 1.27807161509e-24, 1.12063519297e-24, 2.16642543261e-24, 2.51170590652e-24, 2.39273365189e-24, 1.84530481e-24, 2.93659467311e-24, 2.02607110314e-24, 2.92877548382e-24, 2.46225221637e-24, 2.04609199848e-24, 4.4064673649e-24, 3.89356972585e-24, 3.20318134135e-24, 3.19239623227e-24, 5.04812603634e-24, 5.21765145602e-24, 4.16514692538e-24, 4.02491979973e-24, 4.54076225654e-24, 5.295766435e-24, 3.85664314687e-24, 4.73257299679e-24, 4.33428264777e-24, 5.07236575981e-24, 5.31012607006e-24, 5.73104292199e-24, 5.79483139808e-24, 5.56214701333e-24, 4.52094094301e-24, 6.36545590603e-24, 5.76967620154e-24, 5.50811595777e-24, 7.19071406455e-24, 6.371022503e-24, 5.90372299643e-24], "var": [5.35378630317e-09, 8.11516329691e-08, 6.09872614632e-08, 1.68466414152e-08, 2.35788149894e-07, 4.40416471292e-07, 1.66362531218e-06, 1.28402848532e-06, 1.24979044358e-06, 2.90934337954e-07, 1.06147190593e-07, 6.55656506865e-08, 1.52111727658e-08, 1.76189551837e-09, 2.64785660065e-09, 4.4167989266e-09, 3.31126059905e-09, 7.95686405652e-10, 4.88979345903e-09, 7.49501516406e-10, 1.7944352948e-10, 1.96527016882e-10, 9.03076918801e-11, 4.74833783404e-11, 5.94011576038e-11, 2.64032060104e-11, 6.69473114098e-12, 1.47835660814e-12, 8.18338940448e-13, 3.03870806555e-13, 8.63891884461e-14, 7.61227086682e-14, 6.17173345307e-14, 2.53733310269e-14, 1.80545750334e-14, 1.05282146526e-14, 7.93024178362e-15, 4.11214844728e-15, 5.42405552236e-15, 6.2361526804e-14]}, "mfcc": {"mean": [-703.513427734, 162.101043701, -35.6035652161, 12.4567689896, -14.8242273331, -18.579706192, -12.2967233658, -5.94014358521, 0.812428176403, 1.24520838261, 1.51123094559, -1.92964613438, 1.9531236887], "cov": [[8731.27734375, 1697.98937988, -596.097595215, 28.0910835266, -133.967788696, -268.707336426, -131.987960815, 19.6629676819, 66.2554550171, 100.921783447, 79.4520492554, 5.85964488983, 133.965942383], [1697.98937988, 1213.70507812, -397.298553467, 145.953994751, -76.0358505249, -77.9468154907, -46.072807312, -9.26592159271, 22.5890541077, 14.5727329254, 6.46503400803, 21.8839626312, 17.2695980072], [-596.097595215, -397.298553467, 288.84262085, -48.6816101074, 26.766336441, 36.7833213806, 16.5334300995, -4.43477725983, -4.02542829514, -23.307970047, 3.1909942627, -29.6282043457, -20.7549114227], [28.0910835266, 145.953994751, -48.6816101074, 114.013679504, 6.82142066956, 0.138918608427, 1.804946661, 1.58053636551, 2.72827363014, -5.92282676697, -6.61658382416, 8.6686296463, 10.7206897736], [-133.967788696, -76.0358505249, 26.766336441, 6.82142066956, 72.9836044312, 26.9916210175, 9.99516677856, 3.55294704437, -8.13238048553, -3.46254444122, -2.89551234245, 0.901841044426, 4.23776483536], [-268.707336426, -77.9468154907, 36.7833213806, 0.138918608427, 26.9916210175, 69.0576248169, 27.2673950195, 8.76706123352, 1.80255627632, -0.479982733727, -2.1303358078, 0.0969084054232, -13.6618776321], [-131.987960815, -46.072807312, 16.5334300995, 1.804946661, 9.99516677856, 27.2673950195, 61.9718399048, 25.5749721527, 5.49513339996, -9.28325843811, 1.85233879089, -5.98027133942, 6.70434188843], [19.6629676819, -9.26592159271, -4.43477725983, 1.58053636551, 3.55294704437, 8.76706123352, 25.5749721527, 71.9102096558, 22.7189979553, 13.3302145004, -6.60874414444, 11.9575519562, 5.65879869461], [66.2554550171, 22.5890541077, -4.02542829514, 2.72827363014, -8.13238048553, 1.80255627632, 5.49513339996, 22.7189979553, 66.6935653687, 24.649356842, 23.5838851929, 1.82514631748, -6.61007785797], [100.921783447, 14.5727329254, -23.307970047, -5.92282676697, -3.46254444122, -0.479982733727, -9.28325843811, 13.3302145004, 24.649356842, 80.2733764648, 23.1635093689, 24.5278701782, -7.47179174423], [79.4520492554, 6.46503400803, 3.1909942627, -6.61658382416, -2.89551234245, -2.1303358078, 1.85233879089, -6.60874414444, 23.5838851929, 23.1635093689, 70.1124954224, 11.494058609, 9.74190616608], [5.85964488983, 21.8839626312, -29.6282043457, 8.6686296463, 0.901841044426, 0.0969084054232, -5.98027133942, 11.9575519562, 1.82514631748, 24.5278701782, 11.494058609, 70.4298019409, 15.8510913849], [133.965942383, 17.2695980072, -20.7549114227, 10.7206897736, 4.23776483536, -13.6618776321, 6.70434188843, 5.65879869461, -6.61007785797, -7.47179174423, 9.74190616608, 15.8510913849, 76.4654541016]], "icov": [[0.000186139979633, -0.000273662415566, 1.67658993178e-06, 0.000307600130327, -0.000119507792988, 0.000365519605111, 0.000139947209391, -0.000165629156982, -1.66650315805e-05, -0.000179180511623, -0.000100919009128, 0.000217129985685, -0.000286164344288], [-0.000273662415566, 0.00222231331281, 0.00218427297659, -0.00198505818844, 0.00114846741781, -0.000217956025153, 0.000460176670458, 0.000173679043655, -0.000270494812867, 0.000733481254429, -0.000416867114836, 0.000137887109304, 0.000765754957683], [1.67658993178e-06, 0.00218427297659, 0.0070090466179, -3.0077952033e-05, 1.99192145374e-05, -0.00139553064946, 0.000847210525535, -0.00015925495245, -0.00038723074249, 0.00188272714149, -0.00153075100388, 0.00173437607009, 0.00108347088099], [0.000307600130327, -0.00198505818844, -3.0077952033e-05, 0.0117793930694, -0.00243990728632, -0.000140258678584, -0.000666269275825, 0.000577472848818, -0.00152539275587, 0.000746295787394, 0.00159194902517, -0.0011015223572, -0.00165782973636], [-0.000119507792988, 0.00114846741781, 1.99192145374e-05, -0.00243990728632, 0.0176638662815, -0.00688795885071, 0.001254816656, -0.000941527308896, 0.00238477671519, -0.000143641824252, -0.000383685081033, 0.000469398743007, -0.00180875940714], [0.000365519605111, -0.000217956025153, -0.00139553064946, -0.000140258678584, -0.00688795885071, 0.02371352911, -0.00970020331442, 0.0012669734424, -0.000828291347716, -0.00120676273946, 0.000876292353496, -0.00225006206892, 0.00459029059857], [0.000139947209391, 0.000460176670458, 0.000847210525535, -0.000666269275825, 0.001254816656, -0.00970020331442, 0.0260953139514, -0.00990267284214, 0.000968881591689, 0.00386475678533, -0.00400323979557, 0.00419917702675, -0.00328259589151], [-0.000165629156982, 0.000173679043655, -0.00015925495245, 0.000577472848818, -0.000941527308896, 0.0012669734424, -0.00990267284214, 0.0220220889896, -0.00822279695421, -0.00302604422905, 0.00724163232371, -0.00435125548393, -0.00138328911271], [-1.66650315805e-05, -0.000270494812867, -0.00038723074249, -0.00152539275587, 0.00238477671519, -0.000828291347716, 0.000968881591689, -0.00822279695421, 0.0225972756743, -0.00395597796887, -0.00794449448586, 0.00311308214441, 0.00237615522929], [-0.000179180511623, 0.000733481254429, 0.00188272714149, 0.000746295787394, -0.000143641824252, -0.00120676273946, 0.00386475678533, -0.00302604422905, -0.00395597796887, 0.0185033474118, -0.00473818136379, -0.00498629268259, 0.00333547126502], [-0.000100919009128, -0.000416867114836, -0.00153075100388, 0.00159194902517, -0.000383685081033, 0.000876292353496, -0.00400323979557, 0.00724163232371, -0.00794449448586, -0.00473818136379, 0.0206533074379, -0.0029862569645, -0.00353681575507], [0.000217129985685, 0.000137887109304, 0.00173437607009, -0.0011015223572, 0.000469398743007, -0.00225006206892, 0.00419917702675, -0.00435125548393, 0.00311308214441, -0.00498629268259, -0.0029862569645, 0.0191541537642, -0.00406881421804], [-0.000286164344288, 0.000765754957683, 0.00108347088099, -0.00165782973636, -0.00180875940714, 0.00459029059857, -0.00328259589151, -0.00138328911271, 0.00237615522929, 0.00333547126502, -0.00353681575507, -0.00406881421804, 0.0170686729252]]}, "spectral_contrast_coeffs": {"dmean": [0.0316432900727, 0.034346241504, 0.0324396826327, 0.027416171506, 0.0174944978207, 0.011856530793], "dmean2": [0.0520333051682, 0.0554374828935, 0.0518162623048, 0.0465510413051, 0.029608104378, 0.0196258127689], "dvar": [0.000724306562915, 0.000764158903621, 0.000698538729921, 0.000506800657604, 0.000204277341254, 8.95759876585e-05], "dvar2": [0.00194305984769, 0.00195675785653, 0.00182485359255, 0.00143912457861, 0.000554922153242, 0.000232319391216], "max": [-0.440069437027, -0.468003183603, -0.445737689734, -0.549805402756, -0.680880188942, -0.67434155941], "mean": [-0.655739068985, -0.6887575984, -0.703955948353, -0.742548823357, -0.77708619833, -0.752102017403], "median": [-0.654416024685, -0.687844336033, -0.704949378967, -0.737682342529, -0.774220645428, -0.747336506844], "min": [-0.977565944195, -0.977727115154, -0.974770009518, -0.969563424587, -0.966802299023, -0.965333998203], "var": [0.00551353534684, 0.00575322378427, 0.00570783019066, 0.003085287055, 0.00173695269041, 0.00137767998967]}, "spectral_contrast_valleys": {"dmean": [0.30536493659, 0.274270266294, 0.249441444874, 0.211859971285, 0.163916662335, 0.145978391171], "dmean2": [0.506891012192, 0.445791065693, 0.410756438971, 0.35116147995, 0.260476261377, 0.19700820744], "dvar": [0.0909066274762, 0.104214273393, 0.0984