{"lowlevel": {"average_loudness": 0.923746645451, "barkbands_crest": {"dmean": 2.40186429024, "dmean2": 3.67579221725, "dvar": 7.74993276596, "dvar2": 19.4904670715, "max": 25.8680992126, "mean": 13.5913944244, "median": 12.8997173309, "min": 3.25753378868, "var": 19.7781715393}, "barkbands_flatness_db": {"dmean": 0.0408044010401, "dmean2": 0.0505679659545, "dvar": 0.00165824941359, "dvar2": 0.00297728204168, "max": 0.737436175346, "mean": 0.27782613039, "median": 0.272820681334, "min": 0.0356305912137, "var": 0.0111073423177}, "barkbands_kurtosis": {"dmean": 8.86205768585, "dmean2": 14.1606216431, "dvar": 533.26574707, "dvar2": 1353.03735352, "max": 629.112915039, "mean": 13.7996988297, "median": 7.87668418884, "min": -1.86874294281, "var": 665.467407227}, "barkbands_skewness": {"dmean": 0.778331041336, "dmean2": 1.18134725094, "dvar": 1.17164194584, "dvar2": 2.81935167313, "max": 16.9751796722, "mean": 2.27571415901, "median": 2.03399419785, "min": -3.36709165573, "var": 2.55887818336}, "barkbands_spread": {"dmean": 3.22365832329, "dmean2": 5.03834915161, "dvar": 49.741519928, "dvar2": 120.876564026, "max": 100.116905212, "mean": 7.27096652985, "median": 5.13618040085, "min": 0.207019627094, "var": 82.9982223511}, "dissonance": {"dmean": 0.0380091033876, "dmean2": 0.0622641965747, "dvar": 0.00148241780698, "dvar2": 0.00369083555415, "max": 0.500000178814, "mean": 0.396566361189, "median": 0.407563328743, "min": 0.122078798711, "var": 0.00400044908747}, "dynamic_complexity": 6.66291904449, "erbbands_crest": {"dmean": 2.7861366272, "dmean2": 4.33692502975, "dvar": 10.8722410202, "dvar2": 26.3675956726, "max": 33.5837593079, "mean": 13.4782781601, "median": 12.1571264267, "min": 2.7285194397, "var": 34.2851829529}, "erbbands_flatness_db": {"dmean": 0.0344011746347, "dmean2": 0.0450311675668, "dvar": 0.00123963970691, "dvar2": 0.00224518589675, "max": 0.556598484516, "mean": 0.23500148952, "median": 0.232999816537, "min": 0.0431351140141, "var": 0.00651388522238}, "erbbands_kurtosis": {"dmean": 3.74207925797, "dmean2": 5.69829368591, "dvar": 74.7792205811, "dvar2": 158.943145752, "max": 229.088684082, "mean": 5.9063038826, "median": 2.41116952896, "min": -1.7306009531, "var": 137.231735229}, "erbbands_skewness": {"dmean": 0.585411429405, "dmean2": 0.870023012161, "dvar": 0.57638245821, "dvar2": 1.27354001999, "max": 11.22240448, "mean": 1.43305802345, "median": 1.20077681541, "min": -3.03741240501, "var": 1.50714921951}, "erbbands_spread": {"dmean": 7.89174032211, "dmean2": 12.1266317368, "dvar": 175.830154419, "dvar2": 399.956176758, "max": 153.316452026, "mean": 21.6482009888, "median": 17.1648101807, "min": 0.562116146088, "var": 320.849487305}, "hfc": {"dmean": 4.96265220642, "dmean2": 6.99734067917, "dvar": 140.3568573, "dvar2": 338.026824951, "max": 169.082138062, "mean": 9.27774238586, "median": 4.88077116013, "min": 1.52048401647e-10, "var": 197.255569458}, "melbands_crest": {"dmean": 2.76103377342, "dmean2": 4.27331924438, "dvar": 11.584774971, "dvar2": 27.2355041504, "max": 36.2034111023, "mean": 16.9316425323, "median": 15.7797603607, "min": 1.81128227711, "var": 31.4932613373}, "melbands_flatness_db": {"dmean": 0.0462497025728, "dmean2": 0.0564117468894, "dvar": 0.00216299528256, "dvar2": 0.00396475987509, "max": 0.937306284904, "mean": 0.380807518959, "median": 0.367298096418, "min": 0.00479910476133, "var": 0.0160699002445}, "melbands_kurtosis": {"dmean": 13.0263357162, "dmean2": 20.5165309906, "dvar": 1003.93896484, "dvar2": 2421.06323242, "max": 537.194152832, "mean": 20.715587616, "median": 11.7486724854, "min": -1.69928812981, "var": 1274.54260254}, "melbands_skewness": {"dmean": 0.865116178989, "dmean2": 1.30107498169, "dvar": 1.60237109661, "dvar2": 3.84971022606, "max": 18.569316864, "mean": 2.65373659134, "median": 2.41620159149, "min": -2.6782476902, "var": 3.27236485481}, "melbands_spread": {"dmean": 3.03327345848, "dmean2": 4.74271392822, "dvar": 87.7678375244, "dvar2": 227.191207886, "max": 190.791656494, "mean": 7.4809346199, "median": 5.52742290497, "min": 0.202462077141, "var": 138.137039185}, "pitch_salience": {"dmean": 0.0617707706988, "dmean2": 0.0958904102445, "dvar": 0.00569770438597, "dvar2": 0.0136643908918, "max": 0.871255159378, "mean": 0.485652655363, "median": 0.489079743624, "min": 0.0566094182432, "var": 0.0140236252919}, "silence_rate_20dB": {"dmean": 0.00480192061514, "dmean2": 0.00960576348007, "dvar": 0.00477881496772, "dvar2": 0.0143161872402, "max": 1, "mean": 0.997599542141, "median": 1, "min": 0, "var": 0.00239470554516}, "silence_rate_30dB": {"dmean": 0.0296118445694, "dmean2": 0.0592355430126, "dvar": 0.0287344194949, "dvar2": 0.0633319020271, "max": 1, "mean": 0.960992217064, "median": 1, "min": 0, "var": 0.0374864302576}, "silence_rate_60dB": {"dmean": 0.0604241713881, "dmean2": 0.120672404766, "dvar": 0.0567738376558, "dvar2": 0.116918869317, "max": 1, "mean": 0.196239247918, "median": 0, "min": 0, "var": 0.157733336091}, "spectral_centroid": {"dmean": 121.346473694, "dmean2": 186.647476196, "dvar": 75462.1953125, "dvar2": 182758.765625, "max": 5224.22412109, "mean": 488.029449463, "median": 420.794219971, "min": 118.434936523, "var": 143583.765625}, "spectral_complexity": {"dmean": 1.71748697758, "dmean2": 2.52511501312, "dvar": 7.10586595535, "dvar2": 15.2879152298, "max": 33, "mean": 7.53270673752, "median": 7, "min": 0, "var": 22.82853508}, "spectral_decrease": {"dmean": 3.0126299233e-09, "dmean2": 4.08776390515e-09, "dvar": 5.55282110042e-17, "dvar2": 1.0011814293e-16, "max": 3.8733278122e-18, "mean": -8.16528267222e-09, "median": -6.37229780054e-09, "min": -1.12399625607e-07, "var": 1.19516732669e-16}, "spectral_energy": {"dmean": 0.0117613477632, "dmean2": 0.0159511547536, "dvar": 0.000828892691061, "dvar2": 0.00150297000073, "max": 0.427031904459, "mean": 0.0316592007875, "median": 0.0245492681861, "min": 1.56881055862e-14, "var": 0.00178183184471}, "spectral_energyband_high": {"dmean": 0.000170232131495, "dmean2": 0.000289134244667, "dvar": 5.06804383349e-07, "dvar2": 1.35992024752e-06, "max": 0.0132317915559, "mean": 0.000128380444949, "median": 6.5372400968e-06, "min": 1.09452733471e-14, "var": 3.51629154238e-07}, "spectral_energyband_low": {"dmean": 0.00501095410436, "dmean2": 0.00721100904047, "dvar": 0.000516745436471, "dvar2": 0.000897833902854, "max": 0.396461546421, "mean": 0.0155122252181, "median": 0.00901501812041, "min": 4.21171542322e-16, "var": 0.000920686812606}, "spectral_energyband_middle_high": {"dmean": 0.000596682017203, "dmean2": 0.000860211672261, "dvar": 3.30941020366e-06, "dvar2": 8.44625810714e-06, "max": 0.0340757369995, "mean": 0.000945725070778, "median": 0.000299238046864, "min": 2.90103935171e-15, "var": 3.9888595893e-06}, "spectral_energyband_middle_low": {"dmean": 0.0074676470831, "dmean2": 0.0102214347571, "dvar": 0.000239782311837, "dvar2": 0.000513442326337, "max": 0.208428949118, "mean": 0.0163949672133, "median": 0.00979455560446, "min": 3.82099818289e-16, "var": 0.00049763295101}, "spectral_entropy": {"dmean": 0.393352001905, "dmean2": 0.501946926117, "dvar": 0.190403878689, "dvar2": 0.334337085485, "max": 8.79799079895, "mean": 6.20932817459, "median": 6.06388187408, "min": 3.51814103127, "var": 0.802311301231}, "spectral_flux": {"dmean": 0.0316357761621, "dmean2": 0.0473081804812, "dvar": 0.0027779568918, "dvar2": 0.0066696498543, "max": 0.586769104004, "mean": 0.0533601827919, "median": 0.0295965410769, "min": 9.30911755859e-06, "var": 0.00445016706362}, "spectral_kurtosis": {"dmean": 14.7456140518, "dmean2": 22.587884903, "dvar": 1060.98364258, "dvar2": 2904.96386719, "max": 878.116027832, "mean": 33.054058075, "median": 15.4061260223, "min": -0.515745162964, "var": 3135.0378418}, "spectral_rms": {"dmean": 0.000897426682059, "dmean2": 0.00113965477794, "dvar": 2.35076572608e-06, "dvar2": 4.09067570217e-06, "max": 0.0204111859202, "mean": 0.00461974088103, "median": 0.00489392550662, "min": 3.91222032547e-09, "var": 9.5448740467e-06}, "spectral_rolloff": {"dmean": 205.364822388, "dmean2": 359.888397217, "dvar": 771973.625, "dvar2": 1932465.875, "max": 18820.0195312, "mean": 608.06072998, "median": 430.6640625, "min": 43.06640625, "var": 2146308}, "spectral_skewness": {"dmean": 0.924176990986, "dmean2": 1.33615291119, "dvar": 1.1780424118, "dvar2": 2.59668564796, "max": 26.4167003632, "mean": 3.85165286064, "median": 3.17756175995, "min": 0.41206780076, "var": 6.6491689682}, "spectral_spread": {"dmean": 1090119.5, "dmean2": 1471348.5, "dvar": 1596401778690.0, "dvar2": 2940023865340.0, "max": 14192341, "mean": 3548712.75, "median": 2845390.75, "min": 184909.265625, "var": 5892574543870.0}, "spectral_strongpeak": {"dmean": 0.32726123929, "dmean2": 0.511674821377, "dvar": 0.463455557823, "dvar2": 0.947278916836, "max": 9.5321855545, "mean": 0.731049656868, "median": 0.449625939131, "min": 0, "var": 1.09445333481}, "zerocrossingrate": {"dmean": 0.00743031594902, "dmean2": 0.00915461406112, "dvar": 0.000176763453055, "dvar2": 0.000244225841016, "max": 0.5087890625, "mean": 0.0275436919183, "median": 0.02001953125, "min": 0.001953125, "var": 0.00152754597366}, "barkbands": {"dmean": [0.000778651155997, 0.00381171843037, 0.000924927648157, 0.000893432006706, 0.00245705456473, 0.00119996489957, 0.00315354089253, 0.00065857404843, 0.000456736393971, 0.000198400797672, 6.81081364746e-05, 0.000171939085703, 5.16884974786e-05, 5.69052208448e-05, 7.30412575649e-05, 3.11480507662e-05, 2.51929450314e-05, 2.65806575044e-05, 1.83935790119e-05, 1.44875020851e-05, 1.18380194181e-05, 2.68601324933e-05, 3.14441676892e-05, 2.40132849285e-05, 3.41702616424e-05, 2.47746665991e-05, 1.3504335584e-05], "dmean2": [0.00121849181596, 0.00561828026548, 0.00139539409429, 0.0012391586788, 0.00380363105796, 0.0017228530487, 0.00471513159573, 0.00089270825265, 0.000587894814089, 0.000288290437311, 0.000103893937194, 0.000240395485889, 8.92724492587e-05, 8.42062509037e-05, 0.000107250867586, 5.15543906658e-05, 4.0678143705e-05, 4.45746227342e-05, 2.9885875847e-05, 2.44654802373e-05, 1.93613013835e-05, 4.61394702143e-05, 5.32470694452e-05, 4.08381201851e-05, 6.02694672125e-05, 4.38620118075e-05, 2.40473455051e-05], "dvar": [3.24108405039e-05, 0.000429247855209, 5.32620879312e-06, 6.45830641588e-06, 5.37658452231e-05, 1.18947009469e-05, 9.62777849054e-05, 6.34634716334e-06, 7.00628925188e-06, 6.40796940843e-07, 7.43710160123e-08, 9.4452070698e-07, 6.34033696656e-08, 5.03260437767e-08, 4.08642968353e-08, 8.50011083742e-09, 1.15401075362e-08, 6.84640388826e-09, 3.59491814095e-09, 4.23448520692e-09, 1.42844180928e-09, 1.18323688625e-08, 1.30366917261e-08, 7.68483054969e-09, 3.43182477991e-08, 2.14254978204e-08, 9.46719147521e-09], "dvar2": [8.02640570328e-05, 0.000770381826442, 1.32637851493e-05, 1.47845639731e-05, 0.000128027619212, 2.8537646358e-05, 0.000218100496568, 1.11487488539e-05, 7.71933082433e-06, 1.47464368183e-06, 1.93113578462e-07, 2.22928997573e-06, 1.78229441872e-07, 1.10107684748e-07, 9.64631752254e-08, 2.32398953415e-08, 3.13753716341e-08, 1.9609874613e-08, 9.30235000141e-09, 1.19923075914e-08, 3.79794329319e-09, 3.24394235918e-08, 3.42416193178e-08, 2.00438776687e-08, 9.56031556143e-08, 5.91124731386e-08, 2.61676049718e-08], "max": [0.105270504951, 0.357844442129, 0.040175780654, 0.0474978163838, 0.138906911016, 0.0692556425929, 0.199299961329, 0.0752589181066, 0.0993753522635, 0.0142121892422, 0.00535259023309, 0.0294568967074, 0.00469663506374, 0.00662875548005, 0.00401411112398, 0.00149803014938, 0.00227628392167, 0.00154974521138, 0.00153551553376, 0.00163928791881, 0.000571384385694, 0.00180915591773, 0.00177643878851, 0.00112173345406, 0.00339683727361, 0.00275026774034, 0.00218252744526], "mean": [0.000815475184936, 0.0106391673908, 0.00278659584001, 0.00258254539222, 0.00475723482668, 0.00217808457091, 0.00433739740402, 0.00140266178641, 0.00100523687433, 0.00030838168459, 9.73573260126e-05, 0.000244042239501, 5.59336767765e-05, 9.06359782675e-05, 0.000106174913526, 3.6646531953e-05, 2.95372155961e-05, 3.20356375596e-05, 2.00380145543e-05, 1.31416763907e-05, 1.06355200842e-05, 2.02068276849e-05, 2.39511955442e-05, 1.77091424121e-05, 2.31901485677e-05, 1.63719651027e-05, 8.82719268702e-06], "median": [3.72541853721e-06, 0.00614508753642, 0.00107227521949, 0.000591614400037, 0.00262454897165, 0.000703927362338, 0.00077088852413, 0.000286849506665, 6.73100730637e-05, 1.93847099581e-05, 7.99898407422e-06, 2.60396282101e-05, 4.54613109468e-06, 1.34904321385e-05, 2.34037725022e-05, 8.40468692331e-06, 4.63939386464e-06, 5.351249456e-06, 2.55597092291e-06, 1.22484800613e-06, 8.03528678262e-07, 9.42717576891e-07, 7.97278460141e-07, 6.01319811722e-07, 4.42765610842e-07, 1.8935881485e-07, 5.24376098099e-08], "min": [2.28761364439e-16, 2.36974937049e-16, 6.08826371361e-17, 1.61467012147e-17, 4.17368329647e-18, 2.25392357065e-17, 5.50282498071e-17, 7.7157237017e-17, 1.41775527678e-16, 1.58133110318e-16, 1.34487962257e-17, 9.59990084727e-17, 3.94893668622e-16, 8.42237020237e-17, 4.24914898553e-16, 1.45731806817e-16, 1.9335878861e-16, 5.20658182485e-16, 4.22127948399e-16, 5.9343080639e-16, 1.06531513771e-15, 5.77255918169e-16, 1.21283312525e-15, 1.41658446549e-15, 1.85666848005e-15, 2.09054528822e-15, 2.88391531013e-15], "var": [3.55066149496e-05, 0.000630358583294, 1.59718038049e-05, 1.98525704036e-05, 7.50395120122e-05, 1.90101509361e-05, 0.000139513314934, 2.13053699554e-05, 3.42108614859e-05, 1.01391890439e-06, 8.32167899034e-08, 1.2736180679e-06, 4.91593965535e-08, 1.01819168208e-07, 6.23344149631e-08, 7.55782281203e-09, 9.36455979428e-09, 5.59004709189e-09, 3.33739769154e-09, 2.75176259557e-09, 1.17464238336e-09, 7.80635556197e-09, 9.50836565039e-09, 5.63449509272e-09, 2.12666630972e-08, 1.3512297059e-08, 5.91193938249e-09]}, "erbbands": {"dmean": [0.152345091105, 0.727034032345, 1.08623707294, 2.18590068817, 8.02617168427, 6.6480717659, 2.73582291603, 11.7946519852, 48.778717041, 23.4756717682, 15.3917140961, 9.36809444427, 9.09156799316, 5.20830774307, 3.66538381577, 7.69394540787, 2.86764788628, 2.88438534737, 3.84650063515, 2.76577806473, 1.42240846157, 1.3070076704, 1.37853348255, 1.29724311829, 0.70505297184, 0.707359194756, 0.59844148159, 0.453961074352, 0.909198224545, 1.17692697048, 0.806487321854, 0.53308057785, 0.393095165491, 0.287738233805, 0.282585203648, 0.126679852605, 0.0424730703235, 0.0125259198248, 0.00247595575638, 0.000137724884553], "dmean2": [0.223935857415, 1.09223949909, 1.62284946442, 2.99055051804, 12.0779876709, 10.4339971542, 4.26322650909, 17.0020751953, 74.4577102661, 33.1635437012, 20.1512775421, 12.2929735184, 11.4460363388, 7.43115234375, 5.73818159103, 10.3612146378, 4.66807794571, 4.29472923279, 5.72348451614, 4.11361598969, 2.35607504845, 2.14759802818, 2.26040315628, 2.16853880882, 1.11102712154, 1.18424749374, 1.00200128555, 0.745106458664, 1.56787657738, 1.99984312057, 1.36243367195, 0.902498841286, 0.674702227116, 0.497340202332, 0.50361675024, 0.226589277387, 0.0749925598502, 0.0222309939563, 0.0044158953242, 0.000238644803176], "dvar": [0.947764933109, 12.8413114548, 7.70092105865, 31.2374324799, 634.084838867, 320.874298096, 135.803710938, 1041.71765137, 22773.5390625, 5501.60351562, 4241.89892578, 1307.57641602, 4230.23388672, 546.946899414, 357.796844482, 1648.01745605, 156.604660034, 134.122528076, 122.601325989, 58.4729385376, 19.1688861847, 37.7771186829, 21.0357723236, 19.0001621246, 3.77856421471, 9.41096115112, 5.582675457, 2.21457362175, 16.0258808136, 21.4458560944, 8.60991382599, 3.68824720383, 2.28030514717, 1.72686767578, 2.74702596664, 0.544474601746, 0.0646821632981, 0.00750897219405, 0.000336721888743, 8.06740729331e-07], "dvar2": [1.68943810463, 25.4775371552, 18.2783489227, 69.4504470825, 1433.35742188, 813.828674316, 369.375335693, 2515.12597656, 52658.5234375, 11508.7255859, 7115.22753906, 1980.8861084, 4541.75878906, 1217.39099121, 973.149108887, 3531.9230957, 430.893249512, 305.771728516, 293.172302246, 140.470550537, 53.1075286865, 104.277275085, 59.8172035217, 51.0736427307, 9.47914123535, 26.58867836, 15.6187677383, 5.92922973633, 44.5961723328, 57.58543396, 22.4428462982, 9.6150636673, 6.00272607803, 4.69000482559, 7.71879148483, 1.52868199348, 0.177637070417, 0.0205754581839, 0.000934592506383, 2.21683876589e-06], "max": [17.529548645, 61.9890861511, 49.1112937927, 70.7942733765, 492.621490479, 313.848114014, 202.330154419, 641.655029297, 2944.63842773, 1759.69165039, 2073.47851562, 1019.47515869, 2500.41064453, 540.049133301, 408.790557861, 1081.31640625, 221.565582275, 326.427581787, 207.290878296, 151.430908203, 80.2382507324, 132.872665405, 89.9906158447, 105.344039917, 28.0550231934, 80.3865737915, 43.8281974792, 27.2755565643, 80.5335922241, 85.7935028076, 46.7934188843, 25.6798915863, 21.7819519043, 22.8934192657, 31.766998291, 12.8128223419, 4.70896720886, 1.94827461243, 0.424028843641, 0.019156711176], "mean": [0.2887583673, 2.38900756836, 3.87035560608, 6.56187725067, 15.4066467285, 14.2939071655, 6.36507987976, 21.2291069031, 63.4673194885, 42.7443313599, 34.3333473206, 21.58319664, 18.8887996674, 7.95136833191, 5.05235338211, 11.4470396042, 3.56151413918, 4.54453754425, 5.5419344902, 4.09360408783, 1.70732295513, 1.47604608536, 1.79322814941, 1.36979460716, 0.832889914513, 0.660733342171, 0.523550331593, 0.395083487034, 0.675011396408, 0.884328603745, 0.618269979954, 0.398043692112, 0.285506039858, 0.205000713468, 0.186978682876, 0.0832686945796, 0.0278095621616, 0.0082745552063, 0.00162130582612, 0.000118548967293], "median": [0.117518290877, 1.438834548, 2.33787751198, 2.33380746841, 6.91032934189, 8.68073940277, 4.34889936447, 5.89242839813, 11.8810882568, 9.00943279266, 6.07569551468, 2.47365617752, 1.46952033043, 0.746108055115, 1.13461840153, 1.25720930099, 0.496360272169, 0.861479818821, 1.48447215557, 0.90367680788, 0.506962895393, 0.27711430192, 0.317982763052, 0.243514791131, 0.119548410177, 0.0693987905979, 0.0440665148199, 0.0275219753385, 0.0305636934936, 0.034472361207, 0.0210197102278, 0.0141787109897, 0.00836442317814, 0.00460473727435, 0.00324828666635, 0.00127183226869, 0.000266054499662, 5.44295398868e-05, 2.57724459516e-05, 3.1216572097e-05], "min": [1.03342635895e-14, 4.12421493983e-14, 7.55128110649e-14, 6.56738322036e-14, 2.89872225073e-14, 1.2304929787e-14, 2.5752820422e-14, 2.57323540731e-13, 6.95721908903e-13, 1.03725925418e-12, 2.03720287167e-12, 3.00707831032e-12, 5.54330453068e-12, 2.31906768094e-12, 1.16984135053e-12, 5.07462431451e-12, 1.67858608957e-11, 8.60479829751e-12, 1.43207381717e-11, 2.10705324716e-11, 4.8603820621e-12, 1.41170469412e-11, 2.82399693907e-11, 2.891890373e-11, 1.95004221104e-11, 2.81406304509e-11, 4.59898889804e-11, 2.93768655235e-11, 2.13956925094e-11, 3.61066489207e-11, 2.81419020032e-11, 3.07431129165e-11, 2.21401768447e-11, 1.65366383781e-11, 1.56039035859e-11, 8.55412702477e-12, 3.97912822483e-12, 1.76421637715e-12, 3.73799407226e-13, 3.93260998852e-14], "var": [1.38711690903, 17.7719688416, 23.3477973938, 91.7285003662, 962.914794922, 475.901794434, 121.266555786, 1665.24755859, 30859.8105469, 11675.8554688, 15182.0175781, 5528.74365234, 20546.3554688, 852.410095215, 279.351287842, 2805.50854492, 138.267105103, 248.112045288, 180.832946777, 82.3583908081, 15.5182256699, 27.6570415497, 17.9337177277, 15.3243379593, 3.98964333534, 6.25912237167, 3.83629846573, 1.72924137115, 10.1648511887, 14.865149498, 6.34384679794, 2.72716784477, 1.62698805332, 1.14644682407, 1.65989470482, 0.329947024584, 0.0411528088152, 0.00478675356135, 0.000208217345062, 5.17899991337e-07]}, "gfcc": {"mean": [-145.038345337, 146.137863159, -70.966835022, 9.37972545624, -49.2578544617, -3.7720849514, -38.2586975098, -0.480280727148, -10.3832817078, -0.0790005996823, -9.88432216644, -7.11698436737, -13.4925966263], "cov": [[22331.4277344, 354.725097656, -1620.31298828, 572.866882324, -179.783706665, 227.105224609, -268.368347168, 205.462173462, -69.6478500366, 41.0869674683, -4.30307245255, 58.952545166, -157.680297852], [354.725097656, 3942.39331055, 252.702804565, -167.789367676, 1184.12341309, -264.896118164, 515.070617676, -90.7383880615, 312.76953125, -273.272735596, 251.948532104, -283.514343262, 335.886199951], [-1620.31298828, 252.702804565, 2054.00097656, 582.445007324, 354.598693848, 541.74407959, 246.900466919, 91.4784317017, 154.200164795, 70.9724349976, -11.6833972931, -4.83885288239, -45.7751083374], [572.866882324, -167.789367676, 582.445007324, 663.126159668, 152.529083252, 262.841094971, 107.146820068, 74.5384521484, 80.3392944336, 90.4490737915, 26.7881908417, 7.39297580719, -39.9426422119], [-179.783706665, 1184.12341309, 354.598693848, 152.529083252, 676.865722656, 76.3992156982, 237.493469238, 18.9891643524, 127.874984741, -56.3321342468, 85.9564361572, -85.8895874023, 102.440925598], [227.105224609, -264.896118164, 541.74407959, 262.841094971, 76.3992156982, 395.077880859, 79.8218765259, 59.6153450012, 4.38215208054, 38.0944747925, -43.3062896729, 24.6599445343, -64.496307373], [-268.368347168, 515.070617676, 246.900466919, 107.146820068, 237.493469238, 79.8218765259, 279.829376221, 66.9490509033, 62.5425033569, -54.3190956116, 16.2891521454, -40.0509910583, 46.7813110352], [205.462173462, -90.7383880615, 91.4784317017, 74.5384521484, 18.9891643524, 59.6153450012, 66.9490509033, 148.984283447, 74.736000061, 41.7736206055, 10.217373848, 4.50899362564, -16.2195777893], [-69.6478500366, 312.76953125, 154.200164795, 80.3392944336, 127.874984741, 4.38215208054, 62.5425033569, 74.736000061, 234.204559326, 103.73966217, 92.4613265991, -27.8261871338, 42.2094650269], [41.0869674683, -273.272735596, 70.9724349976, 90.4490737915, -56.3321342468, 38.0944747925, -54.3190956116, 41.7736206055, 103.73966217, 185.651046753, 76.3619918823, 27.6056556702, -7.38367462158], [-4.30307245255, 251.948532104, -11.6833972931, 26.7881908417, 85.9564361572, -43.3062896729, 16.2891521454, 10.217373848, 92.4613265991, 76.3619918823, 170.090454102, 26.1233310699, 50.6177558899], [58.952545166, -283.514343262, -4.83885288239, 7.39297580719, -85.8895874023, 24.6599445343, -40.0509910583, 4.50899362564, -27.8261871338, 27.6056556702, 26.1233310699, 107.697013855, 5.98811244965], [-157.680297852, 335.886199951, -45.7751083374, -39.9426422119, 102.440925598, -64.496307373, 46.7813110352, -16.2195777893, 42.2094650269, -7.38367462158, 50.6177558899, 5.98811244965, 129.334106445]], "icov": [[7.0268069976e-05, -0.000141883690958, 0.000136007089168, -0.000172395273694, 0.000120543125377, -0.000195189160877, 0.000204421070521, -0.00022786181944, 9.01694584172e-05, -7.66785378801e-05, 0.000117375609989, -0.000157678616233, 8.1268401118e-05], [-0.000141883690958, 0.00156170118134, -0.000426225335104, 0.000798003282398, -0.00149739859626, 0.000863514433149, -0.00107579177711, 0.00141493976116, -0.00130904477555, 0.00194862042554, -0.00167877099011, 0.00188000500202, -0.000841519911774], [0.000136007089168, -0.000426225335104, 0.00121042749379, -0.00071086268872, 0.000199636007892, -0.00138130865525, 0.000159997187438, -0.000103996841062, -0.000319975893945, -0.000334992539138, 0.000682256533764, -0.000739401380997, 0.000416259543272], [-0.000172395273694, 0.000798003282398, -0.00071086268872, 0.00303953257389, -0.00106839707587, -0.000179715818376, -0.00119093433022, 0.000742566480767, -0.000451901636552, -0.000272506498732, -0.000957766897045, 0.00084657210391, 0.00015257197083], [0.000120543125377, -0.00149739859626, 0.000199636007892, -0.00106839707587, 0.00459423754364, -0.00155227084178, -6.65063271299e-05, -0.000853423611261, 0.000409414671594, -0.000108656458906, -0.000251481251325, 0.000342607701896, -0.00077677652007], [-0.000195189160877, 0.000863514433149, -0.00138130865525, -0.000179715818376, -0.00155227084178, 0.00637013046071, -0.00182885630056, 0.0003654686152, 0.000450701918453, -0.000957086973358, 0.0011082777055, -0.00105219776742, 0.00150179630145], [0.000204421070521, -0.00107579177711, 0.000159997187438, -0.00119093433022, -6.65063271299e-05, -0.00182885630056, 0.00848350673914, -0.00457826023921, 0.000363780069165, 0.00241743819788, 6.62069942337e-06, 0.000428627681686, -0.00177326845005], [-0.00022786181944, 0.00141493976116, -0.000103996841062, 0.000742566480767, -0.000853423611261, 0.0003654686152, -0.00457826023921, 0.0122268656269, -0.0049563231878, 0.000290839554509, 9.97065289994e-05, -0.000670591543894, 0.00191380211618], [9.01694584172e-05, -0.00130904477555, -0.000319975893945, -0.000451901636552, 0.000409414671594, 0.000450701918453, 0.000363780069165, -0.0049563231878, 0.0115780690685, -0.00679998658597, -0.000966787803918, 0.00213879533112, -0.00148338708095], [-7.66785378801e-05, 0.00194862042554, -0.000334992539138, -0.000272506498732, -0.000108656458906, -0.000957086973358, 0.00241743819788, 0.000290839554509, -0.00679998658597, 0.0154948802665, -0.00659448513761, 0.00212118611671, -0.000999478041194], [0.000117375609989, -0.00167877099011, 0.000682256533764, -0.000957766897045, -0.000251481251325, 0.0011082777055, 6.62069942337e-06, 9.97065289994e-05, -0.000966787803918, -0.00659448513761, 0.0134180383757, -0.00666896253824, 0.000206962577067], [-0.000157678616233, 0.00188000500202, -0.000739401380997, 0.00084657210391, 0.000342607701896, -0.00105219776742, 0.000428627681686, -0.000670591543894, 0.00213879533112, 0.00212118611671, -0.00666896253824, 0.0168276168406, -0.00485613429919], [8.1268401118e-05, -0.000841519911774, 0.000416259543272, 0.00015257197083, -0.00077677652007, 0.00150179630145, -0.00177326845005, 0.00191380211618, -0.00148338708095, -0.000999478041194, 0.000206962577067, -0.00485613429919, 0.0130273830146]]}, "melbands": {"dmean": [0.00118373788428, 0.000664155464619, 0.000491617072839, 0.000637474062387, 9.90312619251e-05, 0.000292195909424, 0.00071713788202, 0.000207916033105, 0.000120101198263, 5.78946528549e-05, 4.50781008112e-05, 2.17595297727e-05, 1.08394606286e-05, 1.94253825612e-05, 1.17458539535e-05, 4.59853254142e-06, 5.75718422624e-06, 6.06897310718e-06, 4.29717283623e-06, 3.20089316119e-06, 1.47564321651e-06, 1.36057485634e-06, 1.28520468934e-06, 1.48926744714e-06, 1.06466211491e-06, 5.51211314814e-07, 4.19622040226e-07, 5.06064509409e-07, 4.04374247864e-07, 2.95146378448e-07, 2.62080135371e-07, 4.55132521893e-07, 6.50079016395e-07, 6.70047484164e-07, 4.85590703647e-07, 3.68516055005e-07, 3.05327489514e-07, 2.85848813064e-07, 2.29157578246e-07, 2.45923416742e-07], "dmean2": [0.00172856741119, 0.000984532292932, 0.000687153602485, 0.000992570421658, 0.000154747191118, 0.000431467720773, 0.00107520876918, 0.000292509503197, 0.000157423521159, 7.47033263906e-05, 5.70367919863e-05, 3.1532603316e-05, 1.68037277035e-05, 2.76149166893e-05, 1.66569207067e-05, 8.05216586741e-06, 8.39764470584e-06, 9.08911260922e-06, 6.37064022158e-06, 4.98110239278e-06, 2.51822211794e-06, 2.26651854973e-06, 2.07487914849e-06, 2.45697583523e-06, 1.80443612408e-06, 8.72962459653e-07, 6.87440717684e-07, 8.60114255374e-07, 6.93567187682e-07, 4.76715968034e-07, 4.4190016979e-07, 7.91923298493e-07, 1.12194425128e-06, 1.13831470117e-06, 8.19767649318e-07, 6.26893665867e-07, 5.16675072504e-07, 4.92530546126e-07, 3.94023629724e-07, 4.27646114076e-07], "dvar": [4.78235851915e-05, 4.87928673465e-06, 1.52077313942e-06, 3.63768481293e-06, 1.22482575193e-07, 7.14580608019e-07, 5.00427586303e-06, 4.33918899034e-07, 2.63891649865e-07, 8.64334239736e-08, 1.05442545362e-07, 1.11064917263e-08, 2.34096431129e-09, 1.45540584029e-08, 2.34957675538e-09, 5.58667112571e-10, 6.26012630622e-10, 3.16236814513e-10, 1.62214380817e-10, 7.29469470939e-11, 2.56009657917e-11, 4.11418572821e-11, 3.3168155722e-11, 1.69686157486e-11, 1.55106136268e-11, 2.42151676315e-12, 1.84251247072e-12, 5.81403284891e-12, 3.18335874154e-12, 9.41140069523e-13, 1.03208034567e-12, 4.06171363904e-12, 7.57800246165e-12, 6.94382875852e-12, 3.1777367196e-12, 1.87854397836e-12, 1.26612153921e-12, 1.2557284856e-12, 8.71681470494e-13, 1.37673997636e-12], "dvar2": [8.28075208119e-05, 9.88690317172e-06, 3.38549648404e-06, 8.81975574885e-06, 3.29462380932e-07, 1.74867057012e-06, 1.13558244266e-05, 9.02722263163e-07, 4.4077273742e-07, 1.03158640741e-07, 1.13833834803e-07, 2.50986573747e-08, 6.1445084576e-09, 3.62933079145e-08, 4.99920549402e-09, 1.5894243699e-09, 1.38084121915e-09, 7.68901886605e-10, 3.94164673123e-10, 1.84874199283e-10, 7.12364126021e-11, 1.14090542569e-10, 8.99531144016e-11, 4.68396051112e-11, 4.1352164748e-11, 6.11447047508e-12, 4.87701589183e-12, 1.66577272809e-11, 9.07882970191e-12, 2.37880591961e-12, 2.85649130218e-12, 1.13564782578e-11, 2.0816416299e-11, 1.8590693221e-11, 8.25770441609e-12, 5.01161005056e-12, 3.29987339537e-12, 3.32480896113e-12, 2.32953088243e-12, 3.77228933854e-12], "max": [0.120463065803, 0.0395130291581, 0.0238498877734, 0.0354987159371, 0.00577757647261, 0.0173301249743, 0.045040205121, 0.0161264427006, 0.0163111239672, 0.0105165317655, 0.0124627966434, 0.00237421644852, 0.00105704017915, 0.00396472541615, 0.00112793745939, 0.000452244537883, 0.000751512125134, 0.000311549054459, 0.000259549822658, 0.000160291485372, 7.97070169938e-05, 0.000136406742968, 0.000147702055983, 6.42031664029e-05, 0.00010442493658, 2.70054933935e-05, 2.75628481177e-05, 6.24125823379e-05, 3.74642913812e-05, 1.55629913934e-05, 2.23420029215e-05, 3.71651585738e-05, 5.03234623466e-05, 4.66692254122e-05, 2.53124126175e-05, 2.13917173824e-05, 1.58646780619e-05, 1.74877386598e-05, 2.32725287788e-05, 1.93206888071e-05], "mean": [0.00285516586155, 0.00252063432708, 0.00133743393235, 0.00123356457334, 0.000249321281444, 0.00049323978601, 0.000970566994511, 0.000391470821341, 0.000267856608843, 0.000130871179863, 9.14559059311e-05, 3.13553064188e-05, 1.57384365593e-05, 2.70688378805e-05, 1.68916412804e-05, 4.74729722555e-06, 9.35004118219e-06, 8.61987973622e-06, 6.22109610049e-06, 4.3052982619e-06, 1.6233319684e-06, 1.48499782426e-06, 1.49133074956e-06, 1.89127672456e-06, 1.0166654647e-06, 6.62726904466e-07, 4.26150819521e-07, 4.48953244359e-07, 3.4280205341e-07, 2.66191875653e-07, 2.166530777e-07, 3.36189287964e-07, 4.78622098399e-07, 5.03829483023e-07, 3.73534959408e-07, 2.71465779633e-07, 2.27604132874e-07, 2.06349128007e-07, 1.64755789456e-07, 1.73819231009e-07], "median": [0.00134047446772, 0.00147264788393, 0.000537948159035, 0.000721448566765, 0.000153148299432, 0.000132702640258, 0.000189151498489, 8.52329903864e-05, 3.40834849339e-05, 1.0320030924e-05, 5.27942529516e-06, 2.25641292673e-06, 2.42579199039e-06, 3.12164183924e-06, 1.7636064058e-06, 4.59550136611e-07, 1.23762310977e-06, 2.23217807616e-06, 1.37100755637e-06, 7.9193637248e-07, 3.6365457845e-07, 2.2753073381e-07, 1.33411418801e-07, 2.95539308581e-07, 1.44999972918e-07, 1.01756690185e-07, 4.18306633776e-08, 3.77869540102e-08, 2.8332326707e-08, 1.60698103713e-08, 1.19593339676e-08, 1.48039500658e-08, 1.93731466425e-08, 1.65373830185e-08, 1.22063381625e-08, 8.28522139784e-09, 7.43583683516e-09, 5.79998848949e-09, 3.9690362108e-09, 3.49217477158e-09], "min": [9.00926344966e-17, 4.54839421144e-17, 1.0599944837e-17, 1.30000459871e-18, 7.45276135129e-19, 5.77863164692e-18, 1.08532333309e-17, 1.22395293077e-17, 1.74133082927e-17, 1.99472023914e-17, 2.82766001399e-17, 1.05278270953e-17, 2.39976324678e-18, 9.38565693271e-18, 2.00452117134e-17, 4.28031688632e-17, 1.10051218893e-17, 1.82710548833e-17, 3.32938310581e-17, 1.88207064742e-17, 2.95748088261e-18, 1.11195135234e-17, 2.80680315115e-17, 1.9189251833e-17, 2.53277972091e-17, 1.19592060699e-17, 2.50976259318e-17, 1.44913738426e-17, 2.39353809229e-17, 2.41109334643e-17, 1.75416155863e-17, 9.2073358178e-18, 1.51519139577e-17, 2.39944813233e-17, 1.49060014334e-17, 1.76417557256e-17, 1.98632170894e-17, 1.49303701742e-17, 1.59350620919e-17, 1.22546667129e-17], "var": [7.37866575946e-05, 9.79964443104e-06, 3.62633159057e-06, 4.92690105602e-06, 1.35027789838e-07, 1.06164566205e-06, 7.08535390004e-06, 9.52673588017e-07, 9.55294353844e-07, 4.15096991446e-07, 5.11360894961e-07, 1.64148232784e-08, 2.31586305688e-09, 1.66879594587e-08, 4.18195655882e-09, 3.86894433158e-10, 1.25402233042e-09, 4.44913883513e-10, 2.19104692722e-10, 9.02531382962e-11, 1.95259763219e-11, 2.93787563721e-11, 2.83247383881e-11, 1.7514090872e-11, 1.21568571182e-11, 2.53573312521e-12, 1.57088914359e-12, 3.66570315768e-12, 2.00034867143e-12, 8.77590101284e-13, 7.04992704839e-13, 2.55329958565e-12, 4.92617968986e-12, 4.8582240661e-12, 2.35939870072e-12, 1.31656979156e-12, 9.35880171103e-13, 8.83556465839e-13, 6.02015399337e-13, 8.94281502149e-13]}, "mfcc": {"mean": [-798.075195312, 176.448059082, 35.3900718689, 21.795255661, 10.7532987595, -0.371006697416, -11.9239845276, -3.66348218918, -5.87667703629, 4.74976825714, 3.91912794113, -2.12148761749, 2.44783163071], "cov": [[15238.3691406, 1352.19787598, -1358.80712891, 125.045089722, -90.1780548096, -66.6557617188, -187.318893433, 112.514732361, -136.282440186, 143.352050781, 71.1399002075, -65.875328064, 115.637680054], [1352.19787598, 3239.1159668, -82.6540145874, 307.382995605, 423.315826416, 82.0623474121, 208.201278687, 131.658966064, 166.68157959, 131.011398315, 2.91306471825, -95.080368042, -11.3972358704], [-1358.80712891, -82.6540145874, 1454.09631348, 341.331634521, 320.087585449, 424.281463623, 234.079177856, 223.22013855, 168.212463379, 109.21837616, 107.393829346, 120.543266296, 43.5408363342], [125.045089722, 307.382995605, 341.331634521, 486.365447998, 247.764526367, 182.369415283, 159.267425537, 114.205947876, 117.514892578, 101.378204346, 48.7015571594, 73.6390533447, 62.5749740601], [-90.1780548096, 423.315826416, 320.087585449, 247.764526367, 378.236450195, 230.866790771, 142.941345215, 100.098342896, 90.2995986938, 87.2361831665, 46.5354003906, 34.8086204529, 46.979019165], [-66.6557617188, 82.0623474121, 424.281463623, 182.369415283, 230.866790771, 326.873168945, 167.89680481, 123.691955566, 79.3684692383, 50.8309211731, 35.2843589783, 29.3850135803, 13.6818981171], [-187.318893433, 208.201278687, 234.079177856, 159.267425537, 142.941345215, 167.89680481, 245.622970581, 146.091293335, 86.1845703125, 17.0840759277, 5.84387016296, 11.0360555649, -21.833070755], [112.514732361, 131.658966064, 223.22013855, 114.205947876, 100.098342896, 123.691955566, 146.091293335, 204.935302734, 94.6687240601, 12.4900550842, 29.8555202484, 23.307756424, -16.1341743469], [-136.282440186, 166.68157959, 168.212463379, 117.514892578, 90.2995986938, 79.3684692383, 86.1845703125, 94.6687240601, 167.681137085, 76.5424499512, 21.0617198944, 28.1615810394, -1.73358380795], [143.352050781, 131.011398315, 109.21837616, 101.378204346, 87.2361831665, 50.8309211731, 17.0840759277, 12.4900550842, 76.5424499512, 170.806518555, 65.9328079224, 17.5843830109, 39.6332206726], [71.1399002075, 2.91306471825, 107.393829346, 48.7015571594, 46.5354003906, 35.2843589783, 5.84387016296, 29.8555202484, 21.0617198944, 65.9328079224, 122.332336426, 60.7008972168, 21.6953086853], [-65.875328064, -95.080368042, 120.543266296, 73.6390533447, 34.8086204529, 29.3850135803, 11.0360555649, 23.307756424, 28.1615810394, 17.5843830109, 60.7008972168, 159.479766846, 77.3879699707], [115.637680054, -11.3972358704, 43.5408363342, 62.5749740601, 46.979019165, 13.6818981171, -21.833070755, -16.1341743469, -1.73358380795, 39.6332206726, 21.6953086853, 77.3879699707, 156.45199585]], "icov": [[9.10829767236e-05, -4.46248013759e-05, 0.000138332907227, -8.98796934052e-05, 0.000139593263157, -0.000216321874177, 0.00021422340069, -0.000299555249512, 0.000203843475902, -0.000162639276823, -3.04878398083e-07, -7.39917004466e-06, -4.99565248901e-05], [-4.46248013759e-05, 0.000456071138615, 4.30824584328e-05, -3.21582228935e-05, -0.000713781279046, 0.000530156888999, -0.000345177395502, 8.93180258572e-05, -0.000323845975799, 3.78146614821e-05, -4.73979453091e-05, 0.00037343747681, 4.77659841636e-06], [0.000138332907227, 4.30824584328e-05, 0.00146758265328, -0.00038222852163, 0.000145808720845, -0.00158887938596, 0.000452126492746, -0.000822969072033, 7.56797589929e-06, -0.000302667001961, -0.000296545651508, -0.000362965278327, 1.6149280782e-05], [-8.98796934052e-05, -3.21582228935e-05, -0.00038222852163, 0.0039326697588, -0.00153043097816, 0.000394716334995, -0.00144561356865, 0.000186945821042, -0.000652858638205, -0.000853254459798, 0.000454208871815, -0.000948392262217, -0.000544832262676], [0.000139593263157, -0.000713781279046, 0.000145808720845, -0.00153043097816, 0.00713243428618, -0.00399605836719, 0.00011656996503, -0.000167256817804, 0.00021014084632, -0.000791459402535, -0.000661091529764, 0.000330931623466, -0.00124606315512], [-0.000216321874177, 0.000530156888999, -0.00158887938596, 0.000394716334995, -0.00399605836719, 0.0091825351119, -0.00333845685236, 2.81913380604e-05, -4.30957479693e-05, 0.000137566967169, -8.06266962172e-06, 0.000608529313467, 8.15372623038e-05], [0.00021422340069, -0.000345177395502, 0.000452126492746, -0.00144561356865, 0.00011656996503, -0.00333845685236, 0.0104094753042, -0.00515888957307, 9.59662429523e-05, -0.000110626817332, 0.00181454338599, -0.000602050859015, 0.00152173615061], [-0.000299555249512, 8.93180258572e-05, -0.000822969072033, 0.000186945821042, -0.000167256817804, 2.81913380604e-05, -0.00515888957307, 0.0121095841751, -0.00526596885175, 0.0039417273365, -0.00351060228422, 0.000956054253038, -8.41649234644e-05], [0.000203843475902, -0.000323845975799, 7.56797589929e-06, -0.000652858638205, 0.00021014084632, -4.30957479693e-05, 9.59662429523e-05, -0.00526596885175, 0.0129393832758, -0.00684765120968, 0.00404612720013, -0.00335849518888, 0.00247399765067], [-0.000162639276823, 3.78146614821e-05, -0.000302667001961, -0.000853254459798, -0.000791459402535, 0.000137566967169, -0.000110626817332, 0.0039417273365, -0.00684765120968, 0.0129974149168, -0.00739831104875, 0.00436914386228, -0.00333853834309], [-3.04878398083e-07, -4.73979453091e-05, -0.000296545651508, 0.000454208871815, -0.000661091529764, -8.06266962172e-06, 0.00181454338599, -0.00351060228422, 0.00404612720013, -0.00739831104875, 0.0153601355851, -0.00673390412703, 0.00310793332756], [-7.39917004466e-06, 0.00037343747681, -0.000362965278327, -0.000948392262217, 0.000330931623466, 0.000608529313467, -0.000602050859015, 0.000956054253038, -0.00335849518888, 0.00436914386228, -0.00673390412703, 0.0125191584229, -0.00602775672451], [-4.99565248901e-05, 4.77659841636e-06, 1.6149280782e-05, -0.000544832262676, -0.00124606315512, 8.15372623038e-05, 0.00152173615061, -8.41649234644e-05, 0.00247399765067, -0.00333853834309, 0.00310793332756, -0.00602775672451, 0.0106369024143]]}, "spectral_contrast_coeffs": {"dmean": [0.0462780073285, 0.0471897609532, 0.0417951606214, 0.0394153557718, 0.0330273583531, 0.0203156266361], "dmean2": [0.0675623342395, 0.0721018016338, 0.0560254789889, 0.0515338927507, 0.0426123701036, 0.0305286776274], "dvar": [0.00195626472123, 0.00255546253175, 0.00185557699297, 0.0015207414981, 0.00108796753921, 0.000346402724972], "dvar2": [0.00371686834842, 0.00574691453949, 0.0031685011927, 0.0022179374937, 0.0015234996099, 0.000766915094573], "max": [-0.233809813857, -0.299646019936, -0.306224524975, -0.433126747608, -0.55650305748, -0.64640212059], "mean": [-0.612868666649, -0.668078660965, -0.719076573849, -0.744297385216, -0.779268324375, -0.823933124542], "median": [-0.625899612904, -0.667934477329, -0.724398314953, -0.752689838409, -0.792092442513, -0.826639294624], "min": [-0.996182501316, -0.982004821301, -0.963648378849, -0.956926286221, -0.953862786293, -0.9618460536], "var": [0.0122007075697, 0.0104006724432, 0.0116927102208, 0.00964767485857, 0.00737800542265, 0.00177927513141]}, "spectral_contrast_valleys": {"dmean": [0.441536426544, 0.453072488308, 0.525497794151, 0.620050311089, 0.657749116421, 0.722586274147], "dmean2": [0.673655390739, 0.632937967777, 0.710984706879, 0.784991979599, 0.775769293308, 0.864858746529], "dvar": [0.28196939826, 0.296083688736, 0.3517575562, 0.413921028376, 0.407791107893, 0.468639492989], "dvar2": [0.500467300415, 0.48980402