{"lowlevel": {"average_loudness": 0.87667953968, "barkbands_crest": {"dmean": 1.99980866909, "dmean2": 3.3596830368, "dvar": 4.08974027634, "dvar2": 11.3402481079, "max": 23.9239444733, "mean": 7.32184076309, "median": 6.64843130112, "min": 2.71403598785, "var": 8.62342357635}, "barkbands_flatness_db": {"dmean": 0.0122317709029, "dmean2": 0.019023578614, "dvar": 0.000132562738145, "dvar2": 0.000313219265081, "max": 0.424414724112, "mean": 0.107786342502, "median": 0.099346973002, "min": 0.0183437746018, "var": 0.00157719827257}, "barkbands_kurtosis": {"dmean": 0.747073173523, "dmean2": 1.26444470882, "dvar": 10.1213388443, "dvar2": 28.6544437408, "max": 199.341567993, "mean": -0.0284095481038, "median": -0.477079391479, "min": -1.84108674526, "var": 7.9931178093}, "barkbands_skewness": {"dmean": 0.31507563591, "dmean2": 0.516451716423, "dvar": 0.093087606132, "dvar2": 0.238349586725, "max": 9.11511039734, "mean": 0.755761504173, "median": 0.749472498894, "min": -2.40078496933, "var": 0.387660264969}, "barkbands_spread": {"dmean": 3.09154272079, "dmean2": 4.97659397125, "dvar": 9.04500961304, "dvar2": 22.224773407, "max": 105.533218384, "mean": 25.0159931183, "median": 24.8290691376, "min": 0.50304543972, "var": 35.4766807556}, "dissonance": {"dmean": 0.0108540290967, "dmean2": 0.0185690894723, "dvar": 0.000180765200639, "dvar2": 0.000530272256583, "max": 0.5, "mean": 0.477282971144, "median": 0.480427652597, "min": 0.101390391588, "var": 0.000282288150629}, "dynamic_complexity": 1.9349591732, "erbbands_crest": {"dmean": 1.98387956619, "dmean2": 3.35084223747, "dvar": 3.81610703468, "dvar2": 10.4823064804, "max": 21.8807125092, "mean": 6.91154766083, "median": 6.28349733353, "min": 2.42746019363, "var": 6.73779058456}, "erbbands_flatness_db": {"dmean": 0.0139055950567, "dmean2": 0.0210837125778, "dvar": 0.000227982993238, "dvar2": 0.000485188444145, "max": 0.3408459723, "mean": 0.16805550456, "median": 0.16486056149, "min": 0.0398034527898, "var": 0.00142955151387}, "erbbands_kurtosis": {"dmean": 0.418387651443, "dmean2": 0.688598871231, "dvar": 0.203056529164, "dvar2": 0.537271440029, "max": 7.66378593445, "mean": -0.40164244175, "median": -0.51949095726, "min": -1.75646901131, "var": 0.437797725201}, "erbbands_skewness": {"dmean": 0.214631676674, "dmean2": 0.347702264786, "dvar": 0.0354214087129, "dvar2": 0.0918848440051, "max": 2.61403059959, "mean": -0.272112309933, "median": -0.303856998682, "min": -2.5632417202, "var": 0.143135309219}, "erbbands_spread": {"dmean": 4.28817462921, "dmean2": 7.05617380142, "dvar": 13.1258411407, "dvar2": 34.698928833, "max": 82.9457626343, "mean": 31.8351173401, "median": 31.7671966553, "min": 13.2443275452, "var": 45.8057556152}, "hfc": {"dmean": 3.7866358757, "dmean2": 6.12379312515, "dvar": 15.6979150772, "dvar2": 38.9653053284, "max": 92.7791976929, "mean": 24.7096614838, "median": 23.2215957642, "min": 1.07203216192e-16, "var": 141.553039551}, "melbands_crest": {"dmean": 2.67382884026, "dmean2": 4.51282548904, "dvar": 8.12508392334, "dvar2": 22.5736198425, "max": 33.7052192688, "mean": 10.0688228607, "median": 9.45625114441, "min": 1.60176002979, "var": 13.2909812927}, "melbands_flatness_db": {"dmean": 0.0139539763331, "dmean2": 0.0220071319491, "dvar": 0.000173982058186, "dvar2": 0.000418290408561, "max": 0.485204905272, "mean": 0.166429251432, "median": 0.161594718695, "min": 0.0024750274606, "var": 0.00227546738461}, "melbands_kurtosis": {"dmean": 1.88013398647, "dmean2": 3.13478946686, "dvar": 7.86369276047, "dvar2": 20.0626506805, "max": 114.503288269, "mean": 3.00713706017, "median": 2.18981599808, "min": -1.4297478199, "var": 16.8866100311}, "melbands_skewness": {"dmean": 0.395952016115, "dmean2": 0.652645587921, "dvar": 0.143722474575, "dvar2": 0.376818418503, "max": 7.09368515015, "mean": 1.65517687798, "median": 1.60111784935, "min": -0.49200206995, "var": 0.466004133224}, "melbands_spread": {"dmean": 5.43601417542, "dmean2": 8.95160484314, "dvar": 28.0774726868, "dvar2": 71.2085647583, "max": 168.093292236, "mean": 32.3466758728, "median": 30.7595672607, "min": 0.692132055759, "var": 245.481796265}, "pitch_salience": {"dmean": 0.0574673935771, "dmean2": 0.0961754247546, "dvar": 0.00291197118349, "dvar2": 0.0081334952265, "max": 0.97303622961, "mean": 0.643654823303, "median": 0.651326835155, "min": 0.169532552361, "var": 0.00667126243934}, "silence_rate_20dB": {"dmean": 0, "dmean2": 0, "dvar": 0, "dvar2": 0, "max": 1, "mean": 1, "median": 1, "min": 1, "var": 0}, "silence_rate_30dB": {"dmean": 0, "dmean2": 0, "dvar": 0, "dvar2": 0, "max": 1, "mean": 1, "median": 1, "min": 1, "var": 0}, "silence_rate_60dB": {"dmean": 0.000537562184036, "dmean2": 0.00107526883949, "dvar": 0.000537251529749, "dvar2": 0.00107413821388, "max": 1, "mean": 0.050120934844, "median": 0, "min": 0, "var": 0.0476106181741}, "spectral_centroid": {"dmean": 163.707397461, "dmean2": 268.222595215, "dvar": 40048.4765625, "dvar2": 85415.015625, "max": 11747.5751953, "mean": 1631.90771484, "median": 1528.4630127, "min": 236.624221802, "var": 1253216.5}, "spectral_complexity": {"dmean": 3.14957666397, "dmean2": 5.33440876007, "dvar": 6.75632476807, "dvar2": 19.0711402893, "max": 54, "mean": 31.8216876984, "median": 33, "min": 0, "var": 72.2703704834}, "spectral_decrease": {"dmean": 1.43051503976e-09, "dmean2": 2.35523711645e-09, "dvar": 3.20658384254e-18, "dvar2": 8.49540462563e-18, "max": 9.1915110255e-19, "mean": -6.71510846928e-09, "median": -6.22987217369e-09, "min": -2.86854842102e-08, "var": 1.11302908596e-17}, "spectral_energy": {"dmean": 0.00564983021468, "dmean2": 0.00929324142635, "dvar": 4.86555509269e-05, "dvar2": 0.000128542844323, "max": 0.115398161113, "mean": 0.0275855958462, "median": 0.025753038004, "min": 1.00920517986e-20, "var": 0.000182463205419}, "spectral_energyband_high": {"dmean": 0.000115527262096, "dmean2": 0.000180960763828, "dvar": 2.57571137752e-08, "dvar2": 5.82380259573e-08, "max": 0.00634282780811, "mean": 0.000421995238867, "median": 0.000336904951837, "min": 7.07395893347e-21, "var": 1.24087819131e-07}, "spectral_energyband_low": {"dmean": 0.00262979418039, "dmean2": 0.00447488483042, "dvar": 3.75786221412e-05, "dvar2": 0.000101157478639, "max": 0.0618145950139, "mean": 0.00455448729917, "median": 0.00276273209602, "min": 4.3848525761e-24, "var": 3.54352414433e-05}, "spectral_energyband_middle_high": {"dmean": 0.00185799901374, "dmean2": 0.0030667593237, "dvar": 4.41986412625e-06, "dvar2": 1.15444845505e-05, "max": 0.0435169152915, "mean": 0.00908352807164, "median": 0.00831900723279, "min": 1.10507714961e-21, "var": 2.425094317e-05}, "spectral_energyband_middle_low": {"dmean": 0.00369062810205, "dmean2": 0.00600028829649, "dvar": 1.74979759322e-05, "dvar2": 4.67864520033e-05, "max": 0.0731108784676, "mean": 0.0146790025756, "median": 0.0131530854851, "min": 1.76798837124e-22, "var": 7.52954365453e-05}, "spectral_entropy": {"dmean": 0.0701615661383, "dmean2": 0.108180858195, "dvar": 0.00452304352075, "dvar2": 0.0100185228512, "max": 9.8250169754, "mean": 7.67257118225, "median": 7.66797542572, "min": 5.81737184525, "var": 0.125553026795}, "spectral_flux": {"dmean": 0.0152026424184, "dmean2": 0.0244502630085, "dvar": 0.000324719119817, "dvar2": 0.000723192701116, "max": 0.221828565001, "mean": 0.0789529159665, "median": 0.0756563842297, "min": 6.38542413389e-11, "var": 0.00105573423207}, "spectral_kurtosis": {"dmean": 1.75062716007, "dmean2": 3.03825759888, "dvar": 4.89208221436, "dvar2": 14.796754837, "max": 45.7052841187, "mean": 6.15625190735, "median": 5.96791315079, "min": -1.23899173737, "var": 10.2128419876}, "spectral_rms": {"dmean": 0.00049671495799, "dmean2": 0.000808589044027, "dvar": 2.91589117296e-07, "dvar2": 7.5748909012e-07, "max": 0.0106105403975, "mean": 0.00496952887625, "median": 0.00501247588545, "min": 3.13781834717e-12, "var": 2.21653522203e-06}, "spectral_rolloff": {"dmean": 278.488342285, "dmean2": 474.256561279, "dvar": 196952.34375, "dvar2": 390060.6875, "max": 20241.2109375, "mean": 2154.57299805, "median": 1981.0546875, "min": 21.533203125, "var": 5287539}, "spectral_skewness": {"dmean": 0.203436687589, "dmean2": 0.337253719568, "dvar": 0.0427515283227, "dvar2": 0.117855675519, "max": 4.6536026001, "mean": 1.53462135792, "median": 1.58340466022, "min": -0.095735669136, "var": 0.191049814224}, "spectral_spread": {"dmean": 297370.625, "dmean2": 451912.90625, "dvar": 652462260224, "dvar2": 1489733156860.0, "max": 43314916, "mean": 3695363.75, "median": 3156771.5, "min": 1252458.375, "var": 18033458282500.0}, "spectral_strongpeak": {"dmean": 0.528322398663, "dmean2": 0.92368710041, "dvar": 0.693089187145, "dvar2": 1.83945631981, "max": 8.83545684814, "mean": 0.848334610462, "median": 0.571556210518, "min": 0, "var": 0.801828682423}, "zerocrossingrate": {"dmean": 0.00561507046223, "dmean2": 0.00747700361535, "dvar": 5.93830118305e-05, "dvar2": 0.000107185296656, "max": 0.5302734375, "mean": 0.0688891857862, "median": 0.060546875, "min": 0.005859375, "var": 0.00374797033146}, "barkbands": {"dmean": [0.000172189233126, 0.00200124154799, 0.000604290922638, 0.000891249452252, 0.00214976724237, 0.00133772322442, 0.000897979422007, 0.000614922842942, 0.000787643599324, 0.000563537003472, 0.000246956682531, 0.000267936644377, 0.00101231539156, 0.000420005584601, 0.000440481642727, 0.00054839218501, 0.00040842971066, 0.000217394219362, 0.000130673215608, 0.000112412562885, 4.19996031269e-05, 1.80691677087e-05, 1.84206601261e-05, 1.27667726701e-05, 9.27403834794e-06, 1.43229981404e-05, 6.68325901643e-06], "dmean2": [0.000287606788334, 0.00345888733864, 0.0010205253493, 0.00150329468306, 0.00350607628934, 0.0021560837049, 0.00142435869202, 0.000948512402829, 0.00123591988813, 0.000840979220811, 0.000405385420891, 0.00044297601562, 0.00170854805037, 0.000699553755112, 0.000738868082408, 0.000930843350943, 0.000683344434947, 0.000367945234757, 0.000221685972065, 0.000192366569536, 7.08861116436e-05, 2.77172366623e-05, 2.77461404039e-05, 1.89417278307e-05, 1.34462879942e-05, 2.17922533921e-05, 1.11246845336e-05], "dvar": [1.78961172992e-07, 3.13130767609e-05, 6.56490385609e-07, 1.43674105857e-06, 6.75908586345e-06, 3.27844099957e-06, 2.31240119319e-06, 1.98051907319e-06, 1.55080124387e-06, 5.81954054724e-07, 2.26280135962e-07, 2.48150541893e-07, 2.44621355705e-06, 8.50660967444e-07, 3.4071592836e-07, 3.036137457e-07, 1.60358453627e-07, 7.96382977342e-08, 2.07194812418e-08, 1.40297791162e-08, 2.82712520061e-09, 1.11510989331e-09, 1.65211710978e-09, 1.08909237184e-09, 2.58797983044e-10, 7.19821535711e-10, 2.21123355737e-10], "dvar2": [4.32414680063e-07, 8.52530574775e-05, 1.85896601579e-06, 3.97730582335e-06, 1.84868367796e-05, 8.62552224135e-06, 5.52607343707e-06, 5.01624072058e-06, 3.91883349948e-06, 1.33926039325e-06, 6.1291621023e-07, 6.64434935516e-07, 6.71516318107e-06, 2.24140308092e-06, 9.50300602653e-07, 8.50209858072e-07, 4.32740392853e-07, 1.96153749243e-07, 5.62466802023e-08, 3.87101017907e-08, 7.75283748311e-09, 2.17431184169e-09, 3.38929040389e-09, 2.42971176512e-09, 5.68007973989e-10, 1.75996284213e-09, 5.77198455698e-10], "max": [0.00526228919625, 0.0537926256657, 0.0129638584331, 0.0228158179671, 0.0337728857994, 0.0453685671091, 0.0269427336752, 0.0424474477768, 0.0276215765625, 0.0190731082112, 0.0121293570846, 0.0128852361813, 0.0181166771799, 0.0200951676816, 0.0121672283858, 0.0103993164375, 0.0071439514868, 0.0098825674504, 0.00310601480305, 0.00219959928654, 0.000703344587237, 0.00187172519509, 0.00204926589504, 0.00163865275681, 0.000539049098734, 0.000283218629193, 0.000157334434334], "mean": [0.000161552496138, 0.00252637919039, 0.00112729601096, 0.00171405158471, 0.00484978407621, 0.00269901333377, 0.00179426406976, 0.00130208930932, 0.00163643597625, 0.00131541211158, 0.00045664398931, 0.000494131701998, 0.00178750511259, 0.000793896149844, 0.000972678884864, 0.00131466402672, 0.0010538342176, 0.000569949101191, 0.000377356773242, 0.000332586147124, 0.000123903446365, 4.32190972788e-05, 5.53763420612e-05, 3.36875236826e-05, 2.17963333853e-05, 2.20247220568e-05, 6.11521818428e-06], "median": [3.33762945957e-05, 0.000725602963939, 0.000774286512751, 0.00105872517452, 0.00383956637233, 0.00195374945179, 0.00096531707095, 0.000704636448063, 0.00107159023173, 0.000999002251774, 0.000245068513323, 0.000298744009342, 0.000839598011225, 0.000446032965556, 0.000776836182922, 0.00117585551925, 0.000974653870799, 0.00047615353833, 0.000337872101227, 0.000307183043333, 0.000112229463411, 2.29965480685e-05, 2.01762959477e-05, 1.42904518725e-05, 1.33293742692e-05, 7.85633255873e-06, 1.02501644506e-06], "min": [4.84634416821e-26, 7.27768361277e-25, 7.3153803172e-25, 1.40540668279e-24, 6.58046467891e-24, 6.80861508561e-24, 9.58026525433e-24, 1.03835615253e-23, 1.09778743429e-23, 1.80482823862e-23, 1.85890591585e-23, 1.93559439767e-23, 2.08425081763e-23, 1.90933116709e-23, 5.55674757597e-23, 3.81316492031e-23, 5.29282595598e-23, 1.24220361645e-22, 1.24202375616e-22, 1.54227948904e-22, 1.65510553115e-22, 2.82598728652e-22, 4.29101760297e-22, 5.58517913274e-22, 8.42522076515e-22, 1.23891905208e-21, 1.90882670001e-21], "var": [1.68742815276e-07, 2.59992339124e-05, 1.37560687108e-06, 3.7321851778e-06, 1.65789697348e-05, 7.96524000179e-06, 6.53576307741e-06, 4.92086655868e-06, 3.93964137402e-06, 1.63918105045e-06, 5.29217345502e-07, 4.37714163581e-07, 4.89918511448e-06, 1.79247558663e-06, 7.34207333153e-07, 6.65604034111e-07, 3.7104518924e-07, 2.35441788732e-07, 5.57668755619e-08, 3.43517427837e-08, 5.27398746897e-09, 4.70754057957e-09, 1.12582725365e-08, 4.84086992714e-09, 8.49747383569e-10, 9.54551881982e-10, 1.82975357088e-10]}, "erbbands": {"dmean": [0.0744265988469, 0.388882964849, 0.604908287525, 1.76886546612, 5.39247512817, 8.44511985779, 7.65851688385, 14.1197471619, 11.0703372955, 15.3424854279, 9.73350143433, 21.8919353485, 16.8280963898, 12.8239183426, 10.1929531097, 13.6181669235, 46.4825172424, 22.9033622742, 18.8645763397, 22.3084640503, 24.6900310516, 18.5687961578, 12.78677845, 7.73318529129, 6.34967136383, 4.72230911255, 2.34029054642, 1.31575775146, 0.628135561943, 0.688448727131, 0.456318706274, 0.303301036358, 0.192983746529, 0.105659201741, 0.0761033818126, 0.0548256598413, 0.024912988767, 0.0094441473484, 0.00115415593609, 5.54249236302e-05], "dmean2": [0.130431592464, 0.668176531792, 1.03411531448, 2.96075344086, 9.31316661835, 13.6113777161, 11.7338571548, 22.7974376678, 17.6057319641, 24.1713218689, 14.8110256195, 34.4530143738, 24.9039783478, 20.0603809357, 16.6164932251, 22.5404396057, 78.8171539307, 38.6589546204, 31.3638362885, 37.6195716858, 41.7118415833, 30.8710079193, 21.378194809, 13.0696763992, 10.8039608002, 8.05729389191, 4.02466773987, 2.18922805786, 0.958933234215, 1.07606577873, 0.689741551876, 0.47151234746, 0.279900163412, 0.153674349189, 0.112782649696, 0.0833600386977, 0.0376239456236, 0.015826664865, 0.00190456095152, 9.002067236e-05], "dvar": [0.0507660023868, 1.06524610519, 0.932345867157, 4.63501119614, 63.248588562, 122.966529846, 80.5170135498, 426.007781982, 344.237792969, 1235.42895508, 435.029052734, 1224.31738281, 740.939025879, 287.190551758, 417.473693848, 521.340759277, 5426.54003906, 2147.17138672, 872.344299316, 959.002380371, 536.29473877, 336.686340332, 268.170501709, 77.8225326538, 46.9102706909, 26.2070617676, 9.37129306793, 2.95786929131, 1.47013497353, 1.66069865227, 1.22241592407, 0.637315988541, 0.23503896594, 0.0394759625196, 0.0185395441949, 0.00914260093123, 0.00209150323644, 0.000438715389464, 6.56104066366e-06, 1.36421691721e-08], "dvar2": [0.136705815792, 2.95045852661, 2.65266013145, 12.8778820038, 178.397079468, 337.491821289, 199.620025635, 1108.30993652, 808.193908691, 3054.29248047, 1022.0322876, 3102.53271484, 1678.55175781, 700.565856934, 1110.71582031, 1433.63427734, 14940.9794922, 5849.71679688, 2234.52416992, 2777.89453125, 1497.51818848, 897.828186035, 675.282165527, 202.907241821, 126.498840332, 72.8266983032, 26.0343093872, 7.66078853607, 2.83639907837, 3.74525427818, 2.41278910637, 1.36083197594, 0.501537203789, 0.0818820223212, 0.0449664369226, 0.0209051277488, 0.0050093815662, 0.00117243430577, 1.70914954651e-05, 3.52433531248e-08], "max": [2.2461616993, 12.0244607925, 15.0880889893, 33.4752693176, 87.5997390747, 158.123214722, 157.84262085, 573.85949707, 398.405181885, 893.04901123, 546.112976074, 887.848815918, 706.28302002, 301.237304688, 538.362731934, 457.633422852, 839.250976562, 935.557617188, 802.436706543, 1078.12109375, 309.936523438, 421.397766113, 484.450714111, 211.063522339, 148.349380493, 104.99949646, 47.466583252, 50.1678085327, 71.2645874023, 43.5037002563, 61.6245384216, 39.3381538391, 22.5747680664, 8.53074264526, 2.94432473183, 1.16517674923, 0.383621126413, 0.200368523598, 0.0284530613571, 0.00132413126994], "mean": [0.0702028572559, 0.567557394505, 1.20216786861, 3.90719223022, 9.21818637848, 17.396024704, 19.0826587677, 27.0106296539, 23.5757675171, 32.3838348389, 24.0572853088, 45.9518203735, 40.3784828186, 29.5533828735, 20.6196575165, 28.0406627655, 82.2982177734, 47.1173171997, 45.1188011169, 60.0093193054, 69.9429168701, 55.0437202454, 35.3243904114, 22.1845684052, 19.7142124176, 14.7769145966, 6.91346549988, 3.59140014648, 1.57943701744, 1.91237342358, 1.37670648098, 0.820266067982, 0.490716546774, 0.279577612877, 0.145480006933, 0.106006532907, 0.0339093282819, 0.00874135922641, 0.00108135119081, 8.15445819171e-05], "median": [0.013491130434, 0.193201839924, 0.813459277153, 2.87091231346, 6.48383951187, 12.3920440674, 14.5415992737, 17.469461441, 14.2554636002, 17.8320541382, 13.653134346, 30.6958293915, 27.8252449036, 21.3537330627, 11.8445682526, 17.7666568756, 37.7805175781, 29.355222702, 33.2906646729, 53.0772781372, 65.2046356201, 50.8172683716, 30.1409378052, 19.1334152222, 18.0584182739, 13.5769453049, 6.41601753235, 3.02153468132, 0.933225333691, 0.744536161423, 0.537099838257, 0.31608080864, 0.224577635527, 0.174074888229, 0.0837975293398, 0.0450214520097, 0.0101566482335, 0.00167895364575, 0.000202981987968, 4.49588187621e-05], "min": [2.60564496195e-23, 2.054512497e-22, 8.55885153058e-22, 5.42708797421e-21, 1.10291868481e-20, 1.23229676042e-20, 2.67183102173e-20, 8.69891243377e-20, 1.60291201272e-19, 1.51414907065e-19, 2.32056964702e-19, 3.18943731902e-19, 5.43553356904e-19, 8.40557105335e-19, 1.0652151721e-18, 1.28429106221e-18, 9.09189780023e-19, 1.91664468771e-18, 2.12985276534e-18, 2.8299831921e-18, 2.60594359793e-18, 4.16477207973e-18, 4.87734516406e-18, 5.46834337785e-18, 6.85723215229e-18, 6.9137596074e-18, 8.86878071925e-18, 7.15988099482e-18, 9.2315101712e-18, 1.20000787183e-17, 1.12012282146e-17, 1.15341742014e-17, 9.29836621703e-18, 6.97941169185e-18, 6.69467172318e-18, 4.13353153595e-18, 2.4282802984e-18, 9.08425671933e-19, 2.62675778859e-19, 2.82306855671e-20], "var": [0.0367500297725, 1.01725554466, 1.50395345688, 12.9703416824, 85.473815918, 271.774017334, 276.56161499, 1022.43707275, 996.616516113, 2824.73803711, 1386.88232422, 2965.92578125, 2052.56323242, 782.332824707, 933.54675293, 1035.40991211, 10776.6757812, 4095.85693359, 2483.30224609, 2021.22644043, 1378.31860352, 941.014892578, 807.246765137, 243.801055908, 130.767623901, 67.9081497192, 14.581489563, 6.84944057465, 5.82088470459, 10.2422523499, 7.61384677887, 3.15261673927, 1.02326655388, 0.160086870193, 0.0369796082377, 0.016863560304, 0.00262840115465, 0.000347696332028, 5.49220567336e-06, 1.24884467212e-08]}, "gfcc": {"mean": [-0.720387220383, 104.844451904, -140.987365723, 22.0929908752, -41.4824562073, -6.7779340744, -41.341506958, 2.43018293381, -24.3237094879, -0.498219907284, -17.800151825, -4.21411800385, -8.10277271271], "cov": [[33143.9726562, 997.846740723, -2745.00048828, 321.668640137, -1368.1048584, 23.0078201294, -899.903686523, 704.633666992, -631.159118652, 161.5599823, -607.29095459, 194.718231201, -315.794525146], [997.846740723, 1266.98632812, -745.213134766, 285.064056396, 63.7273635864, -161.191238403, 108.5548172, -193.14201355, 99.6390762329, -129.775863647, 84.8555297852, -141.515014648, 114.185783386], [-2745.00048828, -745.213134766, 802.708312988, -201.210891724, 136.948059082, 118.593978882, 2.16995286942, 77.1919250488, -15.5919885635, 93.9199295044, 0.00590471876785, 84.003074646, -49.7917175293], [321.668640137, 285.064056396, -201.210891724, 272.259033203, -2.4266409874, 20.3232307434, 105.046134949, 6.89357233047, 116.532524109, -44.4277992249, 31.646364212, -31.473985672, 55.1368408203], [-1368.1048584, 63.7273635864, 136.948059082, -2.4266409874, 238.41960144, -13.1443214417, 114.113311768, -44.0788421631, 24.2841434479, 20.3507766724, 9.12368297577, -3.70213866234, 35.3204498291], [23.0078201294, -161.191238403, 118.593978882, 20.3232307434, -13.1443214417, 154.772109985, 0.45667257905, 61.6480064392, 10.0699481964, 14.7829437256, 12.3091068268, 12.8156690598, -24.4515323639], [-899.903686523, 108.5548172, 2.16995286942, 105.046134949, 114.113311768, 0.45667257905, 219.519302368, 16.1127891541, 104.755775452, -8.8413438797, 24.9647121429, -1.83508229256, 49.5224266052], [704.633666992, -193.14201355, 77.1919250488, 6.89357233047, -44.0788421631, 61.6480064392, 16.1127891541, 150.568740845, 12.0151662827, 48.7557182312, -26.9319839478, 38.3797264099, -14.6244602203], [-631.159118652, 99.6390762329, -15.5919885635, 116.532524109, 24.2841434479, 10.0699481964, 104.755775452, 12.0151662827, 147.301589966, -10.0544996262, 46.1724853516, -23.0448188782, 20.4441947937], [161.5599823, -129.775863647, 93.9199295044, -44.4277992249, 20.3507766724, 14.7829437256, -8.8413438797, 48.7557182312, -10.0544996262, 83.8441467285, -1.51773643494, 35.7036437988, -15.1628828049], [-607.29095459, 84.8555297852, 0.00590471876785, 31.646364212, 9.12368297577, 12.3091068268, 24.9647121429, -26.9319839478, 46.1724853516, -1.51773643494, 85.8561019897, 1.71664762497, 18.9138526917], [194.718231201, -141.515014648, 84.003074646, -31.473985672, -3.70213866234, 12.8156690598, -1.83508229256, 38.3797264099, -23.0448188782, 35.7036437988, 1.71664762497, 70.4164886475, 14.8947048187], [-315.794525146, 114.185783386, -49.7917175293, 55.1368408203, 35.3204498291, -24.4515323639, 49.5224266052, -14.6244602203, 20.4441947937, -15.1628828049, 18.9138526917, 14.8947048187, 79.4283294678]], "icov": [[0.000133731067763, -0.00019901082851, 0.000476741028251, -0.000177659050678, 0.000117675532238, -0.0001980917732, 0.000352824135916, -0.000490545469802, 0.000155442248797, -0.000217518085265, 0.000732768443413, -0.00111868302338, 0.000770119135268], [-0.00019901082851, 0.00419312575832, 0.00237547163852, -0.000827793614008, -0.00277617317624, 0.00142161687836, -3.69903100363e-05, 0.00116155401338, 6.35344767943e-05, 0.000857505947351, -0.00432591373101, 0.00497651053593, -0.00260217487812], [0.000476741028251, 0.00237547163852, 0.00700619164854, 0.000913026276976, -0.00398454535753, -0.00176451192237, 0.00258765183389, -0.00206755101681, -0.00158958975226, 0.000357202166924, 0.000315455952659, -0.0044713835232, 0.00271403067745], [-0.000177659050678, -0.000827793614008, 0.000913026276976, 0.0102595444769, 0.00037445948692, -0.00354068144225, -0.00119660550263, -4.08253144997e-05, -0.00662024086341, 0.00184664665721, 0.00125828722958, 0.00090256112162, -0.00499614002183], [0.000117675532238, -0.00277617317624, -0.00398454535753, 0.00037445948692, 0.0125714829192, -0.0013070369605, -0.00667426316068, 0.00504605099559, 0.00272896629758, -0.00729717547074, 0.00479821953923, 0.00206456310116, -0.00282635563053], [-0.0001980917732, 0.00142161687836, -0.00176451192237, -0.00354068144225, -0.0013070369605, 0.0115228779614, 8.21067369543e-05, -0.00410935329273, 0.00285528739914, 0.00269824895076, -0.0064421063289, 0.00318552483805, 0.00255790236406], [0.000352824135916, -3.69903100363e-05, 0.00258765183389, -0.00119660550263, -0.00667426316068, 8.21067369543e-05, 0.013226733543, -0.00510131940246, -0.00650346232578, 0.00371744274162, 0.00172513129655, -0.00614571757615, 0.000841273576953], [-0.000490545469802, 0.00116155401338, -0.00206755101681, -4.08253144997e-05, 0.00504605099559, -0.00410935329273, -0.00510131940246, 0.018287178129, -0.0028965654783, -0.00798009522259, 0.00494332937524, 0.000868962786626, -0.00396713754162], [0.000155442248797, 6.35344767943e-05, -0.00158958975226, -0.00662024086341, 0.00272896629758, 0.00285528739914, -0.00650346232578, -0.0028965654783, 0.0196751840413, -0.0024811476469, -0.00749840307981, 0.00707554491237, 0.00223357486539], [-0.000217518085265, 0.000857505947351, 0.000357202166924, 0.00184664665721, -0.00729717547074, 0.00269824895076, 0.00371744274162, -0.00798009522259, -0.0024811476469, 0.0245000123978, -0.0054911035113, -0.00791321136057, 0.00524012884125], [0.000732768443413, -0.00432591373101, 0.000315455952659, 0.00125828722958, 0.00479821953923, -0.0064421063289, 0.00172513129655, 0.00494332937524, -0.00749840307981, -0.0054911035113, 0.0260296743363, -0.0123095419258, 0.00116609316319], [-0.00111868302338, 0.00497651053593, -0.0044713835232, 0.00090256112162, 0.00206456310116, 0.00318552483805, -0.00614571757615, 0.000868962786626, 0.00707554491237, -0.00791321136057, -0.0123095419258, 0.0426549315453, -0.0193765498698], [0.000770119135268, -0.00260217487812, 0.00271403067745, -0.00499614002183, -0.00282635563053, 0.00255790236406, 0.000841273576953, -0.00396713754162, 0.00223357486539, 0.00524012884125, 0.00116609316319, -0.0193765498698, 0.0291328877211]]}, "melbands": {"dmean": [0.000605385226663, 0.000368463486666, 0.00039107480552, 0.000470049737487, 0.000308811373543, 0.000293155579129, 0.000176579662366, 0.000164128185133, 8.03610819275e-05, 0.000137144961627, 8.37758270791e-05, 5.42720408703e-05, 3.23106542055e-05, 3.37686942657e-05, 6.74160546623e-05, 9.80898184935e-05, 4.35970105173e-05, 3.14245880872e-05, 3.54360163328e-05, 4.50270636065e-05, 2.93278189929e-05, 2.54256683547e-05, 1.52209568114e-05, 9.73423811956e-06, 7.07270692146e-06, 4.78991887576e-06, 5.89389401284e-06, 2.95635118164e-06, 1.83192184977e-06, 1.02688454717e-06, 7.78970331794e-07, 3.95309342593e-07, 3.46525126815e-07, 4.6436147727e-07, 3.21419548754e-07, 2.20326271005e-07, 1.94924353991e-07, 1.61111415764e-07, 1.03614915758e-07, 9.22029244066e-08], "dmean2": [0.00105042406358, 0.000627478992101, 0.000660278194118, 0.0007945203688, 0.000470190920169, 0.000472668703878, 0.000281408196315, 0.000257837964455, 0.000123110294226, 0.000215576219489, 0.000123832811369, 8.48422932904e-05, 5.28348973603e-05, 5.58124520467e-05, 0.000113782589324, 0.000165711040609, 7.35079229344e-05, 5.20904250152e-05, 5.93256845605e-05, 7.6809017628e-05, 4.92408616992e-05, 4.23256824433e-05, 2.57901683653e-05, 1.64195225807e-05, 1.20392496683e-05, 8.15711882751e-06, 1.01396171885e-05, 5.04440458826e-06, 3.17391732096e-06, 1.7338456928e-06, 1.30292562517e-06, 6.09728942891e-07, 5.50478603145e-07, 7.37004427265e-07, 4.91261118896e-07, 3.45709224803e-07, 3.08122054093e-07, 2.39280808501e-07, 1.49283621909e-07, 1.36662592354e-07], "dvar": [3.10273344439e-06, 5.53498637146e-07, 2.54832940527e-07, 3.68454408317e-07, 1.33020719773e-07, 1.72859216718e-07, 8.31363493603e-08, 1.43492542293e-07, 2.69183484392e-08, 4.55141311306e-08, 1.84585076113e-08, 5.24512078215e-09, 4.62910554333e-09, 3.6048903862e-09, 1.39042350966e-08, 2.72062727902e-08, 1.03586641487e-08, 2.92137314339e-09, 1.87087723091e-09, 2.53357135271e-09, 7.32085447819e-10, 6.47156161993e-10, 3.33767125049e-10, 2.21792167965e-10, 6.41217842712e-11, 2.74854965177e-11, 4.02159694435e-11, 1.08009521466e-11, 5.56062097409e-12, 1.38311421777e-12, 1.29256945858e-12, 6.56503660029e-13, 3.87429292207e-13, 9.19455158711e-13, 5.81177792523e-13, 4.08605332729e-13, 2.47283747298e-13, 2.01379955463e-13, 4.36641181382e-14, 2.9990292476e-14], "dvar2": [8.37795141706e-06, 1.54997371737e-06, 7.14209704711e-07, 1.05274079942e-06, 3.2963657759e-07, 4.4871268301e-07, 1.96723775048e-07, 3.59138198291e-07, 6.36799128984e-08, 1.14628093684e-07, 4.17009822229e-08, 1.27136585704e-08, 1.25105845683e-08, 9.59454649063e-09, 3.83446234764e-08, 7.45570289951e-08, 2.83138312795e-08, 7.28207316669e-09, 5.23334842129e-09, 7.14333792118e-09, 2.04341477072e-09, 1.73756309341e-09, 8.58407345206e-10, 5.35450517258e-10, 1.72653336072e-10, 7.39827019092e-11, 1.10508983908e-10, 3.04029093567e-11, 1.54795169738e-11, 3.80688189305e-12, 3.3451845894e-12, 1.3078400125e-12, 8.73299588026e-13, 2.1905253219e-12, 1.25660202729e-12, 7.82927379612e-13, 5.97428139945e-13, 4.46943426279e-13, 8.84784189274e-14, 6.69065565212e-14], "max": [0.0171158369631, 0.011422530748, 0.00855362322181, 0.00772314285859, 0.0051309177652, 0.0111268749461, 0.00525805773214, 0.0107726203278, 0.00416986458004, 0.00543627375737, 0.00356000987813, 0.00130563240964, 0.00163121463265, 0.00193355814554, 0.00169069226831, 0.00209356821142, 0.00214502727613, 0.00140488659963, 0.000975919887424, 0.0012630361598, 0.000390626053559, 0.000581593252718, 0.000557698018383, 0.000673775619362, 0.000190604710951, 0.000121373865113, 0.000153754255734, 6.77206044202e-05, 4.1246334149e-05, 1.87206060218e-05, 4.04070124205e-05, 4.90500024171e-05, 2.79721189145e-05, 2.99873645417e-05, 4.42267773906e-05, 3.8777176087e-05, 2.00255035452e-05, 1.87456807907e-05, 9.82596975518e-06, 7.20925436326e-06], "mean": [0.000679469143506, 0.000698177609593, 0.000826640811283, 0.000937283097301, 0.000770873797592, 0.000568224641029, 0.000374050665414, 0.000349059293512, 0.000190990438568, 0.000283608707832, 0.000193912463146, 0.000118933421618, 6.19483616902e-05, 6.34354146314e-05, 0.000120108030387, 0.000172241663677, 7.96395979705e-05, 6.7249595304e-05, 7.85036900197e-05, 9.72096459009e-05, 7.7603108366e-05, 6.43022212898e-05, 3.78518016078e-05, 2.46114177571e-05, 1.72793315869e-05, 1.3012445379e-05, 1.53839919221e-05, 8.28381780593e-06, 4.61517993244e-06, 2.8667902825e-06, 1.75747936737e-06, 8.48855165714e-07, 8.14072222965e-07, 1.19396452192e-06, 8.7717853603e-07, 5.50044035208e-07, 4.79632717543e-07, 3.73386882302e-07, 2.48733215358e-07, 2.31272537121e-07], "median": [0.000174106506165, 0.000409620290156, 0.000629996764474, 0.000728427781723, 0.000577519938815, 0.000383055128623, 0.000223267707042, 0.000194423570065, 0.000104777704109, 0.000190931707039, 0.000130882486701, 8.35913233459e-05, 3.27407797158e-05, 3.89382403228e-05, 5.51051671209e-05, 8.53705132613e-05, 4.50649422419e-05, 4.51581945526e-05, 6.34913594695e-05, 8.24614107842e-05, 7.24453420844e-05, 5.77904284e-05, 3.27310553985e-05, 1.98571869987e-05, 1.46976799442e-05, 1.16029932542e-05, 1.39825060614e-05, 7.54354095989e-06, 4.25721145803e-06, 2.61476679952e-06, 1.35997424877e-06, 4.72360738968e-07, 4.26963026712e-07, 4.02702482916e-07, 3.45445357652e-07, 1.73239413925e-07, 1.93887487399e-07, 1.38356739399e-07, 1.44989286355e-07, 1.43681774034e-07], "min": [3.15414816337e-25, 7.63662222718e-25, 1.35411307319e-24, 1.01280904988e-24, 1.12439401657e-24, 1.84130331306e-24, 2.44702522875e-24, 1.76864784318e-24, 1.95009728986e-24, 1.96949873218e-24, 2.39183947805e-24, 3.14584416974e-24, 2.60851767782e-24, 3.17467723304e-24, 2.56221568421e-24, 2.22057501451e-24, 2.44809610743e-24, 2.60022379148e-24, 3.96882626734e-24, 3.03928937462e-24, 3.06772169658e-24, 2.88803279022e-24, 3.48993602749e-24, 4.36423214646e-24, 3.48928363952e-24, 4.42174207861e-24, 3.29452512329e-24, 4.53401789023e-24, 4.64966253236e-24, 3.32235317779e-24, 4.18744171229e-24, 4.78700716026e-24, 5.2033868787e-24, 6.13296124232e-24, 6.17066800473e-24, 5.95716398402e-24, 5.91637671978e-24, 6.27950674939e-24, 5.646995709e-24, 5.80602454547e-24], "var": [2.38218308368e-06, 7.14559973858e-07, 5.49014202988e-07, 6.37050447949e-07, 4.81256449802e-07, 4.20004255375e-07, 2.46742814625e-07, 3.27984395199e-07, 8.5847730702e-08, 1.10018604005e-07, 4.99184160674e-08, 1.39101885566e-08, 1.0626235003e-08, 6.70338362596e-09, 2.78841838508e-08, 5.05965083164e-08, 1.78983903254e-08, 8.38622415955e-09, 4.13646450426e-09, 4.96434093833e-09, 1.71378111702e-09, 1.56846413635e-09, 8.454699163e-10, 5.93717186526e-10, 1.65179425693e-10, 6.89356072225e-11, 8.99100238705e-11, 2.50538860491e-11, 7.63299059375e-12, 2.97139569894e-12, 2.62841289532e-12, 2.1515391465e-12, 1.59806055108e-12, 4.86980681474e-12, 3.13315107366e-12, 1.84767826039e-12, 1.04046318002e-12, 7.5949050651e-13, 1.78834323652e-13, 1.02882126104e-13]}, "mfcc": {"mean": [-623.489257812, 136.613052368, -36.3262443542, 27.5973949432, 7.36930274963, -3.36470031738, -6.14690732956, -5.39601182938, -2.40527009964, 0.711207151413, -7.76452827454, -2.54079985619, -3.00959730148], "cov": [[10348.015625, 1341.03161621, -421.263214111, 297.713897705, -104.118118286, -228.129180908, -85.9909744263, 139.756530762, 52.0520057678, 97.9925460815, -18.5023097992, 107.491439819, 52.6714324951], [1341.03161621, 890.677368164, -344.215087891, 261.730957031, -20.0291786194, 16.2694740295, 4.11431741714, -39.7928619385, 13.8472585678, -4.09037494659, -38.4623603821, -2.21470379829, -10.1337585449], [-421.263214111, -344.215087891, 332.0390625, -188.415924072, 91.5406036377, -4.15939092636, -2.7251534462, 6.97330760956, -47.3268051147, 14.4034118652, 16.4010887146, -2.88586306572, 10.945854187], [297.713897705, 261.730957031, -188.415924072, 270.590301514, -48.2155342102, 46.8622550964, -0.0161553919315, 40.2325935364, 84.9015731812, 21.1229476929, 3.9175863266, 16.5921154022, 11.3173952103], [-104.118118286, -20.0291786194, 91.5406036377, -48.2155342102, 114.93283844, 22.1428489685, 20.4866256714, -23.7901935577, -13.8429670334, 0.386921346188, 1.67209327221, -16.1045646667, -5.36602067947], [-228.129180908, 16.2694740295, -4.15939092636, 46.8622550964, 22.1428489685, 107.777549744, 27.0826129913, 29.603307724, 18.8127155304, 18.9495830536, 12.5621290207, -2.29685974121, -1.98400473595], [-85.9909744263, 4.11431741714, -2.7251534462, -0.0161553919315, 20.4866256714, 27.0826129913, 84.6960601807, 15.1917543411, 30.4262199402, -11.0590009689, 9.18525600433, 1.38392484188, 4.45139455795], [139.756530762, -39.7928619385, 6.97330760956, 40.2325935364, -23.7901935577, 29.603307724, 15.1917543411, 105.389831543, 39.7772521973, 49.4974136353, 12.6703042984, 18.1230258942, 13.0981378555], [52.0520057678, 13.8472585678, -47.3268051147, 84.9015731812, -13.8429670334, 18.8127155304, 30.4262199402, 39.7772521973, 109.044387817, 21.3923892975, 19.2800102234, 3.50628781319, 10.4213418961], [97.9925460815, -4.09037494659, 14.4034118652, 21.1229476929, 0.386921346188, 18.9495830536, -11.0590009689, 49.4974136353, 21.3923892975, 83.4620285034, 30.566860199, 20.5708599091, 5.69638299942], [-18.5023097992, -38.4623603821, 16.4010887146, 3.9175863266, 1.67209327221, 12.5621290207, 9.18525600433, 12.6703042984, 19.2800102234, 30.566860199, 58.693649292, 21.776550293, 10.1703920364], [107.491439819, -2.21470379829, -2.88586306572, 16.5921154022, -16.1045646667, -2.29685974121, 1.38392484188, 18.1230258942, 3.50628781319, 20.5708599091, 21.776550293, 55.5470733643, 25.8736763], [52.6714324951, -10.1337585449, 10.945854187, 11.3173952103, -5.36602067947, -1.98400473595, 4.45139455795, 13.0981378555, 10.4213418961, 5.69638299942, 10.1703920364, 25.8736763, 47.0522079468]], "icov": [[0.000150864725583, -0.000321057479596, -2.38847569562e-05, 0.000155370158609, -0.000107769963506, 0.00041366223013, 0.00023978772515, -0.000532969424967, -0.000119774689665, 0.00015840382548, -0.000146240010508, -0.000195988628548, 7.72230214352e-06], [-0.000321057479596, 0.00332137104124, 0.00242528272793, -0.00231629167683, -0.00150669447612, -0.000185333366971, -0.00160883576609, 0.00224129273556, 0.00221460172907, -0.00206988980062, 0.00159056752454, 0.000695165887009, -0.000549669377506], [-2.38847569562e-05, 0.00242528272793, 0.00965033471584, 0.00332734524272, -0.00671336380765, -2.1495185365e-07, 0.00194221967831, -0.0026435253676, 0.00135241099633, -0.000466993486043, -0.000656860298477, 0.000231791869737, -0.00293818535283], [0.000155370158609, -0.00231629167683, 0.00332734524272, 0.0114488117397, -0.000284971873043, -0.0037774045486, 0.00521468603984, -0.00316343992017, -0.00717398105189, 0.00229744357057, -7.8190525528e-05, -0.00281875254586, -0.00112739822362], [-0.000107769963506, -0.00150669447612, -0.00671336380765, -0.000284971873043, 0.0170573554933, -0.00358363683335, -0.00510400626808, 0.00699619669467, -0.000360252102837, -0.00408267602324, 0.00138185417745, 0.00345944520086, 0.000128958068672], [0.00041366223013, -0.000185333366971, -2.1495185365e-07, -0.0037774045486, -0.00358363683335, 0.0147370062768, -0.00363819114864, -0.00432886369526, 0.00288805807941, -0.00117603177205, -0.00261525018141, 0.00219257175922, 0.00102991634049], [0.00023978772515, -0.00160883576609, 0.00194221967831, 0.00521468603984, -0.00510400626808, -0.00363819114864, 0.0202451813966, -0.00682460935786, -0.00742722023278, 0.00980768632144, -0.0040168184787, -0.00358680915087, 0.000226224845392], [-0.000532969424967, 0.00224129273556, -0.0026435253676, -0.00316343992017, 0.00699619669467, -0.00432886369526, -0.00682460935786, 0.022582128644, -0.0018752332544, -0.0132896862924, 0.00714748399332, -0.00027993900585, -0.00193685060367], [-0.000119774689665, 0.00221460172907, 0.00135241099633, -0.00717398105189, -0.000360252102837, 0.00288805807941, -0.00742722023278, -0.0018752332544, 0.0187625121325, -0.00350860692561, -0.00367989414372, 0.00634551979601, -0.00309743965045], [0.00015840382548, -0.00206988980062, -0.000466993486043, 0.00229744357057, -0.00408267602324, -0.00117603177205, 0.00980768632144, -0.0132896862924, -0.00350860692561, 0.0266775544733, -0.0110462550074, -0.00550044281408, 0.00414907140657], [-0.000146240010508, 0.00159056752454, -0.000656860298477, -7.8190525528e-05, 0.00138185417745, -0.00261525018141, -0.0040168184787, 0.00714748399332, -0.00367989414372, -0.0110462550074, 0.0278292838484, -0.00803842302412, -0.000327169400407], [-0.000195988628548, 0.000695165887009, 0.000231791869737, -0.00281875254586, 0.00345944520086, 0.00219257175922, -0.00358680915087, -0.00027993900585, 0.00634551979601, -0.00550044281408, -0.00803842302412, 0.0322334542871, -0.014829534106], [7.72230214352e-06, -0.000549669377506, -0.00293818535283, -0.00112739822362, 0.000128958068672, 0.00102991634049, 0.000226224845392, -0.00193685060367, -0.00309743965045, 0.00414907140657, -0.000327169400407, -0.014829534106, 0.0310656502843]]}, "spectral_contrast_coeffs": {"dmean": [0.050928723067, 0.0423812903464, 0.0337529443204, 0.0293429344893, 0.0175169296563, 0.0167759396136], "dmean2": [0.0835406705737, 0.0703186020255, 0.055323548615, 0.0496170409024, 0.0297737233341, 0.0270753223449], "dvar": [0.00193279131781, 0.00115461344831, 0.000711930100806, 0.000507093616761, 0.000187401819858, 0.000274587393505], "dvar2": [0.0050754705444, 0.00321379769593, 0.00189393910114, 0.00147930451203, 0.000529771961737, 0.000632558309007], "max": [-0.316525310278, -0.499649405479, -0.564345836639, -0.650193929672, -0.691040635109, -0.576414704323], "mean": [-0.598715960979, -0.722997188568, -0.756806910038, -0.773326039314, -0.79616779089, -0.738623440266], "median": [-0.589854001999, -0.722024202347, -0.75458329916, -0.771764159203, -0.793972969055, -0.74214720726], "min": [-0.978046894073, -0.984485566616, -0.977863788605, -0.986988008022, -0.972979426384, -0.965661942959], "var": [0.00904584489763, 0.00432641385123, 0.00306881475262, 0.00187207572162, 0.000991755747236, 0.00283552892506]}, "spectral_contrast_valleys": {"dmean": [0.381273537874, 0.296266973019, 0.250287681818, 0.195874616504, 0.144515693188, 0.224151939154], "dmean2": [0.624532520771, 0.494142115116, 0.417139172554, 0.327949970961, 0.24102525413, 0.313470214605], "dvar": [0.137348517776, 0.0941599681973, 0.0789763182402, 0.0663100108504, 0.0635832846165, 0.112368516624], "dvar2": [0.328748226166, 0.212645635009, 0.1746173352, 0.141212642193, 0.130794987082, 0.216046705842], "max": [-5.45725488663, -4.99132347107, -5.54118061066, -5.728536129, -6.02030611038, -8.09610748291], "mean": [