{"lowlevel": {"average_loudness": 0.103948555887, "barkbands_crest": {"dmean": 1.80651879311, "dmean2": 2.97442364693, "dvar": 3.83513522148, "dvar2": 11.276722908, "max": 26.6924629211, "mean": 14.9432229996, "median": 14.25756073, "min": 3.84318804741, "var": 31.5311813354}, "barkbands_flatness_db": {"dmean": 0.0144093884155, "dmean2": 0.0230320487171, "dvar": 0.000226297124755, "dvar2": 0.00060191785451, "max": 0.531736195087, "mean": 0.305059701204, "median": 0.291603773832, "min": 0.0745960846543, "var": 0.00857797916979}, "barkbands_kurtosis": {"dmean": 4.79623699188, "dmean2": 7.71491193771, "dvar": 129.922241211, "dvar2": 327.103210449, "max": 365.306427002, "mean": 13.7853460312, "median": 4.30802154541, "min": -1.88601028919, "var": 1037.10205078}, "barkbands_skewness": {"dmean": 0.480578422546, "dmean2": 0.749962806702, "dvar": 0.335340768099, "dvar2": 0.810641646385, "max": 17.1608467102, "mean": 2.24712586403, "median": 1.71347784996, "min": -8.86486911774, "var": 4.98391819}, "barkbands_spread": {"dmean": 1.5105997324, "dmean2": 2.31724095345, "dvar": 4.04365301132, "dvar2": 9.20576953888, "max": 57.0983505249, "mean": 7.88148736954, "median": 6.23188877106, "min": 0.200606539845, "var": 38.22889328}, "dissonance": {"dmean": 0.0309888254851, "dmean2": 0.0528798885643, "dvar": 0.00100973097142, "dvar2": 0.00287487031892, "max": 0.499837905169, "mean": 0.41450804472, "median": 0.426385700703, "min": 0.14233532548, "var": 0.00289552635513}, "dynamic_complexity": 6.78500699997, "erbbands_crest": {"dmean": 2.35015034676, "dmean2": 3.73889446259, "dvar": 5.13144779205, "dvar2": 13.0795698166, "max": 32.8022270203, "mean": 12.2469272614, "median": 11.1023788452, "min": 3.2650976181, "var": 23.8664207458}, "erbbands_flatness_db": {"dmean": 0.0126831699163, "dmean2": 0.0188887380064, "dvar": 0.000151638145326, "dvar2": 0.000315091223456, "max": 0.50750887394, "mean": 0.27677834034, "median": 0.259721130133, "min": 0.059469409287, "var": 0.00486115412787}, "erbbands_kurtosis": {"dmean": 0.989066839218, "dmean2": 1.54043447971, "dvar": 2.38385629654, "dvar2": 5.57652664185, "max": 60.9188232422, "mean": 1.51736557484, "median": 0.379296541214, "min": -1.82433855534, "var": 15.9766721725}, "erbbands_skewness": {"dmean": 0.316381156445, "dmean2": 0.473483026028, "dvar": 0.0979292318225, "dvar2": 0.215503931046, "max": 4.69963407516, "mean": 0.530789375305, "median": 0.53438347578, "min": -4.30327749252, "var": 0.871339678764}, "erbbands_spread": {"dmean": 3.08877015114, "dmean2": 4.66786909103, "dvar": 12.1668672562, "dvar2": 27.5933036804, "max": 87.5735626221, "mean": 19.9762229919, "median": 19.3654537201, "min": 0.827957749367, "var": 112.68107605}, "hfc": {"dmean": 2.75357317924, "dmean2": 4.02307128906, "dvar": 20.9790000916, "dvar2": 44.814414978, "max": 118.905654907, "mean": 13.1072502136, "median": 9.69855499268, "min": 1.16332934344e-16, "var": 167.81312561}, "melbands_crest": {"dmean": 2.02557492256, "dmean2": 3.36593985558, "dvar": 4.99255514145, "dvar2": 14.6645784378, "max": 35.5778083801, "mean": 17.8321361542, "median": 17.2809066772, "min": 2.15961790085, "var": 43.5341796875}, "melbands_flatness_db": {"dmean": 0.0156506504864, "dmean2": 0.0249341409653, "dvar": 0.000287227274384, "dvar2": 0.000735884241294, "max": 0.672656357288, "mean": 0.407437115908, "median": 0.388789027929, "min": 0.00940477941185, "var": 0.0155151160434}, "melbands_kurtosis": {"dmean": 4.81281423569, "dmean2": 7.69569396973, "dvar": 79.6012191772, "dvar2": 218.44291687, "max": 302.618408203, "mean": 15.0819416046, "median": 7.10342168808, "min": -1.89902031422, "var": 515.254333496}, "melbands_skewness": {"dmean": 0.456075459719, "dmean2": 0.714199602604, "dvar": 0.248015716672, "dvar2": 0.624444365501, "max": 10.9613447189, "mean": 2.56164860725, "median": 2.11549472809, "min": -2.58838701248, "var": 2.84727859497}, "melbands_spread": {"dmean": 1.92535054684, "dmean2": 2.91297483444, "dvar": 10.9981822968, "dvar2": 20.8337650299, "max": 131.582092285, "mean": 9.51443576813, "median": 6.44834566116, "min": 0.372290313244, "var": 102.400352478}, "pitch_salience": {"dmean": 0.0473627708852, "dmean2": 0.0763625428081, "dvar": 0.00222642859444, "dvar2": 0.00617472967133, "max": 0.859807491302, "mean": 0.446215480566, "median": 0.452046841383, "min": 0.0412326790392, "var": 0.0266554895788}, "silence_rate_20dB": {"dmean": 0.00113523483742, "dmean2": 0.00227079191245, "dvar": 0.00113400095142, "dvar2": 0.00254963641055, "max": 1, "mean": 0.998297393322, "median": 1, "min": 0, "var": 0.00169969699346}, "silence_rate_30dB": {"dmean": 0.0141904354095, "dmean2": 0.0283848997205, "dvar": 0.0139882313088, "dvar2": 0.0324064269662, "max": 1, "mean": 0.83016461134, "median": 1, "min": 0, "var": 0.140995264053}, "silence_rate_60dB": {"dmean": 0.00879807025194, "dmean2": 0.017598638311, "dvar": 0.00872040633112, "dvar2": 0.0209802873433, "max": 1, "mean": 0.161180481315, "median": 0, "min": 0, "var": 0.135200828314}, "spectral_centroid": {"dmean": 77.0430603027, "dmean2": 112.412078857, "dvar": 20090.9179688, "dvar2": 32333.3808594, "max": 10785.2910156, "mean": 651.841918945, "median": 527.149658203, "min": 130.640213013, "var": 210398.546875}, "spectral_complexity": {"dmean": 1.18348228931, "dmean2": 1.95061028004, "dvar": 1.61331677437, "dvar2": 3.86725068092, "max": 26, "mean": 10.9736099243, "median": 12, "min": 0, "var": 32.2376213074}, "spectral_decrease": {"dmean": 2.16083106963e-09, "dmean2": 3.70759822843e-09, "dvar": 2.6672251909e-17, "dvar2": 9.28706841879e-17, "max": 7.12143585679e-16, "mean": -1.42230174305e-08, "median": -7.58067564277e-09, "min": -1.57174071092e-07, "var": 3.0989213889e-16}, "spectral_energy": {"dmean": 0.0083615379408, "dmean2": 0.0142817096785, "dvar": 0.000388012093026, "dvar2": 0.00134624016937, "max": 0.600896000862, "mean": 0.0548697076738, "median": 0.0297826640308, "min": 1.08014948832e-20, "var": 0.00452303234488}, "spectral_energyband_high": {"dmean": 1.0351805031e-05, "dmean2": 1.52336633619e-05, "dvar": 7.49171169545e-10, "dvar2": 1.75715442197e-09, "max": 0.000819858280011, "mean": 2.94392211799e-05, "median": 6.50494439469e-06, "min": 8.00200630534e-21, "var": 3.79036002585e-09}, "spectral_energyband_low": {"dmean": 0.00544387148693, "dmean2": 0.010122269392, "dvar": 0.000333201518515, "dvar2": 0.00120068062097, "max": 0.486668854952, "mean": 0.0375914648175, "median": 0.00400598300621, "min": 2.59512802614e-23, "var": 0.0036056493409}, "spectral_energyband_middle_high": {"dmean": 0.00121084495913, "dmean2": 0.00166732235812, "dvar": 9.03343152459e-06, "dvar2": 1.70433231688e-05, "max": 0.0712300688028, "mean": 0.00345411500894, "median": 0.00152321404312, "min": 1.71411209967e-21, "var": 3.10396862915e-05}, "spectral_energyband_middle_low": {"dmean": 0.00375027535483, "dmean2": 0.00573122641072, "dvar": 3.93046284444e-05, "dvar2": 0.000101949757664, "max": 0.147677615285, "mean": 0.014315597713, "median": 0.0104125142097, "min": 3.644866558e-22, "var": 0.000228407516261}, "spectral_entropy": {"dmean": 0.10694988817, "dmean2": 0.169731006026, "dvar": 0.0126652373001, "dvar2": 0.0299539435655, "max": 9.7956905365, "mean": 6.13719034195, "median": 6.23894929886, "min": 4.73890447617, "var": 0.32898375392}, "spectral_flux": {"dmean": 0.0125918518752, "dmean2": 0.0196371208876, "dvar": 0.000330632406985, "dvar2": 0.000706603343133, "max": 0.563255429268, "mean": 0.0478057861328, "median": 0.0404052324593, "min": 1.03930239415e-10, "var": 0.00170670507941}, "spectral_kurtosis": {"dmean": 13.1239976883, "dmean2": 22.6374855042, "dvar": 404.643920898, "dvar2": 1139.38146973, "max": 446.113250732, "mean": 50.089050293, "median": 18.4065208435, "min": -1.22071671486, "var": 5818.85205078}, "spectral_rms": {"dmean": 0.000509008299559, "dmean2": 0.000832983816508, "dvar": 6.53032429909e-07, "dvar2": 2.09375366467e-06, "max": 0.0242123939097, "mean": 0.00600092113018, "median": 0.00539038470015, "min": 3.24623531181e-12, "var": 1.75203349499e-05}, "spectral_rolloff": {"dmean": 109.331016541, "dmean2": 192.398864746, "dvar": 143641.28125, "dvar2": 253542.28125, "max": 19810.546875, "mean": 656.915344238, "median": 430.6640625, "min": 64.599609375, "var": 1452118.875}, "spectral_skewness": {"dmean": 0.711726844311, "dmean2": 1.22902810574, "dvar": 0.661733686924, "dvar2": 1.85021626949, "max": 17.1463317871, "mean": 4.31829500198, "median": 3.0135717392, "min": 0.0427854135633, "var": 11.3312673569}, "spectral_spread": {"dmean": 218394.53125, "dmean2": 360956.5625, "dvar": 158055890944, "dvar2": 238551171072, "max": 40787904, "mean": 1933444.75, "median": 1863941.5, "min": 212566.390625, "var": 1998018314240.0}, "spectral_strongpeak": {"dmean": 0.300139695406, "dmean2": 0.515319466591, "dvar": 0.520587027073, "dvar2": 1.28171491623, "max": 13.4284286499, "mean": 0.856290519238, "median": 0.579628109932, "min": 0, "var": 1.10711634159}, "zerocrossingrate": {"dmean": 0.003115729196, "dmean2": 0.00381934898905, "dvar": 6.20411810814e-05, "dvar2": 6.47759443382e-05, "max": 0.7392578125, "mean": 0.0256088543683, "median": 0.01904296875, "min": 0.001953125, "var": 0.00174778327346}, "barkbands": {"dmean": [0.000159297138453, 0.00497848726809, 0.000654938223306, 0.000271634635283, 0.000662656326313, 0.00240145088173, 0.00045148000936, 0.000756951398216, 0.000704000587575, 0.000286672642687, 0.000395968003431, 0.000235433835769, 0.000359455822036, 0.000117703384603, 0.000101738136436, 9.80523254839e-05, 7.26466969354e-05, 3.29954746121e-05, 4.87466277264e-05, 1.78555510502e-05, 3.18139018418e-06, 2.42447435994e-06, 1.39655901421e-06, 4.54749141454e-07, 1.59088386908e-07, 4.76141721606e-08, 1.0766301628e-08], "dmean2": [0.000273003388429, 0.00938100460917, 0.00111486599781, 0.000409534724895, 0.00100219575688, 0.00390974339098, 0.000695858208928, 0.00109273660928, 0.000958628719673, 0.000409585394664, 0.000546344264876, 0.000304539920762, 0.000546237104572, 0.000173481792444, 0.000154492649017, 0.000129873107653, 0.000107115040009, 4.64650984213e-05, 7.13780173101e-05, 2.77379094769e-05, 4.64859749627e-06, 3.6025899135e-06, 2.13618886846e-06, 6.76902629948e-07, 2.1708635245e-07, 6.9082346954e-08, 1.57946775659e-08], "dvar": [2.94190300565e-07, 0.000305325753288, 2.22361245505e-06, 4.5165904794e-07, 1.63646529927e-06, 2.33235205087e-05, 9.8230407275e-07, 6.59371062284e-06, 4.8298920774e-06, 1.17037416203e-06, 3.74074306819e-06, 1.11694544103e-06, 2.29604142987e-06, 2.37748793097e-07, 7.33796312602e-08, 8.77273009792e-08, 5.62939526105e-08, 4.69411141069e-08, 2.27347332071e-08, 1.86757964649e-09, 8.32519886362e-11, 5.79275898083e-11, 1.23009380459e-11, 8.95012904935e-13, 2.51119356429e-13, 1.99899436739e-14, 1.26738850568e-15], "dvar2": [7.16481338259e-07, 0.00111318798736, 5.82259372095e-06, 7.46398427509e-07, 3.5933539948e-06, 7.24289129721e-05, 2.24914720093e-06, 1.47522678162e-05, 9.26448592509e-06, 2.62353137259e-06, 6.70189183438e-06, 1.74926947238e-06, 4.40384292233e-06, 4.3128170546e-07, 1.59956201173e-07, 1.35516614819e-07, 1.40276711136e-07, 8.75249668297e-08, 4.98752612543e-08, 4.23397450433e-09, 1.74178976797e-10, 1.35344305208e-10, 3.07471131888e-11, 2.05530406062e-12, 4.14723160327e-13, 4.28569635021e-14, 2.53738735515e-15], "max": [0.0176625493914, 0.436551302671, 0.0345498099923, 0.021766513586, 0.0741169825196, 0.0721895471215, 0.0391743369401, 0.0720804706216, 0.0868560597301, 0.0440781153738, 0.0624881610274, 0.0264024734497, 0.067241512239, 0.0254518389702, 0.00550161069259, 0.0106313908473, 0.00737942522392, 0.00688943546265, 0.00568752083927, 0.000758807174861, 0.000257573148701, 0.000147846221807, 8.66019399837e-05, 2.42019814323e-05, 1.59170758707e-05, 7.13053759682e-06, 1.51171752805e-06], "mean": [0.00112653744873, 0.0343213602901, 0.00171544146724, 0.00088899442926, 0.00264849909581, 0.00589654548094, 0.0011938305106, 0.00162046705373, 0.00186684273649, 0.000576708873268, 0.000749562575947, 0.000522101356182, 0.000630167487543, 0.000341905164532, 0.000174297645572, 0.000214733634493, 0.000157765723998, 5.38680942554e-05, 0.000113226153189, 3.90697350667e-05, 7.37384743843e-06, 5.43667738384e-06, 3.31749447469e-06, 1.21041023249e-06, 3.96822173343e-07, 1.25889656033e-07, 2.60562469379e-08], "median": [2.46554573096e-05, 0.000642627070192, 0.000522841699421, 0.000334103329806, 0.0013649542816, 0.00239752139896, 0.000480483460706, 0.000395020761061, 0.000340330356266, 0.00013611788745, 8.3609498688e-05, 2.23666647798e-05, 7.88682082202e-05, 2.62194371317e-05, 3.39047473972e-05, 2.34878862102e-05, 2.49992299359e-05, 4.96571919939e-06, 1.34648034873e-05, 6.9996849561e-06, 1.07839548491e-06, 7.36117272027e-07, 6.78298192724e-07, 2.48515220846e-07, 6.06639289913e-08, 2.56495997775e-08, 5.60768098623e-09], "min": [1.52141859883e-23, 1.33769384063e-23, 3.17625515207e-24, 3.8257225604e-24, 6.88050603094e-23, 2.31370126711e-23, 2.23377230247e-23, 7.81923725529e-23, 1.47478505486e-22, 5.90460809836e-23, 5.22240749841e-23, 3.0441498622e-23, 9.17230915041e-23, 1.22760817509e-22, 1.11125586163e-22, 1.91650967511e-22, 2.11783758042e-22, 2.799519173e-22, 3.94246326164e-22, 2.95737390045e-22, 5.63969459622e-22, 4.30857398641e-22, 5.50288415337e-22, 9.3764921011e-22, 1.26023945061e-21, 1.99721648185e-21, 2.33012779978e-21], "var": [5.09281244376e-06, 0.0033277135808, 8.10498659121e-06, 2.69559427579e-06, 2.30010518862e-05, 7.4776042311e-05, 4.37854350821e-06, 1.74866618181e-05, 1.9622306354e-05, 2.28573867389e-06, 1.00530423879e-05, 4.58748627352e-06, 6.37734819975e-06, 1.53879466325e-06, 1.54774994598e-07, 5.53854647478e-07, 2.05691975452e-07, 7.8593224373e-08, 8.93808191904e-08, 5.58799362338e-09, 3.01987018725e-10, 2.1164629771e-10, 4.42721311e-11, 4.34070574623e-12, 9.64657390426e-13, 9.45073419479e-14, 5.39271191518e-15]}, "erbbands": {"dmean": [0.200067982078, 0.950047254562, 0.966470718384, 0.664824306965, 1.42428255081, 2.42182993889, 8.90774154663, 23.7001609802, 5.27295303345, 18.3703975677, 9.48548603058, 19.2502212524, 6.05597925186, 10.0209989548, 16.567697525, 12.5674533844, 16.847328186, 7.12854814529, 2.96839046478, 8.76457309723, 2.6983602047, 3.65039753914, 2.85955858231, 2.48621487617, 1.10909020901, 1.00328540802, 0.205049544573, 0.0726497918367, 0.0912285447121, 0.0475544594228, 0.0394059158862, 0.0159957073629, 0.00436799880117, 0.00214977469295, 0.00108648918103, 0.000316199933877, 8.18179178168e-05, 1.4146088688e-05, 4.95753602081e-06, 9.2345626399e-06], "dmean2": [0.383378386497, 1.75620102882, 1.72912728786, 0.946606934071, 2.19635248184, 3.67407727242, 13.9638147354, 39.6688156128, 7.53516197205, 28.3340167999, 13.2053318024, 26.1297550201, 8.24031734467, 14.4176511765, 23.2367553711, 16.4061489105, 25.8018913269, 10.212688446, 4.45515060425, 12.771317482, 3.67229866982, 5.31682491302, 4.11593103409, 3.73345065117, 1.59722483158, 1.5666025877, 0.30308675766, 0.105972319841, 0.137387931347, 0.0707189068198, 0.0598796159029, 0.0238170903176, 0.00642467197031, 0.00299772107974, 0.00148837547749, 0.000462579337182, 0.000119954333059, 2.04363932426e-05, 8.05533454695e-06, 1.56813548529e-05], "dvar": [0.391477674246, 12.8027791977, 6.51659154892, 2.25281763077, 11.213924408, 28.5845108032, 265.745330811, 2505.08764648, 119.094985962, 2327.0144043, 715.231323242, 3706.15380859, 274.527679443, 1672.3848877, 6821.18017578, 2865.22314453, 4413.00830078, 824.500732422, 56.0667877197, 479.346954346, 56.995765686, 123.499664307, 211.515457153, 65.7107009888, 8.87304592133, 5.41735696793, 0.304381757975, 0.0445500761271, 0.0953975021839, 0.0188839808106, 0.0107177207246, 0.00121318374295, 0.000145690239151, 4.64133736386e-05, 1.61390744324e-05, 8.24885034945e-07, 7.29453901727e-08, 2.10104955656e-09, 1.09104364432e-10, 4.56075621713e-10], "dvar2": [1.45132684708, 45.990901947, 20.8698787689, 4.07409000397, 25.4763126373, 66.1342544556, 734.679016113, 8014.54052734, 223.204055786, 5633.14013672, 1590.51818848, 7033.99316406, 470.164794922, 3650.12353516, 14356.9423828, 4457.54833984, 9209.23339844, 1388.71081543, 120.369239807, 1023.72241211, 98.4704437256, 287.259643555, 415.684356689, 148.307449341, 17.0618877411, 12.7112503052, 0.632295370102, 0.10309034586, 0.225374117494, 0.0384371578693, 0.0272747389972, 0.00286186113954, 0.000337463890901, 8.79041763255e-05, 2.31852936849e-05, 1.69463714883e-06, 1.59702452152e-07, 4.31953584012e-09, 3.18454318471e-10, 1.57501967024e-09], "max": [12.9208469391, 93.3362121582, 77.4419174194, 46.7159194946, 71.0896224976, 327.591094971, 303.745239258, 861.132751465, 591.751525879, 1065.90795898, 694.699157715, 2387.19604492, 709.281799316, 1662.8125, 1983.25769043, 1359.9543457, 2777.73754883, 1281.14257812, 272.250396729, 403.552337646, 372.387084961, 307.126495361, 446.033752441, 317.452056885, 91.4829406738, 39.565071106, 12.1625585556, 8.39684104919, 6.24764108658, 6.04186058044, 2.71007418633, 0.657732963562, 0.295761138201, 0.182041481137, 0.158189848065, 0.0414673648775, 0.0129406563938, 0.00188227847684, 0.000343260588124, 0.000653200375382], "mean": [1.09739875793, 7.21150970459, 3.64585447311, 2.96317005157, 4.37706804276, 9.86218452454, 26.4414176941, 53.0305976868, 18.4060554504, 37.3706016541, 26.0644550323, 52.8608322144, 15.4535636902, 19.5207500458, 32.5913505554, 29.3772926331, 30.7008361816, 18.8199443817, 8.63746738434, 17.1587276459, 7.08965539932, 7.95835638046, 5.5086774826, 5.72932910919, 2.9430668354, 2.32767033577, 0.521428644657, 0.194100350142, 0.210845515132, 0.11328548193, 0.098283983767, 0.0428020209074, 0.0113067319617, 0.00527618033811, 0.00247956463136, 0.000829167664051, 0.000223933631787, 3.69322697225e-05, 2.93069770123e-05, 6.05523382546e-05], "median": [0.0114277442917, 0.177204892039, 0.726815640926, 1.28759431839, 2.04440879822, 4.75389432907, 12.0268497467, 21.8274726868, 9.07668018341, 13.0208730698, 10.1685218811, 10.5629911423, 6.29384613037, 3.81044387817, 3.64237499237, 2.81147551537, 4.95241546631, 2.05726933479, 2.13642978668, 2.62799596786, 1.59301793575, 1.43713378906, 0.851279914379, 0.720396637917, 0.591879308224, 0.418450117111, 0.101845912635, 0.0384015962481, 0.0311102494597, 0.0190080404282, 0.0190708022565, 0.00804025121033, 0.00206573749892, 0.000701280077919, 0.000438409071648, 0.000193870044313, 5.50735785509e-05, 7.49734681449e-06, 1.8524187908e-05, 3.3802472899e-05], "min": [7.47710941666e-22, 1.55398853252e-21, 4.74998530898e-21, 5.99455043419e-21, 3.97762722243e-20, 2.94104247739e-19, 3.5405178449e-19, 1.97568392845e-19, 1.84559749866e-19, 9.93157917979e-19, 1.70219377121e-18, 4.37398053231e-18, 1.79320225015e-18, 2.40533079269e-18, 2.31191418419e-18, 1.46007697194e-18, 4.38515574238e-18, 3.46012938274e-18, 8.11459631421e-18, 6.73539506551e-18, 1.2676431218e-17, 1.15574576813e-17, 1.52807291401e-17, 1.10444518459e-17, 2.32959008262e-17, 1.50794760971e-17, 1.86768399133e-17, 2.22255456572e-17, 1.22460962946e-17, 2.18900064592e-17, 1.28271435256e-17, 1.69278310281e-17, 1.72400288437e-17, 1.19556400943e-17, 1.05067761759e-17, 7.48519706766e-18, 3.40974539804e-18, 1.33355111525e-18, 3.42594169783e-19, 3.28777022379e-20], "var": [2.70488858223, 173.919281006, 32.7759742737, 18.885635376, 48.1176490784, 414.383300781, 1360.57849121, 6255.87695312, 929.402587891, 6025.90771484, 2687.57910156, 15603.6367188, 964.616577148, 3269.44042969, 15694.2539062, 12115.7285156, 11507.4960938, 4486.76171875, 356.426361084, 1544.92102051, 360.328979492, 429.675079346, 382.559570312, 251.576461792, 49.1757850647, 18.781080246, 1.27242350578, 0.150725960732, 0.343824416399, 0.0667379945517, 0.0415867194533, 0.00588864181191, 0.000636976212263, 0.000174627581146, 4.7689605708e-05, 3.30555462824e-06, 3.27415250467e-07, 8.34056734789e-09, 1.07291098228e-09, 5.3376312259e-09]}, "gfcc": {"mean": [-149.780410767, 189.389816284, -102.386161804, 4.11523199081, -39.245464325, -13.8885288239, -21.6254463196, -3.71902346611, -5.54658889771, -5.31936120987, 1.76186490059, -6.16119098663, -2.26797914505], "cov": [[30950.2441406, -482.722442627, -8254.00488281, 2614.90820312, -88.7324066162, 401.637176514, -406.146514893, 455.975585938, 223.85043335, 426.505218506, 838.724975586, 158.490493774, 135.09413147], [-482.722442627, 2555.47216797, 928.33972168, -806.476257324, 514.172668457, -16.6466712952, 233.205551147, -288.371856689, 137.413635254, -17.3978939056, 141.812088013, -57.2003936768, 168.593322754], [-8254.00488281, 928.33972168, 3163.84594727, -531.25604248, 328.098266602, 78.643157959, 383.618103027, -61.0961265564, 111.84513855, -7.97866868973, -94.9076004028, -4.58462238312, 61.8387718201], [2614.90820312, -806.476257324, -531.25604248, 1035.32421875, 83.9603042603, 113.832878113, 161.794647217, 280.311157227, 141.292404175, 132.950790405, 94.6475906372, 97.3800582886, 45.5373039246], [-88.7324066162, 514.172668457, 328.098266602, 83.9603042603, 527.43737793, 152.543518066, 276.887084961, 51.1004447937, 177.520080566, 95.669303894, 128.684616089, 53.7171134949, 127.018249512], [401.637176514, -16.6466712952, 78.643157959, 113.832878113, 152.543518066, 250.754684448, 131.465255737, 29.5727214813, 60.5096168518, 74.19947052, 106.609718323, 51.3975486755, 38.4462394714], [-406.146514893, 233.205551147, 383.618103027, 161.794647217, 276.887084961, 131.465255737, 417.146057129, 171.984390259, 173.031860352, 90.2379837036, 84.2416534424, 75.1330718994, 108.613334656], [455.975585938, -288.371856689, -61.0961265564, 280.311157227, 51.1004447937, 29.5727214813, 171.984390259, 276.280395508, 127.046890259, 70.5249404907, -13.6787872314, 34.641040802, 26.3368206024], [223.85043335, 137.413635254, 111.84513855, 141.292404175, 177.520080566, 60.5096168518, 173.031860352, 127.046890259, 219.772140503, 96.2453155518, 36.7235374451, 17.2584648132, 62.4680595398], [426.505218506, -17.3978939056, -7.97866868973, 132.950790405, 95.669303894, 74.19947052, 90.2379837036, 70.5249404907, 96.2453155518, 128.398345947, 59.5137481689, 4.20995473862, 23.8764133453], [838.724975586, 141.812088013, -94.9076004028, 94.6475906372, 128.684616089, 106.609718323, 84.2416534424, -13.6787872314, 36.7235374451, 59.5137481689, 184.797622681, 50.7090034485, 35.4326896667], [158.490493774, -57.2003936768, -4.58462238312, 97.3800582886, 53.7171134949, 51.3975486755, 75.1330718994, 34.641040802, 17.2584648132, 4.20995473862, 50.7090034485, 112.216850281, 50.9977416992], [135.09413147, 168.593322754, 61.8387718201, 45.5373039246, 127.018249512, 38.4462394714, 108.613334656, 26.3368206024, 62.4680595398, 23.8764133453, 35.4326896667, 50.9977416992, 113.00705719]], "icov": [[0.00050808803644, -0.00104153086431, 0.00126598752104, -0.00118185440078, 0.000592815980781, -0.0012350413017, 0.0008135032258, -0.000975164584816, 0.000230285091675, -0.000299318751786, -0.000340883794706, 1.21398161355e-05, -3.34757896781e-05], [-0.00104153086431, 0.00325906090438, -0.00264482060447, 0.0031526137609, -0.0018454544479, 0.00328256632201, -0.00226150569506, 0.00298684719019, -0.00129537528846, 0.00114278774709, -0.000309020077111, 0.000947946042288, -0.000861453940161], [0.00126598752104, -0.00264482060447, 0.00364529760554, -0.00275546847843, 0.00133524904959, -0.00320317037404, 0.00130881590303, -0.00200304505415, 0.000509905163199, -0.00084049848374, -0.000107726693386, -0.000187970406841, 0.000360099365935], [-0.00118185440078, 0.0031526137609, -0.00275546847843, 0.00490265991539, -0.00181124859955, 0.00314335967414, -0.00208390224725, 0.00143041601405, -0.00106257945299, 0.000294229306746, -0.000206764656468, -0.000279458152363, -0.000406159029808], [0.000592815980781, -0.0018454544479, 0.00133524904959, -0.00181124859955, 0.005290674977, -0.00261624297127, -8.00509442342e-05, -0.000696231378242, -0.00113719783258, -0.000514698273037, -0.00120631721802, 0.000346481218003, -0.00181440787856], [-0.0012350413017, 0.00328256632201, -0.00320317037404, 0.00314335967414, -0.00261624297127, 0.0100149530917, -0.00335582555272, 0.00363615318201, -0.000505881325807, -0.0013143834658, -0.00161766970996, -0.00102154491469, 0.000502297305502], [0.0008135032258, -0.00226150569506, 0.00130881590303, -0.00208390224725, -8.00509442342e-05, -0.00335582555272, 0.00896381307393, -0.00614170916378, -9.78888565442e-05, -0.00027410039911, -0.00194178067613, -0.00105343037285, -0.00223110173829], [-0.000975164584816, 0.00298684719019, -0.00200304505415, 0.00143041601405, -0.000696231378242, 0.00363615318201, -0.00614170916378, 0.0122515987605, -0.00407636724412, -0.00080382230226, 0.00352428527549, -0.00110620504711, 0.00163990037981], [0.000230285091675, -0.00129537528846, 0.000509905163199, -0.00106257945299, -0.00113719783258, -0.000505881325807, -9.78888565442e-05, -0.00407636724412, 0.0115757826716, -0.00525919301435, 0.00109148479532, 0.000736126909032, -0.00166131055448], [-0.000299318751786, 0.00114278774709, -0.00084049848374, 0.000294229306746, -0.000514698273037, -0.0013143834658, -0.00027410039911, -0.00080382230226, -0.00525919301435, 0.0162240080535, -0.00416869996116, 0.00441340869293, -0.000734539004043], [-0.000340883794706, -0.000309020077111, -0.000107726693386, -0.000206764656468, -0.00120631721802, -0.00161766970996, -0.00194178067613, 0.00352428527549, 0.00109148479532, -0.00416869996116, 0.0120640946552, -0.00458054244518, 0.00252386368811], [1.21398161355e-05, 0.000947946042288, -0.000187970406841, -0.000279458152363, 0.000346481218003, -0.00102154491469, -0.00105343037285, -0.00110620504711, 0.000736126909032, 0.00441340869293, -0.00458054244518, 0.0159781556576, -0.00709868827835], [-3.34757896781e-05, -0.000861453940161, 0.000360099365935, -0.000406159029808, -0.00181440787856, 0.000502297305502, -0.00223110173829, 0.00163990037981, -0.00166131055448, -0.000734539004043, 0.00252386368811, -0.00709868827835, 0.0172571614385]]}, "melbands": {"dmean": [0.00155089504551, 0.000744574295823, 0.000136940463562, 0.000117997944471, 0.000288846931653, 0.000498525856528, 7.45882280171e-05, 0.000207116056117, 8.66471818881e-05, 0.000109198110295, 2.83789122477e-05, 4.08693158533e-05, 5.63413777854e-05, 3.43092615367e-05, 3.01563377434e-05, 3.46646229445e-05, 1.25124870465e-05, 5.68472705709e-06, 7.62483205108e-06, 1.15113925858e-05, 1.9334179342e-06, 3.17173885378e-06, 5.2467680689e-06, 1.09156042072e-06, 2.29814600061e-06, 1.60195281751e-06, 5.88034993143e-07, 6.60173611777e-07, 1.21709533119e-07, 1.02529760682e-07, 4.20567154436e-08, 6.34144186051e-08, 3.85870180253e-08, 2.871287208e-08, 2.62780552873e-08, 1.68590776894e-08, 8.07982747375e-09, 3.52110141044e-09, 2.48986542495e-09, 1.83926696096e-09], "dmean2": [0.00294923130423, 0.00134699896444, 0.000197781977477, 0.000184323289432, 0.000452861393569, 0.000824580260087, 0.000105576582428, 0.000314951612381, 0.000118675234262, 0.000147731901961, 3.91458597733e-05, 5.94824414293e-05, 7.71440682001e-05, 4.69673250336e-05, 4.61713752884e-05, 4.98710287502e-05, 1.83400807146e-05, 8.53422261571e-06, 1.15293496492e-05, 1.57241956913e-05, 2.81654411083e-06, 4.54338578493e-06, 7.7811164374e-06, 1.57817498803e-06, 3.45205899066e-06, 2.24088717005e-06, 9.06161915282e-07, 1.03490117453e-06, 1.8408707092e-07, 1.49106611502e-07, 6.50374261113e-08, 9.68805480284e-08, 5.71011646855e-08, 4.39656808737e-08, 4.04764115558e-08, 2.53047538479e-08, 1.20035830165e-08, 5.13623588105e-09, 3.68486929858e-09, 2.58998533731e-09], "dvar": [2.64401751338e-05, 6.18779768047e-06, 9.84006902627e-08, 5.64671047698e-08, 2.60627018633e-07, 1.06217407847e-06, 2.65098076824e-08, 3.48411219875e-07, 4.95322431959e-08, 1.27811262018e-07, 6.598954716e-09, 3.06635463687e-08, 7.62665663956e-08, 2.07491677173e-08, 7.76601893904e-09, 3.58922420673e-08, 2.98875302285e-09, 2.74757189223e-10, 4.28840379874e-10, 9.28257859467e-10, 4.45882913924e-11, 9.71504821035e-11, 3.66544072872e-10, 4.03921132652e-11, 6.02019059603e-11, 2.33268751537e-11, 2.76560046565e-12, 2.47436142756e-12, 1.02128348096e-13, 1.11638562977e-13, 1.22996824179e-14, 6.85280350803e-14, 1.16251697532e-14, 6.39978919672e-15, 6.91846728087e-15, 1.55207659689e-15, 3.24044603601e-16, 9.7591734816e-17, 6.02548996954e-17, 3.85022829729e-17], "dvar2": [9.68087551882e-05, 2.17499382416e-05, 1.82457114306e-07, 1.31724405605e-07, 7.21011929272e-07, 3.36011885338e-06, 4.84803983625e-08, 8.18283979243e-07, 1.05154384755e-07, 2.38208087922e-07, 1.17561587132e-08, 6.93764263815e-08, 1.33561002258e-07, 3.93249415254e-08, 1.87374347149e-08, 5.82667745164e-08, 5.33587130036e-09, 5.76101388816e-10, 9.36749122715e-10, 1.5313671442e-09, 8.82603226615e-11, 2.05255173968e-10, 8.41115621597e-10, 7.82436962443e-11, 1.35895017461e-10, 4.45385117676e-11, 5.83116020747e-12, 5.96675443429e-12, 2.28440638801e-13, 2.41528368486e-13, 3.090994664e-14, 1.64605010395e-13, 2.47605992513e-14, 1.41227395718e-14, 1.83725291789e-14, 3.66965801211e-15, 7.5695861661e-16, 2.23454385387e-16, 1.33058407216e-16, 6.96696775215e-17], "max": [0.120943345129, 0.0727286711335, 0.00826293416321, 0.00978076085448, 0.0145278433338, 0.0167483575642, 0.00903175305575, 0.0146629707888, 0.00695601990446, 0.0130326692015, 0.00345513317734, 0.0073331091553, 0.00943931099027, 0.00294802593999, 0.00153185939416, 0.00926204025745, 0.00294842757285, 0.000580868741963, 0.00041688568308, 0.00114990852308, 0.000416439695982, 0.000218738496187, 0.000476926652482, 0.000199501155294, 0.000301620166283, 0.000146026737639, 3.34902833856e-05, 3.60568992619e-05, 7.64742435422e-06, 1.27874136524e-05, 3.07037475977e-06, 5.498489827e-06, 3.09496044792e-06, 2.51397932516e-06, 2.41334691964e-06, 7.64996855196e-07, 3.34927165113e-07, 2.46502963819e-07, 1.74092491534e-07, 2.1540343198e-07], "mean": [0.0101089747623, 0.00464797625318, 0.00055309641175, 0.000454432301922, 0.000930946902372, 0.00117094768211, 0.000255816470599, 0.000416632072302, 0.000232980761211, 0.000301880500047, 6.44066094537e-05, 7.57350644562e-05, 0.000106043160486, 7.5326046499e-05, 5.9964171669e-05, 6.30882350379e-05, 3.4234017221e-05, 1.62663782248e-05, 1.34784404509e-05, 2.49385866482e-05, 4.77979438074e-06, 6.79483810018e-06, 1.03780230347e-05, 1.8742263137e-06, 5.05071102452e-06, 3.74459773411e-06, 1.26326608552e-06, 1.4688777128e-06, 2.71892332648e-07, 2.04872009135e-07, 9.28776202613e-08, 1.3612633154e-07, 8.21515087068e-08, 5.88717092853e-08, 6.06222485544e-08, 4.03423605633e-08, 1.99130596457e-08, 7.67435803795e-09, 5.60319923792e-09, 3.91431864699e-09], "median": [0.000132061701152, 0.000481468770886, 0.00025618734071, 0.000238815904595, 0.000452025793493, 0.000483952549985, 0.000114662580017, 0.000135556416353, 8.27081530588e-05, 5.55810911465e-05, 2.2296775569e-05, 1.20040785987e-05, 1.1808841009e-05, 3.6153783185e-06, 1.03582115116e-05, 6.30530666967e-06, 2.44829425355e-06, 2.03572017199e-06, 2.65810240307e-06, 2.37021731664e-06, 9.68988047134e-07, 1.0468313576e-06, 1.01762793747e-06, 2.54576093539e-07, 5.14057887813e-07, 3.54477549536e-07, 2.47155725219e-07, 2.43581581572e-07, 4.29790389944e-08, 2.23582556913e-08, 1.82919528413e-08, 1.59709827585e-08, 1.29295116835e-08, 7.00297642098e-09, 9.90453052907e-09, 7.09973502211e-09, 3.4273455185e-09, 8.63618843105e-10, 5.01934827035e-10, 4.38953595694e-10], "min": [5.56018038309e-24, 2.40545995044e-24, 1.35932034402e-24, 1.13383892986e-23, 1.37960365394e-23, 4.17479587754e-24, 2.91494537165e-24, 1.25077959156e-23, 1.35309082778e-23, 2.73280728884e-23, 7.2146828143e-24, 9.27094421593e-24, 7.10696306883e-24, 4.37614197398e-24, 7.4922474681e-24, 7.68250415236e-24, 6.1696677291e-24, 1.41624387641e-23, 8.94637212964e-24, 1.19294038888e-23, 1.53836396216e-23, 1.09970097419e-23, 1.64131741004e-23, 1.11145650051e-23, 8.10816087505e-24, 1.56496435188e-23, 1.52917168157e-23, 8.48784041759e-24, 1.00414246621e-23, 1.59182301467e-23, 1.13322708934e-23, 6.01878822021e-24, 9.92755416811e-24, 1.241615e-23, 5.75641978845e-24, 9.78211030529e-24, 1.02232421124e-23, 1.16873237762e-23, 1.18836909771e-23, 9.55216760661e-24], "var": [0.000267584808171, 6.5189684392e-05, 6.32551063973e-07, 5.65237428418e-07, 1.71675856109e-06, 2.94692654279e-06, 2.00437753506e-07, 8.88848887826e-07, 2.01380061071e-07, 5.51312723474e-07, 2.05785308793e-08, 5.57291954806e-08, 2.08064108165e-07, 7.00331597159e-08, 2.2952690415e-08, 1.08257488307e-07, 1.86525301871e-08, 1.76738168545e-09, 9.19642473285e-10, 6.31335517198e-09, 1.81597362148e-10, 3.34017619119e-10, 1.01744468406e-09, 6.4325787752e-11, 2.25929427944e-10, 1.11991145524e-10, 6.65506625502e-12, 8.85354983771e-12, 3.80787849169e-13, 2.88068912257e-13, 3.78149016278e-14, 2.29191394596e-13, 3.90024079385e-14, 1.95330845953e-14, 2.34416656144e-14, 5.99690517513e-15, 1.35114778219e-15, 3.54549886391e-16, 2.36548138323e-16, 1.18734749206e-16]}, "mfcc": {"mean": [-773.869689941, 200.892944336, 3.8025739193, 25.9090881348, 2.32722496986, -2.44001960754, -5.54729270935, 0.669973373413, -7.45812416077, 7.03319740295, -0.374777019024, 0.546163678169, 4.24639129639], "cov": [[15547.9980469, 2738.66748047, -3692.59179688, 514.861022949, -357.907928467, 63.4716758728, -162.23109436, 323.79888916, -456.582733154, 442.790161133, -51.3679580688, 268.075164795, 465.300018311], [2738.66748047, 2893.1003418, -138.652130127, -336.349975586, 145.464630127, 135.07975769, 94.5539855957, -26.9188919067, -51.3318557739, 48.7463912964, -17.848695755, 32.4157333374, 66.1649398804], [-3692.59179688, -138.652130127, 1474.28918457, -53.9060287476, 136.362182617, 46.0159225464, 82.3817596436, -67.6332626343, 180.665100098, -57.2442512512, 49.4897003174, -10.7964696884, -104.066764832], [514.861022949, -336.349975586, -53.9060287476, 593.736083984, 97.6161804199, 37.8507156372, 112.06893158, 120.183166504, 199.545547485, 111.684387207, 114.337234497, 90.0191955566, 106.757301331], [-357.907928467, 145.464630127, 136.362182617, 97.6161804199, 273.06854248, 168.532440186, 116.68536377, 58.5532798767, 67.7800445557, 64.3356781006, 64.0687866211, 52.2412033081, 19.9843788147], [63.4716758728, 135.07975769, 46.0159225464, 37.8507156372, 168.532440186, 270.709960938, 135.387023926, 63.329864502, 22.85663414, 40.2964057922, 27.4263839722, 72.1181716919, 43.8756866455], [-162.23109436, 94.5539855957, 82.3817596436, 112.06893158, 116.68536377, 135.387023926, 243.665267944, 104.946517944, 107.914588928, 43.2336463928, 58.5458946228, 84.5484008789, 75.3313751221], [323.79888916, -26.9188919067, -67.6332626343, 120.183166504, 58.5532798767, 63.329864502, 104.946517944, 181.034362793, 86.0532226562, 52.6971321106, 37.3198890686, 62.8077697754, 78.1725311279], [-456.582733154, -51.3318557739, 180.665100098, 199.545547485, 67.7800445557, 22.85663414, 107.914588928, 86.0532226562, 367.747680664, 47.96144104, 120.766899109, 51.309425354, 53.7461242676], [442.790161133, 48.7463912964, -57.2442512512, 111.684387207, 64.3356781006, 40.2964057922, 43.2336463928, 52.6971321106, 47.96144104, 202.474349976, 81.1898803711, 50.1931991577, 13.1021757126], [-51.3679580688, -17.848695755, 49.4897003174, 114.337234497, 64.0687866211, 27.4263839722, 58.5458946228, 37.3198890686, 120.766899109, 81.1898803711, 192.310394287, 55.8499069214, -10.5084600449], [268.075164795, 32.4157333374, -10.7964696884, 90.0191955566, 52.2412033081, 72.1181716919, 84.5484008789, 62.8077697754, 51.309425354, 50.1931991577, 55.8499069214, 138.910919189, 70.5166549683], [465.300018311, 66.1649398804, -104.066764832, 106.757301331, 19.9843788147, 43.8756866455, 75.3313751221, 78.1725311279, 53.7461242676, 13.1021757126, -10.5084600449, 70.5166549683, 155.082183838]], "icov": [[0.00045608781511, -0.000503451854456, 0.000879300408997, -0.000725779740606, 0.000942009501159, -0.000563507317565, 0.000676410039887, -0.000468895363156, 0.000336254102876, -0.000412237917772, 3.8075781049e-05, -0.000488629739266, 2.49259755947e-05], [-0.000503451854456, 0.000988540705293, -0.00089014088735, 0.00121937680524, -0.00137270486448, 0.000662235601339, -0.000930888403673, 0.000798023596872, -0.000437927170424, 0.000250562588917, -7.38631060813e-05, 0.000589566829149, -0.000450988998637], [0.000879300408997, -0.00089014088735, 0.00262239738367, -0.00119188439567, 0.00123836880084, -0.000917771365494, 0.000844337511808, -0.000352551403921, 3.38947728551e-07, -0.000487336626975, 0.000319096347084, -0.00121824792586, 0.000806062133051], [-0.000725779740606, 0.00121937680524, -0.00119188439567, 0.00415982864797, -0.00246395217255, 0.0015276693739, -0.00131126400083, 0.000646132277325, -0.0014097164385, -0.000197716683033, -0.000689554028213, 0.000679161516018, -0.00165977049619], [0.000942009501159, -0.00137270486448, 0.00123836880084, -0.00246395217255, 0.00936470739543, -0.0050986064598, 0.000858105078805, -0.00152519834228, 0.000784720818046, -0.00162243715022, -0.000749594008084, -0.000343031540979, 0.000844476744533], [-0.000563507317565, 0.000662235601339, -0.000917771365494, 0.0015276693739, -0.0050986064598, 0.00833158567548, -0.00330351758748, 0.000493972271215, 0.000189612721442, 0.000502554466948, 0.000674060953315, -0.0012136020232, -0.000114438058517], [0.000676410039887, -0.000930888403673, 0.000844337511808, -0.00131126400083, 0.000858105078805, -0.00330351758748, 0.00943502411246, -0.00316262035631, -0.000249270611675, -0.000191259226995, -0.000688019325025, -0.00195266015362, -0.00138408259954], [-0.000468895363156, 0.000798023596872, -0.000352551403921, 0.000646132277325, -0.00152519834228, 0.000493972271215, -0.00316262035631, 0.0100058382377, -0.00140645634383, -0.000735635869205, 0.000181904208148, -3.41940394719e-05, -0.00248816469684], [0.000336254102876, -0.000437927170424, 3.38947728551e-07, -0.0014097164385, 0.000784720818046, 0.000189612721442, -0.000249270611675, -0.00140645634383, 0.00499997194856, 1.93264040718e-05, -0.00243664300069, 0.000562719418667, -0.00133153283969], [-0.000412237917772, 0.000250562588917, -0.000487336626975, -0.000197716683033, -0.00162243715022, 0.000502554466948, -0.000191259226995, -0.000735635869205, 1.93264040718e-05, 0.0073147690855, -0.00199707387947, -0.000756537192501, 0.00105363503098], [3.8075781049e-05, -7.38631060813e-05, 0.000319096347084, -0.000689554028213, -0.000749594008084, 0.000674060953315, -0.000688019325025, 0.000181904208148, -0.00243664300069, -0.00199707387947, 0.00948309898376, -0.00355024333112, 0.00402456102893], [-0.000488629739266, 0.000589566829149, -0.00121824792586, 0.000679161516018, -0.000343031540979, -0.0012136020232, -0.00195266015362, -3.41940394719e-05, 0.000562719418667, -0.000756537192501, -0.00355024333112, 0.0136027149856, -0.00527409743518], [2.49259755947e-05, -0.000450988998637, 0.000806062133051, -0.00165977049619, 0.000844476744533, -0.000114438058517, -0.00138408259954, -0.00248816469684, -0.00133153283969, 0.00105363503098, 0.00402456102893, -0.00527409743518, 0.0131426937878]]}, "spectral_contrast_coeffs": {"dmean": [0.0332739911973, 0.035780671984, 0.0287886653095, 0.0246846601367, 0.017680676654, 0.0134368445724], "dmean2": [0.0563002377748, 0.0598011724651, 0.0451914183795, 0.0389893203974, 0.0279542896897, 0.0218245796859], "dvar": [0.000806611322332, 0.000951548223384, 0.000627140980214, 0.000473674881505, 0.000258852669504, 0.000168240992934], "dvar2": [0.00226052035578, 0.00260592694394, 0.00151169393212, 0.00114513351582, 0.000596790458076, 0.000440244941274], "max": [-0.298200786114, -0.379688739777, -0.32533583045, -0.359594762325, -0.502019166946, -0.598371446133], "mean": [-0.649884343147, -0.677941679955, -0.703001081944, -0.729195654392, -0.7425994277, -0.772444665432], "median": [-0.663280725479, -0.675042808056, -0.709004342556, -0.729576706886, -0.732580900192, -0.753953635693], "min": [-0.950223326683, -0.964279472828, -0.97322010994, -0.961280822754, -0.962680459023, -0.95585000515], "var": [0.012931750156, 0.00716685503721, 0.005612406414, 0.00739402929321, 0.00786853861064, 0.0051196673885]}, "spectral_contrast_valleys": {"dmean": [0.301576495171, 0.24633076787, 0.250535130501, 0.212270647287, 0.155543208122, 0.17446808517], "dmean2": [0.507741391659, 0.404889911413, 0.40033274889, 0.346390873194, 0.255159795284, 0.287790477276], "d