{"lowlevel": {"average_loudness": 0.62606137991, "barkbands_crest": {"dmean": 1.41974079609, "dmean2": 2.35590481758, "dvar": 2.70995569229, "dvar2": 7.83747529984, "max": 26.1287746429, "mean": 12.5094537735, "median": 12.0033283234, "min": 2.93494653702, "var": 14.7855577469}, "barkbands_flatness_db": {"dmean": 0.0193695295602, "dmean2": 0.0317475795746, "dvar": 0.000448457314633, "dvar2": 0.0010728482157, "max": 0.498271822929, "mean": 0.329786747694, "median": 0.328111857176, "min": 0.0383189171553, "var": 0.00245053623803}, "barkbands_kurtosis": {"dmean": 2.271266222, "dmean2": 3.60853123665, "dvar": 11.5219335556, "dvar2": 29.9709911346, "max": 124.483482361, "mean": 11.5568628311, "median": 9.19302368164, "min": -1.79317760468, "var": 92.9148483276}, "barkbands_skewness": {"dmean": 0.286805570126, "dmean2": 0.450275480747, "dvar": 0.107784204185, "dvar2": 0.267763078213, "max": 7.60319185257, "mean": 2.11195158958, "median": 2.11826133728, "min": -7.29953575134, "var": 1.53005814552}, "barkbands_spread": {"dmean": 0.701284050941, "dmean2": 1.12676715851, "dvar": 1.54942142963, "dvar2": 3.47599887848, "max": 49.14868927, "mean": 4.28611135483, "median": 3.49221992493, "min": 0.439522206783, "var": 11.1809806824}, "dissonance": {"dmean": 0.0258426312357, "dmean2": 0.0443509146571, "dvar": 0.000756105873734, "dvar2": 0.00206603249535, "max": 0.5, "mean": 0.406066387892, "median": 0.420134991407, "min": 0.188722014427, "var": 0.00421610800549}, "dynamic_complexity": 3.59108543396, "erbbands_crest": {"dmean": 1.77026116848, "dmean2": 2.9358458519, "dvar": 4.84622716904, "dvar2": 14.3515377045, "max": 34.5724563599, "mean": 13.4178915024, "median": 12.4716091156, "min": 2.6795694828, "var": 29.7558937073}, "erbbands_flatness_db": {"dmean": 0.0130039388314, "dmean2": 0.0206192899495, "dvar": 0.000295035657473, "dvar2": 0.000688252446707, "max": 0.491231799126, "mean": 0.327491044998, "median": 0.323232412338, "min": 0.0825369805098, "var": 0.00214650854468}, "erbbands_kurtosis": {"dmean": 1.44537556171, "dmean2": 2.22602939606, "dvar": 8.39174938202, "dvar2": 16.7156429291, "max": 258.59286499, "mean": 5.712849617, "median": 3.41549444199, "min": -1.70838797092, "var": 129.409713745}, "erbbands_skewness": {"dmean": 0.249179050326, "dmean2": 0.402503103018, "dvar": 0.108167357743, "dvar2": 0.304157584906, "max": 9.34760951996, "mean": 1.59863865376, "median": 1.58947134018, "min": -4.09271621704, "var": 0.984890401363}, "erbbands_spread": {"dmean": 2.06355071068, "dmean2": 3.31602025032, "dvar": 8.00672054291, "dvar2": 20.1038837433, "max": 44.8319625854, "mean": 13.4837417603, "median": 12.4656047821, "min": 0.271629363298, "var": 44.9138641357}, "hfc": {"dmean": 1.53795695305, "dmean2": 2.32395863533, "dvar": 5.96171617508, "dvar2": 15.5100984573, "max": 54.4524421692, "mean": 8.43953227997, "median": 7.00451087952, "min": 1.1294725101e-16, "var": 44.333782196}, "melbands_crest": {"dmean": 1.76090490818, "dmean2": 2.91558647156, "dvar": 4.31356620789, "dvar2": 12.6349840164, "max": 30.2311992645, "mean": 15.0531806946, "median": 14.6185035706, "min": 1.65123748779, "var": 15.9127779007}, "melbands_flatness_db": {"dmean": 0.0187660083175, "dmean2": 0.0290309842676, "dvar": 0.000603298365604, "dvar2": 0.00133498630021, "max": 0.569175720215, "mean": 0.408106833696, "median": 0.409960865974, "min": 0.00332419434562, "var": 0.00335821299814}, "melbands_kurtosis": {"dmean": 2.473279953, "dmean2": 3.93077850342, "dvar": 11.6447753906, "dvar2": 29.0533924103, "max": 87.2921524048, "mean": 12.0486850739, "median": 10.288225174, "min": -1.8453360796, "var": 89.8506393433}, "melbands_skewness": {"dmean": 0.30274400115, "dmean2": 0.480501323938, "dvar": 0.116164080799, "dvar2": 0.296476632357, "max": 7.33657979965, "mean": 1.99705219269, "median": 2.02491998672, "min": -6.67361211777, "var": 1.31138134003}, "melbands_spread": {"dmean": 0.89924967289, "dmean2": 1.43653917313, "dvar": 3.79455924034, "dvar2": 7.66155147552, "max": 143.897949219, "mean": 6.06089115143, "median": 4.59796524048, "min": 0.731152832508, "var": 85.0208053589}, "pitch_salience": {"dmean": 0.0423574969172, "dmean2": 0.0713678747416, "dvar": 0.00252388347872, "dvar2": 0.00704320473596, "max": 0.96003973484, "mean": 0.535332858562, "median": 0.538675785065, "min": 0.0702675804496, "var": 0.0135135008022}, "silence_rate_20dB": {"dmean": 0, "dmean2": 0, "dvar": 0, "dvar2": 0, "max": 1, "mean": 1, "median": 1, "min": 1, "var": 0}, "silence_rate_30dB": {"dmean": 0.00339736044407, "dmean2": 0.00679560890421, "dvar": 0.00338573893532, "dvar2": 0.00805599056184, "max": 1, "mean": 0.995557904243, "median": 1, "min": 0, "var": 0.00442198105156}, "silence_rate_60dB": {"dmean": 0.00862406939268, "dmean2": 0.0171197075397, "dvar": 0.00854880269617, "dvar2": 0.0176093559712, "max": 1, "mean": 0.0874052792788, "median": 0, "min": 0, "var": 0.0797609239817}, "spectral_centroid": {"dmean": 34.907081604, "dmean2": 54.7909889221, "dvar": 27278.6015625, "dvar2": 42221.53125, "max": 11536.5966797, "mean": 486.104156494, "median": 406.501464844, "min": 241.229064941, "var": 520208.625}, "spectral_complexity": {"dmean": 1.24421799183, "dmean2": 2.02522206306, "dvar": 2.01518368721, "dvar2": 4.46644544601, "max": 25, "mean": 10.0964202881, "median": 10, "min": 0, "var": 18.4475898743}, "spectral_decrease": {"dmean": 1.23635313098e-09, "dmean2": 1.94974325574e-09, "dvar": 3.55108512892e-18, "dvar2": 1.01257610694e-17, "max": 1.91879449431e-28, "mean": -6.37886232724e-09, "median": -5.30407229249e-09, "min": -3.81018843143e-08, "var": 2.58184608961e-17}, "spectral_energy": {"dmean": 0.0047994828783, "dmean2": 0.00755950063467, "dvar": 5.33742786502e-05, "dvar2": 0.000151851461851, "max": 0.147142365575, "mean": 0.0248407628387, "median": 0.0206128284335, "min": 1.03331030535e-20, "var": 0.000390067754779}, "spectral_energyband_high": {"dmean": 2.89025979328e-06, "dmean2": 4.06513890994e-06, "dvar": 5.25233571913e-11, "dvar2": 1.16259779581e-10, "max": 0.000141382450238, "mean": 6.51254958939e-06, "median": 3.26009103446e-06, "min": 7.36193895567e-21, "var": 9.02630400978e-11}, "spectral_energyband_low": {"dmean": 0.00159149290994, "dmean2": 0.00262803351507, "dvar": 1.27824050651e-05, "dvar2": 3.86290957977e-05, "max": 0.0686519443989, "mean": 0.00391649128869, "median": 0.00179973128252, "min": 1.3829602571e-23, "var": 3.64688494301e-05}, "spectral_energyband_middle_high": {"dmean": 0.000202959039598, "dmean2": 0.000276781531284, "dvar": 2.88771161649e-07, "dvar2": 5.95116262048e-07, "max": 0.0147982602939, "mean": 0.000884650507942, "median": 0.000635884935036, "min": 1.27628818833e-21, "var": 1.09113295821e-06}, "spectral_energyband_middle_low": {"dmean": 0.00414398405701, "dmean2": 0.00653463276103, "dvar": 4.22564080509e-05, "dvar2": 0.000119329233712, "max": 0.145477250218, "mean": 0.0211123842746, "median": 0.0170930027962, "min": 1.35655689327e-22, "var": 0.000316474179272}, "spectral_entropy": {"dmean": 0.13391213119, "dmean2": 0.214439719915, "dvar": 0.0396702699363, "dvar2": 0.0925458669662, "max": 9.82989692688, "mean": 5.97812986374, "median": 6.03130674362, "min": 4.03970813751, "var": 0.321658313274}, "spectral_flux": {"dmean": 0.0126211130992, "dmean2": 0.0199667997658, "dvar": 0.000294838915579, "dvar2": 0.000710239459295, "max": 0.249490216374, "mean": 0.0384636744857, "median": 0.0293243993074, "min": 6.47233794338e-11, "var": 0.00105212558992}, "spectral_kurtosis": {"dmean": 15.0913724899, "dmean2": 26.0723342896, "dvar": 169.108734131, "dvar2": 452.09173584, "max": 115.467590332, "mean": 32.2618103027, "median": 29.3546600342, "min": -1.25075519085, "var": 403.125671387}, "spectral_rms": {"dmean": 0.000433439621702, "dmean2": 0.000667742278893, "dvar": 3.08693671514e-07, "dvar2": 8.20327556994e-07, "max": 0.0119813820347, "mean": 0.00450552161783, "median": 0.00448442623019, "min": 3.17507110013e-12, "var": 3.93512118535e-06}, "spectral_rolloff": {"dmean": 36.8814926147, "dmean2": 64.6859283447, "dvar": 18054.3457031, "dvar2": 32093.4707031, "max": 19810.546875, "mean": 569.032348633, "median": 430.6640625, "min": 215.33203125, "var": 1625952.25}, "spectral_skewness": {"dmean": 1.00047826767, "dmean2": 1.71732914448, "dvar": 0.659318387508, "dvar2": 1.77803325653, "max": 8.60142040253, "mean": 3.67041349411, "median": 3.51054668427, "min": -0.0715655460954, "var": 1.72486281395}, "spectral_spread": {"dmean": 262381.3125, "dmean2": 444175.03125, "dvar": 350563926016, "dvar2": 532727431168, "max": 42648692, "mean": 1679766.125, "median": 1458979.625, "min": 612146.75, "var": 6995649757180.0}, "spectral_strongpeak": {"dmean": 0.275516837835, "dmean2": 0.466460585594, "dvar": 0.182185769081, "dvar2": 0.479660451412, "max": 5.94774675369, "mean": 1.09776580334, "median": 0.879665255547, "min": 0, "var": 0.706867098808}, "zerocrossingrate": {"dmean": 0.0019345585024, "dmean2": 0.00259621161968, "dvar": 7.92777245806e-06, "dvar2": 1.08295616883e-05, "max": 0.52392578125, "mean": 0.0222567953169, "median": 0.0185546875, "min": 0.00634765625, "var": 0.00118742964696}, "barkbands": {"dmean": [7.39926804272e-07, 0.000250933691859, 0.00100975297391, 0.00105774623808, 0.00154676637612, 0.00177695730235, 0.00103273510467, 0.000249130855082, 0.000173679101863, 9.75364819169e-05, 6.10835122643e-05, 4.61922827526e-05, 3.4451004467e-05, 3.6980931327e-05, 1.88358317246e-05, 1.10757773655e-05, 1.41044429256e-05, 1.03038446468e-05, 9.44809289649e-06, 2.61613899966e-06, 1.32947457132e-06, 3.15067893553e-07, 9.8956732586e-08, 2.44503599589e-08, 7.32573113282e-09, 1.02917152578e-09, 8.96170582187e-10], "dmean2": [1.27372834413e-06, 0.000389333057683, 0.00166912912391, 0.00179877679329, 0.00243225111626, 0.00289776758291, 0.00165954628028, 0.000327507732436, 0.000251812045462, 0.000134541973239, 8.45845061122e-05, 6.94647678756e-05, 5.1822153182e-05, 5.10279278387e-05, 2.84382003883e-05, 1.75691984623e-05, 2.093893454e-05, 1.58210295922e-05, 1.38538025567e-05, 3.7435052036e-06, 1.90899527297e-06, 4.495587973e-07, 1.41522917829e-07, 3.94552621685e-08, 1.28822330581e-08, 1.84217030519e-09, 1.61220070627e-09], "dvar": [1.64495402976e-12, 5.62674586035e-07, 7.37130494599e-06, 5.65669597563e-06, 7.656732123e-06, 1.21241519082e-05, 8.85240660864e-06, 3.32879920961e-07, 5.23169887856e-07, 3.06504297498e-08, 7.24140960529e-08, 7.92370400404e-08, 3.23028999105e-08, 4.24555146594e-08, 1.27284280893e-08, 6.65445587522e-10, 7.25054738471e-10, 5.52018541988e-10, 1.01930630603e-09, 5.86419524051e-11, 1.55979049121e-11, 7.13472846341e-13, 7.58812771732e-14, 5.64941795534e-15, 1.00658356721e-15, 7.20941587862e-18, 1.83990466074e-18], "dvar2": [4.57730207903e-12, 1.35336540552e-06, 2.3003154638e-05, 1.83155134437e-05, 1.93296382349e-05, 3.50227492163e-05, 2.71588487522e-05, 7.88914633176e-07, 1.08595804704e-06, 6.8001213549e-08, 1.49546266925e-07, 1.77403506996e-07, 6.26340366239e-08, 7.90451082366e-08, 2.20261728856e-08, 1.27337107525e-09, 1.58787138993e-09, 1.34806443786e-09, 2.22517870796e-09, 1.36789649052e-10, 3.49948126033e-11, 1.67034485202e-12, 1.75149120468e-13, 1.50926160133e-14, 2.79627598745e-15, 2.10035815168e-17, 5.63191793039e-18], "max": [2.15089821722e-05, 0.0209917835891, 0.0482396520674, 0.0397776290774, 0.0767756178975, 0.0783326029778, 0.073395088315, 0.0152524923906, 0.0191144961864, 0.00621046684682, 0.0137814255431, 0.0129179675132, 0.0100645050406, 0.0110983103514, 0.00709812436253, 0.00139549630694, 0.000530166376848, 0.000460187613498, 0.000597426434979, 0.000273229117738, 6.6122993303e-05, 1.63977310876e-05, 5.40034125152e-06, 1.16945523132e-06, 3.6328995634e-07, 1.02994391682e-07, 1.58254955807e-08], "mean": [9.91412548501e-07, 0.000795094994828, 0.00212366692722, 0.00237203622237, 0.00669396249577, 0.00650407979265, 0.00387064367533, 0.00104342133272, 0.000455910078017, 0.000336713186698, 0.000182338466402, 0.000112537483801, 9.66044171946e-05, 9.15868440643e-05, 4.32971392001e-05, 2.89759300358e-05, 3.4513825085e-05, 2.63139809249e-05, 1.86695306184e-05, 5.91254547544e-06, 2.76409059552e-06, 5.75958893023e-07, 1.57595138717e-07, 2.9322904993e-08, 5.99396976497e-09, 9.78150560549e-10, 7.91061549599e-10], "median": [3.45844256344e-07, 0.00013262165885, 0.00063408591086, 0.000926807289943, 0.00412512943149, 0.00371584179811, 0.00133979553357, 0.000494827574585, 0.000204673269764, 0.000223718147026, 0.000107968124212, 5.83815563004e-05, 5.32685153303e-05, 3.31672417815e-05, 2.33976825257e-05, 1.68121478055e-05, 1.77680158231e-05, 1.27728799271e-05, 8.89504281076e-06, 3.14846010951e-06, 1.31362071443e-06, 2.1179266696e-07, 4.72800998352e-08, 5.61550317357e-09, 9.04160635251e-10, 4.12957251728e-10, 2.94054836036e-10], "min": [1.31009014803e-25, 2.26751697154e-24, 2.41652411907e-24, 9.68128165426e-25, 9.65418152115e-24, 7.2600210171e-24, 8.4459645253e-24, 1.20310194286e-23, 8.75336626512e-24, 2.39031875144e-23, 1.02060015573e-23, 3.70703031194e-23, 4.4336917436e-23, 4.33409647659e-23, 5.76524919302e-23, 6.28055964204e-23, 1.03392067165e-22, 1.12957396915e-22, 1.33794381488e-22, 1.76882279675e-22, 2.75964395818e-22, 2.87425093267e-22, 4.70754575348e-22, 6.34965476966e-22, 1.0221143269e-21, 1.33669701075e-21, 1.97532689177e-21], "var": [2.88163720316e-12, 3.48663570549e-06, 1.51568965521e-05, 1.27199136841e-05, 7.87795142969e-05, 6.48336863378e-05, 4.39583454863e-05, 1.85572912415e-06, 1.21150378618e-06, 1.55381741251e-07, 1.70816491618e-07, 1.58906260594e-07, 6.72903937016e-08, 1.92367252794e-07, 3.48735795797e-08, 1.87435089671e-09, 2.13309503394e-09, 1.60194346677e-09, 1.41755351901e-09, 9.20391957093e-11, 2.27314712192e-11, 1.22954196737e-12, 1.07754855928e-13, 5.21764206344e-15, 6.66262034387e-16, 4.91654608047e-18, 1.6024714615e-18]}, "erbbands": {"dmean": [0.00195835647173, 0.0863490924239, 0.936479270458, 2.37187623978, 3.77471613884, 5.10743141174, 12.7896871567, 12.9771232605, 18.7818241119, 8.74990367889, 4.14630937576, 4.13508749008, 3.27519273758, 2.54193735123, 2.18503379822, 2.06732034683, 1.6337325573, 1.91310095787, 1.01339995861, 0.846817374229, 0.589617669582, 0.623105108738, 0.579843223095, 0.633131742477, 0.269875884056, 0.118154577911, 0.0729241967201, 0.0387092791498, 0.0137595627457, 0.00595290074125, 0.002284031827, 0.000761331932154, 0.000313474069117, 0.000124968064483, 2.52011723205e-05, 6.5202029873e-06, 2.26427459893e-06, 6.09278799857e-07, 2.20237370741e-06, 5.30194347448e-06], "dmean2": [0.00290425610729, 0.136399969459, 1.55106770992, 3.98240470886, 6.31259202957, 8.12725925446, 21.3700618744, 20.4291000366, 29.6910114288, 12.9721870422, 5.32295179367, 5.94085121155, 4.68570137024, 3.5057618618, 3.00254774094, 3.07202601433, 2.43721175194, 2.63700008392, 1.50076425076, 1.2898761034, 0.908771216869, 0.920192360878, 0.878802120686, 0.948876678944, 0.376828670502, 0.165774151683, 0.103144302964, 0.0563266016543, 0.0195403769612, 0.00844651740044, 0.0033574833069, 0.00119152618572, 0.000526889343746, 0.000217908091145, 4.37399867224e-05, 1.1264773093e-05, 3.74783303414e-06, 1.04036018911e-06, 3.4471552226e-06, 8.33591093397e-06], "dvar": [2.15847830987e-05, 0.0709182992578, 7.72394418716, 22.8614463806, 57.6174621582, 101.942955017, 834.28717041, 772.401000977, 2894.7890625, 731.837341309, 133.180725098, 340.41809082, 46.2533226013, 21.5785427094, 167.959701538, 173.829330444, 64.3267211914, 97.8352661133, 28.9388542175, 14.5661649704, 1.28049445152, 1.52479350567, 1.45696806908, 4.04326534271, 1.23472452164, 0.107637278736, 0.0492477156222, 0.0169162582606, 0.00124781485647, 0.000280581909465, 5.88859184063e-05, 5.21166157341e-06, 1.1577648138e-06, 2.88147703031e-07, 1.16616645229e-08, 6.08947281489e-10, 1.28739354247e-11, 7.49209071518e-13, 1.10593678312e-11, 6.4906358066e-11], "dvar2": [4.46194462711e-05, 0.188291326165, 24.3870391846, 69.3022079468, 181.324676514, 269.045806885, 2584.08569336, 2061.80175781, 9019.91992188, 1808.46789551, 247.087127686, 722.283325195, 108.936012268, 47.3827056885, 346.593170166, 391.899536133, 128.324783325, 176.016433716, 52.1618804932, 23.7947597504, 2.67811894417, 3.45049929619, 3.2635743618, 9.05418682098, 2.63456892967, 0.239752039313, 0.109240859747, 0.0387934371829, 0.00290614855476, 0.000660876918118, 0.000144473349792, 1.35700493047e-05, 3.15097349812e-06, 8.02465251581e-07, 3.25062856632e-08, 1.73067715714e-09, 3.5700681994e-11, 2.18854795397e-12, 3.09795904208e-11, 1.8405567348e-10], "max": [0.095353230834, 6.74029922485, 54.9025154114, 67.1034469604, 216.399429321, 262.416992188, 428.310760498, 624.36529541, 1203.43713379, 957.303344727, 341.211120605, 565.224853516, 245.019470215, 138.868331909, 673.727661133, 647.171569824, 428.655761719, 466.08883667, 298.259399414, 232.473114014, 44.6120109558, 19.5967102051, 27.7321453094, 43.1499710083, 31.24634552, 6.78431987762, 4.39994955063, 3.09290790558, 0.61395907402, 0.345545589924, 0.178983554244, 0.0340255498886, 0.0142296245322, 0.00668389676139, 0.00179054250475, 0.000823840557132, 7.72001294536e-05, 1.40463343996e-05, 6.88499276293e-05, 0.000163217293448], "mean": [0.00707007525489, 0.265130281448, 2.19616794586, 5.31577587128, 14.5818109512, 21.2967567444, 35.2475128174, 53.3775291443, 72.7167663574, 37.4402732849, 16.7336921692, 11.3496837616, 11.3134975433, 8.45522403717, 6.67734479904, 5.16026735306, 4.80728673935, 5.08740377426, 2.54984116554, 2.10833740234, 1.7126005888, 1.67329263687, 1.51488995552, 1.34332346916, 0.616195559502, 0.276789158583, 0.159241989255, 0.0784162431955, 0.0259162653238, 0.010327857919, 0.00342514668591, 0.00105234910734, 0.000339228281518, 0.000119103417092, 3.57595017704e-05, 1.70094554051e-05, 8.75471960171e-06, 1.60840545504e-06, 1.16459423225e-05, 2.7562440664e-05], "median": [0.00232676137239, 0.0510566160083, 0.628984928131, 2.69875812531, 8.02277851105, 12.3597373962, 19.5012283325, 26.5684814453, 27.0631141663, 14.327630043, 8.77128982544, 5.45520305634, 7.58821773529, 4.97914361954, 3.88098621368, 2.99907326698, 2.7515745163, 2.1140871048, 1.30700469017, 1.25743591785, 1.01760447025, 0.987602353096, 0.820657372475, 0.638895392418, 0.298356384039, 0.140474304557, 0.0823282897472, 0.0349948145449, 0.0107365008444, 0.00359884137288, 0.000986454077065, 0.000268894655164, 6.38482015347e-05, 2.84601264866e-05, 1.88681005966e-05, 1.29835570988e-05, 7.25654990674e-06, 1.2730401977e-06, 9.6880385172e-06, 2.2924010409e-05], "min": [5.23487150072e-23, 5.97714480523e-22, 3.85861499621e-21, 8.78120155664e-21, 1.44770436623e-20, 3.57764953023e-20, 4.64198508622e-20, 8.66732899777e-20, 1.71421808218e-19, 2.92705149281e-19, 3.34705167335e-19, 2.15686220275e-19, 7.12412042597e-19, 8.43293573898e-19, 9.40368698852e-19, 2.2801403157e-18, 2.2208734452e-18, 2.67275807794e-18, 2.78857391025e-18, 3.4875907451e-18, 3.83648560131e-18, 6.03753835147e-18, 6.82648336738e-18, 8.18383215866e-18, 7.23355383607e-18, 8.37333261955e-18, 1.0040093282e-17, 9.74550283305e-18, 1.08347317821e-17, 1.25360760388e-17, 1.27914796335e-17, 1.05477439501e-17, 1.1463322046e-17, 9.19984156145e-18, 7.19745153824e-18, 4.46552709224e-18, 2.38486200164e-18, 1.02943485432e-18, 2.68117981055e-19, 2.94529580133e-20], "var": [0.000165430421475, 0.360230535269, 17.8790092468, 53.0607376099, 516.89251709, 806.973449707, 2060.26708984, 5358.64794922, 13341.2529297, 4818.65380859, 614.265686035, 755.546142578, 195.524551392, 95.1689147949, 369.594390869, 345.270812988, 138.398269653, 385.079589844, 107.932197571, 43.4284286499, 4.48225784302, 4.16115570068, 4.45693063736, 6.12336778641, 1.70729207993, 0.183791443706, 0.0732790455222, 0.0224726404995, 0.00205454975367, 0.000404796446674, 6.800902338e-05, 5.42449924978e-06, 9.29845441533e-07, 1.92824572309e-07, 8.1517184114e-09, 5.24981391692e-10, 5.05558303554e-11, 1.89414087713e-12, 8.45315623055e-11, 4.77909822827e-10]}, "gfcc": {"mean": [-164.533294678, 223.390396118, -142.751174927, -0.862080395222, -39.1038017273, -49.8981208801, -17.2772083282, -27.370967865, -13.6762008667, -14.6051101685, -2.9163544178, -9.02505016327, -5.06455755234], "cov": [[12378.1474609, 1864.42456055, -727.632629395, 1128.21142578, -513.759521484, -542.309936523, -93.9471206665, -430.624298096, 205.233322144, -398.886627197, -140.921569824, -359.962524414, -45.4692840576], [1864.42456055, 863.973999023, 1.11208021641, 61.1211395264, 207.958969116, -132.606964111, 87.7971954346, -22.678937912, 1.76366198063, -23.7655963898, -74.3929595947, -59.885848999, -23.7224311829], [-727.632629395, 1.11208021641, 357.141967773, 29.2960300446, 178.036026001, 122.426170349, 32.6811141968, 21.8416938782, -52.7479476929, -20.8304347992, -35.9782905579, 4.91606330872, -1.35741174221], [1128.21142578, 61.1211395264, 29.2960300446, 363.937713623, 8.75522041321, 119.661735535, 61.4088020325, -16.4643440247, 41.7007675171, -96.6202545166, -36.5377960205, -60.861541748, -21.5966529846], [-513.759521484, 207.958969116, 178.036026001, 8.75522041321, 299.962371826, 138.90838623, 99.3808746338, 89.3569259644, -6.80936384201, 15.3272008896, -23.8248691559, 17.9414520264, -15.7109422684], [-542.309936523, -132.606964111, 122.426170349, 119.661735535, 138.90838623, 389.500305176, 128.034515381, 106.48286438, 19.1327667236, -31.9234027863, 9.12044715881, 19.3600902557, -14.6892604828], [-93.9471206665, 87.7971954346, 32.6811141968, 61.4088020325, 99.3808746338, 128.034515381, 166.267486572, 91.1541900635, 43.341468811, 10.525094986, -4.80676603317, 28.0231666565, -2.97541260719], [-430.624298096, -22.678937912, 21.8416938782, -16.4643440247, 89.3569259644, 106.48286438, 91.1541900635, 181.777450562, 88.3055801392, 56.9438552856, 54.5536308289, 40.9291725159, 3.62916970253], [205.233322144, 1.76366198063, -52.7479476929, 41.7007675171, -6.80936384201, 19.1327667236, 43.341468811, 88.3055801392, 139.30418396, 53.1020469666, 46.6414070129, 25.8614597321, -7.40660953522], [-398.886627197, -23.7655963898, -20.8304347992, -96.6202545166, 15.3272008896, -31.9234027863, 10.525094986, 56.9438552856, 53.1020469666, 110.603797913, 60.8090744019, 36.7199821472, 9.25065231323], [-140.921569824, -74.3929595947, -35.9782905579, -36.5377960205, -23.8248691559, 9.12044715881, -4.80676603317, 54.5536308289, 46.6414070129, 60.8090744019, 93.2699356079, 44.0369529724, 9.36398696899], [-359.962524414, -59.885848999, 4.91606330872, -60.861541748, 17.9414520264, 19.3600902557, 28.0231666565, 40.9291725159, 25.8614597321, 36.7199821472, 44.0369529724, 102.309303284, 27.7413787842], [-45.4692840576, -23.7224311829, -1.35741174221, -21.5966529846, -15.7109422684, -14.6892604828, -2.97541260719, 3.62916970253, -7.40660953522, 9.25065231323, 9.36398696899, 27.7413787842, 54.9156532288]], "icov": [[0.000672981957905, -0.00208252226003, 0.000427041872172, -0.00180290371645, 0.00208923849277, -0.000427558872616, 0.00128528336063, -7.85211614129e-06, -0.000532380130608, 0.000618624791969, -0.000468457961688, -0.000354791904101, -0.000404258753406], [-0.00208252226003, 0.00929085537791, -0.000490615377203, 0.00595312612131, -0.0103294812143, 0.00378718762659, -0.00676265265793, 0.00222003855743, -0.000136179951369, 0.000647468899842, -0.000333506439347, 0.00360754434951, 0.000269970216323], [0.000427041872172, -0.000490615377203, 0.00519731873646, -0.00194075412583, -0.00221786694601, -0.000455896486528, 0.00168587255757, 9.34566469368e-06, 0.00113300257362, -2.73920468317e-05, 0.000879846920725, -0.000605189532507, -0.000845742179081], [-0.00180290371645, 0.00595312612131, -0.00194075412583, 0.0120613239706, -0.00687464373186, 0.000551748322323, -0.00734215974808, 0.00473348237574, -0.00561004830524, 0.00696582719684, -0.00360936089419, 0.00646152440459, -0.00133431318682], [0.00208923849277, -0.0103294812143, -0.00221786694601, -0.00687464373186, 0.0191803555936, -0.00526701146737, 0.00649024918675, -0.00666728615761, 0.0037323620636, -0.00534310890362, 0.00529830157757, -0.00629143789411, 0.00305829127319], [-0.000427558872616, 0.00378718762659, -0.000455896486528, 0.000551748322323, -0.00526701146737, 0.00732376473024, -0.00552195496857, -8.16554747871e-05, -3.28674905177e-05, 0.00445651868358, -0.00379072199576, 0.00204994645901, 0.000501743867062], [0.00128528336063, -0.00676265265793, 0.00168587255757, -0.00734215974808, 0.00649024918675, -0.00552195496857, 0.0190722439438, -0.00819261372089, 0.00242266478017, -0.00652159517631, 0.00923195853829, -0.0085567086935, 0.00142529641744], [-7.85211614129e-06, 0.00222003855743, 9.34566469368e-06, 0.00473348237574, -0.00666728615761, -8.16554747871e-05, -0.00819261372089, 0.019138770178, -0.0115837603807, 0.00591143686324, -0.0102978572249, 0.00641834549606, -0.00486821308732], [-0.000532380130608, -0.000136179951369, 0.00113300257362, -0.00561004830524, 0.0037323620636, -3.28674905177e-05, 0.00242266478017, -0.0115837603807, 0.0216900035739, -0.0131201567128, 0.00552924815565, -0.00708798645064, 0.00705118244514], [0.000618624791969, 0.000647468899842, -2.73920468317e-05, 0.00696582719684, -0.00534310890362, 0.00445651868358, -0.00652159517631, 0.00591143686324, -0.0131201567128, 0.0314394198358, -0.0184262115508, 0.00762321660295, -0.00532448850572], [-0.000468457961688, -0.000333506439347, 0.000879846920725, -0.00360936089419, 0.00529830157757, -0.00379072199576, 0.00923195853829, -0.0102978572249, 0.00552924815565, -0.0184262115508, 0.0314468629658, -0.012162447907, 0.00438444456086], [-0.000354791904101, 0.00360754434951, -0.000605189532507, 0.00646152440459, -0.00629143789411, 0.00204994645901, -0.0085567086935, 0.00641834549606, -0.00708798645064, 0.00762321660295, -0.012162447907, 0.0218881126493, -0.00957189593464], [-0.000404258753406, 0.000269970216323, -0.000845742179081, -0.00133431318682, 0.00305829127319, 0.000501743867062, 0.00142529641744, -0.00486821308732, 0.00705118244514, -0.00532448850572, 0.00438444456086, -0.00957189593464, 0.0247897915542]]}, "melbands": {"dmean": [4.02447476517e-05, 0.000352662580553, 0.000439829163952, 0.000283291970845, 0.000398922333261, 0.000326620531268, 0.000260497035924, 8.47771734698e-05, 3.2213578379e-05, 2.61795812548e-05, 1.60161453095e-05, 1.054920358e-05, 7.33697652322e-06, 5.50449476577e-06, 4.6993604883e-06, 3.39782150149e-06, 4.00584895033e-06, 1.69751263002e-06, 1.52416851051e-06, 9.94180709313e-07, 7.66056416523e-07, 7.12585801921e-07, 6.97951463735e-07, 5.12069618708e-07, 5.78277536079e-07, 2.32220585872e-07, 1.31228574674e-07, 7.35689411613e-08, 5.31049870744e-08, 3.65171928252e-08, 1.73659984171e-08, 7.85247689095e-09, 5.13499998078e-09, 2.99971647522e-09, 1.46032996806e-09, 6.91873891512e-10, 4.06295413979e-10, 2.43154135715e-10, 1.42404601999e-10, 8.80923251012e-11], "dmean2": [6.16902761976e-05, 0.000582074280828, 0.000740957388189, 0.000473511114251, 0.000647583045065, 0.000519680848811, 0.000407861400163, 0.000123222838738, 4.09335407312e-05, 3.8186666643e-05, 2.30333262152e-05, 1.46792262967e-05, 1.02476487882e-05, 8.1606222011e-06, 6.91655577612e-06, 5.10609061166e-06, 5.48703110326e-06, 2.52244262811e-06, 2.25101575779e-06, 1.57847887294e-06, 1.18853392905e-06, 1.05518984128e-06, 1.08584129066e-06, 7.79279389462e-07, 8.71982422268e-07, 3.28064288624e-07, 1.859326062e-07, 1.0502852632e-07, 7.69834755943e-08, 5.2628731595e-08, 2.5370683332e-08, 1.1242305753e-08, 7.34357996635e-09, 4.21455714772e-09, 2.16474482784e-09, 1.07872355493e-09, 6.54000131828e-10, 4.14030615348e-10, 2.43309483672e-10, 1.55298801596e-10], "dvar": [1.21298642242e-08, 1.08579058633e-06, 7.82162885571e-07, 2.54024030255e-07, 7.09824462319e-07, 4.63613844204e-07, 5.2393693295e-07, 6.62594743517e-08, 1.26813226586e-08, 1.38896378843e-08, 1.0589989996e-09, 3.77821079978e-10, 1.34782396355e-09, 9.85738934922e-10, 7.09021230616e-10, 5.22244969492e-10, 5.03414476771e-10, 1.25668961348e-10, 1.39141267952e-10, 5.7311213067e-12, 1.93312054732e-12, 2.10947730638e-12, 2.12020657107e-12, 1.69323170936e-12, 3.72756816733e-12, 1.00337555105e-12, 2.18811093918e-13, 4.59371615454e-14, 2.8696293795e-14, 1.15762773174e-14, 4.23486531012e-15, 4.91476573963e-16, 1.9873746106e-16, 7.51117583285e-17, 2.8072054918e-17, 5.68354971705e-18, 1.88721794421e-18, 7.6582991899e-19, 3.14923556576e-19, 1.60709509093e-19], "dvar2": [2.80564407262e-08, 3.35756885761e-06, 2.48553556048e-06, 7.46821626763e-07, 2.04910566026e-06, 1.2612148339e-06, 1.57885256158e-06, 1.63973950862e-07, 2.35871002729e-08, 2.9491650011e-08, 2.5170268092e-09, 8.32992563815e-10, 2.83068901652e-09, 2.19561813175e-09, 1.5562084954e-09, 9.40726274656e-10, 9.0359547622e-10, 2.21474241724e-10, 2.25355303862e-10, 1.12115247641e-11, 4.53878384529e-12, 4.82728397186e-12, 4.98795015708e-12, 4.00771820244e-12, 8.35829582629e-12, 2.12675645324e-12, 5.16820581557e-13, 1.01651732821e-13, 6.51230981576e-14, 2.60325310299e-14, 9.81301645438e-15, 1.13194476104e-15, 4.84771990548e-16, 1.72505366844e-16, 6.83192687756e-17, 1.45513973766e-17, 5.00169894785e-18, 2.10434561718e-18, 8.58820322682e-19, 4.48410887752e-19], "max": [0.00304377428256, 0.0218335390091, 0.0152148678899, 0.0142563628033, 0.0118860639632, 0.0160471871495, 0.0159187596291, 0.0092410845682, 0.00355056091212, 0.00378070538864, 0.00122806243598, 0.000579639046919, 0.0018504105974, 0.00144900404848, 0.00156769633759, 0.00129708705936, 0.00108643900603, 0.000695181253832, 0.0007411079132, 0.000128400206449, 2.9228418498e-05, 2.99613529933e-05, 2.79620962829e-05, 2.79369560303e-05, 4.21402110078e-05, 2.56375024037e-05, 1.80327897397e-05, 4.84065139972e-06, 3.24105781146e-06, 2.70426676252e-06, 1.61083107741e-06, 4.9230749255e-07, 2.81560403437e-07, 1.80203528544e-07, 1.21704644584e-07, 4.29312407846e-08, 2.55162255769e-08, 1.28124844068e-08, 9.35739397079e-09, 5.44273381919e-09], "mean": [0.000133138863021, 0.000865096750204, 0.00123038818128, 0.00122623133939, 0.00124926760327, 0.00129514711443, 0.00105369661469, 0.0003610488493, 0.000118287556688, 6.90301603754e-05, 5.50234290131e-05, 3.34750802722e-05, 2.25782387133e-05, 1.40394540722e-05, 1.22831934277e-05, 9.50635603658e-06, 9.83687277767e-06, 4.05171977036e-06, 3.55826296072e-06, 2.34368485508e-06, 2.02659225579e-06, 1.80147276296e-06, 1.55869997798e-06, 1.26707482195e-06, 1.11794122404e-06, 5.03217165715e-07, 2.76990249404e-07, 1.64382754519e-07, 1.0669482009e-07, 7.97797952146e-08, 3.12029939664e-08, 1.41775302609e-08, 8.78423556117e-09, 4.87562479279e-09, 2.05331995851e-09, 9.68624735975e-10, 4.88104223706e-10, 2.42553421792e-10, 1.25838048315e-10, 6.98341523497e-11], "median": [2.96058478853e-05, 0.000250237877481, 0.000731495325454, 0.000807421049103, 0.000772146275267, 0.000656025717035, 0.000387166335713, 0.000136077534989, 5.64676374779e-05, 3.11079274979e-05, 3.65586674889e-05, 1.85800727195e-05, 1.33724170155e-05, 7.92292394181e-06, 6.40381131234e-06, 4.94203413837e-06, 3.59667683369e-06, 1.84138787063e-06, 1.71061492438e-06, 1.43358192872e-06, 1.05120932403e-06, 9.32646457841e-07, 8.27618691801e-07, 5.70703036828e-07, 4.71175695793e-07, 2.28373963296e-07, 1.33133255531e-07, 7.56697460247e-08, 5.27091827962e-08, 3.23349773623e-08, 1.15878115992e-08, 5.09056086173e-09, 3.27269678024e-09, 1.22518284407e-09, 5.09206232735e-10, 2.12617701223e-10, 9.80064640554e-11, 3.04284132613e-11, 1.51721100961e-11, 8.44216016538e-12], "min": [7.74430371289e-25, 1.74064130889e-24, 2.36789025261e-24, 2.14244978033e-24, 1.79460767785e-24, 1.90188230855e-24, 2.59263928831e-24, 3.54009890359e-24, 2.21339006939e-24, 1.19682761932e-24, 3.47319600465e-24, 3.37757344116e-24, 2.14158578043e-24, 4.05301863074e-24, 4.41587453119e-24, 4.46802928108e-24, 4.27961103716e-24, 3.55906627519e-24, 4.47293007945e-24, 5.20951041147e-24, 3.17682609015e-24, 6.2397201552e-24, 4.9589011348e-24, 5.66191780188e-24, 5.43021712668e-24, 4.30895981828e-24, 5.35445650306e-24, 5.35985665039e-24, 5.99455204662e-24, 5.84252592841e-24, 4.83086624887e-24, 5.92103099912e-24, 4.91618865552e-24, 6.74756277357e-24, 6.93598298965e-24, 6.04247298003e-24, 5.54388646109e-24, 6.95788097952e-24, 6.71911881592e-24, 7.50531179355e-24], "var": [7.89267886603e-08, 2.88100432044e-06, 2.32649517784e-06, 2.72400825452e-06, 2.30685918723e-06, 3.01489149024e-06, 2.73072691925e-06, 4.14857652231e-07, 4.48185524249e-08, 3.06915026727e-08, 4.68335370485e-09, 1.64087221588e-09, 3.00238078843e-09, 1.96456739765e-09, 1.37227862407e-09, 1.11333919861e-09, 1.97105110011e-09, 4.66668315102e-10, 4.02691852086e-10, 1.27243163922e-11, 6.82426727974e-12, 6.1320111315e-12, 5.03681688371e-12, 4.3110441432e-12, 5.34533485183e-12, 1.3788943945e-12, 2.84117130864e-13, 7.91234889023e-14, 3.99193177158e-14, 2.02015663854e-14, 5.05880475111e-15, 8.71711252173e-16, 2.72006313923e-16, 1.09903557228e-16, 3.20962555108e-17, 6.14978014314e-18, 1.67633372711e-18, 6.06221232196e-19, 2.26509374527e-19, 1.05033849681e-19]}, "mfcc": {"mean": [-780.496459961, 225.391708374, -18.9015636444, 23.9048461914, -4.43032169342, -18.5471382141, -7.4760389328, -14.5999946594, -12.9872665405, -12.5762577057, -5.83648872375, -3.0337228775, -3.98167204857], "cov": [[4989.83154297, 2010.38989258, -541.547424316, 1021.4387207, -70.6508789062, 76.9138259888, 19.291683197, -27.1761493683, 91.2826919556, -41.9057998657, -49.6475791931, -249.831268311, -222.575653076], [2010.38989258, 1296.04858398, -54.6980895996, 324.169403076, 132.477798462, -13.1470527649, 60.5810432434, -13.4795055389, 30.3110332489, -8.39831542969, -44.6968688965, -108.053192139, -104.742378235], [-541.547424316, -54.6980895996, 199.271133423, -98.7994155884, 77.1147079468, 38.187046051, 41.7549324036, 31.8729095459, -0.562059998512, 13.2266254425, 0.869394004345, 25.5401515961, 17.0349788666], [1021.4387207, 324.169403076, -98.7994155884, 334.688751221, 20.95728302, 66.2372512817, 47.2684631348, 25.4344787598, 43.8499946594, -9.50660896301, -14.0147504807, -55.0177764893, -52.4029083252], [-70.6508789062, 132.477798462, 77.1147079468, 20.95728302, 184.678833008, 71.9223022461, 72.2585906982, 76.9670410156, 34.6865921021, 28.9419364929, 16.9944438934, 0.0289585217834, 8.97259426117], [76.9138259888, -13.1470527649, 38.187046051, 66.2372512817, 71.9223022461, 201.623565674, 120.400604248, 94.1960830688, 68.4565658569, 19.8032283783, 29.8052349091, -1.00233149529, -5.03348779678], [19.291683197, 60.5810432434, 41.7549324036, 47.2684631348, 72.2585906982, 120.400604248, 176.950592041, 113.167243958, 68.8742752075, 32.6212730408, 9.57437705994, 12.0390434265, -7.95103597641], [-27.1761493683, -13.4795055389, 31.8729095459, 25.4344787598, 76.9670410156, 94.1960830688, 113.167243958, 192.953125, 103.957366943, 57.2636146545, 64.2565078735, 32.4635543823, 44.8642616272], [91.2826919556, 30.3110332489, -0.562059998512, 43.8499946594, 34.6865921021, 68.4565658569, 68.8742752075, 103.957366943, 115.120956421, 53.3976821899, 45.9805717468, 25.6449813843, 13.6188049316], [-41.9057998657, -8.39831542969, 13.2266254425, -9.50660896301, 28.9419364929, 19.8032283783, 32.6212730408, 57.2636146545, 53.3976821899, 95.7227020264, 58.5682296753, 16.3498649597, 19.6937904358], [-49.6475791931, -44.6968688965, 0.869394004345, -14.0147504807, 16.9944438934, 29.8052349091, 9.57437705994, 64.2565078735, 45.9805717468, 58.5682296753, 118.4090271, 61.1315536499, 35.2402954102], [-249.831268311, -108.053192139, 25.5401515961, -55.0177764893, 0.0289585217834, -1.00233149529, 12.0390434265, 32.4635543823, 25.6449813843, 16.3498649597, 61.1315536499, 126.493782043, 70.1025390625], [-222.575653076, -104.742378235, 17.0349788666, -52.4029083252, 8.97259426117, -5.03348779678, -7.95103597641, 44.8642616272, 13.6188049316, 19.6937904358, 35.2402954102, 70.1025390625, 126.775611877]], "icov": [[0.0188913308084, -0.0261224228889, 0.0263165459037, -0.0255948603153, 0.024278556928, -0.0239229779691, 0.0220321416855, -0.0183419529349, 0.0157168917358, -0.0124265626073, 0.00780093856156, -0.00691751018167, 0.00457190535963], [-0.0261224228889, 0.0374784097075, -0.0365589745343, 0.0341492667794, -0.0347962714732, 0.034548830241, -0.0315388962626, 0.0264685638249, -0.0226723887026, 0.0178146548569, -0.0115784509107, 0.0105394404382, -0.00632110051811], [0.0263165459037, -0.0365589745343, 0.0450133681297, -0.0328148789704, 0.0308487471193, -0.035249684006, 0.0307378731668, -0.0265262108296, 0.0238718800247, -0.0187868792564, 0.0133913606405, -0.0119913248345, 0.00737989926711], [-0.0255948603153, 0.0341492667794, -0.0328148789704, 0.0405071154237, -0.0328821130097, 0.0301171671599, -0.0295355226845, 0.0243389923126, -0.0222917199135, 0.0175182167441, -0.00989868957549, 0.00974897947162, -0.00547732645646], [0.024278556928, -0.0347962714732, 0.0308487471193, -0.0328821130097, 0.0406591892242, -0.0329196304083, 0.0285171736032, -0.0267048124224, 0.0222583506256, -0.0176989510655, 0.0105945020914, -0.00881673116237, 0.00548219168559], [-0.0239229779691, 0.034548830241, -0.035249684006, 0.0301171671599, -0.0329196304083, 0.0427540652454, -0.0359607711434, 0.0262678712606, -0.0249996427447, 0.0211057774723, -0.016187151894, 0.0138539932668, -0.00754897715524], [0.0220321416855, -0.0315388962626, 0.0307378731668, -0.0295355226845, 0.0285171736032, -0.0359607711434, 0.0434189885855, -0.0311542935669, 0.0214978549629, -0.0206315927207, 0.0186618473381, -0.0157016832381, 0.0109774284065], [-0.0183419529349, 0.0264685638249, -0.0265262108296, 0.0243389923126, -0.0267048124224, 0.0262678712606, -0.0311542935669, 0.0373757891357, -0.027341382578, 0.0165771339089, -0.0163371171802, 0.0136329140514, -0.0115920314565], [0.0157168917358, -0.0226723887026, 0.0238718800247, -0.0222917199135, 0.0222583506256, -0.0249996427447, 0.0214978549629, -0.027341382578, 0.0377666838467, -0.0205049160868, 0.0111776674166, -0.0129621187225, 0.00808448623866], [-0.0124265626073, 0.0178146548569, -0.0187868792564, 0.0175182167441, -0.0176989510655, 0.0211057774723, -0.0206315927207, 0.0165771339089, -0.0205049160868, 0.0308270882815, -0.0181898679584, 0.0128232492134, -0.00702311331406], [0.00780093856156, -0.0115784509107, 0.0133913606405, -0.00989868957549, 0.0105945020914, -0.016187151894, 0.0186618473381, -0.0163371171802, 0.0111776674166, -0.0181898679584, 0.0267986636609, -0.0157879963517, 0.00670385593548], [-0.00691751018167, 0.0105394404382, -0.0119913248345, 0.00974897947162, -0.00881673116237, 0.0138539932668, -0.0157016832381, 0.0136329140514, -0.0129621187225, 0.0128232492134, -0.0157879963517, 0.0228720586747, -0.0112896673381], [0.00457190535963, -0.00632110051811, 0.00737989926711, -0.00547732645646, 0.00548219168559, -0.00754897715524, 0.0109774284065, -0.0115920314565, 0.00808448623866, -0.00702311331406, 0.00670385593548, -0.0112896673381, 0.0161413177848]]}, "spectral_contrast_coeffs": {"dmean": [0.0360351912677, 0.0323954038322, 0.0238751918077, 0.0204737186432, 0.0173419713974, 0.0426305867732], "dmean2": [0.0603127032518, 0.0552892759442, 0.0378956571221, 0.0325602740049, 0.0277753379196, 0.0725259557366], "dvar": [0.00108045083471, 0.00113455450628, 0.000657713157125, 0.000468621554319, 0.00046975092846, 0.00113776384387], "dvar2": [0.00277484953403, 0.00302162859589, 0.00149156700354, 0.00110508245416, 0.00111960305367, 0.00313156051561], "max": [-0.192476734519, -0.274581104517, -0.462786018848, -0.517784833908, -0.561411619186, -0.583215475082], "mean": [-0.509493529797, -0.625757277012, -0.725915312767, -0.746336936951, -0.730116188526, -0.726435720921], "median": [-0.508806705475, -0.633384048939, -0.747406065464, -0.760124087334, -0.735790729523, -0.717769265175], "min": [-0.979384422302, -0.994153916836, -0.974251270294, -0.97058904171, -0.968979775906, -0.964159309864], "var": [0.012849887833, 0.0124083450064, 0.00659420108423, 0.00419173715636, 0.00278740841895, 0.00388500234112]}, "spectral_contrast_valleys": {"dmean": [0.373855441809, 0.245225816965, 0.236381515861, 0.228946805, 0.229128032923, 0.70173317194], "dmean2": [0.613194823265, 0.400833487511, 0.365422278643, 0.358791917562, 0.34428948164, 1.20506775379], "dvar": [0.172803491354, 0.14324234426, 0.14923837781, 0.148057103157, 0.192271575332, 0.334104061127], "dvar2": [0.327658087015, 0.232389062643,