{"lowlevel": {"average_loudness": 0.901080429554, "barkbands_crest": {"dmean": 2.6127550602, "dmean2": 3.97325396538, "dvar": 6.69943809509, "dvar2": 15.2831783295, "max": 26.8500041962, "mean": 11.9920854568, "median": 11.5583868027, "min": 2.46186470985, "var": 25.0440502167}, "barkbands_flatness_db": {"dmean": 0.0221147090197, "dmean2": 0.031699474901, "dvar": 0.000710745109245, "dvar2": 0.00177195051219, "max": 0.594155073166, "mean": 0.145032018423, "median": 0.122894234955, "min": 0.017019694671, "var": 0.00706572132185}, "barkbands_kurtosis": {"dmean": 7.68733024597, "dmean2": 11.5585536957, "dvar": 1045.67724609, "dvar2": 2279.22949219, "max": 1638.20214844, "mean": 15.3926286697, "median": 2.76028966904, "min": -1.92959678173, "var": 4400.87841797}, "barkbands_skewness": {"dmean": 0.670671999454, "dmean2": 0.952781796455, "dvar": 1.04100298882, "dvar2": 2.40878152847, "max": 38.0634384155, "mean": 2.3167090416, "median": 1.68412268162, "min": -2.48856544495, "var": 7.52681970596}, "barkbands_spread": {"dmean": 6.9082403183, "dmean2": 9.85444068909, "dvar": 81.2011947632, "dvar2": 166.658279419, "max": 128.831192017, "mean": 24.5764503479, "median": 19.7942199707, "min": 0.129544630647, "var": 361.452636719}, "dissonance": {"dmean": 0.0165631771088, "dmean2": 0.0275494605303, "dvar": 0.000501181231812, "dvar2": 0.0013885620283, "max": 0.500000119209, "mean": 0.464642584324, "median": 0.473100572824, "min": 0.0846465677023, "var": 0.00109583057929}, "dynamic_complexity": 5.63778591156, "erbbands_crest": {"dmean": 2.16351866722, "dmean2": 3.48162126541, "dvar": 5.32220983505, "dvar2": 12.5873126984, "max": 29.1092205048, "mean": 8.13056373596, "median": 6.78378629684, "min": 2.32404565811, "var": 20.268283844}, "erbbands_flatness_db": {"dmean": 0.0131113873795, "dmean2": 0.019659973681, "dvar": 0.000281948858174, "dvar2": 0.000698447285686, "max": 0.401941627264, "mean": 0.13245010376, "median": 0.119710020721, "min": 0.037396453321, "var": 0.00391656719148}, "erbbands_kurtosis": {"dmean": 0.85267084837, "dmean2": 1.38259220123, "dvar": 6.87089014053, "dvar2": 19.3808670044, "max": 84.3143539429, "mean": 0.325577944517, "median": -0.393721580505, "min": -1.86266613007, "var": 7.09503507614}, "erbbands_skewness": {"dmean": 0.32092243433, "dmean2": 0.487509995699, "dvar": 0.161567240953, "dvar2": 0.387373656034, "max": 8.37769412994, "mean": 0.233993515372, "median": 0.183910965919, "min": -3.91227507591, "var": 0.660486936569}, "erbbands_spread": {"dmean": 8.18255996704, "dmean2": 12.3558082581, "dvar": 99.8426055908, "dvar2": 239.672927856, "max": 228.120727539, "mean": 46.0526809692, "median": 43.9193534851, "min": 2.73583292961, "var": 530.906555176}, "hfc": {"dmean": 8.40585231781, "dmean2": 12.254491806, "dvar": 205.448455811, "dvar2": 468.08114624, "max": 283.202087402, "mean": 24.9743747711, "median": 18.7717056274, "min": 1.16861165266e-16, "var": 672.17364502}, "melbands_crest": {"dmean": 3.39640426636, "dmean2": 5.09329366684, "dvar": 11.3505554199, "dvar2": 26.0992469788, "max": 39.7832260132, "mean": 19.5466098785, "median": 19.4285087585, "min": 2.27790856361, "var": 69.1095046997}, "melbands_flatness_db": {"dmean": 0.0264607835561, "dmean2": 0.0369659624994, "dvar": 0.000953520648181, "dvar2": 0.00239126663655, "max": 0.758944451809, "mean": 0.212653726339, "median": 0.195619434118, "min": 0.00641365908086, "var": 0.00882220361382}, "melbands_kurtosis": {"dmean": 16.4778251648, "dmean2": 25.138753891, "dvar": 3244.58105469, "dvar2": 8261.81152344, "max": 1907.38208008, "mean": 37.9483566284, "median": 10.9089765549, "min": -1.83939898014, "var": 11709.6210938}, "melbands_skewness": {"dmean": 0.872916102409, "dmean2": 1.24273478985, "dvar": 1.62428915501, "dvar2": 3.8729698658, "max": 36.1369514465, "mean": 3.81468844414, "median": 2.83362460136, "min": -2.02334809303, "var": 12.8643417358}, "melbands_spread": {"dmean": 6.45095777512, "dmean2": 9.02516269684, "dvar": 86.9739379883, "dvar2": 158.754669189, "max": 280.948181152, "mean": 23.3901576996, "median": 18.4694881439, "min": 0.240320712328, "var": 472.190643311}, "pitch_salience": {"dmean": 0.0689029768109, "dmean2": 0.106972262263, "dvar": 0.00544196134433, "dvar2": 0.0137552376837, "max": 0.840104579926, "mean": 0.465483248234, "median": 0.468864262104, "min": 0.0137104224414, "var": 0.021697120741}, "silence_rate_20dB": {"dmean": 0.00257936515845, "dmean2": 0.00515924207866, "dvar": 0.00257224752568, "dvar2": 0.00751207955182, "max": 1, "mean": 0.998611271381, "median": 1, "min": 0, "var": 0.00138681021053}, "silence_rate_30dB": {"dmean": 0.0636904761195, "dmean2": 0.127393588424, "dvar": 0.0596316307783, "dvar2": 0.111763142049, "max": 1, "mean": 0.873822033405, "median": 1, "min": 0, "var": 0.110255405307}, "silence_rate_60dB": {"dmean": 0.0178571436554, "dmean2": 0.0357178300619, "dvar": 0.0175395458937, "dvar2": 0.038216046989, "max": 1, "mean": 0.136593595147, "median": 0, "min": 0, "var": 0.117953285575}, "spectral_centroid": {"dmean": 258.707275391, "dmean2": 389.557861328, "dvar": 90686.765625, "dvar2": 191365.53125, "max": 11054.8535156, "mean": 1589.49682617, "median": 1550.58007812, "min": 90.5617599487, "var": 565301.5625}, "spectral_complexity": {"dmean": 2.83869051933, "dmean2": 4.29328298569, "dvar": 13.3724441528, "dvar2": 29.2258338928, "max": 54, "mean": 16.1083221436, "median": 16, "min": 0, "var": 108.514877319}, "spectral_decrease": {"dmean": 4.4134447208e-09, "dmean2": 5.24009013958e-09, "dvar": 7.37178266475e-17, "dvar2": 1.3391357962e-16, "max": 2.0357502314e-29, "mean": -1.14326965672e-08, "median": -6.03677285937e-09, "min": -1.22797146673e-07, "var": 2.42135273522e-16}, "spectral_energy": {"dmean": 0.0169805213809, "dmean2": 0.0203493274748, "dvar": 0.00105424993671, "dvar2": 0.00190424034372, "max": 0.46484041214, "mean": 0.0454149208963, "median": 0.0252845734358, "min": 1.05228246818e-20, "var": 0.00353144062683}, "spectral_energyband_high": {"dmean": 0.000724348356016, "dmean2": 0.00109220587183, "dvar": 2.14074657379e-06, "dvar2": 4.83162966702e-06, "max": 0.0293508637697, "mean": 0.00136620760895, "median": 0.000624080887064, "min": 7.57048378968e-21, "var": 4.80197513753e-06}, "spectral_energyband_low": {"dmean": 0.0139083480462, "dmean2": 0.0162955801934, "dvar": 0.000888290291186, "dvar2": 0.00175874179695, "max": 0.364035159349, "mean": 0.0288576073945, "median": 0.00541186146438, "min": 1.61302958373e-22, "var": 0.00269679143094}, "spectral_energyband_middle_high": {"dmean": 0.00122265971731, "dmean2": 0.00180082779843, "dvar": 3.79703510589e-06, "dvar2": 8.53760957398e-06, "max": 0.0365463383496, "mean": 0.00474761100486, "median": 0.00300442869775, "min": 1.54946549439e-21, "var": 2.89505605906e-05}, "spectral_energyband_middle_low": {"dmean": 0.00380781712011, "dmean2": 0.00580567447469, "dvar": 3.97592921217e-05, "dvar2": 9.41618636716e-05, "max": 0.0997068658471, "mean": 0.0100075239316, "median": 0.00603155745193, "min": 2.84049197733e-22, "var": 0.000131167733343}, "spectral_entropy": {"dmean": 0.171226754785, "dmean2": 0.256449103355, "dvar": 0.0513962171972, "dvar2": 0.133025765419, "max": 9.79152679443, "mean": 7.65659809113, "median": 7.76335763931, "min": 4.23435401917, "var": 0.352949142456}, "spectral_flux": {"dmean": 0.031024929136, "dmean2": 0.0460108593106, "dvar": 0.00259140948765, "dvar2": 0.00590644031763, "max": 0.635880410671, "mean": 0.0843210145831, "median": 0.0705481097102, "min": 1.02580818839e-10, "var": 0.00542709510773}, "spectral_kurtosis": {"dmean": 1.32552230358, "dmean2": 2.11881709099, "dvar": 19.5662727356, "dvar2": 50.7887763977, "max": 210.775588989, "mean": 4.14290809631, "median": 3.3549413681, "min": -1.17999112606, "var": 27.8537788391}, "spectral_rms": {"dmean": 0.000998403760605, "dmean2": 0.00113610713743, "dvar": 1.67380289895e-06, "dvar2": 2.78781863017e-06, "max": 0.02129560709, "mean": 0.00551851280034, "median": 0.00496667670086, "min": 3.20408651867e-12, "var": 1.38531386256e-05}, "spectral_rolloff": {"dmean": 664.520446777, "dmean2": 1037.61303711, "dvar": 1905761.875, "dvar2": 4031144.25, "max": 19056.8847656, "mean": 1716.91760254, "median": 990.52734375, "min": 21.533203125, "var": 5143949}, "spectral_skewness": {"dmean": 0.190152034163, "dmean2": 0.294393122196, "dvar": 0.100193947554, "dvar2": 0.255425572395, "max": 12.1499986649, "mean": 1.54317939281, "median": 1.49388682842, "min": -0.199659705162, "var": 0.295694410801}, "spectral_spread": {"dmean": 614107.25, "dmean2": 842273.25, "dvar": 689691295744, "dvar2": 1285702942720.0, "max": 38849608, "mean": 5778104, "median": 5574506.5, "min": 626396.3125, "var": 4186401931260.0}, "spectral_strongpeak": {"dmean": 0.386620044708, "dmean2": 0.636837661266, "dvar": 0.546880245209, "dvar2": 1.3455915451, "max": 12.953663826, "mean": 0.821709275246, "median": 0.380129426718, "min": 0, "var": 1.42135167122}, "zerocrossingrate": {"dmean": 0.014381820336, "dmean2": 0.015979571268, "dvar": 0.000342044106219, "dvar2": 0.000396267976612, "max": 0.49072265625, "mean": 0.0686833113432, "median": 0.056640625, "min": 0, "var": 0.0032896567136}, "barkbands": {"dmean": [0.00525601860136, 0.0100841568783, 0.00222217780538, 0.0012697604252, 0.000946389685851, 0.000777939509135, 0.00116556161083, 0.000745973782614, 0.000616819306742, 0.000238182503381, 0.000386630243156, 0.000384494109312, 0.000282816996332, 0.000136476635817, 0.000125154154375, 0.00017852349265, 0.000228327131481, 0.000125285092508, 0.000131023480208, 8.29823256936e-05, 7.20953030395e-05, 0.000147556973388, 0.000137751587317, 0.000117120522191, 9.78508614935e-05, 0.00018608168466, 1.21310222312e-05], "dmean2": [0.00749108055606, 0.0130449822173, 0.00358405592851, 0.00206642528065, 0.00154178589582, 0.00118085579015, 0.00175946298987, 0.00111758173443, 0.000918302801438, 0.000365583866369, 0.000602023676038, 0.000587553076912, 0.000430254498497, 0.000212278027902, 0.000194123043912, 0.000277086626738, 0.000347984489053, 0.000203362928005, 0.000213101884583, 0.000135186681291, 0.000116266666737, 0.000230531091802, 0.000217899156269, 0.000184033371625, 0.000144442368764, 0.000285225134576, 1.75590721483e-05], "dvar": [0.00029777653981, 0.000445689511253, 4.47557722509e-05, 1.4098110114e-05, 3.84005215892e-06, 3.02554644804e-06, 8.29579312267e-06, 3.87035242966e-06, 4.3703053052e-06, 3.32815801585e-07, 1.15756120067e-06, 1.10128837605e-06, 4.78907566048e-07, 7.57028359999e-08, 7.68416938968e-08, 2.00651086857e-07, 2.55895997725e-07, 7.17165846709e-08, 7.10692233952e-08, 2.54556269397e-08, 2.25178951041e-08, 8.706707888e-08, 7.67709238403e-08, 8.75818315649e-08, 7.27704261294e-08, 2.15701561501e-07, 6.66005639527e-10], "dvar2": [0.000643382547423, 0.00104898854624, 0.000127248742501, 3.73568291252e-05, 9.78616935754e-06, 7.02181250745e-06, 1.92332645383e-05, 8.79539857124e-06, 9.96193648461e-06, 7.85357769928e-07, 2.82653581962e-06, 2.79329742625e-06, 1.03884144664e-06, 1.85188980595e-07, 1.70508556607e-07, 4.50448538913e-07, 4.72936392271e-07, 1.7293622534e-07, 1.80626329893e-07, 6.38697983391e-08, 5.60802213556e-08, 2.12691361412e-07, 1.86914604683e-07, 1.74369475303e-07, 1.24441996263e-07, 5.22640903e-07, 1.36440669873e-09], "max": [0.310269623995, 0.242863491178, 0.0828131511807, 0.0490953326225, 0.0385054424405, 0.0337116755545, 0.0549511536956, 0.05341828987, 0.04695475474, 0.0115427365527, 0.0290217902511, 0.0256330203265, 0.0159468092024, 0.0069809188135, 0.00821072980762, 0.0119380075485, 0.016684345901, 0.00531010935083, 0.00530763110146, 0.00267038610764, 0.00464346027002, 0.00857481174171, 0.00224049715325, 0.00967787764966, 0.0101339425892, 0.0051176561974, 0.000492668652441], "mean": [0.00812532566488, 0.0182664301246, 0.00294773676433, 0.00153376837261, 0.00159726233687, 0.00164820824284, 0.00239325361326, 0.00138545921072, 0.00137215433642, 0.000495680607855, 0.000796089414507, 0.000791347934864, 0.000569358235225, 0.000267111026915, 0.000261534791207, 0.000389157619793, 0.000545292219613, 0.000258857675362, 0.000295377336442, 0.000185206066817, 0.000176003813976, 0.00027038101689, 0.000199872301891, 0.000200006834348, 0.0001967856806, 0.000216645596083, 3.06657311739e-05], "median": [0.000519173569046, 0.00341691588983, 0.000337807985488, 0.000283969915472, 0.000795310130343, 0.000574401405174, 0.000449746235972, 0.000264443748165, 0.000226963369641, 0.000130671571242, 0.000129935782752, 0.000181951036211, 0.000168477286934, 0.000115034694318, 0.000117094052257, 0.000140332456795, 0.000196211010916, 0.000115563678264, 0.00015269285359, 9.64492137427e-05, 9.87306630122e-05, 0.000121473618492, 5.90816489421e-05, 7.35181965865e-05, 6.92878820701e-05, 3.04168006551e-05, 5.82684651818e-06], "min": [4.82297503657e-23, 9.66086774841e-23, 4.15292005467e-23, 4.79936569186e-23, 5.27962200215e-23, 2.84409820762e-23, 2.22019947728e-23, 4.19622189193e-23, 7.72828222401e-23, 6.9902902254e-23, 3.62873776037e-23, 5.87768774665e-23, 9.45143906203e-23, 1.00672169427e-22, 1.62737385178e-22, 1.20648046057e-22, 1.24024951333e-22, 2.28137463074e-22, 4.41540670512e-22, 2.6965673975e-22, 3.39006448561e-22, 4.33729205746e-22, 8.56806037724e-22, 6.59230333539e-22, 1.04583336746e-21, 1.79546256641e-21, 2.45054477901e-21], "var": [0.000485459167976, 0.00104912731331, 4.85835553263e-05, 1.45218400576e-05, 6.45688487566e-06, 8.06288335298e-06, 3.01214622596e-05, 1.11353183456e-05, 1.62880151038e-05, 1.0821087244e-06, 4.20646938437e-06, 4.11146083934e-06, 1.61263733389e-06, 1.92863183202e-07, 1.98277504637e-07, 7.38847063531e-07, 1.291024887e-06, 1.78162949283e-07, 1.85599176916e-07, 5.95429021644e-08, 6.14979001057e-08, 1.88790309608e-07, 1.05286915186e-07, 2.10691183611e-07, 2.54609147987e-07, 2.37877145537e-07, 2.50540788116e-09]}, "erbbands": {"dmean": [0.602930009365, 1.21464860439, 2.3099963665, 3.59207391739, 2.96803116798, 3.3037648201, 4.90054893494, 7.4282078743, 11.446190834, 21.9026870728, 13.9937667847, 14.6269512177, 7.33312273026, 10.0246725082, 16.2086391449, 11.634718895, 12.2553758621, 6.77716493607, 5.99662685394, 6.82646894455, 10.8802480698, 11.6744661331, 7.04141378403, 6.46388483047, 5.84138631821, 3.77899312973, 2.85844755173, 3.12181353569, 6.37726068497, 3.37604427338, 4.41732788086, 3.51708626747, 1.318618536, 1.01022219658, 0.755651056767, 0.945915102959, 0.312201738358, 0.0200045984238, 0.0025649969466, 0.000113084381155], "dmean2": [0.744933962822, 1.71598553658, 3.64180755615, 5.60194444656, 4.97701501846, 5.35333633423, 7.65681409836, 11.2407970428, 17.4547996521, 32.8283805847, 21.0859165192, 21.8375282288, 10.863448143, 15.4600248337, 25.1625232697, 17.6650409698, 18.6497249603, 10.4153060913, 9.1002779007, 10.4408254623, 16.91680336, 17.5308914185, 11.0806398392, 10.7696428299, 9.16507053375, 6.13472604752, 4.69728946686, 4.98653888702, 9.9657793045, 5.54538154602, 6.88457584381, 5.64634847641, 1.92280745506, 1.46531379223, 1.1485875845, 1.42398416996, 0.486901730299, 0.0296035017818, 0.00377742690034, 0.000164894969203], "dvar": [1.96289145947, 5.89670658112, 46.8451271057, 102.114006042, 75.3502120972, 41.9852523804, 128.877151489, 334.418121338, 1002.3560791, 3593.953125, 1295.57177734, 3280.80200195, 265.894256592, 502.166564941, 1403.33557129, 779.399597168, 931.567382812, 221.210174561, 157.523742676, 321.356933594, 736.295654297, 774.556762695, 163.483566284, 227.08883667, 145.27822876, 48.0739250183, 31.3431110382, 54.1003303528, 174.543792725, 37.1493797302, 83.9957351685, 67.0100097656, 15.3826742172, 11.558962822, 3.56042051315, 5.42024993896, 0.611146986485, 0.00189510278869, 2.9437831472e-05, 4.7174609108e-08], "dvar2": [3.8626832962, 16.6188106537, 131.813827515, 263.36416626, 206.737579346, 106.078155518, 284.301849365, 800.814025879, 2676.19775391, 7414.55126953, 3032.65161133, 7109.49511719, 574.91229248, 1204.40673828, 3460.43652344, 1876.80639648, 2026.46984863, 528.901855469, 331.65423584, 771.342834473, 1776.28063965, 1389.36279297, 365.933776855, 604.905578613, 341.970825195, 120.755569458, 78.6127624512, 135.271530151, 431.707611084, 95.3264923096, 202.750534058, 157.435577393, 25.2833995819, 18.2222824097, 7.24036884308, 12.7841663361, 1.50924253464, 0.00396883906797, 6.56590273138e-05, 1.02689888593e-07], "max": [14.9918088913, 27.0038108826, 84.5511627197, 111.511077881, 142.906188965, 118.849266052, 324.495605469, 363.269775391, 971.28314209, 1677.9642334, 1124.65161133, 1470.66064453, 356.718109131, 457.838806152, 954.042053223, 688.264526367, 900.685791016, 388.371734619, 475.670715332, 604.328491211, 830.849731445, 1129.22460938, 310.591705322, 364.869262695, 334.280609131, 103.20198822, 98.8911437988, 300.83392334, 317.701049805, 125.163146973, 72.2580184937, 181.644332886, 156.039337158, 145.117446899, 65.7766113281, 27.3870277405, 9.17992687225, 0.863128483295, 0.0889879390597, 0.00519012147561], "mean": [1.04983651638, 2.07932496071, 3.20890069008, 5.00714492798, 3.89087224007, 5.47011613846, 9.82323646545, 15.555229187, 22.7027740479, 47.4654083252, 28.6668491364, 32.1532478333, 17.0281295776, 22.1701641083, 36.2401809692, 26.4593200684, 25.9960250854, 14.4483375549, 13.1194849014, 15.1015043259, 25.3871078491, 30.2055435181, 16.9369812012, 13.6439418793, 14.6445617676, 9.0930519104, 6.74727964401, 7.36752605438, 10.5691833496, 6.02229690552, 6.19969129562, 5.40240097046, 2.67586278915, 2.12693071365, 1.36123430729, 1.1330845356, 0.359141498804, 0.0400737673044, 0.00564826931804, 0.000323143176502], "median": [0.174595341086, 0.36639893055, 0.474049806595, 0.816573500633, 1.22192370892, 2.44512987137, 4.11260461807, 5.11894893646, 6.25821733475, 9.1119222641, 6.69788599014, 5.34611225128, 6.74403333664, 7.86600828171, 9.46604537964, 8.18990421295, 8.65502929688, 6.79523420334, 6.65460109711, 6.87628984451, 9.3165435791, 10.941324234, 9.1267824173, 7.55014419556, 7.22507619858, 4.98139810562, 3.88406157494, 3.98006820679, 4.23469018936, 3.08537936211, 1.59212338924, 1.82649040222, 0.984294056892, 0.745636403561, 0.420129150152, 0.172186970711, 0.0446623116732, 0.00773574830964, 0.000975910341367, 0.000116313691251], "min": [1.66101714118e-21, 2.55418073546e-20, 6.09020902527e-20, 7.850471987e-20, 2.31067320648e-19, 1.15448215151e-19, 2.51993103139e-19, 2.31603281986e-19, 3.46850143281e-19, 4.27055772673e-19, 1.16724841765e-18, 2.1020280639e-18, 1.32665811581e-18, 2.36661460412e-18, 1.87807325575e-18, 2.59365045326e-18, 4.61665919401e-18, 5.06063515291e-18, 7.52919728599e-18, 6.61448690255e-18, 7.38223541528e-18, 7.45476095702e-18, 1.13820581683e-17, 1.42524129442e-17, 2.363698048e-17, 1.55004647067e-17, 1.59251326158e-17, 1.19091186295e-17, 1.64649374486e-17, 1.77218168827e-17, 2.18101405166e-17, 1.62646091935e-17, 1.28195806133e-17, 9.98495259523e-18, 8.41436904974e-18, 7.44852153366e-18, 2.96577233427e-18, 1.11887913473e-18, 3.72394850615e-19, 3.70513648032e-20], "var": [4.34642601013, 12.4499483109, 52.8165626526, 130.363128662, 67.8062667847, 78.582901001, 379.703582764, 841.908630371, 2562.96313477, 15972.1992188, 3874.81713867, 10855.2548828, 833.557861328, 1567.29614258, 5315.08935547, 2925.06005859, 3170.19873047, 624.546875, 471.608459473, 676.307434082, 3101.30493164, 4037.35571289, 608.050292969, 390.651275635, 517.29119873, 133.137573242, 73.6498336792, 145.938140869, 328.042144775, 71.0386199951, 111.18384552, 116.612365723, 48.5490837097, 42.8646125793, 9.37678432465, 6.31081104279, 0.659115314484, 0.00500877806917, 8.47014016472e-05, 2.08187600492e-07]}, "gfcc": {"mean": [-24.3733520508, 56.0055007935, -103.714111328, 25.8016586304, -52.1456069946, 14.4594144821, -31.768819809, 12.2703237534, -17.4033603668, 5.65469789505, -9.57923126221, 8.77262878418, -10.101269722], "cov": [[28563.5976562, 1625.64050293, 2986.66162109, -75.6959228516, 193.425582886, 98.2199325562, -128.88369751, 537.313354492, -110.550064087, 722.722045898, -314.86529541, 546.180847168, -237.331069946], [1625.64050293, 2451.62817383, 638.997802734, 286.666931152, 407.734222412, 121.72013855, 263.20199585, 60.4159584045, 166.444885254, -36.9683914185, 137.736709595, -86.5530014038, 46.8256988525], [2986.66162109, 638.997802734, 1741.72961426, 673.299377441, 611.578857422, 439.30670166, 245.146575928, 168.481307983, 139.071517944, 237.698059082, 26.3163280487, 54.3611984253, 39.1927871704], [-75.6959228516, 286.666931152, 673.299377441, 731.500305176, 437.424102783, 279.391876221, 141.471847534, 84.5232849121, 122.089393616, 81.8640441895, 45.0683174133, -35.2060127258, 61.259803772], [193.425582886, 407.734222412, 611.578857422, 437.424102783, 515.08996582, 247.098114014, 184.025848389, 76.1447296143, 118.235389709, 87.1780548096, 43.514087677, -17.5349941254, 41.6688117981], [98.2199325562, 121.72013855, 439.30670166, 279.391876221, 247.098114014, 324.727325439, 181.327285767, 53.3574295044, 61.8938865662, 68.5346221924, 26.0860557556, -9.21655082703, 16.7478351593], [-128.88369751, 263.20199585, 245.146575928, 141.471847534, 184.025848389, 181.327285767, 289.957794189, 70.2331542969, 79.8929748535, 29.9720230103, 37.5028800964, -13.8510913849, 6.29474401474], [537.313354492, 60.4159584045, 168.481307983, 84.5232849121, 76.1447296143, 53.3574295044, 70.2331542969, 129.098846436, 61.3107719421, 49.2204856873, 9.15054130554, 12.4831733704, -3.24258446693], [-110.550064087, 166.444885254, 139.071517944, 122.089393616, 118.235389709, 61.8938865662, 79.8929748535, 61.3107719421, 137.556213379, 57.6569709778, 36.5773010254, -2.31197094917, 17.6330356598], [722.722045898, -36.9683914185, 237.698059082, 81.8640441895, 87.1780548096, 68.5346221924, 29.9720230103, 49.2204856873, 57.6569709778, 133.835418701, 20.9600982666, 28.1151103973, 2.35311675072], [-314.86529541, 137.736709595, 26.3163280487, 45.0683174133, 43.514087677, 26.0860557556, 37.5028800964, 9.15054130554, 36.5773010254, 20.9600982666, 101.357215881, 14.7591381073, 28.0037918091], [546.180847168, -86.5530014038, 54.3611984253, -35.2060127258, -17.5349941254, -9.21655082703, -13.8510913849, 12.4831733704, -2.31197094917, 28.1151103973, 14.7591381073, 104.725517273, 20.3063545227], [-237.331069946, 46.8256988525, 39.1927871704, 61.259803772, 41.6688117981, 16.7478351593, 6.29474401474, -3.24258446693, 17.6330356598, 2.35311675072, 28.0037918091, 20.3063545227, 76.1061096191]], "icov": [[8.0177160271e-05, -0.000109781576612, -0.000105118990177, 4.09241947636e-05, 8.1162659626e-05, 3.9853999624e-05, 8.62602100824e-05, -0.000252906640526, 0.000297425576719, -0.000411534012528, 0.000331108632963, -0.000346847140463, 0.000182171017514], [-0.000109781576612, 0.000828975287732, -0.00027714270982, 0.000196685286937, -0.000442321441369, 0.000429893261753, -0.000414539856138, 0.000467242411105, -0.001029994688, 0.00160770735238, -0.00133720808662, 0.00110955489799, -0.000281296961475], [-0.000105118990177, -0.00027714270982, 0.00186079496052, -0.000775418069679, -0.000781396171078, -0.00098407745827, 1.30310299937e-05, -0.000231191210332, 0.000698591058608, -0.00149086804595, 0.000691298511811, -0.00077308958862, -2.18049517571e-05], [4.09241947636e-05, 0.000196685286937, -0.000775418069679, 0.00372522161342, -0.00186522607692, -0.00119352212641, 0.00112779566552, -0.000774870859459, -0.000969868211541, 0.000999949756078, -0.000507271906827, 0.00149140076246, -0.00145250698552], [8.1162659626e-05, -0.000442321441369, -0.000781396171078, -0.00186522607692, 0.00579766137525, -0.000736463232897, -0.00101289281156, 0.00026494479971, -0.000787148426753, -0.00104480516165, 0.000569963420276, 6.93047422828e-06, -0.000485021213535], [3.9853999624e-05, 0.000429893261753, -0.00098407745827, -0.00119352212641, -0.000736463232897, 0.00782769359648, -0.00367591669783, 0.000822101719677, 0.00100395607296, -0.00113278301433, -0.000332176772645, 0.00058934558183, 0.000114380483865], [8.62602100824e-05, -0.000414539856138, 1.30310299937e-05, 0.00112779566552, -0.00101289281156, -0.00367591669783, 0.00716395769268, -0.00240680458955, -0.00147749343887, 0.00128415971994, -0.000678625830915, -0.000128166604554, 0.000864475150593], [-0.000252906640526, 0.000467242411105, -0.000231191210332, -0.000774870859459, 0.00026494479971, 0.000822101719677, -0.00240680458955, 0.0126038426533, -0.00472762482241, -0.000181963972864, -0.000154839872266, -0.000434899557149, 0.00135070201941], [0.000297425576719, -0.001029994688, 0.000698591058608, -0.000969868211541, -0.000787148426753, 0.00100395607296, -0.00147749343887, -0.00472762482241, 0.0151307303458, -0.00688173109666, -6.45659602014e-05, -0.000370817113435, -0.00105721107684], [-0.000411534012528, 0.00160770735238, -0.00149086804595, 0.000999949756078, -0.00104480516165, -0.00113278301433, 0.00128415971994, -0.000181963972864, -0.00688173109666, 0.0168196875602, -0.00457244925201, 0.000268999108812, 0.00108279520646], [0.000331108632963, -0.00133720808662, 0.000691298511811, -0.000507271906827, 0.000569963420276, -0.000332176772645, -0.000678625830915, -0.000154839872266, -6.45659602014e-05, -0.00457244925201, 0.0151216648519, -0.00375008769333, -0.00268904259428], [-0.000346847140463, 0.00110955489799, -0.00077308958862, 0.00149140076246, 6.93047422828e-06, 0.00058934558183, -0.000128166604554, -0.000434899557149, -0.000370817113435, 0.000268999108812, -0.00375008769333, 0.0147173088044, -0.00517739914358], [0.000182171017514, -0.000281296961475, -2.18049517571e-05, -0.00145250698552, -0.000485021213535, 0.000114380483865, 0.000864475150593, 0.00135070201941, -0.00105721107684, 0.00108279520646, -0.00268904259428, -0.00517739914358, 0.0178698636591]]}, "melbands": {"dmean": [0.00408422807232, 0.00114153651521, 0.000590968644246, 0.000203105897526, 0.000169696912053, 0.000160724113812, 0.000190647944692, 0.000226957592531, 0.000111368768557, 8.62786910147e-05, 3.70838533854e-05, 4.11887376686e-05, 5.94306620769e-05, 5.07108852617e-05, 2.79438190773e-05, 2.20043966692e-05, 1.25467286125e-05, 1.10071068775e-05, 8.8533925009e-06, 9.72576435743e-06, 1.41417403938e-05, 1.28798183141e-05, 1.15432158054e-05, 6.16837132839e-06, 5.56718532607e-06, 5.29614408151e-06, 3.59237310477e-06, 2.45527121479e-06, 1.90105924958e-06, 2.04274215321e-06, 1.82578730801e-06, 3.80416372536e-06, 2.96983989756e-06, 1.55754992193e-06, 2.45369119511e-06, 3.33620323545e-06, 1.6357049617e-06, 9.26363100007e-07, 8.85329257017e-07, 8.82641643329e-07], "dmean2": [0.00511214509606, 0.00161215255503, 0.000926421955228, 0.000337758945534, 0.000266697898041, 0.000242116686422, 0.000289149116725, 0.000339824444382, 0.000169080478372, 0.000128277155454, 5.50879631191e-05, 6.33411764284e-05, 9.24650667002e-05, 7.71941267885e-05, 4.27503655374e-05, 3.32848721882e-05, 1.93779578694e-05, 1.69380764419e-05, 1.36180960908e-05, 1.51014728544e-05, 2.22763828788e-05, 1.92076277017e-05, 1.79505386768e-05, 1.03059792309e-05, 9.31257272896e-06, 8.43624638946e-06, 5.6052635955e-06, 4.05513765145e-06, 3.18022694046e-06, 3.33793400387e-06, 2.91577043754e-06, 6.02163572694e-06, 4.70519262308e-06, 2.66762413048e-06, 3.88084026781e-06, 5.4129527598e-06, 2.55438908425e-06, 1.39175051572e-06, 1.29665886561e-06, 1.31066360609e-06], "dvar": [8.42841400299e-05, 7.80431491876e-06, 2.76716400549e-06, 2.25883425742e-07, 1.34781615202e-07, 1.4512139046e-07, 2.29130236562e-07, 3.4580244801e-07, 8.31710451621e-08, 1.05582302012e-07, 6.94813317992e-09, 8.34382873904e-09, 2.39090489629e-08, 2.1723899124e-08, 4.91178209217e-09, 2.47642018003e-09, 8.30341850833e-10, 5.1861881456e-10, 4.21764956293e-10, 6.78651523867e-10, 1.29322774711e-09, 1.3003228494e-09, 4.71626349086e-10, 1.97793503798e-10, 1.65095687121e-10, 1.2140434491e-10, 5.42153752447e-11, 2.08903866428e-11, 1.65498760529e-11, 1.82665341186e-11, 1.95329447061e-11, 6.50497780641e-11, 3.61920354797e-11, 7.42276379251e-12, 2.52437359211e-11, 5.76533647212e-11, 2.08370248139e-11, 8.84959119873e-12, 8.09424402504e-12, 9.24239677846e-12], "dvar2": [0.000177374851773, 2.09346981137e-05, 7.16188242222e-06, 6.12277290202e-07, 3.00671331388e-07, 3.42975027934e-07, 5.88338593843e-07, 7.21517551483e-07, 1.99817208113e-07, 2.28257661661e-07, 1.50032803958e-08, 1.99326724015e-08, 5.80273500361e-08, 5.44542331227e-08, 1.06091269103e-08, 5.19725862347e-09, 2.02856376141e-09, 1.14422638031e-09, 9.56229762039e-10, 1.68674552103e-09, 3.17172510478e-09, 2.17512896583e-09, 1.04495689879e-09, 5.21608478632e-10, 4.41346209579e-10, 2.9263208523e-10, 1.23331081459e-10, 5.46411318969e-11, 4.40209049768e-11, 4.61937987861e-11, 4.89396578818e-11, 1.64994559682e-10, 9.09799388604e-11, 1.98386983924e-11, 6.04081160094e-11, 1.49914608505e-10, 4.09085335051e-11, 1.57396786576e-11, 1.35747628416e-11, 1.5228263095e-11], "max": [0.0960464701056, 0.0372039526701, 0.0179925840348, 0.00733668543398, 0.0103973066434, 0.00729969656095, 0.0130400406197, 0.0161438249052, 0.00739509845152, 0.00906733889133, 0.00176960311364, 0.00174205726944, 0.00446217926219, 0.00369993108325, 0.00197308510542, 0.00155511300545, 0.000852053635754, 0.000709537998773, 0.000518923916388, 0.000795194297098, 0.000917729106732, 0.00156333111227, 0.00053808989469, 0.000253164675087, 0.000319477694575, 0.000222084650886, 0.000203745497856, 6.43765888526e-05, 6.46582411719e-05, 0.000118236901471, 0.000194317821297, 0.000185844415682, 0.000164464712725, 3.77393043891e-05, 4.2685544031e-05, 6.18723061052e-05, 0.000151322834427, 0.000113620662887, 0.000122452096548, 0.000120973018056], "mean": [0.00729986233637, 0.00196937052533, 0.000834417645819, 0.00030404762947, 0.000339363148669, 0.000339130900102, 0.000384446990211, 0.000487941550091, 0.000230681689573, 0.000186384364497, 8.2636528532e-05, 8.79649378476e-05, 0.000128370375023, 0.000102218225948, 5.8318120864e-05, 4.51780579169e-05, 2.47524403676e-05, 2.17296983465e-05, 1.88752183021e-05, 2.06393215194e-05, 3.07888403768e-05, 3.13823729812e-05, 2.49028362305e-05, 1.12980524136e-05, 1.07015512185e-05, 1.16907531265e-05, 8.53351866681e-06, 5.37105734111e-06, 3.89256410926e-06, 4.52510994364e-06, 4.07215520681e-06, 6.14698228674e-06, 4.95098765896e-06, 2.65345897787e-06, 3.29097451868e-06, 4.37642211182e-06, 2.78996640191e-06, 1.80735321464e-06, 1.79256699084e-06, 1.79395090072e-06], "median": [0.00131826207507, 0.000354786403477, 0.000166942976648, 0.000130726199131, 0.000159392773639, 0.000112088971946, 0.000101641577203, 9.51602269197e-05, 4.33378118032e-05, 3.05564462906e-05, 2.88503142656e-05, 2.96938160318e-05, 2.81594202534e-05, 2.04096559173e-05, 1.79920807568e-05, 1.62737414939e-05, 1.02590029201e-05, 9.71567806118e-06, 7.73568262957e-06, 8.3808963609e-06, 9.61287332757e-06, 9.77892250376e-06, 1.03266575024e-05, 4.95058930028e-06, 5.30660236109e-06, 5.01182148582e-06, 4.20530386691e-06, 2.66696451945e-06, 1.95708253159e-06, 2.2575463845e-06, 2.22372227654e-06, 2.30224486586e-06, 2.07490097637e-06, 1.40025372275e-06, 8.13914084574e-07, 1.03693457731e-06, 1.0553909533e-06, 6.6691899292e-07, 6.16378713403e-07, 6.10462564055e-07], "min": [2.3208631775e-23, 3.38684902545e-23, 2.13278453819e-23, 1.20362890194e-23, 7.90541415607e-24, 5.08901821909e-24, 5.07303076955e-24, 6.20713980539e-24, 1.13462274206e-23, 1.1380054565e-23, 6.45936821907e-24, 9.82981351309e-24, 5.53195020673e-24, 7.09422533179e-24, 8.75358793504e-24, 9.49537356574e-24, 8.76550052357e-24, 1.11423928624e-23, 1.02653491409e-23, 9.17550861247e-24, 7.68956761291e-24, 7.12686681833e-24, 9.05267508092e-24, 1.16527724574e-23, 1.0488648053e-23, 2.09132548e-23, 9.99540172798e-24, 1.02679358158e-23, 1.03389569631e-23, 6.65958663884e-24, 7.09387744413e-24, 8.28258038777e-24, 1.03155238499e-23, 1.06199768277e-23, 1.23691473007e-23, 1.39274434113e-23, 8.09746549889e-24, 8.43814375828e-24, 1.0080840886e-23, 7.46170040727e-24], "var": [0.000191085942788, 1.37408278533e-05, 3.41124246006e-06, 2.57039374674e-07, 4.01421232255e-07, 3.85076702969e-07, 6.24607537247e-07, 1.48140975398e-06, 2.86685093442e-07, 3.33819940579e-07, 2.22236149483e-08, 2.55527439208e-08, 8.91087665877e-08, 7.96883981025e-08, 1.80134342997e-08, 7.46567518917e-09, 2.09870898438e-09, 1.36800881734e-09, 1.05575093112e-09, 1.77453940431e-09, 4.93573848459e-09, 6.21286089242e-09, 1.69543812323e-09, 3.37987554611e-10, 2.7192034735e-10, 3.50898726742e-10, 1.97361682552e-10, 4.79769800277e-11, 2.90862074009e-11, 4.25051174813e-11, 5.21511618612e-11, 1.16266718475e-10, 6.7438526985e-11, 1.25268779724e-11, 3.27526790411e-11, 6.52951373525e-11, 4.80945387682e-11, 2.40539185792e-11, 2.6495106456e-11, 3.31436822432e-11]}, "mfcc": {"mean": [-669.235229492, 97.4202346802, 7.39924192429, 17.8991260529, 5.36434555054, 5.78409433365, 1.04048919678, 8.20823574066, 0.239289298654, -1.23303115368, 3.91312527657, 7.64074897766, 5.31131410599], "cov": [[18820.2832031, 1525.36401367, 637.338317871, 429.264892578, -128.925064087, -108.103530884, -215.175613403, 109.546081543, 41.2039642334, 253.347122192, 1.02872347832, -344.400421143, 122.271194458], [1525.36401367, 1889.41845703, 205.772720337, 215.797470093, 97.3078765869, 88.7984313965, 91.06224823, 145.017929077, 61.6628799438, 68.5977172852, 68.4298248291, -35.3137512207, 52.0080032349], [637.338317871, 205.772720337, 810.267333984, 301.230316162, 288.261108398, 278.92880249, 178.655578613, 103.004730225, 120.440475464, 169.915161133, 32.6335296631, -33.2999038696, 27.8623981476], [429.264892578, 215.797470093, 301.230316162, 418.404449463, 270.534637451, 165.728652954, 102.871780396, 75.0294418335, 96.5977935791, 105.05783844, 22.5446910858, -0.0576654337347, 28.6247119904], [-128.925064087, 97.3078765869, 288.261108398, 270.534637451, 377.884490967, 191.636199951, 101.894180298, 36.5826377869, 80.2889251709, 98.2161941528, 19.8704395294, 16.9025001526, 20.1639575958], [-108.103530884, 88.7984313965, 278.92880249, 165.728652954, 191.636199951, 316.186279297, 163.767044067, 84.9887542725, 85.6924057007, 114.772407532, 42.8140563965, 16.1800994873, 3.02724409103], [-215.175613403, 91.06224823, 178.655578613, 102.871780396, 101.894180298, 163.767044067, 205.172302246, 85.6717605591, 62.0763893127, 77.1361083984, 37.6264648438, 11.2497177124, 3.03430342674], [109.546081543, 145.017929077, 103.004730225, 75.0294418335, 36.5826377869, 84.9887542725, 85.6717605591, 146.701171875, 61.6379508972, 49.4080619812, 22.8291015625, 13.799487114, 16.2039813995], [41.2039642334, 61.6628799438, 120.440475464, 96.5977935791, 80.2889251709, 85.6924057007, 62.0763893127, 61.6379508972, 123.213851929, 70.5617523193, 35.0815467834, 11.0295562744, 11.156411171], [253.347122192, 68.5977172852, 169.915161133, 105.05783844, 98.2161941528, 114.772407532, 77.1361083984, 49.4080619812, 70.5617523193, 160.650970459, 50.4403076172, -9.70793151855, 4.80419158936], [1.02872347832, 68.4298248291, 32.6335296631, 22.5446910858, 19.8704395294, 42.8140563965, 37.6264648438, 22.8291015625, 35.0815467834, 50.4403076172, 91.0033340454, 40.308971405, 6.15052032471], [-344.400421143, -35.3137512207, -33.2999038696, -0.0576654337347, 16.9025001526, 16.1800994873, 11.2497177124, 13.799487114, 11.0295562744, -9.70793151855, 40.308971405, 122.776893616, 31.5592975616], [122.271194458, 52.0080032349, 27.8623981476, 28.6247119904, 20.1639575958, 3.02724409103, 3.03430342674, 16.2039813995, 11.156411171, 4.80419158936, 6.15052032471, 31.5592975616, 79.038269043]], "icov": [[6.8660825491e-05, -3.97888652515e-05, -5.76316197112e-05, -9.8526259535e-05, 0.000120162956591, 1.75760851562e-05, 0.000156125533977, -3.12896700052e-05, 4.8506193707e-05, -0.000112987028842, -3.83848928323e-05, 0.000165475619724, -0.000118009855214], [-3.97888652515e-05, 0.000661327328999, 6.79380673319e-06, -0.000221494949074, -7.19661766198e-05, 4.96702341479e-05, -5.97919060965e-05, -0.000573215191253, 0.00019241766131, 0.000314266799251, -0.0007245769375, 0.000487493380206, -0.000344044761732], [-5.76316197112e-05, 6.79380673319e-06, 0.00234022620134, -0.000434013811173, -0.000674888782669, -0.000904670625459, -0.000542960886378, -9.55322175287e-05, -0.000251598947216, -0.000650176138151, 0.000230227800785, 0.000796426378656, -0.000596736324951], [-9.8526259535e-05, -0.000221494949074, -0.000434013811173, 0.00545651698485, -0.00318197952583, 0.000157194852363, -0.000182278876309, -0.000826237315778, -0.00117518391926, -0.000297041289741, 0.000472966697998, 0.000111654924694, -0.000440294796135], [0.000120162956591, -7.19661766198e-05, -0.000674888782669, -0.00318197952583, 0.00658558309078, -0.00186790758744, 9.64692080743e-05, 0.00195541861467, -0.000582970213145, -0.00088821555255, 0.00121804652736, -0.00110319838859, -0.000279382598819], [1.75760851562e-05, 4.96702341479e-05, -0.000904670625459, 0.000157194852363, -0.00186790758744, 0.00772692589089, -0.00342757278122, -0.000867389782798, -0.000386489991797, -0.00159096124116, 2.12037648453e-05, -0.000942416372709, 0.00121801276691], [0.000156125533977, -5.97919060965e-05, -0.000542960886378, -0.000182278876309, 9.64692080743e-05, -0.00342757278122, 0.010067762807, -0.0032457371708, 0.000198046574951, -0.000583666318562, -0.00146202114411, 0.000474398199003, 0.000372693699319], [-3.12896700052e-05, -0.000573215191253, -9.55322175287e-05, -0.000826237315778, 0.00195541861467, -0.000867389782798, -0.0032457371708, 0.0115359202027, -0.00367263215594, -0.000542021240108, 0.00149669346865, -0.00139128649607, -0.000957160955295], [4.8506193707e-05, 0.00019241766131, -0.000251598947216, -0.00117518391926, -0.000582970213145, -0.000386489991797, 0.000198046574951, -0.00367263215594, 0.0138625828549, -0.00276105641387, -0.00244219135493, 9.31495451368e-05, -0.000414538604673], [-0.000112987028842, 0.000314266799251, -0.000650176138151, -0.000297041289741, -0.00088821555255, -0.00159096124116, -0.000583666318562, -0.000542021240108, -0.00276105641387, 0.0125913163647, -0.00598902022466, 0.00339146936312, -0.000537909858394], [-3.83848928323e-05, -0.0007245769375, 0.000230227800785, 0.000472966697998, 0.00121804652736, 2.12037648453e-05, -0.00146202114411, 0.00149669346865, -0.00244219135493, -0.00598902022466, 0.0186663698405, -0.00733023323119, 0.00190452730749], [0.000165475619724, 0.000487493380206, 0.000796426378656, 0.000111654924694, -0.00110319838859, -0.000942416372709, 0.000474398199003, -0.00139128649607, 9.31495451368e-05, 0.00339146936312, -0.00733023323119, 0.0133847324178, -0.00530667835847], [-0.000118009855214, -0.000344044761732, -0.000596736324951, -0.000440294796135, -0.000279382598819, 0.00121801276691, 0.000372693699319, -0.000957160955295, -0.000414538604673, -0.000537909858394, 0.00190452730749, -0.00530667835847, 0.0156993251294]]}, "spectral_contrast_coeffs": {"dmean": [0.0469223037362, 0.04490179196, 0.0331437289715, 0.0275791566819, 0.0234118551016, 0.0164721943438], "dmean2": [0.0754970610142, 0.0714920461178, 0.0526690706611, 0.043477255851, 0.0362776108086, 0.0253706481308], "dvar": [0.00193698517978, 0.0015145719517, 0.000825406517833, 0.000584187102504, 0.000520721427165, 0.000300757441437], "dvar2": [0.00507852481678, 0.00361065054312, 0.00194004306104, 0.00131836987566, 0.00110604462679, 0.000666862004437], "max": [-0.29780998826, -0.365183025599, -0.403854608536, -0.490448057652, -0.460265696049, -0.574634075165], "mean": [-0.689638853073, -0.708569169044, -0.763786196709, -0.774117469788, -0.761927783489, -0.768863916397], "median": [-0.708021521568, -0.713516712189, -0.775220453739, -0.778252780437, -0.764105796814, -0.771600663662], "min": [-0.954095125198, -0.96100962162, -0.96715092659, -0.955157101154, -0.955246984959, -0.957729816437], "var": [0.00966047123075, 0.0103569878265, 0.00880725402385, 0.00529141910374, 0.00516291102394, 0.00185156287625]}, "spectral_contrast_valleys": {"dmean": [0.355687826872, 0.377961307764, 0.306106865406, 0.281880587339, 0.272818356752, 0.299633592367], "dmean2": [0.557541906834, 0.595616579056, 0.478443592787, 0.428793251514, 0.402134895325, 0.412371307611], "dvar": [0.146049886942, 0.192462354898, 0.130671083927, 0.125020846725, 0.150368452072, 0.16559356451], "dvar2": [0.345220625401, 0.395496040583, 0.256490856409, 0.25261670351, 0.31456002593, 0.345470398664], "max": [-4.8909893035