{"lowlevel": {"average_loudness": 0.461626172066, "barkbands_crest": {"dmean": 2.80188918114, "dmean2": 4.6394238472, "dvar": 8.98985004425, "dvar2": 21.7505245209, "max": 26.7690868378, "mean": 14.6005029678, "median": 14.0339317322, "min": 3.10377979279, "var": 29.1390914917}, "barkbands_flatness_db": {"dmean": 0.0362962968647, "dmean2": 0.0536376684904, "dvar": 0.0012660077773, "dvar2": 0.00282981409691, "max": 0.535920083523, "mean": 0.266372680664, "median": 0.267209470272, "min": 0.0427282825112, "var": 0.00631662551314}, "barkbands_kurtosis": {"dmean": 12.2970705032, "dmean2": 19.6580276489, "dvar": 590.491821289, "dvar2": 1420.56115723, "max": 764.577026367, "mean": 22.8576965332, "median": 13.128194809, "min": -1.62202513218, "var": 1097.56726074}, "barkbands_skewness": {"dmean": 1.01348674297, "dmean2": 1.58332693577, "dvar": 1.65467512608, "dvar2": 3.76112627983, "max": 21.9027709961, "mean": 2.46855068207, "median": 2.11558008194, "min": -2.55274152756, "var": 3.93882155418}, "barkbands_spread": {"dmean": 2.33666706085, "dmean2": 3.69061136246, "dvar": 13.6090364456, "dvar2": 32.0710716248, "max": 84.9213638306, "mean": 6.69657993317, "median": 4.04934740067, "min": 0.165364131331, "var": 53.2190361023}, "dissonance": {"dmean": 0.029408339411, "dmean2": 0.0480449832976, "dvar": 0.000796725507826, "dvar2": 0.00193551182747, "max": 0.500000059605, "mean": 0.416246920824, "median": 0.427894413471, "min": 0.190035298467, "var": 0.00308536365628}, "dynamic_complexity": 4.12836694717, "erbbands_crest": {"dmean": 2.67217040062, "dmean2": 4.16691112518, "dvar": 9.76745605469, "dvar2": 20.7395458221, "max": 32.5116653442, "mean": 16.5056324005, "median": 15.6648931503, "min": 2.55028676987, "var": 54.91223526}, "erbbands_flatness_db": {"dmean": 0.0326314754784, "dmean2": 0.0452882871032, "dvar": 0.0011062968988, "dvar2": 0.00217074737884, "max": 0.495785266161, "mean": 0.228054881096, "median": 0.223828464746, "min": 0.0500531792641, "var": 0.0055889361538}, "erbbands_kurtosis": {"dmean": 5.82169628143, "dmean2": 8.55563926697, "dvar": 128.794158936, "dvar2": 242.683242798, "max": 307.18838501, "mean": 14.2082271576, "median": 4.27597332001, "min": -1.77868616581, "var": 619.913635254}, "erbbands_skewness": {"dmean": 0.633646547794, "dmean2": 0.94130718708, "dvar": 0.57796216011, "dvar2": 1.14076757431, "max": 15.320971489, "mean": 2.50590467453, "median": 1.98684954643, "min": -1.82846534252, "var": 4.45793628693}, "erbbands_spread": {"dmean": 7.29809713364, "dmean2": 11.0522527695, "dvar": 102.564826965, "dvar2": 220.28225708, "max": 142.754165649, "mean": 22.8786716461, "median": 19.1746101379, "min": 0.412870615721, "var": 334.135620117}, "hfc": {"dmean": 2.16337680817, "dmean2": 3.21854948997, "dvar": 13.3811826706, "dvar2": 29.4765129089, "max": 57.8927764893, "mean": 6.35405397415, "median": 4.03362417221, "min": 1.16066595422e-16, "var": 44.8406066895}, "melbands_crest": {"dmean": 3.45100069046, "dmean2": 5.68785476685, "dvar": 13.8395652771, "dvar2": 35.0471191406, "max": 35.0613250732, "mean": 17.9080429077, "median": 17.036699295, "min": 1.84334349632, "var": 39.9804840088}, "melbands_flatness_db": {"dmean": 0.0389777049422, "dmean2": 0.0569896586239, "dvar": 0.00156569073442, "dvar2": 0.00339758768678, "max": 0.629482328892, "mean": 0.361998260021, "median": 0.368075400591, "min": 0.00582363130525, "var": 0.00810183212161}, "melbands_kurtosis": {"dmean": 17.316028595, "dmean2": 27.8695888519, "dvar": 1160.88562012, "dvar2": 2773.21875, "max": 832.715454102, "mean": 31.3708267212, "median": 17.9585723877, "min": -1.63865077496, "var": 1894.4942627}, "melbands_skewness": {"dmean": 1.03596520424, "dmean2": 1.61466038227, "dvar": 1.70330893993, "dvar2": 3.81684374809, "max": 22.110534668, "mean": 2.69369626045, "median": 2.35721254349, "min": -2.58487820625, "var": 4.55532312393}, "melbands_spread": {"dmean": 2.10401296616, "dmean2": 3.34491109848, "dvar": 12.6559753418, "dvar2": 28.2287731171, "max": 170.735855103, "mean": 6.78764295578, "median": 3.88339018822, "min": 0.195319771767, "var": 105.666679382}, "pitch_salience": {"dmean": 0.0800628587604, "dmean2": 0.129580035806, "dvar": 0.00712303491309, "dvar2": 0.0166498087347, "max": 0.928030610085, "mean": 0.456817507744, "median": 0.467122763395, "min": 0.0374144949019, "var": 0.0218343324959}, "silence_rate_20dB": {"dmean": 0, "dmean2": 0, "dvar": 0, "dvar2": 0, "max": 1, "mean": 1, "median": 1, "min": 1, "var": 0}, "silence_rate_30dB": {"dmean": 0.00441111624241, "dmean2": 0.00882288068533, "dvar": 0.00439142342657, "dvar2": 0.0106556834653, "max": 1, "mean": 0.993236780167, "median": 1, "min": 0, "var": 0.00671750493348}, "silence_rate_60dB": {"dmean": 0.0317600369453, "dmean2": 0.0635247379541, "dvar": 0.0307501200587, "dvar2": 0.0709547027946, "max": 1, "mean": 0.0621186494827, "median": 0, "min": 0, "var": 0.0582541190088}, "spectral_centroid": {"dmean": 86.432510376, "dmean2": 135.382110596, "dvar": 31336.7792969, "dvar2": 65750.453125, "max": 10810.2373047, "mean": 498.704406738, "median": 363.887786865, "min": 130.970199585, "var": 146170.765625}, "spectral_complexity": {"dmean": 1.70136749744, "dmean2": 2.75391507149, "dvar": 10.2076950073, "dvar2": 24.5184173584, "max": 39, "mean": 6.63478660583, "median": 6, "min": 0, "var": 15.2226705551}, "spectral_decrease": {"dmean": 2.25573493218e-09, "dmean2": 3.57422735853e-09, "dvar": 1.50057461803e-17, "dvar2": 3.54385747288e-17, "max": -7.01446556164e-29, "mean": -5.65344349113e-09, "median": -3.35432615017e-09, "min": -4.88661697773e-08, "var": 3.55082101015e-17}, "spectral_energy": {"dmean": 0.00869157444686, "dmean2": 0.0137530583888, "dvar": 0.000219745488721, "dvar2": 0.000517405278515, "max": 0.189523696899, "mean": 0.021913703531, "median": 0.013087131083, "min": 1.07923320807e-20, "var": 0.00052952975966}, "spectral_energyband_high": {"dmean": 5.84247063671e-05, "dmean2": 8.86698908289e-05, "dvar": 2.29037802058e-08, "dvar2": 5.22857845908e-08, "max": 0.00161236221902, "mean": 6.89961307216e-05, "median": 9.68536369328e-06, "min": 8.01401738789e-21, "var": 3.03251326272e-08}, "spectral_energyband_low": {"dmean": 0.00498445518315, "dmean2": 0.0083873020485, "dvar": 0.000174847751623, "dvar2": 0.00044051950681, "max": 0.135052666068, "mean": 0.00630521401763, "median": 0.00319457566366, "min": 9.23561870905e-23, "var": 0.000151428554091}, "spectral_energyband_middle_high": {"dmean": 0.000322774023516, "dmean2": 0.000515524181537, "dvar": 8.15480802885e-07, "dvar2": 2.03858303394e-06, "max": 0.0136398365721, "mean": 0.000549632124603, "median": 0.000202599781915, "min": 1.73456745226e-21, "var": 9.96933067654e-07}, "spectral_energyband_middle_low": {"dmean": 0.00460150977597, "dmean2": 0.00689919292927, "dvar": 5.97902544541e-05, "dvar2": 0.000115554023068, "max": 0.186605125666, "mean": 0.0154392942786, "median": 0.00741872005165, "min": 2.83965591098e-22, "var": 0.000373528600903}, "spectral_entropy": {"dmean": 0.342429548502, "dmean2": 0.488273561001, "dvar": 0.130940809846, "dvar2": 0.258237630129, "max": 9.79260540009, "mean": 6.30407571793, "median": 6.3230638504, "min": 3.23676347733, "var": 0.692664802074}, "spectral_flux": {"dmean": 0.0291631985456, "dmean2": 0.0470454059541, "dvar": 0.00132437620778, "dvar2": 0.00311572127976, "max": 0.32439249754, "mean": 0.0546016134322, "median": 0.0376803651452, "min": 1.03886149683e-10, "var": 0.00225107371807}, "spectral_kurtosis": {"dmean": 8.56070041656, "dmean2": 13.1351003647, "dvar": 126.019554138, "dvar2": 276.91192627, "max": 119.398048401, "mean": 17.3929710388, "median": 11.7836580276, "min": -1.12836277485, "var": 289.274200439}, "spectral_rms": {"dmean": 0.00084944779519, "dmean2": 0.00131511921063, "dvar": 1.32621983084e-06, "dvar2": 2.89302306555e-06, "max": 0.013597836718, "mean": 0.00411213608459, "median": 0.00357322441414, "min": 3.24485815821e-12, "var": 4.46957028544e-06}, "spectral_rolloff": {"dmean": 98.1679840088, "dmean2": 170.37322998, "dvar": 88360.0859375, "dvar2": 173436.34375, "max": 18130.9570312, "mean": 450.02053833, "median": 344.53125, "min": 64.599609375, "var": 371642.4375}, "spectral_skewness": {"dmean": 0.696420788765, "dmean2": 1.05359435081, "dvar": 0.583896517754, "dvar2": 1.29418122768, "max": 8.98596763611, "mean": 3.06405472755, "median": 2.81270194054, "min": 0.0363240577281, "var": 1.87315201759}, "spectral_spread": {"dmean": 982600.8125, "dmean2": 1398290.75, "dvar": 1238206251010.0, "dvar2": 2570524557310.0, "max": 39117064, "mean": 3650258, "median": 3320626.25, "min": 677091.875, "var": 3019979882500.0}, "spectral_strongpeak": {"dmean": 0.295431345701, "dmean2": 0.468530118465, "dvar": 0.176946118474, "dvar2": 0.351417690516, "max": 6.05593395233, "mean": 0.947520136833, "median": 0.667024433613, "min": 0, "var": 0.851694107056}, "zerocrossingrate": {"dmean": 0.00463705649599, "dmean2": 0.00589265488088, "dvar": 4.98630179209e-05, "dvar2": 6.98006260791e-05, "max": 0.4931640625, "mean": 0.0227772817016, "median": 0.017578125, "min": 0.00244140625, "var": 0.00038354305434}, "barkbands": {"dmean": [0.000315312296152, 0.00437492271885, 0.000544691341929, 0.000515910156537, 0.00228334055282, 0.00228963186964, 0.000232869031606, 4.16220100306e-05, 6.72711830703e-05, 7.5160562119e-05, 4.11995388276e-05, 9.07098583411e-05, 4.1071933083e-05, 3.03124106722e-05, 3.40231053997e-05, 1.5520650777e-05, 3.55498705176e-05, 1.72581276274e-05, 1.30919779622e-05, 1.998708467e-05, 1.64939337992e-05, 9.9796707218e-06, 8.95812991075e-06, 8.47907267598e-06, 6.56671636534e-06, 3.15881175084e-06, 5.90798890698e-07], "dmean2": [0.000534827006049, 0.00749304052442, 0.000927564338781, 0.00086459913291, 0.00364897749387, 0.00317175034434, 0.000373491086066, 6.61024605506e-05, 0.000105077611806, 0.000123001038446, 6.1918690335e-05, 0.000157746035256, 6.97287759976e-05, 4.68580547022e-05, 5.35261860932e-05, 2.45589235419e-05, 5.48641328351e-05, 2.81300981442e-05, 2.12916638702e-05, 3.27233065036e-05, 2.76632890746e-05, 1.53296714416e-05, 1.355128461e-05, 1.3074420167e-05, 1.00744209703e-05, 5.10298559675e-06, 1.08319898118e-06], "dvar": [6.87935084898e-07, 0.000155067056767, 1.56337239332e-06, 1.59975263614e-06, 2.12172380998e-05, 3.07317932311e-05, 3.14387023082e-07, 1.37213662654e-08, 7.78516735522e-08, 7.74769475242e-08, 2.69546251985e-08, 1.03219271352e-07, 1.97428153825e-08, 8.14319811582e-09, 1.3741565219e-08, 2.0595494199e-09, 2.14125623899e-08, 3.96119048673e-09, 2.43556219637e-09, 5.78148906527e-09, 3.48289552754e-09, 8.35782110187e-10, 4.32569369213e-10, 3.27097321451e-10, 1.93614374533e-10, 5.74758261818e-11, 4.28713618425e-12], "dvar2": [1.78055211109e-06, 0.000401282857638, 4.31044418292e-06, 4.15210297433e-06, 4.98206572956e-05, 5.17184053024e-05, 7.04272565599e-07, 2.68217981159e-08, 1.77779682531e-07, 1.77511211064e-07, 5.31375121682e-08, 2.76825062429e-07, 5.32926875962e-08, 1.5758971017e-08, 3.14154817715e-08, 4.28188506874e-09, 4.87888804912e-08, 1.0311384635e-08, 6.23256424248e-09, 1.53128461022e-08, 9.22738152553e-09, 1.65665015039e-09, 9.74669123188e-10, 7.69247443522e-10, 4.51703813242e-10, 1.43178552348e-10, 1.20280833904e-11], "max": [0.0133000137284, 0.122124917805, 0.0265169069171, 0.0352891013026, 0.0796697661281, 0.166738823056, 0.0144923115149, 0.0044989194721, 0.0099755320698, 0.0133932000026, 0.00760362530127, 0.00711058499292, 0.00203549512662, 0.00290144514292, 0.00648103374988, 0.00250551477075, 0.00562876882032, 0.00132572324947, 0.000689956708811, 0.00083059060853, 0.000652833958156, 0.000470191065688, 0.000360156554962, 0.000353471143171, 0.000250327429967, 0.000150327774463, 2.94920955639e-05], "mean": [0.000300458283164, 0.00460059940815, 0.000984866870567, 0.00101354101207, 0.00551925320178, 0.007976221852, 0.000641479971819, 8.73655662872e-05, 0.000138680698001, 0.000118565476441, 6.69865257805e-05, 8.97999634617e-05, 4.29860156146e-05, 6.12211806583e-05, 6.86080820742e-05, 2.78886200249e-05, 6.40932339593e-05, 1.82395124284e-05, 1.26941222334e-05, 2.0307230443e-05, 1.71678129846e-05, 1.21698458315e-05, 1.05716317194e-05, 9.29409816308e-06, 7.22338108972e-06, 3.06124388771e-06, 3.75160084332e-07], "median": [7.1623326221e-05, 0.00166965415701, 0.000690733082592, 0.000477658875752, 0.00101212412119, 0.00115246127825, 0.000236045976635, 3.16479345202e-05, 2.6439793146e-05, 1.87961941265e-05, 1.2828850231e-05, 1.55820598593e-05, 1.04090786408e-05, 1.56506430358e-05, 1.72099498741e-05, 1.10831133497e-05, 9.12014002097e-06, 3.54199960384e-06, 1.75271804892e-06, 2.10823009184e-06, 1.7978318283e-06, 8.83655786765e-07, 1.38691586926e-06, 1.05290041574e-06, 1.09699908535e-06, 2.53182577126e-07, 1.47115630789e-09], "min": [6.91812160103e-24, 2.67931242204e-23, 5.6901691986e-23, 6.98034458265e-24, 1.66435735495e-23, 4.38356121079e-23, 3.97790873849e-23, 7.55093808836e-23, 6.98163863008e-23, 1.21997162288e-22, 6.50404519867e-23, 4.42212735827e-23, 2.00319968258e-22, 1.4147906053e-22, 1.44162424541e-22, 1.35770080469e-22, 1.53143725854e-22, 1.98956538935e-22, 4.03550871122e-22, 2.46659437501e-22, 4.61777767387e-22, 4.90439797755e-22, 4.84747226002e-22, 1.15012153644e-21, 1.08154369962e-21, 1.97924671005e-21, 2.40096665079e-21], "var": [5.90348690821e-07, 0.000124303638586, 1.53123005475e-06, 4.27463783126e-06, 8.26708055683e-05, 0.000235314058955, 1.12594341317e-06, 4.54440183262e-08, 2.26976411e-07, 1.51639341084e-07, 6.77729445897e-08, 8.56027781992e-08, 1.52593049307e-08, 2.43892603891e-08, 3.18475485983e-08, 5.59675195078e-09, 4.47278054594e-08, 3.55885809711e-09, 2.18658069429e-09, 4.94325780309e-09, 3.25388538336e-09, 1.23889920545e-09, 6.10388461997e-10, 5.1642534693e-10, 2.7456611984e-10, 6.78257172648e-11, 2.6254311225e-12]}, "erbbands": {"dmean": [0.178682252765, 0.793374836445, 0.688672780991, 1.13699650764, 3.37861871719, 8.56811618805, 19.6568126678, 15.6606798172, 5.91991710663, 1.36116671562, 0.944901764393, 1.47864282131, 2.64491271973, 1.42161297798, 1.98016238213, 3.50928497314, 2.10172057152, 1.33686494827, 1.80150234699, 1.38577842712, 1.11536073685, 1.75033211708, 1.10295879841, 0.759012937546, 0.687666654587, 0.862918913364, 0.853489398956, 0.529482543468, 0.363261044025, 0.322335720062, 0.243084058166, 0.186811551452, 0.133111909032, 0.0631259381771, 0.052919767797, 0.0172008872032, 0.00521825253963, 0.00127705489285, 0.00011650640954, 1.19022497529e-05], "dmean2": [0.312313735485, 1.34899795055, 1.15681827068, 1.88871657848, 5.59399652481, 13.8076667786, 27.4274425507, 22.0485095978, 9.52234745026, 2.12493038177, 1.48301482201, 2.29772830009, 4.26719331741, 2.22917795181, 3.1309735775, 6.10934019089, 3.5794878006, 2.10235953331, 2.77469539642, 2.18760085106, 1.68696880341, 2.76617908478, 1.75951147079, 1.25767493248, 1.11724877357, 1.38409101963, 1.4139714241, 0.866317510605, 0.559444308281, 0.480684041977, 0.371541798115, 0.295291960239, 0.201627731323, 0.0932619944215, 0.0847155302763, 0.027365591377, 0.00870405230671, 0.00219507934526, 0.000213092993363, 1.90682567336e-05], "dvar": [0.274484306574, 4.94218158722, 2.58483242989, 5.80667638779, 63.8226776123, 401.111999512, 2877.34814453, 1618.06188965, 198.011047363, 10.581079483, 5.5188574791, 40.5390205383, 116.017173767, 16.3041877747, 46.4709510803, 158.207489014, 51.0811882019, 11.0276346207, 47.6696548462, 10.5153341293, 24.3334846497, 34.4342727661, 14.1623277664, 9.15166473389, 6.46442890167, 9.38902854919, 12.5040960312, 2.65398740768, 1.21392679214, 0.625441908836, 0.316895723343, 0.179524034262, 0.0834708958864, 0.0194599051028, 0.0131275970489, 0.00149850710295, 0.000198657508008, 1.55284378707e-05, 1.94698756673e-07, 4.9825354953e-10], "dvar2": [0.735557198524, 12.6253547668, 6.91245317459, 15.4622125626, 152.29019165, 937.231628418, 4634.16357422, 2686.82055664, 445.173614502, 20.8345947266, 12.1297998428, 93.9885406494, 268.329467773, 38.4501075745, 102.700828552, 426.830505371, 138.129394531, 24.751531601, 105.459625244, 23.7592964172, 51.179775238, 82.1911621094, 35.6556587219, 24.1782016754, 16.992773056, 24.4172306061, 33.8045539856, 6.55737781525, 2.39279079437, 1.32645380497, 0.732395887375, 0.438063025475, 0.191043063998, 0.0418193712831, 0.0331445746124, 0.00372137245722, 0.000514262123033, 4.1137511289e-05, 5.48236869236e-07, 1.19298204648e-09], "max": [5.94183492661, 23.3305835724, 22.0545768738, 62.6829414368, 170.800949097, 378.83001709, 1714.95043945, 1379.03271484, 285.660461426, 103.38809967, 82.73097229, 214.821365356, 530.661010742, 90.2457885742, 227.903274536, 190.745178223, 103.607955933, 82.3263702393, 343.682617188, 134.709487915, 191.150741577, 197.670700073, 89.7376251221, 32.0632324219, 42.4550209045, 47.7117996216, 37.9535255432, 27.9656562805, 21.9598922729, 14.1209869385, 7.32399654388, 7.16676950455, 7.52969408035, 2.68508529663, 2.27688193321, 0.664491772652, 0.354670643806, 0.0782457739115, 0.00826830230653, 0.000337411795044], "mean": [0.163940772414, 0.902647137642, 1.22058916092, 2.42501807213, 7.42644357681, 19.6604499817, 61.3129730225, 53.6031188965, 17.7050228119, 4.13873958588, 2.05174851418, 3.11526918411, 4.63184022903, 2.31491422653, 3.00513339043, 3.44131612778, 2.21475625038, 2.4965634346, 3.86051511765, 2.88131642342, 2.31441402435, 2.95008659363, 1.35309958458, 0.717793881893, 0.720062255859, 0.952536940575, 0.800208508968, 0.602722585201, 0.439265668392, 0.384327709675, 0.284059435129, 0.200133264065, 0.153200626373, 0.0755766108632, 0.0526164807379, 0.0169289596379, 0.00484399171546, 0.00105640548281, 8.35914179333e-05, 2.64632162725e-05], "median": [0.0465918295085, 0.375985622406, 0.842219829559, 1.52096033096, 2.3807618618, 3.56296277046, 6.49141836166, 9.2091960907, 6.33216905594, 2.09680557251, 0.829330682755, 0.720067679882, 0.72146821022, 0.726939439774, 0.707194447517, 0.69018226862, 0.603165626526, 0.855039417744, 0.895263135433, 1.09222960472, 0.603133738041, 0.503043889999, 0.273082345724, 0.13586114347, 0.100943319499, 0.1118824929, 0.0762928202748, 0.0567291416228, 0.0344917960465, 0.0409109964967, 0.0360144451261, 0.0247195884585, 0.0166775081307, 0.0109108183533, 0.00762723758817, 0.00200994196348, 0.000293761608191, 1.76100893441e-05, 1.02191634141e-05, 1.55510188051e-05], "min": [1.41096726786e-21, 4.4905187841e-21, 5.31381794856e-20, 4.31611954573e-20, 2.43432420341e-20, 7.3676511871e-20, 2.09684947382e-19, 3.62684525705e-19, 3.98239152427e-19, 1.60906822688e-18, 1.17750349269e-18, 1.44491774984e-18, 2.95920431341e-18, 2.93042380477e-18, 3.05527720566e-18, 2.48612834736e-18, 8.12201364276e-18, 8.40965577461e-18, 4.52986437311e-18, 9.02985677275e-18, 9.87858626744e-18, 8.26946106849e-18, 1.10540446595e-17, 1.73033362847e-17, 1.73796470049e-17, 1.08415221078e-17, 1.60779079118e-17, 1.77999374741e-17, 1.46658477405e-17, 1.88740894022e-17, 1.2030001977e-17, 1.91442780231e-17, 2.09766501704e-17, 1.07359978498e-17, 1.02011776073e-17, 7.94979629359e-18, 3.55350339144e-18, 1.30156848706e-18, 3.55663080624e-19, 3.38758733615e-20], "var": [0.202926233411, 4.10911893845, 2.43544101715, 13.6688318253, 237.30090332, 1502.52636719, 21163.4921875, 12320.9658203, 824.323303223, 46.9453125, 17.0536441803, 109.64680481, 248.893386841, 25.9671859741, 90.3152923584, 121.687385559, 38.8844833374, 24.9676494598, 117.191001892, 32.1950492859, 64.6015930176, 65.5317459106, 14.8902778625, 7.01427650452, 6.14858675003, 9.07000255585, 9.86738300323, 3.15977120399, 1.74818658829, 0.929709374905, 0.4338568151, 0.238734319806, 0.15090316534, 0.0329597145319, 0.0144367162138, 0.00169222569093, 0.000220943577006, 1.32432742248e-05, 1.19067962601e-07, 8.54188275667e-10]}, "gfcc": {"mean": [-117.01109314, 145.098022461, -76.8311843872, 33.1994590759, -46.3717155457, 6.69501399994, -49.3020896912, -3.86311578751, -16.4204864502, 2.00504493713, -4.57525253296, 0.978647053242, 3.69014668465], "cov": [[5113.02197266, -1503.30065918, -316.885162354, -41.9075546265, -411.594573975, 271.671875, -129.896896362, 110.110984802, -181.613525391, 230.786956787, -207.75730896, 410.919464111, -126.805877686], [-1503.30065918, 1521.6340332, -154.564666748, -247.141693115, 401.327331543, -363.422393799, 79.2456817627, -246.004943848, 170.19934082, -161.936569214, 173.411102295, -179.462249756, 199.144104004], [-316.885162354, -154.564666748, 1001.76342773, 71.186706543, -21.3175849915, 176.730575562, -126.550468445, -59.7726707458, -83.6335372925, -36.930934906, 2.73900842667, 66.9429092407, -73.9803085327], [-41.9075546265, -247.141693115, 71.186706543, 410.348419189, -60.6961784363, 103.061706543, 104.85836792, 71.0117492676, -60.1098442078, -20.7384681702, -0.364102065563, -64.8132171631, -24.243598938], [-411.594573975, 401.327331543, -21.3175849915, -60.6961784363, 287.48614502, -71.7855529785, 70.8864746094, -11.513885498, 83.1713867188, -23.6919898987, 10.6226596832, -45.2874450684, 18.7102184296], [271.671875, -363.422393799, 176.730575562, 103.061706543, -71.7855529785, 274.769927979, 8.00471115112, 103.951370239, -35.1107902527, 34.9229011536, -73.2540283203, 30.0243263245, -98.9999008179], [-129.896896362, 79.2456817627, -126.550468445, 104.85836792, 70.8864746094, 8.00471115112, 201.456085205, 52.5988464355, 23.6590023041, -24.846572876, -15.5440826416, -45.7531318665, -1.17220032215], [110.110984802, -246.004943848, -59.7726707458, 71.0117492676, -11.513885498, 103.951370239, 52.5988464355, 226.478179932, 53.8116188049, 67.6260604858, -53.8752746582, -11.5442638397, -41.0888214111], [-181.613525391, 170.19934082, -83.6335372925, -60.1098442078, 83.1713867188, -35.1107902527, 23.6590023041, 53.8116188049, 170.545471191, 57.5157737732, 16.8311500549, -24.0273284912, 24.1868801117], [230.786956787, -161.936569214, -36.930934906, -20.7384681702, -23.6919898987, 34.9229011536, -24.846572876, 67.6260604858, 57.5157737732, 136.425674438, 11.0799598694, 34.2647972107, -26.1207294464], [-207.75730896, 173.411102295, 2.73900842667, -0.364102065563, 10.6226596832, -73.2540283203, -15.5440826416, -53.8752746582, 16.8311500549, 11.0799598694, 144.754348755, 1.47807264328, 48.4610404968], [410.919464111, -179.462249756, 66.9429092407, -64.8132171631, -45.2874450684, 30.0243263245, -45.7531318665, -11.5442638397, -24.0273284912, 34.2647972107, 1.47807264328, 130.175491333, -14.2456007004], [-126.805877686, 199.144104004, -73.9803085327, -24.243598938, 18.7102184296, -98.9999008179, -1.17220032215, -41.0888214111, 24.1868801117, -26.1207294464, 48.4610404968, -14.2456007004, 121.932098389]], "icov": [[0.000382613594411, 0.000259745895164, 0.000246136187343, -1.65442252182e-05, -2.50866742135e-05, -0.000137623632327, 3.13354794343e-05, 0.000278709601844, 0.000127430947032, -0.000288070557872, 0.000364036939573, -0.000855225487612, -0.000225530588068], [0.000259745895164, 0.00370342307724, 4.64689474029e-05, 0.00182948308066, -0.00261819059961, 0.000228814897127, -0.000921744504012, 0.00232780887745, -0.00189550383948, 0.00229898723774, -0.00234154961072, 0.00295748398639, -0.00187873316463], [0.000246136187343, 4.64689474029e-05, 0.00168792973273, -0.000608268484939, -0.00053284864407, -0.0012702079257, 0.00135715142824, 0.000587524555158, 1.87975219887e-05, 0.000606347050052, -0.000131775785121, -0.00136186403688, 0.000364171894034], [-1.65442252182e-05, 0.00182948308066, -0.000608268484939, 0.0053642001003, -0.000252682686551, -0.000915076467209, -0.00300532672554, 0.000127021732624, 0.000835834711324, 0.000914678326808, -0.00265573803335, 0.00442709494382, -0.00139509746805], [-2.50866742135e-05, -0.00261819059961, -0.00053284864407, -0.000252682686551, 0.00733103090897, 0.000849707284942, -0.00162780785467, -0.00133136752993, -0.000925160071347, -0.000817780499347, 0.00181625853293, -0.00146497285459, 0.00209248997271], [-0.000137623632327, 0.000228814897127, -0.0012702079257, -0.000915076467209, 0.000849707284942, 0.00808961410075, -0.000563176290598, -0.00225640251301, 7.49962491682e-05, -0.000233613158343, 0.0015388217289, -0.000584531633649, 0.00345774437301], [3.13354794343e-05, -0.000921744504012, 0.00135715142824, -0.00300532672554, -0.00162780785467, -0.000563176290598, 0.00880534853786, -0.00168335461058, -0.000498566427268, 0.00178153126035, 0.000859630294144, -0.00151208869647, 0.00103604665492], [0.000278709601844, 0.00232780887745, 0.000587524555158, 0.000127021732624, -0.00133136752993, -0.00225640251301, -0.00168335461058, 0.00968114193529, -0.00335035752505, -0.00173577445094, 0.00092971191043, 0.00209550140426, -0.00134378706571], [0.000127430947032, -0.00189550383948, 1.87975219887e-05, 0.000835834711324, -0.000925160071347, 7.49962491682e-05, -0.000498566427268, -0.00335035752505, 0.0122046843171, -0.00657411850989, 0.000899741658941, 0.000369859073544, -0.00166869885288], [-0.000288070557872, 0.00229898723774, 0.000606347050052, 0.000914678326808, -0.000817780499347, -0.000233613158343, 0.00178153126035, -0.00173577445094, -0.00657411850989, 0.0157336127013, -0.00493877381086, -0.000568374758586, 0.00243444275111], [0.000364036939573, -0.00234154961072, -0.000131775785121, -0.00265573803335, 0.00181625853293, 0.0015388217289, 0.000859630294144, 0.00092971191043, 0.000899741658941, -0.00493877381086, 0.0121751204133, -0.00382128707133, -0.00163466762751], [-0.000855225487612, 0.00295748398639, -0.00136186403688, 0.00442709494382, -0.00146497285459, -0.000584531633649, -0.00151208869647, 0.00209550140426, 0.000369859073544, -0.000568374758586, -0.00382128707133, 0.0166907571256, -0.00195029564202], [-0.000225530588068, -0.00187873316463, 0.000364171894034, -0.00139509746805, 0.00209248997271, 0.00345774437301, 0.00103604665492, -0.00134378706571, -0.00166869885288, 0.00243444275111, -0.00163466762751, -0.00195029564202, 0.014296556823]]}, "melbands": {"dmean": [0.0013927196851, 0.000557074963581, 0.000242951908149, 0.000399892072892, 0.000624529027846, 0.000364538514987, 8.10683704913e-05, 1.23436147987e-05, 8.444737432e-06, 9.34328454605e-06, 1.34821166284e-05, 5.95633400735e-06, 6.21974277237e-06, 1.01578698377e-05, 7.77200602897e-06, 3.04300783682e-06, 2.59343391917e-06, 3.03549427372e-06, 2.14608235183e-06, 1.41473037729e-06, 1.48852132043e-06, 1.9930560029e-06, 1.47156492858e-06, 7.21623621303e-07, 6.24427116236e-07, 4.40623608711e-07, 6.66983851261e-07, 5.33548984549e-07, 6.87461351845e-07, 3.51958419742e-07, 2.96486859952e-07, 2.2109482245e-07, 1.7344932246e-07, 1.79510408316e-07, 1.40707697938e-07, 1.12709358291e-07, 1.26909668552e-07, 1.10422533339e-07, 6.44527773375e-08, 4.90305858136e-08], "dmean2": [0.00240352097899, 0.000924611405935, 0.000402744975872, 0.000658401462715, 0.000894215074368, 0.000511963560712, 0.000131625274662, 1.92001170944e-05, 1.32704017233e-05, 1.46111142385e-05, 2.18347286136e-05, 9.46181535255e-06, 9.49340119405e-06, 1.72660475073e-05, 1.38777295433e-05, 5.00585792906e-06, 4.06859135182e-06, 4.64631148134e-06, 3.35221329806e-06, 2.26703105e-06, 2.23842948799e-06, 3.16703335557e-06, 2.30792215916e-06, 1.19323817671e-06, 1.04054288386e-06, 7.09992491466e-07, 1.1261945474e-06, 8.43200041345e-07, 1.1709505543e-06, 5.92586957282e-07, 4.84188603878e-07, 3.444555432e-07, 2.58966991851e-07, 2.71919986972e-07, 2.17114902057e-07, 1.77144158897e-07, 2.04593618491e-07, 1.70225987972e-07, 9.83925261266e-08, 7.29688665047e-08], "dvar": [1.61923144333e-05, 1.91649928638e-06, 2.71614709391e-07, 8.16220449451e-07, 2.32671345657e-06, 8.13965016278e-07, 3.86546012976e-08, 1.0154128649e-09, 5.27095644909e-10, 1.58475177425e-09, 2.92434809701e-09, 3.0535921014e-10, 5.8760324384e-10, 1.20190868369e-09, 9.45289735377e-10, 9.5016904067e-11, 4.50582626765e-11, 1.27535801364e-10, 3.99949413865e-11, 1.02186687931e-11, 6.55504192593e-11, 6.19549481162e-11, 2.39664867813e-11, 6.69268980513e-12, 6.50204326144e-12, 2.52705625522e-12, 7.15420214389e-12, 3.26466588138e-12, 9.4315371485e-12, 1.27884096542e-12, 8.21532783208e-13, 4.92071552775e-13, 2.12529782185e-13, 1.94375399565e-13, 1.10441481806e-13, 7.1022343822e-14, 8.55699314032e-14, 5.80889164352e-14, 2.34252297871e-14, 1.25885003241e-14], "dvar2": [4.24768368248e-05, 4.77010689792e-06, 6.92248363521e-07, 1.92145807887e-06, 4.02447312808e-06, 1.36677056162e-06, 8.67428084916e-08, 1.92976123969e-09, 1.19811749411e-09, 3.67919872346e-09, 6.76886813267e-09, 7.28430815666e-10, 1.18287279971e-09, 3.133629356e-09, 2.6670849973e-09, 2.44134296112e-10, 9.6643318348e-11, 2.71493855175e-10, 9.14900169513e-11, 2.38100771738e-11, 1.40632047674e-10, 1.46605103057e-10, 5.71744700195e-11, 1.7774509295e-11, 1.71116541076e-11, 6.46785880062e-12, 1.96170978767e-11, 8.21867747469e-12, 2.57622100736e-11, 3.31405042298e-12, 2.02351872237e-12, 1.01412378928e-12, 4.15485246034e-13, 4.3032772983e-13, 2.54486292066e-13, 1.74826204403e-13, 2.13369401899e-13, 1.33527967871e-13, 5.37008690283e-14, 2.69731204603e-14], "max": [0.0417249202728, 0.0174497272819, 0.0130932331085, 0.0221997573972, 0.0467621013522, 0.0311230476946, 0.00418780231848, 0.00106406223495, 0.000741680734791, 0.00134280696511, 0.00262490729801, 0.000308062270051, 0.0011150817154, 0.000968731648754, 0.000450253748568, 0.000133075023768, 0.000190160120837, 0.00046694552293, 0.000354269141098, 0.000113813075586, 0.000346652872395, 0.000310488510877, 0.000101071425888, 4.43616845587e-05, 2.67041286861e-05, 4.40591466031e-05, 3.17406847898e-05, 4.4330732635e-05, 3.19240061799e-05, 1.84245873243e-05, 1.79653179657e-05, 1.63672684721e-05, 8.23036407382e-06, 9.53662038228e-06, 5.15616648045e-06, 4.38871848019e-06, 5.63665435038e-06, 5.58982947041e-06, 3.78248159905e-06, 2.54051133197e-06], "mean": [0.00138282007538, 0.000836616614833, 0.000536967942026, 0.000895721022971, 0.0018892090302, 0.00126380007714, 0.000234373030253, 3.39618454746e-05, 1.70701168827e-05, 1.95197935682e-05, 2.30771147471e-05, 9.23489369598e-06, 1.02356461866e-05, 1.08814383566e-05, 6.68146458338e-06, 3.66901485904e-06, 4.90276579512e-06, 6.37328912489e-06, 4.4793696361e-06, 2.6222642191e-06, 2.95723089039e-06, 3.43266992786e-06, 1.97348890651e-06, 7.56130873469e-07, 5.56847737698e-07, 4.54880876077e-07, 6.69461428515e-07, 5.97072983055e-07, 5.60204739486e-07, 3.72007548322e-07, 3.41064321674e-07, 2.593029933e-07, 2.07128749707e-07, 2.07791316598e-07, 1.61914528007e-07, 1.24700619608e-07, 1.29537568228e-07, 1.23540047525e-07, 7.57510036919e-08, 5.80862398181e-08], "median": [0.000435906462371, 0.000521566718817, 0.000296502228593, 0.000184371645446, 0.000226012343774, 0.000216155051021, 7.30375613784e-05, 1.36510170705e-05, 5.42895895705e-06, 3.84774466511e-06, 3.12059000862e-06, 2.65925018539e-06, 2.14047963709e-06, 1.8022092263e-06, 1.3272160686e-06, 1.05548747342e-06, 1.42250939916e-06, 1.18480363653e-06, 1.33320327222e-06, 9.47364753756e-07, 5.0581280675e-07, 5.00191845276e-07, 2.78364439055e-07, 1.50791308329e-07, 8.70758611882e-08, 6.47590567837e-08, 7.14784178513e-08, 6.52160920822e-08, 3.87413727765e-08, 3.86311107547e-08, 2.68216808763e-08, 1.81883841321e-08, 1.54513717376e-08, 2.35246968572e-08, 1.99556637881e-08, 1.40924036884e-08, 1.4299004647e-08, 1.17794867194e-08, 1.03524202544e-08, 7.36384464517e-09], "min": [9.21878946604e-24, 2.00775166244e-23, 7.74174997293e-24, 2.91529463981e-24, 6.78891880653e-24, 8.06728762496e-24, 6.70325403425e-24, 1.90789875346e-23, 1.00835159134e-23, 8.94681704719e-24, 1.59166634689e-23, 1.29673073929e-23, 1.00706866685e-23, 6.33492265026e-24, 1.04428578329e-23, 2.058111596e-23, 1.51395439694e-23, 6.86234913503e-24, 1.20625446769e-23, 7.90935609402e-24, 1.42132761163e-23, 9.47147896892e-24, 8.8332904966e-24, 8.54308119134e-24, 1.53491080243e-23, 1.24781355345e-23, 1.27166610398e-23, 5.88083143625e-24, 6.24705419504e-24, 1.80255269046e-23, 7.52962527551e-24, 6.58649985926e-24, 1.24521764887e-23, 9.67152620587e-24, 6.01516853195e-24, 8.1207952713e-24, 1.24950865776e-23, 1.80842607544e-23, 7.85786319843e-24, 9.65097006841e-24], "var": [1.25922488223e-05, 1.7782838313e-06, 7.91697914337e-07, 3.09420624944e-06, 1.63699714903e-05, 6.25349730399e-06, 1.63391007391e-07, 4.39466996127e-09, 1.61683122446e-09, 4.28057234103e-09, 6.2301062087e-09, 4.75945671763e-10, 1.45183243205e-09, 1.161389096e-09, 5.97430993565e-10, 8.42600711426e-11, 1.19357135286e-10, 3.43690936822e-10, 9.90332607587e-11, 2.74131897737e-11, 1.63124513897e-10, 1.24599122686e-10, 3.50546813799e-11, 5.79302144449e-12, 4.92397962681e-12, 2.65069953834e-12, 5.65993562782e-12, 3.60283439367e-12, 6.62427447964e-12, 1.32946117223e-12, 1.01500080042e-12, 6.71629527167e-13, 3.18018208339e-13, 2.75410553738e-13, 1.44684191386e-13, 8.96075409511e-14, 1.0895062928e-13, 9.71245179009e-14, 4.22317142736e-14, 1.98128765185e-14]}, "mfcc": {"mean": [-774.739257812, 172.549316406, 31.7162971497, 30.161611557, 23.7033252716, 9.53495883942, -7.42812490463, -6.38777589798, -5.76032066345, -3.84572911263, -7.69713020325, 0.35584846139, 1.16715204716], "cov": [[4833.84716797, -1338.08203125, -408.784515381, -206.796081543, -417.519073486, 92.5378952026, -70.73853302, 42.1111602783, 17.6549053192, -114.902626038, -72.5422210693, 65.6730270386, 108.989402771], [-1338.08203125, 1474.14453125, -230.350723267, -32.2657432556, 237.325576782, -66.2236099243, -89.922164917, -127.877983093, -39.2223587036, -13.0814571381, -100.092460632, -55.8043518066, 33.5706634521], [-408.784515381, -230.350723267, 769.543579102, 29.8114910126, 105.098945618, 120.749320984, 41.0384635925, 75.730430603, -98.2010574341, -23.7034397125, 37.491558075, -46.4288101196, -78.4554138184], [-206.796081543, -32.2657432556, 29.8114910126, 264.192962646, 1.71031951904, 2.78439640999, 96.3155059814, 12.7275466919, 20.4820156097, 4.79462575912, 33.6182785034, 5.48439741135, -39.122253418], [-417.519073486, 237.325576782, 105.098945618, 1.71031951904, 190.095413208, 17.2550468445, -20.8104820251, -4.86968421936, -6.59938097, 37.6849441528, -2.65125250816, 1.3416249752, 4.90625762939], [92.5378952026, -66.2236099243, 120.749320984, 2.78439640999, 17.2550468445, 128.869247437, 31.3181209564, 37.3722190857, -8.24239730835, -15.5231676102, 11.74954319, -3.72171878815, 1.63276684284], [-70.73853302, -89.922164917, 41.0384635925, 96.3155059814, -20.8104820251, 31.3181209564, 156.742294312, 60.5569572449, 9.49216556549, -7.20728778839, 24.1380329132, 3.214605093, -20.355632782], [42.1111602783, -127.877983093, 75.730430603, 12.7275466919, -4.86968421936, 37.3722190857, 60.5569572449, 126.454803467, 50.0929145813, 21.8948974609, 15.1937236786, 5.88080120087, -2.60257291794], [17.6549053192, -39.2223587036, -98.2010574341, 20.4820156097, -6.59938097, -8.24239730835, 9.49216556549, 50.0929145813, 164.015090942, 89.157989502, 12.3892469406, 19.8691253662, 9.58654594421], [-114.902626038, -13.0814571381, -23.7034397125, 4.79462575912, 37.6849441528, -15.5231676102, -7.20728778839, 21.8948974609, 89.157989502, 142.754821777, 42.7009315491, 17.6982860565, 0.563564896584], [-72.5422210693, -100.092460632, 37.491558075, 33.6182785034, -2.65125250816, 11.74954319, 24.1380329132, 15.1937236786, 12.3892469406, 42.7009315491, 106.860603333, 33.3166542053, -13.9947652817], [65.6730270386, -55.8043518066, -46.4288101196, 5.48439741135, 1.3416249752, -3.72171878815, 3.214605093, 5.88080120087, 19.8691253662, 17.6982860565, 33.3166542053, 96.1735534668, 46.4988021851], [108.989402771, 33.5706634521, -78.4554138184, -39.122253418, 4.90625762939, 1.63276684284, -20.355632782, -2.60257291794, 9.58654594421, 0.563564896584, -13.9947652817, 46.4988021851, 113.227806091]], "icov": [[0.000406111008488, 0.000411936605815, 0.000362159626093, 0.000130281070597, 0.000256314408034, -0.000533566053491, 0.000327759975335, -7.51137486077e-05, 0.000174048778717, 8.87001442607e-05, 0.00044543898548, -6.03738990321e-05, -9.86328232102e-05], [0.000411936605815, 0.00160699186381, 0.00092135136947, 0.000114900918561, -0.00161743350327, -0.000303845357848, 0.000278039457044, 0.00051019131206, 0.000220154761337, 0.000491448561661, 0.000766497279983, 0.000812308222521, -0.000318623875501], [0.000362159626093, 0.00092135136947, 0.00278758816421, -0.00011685766367, -0.00165842112619, -0.00177044328302, 0.000759392045438, -0.00155511440244, 0.00197339174338, 2.69852080237e-05, 2.1776126232e-05, 0.000765917880926, 0.000988475861959], [0.000130281070597, 0.000114900918561, -0.00011685766367, 0.00558629166335, -0.000513827952091, 0.000451799627626, -0.00368011300452, 0.00179079803638, -0.0015201040078, 0.000897250371054, -0.000835928192828, -0.000568115792703, 0.00133926083799], [0.000256314408034, -0.00161743350327, -0.00165842112619, -0.000513827952091, 0.009884650819, -0.0015486611519, 0.00118716235738, -0.00034022165346, 0.00126703025308, -0.0038790164981, 0.00158779148478, -0.00202901777811, -0.000352671457222], [-0.000533566053491, -0.000303845357848, -0.00177044328302, 0.000451799627626, -0.0015486611519, 0.0111200818792, -0.00188601296395, -0.00128300650977, -0.0012415117817, 0.00222796131857, -0.00218525505625, 0.00129600951914, -0.00163704843726], [0.000327759975335, 0.000278039457044, 0.000759392045438, -0.00368011300452, 0.00118716235738, -0.00188601296395, 0.0114942984655, -0.0054698549211, 0.00159553752746, 0.000611909490544, -0.000479704409372, -0.00022421781614, 0.000667792279273], [-7.51137486077e-05, 0.00051019131206, -0.00155511440244, 0.00179079803638, -0.00034022165346, -0.00128300650977, -0.0054698549211, 0.0141982063651, -0.00536232208833, 0.000486532429932, 4.44630313723e-05, 0.000134352376335, -0.000759596005082], [0.000174048778717, 0.000220154761337, 0.00197339174338, -0.0015201040078, 0.00126703025308, -0.0012415117817, 0.00159553752746, -0.00536232208833, 0.0133054098114, -0.00802219100296, 0.0027888410259, -0.00122116692364, 0.00049551698612], [8.87001442607e-05, 0.000491448561661, 2.69852080237e-05, 0.000897250371054, -0.0038790164981, 0.00222796131857, 0.000611909490544, 0.000486532429932, -0.00802219100296, 0.0148987993598, -0.00580729125068, 0.00135621929076, -0.000314903852995], [0.00044543898548, 0.000766497279983, 2.1776126232e-05, -0.000835928192828, 0.00158779148478, -0.00218525505625, -0.000479704409372, 4.44630313723e-05, 0.0027888410259, -0.00580729125068, 0.0153994923458, -0.00629877857864, 0.00323056150228], [-6.03738990321e-05, 0.000812308222521, 0.000765917880926, -0.000568115792703, -0.00202901777811, 0.00129600951914, -0.00022421781614, 0.000134352376335, -0.00122116692364, 0.00135621929076, -0.00629877857864, 0.0172387249768, -0.00757754128426], [-9.86328232102e-05, -0.000318623875501, 0.000988475861959, 0.00133926083799, -0.000352671457222, -0.00163704843726, 0.000667792279273, -0.000759596005082, 0.00049551698612, -0.000314903852995, 0.00323056150228, -0.00757754128426, 0.0137810399756]]}, "spectral_contrast_coeffs": {"dmean": [0.0470995344222, 0.0434810146689, 0.0332409106195, 0.0282768532634, 0.0247308537364, 0.0222334638238], "dmean2": [0.076807923615, 0.0702847614884, 0.0542153343558, 0.045611705631, 0.0397303923965, 0.0363348834217], "dvar": [0.00190625281539, 0.00164990185294, 0.000912593852263, 0.000671504356433, 0.000566293776501, 0.000530175631866], "dvar2": [0.0047064400278, 0.00386062799953, 0.00219970801845, 0.0015425037127, 0.0013463817304, 0.00131088355556], "max": [-0.268848598003, -0.287061244249, -0.417196929455, -0.565148591995, -0.565617620945, -0.594291746616], "mean": [-0.665694653988, -0.633924484253, -0.790170669556, -0.78453707695, -0.802928686142, -0.80121576786], "median": [-0.690746486187, -0.651679635048, -0.801809191704, -0.791383862495, -0.810565948486, -0.805193543434], "min": [-0.965523898602, -0.961663782597, -0.968923926353, -0.962141692638, -0.96068918705, -0.960420191288], "var": [0.00958190020174, 0.0128372851759, 0.00373730901629, 0.00291043333709, 0.00228340411559, 0.00142224540468]}, "spectral_contrast_valleys": {"dmean": [0.36065903306, 0.345222234726, 0.360163778067, 0.355822890997, 0.449916124344, 0.672255396843], "dmean2": [0.57679361105, 0.568634808064, 0.578610897064, 0.553166091442, 0.635003507137, 0.874983251095], "dvar": [0.134946495295, 0.107651486993, 0.154103949666, 0.158791065216, 0.310278505087, 0.552038252354], "dvar2": 