{"lowlevel": {"average_loudness": 0.835848033428, "barkbands_crest": {"dmean": 1.70757746696, "dmean2": 2.7394785881, "dvar": 2.42390275002, "dvar2": 6.1863489151, "max": 26.248003006, "mean": 10.9490871429, "median": 10.1671409607, "min": 4.15312337875, "var": 14.9017019272}, "barkbands_flatness_db": {"dmean": 0.016186369583, "dmean2": 0.0268121920526, "dvar": 0.000289661460556, "dvar2": 0.000842289126012, "max": 0.717072784901, "mean": 0.2994979918, "median": 0.266678273678, "min": 0.0823774188757, "var": 0.00935954786837}, "barkbands_kurtosis": {"dmean": 1.88667035103, "dmean2": 2.92941856384, "dvar": 15.1135377884, "dvar2": 37.299533844, "max": 211.709457397, "mean": 6.531914711, "median": 4.64799880981, "min": -1.21052455902, "var": 93.2977142334}, "barkbands_skewness": {"dmean": 0.292746186256, "dmean2": 0.454261094332, "dvar": 0.0875777080655, "dvar2": 0.196765467525, "max": 8.8251247406, "mean": 1.25070285797, "median": 1.26302671432, "min": -3.71385002136, "var": 1.04884195328}, "barkbands_spread": {"dmean": 1.00113010406, "dmean2": 1.58479511738, "dvar": 1.47902584076, "dvar2": 3.39919567108, "max": 29.8130283356, "mean": 5.64539957047, "median": 4.98312425613, "min": 0.0915325507522, "var": 10.437169075}, "dissonance": {"dmean": 0.0315697640181, "dmean2": 0.0528374277055, "dvar": 0.000924630498048, "dvar2": 0.00248560495675, "max": 0.499892175198, "mean": 0.409148395061, "median": 0.419586628675, "min": 0.105028919876, "var": 0.00306605314836}, "dynamic_complexity": 3.5017182827, "erbbands_crest": {"dmean": 1.94081485271, "dmean2": 2.9241335392, "dvar": 3.50209283829, "dvar2": 7.56210708618, "max": 32.2067985535, "mean": 12.8389129639, "median": 11.719783783, "min": 3.4335308075, "var": 27.5732421875}, "erbbands_flatness_db": {"dmean": 0.0122668324038, "dmean2": 0.0189485736191, "dvar": 0.00017634575488, "dvar2": 0.000440061383415, "max": 0.565045714378, "mean": 0.319406569004, "median": 0.300111025572, "min": 0.103283837438, "var": 0.00490633444861}, "erbbands_kurtosis": {"dmean": 1.30126607418, "dmean2": 1.97357201576, "dvar": 3.09800839424, "dvar2": 6.49522066116, "max": 66.5344161987, "mean": 3.88172340393, "median": 2.63974475861, "min": -1.62396287918, "var": 28.2344646454}, "erbbands_skewness": {"dmean": 0.266760140657, "dmean2": 0.414927184582, "dvar": 0.0606714598835, "dvar2": 0.136007070541, "max": 5.63104534149, "mean": 1.34181296825, "median": 1.27373635769, "min": -1.39411735535, "var": 0.514547646046}, "erbbands_spread": {"dmean": 2.37747955322, "dmean2": 3.57994604111, "dvar": 7.78935289383, "dvar2": 16.0335788727, "max": 52.9272041321, "mean": 14.6832733154, "median": 12.1826953888, "min": 0.421844422817, "var": 90.6088638306}, "hfc": {"dmean": 2.32416248322, "dmean2": 3.24690198898, "dvar": 11.1676702499, "dvar2": 18.4052371979, "max": 69.5861816406, "mean": 12.5094833374, "median": 10.5580482483, "min": 1.21478421271e-16, "var": 96.5520095825}, "melbands_crest": {"dmean": 1.98823964596, "dmean2": 3.19604420662, "dvar": 3.15742564201, "dvar2": 7.84213924408, "max": 31.697883606, "mean": 12.808552742, "median": 12.0241622925, "min": 1.86964273453, "var": 17.36095047}, "melbands_flatness_db": {"dmean": 0.0163386613131, "dmean2": 0.0268663782626, "dvar": 0.00035526836291, "dvar2": 0.00103608949576, "max": 0.898210704327, "mean": 0.377605289221, "median": 0.337541550398, "min": 0.0071245781146, "var": 0.0157097578049}, "melbands_kurtosis": {"dmean": 2.03644776344, "dmean2": 3.23009490967, "dvar": 6.37169933319, "dvar2": 15.7110347748, "max": 81.2264404297, "mean": 7.29456567764, "median": 5.43864965439, "min": -1.53243494034, "var": 45.137386322}, "melbands_skewness": {"dmean": 0.308888882399, "dmean2": 0.477530360222, "dvar": 0.0903273150325, "dvar2": 0.202849850059, "max": 5.60667419434, "mean": 1.34735524654, "median": 1.31340909004, "min": -2.68279218674, "var": 1.26398384571}, "melbands_spread": {"dmean": 1.28177368641, "dmean2": 2.03667593002, "dvar": 6.41202735901, "dvar2": 9.24638175964, "max": 174.514419556, "mean": 7.76664161682, "median": 7.2031583786, "min": 0.380541622639, "var": 22.7637233734}, "pitch_salience": {"dmean": 0.0494372583926, "dmean2": 0.0804311260581, "dvar": 0.00185571901966, "dvar2": 0.00495279859751, "max": 0.958528578281, "mean": 0.600304961205, "median": 0.608455300331, "min": 0.203159496188, "var": 0.00859960634261}, "silence_rate_20dB": {"dmean": 0, "dmean2": 0, "dvar": 0, "dvar2": 0, "max": 1, "mean": 1, "median": 1, "min": 1, "var": 0}, "silence_rate_30dB": {"dmean": 0.000795861531515, "dmean2": 0.00159193424042, "dvar": 0.000795185682364, "dvar2": 0.00185480632354, "max": 1, "mean": 0.999336898327, "median": 1, "min": 0, "var": 0.00066270440584}, "silence_rate_60dB": {"dmean": 0.00212229741737, "dmean2": 0.00424515781924, "dvar": 0.00211763754487, "dvar2": 0.00475790491328, "max": 1, "mean": 0.0603448264301, "median": 0, "min": 0, "var": 0.0567017942667}, "spectral_centroid": {"dmean": 51.9197349548, "dmean2": 83.1059112549, "dvar": 12814.9248047, "dvar2": 17504.7480469, "max": 10989.2041016, "mean": 584.192199707, "median": 578.994384766, "min": 185.738082886, "var": 63734.8203125}, "spectral_complexity": {"dmean": 1.54105317593, "dmean2": 2.58689308167, "dvar": 2.07651972771, "dvar2": 5.34443187714, "max": 30, "mean": 12.0559682846, "median": 12, "min": 0, "var": 24.8412055969}, "spectral_decrease": {"dmean": 1.29054977815e-09, "dmean2": 1.92400562149e-09, "dvar": 2.45591805703e-18, "dvar2": 4.63571743532e-18, "max": 5.59287166955e-29, "mean": -6.58749721438e-09, "median": -6.0252478562e-09, "min": -2.88182686603e-08, "var": 1.71268060158e-17}, "spectral_energy": {"dmean": 0.00507106026635, "dmean2": 0.00754054170102, "dvar": 3.82484467991e-05, "dvar2": 7.15856731404e-05, "max": 0.115078486502, "mean": 0.0259973704815, "median": 0.0237059481442, "min": 1.08073594645e-20, "var": 0.000270028336672}, "spectral_energyband_high": {"dmean": 5.36315246791e-06, "dmean2": 8.53241454024e-06, "dvar": 4.78985684449e-10, "dvar2": 1.13491982479e-09, "max": 0.000658693898004, "mean": 1.70161292772e-05, "median": 5.23720245837e-06, "min": 7.91143406724e-21, "var": 1.44361422816e-09}, "spectral_energyband_low": {"dmean": 0.000444709672593, "dmean2": 0.00062867597444, "dvar": 4.83069698021e-07, "dvar2": 9.74473664428e-07, "max": 0.0138105200604, "mean": 0.00214385800064, "median": 0.00161032611504, "min": 7.04716394122e-23, "var": 3.88179887523e-06}, "spectral_energyband_middle_high": {"dmean": 0.00048260987387, "dmean2": 0.000673536444083, "dvar": 1.10600876724e-06, "dvar2": 1.81003542821e-06, "max": 0.0345226861537, "mean": 0.0021553998813, "median": 0.00110385543667, "min": 1.59851724413e-21, "var": 1.0135843695e-05}, "spectral_energyband_middle_low": {"dmean": 0.00487719522789, "dmean2": 0.00733247585595, "dvar": 3.65057603631e-05, "dvar2": 6.90324377501e-05, "max": 0.103495970368, "mean": 0.0220461674035, "median": 0.0196521878242, "min": 2.25671345045e-22, "var": 0.000239441811573}, "spectral_entropy": {"dmean": 0.110399194062, "dmean2": 0.173415631056, "dvar": 0.0127178747207, "dvar2": 0.0276816673577, "max": 9.80787181854, "mean": 6.28381299973, "median": 6.46785163879, "min": 3.97751045227, "var": 0.47598451376}, "spectral_flux": {"dmean": 0.0141674270853, "dmean2": 0.0231163930148, "dvar": 0.000317418249324, "dvar2": 0.000776494911406, "max": 0.205036208034, "mean": 0.0497865229845, "median": 0.0468396134675, "min": 1.03958452957e-10, "var": 0.000655161566101}, "spectral_kurtosis": {"dmean": 26.3841018677, "dmean2": 46.9168128967, "dvar": 4414.97021484, "dvar2": 14032.2822266, "max": 1213.27282715, "mean": 66.7242965698, "median": 17.8797302246, "min": -1.17979168892, "var": 17346.6972656}, "spectral_rms": {"dmean": 0.000473914726172, "dmean2": 0.000709351326805, "dvar": 2.68444381391e-07, "dvar2": 5.02985074036e-07, "max": 0.0105958338827, "mean": 0.00472621666268, "median": 0.00480913277715, "min": 3.2471163345e-12, "var": 3.0262490327e-06}, "spectral_rolloff": {"dmean": 59.0459747314, "dmean2": 99.188873291, "dvar": 74382.03125, "dvar2": 90787.9296875, "max": 18992.2851562, "mean": 623.135681152, "median": 602.9296875, "min": 172.265625, "var": 147764.6875}, "spectral_skewness": {"dmean": 0.958562374115, "dmean2": 1.68166351318, "dvar": 1.71002233028, "dvar2": 5.19889879227, "max": 28.9462528229, "mean": 4.48873472214, "median": 2.70276045799, "min": 0.00806425977498, "var": 21.3180179596}, "spectral_spread": {"dmean": 214600.953125, "dmean2": 372206.6875, "dvar": 226855796736, "dvar2": 298639458304, "max": 39953728, "mean": 1692915, "median": 1761405.25, "min": 77984.3046875, "var": 609854095360}, "spectral_strongpeak": {"dmean": 0.400317430496, "dmean2": 0.638545870781, "dvar": 0.28429928422, "dvar2": 0.606743514538, "max": 5.90343046188, "mean": 1.36629784107, "median": 1.08796620369, "min": 7.18552217727e-10, "var": 1.26188600063}, "zerocrossingrate": {"dmean": 0.00232663843781, "dmean2": 0.00313949678093, "dvar": 5.15192768944e-05, "dvar2": 6.32140072412e-05, "max": 0.49853515625, "mean": 0.0260111428797, "median": 0.0263671875, "min": 0.00390625, "var": 0.000146309859701}, "barkbands": {"dmean": [6.09286473718e-07, 0.000177972513484, 0.000239433560637, 0.000683316844516, 0.00167772499844, 0.00163487461396, 0.00152138015255, 0.00116363482084, 0.00104787573218, 0.000278708117548, 0.000176409812411, 9.93254216155e-05, 6.33054878563e-05, 3.86912070098e-05, 6.07321599091e-05, 4.18927265855e-05, 6.97732684785e-05, 3.84990453313e-05, 2.45336032094e-05, 1.35243562909e-05, 1.78476500423e-06, 5.20083460742e-07, 2.12017056356e-07, 1.37087056373e-07, 4.10276257412e-08, 6.35237418223e-09, 1.17692489088e-09], "dmean2": [5.9828164467e-07, 0.000203194183996, 0.000353674055077, 0.00119626813103, 0.00279691000469, 0.00240679364651, 0.00250001763925, 0.00158318749163, 0.00125696905889, 0.000367462314898, 0.000244206748903, 0.000146570906509, 0.00010584017582, 6.21184881311e-05, 0.000100499513792, 7.04345729901e-05, 0.000113999660243, 6.29743517493e-05, 3.90090790461e-05, 2.08786441362e-05, 2.78699167211e-06, 8.31941122215e-07, 3.57539846618e-07, 2.35959944916e-07, 6.89821959554e-08, 1.09949551685e-08, 2.16488027505e-09], "dvar": [5.47829360001e-13, 7.17412049767e-08, 1.73887826804e-07, 1.01812679532e-06, 4.71876592201e-06, 5.27152633367e-06, 7.66209177527e-06, 4.41107977167e-06, 7.13997224011e-06, 6.82660584062e-07, 1.72147949229e-07, 9.43124547348e-08, 3.49099487096e-08, 6.96852753279e-09, 2.11653539139e-08, 8.39930347496e-09, 2.97918525405e-08, 6.83894985087e-09, 3.32704597206e-09, 3.43230888156e-09, 4.3498361163e-11, 3.34370812288e-12, 3.32124003863e-13, 1.25947470227e-13, 1.49732589066e-14, 3.16008960849e-16, 2.77313251616e-18], "dvar2": [6.15541905641e-13, 1.00103243028e-07, 4.02080587492e-07, 2.94299934467e-06, 1.26585609905e-05, 1.27067505673e-05, 1.98306879611e-05, 7.70986662246e-06, 9.29765519686e-06, 1.00223803656e-06, 2.88954282723e-07, 1.70829366652e-07, 8.30985342759e-08, 1.78120025396e-08, 5.65745708059e-08, 2.26368648271e-08, 6.52741007912e-08, 1.58198307787e-08, 7.08512493119e-09, 6.62513066629e-09, 8.85386070015e-11, 6.82362413101e-12, 9.37357613404e-13, 3.6034174776e-13, 4.14408870446e-14, 9.22973474382e-16, 8.90782364416e-18], "max": [3.7899313611e-05, 0.00670376606286, 0.00690735224634, 0.0147198457271, 0.0261351726949, 0.0439404882491, 0.0524743050337, 0.0544908046722, 0.0508738420904, 0.0278162024915, 0.0207385979593, 0.0124353179708, 0.00873197242618, 0.00205067847855, 0.00419857120141, 0.00303455162793, 0.00470402929932, 0.00238252803683, 0.0014698037412, 0.00216858950444, 0.000248151365668, 9.98273899313e-05, 1.75904660864e-05, 1.1098180039e-05, 4.06050003221e-06, 5.50410788946e-07, 1.64486060328e-08], "mean": [7.02990837453e-06, 0.00102890434209, 0.00088091485668, 0.00134807138238, 0.00435172906145, 0.00538665475324, 0.00345375109464, 0.00387573265471, 0.00332801276818, 0.000867063587066, 0.000459417497041, 0.000263649359113, 0.000117265131848, 7.80888294685e-05, 0.00011838266073, 8.31318466226e-05, 0.000157784597832, 8.97011341294e-05, 6.19921775069e-05, 3.15056749969e-05, 5.16895488545e-06, 1.72337126969e-06, 9.19785918541e-07, 5.61065235161e-07, 1.95137957348e-07, 2.64489905533e-08, 1.15909837284e-09], "median": [4.31955959357e-06, 0.000795796979219, 0.000587795977481, 0.000728795188479, 0.00333135807887, 0.00349444011226, 0.00128815008793, 0.00191664230078, 0.000643926905468, 0.000183890966582, 0.000172910135007, 8.07467731647e-05, 4.65293123852e-05, 3.86985921068e-05, 5.00130481669e-05, 4.42986856797e-05, 7.89084951975e-05, 4.91407627123e-05, 3.0984840123e-05, 9.39003712119e-06, 1.44126772739e-06, 4.8031785127e-07, 3.3106562114e-07, 1.68751839169e-07, 4.75018850921e-08, 1.06322097793e-08, 5.42818345828e-10], "min": [2.16327984975e-23, 4.72376820468e-23, 1.97277743532e-24, 1.94243650384e-23, 4.68138018389e-23, 3.32984151882e-23, 3.55018551578e-23, 1.36791920399e-23, 2.97131401927e-23, 1.29322512032e-22, 2.71273267206e-23, 1.06399514169e-22, 1.24582265785e-22, 1.05955417034e-22, 7.30604915766e-23, 1.81940910183e-22, 2.49917597123e-22, 1.50178896271e-22, 3.53134126958e-22, 2.89549767052e-22, 6.00426950347e-22, 3.00526949564e-22, 7.53300772175e-22, 8.86592112841e-22, 1.18207694118e-21, 1.68909039101e-21, 2.67231662683e-21], "var": [6.5517209713e-11, 8.63091884185e-07, 9.02982890238e-07, 2.99322664432e-06, 1.42618619066e-05, 3.30477487296e-05, 2.44626880885e-05, 3.16048863169e-05, 4.0743212594e-05, 6.19186675976e-06, 1.13791429612e-06, 5.50782885966e-07, 1.12627290605e-07, 2.05316954549e-08, 5.25233261328e-08, 2.82445959954e-08, 9.7235648866e-08, 2.30035634985e-08, 1.23235830429e-08, 9.23529075436e-09, 1.64271082848e-10, 1.86321010703e-11, 4.39383902526e-12, 1.65949762612e-12, 2.39432605686e-13, 3.6129004519e-15, 2.63293264016e-18]}, "erbbands": {"dmean": [0.00114178587683, 0.0544923432171, 0.287446558475, 0.941904366016, 5.11254882812, 5.98724269867, 9.23549938202, 16.6971149445, 18.6978912354, 21.2694206238, 25.4824981689, 22.5530147552, 13.013253212, 10.8893127441, 4.22048139572, 4.10623455048, 3.01105904579, 2.28783416748, 2.31086778641, 2.09717130661, 2.37865233421, 3.05057621002, 2.59368729591, 1.29916763306, 1.33433890343, 0.532403588295, 0.111997164786, 0.0527125895023, 0.0196637008339, 0.00888515263796, 0.00591397751123, 0.00421228120103, 0.00171162432525, 0.000645793625154, 0.000194976164494, 5.07196236867e-05, 5.7659108279e-06, 9.71601707533e-07, 2.41110706156e-06, 5.68151017433e-06], "dmean2": [0.00115795002785, 0.0641065388918, 0.411774843931, 1.62910699844, 8.87845516205, 9.48719406128, 14.5176086426, 24.221944809, 30.4587230682, 32.4602470398, 33.2853164673, 26.9517669678, 15.6534519196, 14.6002159119, 5.85779619217, 6.02282047272, 4.90013456345, 3.69944310188, 3.80532956123, 3.47086906433, 3.98048830032, 4.92865657806, 4.1987195015, 2.15711569786, 2.08652663231, 0.833623349667, 0.178413569927, 0.0790728181601, 0.0313077047467, 0.0149626210332, 0.0100867962465, 0.00727535830811, 0.00293892552145, 0.00108762877062, 0.000326152599882, 8.64845933393e-05, 9.6849134934e-06, 1.66128847923e-06, 3.54873600372e-06, 8.42112331156e-06], "dvar": [2.16673515752e-06, 0.00691003678367, 0.237171903253, 2.00256443024, 49.8008270264, 75.892074585, 242.681518555, 631.025939941, 992.678161621, 1227.82336426, 2465.05371094, 4386.48144531, 1204.05712891, 1051.92419434, 91.2325744629, 192.582305908, 67.4776153564, 28.5573787689, 21.8512229919, 25.3359222412, 34.3979187012, 55.5756416321, 35.6006851196, 6.26896715164, 16.5316429138, 6.35995960236, 0.155471041799, 0.0708988979459, 0.004965452943, 0.00076770799933, 0.00021683263185, 0.000101201127109, 2.56742005149e-05, 4.01569241149e-06, 3.65321881191e-07, 2.18009148512e-08, 1.55609733432e-10, 1.76403531539e-12, 8.756678542e-12, 4.84845011361e-11], "dvar2": [2.63408833234e-06, 0.0102150151506, 0.507271885872, 5.59832048416, 156.881607056, 191.99697876, 585.368530273, 1497.22387695, 2330.28271484, 2713.30053711, 4103.92529297, 5554.89501953, 1617.46240234, 1567.5736084, 158.008026123, 352.408294678, 151.395812988, 71.9390563965, 58.3265991211, 67.6281280518, 94.8901901245, 122.292625427, 78.4537506104, 16.2869167328, 33.4015693665, 12.966917038, 0.351852834225, 0.131713435054, 0.0110576106235, 0.00215320358984, 0.000617365760263, 0.000294295634376, 7.67809106037e-05, 1.12356447062e-05, 1.03312447663e-06, 6.3189993682e-08, 4.45679410044e-10, 4.9777304674e-12, 1.58070587869e-11, 8.98184651654e-11], "max": [0.0435884408653, 2.01745438576, 8.41704463959, 21.8634700775, 73.7394866943, 108.749786377, 238.927124023, 539.445007324, 589.997192383, 839.161865234, 1494.99353027, 1471.51818848, 747.269348145, 1281.31262207, 394.034515381, 632.472412109, 351.398345947, 163.12562561, 122.641700745, 146.834762573, 208.387969971, 280.990020752, 145.478820801, 53.0500450134, 101.54624939, 88.3157577515, 14.1737308502, 11.8797655106, 2.87162876129, 0.725573301315, 0.417996257544, 0.268385052681, 0.149116754532, 0.0746657773852, 0.0176682509482, 0.00491428468376, 0.000543355650734, 3.9756665501e-05, 5.77939572395e-05, 0.000131466062157], "mean": [0.00857117213309, 0.299530565739, 1.23761236668, 2.11736321449, 11.8098430634, 13.209145546, 24.6249504089, 53.492099762, 48.2637748718, 60.7224273682, 88.1491622925, 73.9493331909, 42.3129196167, 33.6062545776, 12.5839128494, 11.4700784683, 6.60899400711, 4.90475082397, 5.02531719208, 4.88395452499, 5.52939271927, 7.43422985077, 6.38749265671, 3.33915066719, 3.43359732628, 1.29684627056, 0.3235001266, 0.160287514329, 0.0662435218692, 0.0354900360107, 0.0260687246919, 0.0164495259523, 0.00696835387498, 0.00296653737314, 0.000958615681157, 0.0002444620186, 3.28651913151e-05, 3.98726024287e-06, 1.27117336888e-05, 2.93379689538e-05], "median": [0.00790648348629, 0.224952071905, 0.85404419899, 1.33203434944, 7.4116897583, 8.65174102783, 14.5668506622, 31.0367889404, 23.3778266907, 37.3839645386, 41.0175247192, 19.2223033905, 12.32072258, 8.40006160736, 5.8877696991, 3.58098816872, 2.61065912247, 2.58831977844, 2.66751980782, 2.5106420517, 2.92756605148, 3.85268163681, 3.43683338165, 2.04973983765, 1.26583898067, 0.442747145891, 0.105184830725, 0.039689309895, 0.0195976123214, 0.00827390048653, 0.0101061630994, 0.00625575799495, 0.00144972628914, 0.000653910043184, 0.000296937767416, 0.000103828722786, 1.78951995622e-05, 2.50297466664e-06, 1.15538132377e-05, 2.66959796136e-05], "min": [2.46168081918e-21, 6.48328452534e-21, 3.7023335982e-21, 2.96652364691e-20, 8.26228385496e-20, 2.09558724791e-19, 1.4693540093e-19, 3.83528805058e-19, 5.99670065142e-19, 3.24574479578e-19, 3.31999873142e-19, 7.09735286135e-19, 3.13130627089e-18, 2.74759186718e-18, 1.55789997156e-18, 4.09940289106e-18, 5.96826445671e-18, 6.30813684038e-18, 3.52813334846e-18, 5.85096031968e-18, 1.23553651991e-17, 1.26932784055e-17, 7.20111925707e-18, 1.6808048658e-17, 1.63548579071e-17, 1.45475460236e-17, 2.98454805205e-17, 1.61421434495e-17, 9.57133581917e-18, 1.65793282555e-17, 2.18114193379e-17, 2.01729019302e-17, 1.36866627642e-17, 1.08963741085e-17, 1.01219576929e-17, 5.36815029897e-18, 3.31960483835e-18, 1.21103015689e-18, 3.77093494988e-19, 4.10553584076e-20], "var": [4.43847493443e-05, 0.0790251940489, 1.63445341587, 5.80753231049, 146.585281372, 193.77557373, 984.785888672, 4252.046875, 4291.80810547, 5291.96777344, 18300.2011719, 24633.6582031, 7017.16357422, 9028.34082031, 600.812011719, 1087.52612305, 280.267700195, 78.7231445312, 60.8518676758, 76.8762512207, 125.315750122, 196.184936523, 128.131484985, 21.7709712982, 58.8800697327, 13.4877386093, 0.459991276264, 0.250056266785, 0.0236606318504, 0.00781259872019, 0.00325105688535, 0.00123947253451, 0.000287733331788, 5.78941580898e-05, 5.56826807951e-06, 2.74559226909e-07, 3.11047299029e-09, 2.35196202791e-11, 6.58899046435e-11, 3.48255591032e-10]}, "gfcc": {"mean": [-132.335968018, 209.558120728, -131.007736206, -6.34851360321, -49.8849487305, -35.1668319702, -27.6681194305, -2.10268259048, -12.3862848282, -17.5422649384, -0.631439745426, -15.8105869293, -3.82659196854], "cov": [[13203.7695312, -2277.97631836, -3562.0769043, 2166.09228516, -1036.26452637, -410.171844482, -673.59552002, 262.559631348, -93.0252685547, -354.027160645, 100.903869629, -124.018249512, 186.743438721], [-2277.97631836, 1895.07751465, 1736.44555664, -411.691833496, 786.162658691, 142.83732605, 505.419158936, -211.895996094, 3.84904074669, 69.8315124512, 113.679077148, 64.9216308594, 13.9012355804], [-3562.0769043, 1736.44555664, 2520.25952148, -701.116455078, 510.107666016, 350.06817627, 321.911529541, -330.414001465, -83.4735183716, 71.3908081055, 81.5821609497, 82.6685562134, -12.9022512436], [2166.09228516, -411.691833496, -701.116455078, 879.250549316, 78.0076217651, -143.651855469, -56.1908302307, 71.4405059814, -0.515581846237, -67.895149231, 30.2014064789, 0.804332494736, 57.2158241272], [-1036.26452637, 786.162658691, 510.107666016, 78.0076217651, 562.395019531, -11.5599040985, 263.541809082, -62.88697052, 21.2198944092, 41.9934120178, 42.0665359497, 35.5693321228, 14.0095300674], [-410.171844482, 142.83732605, 350.06817627, -143.651855469, -11.5599040985, 210.833068848, 32.9511680603, 3.23679685593, 5.76159763336, 7.78029823303, 18.3605213165, -4.15836191177, -15.3250780106], [-673.59552002, 505.419158936, 321.911529541, -56.1908302307, 263.541809082, 32.9511680603, 298.882598877, 79.6423797607, 70.8047332764, 32.8852462769, 39.6361427307, 4.1986541748, 1.79070436954], [262.559631348, -211.895996094, -330.414001465, 71.4405059814, -62.88697052, 3.23679685593, 79.6423797607, 279.95413208, 150.231765747, 0.251279056072, 17.5534267426, -35.8989295959, -2.41775584221], [-93.0252685547, 3.84904074669, -83.4735183716, -0.515581846237, 21.2198944092, 5.76159763336, 70.8047332764, 150.231765747, 139.879150391, 32.2390289307, 15.7733201981, -27.1873378754, -13.2261676788], [-354.027160645, 69.8315124512, 71.3908081055, -67.895149231, 41.9934120178, 7.78029823303, 32.8852462769, 0.251279056072, 32.2390289307, 56.3237037659, 14.0888471603, -3.86223721504, -15.8602437973], [100.903869629, 113.679077148, 81.5821609497, 30.2014064789, 42.0665359497, 18.3605213165, 39.6361427307, 17.5534267426, 15.7733201981, 14.0888471603, 62.6965446472, 18.802066803, 5.9603266716], [-124.018249512, 64.9216308594, 82.6685562134, 0.804332494736, 35.5693321228, -4.15836191177, 4.1986541748, -35.8989295959, -27.1873378754, -3.86223721504, 18.802066803, 48.3649711609, 23.3238677979], [186.743438721, 13.9012355804, -12.9022512436, 57.2158241272, 14.0095300674, -15.3250780106, 1.79070436954, -2.41775584221, -13.2261676788, -15.8602437973, 5.9603266716, 23.3238677979, 52.4820594788]], "icov": [[0.000519950583111, -0.00178001797758, 0.00107312295586, -0.00144732615445, 0.00228879926726, -0.000532210164238, 0.00072913011536, -4.79106456623e-05, 0.000544619048014, 3.80597302865e-05, -0.000479757058201, 0.000816593994386, -0.000490065955091], [-0.00178001797758, 0.0165841057897, -0.00677574938163, 0.00894587021321, -0.0158070530742, 0.00385905755684, -0.00978092104197, 0.00983559340239, -0.00960784032941, 0.0124332923442, -0.011817603372, 0.00664515048265, -0.00361932814121], [0.00107312295586, -0.00677574938163, 0.00443500420079, -0.00335918087512, 0.0063785854727, -0.00321191293187, 0.00293401442468, -0.000917499535717, 0.00231823208742, -0.00235266447999, 0.00176791241392, -0.00123279809486, 0.000166155747138], [-0.00144732615445, 0.00894587021321, -0.00335918087512, 0.00798260327429, -0.0110201304778, 0.00238793180324, -0.00377360195853, 0.00390946958214, -0.00447758380324, 0.00757394684479, -0.00670678773895, 0.00324217882007, -0.00231893849559], [0.00228879926726, -0.0158070530742, 0.0063785854727, -0.0110201304778, 0.021541396156, -0.002856713254, 0.00407992629334, -0.00457198824733, 0.0059435586445, -0.0109310215339, 0.00956535059959, -0.00588196981698, 0.00241299089976], [-0.000532210164238, 0.00385905755684, -0.00321191293187, 0.00238793180324, -0.002856713254, 0.00853434856981, -0.00183739326894, -0.000275498459814, -0.000634880852886, 0.00249326997437, -0.00372079806402, 0.00269342819229, 0.000602309475653], [0.00072913011536, -0.00978092104197, 0.00293401442468, -0.00377360195853, 0.00407992629334, -0.00183739326894, 0.0158255528659, -0.0126435002312, 0.00851351767778, -0.00976401567459, 0.00680367974564, -0.0035042478703, 0.00206298963167], [-4.79106456623e-05, 0.00983559340239, -0.000917499535717, 0.00390946958214, -0.00457198824733, -0.000275498459814, -0.0126435002312, 0.0265615861863, -0.0239596348256, 0.0205497462302, -0.0156250745058, 0.00970885716379, -0.00649554096162], [0.000544619048014, -0.00960784032941, 0.00231823208742, -0.00447758380324, 0.0059435586445, -0.000634880852886, 0.00851351767778, -0.0239596348256, 0.0341403149068, -0.023179249838, 0.00970615725964, -0.00077733543003, 0.00373425963335], [3.80597302865e-05, 0.0124332923442, -0.00235266447999, 0.00757394684479, -0.0109310215339, 0.00249326997437, -0.00976401567459, 0.0205497462302, -0.023179249838, 0.0480287112296, -0.0248423554003, 0.0128762004897, -0.00156649469864], [-0.000479757058201, -0.011817603372, 0.00176791241392, -0.00670678773895, 0.00956535059959, -0.00372079806402, 0.00680367974564, -0.0156250745058, 0.00970615725964, -0.0248423554003, 0.0438519343734, -0.025973867625, 0.00949344038963], [0.000816593994386, 0.00664515048265, -0.00123279809486, 0.00324217882007, -0.00588196981698, 0.00269342819229, -0.0035042478703, 0.00970885716379, -0.00077733543003, 0.0128762004897, -0.025973867625, 0.0485519729555, -0.0205121207982], [-0.000490065955091, -0.00361932814121, 0.000166155747138, -0.00231893849559, 0.00241299089976, 0.000602309475653, 0.00206298963167, -0.00649554096162, 0.00373425963335, -0.00156649469864, 0.00949344038963, -0.0205121207982, 0.0319930873811]]}, "melbands": {"dmean": [2.80033018498e-05, 0.000121347460663, 0.000317364087095, 0.000344832980772, 0.000311709445668, 0.00034276075894, 0.000314794539008, 0.000233012062381, 0.000209132544114, 0.000150952691911, 6.24028107268e-05, 4.42898272013e-05, 1.56801652338e-05, 1.12263041956e-05, 9.0483299573e-06, 7.21058404451e-06, 4.35365700469e-06, 3.07530353894e-06, 5.22034088135e-06, 3.14144358526e-06, 3.04877335111e-06, 3.45291141457e-06, 3.41092800227e-06, 1.85929638974e-06, 1.11331144126e-06, 1.11652047963e-06, 8.25882295885e-07, 3.06869793576e-07, 8.76174439668e-08, 4.68484948613e-08, 2.89386274943e-08, 1.39869422711e-08, 8.31050428474e-09, 5.06990183169e-09, 3.88292331621e-09, 3.87368626065e-09, 2.63074872997e-09, 1.63083813121e-09, 9.01384467067e-10, 5.43240619155e-10], "dmean2": [3.08972266794e-05, 0.000165826480952, 0.000555121689104, 0.000566417176742, 0.000497218978126, 0.000499992805999, 0.000519371475093, 0.000352591829142, 0.000269849522738, 0.000178776012035, 7.58413807489e-05, 5.95004821662e-05, 2.17807209992e-05, 1.63283621077e-05, 1.35296295412e-05, 1.20668491945e-05, 7.01420276528e-06, 5.01446402268e-06, 8.64969297254e-06, 5.28591999682e-06, 5.11294592798e-06, 5.66079734199e-06, 5.49681317352e-06, 3.06611855194e-06, 1.87878197266e-06, 1.76264961738e-06, 1.28248325382e-06, 4.93732102314e-07, 1.4423636685e-07, 7.24344388914e-08, 4.36514824287e-08, 2.23961702517e-08, 1.42332607922e-08, 8.52868886625e-09, 6.62539934027e-09, 6.70235911215e-09, 4.52419479657e-09, 2.80234524475e-09, 1.54710189104e-09, 9.1631607857e-10], "dvar": [1.63234237238e-09, 4.02021846924e-08, 2.03088873718e-07, 2.11248860182e-07, 2.30718427474e-07, 2.49769470884e-07, 2.89223322625e-07, 1.46189506722e-07, 1.64089243526e-07, 2.09659191341e-07, 2.89797359443e-08, 1.90084694651e-08, 1.15916154453e-09, 9.62021129425e-10, 1.036823849e-09, 6.22843498999e-10, 9.6778571268e-11, 3.52468748632e-11, 2.17085571741e-10, 3.33888923454e-11, 5.99764057863e-11, 6.33847904719e-11, 1.16189793897e-10, 1.4544097697e-11, 4.80715727641e-12, 9.77550158876e-12, 1.02668958404e-11, 2.33924186445e-12, 9.94943399044e-14, 3.95655086656e-14, 1.90137568369e-14, 2.54202528405e-15, 6.66872321626e-16, 2.59893319261e-16, 9.87329992158e-17, 9.18217000572e-17, 4.22802418235e-17, 2.41947268603e-17, 7.5558498725e-18, 3.19701419003e-18], "dvar2": [2.19277240809e-09, 7.839847882e-08, 6.2023798364e-07, 5.62708237339e-07, 5.76250897666e-07, 6.01775127507e-07, 7.1804856816e-07, 3.03828755932e-07, 2.65178016434e-07, 2.65268425892e-07, 3.92212271549e-08, 2.7900497912e-08, 2.02552841166e-09, 1.82344117583e-09, 1.7730180657e-09, 1.470201072e-09, 2.49710058187e-10, 9.404332868e-11, 5.83181503089e-10, 8.90712156809e-11, 1.66355706988e-10, 1.47398482309e-10, 2.4007798527e-10, 3.48049297716e-11, 1.27334410377e-11, 2.02106126973e-11, 1.96142772163e-11, 5.25242609822e-12, 2.42215454508e-13, 7.0423098505e-14, 3.59636331945e-14, 5.69980455724e-15, 1.91848155641e-15, 7.20386592684e-16, 2.79815719469e-16, 2.70938470075e-16, 1.22380365776e-16, 7.25081511022e-17, 2.23857870855e-17, 8.70647712972e-18], "max": [0.00104364915751, 0.00394020602107, 0.0057475483045, 0.00606479914859, 0.00728683685884, 0.0105258738622, 0.00908935256302, 0.0104823615402, 0.0113241979852, 0.00999194663018, 0.0037074284628, 0.00496847601607, 0.00132895447314, 0.00138833315577, 0.00137369986624, 0.00118869368453, 0.00023528712336, 0.000171700012288, 0.000450041989097, 0.000172270476469, 0.000258544576354, 0.000351706985384, 0.000389755150536, 8.13950100564e-05, 4.58656832052e-05, 8.7635955424e-05, 0.000142054705066, 4.90364363941e-05, 1.17518620755e-05, 9.87000112218e-06, 4.6367053983e-06, 2.08067899621e-06, 5.88862917539e-07, 4.25750585009e-07, 2.66437496066e-07, 2.33019562756e-07, 1.71130508875e-07, 1.26263174138e-07, 8.40628615606e-08, 6.25947080835e-08], "mean": [0.000168590442627, 0.000573346856982, 0.000716615875717, 0.000894088880159, 0.00081724015763, 0.00110466685146, 0.000771436316427, 0.000683990772814, 0.000689576088917, 0.000478085363284, 0.000198033987544, 0.000132805187604, 4.36205991718e-05, 2.99626863125e-05, 2.40396020672e-05, 1.29543323055e-05, 8.45691192808e-06, 6.44883812129e-06, 9.94644142338e-06, 5.83578093938e-06, 6.4264163484e-06, 7.60319790061e-06, 7.94142670202e-06, 4.18518084189e-06, 2.41451948568e-06, 2.58833756561e-06, 1.90937612388e-06, 6.21449316895e-07, 2.06439509043e-07, 1.26794731159e-07, 7.62075273997e-08, 3.94201506992e-08, 2.49947049724e-08, 1.69503220349e-08, 1.46641463417e-08, 1.3535026433e-08, 8.70281446907e-09, 5.22048493323e-09, 3.28768479108e-09, 2.18356888126e-09], "median": [0.000140091826324, 0.000403234938858, 0.000466517813038, 0.000631025177427, 0.000512815080583, 0.000685670878738, 0.000349911046214, 0.000425473321229, 0.000295614765491, 9.47812513914e-05, 5.333585068e-05, 2.64793488896e-05, 1.95895809156e-05, 1.17082518045e-05, 5.7333472796e-06, 3.58533907274e-06, 4.08840514865e-06, 3.68481505575e-06, 3.81323479814e-06, 3.43426972904e-06, 3.18507227348e-06, 4.01362012781e-06, 3.45620219377e-06, 2.4153969207e-06, 1.39107942232e-06, 1.00609815945e-06, 5.74793602937e-07, 1.93403593585e-07, 6.5426512208e-08, 3.11952987886e-08, 1.80999641941e-08, 1.18277760919e-08, 5.70087932417e-09, 3.68231622971e-09, 5.34189226187e-09, 5.56690338271e-09, 2.80905254613e-09, 8.2641671284e-10, 6.60659082996e-10, 4.5873521648e-10], "min": [1.84154640055e-23, 3.79778978461e-24, 7.0339610918e-24, 1.03344044468e-23, 6.60172408587e-24, 8.50219926379e-24, 8.26636219642e-24, 3.43293372734e-24, 2.78897651243e-24, 4.79334999637e-24, 1.63685545499e-23, 1.20448110838e-23, 4.24624577074e-24, 8.06574382417e-24, 1.28485017852e-23, 1.56435235359e-23, 1.06628387961e-23, 5.34702464447e-24, 6.84780490652e-24, 9.64461500495e-24, 1.5492011755e-23, 1.4379069435e-23, 7.13652010923e-24, 7.57807159029e-24, 1.40997464102e-23, 1.44215559056e-23, 8.90847446289e-24, 9.24333408424e-24, 1.81571073258e-23, 1.42612435925e-23, 8.21466971903e-24, 5.29118709745e-24, 5.19068148496e-24, 1.13538951486e-23, 1.29425726593e-23, 1.20156839726e-23, 1.22898620465e-23, 9.56991934356e-24, 8.42281382431e-24, 9.33369100119e-24], "var": [2.04793622061e-08, 3.26164865783e-07, 5.50390495846e-07, 6.71639384109e-07, 8.99835015389e-07, 1.64996481544e-06, 1.10558733013e-06, 7.01475414644e-07, 1.13361249987e-06, 1.14717227007e-06, 1.67416189356e-07, 1.64574089467e-07, 7.49983541937e-09, 4.88510432106e-09, 7.11532521791e-09, 2.01285343948e-09, 2.50694742743e-10, 9.39592292859e-11, 5.18688814122e-10, 8.08299954747e-11, 1.98226379755e-10, 1.93332794218e-10, 4.38537678393e-10, 4.51264685342e-11, 1.32694220195e-11, 3.60887465745e-11, 3.15868234346e-11, 4.39906227764e-12, 2.26667046677e-13, 1.52088438414e-13, 5.89213126532e-14, 9.57423024325e-15, 3.67085275209e-15, 1.986290779e-15, 1.08685116215e-15, 7.98785685881e-16, 3.81658699412e-16, 1.75361919284e-16, 6.55302936827e-17, 3.68292440095e-17]}, "mfcc": {"mean": [-756.076171875, 219.791397095, -13.1196146011, 22.2514667511, -8.28860664368, -26.6080760956, -10.2327051163, -2.43043398857, -10.1420917511, -0.354650884867, -5.64933490753, -1.86549651623, -3.69439291954], "cov": [[8416.96386719, 240.69152832, -3520.94555664, 851.183288574, -200.846252441, -945.822631836, -533.927246094, -53.7062263489, -316.593780518, -44.8513221741, -344.904022217, -158.78692627, -245.424819946], [240.69152832, 1708.11401367, 655.02166748, 309.68447876, 348.273620605, 314.546051025, 413.946899414, 162.996124268, 48.0008125305, 75.424621582, 109.004875183, 96.2233047485, 75.7101669312], [-3520.94555664, 655.02166748, 2272.79833984, -355.892150879, 117.664283752, 659.824707031, 372.54989624, 18.2970275879, 40.6237449646, -66.9157562256, 125.003852844, 57.9412918091, 120.828117371], [851.183288574, 309.68447876, -355.892150879, 589.653442383, 299.720855713, -31.1069259644, 113.332382202, 92.8939590454, 38.7924423218, 54.0850067139, -0.124705582857, 41.5829963684, 15.3200778961], [-200.846252441, 348.273620605, 117.664283752, 299.720855713, 362.493530273, 127.388786316, 154.552749634, 57.0122680664, 34.0142326355, 24.7097682953, 22.8758525848, 36.7954483032, 37.4967002869], [-945.822631836, 314.546051025, 659.824707031, -31.1069259644, 127.388786316, 313.587615967, 184.180236816, 2.99765324593, 4.28469276428, -36.3894348145, 47.1086463928, 29.6456184387, 38.3468208313], [-533.927246094, 413.946899414, 372.54989624, 113.332382202, 154.552749634, 184.180236816, 250.077270508, 96.7975540161, 65.3486557007, 30.7449264526, 54.0765914917, 59.8944740295, 55.8492660522], [-53.7062263489, 162.996124268, 18.2970275879, 92.8939590454, 57.0122680664, 2.99765324593, 96.7975540161, 161.600616455, 114.210494995, 96.8925094604, 62.1890106201, 57.6904296875, 34.1925430298], [-316.593780518, 48.0008125305, 40.6237449646, 38.7924423218, 34.0142326355, 4.28469276428, 65.3486557007, 114.210494995, 157.187347412, 120.72505188, 80.1749801636, 53.99584198, 23.6946525574], [-44.8513221741, 75.424621582, -66.9157562256, 54.0850067139, 24.7097682953, -36.3894348145, 30.7449264526, 96.8925094604, 120.72505188, 159.422927856, 93.9466934204, 52.4512138367, 11.5080394745], [-344.904022217, 109.004875183, 125.003852844, -0.124705582857, 22.8758525848, 47.1086463928, 54.0765914917, 62.1890106201, 80.1749801636, 93.9466934204, 128.390670776, 75.4355697632, 16.163105011], [-158.78692627, 96.2233047485, 57.9412918091, 41.5829963684, 36.7954483032, 29.6456184387, 59.8944740295, 57.6904296875, 53.99584198, 52.4512138367, 75.4355697632, 95.679397583, 38.8074378967], [-245.424819946, 75.7101669312, 120.828117371, 15.3200778961, 37.4967002869, 38.3468208313, 55.8492660522, 34.1925430298, 23.6946525574, 11.5080394745, 16.163105011, 38.8074378967, 64.305809021]], "icov": [[0.00147157360334, -0.00159795372747, 0.00230690883473, -0.00139845977537, 0.00225442112423, -0.00193362729624, 0.00259713781998, -0.00185664580204, 0.00233491277322, -0.000611442897934, 0.00266711530276, -0.00114020542242, 0.0013331384398], [-0.00159795372747, 0.00291221658699, -0.00269310665317, 0.00129158515483, -0.00270114443265, 0.0021970178932, -0.00445557711646, 0.0014126469614, -0.0007630281616, -0.000399117154302, -0.00317757413723, 0.00137223256752, -0.00106821849477], [0.00230690883473, -0.00269310665317, 0.00513574713841, -0.00140890816692, 0.00366866285913, -0.00573243014514, 0.00403957581148, -0.00299782538787, 0.00313136400655, -0.000470935832709, 0.00345890386961, -0.000778594985604, 0.000556643179152], [-0.00139845977537, 0.00129158515483, -0.00140890816692, 0.00601856550202, -0.00577774830163, 0.00301129207946, -0.00400842074305, 0.000895432545803, -0.00152817356866, 0.000203714822419, -0.00127434299793, -0.000370394729543, 4.47550291938e-06], [0.00225442112423, -0.00270114443265, 0.00366866285913, -0.00577774830163, 0.0106819327921, -0.00622348440811, 0.00389011856169, -0.00205385033041, 0.00290099321865, -0.00170045159757, 0.00444925948977, -0.000889692339115, 0.000117505820526], [-0.00193362729624, 0.0021970178932, -0.00573243014514, 0.00301129207946, -0.00622348440811, 0.0181461218745, -0.0110161919147, 0.00615702243522, -0.00345626100898, 0.00532194692641, -0.00851259380579, 0.00234917411581, 0.00023200220312], [0.00259713781998, -0.00445557711646, 0.00403957581148, -0.00400842074305, 0.00389011856169, -0.0110161919147, 0.0210632737726, -0.00882864091545, 0.00130727502983, 0.000378672702936, 0.00690405350178, -0.00397941656411, -0.000658868229948], [-0.00185664580204, 0.0014126469614, -0.00299782538787, 0.000895432545803, -0.00205385033041, 0.00615702243522, -0.00882864091545, 0.0209287237376, -0.0121508128941, -0.000887881033123, -0.00270305527374, -0.000277150887996, -0.00378139480017], [0.00233491277322, -0.0007630281616, 0.00313136400655, -0.00152817356866, 0.00290099321865, -0.00345626100898, 0.00130727502983, -0.0121508128941, 0.0278001856059, -0.0140238851309, 0.00382299185731, -0.00220441189595, 0.00262049469166], [-0.000611442897934, -0.000399117154302, -0.000470935832709, 0.000203714822419, -0.00170045159757, 0.00532194692641, 0.000378672702936, -0.000887881033123, -0.0140238851309, 0.0260731112212, -0.0155988093466, 0.00563549716026, -0.00204501138069], [0.00266711530276, -0.00317757413723, 0.00345890386961, -0.00127434299793, 0.00444925948977, -0.00851259380579, 0.00690405350178, -0.00270305527374, 0.00382299185731, -0.0155988093466, 0.0354292243719, -0.02179935202, 0.011281025596], [-0.00114020542242, 0.00137223256752, -0.000778594985604, -0.000370394729543, -0.000889692339115, 0.00234917411581, -0.00397941656411, -0.000277150887996, -0.00220441189595, 0.00563549716026, -0.02179935202, 0.0317394509912, -0.0155658917502], [0.0013331384398, -0.00106821849477, 0.000556643179152, 4.47550291938e-06, 0.000117505820526, 0.00023200220312, -0.000658868229948, -0.00378139480017, 0.00262049469166, -0.00204501138069, 0.011281025596, -0.0155658917502, 0.0291840210557]]}, "spectral_contrast_coeffs": {"dmean": [0.0401394441724, 0.0359268523753, 0.0288921184838, 0.0246037188917, 0.0180375073105, 0.0186914019287], "dmean2": [0.0669536665082, 0.0575500577688, 0.0447280518711, 0.041171271354, 0.0300380289555, 0.032459884882], "dvar": [0.00101140758488, 0.000877001089975, 0.000686527637299, 0.000386456085835, 0.00022856896976, 0.000469169433927], "dvar2": [0.00281623750925, 0.00221789092757, 0.00147304066923, 0.00102634727955, 0.000578984094318, 0.00139624788426], "max": [-0.211186975241, -0.393940776587, -0.435623586178, -0.570049405098, -0.591424882412, -0.59541451931], "mean": [-0.570425570011, -0.683028578758, -0.708351492882, -0.758689880371, -0.775100708008, -0.790420532227], "median": [-0.580994725227, -0.686141014099, -0.716322779655, -0.762079715729, -0.768591165543, -0.777559638023], "min": [-0.96947145462, -0.989411771297, -0.956073522568, -0.964654386044, -0.967013001442, -0.966273128986], "var": [0.0117236422375, 0.00558150885627, 0.00571135990322, 0.00222791358829, 0.00234820158221, 0.0038229720667]}, "spectral_contrast_valleys": {"dmean": [0.323976308107, 0.26743683219, 0.24425111711, 0.206635281444, 0.162918835878, 0.288614690304], "dmean2": [0.537424981594, 0.430775165558, 0.396024942398, 0.347805261612, 0.278992891312, 0.510218918324], "dvar": [0.124805144966, 0.106908351183, 0.0947844833136, 0.086897149682, 0.0867058113217