{"lowlevel": {"average_loudness": 0.933946788311, "barkbands_crest": {"dmean": 3.1368868351, "dmean2": 5.00093269348, "dvar": 7.85901880264, "dvar2": 17.9905567169, "max": 25.7797832489, "mean": 10.1213703156, "median": 9.1050901413, "min": 2.94809055328, "var": 19.6925182343}, "barkbands_flatness_db": {"dmean": 0.0287708435208, "dmean2": 0.0417017042637, "dvar": 0.000748350401409, "dvar2": 0.00152838113718, "max": 0.451941043139, "mean": 0.12580037117, "median": 0.116853766143, "min": 0.0253987722099, "var": 0.00275722867809}, "barkbands_kurtosis": {"dmean": 3.97646093369, "dmean2": 6.10435009003, "dvar": 55.9056015015, "dvar2": 119.765022278, "max": 230.556503296, "mean": 4.58090782166, "median": 1.95993185043, "min": -1.90235102177, "var": 112.916893005}, "barkbands_skewness": {"dmean": 0.720774054527, "dmean2": 1.05761885643, "dvar": 0.53503292799, "dvar2": 1.2299182415, "max": 13.2762804031, "mean": 1.53121650219, "median": 1.35619258881, "min": -2.56319952011, "var": 1.53103482723}, "barkbands_spread": {"dmean": 8.40246295929, "dmean2": 12.55975914, "dvar": 70.700881958, "dvar2": 147.428268433, "max": 145.733016968, "mean": 24.1745128632, "median": 22.4761295319, "min": 0.699603974819, "var": 205.344894409}, "dissonance": {"dmean": 0.0280107483268, "dmean2": 0.0476123802364, "dvar": 0.000839030486532, "dvar2": 0.00230207946151, "max": 0.5, "mean": 0.448651492596, "median": 0.456944048405, "min": 0.200550749898, "var": 0.00141254451592}, "dynamic_complexity": 3.30558800697, "erbbands_crest": {"dmean": 3.56048130989, "dmean2": 5.72381925583, "dvar": 10.5713758469, "dvar2": 27.0241966248, "max": 32.3750152588, "mean": 11.0906839371, "median": 9.8459777832, "min": 2.50145626068, "var": 27.0619449615}, "erbbands_flatness_db": {"dmean": 0.0296589341015, "dmean2": 0.0417174510658, "dvar": 0.000837274885271, "dvar2": 0.00158453348558, "max": 0.508942723274, "mean": 0.164590284228, "median": 0.156649082899, "min": 0.0354171618819, "var": 0.00314726377837}, "erbbands_kurtosis": {"dmean": 1.64219582081, "dmean2": 2.6856303215, "dvar": 13.2438774109, "dvar2": 32.0970191956, "max": 61.0064849854, "mean": 0.85725325346, "median": -0.392547130585, "min": -1.81891310215, "var": 17.2740840912}, "erbbands_skewness": {"dmean": 0.540428698063, "dmean2": 0.838780403137, "dvar": 0.249710544944, "dvar2": 0.602421164513, "max": 4.77182531357, "mean": 0.61144554615, "median": 0.54285556078, "min": -3.60375523567, "var": 0.805059611797}, "erbbands_spread": {"dmean": 11.0480804443, "dmean2": 16.7062969208, "dvar": 109.179763794, "dvar2": 223.255493164, "max": 198.346099854, "mean": 42.1078948975, "median": 41.6957511902, "min": 0.458326458931, "var": 358.698486328}, "hfc": {"dmean": 11.6015081406, "dmean2": 16.5893344879, "dvar": 266.531829834, "dvar2": 566.168884277, "max": 151.265304565, "mean": 18.1771602631, "median": 11.4348335266, "min": 1.11557759634e-16, "var": 448.764129639}, "melbands_crest": {"dmean": 3.88346076012, "dmean2": 6.31404972076, "dvar": 12.5309705734, "dvar2": 31.1203269958, "max": 33.6337776184, "mean": 13.6601266861, "median": 12.4968833923, "min": 2.14107608795, "var": 30.072265625}, "melbands_flatness_db": {"dmean": 0.0333118513227, "dmean2": 0.0482079870999, "dvar": 0.00097462820122, "dvar2": 0.00204540393315, "max": 0.559972405434, "mean": 0.205395892262, "median": 0.197518795729, "min": 0.00677525717765, "var": 0.0038332992699}, "melbands_kurtosis": {"dmean": 7.75484037399, "dmean2": 12.1258935928, "dvar": 181.342437744, "dvar2": 432.29385376, "max": 231.351852417, "mean": 11.8930664062, "median": 7.13364028931, "min": -1.61202049255, "var": 281.483062744}, "melbands_skewness": {"dmean": 0.861972391605, "dmean2": 1.30858767033, "dvar": 0.854831457138, "dvar2": 1.96856486797, "max": 10.4486351013, "mean": 2.42413020134, "median": 2.2291200161, "min": -3.92414569855, "var": 2.04264163971}, "melbands_spread": {"dmean": 9.90052986145, "dmean2": 15.2687177658, "dvar": 139.722061157, "dvar2": 324.154724121, "max": 137.262756348, "mean": 24.3673152924, "median": 20.4113235474, "min": 0.741254806519, "var": 290.783416748}, "pitch_salience": {"dmean": 0.0908918678761, "dmean2": 0.142772242427, "dvar": 0.00617165490985, "dvar2": 0.0153648070991, "max": 0.865697264671, "mean": 0.543046891689, "median": 0.546327054501, "min": 0.181275606155, "var": 0.0125107383355}, "silence_rate_20dB": {"dmean": 0, "dmean2": 0, "dvar": 0, "dvar2": 0, "max": 1, "mean": 1, "median": 1, "min": 1, "var": 0}, "silence_rate_30dB": {"dmean": 0.0182868149132, "dmean2": 0.0365912355483, "dvar": 0.0179523807019, "dvar2": 0.0448811613023, "max": 1, "mean": 0.986531972885, "median": 1, "min": 0, "var": 0.0132865738124}, "silence_rate_60dB": {"dmean": 0.102983638644, "dmean2": 0.206066444516, "dvar": 0.0923775732517, "dvar2": 0.190560624003, "max": 1, "mean": 0.165464162827, "median": 0, "min": 0, "var": 0.138083562255}, "spectral_centroid": {"dmean": 445.651916504, "dmean2": 681.875732422, "dvar": 230722.59375, "dvar2": 481895.375, "max": 11020.8193359, "mean": 1534.27954102, "median": 1396.52380371, "min": 262.109100342, "var": 629663.6875}, "spectral_complexity": {"dmean": 4.16265630722, "dmean2": 5.91141080856, "dvar": 20.5847148895, "dvar2": 42.8588981628, "max": 47, "mean": 13.2405004501, "median": 12, "min": 0, "var": 62.3819122314}, "spectral_decrease": {"dmean": 2.95311419762e-09, "dmean2": 4.52574688836e-09, "dvar": 3.69655071262e-17, "dvar2": 9.03216377948e-17, "max": 4.3044530478e-14, "mean": -4.66786209685e-09, "median": -3.08654635184e-09, "min": -8.56962216744e-08, "var": 4.26864437526e-17}, "spectral_energy": {"dmean": 0.0120402984321, "dmean2": 0.0182875916362, "dvar": 0.000556553946808, "dvar2": 0.00134896626696, "max": 0.329961359501, "mean": 0.0192663036287, "median": 0.0129146287218, "min": 1.02119606757e-20, "var": 0.000664392660838}, "spectral_energyband_high": {"dmean": 0.00113997492008, "dmean2": 0.00168422842398, "dvar": 3.57527460437e-06, "dvar2": 8.06249590823e-06, "max": 0.0187553931028, "mean": 0.00142844615038, "median": 0.000531493569724, "min": 7.65654207733e-21, "var": 5.08205130245e-06}, "spectral_energyband_low": {"dmean": 0.00452297413722, "dmean2": 0.00719201099128, "dvar": 0.000389049906516, "dvar2": 0.000994888134301, "max": 0.272336542606, "mean": 0.00432596728206, "median": 0.000771279563196, "min": 5.04706170521e-23, "var": 0.000332128547598}, "spectral_energyband_middle_high": {"dmean": 0.00159746222198, "dmean2": 0.00226747244596, "dvar": 3.39590928888e-06, "dvar2": 6.84173619447e-06, "max": 0.0203345883638, "mean": 0.00298291188665, "median": 0.0021313438192, "min": 1.26301997704e-21, "var": 8.32766818348e-06}, "spectral_energyband_middle_low": {"dmean": 0.00658801337704, "dmean2": 0.0103803602979, "dvar": 9.27290093387e-05, "dvar2": 0.000215272899368, "max": 0.10141698271, "mean": 0.0109653668478, "median": 0.00714652007446, "min": 2.62956697958e-22, "var": 0.000169830032974}, "spectral_entropy": {"dmean": 0.276363641024, "dmean2": 0.392536193132, "dvar": 0.0705312564969, "dvar2": 0.137365669012, "max": 9.78508377075, "mean": 7.31931209564, "median": 7.35744476318, "min": 4.30855941772, "var": 0.216709956527}, "spectral_flux": {"dmean": 0.0360915511847, "dmean2": 0.0542573370039, "dvar": 0.00186682119966, "dvar2": 0.00400410825387, "max": 0.498664587736, "mean": 0.0786382928491, "median": 0.0681014582515, "min": 1.01054248303e-10, "var": 0.00310673727654}, "spectral_kurtosis": {"dmean": 2.09663486481, "dmean2": 3.27755904198, "dvar": 15.137377739, "dvar2": 26.4167690277, "max": 121.261062622, "mean": 5.14990139008, "median": 3.70855045319, "min": -1.23586368561, "var": 40.0678215027}, "spectral_rms": {"dmean": 0.00122581969481, "dmean2": 0.00173880532384, "dvar": 2.21832033276e-06, "dvar2": 4.71913972433e-06, "max": 0.0179419480264, "mean": 0.00370937492698, "median": 0.00354959676042, "min": 3.15640439133e-12, "var": 5.03695309817e-06}, "spectral_rolloff": {"dmean": 869.90838623, "dmean2": 1476.66723633, "dvar": 1585891.25, "dvar2": 3541381, "max": 18669.2871094, "mean": 1871.15979004, "median": 1033.59375, "min": 21.533203125, "var": 3006321.75}, "spectral_skewness": {"dmean": 0.345681518316, "dmean2": 0.542790353298, "dvar": 0.152779921889, "dvar2": 0.333575963974, "max": 9.49248027802, "mean": 1.4398509264, "median": 1.32514154911, "min": -0.222836717963, "var": 0.49405837059}, "spectral_spread": {"dmean": 875716.5625, "dmean2": 1230406.125, "dvar": 1096071053310.0, "dvar2": 2053900075010.0, "max": 41764888, "mean": 4812372.5, "median": 4537357, "min": 625369.25, "var": 3508279967740.0}, "spectral_strongpeak": {"dmean": 0.710898220539, "dmean2": 1.20161414146, "dvar": 2.14460945129, "dvar2": 5.78029632568, "max": 17.2567005157, "mean": 0.982164442539, "median": 0.638932108879, "min": 0, "var": 1.97766208649}, "zerocrossingrate": {"dmean": 0.0162253659219, "dmean2": 0.0187326502055, "dvar": 0.000285404268652, "dvar2": 0.000393526774133, "max": 0.6552734375, "mean": 0.0762667581439, "median": 0.0712890625, "min": 0.009765625, "var": 0.00173420936335}, "barkbands": {"dmean": [0.000149364655954, 0.00212225387804, 0.0021043557208, 0.000678789860103, 0.00297865807079, 0.00170010584407, 0.000871705939062, 0.00137253990397, 0.000690580869559, 0.000586021284107, 0.000352544680936, 0.000166198267834, 0.000204282376217, 7.81503258622e-05, 0.000212540660868, 9.56041330937e-05, 6.91315508448e-05, 8.67651106091e-05, 0.000231035926845, 0.000472920597531, 0.000479615933727, 9.01078092284e-05, 0.000104484679468, 4.27391969424e-05, 6.117180601e-05, 0.00011334275041, 5.75261619815e-05], "dmean2": [0.00025287992321, 0.00315045192838, 0.00371261127293, 0.0011539774714, 0.00488659646362, 0.00274723139592, 0.00133961078245, 0.0023092860356, 0.0010945298709, 0.000890008697752, 0.000522592978086, 0.000251092482358, 0.000338207551977, 0.000122091383673, 0.000300438230624, 0.000151587737491, 0.000105511790025, 0.000142311735544, 0.000356364558684, 0.000740001152735, 0.000737592112273, 0.00012880146096, 0.000156970083481, 6.61176236463e-05, 9.6029281849e-05, 0.000179370588739, 9.22898107092e-05], "dvar": [1.07378802738e-07, 7.53177446313e-05, 0.000110857647087, 3.68109385818e-06, 2.95715308312e-05, 1.16345127026e-05, 2.40973622567e-06, 6.60340538161e-06, 1.36578319143e-06, 7.52209984967e-07, 3.83677729587e-07, 1.49036551989e-07, 4.02957340384e-07, 2.71445514954e-08, 2.79183069551e-07, 6.09936705587e-08, 1.54420920495e-08, 3.76719633266e-08, 2.45127694143e-07, 1.08921847186e-06, 1.06292236524e-06, 3.39567023389e-08, 5.42846443352e-08, 1.13104041688e-08, 2.33961081619e-08, 9.17636384656e-08, 1.9503239912e-08], "dvar2": [2.84953500795e-07, 0.000175359440618, 0.000307701615384, 9.08176116354e-06, 6.9084300776e-05, 2.71940916718e-05, 4.77396315546e-06, 1.71108022187e-05, 3.14198109663e-06, 1.74235890427e-06, 6.95465075751e-07, 2.87623095119e-07, 1.1172047607e-06, 5.65974040967e-08, 4.95165807024e-07, 1.18120077275e-07, 3.15799546513e-08, 9.5669989264e-08, 5.36163383913e-07, 2.637902071e-06, 2.57594433606e-06, 6.66935235927e-08, 1.25190425138e-07, 2.72178901639e-08, 5.77109098288e-08, 2.26690801242e-07, 4.79422830324e-08], "max": [0.00359782995656, 0.0990159213543, 0.160374969244, 0.0288944467902, 0.0877483636141, 0.0298722330481, 0.0332817137241, 0.0348463281989, 0.012688845396, 0.0136131998152, 0.0111764697358, 0.00640866858885, 0.00717737386003, 0.00267654634081, 0.00815806724131, 0.00375885749236, 0.00210396293551, 0.00359936594032, 0.00644126301631, 0.0164224281907, 0.0148365367204, 0.00233329087496, 0.00280951382592, 0.00104534439743, 0.00173263729084, 0.00323289097287, 0.0013122765813], "mean": [0.000134738176712, 0.0020536952652, 0.00178323441651, 0.000680597440805, 0.00434916466475, 0.00195836205967, 0.00154324306641, 0.00147188582923, 0.000845186063088, 0.000846000853926, 0.000529706187081, 0.000211066158954, 0.000223747949349, 0.000107516243588, 0.000298368948279, 0.000126995102619, 9.88009414868e-05, 0.000100311888673, 0.000294793542707, 0.000564616988413, 0.000574500008952, 0.000114658374514, 0.00011131107749, 3.97974472435e-05, 5.48019816051e-05, 9.87904277281e-05, 5.04334420839e-05], "median": [4.35390211351e-05, 0.000147339538671, 0.000226080272114, 0.000208136611036, 0.00143477763049, 0.000560896936804, 0.000555655453354, 0.000483220879687, 0.000222968606977, 0.000400426215492, 0.00018426697352, 5.21431356901e-05, 5.80440100748e-05, 4.18129311583e-05, 5.43503483641e-05, 3.52918723365e-05, 4.21733275289e-05, 3.63576546079e-05, 6.74183174851e-05, 0.000169629696757, 0.000143804660183, 2.94896381092e-05, 2.87652565021e-05, 5.77992204853e-06, 1.01318992165e-05, 1.26840996018e-05, 7.0600494837e-06], "min": [1.24410070071e-23, 2.1052436685e-23, 1.80325209453e-23, 4.00166260252e-24, 8.67243891812e-23, 2.48177360499e-23, 8.10899785647e-23, 2.07692087987e-23, 2.51821945213e-23, 4.26268089884e-23, 5.43536712621e-23, 1.15267800113e-22, 7.55378240524e-23, 1.37051973129e-22, 2.1766108733e-22, 7.41608200107e-23, 1.0634703283e-22, 1.50792402864e-22, 2.29157327696e-22, 2.21455748098e-22, 5.92629672454e-22, 6.00317342857e-22, 8.70271653562e-22, 7.26629145156e-22, 1.24604338744e-21, 1.68375350086e-21, 1.96342263992e-21], "var": [8.88485871542e-08, 8.02098584245e-05, 7.2965536674e-05, 3.19405626215e-06, 7.02729739714e-05, 1.34910451379e-05, 8.79895560502e-06, 7.10095218892e-06, 2.33252922044e-06, 1.38654479542e-06, 9.20274032978e-07, 2.76362186469e-07, 3.37799065164e-07, 4.29762536669e-08, 5.68049927097e-07, 1.08654340636e-07, 3.02121456741e-08, 3.9704783461e-08, 3.80124646426e-07, 1.29771331103e-06, 1.33962953441e-06, 5.18304759112e-08, 6.14073272232e-08, 1.094372859e-08, 2.12395487864e-08, 8.08530984386e-08, 1.74638916661e-08]}, "erbbands": {"dmean": [0.0275238007307, 0.597594618797, 2.23133420944, 2.66379976273, 3.65068244934, 12.2272968292, 19.983833313, 9.51124286652, 12.4533805847, 12.9083328247, 36.4996452332, 16.8694038391, 8.92861747742, 21.6591014862, 11.333234787, 8.57700634003, 9.97836875916, 4.62825918198, 7.95037317276, 9.70179080963, 4.50765895844, 3.46167206764, 3.5663125515, 8.35000324249, 12.3307638168, 24.4572601318, 30.4249629974, 8.90334033966, 3.74221682549, 1.96834337711, 3.37108373642, 0.998685538769, 0.830995023251, 0.447416096926, 0.624903321266, 0.514098167419, 0.173777356744, 0.0594681501389, 0.0100404294208, 0.000559509149753], "dmean2": [0.0413741953671, 0.895695030689, 3.90420889854, 4.454246521, 6.01010560989, 20.0962791443, 33.6855773926, 15.0328474045, 19.1167316437, 20.4291706085, 62.6907958984, 26.3644638062, 13.5175352097, 33.1640701294, 16.4166355133, 12.9506216049, 16.3922367096, 7.14669418335, 11.1453447342, 14.2811155319, 6.99569129944, 5.25442695618, 5.70710706711, 13.4910106659, 18.750623703, 38.15026474, 46.3738517761, 13.4262580872, 5.31573534012, 2.91806173325, 5.12078523636, 1.49064517021, 1.32410001755, 0.71706110239, 0.98525595665, 0.808059871197, 0.278762370348, 0.0991918519139, 0.0162823349237, 0.000866677553859], "dvar": [0.0102667463943, 6.22071027756, 120.451530457, 113.348091125, 48.4676628113, 536.117370605, 2450.78173828, 255.9868927, 615.192138672, 435.955047607, 5429.65087891, 812.304138184, 230.265151978, 985.924621582, 410.825500488, 366.742218018, 957.427429199, 68.7379074097, 562.208190918, 701.07220459, 96.5900421143, 36.3668899536, 48.6029129028, 383.01461792, 786.587463379, 3353.85766602, 4316.67138672, 217.812286377, 56.4447975159, 14.7555141449, 62.1818809509, 5.29988050461, 5.09603404999, 1.57034265995, 2.28363919258, 1.53896081448, 0.306553810835, 0.031449355185, 0.00067666603718, 1.36421226671e-06], "dvar2": [0.0222745873034, 14.7783117294, 335.655029297, 290.556671143, 105.809555054, 1299.71716309, 6227.31738281, 560.631530762, 1157.87768555, 989.8984375, 14424.7451172, 1777.31518555, 444.868408203, 2347.8515625, 752.608642578, 721.080932617, 2678.23950195, 143.434173584, 919.654846191, 1300.21118164, 195.691452026, 77.0309677124, 122.620162964, 876.170654297, 1719.98181152, 8246.45800781, 10584.8857422, 484.814727783, 111.61555481, 33.7613258362, 143.98828125, 12.0731344223, 12.6975603104, 3.93420147896, 5.58596897125, 3.62111902237, 0.791833519936, 0.0811054632068, 0.00166844984051, 3.29594649884e-06], "max": [1.20626318455, 28.0816783905, 159.689529419, 169.139434814, 142.411270142, 394.812683105, 452.881652832, 202.538208008, 511.62008667, 421.396392822, 966.836608887, 351.13470459, 257.123535156, 440.721923828, 352.021118164, 318.209411621, 353.512329102, 116.624458313, 435.490600586, 554.872314453, 160.780883789, 97.8976593018, 105.300300598, 389.282623291, 352.540710449, 930.134216309, 976.40032959, 140.562179565, 96.8759307861, 44.4382896423, 92.8863372803, 26.9393863678, 19.6741294861, 13.6239299774, 17.2271327972, 12.7491836548, 7.72462177277, 2.04624843597, 0.256862431765, 0.0126638943329], "mean": [0.027332469821, 0.577769875526, 1.94554555416, 2.50474476814, 5.35985612869, 17.8844718933, 21.5201206207, 13.0151290894, 21.6470050812, 20.8834228516, 36.9727478027, 22.1673984528, 14.1242275238, 30.2087650299, 18.4365329742, 11.558795929, 11.237622261, 6.43990707397, 11.5175828934, 14.077542305, 6.26820278168, 5.06705188751, 4.89011192322, 10.5480279922, 16.0737762451, 29.5587120056, 36.0228652954, 11.3802146912, 4.82235765457, 2.14916753769, 3.56166577339, 1.06760847569, 0.715439558029, 0.373605847359, 0.569262444973, 0.479870736599, 0.141995623708, 0.048109550029, 0.00857602525502, 0.000513936451171], "median": [0.0022030044347, 0.044560931623, 0.253004997969, 0.770140588284, 1.68134021759, 5.73171329498, 7.21436166763, 4.86014080048, 6.65245056152, 10.1704072952, 11.3389625549, 6.58940029144, 7.07441329956, 15.5261163712, 7.19428110123, 3.82374978065, 3.59950661659, 2.66226267815, 3.00300788879, 3.11017298698, 2.08575034142, 2.31788873672, 2.20934557915, 3.47832632065, 3.79957532883, 8.862616539, 8.79711914062, 4.28218603134, 1.49578380585, 0.650848507881, 0.901971518993, 0.246934637427, 0.0585489794612, 0.0376056991518, 0.102862223983, 0.0841807052493, 0.0109146693721, 0.00437704799697, 0.000928715337068, 0.000102605190477], "min": [1.35827549933e-21, 2.23125831005e-21, 1.82250038645e-20, 1.40465268496e-20, 4.64885327025e-20, 4.30379772115e-19, 2.63053076616e-19, 2.98363685056e-19, 7.80334479332e-19, 1.00277647754e-18, 5.84991176485e-19, 6.77494784387e-19, 1.28798080472e-18, 2.04872102971e-18, 1.58186267013e-18, 5.23330248833e-18, 3.75876329736e-18, 3.83661422789e-18, 1.26951809209e-17, 8.35784200822e-18, 4.56219390017e-18, 5.8271519937e-18, 7.25389172579e-18, 1.17551786631e-17, 9.20822172824e-18, 1.14683943175e-17, 1.96187471681e-17, 2.50245891924e-17, 2.01439903135e-17, 2.46393844161e-17, 2.30403582652e-17, 1.98161488582e-17, 1.07762699651e-17, 1.53248608801e-17, 7.77194419009e-18, 5.005088734e-18, 3.64643382454e-18, 1.1032175038e-18, 2.70665257902e-19, 3.01307937512e-20], "var": [0.0117771625519, 6.41597604752, 81.0818328857, 87.8994674683, 149.454879761, 1276.03625488, 2198.45336914, 464.478424072, 2158.0065918, 1040.45471191, 5153.35302734, 1564.36169434, 494.094543457, 1566.11486816, 970.293579102, 662.632873535, 777.252746582, 113.224731445, 1144.57714844, 1474.55932617, 172.911682129, 69.1927490234, 62.7456855774, 503.028900146, 1201.23510742, 3852.52172852, 5459.14160156, 311.885040283, 84.7645339966, 17.4394836426, 68.7942962646, 6.05697917938, 4.48811912537, 1.32928752899, 2.12237048149, 1.52701079845, 0.240353733301, 0.0244243331254, 0.000601209583692, 1.29609509258e-06]}, "gfcc": {"mean": [-32.9038619995, 74.1786880493, -105.397583008, 8.18446826935, -62.0355224609, -20.0336666107, -15.7946014404, -6.94299650192, -31.607421875, 6.24211597443, -22.4887218475, 1.05868828297, -8.9280166626], "cov": [[10241.6943359, -1544.03491211, 491.585998535, 1039.78442383, -765.676940918, 756.653808594, -736.260620117, 147.932739258, -6.36767244339, -69.1880950928, -263.367156982, -326.776611328, -76.6169052124], [-1544.03491211, 1119.58007812, -276.403686523, -133.446762085, 178.652389526, -325.895568848, 213.419891357, -12.8494033813, -42.6515579224, 4.98714160919, 97.2789764404, 46.8976821899, 50.2127685547], [491.585998535, -276.403686523, 875.602661133, 59.8305244446, -88.3849563599, 309.692687988, -165.357666016, 64.8230056763, 112.67137146, -87.3850402832, -55.0862007141, 33.7662391663, -50.271030426], [1039.78442383, -133.446762085, 59.8305244446, 443.562957764, 16.2182769775, 68.139831543, 0.606837630272, 44.620513916, -32.4019165039, 32.0697364807, -15.4750928879, -75.4527359009, -35.861743927], [-765.676940918, 178.652389526, -88.3849563599, 16.2182769775, 286.443115234, -38.7500495911, 142.321685791, 11.6572713852, 1.85289466381, 48.9584655762, 18.2925243378, -3.99063110352, 0.384518355131], [756.653808594, -325.895568848, 309.692687988, 68.139831543, -38.7500495911, 438.097412109, -104.856170654, 64.0191726685, 107.728263855, -23.3470058441, -36.5210609436, -14.2455310822, -41.4404220581], [-736.260620117, 213.419891357, -165.357666016, 0.606837630272, 142.321685791, -104.856170654, 283.612731934, 46.3372421265, -17.7467708588, 75.6894073486, 73.0491333008, 19.9542751312, -10.2177753448], [147.932739258, -12.8494033813, 64.8230056763, 44.620513916, 11.6572713852, 64.0191726685, 46.3372421265, 132.102859497, 60.1467590332, 28.7706165314, 27.0302238464, -6.07122659683, -31.7746105194], [-6.36767244339, -42.6515579224, 112.67137146, -32.4019165039, 1.85289466381, 107.728263855, -17.7467708588, 60.1467590332, 145.529052734, 28.2294788361, -3.22849702835, 7.3469285965, -8.56175422668], [-69.1880950928, 4.98714160919, -87.3850402832, 32.0697364807, 48.9584655762, -23.3470058441, 75.6894073486, 28.7706165314, 28.2294788361, 104.902122498, 43.1470489502, -6.86145496368, -14.3313112259], [-263.367156982, 97.2789764404, -55.0862007141, -15.4750928879, 18.2925243378, -36.5210609436, 73.0491333008, 27.0302238464, -3.22849702835, 43.1470489502, 116.916778564, 38.3208198547, -19.6585006714], [-326.776611328, 46.8976821899, 33.7662391663, -75.4527359009, -3.99063110352, -14.2455310822, 19.9542751312, -6.07122659683, 7.3469285965, -6.86145496368, 38.3208198547, 99.9163589478, 33.0683174133], [-76.6169052124, 50.2127685547, -50.271030426, -35.861743927, 0.384518355131, -41.4404220581, -10.2177753448, -31.7746105194, -8.56175422668, -14.3313112259, -19.6585006714, 33.0683174133, 98.7901077271]], "icov": [[0.000245530973189, 8.18261105451e-05, 7.28440936655e-05, -0.000435472640675, 0.000491373764817, -0.00024838844547, 0.000352208851837, -0.000338089914294, 0.000257947103819, -0.000223364491831, 0.000114209324238, 0.000305888359435, -0.000240313107497], [8.18261105451e-05, 0.00154260394629, 9.12685791263e-05, -9.62618196354e-06, -0.000520341622178, 0.000899405684322, -0.000472244631965, -0.000106203660835, -0.000676359224599, 0.00151124992408, -0.00123968813568, 0.000544779468328, -0.000649783818517], [7.28440936655e-05, 9.12685791263e-05, 0.00204987335019, -0.000594978046138, 0.000105279461422, -0.000749247032218, 0.000621179584414, -0.000544605834875, -0.00094399106456, 0.00145676673856, 0.000666723004542, -0.00170450517908, 0.00124435964972], [-0.000435472640675, -9.62618196354e-06, -0.000594978046138, 0.0039537306875, -0.00107036344707, -1.17249983305e-05, -0.000457746151369, -0.000729073246475, 0.00174323120154, -0.00127889344003, -0.00014553492656, 0.00164126418531, -9.57496304181e-05], [0.000491373764817, -0.000520341622178, 0.000105279461422, -0.00107036344707, 0.00617433385924, -0.00112621940207, -0.00176597642712, 0.000189268044778, 0.000325750035699, -0.00186338473577, 0.00149040995166, 0.000919760612305, -0.000561030930839], [-0.00024838844547, 0.000899405684322, -0.000749247032218, -1.17249983305e-05, -0.00112621940207, 0.00469317846, 0.00011137718684, -0.000282889930531, -0.00282249622978, 0.00185894023161, -0.000625585671514, -9.16214848985e-05, 0.00078953843331], [0.000352208851837, -0.000472244631965, 0.000621179584414, -0.000457746151369, -0.00176597642712, 0.00011137718684, 0.00799838360399, -0.0034574593883, 0.00240485067479, -0.00350063364021, -0.000566866598092, -0.00140626577195, 0.00049043999752], [-0.000338089914294, -0.000106203660835, -0.000544605834875, -0.000729073246475, 0.000189268044778, -0.000282889930531, -0.0034574593883, 0.013116074726, -0.00565055012703, 0.00120253791101, -0.00260563800111, 0.000917149300221, 0.00185083528049], [0.000257947103819, -0.000676359224599, -0.00094399106456, 0.00174323120154, 0.000325750035699, -0.00282249622978, 0.00240485067479, -0.00565055012703, 0.0139528401196, -0.00722121726722, 0.00289305788465, -0.000687090214342, -0.00109031400643], [-0.000223364491831, 0.00151124992408, 0.00145676673856, -0.00127889344003, -0.00186338473577, 0.00185894023161, -0.00350063364021, 0.00120253791101, -0.00722121726722, 0.0191798433661, -0.00645387731493, 0.00230622640811, 0.000247747200774], [0.000114209324238, -0.00123968813568, 0.000666723004542, -0.00014553492656, 0.00149040995166, -0.000625585671514, -0.000566866598092, -0.00260563800111, 0.00289305788465, -0.00645387731493, 0.0167143456638, -0.00825669243932, 0.00524449674413], [0.000305888359435, 0.000544779468328, -0.00170450517908, 0.00164126418531, 0.000919760612305, -9.16214848985e-05, -0.00140626577195, 0.000917149300221, -0.000687090214342, 0.00230622640811, -0.00825669243932, 0.0189206060022, -0.00790507160127], [-0.000240313107497, -0.000649783818517, 0.00124435964972, -9.57496304181e-05, -0.000561030930839, 0.00078953843331, 0.00049043999752, 0.00185083528049, -0.00109031400643, 0.000247747200774, 0.00524449674413, -0.00790507160127, 0.0154753765091]]}, "melbands": {"dmean": [0.0004347624199, 0.00107477896381, 0.000451164902188, 0.000542667170521, 0.000673886970617, 0.000235332321608, 0.000183004900464, 0.000147805112647, 0.000308631366352, 8.61364242155e-05, 4.60890805698e-05, 9.23318730202e-05, 4.60508417746e-05, 2.01625862246e-05, 2.47744756052e-05, 1.56527494255e-05, 8.33271042211e-06, 1.21769371617e-05, 1.14946733447e-05, 1.17552472148e-05, 4.32396473116e-06, 3.70845441466e-06, 3.311839464e-06, 4.63619790025e-06, 7.00562804923e-06, 9.31510294322e-06, 9.18271689443e-06, 1.87685636774e-05, 2.02488536161e-05, 1.25292190205e-05, 3.52574375029e-06, 2.43090244112e-06, 1.14359033887e-06, 1.13846829208e-06, 2.06022627935e-06, 1.37865708894e-06, 3.57133444595e-07, 5.45600812529e-07, 5.16865270583e-07, 3.47536598611e-07], "dmean2": [0.000639392528683, 0.00178560975473, 0.000754435895942, 0.000883277098183, 0.00113173923455, 0.000370798370568, 0.000280688982457, 0.000236631545704, 0.000531308061909, 0.000132526271045, 7.03476471244e-05, 0.000141647236887, 6.70213266858e-05, 2.99298026221e-05, 3.94785747631e-05, 2.58354739344e-05, 1.29421896418e-05, 1.70933726622e-05, 1.67739308381e-05, 1.76620069396e-05, 6.81074925524e-06, 5.7122756516e-06, 5.08754783368e-06, 7.63425578043e-06, 1.15303873827e-05, 1.45447147588e-05, 1.39234689414e-05, 2.96307334793e-05, 3.12822921842e-05, 1.95196316781e-05, 5.25803443452e-06, 3.44711384059e-06, 1.71166323071e-06, 1.74441004219e-06, 3.14343287755e-06, 2.10380858334e-06, 5.39171708169e-07, 8.68768211149e-07, 8.35554430978e-07, 5.64163713079e-07], "dvar": [2.91027072308e-06, 2.51018045674e-05, 2.51592518907e-06, 1.13403314117e-06, 2.28795852308e-06, 1.60392389148e-07, 1.29955182615e-07, 5.50314638303e-08, 3.81221241241e-07, 2.23952323353e-08, 6.47669917697e-09, 1.84198452047e-08, 7.8029218642e-09, 2.15124207337e-09, 3.37912164916e-09, 2.20920681748e-09, 3.05285019486e-10, 1.35247757438e-09, 8.06825939392e-10, 8.65539029338e-10, 9.9418390187e-11, 5.53506580847e-11, 3.81241149761e-11, 1.08975578561e-10, 3.28020915985e-10, 4.66744254357e-10, 6.27928542496e-10, 2.06833483674e-09, 1.90483162577e-09, 7.12138570336e-10, 3.69167543757e-11, 2.53095652075e-11, 6.09155738004e-12, 5.02061890326e-12, 2.16631712568e-11, 1.33113537554e-11, 7.0454872405e-13, 2.19836930777e-12, 2.21152848638e-12, 1.08082499114e-12], "dvar2": [6.50231368127e-06, 6.70618683216e-05, 6.437472166e-06, 2.50651237366e-06, 5.74886371396e-06, 3.50441069941e-07, 2.46367108048e-07, 1.253593922e-07, 1.01356113191e-06, 4.65693617002e-08, 1.28978170366e-08, 4.37962945909e-08, 1.37345255169e-08, 3.97545107944e-09, 9.05471608803e-09, 6.12798078947e-09, 6.31134700058e-10, 2.19068230223e-09, 1.49406897965e-09, 1.63053881508e-09, 2.05290909272e-10, 1.18963269791e-10, 8.1308453026e-11, 2.8119431783e-10, 7.49458717308e-10, 1.0266417716e-09, 1.40266387394e-09, 5.33835109451e-09, 4.59292959221e-09, 1.74818426402e-09, 8.1154694076e-11, 5.02316070683e-11, 1.34623570971e-11, 1.20543635837e-11, 4.93445839744e-11, 3.25523497047e-11, 1.62083833768e-12, 5.45481802089e-12, 5.62166415849e-12, 2.73485140784e-12], "max": [0.019901227206, 0.0680884495378, 0.0254586804658, 0.022495880723, 0.0155940316617, 0.00482085207477, 0.0077686230652, 0.00414761016145, 0.00771900778636, 0.00188989192247, 0.00125740596559, 0.00203728652559, 0.00166511593852, 0.000736667425372, 0.000639010919258, 0.000541697605513, 0.000264376198174, 0.000634044525214, 0.00053653807845, 0.000448102015071, 0.000170713828993, 0.000137009046739, 0.000131968248752, 0.00012388023606, 0.000377278018277, 0.000331302144332, 0.000597567472141, 0.000876491772942, 0.000717009417713, 0.000290834199404, 6.37804769212e-05, 6.36984550511e-05, 2.77727085631e-05, 2.66801744147e-05, 5.78284016228e-05, 4.96411666973e-05, 8.85872213985e-06, 1.31323231471e-05, 1.55832931341e-05, 1.20197910292e-05], "mean": [0.00043195617036, 0.000983967678621, 0.000450517574791, 0.000873513810802, 0.00078907480929, 0.00030878331745, 0.000322692474583, 0.000221954644076, 0.000313152879244, 0.00011349246779, 7.02891557012e-05, 0.000127722712932, 7.22179902368e-05, 2.74707035715e-05, 2.96288963e-05, 1.73739426828e-05, 1.10846467578e-05, 1.74297965714e-05, 1.61943135026e-05, 1.66563768289e-05, 5.43234045836e-06, 5.14364137416e-06, 4.62987463834e-06, 5.22141590409e-06, 8.40019947645e-06, 1.16741384772e-05, 1.16051915029e-05, 2.14097799471e-05, 2.36515734287e-05, 1.45184885696e-05, 4.45717796538e-06, 3.0174985568e-06, 1.36106518767e-06, 1.13132648494e-06, 2.15993554775e-06, 1.46818968005e-06, 3.63321134955e-07, 4.75255944821e-07, 4.20813137225e-07, 2.84769498649e-07], "median": [3.53097348125e-05, 0.000126023689518, 0.000157847156515, 0.000269874377409, 0.000297249818686, 0.000103468322777, 0.00010224662401, 0.000113696158223, 8.82198000909e-05, 3.12542797474e-05, 3.19004393532e-05, 6.19706115685e-05, 2.31940266531e-05, 6.80974471834e-06, 9.64642094914e-06, 4.93050492878e-06, 3.77382821171e-06, 4.10694156017e-06, 3.4403628888e-06, 3.70511179426e-06, 1.64035952821e-06, 2.09957306652e-06, 1.69795771399e-06, 1.74130389041e-06, 2.34047433878e-06, 2.51312508226e-06, 2.58852628576e-06, 5.92184687775e-06, 5.44277008885e-06, 3.30291595674e-06, 1.76711353106e-06, 7.80879418016e-07, 3.57145637508e-07, 3.02270251495e-07, 5.50311767711e-07, 3.45320017914e-07, 7.44669605979e-08, 3.74335407116e-08, 2.03420338352e-08, 2.80442318257e-08], "min": [9.06724928614e-24, 6.90013715011e-24, 2.76753586467e-24, 1.61310379976e-23, 1.33751902906e-23, 5.52414048377e-24, 1.47457493387e-23, 9.62269808242e-24, 4.80196790733e-24, 3.96020638423e-24, 6.32901960411e-24, 7.79351029236e-24, 5.23984171885e-24, 1.03957470597e-23, 1.2355800563e-23, 7.29134195048e-24, 7.41892679127e-24, 2.08623133182e-23, 1.63586622341e-23, 6.7580285912e-24, 5.57992004952e-24, 6.39167803695e-24, 6.61070921158e-24, 5.94867031865e-24, 1.01472606077e-23, 8.00794792995e-24, 4.95582733828e-24, 8.1700967113e-24, 1.22247376345e-23, 1.14335961324e-23, 1.65281458442e-23, 1.06640299761e-23, 1.21324432752e-23, 1.46233402143e-23, 1.3204495779e-23, 1.451640223e-23, 1.05931524014e-23, 6.18340771391e-24, 1.05827457484e-23, 1.35560571635e-23], "var": [3.27252860188e-06, 1.94366675714e-05, 1.99260148293e-06, 3.92439869756e-06, 2.35138872995e-06, 2.69298993771e-07, 4.71552482395e-07, 1.16883605017e-07, 3.56706834737e-07, 4.61586999734e-08, 1.36173827769e-08, 2.96979703052e-08, 1.9212597735e-08, 4.23349222345e-09, 3.38697714319e-09, 1.79891512797e-09, 4.91254315005e-10, 2.87572810009e-09, 1.67903546622e-09, 1.70218505957e-09, 1.67925104377e-10, 9.23803186725e-11, 7.55861206958e-11, 1.13659838485e-10, 4.18228701671e-10, 6.69589106383e-10, 8.61409110708e-10, 2.12054795945e-09, 2.39722264261e-09, 8.67753036093e-10, 5.23383558715e-11, 3.73587619173e-11, 7.99943878499e-12, 5.29906543992e-12, 2.45381492903e-11, 1.3478922839e-11, 7.71450394885e-13, 1.96293263761e-12, 1.84254673151e-12, 8.7890583483e-13]}, "mfcc": {"mean": [-690.52935791, 125.965881348, -3.16875767708, 32.3569107056, -30.7300376892, 0.470506161451, -0.550665080547, -7.96676969528, -3.33918094635, 1.25891327858, -13.9377174377, -1.02755045891, -3.50420451164], "cov": [[8876.01269531, -1335.30664062, 581.859680176, 389.331970215, -12.6062822342, 325.591217041, -347.725067139, -31.0749530792, 29.9628582001, 148.569229126, -110.164016724, -91.562171936, -71.0503997803], [-1335.30664062, 896.641113281, -207.466278076, -5.91744184494, -32.6440925598, -178.902023315, 109.089179993, -44.7761611938, 5.84674882889, -75.6486206055, -5.52846002579, 20.5021076202, 17.6086463928], [581.859680176, -207.466278076, 778.068969727, -156.523452759, 162.438522339, 120.785316467, -172.780593872, 165.620483398, 21.8387508392, -3.22519826889, 63.0158081055, -34.242565155, -25.9627780914], [389.331970215, -5.91744184494, -156.523452759, 433.109924316, -49.9654884338, -33.3537826538, 128.736480713, -75.7124938965, -1.69497716427, 39.74193573, -31.7905445099, 19.7442817688, 13.1668653488], [-12.6062822342, -32.6440925598, 162.438522339, -49.9654884338, 213.707839966, 75.4582977295, -23.157793045, 58.0973014832, 41.4228439331, 21.2545604706, 33.84425354, -23.9053974152, -2.69153571129], [325.591217041, -178.902023315, 120.785316467, -33.3537826538, 75.4582977295, 222.869247437, -28.8527889252, 75.4003448486, 28.3541259766, 54.5372123718, 13.189874649, 2.385004282, 9.95498085022], [-347.725067139, 109.089179993, -172.780593872, 128.736480713, -23.157793045, -28.8527889252, 242.642379761, -31.1286392212, 1.22664213181, 0.591737091541, 37.9321746826, 38.113193512, 37.9251976013], [-31.0749530792, -44.7761611938, 165.620483398, -75.7124938965, 58.0973014832, 75.4003448486, -31.1286392212, 156.153305054, 25.4383087158, 32.6610603333, 39.5489959717, 1.90153741837, 10.2137241364], [29.9628582001, 5.84674882889, 21.8387508392, -1.69497716427, 41.4228439331, 28.3541259766, 1.22664213181, 25.4383087158, 110.401924133, 37.374042511, 1.63945090771, 16.2858276367, -6.31696033478], [148.569229126, -75.6486206055, -3.22519826889, 39.74193573, 21.2545604706, 54.5372123718, 0.591737091541, 32.6610603333, 37.374042511, 146.387695312, 46.0457420349, 5.71447896957, 18.2139072418], [-110.164016724, -5.52846002579, 63.0158081055, -31.7905445099, 33.84425354, 13.189874649, 37.9321746826, 39.5489959717, 1.63945090771, 46.0457420349, 151.352523804, 44.7694778442, 35.2353134155], [-91.562171936, 20.5021076202, -34.242565155, 19.7442817688, -23.9053974152, 2.385004282, 38.113193512, 1.90153741837, 16.2858276367, 5.71447896957, 44.7694778442, 121.463058472, 36.4675521851], [-71.0503997803, 17.6086463928, -25.9627780914, 13.1668653488, -2.69153571129, 9.95498085022, 37.9251976013, 10.2137241364, -6.31696033478, 18.2139072418, 35.2353134155, 36.4675521851, 98.1267623901]], "icov": [[0.00017399850185, 0.000191311555682, -0.000115987364552, -0.000225968658924, 0.00012569539831, -0.00013367975771, 0.0002120325953, 0.000181628522114, -0.000108948355773, -6.98664166521e-07, 1.07038249553e-06, 8.45169633976e-05, -3.12336487696e-05], [0.000191311555682, 0.00171393121127, 0.000165425095474, -1.79941289389e-05, -0.000164096345543, 0.00103111169301, -0.000256099272519, -0.000167767240782, -0.000538158114068, 0.000522987626027, 8.76982303453e-05, 3.80824967579e-05, -0.000292883109068], [-0.000115987364552, 0.000165425095474, 0.0024561539758, -7.69212638261e-05, -0.00104757223744, -0.000128620682517, 0.00128603400663, -0.00186847860459, -5.47909003217e-05, 0.00124601018615, -0.00125600176398, 0.000326273613609, 0.000323212472722], [-0.000225968658924, -1.79941289389e-05, -7.69212638261e-05, 0.00370705593377, -9.09786467673e-05, 0.000600709987339, -0.00230810139328, 0.000988913117908, 0.000533380778506, -0.00186165433843, 0.00169316737447, -0.000750002858695, 9.81680859695e-05], [0.00012569539831, -0.000164096345543, -0.00104757223744, -9.09786467673e-05, 0.00703474739566, -0.00189547601622, -3.85144376196e-05, 3.34481228492e-05, -0.00249910913408, 0.000571802607737, -0.00166306341998, 0.00227543595247, -0.000263328460278], [-0.00013367975771, 0.00103111169301, -0.000128620682517, 0.000600709987339, -0.00189547601622, 0.00739142950624, -0.000669517496135, -0.00229875091463, 0.000113832596981, -0.00191142491531, 0.0016914466396, -0.00106451532338, -0.000549910939299], [0.0002120325953, -0.000256099272519, 0.00128603400663, -0.00230810139328, -3.85144376196e-05, -0.000669517496135, 0.00719671975821, -0.000179802300408, -0.000865954789333, 0.00184928369708, -0.00286880647764, 0.000160237061209, -0.001274863258], [0.000181628522114, -0.000167767240782, -0.00186847860459, 0.000988913117908, 3.34481228492e-05, -0.00229875091463, -0.000179802300408, 0.0106671461836, -0.00110299268272, -0.00146453944035, -0.000843019690365, 0.000199392161448, -0.000842694716994], [-0.000108948355773, -0.000538158114068, -5.47909003217e-05, 0.000533380778506, -0.00249910913408, 0.000113832596981, -0.000865954789333, -0.00110299268272, 0.0121689774096, -0.00380352512002, 0.00261726882309, -0.00334444991313, 0.00209350720979], [-6.98664166521e-07, 0.000522987626027, 0.00124601018615, -0.00186165433843, 0.000571802607737, -0.00191142491531, 0.00184928369708, -0.00146453944035, -0.00380352512002, 0.0110867787153, -0.00461728172377, 0.00225329166278, -0.00134974881075], [1.07038249553e-06, 8.76982303453e-05, -0.00125600176398, 0.00169316737447, -0.00166306341998, 0.0016914466396, -0.00286880647764, -0.000843019690365, 0.00261726882309, -0.00461728172377, 0.0115216337144, -0.00411760574207, -0.00117656716611], [8.45169633976e-05, 3.80824967579e-05, 0.000326273613609, -0.000750002858695, 0.00227543595247, -0.00106451532338, 0.000160237061209, 0.000199392161448, -0.00334444991313, 0.00225329166278, -0.00411760574207, 0.0117366425693, -0.00318772229366], [-3.12336487696e-05, -0.000292883109068, 0.000323212472722, 9.81680859695e-05, -0.000263328460278, -0.000549910939299, -0.001274863258, -0.000842694716994, 0.00209350720979, -0.00134974881075, -0.00117656716611, -0.00318772229366, 0.0129146529362]]}, "spectral_contrast_coeffs": {"dmean": [0.0655658766627, 0.0624899193645, 0.0556231699884, 0.0451697148383, 0.0406864993274, 0.0309571381658], "dmean2": [0.10451887548, 0.0993662178516, 0.0837726816535, 0.0672947615385, 0.0587344095111, 0.0487693324685], "dvar": [0.00300823012367, 0.00272561120801, 0.0020316997543, 0.00142994546331, 0.0012669529533, 0.00081244809553], "dvar2": [0.00771144079044, 0.00625435635448, 0.00427135406062, 0.00290772155859, 0.00247230380774, 0.00191537092905], "max": [-0.255890786648, -0.35827845335, -0.483282625675, -0.493751615286, -0.519976437092, -0.522693872452], "mean": [-0.602271020412, -0.715230107307, -0.71220433712, -0.76527929306, -0.760178029537, -0.693853020668], "median": [-0.610579490662, -0.722213864326, -0.716822266579, -0.774346768856, -0.767870485783, -0.694220304489], "min": [-0.975027501583, -0.974083125591, -0.95272487402, -0.959550142288, -0.96012377739, -0.95749938488], "var": [0.0109003549442, 0.00665225507692, 0.00576019892469, 0.0044182180427, 0.00475540338084, 0.00276926276274]}, "spectral_contrast_valleys": {"dmean": [0.643582642078, 0.659203708172, 0.612974464893, 0.598921239376, 0.528464794159, 0.737383723259], "dmean2": [0.939286828041, 0.971854507923, 0.9029520154, 0.870436191559, 0.771630108356, 0.914272546768], "dvar": [0.393513768911, 0.466772198677, 0.38996770978, 0.351297408342, 0.310133010149, 0.509568095207], "dvar2": [0.698542773724, 0.862825632095, 0.714430987835, 0.649690568447, 0.525473535061, 0.855300724506], "max": [-5.189