{"lowlevel": {"average_loudness": 0.401008635759, "barkbands_crest": {"dmean": 2.67330861092, "dmean2": 3.93074083328, "dvar": 10.8317022324, "dvar2": 20.8586292267, "max": 26.992603302, "mean": 17.2760162354, "median": 17.9424877167, "min": 4.05523633957, "var": 54.3460731506}, "barkbands_flatness_db": {"dmean": 0.0329874865711, "dmean2": 0.0473512113094, "dvar": 0.00105611619074, "dvar2": 0.00187974644359, "max": 0.842485249043, "mean": 0.340751707554, "median": 0.322729617357, "min": 0.034964133054, "var": 0.0159395858645}, "barkbands_kurtosis": {"dmean": 38.7674789429, "dmean2": 58.2538948059, "dvar": 41718.3046875, "dvar2": 112341.429688, "max": 5326.19628906, "mean": 77.3065567017, "median": 5.08887243271, "min": -1.89511799812, "var": 110236.40625}, "barkbands_skewness": {"dmean": 1.24124240875, "dmean2": 1.80416750908, "dvar": 4.27558803558, "dvar2": 9.30117034912, "max": 38.976436615, "mean": 1.23257696629, "median": 0.426880717278, "min": -65.7699356079, "var": 31.0621776581}, "barkbands_spread": {"dmean": 2.23461174965, "dmean2": 3.31619620323, "dvar": 10.4585609436, "dvar2": 22.7047462463, "max": 82.5383911133, "mean": 5.96835517883, "median": 3.88365006447, "min": 0.0188563261181, "var": 47.0408401489}, "dissonance": {"dmean": 0.0534690767527, "dmean2": 0.0912023857236, "dvar": 0.00347833684646, "dvar2": 0.00949833728373, "max": 0.500000238419, "mean": 0.380047261715, "median": 0.404359161854, "min": 0.0907447189093, "var": 0.0107497163117}, "dynamic_complexity": 4.37479877472, "erbbands_crest": {"dmean": 3.10366630554, "dmean2": 4.72895908356, "dvar": 14.88185215, "dvar2": 29.9635353088, "max": 34.5320701599, "mean": 22.4093570709, "median": 23.6217632294, "min": 2.86297392845, "var": 76.4808273315}, "erbbands_flatness_db": {"dmean": 0.0302710738033, "dmean2": 0.0418199747801, "dvar": 0.000896787038073, "dvar2": 0.00160307704937, "max": 0.762331902981, "mean": 0.382954120636, "median": 0.370932877064, "min": 0.0572304800153, "var": 0.0129832653329}, "erbbands_kurtosis": {"dmean": 8.28378677368, "dmean2": 12.0890007019, "dvar": 146.382217407, "dvar2": 284.586395264, "max": 160.638504028, "mean": 18.5856132507, "median": 6.95894432068, "min": -1.78074097633, "var": 579.107910156}, "erbbands_skewness": {"dmean": 0.922536432743, "dmean2": 1.37156629562, "dvar": 1.06178081036, "dvar2": 2.10482573509, "max": 8.96541309357, "mean": 1.22721660137, "median": 0.792633414268, "min": -7.28240871429, "var": 6.23483419418}, "erbbands_spread": {"dmean": 2.9361770153, "dmean2": 4.49439764023, "dvar": 17.0124645233, "dvar2": 39.6472969055, "max": 53.5849990845, "mean": 7.727684021, "median": 5.12455654144, "min": 0.298126041889, "var": 59.8796920776}, "hfc": {"dmean": 7.52467870712, "dmean2": 9.52244567871, "dvar": 149.408325195, "dvar2": 246.197509766, "max": 205.753738403, "mean": 18.0089988708, "median": 10.2435913086, "min": 1.17910519973e-16, "var": 492.826416016}, "melbands_crest": {"dmean": 3.40667176247, "dmean2": 4.93424081802, "dvar": 15.0889596939, "dvar2": 25.6607017517, "max": 37.3738594055, "mean": 18.7163467407, "median": 17.5848922729, "min": 1.75409424305, "var": 79.6347808838}, "melbands_flatness_db": {"dmean": 0.0315842553973, "dmean2": 0.0452946275473, "dvar": 0.000964335340541, "dvar2": 0.00184019643348, "max": 0.820709764957, "mean": 0.38729980588, "median": 0.365129411221, "min": 0.00482662301511, "var": 0.0161603111774}, "melbands_kurtosis": {"dmean": 12.0388183594, "dmean2": 17.2796955109, "dvar": 740.554016113, "dvar2": 1437.78100586, "max": 502.656555176, "mean": 28.9536895752, "median": 3.68337488174, "min": -1.85679113865, "var": 4220.50390625}, "melbands_skewness": {"dmean": 0.981327474117, "dmean2": 1.4181728363, "dvar": 1.43771362305, "dvar2": 2.92267036438, "max": 18.0219020844, "mean": 0.980589449406, "median": 0.538593411446, "min": -12.9244127274, "var": 11.5148677826}, "melbands_spread": {"dmean": 4.26130580902, "dmean2": 6.40794038773, "dvar": 37.2076416016, "dvar2": 78.0121307373, "max": 161.469039917, "mean": 12.7416810989, "median": 7.40921497345, "min": 0.171924576163, "var": 300.108154297}, "pitch_salience": {"dmean": 0.0878444164991, "dmean2": 0.126801788807, "dvar": 0.00781062431633, "dvar2": 0.0153538966551, "max": 0.87197804451, "mean": 0.414029896259, "median": 0.400358378887, "min": 0.0174908339977, "var": 0.0551194958389}, "silence_rate_20dB": {"dmean": 0, "dmean2": 0, "dvar": 0, "dvar2": 0, "max": 1, "mean": 1, "median": 1, "min": 1, "var": 0}, "silence_rate_30dB": {"dmean": 0.000749344297219, "dmean2": 0.00149925041478, "dvar": 0.000748784048483, "dvar2": 0.00149699882604, "max": 1, "mean": 0.999250948429, "median": 1, "min": 0, "var": 0.000748503895011}, "silence_rate_60dB": {"dmean": 0.105657547712, "dmean2": 0.211394309998, "dvar": 0.094495922327, "dvar2": 0.196688100696, "max": 1, "mean": 0.196629211307, "median": 0, "min": 0, "var": 0.157968431711}, "spectral_centroid": {"dmean": 125.596229553, "dmean2": 182.167388916, "dvar": 48613.5390625, "dvar2": 77758.2265625, "max": 11065.3876953, "mean": 1129.4387207, "median": 1097.85974121, "min": 243.224609375, "var": 402782.96875}, "spectral_complexity": {"dmean": 1.20869243145, "dmean2": 1.72263872623, "dvar": 1.97104811668, "dvar2": 3.36986327171, "max": 17, "mean": 5.70599269867, "median": 6, "min": 0, "var": 9.88320732117}, "spectral_decrease": {"dmean": 1.60376423253e-09, "dmean2": 1.97569671734e-09, "dvar": 4.09667443581e-18, "dvar2": 6.00788599446e-18, "max": 1.70920237328e-16, "mean": -4.49134152092e-09, "median": -3.1322424654e-09, "min": -3.66612269431e-08, "var": 2.05578403544e-17}, "spectral_energy": {"dmean": 0.00672985613346, "dmean2": 0.00830321665853, "dvar": 7.42345437175e-05, "dvar2": 0.000110319073428, "max": 0.150952652097, "mean": 0.0185847971588, "median": 0.0131339486688, "min": 1.09870240629e-20, "var": 0.00034632650204}, "spectral_energyband_high": {"dmean": 1.32755749291e-05, "dmean2": 1.74960205186e-05, "dvar": 9.32701582634e-10, "dvar2": 1.58214730206e-09, "max": 0.000434663466876, "mean": 2.36778105318e-05, "median": 5.80537744099e-06, "min": 8.21522907189e-21, "var": 1.81111814435e-09}, "spectral_energyband_low": {"dmean": 0.000228105927818, "dmean2": 0.000294805999147, "dvar": 3.3399686572e-07, "dvar2": 4.8025799515e-07, "max": 0.0190146621317, "mean": 0.00133848795667, "median": 1.8258975615e-05, "min": 7.38326728068e-23, "var": 1.38130526466e-05}, "spectral_energyband_middle_high": {"dmean": 0.0046920622699, "dmean2": 0.00611112266779, "dvar": 5.87176109548e-05, "dvar2": 9.11398601602e-05, "max": 0.11358268559, "mean": 0.0106118125841, "median": 0.00437953788787, "min": 1.5651863689e-21, "var": 0.000176865709363}, "spectral_energyband_middle_low": {"dmean": 0.00238985917531, "dmean2": 0.0029429057613, "dvar": 1.61300831678e-05, "dvar2": 2.52941899817e-05, "max": 0.0610474534333, "mean": 0.00746805081144, "median": 0.00090411567362, "min": 3.12489185844e-22, "var": 0.000148760125739}, "spectral_entropy": {"dmean": 0.263364702463, "dmean2": 0.385882377625, "dvar": 0.0675913840532, "dvar2": 0.128492757678, "max": 9.7993555069, "mean": 5.68269634247, "median": 5.76238584518, "min": 2.50759530067, "var": 0.933908641338}, "spectral_flux": {"dmean": 0.0268771182746, "dmean2": 0.0442734062672, "dvar": 0.000747815298382, "dvar2": 0.00195515295491, "max": 0.25180375576, "mean": 0.0467627309263, "median": 0.0406191200018, "min": 1.0481900764e-10, "var": 0.00122536637355}, "spectral_kurtosis": {"dmean": 14.1952352524, "dmean2": 23.8515090942, "dvar": 607.626708984, "dvar2": 1654.68664551, "max": 580.052978516, "mean": 43.6692047119, "median": 19.2088546753, "min": -1.22480916977, "var": 5499.40136719}, "spectral_rms": {"dmean": 0.000843403977342, "dmean2": 0.000999514362775, "dvar": 8.23522952942e-07, "dvar2": 1.04183675376e-06, "max": 0.0121355215088, "mean": 0.003679710906, "median": 0.00357960979454, "min": 3.27399565792e-12, "var": 4.59126113128e-06}, "spectral_rolloff": {"dmean": 125.600646973, "dmean2": 219.148864746, "dvar": 267225.40625, "dvar2": 427091.875, "max": 19939.7460938, "mean": 1428.54675293, "median": 1162.79296875, "min": 258.3984375, "var": 4904184.5}, "spectral_skewness": {"dmean": 0.788935065269, "dmean2": 1.31971681118, "dvar": 0.89647758007, "dvar2": 2.34686303139, "max": 19.992937088, "mean": 4.27774906158, "median": 3.23089766502, "min": 0.0432398468256, "var": 8.65550804138}, "spectral_spread": {"dmean": 405227.5625, "dmean2": 643966.6875, "dvar": 409898549248, "dvar2": 627149176832, "max": 40460300, "mean": 2360697.5, "median": 2253961, "min": 153624.765625, "var": 3023800369150.0}, "spectral_strongpeak": {"dmean": 1.35765874386, "dmean2": 1.97286677361, "dvar": 3.55646467209, "dvar2": 6.40975284576, "max": 25.4726257324, "mean": 3.65315794945, "median": 2.32092356682, "min": 0, "var": 13.6998949051}, "zerocrossingrate": {"dmean": 0.00446807546541, "dmean2": 0.00487988442183, "dvar": 0.000123836405692, "dvar2": 9.01412640815e-05, "max": 0.76025390625, "mean": 0.0586647056043, "median": 0.0478515625, "min": 0.00732421875, "var": 0.00633444963023}, "barkbands": {"dmean": [1.53948701609e-06, 1.59787414304e-05, 0.000139568786835, 0.000159021423315, 0.000464584998554, 0.000868359871674, 0.000473360356409, 0.000399593700422, 0.000282074557617, 0.000465838267701, 0.00115654675756, 0.000597665959504, 0.00108487298712, 0.000583225686569, 0.000279412226519, 0.000726701517124, 0.000118697789731, 2.09072532016e-05, 3.92397269025e-05, 1.53984037752e-05, 5.5474392866e-06, 2.26946212933e-06, 8.92157061116e-07, 9.13849817152e-07, 4.26973571166e-07, 3.82259770504e-07, 6.74837252745e-08], "dmean2": [2.78260995401e-06, 2.05608503165e-05, 0.000184169010026, 0.000225326017244, 0.000584336929023, 0.00125232769642, 0.000613236858044, 0.000561890599784, 0.000367125234334, 0.000573408906348, 0.0014628758654, 0.00087996176444, 0.00146697449964, 0.000768631289247, 0.000348414294422, 0.000935823773034, 0.00017043427215, 3.10333234665e-05, 6.06385874562e-05, 2.58059462794e-05, 8.19745037006e-06, 3.40160431733e-06, 1.3085042383e-06, 1.28316094106e-06, 5.67319716538e-07, 5.66692790471e-07, 1.05762239855e-07], "dvar": [9.02950197251e-12, 1.6695283378e-08, 1.57329466788e-07, 1.23347874137e-07, 8.22603112738e-07, 4.44039915237e-06, 8.87142221018e-07, 5.26860958416e-07, 3.29055524162e-06, 4.24619111072e-06, 1.84307336895e-05, 8.29439341032e-06, 8.44123042043e-06, 1.09056700239e-05, 3.89921751776e-06, 1.69254562934e-05, 2.8576178579e-07, 5.87990900414e-09, 1.47839660514e-08, 3.32147465087e-09, 4.08156564102e-10, 1.01523602025e-10, 5.74380430371e-12, 1.10782910623e-11, 1.35220990221e-12, 1.01138650406e-12, 8.48253149037e-14], "dvar2": [2.60058884149e-11, 2.17406679326e-08, 2.16701536715e-07, 2.96027394597e-07, 1.06148002033e-06, 1.18357747851e-05, 1.36533913064e-06, 8.94067397894e-07, 3.97852045353e-06, 4.9752798077e-06, 2.49223594437e-05, 1.56576315931e-05, 1.36139478855e-05, 1.59444443852e-05, 5.89789624428e-06, 3.17323174386e-05, 5.06197579853e-07, 1.21207746062e-08, 3.29278648792e-08, 7.83470799348e-09, 8.25279455885e-10, 2.56002608001e-10, 1.38309962441e-11, 2.17908711908e-11, 2.30023053556e-12, 2.16137567913e-12, 1.95808267604e-13], "max": [4.53965476481e-05, 0.00872688461095, 0.0120312571526, 0.00823246780783, 0.0172693431377, 0.0246299188584, 0.0113105913624, 0.01213085372, 0.0564536117017, 0.0556910485029, 0.0991033837199, 0.0370598472655, 0.0294119641185, 0.0414085239172, 0.0470410510898, 0.0972091704607, 0.00868637487292, 0.000842639710754, 0.00214105797932, 0.000654295785353, 0.0002344919194, 0.00019549926219, 4.36024638475e-05, 6.82628087816e-05, 1.93209398276e-05, 1.25644219224e-05, 6.05850664215e-06], "mean": [1.47924686189e-06, 0.000145818907185, 0.000909009249881, 0.000404941005399, 0.00136372714769, 0.00195132871158, 0.00114099902567, 0.00106147024781, 0.000473765976494, 0.00156662974041, 0.00267363153398, 0.00103688845411, 0.00240241875872, 0.000709323794581, 0.000848917465191, 0.00163425540086, 0.000142097924254, 2.50658467849e-05, 5.26071889908e-05, 2.61485638475e-05, 6.00642852078e-06, 3.84703025702e-06, 1.59444027759e-06, 1.40859583553e-06, 7.38951882795e-07, 6.31047385014e-07, 7.61145813044e-08], "median": [5.49180015241e-07, 7.23612004094e-07, 8.26432369649e-06, 2.91913493129e-05, 0.000179333976121, 8.12857906567e-05, 7.02785764588e-05, 8.3823382738e-05, 3.72874856112e-05, 2.68255898845e-05, 2.39560795308e-05, 1.09885804704e-05, 1.7473634216e-05, 2.61674676949e-06, 1.8291593733e-06, 2.03528406928e-06, 4.69091446575e-06, 2.71754470305e-06, 4.56924044556e-06, 2.07603261515e-06, 6.68672896609e-07, 5.56712393518e-07, 2.82396683815e-07, 3.60038143299e-07, 1.86264315971e-07, 1.68968185221e-07, 8.53479509288e-09], "min": [2.65545214067e-24, 1.05331532187e-23, 4.66469230475e-23, 2.08922584782e-23, 6.56568489653e-23, 6.38417746857e-23, 2.81097520039e-23, 2.20385601482e-23, 9.55247131806e-23, 3.91555875026e-23, 4.47505456076e-23, 7.60305718174e-23, 7.79195465866e-23, 1.27232194716e-22, 9.4142830823e-23, 1.75680901315e-22, 1.14380098092e-22, 3.17631725909e-22, 3.77771881237e-22, 3.21217370091e-22, 5.51930053813e-22, 4.80833668118e-22, 7.01151134106e-22, 1.10682733535e-21, 1.4150359221e-21, 1.75357241151e-21, 2.17569321981e-21], "var": [7.29369082492e-12, 9.33568799155e-07, 6.83046118866e-06, 7.2365764936e-07, 7.78279627411e-06, 1.19671913126e-05, 4.08523919759e-06, 4.89685908178e-06, 7.78905814514e-06, 4.77971225337e-05, 5.66306480323e-05, 2.02825613087e-05, 2.6735217034e-05, 1.8279743017e-05, 2.59245498455e-05, 7.07536601112e-05, 4.13122052123e-07, 7.21731785447e-09, 1.92429965296e-08, 5.15843101567e-09, 4.84644158139e-10, 2.01380287446e-10, 1.16473506187e-11, 1.49580348108e-11, 2.80960367818e-12, 1.57803652957e-12, 8.93283182341e-14]}, "erbbands": {"dmean": [0.000148242485011, 0.00602122582495, 0.105703242123, 0.403954029083, 1.00218904018, 1.52068459988, 2.80400633812, 8.85174465179, 7.08469200134, 9.93141269684, 6.35675001144, 8.08333492279, 10.2143411636, 16.44323349, 52.6646461487, 32.8701896667, 48.7151832581, 37.4408493042, 22.9460353851, 20.4522247314, 25.899969101, 4.7679233551, 3.15594220161, 2.1790804863, 1.15630960464, 0.970610439777, 0.319726258516, 0.163853600621, 0.0558969862759, 0.0388413071632, 0.0334477424622, 0.0202063135803, 0.0147259104997, 0.00565643468872, 0.0027675551828, 0.00108181696851, 0.000725834339391, 0.000286017020699, 8.24813650979e-06, 8.25674487714e-06], "dmean2": [0.000232314647292, 0.00742690032348, 0.138030067086, 0.539728760719, 1.34420633316, 1.84738683701, 4.0189538002, 13.0794267654, 8.78361797333, 13.3462333679, 8.57537174225, 10.3218383789, 12.4092693329, 20.5531272888, 67.040763855, 48.5488357544, 66.3699493408, 48.9150924683, 28.9192008972, 28.0997028351, 31.8911991119, 6.67376422882, 4.5269985199, 3.2625412941, 1.82330167294, 1.61676764488, 0.475354462862, 0.242409855127, 0.0808176025748, 0.0539316311479, 0.0480634979904, 0.0290205813944, 0.022016312927, 0.00774020794779, 0.00372069957666, 0.00146399717778, 0.00109731056727, 0.00043476713472, 1.08063695734e-05, 1.01505620478e-05], "dvar": [4.0336146867e-07, 0.00167125079315, 0.104975640774, 0.728790104389, 5.16610574722, 16.3753356934, 39.1947517395, 537.474243164, 197.863220215, 526.22857666, 175.097595215, 2791.12060547, 1921.52380371, 5040.890625, 37285.7539062, 21068.28125, 15911.59375, 22633.0410156, 14662.6455078, 12281.9414062, 20163.8808594, 343.767822266, 182.46786499, 57.9833374023, 23.424243927, 13.5521526337, 1.02042853832, 0.41634991765, 0.0481164976954, 0.0126523850486, 0.00944309215993, 0.00302715413272, 0.00680936034769, 0.000250657874858, 4.83029652969e-05, 6.37747143628e-06, 4.20122069045e-06, 1.19128776532e-06, 4.83727724543e-10, 1.16238164927e-10], "dvar2": [6.48428056138e-07, 0.0021297975909, 0.142984062433, 1.35747122765, 8.22240066528, 21.1802139282, 89.8207321167, 1473.71459961, 232.684875488, 943.076843262, 261.0859375, 3375.42773438, 2179.22949219, 6092.04638672, 52154.4453125, 39164.2617188, 26610.1796875, 32537.5234375, 20817.9863281, 26923.859375, 34825.6289062, 590.016601562, 332.817260742, 124.103553772, 52.7346496582, 31.5929355621, 2.14805817604, 0.926363706589, 0.108812734485, 0.0215492919087, 0.0225713346153, 0.00637089274824, 0.0151736931875, 0.000468328711577, 7.88344186731e-05, 1.06298575702e-05, 9.22075014387e-06, 2.87018860945e-06, 1.05660613592e-09, 1.73868183739e-10], "max": [0.0390253029764, 2.74099469185, 14.0608701706, 21.6513252258, 29.396522522, 102.25214386, 71.1093444824, 293.734405518, 173.073898315, 295.152587891, 236.933517456, 1647.20385742, 2132.890625, 1369.0177002, 4981.24951172, 1894.66418457, 1432.17895508, 1855.31970215, 2796.52783203, 2753.04248047, 3462.3190918, 300.550323486, 222.423828125, 176.179443359, 68.2879867554, 42.462387085, 12.9942855835, 12.2020950317, 4.55696821213, 3.80820226669, 1.70961678028, 0.986921787262, 1.70976865292, 0.235449910164, 0.104498177767, 0.0272718016058, 0.0248714871705, 0.0197350494564, 0.000425497331889, 0.000179188093171], "mean": [0.000859544961713, 0.054712485522, 0.713266313076, 1.62945747375, 1.911211133, 4.84581899643, 7.11277008057, 18.3950424194, 21.5852127075, 24.3053226471, 13.8104925156, 14.9702558517, 47.8660736084, 33.2164649963, 124.686584473, 60.9180870056, 112.297096252, 54.4310340881, 59.9001922607, 46.5870056152, 55.9640274048, 6.44521522522, 3.79198002815, 2.96645975113, 1.61403393745, 1.5900478363, 0.419914782047, 0.222162693739, 0.0926137417555, 0.0727101713419, 0.0565349385142, 0.0315123014152, 0.020701026544, 0.00916435010731, 0.00489163259044, 0.00188419700135, 0.00115789764095, 0.000410290376749, 1.80614078999e-05, 2.24573486776e-05], "median": [4.76536006317e-05, 0.000302624655887, 0.00909766182303, 0.0761492848396, 0.272223800421, 0.560028195381, 0.667081713676, 0.745343923569, 1.3031411171, 1.36939501762, 1.70796847343, 1.1399834156, 1.34342229366, 1.47913372517, 2.199903965, 4.8836183548, 2.57532167435, 2.1429028511, 0.746809720993, 0.405516505241, 0.272060871124, 0.497088015079, 0.653194189072, 0.319043725729, 0.171546161175, 0.159506350756, 0.0805103182793, 0.0386535674334, 0.0219524204731, 0.0172674246132, 0.0107904113829, 0.00859323516488, 0.0045445356518, 0.0024638986215, 0.00115123041905, 0.000547319417819, 0.000276091246633, 7.81988346716e-05, 9.41166126722e-06, 1.56308451551e-05], "min": [1.43854680436e-22, 3.70501345336e-21, 3.96086873709e-20, 8.25558950812e-20, 8.64032542818e-20, 1.3859468032e-19, 6.31566304658e-19, 5.56168895222e-19, 2.06526112644e-19, 6.75720481973e-19, 6.17070326315e-19, 2.30796046766e-18, 1.82760283067e-18, 1.62945492026e-18, 1.66394380231e-18, 3.61810578369e-18, 3.73080335189e-18, 4.701556049e-18, 5.18918646472e-18, 7.73781802674e-18, 8.95606481749e-18, 6.84450349703e-18, 1.5086963736e-17, 1.87081983303e-17, 2.02027333718e-17, 1.19792602367e-17, 1.71633525096e-17, 2.31347279926e-17, 1.76470877318e-17, 2.14327228186e-17, 1.86030520939e-17, 1.83305804545e-17, 1.84498615532e-17, 1.39693368493e-17, 1.20514987468e-17, 7.47065026941e-18, 2.84901227529e-18, 1.41057517536e-18, 2.73284680408e-19, 3.25646337631e-20], "var": [1.80467304745e-05, 0.0928202196956, 4.62928438187, 18.2438106537, 15.2695360184, 139.057052612, 184.407608032, 1192.26623535, 1788.96069336, 2395.89916992, 631.627929688, 6571.45849609, 58718.2617188, 14510.6142578, 117536.96875, 51963.4023438, 52996.0859375, 39574.3710938, 94872.3984375, 40439.703125, 83094.921875, 548.21673584, 244.611312866, 69.5131607056, 37.7635574341, 20.6964454651, 1.22542369366, 0.62691038847, 0.0847194567323, 0.0433519370854, 0.0194494891912, 0.00411084061489, 0.00739889452234, 0.000437595474068, 0.000117318348202, 1.33720104714e-05, 6.37601488052e-06, 1.36487096825e-06, 7.2709194221e-10, 5.00928631908e-10]}, "gfcc": {"mean": [-192.870635986, 97.8039093018, -150.383056641, -23.1173210144, -52.2805709839, -6.39436292648, -34.6981964111, -13.429104805, -29.1146183014, -7.73446369171, -5.82486343384, -5.75071048737, -15.5577793121], "cov": [[18056.2226562, 5238.84082031, -363.572998047, -401.27935791, -1608.68188477, -1051.69226074, -634.040161133, -463.63873291, -934.062927246, -155.862487793, -115.017349243, -703.491271973, -689.938781738], [5238.84082031, 10570.3720703, 4418.83984375, -1557.21850586, -2358.56665039, -2218.47143555, -118.241722107, -165.56578064, 53.644493103, -848.28314209, -335.338012695, -712.749206543, -96.7807693481], [-363.572998047, 4418.83984375, 3047.32641602, -428.088653564, -835.75592041, -998.552368164, -342.084472656, -71.8203659058, 421.325683594, -92.0500411987, -349.742401123, -444.336090088, 38.9149169922], [-401.27935791, -1557.21850586, -428.088653564, 649.311767578, 467.915893555, 228.858444214, -275.721984863, -28.9226207733, 159.954925537, 264.913146973, -115.373268127, -21.8153076172, 16.0447635651], [-1608.68188477, -2358.56665039, -835.75592041, 467.915893555, 904.695373535, 537.97052002, -123.032104492, -20.7182121277, 218.963394165, 269.954284668, 13.3177261353, 139.592468262, 108.276672363], [-1051.69226074, -2218.47143555, -998.552368164, 228.858444214, 537.97052002, 788.181274414, 270.913452148, 44.0863685608, -170.958175659, 238.030319214, 242.97744751, 194.419677734, -79.0360641479], [-634.040161133, -118.241722107, -342.084472656, -275.721984863, -123.032104492, 270.913452148, 827.933654785, 267.016082764, -334.603973389, -347.970550537, 307.611663818, 316.572265625, 21.0337638855], [-463.63873291, -165.56578064, -71.8203659058, -28.9226207733, -20.7182121277, 44.0863685608, 267.016082764, 340.862609863, 78.892868042, -193.810623169, -72.9694442749, 166.075790405, 170.950241089], [-934.062927246, 53.644493103, 421.325683594, 159.954925537, 218.963394165, -170.958175659, -334.603973389, 78.892868042, 654.817443848, 106.819854736, -353.384429932, -129.22668457, 282.7081604], [-155.862487793, -848.28314209, -92.0500411987, 264.913146973, 269.954284668, 238.030319214, -347.970550537, -193.810623169, 106.819854736, 566.890380859, 21.2864112854, -210.04107666, -160.04586792], [-115.017349243, -335.338012695, -349.742401123, -115.373268127, 13.3177261353, 242.97744751, 307.611663818, -72.9694442749, -353.384429932, 21.2864112854, 395.438568115, 131.350097656, -189.586929321], [-703.491271973, -712.749206543, -444.336090088, -21.8153076172, 139.592468262, 194.419677734, 316.572265625, 166.075790405, -129.22668457, -210.04107666, 131.350097656, 331.90435791, 102.381416321], [-689.938781738, -96.7807693481, 38.9149169922, 16.0447635651, 108.276672363, -79.0360641479, 21.0337638855, 170.950241089, 282.7081604, -160.04586792, -189.586929321, 102.381416321, 307.684020996]], "icov": [[0.000171567182406, -0.000317129859468, 0.000439903902588, -0.000256886967691, 0.00010171689064, -0.000144345045555, 0.000233489379752, -0.00016030392726, 0.000242027381319, -0.000153800734552, 0.000189060112461, 6.510487583e-05, 3.53998511855e-05], [-0.000317129859468, 0.00133261410519, -0.00139597291127, 0.0010698013939, 0.000169417427969, 0.000967292406131, -0.000539064698387, 0.000434881891124, -0.000423228513682, 0.000875127676409, -0.000586211390328, 0.000645773136057, 8.08968106867e-05], [0.000439903902588, -0.00139597291127, 0.00233527715318, -0.000936769414693, 0.000281474349322, -0.000154272129294, 0.00024265263346, -0.000335730903316, -0.0001132881589, -0.0012123339111, 0.000927674293052, -0.00043111355626, 0.000520622299518], [-0.000256886967691, 0.0010698013939, -0.000936769414693, 0.00431609852239, -0.0017234882107, 0.00133915245533, -0.000151342188474, -0.000432056898717, 0.000233991784626, -0.000346737593645, 0.00140459346585, -1.05328917925e-05, 0.00132840021979], [0.00010171689064, 0.000169417427969, 0.000281474349322, -0.0017234882107, 0.00582509394735, -0.00323994318023, 0.0014720762847, 0.00191594939679, -0.00267412257381, 0.000933059607632, -0.00165332027245, -0.00146734213922, -0.00129972957075], [-0.000144345045555, 0.000967292406131, -0.000154272129294, 0.00133915245533, -0.00323994318023, 0.00821111444384, -0.00427117338404, -0.000113081121526, 0.00120616867207, -0.00396351097152, 0.00198830687441, -0.00109189585783, 0.00195300101768], [0.000233489379752, -0.000539064698387, 0.00024265263346, -0.000151342188474, 0.0014720762847, -0.00427117338404, 0.00783919263631, -0.00449474249035, 0.000867108872626, 0.00392647460103, -0.00595371099189, 0.00225545465946, -0.00249592470936], [-0.00016030392726, 0.000434881891124, -0.000335730903316, -0.000432056898717, 0.00191594939679, -0.000113081121526, -0.00449474249035, 0.00963832531124, -0.00236367504112, -0.000963894068263, 0.00480677373707, -0.00467787589878, 0.000280010106508], [0.000242027381319, -0.000423228513682, -0.0001132881589, 0.000233991784626, -0.00267412257381, 0.00120616867207, 0.000867108872626, -0.00236367504112, 0.00836609862745, -0.00234025646932, 0.0013860152103, 0.0034022659529, -0.006265795324], [-0.000153800734552, 0.000875127676409, -0.0012123339111, -0.000346737593645, 0.000933059607632, -0.00396351097152, 0.00392647460103, -0.000963894068263, -0.00234025646932, 0.00912940874696, -0.00503741763532, 0.00508676515892, 0.00112498237286], [0.000189060112461, -0.000586211390328, 0.000927674293052, 0.00140459346585, -0.00165332027245, 0.00198830687441, -0.00595371099189, 0.00480677373707, 0.0013860152103, -0.00503741763532, 0.0145470909774, -0.00706810504198, 0.00629954133183], [6.510487583e-05, 0.000645773136057, -0.00043111355626, -1.05328917925e-05, -0.00146734213922, -0.00109189585783, 0.00225545465946, -0.00467787589878, 0.0034022659529, 0.00508676515892, -0.00706810504198, 0.0148066394031, -0.00667727924883], [3.53998511855e-05, 8.08968106867e-05, 0.000520622299518, 0.00132840021979, -0.00129972957075, 0.00195300101768, -0.00249592470936, 0.000280010106508, -0.006265795324, 0.00112498237286, 0.00629954133183, -0.00667727924883, 0.0166397280991]]}, "melbands": {"dmean": [2.662041652e-06, 4.08968699048e-05, 8.66115879035e-05, 8.61740627442e-05, 0.000101439334685, 0.000194725362235, 0.000102477002656, 0.000106460029201, 5.12652186444e-05, 4.56328270957e-05, 5.00067108078e-05, 5.99027334829e-05, 0.000160728319315, 0.000105745282781, 7.73376086727e-05, 0.000125669685076, 6.60703226458e-05, 4.06241597375e-05, 1.21923949337e-05, 6.47419365123e-05, 1.91003946384e-05, 3.39680445904e-06, 6.80845641909e-06, 1.25848441712e-06, 1.87532077689e-06, 1.01143598386e-06, 5.32580543222e-07, 6.0722300077e-07, 2.5149938665e-07, 1.27184122789e-07, 1.03632515902e-07, 4.08828952914e-08, 1.80875829869e-08, 2.10255368671e-08, 2.69040736356e-08, 9.55994661211e-09, 1.20741381338e-08, 1.35665434442e-08, 5.1629487352e-09, 4.87968421226e-09], "dmean2": [3.67476786778e-06, 5.25199684489e-05, 0.000114721115096, 0.000109311898996, 0.000141188051202, 0.000281919492409, 0.000127169987536, 0.000144512436236, 6.80555531289e-05, 5.86555179325e-05, 6.12003786955e-05, 7.56381414249e-05, 0.000203790084925, 0.000149353116285, 0.000117522351502, 0.000163632896147, 8.67203052621e-05, 5.22528280271e-05, 1.50809928527e-05, 8.59231950017e-05, 2.27282944252e-05, 4.81819961351e-06, 9.86228769762e-06, 1.8058377691e-06, 2.82850214717e-06, 1.63789502494e-06, 8.70008022957e-07, 1.01213038306e-06, 3.7098499206e-07, 1.93453530528e-07, 1.56211768854e-07, 6.08920842637e-08, 2.63699053704e-08, 3.00820026666e-08, 3.98728481343e-08, 1.3670852006e-08, 1.76304073563e-08, 2.08437764826e-08, 7.25607751662e-09, 7.01773350542e-09], "dvar": [3.55771828664e-10, 1.71292793283e-08, 2.55231249469e-08, 2.99782385582e-08, 4.70650931561e-08, 2.26917904911e-07, 3.89397953882e-08, 5.3016460555e-08, 2.33272210437e-08, 8.34616926682e-08, 4.79557584754e-08, 9.12780819817e-08, 3.57061480827e-07, 1.53686940507e-07, 5.76530787555e-08, 1.11647452172e-07, 1.20265411852e-07, 3.98956743197e-08, 7.46368922222e-09, 1.32219014404e-07, 1.02524158052e-08, 1.67857908129e-10, 1.42491218824e-09, 2.32821296964e-11, 5.40735581311e-11, 2.50900359516e-11, 3.11188227964e-12, 5.16905311956e-12, 9.43187585326e-13, 4.15049993072e-13, 3.23149791431e-13, 3.49521877641e-14, 2.35811219659e-15, 3.09374845281e-15, 7.63349649604e-15, 5.64310025422e-16, 9.12207685623e-16, 8.71982810935e-15, 1.84902051369e-16, 1.98730155401e-16], "dvar2": [4.85025186681e-10, 2.27196199631e-08, 4.99993788594e-08, 4.1990450228e-08, 9.65968354194e-08, 6.0148471448e-07, 4.6324217351e-08, 9.49055376509e-08, 3.14145296443e-08, 1.00977125328e-07, 5.42709592821e-08, 1.09902487111e-07, 4.80604285258e-07, 2.80320108459e-07, 1.04906241916e-07, 1.6308572981e-07, 1.73795015712e-07, 5.739340736e-08, 1.34517552652e-08, 2.6085524496e-07, 1.61415467659e-08, 2.83496476294e-10, 2.54698728774e-09, 4.59884560988e-11, 1.16682968843e-10, 5.96042729062e-11, 7.1939407556e-12, 1.19851246982e-11, 1.98713853532e-12, 9.3948156546e-13, 7.40274811936e-13, 8.18976979874e-14, 4.50352340869e-15, 5.37423346792e-15, 1.88528256591e-14, 1.20929697445e-15, 1.97706489614e-15, 1.99585153634e-14, 3.49607052097e-16, 4.0048218025e-16], "max": [0.00125980935991, 0.00614523654804, 0.00309518747963, 0.00366531591862, 0.00299494154751, 0.00574827380478, 0.0025543528609, 0.00275772996247, 0.00402731727809, 0.00899243075401, 0.0106362774968, 0.00596820330247, 0.0134138111025, 0.00594805460423, 0.00244597811252, 0.00384811381809, 0.00433420389891, 0.00400726590306, 0.00220122258179, 0.00841750018299, 0.00251216674224, 0.000179254522664, 0.000642091967165, 6.31978109595e-05, 0.000166871963302, 7.85610172898e-05, 1.7526341253e-05, 2.64273858193e-05, 1.33298099172e-05, 8.0210120359e-06, 1.16965411507e-05, 3.85239400202e-06, 1.35706943638e-06, 1.86795102763e-06, 1.54453243795e-06, 3.586352193e-07, 4.48879461601e-07, 1.9340225208e-06, 2.81599312757e-07, 2.05957732646e-07], "mean": [2.13396797335e-05, 0.000287611183012, 0.000284572248347, 0.000214553554542, 0.000279127940303, 0.000434698944446, 0.00030222866917, 0.000270564312814, 0.000102720689029, 8.69855575729e-05, 0.000236282896367, 0.00011106995953, 0.000373485818272, 0.000212455823203, 0.000144897669088, 0.00025501017808, 8.35090177134e-05, 9.48286105995e-05, 3.47050263372e-05, 0.000147010607179, 3.90249406337e-05, 4.38989718532e-06, 7.51864945414e-06, 1.6293789713e-06, 2.50334528573e-06, 1.29581474084e-06, 7.37307232157e-07, 1.06761410734e-06, 3.21723007346e-07, 1.19168227286e-07, 1.51642495894e-07, 6.57155112549e-08, 3.01908329448e-08, 3.65822678816e-08, 4.24609645222e-08, 1.36019053798e-08, 1.88999376149e-08, 1.74650445217e-08, 8.14446288189e-09, 7.54119078294e-09], "median": [3.4088202483e-07, 2.23355255002e-06, 2.52642366831e-05, 3.2987940358e-05, 1.94499880308e-05, 1.81845280167e-05, 1.80485039891e-05, 1.62325795827e-05, 1.1706191799e-05, 5.69195526623e-06, 5.18861179444e-06, 2.57470401266e-06, 3.4889676499e-06, 2.1600258151e-06, 2.9647176234e-06, 1.52435336531e-06, 1.01871683e-06, 1.86624788512e-07, 1.48847249193e-07, 2.15708936935e-07, 1.3784466546e-07, 1.86981083061e-07, 1.51120076453e-07, 1.67687659314e-07, 1.48389020183e-07, 4.42683969482e-08, 4.43070860001e-08, 7.53354072458e-08, 3.65677905734e-08, 1.10148530297e-08, 1.5149749899e-08, 9.8603720744e-09, 6.97360791335e-09, 9.19851217418e-09, 4.89383822355e-09, 3.40350547745e-09, 5.27526111682e-09, 2.79405054648e-09, 2.4026785006e-09, 1.83170523194e-09], "min": [2.18878194788e-24, 1.56359126059e-23, 1.38677455735e-23, 6.24225200428e-24, 2.0142756999e-23, 1.15324269932e-23, 3.62171169183e-24, 6.95258298968e-24, 4.80196711847e-24, 1.56889351028e-23, 8.15700556458e-24, 6.12749206966e-24, 5.17669971427e-24, 7.26747654152e-24, 8.84039734449e-24, 8.68234038466e-24, 9.48299002725e-24, 9.2517149425e-24, 9.61334692525e-24, 1.07098888271e-23, 9.44759620501e-24, 5.56378153312e-24, 9.16044373577e-24, 1.90043076504e-23, 1.43218438872e-23, 1.62718670242e-23, 1.0948507418e-23, 8.02144139574e-24, 1.02020154431e-23, 1.37601749227e-23, 1.30399614823e-23, 9.49405380144e-24, 9.60106593868e-24, 1.26504590438e-23, 8.65372129988e-24, 1.36374234327e-23, 1.04860889882e-23, 1.17865601115e-23, 1.42764749188e-23, 1.13958144282e-23], "var": [1.92310931624e-08, 8.00957934644e-07, 3.82343245064e-07, 1.51482794308e-07, 3.28912761915e-07, 6.16169643308e-07, 3.26642151549e-07, 3.06414051465e-07, 6.42333191081e-08, 2.00987344101e-07, 1.46102900089e-06, 2.56535486187e-07, 1.10911355478e-06, 3.96222134214e-07, 1.48583040982e-07, 3.44033679767e-07, 2.05636311534e-07, 2.13207144384e-07, 4.36493543532e-08, 5.47531442407e-07, 4.08237674776e-08, 2.92915691702e-10, 1.94168681134e-09, 3.09174352786e-11, 6.40977410038e-11, 3.53814338938e-11, 4.90492455679e-12, 8.19575830813e-12, 1.13181404353e-12, 3.93661828395e-13, 5.04437474864e-13, 6.01449974351e-14, 6.81590768458e-15, 1.01913327088e-14, 1.41665989378e-14, 7.91747530303e-16, 1.26776120018e-15, 8.81885303715e-15, 3.08385929022e-16, 3.20565945166e-16]}, "mfcc": {"mean": [-841.552246094, 143.717330933, -18.930770874, -8.40073871613, -14.7856912613, -9.24909877777, -4.97307634354, -8.05349159241, -17.6586952209, -10.4393529892, -6.95629549026, 0.386503100395, -3.77785038948], "cov": [[9240.55957031, 4167.4921875, 115.322463989, -96.1020431519, -1037.92004395, -774.68536377, -50.12758255, -433.899719238, -883.776489258, -197.743423462, 295.064605713, -250.328536987, -1046.38696289], [4167.4921875, 7733.796875, 3027.57788086, -332.996398926, -1092.04016113, -1400.65161133, -922.186706543, -454.323394775, -123.829452515, -279.590240479, -50.1342658997, -812.129455566, -786.030151367], [115.322463989, 3027.57788086, 2224.66650391, 55.4476966858, -200.742675781, -512.607727051, -734.178833008, -410.432556152, 271.705657959, 169.037612915, -97.7750778198, -497.580078125, -219.817932129], [-96.1020431519, -332.996398926, 55.4476966858, 286.695953369, 163.634338379, 88.3915252686, -73.1257400513, -107.113746643, 58.6017456055, 130.169555664, 6.7457613945, 29.3950767517, 15.2721271515], [-1037.92004395, -1092.04016113, -200.742675781, 163.634338379, 564.291381836, 380.712127686, -139.949203491, -247.799804688, 135.349609375, 279.271911621, -0.49938338995, 91.7984161377, 206.300552368], [-774.68536377, -1400.65161133, -512.607727051, 88.3915252686, 380.712127686, 502.860198975, 208.266036987, -106.633979797, -93.475944519, 158.862106323, 139.93838501, 247.936538696, 146.13192749], [-50.12758255, -922.186706543, -734.178833008, -73.1257400513, -139.949203491, 208.266036987, 746.241821289, 417.954864502, -344.216491699, -273.157562256, 188.356613159, 345.276275635, 46.1410598755], [-433.899719238, -454.323394775, -410.432556152, -107.113746643, -247.799804688, -106.633979797, 417.954864502, 778.312072754, 207.633483887, -380.552734375, -202.53666687, 38.6003227234, 214.849731445], [-883.776489258, -123.829452515, 271.705657959, 58.6017456055, 135.349609375, -93.475944519, -344.216491699, 207.633483887, 751.819458008, 137.868896484, -378.889373779, -289.202423096, 221.524261475], [-197.743423462, -279.590240479, 169.037612915, 130.169555664, 279.271911621, 158.862106323, -273.157562256, -380.552734375, 137.868896484, 478.329803467, 114.301292419, -95.6994628906, -115.561668396], [295.064605713, -50.1342658997, -97.7750778198, 6.7457613945, -0.49938338995, 139.93838501, 188.356613159, -202.53666687, -378.889373779, 114.301292419, 446.056396484, 167.520843506, -305.754058838], [-250.328536987, -812.129455566, -497.580078125, 29.3950767517, 91.7984161377, 247.936538696, 345.276275635, 38.6003227234, -289.202423096, -95.6994628906, 167.520843506, 450.899017334, 123.951972961], [-1046.38696289, -786.030151367, -219.817932129, 15.2721271515, 206.300552368, 146.13192749, 46.1410598755, 214.849731445, 221.524261475, -115.561668396, -305.754058838, 123.951972961, 594.18548584]], "icov": [[0.000320502265822, -0.000341758975992, 0.000520039408002, -0.000475695997011, 0.000493792293128, -0.000240985886194, -2.17928936763e-05, 0.000144596968312, 0.000249614851782, -0.000337429955835, 0.000426831917139, 7.88539473433e-05, 0.000198662222829], [-0.000341758975992, 0.000970281194896, -0.00114223791752, 0.000900101207662, -0.000383979117032, 0.00108009390533, -1.28814372147e-05, 0.000242340625846, -0.000182351926924, 0.000795150292106, -0.000495463842526, -5.07536933583e-05, -4.68046800961e-06], [0.000520039408002, -0.00114223791752, 0.00237004016526, -0.00152651430108, 0.00112992920913, -0.000532252481207, 0.000226258081966, 0.000686624436639, -0.000292997719953, -0.000510970829055, -0.000252217403613, 0.000704347738065, -0.000473306165077], [-0.000475695997011, 0.000900101207662, -0.00152651430108, 0.00564756663516, -0.00232118088752, 0.00142556382343, -0.000361919926945, -0.000205672651646, -0.000253081641858, -0.000279376254184, 0.00048562217853, -0.00132513651624, 0.000767235876992], [0.000493792293128, -0.000383979117032, 0.00112992920913, -0.00232118088752, 0.00986032094806, -0.0065261698328, 0.00302836974151, 0.0010416789446, -0.000656683638226, -0.000907487876248, -0.000494447012898, 0.000225046955165, -0.00182402867358], [-0.000240985886194, 0.00108009390533, -0.000532252481207, 0.00142556382343, -0.0065261698328, 0.0126843024045, -0.00577860232443, 0.00335632683709, -0.00150579132605, -0.000223044888116, -0.00167873990722, -0.000465156044811, -0.0010964301182], [-2.17928936763e-05, -1.28814372147e-05, 0.000226258081966, -0.000361919926945, 0.00302836974151, -0.00577860232443, 0.0105337593704, -0.00734893931076, 0.00441854447126, -0.000943155842833, -0.00124695559498, -0.00156897678971, 0.000101492150861], [0.000144596968312, 0.000242340625846, 0.000686624436639, -0.000205672651646, 0.0010416789446, 0.00335632683709, -0.00734893931076, 0.0106652956456, -0.00678873900324, 0.00488181505352, -0.00141035777051, 0.00147824711166, -0.00119202164933], [0.000249614851782, -0.000182351926924, -0.000292997719953, -0.000253081641858, -0.000656683638226, -0.00150579132605, 0.00441854447126, -0.00678873900324, 0.0084311645478, -0.00501427054405, 0.00417012255639, 0.00024143527844, 0.000783357943874], [-0.000337429955835, 0.000795150292106, -0.000510970829055, -0.000279376254184, -0.000907487876248, -0.000223044888116, -0.000943155842833, 0.00488181505352, -0.00501427054405, 0.0094871269539, -0.00446108076721, 0.00176446489058, 4.67056497655e-06], [0.000426831917139, -0.000495463842526, -0.000252217403613, 0.00048562217853, -0.000494447012898, -0.00167873990722, -0.00124695559498, -0.00141035777051, 0.00417012255639, -0.00446108076721, 0.0118508841842, -0.00305148609914, 0.00549420481548], [7.88539473433e-05, -5.07536933583e-05, 0.000704347738065, -0.00132513651624, 0.000225046955165, -0.000465156044811, -0.00156897678971, 0.00147824711166, 0.00024143527844, 0.00176446489058, -0.00305148609914, 0.00673263985664, -0.00273161125369], [0.000198662222829, -4.68046800961e-06, -0.000473306165077, 0.000767235876992, -0.00182402867358, -0.0010964301182, 0.000101492150861, -0.00119202164933, 0.000783357943874, 4.67056497655e-06, 0.00549420481548, -0.00273161125369, 0.00626379344612]]}, "spectral_contrast_coeffs": {"dmean": [0.0523622371256, 0.0514002852142, 0.0421948097646, 0.0412297621369, 0.0283983536065, 0.0180367939174], "dmean2": [0.0793035849929, 0.0799584016204, 0.0622375756502, 0.0610194355249, 0.0439998060465, 0.0287014842033], "dvar": [0.00207778462209, 0.00258816801943, 0.00148558849469, 0.00171383155975, 0.000655047828332, 0.000255444057984], "dvar2": [0.00439879205078, 0.00537640787661, 0.00285699707456, 0.00299009843729, 0.00140437984373, 0.000632123905234], "max": [-0.205596834421, -0.364488214254, -0.286024451256, -0.21356458962, -0.566174268723, -0.644135355949], "mean": [-0.566209435463, -0.718684613705, -0.693521380424, -0.660961508751, -0.749614536762, -0.808629214764], "median": [-0.533497929573, -0.739426851273, -0.721948266029, -0.68619453907, -0.742440700531, -0.806753516197], "min": [-0.985529541969, -0.975279033184, -0.980108261108, -0.963005065918, -0.959642291069, -0.958651840687], "var": [0.0275797490031, 0.0196398422122, 0.0209677889943, 0.0240011606365, 0.0048274891451, 0.0013202438131]}, "spectral_contrast_valleys": {"dmean": [0.570295870304, 0.450145184994, 0.409496366978, 0.438503175974, 0.351265132427, 0.314515471458], "dmean2": [0.944873988628, 0.708569288254, 0.601360797882, 0