{"lowlevel": {"average_loudness": 0.948773622513, "barkbands_crest": {"dmean": 1.56525373459, "dmean2": 2.40409517288, "dvar": 2.99005126953, "dvar2": 7.61116933823, "max": 26.8300457001, "mean": 11.7312669754, "median": 10.8491687775, "min": 3.94015550613, "var": 16.9164791107}, "barkbands_flatness_db": {"dmean": 0.0171843413264, "dmean2": 0.0257805846632, "dvar": 0.000455162022263, "dvar2": 0.000930667156354, "max": 0.435738414526, "mean": 0.268318533897, "median": 0.26593708992, "min": 0.0322310887277, "var": 0.00268075172789}, "barkbands_kurtosis": {"dmean": 2.13165307045, "dmean2": 3.09511160851, "dvar": 54.5178985596, "dvar2": 97.0154190063, "max": 389.810852051, "mean": 9.18362522125, "median": 4.3440489769, "min": -1.85534858704, "var": 1128.71606445}, "barkbands_skewness": {"dmean": 0.303965389729, "dmean2": 0.452469706535, "dvar": 0.204604640603, "dvar2": 0.407239437103, "max": 19.2954788208, "mean": 2.07269024849, "median": 1.85472905636, "min": -2.13928103447, "var": 3.44166111946}, "barkbands_spread": {"dmean": 1.48294985294, "dmean2": 2.18482327461, "dvar": 7.76456689835, "dvar2": 12.9604473114, "max": 134.693832397, "mean": 7.40133523941, "median": 6.38863945007, "min": 0.731128036976, "var": 35.132610321}, "dissonance": {"dmean": 0.0235064085573, "dmean2": 0.0380185730755, "dvar": 0.000589001108892, "dvar2": 0.00140384538099, "max": 0.49936029315, "mean": 0.409574985504, "median": 0.423624783754, "min": 0.165196657181, "var": 0.00312231574208}, "dynamic_complexity": 2.44090414047, "erbbands_crest": {"dmean": 1.47644782066, "dmean2": 2.19445681572, "dvar": 2.55684828758, "dvar2": 5.80443000793, "max": 28.2086372375, "mean": 10.0108146667, "median": 9.28566837311, "min": 2.07708930969, "var": 15.3403759003}, "erbbands_flatness_db": {"dmean": 0.0131516167894, "dmean2": 0.0187386013567, "dvar": 0.000327154004481, "dvar2": 0.000632903829683, "max": 0.434805840254, "mean": 0.296297580004, "median": 0.29637336731, "min": 0.0356255024672, "var": 0.00321734347381}, "erbbands_kurtosis": {"dmean": 0.57053643465, "dmean2": 0.840251266956, "dvar": 0.669842422009, "dvar2": 1.32963991165, "max": 18.4829158783, "mean": 0.678178548813, "median": 0.105629444122, "min": -1.58328843117, "var": 3.58467745781}, "erbbands_skewness": {"dmean": 0.214182794094, "dmean2": 0.323095738888, "dvar": 0.0539175458252, "dvar2": 0.118000812829, "max": 4.10869407654, "mean": 0.803694069386, "median": 0.769946753979, "min": -1.0996029377, "var": 0.321783542633}, "erbbands_spread": {"dmean": 2.79362511635, "dmean2": 4.14928865433, "dvar": 15.0581283569, "dvar2": 30.3316631317, "max": 77.9772491455, "mean": 21.8242969513, "median": 20.5878162384, "min": 2.8157658577, "var": 108.048652649}, "hfc": {"dmean": 3.04446339607, "dmean2": 4.46860122681, "dvar": 22.4549407959, "dvar2": 50.3739967346, "max": 77.5280227661, "mean": 15.2128019333, "median": 14.7621507645, "min": 1.16172130433e-16, "var": 66.1402664185}, "melbands_crest": {"dmean": 1.88367187977, "dmean2": 2.90295648575, "dvar": 4.26613807678, "dvar2": 11.1904325485, "max": 39.6136512756, "mean": 14.6658210754, "median": 13.4878988266, "min": 1.41368424892, "var": 28.5171451569}, "melbands_flatness_db": {"dmean": 0.0212856568396, "dmean2": 0.0307279266417, "dvar": 0.000771272927523, "dvar2": 0.00153883756138, "max": 0.546766579151, "mean": 0.342259734869, "median": 0.33857819438, "min": 0.00278588058427, "var": 0.00498741352931}, "melbands_kurtosis": {"dmean": 2.69609236717, "dmean2": 4.15188217163, "dvar": 45.3635406494, "dvar2": 95.6108779907, "max": 422.608673096, "mean": 11.5694198608, "median": 7.30154705048, "min": -1.43859302998, "var": 887.195678711}, "melbands_skewness": {"dmean": 0.313963323832, "dmean2": 0.470579326153, "dvar": 0.168558120728, "dvar2": 0.347716510296, "max": 19.4546947479, "mean": 2.35684561729, "median": 2.20705413818, "min": -0.308618098497, "var": 2.74868369102}, "melbands_spread": {"dmean": 1.83296406269, "dmean2": 2.7820186615, "dvar": 13.5871982574, "dvar2": 29.0306587219, "max": 178.852584839, "mean": 9.53545379639, "median": 8.40764331818, "min": 0.937982261181, "var": 81.6206893921}, "pitch_salience": {"dmean": 0.0414897724986, "dmean2": 0.065900400281, "dvar": 0.00219869916327, "dvar2": 0.00549246743321, "max": 0.984323680401, "mean": 0.555817365646, "median": 0.569272339344, "min": 0.0162028186023, "var": 0.0144793121144}, "silence_rate_20dB": {"dmean": 0, "dmean2": 0, "dvar": 0, "dvar2": 0, "max": 1, "mean": 1, "median": 1, "min": 1, "var": 0}, "silence_rate_30dB": {"dmean": 0, "dmean2": 0, "dvar": 0, "dvar2": 0, "max": 1, "mean": 1, "median": 1, "min": 1, "var": 0}, "silence_rate_60dB": {"dmean": 0.00118133495562, "dmean2": 0.00236336770467, "dvar": 0.00117994402535, "dvar2": 0.00294858799316, "max": 1, "mean": 0.0310008861125, "median": 0, "min": 0, "var": 0.0300400648266}, "spectral_centroid": {"dmean": 84.9846801758, "dmean2": 128.122711182, "dvar": 48429.4335938, "dvar2": 77737.078125, "max": 11071.7294922, "mean": 660.775634766, "median": 568.696960449, "min": 270.834533691, "var": 249588.390625}, "spectral_complexity": {"dmean": 1.77731835842, "dmean2": 2.77577543259, "dvar": 3.89792323112, "dvar2": 7.74271392822, "max": 34, "mean": 15.495718956, "median": 16, "min": 0, "var": 33.1810646057}, "spectral_decrease": {"dmean": 1.53088719479e-09, "dmean2": 2.36998110026e-09, "dvar": 4.81354472341e-18, "dvar2": 1.19391932622e-17, "max": 5.52001300802e-19, "mean": -7.97993937596e-09, "median": -7.58284190994e-09, "min": -3.37830385888e-08, "var": 1.52572736066e-17}, "spectral_energy": {"dmean": 0.00602232338861, "dmean2": 0.00929844100028, "dvar": 7.40312680136e-05, "dvar2": 0.000182758420124, "max": 0.132226496935, "mean": 0.0314979888499, "median": 0.0300868116319, "min": 1.0583746857e-20, "var": 0.000235785657424}, "spectral_energyband_high": {"dmean": 4.54719083791e-05, "dmean2": 6.55321273371e-05, "dvar": 3.73684905242e-08, "dvar2": 8.49493346777e-08, "max": 0.00513662723824, "mean": 6.44743122393e-05, "median": 1.11991339509e-05, "min": 7.71964852637e-21, "var": 4.7984091367e-08}, "spectral_energyband_low": {"dmean": 0.000622487452347, "dmean2": 0.000972789363004, "dvar": 1.77866616013e-06, "dvar2": 4.47026013717e-06, "max": 0.0302988998592, "mean": 0.00205329456367, "median": 0.0010994784534, "min": 2.2049399097e-23, "var": 7.11644997864e-06}, "spectral_energyband_middle_high": {"dmean": 0.00105758814607, "dmean2": 0.00154555856716, "dvar": 2.94582355309e-06, "dvar2": 6.82979998601e-06, "max": 0.0308045651764, "mean": 0.00387423415668, "median": 0.00338698131964, "min": 1.44984081865e-21, "var": 8.46582133818e-06}, "spectral_energyband_middle_low": {"dmean": 0.00545410392806, "dmean2": 0.00860905926675, "dvar": 6.11443538219e-05, "dvar2": 0.000157760485308, "max": 0.11366070807, "mean": 0.0268578138202, "median": 0.0256259981543, "min": 1.86675400901e-22, "var": 0.000184852164239}, "spectral_entropy": {"dmean": 0.171811312437, "dmean2": 0.263711601496, "dvar": 0.0597031116486, "dvar2": 0.137947008014, "max": 9.81754016876, "mean": 6.29428052902, "median": 6.31665706635, "min": 4.60062026978, "var": 0.335440397263}, "spectral_flux": {"dmean": 0.019145950675, "dmean2": 0.0283224042505, "dvar": 0.00065998925129, "dvar2": 0.00136937922798, "max": 0.246868833899, "mean": 0.04719742015, "median": 0.0360854417086, "min": 6.65512506215e-11, "var": 0.00128571863752}, "spectral_kurtosis": {"dmean": 13.968547821, "dmean2": 24.3303699493, "dvar": 201.009536743, "dvar2": 555.149475098, "max": 215.459289551, "mean": 28.5211906433, "median": 19.4323787689, "min": -1.23819935322, "var": 834.926391602}, "spectral_rms": {"dmean": 0.000488629098982, "dmean2": 0.000741418509278, "dvar": 3.9401092522e-07, "dvar2": 9.3680887403e-07, "max": 0.0113578811288, "mean": 0.00532428780571, "median": 0.00541783962399, "min": 3.21334820731e-12, "var": 2.38174266087e-06}, "spectral_rolloff": {"dmean": 123.710258484, "dmean2": 211.319168091, "dvar": 200381.21875, "dvar2": 475045.3125, "max": 19099.9511719, "mean": 735.826538086, "median": 624.462890625, "min": 21.533203125, "var": 1090594.5}, "spectral_skewness": {"dmean": 0.945639252663, "dmean2": 1.64025974274, "dvar": 0.731515705585, "dvar2": 2.07995557785, "max": 11.7206916809, "mean": 3.20995569229, "median": 2.77317976952, "min": -0.00849626865238, "var": 2.99768590927}, "spectral_spread": {"dmean": 288028.78125, "dmean2": 474622.5, "dvar": 613884952576, "dvar2": 941859864576, "max": 41111704, "mean": 1886522.25, "median": 1647485.5, "min": 439326.125, "var": 2742880829440.0}, "spectral_strongpeak": {"dmean": 0.293670445681, "dmean2": 0.503059744835, "dvar": 0.156002342701, "dvar2": 0.386614173651, "max": 5.65773868561, "mean": 1.21677052975, "median": 1.16288602352, "min": 0, "var": 0.44781729579}, "zerocrossingrate": {"dmean": 0.00340571114793, "dmean2": 0.0043141846545, "dvar": 8.29541895655e-05, "dvar2": 0.00013488411787, "max": 0.51025390625, "mean": 0.029179815203, "median": 0.02685546875, "min": 0, "var": 0.000773768057115}, "barkbands": {"dmean": [1.74748470272e-06, 0.000116670082207, 0.000283334695268, 0.000901287712622, 0.00291028199717, 0.00202002911828, 0.00120144535322, 0.000618511636276, 0.00046837417176, 0.000296696496662, 0.000254529004451, 0.00040765965241, 0.000110401881102, 0.00012849974155, 8.10793426353e-05, 8.06604730315e-05, 5.70559532207e-05, 7.43149794289e-05, 9.05954875634e-05, 3.18077327393e-05, 1.1610405636e-05, 1.60268355103e-05, 3.99245254812e-06, 1.31016531668e-06, 3.09073499238e-07, 6.40807016339e-08, 1.83437853796e-09], "dmean2": [2.93239895655e-06, 0.000190646722331, 0.000425548554631, 0.0015454608947, 0.0045913704671, 0.00306717655621, 0.00189740664791, 0.000878177816048, 0.000618527119514, 0.000427135091741, 0.000365987449186, 0.000628424459137, 0.000163356788107, 0.000191864950466, 0.000117111601867, 0.000124086247524, 8.86491616257e-05, 0.000105488303234, 0.000133862573421, 4.634927609e-05, 1.69953054865e-05, 2.4027274776e-05, 6.4718815338e-06, 2.1150513021e-06, 5.59744023576e-07, 1.15839682735e-07, 3.29482352512e-09], "dvar": [3.07486848483e-12, 8.72282654996e-08, 4.35640373553e-07, 4.5532524382e-06, 3.04610475723e-05, 1.00607967397e-05, 4.08206915381e-06, 1.38876259825e-06, 8.30631108784e-07, 7.65344168485e-07, 3.33919871309e-07, 6.48771219858e-07, 1.04033460957e-07, 8.02438222536e-08, 2.07053574286e-08, 3.16483976803e-08, 1.3738259419e-08, 6.95177888588e-08, 9.71342757339e-08, 1.20755379029e-08, 2.25046203894e-09, 1.12529434659e-08, 5.15664566603e-10, 6.3966665298e-11, 1.35156287204e-11, 7.99390881181e-13, 1.02630722239e-17], "dvar2": [8.88694933615e-12, 2.25753026939e-07, 8.78895946244e-07, 1.45107669596e-05, 7.79442998464e-05, 2.71941516985e-05, 1.1766967873e-05, 2.96923326459e-06, 1.42373221479e-06, 1.4923642766e-06, 8.30327735457e-07, 1.64987341122e-06, 2.24076131872e-07, 1.73303462248e-07, 4.4166291957e-08, 7.22845925338e-08, 3.29563079049e-08, 1.42935078884e-07, 2.1173946152e-07, 2.77960712225e-08, 4.77779282804e-09, 2.53406167161e-08, 1.29264288162e-09, 1.56493443204e-10, 3.85486191579e-11, 2.29501161998e-12, 2.91987940263e-17], "max": [3.11056173814e-05, 0.00694001093507, 0.0194352641702, 0.0350164584816, 0.0875380411744, 0.0555868893862, 0.030321078375, 0.0198459625244, 0.0202843472362, 0.0181910432875, 0.00880803819746, 0.0177520923316, 0.012985855341, 0.00999319553375, 0.00257883453742, 0.00354736135341, 0.00259857391939, 0.00650980928913, 0.00616270303726, 0.00221411581151, 0.000925311585888, 0.0044371727854, 0.000438693969045, 0.000173801570782, 0.00012283664546, 3.02904172713e-05, 5.14684295183e-08], "mean": [1.01247487692e-05, 0.000227934331633, 0.000785209005699, 0.00230122869834, 0.00839271396399, 0.00761641934514, 0.00390206137672, 0.0018058893038, 0.00221581035294, 0.00109539879486, 0.000607480062172, 0.00105734856334, 0.000264736998361, 0.000280906358967, 0.00019203942793, 0.000183363124961, 0.000137812632602, 0.000168359329109, 0.000162344382261, 4.88679979753e-05, 1.9882207198e-05, 1.67866019183e-05, 3.85735165764e-06, 1.20375409551e-06, 2.08802958923e-07, 4.82745363684e-08, 2.89117707553e-09], "median": [1.00480174297e-05, 5.9185524151e-05, 0.000347991357557, 0.000638311146758, 0.0060163368471, 0.00542538892478, 0.0028083641082, 0.000933059549425, 0.00142371247057, 0.000315711222356, 0.000362021935871, 0.000706583494321, 0.000174346219865, 0.000182317133294, 0.000122094526887, 0.000100546974863, 7.75642984081e-05, 5.23057824466e-05, 4.40847798018e-05, 1.15189386634e-05, 3.66160588783e-06, 9.77668037194e-07, 1.90121141941e-07, 3.22733306746e-08, 1.06316067061e-08, 8.2122602052e-09, 2.27216667703e-09], "min": [3.00521354174e-24, 7.51485227734e-24, 8.93004428662e-24, 1.06367606323e-23, 2.46562325568e-23, 2.12987585026e-23, 4.20819238285e-23, 1.8541825323e-23, 2.3367509939e-23, 2.61274960104e-23, 5.56023244791e-23, 6.09532942169e-23, 6.1401935191e-23, 9.73729701053e-23, 9.28833670562e-23, 1.01017917695e-22, 1.85505147836e-22, 1.49210440137e-22, 1.74189335737e-22, 2.34789895533e-22, 4.63779176923e-22, 3.91699201586e-22, 6.47087883564e-22, 8.20710236569e-22, 9.28945133452e-22, 1.72453364642e-21, 2.10134147652e-21], "var": [7.11788267216e-12, 2.14082945149e-07, 1.5105795228e-06, 1.25643973661e-05, 7.45909419493e-05, 5.33890342922e-05, 1.39407029565e-05, 5.39361371921e-06, 6.61320154904e-06, 5.19277682542e-06, 6.07485731052e-07, 1.40672136695e-06, 1.7496697069e-07, 1.63284667565e-07, 5.30294244072e-08, 7.31479872229e-08, 4.04494855388e-08, 1.64482258924e-07, 1.73298502659e-07, 1.76074355096e-08, 3.93279808719e-09, 1.23499432902e-08, 4.69849825713e-10, 6.02804264838e-11, 7.92545456346e-12, 4.57153629188e-13, 8.32821239868e-18]}, "erbbands": {"dmean": [0.00115895760246, 0.0367122255266, 0.280542880297, 1.56290173531, 6.64996671677, 11.8444194794, 13.5132274628, 14.4158182144, 16.5941543579, 14.1457700729, 15.229221344, 9.13800048828, 9.6887550354, 6.57102155685, 11.0795869827, 16.8268680573, 5.9776673317, 6.24883699417, 3.98670649529, 4.37113809586, 3.74827480316, 2.65516471863, 4.85244464874, 6.37423563004, 1.83559012413, 1.29231870174, 0.639764070511, 0.507710516453, 0.623752236366, 0.28599563241, 0.0954033136368, 0.0434524193406, 0.0125171169639, 0.00449152290821, 0.00150985992514, 0.000575331156142, 5.38300082553e-05, 4.656541023e-06, 3.03052615891e-06, 6.81320125295e-06], "dmean2": [0.00177601515315, 0.0589995980263, 0.425794631243, 2.60375499725, 10.7897453308, 18.7302112579, 20.9118556976, 21.8089294434, 27.0793762207, 21.2908554077, 21.4757232666, 12.2175760269, 13.6838121414, 9.89311027527, 16.1221523285, 25.5087871552, 8.84289455414, 9.33954048157, 6.03418111801, 6.3467874527, 5.75727415085, 4.16500234604, 6.91284561157, 9.31185531616, 2.68646717072, 1.9007973671, 0.878750264645, 0.765818715096, 0.930194079876, 0.440778970718, 0.152673184872, 0.0683406367898, 0.0212007667869, 0.00811755098403, 0.00263330154121, 0.00103861407842, 9.59023163887e-05, 8.06288153399e-06, 4.64362256025e-06, 1.048105878e-05], "dvar": [7.31542877475e-06, 0.00855192355812, 0.472753673792, 12.8799467087, 153.871627808, 598.080688477, 694.77154541, 524.333007812, 822.049438477, 683.013244629, 893.243347168, 293.231658936, 770.602539062, 428.086547852, 644.718322754, 1272.10119629, 243.38621521, 199.369445801, 48.3656921387, 64.8915634155, 46.9338989258, 36.3505516052, 244.960327148, 521.726501465, 27.8345108032, 21.2355918884, 5.29763936996, 4.73366212845, 17.146364212, 3.05213046074, 0.308973193169, 0.0687706023455, 0.00725836772472, 0.00209903321229, 0.000340945174685, 8.32899750094e-05, 2.96600489946e-07, 9.90488913111e-10, 2.07984254819e-11, 9.45301406596e-11], "dvar2": [1.86403322004e-05, 0.0212486106902, 0.970474660397, 39.2934455872, 396.146942139, 1549.90673828, 2029.12304688, 1206.84887695, 2527.73657227, 1595.71960449, 1929.41491699, 519.341674805, 1483.23986816, 1002.0178833, 1544.11474609, 3102.82373047, 551.316467285, 422.408447266, 115.918281555, 135.812820435, 107.363075256, 92.8141784668, 473.870574951, 1136.87475586, 66.7079544067, 51.283000946, 9.93453407288, 11.2782707214, 39.6266288757, 6.94829511642, 0.75537353754, 0.167255848646, 0.0196829214692, 0.00601393403485, 0.000932606169954, 0.000239763932768, 8.42697204462e-07, 2.84406409534e-09, 5.06066161199e-11, 2.31355115621e-10], "max": [0.0694896131754, 2.10465741158, 20.1989746094, 59.8364067078, 165.146621704, 419.541870117, 386.909698486, 703.144287109, 502.55078125, 392.708251953, 543.911071777, 399.784301758, 620.932067871, 680.866149902, 420.865631104, 823.83972168, 508.290313721, 493.814758301, 132.951141357, 218.244796753, 121.280250549, 181.162612915, 466.768493652, 444.015258789, 81.5322647095, 90.645614624, 50.0426254272, 44.4630432129, 173.785873413, 59.8664779663, 12.0141134262, 5.8886256218, 1.90313661098, 1.50778949261, 0.544313848019, 0.313525468111, 0.0143431369215, 0.000851391756441, 6.56146075926e-05, 0.000148695151438], "mean": [0.00240651704371, 0.080125592649, 0.817956447601, 4.64316034317, 16.5061798096, 37.1616363525, 45.4797554016, 57.4234313965, 54.0794677734, 45.5588264465, 57.5196609497, 42.6578788757, 38.7232322693, 22.7096595764, 28.1755313873, 40.8007698059, 15.5265874863, 14.0750217438, 10.882437706, 10.7901086807, 9.71282291412, 6.91389703751, 11.1711711884, 11.8933725357, 3.3214662075, 2.03654909134, 1.15621650219, 0.729338884354, 0.666054785252, 0.285699754953, 0.0994080528617, 0.0425245836377, 0.00980826839805, 0.00310527672991, 0.00111362838652, 0.000410361535614, 5.88660332141e-05, 8.58706607687e-06, 1.57462091011e-05, 3.56415985152e-05], "median": [0.000941256643273, 0.0243883859366, 0.367195993662, 1.75170183182, 11.0810041428, 21.9873218536, 26.7215919495, 35.2135810852, 39.345413208, 28.9569187164, 36.4167556763, 29.3900241852, 12.7780742645, 13.5366945267, 14.8289327621, 27.5642185211, 11.6870756149, 9.87759113312, 8.26571083069, 7.05922746658, 6.00470924377, 4.27879714966, 4.03480625153, 3.30891561508, 1.21759235859, 0.556602180004, 0.252561330795, 0.108977645636, 0.044198628515, 0.0164683107287, 0.00493090087548, 0.00133097835351, 0.00035402335925, 0.000154932466103, 9.31229224079e-05, 5.34623104613e-05, 2.53553953371e-05, 5.79141442358e-06, 1.49938823597e-05, 3.40911574312e-05], "min": [2.1868350155e-22, 2.12786376271e-21, 9.59430151953e-21, 1.93191861003e-20, 5.7001125871e-20, 6.28512896674e-20, 1.51479853667e-19, 2.15610429851e-19, 4.15967442411e-19, 6.37810277512e-19, 5.27671954433e-19, 6.54967502681e-19, 6.75137164545e-19, 1.33377414382e-18, 2.74376760442e-18, 2.39890566728e-18, 3.06687882734e-18, 5.20211653847e-18, 3.84542990527e-18, 5.73138805341e-18, 7.43626850725e-18, 9.25928937771e-18, 8.39297650474e-18, 1.15327622041e-17, 9.1569133692e-18, 1.19723971191e-17, 1.19156707271e-17, 2.17973456869e-17, 1.43029321729e-17, 2.08102743707e-17, 1.71311255529e-17, 1.52340248684e-17, 1.3210429243e-17, 1.03011018525e-17, 6.55935945063e-18, 5.29637211491e-18, 3.11950426471e-18, 1.283216141e-18, 2.58905877368e-19, 2.61986339974e-20], "var": [1.75356581167e-05, 0.0235784165561, 1.72786462307, 41.6162033081, 339.980041504, 1784.98376465, 2479.74511719, 4669.74121094, 2680.71240234, 2439.85498047, 4170.50488281, 2000.27868652, 5942.78710938, 1415.58374023, 1499.98718262, 2520.67236328, 402.401611328, 378.087493896, 115.073204041, 169.376571655, 141.136260986, 78.9454421997, 637.159423828, 937.071350098, 42.3411903381, 29.0981998444, 10.4554738998, 6.23014307022, 18.2980728149, 3.27481436729, 0.310658961535, 0.0675804540515, 0.00512892799452, 0.00121893221512, 0.000223425668082, 4.72555584565e-05, 1.7550915743e-07, 5.97149940607e-10, 5.945575976e-11, 3.01081826137e-10]}, "gfcc": {"mean": [-104.693115234, 194.644760132, -161.220932007, -8.00857162476, -49.1737785339, -41.9903678894, -28.5424118042, -25.4596595764, -17.8265991211, -16.91929245, -7.00943946838, -9.385014534, -7.68596792221], "cov": [[13674.4003906, 2365.26318359, -2431.03076172, 887.348815918, -709.590148926, -667.292297363, -10.8065948486, -690.147277832, -112.368522644, -578.417480469, 76.0801773071, -232.504821777, -131.556396484], [2365.26318359, 1780.86401367, -94.0706253052, -459.526184082, 428.97756958, -311.908325195, -26.1528320312, -207.4737854, -149.920761108, -161.342071533, -108.864303589, -101.789451599, 5.40452957153], [-2431.03076172, -94.0706253052, 821.919067383, -140.257858276, 334.053039551, 236.680892944, -52.0213623047, 114.330596924, -51.6156654358, 81.6702728271, -66.4131851196, -7.29219961166, -8.55991744995], [887.348815918, -459.526184082, -140.257858276, 751.992614746, -121.785682678, 192.745697021, 84.9505386353, -38.0534439087, 73.3539505005, -22.9574756622, 57.3412361145, -0.841756880283, -99.3435440063], [-709.590148926, 428.97756958, 334.053039551, -121.785682678, 423.689025879, 44.5422134399, 13.7092971802, 0.260354250669, -72.1380386353, 0.245357945561, -78.9176177979, -8.20238494873, 11.7776975632], [-667.292297363, -311.908325195, 236.680892944, 192.745697021, 44.5422134399, 255.150253296, 41.9266319275, 74.8669586182, 16.1802768707, 28.487537384, -6.37266111374, -9.46582221985, -29.3917675018], [-10.8065948486, -26.1528320312, -52.0213623047, 84.9505386353, 13.7092971802, 41.9266319275, 137.018447876, 34.079460144, 37.7663459778, 8.00979995728, 5.60473394394, 8.38508701324, -23.8796977997], [-690.147277832, -207.4737854, 114.330596924, -38.0534439087, 0.260354250669, 74.8669586182, 34.079460144, 136.02986145, 46.5767364502, 47.6657142639, 11.3334665298, 14.7256536484, 14.4009943008], [-112.368522644, -149.920761108, -51.6156654358, 73.3539505005, -72.1380386353, 16.1802768707, 37.7663459778, 46.5767364502, 99.2013549805, 37.6513824463, 41.3462142944, 20.42719841, -9.27612304688], [-578.417480469, -161.342071533, 81.6702728271, -22.9574756622, 0.245357945561, 28.487537384, 8.00979995728, 47.6657142639, 37.6513824463, 83.7749557495, 33.1277313232, 29.5010871887, 4.03511714935], [76.0801773071, -108.864303589, -66.4131851196, 57.3412361145, -78.9176177979, -6.37266111374, 5.60473394394, 11.3334665298, 41.3462142944, 33.1277313232, 89.4443969727, 38.002822876, -0.0813304111362], [-232.504821777, -101.789451599, -7.29219961166, -0.841756880283, -8.20238494873, -9.46582221985, 8.38508701324, 14.7256536484, 20.42719841, 29.5010871887, 38.002822876, 82.7044143677, 42.0271072388], [-131.556396484, 5.40452957153, -8.55991744995, -99.3435440063, 11.7776975632, -29.3917675018, -23.8796977997, 14.4009943008, -9.27612304688, 4.03511714935, -0.0813304111362, 42.0271072388, 114.682746887]], "icov": [[0.00199687876739, -0.0055156792514, 0.00449269544333, -0.00456608179957, 0.0053653656505, -0.00282781640999, 0.00371007015929, -0.00350701576099, 0.00454754382372, -0.00213772850111, 0.00195150135551, -0.00156820786651, -0.000113117188448], [-0.0055156792514, 0.0175123568624, -0.0119479354471, 0.0139116467908, -0.0177836697549, 0.00893659330904, -0.0109299318865, 0.0118589969352, -0.013768539764, 0.00919210445136, -0.00757235195488, 0.00677204504609, 0.000434093235526], [0.00449269544333, -0.0119479354471, 0.0146642122418, -0.00899332389235, 0.00882714800537, -0.0102193793282, 0.0114740310237, -0.0089921746403, 0.0106903193519, -0.00671651167795, 0.00507627427578, -0.00413757981732, 0.00163446646184], [-0.00456608179957, 0.0139116467908, -0.00899332389235, 0.014415957965, -0.0140483034775, 0.00311105861329, -0.0089566167444, 0.0117512764409, -0.0132435644045, 0.0083391238004, -0.00677306903526, 0.00377461872995, 0.00206976616755], [0.0053653656505, -0.0177836697549, 0.00882714800537, -0.0140483034775, 0.0233010891825, -0.00755612226203, 0.00790210440755, -0.0107907028869, 0.0154468165711, -0.00988328643143, 0.0100906305015, -0.0078314319253, -0.00137241615448], [-0.00282781640999, 0.00893659330904, -0.0102193793282, 0.00311105861329, -0.00755612226203, 0.0166184343398, -0.00848893541843, 0.00162803777494, -0.00454320106655, 0.00416411319748, -0.00333245890215, 0.00572337955236, -0.00128356425557], [0.00371007015929, -0.0109299318865, 0.0114740310237, -0.0089566167444, 0.00790210440755, -0.00848893541843, 0.019202677533, -0.0106280259788, 0.00608768314123, -0.00501620071009, 0.00614460837096, -0.00655339797959, 0.0032895563636], [-0.00350701576099, 0.0118589969352, -0.0089921746403, 0.0117512764409, -0.0107907028869, 0.00162803777494, -0.0106280259788, 0.0240853764117, -0.0156897697598, 0.00468259816989, -0.00560707179829, 0.00597620382905, -0.00241345819086], [0.00454754382372, -0.013768539764, 0.0106903193519, -0.0132435644045, 0.0154468165711, -0.00454320106655, 0.00608768314123, -0.0156897697598, 0.0315227285028, -0.0129713397473, 0.00307043851353, -0.00499837333336, 0.000518322922289], [-0.00213772850111, 0.00919210445136, -0.00671651167795, 0.0083391238004, -0.00988328643143, 0.00416411319748, -0.00501620071009, 0.00468259816989, -0.0129713397473, 0.0301760006696, -0.0115210879594, 0.000737052352633, 0.00189747288823], [0.00195150135551, -0.00757235195488, 0.00507627427578, -0.00677306903526, 0.0100906305015, -0.00333245890215, 0.00614460837096, -0.00560707179829, 0.00307043851353, -0.0115210879594, 0.0252944212407, -0.0118588153273, 0.0022179139778], [-0.00156820786651, 0.00677204504609, -0.00413757981732, 0.00377461872995, -0.0078314319253, 0.00572337955236, -0.00655339797959, 0.00597620382905, -0.00499837333336, 0.000737052352633, -0.0118588153273, 0.0261812992394, -0.00903422012925], [-0.000113117188448, 0.000434093235526, 0.00163446646184, 0.00206976616755, -0.00137241615448, -0.00128356425557, 0.0032895563636, -0.00241345819086, 0.000518322922289, 0.00189747288823, 0.0022179139778, -0.00903422012925, 0.0145718771964]]}, "melbands": {"dmean": [2.05271408049e-05, 0.000108445732621, 0.000380384386517, 0.000726981204934, 0.000437217764556, 0.000343474675901, 0.000253809877904, 0.000142573699122, 0.000137829934829, 5.38399035577e-05, 4.8775193136e-05, 2.66520492005e-05, 3.33931529894e-05, 4.45223668066e-05, 3.01208401652e-05, 1.12430452646e-05, 1.31310698634e-05, 6.79473305354e-06, 7.02300576449e-06, 6.90225988365e-06, 4.05973696616e-06, 3.07986647385e-06, 3.39739176525e-06, 4.17814362663e-06, 6.13968995822e-06, 1.09100585632e-06, 1.32126251629e-06, 7.98369796939e-07, 5.02776231315e-07, 2.46237107149e-07, 3.30732916609e-07, 3.17070515621e-07, 3.63510821444e-07, 1.10532617725e-07, 5.99067746521e-08, 3.14990167283e-08, 2.31439027942e-08, 9.70028679603e-09, 5.43113065632e-09, 2.98716718028e-09], "dmean2": [3.31453265972e-05, 0.000164965924341, 0.000638812605757, 0.00114689243492, 0.000683093501721, 0.00052500993479, 0.000409794476582, 0.000211650825804, 0.000190022023162, 7.115520566e-05, 6.9440495281e-05, 4.06499530072e-05, 4.87138604512e-05, 6.81900201016e-05, 4.54416513094e-05, 1.63683616847e-05, 1.97156114154e-05, 1.04108785308e-05, 9.81672656053e-06, 1.0598292647e-05, 6.26603105047e-06, 4.84866768602e-06, 4.96820075568e-06, 5.92257765675e-06, 8.99079986993e-06, 1.60446052178e-06, 1.99857663574e-06, 1.16081560009e-06, 6.92046626227e-07, 3.58128858124e-07, 5.09466531184e-07, 4.75145753853e-07, 5.44105546396e-07, 1.84924004998e-07, 9.60455182053e-08, 5.12558777643e-08, 3.63656234015e-08, 1.6782946588e-08, 9.74990044256e-09, 5.41967182244e-09], "dvar": [2.60353538728e-09, 7.16612262863e-08, 6.20160392373e-07, 1.94041172108e-06, 5.99007591973e-07, 2.6886851856e-07, 1.81122302934e-07, 7.15578494237e-08, 7.25196827034e-08, 1.12816476161e-08, 1.99092955455e-08, 7.8795352465e-09, 5.84792969605e-09, 7.2846986221e-09, 7.32525906599e-09, 1.29744748278e-09, 9.72046998449e-10, 1.66866909179e-10, 1.85984616596e-10, 2.53276816187e-10, 4.59354151938e-11, 5.03011660102e-11, 7.47137351986e-11, 2.22942109218e-10, 5.32970334532e-10, 1.09949879062e-11, 1.9761125028e-11, 9.8664010989e-12, 3.58305789552e-12, 1.01634141641e-12, 2.60618978655e-12, 2.87569317317e-12, 1.12687177298e-11, 3.46731568153e-13, 1.34852388587e-13, 4.1105346801e-14, 2.20050791011e-14, 5.74293928656e-15, 2.41227635367e-15, 8.87206502333e-16], "dvar2": [6.83225565012e-09, 1.51374479174e-07, 1.85305771083e-06, 5.02220245835e-06, 1.70471150795e-06, 6.7328591058e-07, 5.44625834209e-07, 1.59706573299e-07, 1.5106932949e-07, 1.93623730382e-08, 3.8528504831e-08, 1.78149459629e-08, 1.44281324665e-08, 1.90042008796e-08, 1.8432317006e-08, 2.64145061379e-09, 2.07477057756e-09, 3.99387800609e-10, 3.70072777978e-10, 5.72542013799e-10, 1.0699052061e-10, 1.31211305709e-10, 1.4644285784e-10, 4.71140459979e-10, 1.16043863407e-09, 2.62331874973e-11, 4.97949702305e-11, 2.36553745342e-11, 6.89522917929e-12, 1.92234704717e-12, 6.50298781837e-12, 6.75669633091e-12, 2.50621745579e-11, 9.04141507756e-13, 3.18959322929e-13, 1.05841754089e-13, 5.19510412608e-14, 1.60146029061e-14, 6.87696986623e-15, 2.51692918013e-15], "max": [0.00127771683037, 0.00769206229597, 0.0122293364257, 0.0218572020531, 0.0101181026548, 0.0138779459521, 0.00669909035787, 0.00356706790626, 0.00520868226886, 0.00271980464458, 0.00306918472052, 0.00296853436157, 0.00109685666393, 0.00177447800525, 0.00339990435168, 0.00179277185816, 0.00111195538193, 0.000272030418273, 0.000257098727161, 0.000321934581734, 0.000110903281893, 0.00021186171216, 0.000251849793131, 0.000350694055669, 0.000446015590569, 5.36490369996e-05, 0.000113376350782, 7.44033022784e-05, 3.11484691338e-05, 3.20578074025e-05, 3.78294898837e-05, 6.03894877713e-05, 0.000149569721543, 9.10429753276e-06, 9.45448846323e-06, 3.94637027057e-06, 4.36509253632e-06, 1.8985041379e-06, 1.41409293519e-06, 9.62527906267e-07], "mean": [4.08215528296e-05, 0.000293715042062, 0.0010483636288, 0.00205959449522, 0.00153191795107, 0.00134918570984, 0.000825824157801, 0.000441297423095, 0.000527070427779, 0.000246842828346, 0.000189434562344, 8.95481280168e-05, 8.06769312476e-05, 0.000115198250569, 7.14807538316e-05, 2.54823480645e-05, 2.74796020676e-05, 1.79462786036e-05, 1.62281776284e-05, 1.4974943042e-05, 1.0178501725e-05, 7.43527061786e-06, 7.92671471572e-06, 9.15872169571e-06, 1.09212514872e-05, 1.93458708964e-06, 2.03808099286e-06, 1.2019921769e-06, 8.48477327509e-07, 4.32613063595e-07, 4.26256121955e-07, 3.40716809433e-07, 3.62581630498e-07, 9.93415270045e-08, 6.41675086399e-08, 3.07985423831e-08, 2.17639701816e-08, 7.23856485862e-09, 3.64662944285e-09, 2.06468087072e-09], "median": [1.19779915622e-05, 0.000115597358672, 0.000576527556404, 0.00141778204124, 0.00114186515566, 0.00092512764968, 0.000620237144176, 0.000267951341812, 0.000316388061037, 0.000166073383298, 5.63290668651e-05, 4.75273227494e-05, 4.51428859378e-05, 6.77143034409e-05, 4.13309317082e-05, 1.49576899275e-05, 1.76014382305e-05, 1.2243313904e-05, 9.20750790101e-06, 8.27497387945e-06, 6.03888929618e-06, 4.36163645645e-06, 3.46456158695e-06, 2.76544756161e-06, 2.53932398664e-06, 6.64041067466e-07, 5.9426918142e-07, 2.72983243121e-07, 1.56628502168e-07, 7.49277262457e-08, 4.96922716309e-08, 2.24005454186e-08, 1.23964047916e-08, 5.62985480457e-09, 2.92748403297e-09, 1.01469843639e-09, 5.00519237168e-10, 2.10275810653e-10, 1.32311897549e-10, 9.3347253538e-11], "min": [2.76770566698e-24, 3.92640724432e-24, 5.09749768496e-24, 3.26452809572e-24, 5.46248705973e-24, 5.26206432498e-24, 7.08882873434e-24, 6.17714336947e-24, 5.16556178715e-24, 3.61537161673e-24, 3.38425824847e-24, 4.873517197e-24, 9.44937745294e-24, 7.59291953025e-24, 6.23946377541e-24, 8.60478589135e-24, 1.00480779149e-23, 4.16898197267e-24, 7.15169069329e-24, 6.53644347938e-24, 9.18219736409e-24, 9.66464260562e-24, 9.04890669238e-24, 6.49665649077e-24, 9.4232172476e-24, 5.91255074439e-24, 7.82242598884e-24, 7.51129924783e-24, 6.77811298985e-24, 8.2451473601e-24, 1.3012944574e-23, 7.59246830181e-24, 7.02715243333e-24, 1.14078989884e-23, 9.16016132356e-24, 8.73355244577e-24, 9.43107272449e-24, 8.45955344325e-24, 1.03047267107e-23, 8.11721463166e-24], "var": [6.17791640067e-09, 2.50441843264e-07, 1.77429626547e-06, 4.79202071801e-06, 1.9573640202e-06, 1.95955749405e-06, 5.68526900224e-07, 2.57612043697e-07, 3.9445652078e-07, 7.3431586145e-08, 1.52723089286e-07, 2.94661948175e-08, 1.14473239776e-08, 1.80071726419e-08, 1.14558629249e-08, 2.35695973849e-09, 1.82132509075e-09, 4.35432440105e-10, 5.03433184029e-10, 5.52710377466e-10, 1.58406024409e-10, 1.0865094241e-10, 2.15237952461e-10, 4.96192087418e-10, 9.46853817574e-10, 1.63789953822e-11, 2.47210221044e-11, 1.33987482567e-11, 6.58329640801e-12, 1.83828993694e-12, 3.06804928685e-12, 3.03890723349e-12, 1.24677082894e-11, 2.7680676219e-13, 1.47086525902e-13, 3.66375969819e-14, 2.22036100714e-14, 3.74005576739e-15, 1.42172648488e-15, 5.27127078983e-16]}, "mfcc": {"mean": [-727.119445801, 216.596206665, -44.1461372375, 17.4172019958, -14.3010311127, -15.4442472458, -15.7855701447, -12.9528989792, -15.5049962997, -13.9132728577, -7.27262592316, -6.31433010101, -5.71864748001], "cov": [[7746.43701172, 1268.00695801, -1226.96875, 1120.15722656, -660.779541016, 188.314819336, -191.098327637, 27.5648441315, -336.174224854, -180.401794434, -115.961425781, -103.573501587, -86.942199707], [1268.00695801, 2027.68847656, -173.260147095, -217.11819458, 247.436035156, -176.088272095, 71.9147338867, -146.269744873, -4.4873008728, -170.656433105, -150.086853027, -109.695381165, -61.3527336121], [-1226.96875, -173.260147095, 529.242370605, -177.236679077, 210.294952393, 94.3860015869, 40.0977706909, 43.5801963806, 30.8978443146, 49.3529663086, 7.12986087799, 41.3066673279, 22.0337734222], [1120.15722656, -217.11819458, -177.236679077, 483.303466797, -69.6301879883, 186.065994263, 17.5988903046, 66.4402008057, -39.2554931641, -11.3316345215, 6.26110744476, 38.5029029846, 40.3586463928], [-660.779541016, 247.436035156, 210.294952393, -69.6301879883, 331.247680664, 65.47315979, 102.780464172, 0.682279646397, 53.1476402283, -18.0060710907, -73.9219741821, 13.9162445068, 38.9592514038], [188.314819336, -176.088272095, 94.3860015869, 186.065994263, 65.47315979, 236.12059021, 60.0534324646, 74.3229675293, 0.786749005318, 4.14617395401, -3.42521619797, 25.0357379913, 36.9024047852], [-191.098327637, 71.9147338867, 40.0977706909, 17.5988903046, 102.780464172, 60.0534324646, 130.166976929, 39.2908744812, 44.3380775452, 6.39660453796, -13.0914125443, 2.3155798912, 18.6581764221], [27.5648441315, -146.269744873, 43.5801963806, 66.4402008057, 0.682279646397, 74.3229675293, 39.2908744812, 106.098617554, 37.0809249878, 31.1367645264, 23.8653392792, 12.2370710373, 18.0515117645], [-336.174224854, -4.4873008728, 30.8978443146, -39.2554931641, 53.1476402283, 0.786749005318, 44.3380775452, 37.0809249878, 114.680198669, 31.9516506195, -1.89670264721, -3.28343296051, 12.474822998], [-180.401794434, -170.656433105, 49.3529663086, -11.3316345215, -18.0060710907, 4.14617395401, 6.39660453796, 31.1367645264, 31.9516506195, 97.1796264648, 43.473110199, 12.0463848114, 2.11407804489], [-115.961425781, -150.086853027, 7.12986087799, 6.26110744476, -73.9219741821, -3.42521619797, -13.0914125443, 23.8653392792, -1.89670264721, 43.473110199, 136.895324707, 45.6680679321, -1.24172449112], [-103.573501587, -109.695381165, 41.3066673279, 38.5029029846, 13.9162445068, 25.0357379913, 2.3155798912, 12.2370710373, -3.28343296051, 12.0463848114, 45.6680679321, 87.7669525146, 33.8239898682], [-86.942199707, -61.3527336121, 22.0337734222, 40.3586463928, 38.9592514038, 36.9024047852, 18.6581764221, 18.0515117645, 12.474822998, 2.11407804489, -1.24172449112, 33.8239898682, 88.5968322754]], "icov": [[0.000838697655126, -0.00099322933238, 0.000830125296488, -0.00128313503228, 0.00146853085607, -0.000969142711256, 0.00104900461156, -0.00129405013286, 0.00135865574703, -0.00105199404061, 0.00124352134299, -0.0004673084768, 0.000343566702213], [-0.00099322933238, 0.00203118566424, -0.000457482790807, 0.00174372678157, -0.0027259408962, 0.00153884768952, -0.00157348660287, 0.00177969515789, -0.00143022823613, 0.00219359621406, -0.00165445567109, 0.001118874643, -2.34574417846e-05], [0.000830125296488, -0.000457482790807, 0.00595566444099, 0.00185228371993, -0.00189265329391, -0.00396573916078, 0.00278619281016, -0.00311962002888, 0.00285087269731, -0.00261369184591, 0.00100965402089, -0.00190146325622, 0.00110685813706], [-0.00128313503228, 0.00174372678157, 0.00185228371993, 0.00764469243586, -0.00239907391369, -0.00336515507661, -0.000949908629991, 0.000280220061541, -0.000449381797807, 0.0010985264089, -0.000966757128481, -0.00160624773707, -0.00075840135105], [0.00146853085607, -0.0027259408962, -0.00189265329391, -0.00239907391369, 0.0114852963015, -0.0026588102337, -0.00254513486288, 0.000549357035197, -0.000152082240675, -0.00122983660549, 0.00570856174454, -0.00320662092417, -0.00104705546983], [-0.000969142711256, 0.00153884768952, -0.00396573916078, -0.00336515507661, -0.0026588102337, 0.0124823795632, -0.00383107271045, -0.00160595565103, -0.000357296667062, 0.00287144770846, -0.00164277025033, 0.00219555664808, -0.00114160962403], [0.00104900461156, -0.00157348660287, 0.00278619281016, -0.000949908629991, -0.00254513486288, -0.00383107271045, 0.0149715011939, -0.00529745733365, -0.000385358260246, -0.00209329719655, 0.000607740192208, 7.3618875831e-06, 0.000430812302511], [-0.00129405013286, 0.00177969515789, -0.00311962002888, 0.000280220061541, 0.000549357035197, -0.00160595565103, -0.00529745733365, 0.0197026338428, -0.00726426299661, 0.000316172256134, -0.00355587969534, 0.00197721668519, -0.0016500800848], [0.00135865574703, -0.00143022823613, 0.00285087269731, -0.000449381797807, -0.000152082240675, -0.000357296667062, -0.000385358260246, -0.00726426299661, 0.0159283373505, -0.00552280433476, 0.00255517032929, 2.5504421501e-05, -0.000469421007438], [-0.00105199404061, 0.00219359621406, -0.00261369184591, 0.0010985264089, -0.00122983660549, 0.00287144770846, -0.00209329719655, 0.000316172256134, -0.00552280433476, 0.0173626057804, -0.00548496702686, 0.00193650566507, -9.53335111262e-05], [0.00124352134299, -0.00165445567109, 0.00100965402089, -0.000966757128481, 0.00570856174454, -0.00164277025033, 0.000607740192208, -0.00355587969534, 0.00255517032929, -0.00548496702686, 0.0148276751861, -0.00831880047917, 0.00218921410851], [-0.0004673084768, 0.001118874643, -0.00190146325622, -0.00160624773707, -0.00320662092417, 0.00219555664808, 7.3618875831e-06, 0.00197721668519, 2.5504421501e-05, 0.00193650566507, -0.00831880047917, 0.019877821207, -0.00614324724302], [0.000343566702213, -2.34574417846e-05, 0.00110685813706, -0.00075840135105, -0.00104705546983, -0.00114160962403, 0.000430812302511, -0.0016500800848, -0.000469421007438, -9.53335111262e-05, 0.00218921410851, -0.00614324724302, 0.0153039898723]]}, "spectral_contrast_coeffs": {"dmean": [0.0409009046853, 0.0375329405069, 0.0313796401024, 0.030986757949, 0.0270665995777, 0.0265986714512], "dmean2": [0.0669970884919, 0.0589584074914, 0.0485346838832, 0.0482915714383, 0.0423241704702, 0.0429602786899], "dvar": [0.00128496473189, 0.00153376767412, 0.00116305216216, 0.00118385883979, 0.000964911247138, 0.000641854247078], "dvar2": [0.00334168528207, 0.00348418927751, 0.00268716691062, 0.00270067993551, 0.00225785467774, 0.00145744660404], "max": [-0.257842749357, -0.349007189274, -0.438088327646, -0.506585896015, -0.541222810745, -0.554090440273], "mean": [-0.487906068563, -0.620460093021, -0.688671469688, -0.696123301983, -0.692842721939, -0.727453708649], "median": [-0.477356106043, -0.623648107052, -0.695951044559, -0.696606457233, -0.687501072884, -0.719936192036], "min": [-0.963830053806, -0.993579745293, -0.970074892044, -0.962162077427, -0.962592244148, -0.96114808321], "var": [0.0114580476657, 0.00842658709735, 0.00751804187894, 0.00591351697221, 0.00396392121911, 0.00496909813955]}, "spectral_contrast_valleys": {"dmean": [0.44166123867, 0.327710449696, 0.325138509274, 0.364311099052, 0.373823642731, 0.434423089027], "dmean2": [0.676246106625, 0.496855378151, 0.488531708717, 0.55528396368, 0.572633266449, 0.712664663792], "dvar": [0.20184238255, 0.175101339817, 0.197969421744, 0.249372512102, 0.305427163839, 0.234621465206], "dvar2": [0.383505433798, 0.297282874584, 0.347178459167, 0.452141582966, 0.58937138319, 0.517422020435], "max": [-6.13686656952, -4.752202034, -5.8