{"lowlevel": {"average_loudness": 0.953605592251, "barkbands_crest": {"dmean": 1.7739276886, "dmean2": 2.90241789818, "dvar": 2.97288537025, "dvar2": 7.32377433777, "max": 25.463968277, "mean": 7.18985033035, "median": 6.10461711884, "min": 2.22426438332, "var": 15.439707756}, "barkbands_flatness_db": {"dmean": 0.0191391017288, "dmean2": 0.0275385063142, "dvar": 0.000426976446761, "dvar2": 0.000813473539893, "max": 0.306896805763, "mean": 0.118258439004, "median": 0.122512802482, "min": 0.0258651208133, "var": 0.00213376549073}, "barkbands_kurtosis": {"dmean": 0.849338114262, "dmean2": 1.33875060081, "dvar": 10.5793428421, "dvar2": 24.6475028992, "max": 120.031433105, "mean": 0.282726079226, "median": -1.21783328056, "min": -1.89174580574, "var": 42.9325752258}, "barkbands_skewness": {"dmean": 0.368121176958, "dmean2": 0.559025466442, "dvar": 0.152497962117, "dvar2": 0.330645382404, "max": 4.72319984436, "mean": 0.0144624458626, "median": 0.0319162048399, "min": -9.59689426422, "var": 1.42988073826}, "barkbands_spread": {"dmean": 5.51176595688, "dmean2": 8.18819618225, "dvar": 26.0678043365, "dvar2": 57.2431297302, "max": 86.1694564819, "mean": 38.6525993347, "median": 39.267791748, "min": 1.43821752071, "var": 151.920288086}, "dissonance": {"dmean": 0.00762363662943, "dmean2": 0.0126514909789, "dvar": 8.02999711595e-05, "dvar2": 0.000227245007409, "max": 0.4999743402, "mean": 0.484264343977, "median": 0.488066732883, "min": 0.251808226109, "var": 0.000338412442943}, "dynamic_complexity": 1.59738183022, "erbbands_crest": {"dmean": 1.86894965172, "dmean2": 3.05974197388, "dvar": 3.03095293045, "dvar2": 7.66837882996, "max": 22.2135620117, "mean": 7.34516000748, "median": 6.71780729294, "min": 2.78922963142, "var": 7.9367980957}, "erbbands_flatness_db": {"dmean": 0.0181200634688, "dmean2": 0.0258966572583, "dvar": 0.000492954801302, "dvar2": 0.000877213140484, "max": 0.310051083565, "mean": 0.173221424222, "median": 0.177069842815, "min": 0.0714321807027, "var": 0.00255387998186}, "erbbands_kurtosis": {"dmean": 0.744544267654, "dmean2": 1.17701518536, "dvar": 0.619346857071, "dvar2": 1.53071737289, "max": 23.0188331604, "mean": 0.972732841969, "median": 0.721591353416, "min": -1.63680481911, "var": 2.3116838932}, "erbbands_skewness": {"dmean": 0.241616487503, "dmean2": 0.377837359905, "dvar": 0.0413011796772, "dvar2": 0.101991102099, "max": 3.69350719452, "mean": -0.816495358944, "median": -0.840592503548, "min": -2.54558372498, "var": 0.271793276072}, "erbbands_spread": {"dmean": 5.67067289352, "dmean2": 8.97910499573, "dvar": 30.6004104614, "dvar2": 77.6124649048, "max": 111.187904358, "mean": 31.8346424103, "median": 29.9877738953, "min": 5.34035205841, "var": 149.352539062}, "hfc": {"dmean": 9.44221973419, "dmean2": 12.8375844955, "dvar": 175.610275269, "dvar2": 346.066680908, "max": 125.301086426, "mean": 29.3603534698, "median": 23.4273014069, "min": 1.16827495706e-16, "var": 492.227630615}, "melbands_crest": {"dmean": 3.06347179413, "dmean2": 4.89626169205, "dvar": 8.68371200562, "dvar2": 20.5763473511, "max": 29.7472991943, "mean": 11.6601600647, "median": 10.595705986, "min": 1.6390863657, "var": 29.1779270172}, "melbands_flatness_db": {"dmean": 0.0213721785694, "dmean2": 0.031591668725, "dvar": 0.000459295057226, "dvar2": 0.000972490641288, "max": 0.319999366999, "mean": 0.128122255206, "median": 0.12795086205, "min": 0.00385625218041, "var": 0.00253775622696}, "melbands_kurtosis": {"dmean": 2.11680650711, "dmean2": 3.27367639542, "dvar": 19.4083118439, "dvar2": 44.240776062, "max": 125.309814453, "mean": 2.4061062336, "median": 0.307545900345, "min": -1.66578376293, "var": 61.1416053772}, "melbands_skewness": {"dmean": 0.479688555002, "dmean2": 0.727288842201, "dvar": 0.247294709086, "dvar2": 0.532730638981, "max": 9.73123645782, "mean": 1.3994590044, "median": 1.20043706894, "min": -0.664515972137, "var": 1.22259831429}, "melbands_spread": {"dmean": 11.0613355637, "dmean2": 16.9222507477, "dvar": 102.812110901, "dvar2": 229.330993652, "max": 141.334915161, "mean": 60.2761688232, "median": 60.3170318604, "min": 4.37429714203, "var": 514.217468262}, "pitch_salience": {"dmean": 0.0635576099157, "dmean2": 0.102726690471, "dvar": 0.00327959423885, "dvar2": 0.00798405800015, "max": 0.888914585114, "mean": 0.549710094929, "median": 0.550209343433, "min": 0.216926306486, "var": 0.0100980531424}, "silence_rate_20dB": {"dmean": 0, "dmean2": 0, "dvar": 0, "dvar2": 0, "max": 1, "mean": 1, "median": 1, "min": 1, "var": 0}, "silence_rate_30dB": {"dmean": 0, "dmean2": 0, "dvar": 0, "dvar2": 0, "max": 1, "mean": 1, "median": 1, "min": 1, "var": 0}, "silence_rate_60dB": {"dmean": 0.00346380332485, "dmean2": 0.00693000713363, "dvar": 0.00345184956677, "dvar2": 0.00757480319589, "max": 1, "mean": 0.0623268708587, "median": 0, "min": 0, "var": 0.0584414787591}, "spectral_centroid": {"dmean": 218.600128174, "dmean2": 326.390197754, "dvar": 57220.921875, "dvar2": 107178.742188, "max": 10915.6376953, "mean": 2556.78320312, "median": 2620.31030273, "min": 452.597717285, "var": 290745.1875}, "spectral_complexity": {"dmean": 4.11361265182, "dmean2": 6.1815662384, "dvar": 19.1599903107, "dvar2": 39.2316589355, "max": 57, "mean": 26.4432125092, "median": 28, "min": 0, "var": 128.208862305}, "spectral_decrease": {"dmean": 9.66776436684e-10, "dmean2": 1.44838918636e-09, "dvar": 1.40141508065e-18, "dvar2": 3.04579812943e-18, "max": 1.52290753504e-15, "mean": -3.63214591736e-09, "median": -3.364361012e-09, "min": -1.25651169469e-08, "var": 4.04160075062e-18}, "spectral_energy": {"dmean": 0.00431119231507, "dmean2": 0.00635505095124, "dvar": 2.80236545223e-05, "dvar2": 5.89387345826e-05, "max": 0.0532020591199, "mean": 0.0163716264069, "median": 0.0151100158691, "min": 1.03631570132e-20, "var": 8.34897291497e-05}, "spectral_energyband_high": {"dmean": 0.00080304464791, "dmean2": 0.00101496535353, "dvar": 1.23896973037e-06, "dvar2": 2.01423290491e-06, "max": 0.0111254509538, "mean": 0.0017634453252, "median": 0.00100067339372, "min": 7.61731966069e-21, "var": 3.83523911296e-06}, "spectral_energyband_low": {"dmean": 0.00205321446992, "dmean2": 0.00319246482104, "dvar": 1.05876542875e-05, "dvar2": 2.23345923587e-05, "max": 0.0348402932286, "mean": 0.00377585645765, "median": 0.00220274506137, "min": 6.27582395225e-23, "var": 2.10554189835e-05}, "spectral_energyband_middle_high": {"dmean": 0.00190429540817, "dmean2": 0.00294188200496, "dvar": 4.15238628193e-06, "dvar2": 9.68875792751e-06, "max": 0.0246196407825, "mean": 0.00708146952093, "median": 0.00685091782361, "min": 1.49357466139e-21, "var": 1.41614036693e-05}, "spectral_energyband_middle_low": {"dmean": 0.00169260043185, "dmean2": 0.00287200370803, "dvar": 8.27321673569e-06, "dvar2": 2.29838351515e-05, "max": 0.0268488489091, "mean": 0.00430875224993, "median": 0.00363291613758, "min": 2.91768574032e-22, "var": 1.07941959868e-05}, "spectral_entropy": {"dmean": 0.14617703855, "dmean2": 0.204534322023, "dvar": 0.0241519641131, "dvar2": 0.0452467240393, "max": 9.77707386017, "mean": 7.66299343109, "median": 7.58244514465, "min": 6.12484550476, "var": 0.168044507504}, "spectral_flux": {"dmean": 0.0164680946618, "dmean2": 0.0238690953702, "dvar": 0.000309679540806, "dvar2": 0.000619602680672, "max": 0.173794880509, "mean": 0.0627440661192, "median": 0.0577219799161, "min": 1.01799589591e-10, "var": 0.000919506244827}, "spectral_kurtosis": {"dmean": 1.57512426376, "dmean2": 2.69492173195, "dvar": 2.82120132446, "dvar2": 8.7092666626, "max": 24.7776908875, "mean": 3.94200992584, "median": 3.51516604424, "min": -1.13500225544, "var": 5.52718687057}, "spectral_rms": {"dmean": 0.00049939379096, "dmean2": 0.000726754078642, "dvar": 3.08777543978e-07, "dvar2": 6.29702356036e-07, "max": 0.00720447394997, "mean": 0.00377873471007, "median": 0.00383946346119, "min": 3.1796850309e-12, "var": 1.69345480572e-06}, "spectral_rolloff": {"dmean": 515.656982422, "dmean2": 778.516113281, "dvar": 600357.6875, "dvar2": 1128256.125, "max": 19982.8125, "mean": 3922.61230469, "median": 3337.64648438, "min": 129.19921875, "var": 10478353}, "spectral_skewness": {"dmean": 0.230392679572, "dmean2": 0.372353792191, "dvar": 0.057310976088, "dvar2": 0.143477767706, "max": 4.20533657074, "mean": 1.07030582428, "median": 1.06582486629, "min": -0.14598454535, "var": 0.200509950519}, "spectral_spread": {"dmean": 483398.4375, "dmean2": 676427.6875, "dvar": 660941635584, "dvar2": 1005732298750.0, "max": 39119064, "mean": 3981196.75, "median": 3275151, "min": 1894923.125, "var": 4073529540610.0}, "spectral_strongpeak": {"dmean": 0.781544089317, "dmean2": 1.37909066677, "dvar": 2.1597263813, "dvar2": 5.38780641556, "max": 11.9059114456, "mean": 1.05464160442, "median": 0.385342597961, "min": 5.12160802657e-09, "var": 2.51042628288}, "zerocrossingrate": {"dmean": 0.0140212997794, "dmean2": 0.0145975118503, "dvar": 0.000253210193478, "dvar2": 0.000241012967308, "max": 0.80859375, "mean": 0.128492861986, "median": 0.103515625, "min": 0.0166015625, "var": 0.0139372814447}, "barkbands": {"dmean": [7.35945832275e-07, 0.000592236290686, 0.00146606960334, 0.00044820579933, 0.00118325441144, 0.00026351690758, 0.00011391719454, 0.000172836647835, 0.00011426909623, 0.000254480430158, 0.000133951485623, 0.000125474121887, 0.000114967479021, 0.000436485453974, 0.000391344976379, 0.000550363620277, 0.000536783947609, 0.000291124772048, 0.000612061936408, 0.000353738403646, 0.0002494683431, 0.000111390079837, 0.000146004618728, 6.48869681754e-05, 8.24641756481e-05, 4.75915585412e-05, 5.5611901189e-05], "dmean2": [1.26315831039e-06, 0.000933052855544, 0.0022842453327, 0.000732270884328, 0.00204534432851, 0.000442387739895, 0.000192659441382, 0.000275290687568, 0.00017250275414, 0.00037832732778, 0.000195577711565, 0.000193566884263, 0.000186055913218, 0.000676275056321, 0.000625217857305, 0.000908006390091, 0.000880498904735, 0.000466425582999, 0.000978661584668, 0.000541891960893, 0.000356648612069, 0.000138734088978, 0.000205539661692, 8.12012367533e-05, 0.000109841850644, 5.72822536924e-05, 8.55911712279e-05], "dvar": [2.31180526111e-12, 9.26662153233e-07, 5.91946127315e-06, 6.44532406113e-07, 4.48935952591e-06, 1.550353943e-07, 3.56080711583e-08, 7.24088806692e-08, 2.57779237955e-08, 1.38982514386e-07, 6.55277361261e-08, 2.94991107097e-08, 2.35644748159e-08, 2.51462836331e-07, 2.7144261594e-07, 4.67707963026e-07, 4.11418199064e-07, 1.20171065987e-07, 5.51865298348e-07, 2.38571374211e-07, 1.25978601773e-07, 4.14767917789e-08, 5.20922363023e-08, 1.48203200823e-08, 3.42892576555e-08, 1.28557839929e-08, 4.00391080291e-08], "dvar2": [6.02465560079e-12, 2.09148561225e-06, 1.32650657179e-05, 1.65635788107e-06, 1.28127994685e-05, 4.13573417291e-07, 9.5531973443e-08, 1.82519116265e-07, 5.63950059984e-08, 3.15739242751e-07, 1.28104844066e-07, 6.61956605086e-08, 6.09119226169e-08, 6.0226250298e-07, 6.83521875544e-07, 1.21755329019e-06, 1.10891073746e-06, 2.96223788609e-07, 1.38949019401e-06, 5.20100911672e-07, 2.54738125705e-07, 6.28327114782e-08, 1.10244343432e-07, 2.12908730646e-08, 6.73748701274e-08, 2.44474414046e-08, 1.01346664394e-07], "max": [2.12891900446e-05, 0.0102686397731, 0.0256186574697, 0.00837158598006, 0.0216064993292, 0.00619672611356, 0.00261199800298, 0.00547462468967, 0.00273209088482, 0.00566313508898, 0.00667260866612, 0.00236551649868, 0.0021597314626, 0.00555845582858, 0.00786163751036, 0.00752659933642, 0.00671650841832, 0.00488391425461, 0.00966056715697, 0.00520224496722, 0.00343528552912, 0.00205714604817, 0.00279698241502, 0.00110816909, 0.00169278308749, 0.00123159948271, 0.00189837289508], "mean": [7.2023061648e-07, 0.000826126139145, 0.00250767287798, 0.000635883712675, 0.00212661502883, 0.000505170726683, 0.000191654486116, 0.000357190030627, 0.000267452618573, 0.000596100580879, 0.000298539292999, 0.000260349246673, 0.000212310231291, 0.000873179873452, 0.000691745430231, 0.000968713429756, 0.00102341372985, 0.000569537049159, 0.00142969051376, 0.000703906349372, 0.000521000707522, 0.000179270849912, 0.000244865630521, 0.000119434407679, 0.00013758870773, 6.69698565616e-05, 5.65273221582e-05], "median": [2.28221296084e-07, 0.00031633299659, 0.00122040580027, 0.000287857808871, 0.00161322241183, 0.000338935758919, 0.000125606136862, 0.000222449132707, 0.000159780494869, 0.000337149074767, 0.000120881086332, 0.000165830890182, 0.000152065302245, 0.000678243406583, 0.000468829530291, 0.000747606914956, 0.000797729415353, 0.000465762859676, 0.00117017840967, 0.000520010245964, 0.000328292720951, 5.27829579369e-05, 8.72756645549e-05, 8.82181302586e-06, 4.03565445595e-06, 9.94486185846e-07, 3.76823265924e-08], "min": [3.86180742479e-24, 1.17575694733e-23, 3.28001422415e-23, 2.18738081258e-23, 2.3357601846e-23, 9.46931023252e-23, 2.13482579467e-23, 7.49149710361e-23, 4.62812828625e-23, 1.91127539368e-23, 4.53708048493e-23, 1.081771144e-22, 8.41856454616e-23, 1.52075153804e-22, 1.35135331431e-22, 8.86615097092e-23, 1.8991568809e-22, 2.35996309982e-22, 1.84561670194e-22, 3.5818260956e-22, 3.70728628153e-22, 6.14410462836e-22, 6.11038833461e-22, 7.51749808526e-22, 9.83741507144e-22, 1.80674986592e-21, 2.58225249088e-21], "var": [2.34031587512e-12, 1.6155644289e-06, 1.15320344776e-05, 8.60974921579e-07, 4.5972483349e-06, 3.22540500974e-07, 5.15828908476e-08, 1.91174422071e-07, 8.99943870536e-08, 5.19404977695e-07, 3.82185618264e-07, 8.65871001565e-08, 4.68582150859e-08, 5.87658803397e-07, 5.34709613476e-07, 7.95749372173e-07, 7.9648737028e-07, 2.10266321687e-07, 1.54737426783e-06, 4.846664865e-07, 3.2164891195e-07, 1.10799007302e-07, 1.27320106458e-07, 5.21460776781e-08, 7.51601874072e-08, 2.3719103126e-08, 4.09982199301e-08]}, "erbbands": {"dmean": [0.00383768021129, 0.190896555781, 1.46824729443, 1.58316135406, 2.33382940292, 4.86954879761, 3.43244671822, 2.19297552109, 1.6995729208, 2.58263015747, 3.53012084961, 2.99105668068, 4.94795322418, 7.71522188187, 5.54492425919, 5.51043081284, 4.33395528793, 20.3196048737, 24.2693538666, 14.3041667938, 27.1144008636, 20.8293914795, 19.8984375, 22.5074005127, 32.4224014282, 15.4907751083, 15.9061203003, 5.68813514709, 3.93036007881, 5.30714988708, 3.37452483177, 1.54201936722, 1.03477084637, 0.882281064987, 0.616444408894, 0.259884506464, 0.0794713497162, 0.0213365312666, 0.00746580259874, 0.00103019038215], "dmean2": [0.00615592813119, 0.2982442379, 2.27656602859, 2.47909140587, 4.04070138931, 8.44850158691, 5.72389745712, 3.77795696259, 2.75392627716, 4.29525470734, 5.56097412109, 4.40202951431, 7.50398015976, 11.4654836655, 8.12401199341, 8.33074569702, 6.89975738525, 31.6372413635, 38.4832229614, 23.201128006, 44.3505172729, 34.1791419983, 31.8222885132, 35.859790802, 52.8257446289, 23.3540287018, 23.2401847839, 7.71705627441, 4.89727020264, 7.38213777542, 4.62213611603, 1.97145199776, 1.23780226707, 1.27557051182, 0.830239117146, 0.319074720144, 0.103645794094, 0.028791103512, 0.0113676879555, 0.00167387258261], "dvar": [2.82708624582e-05, 0.0998123511672, 6.42821073532, 5.78026294708, 22.0853214264, 81.0230102539, 28.6680164337, 12.4313783646, 7.42946338654, 23.0737743378, 35.7241477966, 16.5652256012, 67.8792190552, 167.981689453, 112.399215698, 66.0182876587, 27.6353130341, 604.238647461, 955.075439453, 293.71963501, 1135.70874023, 590.201477051, 481.975189209, 672.626708984, 2221.07739258, 477.918182373, 553.798950195, 59.0386581421, 55.8133239746, 70.8001327515, 26.0508995056, 7.88539409637, 3.72289037704, 3.84138154984, 2.22569823265, 0.341620743275, 0.044196151197, 0.0036835167557, 0.000727763399482, 1.50968016897e-05], "dvar2": [6.73289687256e-05, 0.219360396266, 13.8920383453, 12.9229040146, 63.2446708679, 229.846755981, 72.8735656738, 34.4025917053, 17.9511470795, 62.6167755127, 84.142074585, 33.8898162842, 148.930969238, 373.144958496, 221.289520264, 140.055099487, 67.960357666, 1445.4777832, 2404.57543945, 751.654724121, 2917.89111328, 1572.77368164, 1211.45556641, 1625.19921875, 5666.80419922, 1028.45043945, 1139.30041504, 98.5860214233, 86.8400268555, 146.273742676, 51.9687652588, 11.4680690765, 5.30314445496, 8.00984382629, 4.48293161392, 0.613541781902, 0.0898169204593, 0.00816908571869, 0.00181633827742, 3.95985189243e-05], "max": [0.0527917817235, 3.59924674034, 29.172498703, 33.492061615, 44.2082862854, 102.351875305, 77.0983123779, 46.3678665161, 51.883895874, 84.3588409424, 148.193496704, 79.9808044434, 181.019775391, 211.127990723, 257.018157959, 121.906738281, 64.5863571167, 283.139007568, 485.461425781, 211.740203857, 499.951965332, 268.504943848, 233.278411865, 401.984619141, 586.813232422, 255.236480713, 235.033126831, 87.4371414185, 77.7708969116, 92.947845459, 51.8261260986, 27.5096149445, 16.7323207855, 18.2857952118, 14.7809734344, 6.25929689407, 2.4638338089, 0.656539559364, 0.296331822872, 0.0375741906464], "mean": [0.00599467568099, 0.2822663486, 2.4181728363, 2.88694763184, 3.44014024734, 8.22446060181, 6.42798280716, 4.07566595078, 3.37883210182, 4.66303300858, 7.47958421707, 7.73870611191, 12.3817739487, 16.7749290466, 13.9731111526, 11.6119680405, 9.65343284607, 41.1262283325, 48.0881881714, 30.7276554108, 52.2567634583, 42.3322410583, 42.9333305359, 54.2134170532, 66.3265609741, 33.5858688354, 34.7904968262, 11.6284751892, 6.36297512054, 8.66671085358, 5.78982591629, 2.82883667946, 1.88193297386, 1.51742243767, 0.949117541313, 0.373093873262, 0.112001180649, 0.0269799698144, 0.00778887607157, 0.000988549552858], "median": [0.00330606941134, 0.121201023459, 1.11237835884, 1.57204079628, 2.26104736328, 5.83360958099, 4.10073232651, 2.59388589859, 2.17914223671, 2.69714450836, 4.42523860931, 4.94535541534, 6.08452892303, 8.64819335938, 7.71525669098, 6.99681806564, 7.7641711235, 31.7249832153, 35.4487304688, 24.6660652161, 42.3887405396, 34.3503952026, 35.353427887, 47.4082489014, 46.0544052124, 24.0544891357, 23.3345813751, 6.84259796143, 1.87956953049, 3.08635210991, 2.08972263336, 0.350241780281, 0.12432333082, 0.0621901899576, 0.0184479728341, 0.00645104050636, 0.00149396783672, 0.000194310676306, 1.96400433197e-05, 2.36441846937e-05], "min": [4.96588823361e-22, 2.39591107475e-21, 2.41691318242e-20, 7.99269599981e-20, 2.88502987759e-20, 6.10311498153e-20, 4.73119082842e-19, 9.01538049165e-19, 2.6628099386e-19, 8.82864757029e-19, 1.5306818003e-18, 7.40504440368e-19, 1.30307498975e-18, 9.73556632594e-19, 2.35179649063e-18, 5.41266502364e-18, 4.04473700591e-18, 6.31854773557e-18, 6.57892971674e-18, 6.81320050111e-18, 5.90737900054e-18, 1.08068127821e-17, 1.21790789485e-17, 1.20138587202e-17, 1.16873680508e-17, 1.79563457474e-17, 1.75500809527e-17, 1.51631189462e-17, 1.71370448574e-17, 2.33335640139e-17, 1.54452586727e-17, 1.2932161549e-17, 1.32881478246e-17, 9.47656490921e-18, 8.34748736131e-18, 6.8472737249e-18, 3.53826258865e-18, 1.55878122911e-18, 3.22742662262e-19, 3.61001103299e-20], "var": [5.47868330614e-05, 0.1756465137, 12.0448608398, 13.0263214111, 18.5510444641, 81.2277603149, 56.0966110229, 23.2661762238, 19.267074585, 34.0231132507, 106.020233154, 68.2145690918, 363.781585693, 531.787963867, 624.60723877, 195.536331177, 61.0617790222, 1379.68359375, 2012.42626953, 640.895751953, 1976.9387207, 1139.19091797, 1055.27001953, 1697.06164551, 4760.00732422, 1135.68200684, 1379.72705078, 173.495544434, 143.465164185, 165.363815308, 70.6451950073, 28.6839103699, 12.838757515, 8.61174869537, 4.14235210419, 0.67280381918, 0.0739329978824, 0.00520770251751, 0.00077097461326, 1.38764844451e-05]}, "gfcc": {"mean": [-32.6493721008, 69.4596633911, -151.208892822, 51.2648963928, -46.1839027405, -0.368961364031, -33.9240188599, -3.09230923653, -25.746881485, -9.90008544922, -17.9006671906, -11.020321846, -9.82246208191], "cov": [[40812.2578125, 2635.61645508, -2700.09619141, 1529.37646484, -894.922668457, -230.136947632, -1421.61437988, 42.3269958496, -1257.51306152, -52.1911964417, -960.097045898, -314.020294189, -476.78805542], [2635.61645508, 2504.5871582, -1495.47888184, 764.795898438, -62.5433959961, -273.13470459, 163.233627319, -300.983947754, 198.266662598, -252.115646362, 173.651748657, -175.301269531, 85.9094085693], [-2700.09619141, -1495.47888184, 1634.83752441, -515.365966797, 235.096191406, 208.126205444, -13.2656927109, 291.951324463, -121.820228577, 241.540420532, -135.110275269, 76.6938858032, -75.5543746948], [1529.37646484, 764.795898438, -515.365966797, 553.966369629, -51.2011108398, 48.4719810486, 44.6598587036, -102.684608459, 81.6159210205, -109.973602295, 58.4762992859, -49.7214546204, 4.81098270416], [-894.922668457, -62.5433959961, 235.096191406, -51.2011108398, 261.361755371, -47.2873001099, 113.698257446, 53.2505912781, 1.61976253986, 67.0177841187, 6.83412456512, -32.1693382263, 23.0618801117], [-230.136947632, -273.13470459, 208.126205444, 48.4719810486, -47.2873001099, 273.922851562, -30.1568660736, 44.6769447327, 14.4217576981, -14.349937439, -20.7113666534, 58.104385376, -65.5823974609], [-1421.61437988, 163.233627319, -13.2656927109, 44.6598587036, 113.698257446, -30.1568660736, 204.133514404, -14.3395719528, 90.8709869385, -27.401473999, 83.3419036865, -32.4099655151, 41.8071861267], [42.3269958496, -300.983947754, 291.951324463, -102.684608459, 53.2505912781, 44.6769447327, -14.3395719528, 152.7706604, -57.9371528625, 93.2023849487, -59.3465270996, 26.2625732422, -21.7953357697], [-1257.51306152, 198.266662598, -121.820228577, 81.6159210205, 1.61976253986, 14.4217576981, 90.8709869385, -57.9371528625, 167.508102417, -60.4347877502, 88.2883682251, -11.1713352203, 13.1864423752], [-52.1911964417, -252.115646362, 241.540420532, -109.973602295, 67.0177841187, -14.349937439, -27.401473999, 93.2023849487, -60.4347877502, 160.816650391, -37.2266159058, 8.37951278687, -4.74875736237], [-960.097045898, 173.651748657, -135.110275269, 58.4762992859, 6.83412456512, -20.7113666534, 83.3419036865, -59.3465270996, 88.2883682251, -37.2266159058, 126.982147217, -2.30633568764, 29.0505847931], [-314.020294189, -175.301269531, 76.6938858032, -49.7214546204, -32.1693382263, 58.104385376, -32.4099655151, 26.2625732422, -11.1713352203, 8.37951278687, -2.30633568764, 78.8827438354, -5.21620130539], [-476.78805542, 85.9094085693, -75.5543746948, 4.81098270416, 23.0618801117, -65.5823974609, 41.8071861267, -21.7953357697, 13.1864423752, -4.74875736237, 29.0505847931, -5.21620130539, 76.1458892822]], "icov": [[7.62204144849e-05, -2.75157744909e-05, 0.00010963895329, -0.000192113846424, 2.77736835415e-05, 8.18836779217e-05, 0.000281645247014, -0.000207894932828, 0.000470534112537, 6.24339809292e-05, 0.000163489617989, 0.000238693144638, 0.000353583134711], [-2.75157744909e-05, 0.00143012125045, 0.000742243835703, -0.00109147490002, -0.000308257498546, 0.000912460847758, -0.000429915933637, 5.63927023904e-05, -0.000542551570106, 0.000249179196544, -5.84524605074e-06, 0.000582303036936, 0.000302690634271], [0.00010963895329, 0.000742243835703, 0.0022539247293, 0.000338178651873, -0.00124389387202, -0.000917383295018, 0.000132193599711, -0.00125075713731, 0.000500864756759, -0.000460221082903, 0.000623247004114, 0.00094657560112, 0.000931796559598], [-0.000192113846424, -0.00109147490002, 0.000338178651873, 0.00485133798793, -0.000426238548243, -0.00321680237539, -0.000470769708045, 0.000558919040486, -0.00101074937265, -0.000125475446112, -0.000701057608239, 0.00109508470632, -0.00165577104781], [2.77736835415e-05, -0.000308257498546, -0.00124389387202, -0.000426238548243, 0.00788105092943, 0.00125146051869, -0.00468448689207, -0.000175733715878, 0.000903667067178, -0.00225296407007, 0.00102796277497, 0.0011842319509, -8.10324636404e-05], [8.18836779217e-05, 0.000912460847758, -0.000917383295018, -0.00321680237539, 0.00125146051869, 0.00872346758842, -0.000497756991535, -0.00122883322183, -0.00105966452975, 0.00172053824645, 0.000891582283657, -0.00443710805848, 0.00547876628116], [0.000281645247014, -0.000429915933637, 0.000132193599711, -0.000470769708045, -0.00468448689207, -0.000497756991535, 0.0141725270078, -0.00443842634559, -0.00158585549798, 0.00366704771295, -0.00521898409352, 0.00454247742891, -0.00284657720476], [-0.000207894932828, 5.63927023904e-05, -0.00125075713731, 0.000558919040486, -0.000175733715878, -0.00122883322183, -0.00443842634559, 0.0163182616234, 3.051380736e-05, -0.00655779335648, 0.00488552870229, -0.00465600192547, 0.000863731373101], [0.000470534112537, -0.000542551570106, 0.000500864756759, -0.00101074937265, 0.000903667067178, -0.00105966452975, -0.00158585549798, 3.051380736e-05, 0.0146833015606, 0.00161268305965, -0.00428723730147, 0.00202138419263, 0.00314420904033], [6.24339809292e-05, 0.000249179196544, -0.000460221082903, -0.000125475446112, -0.00225296407007, 0.00172053824645, 0.00366704771295, -0.00655779335648, 0.00161268305965, 0.0126554705203, -0.0026537226513, 0.00145161058754, -0.000443286786322], [0.000163489617989, -5.84524605074e-06, 0.000623247004114, -0.000701057608239, 0.00102796277497, 0.000891582283657, -0.00521898409352, 0.00488552870229, -0.00428723730147, -0.0026537226513, 0.0180746801198, -0.00422805268317, -0.000195031956537], [0.000238693144638, 0.000582303036936, 0.00094657560112, 0.00109508470632, 0.0011842319509, -0.00443710805848, 0.00454247742891, -0.00465600192547, 0.00202138419263, 0.00145161058754, -0.00422805268317, 0.0216384157538, -0.00346345314756], [0.000353583134711, 0.000302690634271, 0.000931796559598, -0.00165577104781, -8.10324636404e-05, 0.00547876628116, -0.00284657720476, 0.000863731373101, 0.00314420904033, -0.000443286786322, -0.000195031956537, -0.00346345314756, 0.0218527000397]]}, "melbands": {"dmean": [9.3530608865e-05, 0.000585675123148, 0.00027158044395, 0.000259317399468, 0.000148578532389, 4.85827658849e-05, 2.5277138775e-05, 3.01534491882e-05, 2.83737263089e-05, 1.69732065842e-05, 2.52467652899e-05, 3.29910435539e-05, 1.91432663996e-05, 1.56324294949e-05, 9.07755384105e-06, 1.30748776428e-05, 4.47072052339e-05, 3.99233831558e-05, 2.08678266063e-05, 3.85642633773e-05, 2.94224209938e-05, 1.56331989274e-05, 3.94603484892e-05, 1.52984648594e-05, 1.99874793907e-05, 2.72302386293e-05, 1.48338840518e-05, 1.1305199223e-05, 1.18630350698e-05, 5.66464723306e-06, 2.9363984595e-06, 2.27730674851e-06, 2.12178679249e-06, 3.76640809918e-06, 2.42476335188e-06, 1.02413889635e-06, 9.41024211443e-07, 7.35303785859e-07, 7.20751756944e-07, 7.69286486957e-07], "dmean2": [0.00014854678011, 0.00090399797773, 0.000425379024819, 0.000450335355708, 0.000250006560236, 8.25671522762e-05, 4.11942965002e-05, 4.97887231177e-05, 4.45863806817e-05, 2.52379559242e-05, 3.8442263758e-05, 4.91743485327e-05, 2.8010994356e-05, 2.38197026192e-05, 1.40730744533e-05, 2.11338046938e-05, 6.94280388416e-05, 6.31790608168e-05, 3.35656768584e-05, 6.39446734567e-05, 4.79108057334e-05, 2.57576739386e-05, 6.54119576211e-05, 2.48780361289e-05, 3.18959282595e-05, 4.43941571575e-05, 2.38406883e-05, 1.73364278453e-05, 1.74579145096e-05, 8.35027003632e-06, 4.06988465329e-06, 2.8722135994e-06, 2.74936837741e-06, 5.71058853893e-06, 3.50749496647e-06, 1.38128234539e-06, 1.24513701394e-06, 9.16895089631e-07, 9.70503606368e-07, 1.12017278298e-06], "dvar": [2.06924486434e-08, 9.82002120509e-07, 1.79008580403e-07, 2.32378283727e-07, 6.01074461315e-08, 5.67901281556e-09, 1.59565771707e-09, 2.88800761084e-09, 2.24123430925e-09, 5.32944577358e-10, 1.71176228747e-09, 3.22920579165e-09, 1.32719379931e-09, 4.65706084807e-10, 1.1431405128e-10, 3.79236364534e-10, 2.958089107e-09, 2.37109643031e-09, 7.0968780852e-10, 2.8826092624e-09, 1.42985234763e-09, 3.20678289478e-10, 2.28057617235e-09, 3.18628429197e-10, 5.42585865126e-10, 1.3609448013e-09, 3.96572302774e-10, 2.91404456121e-10, 2.80786061069e-10, 6.08152070369e-11, 1.89193504613e-11, 2.09811109458e-11, 1.47218834345e-11, 3.99731740763e-11, 1.44263750251e-11, 3.30693805672e-12, 3.34189360213e-12, 1.92095948523e-12, 2.03814938017e-12, 3.0315624143e-12], "dvar2": [4.76570178876e-08, 2.11846122511e-06, 4.18277664949e-07, 6.65283550916e-07, 1.60192755061e-07, 1.55221329123e-08, 3.95751875715e-09, 7.83259679338e-09, 5.38732614075e-09, 1.13206577446e-09, 3.80625797547e-09, 7.18562898072e-09, 2.58298515909e-09, 1.01866259872e-09, 2.51454135292e-10, 9.71016267393e-10, 7.03354974263e-09, 5.97105831446e-09, 1.73959135985e-09, 7.71213048978e-09, 3.66160168852e-09, 8.25187529419e-10, 6.08149219872e-09, 7.89652399025e-10, 1.32559030419e-09, 3.46690431918e-09, 9.79837988524e-10, 6.10753447816e-10, 5.79704062531e-10, 1.26327184824e-10, 3.12265074909e-11, 3.62178897984e-11, 2.44979106445e-11, 9.24853180151e-11, 3.1982843457e-11, 5.96115127746e-12, 5.15560077269e-12, 2.90492976895e-12, 3.85901076719e-12, 6.34454728338e-12], "max": [0.00146375806071, 0.0114558609203, 0.00515369651839, 0.00477501749992, 0.00304918317124, 0.000984645099379, 0.000695419555996, 0.000891648058314, 0.00111991015729, 0.000431037449744, 0.000897949445061, 0.000918343663216, 0.000989775289781, 0.000332381925546, 0.000151750267833, 0.000394469941966, 0.000620828242972, 0.00073458586121, 0.000459847971797, 0.000651088077575, 0.000588639057241, 0.000212755461689, 0.000498254201375, 0.000237531508901, 0.000379066623282, 0.000445017736638, 0.000195690343389, 0.000229777346249, 0.000170973100467, 8.72780292411e-05, 5.81923923164e-05, 4.89845697302e-05, 3.97633266402e-05, 7.70380720496e-05, 4.05734681408e-05, 1.82826861419e-05, 1.72126328835e-05, 1.21708808365e-05, 1.34999590955e-05, 1.54762474267e-05], "mean": [0.000133282577735, 0.000980667769909, 0.000497340923175, 0.000435629743151, 0.000278182356851, 9.14860211196e-05, 4.79812697449e-05, 5.62328132219e-05, 6.29141432e-05, 4.29529027315e-05, 6.09671515122e-05, 6.86432831571e-05, 4.49761319032e-05, 3.52233728336e-05, 1.86714696611e-05, 2.48153446591e-05, 8.66511691129e-05, 7.86922755651e-05, 3.86448045901e-05, 6.4859057602e-05, 5.6637738453e-05, 3.33124189638e-05, 6.58922654111e-05, 2.93475332001e-05, 4.38701754319e-05, 5.5634209275e-05, 3.01060317724e-05, 2.16124299186e-05, 2.45182873186e-05, 1.2206320207e-05, 5.07299046149e-06, 3.39860412168e-06, 3.35773097504e-06, 5.83695782552e-06, 4.03360581913e-06, 1.71879662503e-06, 1.65954963904e-06, 1.28503870656e-06, 1.25234021198e-06, 1.29324598674e-06], "median": [5.75539452257e-05, 0.000486470147735, 0.000294231751468, 0.00032498803921, 0.000170948711457, 5.86242094869e-05, 3.03902543237e-05, 3.26949375449e-05, 3.84582017432e-05, 2.70143627858e-05, 2.98675149679e-05, 3.20981707773e-05, 2.01371858566e-05, 2.25384501391e-05, 1.38544401125e-05, 1.62785017892e-05, 6.50247675367e-05, 5.7422745158e-05, 2.79890009551e-05, 4.42603122792e-05, 4.56587331428e-05, 2.84515335807e-05, 4.674376396e-05, 2.35633087868e-05, 3.68626824638e-05, 3.92586516682e-05, 2.12469167309e-05, 1.46083020809e-05, 1.6125763068e-05, 8.3500490291e-06, 2.14242277252e-06, 8.25228369195e-07, 9.91257820715e-07, 1.98676912078e-06, 1.51002745952e-06, 2.63798483502e-07, 1.09900049949e-07, 7.71570967117e-08, 8.44466967465e-08, 4.02883060246e-08], "min": [3.53260038625e-24, 9.79884520053e-24, 1.17934074242e-23, 1.74286333285e-24, 1.38252480588e-23, 1.8724841053e-23, 4.25792091214e-24, 1.21699480892e-23, 1.02451393134e-23, 5.58253985659e-24, 6.37839993019e-24, 3.25476968911e-24, 6.7075186163e-24, 1.18569186157e-23, 1.31668702693e-23, 8.68656315709e-24, 1.17082333234e-23, 1.10410202918e-23, 1.01707284308e-23, 6.56462316864e-24, 7.11761900194e-24, 1.15003692637e-23, 7.14244366576e-24, 1.56466695132e-23, 8.71714019463e-24, 6.36970668301e-24, 1.31590179478e-23, 1.04676675084e-23, 9.38577317587e-24, 1.03028752542e-23, 9.43468097427e-24, 8.97227516632e-24, 1.24708551372e-23, 1.35461301378e-23, 9.09720154585e-24, 7.91724075877e-24, 7.52936179597e-24, 8.29748591458e-24, 1.0902262814e-23, 6.65194494325e-24], "var": [3.74054529573e-08, 1.82797805337e-06, 3.39553736239e-07, 2.14952308397e-07, 1.01746920222e-07, 1.11969580274e-08, 3.71070907335e-09, 4.74076244927e-09, 6.63159127612e-09, 2.15483009214e-09, 8.92700668942e-09, 1.02135198077e-08, 7.73612018889e-09, 1.70597980187e-09, 3.19299614526e-10, 8.83121797912e-10, 6.6144130173e-09, 5.18815035377e-09, 1.36433908615e-09, 4.93359975096e-09, 2.49132003916e-09, 6.7675859361e-10, 3.91362320329e-09, 5.93479487776e-10, 1.30203925419e-09, 3.15835668729e-09, 9.01753394178e-10, 6.0408206215e-10, 6.7728034292e-10, 1.60101848445e-10, 5.23640263095e-11, 4.81463861834e-11, 3.74142071491e-11, 7.80018480362e-11, 3.35337035917e-11, 1.00060289915e-11, 1.11596825531e-11, 6.18836362362e-12, 5.61784733316e-12, 6.50079426054e-12]}, "mfcc": {"mean": [-642.464538574, 90.1768951416, -36.7573013306, 43.7034263611, 3.96794629097, 6.20609378815, -0.947525799274, 1.763412714, -5.39021635056, 4.61244821548, -8.96349906921, -10.5941581726, -5.8204741478], "cov": [[13338.4140625, 1195.41296387, -402.249908447, 686.950317383, 235.96434021, 29.9040870667, 112.323944092, -102.472480774, -0.661155462265, 36.0977783203, -207.565750122, -242.391296387, -173.34085083], [1195.41296387, 1269.23510742, -629.445861816, 564.758178711, -65.0366897583, 82.1973800659, 16.096704483, 14.8984823227, -25.0525493622, 72.8301391602, -48.9071006775, 22.8564586639, 12.5043783188], [-402.249908447, -629.445861816, 779.632751465, -289.557556152, 165.644592285, 3.79844856262, 67.8323822021, 18.0070457458, 78.9453582764, -21.9552631378, 79.6254196167, 22.806760788, -26.707857132], [686.950317383, 564.758178711, -289.557556152, 417.488311768, -26.9594078064, 52.1799545288, 33.9582748413, 0.273938000202, 5.01838779449, 43.9466400146, -24.8532276154, 30.4576225281, -0.985654890537], [235.96434021, -65.0366897583, 165.644592285, -26.9594078064, 134.348922729, 17.841047287, 46.6576576233, 0.364829093218, 38.6898460388, 10.4759283066, 25.7061634064, 9.42586898804, -3.68597888947], [29.9040870667, 82.1973800659, 3.79844856262, 52.1799545288, 17.841047287, 151.675720215, -17.1354732513, 81.9047851562, -29.8882160187, 19.1789455414, 22.1728458405, 3.03895664215, 12.3872432709], [112.323944092, 16.096704483, 67.8323822021, 33.9582748413, 46.6576576233, -17.1354732513, 144.515853882, -25.5871181488, 57.0975914001, 13.9410057068, 11.2311487198, 26.1454639435, 0.991209328175], [-102.472480774, 14.8984823227, 18.0070457458, 0.273938000202, 0.364829093218, 81.9047851562, -25.5871181488, 157.20022583, -28.4103965759, 4.81541252136, 19.5171260834, -13.5542669296, 24.1928501129], [-0.661155462265, -25.0525493622, 78.9453582764, 5.01838779449, 38.6898460388, -29.8882160187, 57.0975914001, -28.4103965759, 110.248222351, 10.4583520889, 6.37858772278, 29.4874725342, -12.7571573257], [36.0977783203, 72.8301391602, -21.9552631378, 43.9466400146, 10.4759283066, 19.1789455414, 13.9410057068, 4.81541252136, 10.4583520889, 66.6916351318, 19.2002353668, 1.20030021667, 9.92144012451], [-207.565750122, -48.9071006775, 79.6254196167, -24.8532276154, 25.7061634064, 22.1728458405, 11.2311487198, 19.5171260834, 6.37858772278, 19.2002353668, 77.7210998535, 31.1930885315, 0.693440914154], [-242.391296387, 22.8564586639, 22.806760788, 30.4576225281, 9.42586898804, 3.03895664215, 26.1454639435, -13.5542669296, 29.4874725342, 1.20030021667, 31.1930885315, 83.0034561157, 12.5814876556], [-173.34085083, 12.5043783188, -26.707857132, -0.985654890537, -3.68597888947, 12.3872432709, 0.991209328175, 24.1928501129, -12.7571573257, 9.92144012451, 0.693440914154, 12.5814876556, 65.3592758179]], "icov": [[0.000102737649286, -6.28021734883e-05, -1.61874436344e-06, -0.000126030485262, -0.000287887873128, 2.50673056144e-05, -3.4075743315e-05, 4.64113509224e-05, 5.38997737749e-05, 5.85214183957e-05, 0.000129562962684, 0.000317607657053, 0.000183400712558], [-6.28021734883e-05, 0.00260745408013, 0.00131099275313, -0.00242297863588, -0.000595564197283, -0.000292643991997, -7.46056248317e-05, -0.000323313375702, 1.06483639684e-05, -0.000586081529036, 7.47094873077e-06, -0.000341784325428, 0.000133202818688], [-1.61874436344e-06, 0.00131099275313, 0.00345639674924, 0.000528802280314, -0.00269155646674, -0.000575723301154, -0.000715591362678, -0.000609997776337, -0.00089112209389, 0.000412961438997, -0.0010662523564, -0.000533080135938, 0.00123653269839], [-0.000126030485262, -0.00242297863588, 0.000528802280314, 0.00710985064507, 0.00051781028742, -0.00140217703301, -0.00129782874137, -0.000129418593133, -0.000113105663331, -0.00194337032735, 0.00200130906887, -0.00300813955255, 0.00164590287022], [-0.000287887873128, -0.000595564197283, -0.00269155646674, 0.00051781028742, 0.0130139682442, -0.00209787092172, -0.00184777320828, 0.00111255480442, -0.00246709166095, -0.000344274973031, -0.00209897337481, 0.00115167500917, -0.00162258255295], [2.50673056144e-05, -0.000292643991997, -0.000575723301154, -0.00140217703301, -0.00209787092172, 0.0113172084093, 0.00101329223253, -0.00517385220155, 0.00307288393378, -0.00214599072933, -0.000483326381072, -0.00150217011105, 0.000722430297174], [-3.4075743315e-05, -7.46056248317e-05, -0.000715591362678, -0.00129782874137, -0.00184777320828, 0.00101329223253, 0.0100293140858, 0.000829220167361, -0.00345715135336, -0.000500595255289, -0.000497096276376, -0.000588810013141, -0.00162354961503], [4.64113509224e-05, -0.000323313375702, -0.000609997776337, -0.000129418593133, 0.00111255480442, -0.00517385220155, 0.000829220167361, 0.0105014983565, -0.000716721406206, 0.00216743862256, -0.00319203711115, 0.00400509452447, -0.00412868661806], [5.38997737749e-05, 1.06483639684e-05, -0.00089112209389, -0.000113105663331, -0.00246709166095, 0.00307288393378, -0.00345715135336, -0.000716721406206, 0.0151715595275, -0.00389351695776, 0.00362264853902, -0.00571865402162, 0.00398595118895], [5.85214183957e-05, -0.000586081529036, 0.000412961438997, -0.00194337032735, -0.000344274973031, -0.00214599072933, -0.000500595255289, 0.00216743862256, -0.00389351695776, 0.021374059841, -0.00858589448035, 0.00664923200384, -0.00519398227334], [0.000129562962684, 7.47094873077e-06, -0.0010662523564, 0.00200130906887, -0.00209897337481, -0.000483326381072, -0.000497096276376, -0.00319203711115, 0.00362264853902, -0.00858589448035, 0.022692931816, -0.0106090018526, 0.00491082388908], [0.000317607657053, -0.000341784325428, -0.000533080135938, -0.00300813955255, 0.00115167500917, -0.00150217011105, -0.000588810013141, 0.00400509452447, -0.00571865402162, 0.00664923200384, -0.0106090018526, 0.0220261216164, -0.00673233950511], [0.000183400712558, 0.000133202818688, 0.00123653269839, 0.00164590287022, -0.00162258255295, 0.000722430297174, -0.00162354961503, -0.00412868661806, 0.00398595118895, -0.00519398227334, 0.00491082388908, -0.00673233950511, 0.0204258002341]]}, "spectral_contrast_coeffs": {"dmean": [0.0507294163108, 0.0403353460133, 0.034273263067, 0.0329418219626, 0.0256699342281, 0.0250688567758], "dmean2": [0.0851543918252, 0.0648410096765, 0.0551067739725, 0.0511354953051, 0.0404206179082, 0.0380627401173], "dvar": [0.00190679880325, 0.00104755733628, 0.000802418275271, 0.000650965608656, 0.000472961197374, 0.000887244648766], "dvar2": [0.00531614245847, 0.00266027427278, 0.00195852271281, 0.00161725084763, 0.0011732110288, 0.00175197503995], "max": [-0.328081667423, -0.542180359364, -0.560358345509, -0.56820166111, -0.586789488792, -0.570622444153], "mean": [-0.603371083736, -0.754970312119, -0.765463292599, -0.739431798458, -0.734327733517, -0.711517751217], "median": [-0.597384929657, -0.754756808281, -0.766098499298, -0.733857095242, -0.72972035408, -0.708781182766], "min": [-0.968786478043, -0.970030069351, -0.95729136467, -0.954241752625, -0.954458653927, -0.957631826401], "var": [0.00705622881651, 0.00397418579087, 0.0039352029562, 0.00348315970041, 0.00329832849093, 0.00533946137875]}, "spectral_contrast_valleys": {"dmean": [0.463412106037, 0.368951022625, 0.325850725174, 0.288692802191, 0.290374755859, 0.459638416767], "dmean2": [0.762142598629, 0.577186644077, 0.523387014866, 0.429571390152, 0.42806610465, 0.594798743725], "dvar": [0.167486235499, 0.13899306953, 0.119927950203, 0.110663130879, 0.122809149325, 0.424612879753], "dvar2": [0.364169806242, 0.269094198942, 0.222446620464, 0.178623169661, 0.207674831152,