{"lowlevel": {"average_loudness": 0.8899127841, "barkbands_crest": {"dmean": 3.51831126213, "dmean2": 5.47203969955, "dvar": 16.1901035309, "dvar2": 32.7627296448, "max": 26.8449783325, "mean": 17.3527755737, "median": 18.8563690186, "min": 2.07483053207, "var": 58.2113456726}, "barkbands_flatness_db": {"dmean": 0.0549550130963, "dmean2": 0.0747293904424, "dvar": 0.00295987003483, "dvar2": 0.0060951244086, "max": 0.800304055214, "mean": 0.233774706721, "median": 0.215603381395, "min": 0.0220913868397, "var": 0.0161836594343}, "barkbands_kurtosis": {"dmean": 104.742935181, "dmean2": 155.571838379, "dvar": 71336.4140625, "dvar2": 161279.25, "max": 4475.51318359, "mean": 159.0728302, "median": 17.037771225, "min": -1.9442884922, "var": 150287.59375}, "barkbands_skewness": {"dmean": 3.13345170021, "dmean2": 4.48008060455, "dvar": 18.123998642, "dvar2": 37.2988853455, "max": 54.1346130371, "mean": 6.8466091156, "median": 3.99339532852, "min": -4.34444379807, "var": 64.7489318848}, "barkbands_spread": {"dmean": 12.5911188126, "dmean2": 19.3635158539, "dvar": 353.028747559, "dvar2": 739.219787598, "max": 125.875137329, "mean": 22.6946620941, "median": 11.1878290176, "min": 0.0311769004911, "var": 758.256835938}, "dissonance": {"dmean": 0.0163671262562, "dmean2": 0.0283020827919, "dvar": 0.000501068425365, "dvar2": 0.00136143504642, "max": 0.500000059605, "mean": 0.478330761194, "median": 0.486452460289, "min": 0.122478887439, "var": 0.000591550429817}, "dynamic_complexity": 6.68448352814, "erbbands_crest": {"dmean": 3.22100996971, "dmean2": 5.02946233749, "dvar": 11.8352832794, "dvar2": 25.6776752472, "max": 30.3450012207, "mean": 10.1934194565, "median": 8.01033401489, "min": 2.33221459389, "var": 35.8216133118}, "erbbands_flatness_db": {"dmean": 0.0269295033067, "dmean2": 0.0394679494202, "dvar": 0.000746915407944, "dvar2": 0.00168635987211, "max": 0.560122907162, "mean": 0.135114192963, "median": 0.126567512751, "min": 0.0330949835479, "var": 0.0025406498462}, "erbbands_kurtosis": {"dmean": 3.45558667183, "dmean2": 5.4008398056, "dvar": 101.438796997, "dvar2": 253.658187866, "max": 284.88671875, "mean": 2.70417141914, "median": 0.0589938163757, "min": -1.91894006729, "var": 110.939033508}, "erbbands_skewness": {"dmean": 0.86942923069, "dmean2": 1.23015844822, "dvar": 0.891784310341, "dvar2": 2.00542449951, "max": 13.0029392242, "mean": 0.0356766246259, "median": -0.0565093234181, "min": -13.5956363678, "var": 3.06573009491}, "erbbands_spread": {"dmean": 22.1461582184, "dmean2": 33.7985038757, "dvar": 510.348144531, "dvar2": 1268.13708496, "max": 207.317382812, "mean": 64.5564575195, "median": 60.9679641724, "min": 0.386429429054, "var": 1351.54431152}, "hfc": {"dmean": 13.1541795731, "dmean2": 19.2269096375, "dvar": 583.020935059, "dvar2": 1238.37451172, "max": 216.621795654, "mean": 16.973493576, "median": 4.3908662796, "min": 1.12524171287e-16, "var": 865.960571289}, "melbands_crest": {"dmean": 4.09593391418, "dmean2": 6.30919504166, "dvar": 18.5946445465, "dvar2": 41.9274482727, "max": 37.62449646, "mean": 23.8106422424, "median": 26.3070487976, "min": 2.25976490974, "var": 66.1240539551}, "melbands_flatness_db": {"dmean": 0.0647899135947, "dmean2": 0.0869490802288, "dvar": 0.00399574777111, "dvar2": 0.00792524870485, "max": 0.952555418015, "mean": 0.320379823446, "median": 0.310993671417, "min": 0.00900832656771, "var": 0.0259159710258}, "melbands_kurtosis": {"dmean": 101.165885925, "dmean2": 154.260513306, "dvar": 21202.6367188, "dvar2": 46827.8515625, "max": 2444.46826172, "mean": 174.953430176, "median": 80.5369567871, "min": -1.98455619812, "var": 46007.5195312}, "melbands_skewness": {"dmean": 3.07839989662, "dmean2": 4.56609249115, "dvar": 11.0443248749, "dvar2": 24.0592327118, "max": 37.0187835693, "mean": 8.48969650269, "median": 7.31855297089, "min": -2.5311486721, "var": 36.9323158264}, "melbands_spread": {"dmean": 11.716966629, "dmean2": 17.2823314667, "dvar": 444.964508057, "dvar2": 812.096618652, "max": 288.427642822, "mean": 20.9951839447, "median": 5.47703266144, "min": 0.168599486351, "var": 1301.17578125}, "pitch_salience": {"dmean": 0.120949670672, "dmean2": 0.186645835638, "dvar": 0.0176071152091, "dvar2": 0.037559594959, "max": 0.941487789154, "mean": 0.335295855999, "median": 0.281711816788, "min": 0.0256362557411, "var": 0.0563793703914}, "silence_rate_20dB": {"dmean": 0.00677037145942, "dmean2": 0.0135418344289, "dvar": 0.00672450475395, "dvar2": 0.0201292596757, "max": 1, "mean": 0.996615111828, "median": 1, "min": 0, "var": 0.00337345036678}, "silence_rate_30dB": {"dmean": 0.0825340524316, "dmean2": 0.1650814116, "dvar": 0.0757287815213, "dvar2": 0.151519715786, "max": 1, "mean": 0.850660860538, "median": 1, "min": 0, "var": 0.127042174339}, "silence_rate_60dB": {"dmean": 0.0880148336291, "dmean2": 0.176043853164, "dvar": 0.0802726447582, "dvar2": 0.15280431509, "max": 1, "mean": 0.245003223419, "median": 0, "min": 0, "var": 0.184992656112}, "spectral_centroid": {"dmean": 595.756347656, "dmean2": 875.546020508, "dvar": 487209.5, "dvar2": 979210.1875, "max": 11213.2001953, "mean": 1620.09875488, "median": 1255.3762207, "min": 68.2596359253, "var": 1681610}, "spectral_complexity": {"dmean": 3.69098091125, "dmean2": 5.11994218826, "dvar": 43.028591156, "dvar2": 65.8658752441, "max": 61, "mean": 6.38378477097, "median": 2, "min": 0, "var": 101.960784912}, "spectral_decrease": {"dmean": 7.44924877338e-09, "dmean2": 1.12026583565e-08, "dvar": 1.93908036537e-16, "dvar2": 4.45149271584e-16, "max": -8.21230431094e-29, "mean": -1.28326531623e-08, "median": -6.28562579763e-09, "min": -1.23284763731e-07, "var": 3.48798559149e-16}, "spectral_energy": {"dmean": 0.0287958085537, "dmean2": 0.0433476679027, "dvar": 0.00284568755887, "dvar2": 0.00645664194599, "max": 0.468882203102, "mean": 0.0499731190503, "median": 0.0247642844915, "min": 1.05162201616e-20, "var": 0.005184576381}, "spectral_energyband_high": {"dmean": 0.00126071355771, "dmean2": 0.00177752668969, "dvar": 7.0910600698e-06, "dvar2": 1.4864570403e-05, "max": 0.0302414763719, "mean": 0.00147852057125, "median": 0.000145358862937, "min": 7.75435456918e-21, "var": 1.04780338006e-05}, "spectral_energyband_low": {"dmean": 0.025876218453, "dmean2": 0.0388389602304, "dvar": 0.00264309626073, "dvar2": 0.00643823714927, "max": 0.447986245155, "mean": 0.0428100079298, "median": 0.021097458899, "min": 2.45489222301e-23, "var": 0.00420661782846}, "spectral_energyband_middle_high": {"dmean": 0.000755541725084, "dmean2": 0.00115164450835, "dvar": 4.14364239987e-06, "dvar2": 8.29203054309e-06, "max": 0.0230231564492, "mean": 0.000930151029024, "median": 0.000134440080728, "min": 1.59417505079e-21, "var": 5.63804678677e-06}, "spectral_energyband_middle_low": {"dmean": 0.00742844678462, "dmean2": 0.0132181169465, "dvar": 0.000598711369094, "dvar2": 0.0016489638947, "max": 0.26390182972, "mean": 0.00532763870433, "median": 0.000353563111275, "min": 3.6049075346e-22, "var": 0.000396939634811}, "spectral_entropy": {"dmean": 0.315230846405, "dmean2": 0.459006249905, "dvar": 0.148047298193, "dvar2": 0.325123071671, "max": 9.81057071686, "mean": 7.72141313553, "median": 7.93659591675, "min": 2.51080274582, "var": 0.498377919197}, "spectral_flux": {"dmean": 0.0560914464295, "dmean2": 0.0849223360419, "dvar": 0.00570568349212, "dvar2": 0.011203574948, "max": 0.669564545155, "mean": 0.093864031136, "median": 0.0523941218853, "min": 1.02548622372e-10, "var": 0.010606941767}, "spectral_kurtosis": {"dmean": 2.159740448, "dmean2": 3.47615408897, "dvar": 393.933410645, "dvar2": 1166.08410645, "max": 1649.78051758, "mean": 4.00629711151, "median": 2.3942937851, "min": -1.21418917179, "var": 247.850662231}, "spectral_rms": {"dmean": 0.0017761309864, "dmean2": 0.00250542140566, "dvar": 5.86684973314e-06, "dvar2": 1.19761407404e-05, "max": 0.0213879887015, "mean": 0.00542136048898, "median": 0.00491531006992, "min": 3.20308081274e-12, "var": 1.93630476133e-05}, "spectral_rolloff": {"dmean": 1086.73632812, "dmean2": 1843.37243652, "dvar": 5448668, "dvar2": 11055144, "max": 18583.1542969, "mean": 1882.8717041, "median": 129.19921875, "min": 43.06640625, "var": 11837142}, "spectral_skewness": {"dmean": 0.353811174631, "dmean2": 0.512763261795, "dvar": 0.267278969288, "dvar2": 0.649575710297, "max": 33.1512069702, "mean": 1.3325047493, "median": 1.23735785484, "min": -0.927257061005, "var": 0.787566542625}, "spectral_spread": {"dmean": 962652.9375, "dmean2": 1445601.75, "dvar": 1861424381950.0, "dvar2": 3573899853820.0, "max": 39914260, "mean": 6294635, "median": 5751719.5, "min": 58094.796875, "var": 5778666684420.0}, "spectral_strongpeak": {"dmean": 0.198832929134, "dmean2": 0.312054038048, "dvar": 0.196059048176, "dvar2": 0.522764205933, "max": 10.9885368347, "mean": 0.443705171347, "median": 0.351649165154, "min": 0, "var": 0.24229426682}, "zerocrossingrate": {"dmean": 0.0224397648126, "dmean2": 0.0240348037332, "dvar": 0.000951939669903, "dvar2": 0.000856194237713, "max": 0.501953125, "mean": 0.0649791061878, "median": 0.03564453125, "min": 0.001953125, "var": 0.00597362639382}, "barkbands": {"dmean": [0.00134871515911, 0.0235657803714, 0.00282497052103, 0.00286628957838, 0.0037231722381, 0.000546676863451, 0.000314192555379, 0.000121292468975, 9.5468996733e-05, 0.000128632033011, 7.8808516264e-05, 7.43943382986e-05, 6.89817388775e-05, 7.76464876253e-05, 0.000106470150058, 9.08415750018e-05, 9.40956597333e-05, 7.17092843843e-05, 8.54392565088e-05, 0.000125975333503, 0.000200475857127, 0.00038361386396, 0.000236872176174, 0.000108360261947, 0.000163114527822, 0.000132136425236, 5.92533433519e-05], "dmean2": [0.00226670433767, 0.0356237851083, 0.00474175764248, 0.00524743134156, 0.006715612486, 0.000953245500568, 0.000554151309188, 0.000209006073419, 0.00017426534032, 0.000234178602113, 0.000139223920996, 0.000126419879962, 0.000110808439786, 0.000124073718325, 0.000165691788425, 0.000142749253428, 0.000149892031914, 0.000111769673822, 0.000122760306112, 0.000187799654668, 0.000274722115137, 0.000541102839634, 0.000326866254909, 0.000159653820447, 0.000269311363809, 0.000216681801248, 9.40273384913e-05], "dvar": [9.51170477492e-06, 0.00232843565755, 4.78017100249e-05, 0.000138845804031, 0.000144453078974, 2.33368086811e-06, 1.20111621982e-06, 2.01569676506e-07, 1.04763302033e-07, 2.01202198014e-07, 8.84966127046e-08, 5.68006619517e-08, 4.95839955761e-08, 5.38028217534e-08, 1.2457761045e-07, 6.26473877219e-08, 9.5485219731e-08, 3.87520877609e-08, 6.55813678918e-08, 1.99451079652e-07, 2.83257548972e-07, 9.15907605759e-07, 5.97505788846e-07, 4.55659829868e-08, 2.1950683049e-07, 1.55873706831e-07, 2.16312692203e-08], "dvar2": [2.55008544627e-05, 0.00575556512922, 0.00011927986634, 0.000399690819904, 0.000398479314754, 6.11844006926e-06, 3.14363819598e-06, 5.54605207981e-07, 2.9594363582e-07, 5.73146166971e-07, 2.40799039375e-07, 1.43327383739e-07, 1.17179070003e-07, 1.31637833078e-07, 2.74517930166e-07, 1.26900204123e-07, 2.31630849612e-07, 8.13801719346e-08, 1.31268194536e-07, 4.61888561176e-07, 6.01156557423e-07, 1.82111523372e-06, 1.25106714677e-06, 9.5710390724e-08, 5.79533889322e-07, 4.00664333711e-07, 5.2739920875e-08], "max": [0.0348345860839, 0.420738697052, 0.085005402565, 0.150724604726, 0.109870709479, 0.0166193488985, 0.0241236649454, 0.00621793745086, 0.00478529045358, 0.00722820498049, 0.00517345732078, 0.00554435746744, 0.00357775669545, 0.00301935151219, 0.00381722603925, 0.0027416003868, 0.00370111851953, 0.00252650980838, 0.00792853999883, 0.0136621985584, 0.00724403839558, 0.0112598342821, 0.0235433708876, 0.00211707572453, 0.00340213114396, 0.00281716394238, 0.00116294319741], "mean": [0.00147437839769, 0.037213422358, 0.00356825906783, 0.00204680114985, 0.00242010084912, 0.000434313144069, 0.000226572708925, 9.67326777754e-05, 6.99519368936e-05, 9.04296684894e-05, 5.8995152358e-05, 6.53806346236e-05, 6.9656103733e-05, 7.590745372e-05, 0.000110908797069, 9.5032293757e-05, 8.89445145731e-05, 8.15317762317e-05, 0.000105313905806, 0.000165676072356, 0.000275103171589, 0.000435172696598, 0.000291482865578, 0.000122506418847, 0.000133723879117, 0.00010503543308, 5.16448635608e-05], "median": [0.000343861815054, 0.0135283973068, 0.000164272234542, 0.000117722680443, 8.64852554514e-05, 2.46633080678e-05, 1.18978932733e-05, 7.95963751443e-06, 5.90191120864e-06, 7.58785972721e-06, 6.09032167631e-06, 5.1665947467e-06, 6.98460326021e-06, 9.37128243095e-06, 1.20337499538e-05, 8.98927100934e-06, 1.1902404367e-05, 7.36198444429e-06, 1.20520535347e-05, 1.40672063935e-05, 2.1287927666e-05, 2.81016218651e-05, 1.82382646017e-05, 1.20635522762e-05, 9.1747569968e-06, 2.71921135209e-06, 1.83796669262e-06], "min": [1.18140037936e-23, 2.67901936022e-24, 2.73694936079e-24, 1.64530163093e-23, 1.13574765771e-22, 5.12350264247e-23, 4.80801823381e-23, 2.25065266366e-23, 6.41419204829e-23, 9.88102746746e-23, 1.26262400673e-22, 6.64492439674e-23, 1.634437123e-22, 1.02640503603e-22, 1.46684924037e-22, 1.15676177626e-22, 1.31036397545e-22, 2.82529763277e-22, 2.9810276107e-22, 4.19650777513e-22, 3.19677538848e-22, 5.26539688365e-22, 8.16349060075e-22, 7.92822476335e-22, 1.23286898118e-21, 1.62977269575e-21, 2.26226021546e-21], "var": [9.89656655292e-06, 0.00356365321204, 6.76075942465e-05, 8.39198328322e-05, 9.23150873859e-05, 1.94887502403e-06, 8.79008041466e-07, 1.4000045212e-07, 6.86039598463e-08, 1.26039182646e-07, 5.98910929739e-08, 5.62700996909e-08, 5.18850171716e-08, 5.44453762075e-08, 1.34946830599e-07, 7.65822605331e-08, 8.69686971328e-08, 5.04932096135e-08, 1.00287550708e-07, 2.46524109571e-07, 4.90771583372e-07, 1.29796421788e-06, 8.08542836239e-07, 6.65283081958e-08, 1.62513813962e-07, 1.22448142292e-07, 1.94616180949e-08]}, "erbbands": {"dmean": [0.763077676296, 5.06178665161, 4.46697473526, 5.60714387894, 14.7041187286, 10.7217321396, 5.54615736008, 4.36275482178, 3.80568575859, 4.36441087723, 2.70443153381, 1.9938158989, 3.87100863457, 3.49776649475, 3.39440131187, 3.02516412735, 3.16525650024, 3.09186697006, 5.1197476387, 6.41366767883, 4.85758209229, 5.00156211853, 4.27918958664, 3.83857560158, 5.26708030701, 5.17011833191, 5.24182224274, 10.4179201126, 12.6171388626, 10.8314886093, 6.8722615242, 3.10861086845, 1.61972022057, 1.16064691544, 1.5122834444, 0.754529297352, 0.193857610226, 0.0496527254581, 0.0106036448851, 0.000641994702164], "dmean2": [1.17216181755, 7.60426521301, 7.38270235062, 10.0926866531, 26.6041755676, 19.56965065, 9.75778865814, 7.71967744827, 6.71405887604, 7.50915908813, 4.75766468048, 3.59921836853, 7.13853359222, 6.31033802032, 5.94316148758, 5.04783010483, 5.04658746719, 4.76333284378, 7.82532978058, 10.0751361847, 7.54395437241, 7.75061607361, 6.72070646286, 5.42812156677, 7.5088300705, 7.56944179535, 7.19874286652, 14.4715976715, 17.7893333435, 15.0479030609, 10.0675516129, 4.48317337036, 2.45058631897, 1.84656190872, 2.52289438248, 1.25049579144, 0.316823780537, 0.080887593329, 0.0166105702519, 0.00101351609919], "dvar": [2.35851192474, 118.809684753, 111.990257263, 381.944061279, 3077.74731445, 1355.93310547, 256.410888672, 168.568527222, 131.503814697, 269.513092041, 114.726676941, 45.7508201599, 181.007720947, 169.211090088, 162.156860352, 91.1117019653, 95.3123245239, 75.472114563, 277.694213867, 475.26385498, 175.196380615, 248.66027832, 155.459884644, 119.168334961, 286.750030518, 265.266357422, 156.581893921, 733.528381348, 1033.24975586, 676.532653809, 760.247497559, 50.6268234253, 10.2830429077, 8.11870861053, 20.3410663605, 5.08643245697, 0.344324946404, 0.0202218350023, 0.000654819887131, 2.28039925787e-06], "dvar2": [5.72583913803, 297.274597168, 278.353027344, 1086.47583008, 8581.57128906, 3790.98242188, 684.714477539, 456.085601807, 353.78793335, 693.372375488, 321.615509033, 128.661056519, 516.341552734, 475.796539307, 440.703979492, 220.80859375, 219.214385986, 163.480133057, 630.058166504, 1131.15722656, 397.935668945, 581.628173828, 318.61529541, 226.219726562, 522.733703613, 595.529541016, 299.420532227, 1566.06884766, 2058.03588867, 1313.86791992, 1702.88244629, 113.678398132, 22.5532608032, 20.5278663635, 53.9442558289, 13.2639703751, 0.881923377514, 0.0517382994294, 0.00157752272207, 5.53670406589e-06], "max": [17.9802265167, 99.1218490601, 107.54549408, 270.089782715, 649.008666992, 499.179595947, 149.734939575, 141.363021851, 151.304016113, 399.43460083, 174.014343262, 106.812057495, 259.215270996, 169.242324829, 215.540710449, 251.810302734, 153.645614624, 168.851638794, 192.267181396, 268.502716064, 148.781387329, 203.131576538, 142.795700073, 404.360168457, 466.392120361, 463.925964355, 233.418792725, 352.176239014, 394.589202881, 317.624786377, 899.359558105, 156.493057251, 31.6241493225, 21.7435436249, 32.9029464722, 16.4135818481, 4.2055773735, 1.10094571114, 0.202484950423, 0.0128912832588], "mean": [1.28474199772, 7.4943857193, 5.97605800629, 4.80309724808, 9.77259635925, 6.96711683273, 4.14170598984, 3.30972838402, 2.7746860981, 3.28154087067, 2.09410190582, 1.50163090229, 2.73350453377, 2.4877114296, 2.60472536087, 2.79075312614, 3.27583670616, 3.28860497475, 5.2404499054, 6.27107954025, 4.80545186996, 4.861764431, 4.71877622604, 4.72231864929, 6.81217336655, 7.17877197266, 7.57645511627, 13.510008812, 14.7305545807, 12.4341783524, 7.9749121666, 3.55163598061, 1.77149569988, 1.0819478035, 1.1757620573, 0.592726111412, 0.153256684542, 0.0401785671711, 0.00909775495529, 0.00060258776648], "median": [0.41656062007, 2.47153711319, 1.03908157349, 0.408219635487, 0.427805185318, 0.235662385821, 0.227745369077, 0.19536626339, 0.182651251554, 0.223442107439, 0.163048014045, 0.154009908438, 0.220492273569, 0.225797086954, 0.270426511765, 0.254418998957, 0.329100370407, 0.400374412537, 0.720436215401, 0.622248649597, 0.534007847309, 0.636810779572, 0.437286198139, 0.529540538788, 0.636529505253, 0.650415718555, 0.686280608177, 0.949518918991, 1.01392614841, 0.763952493668, 0.491512715816, 0.303995013237, 0.176117837429, 0.106467463076, 0.0568677037954, 0.0204269140959, 0.0029564849101, 0.00103110680357, 0.000355717813363, 8.38730920805e-05], "min": [1.51126034229e-22, 5.50871591805e-22, 3.11584881141e-21, 3.59565040207e-20, 3.26509125784e-20, 3.98297675455e-19, 9.24345796797e-19, 2.90529431625e-19, 8.51244072054e-19, 4.40553757608e-19, 6.78866611734e-19, 1.7528213606e-18, 2.77397231128e-18, 3.15348298311e-18, 4.6858081845e-18, 3.44394559405e-18, 7.48949096222e-18, 6.07239408812e-18, 8.48584407211e-18, 4.93570192909e-18, 7.09236651322e-18, 8.5711462456e-18, 1.2300103744e-17, 1.98673215596e-17, 1.18704156758e-17, 1.81083286045e-17, 1.9383346455e-17, 1.18140284278e-17, 1.83251789651e-17, 2.44826436162e-17, 2.20482179862e-17, 1.5634234701e-17, 1.64210654433e-17, 1.12894139397e-17, 9.04269792458e-18, 7.02451867784e-18, 2.70517880166e-18, 1.15777306373e-18, 3.44579480801e-19, 3.30730525718e-20], "var": [4.00466537476, 161.275009155, 141.626205444, 249.495544434, 1924.08410645, 838.90246582, 182.278503418, 133.338134766, 92.336151123, 206.771484375, 74.9431686401, 30.4110145569, 113.860229492, 106.50995636, 111.206352234, 98.7803649902, 105.971458435, 91.3174133301, 291.355285645, 458.467010498, 188.552429199, 242.045211792, 190.470214844, 187.944839478, 474.821655273, 377.257904053, 323.42098999, 1192.95532227, 1511.58129883, 1040.33178711, 852.556640625, 66.6186904907, 13.3443431854, 6.97552728653, 14.7473154068, 3.83449697495, 0.274589151144, 0.0164313688874, 0.000602034386247, 2.08833671422e-06]}, "gfcc": {"mean": [-101.480056763, 45.9277191162, -67.991065979, 54.7701950073, -31.3408985138, 24.2461624146, -21.8096790314, 3.82544112206, -11.3253126144, 5.47905445099, -12.2938966751, 2.54851794243, -5.26448535919], "cov": [[14288.7890625, -841.278442383, 1294.65771484, 1669.53442383, -671.491271973, 351.04800415, 91.3870162964, 137.74395752, 50.3794937134, 148.064254761, -46.9075737, 105.338790894, -214.206069946], [-841.278442383, 2802.85229492, 182.035934448, 156.22883606, 790.71282959, 209.41394043, 349.779266357, 238.200088501, 238.919296265, 3.48518538475, 134.19329834, -86.2668228149, 38.3115158081], [1294.65771484, 182.035934448, 1751.87683105, 546.102539062, 520.904541016, 424.190490723, 273.651977539, 147.417266846, 197.688522339, 155.960540771, 24.0539054871, 155.392318726, -45.4002037048], [1669.53442383, 156.22883606, 546.102539062, 1424.2409668, 92.5819320679, 463.105102539, 343.71987915, 178.480941772, 256.560577393, 89.0652770996, 113.58190918, -15.3088645935, 7.73791837692], [-671.491271973, 790.71282959, 520.904541016, 92.5819320679, 1162.47888184, 353.45501709, 315.866455078, 232.624084473, 182.911758423, 120.828697205, 17.878320694, 19.1601448059, 2.74583125114], [351.04800415, 209.41394043, 424.190490723, 463.105102539, 353.45501709, 426.366821289, 274.717895508, 166.498703003, 169.312026978, 83.211151123, 42.8479537964, 19.7557487488, -6.6911482811], [91.3870162964, 349.779266357, 273.651977539, 343.71987915, 315.866455078, 274.717895508, 356.557922363, 210.241378784, 180.394714355, 91.2042388916, 76.0534591675, 16.1722660065, 20.4810676575], [137.74395752, 238.200088501, 147.417266846, 178.480941772, 232.624084473, 166.498703003, 210.241378784, 221.776580811, 146.864639282, 104.568710327, 51.3400611877, 33.7296028137, 18.8918609619], [50.3794937134, 238.919296265, 197.688522339, 256.560577393, 182.911758423, 169.312026978, 180.394714355, 146.864639282, 213.637588501, 109.544197083, 86.0151290894, 26.748254776, 27.6253318787], [148.064254761, 3.48518538475, 155.960540771, 89.0652770996, 120.828697205, 83.211151123, 91.2042388916, 104.568710327, 109.544197083, 162.033752441, 75.0813217163, 73.8439941406, 17.7255516052], [-46.9075737, 134.19329834, 24.0539054871, 113.58190918, 17.878320694, 42.8479537964, 76.0534591675, 51.3400611877, 86.0151290894, 75.0813217163, 131.802856445, 45.0599365234, 57.2693099976], [105.338790894, -86.2668228149, 155.392318726, -15.3088645935, 19.1601448059, 19.7557487488, 16.1722660065, 33.7296028137, 26.748254776, 73.8439941406, 45.0599365234, 119.498123169, 31.094833374], [-214.206069946, 38.3115158081, -45.4002037048, 7.73791837692, 2.74583125114, -6.6911482811, 20.4810676575, 18.8918609619, 27.6253318787, 17.7255516052, 57.2693099976, 31.094833374, 94.0127029419]], "icov": [[9.97491952148e-05, 1.40842033147e-07, -6.55516705592e-05, -0.000132333065267, 8.71798474691e-05, 2.0063807824e-05, 9.4927054306e-05, -0.00019901082851, 0.000177406807779, -9.82084384304e-05, 4.03222111345e-05, -3.39780963259e-05, 0.00017770951672], [1.40842033147e-07, 0.000583764922339, -3.93117443309e-05, 4.36337468273e-05, -0.000401672848966, 0.000312795309583, -9.84358630376e-05, -0.000414432986872, -0.000380535930162, 0.000977858435363, -0.00103376782499, 0.000413960311562, 0.000298839586321], [-6.55516705592e-05, -3.93117443309e-05, 0.00109681172762, -0.000190659367945, -0.000345711014234, -0.000410874228692, -0.000354866147973, 0.000996837276034, -0.000635171309114, -3.1471157854e-05, 0.000773831736296, -0.00181535317097, 0.00059148640139], [-0.000132333065267, 4.36337468273e-05, -0.000190659367945, 0.00162159011234, 0.000417739385739, -0.00137417484075, -0.000441986892838, 0.000320241349982, -0.00084040540969, 0.0003218910133, -0.000814455386717, 0.00110979948658, -0.000307578855427], [8.71798474691e-05, -0.000401672848966, -0.000345711014234, 0.000417739385739, 0.00191320816521, -0.00120781175792, -0.000396207004087, -0.0003884822072, 0.00035467845737, -0.00133809121326, 0.00124689901713, 0.000635834410787, -0.00063827179838], [2.0063807824e-05, 0.000312795309583, -0.000410874228692, -0.00137417484075, -0.00120781175792, 0.0073399185203, -0.00291843828745, -8.49717180245e-05, -0.00125947024208, 0.000739886483643, 0.000591475807596, -0.000733725319151, 0.00115644570906], [9.4927054306e-05, -9.84358630376e-05, -0.000354866147973, -0.000441986892838, -0.000396207004087, -0.00291843828745, 0.0106011088938, -0.00683938991278, -0.000581282074563, 0.00198023742996, -0.00320406095125, 0.00132842699531, 0.000300019863062], [-0.00019901082851, -0.000414432986872, 0.000996837276034, 0.000320241349982, -0.0003884822072, -8.49717180245e-05, -0.00683938991278, 0.0156911872327, -0.00429947813973, -0.00513012427837, 0.00494418758899, -0.00213092076592, -0.00156376208179], [0.000177406807779, -0.000380535930162, -0.000635171309114, -0.00084040540969, 0.00035467845737, -0.00125947024208, -0.000581282074563, -0.00429947813973, 0.0146530847996, -0.00521918991581, -0.00362429604866, 0.00330121745355, -0.000993454596028], [-9.82084384304e-05, 0.000977858435363, -3.1471157854e-05, 0.0003218910133, -0.00133809121326, 0.000739886483643, 0.00198023742996, -0.00513012427837, -0.00521918991581, 0.0182532034814, -0.00735478801653, -0.00642010848969, 0.00472313864157], [4.03222111345e-05, -0.00103376782499, 0.000773831736296, -0.000814455386717, 0.00124689901713, 0.000591475807596, -0.00320406095125, 0.00494418758899, -0.00362429604866, -0.00735478801653, 0.0198787953705, -0.00322941225022, -0.00792561471462], [-3.39780963259e-05, 0.000413960311562, -0.00181535317097, 0.00110979948658, 0.000635834410787, -0.000733725319151, 0.00132842699531, -0.00213092076592, 0.00330121745355, -0.00642010848969, -0.00322941225022, 0.0172997787595, -0.00466036377475], [0.00017770951672, 0.000298839586321, 0.00059148640139, -0.000307578855427, -0.00063827179838, 0.00115644570906, 0.000300019863062, -0.00156376208179, -0.000993454596028, 0.00472313864157, -0.00792561471462, -0.00466036377475, 0.0173516049981]]}, "melbands": {"dmean": [0.00679126381874, 0.00378899183124, 0.0013260220876, 0.000960659119301, 0.000232002625125, 9.61739351624e-05, 6.16294273641e-05, 4.27623235737e-05, 2.0383453375e-05, 1.29488089442e-05, 1.9465411242e-05, 1.42819362736e-05, 1.0929344171e-05, 7.94951029093e-06, 8.5584106273e-06, 6.82478548697e-06, 5.64331503483e-06, 8.26192263048e-06, 9.27694509301e-06, 7.23601260688e-06, 6.1117302721e-06, 5.59312138648e-06, 4.46221883976e-06, 3.3968765365e-06, 3.21772972711e-06, 3.09823394673e-06, 5.64270840187e-06, 2.94194228445e-06, 2.734826694e-06, 5.65589243706e-06, 6.13036036157e-06, 6.96155302649e-06, 8.04766568763e-06, 5.21949186805e-06, 4.04400861953e-06, 3.38910103892e-06, 1.44820501191e-06, 1.16863247968e-06, 9.26848088056e-07, 9.99771032184e-07], "dmean2": [0.0102492412552, 0.00593063281849, 0.002378877718, 0.00173769635148, 0.000412034802139, 0.00016868437524, 0.00010916894098, 7.32205880922e-05, 3.63699618902e-05, 2.34234557865e-05, 3.59519690392e-05, 2.58300042333e-05, 1.91592389456e-05, 1.3863701497e-05, 1.38837613122e-05, 1.09827560664e-05, 8.81566484168e-06, 1.27982248159e-05, 1.46169750224e-05, 1.12214047476e-05, 1.01862315205e-05, 9.17948364076e-06, 7.16060367267e-06, 5.20392586623e-06, 4.67908830615e-06, 4.56246516478e-06, 8.35190803627e-06, 4.44740089733e-06, 3.81717791242e-06, 7.99643476057e-06, 8.85795088834e-06, 1.01043915492e-05, 1.14107970148e-05, 7.24464098312e-06, 5.9518879425e-06, 5.2384079936e-06, 2.14659962694e-06, 1.75539173597e-06, 1.45095657444e-06, 1.6111101786e-06], "dvar": [0.000184349701158, 7.24516357877e-05, 2.34965700656e-05, 1.02719368442e-05, 4.92272192787e-07, 7.67580345951e-08, 3.78979123639e-08, 2.45005882249e-08, 6.88989576503e-09, 1.92138061017e-09, 4.57829152367e-09, 2.76111444819e-09, 1.64160296467e-09, 7.00592472924e-10, 7.14762138365e-10, 4.84899953523e-10, 2.42112052629e-10, 7.15846271149e-10, 1.06084108165e-09, 4.83105999649e-10, 3.47055273409e-10, 3.57763263459e-10, 2.04152403316e-10, 8.36153160599e-11, 9.77043237982e-11, 9.18228409974e-11, 5.30736621318e-10, 6.89287932287e-11, 4.50402597163e-11, 2.34289643242e-10, 2.42603714895e-10, 2.65708038905e-10, 5.68409819213e-10, 1.37903674591e-10, 2.17514034562e-10, 1.9781601357e-10, 8.42313458566e-12, 5.45344151781e-12, 3.92530452586e-12, 6.53644499637e-12], "dvar2": [0.000446166464826, 0.000184105374501, 6.62978927721e-05, 2.84980596916e-05, 1.33944274694e-06, 2.05476482051e-07, 1.00519976343e-07, 6.28920417967e-08, 1.96129086305e-08, 5.3976010328e-09, 1.30833326395e-08, 7.78297426507e-09, 4.45275283312e-09, 1.86873694297e-09, 1.64456870344e-09, 1.169129904e-09, 5.24705334737e-10, 1.70108949149e-09, 2.46513365276e-09, 1.13534870394e-09, 8.83872863788e-10, 9.083483965e-10, 4.16274015258e-10, 1.85018431131e-10, 1.94184654467e-10, 1.96649085904e-10, 1.17318366133e-09, 1.59640314856e-10, 8.84088635633e-11, 5.13601383645e-10, 5.28765253804e-10, 5.32482002935e-10, 1.1479061035e-09, 2.61037969018e-10, 4.53883902685e-10, 5.12120568175e-10, 1.76115476369e-11, 1.17518503609e-11, 9.26609136642e-12, 1.69061206007e-11], "max": [0.136015877128, 0.0802560299635, 0.0612571537495, 0.0313684754074, 0.00820965971798, 0.00305882818066, 0.00311616668478, 0.00354338856414, 0.00143220811151, 0.000702689867467, 0.00131795054767, 0.000657383003272, 0.000659101060592, 0.000428346858826, 0.00060644664336, 0.00036688009277, 0.000304945831886, 0.000319726910675, 0.000370219117031, 0.000275946629699, 0.000218098983169, 0.000237551183091, 0.00019040783809, 0.000167993144714, 0.000389369699406, 0.000295502017252, 0.000733264314476, 0.00024397544621, 0.000153092027176, 0.000205989417736, 0.000218161672819, 0.000200927810511, 0.000305942870909, 0.000148516934132, 0.00043619927601, 0.000460485927761, 2.90931275231e-05, 2.4021437639e-05, 1.6629761376e-05, 1.94820713659e-05], "mean": [0.0111652892083, 0.00544059462845, 0.00105271721259, 0.000626501685474, 0.000167480044183, 7.46056175558e-05, 4.48598802905e-05, 3.258968718e-05, 1.56364021677e-05, 9.56455733103e-06, 1.36720245791e-05, 1.00215302155e-05, 8.30177214084e-06, 6.70115468893e-06, 8.18838543637e-06, 6.97517862136e-06, 5.91282969253e-06, 8.10095752968e-06, 9.16259978112e-06, 7.17715784049e-06, 5.548743502e-06, 5.11984535478e-06, 4.59481270809e-06, 3.81674226446e-06, 3.7794304717e-06, 3.95428151023e-06, 6.75241244608e-06, 4.10217489843e-06, 3.73959574063e-06, 7.67306391936e-06, 7.55772816774e-06, 8.21618323243e-06, 8.67030394147e-06, 6.24932636129e-06, 4.82707810079e-06, 3.43733063346e-06, 1.68087660768e-06, 1.30100738716e-06, 9.28232111619e-07, 8.89461603037e-07], "median": [0.0034975875169, 0.0018147790106, 7.79351175879e-05, 2.29415672948e-05, 8.98854159459e-06, 4.34460798715e-06, 2.76830860457e-06, 2.34132903643e-06, 1.20811910165e-06, 8.94615595826e-07, 1.07904702418e-06, 8.44381474963e-07, 8.80027755557e-07, 6.12238977737e-07, 7.07701587999e-07, 6.44270926387e-07, 7.1681637337e-07, 1.14208728519e-06, 8.84971598225e-07, 6.32529008726e-07, 6.17464479546e-07, 6.61688090986e-07, 4.40935593815e-07, 3.58906390829e-07, 3.98792508349e-07, 4.30748855251e-07, 4.18333797825e-07, 4.12009910633e-07, 3.31124908826e-07, 5.77883554342e-07, 5.1596140338e-07, 5.79348238716e-07, 4.82487735098e-07, 3.76803654945e-07, 2.74356978025e-07, 2.40546512487e-07, 1.56954342856e-07, 1.26192730932e-07, 9.86244330647e-08, 7.72320518649e-08], "min": [2.21583021338e-24, 1.17640913808e-24, 5.71915005499e-24, 1.04366613305e-23, 3.30481064676e-23, 7.68037028362e-24, 1.17041730563e-23, 4.34844191215e-24, 7.15896399084e-24, 1.0012648594e-23, 1.34062950761e-23, 1.17911702147e-23, 1.8062694875e-23, 7.33581477288e-24, 1.19974754852e-23, 1.60555266541e-23, 1.05628396323e-23, 1.40770761255e-23, 8.02529892556e-24, 5.13879337006e-24, 9.70367228776e-24, 8.19867477531e-24, 1.04495663061e-23, 1.1317919147e-23, 1.70617897362e-23, 9.88229406253e-24, 6.60582497929e-24, 1.42156458544e-23, 1.43123633569e-23, 7.65663740328e-24, 6.16283067163e-24, 9.68666839095e-24, 1.13841795187e-23, 1.41763732031e-23, 1.32932260648e-23, 9.55438430575e-24, 9.71702060314e-24, 1.07459736914e-23, 1.26857518918e-23, 8.31096202542e-24], "var": [0.0003094470012, 8.6124149675e-05, 1.50290888996e-05, 6.50688434689e-06, 3.30872410359e-07, 6.28394545288e-08, 2.71406541685e-08, 1.90563564928e-08, 4.34543823147e-09, 1.26915100651e-09, 2.85979706582e-09, 1.72561798184e-09, 1.12534359609e-09, 5.66483748798e-10, 8.02640731656e-10, 5.29804422555e-10, 2.96209112793e-10, 7.05263125678e-10, 1.05132369477e-09, 4.97345054029e-10, 2.94309160376e-10, 2.97103369684e-10, 2.29518640205e-10, 1.08471079341e-10, 1.37371461428e-10, 1.42163919525e-10, 6.26428353634e-10, 1.02301792038e-10, 8.498986237e-11, 3.91783244735e-10, 3.68491542835e-10, 4.14334289101e-10, 7.12854275609e-10, 2.39024605664e-10, 2.8484326009e-10, 1.61451560454e-10, 1.34596474591e-11, 7.4676827222e-12, 4.03151427172e-12, 5.28900100799e-12]}, "mfcc": {"mean": [-759.818664551, 82.1398544312, 29.461889267, 41.2837028503, 21.1769237518, 29.1908168793, 6.77482318878, 10.4898891449, 8.18911933899, 6.0635175705, 4.07251882553, 2.40387392044, 2.37316918373], "cov": [[13593.1044922, -1405.38134766, 1115.09912109, 1149.87426758, -470.539855957, 241.355911255, -112.058113098, 181.226379395, -89.1223068237, 132.481277466, 91.9060897827, 16.0072116852, 103.548530579], [-1405.38134766, 2660.92480469, -256.940582275, -12.04662323, 570.574584961, 83.9517059326, 301.327423096, 161.607192993, 220.454803467, 135.708709717, 71.2555923462, 139.188735962, 92.1423187256], [1115.09912109, -256.940582275, 1248.8416748, 508.321136475, 91.6544876099, 338.32800293, 74.1795578003, 219.936126709, 74.3655395508, 119.619689941, 130.692214966, 73.1977539062, 96.4135437012], [1149.87426758, -12.04662323, 508.321136475, 733.784851074, 259.217041016, 361.903167725, 198.148803711, 251.947067261, 162.122406006, 197.186584473, 143.582107544, 123.38129425, 114.620201111], [-470.539855957, 570.574584961, 91.6544876099, 259.217041016, 591.708190918, 329.51550293, 252.366119385, 192.838012695, 211.869796753, 144.747146606, 111.648544312, 106.479003906, 85.8560562134], [241.355911255, 83.9517059326, 338.32800293, 361.903167725, 329.51550293, 415.217651367, 222.81211853, 234.630187988, 177.012619019, 162.409622192, 130.353805542, 112.119911194, 94.245223999], [-112.058113098, 301.327423096, 74.1795578003, 198.148803711, 252.366119385, 222.81211853, 270.880157471, 189.026199341, 174.683532715, 124.454902649, 104.754432678, 83.2026062012, 71.6345825195], [181.226379395, 161.607192993, 219.936126709, 251.947067261, 192.838012695, 234.630187988, 189.026199341, 256.023529053, 175.388153076, 150.832015991, 107.898574829, 91.8619842529, 83.1663894653], [-89.1223068237, 220.454803467, 74.3655395508, 162.122406006, 211.869796753, 177.012619019, 174.683532715, 175.388153076, 212.794311523, 148.677536011, 107.243141174, 88.5710220337, 73.7322998047], [132.481277466, 135.708709717, 119.619689941, 197.186584473, 144.747146606, 162.409622192, 124.454902649, 150.832015991, 148.677536011, 183.77507019, 118.568969727, 98.8923721313, 79.7317199707], [91.9060897827, 71.2555923462, 130.692214966, 143.582107544, 111.648544312, 130.353805542, 104.754432678, 107.898574829, 107.243141174, 118.568969727, 140.922317505, 93.7021942139, 76.9616317749], [16.0072116852, 139.188735962, 73.1977539062, 123.38129425, 106.479003906, 112.119911194, 83.2026062012, 91.8619842529, 88.5710220337, 98.8923721313, 93.7021942139, 115.350418091, 87.4861984253], [103.548530579, 92.1423187256, 96.4135437012, 114.620201111, 85.8560562134, 94.245223999, 71.6345825195, 83.1663894653, 73.7322998047, 79.7317199707, 76.9616317749, 87.4861984253, 106.322639465]], "icov": [[9.99626281555e-05, 9.95198661258e-06, -2.16519538299e-06, -0.00020717534062, 0.000139119365485, -2.97109236271e-05, 7.08914158167e-05, -2.58500458585e-05, 3.73647089873e-05, -8.90600949788e-06, -4.09177264373e-05, 0.000178027738002, -0.000130320957396], [9.95198661258e-06, 0.000636794022284, -7.65688964748e-05, 0.000166383979376, -0.000829292577691, 0.000986713333987, -0.000695646565873, -0.000238227978116, 0.00028451331309, -0.000366355117876, 0.000660796300508, -0.00098528759554, 0.000188409670955], [-2.16519538299e-06, -7.65688964748e-05, 0.00152637227438, -0.000688779808115, 0.000477887457237, -0.00131934520323, 0.00126050610561, -0.00101802393328, 0.000341234233929, 0.000808833166957, -0.00143622013275, 0.00145352538675, -0.000842084584292], [-0.00020717534062, 0.000166383979376, -0.000688779808115, 0.00351023883559, -0.000684378377628, -0.00085029163165, -0.000783950206824, -0.000632486538962, 0.00118235230912, -0.00200639758259, 0.000866530288476, -0.000828071497381, -3.39544931194e-05], [0.000139119365485, -0.000829292577691, 0.000477887457237, -0.000684378377628, 0.00531317386776, -0.00416005542502, -0.00027712478186, 0.00180817663204, -0.00279501802288, 0.00125423166901, -0.000240975394263, 0.00106882234104, -0.000650235975627], [-2.97109236271e-05, 0.000986713333987, -0.00131934520323, -0.00085029163165, -0.00416005542502, 0.0109924394637, -0.00327659212053, -0.00326611939818, 0.00186650757678, -0.0013298150152, 0.00081153830979, -0.00358300283551, 0.00172836193815], [7.08914158167e-05, -0.000695646565873, 0.00126050610561, -0.000783950206824, -0.00027712478186, -0.00327659212053, 0.0127409743145, -0.00417741341516, -0.0042534135282, 0.00329549005255, -0.00401161145419, 0.00282135070302, -0.000891849573236], [-2.58500458585e-05, -0.000238227978116, -0.00101802393328, -0.000632486538962, 0.00180817663204, -0.00326611939818, -0.00417741341516, 0.015747115016, -0.00613367324695, -0.00308494106866, 0.00230623129755, 0.000224405928748, -0.00151841482148], [3.73647089873e-05, 0.00028451331309, 0.000341234233929, 0.00118235230912, -0.00279501802288, 0.00186650757678, -0.0042534135282, -0.00613367324695, 0.0196429472417, -0.00831010192633, -0.00127055263147, 4.47720994998e-05, -0.000108285166789], [-8.90600949788e-06, -0.000366355117876, 0.000808833166957, -0.00200639758259, 0.00125423166901, -0.0013298150152, 0.00329549005255, -0.00308494106866, -0.00831010192633, 0.0213825572282, -0.00790464039892, -0.00370189873502, 0.000610235147178], [-4.09177264373e-05, 0.000660796300508, -0.00143622013275, 0.000866530288476, -0.000240975394263, 0.00081153830979, -0.00401161145419, 0.00230623129755, -0.00127055263147, -0.00790464039892, 0.0230715777725, -0.0105407442898, -0.00100873783231], [0.000178027738002, -0.00098528759554, 0.00145352538675, -0.000828071497381, 0.00106882234104, -0.00358300283551, 0.00282135070302, 0.000224405928748, 4.47720994998e-05, -0.00370189873502, -0.0105407442898, 0.0360156185925, -0.0187684018165], [-0.000130320957396, 0.000188409670955, -0.000842084584292, -3.39544931194e-05, -0.000650235975627, 0.00172836193815, -0.000891849573236, -0.00151841482148, -0.000108285166789, 0.000610235147178, -0.00100873783231, -0.0187684018165, 0.0267417989671]]}, "spectral_contrast_coeffs": {"dmean": [0.0636998042464, 0.0487921200693, 0.0347585380077, 0.0255192201585, 0.0228334255517, 0.0207830797881], "dmean2": [0.104020468891, 0.0818249359727, 0.0573413223028, 0.0428508035839, 0.0360478982329, 0.0302805900574], "dvar": [0.0035051535815, 0.00159429374617, 0.000927012995817, 0.000471096544061, 0.000387044070521, 0.000455959059764], "dvar2": [0.00851023755968, 0.00434809178114, 0.00245170434937, 0.00127957377117, 0.000964147446211, 0.0010417929152], "max": [-0.307279258966, -0.426002830267, -0.559420526028, -0.657567977905, -0.64362180233, -0.56522923708], "mean": [-0.652501583099, -0.801879942417, -0.846650183201, -0.848941385746, -0.835634410381, -0.772520124912], "median": [-0.665293991566, -0.806549727917, -0.852983236313, -0.853074371815, -0.840439796448, -0.78730070591], "min": [-0.977433919907, -0.992115199566, -0.956619143486, -0.968807578087, -0.957796394825, -0.965758621693], "var": [0.00995495542884, 0.00369531591423, 0.00196135113947, 0.00108178029768, 0.00124630087521, 0.00322055746801]}, "spectral_contrast_valleys": {"dmean": [0.757593631744, 0.740057528019, 0.662414550781, 0.536506175995, 0.57723492384, 0.65923088789], "dmean2": [1.08235955238, 1.12329053879, 0.997090637684, 0.798141300678, 0.791160166264, 0.821187615395], "dvar": [0.670547485352, 0.581940114498, 0.456744909286, 0.3955963552, 0.394084632397, 0.501243472099], "dvar2": [1.15618550777, 1.23584449291, 0.990594685078, 0.843172609806, 0.858421802521, 1.02397692204], "max": [-4.54922294617, -4.68578624725, -5.16165971756, -5.76375722885, -5.35052251816, -7.69770288467], "mean": [-8.12272453308, -8.3