{"lowlevel": {"average_loudness": 0.923107802868, "barkbands_crest": {"dmean": 2.59857702255, "dmean2": 4.26652145386, "dvar": 6.42692613602, "dvar2": 16.5635700226, "max": 25.8297271729, "mean": 13.5136404037, "median": 12.6812877655, "min": 3.19473147392, "var": 25.031463623}, "barkbands_flatness_db": {"dmean": 0.0299514774233, "dmean2": 0.043824724853, "dvar": 0.000958349613938, "dvar2": 0.00196599517949, "max": 0.546248555183, "mean": 0.227159515023, "median": 0.222120165825, "min": 0.0383735336363, "var": 0.00614617671818}, "barkbands_kurtosis": {"dmean": 8.57456207275, "dmean2": 13.4137096405, "dvar": 215.535675049, "dvar2": 516.187255859, "max": 266.829742432, "mean": 18.3184967041, "median": 12.0447998047, "min": -1.80488741398, "var": 454.602722168}, "barkbands_skewness": {"dmean": 0.773664295673, "dmean2": 1.18937373161, "dvar": 0.772500216961, "dvar2": 1.85412573814, "max": 14.7230854034, "mean": 3.2011256218, "median": 2.95702815056, "min": -2.16996479034, "var": 2.95072507858}, "barkbands_spread": {"dmean": 3.46462392807, "dmean2": 5.45961284637, "dvar": 28.3471012115, "dvar2": 70.1740570068, "max": 123.440376282, "mean": 10.405210495, "median": 7.14014816284, "min": 0.469551175833, "var": 96.8630981445}, "dissonance": {"dmean": 0.0203336905688, "dmean2": 0.0326574444771, "dvar": 0.000419350340962, "dvar2": 0.0010682893917, "max": 0.499259024858, "mean": 0.435815811157, "median": 0.448348045349, "min": 0.156485468149, "var": 0.00211197393946}, "dynamic_complexity": 3.22705483437, "erbbands_crest": {"dmean": 2.2883708477, "dmean2": 3.47694587708, "dvar": 5.18877649307, "dvar2": 11.8063468933, "max": 31.2415370941, "mean": 10.8799562454, "median": 9.79115581512, "min": 2.48773694038, "var": 23.9471511841}, "erbbands_flatness_db": {"dmean": 0.0209669303149, "dmean2": 0.0277916844934, "dvar": 0.000527821015567, "dvar2": 0.000964322069194, "max": 0.366721063852, "mean": 0.171502873302, "median": 0.163153886795, "min": 0.0383283831179, "var": 0.00388953578658}, "erbbands_kurtosis": {"dmean": 1.03149104118, "dmean2": 1.53665745258, "dvar": 2.8566570282, "dvar2": 6.39032173157, "max": 34.5840377808, "mean": 1.30096423626, "median": 0.167310237885, "min": -1.8308814764, "var": 11.4969768524}, "erbbands_skewness": {"dmean": 0.330176532269, "dmean2": 0.499191820621, "dvar": 0.111199639738, "dvar2": 0.25061249733, "max": 4.95700311661, "mean": 0.866760790348, "median": 0.855100095272, "min": -2.58630919456, "var": 0.798288464546}, "erbbands_spread": {"dmean": 7.95758104324, "dmean2": 11.3975629807, "dvar": 89.2008895874, "dvar2": 171.86555481, "max": 160.660705566, "mean": 43.0561714172, "median": 40.8926582336, "min": 2.95096516609, "var": 543.270568848}, "hfc": {"dmean": 5.14394235611, "dmean2": 7.78628587723, "dvar": 90.2524185181, "dvar2": 214.120513916, "max": 116.367553711, "mean": 15.581205368, "median": 12.7007923126, "min": 1.20344164745e-16, "var": 179.478103638}, "melbands_crest": {"dmean": 2.8433907032, "dmean2": 4.68374347687, "dvar": 7.33673477173, "dvar2": 19.5281772614, "max": 31.9152412415, "mean": 17.8335666656, "median": 17.7768497467, "min": 1.95431137085, "var": 29.1165275574}, "melbands_flatness_db": {"dmean": 0.0327483713627, "dmean2": 0.0485826916993, "dvar": 0.00117067876272, "dvar2": 0.00235357228667, "max": 0.684627950191, "mean": 0.319996148348, "median": 0.318000853062, "min": 0.00435186037794, "var": 0.0082616796717}, "melbands_kurtosis": {"dmean": 17.2702732086, "dmean2": 26.8996067047, "dvar": 725.499145508, "dvar2": 1686.12866211, "max": 488.780731201, "mean": 40.9476242065, "median": 27.0103645325, "min": -1.37465965748, "var": 2050.12451172}, "melbands_skewness": {"dmean": 0.970789968967, "dmean2": 1.49568963051, "dvar": 1.13099133968, "dvar2": 2.63395786285, "max": 17.5264453888, "mean": 4.39688158035, "median": 4.04375505447, "min": -0.851244330406, "var": 5.47983598709}, "melbands_spread": {"dmean": 2.82214689255, "dmean2": 4.4983382225, "dvar": 29.0366249084, "dvar2": 64.5806503296, "max": 184.549407959, "mean": 8.48323345184, "median": 5.61660671234, "min": 0.397274523973, "var": 137.374206543}, "pitch_salience": {"dmean": 0.0767073631287, "dmean2": 0.124502077699, "dvar": 0.005551205948, "dvar2": 0.0136258406565, "max": 0.847839295864, "mean": 0.435752153397, "median": 0.431861758232, "min": 0.057198356837, "var": 0.0198325905949}, "silence_rate_20dB": {"dmean": 0, "dmean2": 0, "dvar": 0, "dvar2": 0, "max": 1, "mean": 1, "median": 1, "min": 1, "var": 0}, "silence_rate_30dB": {"dmean": 0.0963367074728, "dmean2": 0.192703455687, "dvar": 0.0870537832379, "dvar2": 0.176763102412, "max": 1, "mean": 0.867206990719, "median": 1, "min": 0, "var": 0.115163177252}, "silence_rate_60dB": {"dmean": 0.00124707713258, "dmean2": 0.00249454309233, "dvar": 0.00124551402405, "dvar2": 0.00311191892251, "max": 1, "mean": 0.0384975075722, "median": 0, "min": 0, "var": 0.0370153449476}, "spectral_centroid": {"dmean": 172.295928955, "dmean2": 272.870880127, "dvar": 58799.4492188, "dvar2": 122316.132812, "max": 10600.1025391, "mean": 816.639587402, "median": 606.490112305, "min": 128.627471924, "var": 368205.28125}, "spectral_complexity": {"dmean": 3.07061576843, "dmean2": 4.72622394562, "dvar": 25.8722667694, "dvar2": 55.9039878845, "max": 61, "mean": 13.1719141006, "median": 11, "min": 0, "var": 73.9465179443}, "spectral_decrease": {"dmean": 5.35131894353e-09, "dmean2": 8.65874394407e-09, "dvar": 7.0138913922e-17, "dvar2": 1.73068167298e-16, "max": -1.03755214634e-28, "mean": -1.42542662118e-08, "median": -1.13878737551e-08, "min": -9.19683387224e-08, "var": 1.43244454863e-16}, "spectral_energy": {"dmean": 0.0205360725522, "dmean2": 0.0332088470459, "dvar": 0.0010241905693, "dvar2": 0.00252567999996, "max": 0.350478291512, "mean": 0.0552120916545, "median": 0.0447179563344, "min": 1.13071655781e-20, "var": 0.00209923530929}, "spectral_energyband_high": {"dmean": 0.000275150028756, "dmean2": 0.000403860787628, "dvar": 4.12594459931e-07, "dvar2": 9.65847675616e-07, "max": 0.00795195717365, "mean": 0.000435723224655, "median": 0.000134412679472, "min": 8.23871163089e-21, "var": 5.93514130287e-07}, "spectral_energyband_low": {"dmean": 0.0178541075438, "dmean2": 0.0292301308364, "dvar": 0.000987940235063, "dvar2": 0.00246597686782, "max": 0.342430889606, "mean": 0.0377788133919, "median": 0.0205208063126, "min": 8.47864861032e-23, "var": 0.00186084304005}, "spectral_energyband_middle_high": {"dmean": 0.000800654932391, "dmean2": 0.00118882430252, "dvar": 2.76344394479e-06, "dvar2": 6.50413039693e-06, "max": 0.0278155710548, "mean": 0.00227578054182, "median": 0.00104571529664, "min": 1.5230132843e-21, "var": 8.84121254785e-06}, "spectral_energyband_middle_low": {"dmean": 0.00600265013054, "dmean2": 0.00940209627151, "dvar": 0.000104480495793, "dvar2": 0.000263699388597, "max": 0.11902115494, "mean": 0.0163810756058, "median": 0.0124185346067, "min": 5.10260628507e-22, "var": 0.000197934394237}, "spectral_entropy": {"dmean": 0.229525342584, "dmean2": 0.325886577368, "dvar": 0.0677118226886, "dvar2": 0.127930700779, "max": 9.79812526703, "mean": 6.86086797714, "median": 6.9419670105, "min": 4.5405087471, "var": 0.49449723959}, "spectral_flux": {"dmean": 0.0353824496269, "dmean2": 0.0547943003476, "dvar": 0.00224577169865, "dvar2": 0.00478141289204, "max": 0.490623444319, "mean": 0.0850674510002, "median": 0.0650815889239, "min": 1.06335155958e-10, "var": 0.00449876813218}, "spectral_kurtosis": {"dmean": 3.6483733654, "dmean2": 5.98552036285, "dvar": 40.9620628357, "dvar2": 106.839675903, "max": 132.12437439, "mean": 9.99695968628, "median": 5.195104599, "min": -1.21425843239, "var": 219.887176514}, "spectral_rms": {"dmean": 0.0012184297666, "dmean2": 0.00193594640587, "dvar": 2.38546567743e-06, "dvar2": 5.61966771784e-06, "max": 0.0184913501143, "mean": 0.00666702492163, "median": 0.00660509429872, "min": 3.32135230777e-12, "var": 9.41629423323e-06}, "spectral_rolloff": {"dmean": 181.47354126, "dmean2": 315.584075928, "dvar": 275980.625, "dvar2": 610050.375, "max": 18669.2871094, "mean": 539.596374512, "median": 301.46484375, "min": 86.1328125, "var": 1335236.875}, "spectral_skewness": {"dmean": 0.341500937939, "dmean2": 0.545850157738, "dvar": 0.176817297935, "dvar2": 0.439304053783, "max": 9.90332698822, "mean": 2.08243250847, "median": 1.75800275803, "min": 0.0652668327093, "var": 1.51357460022}, "spectral_spread": {"dmean": 633687.375, "dmean2": 837880.1875, "dvar": 730683211776, "dvar2": 1173514223620.0, "max": 41236140, "mean": 4197047, "median": 3790396.5, "min": 563147.625, "var": 3534843543550.0}, "spectral_strongpeak": {"dmean": 0.271422058344, "dmean2": 0.456631302834, "dvar": 0.226043581963, "dvar2": 0.591741740704, "max": 11.0751714706, "mean": 0.833620429039, "median": 0.741613924503, "min": 0, "var": 0.446153968573}, "zerocrossingrate": {"dmean": 0.00651526264846, "dmean2": 0.0076311645098, "dvar": 7.32582775527e-05, "dvar2": 7.36820293241e-05, "max": 0.49560546875, "mean": 0.029775261879, "median": 0.0224609375, "min": 0.0029296875, "var": 0.00108910654671}, "barkbands": {"dmean": [9.07473804546e-05, 0.013531873934, 0.00567490560934, 0.00197567837313, 0.0033497295808, 0.00146338739432, 0.000470007507829, 0.000335554796038, 0.000246684823651, 0.00028816217673, 6.11607320025e-05, 0.000158779672347, 4.37217786384e-05, 5.80658888794e-05, 0.000115169255878, 6.76791823935e-05, 0.000104751015897, 8.91779709491e-05, 0.000266242568614, 0.000101960693428, 7.99820481916e-05, 4.14825226471e-05, 3.08376038447e-05, 2.98858903989e-05, 3.3329022699e-05, 2.39677592617e-05, 1.25757169371e-05], "dmean2": [0.000160102921654, 0.02190987207, 0.00975885707885, 0.00332162762061, 0.00528736552224, 0.00235303281806, 0.000737979833502, 0.000466695142677, 0.000296553043881, 0.000348351110006, 9.69699976849e-05, 0.000220677844482, 7.02491306583e-05, 9.23027764657e-05, 0.000191581988474, 0.00011173805251, 0.000174557222635, 0.000149219747982, 0.000430598011008, 0.000165008066688, 0.000123889869428, 6.48108034511e-05, 4.65555858682e-05, 4.37320777564e-05, 5.04349882249e-05, 3.62365426554e-05, 1.92643783521e-05], "dvar": [4.83675570706e-08, 0.000711425556801, 0.000110700209916, 1.02515823528e-05, 4.90272905154e-05, 8.41746987135e-06, 7.12741211828e-07, 5.75285923787e-07, 9.95853156383e-07, 7.68163772591e-07, 2.16108411166e-08, 1.71436866481e-07, 1.21632517391e-08, 1.53467905051e-08, 9.83072112604e-08, 4.82387854106e-08, 5.88154165371e-08, 4.64013965029e-08, 4.608212123e-07, 5.80944714557e-08, 3.70821062745e-08, 1.48556340562e-08, 4.90760232452e-09, 5.20144194383e-09, 9.22179843599e-09, 3.97578103772e-09, 1.23692045495e-09], "dvar2": [1.32039076561e-07, 0.00178686634172, 0.000291818083497, 2.69143565674e-05, 0.00012337602675, 2.57165211224e-05, 1.73635078227e-06, 1.15052341698e-06, 1.06768447949e-06, 1.03662421225e-06, 5.44395177826e-08, 3.1433711456e-07, 2.99950357885e-08, 3.8549970327e-08, 2.68529902314e-07, 1.26636123809e-07, 1.5167618983e-07, 1.21012462273e-07, 1.11740166631e-06, 1.42783008528e-07, 8.6844103464e-08, 3.75618895987e-08, 9.63235180507e-09, 1.10746984916e-08, 2.21588738469e-08, 9.3234762133e-09, 2.93240831617e-09], "max": [0.00228422181681, 0.277268052101, 0.151535958052, 0.0328956730664, 0.0849432647228, 0.0490679033101, 0.0127740465105, 0.0231859050691, 0.0515878237784, 0.0331878513098, 0.004164644517, 0.013535621576, 0.00177793996409, 0.00169229833409, 0.00411686254665, 0.00570402806625, 0.00341344089247, 0.00303125730716, 0.0143987210467, 0.00409348029643, 0.00534258410335, 0.00146872096229, 0.0010721271392, 0.00120587938, 0.00144294160418, 0.000839217100292, 0.000481047376525], "mean": [0.0001045238605, 0.0275717899203, 0.0087196547538, 0.00276337540708, 0.0056444266811, 0.00445817457512, 0.00135996681638, 0.00092579331249, 0.000621883256827, 0.000777623325121, 0.000108951389848, 0.000391854468035, 6.04198285146e-05, 9.97070965241e-05, 0.000193707324797, 8.87636779225e-05, 0.000148715771502, 0.000134670946863, 0.000506170326844, 0.000185726530617, 0.000128791740281, 5.69339536014e-05, 4.48078135378e-05, 4.12423723901e-05, 3.78359327442e-05, 2.45631690632e-05, 1.21712646433e-05], "median": [1.35658019644e-05, 0.00989594962448, 0.00362794217654, 0.00142249511555, 0.00336444214918, 0.00230642827228, 0.000557227409445, 0.000285641581286, 7.3935414548e-05, 0.000164605327882, 3.36012453772e-05, 8.76080448506e-05, 2.0733627025e-05, 3.86430729122e-05, 7.63390635257e-05, 2.37899330386e-05, 4.34661887994e-05, 5.00296373502e-05, 8.89444854693e-05, 6.47502820357e-05, 3.36488810717e-05, 1.24767120724e-05, 9.34058334678e-06, 6.6100847107e-06, 4.90239244755e-06, 2.59323337559e-06, 5.03135993313e-07], "min": [7.22135253464e-25, 3.27168827061e-23, 4.50659763737e-23, 1.63284677941e-23, 5.92891384948e-23, 6.80547778579e-23, 1.24426449979e-22, 7.57288987855e-23, 1.46247402846e-22, 1.40278843372e-22, 8.37557730662e-23, 8.42269565295e-23, 1.23976054578e-22, 1.87159382844e-22, 1.00044311877e-22, 1.57395370589e-22, 1.26756770336e-22, 2.58937773501e-22, 2.08874136101e-22, 3.65726416977e-22, 5.50071169354e-22, 6.58058225074e-22, 5.08586173417e-22, 7.85847380832e-22, 1.54501505671e-21, 1.76676428631e-21, 2.33042728925e-21], "var": [5.17674116907e-08, 0.00132675038185, 0.000170201950823, 1.37622255352e-05, 5.75921330892e-05, 2.98392114928e-05, 3.23224730892e-06, 3.82502503271e-06, 8.91863874131e-06, 4.72773263027e-06, 4.79184194546e-08, 9.89229533843e-07, 1.50334571458e-08, 2.94305415593e-08, 1.28733020688e-07, 4.68926266706e-08, 7.65769314626e-08, 5.83727981507e-08, 1.14742783808e-06, 1.09751880473e-07, 6.49107008144e-08, 1.64147024861e-08, 8.32715940646e-09, 8.16471512621e-09, 1.02671222635e-08, 4.49473436248e-09, 1.3506811225e-09]}, "erbbands": {"dmean": [0.237256854773, 3.55127835274, 7.50786066055, 5.39518260956, 12.5805339813, 7.95460033417, 10.5664386749, 11.1639966965, 10.7640037537, 6.4623208046, 6.4144487381, 5.90671825409, 10.9448823929, 3.40288710594, 2.93914866447, 7.59739685059, 2.29234790802, 3.02184510231, 4.81878995895, 4.84980106354, 4.5605635643, 4.99453783035, 4.54700422287, 11.8952417374, 10.9793024063, 5.11338853836, 4.09874105453, 2.18378925323, 1.39299070835, 1.21133613586, 0.847663462162, 0.646950125694, 0.479116201401, 0.314386457205, 0.270409613848, 0.116163335741, 0.0469548180699, 0.0115971332416, 0.0021903894376, 0.0001369141537], "dmean2": [0.385285913944, 5.78582048416, 12.6381368637, 9.22832393646, 19.7781181335, 13.1484670639, 16.140460968, 18.6273841858, 17.3456668854, 9.89496135712, 8.18761730194, 6.86961078644, 12.7342309952, 5.02091836929, 4.63954305649, 10.4220304489, 3.55910468102, 4.74254894257, 7.84041786194, 8.17887306213, 7.62627458572, 8.23375225067, 7.51223421097, 19.391040802, 17.7594413757, 8.17595291138, 6.3537068367, 3.48751449585, 2.15963745117, 1.83203935623, 1.28294229507, 0.988854765892, 0.696815252304, 0.458131760359, 0.414041191339, 0.171830296516, 0.0748780146241, 0.0181390773505, 0.00336155318655, 0.000204067939194], "dvar": [0.247438490391, 48.0445861816, 178.161437988, 79.9590835571, 793.199035645, 267.872711182, 374.816925049, 637.997253418, 474.835235596, 270.746643066, 194.233901978, 639.750061035, 1153.68664551, 156.180160522, 52.832233429, 432.525634766, 27.1501579285, 36.431476593, 155.735519409, 181.899185181, 207.042907715, 141.834671021, 105.523979187, 912.481079102, 835.47277832, 142.425674438, 87.1966018677, 41.7584037781, 14.8962888718, 11.5943164825, 3.44252872467, 2.28071665764, 1.47219729424, 0.735282838345, 0.690310955048, 0.0961441919208, 0.0177265889943, 0.000997553463094, 4.04796082876e-05, 1.2273856953e-07], "dvar2": [0.635021090508, 120.86240387, 451.556060791, 216.172729492, 1919.62353516, 724.159118652, 885.103759766, 2032.80615234, 1339.95227051, 669.450012207, 284.306335449, 626.071777344, 1504.3260498, 297.470489502, 136.597976685, 774.017150879, 63.8921852112, 86.0872192383, 408.003662109, 499.989562988, 556.398193359, 363.000274658, 275.978546143, 2303.82348633, 2026.07458496, 345.375793457, 206.370895386, 104.204803467, 35.3274726868, 26.2890434265, 7.40916252136, 5.46374702454, 2.86341238022, 1.65843594074, 1.68136048317, 0.212722346187, 0.0453272014856, 0.00243679247797, 9.62613048614e-05, 2.84408343987e-07], "max": [6.46095275879, 70.7436294556, 188.082870483, 124.866317749, 387.53717041, 193.523605347, 465.703796387, 505.255340576, 423.44152832, 499.32913208, 635.535583496, 1359.89831543, 1320.94152832, 811.543518066, 203.337799072, 698.863525391, 92.3748703003, 88.4231948853, 242.383804321, 165.693206787, 375.141723633, 170.693389893, 146.81312561, 610.033325195, 496.843994141, 162.758529663, 222.054077148, 128.721450806, 46.5889854431, 43.7667694092, 27.6205883026, 32.2127418518, 15.6793365479, 16.5978431702, 11.4697284698, 3.85802936554, 1.84178960323, 0.446320593357, 0.0887101888657, 0.00557302078232], "mean": [0.429178029299, 7.33054065704, 13.4098834991, 8.47074985504, 16.5784168243, 14.0955848694, 32.1766777039, 29.8293190002, 30.4337272644, 17.6288013458, 18.2055988312, 16.3670368195, 29.4424362183, 8.37821865082, 6.01935100555, 19.4359645844, 4.15394830704, 5.6714553833, 8.68595123291, 7.35818481445, 6.33695888519, 7.20917367935, 7.780418396, 20.1743450165, 20.8508911133, 10.1261281967, 6.95426225662, 3.19755578041, 2.02316427231, 1.70865118504, 1.19680023193, 0.903736054897, 0.655985236168, 0.392212241888, 0.28625690937, 0.128751516342, 0.0437605194747, 0.0109621612355, 0.00209998246282, 0.000184861608432], "median": [0.0913585722446, 2.84106206894, 7.67669677734, 5.71601867676, 6.73656654358, 8.59322357178, 13.2563114166, 13.2732362747, 12.2082128525, 5.03366279602, 6.48704862595, 2.85387825966, 4.67060995102, 3.45532941818, 2.34149360657, 4.26108837128, 1.52906382084, 2.45338106155, 3.3825879097, 3.29218864441, 1.81163263321, 2.19549298286, 2.90625572205, 3.75770735741, 4.35185194016, 3.33998918533, 2.00781774521, 0.751047968864, 0.4319409132, 0.366800665855, 0.269084632397, 0.158621102571, 0.0999784767628, 0.0539236888289, 0.0317574441433, 0.0157769918442, 0.00357642117888, 0.000701925368048, 0.000114463298814, 7.50605831854e-05], "min": [1.05793239853e-21, 7.74053402904e-21, 4.21131737771e-20, 5.47295392749e-20, 8.49940228613e-20, 1.90341587252e-19, 5.99360130906e-19, 4.57877607971e-19, 1.15240683291e-18, 1.948537877e-18, 2.05131506811e-18, 1.83433566727e-18, 4.76114862187e-18, 4.77333919615e-18, 4.16430968577e-18, 3.88598367557e-18, 5.0262724159e-18, 9.00195597069e-18, 7.34768821699e-18, 6.24226058999e-18, 7.8314027597e-18, 7.79733863489e-18, 1.31008948134e-17, 1.20164188442e-17, 8.50899189437e-18, 1.82305759728e-17, 2.49826296287e-17, 2.21804295722e-17, 2.46041316327e-17, 1.46899881795e-17, 1.51644523614e-17, 1.95660160584e-17, 1.12271992043e-17, 1.36346496473e-17, 1.27719192935e-17, 7.70002497173e-18, 3.21663615493e-18, 1.16260390191e-18, 3.05354188413e-19, 3.61106278021e-20], "var": [0.419450104237, 89.6737670898, 315.557891846, 91.9368896484, 878.020507812, 308.119537354, 2348.32324219, 1842.40991211, 1991.36413574, 1259.97839355, 1312.68310547, 5729.06738281, 7075.76367188, 814.411804199, 115.097808838, 2589.57885742, 48.663444519, 80.8419723511, 248.812759399, 197.923751831, 191.898651123, 172.509094238, 165.276885986, 2092.08764648, 1880.74768066, 307.792419434, 165.631317139, 50.7122917175, 18.7911376953, 15.2366113663, 5.48797607422, 3.43756723404, 2.34343481064, 0.940242528915, 0.716148555279, 0.117777302861, 0.0166244767606, 0.0010088122217, 4.27836384915e-05, 1.48129146282e-07]}, "gfcc": {"mean": [-40.5149688721, 122.84337616, -82.71484375, 39.5081329346, -42.9461936951, -3.6365942955, -28.0352554321, 3.92639732361, -24.0727653503, 0.0546913705766, -8.23902130127, -4.73358917236, -8.89388847351], "cov": [[17678.0019531, -2315.24267578, -553.208740234, 1388.14123535, -214.54914856, 315.880187988, 13.4745607376, 757.160461426, -107.785148621, 559.008911133, -37.3034286499, 215.376617432, 176.088577271], [-2315.24267578, 2235.75512695, -364.333007812, -296.857055664, 159.913208008, -369.843292236, 162.021606445, -219.69392395, 139.58392334, -217.936141968, 139.752090454, -133.556427002, 127.66784668], [-553.208740234, -364.333007812, 928.948608398, -19.6321086884, 127.152412415, 252.46182251, -1.23413586617, 54.5941200256, 42.1264839172, 47.3058319092, -50.7364730835, 21.7893314362, -28.7813224792], [1388.14123535, -296.857055664, -19.6321086884, 463.070159912, 116.597587585, 98.7079391479, 97.2478866577, 121.960357666, 6.82701635361, 91.7486572266, 64.5471725464, 36.2187271118, 33.2939949036], [-214.54914856, 159.913208008, 127.152412415, 116.597587585, 286.751739502, 78.9342193604, 102.178291321, 23.58152771, 41.2863845825, 27.3726539612, 53.6964836121, 8.34413146973, 15.0571613312], [315.880187988, -369.843292236, 252.46182251, 98.7079391479, 78.9342193604, 289.614044189, 23.5231132507, 47.8383293152, 11.9425945282, 35.1732254028, -13.590426445, 32.8703155518, -21.7917079926], [13.4745607376, 162.021606445, -1.23413586617, 97.2478866577, 102.178291321, 23.5231132507, 209.105804443, 86.7958755493, 50.9859199524, 39.013168335, 50.3266563416, -4.52933883667, 39.9898376465], [757.160461426, -219.69392395, 54.5941200256, 121.960357666, 23.58152771, 47.8383293152, 86.7958755493, 195.111068726, 45.5644721985, 68.1740493774, 0.663343131542, 19.4993476868, 19.7615070343], [-107.785148621, 139.58392334, 42.1264839172, 6.82701635361, 41.2863845825, 11.9425945282, 50.9859199524, 45.5644721985, 126.90927887, 29.5649166107, 7.63022756577, -21.8422698975, 10.958612442], [559.008911133, -217.936141968, 47.3058319092, 91.7486572266, 27.3726539612, 35.1732254028, 39.013168335, 68.1740493774, 29.5649166107, 174.215805054, 56.7535934448, 5.35390424728, -15.6217107773], [-37.3034286499, 139.752090454, -50.7364730835, 64.5471725464, 53.6964836121, -13.590426445, 50.3266563416, 0.663343131542, 7.63022756577, 56.7535934448, 134.502868652, 33.6923675537, 12.8093900681], [215.376617432, -133.556427002, 21.7893314362, 36.2187271118, 8.34413146973, 32.8703155518, -4.52933883667, 19.4993476868, -21.8422698975, 5.35390424728, 33.6923675537, 92.9734573364, 17.886926651], [176.088577271, 127.66784668, -28.7813224792, 33.2939949036, 15.0571613312, -21.7917079926, 39.9898376465, 19.7615070343, 10.958612442, -15.6217107773, 12.8093900681, 17.886926651, 102.769744873]], "icov": [[0.000106394472823, -3.60007143172e-05, 9.75137736532e-05, -0.000264307192992, 0.000113312751637, -0.000107843028673, 0.000205280870432, -0.000284986046609, 0.000157290356583, -0.000333108037012, 0.00028005495551, -0.000133318593726, -0.000168298764038], [-3.60007143172e-05, 0.00177343306132, 0.000111090346763, 0.00094594352413, -0.0010076763574, 0.00134361383971, -0.00107274344191, 0.00128098402638, -0.00181306921877, 0.00242793443613, -0.00267690676264, 0.00218478729948, -0.00129730114713], [9.75137736532e-05, 0.000111090346763, 0.00173034775071, 0.000395494396798, -0.000727110076696, -0.00125270080753, 0.000486211007228, -0.000489501282573, -0.000203433533898, -0.000624114240054, 0.000714873312972, -0.000198750058189, -0.000330472335918], [-0.000264307192992, 0.00094594352413, 0.000395494396798, 0.00457253912464, -0.00186849595048, -0.000244871509494, -0.000916293822229, -0.00053781241877, -0.00016356127162, 0.00104371656198, -0.0027402904816, 0.0015374586219, -0.00116098125], [0.000113312751637, -0.0010076763574, -0.000727110076696, -0.00186849595048, 0.00611549848691, -0.00144197035115, -0.00142662553117, 0.000401588622481, 5.67516544834e-05, -0.000940879050177, 0.000262103567366, -0.00117794645485, 0.000758775509894], [-0.000107843028673, 0.00134361383971, -0.00125270080753, -0.000244871509494, -0.00144197035115, 0.00669432105497, -0.00148295657709, 0.00140341883525, -0.00172629510053, 0.00171377905644, -0.000558520143386, -0.000487132347189, 0.000781083595939], [0.000205280870432, -0.00107274344191, 0.000486211007228, -0.000916293822229, -0.00142662553117, -0.00148295657709, 0.00969877559692, -0.0049282158725, 0.000473783235066, -0.0013316978002, -0.00100164546166, 0.00129591103178, -0.00187151762657], [-0.000284986046609, 0.00128098402638, -0.000489501282573, -0.00053781241877, 0.000401588622481, 0.00140341883525, -0.0049282158725, 0.0112528996542, -0.00396831845865, -0.000473118881928, 0.00130964035634, -0.00156970240641, -0.00061206787359], [0.000157290356583, -0.00181306921877, -0.000203433533898, -0.00016356127162, 5.67516544834e-05, -0.00172629510053, 0.000473783235066, -0.00396831845865, 0.0123675316572, -0.00370625942014, 0.00221273885109, 0.000947062915657, -0.00013962124649], [-0.000333108037012, 0.00242793443613, -0.000624114240054, 0.00104371656198, -0.000940879050177, 0.00171377905644, -0.0013316978002, -0.000473118881928, -0.00370625942014, 0.0132319973782, -0.00900105573237, 0.00498473551124, 0.000812986574601], [0.00028005495551, -0.00267690676264, 0.000714873312972, -0.0027402904816, 0.000262103567366, -0.000558520143386, -0.00100164546166, 0.00130964035634, 0.00221273885109, -0.00900105573237, 0.0179873500019, -0.00955710746348, 0.00173191120848], [-0.000133318593726, 0.00218478729948, -0.000198750058189, 0.0015374586219, -0.00117794645485, -0.000487132347189, 0.00129591103178, -0.00156970240641, 0.000947062915657, 0.00498473551124, -0.00955710746348, 0.018597362563, -0.00456145405769], [-0.000168298764038, -0.00129730114713, -0.000330472335918, -0.00116098125, 0.000758775509894, 0.000781083595939, -0.00187151762657, -0.00061206787359, -0.00013962124649, 0.000812986574601, 0.00173191120848, -0.00456145405769, 0.0135309332982]]}, "melbands": {"dmean": [0.00303696515039, 0.00423336634412, 0.00113105389755, 0.000786380143836, 0.00033937083208, 0.000265356880846, 0.000151450236444, 6.9683745096e-05, 5.17213411513e-05, 3.64852821804e-05, 5.39967622899e-05, 1.36316120916e-05, 9.05517026695e-06, 1.73017815541e-05, 1.10637556645e-05, 4.96694792673e-06, 5.9896269704e-06, 7.01215139998e-06, 8.372812772e-06, 5.23814242115e-06, 6.14601185589e-06, 6.03644139119e-06, 4.59161219624e-06, 4.04220918426e-06, 1.1288544556e-05, 9.31033628149e-06, 5.19634977536e-06, 3.5201328501e-06, 3.06140077555e-06, 1.96715313905e-06, 1.10557391508e-06, 8.36382753278e-07, 7.7838302559e-07, 6.4855345272e-07, 4.9863882623e-07, 4.31070446894e-07, 4.10425940345e-07, 3.25795355138e-07, 3.34098245958e-07, 2.43890355023e-07], "dmean2": [0.00486646033823, 0.00703896582127, 0.00186498567928, 0.00126188551076, 0.00052508409135, 0.000437642360339, 0.00024422397837, 0.000105556071503, 6.33568124613e-05, 4.35660731455e-05, 6.31859657005e-05, 2.08750079764e-05, 1.45083013194e-05, 2.40143599513e-05, 1.57141621457e-05, 8.1162997958e-06, 9.37102959142e-06, 1.13423120638e-05, 1.42858834806e-05, 8.52211360325e-06, 1.03848196886e-05, 1.0021944945e-05, 7.66472021496e-06, 6.68312213747e-06, 1.84924938367e-05, 1.50879732246e-05, 8.42944518809e-06, 5.7413635659e-06, 4.87915576741e-06, 3.08238850266e-06, 1.82639962532e-06, 1.34010019792e-06, 1.20439051443e-06, 9.91527940641e-07, 7.71571137648e-07, 6.63352068386e-07, 6.56683255329e-07, 4.81365589167e-07, 4.969530778e-07, 3.61687966688e-07], "dvar": [3.74866722268e-05, 5.61435372219e-05, 3.3609003367e-06, 3.124580644e-06, 3.5520719166e-07, 3.33250056883e-07, 9.23240008888e-08, 3.27800506739e-08, 1.51428629636e-08, 2.00686276486e-08, 2.84163039765e-08, 2.93614133007e-09, 4.97580920911e-10, 2.01937422339e-09, 7.36837757476e-10, 1.77673376012e-10, 1.52493739858e-10, 3.30234395385e-10, 6.61073196184e-10, 1.74852604617e-10, 3.28758104073e-10, 2.11193978972e-10, 1.10832211464e-10, 8.34014593498e-11, 8.77342032357e-10, 6.95492108349e-10, 1.78305703535e-10, 7.37361768866e-11, 5.21691648214e-11, 2.50709557281e-11, 1.11216496082e-11, 5.58011015866e-12, 4.95336193937e-12, 3.03294086894e-12, 1.18136717856e-12, 9.15838043423e-13, 1.00496325671e-12, 6.3240954357e-13, 8.41013294162e-13, 4.52152909298e-13], "dvar2": [9.39126257435e-05, 0.000141785320011, 8.53235087561e-06, 7.98890778242e-06, 8.72132034146e-07, 1.05501101189e-06, 2.6606230108e-07, 7.99378128136e-08, 1.85732513813e-08, 2.14611368676e-08, 3.71428114931e-08, 5.5994506809e-09, 1.29232302637e-09, 3.65947805392e-09, 1.43991729651e-09, 4.54864229615e-10, 3.67462199558e-10, 8.65362226321e-10, 1.83270698617e-09, 4.48770243189e-10, 8.85914341886e-10, 5.43155243005e-10, 2.89322177327e-10, 2.17855969376e-10, 2.24701013352e-09, 1.67157043762e-09, 4.35737335103e-10, 1.86988910467e-10, 1.27527738369e-10, 5.81537630551e-11, 2.91200570601e-11, 1.38478542869e-11, 1.20855686569e-11, 6.29743913266e-12, 2.59873177665e-12, 2.09564548874e-12, 2.49314284495e-12, 1.2081838351e-12, 1.72075743411e-12, 1.07191859555e-12], "max": [0.067732848227, 0.0919812843204, 0.0192441865802, 0.0208691731095, 0.01385695301, 0.0112787028775, 0.00595613010228, 0.00525045162067, 0.00487476587296, 0.00728106498718, 0.00651938281953, 0.003564435523, 0.000603299587965, 0.00143353745807, 0.00083087553503, 0.000184917764273, 0.000202620998607, 0.00042898367974, 0.000432443746831, 0.00028575968463, 0.000439424446085, 0.000196474415134, 0.000169471881236, 0.000144345409353, 0.000596770551056, 0.000782879709732, 0.00023726420477, 0.000101198667835, 0.000151656480739, 0.000138475064887, 5.29715143784e-05, 2.87483489956e-05, 3.33940624841e-05, 2.4616580049e-05, 1.80880833796e-05, 1.49395809785e-05, 2.19062731048e-05, 1.02324438558e-05, 1.22992396427e-05, 1.38039113153e-05], "mean": [0.00607782090083, 0.00843154545873, 0.00176264473703, 0.00112060632091, 0.000980836804956, 0.00074640189996, 0.000427074643085, 0.000187110941624, 0.000146968843183, 9.56510557444e-05, 0.000143598852446, 3.08601738652e-05, 1.6393201804e-05, 4.29195497418e-05, 2.62787161773e-05, 6.66639289193e-06, 1.08270223791e-05, 1.23446388898e-05, 1.25942669911e-05, 7.64339529269e-06, 8.01990972832e-06, 8.02419344836e-06, 6.95063681633e-06, 6.57384498481e-06, 1.78570044227e-05, 1.70357798197e-05, 9.77415948e-06, 6.06108460488e-06, 4.93143897984e-06, 2.84524639937e-06, 1.50076243699e-06, 1.13128305657e-06, 1.05745561996e-06, 8.98322412013e-07, 6.74100874676e-07, 6.07513072737e-07, 5.43797739283e-07, 4.48835493216e-07, 4.23626971724e-07, 2.96452384418e-07], "median": [0.00177701283246, 0.00501627009362, 0.00112880021334, 0.000572799821384, 0.000437049544416, 0.000357295473805, 0.00017376789765, 4.67498794023e-05, 4.42477394245e-05, 1.45207404785e-05, 2.11951592064e-05, 1.16601331683e-05, 5.46902947463e-06, 1.04652563095e-05, 6.17260047875e-06, 2.37630820266e-06, 4.2308056436e-06, 4.7233843361e-06, 4.62140360469e-06, 2.88424666905e-06, 1.9776073259e-06, 2.14294232137e-06, 2.05545802601e-06, 2.74096237263e-06, 2.7506096103e-06, 3.19145328831e-06, 2.49404729402e-06, 1.96396149477e-06, 1.38069970035e-06, 6.77465834542e-07, 2.9619985753e-07, 2.2775536479e-07, 2.13569634866e-07, 1.77350656827e-07, 1.64723360285e-07, 1.06824650459e-07, 8.7901128154e-08, 6.93574264687e-08, 5.9086076476e-08, 4.06433287026e-08], "min": [9.28579767791e-24, 1.78744426863e-23, 1.05458633456e-23, 9.34190698752e-24, 1.85062177194e-23, 1.08919453022e-23, 2.06166147007e-23, 1.92392225394e-23, 1.64287572587e-23, 1.51508073254e-23, 2.43119752355e-23, 1.97076371009e-23, 1.40802899449e-23, 1.06090944915e-23, 1.08497830534e-23, 1.1289584841e-23, 1.78770222614e-23, 1.22074402814e-23, 8.24033451972e-24, 8.78292330552e-24, 9.81183142876e-24, 7.66111734436e-24, 1.11750532816e-23, 1.10991411967e-23, 9.77319617706e-24, 8.12441772058e-24, 4.51249737031e-24, 1.4166727012e-23, 1.90378105731e-23, 1.0695597034e-23, 1.23529551417e-23, 1.50722919995e-23, 1.09425404741e-23, 6.93213729273e-24, 6.20144107421e-24, 1.51446652544e-23, 1.0498079674e-23, 7.85046604972e-24, 7.49001341402e-24, 1.32273601235e-23], "var": [7.14253328624e-05, 9.93848443613e-05, 4.11486234952e-06, 3.22390110341e-06, 1.89573643183e-06, 1.02186334061e-06, 3.77343866376e-07, 1.70863287963e-07, 1.2122023918e-07, 1.74990319124e-07, 1.73007194348e-07, 1.50702863522e-08, 1.01381714135e-09, 1.12103215599e-08, 3.92939947247e-09, 1.8742619956e-10, 3.51099399554e-10, 5.15559706038e-10, 7.61360918755e-10, 2.24166948892e-10, 3.12133568992e-10, 2.49269105357e-10, 1.66490682352e-10, 1.16153225926e-10, 1.91271753991e-09, 1.37029865233e-09, 4.09661665701e-10, 1.26325672145e-10, 9.22035017781e-11, 4.03919918346e-11, 1.16398930425e-11, 6.32881204041e-12, 6.03505309962e-12, 4.31957724797e-12, 1.77316050298e-12, 1.42530150009e-12, 1.4201173874e-12, 1.04876719288e-12, 1.16683388212e-12, 5.42825008033e-13]}, "mfcc": {"mean": [-689.72833252, 149.92666626, 20.2579154968, 47.5081481934, 10.0725002289, 2.65671491623, 6.70398235321, 0.203451961279, -4.90867567062, 4.55457019806, -3.07823395729, -1.85089051723, 2.13594985008], "cov": [[10085.7470703, -1005.31774902, -441.399719238, 799.291687012, -123.447982788, 38.9083633423, 255.443023682, 44.6085700989, 81.430809021, 363.604400635, 111.457794189, 65.1421737671, 86.1883544922], [-1005.31774902, 1821.28833008, -191.000167847, 44.6238746643, -9.13501358032, -127.994804382, -56.1668930054, -36.8882980347, -12.6887674332, -37.0873603821, -38.0754814148, -36.5822677612, 14.7689123154], [-441.399719238, -191.000167847, 656.18939209, -116.346252441, 145.132965088, 121.135627747, 12.7175235748, 61.0861663818, 42.2259902954, 54.6234474182, 21.1159515381, 7.43654298782, -41.0845375061], [799.291687012, 44.6238746643, -116.346252441, 400.326538086, 17.5341262817, 12.5610656738, 125.464790344, 32.1253662109, 35.7458953857, 98.443649292, 42.0760765076, 35.4812164307, 54.5442047119], [-123.447982788, -9.13501358032, 145.132965088, 17.5341262817, 211.297958374, 113.038124084, 34.8294944763, 53.5097236633, 10.8216562271, 13.4772186279, 10.711139679, 8.84957408905, 8.63580799103], [38.9083633423, -127.994804382, 121.135627747, 12.5610656738, 113.038124084, 204.219696045, 79.9931259155, 35.3329811096, 15.7173271179, 31.7937602997, 28.6087913513, 18.1227912903, 17.6486797333], [255.443023682, -56.1668930054, 12.7175235748, 125.464790344, 34.8294944763, 79.9931259155, 173.60987854, 51.1204833984, 20.6412849426, 67.4116210938, 23.5945396423, 27.1830501556, 39.094367981], [44.6085700989, -36.8882980347, 61.0861663818, 32.1253662109, 53.5097236633, 35.3329811096, 51.1204833984, 147.852615356, 61.3701515198, 4.82521104813, 8.53273487091, 7.15754318237, 3.26914024353], [81.430809021, -12.6887674332, 42.2259902954, 35.7458953857, 10.8216562271, 15.7173271179, 20.6412849426, 61.3701515198, 136.284255981, 64.1630935669, 24.4610843658, 9.16481208801, -8.48909187317], [363.604400635, -37.0873603821, 54.6234474182, 98.443649292, 13.4772186279, 31.7937602997, 67.4116210938, 4.82521104813, 64.1630935669, 185.871765137, 59.4319458008, 2.08779621124, 9.69139957428], [111.457794189, -38.0754814148, 21.1159515381, 42.0760765076, 10.711139679, 28.6087913513, 23.5945396423, 8.53273487091, 24.4610843658, 59.4319458008, 98.0310440063, 53.2713508606, 23.4714832306], [65.1421737671, -36.5822677612, 7.43654298782, 35.4812164307, 8.84957408905, 18.1227912903, 27.1830501556, 7.15754318237, 9.16481208801, 2.08779621124, 53.2713508606, 109.633827209, 57.8383903503], [86.1883544922, 14.7689123154, -41.0845375061, 54.5442047119, 8.63580799103, 17.6486797333, 39.094367981, 3.26914024353, -8.48909187317, 9.69139957428, 23.4714832306, 57.8383903503, 100.628189087]], "icov": [[0.000136849557748, 8.33675221656e-05, 8.76552876434e-05, -0.000244748953264, 9.39516030485e-05, -7.10056046955e-05, 0.000108206484583, -9.37923323363e-05, 9.68822496361e-05, -0.000252146099228, 0.000118403171655, -8.96839192137e-05, 6.07897163718e-05], [8.33675221656e-05, 0.000658223638311, 0.000175581357325, -0.00020559434779, -0.000289387913654, 0.000413032510551, 8.69460127433e-05, 0.0001241035352, -0.000111604997073, -2.66224797087e-05, 4.94349005749e-05, 0.000262281420873, -0.000239433415118], [8.76552876434e-05, 0.000175581357325, 0.00236325804144, 0.000729238323402, -0.00112209445797, -0.000603241089266, 0.000286651396891, -0.000707706902176, 0.000199253772735, -0.00142674229573, 0.000583374814596, -0.00116852158681, 0.00127225497272], [-0.000244748953264, -0.00020559434779, 0.000729238323402, 0.00450833141804, -0.00107935140841, 0.00117755110841, -0.00266786245629, 3.41644154105e-05, -0.000419790449087, -0.000979315023869, -0.000495882879477, -0.000226607517106, -0.000679863558616], [9.39516030485e-05, -0.000289387913654, -0.00112209445797, -0.00107935140841, 0.00828297622502, -0.00440208008513, 0.00177136715502, -0.00252857594751, 0.00133859517518, -0.000476593268104, 0.000846089154948, -0.000280012929579, -0.00033347128192], [-7.10056046955e-05, 0.000413032510551, -0.000603241089266, 0.00117755110841, -0.00440208008513, 0.0096295485273, -0.00462555838749, 0.00152004428674, -0.00109676376451, 0.00131833425257, -0.0025775921531, 0.00144223531242, -0.000895033590496], [0.000108206484583, 8.69460127433e-05, 0.000286651396891, -0.00266786245629, 0.00177136715502, -0.00462555838749, 0.0121320774779, -0.00423997920007, 0.00255085737444, -0.00426977174357, 0.00308636575937, -0.00227638124488, -0.00124377349857], [-9.37923323363e-05, 0.0001241035352, -0.000707706902176, 3.41644154105e-05, -0.00252857594751, 0.00152004428674, -0.00423997920007, 0.0115520479158, -0.00612662034109, 0.00430438434705, -0.00192625808995, 0.00213710428216, -0.000733435386792], [9.68822496361e-05, -0.000111604997073, 0.000199253772735, -0.000419790449087, 0.00133859517518, -0.00109676376451, 0.00255085737444, -0.00612662034109, 0.0124499285594, -0.00557803921402, 0.00143096758984, -0.0031198670622, 0.00257474067621], [-0.000252146099228, -2.66224797087e-05, -0.00142674229573, -0.000979315023869, -0.000476593268104, 0.00131833425257, -0.00426977174357, 0.00430438434705, -0.00557803921402, 0.0124798612669, -0.007732023485, 0.00614218134433, -0.00190251041204], [0.000118403171655, 4.94349005749e-05, 0.000583374814596, -0.000495882879477, 0.000846089154948, -0.0025775921531, 0.00308636575937, -0.00192625808995, 0.00143096758984, -0.007732023485, 0.0201014969498, -0.0111200241372, 0.00220948411152], [-8.96839192137e-05, 0.000262281420873, -0.00116852158681, -0.000226607517106, -0.000280012929579, 0.00144223531242, -0.00227638124488, 0.00213710428216, -0.0031198670622, 0.00614218134433, -0.0111200241372, 0.0202518384904, -0.00963111501187], [6.07897163718e-05, -0.000239433415118, 0.00127225497272, -0.000679863558616, -0.00033347128192, -0.000895033590496, -0.00124377349857, -0.000733435386792, 0.00257474067621, -0.00190251041204, 0.00220948411152, -0.00963111501187, 0.0169220101088]]}, "spectral_contrast_coeffs": {"dmean": [0.049397174269, 0.0385339409113, 0.0338994003832, 0.027575429529, 0.0241798926145, 0.0196205880493], "dmean2": [0.0827603340149, 0.062048882246, 0.0517428666353, 0.0433112941682, 0.0380270332098, 0.0312704630196], "dvar": [0.00170103833079, 0.00124665244948, 0.000914940785151, 0.00056428211974, 0.000524564529769, 0.000379474338843], "dvar2": [0.00463672401384, 0.00325078004971, 0.00200144946575, 0.00131859083194, 0.00118580984417, 0.000892940093763], "max": [-0.271184176207, -0.354686051607, -0.429805725813, -0.57905381918, -0.555989921093, -0.60589325428], "mean": [-0.609304189682, -0.65316516161, -0.730538129807, -0.775282680988, -0.763185739517, -0.772363603115], "median": [-0.617990016937, -0.655312418938, -0.7350025177, -0.775792300701, -0.761869907379, -0.772193789482], "min": [-0.955121695995, -0.964683890343, -0.967808425426, -0.961526751518, -0.956767737865, -0.95983594656], "var": [0.00603712303564, 0.00713760592043, 0.00569067988545, 0.00270102801733, 0.00316471653059, 0.0021692677401]}, "spectral_contrast_valleys": {"dmean": [0.416709691286, 0.329386115074, 0.355761557817, 0.358408033848, 0.344783872366, 0.433167159557], "dmean2": [0.685198307037, 0.512140631676, 0.534438312054, 0.514937102795, 0.485556423664, 0.549036622047], "dvar": [0.159476980567, 0.115353144705, 0.135551929474, 0.158696740866, 0.178750529885, 0.263687849045], "dvar2": [0.35793569684, 0.244988948107, 0.266267597675, 0.295448690653, 0.335821926594, 0.477673858404], "max": [-4.85379695892, -5.11232662201, -5.75210142136, -5.98575353622, -5.57934570312, -8.0910320282], "m