{"lowlevel": {"average_loudness": 0.947866618633, "barkbands_crest": {"dmean": 3.58801794052, "dmean2": 5.74403333664, "dvar": 11.3764047623, "dvar2": 27.9166259766, "max": 26.9666118622, "mean": 14.1369829178, "median": 13.3438043594, "min": 2.80310940742, "var": 31.253156662}, "barkbands_flatness_db": {"dmean": 0.045274592936, "dmean2": 0.067783921957, "dvar": 0.00205446220934, "dvar2": 0.00456660520285, "max": 0.618163347244, "mean": 0.216342434287, "median": 0.208030283451, "min": 0.0191683880985, "var": 0.00951843243092}, "barkbands_kurtosis": {"dmean": 11.7511739731, "dmean2": 18.3723945618, "dvar": 1535.69726562, "dvar2": 3639.18017578, "max": 1922.91540527, "mean": 13.5389347076, "median": 3.83323383331, "min": -1.90540242195, "var": 1848.07800293}, "barkbands_skewness": {"dmean": 1.23022627831, "dmean2": 1.7874751091, "dvar": 2.50815176964, "dvar2": 5.35450649261, "max": 42.0861816406, "mean": 2.10898280144, "median": 1.73933494091, "min": -3.65095233917, "var": 6.00787162781}, "barkbands_spread": {"dmean": 8.3768453598, "dmean2": 12.745095253, "dvar": 103.76915741, "dvar2": 243.964324951, "max": 91.083732605, "mean": 17.4736270905, "median": 13.1869411469, "min": 0.0801069512963, "var": 224.670822144}, "dissonance": {"dmean": 0.0315201245248, "dmean2": 0.0512615479529, "dvar": 0.00127577688545, "dvar2": 0.00327066634782, "max": 0.500000178814, "mean": 0.441454976797, "median": 0.457342654467, "min": 0.161216676235, "var": 0.00291485292837}, "dynamic_complexity": 3.81722784042, "erbbands_crest": {"dmean": 4.25057649612, "dmean2": 6.68467140198, "dvar": 15.4491167068, "dvar2": 34.5029678345, "max": 34.4208679199, "mean": 15.5242204666, "median": 14.6282978058, "min": 2.56792545319, "var": 46.7983818054}, "erbbands_flatness_db": {"dmean": 0.0367640890181, "dmean2": 0.052550572902, "dvar": 0.00140575401019, "dvar2": 0.00298009254038, "max": 0.615444123745, "mean": 0.2189925313, "median": 0.206542745233, "min": 0.0449241474271, "var": 0.00843020435423}, "erbbands_kurtosis": {"dmean": 4.03433704376, "dmean2": 6.14962244034, "dvar": 105.753486633, "dvar2": 222.689758301, "max": 261.291015625, "mean": 3.95171904564, "median": 0.672648429871, "min": -1.96867072582, "var": 166.482559204}, "erbbands_skewness": {"dmean": 0.837036550045, "dmean2": 1.18985307217, "dvar": 0.842258274555, "dvar2": 1.92095983028, "max": 13.4485569, "mean": 0.753823518753, "median": 0.553689301014, "min": -5.10802268982, "var": 2.5235710144}, "erbbands_spread": {"dmean": 12.9721679688, "dmean2": 19.7693862915, "dvar": 208.131561279, "dvar2": 474.40045166, "max": 166.364730835, "mean": 33.232585907, "median": 28.9392032623, "min": 0.365008890629, "var": 489.104003906}, "hfc": {"dmean": 13.8187646866, "dmean2": 22.1447734833, "dvar": 525.646972656, "dvar2": 1372.29284668, "max": 208.698486328, "mean": 18.5453510284, "median": 10.63804245, "min": 1.15055899827e-16, "var": 514.416687012}, "melbands_crest": {"dmean": 4.27931976318, "dmean2": 6.36574792862, "dvar": 15.598906517, "dvar2": 36.4698066711, "max": 35.6940956116, "mean": 18.3606815338, "median": 18.1136722565, "min": 1.68775975704, "var": 49.2266120911}, "melbands_flatness_db": {"dmean": 0.0531624518335, "dmean2": 0.078168772161, "dvar": 0.00300419540145, "dvar2": 0.00666935648769, "max": 0.664308428764, "mean": 0.278224229813, "median": 0.281147003174, "min": 0.00488938484341, "var": 0.0116727752611}, "melbands_kurtosis": {"dmean": 21.3581409454, "dmean2": 33.1590423584, "dvar": 1951.99975586, "dvar2": 4325.79931641, "max": 616.007019043, "mean": 28.8585662842, "median": 10.4918289185, "min": -1.8982206583, "var": 3141.12133789}, "melbands_skewness": {"dmean": 1.48680710793, "dmean2": 2.19063830376, "dvar": 3.24481320381, "dvar2": 6.80703115463, "max": 19.8836288452, "mean": 3.1508846283, "median": 2.53425741196, "min": -4.50413560867, "var": 8.59045696259}, "melbands_spread": {"dmean": 11.9626636505, "dmean2": 18.6002788544, "dvar": 323.564971924, "dvar2": 773.995117188, "max": 171.17640686, "mean": 21.336807251, "median": 12.7848596573, "min": 0.232295960188, "var": 596.018981934}, "pitch_salience": {"dmean": 0.102125711739, "dmean2": 0.157662406564, "dvar": 0.00967963971198, "dvar2": 0.0228295847774, "max": 0.917498648167, "mean": 0.438340127468, "median": 0.42409619689, "min": 0.0189994107932, "var": 0.0275250636041}, "silence_rate_20dB": {"dmean": 0, "dmean2": 0, "dvar": 0, "dvar2": 0, "max": 1, "mean": 1, "median": 1, "min": 1, "var": 0}, "silence_rate_30dB": {"dmean": 0.058929104358, "dmean2": 0.11787584424, "dvar": 0.055460806936, "dvar2": 0.133007451892, "max": 1, "mean": 0.955585479736, "median": 1, "min": 0, "var": 0.0424426347017}, "silence_rate_60dB": {"dmean": 0.0720909386873, "dmean2": 0.144203439355, "dvar": 0.0668926611543, "dvar2": 0.152133211493, "max": 1, "mean": 0.123224169016, "median": 0, "min": 0, "var": 0.108046263456}, "spectral_centroid": {"dmean": 387.909881592, "dmean2": 589.229064941, "dvar": 262708.96875, "dvar2": 619896.0625, "max": 11656.4208984, "mean": 1201.28173828, "median": 996.631591797, "min": 170.666885376, "var": 694375.5}, "spectral_complexity": {"dmean": 3.1944360733, "dmean2": 4.98967838287, "dvar": 18.2103023529, "dvar2": 43.8347129822, "max": 43, "mean": 8.30581760406, "median": 7, "min": 0, "var": 28.3336086273}, "spectral_decrease": {"dmean": 5.20957099681e-09, "dmean2": 8.57123705345e-09, "dvar": 1.14265829846e-16, "dvar2": 3.12750901557e-16, "max": -2.56172944807e-31, "mean": -7.14276460201e-09, "median": -4.53932491595e-09, "min": -7.88633087723e-08, "var": 9.47674688895e-17}, "spectral_energy": {"dmean": 0.0206587687135, "dmean2": 0.0339364930987, "dvar": 0.00168384506833, "dvar2": 0.00460013980046, "max": 0.300658553839, "mean": 0.0286405608058, "median": 0.0185785870999, "min": 1.08079515771e-20, "var": 0.00141372601502}, "spectral_energyband_high": {"dmean": 0.000864523113705, "dmean2": 0.00149842479732, "dvar": 4.52584481536e-06, "dvar2": 1.27214671011e-05, "max": 0.0207807738334, "mean": 0.000715076515917, "median": 0.000131887689349, "min": 7.42426507612e-21, "var": 2.95007339446e-06}, "spectral_energyband_low": {"dmean": 0.0123515604064, "dmean2": 0.0214791093022, "dvar": 0.00156062399037, "dvar2": 0.00424956111237, "max": 0.286898165941, "mean": 0.0104331020266, "median": 0.000894613098353, "min": 3.41532469532e-23, "var": 0.00110180047341}, "spectral_energyband_middle_high": {"dmean": 0.00368717475794, "dmean2": 0.00561837246642, "dvar": 5.75981575821e-05, "dvar2": 0.000133677574922, "max": 0.0943444296718, "mean": 0.00456704758108, "median": 0.00144506793004, "min": 1.36937205858e-21, "var": 6.68682769174e-05}, "spectral_energyband_middle_low": {"dmean": 0.0070404917933, "dmean2": 0.0103563340381, "dvar": 0.000137660957989, "dvar2": 0.000348725006916, "max": 0.176813721657, "mean": 0.0133940828964, "median": 0.00854859221727, "min": 2.10834512248e-22, "var": 0.000261415319983}, "spectral_entropy": {"dmean": 0.449363023043, "dmean2": 0.648229897022, "dvar": 0.22787514329, "dvar2": 0.516025483608, "max": 9.8052444458, "mean": 6.92082023621, "median": 6.99643516541, "min": 3.38783311844, "var": 0.810214042664}, "spectral_flux": {"dmean": 0.050319287926, "dmean2": 0.0767856240273, "dvar": 0.00489715393633, "dvar2": 0.00946183968335, "max": 0.510876595974, "mean": 0.090049944818, "median": 0.0648830682039, "min": 6.51089182568e-11, "var": 0.00731733487919}, "spectral_kurtosis": {"dmean": 3.96742486954, "dmean2": 6.30819559097, "dvar": 36.6400756836, "dvar2": 94.3634414673, "max": 109.788856506, "mean": 7.885160923, "median": 4.55728244781, "min": -1.21545112133, "var": 100.469856262}, "spectral_rms": {"dmean": 0.00157904997468, "dmean2": 0.00236565433443, "dvar": 4.91610580866e-06, "dvar2": 1.25804053823e-05, "max": 0.0171267464757, "mean": 0.00451695313677, "median": 0.00425739958882, "min": 3.24720545591e-12, "var": 7.53912672735e-06}, "spectral_rolloff": {"dmean": 860.65802002, "dmean2": 1471.30712891, "dvar": 2500513.5, "dvar2": 5579844.5, "max": 19207.6171875, "mean": 1621.35839844, "median": 882.861328125, "min": 64.599609375, "var": 4896973}, "spectral_skewness": {"dmean": 0.464282631874, "dmean2": 0.705209374428, "dvar": 0.278264254332, "dvar2": 0.680920422077, "max": 8.23687648773, "mean": 1.98197758198, "median": 1.73800194263, "min": -0.064153932035, "var": 0.959053874016}, "spectral_spread": {"dmean": 950938, "dmean2": 1277038.875, "dvar": 1359426748420.0, "dvar2": 2307382312960.0, "max": 40906512, "mean": 4975405.5, "median": 4543181.5, "min": 609981.3125, "var": 6177525071870.0}, "spectral_strongpeak": {"dmean": 0.888640522957, "dmean2": 1.44515955448, "dvar": 2.39521312714, "dvar2": 5.64293193817, "max": 12.9229793549, "mean": 1.50554144382, "median": 1.00820028782, "min": 0, "var": 2.91431045532}, "zerocrossingrate": {"dmean": 0.0169402044266, "dmean2": 0.0187453981489, "dvar": 0.000435409107013, "dvar2": 0.000491633545607, "max": 0.517578125, "mean": 0.0610619559884, "median": 0.04638671875, "min": 0.001953125, "var": 0.00288384384476}, "barkbands": {"dmean": [0.000176218702109, 0.00958446506411, 0.00293722725473, 0.00109698344022, 0.0026559762191, 0.00254820520058, 0.00108873273712, 0.000667492451612, 0.000203155097552, 6.4370520704e-05, 0.000198741821805, 0.000225054376642, 0.00145140930545, 0.000427290069638, 0.000747150566895, 0.00044983116095, 0.000244291033596, 0.000153720000526, 0.000238552922383, 0.000139186391607, 8.07538381196e-05, 0.000287179514999, 0.00019444427744, 0.000100763434602, 8.68752977112e-05, 4.15436079493e-05, 2.30036530411e-05], "dmean2": [0.000254690385191, 0.0165541283786, 0.00554252881557, 0.00179531564936, 0.00366638740525, 0.0039021843113, 0.00153703102842, 0.000950872141402, 0.00030445549055, 9.98910618364e-05, 0.000314166391036, 0.000353729497874, 0.00217688502744, 0.000710783235263, 0.00116923812311, 0.0007357019349, 0.000403891521273, 0.000242410387727, 0.000433602574049, 0.000256759289186, 0.000133854802698, 0.000536142091732, 0.00034898481681, 0.000175907000084, 0.000139559619129, 6.2290338974e-05, 3.45091175404e-05], "dvar": [1.7055316448e-07, 0.000956023286562, 0.000100641533209, 1.11365743578e-05, 5.22733898833e-05, 3.54104413418e-05, 1.02565454654e-05, 2.66862184617e-06, 5.77476953367e-07, 3.0279423413e-08, 1.43999648117e-06, 7.11887366833e-07, 2.14197443711e-05, 6.51067966828e-06, 6.896706509e-06, 4.28838484368e-06, 3.72653545355e-07, 1.62840208873e-07, 1.04048137928e-06, 2.1481169199e-07, 2.9301519433e-08, 2.2552280825e-06, 2.53669384165e-07, 1.53946373871e-07, 3.07321208481e-08, 7.86754750237e-09, 2.80084533344e-09], "dvar2": [3.8689083226e-07, 0.00258053001016, 0.000295769044897, 2.7971693271e-05, 0.000128413943457, 0.000100803510577, 1.95531629288e-05, 5.01296244693e-06, 9.83621134765e-07, 6.61392007828e-08, 3.12113047585e-06, 1.69133807049e-06, 4.6351167839e-05, 1.63296390383e-05, 1.63314871315e-05, 1.06739789771e-05, 9.44482451359e-07, 3.62134272791e-07, 2.99957173411e-06, 6.12625854046e-07, 8.05566955364e-08, 6.55916392134e-06, 7.17025102404e-07, 4.46897843176e-07, 7.74969493023e-08, 1.7618170034e-08, 6.50771481148e-09], "max": [0.00484640616924, 0.233729302883, 0.0823165774345, 0.0495903678238, 0.113466545939, 0.0830444395542, 0.0713413730264, 0.0214599072933, 0.0146501790732, 0.00659897364676, 0.0298550259322, 0.0322133824229, 0.0666242986917, 0.0379604436457, 0.0402452200651, 0.0437094345689, 0.00692477449775, 0.00545595493168, 0.0238199178129, 0.00553757604212, 0.00459026265889, 0.0169589016587, 0.00558162247762, 0.00616357289255, 0.00160812574904, 0.000817464257125, 0.000587231479585], "mean": [0.000313224096317, 0.00761046539992, 0.00205061445013, 0.00103631743696, 0.0040003885515, 0.00494802510366, 0.0019067657413, 0.00103115313686, 0.000455756060546, 0.000129238615045, 0.000226408912567, 0.000269534066319, 0.0016632679617, 0.00035647614277, 0.000803122762591, 0.000402414705604, 0.000322375010001, 0.000150422376464, 0.000202041279408, 0.000104632919829, 8.9194640168e-05, 0.000188067773706, 0.00014704336354, 8.64528992679e-05, 8.01222340669e-05, 4.41752417828e-05, 2.28439275816e-05], "median": [3.47568566212e-05, 0.000424253288656, 0.000108933949377, 5.11001126142e-05, 0.000617335201241, 0.000579052313697, 0.000109149397758, 3.80224228138e-05, 2.50577286351e-05, 1.51697040565e-05, 1.18243096949e-05, 3.05587418552e-05, 8.77869460965e-05, 1.25185051729e-05, 3.71543865185e-05, 2.32261882047e-05, 9.03608597582e-05, 2.49373406405e-05, 2.93644970952e-05, 1.49923016579e-05, 2.44833881879e-05, 1.52196971612e-05, 3.02660300804e-05, 1.12329398689e-05, 7.06207174517e-06, 2.72489000963e-06, 4.66029661084e-07], "min": [1.4443194163e-24, 7.36697004547e-24, 5.000579023e-24, 1.86077180855e-24, 1.98001862623e-23, 5.00186881058e-23, 1.85254154384e-23, 1.94497158725e-23, 1.81103184078e-23, 2.33197901651e-23, 2.94922591393e-23, 3.53728038246e-23, 5.23996375563e-23, 4.71138655945e-23, 4.43417957518e-23, 9.00044602034e-23, 1.74538832672e-22, 1.72293116069e-22, 1.7540702143e-22, 2.03174193231e-22, 3.14389242531e-22, 3.00924686922e-22, 4.54354144507e-22, 8.67382983767e-22, 1.03082072597e-21, 1.51124575151e-21, 2.2647730593e-21], "var": [3.40273146548e-07, 0.000682812940795, 5.56100567337e-05, 1.02640815385e-05, 7.43668933865e-05, 9.2527414381e-05, 2.77855888271e-05, 6.49667299513e-06, 3.45875650964e-06, 2.27210577464e-07, 1.78502375547e-06, 8.15189650893e-07, 2.6684576369e-05, 5.46446926819e-06, 7.52718233343e-06, 3.70519751414e-06, 4.71995718954e-07, 1.94014688759e-07, 6.20335072199e-07, 1.28891272766e-07, 2.66244537528e-08, 1.23925656226e-06, 1.5808201681e-07, 8.99729144521e-08, 2.89067827453e-08, 9.72945457534e-09, 3.13976045163e-09]}, "erbbands": {"dmean": [0.252682924271, 2.24174880981, 3.92179894447, 3.20398950577, 6.55944681168, 8.75844097137, 13.8072795868, 25.1493644714, 19.4204463959, 8.78930568695, 14.8988103867, 5.88268613815, 1.8138602972, 2.66118240356, 9.78624153137, 14.3535757065, 64.7869644165, 33.4102478027, 43.8968048096, 30.2003650665, 14.4655656815, 9.21897220612, 11.1905040741, 9.68310165405, 9.55807209015, 6.31716966629, 5.08994197845, 3.08161401749, 8.70746612549, 9.5139875412, 5.1543712616, 2.36234974861, 1.48240363598, 0.990404605865, 0.613135993481, 0.260863393545, 0.0647653192282, 0.019152097404, 0.00345397740602, 0.000270497053862], "dmean2": [0.4072907269, 4.03229427338, 7.40322303772, 5.56361722946, 10.3828716278, 11.4466209412, 18.4790439606, 40.1093978882, 28.0514907837, 11.6991195679, 21.8675460815, 8.45971679688, 2.95637965202, 4.04167938232, 15.4676237106, 21.7919540405, 97.0350036621, 53.2829170227, 68.3537902832, 48.7785797119, 23.8337135315, 15.1079397202, 17.0726909637, 17.6616306305, 17.0174732208, 11.536696434, 8.72545909882, 5.31720018387, 16.1749629974, 17.5690746307, 9.28210735321, 4.11769914627, 2.55459499359, 1.66073048115, 0.968512415886, 0.404957085848, 0.0966249629855, 0.0287306979299, 0.00521025713533, 0.000404575752327], "dvar": [0.561859190464, 57.3431091309, 189.233917236, 72.5767440796, 1008.56872559, 324.404205322, 660.874511719, 4331.99560547, 3075.9309082, 490.79800415, 1620.56054688, 465.481536865, 30.413438797, 55.4063110352, 3552.95385742, 2027.13354492, 41539.8242188, 23881.6015625, 22911.796875, 25977.7539062, 1549.26647949, 437.183959961, 792.705444336, 1615.51196289, 1030.47387695, 390.485046387, 174.938674927, 77.8430862427, 2096.87768555, 1569.35168457, 182.328094482, 82.1382904053, 34.8552207947, 5.94808101654, 1.54676175117, 0.315735906363, 0.0208020564169, 0.00200428883545, 6.24788808636e-05, 3.18279660405e-07], "dvar2": [1.41415631771, 158.962081909, 552.582397461, 204.442871094, 2598.34423828, 650.479370117, 1187.7154541, 12361.7568359, 6207.93896484, 741.303710938, 3287.53515625, 803.493408203, 82.4186325073, 117.227180481, 7772.00634766, 4647.05859375, 87429.5703125, 61286.3945312, 53145.84375, 65225.7070312, 3856.47460938, 1100.23730469, 1728.49707031, 4643.02392578, 2932.47558594, 1109.15612793, 497.762664795, 220.89390564, 6080.71630859, 4545.22412109, 516.87286377, 238.162322998, 101.200561523, 16.176776886, 3.75710630417, 0.742291390896, 0.0472440607846, 0.00460183527321, 0.000145251236972, 7.2836110121e-07], "max": [6.19158697128, 56.2763938904, 109.945777893, 68.8732681274, 519.568725586, 227.911361694, 437.987945557, 874.520996094, 1095.9744873, 426.258087158, 544.341430664, 401.272827148, 96.1569137573, 246.714614868, 1494.52111816, 1634.50878906, 3625.87963867, 2732.27636719, 2310.92358398, 3544.57763672, 764.776184082, 268.278686523, 377.517852783, 862.180969238, 618.627075195, 212.290878296, 241.943099976, 126.816467285, 725.73614502, 468.702789307, 121.362640381, 178.747665405, 127.758674622, 28.9497070312, 11.6446094513, 5.7336974144, 1.74528706074, 0.603936076164, 0.0848900824785, 0.00574960745871], "mean": [0.246634602547, 1.56901693344, 2.66640615463, 2.87839961052, 6.50312805176, 14.4730262756, 28.0705375671, 45.9930686951, 35.1305007935, 17.5884876251, 22.8666973114, 13.9037895203, 2.75990080833, 5.39583063126, 11.2929286957, 18.4641742706, 75.7314071655, 32.040561676, 46.6554832458, 29.1565208435, 16.2480773926, 12.2282943726, 12.1905059814, 7.80418872833, 9.24038505554, 5.01310825348, 4.66004514694, 3.07623839378, 5.8976817131, 6.46665048599, 3.91592335701, 2.07113790512, 1.26241517067, 0.886951029301, 0.584044992924, 0.264350146055, 0.0684993341565, 0.0194043759257, 0.00345243583433, 0.000285388203338], "median": [0.0138371400535, 0.064052529633, 0.145029455423, 0.227816939354, 0.538639843464, 2.41964316368, 5.25585651398, 6.08238935471, 4.75347900391, 1.33071529865, 1.15202593803, 0.885934472084, 0.58371680975, 0.771681010723, 1.03923213482, 2.83993458748, 4.7574634552, 2.4698600769, 2.50069570541, 1.91282486916, 3.58812594414, 4.11697149277, 2.16335511208, 1.4023938179, 1.54119253159, 0.931101799011, 1.15212285519, 0.659766018391, 0.600947678089, 0.733740925789, 0.873000383377, 0.290687441826, 0.16159312427, 0.0865242928267, 0.0478148795664, 0.018019778654, 0.00397100811824, 0.000849329284392, 9.4114075182e-05, 4.54254368378e-05], "min": [1.8931763055e-22, 1.85647016581e-21, 4.78381812694e-21, 9.35508718717e-21, 3.88691555916e-20, 5.62221866902e-20, 2.9471431929e-19, 3.28704902569e-19, 4.4857994279e-19, 2.79392401105e-19, 4.86685258478e-19, 5.21415522171e-19, 1.12230955613e-18, 7.86547174419e-19, 1.61377436758e-18, 1.94120884998e-18, 2.39517797785e-18, 3.62391838185e-18, 4.74928561111e-18, 3.52021061256e-18, 7.27619747819e-18, 8.92859084062e-18, 1.00111187995e-17, 6.58187820204e-18, 9.75801145827e-18, 1.03551175737e-17, 1.07075792327e-17, 1.55232518783e-17, 1.22421771128e-17, 1.23016770415e-17, 1.57999090516e-17, 1.38511195049e-17, 1.38313267272e-17, 1.0287950508e-17, 7.62121451169e-18, 4.93146014691e-18, 2.87181950594e-18, 1.20399312463e-18, 3.10938226234e-19, 3.08233151761e-20], "var": [0.505664587021, 36.7457580566, 105.127258301, 51.6176567078, 815.178710938, 853.58770752, 2709.53442383, 10549.5224609, 8405.62304688, 1800.25390625, 3178.93701172, 2667.6875, 41.3649291992, 338.463653564, 4250.65185547, 2506.65893555, 54511.28125, 19561.7636719, 25538.0820312, 22550.6894531, 1547.23498535, 551.538330078, 1011.01617432, 964.31451416, 719.529541016, 241.061065674, 118.335968018, 54.6763687134, 1162.29309082, 876.294921875, 112.824241638, 48.7058525085, 20.2220420837, 4.40289878845, 1.60510933399, 0.347468584776, 0.0254117231816, 0.00221270602196, 7.12139008101e-05, 3.81610504974e-07]}, "gfcc": {"mean": [-71.695350647, 71.2500991821, -106.962265015, 25.9778671265, -49.3659591675, 5.81576490402, -46.5660934448, -7.30742931366, -14.9044818878, 7.81718397141, -0.632850348949, 7.70684099197, -10.4702205658], "cov": [[16097.9453125, -1149.95837402, 1664.49609375, 1519.19921875, -97.3256225586, -380.212097168, -1030.83349609, 101.88936615, 68.3741378784, 776.45715332, -349.094726562, -374.707672119, -147.069793701], [-1149.95837402, 3413.87939453, 430.964935303, 427.862945557, 119.33820343, -293.659606934, 95.969543457, -247.645065308, 104.067604065, -391.251556396, 34.5291519165, -60.9016914368, 256.893005371], [1664.49609375, 430.964935303, 2016.55517578, 675.49798584, 123.845176697, -91.6934051514, -27.1410102844, 72.7625656128, -18.2064609528, 139.584869385, -146.142959595, -170.636062622, 58.767036438], [1519.19921875, 427.862945557, 675.49798584, 1076.44555664, 292.811676025, -46.1576881409, -162.375930786, -33.8233909607, -33.5854530334, -12.475935936, -19.5060501099, -22.9438056946, 69.9558334351], [-97.3256225586, 119.33820343, 123.845176697, 292.811676025, 596.941101074, 179.2578125, 3.17110991478, 18.9050865173, 31.5792884827, -14.5200605392, -3.4676129818, -3.35835576057, -16.3589363098], [-380.212097168, -293.659606934, -91.6934051514, -46.1576881409, 179.2578125, 546.193908691, 330.640655518, 112.573074341, -20.1234836578, -28.5825519562, -27.2096118927, -1.63216614723, -120.148605347], [-1030.83349609, 95.969543457, -27.1410102844, -162.375930786, 3.17110991478, 330.640655518, 554.215026855, 271.18951416, 69.5261077881, -79.9994506836, -29.4176235199, -50.3822822571, -99.2027587891], [101.88936615, -247.645065308, 72.7625656128, -33.8233909607, 18.9050865173, 112.573074341, 271.18951416, 534.322509766, 297.746917725, 113.486549377, -77.857925415, -68.4566192627, -150.213882446], [68.3741378784, 104.067604065, -18.2064609528, -33.5854530334, 31.5792884827, -20.1234836578, 69.5261077881, 297.746917725, 391.523223877, 191.110473633, -2.14276814461, -73.872543335, -81.1910552979], [776.45715332, -391.251556396, 139.584869385, -12.475935936, -14.5200605392, -28.5825519562, -79.9994506836, 113.486549377, 191.110473633, 483.172485352, 124.305953979, -137.368515015, -133.329849243], [-349.094726562, 34.5291519165, -146.142959595, -19.5060501099, -3.4676129818, -27.2096118927, -29.4176235199, -77.857925415, -2.14276814461, 124.305953979, 239.06362915, 71.7081451416, -39.1234474182], [-374.707672119, -60.9016914368, -170.636062622, -22.9438056946, -3.35835576057, -1.63216614723, -50.3822822571, -68.4566192627, -73.872543335, -137.368515015, 71.7081451416, 269.485595703, 98.9646377563], [-147.069793701, 256.893005371, 58.767036438, 69.9558334351, -16.3589363098, -120.148605347, -99.2027587891, -150.213882446, -81.1910552979, -133.329849243, -39.1234474182, 98.9646377563, 294.949401855]], "icov": [[0.000105350380181, -2.22349603973e-06, -1.39975682032e-05, -0.000141001219163, 0.000105349448859, -6.92219546181e-05, 0.000216619606363, -7.84187868703e-05, 9.17089928407e-05, -0.000208364217542, 0.000260443805018, -3.23271087836e-05, 7.77121385909e-05], [-2.22349603973e-06, 0.000647602719255, -0.000173247710336, -0.000170372819412, -7.54020657041e-05, 0.000408253166825, -0.000537152402103, 0.000814318540506, -0.00115751114208, 0.00110226217657, -0.00079834938515, 0.000674609211273, -0.000246655981755], [-1.39975682032e-05, -0.000173247710336, 0.000844622903969, -0.000450082181487, -6.97401410434e-05, 0.000318545091432, -0.00041923506069, -0.000143999743159, 0.00069961627014, -0.00102137995418, 0.00102757546119, -0.00025925465161, -5.19047498528e-05], [-0.000141001219163, -0.000170372819412, -0.000450082181487, 0.00177545868792, -0.000667556305416, -0.000315039476845, 0.00077333120862, -0.000701588811353, 0.000293907069135, 0.000684268365148, -0.00104571552947, 0.000447619997431, -0.00041458470514], [0.000105349448859, -7.54020657041e-05, -6.97401410434e-05, -0.000667556305416, 0.00255686161108, -0.00157359696459, 0.00120437110309, -0.00031896942528, -0.000457235262729, 0.000398794305511, -0.000381253281375, 0.000411128392443, -0.000100248093077], [-6.92219546181e-05, 0.000408253166825, 0.000318545091432, -0.000315039476845, -0.00157359696459, 0.00511083845049, -0.00428701471537, 0.00202893535607, 0.000120688797324, -0.00131546787452, 0.00221876357682, -0.0019126245752, 0.00158184743486], [0.000216619606363, -0.000537152402103, -0.00041923506069, 0.00077333120862, 0.00120437110309, -0.00428701471537, 0.00741348462179, -0.00465052668005, 0.00124026776757, 0.00229603028856, -0.00310570723377, 0.00291008059867, -0.00108763785101], [-7.84187868703e-05, 0.000814318540506, -0.000143999743159, -0.000701588811353, -0.00031896942528, 0.00202893535607, -0.00465052668005, 0.00786750297993, -0.0049660410732, -0.000553541816771, 0.00312070990913, -0.00223700259812, 0.0022455076687], [9.17089928407e-05, -0.00115751114208, 0.00069961627014, 0.000293907069135, -0.000457235262729, 0.000120688797324, 0.00124026776757, -0.0049660410732, 0.00818523205817, -0.00382105400786, 0.00152202509344, -0.000707453931682, -0.000278262916254], [-0.000208364217542, 0.00110226217657, -0.00102137995418, 0.000684268365148, 0.000398794305511, -0.00131546787452, 0.00229603028856, -0.000553541816771, -0.00382105400786, 0.00875052809715, -0.00742788845673, 0.00538991391659, -0.00093609909527], [0.000260443805018, -0.00079834938515, 0.00102757546119, -0.00104571552947, -0.000381253281375, 0.00221876357682, -0.00310570723377, 0.00312070990913, 0.00152202509344, -0.00742788845673, 0.0126353884116, -0.00701038073748, 0.00338539108634], [-3.23271087836e-05, 0.000674609211273, -0.00025925465161, 0.000447619997431, 0.000411128392443, -0.0019126245752, 0.00291008059867, -0.00223700259812, -0.000707453931682, 0.00538991391659, -0.00701038073748, 0.00932635553181, -0.00339245074429], [7.77121385909e-05, -0.000246655981755, -5.19047498528e-05, -0.00041458470514, -0.000100248093077, 0.00158184743486, -0.00108763785101, 0.0022455076687, -0.000278262916254, -0.00093609909527, 0.00338539108634, -0.00339245074429, 0.00625683972612]]}, "melbands": {"dmean": [0.00250049238093, 0.00241023534909, 0.000677465868648, 0.000541736837476, 0.000491195591167, 0.000525913666934, 0.000277256389381, 9.44383209571e-05, 0.000111043700599, 3.10264440486e-05, 8.32652403915e-06, 9.95228492684e-06, 2.79461746686e-05, 3.00909341604e-05, 6.74198599881e-05, 0.000159348957823, 5.03505543747e-05, 6.70876252116e-05, 4.15685935877e-05, 4.21481599915e-05, 1.39415387821e-05, 9.19745616557e-06, 1.46049496834e-05, 6.23200958216e-06, 8.37223979033e-06, 9.35596563068e-06, 4.7893449846e-06, 4.28394150731e-06, 3.74965702576e-06, 2.09577979149e-06, 1.68278165802e-06, 3.9747746996e-06, 8.24694507173e-06, 4.20984815719e-06, 3.59098612535e-06, 1.42084536492e-06, 1.46995489558e-06, 1.17517492981e-06, 7.22813240372e-07, 9.06173454496e-07], "dmean2": [0.00421248283237, 0.00443840026855, 0.00115723372437, 0.000775442516897, 0.000654397823382, 0.000833747792058, 0.000393050140701, 0.000125203470816, 0.000164033903275, 4.58319227619e-05, 1.37598262882e-05, 1.52729026013e-05, 4.40213771071e-05, 4.68680191261e-05, 0.000102041332866, 0.000240120338276, 8.31070647109e-05, 0.000104755774373, 6.55861658743e-05, 6.94091504556e-05, 2.33765604207e-05, 1.5618508769e-05, 2.2643871489e-05, 9.80272307061e-06, 1.54316530825e-05, 1.68526894413e-05, 8.58953990246e-06, 7.92955688667e-06, 6.63478476781e-06, 3.45955663761e-06, 2.95593645205e-06, 7.35493176762e-06, 1.55221314344e-05, 7.6897240433e-06, 6.58507815388e-06, 2.36310984292e-06, 2.62161415776e-06, 2.08801270674e-06, 1.17008744382e-06, 1.5553744106e-06], "dvar": [6.08977643424e-05, 6.95602720953e-05, 4.17579394707e-06, 3.1848458093e-06, 7.54620600674e-07, 1.78034326836e-06, 6.28084023901e-07, 5.68184148619e-08, 9.17651448162e-08, 1.57872470652e-08, 6.81180944984e-10, 8.23314361131e-10, 2.6704979561e-08, 1.1324627458e-08, 5.47475771384e-08, 3.02825100107e-07, 8.72239951377e-08, 5.04097066312e-08, 2.37130741709e-08, 4.36266063275e-08, 1.19512577612e-09, 5.17188236682e-10, 1.44759659815e-09, 2.47913384266e-10, 1.37820044266e-09, 1.92278459821e-09, 2.5491037059e-10, 2.36246577856e-10, 1.2826296969e-10, 2.4700541959e-11, 3.25239037091e-11, 8.63594584732e-10, 2.88123858105e-09, 1.98727256873e-10, 1.20975895967e-10, 1.1589932139e-11, 5.1935448997e-11, 3.80892782592e-11, 5.72048528338e-12, 6.46087220182e-12], "dvar2": [0.000160572613822, 0.000198750101845, 1.10055070763e-05, 8.307409189e-06, 1.32754234983e-06, 5.08752555106e-06, 1.21847722312e-06, 8.35967028934e-08, 1.85980056244e-07, 2.97269480143e-08, 1.87167059629e-09, 1.76037728838e-09, 5.69132225792e-08, 2.54202436878e-08, 1.05532251382e-07, 6.8368774464e-07, 2.22291319574e-07, 1.15894358999e-07, 5.82990473674e-08, 1.09578145668e-07, 3.04618597013e-09, 1.37088251861e-09, 3.4532725568e-09, 5.52555057265e-10, 3.96319510543e-09, 5.54585888324e-09, 7.1377048716e-10, 6.80677902931e-10, 3.6894651223e-10, 7.01767602362e-11, 9.33085761434e-11, 2.50719045525e-09, 8.41490255254e-09, 5.68758928843e-10, 3.45959094705e-10, 3.18219860185e-11, 1.51976653484e-10, 1.1179569076e-10, 1.60401362331e-11, 1.80128585658e-11], "max": [0.0599844232202, 0.0614656060934, 0.0266971997917, 0.029111739248, 0.0118660358712, 0.0190161000937, 0.0167400948703, 0.00474648969248, 0.00408097961918, 0.00215560942888, 0.000474100874271, 0.0010931462748, 0.00403425656259, 0.00304322945885, 0.00498540792614, 0.00733900582418, 0.00502680055797, 0.0032345498912, 0.00232807989232, 0.0043240818195, 0.000567961251363, 0.000267229683232, 0.000505564268678, 0.000209856938454, 0.000799940491561, 0.00104101130273, 0.000225883137318, 0.000166679354152, 0.000126087194076, 0.000164502373082, 9.64472201304e-05, 0.000579371408094, 0.000712359906174, 0.000215829160879, 0.000103366197436, 6.17071200395e-05, 0.000127785562654, 0.000141230862937, 9.10362869035e-05, 3.18930287904e-05], "mean": [0.00214762217365, 0.00166867906228, 0.000599516963121, 0.000730548345018, 0.000964267703239, 0.000981503981166, 0.000501794507727, 0.000182708972716, 0.000180100920261, 7.11272587068e-05, 1.1080152035e-05, 2.10571542993e-05, 3.22293053614e-05, 3.64821680705e-05, 8.1684847828e-05, 0.00017866557755, 4.27192971983e-05, 7.0386347943e-05, 4.21627737524e-05, 3.88808766729e-05, 1.66114441527e-05, 1.24895277622e-05, 1.62110136444e-05, 6.20774744675e-06, 6.21503659204e-06, 8.31319539429e-06, 4.30367026638e-06, 3.14914905175e-06, 3.06610695588e-06, 2.19918956645e-06, 1.65351411852e-06, 2.75283355222e-06, 5.1563542911e-06, 2.99996713693e-06, 2.59648413703e-06, 1.32466800551e-06, 1.23230665849e-06, 9.26811082991e-07, 7.11426991984e-07, 7.69353391661e-07], "median": [0.000128511775983, 8.29771888675e-05, 4.48775826953e-05, 9.33961200644e-05, 0.0002005979768, 0.000119035452371, 5.79778206884e-05, 9.48524211708e-06, 7.35901357984e-06, 3.85015073334e-06, 2.17768251787e-06, 2.48422838922e-06, 1.77187507688e-06, 4.12639019487e-06, 7.72722705733e-06, 8.98445887287e-06, 1.7617425101e-06, 3.13184773404e-06, 2.22454536924e-06, 1.77836261628e-06, 4.26598444392e-06, 4.25620737587e-06, 2.15965246753e-06, 1.07728089915e-06, 6.19735317287e-07, 1.01065518265e-06, 8.26413440791e-07, 4.20064765194e-07, 6.38169865397e-07, 5.77054436235e-07, 2.49531950658e-07, 3.18212471484e-07, 2.83274061985e-07, 4.11299822645e-07, 5.22636526057e-07, 1.93964680761e-07, 1.3780326924e-07, 1.09203789123e-07, 8.47227639156e-08, 6.59709016304e-08], "min": [2.25397913233e-24, 3.83461538939e-24, 3.73051020459e-24, 3.65351974682e-24, 8.21612358967e-24, 8.63653202075e-24, 7.39441846066e-24, 2.89630636339e-24, 3.63221576921e-24, 3.19873098255e-24, 5.38102849379e-24, 3.04822184386e-24, 4.50252182973e-24, 4.0914085467e-24, 5.19267493647e-24, 4.18194650722e-24, 5.8124324626e-24, 7.56607932681e-24, 3.38378572079e-24, 5.55493721908e-24, 8.41682479232e-24, 9.74261440635e-24, 7.22173286421e-24, 5.86793198273e-24, 4.77265580824e-24, 7.40368442086e-24, 7.20428799415e-24, 5.58966879259e-24, 6.11914237141e-24, 6.56066663677e-24, 1.03116868305e-23, 5.95533816545e-24, 6.1672845803e-24, 5.32343099809e-24, 8.65830221516e-24, 8.89490763304e-24, 7.33360517348e-24, 9.7852034289e-24, 8.1627295393e-24, 8.09278282056e-24], "var": [4.72324099974e-05, 4.10887041653e-05, 3.32737386088e-06, 3.41991085406e-06, 2.87494367512e-06, 4.49715753348e-06, 1.767714366e-06, 2.15892711708e-07, 1.97995959184e-07, 7.80789406463e-08, 8.89589679698e-10, 6.23917539855e-09, 3.40168497814e-08, 1.40387204084e-08, 8.34810691686e-08, 3.44825338061e-07, 7.07200911165e-08, 5.70223903651e-08, 2.28973444649e-08, 3.78769939857e-08, 1.28008081912e-09, 5.89550130936e-10, 1.77054004791e-09, 3.03346403552e-10, 8.16498035849e-10, 1.1846553738e-09, 1.6722893903e-10, 1.37253167165e-10, 7.7462293524e-11, 2.03567648849e-11, 2.26909498136e-11, 4.77615058614e-10, 1.56487978131e-09, 1.16221678115e-10, 7.1654598921e-11, 8.78177652125e-12, 2.91852202128e-11, 2.08309671595e-11, 3.83481831359e-12, 4.35427952375e-12]}, "mfcc": {"mean": [-724.27746582, 106.099906921, 4.62843418121, 23.2178039551, 13.4298830032, 10.8849916458, -11.6292409897, -6.12506008148, -15.0364208221, -5.50570583344, -0.286509335041, 9.1925611496, 7.9232840538], "cov": [[9719.30273438, -706.788574219, 920.09185791, 526.581848145, 113.748176575, -80.933303833, -182.051239014, -471.434204102, 212.290405273, 597.277099609, 380.261474609, -51.4851989746, -219.736190796], [-706.788574219, 2550.83251953, 509.882110596, 466.303009033, 82.4265594482, 16.3829288483, -101.986694336, 117.900024414, 36.4133605957, 0.551590740681, -149.7421875, -206.302398682, -52.6406402588], [920.09185791, 509.882110596, 1391.91906738, 571.702575684, 97.2552719116, 15.3045701981, 75.1445159912, -61.7546310425, 149.828552246, 156.820877075, -39.7420921326, -145.10534668, -127.997955322], [526.581848145, 466.303009033, 571.702575684, 809.320068359, 336.976928711, 67.6863479614, -41.1750717163, -56.0163650513, -10.8879156113, 75.4866485596, -21.7697677612, -169.478530884, -72.4424514771], [113.748176575, 82.4265594482, 97.2552719116, 336.976928711, 520.454284668, 169.951278687, 1.30557632446, -32.6960983276, 7.62211990356, 29.0751819611, -3.03143191338, -5.57887125015, -29.6060314178], [-80.933303833, 16.3829288483, 15.3045701981, 67.6863479614, 169.951278687, 347.391937256, 185.848464966, 29.3634109497, -61.2682762146, -42.284198761, -45.745513916, -50.2723236084, -12.5643062592], [-182.051239014, -101.986694336, 75.1445159912, -41.1750717163, 1.30557632446, 185.848464966, 360.444366455, 177.86138916, 29.6245822906, -4.2599864006, 25.0310230255, 11.1881389618, -25.9059906006], [-471.434204102, 117.900024414, -61.7546310425, -56.0163650513, -32.6960983276, 29.3634109497, 177.86138916, 503.122406006, 197.76789856, -91.9694824219, 14.7474145889, 121.529830933, 2.38393044472], [212.290405273, 36.4133605957, 149.828552246, -10.8879156113, 7.62211990356, -61.2682762146, 29.6245822906, 197.76789856, 399.046600342, 177.328857422, 84.0080184937, 82.2812347412, 4.86182022095], [597.277099609, 0.551590740681, 156.820877075, 75.4866485596, 29.0751819611, -42.284198761, -4.2599864006, -91.9694824219, 177.328857422, 473.028594971, 300.60635376, 51.342590332, 6.40845632553], [380.261474609, -149.7421875, -39.7420921326, -21.7697677612, -3.03143191338, -45.745513916, 25.0310230255, 14.7474145889, 84.0080184937, 300.60635376, 499.953735352, 278.173797607, 31.3017845154], [-51.4851989746, -206.302398682, -145.10534668, -169.478530884, -5.57887125015, -50.2723236084, 11.1881389618, 121.529830933, 82.2812347412, 51.342590332, 278.173797607, 442.961791992, 101.553924561], [-219.736190796, -52.6406402588, -127.997955322, -72.4424514771, -29.6060314178, -12.5643062592, -25.9059906006, 2.38393044472, 4.86182022095, 6.40845632553, 31.3017845154, 101.553924561, 216.104187012]], "icov": [[0.000132280634716, 5.98537299084e-05, -5.89712726651e-05, -7.5365183875e-05, 6.09869057371e-05, -7.02813995304e-05, 9.6652758657e-05, 9.22065737541e-05, -8.06887546787e-05, -6.20313294348e-05, -5.49751530343e-05, -1.07500536615e-05, 0.000120398886793], [5.98537299084e-05, 0.00052856374532, -0.000172101121279, -0.000207670003874, 0.000124973463244, -0.000209514677408, 0.000466735626105, -0.00038766223588, 0.000150445208419, -0.000211255101021, 9.02935571503e-05, 0.000126369006466, 1.36461121656e-05], [-5.89712726651e-05, -0.000172101121279, 0.00146287551615, -0.00120240089018, 0.000592842756305, 0.000153646411491, -0.000918096979149, 0.00080927554518, -0.000828160555102, -8.62050146679e-05, 0.000562451139558, -0.000553215621039, 0.000532361678779], [-7.5365183875e-05, -0.000207670003874, -0.00120240089018, 0.00333813834004, -0.00210838927887, 0.000386360421544, 0.000707559403963, -0.000938558368944, 0.000985384103842, 3.14681092277e-05, -0.000968392414507, 0.00157406728249, -0.000514132494573], [6.09869057371e-05, 0.000124973463244, 0.000592842756305, -0.00210838927887, 0.00395548576489, -0.00218311999924, 0.00061582174385, 0.000634394411463, -0.000858306651935, -0.000260657456238, 0.000750303617679, -0.00139832217246, 0.000794089457486], [-7.02813995304e-05, -0.000209514677408, 0.000153646411491, 0.000386360421544, -0.00218311999924, 0.00591701362282, -0.00343785015866, 0.000364714942407, 0.000779296795372, 0.000246721028816, 0.000130591433845, 0.000605778768659, -0.000601629260927], [9.6652758657e-05, 0.000466735626105, -0.000918096979149, 0.000707559403963, 0.00061582174385, -0.00343785015866, 0.00627749180421, -0.00267992424779, 0.000960021628998, -0.000851195014548, -0.000491762359161, 0.000530927092768, 0.000397327385144], [9.22065737541e-05, -0.00038766223588, 0.00080927554518, -0.000938558368944, 0.000634394411463, 0.000364714942407, -0.00267992424779, 0.00519829941913, -0.00347548886202, 0.00249656988308, -0.000548227224499, -0.000971919565927, 0.000433842011262], [-8.06887546787e-05, 0.000150445208419, -0.000828160555102, 0.000985384103842, -0.000858306651935, 0.000779296795372, 0.000960021628998, -0.00347548886202, 0.00600625528023, -0.00355617073365, 0.00163265259471, -0.000522155140061, -0.000145225436427], [-6.20313294348e-05, -0.000211255101021, -8.62050146679e-05, 3.14681092277e-05, -0.000260657456238, 0.000246721028816, -0.000851195014548, 0.00249656988308, -0.00355617073365, 0.00687607517466, -0.00479944655672, 0.00230448809452, -0.000817659136374], [-5.49751530343e-05, 9.02935571503e-05, 0.000562451139558, -0.000968392414507, 0.000750303617679, 0.000130591433845, -0.000491762359161, -0.000548227224499, 0.00163265259471, -0.00479944655672, 0.00715909479186, -0.00448311213404, 0.00120746926405], [-1.07500536615e-05, 0.000126369006466, -0.000553215621039, 0.00157406728249, -0.00139832217246, 0.000605778768659, 0.000530927092768, -0.000971919565927, -0.000522155140061, 0.00230448809452, -0.00448311213404, 0.00618455419317, -0.00217567989603], [0.000120398886793, 1.36461121656e-05, 0.000532361678779, -0.000514132494573, 0.000794089457486, -0.000601629260927, 0.000397327385144, 0.000433842011262, -0.000145225436427, -0.000817659136374, 0.00120746926405, -0.00217567989603, 0.00588780408725]]}, "spectral_contrast_coeffs": {"dmean": [0.0603565312922, 0.0655636265874, 0.0495717376471, 0.0524019189179, 0.0324646495283, 0.0213710349053], "dmean2": [0.0886932834983, 0.100721441209, 0.0766193047166, 0.0738658308983, 0.0517695844173, 0.0358485504985], "dvar": [0.00268318760209, 0.00395860662684, 0.00208619772457, 0.00239885412157, 0.000984380138107, 0.000524542469066], "dvar2": [0.00586589565501, 0.00837424676865, 0.00474205845967, 0.00420053070411, 0.00236840639263, 0.00136324798223], "max": [-0.261611133814, -0.226518794894, -0.364597916603, -0.386709094048, -0.531623482704, -0.598946750164], "mean": [-0.667152523994, -0.630171120167, -0.768835783005, -0.729955852032, -0.776632368565, -0.775754332542], "median": [-0.68084526062, -0.638887524605, -0.797858595848, -0.747436106205, -0.776905894279, -0.774071156979], "min": [-0.977093040943, -0.974519729614, -0.970947086811, -0.961445748806, -0.959475934505, -0.963255465031], "var": [0.0188584625721, 0.0217379126698, 0.0105550223961, 0.00898488145322, 0.00328450626694, 0.00156581902411]}, "spectral_contrast_valleys": {"dmean": [0.548395335674, 0.62436324358, 0.623061835766, 0.642612159252, 0.599151909351, 0.658753573895], "dmean2": [0.858452558517, 0.984217107296, 0.98337328434, 1.02422297001, 0.901714801788, 0.872119963169], "dvar": [0.366561233997, 0.356914013624, 0.393032699823, 0.497843384743, 0.488377034664, 0.574767410755], "dvar2": [0.783403337002, 0.847828388214, 0.984450161457, 1.15525996685, 1.15726006031, 1.29716801643], "max": [-4.82276439667, 