{"lowlevel": {"average_loudness": 0.274256318808, "barkbands_crest": {"dmean": 1.62042737007, "dmean2": 2.41340494156, "dvar": 3.23292016983, "dvar2": 6.87512731552, "max": 26.6293640137, "mean": 15.3376131058, "median": 14.7833490372, "min": 4.2516746521, "var": 24.2056903839}, "barkbands_flatness_db": {"dmean": 0.0173249859363, "dmean2": 0.0268444661051, "dvar": 0.000374133640435, "dvar2": 0.000844296475407, "max": 0.587300300598, "mean": 0.357440799475, "median": 0.35463783145, "min": 0.0699391812086, "var": 0.00262155034579}, "barkbands_kurtosis": {"dmean": 2.48176789284, "dmean2": 3.67780613899, "dvar": 56.729019165, "dvar2": 139.487243652, "max": 300.6144104, "mean": 5.97546005249, "median": 1.90053200722, "min": -1.93844437599, "var": 156.780807495}, "barkbands_skewness": {"dmean": 0.431092202663, "dmean2": 0.648366093636, "dvar": 0.341306835413, "dvar2": 0.800548791885, "max": 5.60438394547, "mean": -0.024694589898, "median": 0.00938913039863, "min": -10.1117582321, "var": 2.10412216187}, "barkbands_spread": {"dmean": 1.04839646816, "dmean2": 1.56723320484, "dvar": 3.0876955986, "dvar2": 6.4891295433, "max": 34.3365402222, "mean": 5.97650671005, "median": 4.58572673798, "min": 0.142321765423, "var": 26.6273136139}, "dissonance": {"dmean": 0.0457349233329, "dmean2": 0.0782749503851, "dvar": 0.00228271819651, "dvar2": 0.00602825218812, "max": 0.499644309282, "mean": 0.362245380878, "median": 0.367961287498, "min": 0.0618447102606, "var": 0.00622990773991}, "dynamic_complexity": 10.0847253799, "erbbands_crest": {"dmean": 2.29973483086, "dmean2": 3.50632762909, "dvar": 7.03701066971, "dvar2": 15.7007408142, "max": 34.5498046875, "mean": 21.6730308533, "median": 21.9970321655, "min": 3.02801275253, "var": 38.966583252}, "erbbands_flatness_db": {"dmean": 0.0153945321217, "dmean2": 0.0232697688043, "dvar": 0.00030795490602, "dvar2": 0.000661900674459, "max": 0.621497988701, "mean": 0.417262971401, "median": 0.41502276063, "min": 0.0975228324533, "var": 0.00277083809488}, "erbbands_kurtosis": {"dmean": 3.02693772316, "dmean2": 4.32173776627, "dvar": 34.844455719, "dvar2": 70.2121963501, "max": 190.093200684, "mean": 8.60349750519, "median": 4.80102729797, "min": -1.84884333611, "var": 179.125473022}, "erbbands_skewness": {"dmean": 0.415269851685, "dmean2": 0.6058344841, "dvar": 0.273247897625, "dvar2": 0.580482780933, "max": 7.72706508636, "mean": 0.124679177999, "median": 0.0816389173269, "min": -11.1202478409, "var": 3.07080602646}, "erbbands_spread": {"dmean": 1.33316016197, "dmean2": 1.94718897343, "dvar": 4.35019397736, "dvar2": 9.42358875275, "max": 42.7670898438, "mean": 6.87705755234, "median": 5.00611686707, "min": 0.251558899879, "var": 34.5977134705}, "hfc": {"dmean": 2.75283241272, "dmean2": 3.68685245514, "dvar": 48.5038146973, "dvar2": 88.4982223511, "max": 146.840820312, "mean": 10.2167711258, "median": 3.2785513401, "min": 1.12690414738e-16, "var": 247.0519104}, "melbands_crest": {"dmean": 1.89972472191, "dmean2": 2.90308976173, "dvar": 5.11126995087, "dvar2": 11.16020298, "max": 33.6983337402, "mean": 17.6842784882, "median": 17.1087265015, "min": 1.79847180843, "var": 36.8422393799}, "melbands_flatness_db": {"dmean": 0.0178802739829, "dmean2": 0.0274797808379, "dvar": 0.000534806051292, "dvar2": 0.00119483773597, "max": 0.694617509842, "mean": 0.450939118862, "median": 0.45514112711, "min": 0.00531069049612, "var": 0.00335674011149}, "melbands_kurtosis": {"dmean": 1.9603048563, "dmean2": 2.95526075363, "dvar": 17.260181427, "dvar2": 38.4275512695, "max": 102.541435242, "mean": 4.57406616211, "median": 1.31980609894, "min": -1.93181097507, "var": 76.5872802734}, "melbands_skewness": {"dmean": 0.393293231726, "dmean2": 0.591161251068, "dvar": 0.250514119864, "dvar2": 0.587400555611, "max": 5.90021276474, "mean": -0.00688188290223, "median": 0.0177215225995, "min": -6.85174655914, "var": 1.95315003395}, "melbands_spread": {"dmean": 1.95384979248, "dmean2": 2.971139431, "dvar": 13.6558237076, "dvar2": 29.0380973816, "max": 118.703887939, "mean": 11.0597658157, "median": 8.68251609802, "min": 0.430199742317, "var": 92.7547683716}, "pitch_salience": {"dmean": 0.0412647649646, "dmean2": 0.0647107586265, "dvar": 0.00250408635475, "dvar2": 0.00609779544175, "max": 0.921886146069, "mean": 0.409641474485, "median": 0.422331273556, "min": 0.0333801060915, "var": 0.0121115399525}, "silence_rate_20dB": {"dmean": 0, "dmean2": 0, "dvar": 0, "dvar2": 0, "max": 1, "mean": 1, "median": 1, "min": 1, "var": 0}, "silence_rate_30dB": {"dmean": 0.0056268684566, "dmean2": 0.0112557159737, "dvar": 0.00559567380697, "dvar2": 0.0135910874233, "max": 1, "mean": 0.991385400295, "median": 1, "min": 0, "var": 0.00854024570435}, "silence_rate_60dB": {"dmean": 0.028134342283, "dmean2": 0.0561027079821, "dvar": 0.0273434072733, "dvar2": 0.0575261712074, "max": 1, "mean": 0.444620251656, "median": 0, "min": 0, "var": 0.246933117509}, "spectral_centroid": {"dmean": 43.3335533142, "dmean2": 63.1695289612, "dvar": 24704.6699219, "dvar2": 32338.9511719, "max": 10826.3271484, "mean": 716.026611328, "median": 670.259155273, "min": 206.054412842, "var": 93733.578125}, "spectral_complexity": {"dmean": 0.774749457836, "dmean2": 1.27172005177, "dvar": 1.57385921478, "dvar2": 3.17574954033, "max": 23, "mean": 5.92246818542, "median": 5, "min": 0, "var": 21.4394073486}, "spectral_decrease": {"dmean": 8.64648463939e-10, "dmean2": 1.1323592064e-09, "dvar": 3.82064509258e-18, "dvar2": 5.96555502661e-18, "max": -3.65051173718e-29, "mean": -3.73090802697e-09, "median": -1.18090270895e-09, "min": -5.40175157937e-08, "var": 3.15681139246e-17}, "spectral_energy": {"dmean": 0.00350306625478, "dmean2": 0.00459712604061, "dvar": 6.3196865085e-05, "dvar2": 9.94587680907e-05, "max": 0.213323667645, "mean": 0.0150079736486, "median": 0.00477957492694, "min": 1.03591277389e-20, "var": 0.000509421399329}, "spectral_energyband_high": {"dmean": 1.52751317728e-06, "dmean2": 2.239286232e-06, "dvar": 3.31800920073e-10, "dvar2": 7.63280549876e-10, "max": 0.00109066825826, "mean": 1.89262459571e-06, "median": 1.12429418664e-07, "min": 7.22347586815e-21, "var": 3.60559970769e-10}, "spectral_energyband_low": {"dmean": 0.000346288084984, "dmean2": 0.000585102592595, "dvar": 1.50518837927e-06, "dvar2": 4.04150159738e-06, "max": 0.0369840599597, "mean": 0.000928579014726, "median": 0.000128267216496, "min": 3.15063756471e-23, "var": 5.57998828299e-06}, "spectral_energyband_middle_high": {"dmean": 0.00129743444268, "dmean2": 0.00188994093332, "dvar": 2.02304363484e-05, "dvar2": 3.98193842557e-05, "max": 0.141759052873, "mean": 0.00317702442408, "median": 0.000727066071704, "min": 1.84754303716e-21, "var": 5.27960546606e-05}, "spectral_energyband_middle_low": {"dmean": 0.00266976188868, "dmean2": 0.00343904015608, "dvar": 4.0317656385e-05, "dvar2": 6.27117260592e-05, "max": 0.191998496652, "mean": 0.0118364850059, "median": 0.00306722172536, "min": 3.5265159652e-22, "var": 0.000365981919458}, "spectral_entropy": {"dmean": 0.154988795519, "dmean2": 0.237765833735, "dvar": 0.0496051348746, "dvar2": 0.10988727957, "max": 9.81259822845, "mean": 5.47111082077, "median": 5.48992443085, "min": 3.31607747078, "var": 0.227349579334}, "spectral_flux": {"dmean": 0.0117860045284, "dmean2": 0.0190567076206, "dvar": 0.000504223280586, "dvar2": 0.00115390319843, "max": 0.256182849407, "mean": 0.024601560086, "median": 0.0142304264009, "min": 1.01779799866e-10, "var": 0.0010217463132}, "spectral_kurtosis": {"dmean": 26.5207519531, "dmean2": 46.5965156555, "dvar": 593.890380859, "dvar2": 1623.64892578, "max": 303.089813232, "mean": 84.5531234741, "median": 80.8486328125, "min": -1.19283735752, "var": 1859.13110352}, "spectral_rms": {"dmean": 0.000354108982719, "dmean2": 0.000458707829239, "dvar": 4.04522012332e-07, "dvar2": 5.96069696712e-07, "max": 0.0144263869151, "mean": 0.00286314752884, "median": 0.00215939804912, "min": 3.17906681882e-12, "var": 6.44430701868e-06}, "spectral_rolloff": {"dmean": 55.2922172546, "dmean2": 98.3912277222, "dvar": 82839.0859375, "dvar2": 115266.546875, "max": 18970.7519531, "mean": 884.087402344, "median": 775.1953125, "min": 150.732421875, "var": 191782.28125}, "spectral_skewness": {"dmean": 1.52517461777, "dmean2": 2.7155623436, "dvar": 1.68574810028, "dvar2": 4.75759935379, "max": 15.2791748047, "mean": 6.38398981094, "median": 6.34687995911, "min": 0.0229221079499, "var": 5.16227006912}, "spectral_spread": {"dmean": 318652.09375, "dmean2": 567269.8125, "dvar": 442007519232, "dvar2": 686951170048, "max": 39169576, "mean": 1074437, "median": 1027147.875, "min": 327846.5625, "var": 486089621504}, "spectral_strongpeak": {"dmean": 0.445464998484, "dmean2": 0.658031821251, "dvar": 0.826110124588, "dvar2": 1.60499346256, "max": 17.516954422, "mean": 1.81579124928, "median": 1.11712670326, "min": 1.6875896236e-09, "var": 3.81414866447}, "zerocrossingrate": {"dmean": 0.00204911548644, "dmean2": 0.00246605207212, "dvar": 3.54977273673e-05, "dvar2": 2.85159985651e-05, "max": 0.5, "mean": 0.0336617045105, "median": 0.03173828125, "min": 0.0068359375, "var": 0.00020682887407}, "barkbands": {"dmean": [1.97791700884e-06, 5.35327271791e-05, 0.0002589096257, 0.000137332302984, 0.000252703059232, 0.000196183376829, 0.000386626925319, 0.000744376506191, 0.00129171961453, 0.000895838835277, 0.000178877075086, 9.52721820795e-05, 0.000163103017258, 0.000254535698332, 8.77765851328e-05, 6.58230201225e-05, 4.60146884507e-06, 4.5922361096e-06, 5.88692819292e-06, 8.46842681312e-07, 7.8225514244e-07, 1.76624723736e-07, 4.48840467016e-08, 4.83541917617e-09, 1.45456091616e-09, 1.00808217329e-09, 9.6294816565e-10], "dmean2": [3.55077941094e-06, 9.16219287319e-05, 0.000444694771431, 0.00023326461087, 0.000387202890124, 0.000231006473769, 0.000519160414115, 0.00105861644261, 0.00169357447885, 0.0012554472778, 0.000263007968897, 0.000138024435728, 0.000270978518529, 0.000369247514755, 0.000140445277793, 8.94056865945e-05, 7.0798937486e-06, 6.91641616868e-06, 8.78785522218e-06, 1.23576444366e-06, 1.17057447824e-06, 2.67729348025e-07, 7.289762749e-08, 8.01172284071e-09, 2.43137043832e-09, 1.69826819274e-09, 1.64512237166e-09], "dvar": [3.11536178799e-11, 2.78665748255e-08, 1.07861046672e-06, 1.62888397881e-07, 1.62665162406e-06, 7.15613794e-07, 2.3183522444e-06, 6.36682034383e-06, 1.81253453775e-05, 1.0032080354e-05, 1.21058542391e-06, 4.13824722045e-07, 2.78150196209e-06, 4.31652279076e-06, 7.5384059528e-07, 4.56589987152e-07, 3.25654364586e-10, 5.00275543214e-10, 2.60510968353e-09, 3.7034753736e-11, 2.73493394598e-10, 2.02735961699e-12, 1.85011687502e-13, 1.36840311387e-15, 5.18752027482e-17, 5.2382870787e-18, 4.41595912122e-18], "dvar2": [9.33256458224e-11, 7.59097389391e-08, 3.0921587495e-06, 4.29020218462e-07, 3.59255068361e-06, 7.24080223335e-07, 4.15938893639e-06, 1.09395405161e-05, 3.05045978166e-05, 1.76783105417e-05, 2.3278628305e-06, 8.97355164398e-07, 7.09412279321e-06, 8.7991293185e-06, 2.05361129701e-06, 8.6786724296e-07, 7.01968594363e-10, 1.17593790261e-09, 5.44763034682e-09, 7.90158077857e-11, 6.50540010749e-10, 4.49981458345e-12, 4.0790249867e-13, 3.631850273e-15, 1.19150668852e-16, 1.36033433426e-17, 1.17836088607e-17], "max": [0.000111664077849, 0.00393576454371, 0.0328468680382, 0.0112129859626, 0.0443032570183, 0.0396482534707, 0.0417450778186, 0.0859519690275, 0.0890717208385, 0.133178696036, 0.0450479090214, 0.0225346200168, 0.0673175305128, 0.0852915719151, 0.0355570875108, 0.0363004878163, 0.000531173485797, 0.000614013464656, 0.00275992928073, 0.000222581045819, 0.0010308077326, 5.31427467649e-05, 1.83861448022e-05, 1.6432479697e-06, 3.40189586723e-07, 3.86248686368e-08, 4.41061089873e-08], "mean": [1.98043608179e-06, 6.24821623205e-05, 0.000592936296016, 0.000468573853141, 0.00099173525814, 0.000669161323458, 0.00118848856073, 0.00224402826279, 0.00474446034059, 0.00246370537207, 0.000377770455088, 0.00020262117323, 0.000259560736595, 0.000427334656706, 0.000145446814713, 0.000139246345498, 9.45312422118e-06, 7.64303695178e-06, 9.09507707547e-06, 1.14628971914e-06, 8.35492130591e-07, 2.17846107375e-07, 4.8910582251e-08, 5.82667913918e-09, 2.27910712525e-09, 2.1249786375e-09, 1.85745374637e-09], "median": [3.84722227409e-07, 4.85780037707e-06, 4.70743107144e-05, 6.81119272485e-05, 6.19676575297e-05, 1.72958680196e-05, 7.49440514483e-05, 9.58550226642e-05, 0.000243513859459, 9.51425608946e-05, 1.15543025458e-05, 1.25174601635e-05, 1.47072823893e-05, 1.8943388568e-05, 3.0751984923e-06, 1.46745742313e-06, 6.55706230646e-07, 6.24755443823e-07, 5.15093915965e-07, 6.93726391887e-08, 2.30810215385e-08, 1.07397877258e-08, 1.81423842616e-09, 5.5093613005e-10, 3.84133169717e-10, 4.29939805979e-10, 3.77325615197e-10], "min": [1.08303881192e-23, 1.95366972536e-23, 4.74020562047e-24, 9.37032806821e-24, 7.40182002699e-23, 4.44876088015e-23, 7.07156056912e-23, 6.59437229667e-23, 4.86054185506e-23, 8.62050978245e-23, 9.53933583735e-23, 1.4130195179e-22, 1.6223857265e-22, 2.31908748315e-22, 5.66965881506e-23, 1.11125674515e-22, 2.37284286337e-22, 2.70033196796e-22, 3.36729859098e-22, 2.36285979706e-22, 4.10628379702e-22, 5.07861330152e-22, 6.39107993838e-22, 8.5222079949e-22, 9.23997397855e-22, 1.43165688059e-21, 2.54732935354e-21], "var": [2.8006806943e-11, 3.19035322605e-08, 3.4442375636e-06, 1.0960442296e-06, 7.57165526011e-06, 6.86727207722e-06, 1.32832346935e-05, 3.62922910426e-05, 0.000126570492284, 4.02209261665e-05, 3.34030437443e-06, 8.53099095366e-07, 3.20138201459e-06, 7.16871136319e-06, 8.83218888248e-07, 1.25596966427e-06, 1.29399746474e-09, 7.78100639476e-10, 3.37921579607e-09, 4.87639789659e-11, 2.669002519e-10, 2.78528133717e-12, 2.09929824717e-13, 1.20489473247e-15, 7.59080884129e-17, 1.49345474363e-17, 1.34210062659e-17]}, "erbbands": {"dmean": [0.000560999091249, 0.0181825999171, 0.221643641591, 0.418186664581, 0.358891576529, 1.15053164959, 1.12766194344, 1.86489522457, 1.78420031071, 16.4505596161, 11.7816314697, 18.2526988983, 42.2389678955, 19.1298084259, 6.67278575897, 5.10600137711, 8.96456718445, 13.8616962433, 4.89494991302, 5.58202123642, 1.43462979794, 0.226052194834, 0.204588785768, 0.32014682889, 0.235411643982, 0.0602648258209, 0.0552115291357, 0.00888915453106, 0.00639822939411, 0.00290485844016, 0.000719802919775, 0.000210327532841, 6.65184779791e-05, 2.06791810342e-05, 1.00391616797e-05, 5.52813935428e-06, 2.60214778791e-06, 9.41221969697e-07, 1.8239406927e-06, 4.06881372328e-06], "dmean2": [0.00090142065892, 0.0310350172222, 0.381455034018, 0.698937833309, 0.585289299488, 1.80392694473, 1.47787332535, 2.20062255859, 2.43664479256, 24.0208511353, 15.9719963074, 24.283624649, 55.5869636536, 27.1828975677, 9.68366241455, 7.47891187668, 14.519446373, 20.2067909241, 7.85761499405, 7.78432846069, 1.90474224091, 0.329746216536, 0.301008939743, 0.486039638519, 0.347868651152, 0.087190516293, 0.08218331635, 0.0131051251665, 0.00981093849987, 0.0047380104661, 0.00114192871843, 0.000333053409122, 0.000110198838229, 3.37769124599e-05, 1.60273484653e-05, 8.47142928251e-06, 3.85756857213e-06, 1.41784278185e-06, 2.39144151237e-06, 5.35172284799e-06], "dvar": [2.47591583502e-06, 0.00348717719316, 0.810151576996, 1.84237980843, 1.74465274811, 39.453754425, 23.2751979828, 66.2728729248, 28.0286426544, 3422.55883789, 2788.56665039, 3163.34594727, 15600.3857422, 12257.2783203, 1467.10546875, 1118.26074219, 7992.29052734, 12746.3828125, 2147.81738281, 2291.1574707, 407.726165771, 0.927429914474, 0.885704934597, 2.64971518517, 11.4307117462, 0.221805751324, 1.3051854372, 0.00750986859202, 0.00237602507696, 0.000470411963761, 2.44243019552e-05, 2.22160497287e-06, 2.78082154637e-07, 1.45849368138e-08, 1.1502646613e-09, 2.18961668241e-10, 3.61038803021e-11, 5.66928882312e-12, 1.77942140189e-11, 8.63912205662e-11], "dvar2": [5.91675870965e-06, 0.00960736162961, 2.37944483757, 4.64297151566, 3.88147830963, 88.0937423706, 40.6555480957, 68.9343795776, 53.2087478638, 7235.29638672, 3946.60571289, 5905.83251953, 25114.4765625, 22350.5039062, 2908.05493164, 2467.68554688, 20158.6972656, 25623.546875, 5838.72265625, 4875.59863281, 773.857788086, 1.8579120636, 1.77507197857, 6.31124782562, 23.3160648346, 0.463433176279, 3.12866830826, 0.0159883666784, 0.00499004172161, 0.00111207331065, 5.03827614011e-05, 4.47892125521e-06, 7.19977322206e-07, 3.32804255265e-08, 2.46464959552e-09, 4.59256355168e-10, 6.98893165563e-11, 1.12424410059e-11, 2.82456939782e-11, 1.37392264232e-10], "max": [0.0361808910966, 1.86229777336, 30.3358821869, 30.8178005219, 45.6634521484, 192.721130371, 178.902954102, 363.350341797, 173.144744873, 1295.765625, 2203.3972168, 1233.08642578, 3159.08496094, 4840.98291016, 1490.96081543, 1136.2487793, 3594.37866211, 4743.45068359, 2021.55932617, 1765.86865234, 1300.4387207, 39.8200187683, 34.2421112061, 79.7233886719, 198.805526733, 18.800868988, 70.5187606812, 5.27904510498, 1.7192401886, 0.857379615307, 0.197874680161, 0.0629499256611, 0.0234558545053, 0.00540351029485, 0.00141690613236, 0.000462693104055, 0.000125201127958, 5.39182547072e-05, 0.000106382482045, 0.000240450419369], "mean": [0.000908472866286, 0.0259541645646, 0.453248739243, 1.40078794956, 1.41276597977, 4.5157532692, 3.863093853, 6.26768875122, 6.9329867363, 42.6826057434, 45.385799408, 67.3791885376, 158.411972046, 45.2609024048, 15.7767887115, 11.1089611053, 15.7728643417, 23.6358089447, 7.97443151474, 11.0574398041, 3.14268326759, 0.500578820705, 0.383396923542, 0.541222453117, 0.317683875561, 0.0799654349685, 0.0597439147532, 0.0114187467843, 0.00800970382988, 0.00336396717466, 0.000867074471898, 0.000272877601674, 9.37431395869e-05, 3.95118076995e-05, 2.48182095675e-05, 1.6685549781e-05, 9.15742111829e-06, 3.0533374229e-06, 7.76848082751e-06, 1.72905147338e-05], "median": [0.000106484993012, 0.00286040571518, 0.0429444462061, 0.207542911172, 0.169019132853, 0.216842293739, 0.207276940346, 0.188496127725, 0.456023871899, 2.59025335312, 3.20559549332, 7.61089038849, 7.50621366501, 1.82615888119, 1.20073580742, 1.08282721043, 1.494328022, 1.65424847603, 0.532991290092, 0.175900042057, 0.0905163958669, 0.0544986203313, 0.0373292565346, 0.0505203269422, 0.0173260178417, 0.00525546027347, 0.00200040987693, 0.000799803936388, 0.00048290003906, 0.000154730660142, 5.47695235582e-05, 2.51281962846e-05, 1.40453066706e-05, 9.77400850388e-06, 6.91341165293e-06, 4.92419985676e-06, 2.62654452854e-06, 8.05226022749e-07, 2.53080725088e-06, 5.53230438527e-06], "min": [8.55682598821e-22, 3.22294931369e-21, 6.76297496996e-21, 1.42152103022e-20, 9.55013621405e-20, 3.87852840011e-19, 1.8104736004e-19, 3.56984992791e-19, 7.34503555217e-19, 1.66087734038e-18, 1.18638792946e-18, 9.61997403919e-19, 3.03358625525e-18, 3.33796369846e-18, 2.45360898235e-18, 6.61307490525e-18, 7.55817755875e-18, 1.05564599522e-17, 6.86004497997e-18, 4.88673283683e-18, 8.29492003339e-18, 1.11996714607e-17, 1.39203181262e-17, 1.47996276609e-17, 1.75058880013e-17, 1.25888212106e-17, 1.70024278301e-17, 1.42492183726e-17, 1.75865811244e-17, 1.57612350492e-17, 2.06537899968e-17, 1.49670490169e-17, 1.67285499837e-17, 9.98351330096e-18, 6.66988194741e-18, 5.79119114375e-18, 2.71350478811e-18, 1.15451262795e-18, 3.37445073867e-19, 3.82620664143e-20], "var": [4.99755242345e-06, 0.00479594292119, 1.93423759937, 10.0429992676, 11.8483581543, 187.317947388, 135.692321777, 611.780212402, 268.647796631, 14557.7060547, 20120.0019531, 18358.359375, 107558.921875, 36026.359375, 4076.88916016, 2238.92456055, 9430.28027344, 21335.7949219, 2498.50463867, 4780.52587891, 1185.46191406, 3.18558883667, 2.14163136482, 3.40997123718, 14.7196140289, 0.285347104073, 1.25382661819, 0.00996620766819, 0.00375067978166, 0.000513011706062, 3.06032561639e-05, 2.94798178402e-06, 2.67342073812e-07, 1.78490964231e-08, 2.78027445511e-09, 8.15452427805e-10, 2.08947359415e-10, 2.92726606843e-11, 1.36023345365e-10, 6.74047595517e-10]}, "gfcc": {"mean": [-281.2315979, 213.707229614, -141.256500244, -49.7618026733, -30.0567417145, -20.4298114777, -7.35513496399, -9.04478645325, -14.7274961472, -16.421749115, -17.2881832123, -26.7007846832, -19.3498668671], "cov": [[19420.1074219, 839.668457031, -2612.5, 827.118713379, 94.7605361938, -852.134765625, 610.063232422, -415.498504639, 573.906799316, -158.130447388, 268.830657959, 354.170562744, 846.425964355], [839.668457031, 707.849182129, 247.533874512, -165.805252075, 28.8785915375, -142.329177856, -57.8927650452, -68.7283630371, -106.849853516, -73.0822982788, 65.667388916, 18.5692119598, 22.3115653992], [-2612.5, 247.533874512, 878.338134766, -256.676055908, -138.617126465, 118.128440857, -80.7847976685, 121.250106812, -136.453781128, -84.6255187988, -58.5273971558, -19.4425888062, -136.998535156], [827.118713379, -165.805252075, -256.676055908, 477.368530273, 212.097305298, 34.1738204956, -97.4819335938, -189.469512939, 3.15756320953, 55.712852478, 3.55444049835, 35.684463501, 76.9252319336], [94.7605361938, 28.8785915375, -138.617126465, 212.097305298, 372.849914551, 74.1954650879, -129.762390137, -162.53755188, -43.3507766724, 79.4968414307, 25.7896251678, -28.4832839966, 40.7244529724], [-852.134765625, -142.329177856, 118.128440857, 34.1738204956, 74.1954650879, 242.401062012, 64.2495269775, 26.7364654541, -9.19706439972, -26.7336082458, -82.70677948, -31.1791038513, -12.9287061691], [610.063232422, -57.8927650452, -80.7847976685, -97.4819335938, -129.762390137, 64.2495269775, 348.181121826, 204.703094482, 107.327217102, -58.8192749023, -54.6560096741, -52.3617553711, -67.3944778442], [-415.498504639, -68.7283630371, 121.250106812, -189.469512939, -162.53755188, 26.7364654541, 204.703094482, 290.669555664, 104.052841187, -52.9046630859, -33.6711654663, -51.0580825806, -118.524551392], [573.906799316, -106.849853516, -136.453781128, 3.15756320953, -43.3507766724, -9.19706439972, 107.327217102, 104.052841187, 174.326278687, 30.407541275, -48.0434761047, -33.9289207458, -15.0944805145], [-158.130447388, -73.0822982788, -84.6255187988, 55.712852478, 79.4968414307, -26.7336082458, -58.8192749023, -52.9046630859, 30.407541275, 195.082382202, 97.3840332031, -40.0065307617, -75.1510696411], [268.830657959, 65.667388916, -58.5273971558, 3.55444049835, 25.7896251678, -82.70677948, -54.6560096741, -33.6711654663, -48.0434761047, 97.3840332031, 209.115005493, 59.4843292236, -65.4639892578], [354.170562744, 18.5692119598, -19.4425888062, 35.684463501, -28.4832839966, -31.1791038513, -52.3617553711, -51.0580825806, -33.9289207458, -40.0065307617, 59.4843292236, 142.081085205, 96.8486480713], [846.425964355, 22.3115653992, -136.998535156, 76.9252319336, 40.7244529724, -12.9287061691, -67.3944778442, -118.524551392, -15.0944805145, -75.1510696411, -65.4639892578, 96.8486480713, 288.398651123]], "icov": [[0.00024397931702, -0.000482504372485, 0.000413779722294, -0.000388112908695, 0.000233202445088, 0.000205377567909, -0.000542465248145, 0.00057026714785, -0.0010358619038, 0.000698464398738, -0.000838516687509, 0.000323884974932, -0.000466085097287], [-0.000482504372485, 0.00594361545518, -0.00451163575053, 0.00262834411114, -0.00380134163424, 0.00453305616975, -0.0026153838262, 0.00472916290164, -0.00140574853867, 0.00400852132589, -0.00329098431394, 0.00260566896759, -0.000466638244689], [0.000413779722294, -0.00451163575053, 0.00641085905954, -0.00121308048256, 0.00359703577124, -0.00467613805085, 0.00396120548248, -0.00562497368082, 0.0038819629699, -0.0035797667224, 0.00466688908637, -0.00344787957147, 0.00188750296365], [-0.000388112908695, 0.00262834411114, -0.00121308048256, 0.00538460025564, -0.00305534922518, 0.000918928999454, -0.000460105657112, 0.00348965520971, -0.000730688101612, 0.00072685291525, 0.000921041413676, -0.00170444021933, 0.00165512529202], [0.000233202445088, -0.00380134163424, 0.00359703577124, -0.00305534922518, 0.0086748059839, -0.00640516355634, 0.00412786193192, -0.00227666995488, 0.00101411784999, -0.0020982476417, -0.00088617624715, 0.00293671502732, -0.00103084242437], [0.000205377567909, 0.00453305616975, -0.00467613805085, 0.000918928999454, -0.00640516355634, 0.0131809860468, -0.00744567811489, 0.00516796763986, -0.00167543010321, 0.00317121017724, -0.000199242043891, -0.000129380248836, -0.000803675095085], [-0.000542465248145, -0.0026153838262, 0.00396120548248, -0.000460105657112, 0.00412786193192, -0.00744567811489, 0.0118364663795, -0.00937792100012, 0.00397229753435, -0.00313971494325, 0.00407271040604, -0.000700754346326, 0.0023436434567], [0.00057026714785, 0.00472916290164, -0.00562497368082, 0.00348965520971, -0.00227666995488, 0.00516796763986, -0.00937792100012, 0.022833045572, -0.016196327284, 0.0141608295962, -0.0129937194288, 0.00770361535251, -0.000591025629546], [-0.0010358619038, -0.00140574853867, 0.0038819629699, -0.000730688101612, 0.00101411784999, -0.00167543010321, 0.00397229753435, -0.016196327284, 0.0250148568302, -0.0168076772243, 0.0179435219616, -0.00969781074673, 0.00350074539892], [0.000698464398738, 0.00400852132589, -0.0035797667224, 0.00072685291525, -0.0020982476417, 0.00317121017724, -0.00313971494325, 0.0141608295962, -0.0168076772243, 0.0243301317096, -0.0203998629004, 0.0145457396284, -0.00278494437225], [-0.000838516687509, -0.00329098431394, 0.00466688908637, 0.000921041413676, -0.00088617624715, -0.000199242043891, 0.00407271040604, -0.0129937194288, 0.0179435219616, -0.0203998629004, 0.0299970433116, -0.0212954953313, 0.00999843142927], [0.000323884974932, 0.00260566896759, -0.00344787957147, -0.00170444021933, 0.00293671502732, -0.000129380248836, -0.000700754346326, 0.00770361535251, -0.00969781074673, 0.0145457396284, -0.0212954953313, 0.0265881884843, -0.0102334842086], [-0.000466085097287, -0.000466638244689, 0.00188750296365, 0.00165512529202, -0.00103084242437, -0.000803675095085, 0.0023436434567, -0.000591025629546, 0.00350074539892, -0.00278494437225, 0.00999843142927, -0.0102334842086, 0.0109045468271]]}, "melbands": {"dmean": [9.6346348073e-06, 8.42306544655e-05, 6.6477638029e-05, 4.78300426039e-05, 4.83010735479e-05, 4.06856379414e-05, 3.67607317457e-05, 0.000178062080522, 8.98156504263e-05, 0.000150105042849, 0.000209158853977, 7.83356372267e-05, 2.7714373573e-05, 9.94937090582e-06, 1.63666409208e-05, 1.92470197362e-05, 2.66911247309e-05, 7.56835288485e-06, 6.20511582383e-06, 6.85155373503e-06, 8.73360704645e-07, 1.91028632912e-07, 2.81306512306e-07, 2.04807463433e-07, 2.89628701466e-07, 1.56619378799e-07, 9.51023011453e-08, 3.30291491935e-08, 3.54072291486e-08, 1.51684993455e-08, 3.43222827937e-09, 4.92390350715e-09, 1.65901792304e-09, 1.53707180317e-09, 3.43109402001e-10, 3.44001105379e-10, 7.83680689787e-11, 5.75279442139e-11, 2.20172317877e-11, 1.45353095879e-11], "dmean2": [1.61993793881e-05, 0.000143974291859, 0.000110490749648, 7.77863824624e-05, 6.45377658657e-05, 4.79992049804e-05, 4.90601050842e-05, 0.000260196888121, 0.000120888500533, 0.000197257031687, 0.000275944767054, 0.000111621906399, 4.04989914387e-05, 1.45628710015e-05, 2.58985710389e-05, 3.05408975692e-05, 3.8841044443e-05, 1.21897746794e-05, 9.43019676924e-06, 9.33861610974e-06, 1.14468980428e-06, 3.01565961536e-07, 4.04554754141e-07, 3.20194459391e-07, 4.41382212557e-07, 2.30448307548e-07, 1.38120739734e-07, 4.87690634543e-08, 5.32889394833e-08, 2.21793268196e-08, 5.25286569797e-09, 7.41465333576e-09, 2.74320366422e-09, 2.54398058175e-09, 5.59354063068e-10, 5.34346067393e-10, 1.28065877347e-10, 9.70734534422e-11, 3.70712002762e-11, 2.45159361562e-11], "dvar": [8.34389446425e-10, 1.08995578785e-07, 4.42400676093e-08, 5.221140853e-08, 4.99822085942e-08, 3.05823029123e-08, 1.51284051952e-08, 3.74483420273e-07, 1.77990614247e-07, 2.25837553103e-07, 3.83847179819e-07, 2.28004637393e-07, 2.94337620943e-08, 3.86616028081e-09, 1.73213496879e-08, 2.98556273037e-08, 4.56310083052e-08, 4.79380668494e-09, 2.84823187258e-09, 4.65289584639e-09, 2.04136360593e-10, 6.35293033457e-13, 3.2188229946e-12, 1.53073311405e-12, 2.46348015771e-12, 4.51227293377e-12, 1.77022784452e-12, 7.32108194597e-14, 5.61514701923e-13, 6.48979161426e-14, 8.48122708081e-16, 1.82078774089e-15, 1.52680838646e-16, 1.83969772497e-16, 4.98708183925e-18, 7.27198712887e-18, 3.96781272446e-19, 2.37905881265e-19, 1.93426751217e-20, 6.84044277693e-21], "dvar2": [2.22193508037e-09, 3.15238054327e-07, 1.09338614607e-07, 1.18769548862e-07, 9.87233121919e-08, 3.20662536524e-08, 2.65477844152e-08, 8.0076483755e-07, 2.60748521441e-07, 3.91350852169e-07, 6.17885916654e-07, 4.14162855122e-07, 5.74177967394e-08, 8.20280821046e-09, 4.37598401959e-08, 6.81317331441e-08, 9.39816544587e-08, 1.29412427441e-08, 7.35979499566e-09, 9.24587162388e-09, 3.84373310958e-10, 1.50713848953e-12, 5.26907510678e-12, 3.91534591207e-12, 5.85821105167e-12, 9.34882900261e-12, 3.52684027816e-12, 1.52633412636e-13, 1.36261065365e-12, 1.46063608257e-13, 2.00877653914e-15, 3.78616019423e-15, 4.05456672401e-16, 4.24878582016e-16, 1.21518357551e-17, 1.45564133998e-17, 1.0396370932e-18, 6.20678126255e-19, 4.97761168106e-20, 1.54501327956e-20], "max": [0.00063432531897, 0.0112254284322, 0.00566822011024, 0.00731710158288, 0.00875175651163, 0.00790368393064, 0.00358774932101, 0.0122946351767, 0.0172394048423, 0.00950658973306, 0.0156229091808, 0.0207382757217, 0.00692171370611, 0.00207990943454, 0.00508945155889, 0.00532988924533, 0.00820656865835, 0.00288252276368, 0.00176330038812, 0.0030973884277, 0.000948431727011, 3.04863642668e-05, 8.30328499433e-05, 3.63852559531e-05, 7.97910834081e-05, 0.00012208338012, 8.01818459877e-05, 1.10155906441e-05, 4.5553813834e-05, 1.62422456924e-05, 1.18833258966e-06, 1.52598408931e-06, 5.1791300848e-07, 5.54971336442e-07, 8.72242864602e-08, 1.16773207992e-07, 2.6870628389e-08, 2.13844408847e-08, 6.14227779749e-09, 3.64221208748e-09], "mean": [1.23274685393e-05, 0.000174182583578, 0.000243006186793, 0.000190629521967, 0.000177972804522, 0.000139626092277, 0.000133021938382, 0.00045971799409, 0.000346822693245, 0.000556970306206, 0.000782674062066, 0.000168545899214, 6.08052796451e-05, 2.16598746192e-05, 3.07764566969e-05, 3.38598583767e-05, 4.42091186414e-05, 1.1449471458e-05, 1.10999599201e-05, 1.40312840813e-05, 1.90323214611e-06, 4.00431616754e-07, 5.35227059117e-07, 3.05275534629e-07, 4.87832096496e-07, 2.24514337788e-07, 1.18786616099e-07, 4.24283861378e-08, 3.70784682957e-08, 1.75044050366e-08, 4.34032854102e-09, 6.0921894196e-09, 1.84934378922e-09, 1.65609004288e-09, 3.77261971662e-10, 3.82367137952e-10, 9.23314133483e-11, 6.82228024074e-11, 3.06863839894e-11, 1.96467894037e-11], "median": [1.08752055894e-06, 1.62787382578e-05, 3.58852448699e-05, 1.51775220729e-05, 8.91169838724e-06, 3.3066389733e-06, 8.90559203981e-06, 2.68958538072e-05, 1.6868014427e-05, 4.19908028562e-05, 2.86869108095e-05, 3.43289457305e-06, 2.02414730666e-06, 1.57755960117e-06, 2.52689028457e-06, 2.50173707173e-06, 1.95508619072e-06, 4.91787886858e-07, 2.32651984788e-07, 1.03698013731e-07, 7.22688895394e-08, 3.240069546e-08, 1.76576637756e-08, 2.42492497193e-08, 3.82999658655e-08, 6.47337827786e-09, 3.92033872032e-09, 1.81501680352e-09, 7.17711612364e-10, 5.70819724821e-10, 2.87328577597e-10, 2.71499350779e-10, 8.27007698434e-11, 5.92512705566e-11, 2.17580901213e-11, 1.44559329784e-11, 7.66227619547e-12, 5.45665596041e-12, 4.2869830949e-12, 3.31309762611e-12], "min": [6.72988361183e-24, 3.7608265236e-24, 3.8236411509e-24, 1.88790333832e-23, 8.31190786965e-24, 9.29384800345e-24, 1.21136881071e-23, 1.83235033343e-23, 7.62668514357e-24, 6.99015170143e-24, 1.54400195105e-23, 1.30636659636e-23, 9.48193532022e-24, 1.03845483903e-23, 1.96107807589e-23, 1.8760729491e-23, 1.95086926915e-23, 1.32233282554e-23, 5.13963981781e-24, 8.16536512359e-24, 1.07797014395e-23, 1.27688867872e-23, 1.00335218535e-23, 1.39521536903e-23, 1.0365244175e-23, 1.74108385986e-23, 7.84071020691e-24, 7.889943016e-24, 8.90327350294e-24, 9.75228978535e-24, 8.04231307757e-24, 8.81651536945e-24, 1.18469994786e-23, 7.82918021592e-24, 1.14007842519e-23, 1.07498469985e-23, 9.03422914637e-24, 1.32253800826e-23, 8.39150709043e-24, 8.50023184469e-24], "var": [1.12407450015e-09, 2.80218841908e-07, 2.84058359057e-07, 2.71925330253e-07, 2.58028848066e-07, 2.89199846293e-07, 1.17218647233e-07, 1.5343675841e-06, 1.24615189634e-06, 1.51970868956e-06, 2.65322159976e-06, 6.63395212541e-07, 8.14223568568e-08, 8.37071745252e-09, 2.25109069163e-08, 4.0870851592e-08, 7.44754515836e-08, 5.55297186011e-09, 4.023203104e-09, 1.15830625091e-08, 6.14604256377e-10, 3.04925269062e-12, 9.98122591522e-12, 1.72706890022e-12, 3.17684984222e-12, 5.72713664687e-12, 2.35696813629e-12, 9.65809124841e-14, 5.27521819629e-13, 7.07585099996e-14, 9.95402097032e-16, 2.87251064677e-15, 1.4795092726e-16, 1.9593850686e-16, 4.76123547583e-18, 9.34563545313e-18, 3.50260996688e-19, 2.27335055874e-19, 1.7533732904e-20, 7.77034322725e-21]}, "mfcc": {"mean": [-880.583007812, 198.816452026, -4.48283576965, -24.4468154907, -11.2607574463, -8.69706821442, 0.465065568686, -1.16774153709, -2.18717861176, 8.11486721039, 6.94447040558, -10.8536930084, -16.574842453], "cov": [[9841.34082031, 4824.79833984, -2765.3190918, 90.6579208374, 355.705413818, -392.222381592, -7.46627664566, -20.9743251801, -94.9545974731, 62.3755722046, -132.04119873, -440.898284912, 169.39163208], [4824.79833984, 2825.11425781, -1063.86730957, -133.646621704, 143.677703857, -276.395629883, -11.186788559, 34.0015563965, -96.7546234131, -26.7149906158, -56.6246986389, -197.092666626, 35.7181739807], [-2765.3190918, -1063.86730957, 1135.18444824, -31.2368888855, -209.215682983, 31.4760532379, 3.30403828621, 72.5070495605, 3.09273791313, -104.80557251, 6.89446687698, 140.969909668, -62.12525177], [90.6579208374, -133.646621704, -31.2368888855, 251.839736938, 98.6227722168, 48.0713539124, 2.30100679398, -47.1931304932, -31.7812805176, -47.8717727661, -64.5056304932, -4.42544794083, 84.1194915771], [355.705413818, 143.677703857, -209.215682983, 98.6227722168, 371.293884277, 213.097320557, -16.2724132538, -143.799285889, -100.97883606, -52.2577629089, -100.557632446, -56.0568199158, 70.1457748413], [-392.222381592, -276.395629883, 31.4760532379, 48.0713539124, 213.097320557, 305.210998535, 47.2849159241, -103.355567932, -35.5132369995, -31.0535125732, -67.7811279297, -34.5994262695, -12.8131828308], [-7.46627664566, -11.186788559, 3.30403828621, 2.30100679398, -16.2724132538, 47.2849159241, 123.509872437, 81.8766098022, 13.6973838806, 15.4418010712, 47.7249641418, 20.6940078735, -44.5980300903], [-20.9743251801, 34.0015563965, 72.5070495605, -47.1931304932, -143.799285889, -103.355567932, 81.8766098022, 238.589859009, 141.543838501, 32.4059410095, 37.4283409119, 4.59855556488, -57.5864906311], [-94.9545974731, -96.7546234131, 3.09273791313, -31.7812805176, -100.97883606, -35.5132369995, 13.6973838806, 141.543838501, 249.418167114, 136.252700806, -27.7314071655, -82.0714874268, -66.1844863892], [62.3755722046, -26.7149906158, -104.80557251, -47.8717727661, -52.2577629089, -31.0535125732, 15.4418010712, 32.4059410095, 136.252700806, 241.58404541, 138.559494019, -34.7914657593, -62.1501846313], [-132.04119873, -56.6246986389, 6.89446687698, -64.5056304932, -100.557632446, -67.7811279297, 47.7249641418, 37.4283409119, -27.7314071655, 138.559494019, 331.878326416, 181.51751709, -55.5256614685], [-440.898284912, -197.092666626, 140.969909668, -4.42544794083, -56.0568199158, -34.5994262695, 20.6940078735, 4.59855556488, -82.0714874268, -34.7914657593, 181.51751709, 277.101715088, 80.7168197632], [169.39163208, 35.7181739807, -62.12525177, 84.1194915771, 70.1457748413, -12.8131828308, -44.5980300903, -57.5864906311, -66.1844863892, -62.1501846313, -55.5256614685, 80.7168197632, 220.568649292]], "icov": [[0.13897536695, -0.195092484355, 0.193115696311, -0.186834916472, 0.177928090096, -0.16522012651, 0.150113269687, -0.132306933403, 0.115017622709, -0.0891199558973, 0.067358635366, -0.0399088636041, 0.0210985392332], [-0.195092484355, 0.274717718363, -0.27055606246, 0.263096183538, -0.250725030899, 0.23355948925, -0.211917743087, 0.186301440001, -0.161996588111, 0.126412943006, -0.0953518748283, 0.0570918358862, -0.029994327575], [0.193115696311, -0.27055606246, 0.270427048206, -0.259867101908, 0.248860493302, -0.231305286288, 0.211387172341, -0.187064677477, 0.163248181343, -0.126029536128, 0.0964804962277, -0.0578235983849, 0.0310235638171], [-0.186834916472, 0.263096183538, -0.259867101908, 0.257907539606, -0.242594569921, 0.226436108351, -0.208421260118, 0.183971866965, -0.16128860414, 0.126757234335, -0.0955499783158, 0.0580797418952, -0.0324671790004], [0.177928090096, -0.250725030899, 0.248860493302, -0.242594569921, 0.239000037313, -0.222801208496, 0.202234461904, -0.178420692682, 0.159178286791, -0.124028086662, 0.0940260738134, -0.0557302758098, 0.0288089942187], [-0.16522012651, 0.23355948925, -0.231305286288, 0.226436108351, -0.222801208496, 0.215999647975, -0.198413833976, 0.176494672894, -0.155212968588, 0.121730960906, -0.0905717164278, 0.0552183762193, -0.0283591803163], [0.150113269687, -0.211917743087, 0.211387172341, -0.208421260118, 0.202234461904, -0.198413833976, 0.198778107762, -0.174296066165, 0.153708979487, -0.121611498296, 0.090987034142, -0.0574316941202, 0.0326825864613], [-0.132306933403, 0.186301440001, -0.187064677477, 0.183971866965, -0.178420692682, 0.176494672894, -0.174296066165, 0.165866270661, -0.148760214448, 0.118575699627, -0.0898223146796, 0.0547813624144, -0.0302388630807], [0.115017622709, -0.161996588111, 0.163248181343, -0.16128860414, 0.159178286791, -0.155212968588, 0.153708979487, -0.148760214448, 0.146449491382, -0.119488790631, 0.0923234298825, -0.0553943216801, 0.0317843817174], [-0.0891199558973, 0.126412943006, -0.126029536128, 0.126757234335, -0.124028086662, 0.121730960906, -0.121611498296, 0.118575699627, -0.119488790631, 0.108602270484, -0.0849809497595, 0.0539449192584, -0.0293715428561], [0.067358635366, -0.0953518748283, 0.0964804962277, -0.0955499783158, 0.0940260738134, -0.0905717164278, 0.090987034142, -0.0898223146796, 0.0923234298825, -0.0849809497595, 0.0747344717383, -0.0491902902722, 0.0276807434857], [-0.0399088636041, 0.0570918358862, -0.0578235983849, 0.0580797418952, -0.0557302758098, 0.0552183762193, -0.0574316941202, 0.0547813624144, -0.0553943216801, 0.0539449192584, -0.0491902902722, 0.0388991348445, -0.021451536566], [0.0210985392332, -0.029994327575, 0.0310235638171, -0.0324671790004, 0.0288089942187, -0.0283591803163, 0.0326825864613, -0.0302388630807, 0.0317843817174, -0.0293715428561, 0.0276807434857, -0.021451536566, 0.018291817978]]}, "spectral_contrast_coeffs": {"dmean": [0.0363638885319, 0.0358185842633, 0.0289079323411, 0.026067238301, 0.0184705071151, 0.0352561473846], "dmean2": [0.0607441216707, 0.0578818209469, 0.0456266179681, 0.041115347296, 0.0284993257374, 0.0621163584292], "dvar": [0.000982743804343, 0.00106602325104, 0.00085894134827, 0.000646357075311, 0.000301015621517, 0.00113335635979], "dvar2": [0.00258603785187, 0.00262803467922, 0.00193379889242, 0.00151649583131, 0.000679406570271, 0.00333112105727], "max": [-0.331198275089, -0.384777188301, -0.384556949139, -0.448012053967, -0.608352065086, -0.64707326889], "mean": [-0.600577116013, -0.656718671322, -0.641919255257, -0.706606388092, -0.762798130512, -0.827706754208], "median": [-0.595742583275, -0.660977005959, -0.63739168644, -0.709366083145, -0.762445509434, -0.836265563965], "min": [-0.962243974209, -0.959927499294, -0.946955442429, -0.957594633102, -0.961841225624, -0.961043119431], "var": [0.00789208896458, 0.00914599001408, 0.0107837989926, 0.00354656483978, 0.00198224838823, 0.00333113549277]}, "spectral_contrast_valleys": {"dmean": [0.448464512825, 0.347604393959, 0.297561198473, 0.288593262434, 0.282598257065, 0.562455117702], "dmean2": [0.727186620235, 0.560182094574, 0.47827526927, 0.459011763334, 0.438820958138, 1.0040448904], "dvar": [0.225641578436, 0.20272102952, 0.197000622749, 0.216330677271, 0.253182828426, 0.29924339056], "dvar2": [0.413614720106, 0.328844934702, 0.305304229259, 0.354212582111, 0.455042630434, 0.8