{"lowlevel": {"average_loudness": 0.915953636169, "barkbands_crest": {"dmean": 3.52201890945, "dmean2": 5.56523513794, "dvar": 9.30122566223, "dvar2": 21.0372467041, "max": 26.2487468719, "mean": 10.6578731537, "median": 9.59754562378, "min": 2.24491977692, "var": 24.6097946167}, "barkbands_flatness_db": {"dmean": 0.034122094512, "dmean2": 0.0488746352494, "dvar": 0.000887438596692, "dvar2": 0.00188568909653, "max": 0.412955313921, "mean": 0.131216928363, "median": 0.124761193991, "min": 0.0187694504857, "var": 0.0031647561118}, "barkbands_kurtosis": {"dmean": 5.03600072861, "dmean2": 7.84697151184, "dvar": 130.773193359, "dvar2": 312.283782959, "max": 335.248138428, "mean": 5.48262023926, "median": 1.52573394775, "min": -1.93390333652, "var": 179.94442749}, "barkbands_skewness": {"dmean": 0.811078846455, "dmean2": 1.20979714394, "dvar": 0.75188690424, "dvar2": 1.67579162121, "max": 14.2485771179, "mean": 1.63351452351, "median": 1.3090968132, "min": -2.27351212502, "var": 2.32797312737}, "barkbands_spread": {"dmean": 8.15308666229, "dmean2": 12.466791153, "dvar": 88.977897644, "dvar2": 201.630249023, "max": 120.827690125, "mean": 21.5982761383, "median": 18.4454421997, "min": 0.341315567493, "var": 190.918701172}, "dissonance": {"dmean": 0.0185595117509, "dmean2": 0.0308200642467, "dvar": 0.000376406038413, "dvar2": 0.000958574353717, "max": 0.500000119209, "mean": 0.469131737947, "median": 0.476873517036, "min": 0.21178509295, "var": 0.00072017731145}, "dynamic_complexity": 3.56574392319, "erbbands_crest": {"dmean": 2.94386506081, "dmean2": 4.77367162704, "dvar": 8.15797996521, "dvar2": 19.8128414154, "max": 33.0123176575, "mean": 8.92184352875, "median": 7.51381015778, "min": 2.16344881058, "var": 23.3431186676}, "erbbands_flatness_db": {"dmean": 0.0247815530747, "dmean2": 0.0358938276768, "dvar": 0.00053585798014, "dvar2": 0.0010663238354, "max": 0.414108723402, "mean": 0.149470001459, "median": 0.140230596066, "min": 0.03015640378, "var": 0.00300456141122}, "erbbands_kurtosis": {"dmean": 1.09630608559, "dmean2": 1.75291490555, "dvar": 3.10755896568, "dvar2": 6.93610858917, "max": 77.8883056641, "mean": 0.55160266161, "median": -0.0034521818161, "min": -1.74337089062, "var": 5.9714641571}, "erbbands_skewness": {"dmean": 0.412246644497, "dmean2": 0.631181657314, "dvar": 0.150718078017, "dvar2": 0.341945588589, "max": 4.79767942429, "mean": 0.200553163886, "median": 0.190667629242, "min": -5.15625715256, "var": 0.573565483093}, "erbbands_spread": {"dmean": 10.8532104492, "dmean2": 16.6536827087, "dvar": 128.453613281, "dvar2": 290.933685303, "max": 159.999465942, "mean": 37.7168273926, "median": 34.2865104675, "min": 1.18740141392, "var": 403.977142334}, "hfc": {"dmean": 9.78879642487, "dmean2": 14.8993654251, "dvar": 213.424102783, "dvar2": 500.449768066, "max": 181.065719604, "mean": 18.6503200531, "median": 10.6571331024, "min": 1.19484532183e-16, "var": 408.28225708}, "melbands_crest": {"dmean": 4.42364692688, "dmean2": 7.23320770264, "dvar": 14.1231088638, "dvar2": 35.5234336853, "max": 38.1464195251, "mean": 14.5978727341, "median": 13.4597625732, "min": 1.96912097931, "var": 37.2814941406}, "melbands_flatness_db": {"dmean": 0.0428944714367, "dmean2": 0.0604375563562, "dvar": 0.00133314472623, "dvar2": 0.00283701205626, "max": 0.543760299683, "mean": 0.204748287797, "median": 0.195311799645, "min": 0.00542323989794, "var": 0.00554841803387}, "melbands_kurtosis": {"dmean": 12.0611991882, "dmean2": 18.6433601379, "dvar": 608.221923828, "dvar2": 1408.89880371, "max": 456.493713379, "mean": 16.7524242401, "median": 6.46904420853, "min": -1.92887687683, "var": 986.194274902}, "melbands_skewness": {"dmean": 1.08555471897, "dmean2": 1.62748885155, "dvar": 1.3738540411, "dvar2": 3.01912236214, "max": 18.3028678894, "mean": 2.75486969948, "median": 2.25703525543, "min": -1.86617422104, "var": 4.64178323746}, "melbands_spread": {"dmean": 9.2903213501, "dmean2": 14.3569908142, "dvar": 141.416946411, "dvar2": 330.935058594, "max": 226.168716431, "mean": 22.6107006073, "median": 19.5752220154, "min": 0.390653699636, "var": 284.016967773}, "pitch_salience": {"dmean": 0.0993999689817, "dmean2": 0.155646592379, "dvar": 0.00732646184042, "dvar2": 0.0170755069703, "max": 0.861787736416, "mean": 0.551917076111, "median": 0.565501093864, "min": 0.0513446591794, "var": 0.0201328266412}, "silence_rate_20dB": {"dmean": 0, "dmean2": 0, "dvar": 0, "dvar2": 0, "max": 1, "mean": 1, "median": 1, "min": 1, "var": 0}, "silence_rate_30dB": {"dmean": 0.000488698831759, "dmean2": 0.000977517105639, "dvar": 0.000488459772896, "dvar2": 0.00146531907376, "max": 1, "mean": 0.999755680561, "median": 1, "min": 0, "var": 0.000244288065005}, "silence_rate_60dB": {"dmean": 0.0491142347455, "dmean2": 0.0981182828546, "dvar": 0.0467007569969, "dvar2": 0.111226454377, "max": 1, "mean": 0.0858783274889, "median": 0, "min": 0, "var": 0.0785075053573}, "spectral_centroid": {"dmean": 328.41885376, "dmean2": 497.145843506, "dvar": 127192.65625, "dvar2": 256055.015625, "max": 11478.5380859, "mean": 1312.79785156, "median": 1256.54345703, "min": 161.247009277, "var": 350669.625}, "spectral_complexity": {"dmean": 5.46609640121, "dmean2": 8.00672054291, "dvar": 37.8466339111, "dvar2": 74.6460113525, "max": 59, "mean": 16.7880535126, "median": 14, "min": 0, "var": 114.358917236}, "spectral_decrease": {"dmean": 2.85504730968e-09, "dmean2": 4.46211423366e-09, "dvar": 1.29508723744e-17, "dvar2": 2.74341415014e-17, "max": 6.73653762063e-29, "mean": -6.43510444931e-09, "median": -4.73903849496e-09, "min": -3.45775283961e-08, "var": 3.37284284432e-17}, "spectral_energy": {"dmean": 0.0113795595244, "dmean2": 0.0177744049579, "dvar": 0.000203440271434, "dvar2": 0.000432655535406, "max": 0.146926760674, "mean": 0.0259791314602, "median": 0.0192401744425, "min": 1.0776428241e-20, "var": 0.000532661215402}, "spectral_energyband_high": {"dmean": 0.000633175775874, "dmean2": 0.000999181647785, "dvar": 1.25769156512e-06, "dvar2": 3.11647931994e-06, "max": 0.0194514710456, "mean": 0.000763477932196, "median": 0.000275855418295, "min": 7.63665339192e-21, "var": 1.55803172674e-06}, "spectral_energyband_low": {"dmean": 0.00675083277747, "dmean2": 0.010210910812, "dvar": 0.000108562198875, "dvar2": 0.00023015034094, "max": 0.115187890828, "mean": 0.0112528698519, "median": 0.00542072206736, "min": 2.68539043754e-23, "var": 0.000253515754594}, "spectral_energyband_middle_high": {"dmean": 0.00272888829932, "dmean2": 0.00413659401238, "dvar": 2.66004044533e-05, "dvar2": 6.13787924522e-05, "max": 0.129813864827, "mean": 0.00525213219225, "median": 0.00217696977779, "min": 1.49713026575e-21, "var": 4.98430563312e-05}, "spectral_energyband_middle_low": {"dmean": 0.00594054767862, "dmean2": 0.00952427648008, "dvar": 9.11478200578e-05, "dvar2": 0.000220051777433, "max": 0.104860916734, "mean": 0.00970100890845, "median": 0.00555829703808, "min": 2.50135398463e-22, "var": 0.000134154528496}, "spectral_entropy": {"dmean": 0.231373056769, "dmean2": 0.331344276667, "dvar": 0.0521082617342, "dvar2": 0.103991910815, "max": 9.79174804688, "mean": 7.65906572342, "median": 7.6882352829, "min": 5.7843708992, "var": 0.163978382945}, "spectral_flux": {"dmean": 0.0327555164695, "dmean2": 0.0524827763438, "dvar": 0.00116446323227, "dvar2": 0.00252129812725, "max": 0.355110794306, "mean": 0.0946622565389, "median": 0.0840885192156, "min": 1.04270862777e-10, "var": 0.0028702497948}, "spectral_kurtosis": {"dmean": 2.07385134697, "dmean2": 3.38648581505, "dvar": 7.80817604065, "dvar2": 21.0343456268, "max": 100.211433411, "mean": 5.2207865715, "median": 4.12506484985, "min": -1.39890158176, "var": 18.0033855438}, "spectral_rms": {"dmean": 0.00108480069321, "dmean2": 0.00164128746837, "dvar": 1.29291163375e-06, "dvar2": 2.53739449363e-06, "max": 0.0119726005942, "mean": 0.0045242542401, "median": 0.00433253962547, "min": 3.24246640822e-12, "var": 4.87667330162e-06}, "spectral_rolloff": {"dmean": 706.938293457, "dmean2": 1170.70788574, "dvar": 1763712.125, "dvar2": 4211550, "max": 19035.3515625, "mean": 1406.57751465, "median": 1141.25976562, "min": 21.533203125, "var": 2237506.25}, "spectral_skewness": {"dmean": 0.280226886272, "dmean2": 0.436713129282, "dvar": 0.0742961615324, "dvar2": 0.179178163409, "max": 6.85531902313, "mean": 1.62697517872, "median": 1.56136441231, "min": -0.0597244724631, "var": 0.194086328149}, "spectral_spread": {"dmean": 814956.375, "dmean2": 1198690.625, "dvar": 1172872626180.0, "dvar2": 2355771998210.0, "max": 39987036, "mean": 4567793, "median": 4434255.5, "min": 623546.875, "var": 3342508490750.0}, "spectral_strongpeak": {"dmean": 0.541906118393, "dmean2": 0.895836770535, "dvar": 0.956909894943, "dvar2": 2.25646471977, "max": 11.720826149, "mean": 0.841170608997, "median": 0.35108923912, "min": 0, "var": 1.68068099022}, "zerocrossingrate": {"dmean": 0.0148580670357, "dmean2": 0.0178665947169, "dvar": 0.000287378323264, "dvar2": 0.00037654832704, "max": 0.5009765625, "mean": 0.0581077337265, "median": 0.052734375, "min": 0.0029296875, "var": 0.00123492372222}, "barkbands": {"dmean": [0.000304585322738, 0.00544213643298, 0.00232616672292, 0.0013115684269, 0.00237551494502, 0.00127880019136, 0.000807467848063, 0.000744586228393, 0.00116173096467, 0.000589501636568, 0.000425830046879, 0.000820454210043, 0.000459211849375, 0.00040799859562, 0.000439264840679, 0.000241971312789, 0.00030264511588, 0.000171507577761, 0.000153866363689, 0.000194893538719, 0.000135823982419, 0.000105208288005, 0.00010427054076, 9.74577269517e-05, 7.67580058891e-05, 5.09858728037e-05, 1.9275550585e-05], "dmean2": [0.000479295180412, 0.00808785948902, 0.00381316430867, 0.00232296762988, 0.00394509499893, 0.00213551218621, 0.00130986049771, 0.00121771602426, 0.00185014645103, 0.000925985339563, 0.000665421946906, 0.00138417899143, 0.000753502536099, 0.000664196908474, 0.000712770037353, 0.000372017966583, 0.000467326550279, 0.000266250397544, 0.000240380497416, 0.000312930787914, 0.000219191613724, 0.000166323807207, 0.000164451499586, 0.000155616653501, 0.000127904801047, 8.75605619512e-05, 3.40405240422e-05], "dvar": [4.24940509447e-07, 0.000104861035652, 2.42473906837e-05, 6.94593654771e-06, 2.39071760006e-05, 1.08525018732e-05, 7.61808951211e-06, 5.19888772033e-06, 1.71369865711e-05, 2.91401534014e-06, 1.47832827224e-06, 8.32221030578e-06, 5.30567876922e-06, 1.64492746535e-06, 1.96481209969e-06, 4.13542380784e-07, 6.12390294918e-07, 1.21280294252e-07, 7.49736059902e-08, 1.33470337005e-07, 7.10119181235e-08, 3.22326840774e-08, 4.97746661665e-08, 5.6563600026e-08, 4.0876038554e-08, 2.26073488818e-08, 3.66419450337e-09], "dvar2": [1.20646973301e-06, 0.000204727941309, 5.22956470377e-05, 1.91166782315e-05, 6.0590733483e-05, 2.75247930404e-05, 1.86935722013e-05, 1.31764163598e-05, 4.08161176892e-05, 6.21578601567e-06, 3.20589992953e-06, 2.15653981286e-05, 1.47920791278e-05, 3.96987434215e-06, 5.00795295011e-06, 8.54384609283e-07, 1.36481594382e-06, 2.65531070909e-07, 1.66884831287e-07, 3.17740330047e-07, 1.80053675081e-07, 7.62319771752e-08, 1.15144210611e-07, 1.36642398729e-07, 1.05667844252e-07, 6.21415026103e-08, 1.04105737364e-08], "max": [0.00794012565166, 0.104095175862, 0.0406428463757, 0.0416259616613, 0.0682628005743, 0.0704581737518, 0.0669292807579, 0.0487469024956, 0.0944372713566, 0.0478088334203, 0.0346131771803, 0.0820522904396, 0.106739476323, 0.0547198876739, 0.0303071867675, 0.0240436587483, 0.0145899374038, 0.00657877838239, 0.0061345230788, 0.00466681690887, 0.00489739049226, 0.00326378177851, 0.00830962508917, 0.00943245645612, 0.00435942830518, 0.00310167251155, 0.00104161596391], "mean": [0.000436687492765, 0.0074144708924, 0.0027267022524, 0.00134390068706, 0.00281831179745, 0.00147594104055, 0.000903524050955, 0.000921786006074, 0.00157305551693, 0.00105025083758, 0.000565587135497, 0.000838981184643, 0.000575208512601, 0.000643682316877, 0.000560357235372, 0.00034163511009, 0.000435806752648, 0.000259167194599, 0.000214302257518, 0.000229011231568, 0.000144203775562, 0.000130694039399, 0.000123611607705, 0.000109384331154, 7.60632974561e-05, 4.96942848258e-05, 1.71305364347e-05], "median": [5.15542051289e-05, 0.00241007842124, 0.000793161918409, 0.000627672765404, 0.00111530907452, 0.000437578273704, 0.000236594671151, 0.000169783219462, 0.000327573856339, 0.000212068101973, 0.000118027266581, 0.000167343227076, 0.000179306327482, 0.000196970184334, 0.000157467264216, 8.95156117622e-05, 8.73969765962e-05, 8.58976927702e-05, 7.50463150325e-05, 6.85725462972e-05, 4.34080175182e-05, 4.50756306236e-05, 3.603388177e-05, 2.73734185612e-05, 1.72001455212e-05, 9.379513358e-06, 2.26886254495e-06], "min": [8.74586912829e-25, 9.09893309554e-24, 1.1878224171e-23, 6.17469119534e-24, 3.36370668639e-23, 2.16661247153e-23, 2.78101994301e-23, 8.05651778034e-23, 3.58550849831e-23, 3.03022646722e-23, 5.32016629723e-23, 4.29079179943e-23, 4.82598816969e-23, 4.69650264744e-23, 1.32141156222e-22, 1.00468100577e-22, 1.01098122761e-22, 2.19554151554e-22, 2.84356260262e-22, 3.79155757835e-22, 2.65080362002e-22, 4.15321256429e-22, 6.78846388622e-22, 9.39989993919e-22, 1.25011022415e-21, 1.51678317642e-21, 2.31616286654e-21], "var": [6.3071280465e-07, 0.000191877741599, 2.67644500127e-05, 5.65984237255e-06, 2.77729832305e-05, 1.16802511911e-05, 7.73970168666e-06, 6.35440028418e-06, 2.34550934692e-05, 8.5683159341e-06, 2.93412699648e-06, 7.27746282791e-06, 3.85740077036e-06, 3.0047058317e-06, 2.10691268876e-06, 8.99703309187e-07, 1.27934356442e-06, 2.41900153242e-07, 1.22539319136e-07, 1.82450904163e-07, 6.97711470821e-08, 4.70247876194e-08, 6.93605386459e-08, 6.83389913547e-08, 3.81610192335e-08, 2.13902744406e-08, 3.20375348473e-09]}, "erbbands": {"dmean": [0.17475771904, 1.18696963787, 2.35596680641, 3.80562758446, 5.52547883987, 9.30526542664, 9.20144748688, 11.2489175797, 10.6768884659, 16.9310054779, 15.4355821609, 25.5266933441, 24.3971996307, 13.9331274033, 19.1508846283, 31.8703632355, 20.9382972717, 19.6951789856, 20.2753334045, 19.2758636475, 12.6838598251, 16.0160160065, 10.3052158356, 7.37186908722, 7.9692440033, 9.86237049103, 6.93211650848, 4.16260766983, 3.97189068794, 3.3798520565, 2.93947005272, 2.40064930916, 1.36460471153, 0.853410840034, 0.561431705952, 0.254509180784, 0.083600141108, 0.024765489623, 0.00324499490671, 0.00017473391199], "dmean2": [0.257234364748, 1.77826750278, 3.75008749962, 6.53395271301, 8.97222518921, 15.7742004395, 15.7783412933, 18.4320774078, 17.5996303558, 27.0231075287, 25.363368988, 40.2208976746, 38.4205169678, 21.8620471954, 30.2642288208, 53.7538871765, 33.7436180115, 31.3735370636, 34.1990394592, 30.2652568817, 19.1646308899, 24.6197986603, 15.6968431473, 11.3566236496, 12.4320278168, 15.9357814789, 11.223572731, 6.64411783218, 6.32788276672, 5.36237621307, 4.64515399933, 3.82361578941, 2.20682024956, 1.39148116112, 0.956975638866, 0.434206694365, 0.144170075655, 0.0438032820821, 0.00571684492752, 0.000306297850329], "dvar": [0.0887324213982, 5.82991552353, 22.1504211426, 55.2101631165, 144.226516724, 412.28729248, 357.353942871, 1031.01196289, 1102.2109375, 3653.46704102, 2442.47314453, 9433.5390625, 4242.45458984, 1442.38146973, 3383.53417969, 13050.6767578, 8162.00292969, 2643.34960938, 5062.79638672, 3520.48803711, 1181.02941895, 1729.86340332, 398.642669678, 182.467910767, 200.97718811, 374.440856934, 207.531433105, 52.7586860657, 52.5128173828, 37.8966789246, 41.8733062744, 29.2732467651, 14.052031517, 4.41360330582, 2.86494159698, 0.514354050159, 0.0742213875055, 0.00595280900598, 0.000107192972791, 3.64535480912e-07], "dvar2": [0.206771954894, 10.8067007065, 48.0708236694, 148.407470703, 348.476257324, 1048.91674805, 931.120361328, 2595.69262695, 2758.15454102, 8630.35351562, 6214.0390625, 22543.2109375, 9337.50976562, 3128.11083984, 7614.41015625, 35037.0507812, 22101.1074219, 5954.45556641, 13452.1992188, 8355.99804688, 2562.23999023, 3748.23193359, 861.101135254, 386.255249023, 447.282928467, 900.864196777, 527.089355469, 129.274108887, 126.922241211, 86.3872375488, 99.068977356, 69.2821807861, 35.2666358948, 10.9225559235, 7.76940822601, 1.42612433434, 0.205335780978, 0.0168349985033, 0.000302988599287, 1.03809020402e-06], "max": [2.94084620476, 25.0075416565, 43.880859375, 75.6375808716, 190.95880127, 277.628753662, 341.391601562, 757.195739746, 845.34954834, 1784.49365234, 1146.5423584, 2113.61474609, 1674.0925293, 961.421142578, 1793.25402832, 3700.62915039, 4011.57666016, 1517.43383789, 3515.40673828, 1500.9362793, 1005.6494751, 965.76953125, 357.500488281, 444.745025635, 291.578491211, 277.260803223, 279.488494873, 98.5316162109, 173.744628906, 175.617584229, 220.914428711, 186.296600342, 150.774108887, 48.0257453918, 41.6181259155, 15.2749481201, 5.37981700897, 1.66856718063, 0.201371535659, 0.0130426008254], "mean": [0.222681969404, 1.62745845318, 3.02302575111, 4.32288360596, 6.61703062057, 10.0271749496, 9.59120559692, 13.3120145798, 12.5698709488, 20.2321853638, 19.8135738373, 34.4086341858, 44.9556083679, 21.7001399994, 24.4950771332, 33.7318153381, 27.3988037109, 34.191947937, 27.2011699677, 26.7803726196, 20.9786968231, 23.8316192627, 16.1064128876, 10.7690534592, 11.101776123, 11.3500061035, 7.38557291031, 4.7426905632, 4.8102183342, 4.13619852066, 3.48053574562, 2.68992638588, 1.51417267323, 0.881166815758, 0.527483701706, 0.24354878068, 0.0822263211012, 0.0227883066982, 0.00284389173612, 0.000174611835973], "median": [0.0632390677929, 0.532688081264, 1.02273547649, 2.11986446381, 2.43806171417, 3.4810860157, 3.7018289566, 3.54685401917, 4.04674053192, 3.99582481384, 4.35394477844, 7.20870018005, 9.99263000488, 6.14863586426, 5.60174560547, 7.78685331345, 9.30854225159, 11.3637256622, 9.49856948853, 7.89589977264, 5.07658958435, 5.25099086761, 5.05223655701, 4.06442260742, 3.92196130753, 3.37892055511, 2.19102478027, 1.60990774632, 1.69635748863, 1.38199901581, 1.00652384758, 0.702957570553, 0.367458403111, 0.198557347059, 0.110044844449, 0.0486715920269, 0.0149034922943, 0.00312153436244, 0.000389719614759, 5.51919074496e-05], "min": [1.72695687566e-22, 2.56449234151e-21, 8.78107311746e-21, 2.58487834503e-20, 2.55247128272e-20, 1.05466374668e-19, 1.21637917202e-19, 2.12105187382e-19, 4.18109633403e-19, 8.88898212417e-19, 1.8846927686e-18, 7.09213490265e-19, 1.00723828976e-18, 1.23436564576e-18, 2.46481976119e-18, 2.03346182215e-18, 2.66405241558e-18, 2.55748818483e-18, 6.30626079475e-18, 5.31710167465e-18, 4.74789057101e-18, 6.12813613524e-18, 1.01459641286e-17, 1.45037567364e-17, 1.46356821179e-17, 1.86549196271e-17, 1.28961800195e-17, 1.20800761826e-17, 1.26956929457e-17, 1.69052473431e-17, 2.07375420338e-17, 2.12706979889e-17, 1.43136607054e-17, 1.16943866783e-17, 8.40999078276e-18, 5.06209926259e-18, 3.0580401957e-18, 1.06505966215e-18, 3.48682089844e-19, 3.22437393842e-20], "var": [0.1424600631, 10.6944665909, 29.340139389, 48.3299789429, 185.006149292, 433.268493652, 337.626251221, 1146.4329834, 1051.16455078, 4214.31982422, 2862.17626953, 12385.3632812, 12970.7119141, 2959.8840332, 5422.35009766, 10800.7480469, 6603.12304688, 7556.390625, 4682.52441406, 4688.78466797, 3080.49707031, 3442.88525391, 865.65625, 348.248565674, 314.981323242, 485.193145752, 198.137741089, 61.915802002, 69.1533584595, 55.1681938171, 56.846950531, 37.5504570007, 15.4107084274, 4.70213079453, 2.32759904861, 0.46413436532, 0.0667630508542, 0.00584657257423, 8.63057357492e-05, 2.6065555403e-07]}, "gfcc": {"mean": [-11.7818994522, 85.8902359009, -114.215881348, 22.9258670807, -45.9878005981, 12.8286714554, -31.1952266693, 4.51196146011, -21.6058692932, -0.0737153366208, -15.1767759323, -2.03594112396, -11.1814184189], "cov": [[8198.36328125, -1725.98974609, 1090.95861816, 552.853027344, -393.690063477, 317.141693115, -210.212478638, 257.298339844, 25.117023468, 303.452362061, -134.352874756, 309.006988525, -94.9122848511], [-1725.98974609, 1966.8605957, -262.629058838, -0.63215136528, 494.388061523, -80.292137146, 314.063262939, -98.0150680542, 66.9133377075, -138.119506836, 99.2345046997, -149.238800049, 29.0986042023], [1090.95861816, -262.629058838, 1194.24743652, 464.900695801, 70.7212982178, 220.754821777, 31.9098968506, 127.107688904, 53.3969764709, 154.061721802, 18.6152362823, 118.033241272, 13.0887804031], [552.853027344, -0.63215136528, 464.900695801, 510.011749268, 170.224395752, 148.090377808, 38.2790603638, 69.2358856201, 76.4648132324, 67.1608657837, 31.2987823486, 47.2235679626, 52.1984100342], [-393.690063477, 494.388061523, 70.7212982178, 170.224395752, 448.869171143, 97.9309768677, 148.126861572, 3.57000875473, 62.4508476257, -22.7389602661, 31.9615268707, -27.191028595, 35.1933746338], [317.141693115, -80.292137146, 220.754821777, 148.090377808, 97.9309768677, 252.368606567, 108.712867737, 89.092300415, 40.9723320007, 27.8724117279, 24.984336853, 26.7090587616, 5.39655208588], [-210.212478638, 314.063262939, 31.9098968506, 38.2790603638, 148.126861572, 108.712867737, 256.286895752, 56.6090583801, 43.9339027405, 1.19852435589, 44.1534957886, -10.6412935257, 3.30514454842], [257.298339844, -98.0150680542, 127.107688904, 69.2358856201, 3.57000875473, 89.092300415, 56.6090583801, 168.582305908, 90.8091812134, 56.9335708618, 15.7036657333, 28.3819160461, 4.43837022781], [25.117023468, 66.9133377075, 53.3969764709, 76.4648132324, 62.4508476257, 40.9723320007, 43.9339027405, 90.8091812134, 139.203735352, 63.5948905945, 28.3580150604, 9.26522541046, 18.235830307], [303.452362061, -138.119506836, 154.061721802, 67.1608657837, -22.7389602661, 27.8724117279, 1.19852435589, 56.9335708618, 63.5948905945, 129.035568237, 34.6867370605, 41.6373252869, 0.078336186707], [-134.352874756, 99.2345046997, 18.6152362823, 31.2987823486, 31.9615268707, 24.984336853, 44.1534957886, 15.7036657333, 28.3580150604, 34.6867370605, 94.4769592285, 30.5491542816, 12.5445947647], [309.006988525, -149.238800049, 118.033241272, 47.2235679626, -27.191028595, 26.7090587616, -10.6412935257, 28.3819160461, 9.26522541046, 41.6373252869, 30.5491542816, 103.685661316, 28.6271953583], [-94.9122848511, 29.0986042023, 13.0887804031, 52.1984100342, 35.1933746338, 5.39655208588, 3.30514454842, 4.43837022781, 18.235830307, 0.078336186707, 12.5445947647, 28.6271953583, 81.6338195801]], "icov": [[0.000198964306037, 5.00863898196e-05, -1.37712697779e-06, -0.00020862792735, 0.000101968616946, -0.000125928228954, 2.1985888452e-05, -5.7639026636e-05, 6.57297350699e-05, -0.000228087694268, 0.000473809603136, -0.000513146515004, 0.00040637969505], [5.00863898196e-05, 0.0012827180326, -0.000171006060555, 2.01439106604e-05, -0.000848271010909, 0.00114854646381, -0.00122728513088, 0.000636808283161, -0.000927844259422, 0.00125657673925, -0.00131203280762, 0.00103877449874, -3.62119462807e-05], [-1.37712697779e-06, -0.000171006060555, 0.00175221217796, -0.00134082487784, 9.80441691354e-05, -0.000701896438841, 0.000125997627038, -0.000511967169587, 0.0011299244361, -0.0016216149088, 0.00100978591945, -0.00120084208902, 0.000677714473568], [-0.00020862792735, 2.01439106604e-05, -0.00134082487784, 0.00429700408131, -0.00121661962476, -0.000848046503961, 0.000765121076256, 0.000312712683808, -0.00112895236816, 0.000197057059268, -0.00102986593265, 0.0010467893444, -0.00220660120249], [0.000101968616946, -0.000848271010909, 9.80441691354e-05, -0.00121661962476, 0.00448988331482, -0.00148641609121, -0.000873916200362, 0.00137098820414, -0.00148242723662, 0.000433415611042, 0.000871625728905, -0.00016413834237, -0.000439049355919], [-0.000125928228954, 0.00114854646381, -0.000701896438841, -0.000848046503961, -0.00148641609121, 0.0081613343209, -0.00312018976547, -0.00227876845747, 0.000334082811605, 0.00194287253544, -0.00186428637244, 0.000644363812171, 0.000434525223682], [2.1985888452e-05, -0.00122728513088, 0.000125997627038, 0.000765121076256, -0.000873916200362, -0.00312018976547, 0.0076616499573, -0.00229629408568, 0.0010109313298, -0.000674997048918, -0.00116447499022, 0.000116415605589, 0.000264203525148], [-5.7639026636e-05, 0.000636808283161, -0.000511967169587, 0.000312712683808, 0.00137098820414, -0.00227876845747, -0.00229629408568, 0.01308260113, -0.00850486010313, 0.000609714596067, 0.000936942407861, -0.00130761298351, 0.0007432475104], [6.57297350699e-05, -0.000927844259422, 0.0011299244361, -0.00112895236816, -0.00148242723662, 0.000334082811605, 0.0010109313298, -0.00850486010313, 0.0172998867929, -0.0076054064557, -0.000102577461803, 0.00188683462329, -0.00251681380905], [-0.000228087694268, 0.00125657673925, -0.0016216149088, 0.000197057059268, 0.000433415611042, 0.00194287253544, -0.000674997048918, 0.000609714596067, -0.0076054064557, 0.0164892468601, -0.00546823255718, -0.00128147436772, 0.00207259156741], [0.000473809603136, -0.00131203280762, 0.00100978591945, -0.00102986593265, 0.000871625728905, -0.00186428637244, -0.00116447499022, 0.000936942407861, -0.000102577461803, -0.00546823255718, 0.0174929648638, -0.00687598297372, 0.00101014005486], [-0.000513146515004, 0.00103877449874, -0.00120084208902, 0.0010467893444, -0.00016413834237, 0.000644363812171, 0.000116415605589, -0.00130761298351, 0.00188683462329, -0.00128147436772, -0.00687598297372, 0.0180349163711, -0.00703723216429], [0.00040637969505, -3.62119462807e-05, 0.000677714473568, -0.00220660120249, -0.000439049355919, 0.000434525223682, 0.000264203525148, 0.0007432475104, -0.00251681380905, 0.00207259156741, 0.00101014005486, -0.00703723216429, 0.0170197561383]]}, "melbands": {"dmean": [0.00156925956253, 0.00121274986304, 0.000673434522469, 0.000511986727361, 0.000353766081389, 0.000248816650128, 0.000166010242538, 0.000185210883501, 0.000139581796248, 0.000164160315762, 0.000120691300253, 5.59888794669e-05, 5.85820889683e-05, 8.37596307974e-05, 7.75746011641e-05, 3.93393420381e-05, 3.87933032471e-05, 3.36486045853e-05, 3.41594713973e-05, 2.05146843655e-05, 1.51307422129e-05, 1.73744374479e-05, 1.49500292537e-05, 7.18904811947e-06, 6.17025534666e-06, 6.19835464022e-06, 6.26972905593e-06, 6.72703117743e-06, 4.66683104605e-06, 3.17817625728e-06, 2.19745902541e-06, 2.29556076192e-06, 2.1327828108e-06, 1.92578022506e-06, 1.91101707969e-06, 1.31577473894e-06, 1.62694198025e-06, 1.00870238384e-06, 8.02694614777e-07, 7.07573292402e-07], "dmean2": [0.00226464564912, 0.00182991742622, 0.00112374324817, 0.00085087941261, 0.000600653816946, 0.000409785920056, 0.000272004952421, 0.00029610839556, 0.000228126693401, 0.000260208151303, 0.000190158127225, 8.81737141754e-05, 9.17773140827e-05, 0.000140811316669, 0.000129187916173, 6.34744937997e-05, 6.19373531663e-05, 5.73240940867e-05, 5.51199882466e-05, 3.1938059692e-05, 2.3171725843e-05, 2.70925957011e-05, 2.3457872885e-05, 1.10863984446e-05, 9.65047183854e-06, 9.81244465947e-06, 9.85587666946e-06, 1.10605069494e-05, 7.59930981076e-06, 5.1414194786e-06, 3.54068993147e-06, 3.68392534256e-06, 3.43454667018e-06, 3.06683546114e-06, 3.0315834465e-06, 2.09279210139e-06, 2.61480431618e-06, 1.63502932082e-06, 1.31546369175e-06, 1.17466163374e-06], "dvar": [7.94773404778e-06, 4.16874536313e-06, 1.70272960531e-06, 1.27383987092e-06, 4.92662593388e-07, 4.98462441101e-07, 2.66133241666e-07, 3.85750695386e-07, 2.65673662625e-07, 3.28810870087e-07, 1.07593734811e-07, 2.37080701737e-08, 2.61485766373e-08, 8.16478618049e-08, 1.37952994805e-07, 1.5456789626e-08, 1.12577431821e-08, 1.8364829657e-08, 1.65177844735e-08, 2.898930207e-09, 1.99697702818e-09, 2.12156492374e-09, 1.54846013789e-09, 1.82689724459e-10, 1.40556385975e-10, 1.29244823177e-10, 1.42206149634e-10, 1.97879157504e-10, 9.55614684606e-11, 4.05869782227e-11, 1.53460404106e-11, 1.99690871477e-11, 1.52846017093e-11, 1.40307713364e-11, 1.89881860235e-11, 8.26799392839e-12, 1.49212135703e-11, 8.12204296874e-12, 4.69936763114e-12, 3.33733192991e-12], "dvar2": [1.64398370543e-05, 8.66759637574e-06, 4.37529615738e-06, 3.14958242598e-06, 1.2910792293e-06, 1.257281383e-06, 6.66657911097e-07, 9.13202427455e-07, 6.52918402011e-07, 7.83959364981e-07, 2.35740685639e-07, 5.14364266735e-08, 5.84557007244e-08, 2.05232595363e-07, 3.69990516447e-07, 3.89281318292e-08, 2.51023681841e-08, 4.84371298626e-08, 4.18738217434e-08, 6.11014394636e-09, 4.53312409832e-09, 4.60981830486e-09, 3.49522211174e-09, 4.28022728372e-10, 2.97943947292e-10, 2.9839494764e-10, 3.2145203166e-10, 4.860512548e-10, 2.40658382111e-10, 1.02296324189e-10, 3.74972171369e-11, 4.87165377483e-11, 3.66022386011e-11, 3.21648298274e-11, 4.55355197992e-11, 1.94189751085e-11, 3.62158358858e-11, 2.04759785516e-11, 1.1712889339e-11, 8.53720566463e-12], "max": [0.028882920742, 0.0228731036186, 0.0183574073017, 0.0187325440347, 0.0122794136405, 0.0165073815733, 0.0136363189667, 0.0166111178696, 0.0126113677397, 0.0121226944029, 0.00839810352772, 0.00355033203959, 0.00462166592479, 0.00689581874758, 0.015779428184, 0.00323153706267, 0.00331459357403, 0.00756613072008, 0.00319154630415, 0.00252639804967, 0.00126787996851, 0.00104882731102, 0.000710728985723, 0.000222579532419, 0.000445877871243, 0.000230495876167, 0.000298874481814, 0.000230960256886, 0.000166378711583, 0.000115922252007, 5.35264298378e-05, 0.000130821572384, 7.21334654372e-05, 0.000124678044813, 0.000148541832459, 0.000116927483759, 0.000136641814606, 0.000113083697215, 6.32840237813e-05, 3.58260149369e-05], "mean": [0.00209302338772, 0.00183489208575, 0.00081930559827, 0.000603097199928, 0.000376297015464, 0.000295998062938, 0.000193662926904, 0.000222760500037, 0.000173126041773, 0.000225182098802, 0.000219182475121, 8.19814522401e-05, 7.63311836636e-05, 8.8240718469e-05, 8.18979751784e-05, 5.38660497114e-05, 6.58694989397e-05, 4.19266143581e-05, 4.28266030212e-05, 2.7663218134e-05, 2.41651559918e-05, 2.49309341598e-05, 2.06344902836e-05, 1.03924712676e-05, 8.32757450553e-06, 8.39694621391e-06, 7.78907906351e-06, 7.34295826987e-06, 4.86954922962e-06, 3.373551408e-06, 2.48447463491e-06, 2.74534932032e-06, 2.50049311035e-06, 2.27504506256e-06, 2.17977481043e-06, 1.5444904875e-06, 1.7323600332e-06, 1.1060108136e-06, 8.51142260672e-07, 6.9385595225e-07], "median": [0.000670463428833, 0.000677999283653, 0.000418942305259, 0.00022701646958, 0.000145942540257, 8.28421325423e-05, 5.90479612583e-05, 4.08744963352e-05, 3.26528279402e-05, 4.71636085422e-05, 4.59138827864e-05, 2.14021056308e-05, 1.64605407917e-05, 1.86020042747e-05, 1.86758406926e-05, 1.87784535228e-05, 1.91082472156e-05, 1.43007437146e-05, 1.15072853077e-05, 7.97683424025e-06, 5.0334720072e-06, 5.08282710143e-06, 4.85130385641e-06, 3.76486241294e-06, 2.90810294246e-06, 2.74659873867e-06, 2.53700636677e-06, 1.959457677e-06, 1.397046276e-06, 9.47351963987e-07, 8.49854416174e-07, 9.22418166738e-07, 8.01094984126e-07, 7.19540707905e-07, 5.8524835822e-07, 4.24530270493e-07, 4.11949571344e-07, 2.62639019866e-07, 1.88052410977e-07, 1.51864156805e-07], "min": [2.48726837619e-24, 4.50872503746e-24, 4.13056760203e-24, 3.65578219989e-24, 5.23356909136e-24, 4.79590393355e-24, 6.27531829241e-24, 1.13264199121e-23, 1.43294879494e-23, 4.35052016621e-24, 5.07091504461e-24, 4.48643498372e-24, 8.45726811321e-24, 5.51028887514e-24, 6.08874834959e-24, 4.04408793644e-24, 4.11161364106e-24, 8.72501618191e-24, 7.83690631962e-24, 7.17448325143e-24, 4.59360449871e-24, 6.07483954854e-24, 6.24926971089e-24, 1.13951344301e-23, 1.20076044592e-23, 9.59751448689e-24, 1.13943794902e-23, 1.27804854091e-23, 7.59610179514e-24, 5.80406698713e-24, 6.59028244731e-24, 7.5197866023e-24, 7.07360687431e-24, 8.42362713991e-24, 1.0466217582e-23, 1.51861293613e-23, 1.07941707262e-23, 1.07808366103e-23, 7.80619517572e-24, 1.02563395605e-23], "var": [1.40519059642e-05, 8.88549948286e-06, 1.669363769e-06, 1.60760464496e-06, 4.66525420961e-07, 5.43934277175e-07, 2.57408999005e-07, 4.70236074079e-07, 3.31997824787e-07, 4.4692583856e-07, 3.25733111595e-07, 4.64328167027e-08, 4.56356978873e-08, 7.76538939817e-08, 1.0752788171e-07, 1.76179071332e-08, 3.49740538752e-08, 1.61709738933e-08, 1.67688405384e-08, 5.52699752632e-09, 5.14719600275e-09, 4.14184642139e-09, 2.66198907362e-09, 2.79809397874e-10, 2.63286170643e-10, 2.02836733521e-10, 2.17165174732e-10, 2.29976385158e-10, 9.2316328193e-11, 4.13138308286e-11, 1.82668446341e-11, 2.57696156081e-11, 2.0283949867e-11, 1.9175008803e-11, 2.42543068962e-11, 1.21544944248e-11, 1.71925355896e-11, 8.84953395286e-12, 5.06404770548e-12, 3.17964209649e-12]}, "mfcc": {"mean": [-657.942749023, 123.28540802, -6.99971103668, 17.8364543915, 5.79467439651, 8.82056903839, 2.2380926609, 4.47043466568, -1.9085483551, 4.72970867157, -1.00909304619, -3.21778082848, -3.92309832573], "cov": [[6288.02978516, -1489.20910645, 875.838012695, 215.962982178, 4.70534038544, 103.400611877, -179.459243774, 70.2503356934, 68.5685272217, 26.7038955688, -39.5345497131, 178.288345337, 192.833374023], [-1489.20910645, 1656.19555664, -407.10723877, 143.521636963, 68.4909744263, 89.2468185425, 200.243041992, 65.8778686523, 17.1399059296, 40.472076416, 60.9771461487, -32.9033126831, -43.4206085205], [875.838012695, -407.10723877, 992.95703125, 261.252807617, 140.007263184, 132.736190796, 34.0894584656, 56.7079162598, 73.6823196411, 42.5654144287, 18.9433498383, 104.664375305, 130.466644287], [215.962982178, 143.521636963, 261.252807617, 388.304901123, 195.38458252, 135.121887207, 64.3347396851, 37.5084609985, 78.4689331055, 37.2517814636, 5.17919969559, 46.718170166, 61.1014289856], [4.70534038544, 68.4909744263, 140.007263184, 195.38458252, 315.543151855, 127.902099609, 59.9270629883, 57.6718292236, 76.9202804565, 37.270236969, 4.15864658356, 33.0964355469, 31.3531665802], [103.400611877, 89.2468185425, 132.736190796, 135.121887207, 127.902099609, 210.553863525, 127.349700928, 70.9827728271, 57.8255119324, 24.9755744934, 25.9419384003, 35.0518302917, 21.2948246002], [-179.459243774, 200.243041992, 34.0894584656, 64.3347396851, 59.9270629883, 127.349700928, 203.616714478, 94.2519836426, 40.2014007568, 26.2251739502, 39.8340911865, 22.2371826172, 5.90596055984], [70.2503356934, 65.8778686523, 56.7079162598, 37.5084609985, 57.6718292236, 70.9827728271, 94.2519836426, 152.958694458, 69.8230056763, 45.2294540405, 35.0139541626, 25.729642868, 18.7810993195], [68.5685272217, 17.1399059296, 73.6823196411, 78.4689331055, 76.9202804565, 57.8255119324, 40.2014007568, 69.8230056763, 127.870994568, 70.9541244507, 27.6740665436, 26.9902153015, 23.7745819092], [26.7038955688, 40.472076416, 42.5654144287, 37.2517814636, 37.270236969, 24.9755744934, 26.2251739502, 45.2294540405, 70.9541244507, 124.675857544, 62.5425758362, 17.6989459991, 9.2164068222], [-39.5345497131, 60.9771461487, 18.9433498383, 5.17919969559, 4.15864658356, 25.9419384003, 39.8340911865, 35.0139541626, 27.6740665436, 62.5425758362, 111.378921509, 48.2126617432, 15.3787574768], [178.288345337, -32.9033126831, 104.664375305, 46.718170166, 33.0964355469, 35.0518302917, 22.2371826172, 25.729642868, 26.9902153015, 17.6989459991, 48.2126617432, 107.793930054, 69.1118011475], [192.833374023, -43.4206085205, 130.466644287, 61.1014289856, 31.3531665802, 21.2948246002, 5.90596055984, 18.7810993195, 23.7745819092, 9.2164068222, 15.3787574768, 69.1118011475, 110.925621033]], "icov": [[0.000243170536123, 0.00019028558745, -4.95466920256e-05, -0.000187245226698, 0.000205017669941, -0.000266243558144, 0.000320280436426, -0.000301988213323, 0.000154963694513, -0.000155818022904, 0.000201390474103, -0.000258591491729, -4.66591918666e-05], [0.00019028558745, 0.00105650082696, 0.000481118302559, -0.000825132825412, 0.000162776821526, -2.04627231142e-05, -0.000618807331193, -0.000255295977695, 0.000401310797315, -0.000219323919737, -0.000301049120026, 0.000211239079363, -0.000152173975948], [-4.95466920256e-05, 0.000481118302559, 0.00172142789233, -0.0010023417417, 8.0511548731e-05, -0.000447145197541, -9.80869153864e-05, -0.000226615185966, 0.000314342207275, -0.000355005235178, 2.68382755166e-05, -0.000198503374122, -0.0010093433084], [-0.000187245226698, -0.000825132825412, -0.0010023417417, 0.00544017599896, -0.00204530684277, -0.00123194942717, -4.94235100632e-05, 0.00151114072651, -0.00148795871064, -0.000117666590086, 0.000746828853153, 0.000114458147436, -0.00109996821266], [0.000205017669941, 0.000162776821526, 8.0511548731e-05, -0.00204530684277, 0.00561325717717, -0.00233264779672, 0.000985275954008, -0.000942561600823, -0.000827792158816, -0.000639229489025, 0.00123760057613, -0.000859212304931, 0.000301866879454], [-0.000266243558144, -2.04627231142e-05, -0.000447145197541, -0.00123194942717, -0.00233264779672, 0.0111642712727, -0.00590809155256, 0.000354847201379, -0.0015223872615, 0.00141592358705, -0.000772690051235, -0.000602144864388, 0.00112083659042], [0.000320280436426, -0.000618807331193, -9.80869153864e-05, -4.94235100632e-05, 0.000985275954008, -0.00590809155256, 0.0114914132282, -0.00492804916576, 0.00118201540317, 0.000366623135051, -0.00117472419515, -0.000335200660629, 0.000509756151587], [-0.000301988213323, -0.000255295977695, -0.000226615185966, 0.00151114072651, -0.000942561600823, 0.000354847201379, -0.00492804916576, 0.0122960442677, -0.00503969937563, -0.000114393886179, -0.000922350736801, 0.000473903259262, -0.000839733635075], [0.000154963694513, 0.000401310797315, 0.000314342207275, -0.00148795871064, -0.000827792158816, -0.0015223872615, 0.00118201540317, -0.00503969937563, 0.0163220856339, -0.00804781448096, 0.00268826377578, -0.00176686909981, -0.000447310885647], [-0.000155818022904, -0.000219323919737, -0.000355005235178, -0.000117666590086, -0.000639229489025, 0.00141592358705, 0.000366623135051, -0.000114393886179, -0.00804781448096, 0.0169233605266, -0.00941137317568, 0.0038456574548, -0.000196360066184], [0.000201390474103, -0.000301049120026, 2.68382755166e-05, 0.000746828853153, 0.00123760057613, -0.000772690051235, -0.00117472419515, -0.000922350736801, 0.00268826377578, -0.00941137317568, 0.0183844659477, -0.00951876305044, 0.00269394204952], [-0.000258591491729, 0.000211239079363, -0.000198503374122, 0.000114458147436, -0.000859212304931, -0.000602144864388, -0.000335200660629, 0.000473903259262, -0.00176686909981, 0.0038456574548, -0.00951876305044, 0.0214341245592, -0.0109768891707], [-4.66591918666e-05, -0.000152173975948, -0.0010093433084, -0.00109996821266, 0.000301866879454, 0.00112083659042, 0.000509756151587, -0.000839733635075, -0.000447310885647, -0.000196360066184, 0.00269394204952, -0.0109768891707, 0.0172219965607]]}, "spectral_contrast_coeffs": {"dmean": [0.0640519037843, 0.0562320202589, 0.0446000285447, 0.0330173932016, 0.0245014838874, 0.0222199875861], "dmean2": [0.10122499615, 0.0919858291745, 0.0720758140087, 0.0527022480965, 0.0381928160787, 0.0355197191238], "dvar": [0.00268617155962, 0.00222746119834, 0.00147050991654, 0.000872946402524, 0.000515382795129, 0.000372682960005], "dvar2": [0.00623948220164, 0.00559200160205, 0.00341554870829, 0.0020026860293, 0.0010505473474, 0.0009157199529], "max": [-0.266697883606, -0.3624792099, -0.453461110592, -0.497922986746, -0.56993240118, -0.622904360294], "mean": [-0.650562345982, -0.745043039322, -0.7784897089, -0.798384904861, -0.805394887924, -0.771960914135], "median": [-0.667064428329, -0.754645228386, -0.797659277916, -0.813135325909, -0.81480717659, -0.772603034973], "min": [-0.961233973503, -0.981138050556, -0.987648546696, -0.986438155174, -0.984549582005, -0.959480643272], "var": [0.00915054790676, 0.00577961746603, 0.0061718672514, 0.0035297498107, 0.00201422232203, 0.00112171820365]}, "spectral_contrast_valleys": {"dmean": [0.557460546494, 0.482517033815, 0.390245914459, 0.357255011797, 0.426738202572, 0.544203519821], "dmean2": [0.839552819729, 0.768113672733, 0.614593923092, 0.540199816227, 0.581409335136, 0.711028754711], "dvar": [0.342155188322, 0.239156484604, 0.180301889777, 0.165466159582, 0.204638615251, 0.297056078911], "dvar2": [0.58099091053, 0.505071699619, 0.354306727648, 0.290225207806, 0.356617718935, 0.597480416298], "max": [-5.34687948227, -4.69555807114, -5.15537834167, -5.55057239532, -5.69329309464, -7.44566726685], "mean": [-7.42951