{"lowlevel": {"average_loudness": 0.981351017952, "barkbands_crest": {"dmean": 2.49535870552, "dmean2": 4.36929178238, "dvar": 8.69014930725, "dvar2": 23.4632911682, "max": 25.1569271088, "mean": 16.2744541168, "median": 16.9297904968, "min": 2.72050738335, "var": 13.721326828}, "barkbands_flatness_db": {"dmean": 0.041677031666, "dmean2": 0.0602874606848, "dvar": 0.00219648261555, "dvar2": 0.00506528187543, "max": 0.44969946146, "mean": 0.271439492702, "median": 0.268213957548, "min": 0.0214879158884, "var": 0.00679949484766}, "barkbands_kurtosis": {"dmean": 8.41568183899, "dmean2": 14.1150617599, "dvar": 258.949676514, "dvar2": 729.917114258, "max": 261.163208008, "mean": 17.6706027985, "median": 13.4604663849, "min": -1.83384752274, "var": 318.371276855}, "barkbands_skewness": {"dmean": 0.715836346149, "dmean2": 1.17036521435, "dvar": 0.922914147377, "dvar2": 2.39943146706, "max": 13.8416528702, "mean": 3.45324897766, "median": 3.24995207787, "min": -0.835439741611, "var": 1.8238120079}, "barkbands_spread": {"dmean": 3.52713656425, "dmean2": 5.85302686691, "dvar": 54.2175598145, "dvar2": 141.000015259, "max": 91.1395568848, "mean": 7.4933347702, "median": 5.0623960495, "min": 0.72713804245, "var": 64.305305481}, "dissonance": {"dmean": 0.0239750053734, "dmean2": 0.0400226339698, "dvar": 0.0006412860821, "dvar2": 0.00166048004758, "max": 0.498615980148, "mean": 0.433760493994, "median": 0.441956847906, "min": 0.248795941472, "var": 0.00154013512656}, "dynamic_complexity": 0.979230999947, "erbbands_crest": {"dmean": 1.73501002789, "dmean2": 2.64959406853, "dvar": 3.7426905632, "dvar2": 8.00445079803, "max": 27.2152729034, "mean": 10.7282953262, "median": 9.9309053421, "min": 2.81399345398, "var": 17.7683162689}, "erbbands_flatness_db": {"dmean": 0.0313707664609, "dmean2": 0.0393071696162, "dvar": 0.00137116957922, "dvar2": 0.00299804075621, "max": 0.351189345121, "mean": 0.183668300509, "median": 0.17243681848, "min": 0.0530782826245, "var": 0.00410180957988}, "erbbands_kurtosis": {"dmean": 0.622043073177, "dmean2": 0.915652036667, "dvar": 0.490516871214, "dvar2": 1.14071619511, "max": 7.59208202362, "mean": 0.0673242434859, "median": -0.145713567734, "min": -1.71175611019, "var": 1.17586660385}, "erbbands_skewness": {"dmean": 0.260969758034, "dmean2": 0.372372716665, "dvar": 0.0797258615494, "dvar2": 0.160066112876, "max": 2.110247612, "mean": 0.238945439458, "median": 0.21723946929, "min": -1.59624457359, "var": 0.244864478707}, "erbbands_spread": {"dmean": 9.15694522858, "dmean2": 14.1622257233, "dvar": 199.399017334, "dvar2": 468.853851318, "max": 152.23840332, "mean": 35.1682510376, "median": 29.6764678955, "min": 10.8140335083, "var": 302.455596924}, "hfc": {"dmean": 11.6124134064, "dmean2": 19.1421260834, "dvar": 558.918151855, "dvar2": 1444.04833984, "max": 259.53604126, "mean": 22.8079681396, "median": 16.2304172516, "min": 1.50668638526e-05, "var": 472.835601807}, "melbands_crest": {"dmean": 2.07791566849, "dmean2": 3.36555957794, "dvar": 6.3220038414, "dvar2": 15.8028621674, "max": 32.9111862183, "mean": 18.0488014221, "median": 17.3665866852, "min": 4.65608692169, "var": 17.8520526886}, "melbands_flatness_db": {"dmean": 0.0464128032327, "dmean2": 0.0673988908529, "dvar": 0.00279204710387, "dvar2": 0.00636705476791, "max": 0.596768915653, "mean": 0.396912276745, "median": 0.396159827709, "min": 0.0325736701488, "var": 0.00932891201228}, "melbands_kurtosis": {"dmean": 14.196064949, "dmean2": 23.0450668335, "dvar": 550.96472168, "dvar2": 1410.78613281, "max": 373.0284729, "mean": 33.6218719482, "median": 26.3054103851, "min": -0.456395149231, "var": 903.049987793}, "melbands_skewness": {"dmean": 0.793761134148, "dmean2": 1.27099096775, "dvar": 0.967932224274, "dvar2": 2.28296351433, "max": 17.2668037415, "mean": 4.5254073143, "median": 4.31394290924, "min": 0.721091330051, "var": 2.46012926102}, "melbands_spread": {"dmean": 1.8735345602, "dmean2": 3.02960991859, "dvar": 15.9499101639, "dvar2": 34.2100906372, "max": 105.563056946, "mean": 5.49571704865, "median": 3.9583594799, "min": 0.604312419891, "var": 35.4863739014}, "pitch_salience": {"dmean": 0.0511037893593, "dmean2": 0.0855802595615, "dvar": 0.00461077271029, "dvar2": 0.0125215370208, "max": 0.778014540672, "mean": 0.433692634106, "median": 0.434915959835, "min": 0.126117095351, "var": 0.00825597532094}, "silence_rate_20dB": {"dmean": 0.0217601545155, "dmean2": 0.0435308329761, "dvar": 0.021286515519, "dvar2": 0.0566290058196, "max": 1, "mean": 0.985738456249, "median": 1, "min": 0, "var": 0.0140579035506}, "silence_rate_30dB": {"dmean": 0.149903282523, "dmean2": 0.299879074097, "dvar": 0.127428740263, "dvar2": 0.271373212337, "max": 1, "mean": 0.442107796669, "median": 0, "min": 0, "var": 0.246639072895}, "silence_rate_60dB": {"dmean": 0.000241779503995, "dmean2": 0.00024183797359, "dvar": 0.000241722198552, "dvar2": 0.00024178060994, "max": 1, "mean": 0.000241721048951, "median": 0, "min": 0, "var": 0.000241663816269}, "spectral_centroid": {"dmean": 114.107696533, "dmean2": 169.376693726, "dvar": 33303.0234375, "dvar2": 67315.4296875, "max": 3384.36010742, "mean": 496.617095947, "median": 398.867950439, "min": 183.798858643, "var": 99982.96875}, "spectral_complexity": {"dmean": 2.27852988243, "dmean2": 3.47061657906, "dvar": 15.5277013779, "dvar2": 26.691236496, "max": 61, "mean": 12.5491905212, "median": 11, "min": 0, "var": 40.9147567749}, "spectral_decrease": {"dmean": 1.02032133853e-08, "dmean2": 1.75518035661e-08, "dvar": 2.60742840368e-16, "dvar2": 6.94160335055e-16, "max": -1.96036802387e-16, "mean": -2.96461344362e-08, "median": -2.74576859027e-08, "min": -1.57564670644e-07, "var": 3.17561201664e-16}, "spectral_energy": {"dmean": 0.0391024462879, "dmean2": 0.0670865178108, "dvar": 0.00379580678418, "dvar2": 0.0100777018815, "max": 0.600247204304, "mean": 0.113960102201, "median": 0.105411417782, "min": 2.10649542254e-09, "var": 0.00462237093598}, "spectral_energyband_high": {"dmean": 0.000769623205997, "dmean2": 0.00130172353238, "dvar": 4.1289335968e-06, "dvar2": 1.09848415377e-05, "max": 0.0296304058284, "mean": 0.00061699107755, "median": 6.9136309321e-05, "min": 1.34351529901e-09, "var": 3.18153502121e-06}, "spectral_energyband_low": {"dmean": 0.0372188985348, "dmean2": 0.0647347867489, "dvar": 0.00366121949628, "dvar2": 0.00996122788638, "max": 0.588128745556, "mean": 0.0963107794523, "median": 0.0890843123198, "min": 1.49755884776e-11, "var": 0.00446674460545}, "spectral_energyband_middle_high": {"dmean": 0.00136456370819, "dmean2": 0.00199744617566, "dvar": 8.78173250385e-06, "dvar2": 2.01073562494e-05, "max": 0.0464065931737, "mean": 0.00363091006875, "median": 0.00266284379177, "min": 5.81939607613e-10, "var": 1.30860171339e-05}, "spectral_energyband_middle_low": {"dmean": 0.00616303272545, "dmean2": 0.010845515877, "dvar": 0.000194747684873, "dvar2": 0.000556055281777, "max": 0.157558247447, "mean": 0.0230830144137, "median": 0.0207318868488, "min": 1.74124603625e-10, "var": 0.000158474998898}, "spectral_entropy": {"dmean": 0.365726858377, "dmean2": 0.509196281433, "dvar": 0.201608672738, "dvar2": 0.463427096605, "max": 8.67607879639, "mean": 6.5089635849, "median": 6.54631280899, "min": 4.96357059479, "var": 0.56080019474}, "spectral_flux": {"dmean": 0.0590573474765, "dmean2": 0.0868399888277, "dvar": 0.00506098615006, "dvar2": 0.00926524028182, "max": 0.645261466503, "mean": 0.104761473835, "median": 0.0621422640979, "min": 4.58965732832e-05, "var": 0.0106385508552}, "spectral_kurtosis": {"dmean": 10.2068929672, "dmean2": 15.1374034882, "dvar": 233.051422119, "dvar2": 514.426269531, "max": 116.129753113, "mean": 19.5497932434, "median": 11.5391073227, "min": -0.706192493439, "var": 440.625488281}, "spectral_rms": {"dmean": 0.00164396525361, "dmean2": 0.00278084375896, "dvar": 4.98678764416e-06, "dvar2": 1.29924192152e-05, "max": 0.0241993181407, "mean": 0.0101649323478, "median": 0.0101410262287, "min": 1.43356817262e-06, "var": 7.85462998465e-06}, "spectral_rolloff": {"dmean": 159.911239624, "dmean2": 290.379241943, "dvar": 555968, "dvar2": 1552125, "max": 13673.5839844, "mean": 317.504699707, "median": 150.732421875, "min": 64.599609375, "var": 519565.65625}, "spectral_skewness": {"dmean": 0.782373666763, "dmean2": 1.10921645164, "dvar": 0.859183013439, "dvar2": 1.95340538025, "max": 8.5943441391, "mean": 3.14640784264, "median": 2.84163689613, "min": 0.0643594861031, "var": 2.23514890671}, "spectral_spread": {"dmean": 1307042.875, "dmean2": 1742022.875, "dvar": 2818226782210.0, "dvar2": 6072518574080.0, "max": 13259705, "mean": 3995926.75, "median": 3607376.75, "min": 636331.3125, "var": 5326654406660.0}, "spectral_strongpeak": {"dmean": 0.208640664816, "dmean2": 0.363951653242, "dvar": 0.0758060514927, "dvar2": 0.202562004328, "max": 4.47308778763, "mean": 0.768799781799, "median": 0.74768191576, "min": 0, "var": 0.111113384366}, "zerocrossingrate": {"dmean": 0.00661706086248, "dmean2": 0.00857332162559, "dvar": 0.00010297519475, "dvar2": 0.0001524630934, "max": 0.26416015625, "mean": 0.0191835407168, "median": 0.013671875, "min": 0.001953125, "var": 0.000323381624185}, "barkbands": {"dmean": [0.00120608799625, 0.0316014513373, 0.00820653233677, 0.00440862122923, 0.00141214509495, 0.000691574416123, 0.000184988675755, 0.000167941150721, 0.000476930959849, 0.000654823030345, 0.000249663804425, 0.000141528507811, 0.000217659646296, 0.000169929975527, 0.000108372361865, 4.3995991291e-05, 6.63039536448e-05, 7.84985022619e-05, 6.11329523963e-05, 4.18532436015e-05, 8.08549084468e-05, 0.000134754431201, 7.61454575695e-05, 0.000123791469377, 6.25214161118e-05, 0.00028368740459, 8.54579138831e-06], "dmean2": [0.00149992213119, 0.0565125197172, 0.0145491641015, 0.0078121079132, 0.00248858728446, 0.00109494430944, 0.000268093019258, 0.000253292470006, 0.000726825674064, 0.0010162970284, 0.000348649162333, 0.000211244143429, 0.000313486292725, 0.000260179687757, 0.00015904076281, 7.3305949627e-05, 0.000113014197268, 0.000138229719596, 8.61867374624e-05, 6.34247335256e-05, 0.000128657047753, 0.000229872908676, 0.000124987083836, 0.000217613865971, 0.000106350235001, 0.000512279104441, 1.51426465891e-05], "dvar": [8.30271073937e-06, 0.00292782741599, 0.000392781075789, 0.000116504794278, 1.54316530825e-05, 1.66918960076e-06, 2.09787316408e-07, 3.50837694896e-07, 1.10655548724e-06, 1.8335653067e-06, 9.15316206829e-07, 1.11434781047e-06, 1.6213955405e-06, 1.76213006853e-07, 8.24149850587e-08, 2.40720723355e-08, 5.21377572227e-08, 9.45628926274e-08, 3.04683176466e-08, 1.75534626834e-08, 5.73086076372e-08, 1.29172207153e-07, 5.63736293202e-08, 1.80455202781e-07, 3.73597011105e-08, 7.99710676347e-07, 1.04712905014e-09], "dvar2": [1.12771767817e-05, 0.00844646897167, 0.001057456946, 0.000334993674187, 4.41009615315e-05, 3.68417022401e-06, 3.668726265e-07, 6.55432984331e-07, 2.34198819271e-06, 4.17731826019e-06, 1.80232598268e-06, 2.5457600259e-06, 3.7655468077e-06, 4.4724291115e-07, 2.01403253186e-07, 6.14856929815e-08, 1.42020866178e-07, 2.6028328648e-07, 5.47996599209e-08, 3.98918409417e-08, 1.44358835996e-07, 3.34448685635e-07, 1.29761502876e-07, 4.92651679451e-07, 9.94776954144e-08, 2.21949903789e-06, 2.92516566525e-09], "max": [0.0393868386745, 0.497047483921, 0.213865101337, 0.133259683847, 0.0575523041189, 0.0234968755394, 0.0147897992283, 0.0234033502638, 0.0254696719348, 0.030243685469, 0.024381518364, 0.0357740372419, 0.042353566736, 0.00847869273275, 0.00850521586835, 0.00219756760634, 0.00399754289538, 0.00437349593267, 0.00319649931043, 0.00241064932197, 0.0056289290078, 0.00796496775001, 0.00617376482114, 0.0103657320142, 0.00287522282451, 0.0133062507957, 0.000721201708075], "mean": [0.00181249482557, 0.0716503709555, 0.0137214558199, 0.0129213873297, 0.00347478245385, 0.00258898804896, 0.000458439928479, 0.00037650341983, 0.0020360648632, 0.00228449306451, 0.000349122419721, 0.000210098645766, 0.000480969494674, 0.000388406333514, 0.000266523915343, 5.56285085622e-05, 7.61653718655e-05, 8.35175815155e-05, 8.07094038464e-05, 5.88595939917e-05, 8.61021617311e-05, 9.99410040095e-05, 6.82160680299e-05, 8.86497655301e-05, 4.95464810228e-05, 0.000185881362995, 6.96130064171e-06], "median": [0.000247880234383, 0.0655151382089, 0.00905671995133, 0.0103281717747, 0.00244991783984, 0.00207749474794, 0.000195374945179, 3.19471873809e-05, 0.00134512246586, 0.00161681044847, 3.77598989871e-05, 3.61577804142e-05, 0.000151624335558, 0.000247824587859, 9.7181306046e-05, 1.32983959702e-05, 2.01469847525e-05, 1.34813535624e-05, 1.52219181473e-05, 1.23245972645e-05, 1.16505625556e-05, 6.32776664133e-06, 6.39275094727e-06, 4.67245035907e-06, 5.03543560626e-06, 1.19693186207e-05, 1.50964444856e-06], "min": [3.135749581e-13, 1.05879237669e-11, 2.59662820759e-12, 2.99406853477e-12, 7.57270461615e-12, 9.00381574853e-11, 1.58349843654e-11, 2.30233835469e-11, 1.82463801013e-11, 1.01310945744e-10, 1.27057600552e-11, 4.99947609353e-12, 1.69605843259e-10, 7.64079702287e-11, 9.23427029287e-11, 1.35116969696e-11, 5.65634136751e-11, 7.70249142246e-12, 4.85222244329e-11, 1.81961581219e-11, 1.4074925947e-10, 1.45059811385e-10, 1.60614521683e-10, 1.53224183341e-10, 3.00582003732e-10, 2.36153652189e-10, 1.95120350432e-10], "var": [2.54830356425e-05, 0.00302117457613, 0.000300850195345, 0.000109974345833, 1.23254885693e-05, 6.77794469084e-06, 8.85127860784e-07, 1.08315202851e-06, 5.75444437345e-06, 5.90363788433e-06, 1.60066201715e-06, 1.58261775596e-06, 2.25188318836e-06, 2.94895414754e-07, 1.99512015797e-07, 2.36482335936e-08, 4.5305633023e-08, 8.12100893199e-08, 6.00054974598e-08, 2.68366040501e-08, 6.39277430992e-08, 1.02904962773e-07, 6.11680235352e-08, 1.26034478853e-07, 2.81025638316e-08, 4.9619541187e-07, 6.48222198141e-10]}, "erbbands": {"dmean": [0.855676233768, 7.40225982666, 10.4291906357, 13.1263809204, 7.61968326569, 4.22983932495, 6.47031879425, 4.62437677383, 2.84007143974, 2.75072240829, 4.3457069397, 9.31056404114, 20.5213260651, 16.2353439331, 8.45683193207, 7.27226734161, 10.4389638901, 9.60861206055, 7.37561511993, 2.3461368084, 2.73835229874, 3.35989284515, 4.06737375259, 3.71424746513, 2.48374533653, 2.04424548149, 1.91677582264, 5.32581233978, 4.56109046936, 3.11638069153, 1.99617421627, 2.93927621841, 1.60471522808, 0.567067861557, 0.593426287174, 0.873151600361, 0.687814474106, 0.0318031013012, 0.00168511050288, 9.29689776967e-05], "dmean2": [1.47970592976, 13.2013597488, 18.0890407562, 23.3869953156, 13.3355207443, 7.48799800873, 10.4655418396, 7.27665042877, 4.39699363708, 3.93377280235, 6.27353858948, 14.0095157623, 31.391910553, 25.3639621735, 11.6987295151, 10.5449008942, 14.7739515305, 14.722943306, 11.1716632843, 3.71931004524, 4.65422725677, 5.72015094757, 7.11072635651, 5.57394647598, 3.40329027176, 3.0735669136, 2.76150178909, 8.71829128265, 7.66938686371, 5.31765699387, 3.27859282494, 5.12929725647, 2.83989691734, 0.965584814548, 1.01280260086, 1.56641018391, 1.24356853962, 0.056731890887, 0.00301825231872, 0.000161446907441], "dvar": [2.15058064461, 189.672454834, 546.371765137, 1020.44268799, 490.943847656, 118.770614624, 176.770904541, 86.0141830444, 29.5554466248, 98.164024353, 225.673980713, 407.775360107, 1699.45056152, 1727.42541504, 947.911437988, 2873.15283203, 3944.76098633, 477.971984863, 450.045227051, 38.5467567444, 83.65965271, 157.78453064, 282.112579346, 125.766799927, 56.0451202393, 34.5041999817, 24.764667511, 233.433227539, 165.129943848, 96.2252349854, 40.692024231, 79.249458313, 43.2938919067, 5.73694658279, 2.66866278648, 6.90286540985, 4.80567979813, 0.0129927909002, 3.18098609569e-05, 3.67646677546e-08], "dvar2": [6.02963209152, 540.63494873, 1407.32312012, 2930.38500977, 1413.35900879, 337.453826904, 392.094512939, 191.369354248, 69.3845214844, 140.68661499, 392.598937988, 911.621887207, 3693.68237305, 4154.07275391, 1920.35095215, 6597.39990234, 9116.35839844, 1183.39001465, 1175.01806641, 102.376373291, 214.274902344, 423.639343262, 792.507751465, 278.929748535, 91.2461395264, 68.8026657104, 49.2963523865, 592.662414551, 428.390808105, 245.87046814, 94.2790985107, 212.926330566, 120.603218079, 15.482419014, 7.1432762146, 19.1291408539, 13.315823555, 0.0363077819347, 8.90870869625e-05, 9.77919327738e-08], "max": [14.9993553162, 133.029983521, 240.40284729, 391.988037109, 269.952514648, 135.727249146, 241.665786743, 196.839447021, 85.1499404907, 383.179931641, 639.740905762, 394.033081055, 884.900634766, 1209.17346191, 861.472290039, 1799.4276123, 2100.45654297, 337.396514893, 523.116394043, 100.485549927, 113.69896698, 229.148727417, 244.821395874, 139.407287598, 163.254898071, 102.828849792, 97.3649978638, 361.425994873, 365.961791992, 245.728515625, 171.832931519, 230.209228516, 111.042205811, 41.6553688049, 19.9756298065, 36.7634315491, 32.769077301, 2.35060429573, 0.113923333585, 0.00292592635378], "mean": [1.71049404144, 16.887014389, 19.4886741638, 37.6070480347, 17.9060554504, 10.8272161484, 27.3378696442, 14.7699098587, 7.12687587738, 6.62725687027, 13.0679531097, 41.0904006958, 79.2661056519, 45.6715621948, 13.5839471817, 12.3171205521, 23.2956314087, 23.5089912415, 18.4090251923, 4.43628501892, 3.46893906593, 3.83936047554, 4.37614536285, 4.85117149353, 3.44220399857, 2.97437286377, 2.5016207695, 4.79463195801, 3.50022721291, 2.46227955818, 1.77505469322, 2.0816385746, 1.18030011654, 0.46447044611, 0.450246840715, 0.579940378666, 0.447902619839, 0.023884832859, 0.00133871170692, 0.000169304432347], "median": [1.16318595409, 16.3470726013, 15.607375145, 32.680431366, 13.1867313385, 7.11208486557, 19.5264167786, 8.3296918869, 3.88705849648, 2.01752471924, 5.69309616089, 27.2064247131, 50.5415763855, 26.2411289215, 4.11305475235, 3.10202169418, 7.2731051445, 15.5669260025, 8.2804889679, 2.52592206001, 1.04194653034, 0.889968574047, 0.859889149666, 0.985345125198, 0.587930381298, 0.64128100872, 0.361239314079, 0.508690357208, 0.245052143931, 0.190126553178, 0.16105170548, 0.115624003112, 0.0655324459076, 0.042096182704, 0.0441676825285, 0.0376451537013, 0.0256596170366, 0.00375755364075, 0.000290571246296, 0.00012595707085], "min": [2.83891243846e-10, 2.38661801433e-09, 3.66013264141e-09, 6.82659573314e-09, 9.03603947222e-09, 2.09861834577e-08, 3.15777157311e-07, 8.30531348583e-07, 4.0928762246e-07, 2.72714601124e-07, 4.36393236214e-07, 3.39186698284e-07, 2.05433389056e-06, 2.53342614087e-06, 5.06343440065e-07, 6.42597001388e-07, 8.5028450485e-06, 5.4747329159e-06, 4.09311405747e-06, 2.72882857644e-06, 9.7047188774e-07, 2.99869384435e-06, 7.18633998531e-07, 2.77658159575e-06, 1.15512568755e-06, 8.70542976372e-07, 3.69930398847e-06, 5.71484952161e-06, 4.98491181133e-06, 5.24374627275e-06, 5.51209404875e-06, 3.59961222784e-06, 2.72159036285e-06, 3.10024461214e-06, 1.60933916504e-06, 9.71908661995e-07, 3.86003875974e-07, 1.32822236765e-07, 3.53927624985e-08, 2.74299649661e-09], "var": [3.51046657562, 164.501800537, 440.778320312, 849.996032715, 371.052459717, 141.519683838, 737.29486084, 359.724395752, 88.9797210693, 484.48614502, 767.502807617, 1980.9630127, 7308.77441406, 3631.25561523, 1605.17126465, 4066.44042969, 5531.32910156, 919.021362305, 810.974243164, 50.3445968628, 80.7107086182, 138.806121826, 218.450622559, 199.15625, 117.632072449, 61.1207580566, 48.3997650146, 223.670059204, 134.680587769, 83.4211120605, 43.434803009, 56.8849449158, 29.2670135498, 4.27532958984, 1.935780406, 4.32222366333, 2.99277710915, 0.00798877235502, 1.94687072508e-05, 2.83615761987e-08]}, "gfcc": {"mean": [-10.1123552322, 140.078720093, -61.6411018372, 17.9363212585, -25.9846439362, 25.1165046692, -13.5861721039, 4.86181735992, -22.7702503204, 0.564090967178, -22.8749408722, -3.54016900063, -8.06274795532], "cov": [[3744.80883789, -2668.17431641, 185.107162476, 531.74786377, -811.208129883, 329.894042969, -341.18371582, 317.062561035, -213.885238647, 424.051116943, -306.529815674, 395.235870361, -390.478729248], [-2668.17431641, 2387.33691406, -260.006134033, -432.982971191, 759.660339355, -320.178314209, 329.614654541, -224.778121948, 206.96987915, -352.727325439, 286.040313721, -349.747680664, 261.983856201], [185.107162476, -260.006134033, 464.640045166, 50.2053833008, -77.8552780151, 242.653366089, 20.8825244904, 21.0554618835, 17.6072120667, 39.3039283752, -82.5147781372, 73.2646408081, -34.2863464355], [531.74786377, -432.982971191, 50.2053833008, 272.101104736, -95.4266662598, 79.4107894897, 16.1445560455, 48.9802322388, -35.5016479492, 44.065158844, -26.9223003387, 56.2420005798, -12.748705864], [-811.208129883, 759.660339355, -77.8552780151, -95.4266662598, 426.563934326, -75.8639373779, 145.012191772, -24.4862651825, 63.5757369995, -112.603919983, 111.113937378, -94.0578536987, 103.784080505], [329.894042969, -320.178314209, 242.653366089, 79.4107894897, -75.8639373779, 261.110321045, 17.9459095001, 25.5195236206, -6.75533771515, 35.9506645203, -58.572227478, 55.5519561768, -21.2565364838], [-341.18371582, 329.614654541, 20.8825244904, 16.1445560455, 145.012191772, 17.9459095001, 179.008255005, -20.9150543213, 28.3593673706, -40.3880348206, 48.7184524536, -49.9813499451, 32.7769508362], [317.062561035, -224.778121948, 21.0554618835, 48.9802322388, -24.4862651825, 25.5195236206, -20.9150543213, 108.050628662, 6.00176000595, 44.3785362244, -22.336643219, 25.4678897858, -53.4618682861], [-213.885238647, 206.96987915, 17.6072120667, -35.5016479492, 63.5757369995, -6.75533771515, 28.3593673706, 6.00176000595, 98.2917327881, -16.4453392029, 2.19374608994, -35.3186187744, 1.99462163448], [424.051116943, -352.727325439, 39.3039283752, 44.065158844, -112.603919983, 35.9506645203, -40.3880348206, 44.3785362244, -16.4453392029, 106.805664062, -38.4393920898, 48.6660079956, -66.578742981], [-306.529815674, 286.040313721, -82.5147781372, -26.9223003387, 111.113937378, -58.572227478, 48.7184524536, -22.336643219, 2.19374608994, -38.4393920898, 102.01587677, -41.4387741089, 26.4104366302], [395.235870361, -349.747680664, 73.2646408081, 56.2420005798, -94.0578536987, 55.5519561768, -49.9813499451, 25.4678897858, -35.3186187744, 48.6660079956, -41.4387741089, 93.4200286865, -24.3723831177], [-390.478729248, 261.983856201, -34.2863464355, -12.748705864, 103.784080505, -21.2565364838, 32.7769508362, -53.4618682861, 1.99462163448, -66.578742981, 26.4104366302, -24.3723831177, 147.332443237]], "icov": [[0.00181144778617, 0.00102949666325, 0.00101416930556, -0.00101334264036, -6.29713849776e-06, -0.000738193863072, 0.000193183048395, -0.000896298734006, 0.000346252869349, -0.000673621718306, 0.000910275441129, -0.00184060947504, 0.00187158840708], [0.00102949666325, 0.00722172018141, -0.000949656008743, 0.00391630129889, -0.00344396359287, 0.00299742911011, -0.0037147954572, 0.00356770167127, -0.00483805499971, 0.00552050815895, -0.00397297879681, 0.00620401650667, -0.000717000744771], [0.00101416930556, -0.000949656008743, 0.00578795233741, -0.000991503242403, 0.000720064621419, -0.00505617260933, -5.55242586415e-05, -0.000806917785667, -0.000182836869499, -0.00126877450384, 0.00309932278469, -0.00534955831245, 0.00210911710747], [-0.00101334264036, 0.00391630129889, -0.000991503242403, 0.00925332866609, -0.000558888132218, 0.00172377377748, -0.00534087792039, 0.000386705884011, -0.00278357625939, 0.00426926091313, -0.00405814498663, 0.00352944643237, -0.00383048085496], [-6.29713849776e-06, -0.00344396359287, 0.000720064621419, -0.000558888132218, 0.00808667577803, -0.00124834512826, -0.00141746993177, -0.00530344899744, 0.000871551106684, -0.000451780855656, -0.00126199249644, -0.00401766737923, -0.00191346998326], [-0.000738193863072, 0.00299742911011, -0.00505617260933, 0.00172377377748, -0.00124834512826, 0.0105008427054, -0.0034256069921, 0.00169310928322, -0.00198731990531, 0.00317979045212, -0.00149936950766, 0.00383644038811, -0.00217581843026], [0.000193183048395, -0.0037147954572, -5.55242586415e-05, -0.00534087792039, -0.00141746993177, -0.0034256069921, 0.0128123480827, -6.49903013255e-05, 0.00258888467215, -0.00431354762986, 0.000811664329376, 0.000168793427292, 0.00217094365507], [-0.000896298734006, 0.00356770167127, -0.000806917785667, 0.000386705884011, -0.00530344899744, 0.00169310928322, -6.49903013255e-05, 0.0179075486958, -0.00511776143685, 0.000390066939872, -0.00126101938076, 0.00432013953105, 0.00280506233685], [0.000346252869349, -0.00483805499971, -0.000182836869499, -0.00278357625939, 0.000871551106684, -0.00198731990531, 0.00258888467215, -0.00511776143685, 0.0179437845945, -0.00488541647792, 0.00639455439523, -0.000158699724125, 0.00228039734066], [-0.000673621718306, 0.00552050815895, -0.00126877450384, 0.00426926091313, -0.000451780855656, 0.00317979045212, -0.00431354762986, 0.000390066939872, -0.00488541647792, 0.0242400523275, -0.00360107328743, 0.0017105472507, 0.00229913578369], [0.000910275441129, -0.00397297879681, 0.00309932278469, -0.00405814498663, -0.00126199249644, -0.00149936950766, 0.000811664329376, -0.00126101938076, 0.00639455439523, -0.00360107328743, 0.0209728274494, -0.00372802978382, 0.00379168847576], [-0.00184060947504, 0.00620401650667, -0.00534955831245, 0.00352944643237, -0.00401766737923, 0.00383644038811, 0.000168793427292, 0.00432013953105, -0.000158699724125, 0.0017105472507, -0.00372802978382, 0.0324324592948, -0.00512734754011], [0.00187158840708, -0.000717000744771, 0.00210911710747, -0.00383048085496, -0.00191346998326, -0.00217581843026, 0.00217094365507, 0.00280506233685, 0.00228039734066, 0.00229913578369, 0.00379168847576, -0.00512734754011, 0.0142310941592]]}, "melbands": {"dmean": [0.00838267989457, 0.00667351856828, 0.00205931952223, 0.000366955908248, 0.000211651989957, 0.000107379739347, 4.25772122981e-05, 2.96626112686e-05, 4.00080425607e-05, 6.42628292553e-05, 0.000103089150798, 6.87682477292e-05, 3.59311961802e-05, 1.66850768437e-05, 2.23078441195e-05, 1.91550170712e-05, 1.82356561709e-05, 1.18868920254e-05, 5.04060426465e-06, 2.89376180262e-06, 3.44721252077e-06, 3.40707538271e-06, 4.21071490564e-06, 3.66743279301e-06, 2.96194684779e-06, 2.30826481129e-06, 1.49317804699e-06, 1.33903313326e-06, 9.89954742181e-07, 1.50520520492e-06, 4.10249276683e-06, 3.29974000124e-06, 1.27138298467e-06, 1.92305037672e-06, 1.28177646275e-06, 8.05777006008e-07, 2.25311850954e-06, 1.20780498492e-06, 6.93452591349e-07, 3.86674742003e-07], "dmean2": [0.0149057842791, 0.0116425910965, 0.00366252893582, 0.000646400090773, 0.00034238412627, 0.000167874721228, 6.51078225928e-05, 4.32659726357e-05, 5.76781167183e-05, 9.79322139756e-05, 0.000158166556503, 0.000108719199488, 4.96773391205e-05, 2.50236680586e-05, 3.16635705531e-05, 2.76101854979e-05, 2.80263229797e-05, 1.83924003068e-05, 7.48843103793e-06, 4.6101404223e-06, 5.99648637944e-06, 5.81549056733e-06, 7.38992685001e-06, 6.21666004008e-06, 4.50726429335e-06, 3.22979076373e-06, 2.41923885369e-06, 2.03093986784e-06, 1.39123915233e-06, 2.30654063671e-06, 6.77358957546e-06, 5.56429858989e-06, 2.21250002141e-06, 3.293815098e-06, 2.09957465813e-06, 1.36650169225e-06, 3.95053939428e-06, 2.12591817217e-06, 1.24271639379e-06, 6.38347046333e-07], "dvar": [0.00018674331659, 0.000181875671842, 2.67160958174e-05, 1.16708520181e-06, 1.80761020374e-07, 4.3704027064e-08, 6.74525724165e-09, 9.58872625745e-09, 1.44108804889e-08, 1.88940720847e-08, 4.28600017699e-08, 3.18301793811e-08, 2.0100399567e-08, 1.47348737656e-08, 1.60486841594e-08, 7.92456411602e-09, 1.69862279797e-09, 1.35466726725e-09, 1.5956419519e-10, 9.90579285265e-11, 1.26925331356e-10, 1.48699025315e-10, 3.03449376737e-10, 1.74069494929e-10, 7.94158905304e-11, 6.58535795339e-11, 2.42926095906e-11, 1.41410251564e-11, 7.37036820464e-12, 2.41787700972e-11, 1.18998269572e-10, 7.93368495899e-11, 1.64705610262e-11, 4.12235801051e-11, 1.63449583729e-11, 6.75804377737e-12, 5.05027061837e-11, 2.25151130379e-11, 1.49801716171e-11, 2.17657532622e-12], "dvar2": [0.000537485408131, 0.000474658590974, 7.66446901252e-05, 3.36033167514e-06, 4.3105708869e-07, 9.74532099463e-08, 1.50394487974e-08, 1.53544572612e-08, 2.62408956786e-08, 4.15077785476e-08, 9.34404127406e-08, 7.64062804137e-08, 3.95980279677e-08, 3.4154858497e-08, 3.69292116886e-08, 1.8603754981e-08, 4.20213064345e-09, 3.6759870703e-09, 3.95944388387e-10, 2.50402892865e-10, 3.38598288296e-10, 4.00469019057e-10, 8.47808157012e-10, 4.67419214445e-10, 1.75706879602e-10, 1.33678262904e-10, 5.8654976709e-11, 2.75687649792e-11, 1.39965599874e-11, 5.5433959506e-11, 3.06845715503e-10, 2.0653247168e-10, 4.19078209635e-11, 1.06729715343e-10, 3.83586114261e-11, 1.61330254711e-11, 1.3756874806e-10, 6.22784879223e-11, 4.25627831591e-11, 5.59865565367e-12], "max": [0.118433497846, 0.136974185705, 0.0620545297861, 0.0157312229276, 0.00661510089412, 0.00442004436627, 0.0012996091973, 0.00347089348361, 0.00479919509962, 0.00280318269506, 0.00441730301827, 0.00526720704511, 0.00378643115982, 0.00407522451133, 0.00367624219507, 0.00296019297093, 0.000638674828224, 0.00107749574818, 0.000350249552866, 0.000175431268872, 0.000138800562127, 0.000212203507544, 0.000312629941618, 0.000188804682693, 0.000113754162157, 0.000184348187759, 9.15566197364e-05, 6.15302342339e-05, 5.14131970704e-05, 0.000106855623017, 0.000247093557846, 0.000220708330744, 0.00011152598745, 0.000175388267962, 0.000110380358819, 6.37597695459e-05, 0.000199358793907, 9.48399610934e-05, 6.94740083418e-05, 2.37424519582e-05], "mean": [0.0184850748628, 0.0153985274956, 0.00576979760081, 0.000800526642706, 0.000866312999278, 0.000360622099834, 0.000103686099465, 6.94545378792e-05, 0.000133114095661, 0.000283055007458, 0.000394739035983, 0.00018688714772, 5.25999312231e-05, 2.39040673478e-05, 4.53618558822e-05, 4.3487540097e-05, 4.35858855781e-05, 2.83240533463e-05, 1.17154095278e-05, 3.86653800888e-06, 4.11945757151e-06, 3.80282858714e-06, 4.35781930719e-06, 4.20553624281e-06, 3.89940396417e-06, 2.76530545307e-06, 2.06500567401e-06, 1.92561833501e-06, 1.36675544127e-06, 1.78251161742e-06, 3.35103004545e-06, 2.48038645623e-06, 9.56588792178e-07, 1.54088115778e-06, 1.14055865197e-06, 6.7851044605e-07, 1.55613281549e-06, 8.90781961971e-07, 5.14799467055e-07, 3.38104229058e-07], "median": [0.0152274230495, 0.0143073759973, 0.0050676711835, 0.000537106534466, 0.000677732750773, 0.000226352713071, 5.1536335377e-05, 1.82060975931e-05, 6.37360935798e-05, 0.000197741828742, 0.000253629899817, 9.54948409344e-05, 7.95190771896e-06, 4.58215936305e-06, 1.08816821012e-05, 1.94088042917e-05, 2.77897579508e-05, 1.2881465409e-05, 4.82921768707e-06, 9.956742133e-07, 1.2158888012e-06, 8.34741513245e-07, 8.02330873739e-07, 7.71764007368e-07, 7.4564110264e-07, 3.60311730674e-07, 4.12487054291e-07, 3.64914455986e-07, 1.6705313044e-07, 2.21403610112e-07, 2.96985206205e-07, 1.45153208564e-07, 6.87448604708e-08, 1.13168788118e-07, 1.03999511225e-07, 6.01766672048e-08, 7.53146167654e-08, 5.37964126579e-08, 1.99245349108e-08, 3.60281937617e-08], "min": [2.78820955039e-12, 2.43600994411e-12, 1.29258290269e-12, 5.64471754928e-13, 8.85357412383e-12, 1.82551335159e-11, 5.54010223114e-12, 3.56257428072e-12, 3.03719072461e-12, 2.44542212001e-12, 1.1105612957e-11, 1.15513319396e-11, 1.76547437693e-12, 5.94833644146e-13, 7.20071571814e-12, 1.98943691382e-11, 8.67860470988e-12, 5.05255342773e-12, 6.80830608904e-12, 1.6434666128e-12, 1.07608507608e-12, 3.61609006627e-12, 1.29729159273e-12, 3.99505786525e-13, 2.6554539817e-12, 1.08797747287e-12, 3.90828347333e-13, 5.69280787874e-13, 1.56495107671e-12, 3.7025196277e-12, 3.22206996327e-12, 2.27124699256e-12, 3.60037889259e-12, 2.39596472003e-12, 3.93153391787e-12, 1.48056046589e-12, 2.60435423227e-12, 1.20948986503e-12, 3.45980774412e-12, 2.40329956457e-12], "var": [0.000238074702793, 0.000161579417181, 2.02024548344e-05, 8.65652680204e-07, 5.86349244713e-07, 1.81892986006e-07, 2.17228812716e-08, 4.31982485338e-08, 5.22962011473e-08, 9.14252069606e-08, 1.82545008443e-07, 6.98488094031e-08, 3.51376776564e-08, 2.03297592094e-08, 2.27648797591e-08, 1.10832454325e-08, 3.37252203941e-09, 2.00262406658e-09, 3.48873707701e-10, 1.048015702e-10, 1.14236661797e-10, 1.32311800405e-10, 2.28745827835e-10, 1.67813249408e-10, 1.27482246981e-10, 1.00360449118e-10, 3.67217853348e-11, 2.49305350669e-11, 1.59698261559e-11, 3.23172703875e-11, 1.03561291487e-10, 6.27511931306e-11, 1.43308099762e-11, 3.51903367557e-11, 1.77085707209e-11, 6.43265041927e-12, 3.45997432094e-11, 1.53486078014e-11, 9.74909215856e-12, 1.82218975152e-12]}, "mfcc": {"mean": [-685.033813477, 186.601119995, 30.2113075256, 24.7420425415, 14.3422403336, 25.9644374847, 14.9846944809, 12.5496292114, 7.90180015564, 14.8795089722, 2.72859025002, -9.95485591888, -21.2504768372], "cov": [[4039.35327148, -2723.95825195, 246.688919067, 58.6814918518, -377.072875977, -67.0810470581, -230.862442017, -30.9753818512, -23.8080730438, -189.786392212, 126.620002747, 271.658447266, 216.829559326], [-2723.95825195, 2286.14672852, -424.936035156, -27.8452835083, 304.694061279, -33.6477127075, 187.326629639, 6.5180773735, 0.552617192268, 146.707275391, -34.4733734131, -126.403137207, -105.034797668], [246.688919067, -424.936035156, 553.792297363, -99.8159255981, -69.1953964233, 189.283569336, -61.8889198303, 94.5718688965, 29.2436599731, -1.15447366238, 35.3785705566, -15.8415908813, -88.6941986084], [58.6814918518, -27.8452835083, -99.8159255981, 179.156112671, 16.6716899872, -29.4150161743, 50.556438446, 2.00797319412, 18.5730075836, -4.17185592651, -4.42139339447, 18.7750988007, 33.6178703308], [-377.072875977, 304.694061279, -69.1953964233, 16.6716899872, 175.761077881, 9.62240791321, 55.4154396057, 43.3693771362, 21.0414924622, 32.6296615601, -24.966178894, -24.8755435944, -4.48962259293], [-67.0810470581, -33.6477127075, 189.283569336, -29.4150161743, 9.62240791321, 189.410110474, 42.9013595581, 70.7957992554, 28.3110122681, 23.3457145691, 2.68801593781, -24.2172050476, -57.8408889771], [-230.862442017, 187.326629639, -61.8889198303, 50.556438446, 55.4154396057, 42.9013595581, 159.397171021, 34.9204483032, -2.28912091255, 14.0355930328, -21.5973987579, 9.71124267578, 18.0449752808], [-30.9753818512, 6.5180773735, 94.5718688965, 2.00797319412, 43.3693771362, 70.7957992554, 34.9204483032, 105.813835144, 28.0917778015, 16.0837154388, 14.9097309113, 0.662755668163, -38.8925170898], [-23.8080730438, 0.552617192268, 29.2436599731, 18.5730075836, 21.0414924622, 28.3110122681, -2.28912091255, 28.0917778015, 86.576965332, 23.5586662292, 5.9605255127, -27.3078422546, 3.8246307373], [-189.786392212, 146.707275391, -1.15447366238, -4.17185592651, 32.6296615601, 23.3457145691, 14.0355930328, 16.0837154388, 23.5586662292, 84.6369171143, 11.9188699722, -15.9091854095, -44.5990486145], [126.620002747, -34.4733734131, 35.3785705566, -4.42139339447, -24.966178894, 2.68801593781, -21.5973987579, 14.9097309113, 5.9605255127, 11.9188699722, 163.294006348, 93.1892318726, -21.3207187653], [271.658447266, -126.403137207, -15.8415908813, 18.7750988007, -24.8755435944, -24.2172050476, 9.71124267578, 0.662755668163, -27.3078422546, -15.9091854095, 93.1892318726, 158.525466919, 32.6366081238], [216.829559326, -105.034797668, -88.6941986084, 33.6178703308, -4.48962259293, -57.8408889771, 18.0449752808, -38.8925170898, 3.8246307373, -44.5990486145, -21.3207187653, 32.6366081238, 168.195892334]], "icov": [[0.00190280331299, 0.00233320728876, 0.00128647417296, 0.000398556992877, 0.000420219730586, -0.000182249641512, 0.000641082238872, -0.00124904920813, 0.000298787024803, -0.000285530491965, -0.00066789862467, -0.00072816532338, -0.000832161225844], [0.00233320728876, 0.00370739493519, 0.0021566520445, 0.0010572936153, -0.000485913798911, -0.000150909065269, -4.77961657452e-05, -0.00116809515748, 0.000527440337464, -0.000891004805453, -0.00138317642268, -0.00012679611973, -0.000495550630149], [0.00128647417296, 0.0021566520445, 0.00542950117961, 0.00164467748255, 0.00117418495938, -0.00369442836381, 0.00212086620741, -0.00333579443395, 0.000206458484172, 0.000159201066708, -0.000831656798255, -7.88417892181e-05, -6.79030781612e-05], [0.000398556992877, 0.0010572936153, 0.00164467748255, 0.00780776003376, 2.37142066908e-05, 0.00110949529335, -0.00275642378256, -0.00063147326, -0.00274899764918, 0.00053656345699, -3.79283555958e-05, -0.000719845120329, 0.00032471792656], [0.000420219730586, -0.000485913798911, 0.00117418495938, 2.37142066908e-05, 0.00977152585983, 0.000276650651358, -0.000209676174563, -0.0052392911166, -0.000683108053636, -0.0017339407932, 0.00135746912565, -0.000205543459742, -0.00129604944959], [-0.000182249641512, -0.000150909065269, -0.00369442836381, 0.00110949529335, 0.000276650651358, 0.0119917029515, -0.0050283819437, -0.0018926190678, -0.00216458807699, -0.000574898731429, 9.09860245883e-05, 0.00100387854036, 0.00191734638065], [0.000641082238872, -4.77961657452e-05, 0.00212086620741, -0.00275642378256, -0.000209676174563, -0.0050283819437, 0.0122038628906, -0.00418679788709, 0.00313016725704, -0.00147822219878, 0.00188029406127, -0.00222803442739, -0.00299167539924], [-0.00124904920813, -0.00116809515748, -0.00333579443395, -0.00063147326, -0.0052392911166, -0.0018926190678, -0.00418679788709, 0.0195226892829, -0.00474369432777, 0.00206338264979, -0.000386848143535, -0.00124741881154, 0.00426870537922], [0.000298787024803, 0.000527440337464, 0.000206458484172, -0.00274899764918, -0.000683108053636, -0.00216458807699, 0.00313016725704, -0.00474369432777, 0.0181717127562, -0.00529581960291, -0.00334063591436, 0.00520477164537, -0.00484366901219], [-0.000285530491965, -0.000891004805453, 0.000159201066708, 0.00053656345699, -0.0017339407932, -0.000574898731429, -0.00147822219878, 0.00206338264979, -0.00529581960291, 0.0175874922425, -0.00103599624708, -8.32725199871e-05, 0.00484889233485], [-0.00066789862467, -0.00138317642268, -0.000831656798255, -3.79283555958e-05, 0.00135746912565, 9.09860245883e-05, 0.00188029406127, -0.000386848143535, -0.00334063591436, -0.00103599624708, 0.0122360717505, -0.0082694562152, 0.00229954137467], [-0.00072816532338, -0.00012679611973, -7.88417892181e-05, -0.000719845120329, -0.000205543459742, 0.00100387854036, -0.00222803442739, -0.00124741881154, 0.00520477164537, -8.32725199871e-05, -0.0082694562152, 0.0140944458544, -0.00267139263451], [-0.000832161225844, -0.000495550630149, -6.79030781612e-05, 0.00032471792656, -0.00129604944959, 0.00191734638065, -0.00299167539924, 0.00426870537922, -0.00484366901219, 0.00484889233485, 0.00229954137467, -0.00267139263451, 0.0107465768233]]}, "spectral_contrast_coeffs": {"dmean": [0.0376104339957, 0.0444510132074, 0.0370438843966, 0.0338727459311, 0.0271210949868, 0.0225211363286], "dmean2": [0.0604234114289, 0.0720041319728, 0.0597887486219, 0.05176583305, 0.0424656532705, 0.0344260260463], "dvar": [0.00151232082862, 0.00245874351822, 0.0014172361698, 0.000894798140507, 0.000614209042396, 0.00043147339602], "dvar2": [0.00365877849981, 0.00591406179592, 0.00351869268343, 0.00200378266163, 0.00146556156687, 0.000760450202506], "max": [-0.328579455614, -0.307905852795, -0.450508147478, -0.50495827198, -0.593992173672, -0.523267328739], "mean": [-0.604551374912, -0.633981227875, -0.632707595825, -0.693612396717, -0.778325915337, -0.77423542738], "median": [-0.596436560154, -0.629144847393, -0.627766251564, -0.690769910812, -0.783989965916, -0.779078960419], "min": [-0.905255913734, -0.912885785103, -0.914111971855, -0.941956281662, -0.963813066483, -0.874565720558], "var": [0.00457758363336, 0.00521817523986, 0.00486949365586, 0.00400959467515, 0.00230141496286, 0.00126696750522]}, "spectral_contrast_valleys": {"dmean": [0.30708271265, 0.450968921185, 0.404245883226, 0.454584956169, 0.521688878536, 0.737926483154], "dmean2": [0.481898754835, 0.718900978565, 0.62813526392, 0.681772112846, 0.757624030113, 0.94998139143], "dvar": [0.146396458149, 0.277511328459, 0.185777470469, 0.206763595343, 0.315512359142, 0.718297958374], "dvar2": [0.279945194721, 0.63710975647, 0.399353027344, 0.440676659346, 0.670600950718, 1.46229314804], "max": [-4.68438768387, -5.2859416008, -5.4201