{"lowlevel": {"average_loudness": 0.831005930901, "barkbands_crest": {"dmean": 2.18114233017, "dmean2": 3.48689174652, "dvar": 5.88982820511, "dvar2": 13.6721830368, "max": 26.3843040466, "mean": 15.676656723, "median": 15.3577327728, "min": 4.217253685, "var": 23.2732028961}, "barkbands_flatness_db": {"dmean": 0.0326129794121, "dmean2": 0.0478739961982, "dvar": 0.00118138908874, "dvar2": 0.00239295978099, "max": 0.558490455151, "mean": 0.257948994637, "median": 0.250951290131, "min": 0.0438149124384, "var": 0.00781215075403}, "barkbands_kurtosis": {"dmean": 16.9632015228, "dmean2": 27.3792896271, "dvar": 748.655761719, "dvar2": 1864.23254395, "max": 341.021636963, "mean": 38.2077560425, "median": 26.7435092926, "min": -1.66440916061, "var": 1556.81994629}, "barkbands_skewness": {"dmean": 1.07564949989, "dmean2": 1.68208086491, "dvar": 1.6525850296, "dvar2": 3.76634573936, "max": 15.7530221939, "mean": 4.43923091888, "median": 4.13013362885, "min": -5.88338899612, "var": 4.72715759277}, "barkbands_spread": {"dmean": 2.77833104134, "dmean2": 4.40073633194, "dvar": 39.4123420715, "dvar2": 94.7779464722, "max": 88.2464294434, "mean": 5.87374782562, "median": 3.78888273239, "min": 0.238619267941, "var": 52.7045974731}, "dissonance": {"dmean": 0.0235421750695, "dmean2": 0.0388766117394, "dvar": 0.000507729419041, "dvar2": 0.00126068422105, "max": 0.5, "mean": 0.430202931166, "median": 0.437970846891, "min": 0.128288760781, "var": 0.0017842927482}, "dynamic_complexity": 4.40166330338, "erbbands_crest": {"dmean": 2.42309808731, "dmean2": 3.81684851646, "dvar": 6.73846769333, "dvar2": 15.068157196, "max": 31.5311031342, "mean": 12.322218895, "median": 11.1369838715, "min": 3.0127453804, "var": 29.3469772339}, "erbbands_flatness_db": {"dmean": 0.0246865991503, "dmean2": 0.0336390025914, "dvar": 0.000723561737686, "dvar2": 0.00128128367942, "max": 0.518181622028, "mean": 0.179591313004, "median": 0.163282454014, "min": 0.0383035205305, "var": 0.00552035542205}, "erbbands_kurtosis": {"dmean": 2.00853538513, "dmean2": 3.18748307228, "dvar": 14.0169944763, "dvar2": 32.375328064, "max": 110.48878479, "mean": 4.51402282715, "median": 1.29924368858, "min": -1.60185968876, "var": 134.411758423}, "erbbands_skewness": {"dmean": 0.400409936905, "dmean2": 0.624408125877, "dvar": 0.23304708302, "dvar2": 0.53371399641, "max": 7.30698347092, "mean": 1.46758127213, "median": 1.24414730072, "min": -1.79792487621, "var": 1.20852899551}, "erbbands_spread": {"dmean": 8.23993015289, "dmean2": 12.5582771301, "dvar": 121.710792542, "dvar2": 282.269866943, "max": 139.670623779, "mean": 34.9828224182, "median": 33.5166893005, "min": 1.12612235546, "var": 371.145690918}, "hfc": {"dmean": 4.00964546204, "dmean2": 5.96719121933, "dvar": 60.4290885925, "dvar2": 119.059669495, "max": 252.666534424, "mean": 12.0600557327, "median": 9.36563682556, "min": 1.14006359831e-16, "var": 177.456695557}, "melbands_crest": {"dmean": 2.49521017075, "dmean2": 3.98640227318, "dvar": 7.25080347061, "dvar2": 17.710811615, "max": 33.3166236877, "mean": 20.1534385681, "median": 20.2739105225, "min": 2.26251339912, "var": 25.0296707153}, "melbands_flatness_db": {"dmean": 0.0354133471847, "dmean2": 0.052541397512, "dvar": 0.00161993643269, "dvar2": 0.00327587150969, "max": 0.728607535362, "mean": 0.365742862225, "median": 0.359748184681, "min": 0.005010235589, "var": 0.0108514353633}, "melbands_kurtosis": {"dmean": 24.8196296692, "dmean2": 39.1032676697, "dvar": 1218.82617188, "dvar2": 2830.95361328, "max": 487.84765625, "mean": 57.6604576111, "median": 42.0887413025, "min": -1.27440190315, "var": 2708.2878418}, "melbands_skewness": {"dmean": 1.09218561649, "dmean2": 1.68140912056, "dvar": 1.35997867584, "dvar2": 3.06207919121, "max": 15.1973104477, "mean": 4.95631599426, "median": 4.71708583832, "min": -0.6839671731, "var": 5.55513381958}, "melbands_spread": {"dmean": 1.79886424541, "dmean2": 2.78768253326, "dvar": 19.8233470917, "dvar2": 41.908618927, "max": 147.610855103, "mean": 4.54885292053, "median": 2.7752122879, "min": 0.284210920334, "var": 37.3686485291}, "pitch_salience": {"dmean": 0.0750599056482, "dmean2": 0.120732307434, "dvar": 0.00572953559458, "dvar2": 0.0140349306166, "max": 0.945234954357, "mean": 0.384012013674, "median": 0.375993847847, "min": 0.0816973298788, "var": 0.0193531811237}, "silence_rate_20dB": {"dmean": 0.00693641602993, "dmean2": 0.0138760404661, "dvar": 0.00688805384561, "dvar2": 0.0196954254061, "max": 1, "mean": 0.99607026577, "median": 1, "min": 0, "var": 0.00391418347135}, "silence_rate_30dB": {"dmean": 0.105433523655, "dmean2": 0.21091581881, "dvar": 0.0943173021078, "dvar2": 0.207601159811, "max": 1, "mean": 0.749653279781, "median": 1, "min": 0, "var": 0.187673673034}, "silence_rate_60dB": {"dmean": 0.0231213867664, "dmean2": 0.0462534688413, "dvar": 0.0225862916559, "dvar2": 0.0496617481112, "max": 1, "mean": 0.127600550652, "median": 0, "min": 0, "var": 0.111329652369}, "spectral_centroid": {"dmean": 100.360580444, "dmean2": 151.74458313, "dvar": 37903.7851562, "dvar2": 55325.0273438, "max": 10504.7548828, "mean": 442.536376953, "median": 364.106109619, "min": 104.028320312, "var": 102296.523438}, "spectral_complexity": {"dmean": 1.61202311516, "dmean2": 2.51803874969, "dvar": 3.79080605507, "dvar2": 7.07704639435, "max": 36, "mean": 9.20318984985, "median": 9, "min": 0, "var": 24.3722324371}, "spectral_decrease": {"dmean": 6.55700871377e-09, "dmean2": 1.07679687389e-08, "dvar": 1.66346259412e-16, "dvar2": 4.31004615458e-16, "max": 3.75261800715e-16, "mean": -1.71381273617e-08, "median": -1.33897204435e-08, "min": -1.7441016098e-07, "var": 3.03160000435e-16}, "spectral_energy": {"dmean": 0.0250097960234, "dmean2": 0.0410475842655, "dvar": 0.00240998598747, "dvar2": 0.00624124426395, "max": 0.664843022823, "mean": 0.0657770708203, "median": 0.0517075136304, "min": 1.06720928161e-20, "var": 0.00442871730775}, "spectral_energyband_high": {"dmean": 0.000136274058605, "dmean2": 0.000193486324861, "dvar": 2.50605836527e-07, "dvar2": 4.62850209715e-07, "max": 0.0192710123956, "mean": 0.000207996039535, "median": 5.86073801969e-05, "min": 7.89476120802e-21, "var": 4.69208117693e-07}, "spectral_energyband_low": {"dmean": 0.0230590738356, "dmean2": 0.0381435863674, "dvar": 0.00235916511156, "dvar2": 0.00608466006815, "max": 0.654294967651, "mean": 0.0523760952055, "median": 0.0376650393009, "min": 1.17510967118e-22, "var": 0.00372635526583}, "spectral_energyband_middle_high": {"dmean": 0.000359538855264, "dmean2": 0.000501636124682, "dvar": 1.08426843326e-06, "dvar2": 1.68583585491e-06, "max": 0.0233286470175, "mean": 0.0010762619786, "median": 0.000612693140283, "min": 1.47430959261e-21, "var": 3.25209293806e-06}, "spectral_energyband_middle_low": {"dmean": 0.00548286782578, "dmean2": 0.00860034208745, "dvar": 8.44660171424e-05, "dvar2": 0.000198353256565, "max": 0.18925088644, "mean": 0.0142454011366, "median": 0.0100215338171, "min": 3.37432311335e-22, "var": 0.000218686182052}, "spectral_entropy": {"dmean": 0.287575930357, "dmean2": 0.420088976622, "dvar": 0.107515111566, "dvar2": 0.215165108442, "max": 9.79817676544, "mean": 6.53524017334, "median": 6.66449308395, "min": 3.35233998299, "var": 0.62021279335}, "spectral_flux": {"dmean": 0.0435174666345, "dmean2": 0.0694427862763, "dvar": 0.00374911702238, "dvar2": 0.00924133695662, "max": 0.737725317478, "mean": 0.0828128531575, "median": 0.0596846304834, "min": 1.0330582223e-10, "var": 0.00657265074551}, "spectral_kurtosis": {"dmean": 4.57892370224, "dmean2": 7.34545898438, "dvar": 80.4237594604, "dvar2": 202.028121948, "max": 272.634338379, "mean": 15.0227880478, "median": 7.35626220703, "min": -1.18329536915, "var": 664.373657227}, "spectral_rms": {"dmean": 0.00134259671904, "dmean2": 0.00215409859084, "dvar": 4.26023962063e-06, "dvar2": 1.04303089756e-05, "max": 0.0254681631923, "mean": 0.00689343642443, "median": 0.00710255932063, "min": 3.22673181577e-12, "var": 1.66532299772e-05}, "spectral_rolloff": {"dmean": 156.016479492, "dmean2": 276.160552979, "dvar": 790702.875, "dvar2": 2041966.625, "max": 19552.1484375, "mean": 360.482177734, "median": 236.865234375, "min": 86.1328125, "var": 689632.6875}, "spectral_skewness": {"dmean": 0.401526302099, "dmean2": 0.627983212471, "dvar": 0.268158257008, "dvar2": 0.63137191534, "max": 14.3663444519, "mean": 2.76433801651, "median": 2.28908872604, "min": 0.0578361041844, "var": 2.63846492767}, "spectral_spread": {"dmean": 1055147.125, "dmean2": 1496261.25, "dvar": 1965210206210.0, "dvar2": 3767527276540.0, "max": 39590564, "mean": 4441822.5, "median": 4070710.5, "min": 396620.59375, "var": 4496512516100.0}, "spectral_strongpeak": {"dmean": 0.243303969502, "dmean2": 0.412806719542, "dvar": 0.118960015476, "dvar2": 0.302394211292, "max": 4.57078027725, "mean": 0.753567576408, "median": 0.705926060677, "min": 1.92982851921e-09, "var": 0.224348127842}, "zerocrossingrate": {"dmean": 0.00628601433709, "dmean2": 0.00819011591375, "dvar": 0.000159633869771, "dvar2": 0.00023218379647, "max": 0.49755859375, "mean": 0.0211336836219, "median": 0.01611328125, "min": 0.0029296875, "var": 0.00044799502939}, "barkbands": {"dmean": [0.000246316107223, 0.0147574236616, 0.00957915186882, 0.0020310645923, 0.0032240380533, 0.00113929691724, 0.000208368190215, 0.000429618841736, 0.000326290522935, 9.61267578532e-05, 6.97418945492e-05, 6.0322421632e-05, 4.53364700661e-05, 6.8782697781e-05, 5.09072415298e-05, 2.2394613552e-05, 4.29586471e-05, 3.49262918462e-05, 4.27868799306e-05, 2.40731915255e-05, 1.42539929584e-05, 1.25577507788e-05, 1.87637033378e-05, 2.29654378927e-05, 3.02420357912e-05, 2.85492624243e-05, 1.20718568724e-05], "dmean2": [0.000446076446678, 0.023650098592, 0.0164498444647, 0.00336811738089, 0.00521478196606, 0.00181705132127, 0.000300265179249, 0.000510239275172, 0.000492695136927, 0.000129738022224, 0.000104897029814, 9.02630999917e-05, 6.74314942444e-05, 9.82017591014e-05, 8.07420074125e-05, 3.43002029695e-05, 6.34804382571e-05, 5.33095444553e-05, 5.84273620916e-05, 3.61716520274e-05, 2.0464121917e-05, 1.81972427526e-05, 2.54174756265e-05, 3.41236154782e-05, 4.51390988019e-05, 4.51423002232e-05, 2.01996499527e-05], "dvar": [9.17700390346e-07, 0.000921197934076, 0.000551848148461, 1.59971677931e-05, 5.07243312313e-05, 8.09278844827e-06, 4.64770607778e-07, 2.41674570134e-06, 1.26060263028e-06, 2.76832054169e-07, 3.4072282773e-08, 4.9575398009e-08, 2.12258477461e-08, 1.03216535763e-07, 1.08951345723e-08, 4.95230567665e-09, 2.58460062241e-08, 2.01581151771e-08, 4.45057821707e-08, 1.46145016089e-08, 2.60767341054e-09, 3.50548878814e-09, 6.55439569286e-09, 8.88116424846e-09, 1.43959590915e-08, 1.61920912234e-08, 2.72829936421e-09], "dvar2": [2.62056414613e-06, 0.00234256871045, 0.00152336608153, 4.11279870605e-05, 0.000124188154587, 1.63393178809e-05, 8.90918443019e-07, 2.99871749121e-06, 2.59799480773e-06, 3.44964263377e-07, 7.51855822045e-08, 9.68904529941e-08, 5.03253971829e-08, 1.51697861384e-07, 2.10692139291e-08, 1.02973292115e-08, 4.52198491985e-08, 3.56444971317e-08, 5.26309307247e-08, 2.91152080223e-08, 5.06361397257e-09, 7.88470178037e-09, 1.0615716306e-08, 2.24217906464e-08, 2.58665764363e-08, 3.2121388216e-08, 5.88746207342e-09], "max": [0.0160311609507, 0.331109374762, 0.370464146137, 0.068836286664, 0.146583497524, 0.0507587231696, 0.0142565984279, 0.0381227768958, 0.0210873931646, 0.0205035582185, 0.00489639304578, 0.00731877796352, 0.00424010213464, 0.00899946503341, 0.00398016255349, 0.00159802078269, 0.0040039382875, 0.00523000396788, 0.00743802404031, 0.00319939758629, 0.00150326290168, 0.00294911605306, 0.00303227617405, 0.00297670578584, 0.00540433777496, 0.005486109294, 0.00213546841405], "mean": [0.000287020666292, 0.0323810577393, 0.0176464375108, 0.00319862435572, 0.00658368458971, 0.00266641005874, 0.0003661531955, 0.000832233112305, 0.0004582227848, 0.000194424792426, 0.000151629719767, 0.000136570859468, 0.000112612622615, 0.000146286736708, 0.00010484152881, 4.11345608882e-05, 9.17986326385e-05, 6.11879804637e-05, 8.68298302521e-05, 4.10815700889e-05, 2.80058939097e-05, 2.07668344956e-05, 3.05949470203e-05, 3.10931282002e-05, 3.79525663448e-05, 2.98086561088e-05, 1.06447087092e-05], "median": [1.97759054572e-05, 0.00846271961927, 0.00836065784097, 0.0011749441037, 0.00290989829227, 0.000922561390325, 0.000113205955131, 0.000147527898662, 6.2464052462e-05, 6.6664579208e-05, 6.3512721681e-05, 5.32278645551e-05, 4.90277889185e-05, 2.10648322536e-05, 5.10908321303e-05, 1.53461442096e-05, 2.78660299955e-05, 2.14417741518e-05, 2.08826095331e-05, 1.2386479284e-05, 9.55864379648e-06, 7.17363400327e-06, 7.57100769988e-06, 6.28219186183e-06, 6.28345878795e-06, 2.5372357868e-06, 4.57344839333e-07], "min": [1.96876710314e-23, 7.18825518511e-23, 2.64348709289e-23, 6.43752899934e-24, 8.01234598727e-23, 5.47808993957e-23, 5.96728972371e-23, 4.80778914861e-23, 2.03063383517e-23, 1.26887304728e-22, 7.72737093189e-23, 1.36101200101e-22, 1.12284769931e-22, 4.87806087804e-23, 2.02950964527e-22, 1.63131714656e-22, 1.88937323863e-22, 2.0092870382e-22, 1.26120052301e-22, 3.0695224057e-22, 3.83902075156e-22, 6.67654055343e-22, 6.77815694518e-22, 1.00762028888e-21, 1.38568716623e-21, 1.63959405188e-21, 2.09667141996e-21], "var": [6.91584432388e-07, 0.00193403742742, 0.000626736786216, 2.6867575798e-05, 0.000105808088847, 2.67483501375e-05, 8.92601917712e-07, 8.79439721757e-06, 1.90038633718e-06, 7.76441538619e-07, 7.54622107024e-08, 1.19019944123e-07, 3.92422450091e-08, 3.03975838278e-07, 3.15371231352e-08, 9.26992527184e-09, 7.87238150224e-08, 4.14793532855e-08, 1.36815813789e-07, 2.45969093982e-08, 5.22257792568e-09, 5.44519451751e-09, 1.36367814818e-08, 9.99024596382e-09, 2.44585702802e-08, 2.44128894877e-08, 3.25551607894e-09]}, "erbbands": {"dmean": [0.205296128988, 4.03951835632, 11.8603239059, 7.939265728, 9.69753646851, 10.32563591, 7.92926216125, 10.4834070206, 3.96037697792, 6.20741033554, 7.96536827087, 9.09001255035, 3.90501856804, 1.60997581482, 3.14651823044, 2.44061517715, 2.21273899078, 2.01373052597, 3.13603854179, 3.09251785278, 1.13751769066, 1.78887486458, 2.40867757797, 2.22426342964, 1.64608383179, 1.0450553894, 0.809632122517, 0.516520798206, 0.453953415155, 0.463284820318, 0.569185137749, 0.446932256222, 0.424827724695, 0.305150091648, 0.236867919564, 0.141031250358, 0.0487666390836, 0.012478406541, 0.00202650087886, 0.000134378788061], "dmean2": [0.346280068159, 6.46071815491, 19.8108139038, 13.4839668274, 15.9622478485, 16.5853614807, 12.3239564896, 16.7763404846, 6.01075029373, 7.99392652512, 9.79903316498, 13.5171728134, 5.11478662491, 2.39068293571, 4.720703125, 3.63893532753, 3.25914645195, 2.90033841133, 4.60028553009, 5.04172325134, 1.70801973343, 2.62596607208, 3.61837935448, 3.08060026169, 2.24731707573, 1.53980898857, 1.16092932224, 0.738459169865, 0.68794053793, 0.626905500889, 0.776255309582, 0.672716259956, 0.637533545494, 0.452274441719, 0.361537009478, 0.217068657279, 0.077582962811, 0.0202994570136, 0.00340505456552, 0.000218742236029], "dvar": [0.263792544603, 67.8128128052, 731.368469238, 297.772094727, 469.797515869, 726.49621582, 337.186950684, 767.640869141, 139.595947266, 554.823608398, 946.914978027, 1037.36901855, 346.896057129, 127.338363647, 59.0906867981, 81.4210891724, 47.9376106262, 40.1252861023, 156.288238525, 53.4388046265, 15.4232692719, 34.4890518188, 81.8547363281, 103.497383118, 55.4224777222, 26.2953357697, 14.9011764526, 2.92231583595, 5.77118825912, 5.43591976166, 6.28484106064, 2.24403691292, 4.08054828644, 1.20479691029, 0.909405529499, 0.456967294216, 0.0527052842081, 0.00288495165296, 9.2316455266e-05, 2.33989823073e-07], "dvar2": [0.699885487556, 171.558029175, 1949.39221191, 804.917602539, 1196.71020508, 1698.59106445, 664.102966309, 1642.22485352, 275.382080078, 780.880004883, 1237.5949707, 2144.86791992, 368.54989624, 280.301635742, 130.484710693, 158.128341675, 107.448303223, 61.7886161804, 265.650299072, 106.384658813, 30.5027580261, 60.003528595, 151.252975464, 134.044403076, 68.3530349731, 44.9994316101, 27.5126399994, 5.90737104416, 14.1017770767, 9.79060745239, 9.7269859314, 5.03045034409, 10.5679016113, 2.26950550079, 1.76466059685, 0.915571331978, 0.111127942801, 0.00666203489527, 0.000192014165805, 5.28042960468e-07], "max": [5.15336799622, 91.6574478149, 402.921875, 288.101348877, 670.45690918, 735.425720215, 563.637451172, 607.760620117, 228.461929321, 672.00994873, 1040.81469727, 623.059326172, 828.726013184, 567.51751709, 203.957794189, 275.906829834, 174.714370728, 173.258544922, 323.864318848, 174.105194092, 106.600791931, 147.096221924, 211.095687866, 390.579803467, 372.343383789, 145.85345459, 131.158843994, 56.0368309021, 113.334739685, 129.283493042, 93.8257064819, 44.154510498, 65.9456253052, 49.9805717468, 39.7939872742, 33.6426963806, 9.89070606232, 2.12538838387, 0.440693289042, 0.0150641510263], "mean": [0.536289453506, 8.54340171814, 22.6948394775, 14.7359170914, 14.6141843796, 22.3940429688, 24.3348846436, 22.4547252655, 7.13420724869, 10.7663698196, 16.7468242645, 13.2824392319, 8.21120262146, 3.14654636383, 7.71546411514, 6.10054969788, 5.66345882416, 4.84708309174, 7.16679954529, 5.4129576683, 2.44741868973, 4.01512670517, 4.61609458923, 4.42621850967, 3.19542956352, 1.87898731232, 1.39416599274, 1.04168283939, 0.741146922112, 0.783875524998, 0.907940089703, 0.62907987833, 0.550120770931, 0.401562154293, 0.274748831987, 0.155239596963, 0.048445802182, 0.0112041011453, 0.00181833200622, 0.000172478699824], "median": [0.0749139562249, 2.82567477226, 13.3875198364, 8.45944309235, 6.66672515869, 8.04445838928, 9.14643478394, 6.99205303192, 2.51125264168, 2.75509738922, 3.14897418022, 1.94286370277, 2.70124340057, 1.34301018715, 3.63683462143, 2.67216515541, 2.70052790642, 1.60363841057, 2.00833797455, 2.36007738113, 1.0410528183, 1.56000804901, 1.58024048805, 1.18802285194, 0.896620988846, 0.597186625004, 0.449485063553, 0.362690091133, 0.253330469131, 0.229047089815, 0.21458350122, 0.139236569405, 0.101632088423, 0.0764902979136, 0.0373882427812, 0.0152749381959, 0.00329757109284, 0.00066329020774, 0.000104702470708, 8.1765363575e-05], "min": [3.42558958061e-21, 1.10451108827e-20, 3.01016000916e-20, 2.28518596235e-20, 1.61034849568e-19, 2.3097379754e-19, 3.22055637065e-19, 5.34917746406e-19, 8.95825643252e-19, 6.42331129752e-19, 1.27879310287e-18, 6.66749501435e-19, 4.04464105296e-18, 1.70223295889e-18, 4.26262299671e-18, 5.41405261911e-18, 5.18909919717e-18, 3.40170189376e-18, 7.9898806389e-18, 8.45315720303e-18, 1.04593216514e-17, 1.03556858468e-17, 1.0759373974e-17, 1.00278270207e-17, 7.33826662982e-18, 1.22526955415e-17, 1.9792946442e-17, 1.50761012002e-17, 1.9629257325e-17, 2.28378892667e-17, 2.12135249193e-17, 2.47761024821e-17, 1.33660409413e-17, 1.342463428e-17, 9.93473942332e-18, 6.66302958321e-18, 2.94983359784e-18, 1.26899649268e-18, 2.72415985668e-19, 3.19720331712e-20], "var": [0.708820104599, 135.195465088, 970.151306152, 442.380218506, 654.975524902, 1653.51062012, 1878.88781738, 2251.68286133, 264.11831665, 1326.21044922, 4177.53466797, 1568.82409668, 1099.17529297, 174.691970825, 161.087966919, 229.397689819, 91.6242752075, 121.947311401, 418.999755859, 119.967208862, 32.2528190613, 104.434135437, 171.501434326, 312.383728027, 161.017333984, 50.6667366028, 27.5654392242, 6.28529453278, 7.8568983078, 9.06083106995, 14.1292476654, 3.59025931358, 4.00751495361, 2.10165381432, 1.38532137871, 0.701782405376, 0.0706744492054, 0.00315938261338, 0.000114706344903, 2.76238523611e-07]}, "gfcc": {"mean": [-73.6653366089, 122.888465881, -67.5316696167, 27.0632019043, -38.4916114807, 6.37810564041, -37.1873893738, -1.82158899307, -25.6287918091, -4.54755687714, -11.2508249283, -4.19027519226, -11.0702362061], "cov": [[18264.5097656, -2375.87963867, -692.872253418, 2095.14233398, 415.927520752, 1640.1472168, 175.383224487, 1506.40734863, -36.0704956055, 414.729553223, -327.134521484, 213.769180298, -142.475021362], [-2375.87963867, 1640.30407715, -31.7326412201, -13.3080396652, 254.138504028, -158.339157104, 264.927764893, -194.36630249, 211.787506104, -143.498413086, 127.759338379, -125.523132324, 147.531173706], [-692.872253418, -31.7326412201, 1187.36279297, -47.0536193848, 219.932235718, 230.123901367, 198.686828613, 166.265426636, 105.43837738, 54.0218963623, -13.0082130432, 37.7395401001, -41.3987159729], [2095.14233398, -13.3080396652, -47.0536193848, 571.399475098, 198.465759277, 292.889038086, 166.621536255, 225.179244995, 106.989433289, 52.5735015869, 30.328496933, 7.27574253082, 25.2127952576], [415.927520752, 254.138504028, 219.932235718, 198.465759277, 319.195617676, 155.923309326, 150.000915527, 76.0991210938, 86.4670944214, 4.89709329605, 27.5073051453, -0.19060279429, 35.3817253113], [1640.1472168, -158.339157104, 230.123901367, 292.889038086, 155.923309326, 349.109680176, 151.052383423, 231.359710693, 54.1373214722, 56.0977592468, -16.0149650574, 28.7899589539, -5.81575345993], [175.383224487, 264.927764893, 198.686828613, 166.621536255, 150.000915527, 151.052383423, 279.512908936, 151.836898804, 154.15776062, 23.0601902008, 27.980638504, -24.2785758972, 18.0942077637], [1506.40734863, -194.36630249, 166.265426636, 225.179244995, 76.0991210938, 231.359710693, 151.836898804, 313.074462891, 118.897247314, 87.4353713989, -23.4933338165, 14.0760917664, -21.7725429535], [-36.0704956055, 211.787506104, 105.43837738, 106.989433289, 86.4670944214, 54.1373214722, 154.15776062, 118.897247314, 203.385040283, 58.4706954956, 43.6791114807, -32.8835906982, 11.7470054626], [414.729553223, -143.498413086, 54.0218963623, 52.5735015869, 4.89709329605, 56.0977592468, 23.0601902008, 87.4353713989, 58.4706954956, 109.275177002, 26.0624980927, 13.1157503128, -24.0852069855], [-327.134521484, 127.759338379, -13.0082130432, 30.328496933, 27.5073051453, -16.0149650574, 27.980638504, -23.4933338165, 43.6791114807, 26.0624980927, 98.8064651489, 24.2527217865, 22.861114502], [213.769180298, -125.523132324, 37.7395401001, 7.27574253082, -0.19060279429, 28.7899589539, -24.2785758972, 14.0760917664, -32.8835906982, 13.1157503128, 24.2527217865, 82.4550170898, 23.8463897705], [-142.475021362, 147.531173706, -41.3987159729, 25.2127952576, 35.3817253113, -5.81575345993, 18.0942077637, -21.7725429535, 11.7470054626, -24.0852069855, 22.861114502, 23.8463897705, 96.4225540161]], "icov": [[0.000277696846751, 3.98758566007e-05, 0.0003520133032, -0.000485504191602, -0.000233161874348, -0.000569743162487, 0.00042592457612, -0.000855222169776, 0.000388717016904, -0.000322308973409, 0.00066442968091, -0.000357149576303, 0.000208486395422], [3.98758566007e-05, 0.00202046101913, 0.000192807900021, 0.000330849026795, -0.00110314867925, 0.000344534346368, -0.00137366948184, 0.000937901786529, -0.00126348680351, 0.00212882109918, -0.00178104487713, 0.00231312238611, -0.00160518416669], [0.0003520133032, 0.000192807900021, 0.00200628861785, 0.000731500098482, -0.00136169209145, -0.00196514697745, -0.000106003084511, -0.000863598310389, -0.000388468790334, -0.000264455651632, 0.00120202510152, -0.00161530566402, 0.00119703845121], [-0.000485504191602, 0.000330849026795, 0.000731500098482, 0.00586093310267, -0.00148459733464, -0.00249422504567, -0.000674937095027, 0.000162429481861, -0.00152713409625, 0.00167151389178, -0.00353657850064, 0.00198671082035, -0.000933672417887], [-0.000233161874348, -0.00110314867925, -0.00136169209145, -0.00148459733464, 0.00689802318811, -0.00128028076142, -0.000743418815546, 0.00219074473716, -0.000786978576798, -0.000127865554532, 0.000220947273192, -0.00061726081185, -0.000663114304189], [-0.000569743162487, 0.000344534346368, -0.00196514697745, -0.00249422504567, -0.00128028076142, 0.0124972173944, -0.00360295339487, -0.00268062297255, 0.00376634625718, -0.000811395409983, -0.000340889411746, 0.000137498602271, -0.000880869280081], [0.00042592457612, -0.00137366948184, -0.000106003084511, -0.000674937095027, -0.000743418815546, -0.00360295339487, 0.0116679118946, -0.00451954547316, -0.0033285538666, 0.00199421541765, -0.000761247065384, 0.000782332848758, 0.000598159385845], [-0.000855222169776, 0.000937901786529, -0.000863598310389, 0.000162429481861, 0.00219074473716, -0.00268062297255, -0.00451954547316, 0.0159684885293, -0.00786061584949, -0.00205944874324, 0.00454265624285, -0.00340210041031, 0.00058388186153], [0.000388717016904, -0.00126348680351, -0.000388468790334, -0.00152713409625, -0.000786978576798, 0.00376634625718, -0.0033285538666, -0.00786061584949, 0.0177961681038, -0.00707854656503, -0.00376350129955, 0.00649211974815, -0.00254377862439], [-0.000322308973409, 0.00212882109918, -0.000264455651632, 0.00167151389178, -0.000127865554532, -0.000811395409983, 0.00199421541765, -0.00205944874324, -0.00707854656503, 0.0204636137933, -0.00863855145872, 0.000965865619946, 0.00265786866657], [0.00066442968091, -0.00178104487713, 0.00120202510152, -0.00353657850064, 0.000220947273192, -0.000340889411746, -0.000761247065384, 0.00454265624285, -0.00376350129955, -0.00863855145872, 0.023748781532, -0.0132923647761, 0.00217203097418], [-0.000357149576303, 0.00231312238611, -0.00161530566402, 0.00198671082035, -0.00061726081185, 0.000137498602271, 0.000782332848758, -0.00340210041031, 0.00649211974815, 0.000965865619946, -0.0132923647761, 0.0271597728133, -0.0100752105936], [0.000208486395422, -0.00160518416669, 0.00119703845121, -0.000933672417887, -0.000663114304189, -0.000880869280081, 0.000598159385845, 0.00058388186153, -0.00254377862439, 0.00265786866657, 0.00217203097418, -0.0100752105936, 0.0170535128564]]}, "melbands": {"dmean": [0.00297686946578, 0.00600728020072, 0.00135975365993, 0.000779263966251, 0.000305700377794, 0.000224968316616, 5.54939069843e-05, 7.50671897549e-05, 6.44451574772e-05, 5.35369799763e-05, 1.7999604097e-05, 6.28333236818e-06, 9.86489703791e-06, 7.66957055021e-06, 5.34613081982e-06, 4.54219843959e-06, 4.46504918727e-06, 6.33883701084e-06, 3.39903681379e-06, 3.00295778288e-06, 1.39723056236e-06, 1.55765155796e-06, 3.34001219926e-06, 1.5030849454e-06, 1.96006590159e-06, 1.54195424784e-06, 9.41362316098e-07, 6.89504531692e-07, 5.93247364122e-07, 3.95030497202e-07, 2.83507802123e-07, 2.82412173647e-07, 2.41394786826e-07, 2.81400787117e-07, 3.60940845212e-07, 3.08035481567e-07, 2.61075342678e-07, 3.05242110699e-07, 2.75377630032e-07, 2.65240203134e-07], "dmean2": [0.00484266271815, 0.00989973265678, 0.00229472550564, 0.00127305800561, 0.000475422857562, 0.000359059078619, 8.39257190819e-05, 9.4289520348e-05, 8.13408114482e-05, 8.07518590591e-05, 2.34210510826e-05, 9.54943061515e-06, 1.48354947669e-05, 1.14935583042e-05, 7.76991328166e-06, 6.72528858559e-06, 6.37040557194e-06, 9.21145874599e-06, 5.37230562259e-06, 4.90913362228e-06, 2.08233541343e-06, 2.31084277402e-06, 4.98405142935e-06, 2.25641497309e-06, 2.73609862234e-06, 2.11151245821e-06, 1.42452745422e-06, 1.04949992874e-06, 8.99532722087e-07, 5.81443430292e-07, 4.15723064862e-07, 4.3604700295e-07, 3.59748611345e-07, 3.84516624763e-07, 4.85080022372e-07, 4.67254324121e-07, 4.00828554348e-07, 4.72764924098e-07, 3.95397506736e-07, 3.96994181528e-07], "dvar": [4.13454654336e-05, 0.000167062797118, 7.60022794566e-06, 2.9510654258e-06, 6.04362242029e-07, 3.39199544896e-07, 2.89952719612e-08, 8.38522353774e-08, 5.5997094961e-08, 4.13329637183e-08, 8.24932033794e-09, 2.37567099326e-09, 5.4526844151e-10, 2.97504521019e-10, 7.65481622533e-10, 3.1568986314e-10, 2.47565079547e-10, 8.31231972143e-10, 7.24822354914e-11, 5.37611899443e-11, 2.61739709767e-11, 1.79013852353e-11, 1.51737220011e-10, 3.41742190102e-11, 7.88883680602e-11, 7.09329608939e-11, 1.46552544406e-11, 1.29831865744e-11, 1.13899384716e-11, 2.32716406909e-12, 9.91077120545e-13, 2.14870612622e-12, 1.17902812079e-12, 3.03876346829e-12, 2.86145434604e-12, 1.37484630885e-12, 6.43771006555e-13, 3.24711091348e-12, 9.99146295214e-13, 9.45412693444e-13], "dvar2": [0.000107991203549, 0.000430652318755, 2.043047607e-05, 7.5589618973e-06, 1.20292304473e-06, 7.12142707471e-07, 5.64338265008e-08, 1.12400869057e-07, 7.63749881116e-08, 8.71565504212e-08, 8.44888425888e-09, 5.23769427829e-09, 1.21839671685e-09, 6.38522235086e-10, 1.44878986585e-09, 7.75557562616e-10, 3.48904460878e-10, 1.35751465624e-09, 1.16151102625e-10, 1.13161785498e-10, 5.32183776214e-11, 3.2788525367e-11, 2.74246264587e-10, 5.8214821852e-11, 1.06210450157e-10, 8.23242168879e-11, 2.40145264785e-11, 2.51770427423e-11, 2.41933834078e-11, 4.7743757732e-12, 2.01141945981e-12, 5.14175551095e-12, 2.83807027358e-12, 5.47975467086e-12, 4.30537289847e-12, 2.85637832831e-12, 1.49660795909e-12, 8.87527638188e-12, 2.01750617081e-12, 1.88451923337e-12], "max": [0.0666512623429, 0.17917598784, 0.0442372635007, 0.0358918607235, 0.0211784821004, 0.0119201783091, 0.00307823880576, 0.00832435116172, 0.00796096865088, 0.00417634565383, 0.00406517740339, 0.00248677423224, 0.000569937401451, 0.000518307264429, 0.00102744530886, 0.000563063542359, 0.000452335807495, 0.000766227545682, 0.000440867239377, 0.000173775202711, 0.000126473227283, 9.10989765543e-05, 0.00029557783273, 0.000197321191081, 0.00030517502455, 0.000426047947258, 0.000125866368762, 0.000103710510302, 0.000110697706987, 4.56441775896e-05, 4.35883121099e-05, 6.67519270792e-05, 5.0772971008e-05, 0.000106836836494, 7.05392449163e-05, 3.63268409274e-05, 2.33383743762e-05, 6.4664571255e-05, 4.31015978393e-05, 4.6237528295e-05], "mean": [0.00702252145857, 0.0122926617041, 0.00260693533346, 0.00133722671308, 0.000954057031777, 0.000487661396619, 9.69995526248e-05, 0.000129741049022, 0.00013104271784, 7.50240287744e-05, 3.80229575967e-05, 1.09362408693e-05, 2.22197413677e-05, 2.00703070732e-05, 1.1963430552e-05, 1.09734774014e-05, 9.85383394436e-06, 1.38846535265e-05, 6.84495444148e-06, 4.99632324136e-06, 2.75496677205e-06, 3.40487599715e-06, 6.46235412205e-06, 2.72560237136e-06, 3.7263903323e-06, 3.06269134853e-06, 1.58425768859e-06, 1.15050670502e-06, 9.22563287986e-07, 7.27152610125e-07, 5.46346200281e-07, 4.23231483637e-07, 3.81216551659e-07, 4.56939460491e-07, 5.59829516078e-07, 4.38341658082e-07, 3.54510831357e-07, 3.76312215167e-07, 3.7360965166e-07, 3.29102306296e-07], "median": [0.00149169005454, 0.00865057483315, 0.00164359342307, 0.000613919342868, 0.000346882472513, 0.000152133681695, 3.13711389026e-05, 3.04575678456e-05, 2.17994365812e-05, 1.03080710687e-05, 1.1786534742e-05, 3.4945551306e-06, 1.03281363408e-05, 9.25305357669e-06, 5.14737166668e-06, 4.58477643406e-06, 2.26400652537e-06, 2.79644746115e-06, 3.2506345633e-06, 1.96722362489e-06, 9.55757741394e-07, 1.46367960951e-06, 1.72173577084e-06, 9.95803361548e-07, 8.88766180651e-07, 7.28964664631e-07, 4.66463575322e-07, 3.36641733156e-07, 2.68094737521e-07, 2.36557823996e-07, 1.79300428726e-07, 1.33444970629e-07, 1.11941645287e-07, 1.22527353597e-07, 1.25664882944e-07, 9.83013919154e-08, 7.37813934393e-08, 6.67741630878e-08, 6.70888269383e-08, 6.12981665427e-08], "min": [2.5401395301e-23, 1.52061648506e-23, 7.12608979034e-24, 1.62633520595e-23, 1.07857504249e-23, 1.26825838264e-23, 1.25826864257e-23, 7.36024027308e-24, 9.10081137336e-24, 3.8768620463e-24, 2.07014977118e-23, 6.75885295085e-24, 1.30470036436e-23, 1.15454258432e-23, 1.53667721977e-23, 1.17078665031e-23, 5.15346223859e-24, 1.06055446174e-23, 1.49187354911e-23, 9.37692294538e-24, 1.26292039755e-23, 9.75856990702e-24, 1.02705706112e-23, 1.04819569348e-23, 7.91733936638e-24, 4.05574256745e-24, 7.19372120232e-24, 8.29312588035e-24, 1.28367169921e-23, 9.59030666479e-24, 9.00922541112e-24, 1.07393070279e-23, 1.29290839266e-23, 1.2215399888e-23, 1.03285124447e-23, 1.75866062746e-23, 1.33333349087e-23, 8.88859911238e-24, 8.00518533906e-24, 1.34522556901e-23], "var": [9.67767555267e-05, 0.000247499439865, 1.14602471513e-05, 4.41516021965e-06, 2.76356058748e-06, 1.00938314063e-06, 5.54363630556e-08, 2.07439498467e-07, 2.38752392079e-07, 5.90437139181e-08, 2.64783253101e-08, 3.23607340924e-09, 1.34906419369e-09, 1.22267518332e-09, 1.24708976479e-09, 4.95345819918e-10, 7.76495312493e-10, 2.27593921487e-09, 2.10345851848e-10, 1.07006868644e-10, 5.49940093464e-11, 5.16427595132e-11, 4.21390727867e-10, 7.25582718908e-11, 2.32782265686e-10, 2.22830018326e-10, 2.68831172601e-11, 2.19488593967e-11, 1.77511443045e-11, 3.94881956994e-12, 2.04533048484e-12, 2.77711360852e-12, 1.81847223911e-12, 4.65893599741e-12, 6.18529142835e-12, 2.53349880137e-12, 9.80672899657e-13, 2.5451613473e-12, 1.71308551112e-12, 1.52086579008e-12]}, "mfcc": {"mean": [-728.936218262, 154.339996338, 30.6976642609, 31.982175827, 20.5306949615, 8.69255542755, 5.00863742828, 1.16463387012, -6.93293094635, -2.93679690361, -2.4526925087, -2.4235200882, -3.41517043114], "cov": [[12289.6210938, -515.095825195, -291.545623779, 480.930236816, 512.617248535, 473.973052979, 637.308166504, 771.283447266, 580.748046875, 655.051147461, 453.312194824, 233.989974976, 105.130844116], [-515.095825195, 1135.2064209, -37.9959373474, 83.31690979, 42.2263450623, 81.7833251953, 73.1884002686, 77.396446228, 102.788566589, 15.9629516602, -9.87899112701, 22.8317661285, -12.905128479], [-291.545623779, -37.9959373474, 703.364440918, 23.9827976227, 142.56111145, 95.3426818848, 137.367401123, 148.800994873, 162.873504639, 56.6920433044, 82.1323623657, 107.203918457, 54.2817802429], [480.930236816, 83.31690979, 23.9827976227, 240.74949646, 97.6457977295, 103.970237732, 81.6875076294, 98.3235168457, 82.202041626, 81.5618209839, 70.7222671509, 56.5995903015, 23.9997348785], [512.617248535, 42.2263450623, 142.56111145, 97.6457977295, 214.456115723, 117.299621582, 102.002464294, 89.8109970093, 72.1978912354, 43.3167648315, 43.1685142517, 33.485786438, 23.3674297333], [473.973052979, 81.7833251953, 95.3426818848, 103.970237732, 117.299621582, 168.508255005, 118.492156982, 95.2283935547, 74.3315658569, 49.6868858337, 40.7799377441, 41.6438026428, 28.0847892761], [637.308166504, 73.1884002686, 137.367401123, 81.6875076294, 102.002464294, 118.492156982, 176.397598267, 137.955932617, 108.052963257, 57.8001174927, 49.6028862, 54.0726394653, 33.9950714111], [771.283447266, 77.396446228, 148.800994873, 98.3235168457, 89.8109970093, 95.2283935547, 137.955932617, 214.616668701, 159.021759033, 100.934768677, 78.9308853149, 66.4419708252, 34.4351806641], [580.748046875, 102.788566589, 162.873504639, 82.202041626, 72.1978912354, 74.3315658569, 108.052963257, 159.021759033, 216.279418945, 128.697250366, 80.2604827881, 75.953666687, 31.8213977814], [655.051147461, 15.9629516602, 56.6920433044, 81.5618209839, 43.3167648315, 49.6868858337, 57.8001174927, 100.934768677, 128.697250366, 180.076049805, 106.215087891, 52.9737472534, 22.398639679], [453.312194824, -9.87899112701, 82.1323623657, 70.7222671509, 43.1685142517, 40.7799377441, 49.6028862, 78.9308853149, 80.2604827881, 106.215087891, 137.852508545, 85.1489944458, 29.7528457642], [233.989974976, 22.8317661285, 107.203918457, 56.5995903015, 33.485786438, 41.6438026428, 54.0726394653, 66.4419708252, 75.953666687, 52.9737472534, 85.1489944458, 126.710372925, 50.1014328003], [105.130844116, -12.905128479, 54.2817802429, 23.9997348785, 23.3674297333, 28.0847892761, 33.9950714111, 34.4351806641, 31.8213977814, 22.398639679, 29.7528457642, 50.1014328003, 85.6932220459]], "icov": [[0.000165649849805, 0.000147030092194, 0.000324587628711, 0.000122402590932, -0.000267399707809, -1.96088494704e-05, -0.000367074506357, -0.000370200257748, -3.91283865611e-05, -0.00028999010101, -8.91578019946e-05, -7.6065553003e-05, 0.000118512238259], [0.000147030092194, 0.00113855267409, 0.000512512226123, -6.01683241257e-05, -0.000164724391652, -0.00041340754251, -0.000373609043891, -0.000297916529234, -0.000843815389089, 0.000144837234984, 0.000275810045423, -0.000327188259689, 0.000502638809849], [0.000324587628711, 0.000512512226123, 0.00285158655606, 0.00115515338257, -0.00159888365306, -0.000101333949715, -0.00113970646635, -0.000917382945772, -0.00155592674855, 0.000447520753369, -0.000673932838254, -0.00105921528302, 0.000153188593686], [0.000122402590932, -6.01683241257e-05, 0.00115515338257, 0.00719102052972, -0.00178527249955, -0.00272683962248, 0.000440047413576, -0.00163740792777, 0.000199812289793, -0.00132488401141, -0.000905884604435, -0.00148710096255, 0.000415080954554], [-0.000267399707809, -0.000164724391652, -0.00159888365306, -0.00178527249955, 0.0091167492792, -0.00392898963764, -0.000516101717949, 0.000609582755715, -0.00016666528245, 0.00126896984875, -0.0011058151722, 0.00194489723071, -0.000445478886832], [-1.96088494704e-05, -0.00041340754251, -0.000101333949715, -0.00272683962248, -0.00392898963764, 0.0151518173516, -0.00713749974966, 0.000598381506279, 0.0011293675052, -0.00116399303079, 0.00115650845692, -0.00046162478975, -0.00076047872426], [-0.000367074506357, -0.000373609043891, -0.00113970646635, 0.000440047413576, -0.000516101717949, -0.00713749974966, 0.0179351810366, -0.00618323171511, -0.000926930224523, 0.00189888873138, 0.00075473007746, -0.000702841905877, -0.00116084469482], [-0.000370200257748, -0.000297916529234, -0.000917382945772, -0.00163740792777, 0.000609582755715, 0.000598381506279, -0.00618323171511, 0.0160111207515, -0.00684223184362, 0.00101313844789, -0.00244330009446, 0.00176761497278, -0.000803509843536], [-3.91283865611e-05, -0.000843815389089, -0.00155592674855, 0.000199812289793, -0.00016666528245, 0.0011293675052, -0.000926930224523, -0.00684223184362, 0.0162828452885, -0.00870587583631, 0.0046852491796, -0.00451046321541, 0.000882522668689], [-0.00028999010101, 0.000144837234984, 0.000447520753369, -0.00132488401141, 0.00126896984875, -0.00116399303079, 0.00189888873138, 0.00101313844789, -0.00870587583631, 0.0173680912703, -0.0114089623094, 0.00554589368403, -0.00124792184215], [-8.91578019946e-05, 0.000275810045423, -0.000673932838254, -0.000905884604435, -0.0011058151722, 0.00115650845692, 0.00075473007746, -0.00244330009446, 0.0046852491796, -0.0114089623094, 0.0226653795689, -0.0120396185666, 0.00184834527317], [-7.6065553003e-05, -0.000327188259689, -0.00105921528302, -0.00148710096255, 0.00194489723071, -0.00046162478975, -0.000702841905877, 0.00176761497278, -0.00451046321541, 0.00554589368403, -0.0120396185666, 0.0198608711362, -0.00688541540876], [0.000118512238259, 0.000502638809849, 0.000153188593686, 0.000415080954554, -0.000445478886832, -0.00076047872426, -0.00116084469482, -0.000803509843536, 0.000882522668689, -0.00124792184215, 0.00184834527317, -0.00688541540876, 0.0159230101854]]}, "spectral_contrast_coeffs": {"dmean": [0.0488672107458, 0.0451665818691, 0.0353998169303, 0.0299889072776, 0.0245608035475, 0.0221949610859], "dmean2": [0.0803222283721, 0.0717453435063, 0.054891590029, 0.0454442873597, 0.0361940227449, 0.0326061025262], "dvar": [0.00195447541773, 0.00173568003811, 0.00103578169364, 0.000816366926301, 0.000677280826494, 0.000511705467943], "dvar2": [0.00518945045769, 0.00384930381551, 0.00222664233297, 0.00160206435248, 0.00115055812057, 0.000894390512258], "max": [-0.284285545349, -0.316246151924, -0.446403801441, -0.490029454231, -0.507234215736, -0.642225384712], "mean": [-0.577143728733, -0.683751046658, -0.74840515852, -0.760613799095, -0.782150804996, -0.808499753475], "median": [-0.579927682877, -0.69478648901, -0.749721765518, -0.761459589005, -0.781263291836, -0.813613891602], "min": [-0.974187731743, -0.989990890026, -0.964971244335, -0.966052591801, -0.957588136196, -0.959745585918], "var": [0.00846434850246, 0.00671153375879, 0.00366643932648, 0.00341202015989, 0.00372216221876, 0.00229724799283]}, "spectral_contrast_valleys": {"dmean": [0.427943706512, 0.383077770472, 0.367606401443, 0.340197473764, 0.348752766848, 0.520112931728], "dmean2": [0.680330514908, 0.599050939083, 0.557145655155, 0.480960935354, 0.459551721811, 0.660788536072], "dvar": [0.193747937679, 0.166033133864, 0.160050585866, 0.156266152859, 0.17447219789, 0.330719619989], "dvar2": [0.366028487682, 0.286773622036, 0.279451072216, 0.232179641724, 0.264990746975, 0.53236579895], "max": [-4.