{"lowlevel": {"average_loudness": 0.840088307858, "barkbands_crest": {"dmean": 1.89901161194, "dmean2": 2.99678277969, "dvar": 3.22342634201, "dvar2": 9.02788162231, "max": 26.5405769348, "mean": 14.0746259689, "median": 13.4614906311, "min": 3.78480792046, "var": 21.0954818726}, "barkbands_flatness_db": {"dmean": 0.0198088288307, "dmean2": 0.0340606272221, "dvar": 0.000323572516209, "dvar2": 0.00101239630021, "max": 0.68846642971, "mean": 0.431625008583, "median": 0.432871133089, "min": 0.0533098727465, "var": 0.00663691246882}, "barkbands_kurtosis": {"dmean": 1.64727509022, "dmean2": 2.61068367958, "dvar": 14.6693553925, "dvar2": 38.5689849854, "max": 118.974632263, "mean": 2.39461421967, "median": 0.765143156052, "min": -1.86173629761, "var": 34.5462684631}, "barkbands_skewness": {"dmean": 0.384987562895, "dmean2": 0.594593346119, "dvar": 0.181917995214, "dvar2": 0.515136659145, "max": 8.46137714386, "mean": 0.501248836517, "median": 0.43117800355, "min": -4.78513383865, "var": 1.4304805994}, "barkbands_spread": {"dmean": 0.520386636257, "dmean2": 0.79736661911, "dvar": 1.00811457634, "dvar2": 2.37779378891, "max": 85.4490203857, "mean": 3.61557674408, "median": 2.85697603226, "min": 0.115957923234, "var": 26.0382881165}, "dissonance": {"dmean": 0.0521304234862, "dmean2": 0.0884344652295, "dvar": 0.00228364439681, "dvar2": 0.00602604681626, "max": 0.499999910593, "mean": 0.354212164879, "median": 0.359294623137, "min": 0.0760376676917, "var": 0.0062017920427}, "dynamic_complexity": 2.92378163338, "erbbands_crest": {"dmean": 2.39142227173, "dmean2": 3.59461688995, "dvar": 5.13090133667, "dvar2": 12.5143699646, "max": 32.944152832, "mean": 17.1514911652, "median": 16.5535392761, "min": 2.55593156815, "var": 33.9612846375}, "erbbands_flatness_db": {"dmean": 0.0129542639479, "dmean2": 0.0204509198666, "dvar": 0.000138087751111, "dvar2": 0.000355325435521, "max": 0.622882962227, "mean": 0.460930526257, "median": 0.467209994793, "min": 0.0840684100986, "var": 0.00568823888898}, "erbbands_kurtosis": {"dmean": 1.21853244305, "dmean2": 1.87738204002, "dvar": 4.18694829941, "dvar2": 9.60416507721, "max": 57.6730957031, "mean": 1.70598232746, "median": 0.533537864685, "min": -1.70872211456, "var": 15.7817840576}, "erbbands_skewness": {"dmean": 0.309646308422, "dmean2": 0.462969452143, "dvar": 0.0970547646284, "dvar2": 0.252433955669, "max": 3.97482776642, "mean": 0.116081997752, "median": 0.0631894618273, "min": -3.07951545715, "var": 0.795141100883}, "erbbands_spread": {"dmean": 0.920959770679, "dmean2": 1.35974729061, "dvar": 1.40822899342, "dvar2": 3.0944275856, "max": 103.211006165, "mean": 6.35654592514, "median": 5.35908222198, "min": 0.52503734827, "var": 40.8649101257}, "hfc": {"dmean": 2.87531757355, "dmean2": 4.07234764099, "dvar": 10.2387504578, "dvar2": 23.1916370392, "max": 64.4464950562, "mean": 16.4645671844, "median": 15.6693086624, "min": 1.0903591094e-16, "var": 100.415840149}, "melbands_crest": {"dmean": 2.18220090866, "dmean2": 3.43913555145, "dvar": 4.36070203781, "dvar2": 12.4935512543, "max": 32.6282958984, "mean": 16.4685516357, "median": 15.6705532074, "min": 1.47026920319, "var": 33.0881195068}, "melbands_flatness_db": {"dmean": 0.0182114001364, "dmean2": 0.0307820178568, "dvar": 0.000335675227689, "dvar2": 0.0010527879931, "max": 0.810898840427, "mean": 0.501920044422, "median": 0.503869771957, "min": 0.0030221263878, "var": 0.0108047304675}, "melbands_kurtosis": {"dmean": 1.34542822838, "dmean2": 2.10125589371, "dvar": 5.26824331284, "dvar2": 13.578004837, "max": 79.5399246216, "mean": 1.96516597271, "median": 0.376242876053, "min": -1.81875395775, "var": 22.982383728}, "melbands_skewness": {"dmean": 0.354723244905, "dmean2": 0.541700363159, "dvar": 0.122028112411, "dvar2": 0.334176778793, "max": 6.65532493591, "mean": 0.683742880821, "median": 0.564325869083, "min": -3.48233222961, "var": 1.11963653564}, "melbands_spread": {"dmean": 1.04369735718, "dmean2": 1.61119699478, "dvar": 5.37214946747, "dvar2": 14.2067890167, "max": 163.420074463, "mean": 8.35006141663, "median": 5.31657266617, "min": 0.368759810925, "var": 362.922943115}, "pitch_salience": {"dmean": 0.0433565787971, "dmean2": 0.0684927329421, "dvar": 0.00180045864545, "dvar2": 0.00469726184383, "max": 0.824949502945, "mean": 0.478674322367, "median": 0.482743471861, "min": 0.10273835808, "var": 0.0124809872359}, "silence_rate_20dB": {"dmean": 0, "dmean2": 0, "dvar": 0, "dvar2": 0, "max": 1, "mean": 1, "median": 1, "min": 1, "var": 0}, "silence_rate_30dB": {"dmean": 0.000214408239117, "dmean2": 0.000428862433182, "dvar": 0.000214339437662, "dvar2": 0.000428705563536, "max": 1, "mean": 0.999785602093, "median": 1, "min": 0, "var": 0.000214316445636}, "silence_rate_60dB": {"dmean": 0.00214408221655, "dmean2": 0.00428862450644, "dvar": 0.00213959394023, "dvar2": 0.00469974661246, "max": 1, "mean": 0.0703183636069, "median": 0, "min": 0, "var": 0.0653733536601}, "spectral_centroid": {"dmean": 36.5923805237, "dmean2": 56.5319366455, "dvar": 12691.4335938, "dvar2": 20652.2617188, "max": 11844.9453125, "mean": 672.464355469, "median": 561.939147949, "min": 306.852996826, "var": 713486.1875}, "spectral_complexity": {"dmean": 1.08040308952, "dmean2": 1.85225689411, "dvar": 1.08358132839, "dvar2": 2.81794977188, "max": 16, "mean": 8.60252952576, "median": 9, "min": 0, "var": 9.30314826965}, "spectral_decrease": {"dmean": 1.36325817301e-09, "dmean2": 2.10520290089e-09, "dvar": 2.75476972695e-18, "dvar2": 8.72982099378e-18, "max": 2.9174693292e-18, "mean": -7.37089544955e-09, "median": -7.21160908768e-09, "min": -2.77992082687e-08, "var": 1.75691822074e-17}, "spectral_energy": {"dmean": 0.00539690488949, "dmean2": 0.00830162037164, "dvar": 4.2539792048e-05, "dvar2": 0.000133451569127, "max": 0.110592678189, "mean": 0.0293127987534, "median": 0.0286671295762, "min": 9.92953342643e-21, "var": 0.000277726736385}, "spectral_energyband_high": {"dmean": 7.58239622201e-08, "dmean2": 1.21182708313e-07, "dvar": 3.92806989193e-14, "dvar2": 9.97191898825e-14, "max": 7.2534080573e-06, "mean": 2.54614263895e-07, "median": 1.48416930301e-07, "min": 7.00404440025e-21, "var": 1.81681953553e-13}, "spectral_energyband_low": {"dmean": 7.2994385846e-05, "dmean2": 0.000120319760754, "dvar": 2.04792911518e-08, "dvar2": 5.65040565448e-08, "max": 0.00548638077453, "mean": 0.000176104935235, "median": 3.49251458829e-05, "min": 1.37744817041e-23, "var": 1.43277134157e-07}, "spectral_energyband_middle_high": {"dmean": 0.0013094850583, "dmean2": 0.00162338011432, "dvar": 4.90523189001e-06, "dvar2": 7.4368431342e-06, "max": 0.0677382275462, "mean": 0.00556912692264, "median": 0.00268574850634, "min": 1.13319058717e-21, "var": 5.36137304152e-05}, "spectral_energyband_middle_low": {"dmean": 0.00501617183909, "dmean2": 0.00783018954098, "dvar": 4.04971251555e-05, "dvar2": 0.000131320790388, "max": 0.100926719606, "mean": 0.0241478979588, "median": 0.0227131415159, "min": 1.56887003378e-22, "var": 0.000229204699281}, "spectral_entropy": {"dmean": 0.109700918198, "dmean2": 0.177178159356, "dvar": 0.0125842941925, "dvar2": 0.0360715202987, "max": 9.82226371765, "mean": 5.35024833679, "median": 5.31082344055, "min": 3.56590366364, "var": 0.512505233288}, "spectral_flux": {"dmean": 0.0121225686744, "dmean2": 0.0194589402527, "dvar": 0.000165455436218, "dvar2": 0.000402036792366, "max": 0.228490650654, "mean": 0.0427885577083, "median": 0.0395313389599, "min": 6.46939793403e-11, "var": 0.000607462541666}, "spectral_kurtosis": {"dmean": 45.3569755554, "dmean2": 79.5853729248, "dvar": 3604.11181641, "dvar2": 10590.5585938, "max": 988.25994873, "mean": 155.393081665, "median": 140.635681152, "min": -1.29079055786, "var": 8254.40625}, "spectral_rms": {"dmean": 0.000478881207528, "dmean2": 0.000729467021301, "dvar": 2.78063822634e-07, "dvar2": 8.65308209086e-07, "max": 0.0103872660547, "mean": 0.00501559395343, "median": 0.00528847146779, "min": 3.11245083526e-12, "var": 3.44156637766e-06}, "spectral_rolloff": {"dmean": 53.7422142029, "dmean2": 94.5723800659, "dvar": 32592.2597656, "dvar2": 73347.9609375, "max": 19315.2832031, "mean": 1194.71972656, "median": 710.595703125, "min": 301.46484375, "var": 7474489}, "spectral_skewness": {"dmean": 1.78312146664, "dmean2": 3.16822528839, "dvar": 2.88028430939, "dvar2": 8.20363044739, "max": 24.8986625671, "mean": 9.11957645416, "median": 9.12160205841, "min": -0.0651429444551, "var": 10.7597293854}, "spectral_spread": {"dmean": 329755.78125, "dmean2": 587791.8125, "dvar": 346008715264, "dvar2": 724779466752, "max": 49259824, "mean": 1205832, "median": 761586, "min": 90192.4375, "var": 9552451862530.0}, "spectral_strongpeak": {"dmean": 0.497550755739, "dmean2": 0.779389739037, "dvar": 0.40892341733, "dvar2": 0.889364182949, "max": 9.32201194763, "mean": 2.24050831795, "median": 1.9464225769, "min": 0, "var": 2.13656544685}, "zerocrossingrate": {"dmean": 0.00191826268565, "dmean2": 0.00257066171616, "dvar": 1.18798461699e-05, "dvar2": 2.3261674869e-05, "max": 0.52783203125, "mean": 0.0389773957431, "median": 0.02734375, "min": 0.01318359375, "var": 0.00525079667568}, "barkbands": {"dmean": [2.73602154266e-08, 2.723990292e-06, 4.9559839681e-05, 4.25172984251e-05, 0.000211473889067, 0.00313521060161, 0.000891400733963, 0.00112571008503, 0.00150011421647, 0.00102508359123, 0.000522713642567, 0.000109615852125, 4.49383769592e-05, 1.06258903543e-05, 9.88097690424e-06, 5.19544801136e-06, 3.52156462213e-06, 1.45931392126e-06, 4.15577460444e-07, 1.28009844502e-07, 2.86841874697e-08, 9.85845272083e-09, 2.81570411431e-09, 1.66556302084e-09, 1.46349166119e-09, 1.38622890944e-09, 1.44809075842e-09], "dmean2": [4.84249298438e-08, 5.0267944971e-06, 8.12168582343e-05, 7.14440757292e-05, 0.000302857719362, 0.00550909806043, 0.00150473637041, 0.00129429949448, 0.00191533914767, 0.0012894612737, 0.000635882082861, 0.000146691178088, 6.11785362707e-05, 1.46416314237e-05, 1.48034860104e-05, 7.9317824202e-06, 5.36200195711e-06, 2.23168444791e-06, 6.34267962596e-07, 2.03117792807e-07, 4.69367016365e-08, 1.61157078793e-08, 4.80506257006e-09, 2.96946378597e-09, 2.64401012195e-09, 2.52202347895e-09, 2.6534003883e-09], "dvar": [3.61277678509e-15, 5.78750831981e-11, 1.23382850603e-08, 5.75551073467e-09, 1.87954768194e-07, 3.41232625942e-05, 2.83514509647e-06, 4.42477085016e-06, 8.82069889485e-06, 4.13028283219e-06, 1.36748076329e-06, 1.08940938048e-07, 1.69014793272e-08, 2.38368280669e-09, 5.04182362526e-10, 2.25863577841e-10, 6.00656191452e-11, 1.30752570229e-11, 8.82188256907e-13, 8.73436183948e-14, 6.94235826866e-15, 2.946755361e-16, 1.80031807137e-17, 3.84713927401e-18, 3.17202278898e-18, 2.9490291647e-18, 3.32629362758e-18], "dvar2": [1.00474277403e-14, 2.15046272456e-10, 3.54883944453e-08, 1.58899684521e-08, 4.67764039058e-07, 0.00012418658298, 8.98750386114e-06, 5.59827913094e-06, 1.38791447171e-05, 6.31133161733e-06, 1.8866156779e-06, 1.87061388601e-07, 2.86736892008e-08, 3.94951005234e-09, 1.05470854272e-09, 5.02178520989e-10, 1.28173430203e-10, 2.92756062448e-11, 2.16458361652e-12, 2.18986111254e-13, 1.78339432794e-14, 7.80140849585e-16, 5.23312075675e-17, 1.18197467274e-17, 9.87886254577e-18, 9.22562312678e-18, 1.04681427054e-17], "max": [1.00280726656e-06, 0.000200861410121, 0.00418185582384, 0.00146904413123, 0.0173558853567, 0.0907474756241, 0.0333724804223, 0.0882393494248, 0.0688559561968, 0.0663934797049, 0.039086792618, 0.0141794327646, 0.00574136851355, 0.00228166999295, 0.000639674020931, 0.000392286048736, 0.000215310035856, 9.44671555771e-05, 2.52228201134e-05, 7.23807897884e-06, 2.93296670861e-06, 5.0228101145e-07, 1.43061612334e-07, 2.33622312606e-08, 1.91563085394e-08, 1.69675242745e-08, 1.73804011183e-08], "mean": [2.59960195592e-08, 3.21527841152e-06, 0.000121872348245, 7.84137300798e-05, 0.00101590668783, 0.00911986269057, 0.00280242529698, 0.00497163552791, 0.00501864310354, 0.00383279426023, 0.00192214373965, 0.000243369140662, 0.000116392606287, 2.59250755335e-05, 1.92260376934e-05, 9.80015192908e-06, 6.7148148446e-06, 3.08426433548e-06, 9.43178577018e-07, 3.38912883535e-07, 7.36466461149e-08, 3.8882173925e-08, 8.28889401561e-09, 3.03579272831e-09, 1.76209025149e-09, 1.443205222e-09, 1.34598643342e-09], "median": [9.26311471972e-09, 1.06257482457e-06, 1.38149325721e-05, 2.55834092968e-05, 0.000221807553316, 0.00596516020596, 0.00079293519957, 0.00136184808798, 0.00149002706166, 0.00110143329948, 0.000549164891709, 8.36913386593e-05, 3.93179943785e-05, 4.53458505945e-06, 7.29277917344e-06, 2.37009044213e-06, 2.37101539824e-06, 1.21213770399e-06, 3.49343281414e-07, 1.33728349283e-07, 4.24635224761e-08, 2.68292446037e-08, 5.81812242828e-09, 2.32666774735e-09, 1.12736164848e-09, 8.20162104898e-10, 6.62153443187e-10], "min": [2.33595962836e-25, 5.29178110971e-24, 9.28347882128e-25, 6.97515101828e-25, 4.88207554896e-24, 1.58096955079e-23, 1.32939723272e-23, 9.71602506068e-24, 1.96037488528e-23, 1.40346227871e-23, 1.39505160151e-23, 3.84788331984e-23, 1.78345200136e-23, 3.18287515446e-23, 3.81763492174e-23, 5.97101630263e-23, 8.00005111675e-23, 9.80752014614e-23, 1.12326245082e-22, 1.75319880699e-22, 2.6040687232e-22, 2.93980590498e-22, 3.97748919071e-22, 5.65858434391e-22, 9.20881031248e-22, 1.33217902133e-21, 1.97075498213e-21], "var": [3.21482694218e-15, 6.71147026843e-11, 8.43448759724e-08, 1.58428967723e-08, 2.98005693367e-06, 9.98612958938e-05, 1.61994321388e-05, 8.57072591316e-05, 6.39923237031e-05, 4.23113742727e-05, 1.57461599883e-05, 3.54134556346e-07, 6.05350720662e-08, 7.10925718295e-09, 1.36287858776e-09, 5.93129156901e-10, 1.62182434149e-10, 3.26931363925e-11, 2.77043860943e-12, 3.39755648745e-13, 1.60300798921e-14, 2.25476316559e-15, 9.7398373076e-17, 8.07151343919e-18, 3.7800776738e-18, 3.03619931881e-18, 3.06772027682e-18]}, "erbbands": {"dmean": [2.41249399551e-05, 0.00145778839942, 0.0373122394085, 0.119081266224, 0.100007399917, 0.535479784012, 11.5020465851, 31.7065582275, 12.4851808548, 14.1327991486, 25.1495189667, 43.8469810486, 19.2631778717, 39.2962112427, 13.7334794998, 5.45004463196, 2.25383162498, 0.755058586597, 0.617586612701, 0.253812640905, 0.222943544388, 0.135318830609, 0.093287833035, 0.0342667028308, 0.0173711031675, 0.00561154680327, 0.00179102248512, 0.000639074249193, 0.00036962973536, 0.000223368944717, 7.87773751654e-05, 3.90237837564e-05, 2.72093948297e-05, 1.75162658707e-05, 1.1037835975e-05, 6.46783473712e-06, 3.21896823152e-06, 1.01060743418e-06, 2.59609805653e-06, 6.09037670074e-06], "dmean2": [4.24582503911e-05, 0.00260858447291, 0.0628858953714, 0.194830954075, 0.170769512653, 0.792837917805, 17.8316307068, 57.9083442688, 20.2216777802, 18.7177295685, 30.8289813995, 55.6700744629, 23.7803611755, 49.3571166992, 17.1080474854, 7.40174436569, 3.0508646965, 1.04469573498, 0.902885079384, 0.394009441137, 0.341913819313, 0.201721832156, 0.14419361949, 0.0521497540176, 0.0273130126297, 0.00895407795906, 0.00287830876186, 0.00104644114617, 0.000607157708146, 0.000371385453036, 0.000133796595037, 6.84076876496e-05, 4.78702677356e-05, 3.07231603074e-05, 1.91910439753e-05, 1.10264409159e-05, 5.38795620741e-06, 1.73077432919e-06, 3.9420988287e-06, 9.32421153266e-06], "dvar": [2.14463002912e-09, 1.18010666483e-05, 0.0071165827103, 0.045346416533, 0.0226040557027, 0.813129842281, 270.479064941, 4206.57080078, 432.079345703, 885.071716309, 2005.26818848, 7380.00244141, 1833.27868652, 6248.37158203, 804.208129883, 266.834747314, 40.6052360535, 5.92850351334, 2.20997858047, 0.333393156528, 0.276827871799, 0.107154473662, 0.0555039569736, 0.00609456095845, 0.00216867844574, 0.000175288078026, 2.58347772615e-05, 1.98236625693e-06, 4.95712811244e-07, 1.30569461021e-07, 1.01939416908e-08, 2.09059924927e-09, 9.86326909036e-10, 4.16107537315e-10, 1.62445931706e-10, 5.1764256076e-11, 1.21534622644e-11, 1.32390225085e-12, 9.41192002807e-12, 5.32950558685e-11], "dvar2": [7.37882333013e-09, 4.20242795371e-05, 0.0220027957112, 0.118830665946, 0.0626486465335, 2.01901960373, 803.556152344, 15400.3916016, 1203.01818848, 1214.81152344, 3086.76489258, 11717.1142578, 2638.11621094, 9745.48535156, 1143.74609375, 469.873443604, 69.8663635254, 10.1923418045, 4.33000421524, 0.786699712276, 0.599107980728, 0.201474040747, 0.126676812768, 0.013600195758, 0.0058136228472, 0.000463544711238, 6.31211514701e-05, 5.13843133376e-06, 1.35980508276e-06, 3.63196704711e-07, 2.90623258792e-08, 6.28242657896e-09, 3.00347147153e-09, 1.26688681767e-09, 4.90492257921e-10, 1.54356999404e-10, 3.5754864347e-11, 3.96625614296e-12, 2.84828462899e-11, 1.65116698092e-10], "max": [0.00111096084584, 0.0713901892304, 2.69863295555, 7.39590263367, 2.85491085052, 35.8755531311, 434.093292236, 1052.81494141, 669.76953125, 1702.56799316, 1189.98596191, 1966.86865234, 1650.10656738, 2710.11376953, 1340.57971191, 718.88470459, 282.046875, 106.104156494, 42.540145874, 15.6316919327, 14.3237686157, 10.8298177719, 5.90295219421, 1.97359454632, 1.60885310173, 0.321637332439, 0.15869525075, 0.0404536090791, 0.0170040559024, 0.0142655428499, 0.00236618402414, 0.000686947139911, 0.000416698720073, 0.000245380506385, 0.000174013272044, 0.00010414904682, 5.68795803702e-05, 1.52135817189e-05, 5.40453984286e-05, 0.000125489881611], "mean": [5.24724964635e-05, 0.00256018457003, 0.0841919407248, 0.272531300783, 0.208979010582, 2.47197151184, 43.9879226685, 77.4831237793, 46.1104202271, 68.414276123, 101.727165222, 148.964874268, 76.8899841309, 149.588851929, 46.5124168396, 13.6237344742, 6.19005393982, 2.17794346809, 1.237885952, 0.586339235306, 0.477017700672, 0.286331534386, 0.208001643419, 0.0806385353208, 0.0434069857001, 0.0162032116205, 0.00492249801755, 0.00211325963028, 0.00137488939799, 0.000813220452983, 0.00026228450588, 9.70288310782e-05, 6.71295638313e-05, 4.111295857e-05, 2.91436499538e-05, 2.08734672924e-05, 1.17584177133e-05, 2.91142237074e-06, 1.44242458191e-05, 3.3273918234e-05], "median": [2.59088556049e-05, 0.000698807474691, 0.012734759599, 0.0708846002817, 0.143149450421, 1.20498549938, 29.1397724152, 36.7210235596, 20.4543857574, 14.7570848465, 53.8195724487, 54.7192993164, 34.0876731873, 44.3403816223, 20.6511898041, 6.04745292664, 2.56490468979, 0.751294076443, 0.508891582489, 0.277119547129, 0.186319455504, 0.106419242918, 0.0887904316187, 0.0330083966255, 0.0177150443196, 0.00730719510466, 0.00279880431481, 0.00133395544253, 0.000923212443013, 0.000528628530446, 0.000191207276657, 7.81177732279e-05, 5.71083182876e-05, 3.5092663893e-05, 2.56324019574e-05, 1.92269562831e-05, 1.10641858555e-05, 2.61267086898e-06, 1.41338823596e-05, 3.26008848788e-05], "min": [9.83668591152e-23, 6.59683404756e-22, 2.31208007591e-21, 5.14279270236e-21, 1.28078844668e-20, 1.90909230254e-20, 1.16958478929e-19, 1.04662322801e-19, 2.20782441254e-19, 2.15368531221e-19, 2.7028260932e-19, 3.99156650822e-19, 6.5191355186e-19, 7.92194181364e-19, 7.50488200169e-19, 1.77752345523e-18, 1.36671888646e-18, 1.80262259656e-18, 2.73529375943e-18, 2.6047843043e-18, 4.53385138366e-18, 5.72313320449e-18, 6.15661679091e-18, 5.89806866915e-18, 6.1762135268e-18, 8.66049664101e-18, 1.2253009043e-17, 9.14487540975e-18, 1.01292302649e-17, 1.15858167414e-17, 1.24971877967e-17, 1.14343186122e-17, 9.99153198982e-18, 7.70014243138e-18, 7.00117315941e-18, 4.02552697696e-18, 2.45343961712e-18, 1.06147548855e-18, 2.61801733295e-19, 2.78364306077e-20], "var": [6.40111696981e-09, 2.46326198976e-05, 0.0365906916559, 0.269014418125, 0.0532904788852, 12.0235929489, 2354.02172852, 10176.8867188, 4039.69042969, 25992.1132812, 17547.9257812, 50621.7851562, 15990.2441406, 64261.8046875, 5892.04248047, 910.44720459, 143.253433228, 21.7346668243, 5.87763309479, 1.00658297539, 0.810104250908, 0.331697285175, 0.143143773079, 0.0185731630772, 0.00626268517226, 0.000714704743586, 7.13773115422e-05, 8.89353032107e-06, 2.91673723041e-06, 1.15108332466e-06, 7.03744404973e-08, 6.90934021108e-09, 2.64129496053e-09, 9.1519547496e-10, 4.10450007315e-10, 1.77950251756e-10, 5.23807004715e-11, 3.87239632721e-12, 6.71270747321e-11, 3.57845086896e-10]}, "gfcc": {"mean": [-233.209152222, 211.466415405, -139.758850098, -91.1411056519, -69.1058425903, -46.7200813293, -20.8395500183, -15.8670625687, -16.2449073792, -20.2293643951, -3.2215321064, -2.79886603355, 1.5188741684], "cov": [[20120.5742188, 5963.95263672, -2652.00976562, -1305.29711914, -239.478637695, -1205.38256836, 219.269546509, -523.662536621, -67.0443572998, -726.086547852, -35.002658844, -401.330383301, -115.453941345], [5963.95263672, 2526.49511719, -416.58782959, -682.286437988, -106.790122986, -412.888366699, -34.4370002747, -230.72505188, -43.5244674683, -280.22958374, 9.38264751434, -101.268569946, 36.9668655396], [-2652.00976562, -416.58782959, 960.976013184, 103.197433472, -42.8253707886, 134.182174683, -132.584884644, 26.2563667297, -2.42279577255, 50.8119277954, 9.53441143036, 72.0194473267, 75.4355392456], [-1305.29711914, -682.286437988, 103.197433472, 830.151855469, 239.551696777, 113.563514709, 103.706253052, 121.726211548, 96.4038772583, -28.1604576111, -129.770965576, 4.17888784409, -73.2402267456], [-239.478637695, -106.790122986, -42.8253707886, 239.551696777, 225.476577759, 90.7917251587, 48.6346206665, 42.2208366394, 48.2498474121, -18.020116806, -45.6661605835, -24.4083614349, -32.1116485596], [-1205.38256836, -412.888366699, 134.182174683, 113.563514709, 90.7917251587, 196.530715942, 32.7327690125, 51.5075340271, 28.6171073914, 48.8060340881, -17.7379550934, 2.24595522881, -23.1582183838], [219.269546509, -34.4370002747, -132.584884644, 103.706253052, 48.6346206665, 32.7327690125, 114.833877563, 53.4348487854, 15.063835144, -21.1192302704, -21.615404129, -30.2894077301, -53.1853523254], [-523.662536621, -230.72505188, 26.2563667297, 121.726211548, 42.2208366394, 51.5075340271, 53.4348487854, 111.245605469, 41.3740577698, -7.64014196396, -31.600769043, -7.63144493103, -34.6196289062], [-67.0443572998, -43.5244674683, -2.42279577255, 96.4038772583, 48.2498474121, 28.6171073914, 15.063835144, 41.3740577698, 91.6940612793, 15.2274942398, -49.8906936646, -22.9350585938, -12.54109478], [-726.086547852, -280.22958374, 50.8119277954, -28.1604576111, -18.020116806, 48.8060340881, -21.1192302704, -7.64014196396, 15.2274942398, 112.435264587, 42.0393486023, -2.16042590141, -0.727517843246], [-35.002658844, 9.38264751434, 9.53441143036, -129.770965576, -45.6661605835, -17.7379550934, -21.615404129, -31.600769043, -49.8906936646, 42.0393486023, 98.3719940186, 25.267490387, -11.1291980743], [-401.330383301, -101.268569946, 72.0194473267, 4.17888784409, -24.4083614349, 2.24595522881, -30.2894077301, -7.63144493103, -22.9350585938, -2.16042590141, 25.267490387, 69.7521057129, 39.0752372742], [-115.453941345, 36.9668655396, 75.4355392456, -73.2402267456, -32.1116485596, -23.1582183838, -53.1853523254, -34.6196289062, -12.54109478, -0.727517843246, -11.1291980743, 39.0752372742, 105.684577942]], "icov": [[0.000445532350568, -0.000773361360189, 0.000872361648362, -0.000483302486828, 0.000822311558295, -0.000157015194418, 5.93150980421e-05, 0.00043778429972, -0.000803972827271, 0.00135360634886, -0.00145210151095, 0.00159839901607, -0.000641657505184], [-0.000773361360189, 0.0041084503755, -0.00210323068313, 0.00289894058369, -0.00258249184117, 0.00297495280392, -0.00243129511364, 0.00493266060948, -0.00469259731472, 0.00632041878998, -0.00152044836432, 0.000939422112424, 0.000467010278953], [0.000872361648362, -0.00210323068313, 0.00400115689263, -0.00272744637914, 0.00392615515739, -0.00394839001819, 0.0043995026499, -0.00178182008676, -0.000896804733202, 0.00319884018973, -0.0054969266057, 0.00504150940105, -0.0036265864037], [-0.000483302486828, 0.00289894058369, -0.00272744637914, 0.00636282283813, -0.00636742962524, 0.00609107594937, -0.00535667641088, 0.00402203109115, -0.00141148734838, -0.000647027860396, 0.00873194634914, -0.00769638316706, 0.00642928807065], [0.000822311558295, -0.00258249184117, 0.00392615515739, -0.00636742962524, 0.0141721526161, -0.0100694848225, 0.00488490564749, -0.00138597295154, -0.00485723512247, 0.00870299525559, -0.0130736865103, 0.0123162977397, -0.0077564753592], [-0.000157015194418, 0.00297495280392, -0.00394839001819, 0.00609107594937, -0.0100694848225, 0.0182814598083, -0.00945161003619, 0.00451404368505, 0.000292742159218, -0.00608629966155, 0.0123136285692, -0.00987393874675, 0.00843618158251], [5.93150980421e-05, -0.00243129511364, 0.0043995026499, -0.00535667641088, 0.00488490564749, -0.00945161003619, 0.0241728369147, -0.0123362559825, 0.00550873298198, 0.000924123683944, -0.00518741179258, 0.00821053143591, -0.00132219621446], [0.00043778429972, 0.00493266060948, -0.00178182008676, 0.00402203109115, -0.00138597295154, 0.00451404368505, -0.0123362559825, 0.0292119644582, -0.0190932769328, 0.0196368098259, -0.00679353158921, 0.0039059293922, 0.00245088199154], [-0.000803972827271, -0.00469259731472, -0.000896804733202, -0.00141148734838, -0.00485723512247, 0.000292742159218, 0.00550873298198, -0.0190932769328, 0.0405888780951, -0.035982850939, 0.0326821133494, -0.0169328395277, 0.00980219244957], [0.00135360634886, 0.00632041878998, 0.00319884018973, -0.000647027860396, 0.00870299525559, -0.00608629966155, 0.000924123683944, 0.0196368098259, -0.035982850939, 0.0604687035084, -0.047291919589, 0.0365191102028, -0.0175915863365], [-0.00145210151095, -0.00152044836432, -0.0054969266057, 0.00873194634914, -0.0130736865103, 0.0123136285692, -0.00518741179258, -0.00679353158921, 0.0326821133494, -0.047291919589, 0.0663923248649, -0.0449344627559, 0.0299683343619], [0.00159839901607, 0.000939422112424, 0.00504150940105, -0.00769638316706, 0.0123162977397, -0.00987393874675, 0.00821053143591, 0.0039059293922, -0.0169328395277, 0.0365191102028, -0.0449344627559, 0.0561798289418, -0.0277860499918], [-0.000641657505184, 0.000467010278953, -0.0036265864037, 0.00642928807065, -0.0077564753592, 0.00843618158251, -0.00132219621446, 0.00245088199154, 0.00980219244957, -0.0175915863365, 0.0299683343619, -0.0277860499918, 0.029742591083]]}, "melbands": {"dmean": [4.07252798595e-07, 1.39489375215e-05, 1.92551106011e-05, 8.73426142789e-06, 0.000340325408615, 0.000656409829389, 0.000192052990315, 0.000169247359736, 0.000222152011702, 0.000254585786024, 9.12973919185e-05, 0.000164763245266, 5.01734211866e-05, 2.06827826332e-05, 7.17944976714e-06, 4.11355676988e-06, 1.2303718222e-06, 1.03380136807e-06, 4.15785621044e-07, 4.9598759233e-07, 2.38051057977e-07, 1.83746124094e-07, 1.15750253826e-07, 6.29422345355e-08, 2.85346484219e-08, 1.54919987949e-08, 7.94514232183e-09, 3.81267684091e-09, 1.24904886434e-09, 8.92671381258e-10, 3.93172827629e-10, 2.67718347491e-10, 1.76389389206e-10, 9.98635965588e-11, 5.69725898403e-11, 2.90955124577e-11, 2.27007319192e-11, 2.02048759668e-11, 1.6127800484e-11, 1.35979066548e-11], "dmean2": [7.48681031837e-07, 2.33432983805e-05, 3.16746045428e-05, 1.49868583321e-05, 0.000542247667909, 0.00118377164472, 0.000314895180054, 0.000212337035919, 0.00027300286456, 0.000325043714838, 0.000111796165584, 0.000206886659726, 6.20885184617e-05, 2.69264710369e-05, 9.85546012089e-06, 5.67350980418e-06, 1.69809845829e-06, 1.49408811012e-06, 6.35117203274e-07, 7.68355448599e-07, 3.64100401384e-07, 2.77364364365e-07, 1.73217330257e-07, 9.80182619514e-08, 4.31680504676e-08, 2.43056295091e-08, 1.24075016927e-08, 6.11761974412e-09, 1.98733363099e-09, 1.45206857649e-09, 6.53649134819e-10, 4.4224723883e-10, 2.88597201692e-10, 1.68849129123e-10, 9.66634758348e-11, 5.08719073811e-11, 4.03194352905e-11, 3.58793134092e-11, 2.89794056807e-11, 2.4537743365e-11], "dvar": [1.16227763091e-12, 9.96331905867e-10, 1.03749842051e-09, 2.21655957477e-10, 2.53440418874e-07, 1.70436442204e-06, 1.19305767043e-07, 1.2973130481e-07, 1.37467594641e-07, 2.44830232532e-07, 4.57890472205e-08, 1.11054575314e-07, 9.59000523437e-09, 2.41322828387e-09, 4.01030098018e-10, 1.05262923378e-10, 2.84863140021e-11, 7.08783596051e-12, 7.16195494837e-13, 1.97628502105e-12, 2.58134984742e-13, 2.11426294766e-13, 8.71875000582e-14, 2.38131234431e-14, 4.84955119072e-15, 2.15317299851e-15, 2.93695068994e-16, 1.107466925e-16, 1.09749041544e-17, 8.68140942125e-18, 7.94953397394e-19, 2.36340157613e-19, 1.15945570419e-19, 2.63245754769e-20, 6.55676344768e-21, 1.29394049725e-21, 7.33055193468e-22, 5.49686306207e-22, 3.61250634771e-22, 2.72252079507e-22], "dvar2": [4.28805558769e-12, 3.03306491034e-09, 2.75819456164e-09, 6.34108265896e-10, 8.07254821211e-07, 6.24109907221e-06, 3.56517602995e-07, 1.49735996047e-07, 2.10916979881e-07, 3.93439165691e-07, 6.52946781088e-08, 1.73610658294e-07, 1.3562789114e-08, 3.69879749051e-09, 7.22343740378e-10, 1.92710958302e-10, 4.7864892605e-11, 1.31406361487e-11, 1.77883044666e-12, 4.45671667973e-12, 5.66581503936e-13, 4.13272850186e-13, 1.72958042745e-13, 5.7212576148e-14, 1.06556058668e-14, 5.88336125559e-15, 7.00387033069e-16, 2.94668653957e-16, 2.23435661326e-17, 2.25420381944e-17, 2.21676297794e-18, 6.42108980059e-19, 3.15628728049e-19, 7.51932896958e-20, 1.86977925145e-20, 3.77110025676e-21, 2.22013095367e-21, 1.68590374636e-21, 1.11648602205e-21, 8.44920415615e-22], "max": [2.97622500511e-05, 0.00105438800529, 0.00104894058313, 0.000509464705829, 0.0118696996942, 0.0209335032851, 0.00935128703713, 0.0210882350802, 0.00909392163157, 0.0106757190078, 0.00810078904033, 0.0116770230234, 0.00351262837648, 0.00194674532395, 0.000673835922498, 0.000354455813067, 0.00024582145852, 7.5178933912e-05, 1.94009371626e-05, 3.31424889737e-05, 1.06145607788e-05, 1.63367385539e-05, 1.05611652543e-05, 3.49190213456e-06, 1.73893340616e-06, 1.57128135925e-06, 4.71091937015e-07, 2.57277804394e-07, 1.77256879397e-07, 1.05212023982e-07, 2.80280172404e-08, 1.3322415171e-08, 1.27717543208e-08, 5.83559822687e-09, 2.0295130021e-09, 6.53156917441e-10, 4.24246443531e-10, 3.46838724408e-10, 1.88715543192e-10, 1.75213288323e-10], "mean": [5.14519342687e-07, 3.22548075928e-05, 4.40377552877e-05, 1.83949468919e-05, 0.00126090657432, 0.00171076273546, 0.000669768545777, 0.000819649430923, 0.000871938304044, 0.000844583031721, 0.00035154260695, 0.00061141490005, 0.000177216614247, 5.29886710865e-05, 1.712429912e-05, 1.12376819743e-05, 3.11564440381e-06, 1.93124878933e-06, 9.16094393233e-07, 9.17185445815e-07, 4.75166501701e-07, 3.44346091197e-07, 2.21972086933e-07, 1.36290978503e-07, 5.71886289435e-08, 3.11192600577e-08, 2.14844337876e-08, 8.70091643179e-09, 3.09098546758e-09, 1.84615567278e-09, 1.08453834802e-09, 8.55023996049e-10, 6.00180294352e-10, 3.17435244757e-10, 1.60078367228e-10, 5.89775520088e-11, 4.03632405277e-11, 3.78436795789e-11, 2.34382669523e-11, 1.5949970511e-11], "median": [1.9748114255e-07, 4.14525948145e-06, 1.40021020343e-05, 1.11360368464e-05, 0.000849131203722, 0.000886563095264, 0.000253766280366, 0.000195690809051, 0.000492842518725, 0.000280556967482, 0.000114275942906, 0.000167405261891, 6.74099719618e-05, 1.9270060875e-05, 6.5473095674e-06, 3.86118108509e-06, 6.26501616807e-07, 6.91899117555e-07, 3.86932697438e-07, 2.19247155542e-07, 1.72797300024e-07, 1.03534134155e-07, 8.19903362981e-08, 5.4158579843e-08, 1.86651298861e-08, 1.12075149161e-08, 9.07740460576e-09, 3.12873638109e-09, 1.68923552923e-09, 9.5022412161e-10, 6.22527140948e-10, 5.28826371582e-10, 3.74772934908e-10, 1.95937710501e-10, 1.04734880491e-10, 4.16554395144e-11, 2.88784742647e-11, 2.89326219233e-11, 1.68542142048e-11, 9.87667499869e-12], "min": [1.10375031554e-24, 9.72346796332e-25, 1.45470013556e-24, 1.27139903512e-24, 3.87571504255e-24, 2.64682022743e-24, 3.06931697054e-24, 3.16448120584e-24, 1.42417703638e-24, 2.8095884618e-24, 3.34703584666e-24, 2.23307313505e-24, 2.88375085323e-24, 3.76873919291e-24, 3.75620655971e-24, 1.80367129522e-24, 2.52258765106e-24, 3.57185331604e-24, 2.58136764926e-24, 2.41290245865e-24, 5.38774248896e-24, 4.79343479892e-24, 4.03806537786e-24, 4.32296328264e-24, 4.24322009474e-24, 3.67538618225e-24, 5.04164475515e-24, 5.36520788834e-24, 6.79768147347e-24, 7.11826823446e-24, 4.83713769306e-24, 4.96244824786e-24, 6.17161621553e-24, 5.56528589087e-24, 4.7071180331e-24, 5.70871934167e-24, 6.66514889708e-24, 6.90384479637e-24, 5.26666180634e-24, 6.05337346002e-24], "var": [1.55871919105e-12, 5.55369883415e-09, 5.75126124502e-09, 5.39991995563e-10, 1.87874570656e-06, 4.43988437837e-06, 9.13620567644e-07, 3.99054442823e-06, 1.1339767525e-06, 1.6568862975e-06, 4.0492867015e-07, 1.13566602522e-06, 9.10613167093e-08, 1.28960948587e-08, 1.26145560664e-09, 4.79008499532e-10, 9.00633873036e-11, 1.80466665917e-11, 2.21665416057e-12, 5.12661874758e-12, 7.09668814599e-13, 5.99712987603e-13, 2.12967962493e-13, 6.12125299992e-14, 1.25639812613e-14, 4.88691000237e-15, 1.15985386138e-15, 3.48780400881e-16, 3.03057569005e-17, 1.59452744637e-17, 2.68598428234e-18, 1.19712142509e-18, 7.78473322954e-19, 1.74525144307e-19, 3.4549437487e-20, 4.05382315843e-21, 1.68692762471e-21, 1.32111194654e-21, 5.37180298639e-22, 3.24953793992e-22]}, "mfcc": {"mean": [-844.050476074, 234.965209961, -10.122797966, -51.6256256104, -38.7638778687, -41.9768333435, -20.4985351562, -8.26624584198, -14.1924304962, -15.1097316742, -12.0589647293, -7.70868968964, -2.33376455307], "cov": [[5267.79052734, 3382.23657227, -1020.52197266, -456.108428955, -123.398719788, -527.758422852, -74.4060592651, 55.8818397522, -129.462112427, -112.407463074, -97.3996734619, -84.9999923706, -12.2086315155], [3382.23657227, 2610.11816406, -229.167510986, -492.495941162, -207.226501465, -318.890411377, -143.257369995, -36.5458030701, -139.500305176, -125.509529114, -74.6013031006, -70.3115158081, -42.5992279053], [-1020.52197266, -229.167510986, 732.564453125, 74.7217178345, -72.1501312256, 92.1237792969, -68.9982528687, -59.3212051392, -15.1546068192, -44.2226028442, -16.4783401489, -8.87263870239, -28.0822658539], [-456.108428955, -492.495941162, 74.7217178345, 480.380462646, 231.708786011, 6.27113103867, 64.1367492676, 109.389518738, 89.124420166, 32.3904647827, -13.3356523514, -8.12392616272, 13.4691972733], [-123.398719788, -207.226501465, -72.1501312256, 231.708786011, 269.077331543, 82.0263900757, 30.9917545319, 91.9594650269, 92.6554946899, 52.9536590576, 20.0926513672, -4.14858579636, -13.2962198257], [-527.758422852, -318.890411377, 92.1237792969, 6.27113103867, 82.0263900757, 174.040390015, 33.1752471924, -14.7681045532, 33.1277694702, 35.2294883728, 34.3019599915, 15.1296730042, -17.3376502991], [-74.4060592651, -143.257369995, -68.9982528687, 64.1367492676, 30.9917545319, 33.1752471924, 101.407791138, 55.2799415588, -4.38921880722, 14.751288414, 21.4580173492, 4.32878017426, 10.3045597076], [55.8818397522, -36.5458030701, -59.3212051392, 109.389518738, 91.9594650269, -14.7681045532, 55.2799415588, 133.554229736, 70.0642929077, 10.8898534775, 4.11448669434, -9.80979442596, -4.49935626984], [-129.462112427, -139.500305176, -15.1546068192, 89.124420166, 92.6554946899, 33.1277694702, -4.38921880722, 70.0642929077, 134.484863281, 62.4598197937, -9.98215389252, -12.034157753, -9.57416439056], [-112.407463074, -125.509529114, -44.2226028442, 32.3904647827, 52.9536590576, 35.2294883728, 14.751288414, 10.8898534775, 62.4598197937, 99.1388092041, 41.7779197693, -10.7830638885, -5.03930664062], [-97.3996734619, -74.6013031006, -16.4783401489, -13.3356523514, 20.0926513672, 34.3019599915, 21.4580173492, 4.11448669434, -9.98215389252, 41.7779197693, 88.1040802002, 36.2875137329, -16.0271644592], [-84.9999923706, -70.3115158081, -8.87263870239, -8.12392616272, -4.14858579636, 15.1296730042, 4.32878017426, -9.80979442596, -12.034157753, -10.7830638885, 36.2875137329, 77.0990982056, 31.0382442474], [-12.2086315155, -42.5992279053, -28.0822658539, 13.4691972733, -13.2962198257, -17.3376502991, 10.3045597076, -4.49935626984, -9.57416439056, -5.03930664062, -16.0271644592, 31.0382442474, 82.6776275635]], "icov": [[-93.951133728, 130.369873047, -123.224327087, 111.932403564, -97.6857452393, 81.4506530762, -64.6054000854, 48.3682632446, -33.9454307556, 21.6681938171, -12.4058275223, 5.81863355637, -1.93505334854], [130.369873047, -180.903717041, 170.984863281, -155.309082031, 135.533187866, -112.998046875, 89.6201629639, -67.0874938965, 47.0753364563, -30.042881012, 17.1967334747, -8.06283473969, 2.68034219742], [-123.224327087, 170.984863281, -161.593521118, 146.760116577, -128.044784546, 106.724723816, -84.611541748, 63.3104286194, -44.3993263245, 28.3168334961, -16.1941261292, 7.5854139328, -2.51601886749], [111.932403564, -155.309082031, 146.760116577, -133.253570557, 116.221046448, -96.8261871338, 76.7188491821, -57.362903595, 40.1899490356, -25.6017818451, 14.6216058731, -6.8355717659, 2.26008749008], [-97.6857452393, 135.533187866, -128.044784546, 116.221046448, -101.304428101, 84.3405456543, -66.7627029419, 49.8555183411, -34.8805389404, 22.1758327484, -12.6347846985, 5.88910961151, -1.93645906448], [81.4506530762, -112.998046875, 106.724723816, -96.8261871338, 84.3405456543, -70.1393508911, 55.4519271851, -41.3409004211, 28.8600082397, -18.3024501801, 10.3900985718, -4.82416772842, 1.57593810558], [-64.6054000854, 89.6201629639, -84.611541748, 76.7188491821, -66.7627029419, 55.4519271851, -43.7436561584, 32.54114151, -22.6484928131, 14.3098020554, -8.08641147614, 3.73074221611, -1.20537745953], [48.3682632446, -67.0874938965, 63.3104286194, -57.362903595, 49.8555183411, -41.3409004211, 32.54114151, -24.1174468994, 16.7188014984, -10.5042362213, 5.88860845566, -2.68943810463, 0.852176368237], [-33.9454307556, 47.0753364563, -44.3993263245, 40.1899490356, -34.8805389404, 28.8600082397, -22.6484928131, 16.7188014984, -11.5120820999, 7.1789560318, -3.98043084145, 1.79297316074, -0.550446927547], [21.6681938171, -30.042881012, 28.3168334961, -25.6017818451, 22.1758327484, -18.3024501801, 14.3098020554, -10.5042362213, 7.1789560318, -4.41419887543, 2.40934658051, -1.05851840973, 0.308959245682], [-12.4058275223, 17.1967334747, -16.1941261292, 14.6216058731, -12.6347846985, 10.3900985718, -8.08641147614, 5.88860845566, -3.98043084145, 2.40934658051, -1.26618421078, 0.534742355347, -0.138990983367], [5.81863355637, -8.06283473969, 7.5854139328, -6.8355717659, 5.88910961151, -4.82416772842, 3.73074221611, -2.68943810463, 1.79297316074, -1.05851840973, 0.534742355347, -0.196322456002, 0.0395150780678], [-1.93505334854, 2.68034219742, -2.51601886749, 2.26008749008, -1.93645906448, 1.57593810558, -1.20537745953, 0.852176368237, -0.550446927547, 0.308959245682, -0.138990983367, 0.0395150780678, 0.0135762570426]]}, "spectral_contrast_coeffs": {"dmean": [0.0407770834863, 0.0380518808961, 0.0292999707162, 0.0223902836442, 0.01641561836, 0.0441936515272], "dmean2": [0.0695207864046, 0.0644586160779, 0.0447977930307, 0.0362725481391, 0.0272631533444, 0.0790541172028], "dvar": [0.00103315233719, 0.00101146160159, 0.000567636743654, 0.000335905293468, 0.000192681836779, 0.00123443035409], "dvar2": [0.00302909454331, 0.00297268270515, 0.00135861709714, 0.000856405764353, 0.000540791312233, 0.00373160466552], "max": [-0.304381936789, -0.367174983025, -0.367142796516, -0.512567520142, -0.623716831207, -0.643340349197], "mean": [-0.564951777458, -0.6242364645, -0.626977622509, -0.727271854877, -0.777231872082, -0.844441652298], "median": [-0.557946443558, -0.622596561909, -0.620353758335, -0.724437773228, -0.770293831825, -0.844448983669], "min": [-0.980681300163, -0.979233264923, -0.977911114693, -0.97216719389, -0.965087771416, -0.965292513371], "var": [0.00977752450854, 0.00795539468527, 0.00780353695154, 0.00442670052871, 0.00223606871441, 0.00367381842807]}, "spectral_contrast_valleys": {"dmean": [0.459204435349, 0.280062973499, 0.243396863341, 0.214048787951, 0.177524611354, 0.799285471439], "dmean2": [0.791410803795, 0.471109569073, 0.392451107502, 0.357813745737, 0.297203361988, 1.42481863499], "dvar": [0.136371687055, 0.0701769962907, 0.0593764819205, 0.0541602522135, 0.0585253797472, 0.407148271799], "dvar2": [0.386290371418, 0.165804415941, 0.122140318155, 0.109995938838, 0.124152310193, 1.20169258118], "max": [-7.93739795685, -4.54712915421,