{"lowlevel": {"average_loudness": 0.956032574177, "barkbands_crest": {"dmean": 2.76742863655, "dmean2": 4.45185470581, "dvar": 10.3793497086, "dvar2": 25.7737369537, "max": 26.8501205444, "mean": 14.1491346359, "median": 13.6806344986, "min": 3.00531673431, "var": 24.3405799866}, "barkbands_flatness_db": {"dmean": 0.0513892583549, "dmean2": 0.0674860700965, "dvar": 0.00375818088651, "dvar2": 0.00642329454422, "max": 0.738864958286, "mean": 0.278790354729, "median": 0.278870761395, "min": 0.0470675490797, "var": 0.0205619614571}, "barkbands_kurtosis": {"dmean": 23.4254493713, "dmean2": 35.3720359802, "dvar": 3106.74023438, "dvar2": 6705.28759766, "max": 920.250976562, "mean": 38.8438911438, "median": 10.8489160538, "min": -1.94502043724, "var": 7018.40673828}, "barkbands_skewness": {"dmean": 1.38351380825, "dmean2": 2.07490992546, "dvar": 3.3675339222, "dvar2": 7.24053573608, "max": 23.5978832245, "mean": 3.16888260841, "median": 2.59255719185, "min": -8.92401409149, "var": 11.8467159271}, "barkbands_spread": {"dmean": 5.15913009644, "dmean2": 7.91773986816, "dvar": 59.0859336853, "dvar2": 135.89289856, "max": 121.910461426, "mean": 17.0869369507, "median": 6.40748882294, "min": 0.105359271169, "var": 724.129516602}, "dissonance": {"dmean": 0.0270997118205, "dmean2": 0.0442621037364, "dvar": 0.00139991461765, "dvar2": 0.00334484595805, "max": 0.500000119209, "mean": 0.444409817457, "median": 0.462643682957, "min": 0.0602898672223, "var": 0.00319392699748}, "dynamic_complexity": 6.03474760056, "erbbands_crest": {"dmean": 3.56392145157, "dmean2": 5.56432628632, "dvar": 18.2358627319, "dvar2": 38.9974479675, "max": 35.0147514343, "mean": 13.3932180405, "median": 12.9044971466, "min": 2.46618509293, "var": 58.4791526794}, "erbbands_flatness_db": {"dmean": 0.0346917323768, "dmean2": 0.050207272172, "dvar": 0.00171455985401, "dvar2": 0.00322773423977, "max": 0.56949955225, "mean": 0.210183158517, "median": 0.202503800392, "min": 0.0205779485404, "var": 0.0100011918694}, "erbbands_kurtosis": {"dmean": 7.61109352112, "dmean2": 11.4390468597, "dvar": 241.431259155, "dvar2": 501.724731445, "max": 296.284942627, "mean": 9.03965377808, "median": 1.01295399666, "min": -1.91598701477, "var": 436.600708008}, "erbbands_skewness": {"dmean": 0.952322661877, "dmean2": 1.33664977551, "dvar": 1.35371875763, "dvar2": 2.87194895744, "max": 14.0465211868, "mean": 1.20965158939, "median": 0.720483541489, "min": -7.75882673264, "var": 4.90867948532}, "erbbands_spread": {"dmean": 12.2400903702, "dmean2": 18.4030952454, "dvar": 244.836303711, "dvar2": 534.979492188, "max": 189.026168823, "mean": 35.1038475037, "median": 33.1220169067, "min": 0.578115105629, "var": 641.696350098}, "hfc": {"dmean": 6.85328531265, "dmean2": 9.72922039032, "dvar": 403.93572998, "dvar2": 893.17779541, "max": 217.652267456, "mean": 9.2887430191, "median": 3.18451786041, "min": 1.20979558569e-16, "var": 503.512054443}, "melbands_crest": {"dmean": 3.49110746384, "dmean2": 5.44725465775, "dvar": 17.2668247223, "dvar2": 40.666015625, "max": 37.439037323, "mean": 19.5801544189, "median": 19.191028595, "min": 1.80524611473, "var": 38.887714386}, "melbands_flatness_db": {"dmean": 0.0583602339029, "dmean2": 0.0739489719272, "dvar": 0.00502912607044, "dvar2": 0.00825558323413, "max": 0.89083647728, "mean": 0.361126452684, "median": 0.381790608168, "min": 0.0057430183515, "var": 0.032927967608}, "melbands_kurtosis": {"dmean": 40.5564346313, "dmean2": 65.2113571167, "dvar": 15087.4121094, "dvar2": 39410.3945312, "max": 1995.88891602, "mean": 63.0648498535, "median": 24.5689926147, "min": -1.9208022356, "var": 15138.1865234}, "melbands_skewness": {"dmean": 1.67089295387, "dmean2": 2.55909824371, "dvar": 6.25202512741, "dvar2": 15.4589672089, "max": 33.880191803, "mean": 4.17834711075, "median": 3.63135099411, "min": -6.94365739822, "var": 12.7948265076}, "melbands_spread": {"dmean": 6.50316810608, "dmean2": 10.3669061661, "dvar": 137.008239746, "dvar2": 334.006713867, "max": 226.11277771, "mean": 23.357257843, "median": 5.05316638947, "min": 0.107908546925, "var": 2447.81323242}, "pitch_salience": {"dmean": 0.0942019224167, "dmean2": 0.145071402192, "dvar": 0.0129887852818, "dvar2": 0.0305570308119, "max": 0.948888242245, "mean": 0.449793428183, "median": 0.451693475246, "min": 0.0161330904812, "var": 0.0333788990974}, "silence_rate_20dB": {"dmean": 0, "dmean2": 0, "dvar": 0, "dvar2": 0, "max": 1, "mean": 1, "median": 1, "min": 1, "var": 0}, "silence_rate_30dB": {"dmean": 0.0546120554209, "dmean2": 0.109260492027, "dvar": 0.0516283288598, "dvar2": 0.115973934531, "max": 1, "mean": 0.95106524229, "median": 1, "min": 0, "var": 0.0465408191085}, "silence_rate_60dB": {"dmean": 0.0825840830803, "dmean2": 0.165223181248, "dvar": 0.0757646709681, "dvar2": 0.16058075428, "max": 1, "mean": 0.325233012438, "median": 0, "min": 0, "var": 0.21945682168}, "spectral_centroid": {"dmean": 228.588790894, "dmean2": 333.834350586, "dvar": 138316.84375, "dvar2": 242547.140625, "max": 10738.2558594, "mean": 970.305358887, "median": 555.106079102, "min": 99.4125061035, "var": 1164212}, "spectral_complexity": {"dmean": 3.09823513031, "dmean2": 4.41439056396, "dvar": 41.5018234253, "dvar2": 72.9580612183, "max": 60, "mean": 5.46637821198, "median": 3, "min": 0, "var": 83.7371444702}, "spectral_decrease": {"dmean": 4.37930802732e-09, "dmean2": 6.32458130312e-09, "dvar": 7.21172321622e-17, "dvar2": 1.79431753777e-16, "max": 5.47100110916e-18, "mean": -7.85073606124e-09, "median": -4.772575668e-09, "min": -8.59021085375e-08, "var": 1.02516099821e-16}, "spectral_energy": {"dmean": 0.0171016156673, "dmean2": 0.0246400237083, "dvar": 0.00112417933997, "dvar2": 0.0027921195142, "max": 0.342970818281, "mean": 0.0304729808122, "median": 0.0184576176107, "min": 1.09315625721e-20, "var": 0.00157402595505}, "spectral_energyband_high": {"dmean": 0.000340857193805, "dmean2": 0.000467415608, "dvar": 1.65870460478e-06, "dvar2": 3.04708373733e-06, "max": 0.0130759431049, "mean": 0.000390738015994, "median": 7.63312709751e-06, "min": 7.98191405595e-21, "var": 2.6069562864e-06}, "spectral_energyband_low": {"dmean": 0.00906805321574, "dmean2": 0.0130797950551, "dvar": 0.000259967026068, "dvar2": 0.000582108041272, "max": 0.170207560062, "mean": 0.0196989160031, "median": 0.0123160798103, "min": 3.68760760982e-23, "var": 0.000583851069678}, "spectral_energyband_middle_high": {"dmean": 0.00110466754995, "dmean2": 0.00171262829099, "dvar": 8.57980467117e-06, "dvar2": 2.09417103179e-05, "max": 0.0313339531422, "mean": 0.00115271552932, "median": 0.000105887680547, "min": 1.49313582754e-21, "var": 9.13678104553e-06}, "spectral_energyband_middle_low": {"dmean": 0.00894381757826, "dmean2": 0.0137235969305, "dvar": 0.00062583538238, "dvar2": 0.0016429675743, "max": 0.296104848385, "mean": 0.0111132403836, "median": 0.00221558543853, "min": 2.5968220576e-22, "var": 0.000572789867874}, "spectral_entropy": {"dmean": 0.40574708581, "dmean2": 0.55229061842, "dvar": 0.266138494015, "dvar2": 0.460548311472, "max": 9.78636932373, "mean": 6.72285890579, "median": 6.68154335022, "min": 2.86151218414, "var": 1.53407180309}, "spectral_flux": {"dmean": 0.04030360654, "dmean2": 0.0612088367343, "dvar": 0.00390305113979, "dvar2": 0.00905666965991, "max": 0.551671385765, "mean": 0.069818302989, "median": 0.0348599366844, "min": 1.04554115365e-10, "var": 0.00679525919259}, "spectral_kurtosis": {"dmean": 5.39533042908, "dmean2": 8.8321428299, "dvar": 242.074569702, "dvar2": 484.978668213, "max": 754.921875, "mean": 10.8739738464, "median": 7.03074645996, "min": -1.23030996323, "var": 510.996124268}, "spectral_rms": {"dmean": 0.00132684025448, "dmean2": 0.0017325602239, "dvar": 4.1774105739e-06, "dvar2": 8.59706051415e-06, "max": 0.0182922296226, "mean": 0.00421055965126, "median": 0.00424351450056, "min": 3.26572167746e-12, "var": 1.20010863611e-05}, "spectral_rolloff": {"dmean": 301.337493896, "dmean2": 503.958740234, "dvar": 510970.53125, "dvar2": 1038778.4375, "max": 19013.8183594, "mean": 1875.30273438, "median": 236.865234375, "min": 64.599609375, "var": 20023842}, "spectral_skewness": {"dmean": 0.54849755764, "dmean2": 0.834612846375, "dvar": 0.536205589771, "dvar2": 1.04484295845, "max": 25.3482475281, "mean": 2.27063584328, "median": 2.06382775307, "min": -0.155651032925, "var": 1.6184091568}, "spectral_spread": {"dmean": 696478.25, "dmean2": 1084276.625, "dvar": 1145764052990.0, "dvar2": 2197127954430.0, "max": 41821660, "mean": 4768304.5, "median": 3920215.25, "min": 310984.90625, "var": 8373526331390.0}, "spectral_strongpeak": {"dmean": 0.31953945756, "dmean2": 0.532579541206, "dvar": 0.480640441179, "dvar2": 1.23586237431, "max": 7.71110248566, "mean": 0.577123880386, "median": 0.425686657429, "min": 0, "var": 0.571804940701}, "zerocrossingrate": {"dmean": 0.00897783879191, "dmean2": 0.00947122462094, "dvar": 0.000217306311242, "dvar2": 0.000250315089943, "max": 0.68994140625, "mean": 0.0686821863055, "median": 0.01611328125, "min": 0.001953125, "var": 0.0219727549702}, "barkbands": {"dmean": [0.000169288920006, 0.00561248278245, 0.00366716808639, 0.00147908180952, 0.00520371180028, 0.00166232662741, 0.000683952705003, 0.000529801298399, 0.000392514077248, 0.000169676364749, 0.000111623987323, 0.000104225808172, 0.000142186530866, 0.000142534772749, 0.000154353387188, 8.00657289801e-05, 9.71012632363e-05, 0.000145909682033, 7.6736221672e-05, 6.84183542035e-05, 0.000102027042885, 7.08153675077e-05, 6.73245303915e-05, 7.27466904209e-05, 2.17985780182e-05, 5.20646608493e-06, 4.86198700855e-07], "dmean2": [0.000242669979343, 0.00842752121389, 0.00563987810165, 0.00220269989222, 0.00821310468018, 0.00275312177837, 0.00110805151053, 0.000879201048519, 0.000642047612928, 0.000289850722766, 0.000180703864316, 0.000166227022419, 0.000221968148253, 0.000208148092497, 0.000247646472417, 0.000136342525366, 0.000159095026902, 0.000249767675996, 0.000122260928038, 0.000107017796836, 0.000152087013703, 9.37089425861e-05, 9.18133810046e-05, 0.00010479028424, 2.94822493743e-05, 7.41321582609e-06, 7.26608050172e-07], "dvar": [1.33777803057e-07, 0.000132638131618, 6.20903665549e-05, 1.21531038531e-05, 0.000261379609583, 2.7956577469e-05, 6.42100803816e-06, 4.50989409728e-06, 3.25285577674e-06, 3.81493777013e-07, 1.40671417626e-07, 1.01336070202e-07, 2.43090568119e-07, 2.79346721754e-07, 3.38320177207e-07, 6.79529108538e-08, 1.29562465645e-07, 3.47567691961e-07, 9.10145487865e-08, 9.14701701049e-08, 1.53168215888e-07, 7.09229439622e-08, 6.81476777231e-08, 9.14820788012e-08, 7.79006636975e-09, 4.46310211011e-10, 2.98652465605e-12], "dvar2": [3.07696041091e-07, 0.000310076284222, 0.00015246887051, 2.7462197977e-05, 0.000693191192113, 7.62229246902e-05, 1.65807723533e-05, 1.13173546197e-05, 7.34077639208e-06, 9.65676804299e-07, 3.38922006904e-07, 2.15875658682e-07, 5.2175653309e-07, 5.45797036011e-07, 7.7162820844e-07, 1.91648041437e-07, 3.3411390632e-07, 9.0979875722e-07, 2.17235296418e-07, 2.28442047501e-07, 3.66697605614e-07, 1.25354276292e-07, 1.34545956598e-07, 1.99818344981e-07, 1.60371662616e-08, 9.22837861683e-10, 6.44696926053e-12], "max": [0.00306916260161, 0.132985562086, 0.141229897738, 0.0585602223873, 0.197087734938, 0.0668967664242, 0.0277958698571, 0.0327337644994, 0.0329605676234, 0.00693739857525, 0.00643168017268, 0.0073023037985, 0.00928193796426, 0.0107700303197, 0.0118625387549, 0.00423656171188, 0.00644452357665, 0.00628835475072, 0.00314325094223, 0.00368844950572, 0.00437061395496, 0.00285641220398, 0.00287331989966, 0.00303311808966, 0.000959231925663, 0.000230606863624, 2.24478135351e-05], "mean": [0.000188508478459, 0.00949417427182, 0.00814730580896, 0.00318243633956, 0.00516472756863, 0.00137393944897, 0.000596631551161, 0.000426849263022, 0.000339217134751, 0.000133220062708, 9.75565708359e-05, 9.441722068e-05, 0.000147056925925, 0.000156957175932, 0.000153002241859, 7.31812615413e-05, 8.64595931489e-05, 0.000117352341476, 7.34720815672e-05, 6.60695150145e-05, 9.92983405013e-05, 8.32130826893e-05, 7.47767917346e-05, 7.24820274627e-05, 2.39000110014e-05, 5.99281474933e-06, 8.0294489635e-07], "median": [3.36128618983e-06, 0.00107288826257, 0.003008720465, 0.000549956108443, 0.000290739437332, 2.7072022931e-05, 7.82771894592e-06, 4.33971308667e-06, 5.32648937224e-06, 3.63931258107e-06, 3.1366530493e-06, 3.05782214127e-06, 4.01532543037e-06, 4.22289940616e-06, 3.42228895533e-06, 2.82083965431e-06, 2.88671117232e-06, 2.68402664005e-06, 1.64529251379e-06, 1.21328025671e-06, 1.66204381458e-06, 1.57030774517e-06, 7.50965909901e-07, 6.28474481346e-07, 4.68599978376e-07, 3.43918259205e-07, 1.25248263316e-07], "min": [2.49362529346e-23, 6.8438464025e-24, 1.03928637731e-23, 1.02125270147e-23, 2.82978416872e-23, 3.80256988726e-23, 1.1525796775e-22, 3.55923311927e-23, 1.66333783112e-23, 9.37889604427e-23, 6.29975041905e-23, 8.75804862791e-23, 6.63854408974e-23, 1.57839190045e-22, 1.00587647714e-22, 1.43996486072e-22, 1.89335818527e-22, 1.74754690259e-22, 3.26417844101e-22, 3.33582392438e-22, 4.87008189708e-22, 6.91089005e-22, 6.54976543103e-22, 9.57514873406e-22, 1.31609039881e-21, 1.63943744091e-21, 2.30871581765e-21], "var": [1.95862028818e-07, 0.000228862365475, 0.000155441623065, 3.40623228112e-05, 0.000218175613554, 2.11770802707e-05, 5.71116152059e-06, 4.51573396276e-06, 3.94861808672e-06, 3.1389652122e-07, 1.66563353332e-07, 1.4604631815e-07, 3.21710189155e-07, 4.22896277996e-07, 4.70463731972e-07, 6.65029702418e-08, 1.24209378782e-07, 2.75141104567e-07, 9.51812495487e-08, 8.904046922e-08, 1.72747490979e-07, 1.19277800081e-07, 1.01942241315e-07, 1.11219726762e-07, 1.08244355701e-08, 5.93399829274e-10, 3.92106746377e-12]}, "erbbands": {"dmean": [0.151531741023, 1.42145359516, 4.32199716568, 4.38076972961, 8.19814968109, 22.3300247192, 15.2708415985, 15.3668899536, 10.2428331375, 13.2870178223, 9.69100189209, 8.44239711761, 5.25512361526, 7.0237288475, 3.99019408226, 4.15309476852, 6.24899339676, 8.6413640976, 7.98151779175, 4.80477523804, 5.3483338356, 6.1485748291, 8.10978126526, 4.10731697083, 4.13473320007, 3.22877192497, 3.90791010857, 3.62887835503, 2.35841417313, 2.11995172501, 2.1231443882, 1.85852217674, 0.932331681252, 0.295124262571, 0.144579946995, 0.0324405133724, 0.00818718969822, 0.00113519083243, 0.000101346602605, 2.17631404666e-05], "dmean2": [0.237301126122, 2.17051053047, 6.72261571884, 6.43275785446, 12.078081131, 36.2951507568, 24.8286190033, 25.8079147339, 17.0255203247, 21.9320430756, 15.8676147461, 14.224240303, 7.64729690552, 12.1132879257, 6.3089094162, 6.61791992188, 9.64207172394, 12.5276699066, 12.5791578293, 8.12704467773, 9.04368686676, 9.97612667084, 13.6751194, 6.5262799263, 6.71820306778, 5.00069332123, 5.97453308105, 5.4095916748, 3.25354862213, 2.78684973717, 2.85944533348, 2.6033949852, 1.36492824554, 0.370026707649, 0.219678640366, 0.0455032549798, 0.0126092610881, 0.00165610935073, 0.00015135560534, 3.10237774102e-05], "dvar": [0.118686065078, 8.66763973236, 76.1509399414, 96.1117858887, 354.47052002, 6229.77294922, 2932.49951172, 2895.15942383, 1224.86218262, 2926.7199707, 1484.90429688, 1340.16552734, 854.779785156, 777.727111816, 145.488433838, 164.673583984, 473.265197754, 1076.91064453, 1109.93322754, 298.222747803, 327.256774902, 479.404083252, 1026.33227539, 224.801300049, 299.316589355, 196.766296387, 234.922927856, 208.774429321, 85.8210067749, 62.4696311951, 70.3966369629, 58.1594619751, 15.1093788147, 1.33577799797, 0.388409167528, 0.0172845963389, 0.00118919357192, 1.96173041331e-05, 1.22273277725e-07, 2.11199058242e-09], "dvar2": [0.308091372252, 21.0120162964, 186.871902466, 220.348770142, 903.113830566, 16340.5927734, 7848.40576172, 7983.66308594, 3250.47460938, 7750.04541016, 3549.82910156, 3453.57788086, 1588.6809082, 2052.61108398, 315.523773193, 373.027099609, 1060.24951172, 2079.4543457, 2531.67163086, 792.482849121, 925.571777344, 1168.39746094, 2616.69970703, 563.194946289, 718.227172852, 471.621704102, 557.796447754, 501.491333008, 168.072570801, 108.951934814, 140.438430786, 120.172927856, 34.5172195435, 2.52974700928, 0.87328261137, 0.0351277031004, 0.00264796195552, 3.91241519537e-05, 2.59493845078e-07, 4.99461183523e-09], "max": [3.34857821465, 30.3903121948, 113.401634216, 160.967453003, 218.286376953, 921.629455566, 559.444519043, 653.366638184, 367.068969727, 665.653503418, 701.531616211, 899.019042969, 780.879699707, 314.973205566, 295.463287354, 260.055419922, 458.029541016, 773.595092773, 731.047485352, 506.971496582, 290.459259033, 221.690734863, 333.984832764, 170.237518311, 181.47038269, 166.454483032, 190.594665527, 155.704101562, 108.243545532, 90.8536987305, 90.2483901978, 75.9816589355, 40.8327102661, 12.6392946243, 6.66284990311, 1.48418331146, 0.366011947393, 0.0472748316824, 0.00433589471504, 0.000506574113388], "mean": [0.188262343407, 2.44197440147, 9.00885391235, 10.8131580353, 12.454158783, 19.7479228973, 13.0986070633, 12.3393220901, 8.56082344055, 11.0359725952, 8.16863918304, 6.99325752258, 5.32643699646, 5.45065450668, 3.5553252697, 3.8644490242, 6.35731315613, 9.76355361938, 8.61500358582, 4.28711223602, 4.97732591629, 5.4478931427, 6.70227003098, 3.71140003204, 3.92297148705, 3.20807409286, 3.72485375404, 3.5771522522, 2.70673108101, 2.5395283699, 2.34118843079, 1.90739059448, 0.917625844479, 0.34090706706, 0.146011978388, 0.0368302054703, 0.00903462059796, 0.0015098064905, 0.000167108068126, 3.99233649659e-05], "median": [0.0239276401699, 0.3884152174, 4.05448436737, 3.59342908859, 2.29778075218, 0.775193989277, 0.203441590071, 0.239425599575, 0.150814339519, 0.139459058642, 0.123007073998, 0.117388792336, 0.142820984125, 0.153501152992, 0.14682790637, 0.158381134272, 0.209941536188, 0.290072619915, 0.287514328957, 0.267662405968, 0.200602427125, 0.191411271691, 0.16984000802, 0.122205615044, 0.0760525017977, 0.0625836029649, 0.060859080404, 0.0603192001581, 0.0649131387472, 0.0325730666518, 0.0199129227549, 0.0130189377815, 0.0101713342592, 0.00546765886247, 0.00318061141297, 0.00148375111166, 0.000628226785921, 0.000186812278116, 4.03464291594e-05, 2.37705535255e-05], "min": [4.85286529182e-22, 1.0601622117e-21, 8.43724144025e-21, 1.83244497149e-20, 5.10442848561e-20, 7.33389575576e-20, 3.08142872752e-19, 2.64168064383e-19, 1.0518141224e-18, 1.82894679237e-18, 7.961520338e-19, 4.39095644983e-19, 2.13728932584e-18, 3.10534189864e-18, 1.99164391308e-18, 4.22046780474e-18, 3.403142222e-18, 6.65087581847e-18, 6.91213295673e-18, 3.56296385611e-18, 9.86446298566e-18, 1.10888929515e-17, 8.11852376776e-18, 1.53413085394e-17, 1.45298377411e-17, 1.72145285197e-17, 1.71620174401e-17, 2.06418521262e-17, 2.82995295864e-17, 2.22063434864e-17, 1.86293564374e-17, 1.91734708813e-17, 1.54762680195e-17, 1.34509940446e-17, 1.03852368742e-17, 5.13166391134e-18, 3.49489309555e-18, 1.07484696655e-18, 3.04960114399e-19, 3.78223165211e-20], "var": [0.144668802619, 14.2587184906, 166.10144043, 286.429748535, 578.727966309, 5163.04248047, 2246.52685547, 2094.33764648, 1007.05407715, 2410.23388672, 1681.35974121, 1267.71850586, 1351.17041016, 574.803833008, 205.98387146, 216.661468506, 562.084899902, 1758.79882812, 1627.66894531, 316.730285645, 327.903808594, 458.467987061, 863.318725586, 221.114074707, 297.228881836, 204.60295105, 250.035751343, 233.198196411, 128.298660278, 109.495506287, 102.817344666, 75.6619796753, 17.6900806427, 2.11288976669, 0.44588303566, 0.0238765124232, 0.00136729516089, 2.5693063435e-05, 1.60500064794e-07, 2.87982282465e-09]}, "gfcc": {"mean": [-218.717956543, 96.7484512329, -74.7741775513, 49.521648407, -23.7102279663, 10.8613681793, -23.0148620605, -7.23828172684, -15.4291162491, -4.15924406052, -16.4188213348, -5.5907535553, -10.7495679855], "cov": [[59435.5742188, 10967.0458984, -1207.32580566, 1622.04528809, -2079.31420898, -407.602783203, -2068.10742188, -1092.17321777, -480.256286621, -814.81427002, -520.680847168, -488.002166748, -327.309356689], [10967.0458984, 5211.12792969, 693.33215332, 1058.7364502, 296.172088623, -338.430328369, 321.963500977, -704.061828613, 214.263458252, -491.79788208, 8.36496257782, -317.407287598, 33.3242721558], [-1207.32580566, 693.33215332, 2129.43676758, 538.847717285, 407.789215088, -101.945526123, 155.419326782, -49.8241539001, 26.9906578064, -50.2061576843, 61.2497024536, -26.9557781219, 69.8500213623], [1622.04528809, 1058.7364502, 538.847717285, 1485.81030273, 633.288269043, -100.757598877, 132.168563843, -267.210632324, 165.02633667, -284.78918457, -99.3966217041, -155.518737793, 118.291542053], [-2079.31420898, 296.172088623, 407.789215088, 633.288269043, 1113.98144531, 195.130737305, 236.434677124, -148.415267944, 119.404983521, -29.3228492737, -42.4950752258, -151.453521729, -17.428314209], [-407.602783203, -338.430328369, -101.945526123, -100.757598877, 195.130737305, 482.083282471, 102.725524902, 34.7457885742, -59.4956092834, 98.846031189, 64.4133453369, -7.94361686707, -45.7784347534], [-2068.10742188, 321.963500977, 155.419326782, 132.168563843, 236.434677124, 102.725524902, 443.118865967, -22.0624370575, 87.6510238647, -76.8354110718, 48.821144104, -15.1965284348, 53.1589508057], [-1092.17321777, -704.061828613, -49.8241539001, -267.210632324, -148.415267944, 34.7457885742, -22.0624370575, 317.968475342, 30.3866004944, 93.2508087158, -9.32715892792, 99.5448379517, 12.6499605179], [-480.256286621, 214.263458252, 26.9906578064, 165.02633667, 119.404983521, -59.4956092834, 87.6510238647, 30.3866004944, 198.470947266, 13.1176223755, -7.96030330658, -48.9651184082, 46.0541038513], [-814.81427002, -491.79788208, -50.2061576843, -284.78918457, -29.3228492737, 98.846031189, -76.8354110718, 93.2508087158, 13.1176223755, 254.518829346, 89.5726394653, 25.5048656464, -59.465385437], [-520.680847168, 8.36496257782, 61.2497024536, -99.3966217041, -42.4950752258, 64.4133453369, 48.821144104, -9.32715892792, -7.96030330658, 89.5726394653, 177.512191772, 63.1073684692, -24.5597629547], [-488.002166748, -317.407287598, -26.9557781219, -155.518737793, -151.453521729, -7.94361686707, -15.1965284348, 99.5448379517, -48.9651184082, 25.5048656464, 63.1073684692, 176.799224854, 48.5858268738], [-327.309356689, 33.3242721558, 69.8500213623, 118.291542053, -17.428314209, -45.7784347534, 53.1589508057, 12.6499605179, 46.0541038513, -59.465385437, -24.5597629547, 48.5858268738, 156.999755859]], "icov": [[0.000136487724376, -0.000445880723419, 0.000118739284517, -0.000252432044363, 0.000288662005914, -0.000413117668359, 0.000712612527423, -0.000375907577109, 0.000419483578298, -0.000284024019493, 0.000481735012727, -0.000172558866325, 0.000115275099233], [-0.000445880723419, 0.00185686687473, -0.000506460550241, 0.000843203335535, -0.000800497888122, 0.00133872148581, -0.00235981564038, 0.00198564119637, -0.00209401245229, 0.00162366405129, -0.00183549686335, 0.000678774842527, -6.11176146776e-05], [0.000118739284517, -0.000506460550241, 0.000765194825362, -0.00045631910325, -3.53480572812e-05, 8.83446045918e-05, 0.000448276958195, -0.00102028390393, 0.00135711440817, -0.000643685634714, -0.000182712843525, 0.00038609126932, -0.000479281559819], [-0.000252432044363, 0.000843203335535, -0.00045631910325, 0.00208174926229, -0.00121427432168, 0.000602408777922, -0.000595508376136, 0.001355851884, -0.00212348764762, 0.00234140804969, -0.00129588076379, 0.00050369813107, -0.000786327931564], [0.000288662005914, -0.000800497888122, -3.53480572812e-05, -0.00121427432168, 0.00252820923924, -0.00171744788531, 0.000693816458806, 0.000305855239276, -0.00015025488392, -0.00137901399285, 0.00244817184284, -0.000835219980218, 0.00138584035449], [-0.000413117668359, 0.00133872148581, 8.83446045918e-05, 0.000602408777922, -0.00171744788531, 0.00488165393472, -0.00325980177149, -0.000273627054412, 0.00182964699343, -0.000630477559753, -0.00289619993418, 0.00240413821302, -0.00125261361245], [0.000712612527423, -0.00235981564038, 0.000448276958195, -0.000595508376136, 0.000693816458806, -0.00325980177149, 0.00789212714881, -0.00232602376491, 5.5398013501e-05, 0.00166632304899, 2.99332350551e-05, -0.000422667566454, -0.00037214247277], [-0.000375907577109, 0.00198564119637, -0.00102028390393, 0.001355851884, 0.000305855239276, -0.000273627054412, -0.00232602376491, 0.00937333144248, -0.00641181832179, 0.000299190694932, 0.00292320735753, -0.00514623150229, 0.00225773104466], [0.000419483578298, -0.00209401245229, 0.00135711440817, -0.00212348764762, -0.00015025488392, 0.00182964699343, 5.5398013501e-05, -0.00641181832179, 0.0142815262079, -0.00532709574327, -0.000681789941154, 0.00556638464332, -0.00470644095913], [-0.000284024019493, 0.00162366405129, -0.000643685634714, 0.00234140804969, -0.00137901399285, -0.000630477559753, 0.00166632304899, 0.000299190694932, -0.00532709574327, 0.0118106789887, -0.0065692467615, 0.00171012966894, 0.00113945791963], [0.000481735012727, -0.00183549686335, -0.000182712843525, -0.00129588076379, 0.00244817184284, -0.00289619993418, 2.99332350551e-05, 0.00292320735753, -0.000681789941154, -0.0065692467615, 0.0152450855821, -0.00870830751956, 0.00442474568263], [-0.000172558866325, 0.000678774842527, 0.00038609126932, 0.00050369813107, -0.000835219980218, 0.00240413821302, -0.000422667566454, -0.00514623150229, 0.00556638464332, 0.00171012966894, -0.00870830751956, 0.0154892522842, -0.00702979136258], [0.000115275099233, -6.11176146776e-05, -0.000479281559819, -0.000786327931564, 0.00138584035449, -0.00125261361245, -0.00037214247277, 0.00225773104466, -0.00470644095913, 0.00113945791963, 0.00442474568263, -0.00702979136258, 0.011840922758]]}, "melbands": {"dmean": [0.00139973592013, 0.00214994512498, 0.000811165838968, 0.00108139414806, 0.000679495627992, 0.000328262714902, 0.000158001799718, 0.00014295510482, 7.47664380469e-05, 5.27960291947e-05, 2.52975023614e-05, 2.85334826913e-05, 1.45319518197e-05, 9.30254373088e-06, 1.59827413881e-05, 1.59826959134e-05, 1.51684471348e-05, 1.23673880807e-05, 8.5564197434e-06, 5.18095794177e-06, 6.24457834419e-06, 5.99011900704e-06, 6.92200319463e-06, 6.82256950313e-06, 2.87565057988e-06, 3.40993778991e-06, 2.85322630589e-06, 1.87517923678e-06, 2.53121584137e-06, 2.48759442911e-06, 1.97335725716e-06, 1.26474685658e-06, 1.44374780575e-06, 1.10608266368e-06, 1.15533214284e-06, 1.27684643303e-06, 1.03003151253e-06, 6.6181485181e-07, 4.23875007982e-07, 2.08562454418e-07], "dmean2": [0.0021025382448, 0.00330130220391, 0.00116643647198, 0.00169366819318, 0.00109547004104, 0.000549377989955, 0.000261530221906, 0.000236048552324, 0.000124939135276, 8.72609016369e-05, 3.66832173313e-05, 4.93913976243e-05, 2.31105441344e-05, 1.53593900905e-05, 2.4443041184e-05, 2.41193192778e-05, 2.24053892453e-05, 1.98709549295e-05, 1.41732252814e-05, 8.75730529515e-06, 1.08332369564e-05, 9.7758074844e-06, 1.16047258416e-05, 1.17775025501e-05, 4.58477643406e-06, 5.52244000573e-06, 4.68205962534e-06, 2.88381897917e-06, 4.20201558882e-06, 3.60115109288e-06, 3.02443504552e-06, 1.92585184777e-06, 1.61872424087e-06, 1.62565106621e-06, 1.58314753662e-06, 1.71468457211e-06, 1.45286037423e-06, 9.60842726272e-07, 5.85004897857e-07, 2.63483968865e-07], "dvar": [8.49260959512e-06, 1.72887121153e-05, 2.79946698356e-06, 9.01819748833e-06, 6.71422958476e-06, 1.2385592072e-06, 2.92396663326e-07, 3.24443021782e-07, 8.71194103524e-08, 5.7270604259e-08, 2.14473931948e-08, 1.29783490621e-08, 2.17765627752e-09, 7.0027933452e-10, 3.11160830435e-09, 3.81654663428e-09, 3.48237105818e-09, 2.70373901046e-09, 7.17018167062e-10, 3.14127890366e-10, 5.05759212288e-10, 4.5952264216e-10, 7.74099340184e-10, 7.09592717918e-10, 1.09737004206e-10, 1.91095764213e-10, 1.82663342785e-10, 6.3405641848e-11, 1.16747708723e-10, 7.50685277828e-11, 7.01436964068e-11, 2.63329150152e-11, 2.74967149744e-11, 1.8274536398e-11, 2.04127669629e-11, 2.67150156164e-11, 1.78720250404e-11, 7.41845734148e-12, 3.08401785012e-12, 6.82554381938e-13], "dvar2": [2.03567124117e-05, 4.22205484938e-05, 6.44052943244e-06, 2.3590057026e-05, 1.76856847247e-05, 3.40580777447e-06, 7.77509683303e-07, 8.59161275457e-07, 2.1445505638e-07, 1.35554643066e-07, 3.92073715716e-08, 3.39805552585e-08, 4.75798289656e-09, 1.62574054219e-09, 6.59729870733e-09, 8.25930523973e-09, 6.9169288075e-09, 6.3315210852e-09, 1.78122860905e-09, 8.52976966836e-10, 1.4504094592e-09, 1.13068032714e-09, 1.98109506577e-09, 1.83826120992e-09, 2.7728014329e-10, 4.64182303705e-10, 4.74574934906e-10, 1.46477607821e-10, 2.97797508875e-10, 1.5024706479e-10, 1.73597622388e-10, 5.58878464341e-11, 3.86602173885e-11, 3.71732783444e-11, 4.07591876916e-11, 5.16564603592e-11, 3.73990560742e-11, 1.66371656035e-11, 6.92574730204e-12, 1.3149644134e-12], "max": [0.0338936150074, 0.0433440767229, 0.0235330220312, 0.0392997488379, 0.027523662895, 0.0137983327731, 0.00583095755428, 0.00605326890945, 0.00547086214647, 0.00506793661043, 0.00392608251423, 0.00128279649653, 0.000945696607232, 0.000394288363168, 0.00117399985902, 0.00122841040138, 0.00129758706316, 0.00109710730612, 0.000449035112979, 0.000446295918664, 0.00040251199971, 0.000265900423983, 0.000307174545014, 0.000285800022539, 0.000120247765153, 0.000152791690198, 0.000152971973876, 9.86493541859e-05, 0.00013581274834, 9.19622034417e-05, 8.93099277164e-05, 5.77253849769e-05, 6.11525028944e-05, 4.68582693429e-05, 4.95865679113e-05, 5.14099374413e-05, 4.28278872278e-05, 2.81840948446e-05, 1.94958793145e-05, 9.14969314181e-06], "mean": [0.00214362773113, 0.00436531286687, 0.00195154163521, 0.00113507278729, 0.000595351913944, 0.000266629242105, 0.000132319590193, 0.000118107745948, 6.13795273239e-05, 4.50821644336e-05, 2.59511343756e-05, 2.18270160985e-05, 1.31595306812e-05, 7.74497675593e-06, 1.50755813593e-05, 1.69592149177e-05, 1.67044017871e-05, 1.3067454347e-05, 7.96137283032e-06, 4.5390993364e-06, 5.73201532461e-06, 5.35240178579e-06, 5.79730021855e-06, 5.45070633962e-06, 2.62952335106e-06, 3.25379392052e-06, 2.52852782978e-06, 1.92269453692e-06, 2.14509077523e-06, 2.72435363513e-06, 1.84699479178e-06, 1.3649180346e-06, 1.85223609606e-06, 1.22140704661e-06, 1.28931355903e-06, 1.36221501634e-06, 1.0555093013e-06, 6.59334432385e-07, 4.32641030557e-07, 2.45309422553e-07], "median": [0.000284835288767, 0.00194273481611, 0.000803768518381, 8.51642398629e-05, 7.81742346589e-06, 5.14197108714e-06, 2.32886623053e-06, 1.42736314501e-06, 9.44824762428e-07, 6.84103952153e-07, 6.45253294351e-07, 5.83631674544e-07, 4.54893154256e-07, 3.39961076179e-07, 3.5240381635e-07, 3.7782976392e-07, 3.65826281268e-07, 3.15987222166e-07, 2.65943441491e-07, 2.09000461382e-07, 1.64645257428e-07, 1.71311668851e-07, 1.21646195339e-07, 1.22403733371e-07, 8.36704430185e-08, 5.58248984817e-08, 4.20240198196e-08, 3.39649162129e-08, 3.32541247872e-08, 3.89753402885e-08, 2.92129289647e-08, 3.96444832518e-08, 2.24164509177e-08, 1.45800083118e-08, 1.13557376835e-08, 8.66981153536e-09, 7.36106153809e-09, 7.21179649332e-09, 4.6071866322e-09, 4.34591473919e-09], "min": [5.68015271614e-24, 3.56013281514e-24, 4.91048400788e-24, 4.02428831658e-24, 9.34218861086e-24, 7.21453766389e-24, 1.81202233453e-23, 1.7344747832e-23, 5.49336070897e-24, 2.34502630257e-24, 1.09598914697e-23, 1.30764344663e-23, 7.33724655542e-24, 9.98300714544e-24, 8.82729436486e-24, 7.69110115851e-24, 1.33013450212e-23, 1.21476864344e-23, 6.78058764651e-24, 6.25914427727e-24, 1.17756809308e-23, 1.19849120864e-23, 7.59680624793e-24, 8.59590568414e-24, 1.26944285729e-23, 1.26387823247e-23, 7.88259477667e-24, 1.26795459231e-23, 1.06662435198e-23, 1.22375613574e-23, 1.12209539422e-23, 1.59007900098e-23, 1.2866441271e-23, 1.27244707628e-23, 1.07899234991e-23, 9.46606738311e-24, 1.2612952652e-23, 1.19019744063e-23, 8.62516216853e-24, 1.22413336902e-23], "var": [1.33209796331e-05, 3.42026578437e-05, 7.49116270526e-06, 8.17120690044e-06, 5.34784840056e-06, 9.0944843123e-07, 2.37778451151e-07, 2.68764210887e-07, 9.19213221096e-08, 6.42162376607e-08, 3.4448323305e-08, 9.66175761619e-09, 3.17062176514e-09, 7.27500615305e-10, 4.38589164986e-09, 5.45003864261e-09, 5.31557642347e-09, 3.90902865632e-09, 8.60298887684e-10, 3.10930448055e-10, 5.05842978615e-10, 4.48233672401e-10, 6.55568099805e-10, 5.6599053222e-10, 1.10139633525e-10, 1.9290506692e-10, 1.53965035166e-10, 7.05510302956e-11, 9.87453660506e-11, 1.14677427276e-10, 6.96227520081e-11, 3.39348514566e-11, 5.76840554489e-11, 2.6463144176e-11, 3.02688013543e-11, 3.77217701519e-11, 2.30421549896e-11, 8.96754805829e-12, 3.81181978343e-12, 1.07815004754e-12]}, "mfcc": {"mean": [-838.06817627, 123.915344238, 23.3552417755, 43.8423309326, 22.1047878265, 22.8621673584, 5.81005001068, 5.35566234589, 3.98024702072, -0.324505269527, 0.506557643414, -2.06839084625, -5.57558393478], "cov": [[21525.4648438, 4207.25244141, 565.458190918, 429.942443848, -526.890930176, -204.227478027, -701.419494629, -166.418914795, -588.850280762, -230.575012207, -193.875289917, 9.02647781372, -392.69140625], [4207.25244141, 3405.96459961, 886.865722656, 779.213195801, 267.185516357, 466.231384277, 142.130249023, 49.7557220459, 12.6600084305, -8.39394760132, 120.760955811, 39.9681472778, -70.3352661133], [565.458190918, 886.865722656, 1295.87036133, 757.784790039, 207.4740448, 179.776473999, 94.8482437134, 59.9690551758, -3.58451962471, 6.25143718719, -50.5325622559, -11.5503454208, 5.07410430908], [429.942443848, 779.213195801, 757.784790039, 1278.07885742, 635.485046387, 331.386657715, 118.966667175, 171.955612183, 188.287231445, -37.0482292175, -14.5241384506, -54.7067718506, -61.8969612122], [-526.890930176, 267.185516357, 207.4740448, 635.485046387, 655.516967773, 347.55859375, 192.938644409, 115.069335938, 146.285079956, 61.2902107239, 60.6828956604, -41.2936248779, -59.130355835], [-204.227478027, 466.231384277, 179.776473999, 331.386657715, 347.55859375, 542.145141602, 300.718444824, 96.7959671021, 81.3164367676, 85.1417617798, 96.3091506958, -47.0776939392, -36.8129196167], [-701.419494629, 142.130249023, 94.8482437134, 118.966667175, 192.938644409, 300.718444824, 314.676177979, 135.88470459, 67.7135391235, 38.9117851257, 79.3049163818, 13.2995691299, -14.4727716446], [-166.418914795, 49.7557220459, 59.9690551758, 171.955612183, 115.069335938, 96.7959671021, 135.88470459, 209.856109619, 133.350738525, -19.9344024658, 3.21450948715, 51.5873565674, 9.97417068481], [-588.850280762, 12.6600084305, -3.58451962471, 188.287231445, 146.285079956, 81.3164367676, 67.7135391235, 133.350738525, 235.074234009, 72.6227340698, -30.6629981995, -15.4520359039, 49.6177406311], [-230.575012207, -8.39394760132, 6.25143718719, -37.0482292175, 61.2902107239, 85.1417617798, 38.9117851257, -19.9344024658, 72.6227340698, 215.856292725, 77.3163223267, -54.4612770081, 10.7242164612], [-193.875289917, 120.760955811, -50.5325622559, -14.5241384506, 60.6828956604, 96.3091506958, 79.3049163818, 3.21450948715, -30.6629981995, 77.3163223267, 209.796768188, 70.4525146484, -39.3002281189], [9.02647781372, 39.9681472778, -11.5503454208, -54.7067718506, -41.2936248779, -47.0776939392, 13.2995691299, 51.5873565674, -15.4520359039, -54.4612770081, 70.4525146484, 227.371582031, 73.5386657715], [-392.69140625, -70.3352661133, 5.07410430908, -61.8969612122, -59.130355835, -36.8129196167, -14.4727716446, 9.97417068481, 49.6177406311, 10.7242164612, -39.3002281189, 73.5386657715, 165.254989624]], "icov": [[0.00011282266496, -0.000168120372109, 0.000170954881469, -0.000160886556841, 0.000144436125993, -9.23939078348e-05, 0.000368821521988, -0.00055059971055, 0.000741391500924, -0.000559250940569, 0.000546614232007, -0.000236968277022, 0.000276799692074], [-0.000168120372109, 0.000693374546245, -0.000514225685038, 0.00014455197379, 1.42606522786e-05, -0.000412986817537, -0.000218622924876, 0.00104840600397, -0.0014198719291, 0.0011155619286, -0.00112735072616, 0.000167774618603, -0.000192617546418], [0.000170954881469, -0.000514225685038, 0.00235662562773, -0.0022363809403, 0.00119936803821, 0.000400841061492, -0.000861028907821, -0.00127205031458, 0.00365679780953, -0.0032835979946, 0.00282409787178, -0.00113712332677, 8.99514561752e-05], [-0.000160886556841, 0.00014455197379, -0.0022363809403, 0.00431713275611, -0.00310207088478, -0.000729785184376, 0.00210335385054, 9.71378176473e-05, -0.00386382010765, 0.00418317364529, -0.00277569168247, 0.00173412298318, -0.000272450852208], [0.000144436125993, 1.42606522786e-05, 0.00119936803821, -0.00310207088478, 0.0051603903994, -0.0012353368802, -0.00111389625818, 0.00040994345909, 0.000653407536447, -0.00235906569287, 0.00146262696944, -0.00152610079385, 0.00158339680638], [-9.23939078348e-05, -0.000412986817537, 0.000400841061492, -0.000729785184376, -0.0012353368802, 0.00651060184464, -0.00589165557176, 0.0015253246529, 0.00018008009647, -0.000679801858496, -0.000639726873487, 0.0014415900223, -0.00108431314584], [0.000368821521988, -0.000218622924876, -0.000861028907821, 0.00210335385054, -0.00111389625818, -0.00589165557176, 0.0130884340033, -0.00811970792711, 0.00266603729688, -2.69511765509e-05, -0.00116945256013, 0.000623103464022, 0.000168828715687], [-0.00055059971055, 0.00104840600397, -0.00127205031458, 9.71378176473e-05, 0.00040994345909, 0.0015253246529, -0.00811970792711, 0.0184896085411, -0.0134542621672, 0.00656863674521, -0.00249414378777, -0.0027923360467, 0.00213549146429], [0.000741391500924, -0.0014198719291, 0.00365679780953, -0.00386382010765, 0.000653407536447, 0.00018008009647, 0.00266603729688, -0.0134542621672, 0.0210369192064, -0.0122865745798, 0.00855934619904, -0.000942285754718, -0.00214673671871], [-0.000559250940569, 0.0011155619286, -0.0032835979946, 0.00418317364529, -0.00235906569287, -0.000679801858496, -2.69511765509e-05, 0.00656863674521, -0.0122865745798, 0.0164530575275, -0.0114209549502, 0.00639098417014, -0.00351960281841], [0.000546614232007, -0.00112735072616, 0.00282409787178, -0.00277569168247, 0.00146262696944, -0.000639726873487, -0.00116945256013, -0.00249414378777, 0.00855934619904, -0.0114209549502, 0.0162890963256, -0.0087404018268, 0.00605619745329], [-0.000236968277022, 0.000167774618603, -0.00113712332677, 0.00173412298318, -0.00152610079385, 0.0014415900223, 0.000623103464022, -0.0027923360467, -0.000942285754718, 0.00639098417014, -0.0087404018268, 0.0118962852284, -0.00731336185709], [0.000276799692074, -0.000192617546418, 8.99514561752e-05, -0.000272450852208, 0.00158339680638, -0.00108431314584, 0.000168828715687, 0.00213549146429, -0.00214673671871, -0.00351960281841, 0.00605619745329, -0.00731336185709, 0.0123007996008]]}, "spectral_contrast_coeffs": {"dmean": [0.0596777647734, 0.0520594865084, 0.0383236892521, 0.0377631932497, 0.0217525437474, 0.0219888295978], "dmean2": [0.0917779132724, 0.0782224610448, 0.0583189837635, 0.0580013170838, 0.0346305295825, 0.0337421707809], "dvar": [0.00382360513322, 0.00273582316004, 0.00128108286299, 0.00167425058316, 0.000595456163865, 0.000644081737846], "dvar2": [0.00807095691562, 0.00587433157489, 0.00274313590489, 0.00338226789609, 0.00142593414057, 0.00132313603535], "max": [-0.232009649277, -0.351367682219, -0.474710434675, -0.402929872274, -0.549199879169, -0.580564796925], "mean": [-0.610065579414, -0.761209607124, -0.822170853615, -0.803548693657, -0.834133923054, -0.77637141943], "median": [-0.603453397751, -0.771173000336, -0.833669185638, -0.829685926437, -0.83561205864, -0.772971510887], "min": [-0.979376971722, -0.976085782051, -0.980624675751, -0.959120810032, -0.955971419811, -0.956997990608], "var": [0.0232877470553, 0.0132249025628, 0.0068189795129, 0.0095202382654, 0.00278193783015, 0.00478525040671]}, "spectral_contrast_valleys": {"dmean": [0.800529360771, 0.870141088963, 0.799346506596, 0.658321022987, 0.567221581936, 0.565309584141], "dmean2": [1.12296199799, 1.19091880322, 1.1085742712, 0.860145747662, 0.785048305988, 0.732284128666], "dvar": [1.00141513348, 1.22943413258, 0.909563601017, 0.711524069309, 0.848756968975, 0.717519938946], "dvar2": [1.6520639658, 2.29961466789, 1.57318782806, 1.21243596077, 1.4943779707, 1.18300354481], "max": [-5.1304807663, -4.01655197144, -5.5127964