{"lowlevel": {"average_loudness": 0.94259750843, "barkbands_crest": {"dmean": 2.53728103638, "dmean2": 4.01522064209, "dvar": 6.53979063034, "dvar2": 15.2536001205, "max": 24.8392219543, "mean": 10.5666179657, "median": 9.62728786469, "min": 2.84113478661, "var": 17.04712677}, "barkbands_flatness_db": {"dmean": 0.0201893653721, "dmean2": 0.0308576188982, "dvar": 0.000514291459695, "dvar2": 0.00111111160368, "max": 0.447392940521, "mean": 0.172506988049, "median": 0.167934194207, "min": 0.0227455869317, "var": 0.00279873376712}, "barkbands_kurtosis": {"dmean": 3.07231235504, "dmean2": 4.79579591751, "dvar": 42.4135017395, "dvar2": 104.051200867, "max": 133.506195068, "mean": 5.53790998459, "median": 3.32838726044, "min": -1.73225855827, "var": 68.5565414429}, "barkbands_skewness": {"dmean": 0.500693142414, "dmean2": 0.752687871456, "dvar": 0.42025077343, "dvar2": 0.915888309479, "max": 9.99440193176, "mean": 1.65432798862, "median": 1.46971595287, "min": -2.26121664047, "var": 1.26914489269}, "barkbands_spread": {"dmean": 2.72974205017, "dmean2": 4.27336263657, "dvar": 11.4879512787, "dvar2": 27.9267921448, "max": 99.1943969727, "mean": 12.9750528336, "median": 11.5403385162, "min": 1.12865388393, "var": 72.8662643433}, "dissonance": {"dmean": 0.0223856214434, "dmean2": 0.0373219698668, "dvar": 0.00042414519703, "dvar2": 0.00112792197615, "max": 0.499999910593, "mean": 0.446158051491, "median": 0.451095551252, "min": 0.265244215727, "var": 0.0010787305655}, "dynamic_complexity": 3.3118224144, "erbbands_crest": {"dmean": 2.49336123466, "dmean2": 3.75951576233, "dvar": 6.13086557388, "dvar2": 13.3844308853, "max": 31.7022609711, "mean": 12.0565652847, "median": 10.6230783463, "min": 2.51112771034, "var": 34.2723312378}, "erbbands_flatness_db": {"dmean": 0.0174565259367, "dmean2": 0.0242655090988, "dvar": 0.000431221356848, "dvar2": 0.00083068292588, "max": 0.385740846395, "mean": 0.187171638012, "median": 0.186617091298, "min": 0.039021614939, "var": 0.00248843897134}, "erbbands_kurtosis": {"dmean": 1.0414223671, "dmean2": 1.57464420795, "dvar": 2.35456156731, "dvar2": 5.18557167053, "max": 33.9069366455, "mean": 1.60795354843, "median": 0.724821567535, "min": -1.75062704086, "var": 9.70088005066}, "erbbands_skewness": {"dmean": 0.289855271578, "dmean2": 0.437347561121, "dvar": 0.078421227634, "dvar2": 0.170698747039, "max": 5.16615343094, "mean": 0.814798176289, "median": 0.784115731716, "min": -2.77190971375, "var": 0.527141928673}, "erbbands_spread": {"dmean": 5.41581201553, "dmean2": 8.17321109772, "dvar": 42.7760238647, "dvar2": 99.1534500122, "max": 116.37663269, "mean": 27.9133720398, "median": 25.4375476837, "min": 2.90536999702, "var": 197.133468628}, "hfc": {"dmean": 4.1366891861, "dmean2": 6.10700845718, "dvar": 32.9855079651, "dvar2": 75.919708252, "max": 97.0798416138, "mean": 17.5149536133, "median": 16.0780982971, "min": 1.21713817021e-16, "var": 138.059188843}, "melbands_crest": {"dmean": 3.28970742226, "dmean2": 4.97179794312, "dvar": 9.41780948639, "dvar2": 20.7908878326, "max": 34.52917099, "mean": 14.5684833527, "median": 13.4842948914, "min": 1.72275722027, "var": 30.1406116486}, "melbands_flatness_db": {"dmean": 0.023565242067, "dmean2": 0.0358961187303, "dvar": 0.000726927479263, "dvar2": 0.00150661030784, "max": 0.622831344604, "mean": 0.256276786327, "median": 0.248840734363, "min": 0.0049790609628, "var": 0.00410503800958}, "melbands_kurtosis": {"dmean": 5.95847797394, "dmean2": 9.33506298065, "dvar": 169.616760254, "dvar2": 418.236602783, "max": 250.851959229, "mean": 11.3477945328, "median": 6.35496044159, "min": -1.79847598076, "var": 282.57208252}, "melbands_skewness": {"dmean": 0.646484255791, "dmean2": 0.959069013596, "dvar": 0.714290440083, "dvar2": 1.54873394966, "max": 13.2392654419, "mean": 2.24679589272, "median": 1.94832193851, "min": -1.59666490555, "var": 2.30772829056}, "melbands_spread": {"dmean": 3.24284434319, "dmean2": 5.03418207169, "dvar": 19.6716747284, "dvar2": 43.7673721313, "max": 144.413208008, "mean": 13.8991193771, "median": 12.6385555267, "min": 0.81757324934, "var": 81.997795105}, "pitch_salience": {"dmean": 0.066102065146, "dmean2": 0.104777358472, "dvar": 0.00426569534466, "dvar2": 0.00989058148116, "max": 0.878006458282, "mean": 0.516801655293, "median": 0.520658671856, "min": 0.115025378764, "var": 0.0125303901732}, "silence_rate_20dB": {"dmean": 0, "dmean2": 0, "dvar": 0, "dvar2": 0, "max": 1, "mean": 1, "median": 1, "min": 1, "var": 0}, "silence_rate_30dB": {"dmean": 0.0710382536054, "dmean2": 0.142090365291, "dvar": 0.0659924969077, "dvar2": 0.135559082031, "max": 1, "mean": 0.924090147018, "median": 1, "min": 0, "var": 0.0701444521546}, "silence_rate_60dB": {"dmean": 0.00761124119163, "dmean2": 0.0152239678428, "dvar": 0.00755552621558, "dvar2": 0.0192838720977, "max": 1, "mean": 0.0527856387198, "median": 0, "min": 0, "var": 0.0499926172197}, "spectral_centroid": {"dmean": 125.599273682, "dmean2": 194.862823486, "dvar": 32310.1132812, "dvar2": 69110.2578125, "max": 11233.2783203, "mean": 869.891601562, "median": 778.330383301, "min": 181.3618927, "var": 164299.046875}, "spectral_complexity": {"dmean": 2.77224826813, "dmean2": 4.50453805923, "dvar": 12.2594442368, "dvar2": 29.868314743, "max": 49, "mean": 16.4415073395, "median": 17, "min": 0, "var": 40.5204696655}, "spectral_decrease": {"dmean": 4.54176918296e-09, "dmean2": 6.82858747325e-09, "dvar": 6.51743214692e-17, "dvar2": 1.47129847931e-16, "max": 9.55902013383e-19, "mean": -1.15915739229e-08, "median": -9.27137300266e-09, "min": -8.54726849298e-08, "var": 1.02834623914e-16}, "spectral_energy": {"dmean": 0.0174450036138, "dmean2": 0.0262018386275, "dvar": 0.000946880783886, "dvar2": 0.00213681580499, "max": 0.325522959232, "mean": 0.0453378893435, "median": 0.0366906672716, "min": 1.11248829208e-20, "var": 0.00151338987052}, "spectral_energyband_high": {"dmean": 0.000133986803121, "dmean2": 0.000216437532799, "dvar": 1.05773949599e-07, "dvar2": 2.8247657724e-07, "max": 0.00563665945083, "mean": 0.000279290718026, "median": 0.000155295361765, "min": 8.11627516774e-21, "var": 1.60778014902e-07}, "spectral_energyband_low": {"dmean": 0.0143733136356, "dmean2": 0.0220895893872, "dvar": 0.000888121197931, "dvar2": 0.00203050975688, "max": 0.307063907385, "mean": 0.0223978776485, "median": 0.00956770218909, "min": 8.40310476568e-23, "var": 0.00117733119987}, "spectral_energyband_middle_high": {"dmean": 0.00121404684614, "dmean2": 0.00182295008563, "dvar": 4.01364286517e-06, "dvar2": 8.46992315928e-06, "max": 0.0680053606629, "mean": 0.00416645826772, "median": 0.00296505866572, "min": 1.73900122921e-21, "var": 1.96630808205e-05}, "spectral_energyband_middle_low": {"dmean": 0.00480709224939, "dmean2": 0.00711710890755, "dvar": 3.66054518963e-05, "dvar2": 8.434420306e-05, "max": 0.118089966476, "mean": 0.019876986742, "median": 0.0172061566263, "min": 3.42827968465e-22, "var": 0.00020462210523}, "spectral_entropy": {"dmean": 0.149505853653, "dmean2": 0.226333469152, "dvar": 0.0334166549146, "dvar2": 0.0726317688823, "max": 9.80012130737, "mean": 7.1364979744, "median": 7.12361955643, "min": 4.98357057571, "var": 0.166332393885}, "spectral_flux": {"dmean": 0.038551967591, "dmean2": 0.0608980879188, "dvar": 0.00308981211856, "dvar2": 0.00683623598889, "max": 0.498183846474, "mean": 0.0874557569623, "median": 0.067867860198, "min": 1.05474559642e-10, "var": 0.0045827711001}, "spectral_kurtosis": {"dmean": 2.74732375145, "dmean2": 4.80742263794, "dvar": 17.6593666077, "dvar2": 54.1051330566, "max": 202.005645752, "mean": 7.18022727966, "median": 5.65267086029, "min": -1.23484873772, "var": 78.2808227539}, "spectral_rms": {"dmean": 0.00112627551425, "dmean2": 0.00163509964477, "dvar": 2.61936020252e-06, "dvar2": 5.40380415259e-06, "max": 0.0178208686411, "mean": 0.00608384190127, "median": 0.00598295684904, "min": 3.2944716833e-12, "var": 7.21884862287e-06}, "spectral_rolloff": {"dmean": 173.388366699, "dmean2": 293.070617676, "dvar": 196683.828125, "dvar2": 406764.46875, "max": 19035.3515625, "mean": 809.999572754, "median": 667.529296875, "min": 64.599609375, "var": 1262430}, "spectral_skewness": {"dmean": 0.280301183462, "dmean2": 0.47673162818, "dvar": 0.0923421010375, "dvar2": 0.264259248972, "max": 11.1094751358, "mean": 1.87271678448, "median": 1.8005437851, "min": -0.0289916098118, "var": 0.473329722881}, "spectral_spread": {"dmean": 310308.09375, "dmean2": 468522.21875, "dvar": 230216335360, "dvar2": 368250257408, "max": 40960468, "mean": 3510337.5, "median": 3350830.75, "min": 449790.8125, "var": 1375556206590.0}, "spectral_strongpeak": {"dmean": 0.503804206848, "dmean2": 0.854556441307, "dvar": 0.67998868227, "dvar2": 1.50683152676, "max": 13.2504520416, "mean": 1.14921450615, "median": 0.562140464783, "min": 0, "var": 1.91128385067}, "zerocrossingrate": {"dmean": 0.00511094368994, "dmean2": 0.00627050921321, "dvar": 5.70164847886e-05, "dvar2": 6.8216737418e-05, "max": 0.50927734375, "mean": 0.0360613502562, "median": 0.03271484375, "min": 0.001953125, "var": 0.000817274325527}, "barkbands": {"dmean": [0.00117224594578, 0.0117088425905, 0.0029655310791, 0.00105533737224, 0.00159300048836, 0.00163315923419, 0.000980571028776, 0.00129910290707, 0.00101361179259, 0.000588683702517, 0.000287246773951, 0.000257545121713, 0.000312708114507, 0.000194936379557, 0.000162839351106, 0.000119394149806, 0.000118169700727, 6.89660082571e-05, 7.94813240645e-05, 7.57419038564e-05, 4.97239816468e-05, 3.09794486384e-05, 1.4844058569e-05, 8.73361477716e-06, 4.8684282774e-06, 3.60362719221e-06, 2.18240279537e-06], "dmean2": [0.00176158791874, 0.0184041056782, 0.00484872702509, 0.00168266554829, 0.00239086803049, 0.00250604189932, 0.0015002269065, 0.00178829487413, 0.0013857394224, 0.000844840251375, 0.000439443072537, 0.000397957541281, 0.000475787150208, 0.000309590250254, 0.000265495706117, 0.000196486595087, 0.000193238287466, 0.000115401511721, 0.000128484010929, 0.000127479797811, 8.14451632323e-05, 5.21532165294e-05, 2.45875271503e-05, 1.37346405609e-05, 7.37232949177e-06, 5.74626483285e-06, 3.58767306352e-06], "dvar": [5.9636813603e-06, 0.000679867807776, 3.19741739077e-05, 2.9892260045e-06, 5.50786853637e-06, 8.89812054083e-06, 4.89898366141e-06, 6.91799550623e-06, 5.06873584527e-06, 2.02696037377e-06, 6.7428283046e-07, 3.90605208622e-07, 1.50367407059e-06, 3.37641978376e-07, 8.5317580556e-08, 4.28624957749e-08, 3.94503345547e-08, 1.54054990986e-08, 2.10166817283e-08, 2.06738377528e-08, 1.66166973514e-08, 7.00461155745e-09, 1.57519797206e-09, 6.69841071499e-10, 2.26838228756e-10, 1.37076336393e-10, 4.94012192265e-11], "dvar2": [1.24605130623e-05, 0.00160175538622, 8.54813406477e-05, 7.69157122704e-06, 1.30345197249e-05, 2.4351364118e-05, 1.12557290777e-05, 1.26638769871e-05, 9.02643660083e-06, 3.89034039472e-06, 1.42758131005e-06, 8.24005724098e-07, 3.13140117214e-06, 7.57254781547e-07, 2.07850803235e-07, 1.03527668216e-07, 9.88086270581e-08, 4.04519475694e-08, 5.59051933635e-08, 5.34511563899e-08, 4.45183374609e-08, 1.9293336706e-08, 4.19193479928e-09, 1.61263435938e-09, 5.4816978734e-10, 3.71939479216e-10, 1.22728160967e-10], "max": [0.0243096500635, 0.253696769476, 0.0716705992818, 0.0320242866874, 0.0407478660345, 0.0733297616243, 0.0599991753697, 0.106778264046, 0.0675284788013, 0.0441128797829, 0.0348686948419, 0.0166243668646, 0.0662709325552, 0.0385835617781, 0.00977866537869, 0.00551598053426, 0.00394289707765, 0.00290745217353, 0.00528419110924, 0.0040103700012, 0.00280584814027, 0.00121178943664, 0.000891209230758, 0.000974130060058, 0.000589277653489, 0.000332216266543, 0.00025329561322], "mean": [0.00171708606649, 0.0148059949279, 0.00496773095801, 0.00202649948187, 0.00387318246067, 0.00383982271887, 0.00239608786069, 0.003884594189, 0.00288727297448, 0.00146291241981, 0.00054054899374, 0.000471982144518, 0.000735040579457, 0.000365500309272, 0.000293311750283, 0.000216880158405, 0.000217261651414, 0.000121736426081, 0.00016601641255, 0.000136318078148, 9.22976032598e-05, 5.49094984308e-05, 2.79719824903e-05, 1.84448508662e-05, 9.71881490841e-06, 5.70513202547e-06, 3.15106012749e-06], "median": [0.000238987413468, 0.00396010279655, 0.00248850160278, 0.0011686970247, 0.0026652016677, 0.00204161345027, 0.000934736512136, 0.00148178602103, 0.000630794384051, 0.000455354049336, 0.000181528041139, 0.000164690965903, 0.000166075129528, 0.000143493627547, 0.000160911411513, 0.000125214559375, 0.000117925854283, 6.72014066367e-05, 9.72489797277e-05, 7.101411029e-05, 4.39920913777e-05, 2.2976028049e-05, 9.51576112129e-06, 5.6000535551e-06, 2.67812720267e-06, 8.15693510958e-07, 1.7732942581e-07], "min": [5.2074396516e-23, 4.42491645489e-23, 5.320357596e-24, 8.22161485044e-24, 3.07906421477e-23, 7.66107506142e-23, 6.8003060137e-23, 7.44899643348e-23, 7.64747825486e-23, 6.03048694855e-23, 9.54182295802e-23, 8.51114084438e-23, 1.03844519914e-22, 6.41769963942e-23, 1.2642063986e-22, 1.28749723284e-22, 2.33132555569e-22, 3.43508130649e-22, 2.98621086861e-22, 3.55051248285e-22, 3.97679196388e-22, 4.35697394772e-22, 6.5508584767e-22, 9.17103485606e-22, 1.2733100554e-21, 1.94168511698e-21, 2.40998304063e-21], "var": [1.09531410999e-05, 0.000798230059445, 5.14716448379e-05, 6.9823126978e-06, 1.63347976923e-05, 3.02718726743e-05, 1.83384290722e-05, 4.3427626224e-05, 3.33624266204e-05, 1.13078349386e-05, 1.6026326648e-06, 1.20786694424e-06, 7.07910794517e-06, 1.1540421383e-06, 2.06218956578e-07, 9.50258183252e-08, 9.77412781822e-08, 2.74455853599e-08, 5.37675433065e-08, 3.81180846887e-08, 2.47916620566e-08, 8.60089777177e-09, 2.61828336789e-09, 1.49715628783e-09, 5.30340549254e-10, 2.66277166983e-10, 1.21120627417e-10]}, "erbbands": {"dmean": [0.450915068388, 2.43324875832, 3.93652009964, 3.06225585938, 5.15710449219, 4.59397220612, 9.93036174774, 14.4514970779, 13.5371294022, 20.5549316406, 26.3578739166, 27.1457023621, 21.2913513184, 10.5556812286, 12.0532445908, 12.7175931931, 15.1147041321, 9.7611951828, 9.35533332825, 7.21239280701, 6.46886062622, 4.71291971207, 3.68738651276, 3.72703433037, 3.99948000908, 3.81722807884, 2.47309231758, 1.59392368793, 1.14572417736, 0.767763316631, 0.394402801991, 0.242773294449, 0.114780187607, 0.0608510188758, 0.0320561416447, 0.0173203069717, 0.0062295156531, 0.00179301772732, 0.000373643473722, 4.20440264861e-05], "dmean2": [0.697206914425, 4.0084862709, 6.6005897522, 4.83972883224, 8.0273809433, 6.98741769791, 14.2466773987, 23.0755405426, 20.2842750549, 31.6125144958, 34.9026756287, 36.6271209717, 29.9615287781, 15.9745349884, 18.2777023315, 19.3975753784, 22.8604850769, 15.4660539627, 14.8694095612, 12.0746593475, 10.4437980652, 7.71637582779, 6.19090127945, 6.06220912933, 6.51897335052, 6.38424110413, 4.05233669281, 2.66795945168, 1.94370031357, 1.27097654343, 0.648678541183, 0.393271505833, 0.179013878107, 0.092953838408, 0.0489606000483, 0.0276243910193, 0.0100115034729, 0.0028710141778, 0.000611260649748, 6.64009858156e-05], "dvar": [1.01731443405, 32.8534698486, 68.6077423096, 23.0365047455, 91.1972808838, 45.6685371399, 325.393981934, 879.232727051, 861.393859863, 1816.3840332, 3568.0847168, 3744.75756836, 2624.10742188, 1031.73803711, 967.331481934, 936.313049316, 3837.36889648, 438.460662842, 567.267150879, 115.06729126, 112.647079468, 58.1554374695, 39.5890884399, 42.0370178223, 56.9145431519, 55.9727210999, 29.0738811493, 23.184425354, 11.4901990891, 3.72836685181, 1.08392488956, 0.563974261284, 0.0833054333925, 0.0399606823921, 0.0107329813763, 0.00293776043691, 0.000413205416407, 4.01407487516e-05, 1.54925567131e-06, 8.84629525189e-09], "dvar2": [2.1678571701, 87.6479492188, 188.505630493, 59.527973175, 230.460083008, 110.577445984, 623.770385742, 2618.12475586, 2021.08483887, 4239.10546875, 6016.1015625, 6654.03515625, 5014.18701172, 2120.65649414, 2000.45178223, 1917.14294434, 8029.62646484, 944.515869141, 1333.09960938, 304.653015137, 262.066345215, 144.858093262, 105.080215454, 109.161888123, 146.042129517, 143.477630615, 75.2593917847, 64.8637924194, 32.3634529114, 9.56962299347, 2.88008522987, 1.45398199558, 0.194853559136, 0.101271390915, 0.0249505210668, 0.00728750927374, 0.00117144500837, 0.000113487381896, 3.78745176022e-06, 2.28686172221e-08], "max": [9.58674430847, 57.6745529175, 91.8978118896, 58.9065322876, 203.521881104, 152.180679321, 552.651916504, 747.382568359, 783.796447754, 1728.98620605, 1916.13232422, 1862.25354004, 1656.68347168, 1674.67810059, 1152.55273438, 833.222839355, 3499.33398438, 750.683654785, 1349.40576172, 236.52305603, 379.126068115, 171.938705444, 127.83644104, 196.932723999, 224.79057312, 272.343658447, 130.367019653, 105.767715454, 52.0144691467, 56.649646759, 28.0017356873, 22.8019771576, 8.60599803925, 7.72039365768, 5.29969549179, 1.84773206711, 0.626406490803, 0.213022053242, 0.0509378649294, 0.00243559922092], "mean": [0.547258973122, 2.82319378853, 5.90484142303, 6.47437620163, 10.0499420166, 11.1792554855, 24.5928573608, 31.2807559967, 33.9122085571, 53.193397522, 85.0818023682, 82.0626525879, 57.4031982422, 23.4890213013, 24.7884159088, 25.5079288483, 36.6133003235, 20.154958725, 18.0763530731, 13.7018108368, 12.7795419693, 9.208152771, 7.16297340393, 7.75313282013, 8.16402626038, 6.87345266342, 4.74037647247, 2.76829457283, 1.92486786842, 1.44806611538, 0.781961262226, 0.481772333384, 0.245528101921, 0.123876869678, 0.062262378633, 0.0285775940865, 0.00954231619835, 0.00261258380488, 0.000570892647374, 8.37694315123e-05], "median": [0.087612092495, 0.915515363216, 2.93303561211, 4.33238983154, 5.28054571152, 7.38968372345, 12.0192089081, 15.0898151398, 15.1441287994, 24.0243740082, 31.1687431335, 24.4237289429, 19.8545417786, 9.7169675827, 10.2556438446, 9.48130226135, 9.23613929749, 9.8643693924, 8.12498378754, 9.14012622833, 7.97627162933, 5.57380819321, 4.5438375473, 4.86182975769, 4.51760101318, 3.65954899788, 2.3764128685, 1.33253407478, 0.858922064304, 0.534357786179, 0.25672313571, 0.147483423352, 0.0780360400677, 0.0366548858583, 0.0155085464939, 0.00516058830544, 0.00125383306295, 0.00024895943352, 5.61733213544e-05, 5.03747978655e-05], "min": [2.70705578918e-21, 4.96993093749e-21, 3.9000293607e-21, 2.30347796299e-20, 6.03485125525e-20, 6.1365279084e-20, 5.1741264009e-19, 4.84532159042e-19, 1.03529987506e-18, 7.89163753492e-19, 1.98901347873e-18, 2.20735028296e-18, 1.12037085156e-18, 2.87582947075e-18, 5.27737467137e-18, 3.02341979193e-18, 5.24234936269e-18, 2.7911782884e-18, 7.09828002742e-18, 5.95018683801e-18, 6.68069526596e-18, 1.50995567336e-17, 1.74830313466e-17, 1.46872253962e-17, 1.87860045931e-17, 1.76341291203e-17, 1.05610590765e-17, 1.87307340389e-17, 1.7525882611e-17, 2.37858746446e-17, 1.60257525198e-17, 1.21285390403e-17, 2.00663395606e-17, 1.49157770538e-17, 8.93819937062e-18, 6.03086259033e-18, 3.7628065562e-18, 1.63593350221e-18, 3.83753643088e-19, 3.1697134558e-20], "var": [1.37853229046, 28.8661231995, 79.3993530273, 47.2674369812, 192.702560425, 150.216964722, 1486.71618652, 2466.40307617, 2927.80419922, 7572.86376953, 24051.0390625, 24444.8808594, 15184.2236328, 3390.578125, 2607.81005859, 3082.99853516, 17692.8457031, 1290.99230957, 1863.41101074, 245.702163696, 308.002105713, 141.77507019, 71.3377761841, 110.150856018, 137.022918701, 102.605422974, 53.0942726135, 25.4508419037, 11.8614692688, 6.55159139633, 1.99733185768, 1.0152412653, 0.234996154904, 0.0823198258877, 0.0258157663047, 0.00574918556958, 0.000778707792051, 7.7515738667e-05, 4.16782268076e-06, 1.58839696951e-08]}, "gfcc": {"mean": [-20.4562358856, 136.419754028, -117.71383667, 26.9320430756, -53.6539306641, 0.28664162755, -22.7010631561, 3.57887578011, -12.1045608521, 0.974898278713, -10.9811162949, -7.60574054718, -7.65801239014], "cov": [[11654.9355469, -533.690246582, -70.3680114746, 880.689086914, -197.446914673, 234.008224487, -80.6103591919, 102.543067932, -18.8974323273, 198.902877808, -52.8577766418, 74.6763763428, -71.0068283081], [-533.690246582, 1359.6673584, -330.152801514, 104.356079102, 185.641159058, -173.05645752, 196.559738159, -124.344665527, 172.438217163, -101.73274231, 143.477127075, -115.185539246, 125.257621765], [-70.3680114746, -330.152801514, 718.203491211, -4.46920204163, 95.9337921143, 158.038757324, -19.4432106018, 133.691207886, -20.3138179779, 69.9406967163, -22.5354747772, 84.2240905762, -37.4154281616], [880.689086914, 104.356079102, -4.46920204163, 350.481811523, 88.9579467773, 33.0240020752, 89.8447113037, 10.5778751373, 48.1408195496, 6.60010814667, 22.5173683167, -9.17006492615, 46.395198822], [-197.446914673, 185.641159058, 95.9337921143, 88.9579467773, 285.558929443, -1.70783245564, 89.9625701904, 9.15915870667, 26.0847873688, 22.0658512115, 39.4387359619, 3.72820615768, 25.5743370056], [234.008224487, -173.05645752, 158.038757324, 33.0240020752, -1.70783245564, 204.748703003, 5.36050844193, 62.999206543, -6.53359508514, 25.1307411194, 1.74344062805, 30.6140708923, -13.8350772858], [-80.6103591919, 196.559738159, -19.4432106018, 89.8447113037, 89.9625701904, 5.36050844193, 156.228866577, 31.1178588867, 62.0281524658, -5.36112165451, 22.7783432007, -10.7308578491, 43.0323371887], [102.543067932, -124.344665527, 133.691207886, 10.5778751373, 9.15915870667, 62.999206543, 31.1178588867, 123.180679321, 27.7739715576, 28.9022407532, -13.2435293198, 18.3164787292, -0.652735471725], [-18.8974323273, 172.438217163, -20.3138179779, 48.1408195496, 26.0847873688, -6.53359508514, 62.0281524658, 27.7739715576, 112.62852478, 14.0907478333, 31.2842750549, -13.9270086288, 22.034330368], [198.902877808, -101.73274231, 69.9406967163, 6.60010814667, 22.0658512115, 25.1307411194, -5.36112165451, 28.9022407532, 14.0907478333, 84.8823471069, 23.4390010834, 17.5842990875, -15.1848459244], [-52.8577766418, 143.477127075, -22.5354747772, 22.5173683167, 39.4387359619, 1.74344062805, 22.7783432007, -13.2435293198, 31.2842750549, 23.4390010834, 91.6973724365, 14.3097162247, 18.0988674164], [74.6763763428, -115.185539246, 84.2240905762, -9.17006492615, 3.72820615768, 30.6140708923, -10.7308578491, 18.3164787292, -13.9270086288, 17.5842990875, 14.3097162247, 76.8708190918, 11.3017253876], [-71.0068283081, 125.257621765, -37.4154281616, 46.395198822, 25.5743370056, -13.8350772858, 43.0323371887, -0.652735471725, 22.034330368, -15.1848459244, 18.0988674164, 11.3017253876, 84.7954559326]], "icov": [[0.000137388837175, -9.24108462641e-05, 0.000100681652839, -0.000472745363368, 0.000173418069608, -7.12093315087e-05, 0.00019592269382, -0.000161187024787, 0.00016125010734, -0.000426709506428, 0.000272113538813, -0.000314341130434, 0.000255550286965], [-9.24108462641e-05, 0.00237762136385, -0.000142466218676, 0.000695332011674, -0.000935643736739, 0.000687475898303, -0.00114808161743, 0.00165046693292, -0.00231614010409, 0.00290454784408, -0.00314152101055, 0.00285004591569, -0.0016304947203], [0.000100681652839, -0.000142466218676, 0.00254632183351, -0.000295637029922, -0.00104762939736, -0.00108120613731, 0.00103251938708, -0.00198597810231, 0.000241123008891, -0.000893688295037, 0.0011945720762, -0.00215753889643, 0.000990238739178], [-0.000472745363368, 0.000695332011674, -0.000295637029922, 0.00536831049249, -0.00136502413079, -0.000616682809778, -0.00207422627136, 0.00149245560169, -0.00155079283286, 0.0013248558389, -0.00106232566759, 0.00211790855974, -0.00253078434616], [0.000173418069608, -0.000935643736739, -0.00104762939736, -0.00136502413079, 0.00581489596516, 0.000584979716223, -0.00259289750829, 0.000271221069852, 0.00210676924326, -0.00253665260971, -0.000284102628939, -0.000601978274062, 0.000610710179899], [-7.12093315087e-05, 0.000687475898303, -0.00108120613731, -0.000616682809778, 0.000584979716223, 0.00713581824675, -0.000961145269684, -0.00208923686296, 0.000688024505507, 0.00098666374106, -0.00230298610404, -7.8023673268e-05, 0.000744562828913], [0.00019592269382, -0.00114808161743, 0.00103251938708, -0.00207422627136, -0.00259289750829, -0.000961145269684, 0.0131060220301, -0.00416595535353, -0.00289437011816, 0.000582168751862, 0.00125918467529, -0.000564699410461, -0.0019446312217], [-0.000161187024787, 0.00165046693292, -0.00198597810231, 0.00149245560169, 0.000271221069852, -0.00208923686296, -0.00416595535353, 0.0156534593552, -0.00524938292801, -0.0013615929056, 0.00208272319287, 0.000739823211916, -0.00187681952957], [0.00016125010734, -0.00231614010409, 0.000241123008891, -0.00155079283286, 0.00210676924326, 0.000688024505507, -0.00289437011816, -0.00524938292801, 0.0165946874768, -0.00479979300871, -0.00143545004539, 0.000698512070812, 0.000458143767901], [-0.000426709506428, 0.00290454784408, -0.000893688295037, 0.0013248558389, -0.00253665260971, 0.00098666374106, 0.000582168751862, -0.0013615929056, -0.00479979300871, 0.0209055431187, -0.00889109820127, 0.00182278093416, 0.00149876135401], [0.000272113538813, -0.00314152101055, 0.0011945720762, -0.00106232566759, -0.000284102628939, -0.00230298610404, 0.00125918467529, 0.00208272319287, -0.00143545004539, -0.00889109820127, 0.0205858983099, -0.0079297600314, 0.000507561548147], [-0.000314341130434, 0.00285004591569, -0.00215753889643, 0.00211790855974, -0.000601978274062, -7.8023673268e-05, -0.000564699410461, 0.000739823211916, 0.000698512070812, 0.00182278093416, -0.0079297600314, 0.0222584940493, -0.0072521539405], [0.000255550286965, -0.0016304947203, 0.000990238739178, -0.00253078434616, 0.000610710179899, 0.000744562828913, -0.0019446312217, -0.00187681952957, 0.000458143767901, 0.00149876135401, 0.000507561548147, -0.0072521539405, 0.0181545428932]]}, "melbands": {"dmean": [0.00348771503195, 0.00242921663448, 0.000578047009185, 0.000341867678799, 0.000313215481583, 0.000318050791975, 0.000205359639949, 0.000233918821323, 0.000208012163057, 0.000162263168022, 0.000104293772893, 4.39148243458e-05, 4.02043406211e-05, 3.46897104464e-05, 3.26417211909e-05, 2.67246559815e-05, 1.96626078832e-05, 1.59638493642e-05, 9.03937143448e-06, 1.07886353362e-05, 8.2786054918e-06, 6.13204611e-06, 3.79464836442e-06, 3.90586637877e-06, 3.23515610035e-06, 3.04978220811e-06, 2.61182731265e-06, 2.72402030532e-06, 1.73544219706e-06, 1.40748636568e-06, 8.60549221215e-07, 7.12537996606e-07, 5.65799325614e-07, 3.90130225014e-07, 2.45877714633e-07, 1.93867023768e-07, 1.41476917292e-07, 9.33007768822e-08, 6.10185466599e-08, 5.36587734246e-08], "dmean2": [0.00541855860502, 0.00405787723139, 0.000909721071366, 0.00052347604651, 0.000454558379715, 0.000500311609358, 0.000308157323161, 0.000354200281436, 0.000275206140941, 0.00022109085694, 0.00014753373398, 6.68672582833e-05, 6.16503384663e-05, 5.2745508583e-05, 5.00692112837e-05, 4.07902771258e-05, 3.13281052513e-05, 2.5315423045e-05, 1.48992521645e-05, 1.80097777047e-05, 1.32975337692e-05, 9.96485869109e-06, 6.4417890826e-06, 6.53029246678e-06, 5.27369411429e-06, 4.98566350871e-06, 4.30929594586e-06, 4.59643251816e-06, 2.892689281e-06, 2.30064392781e-06, 1.47330888467e-06, 1.22389292301e-06, 9.38581138143e-07, 6.52722121686e-07, 4.03024245088e-07, 3.22254663843e-07, 2.29531906371e-07, 1.48058504124e-07, 9.53380734359e-08, 8.33893309959e-08], "dvar": [5.87715985603e-05, 2.95733734674e-05, 7.95022970124e-07, 3.06205066636e-07, 2.80320080037e-07, 3.8579597117e-07, 2.03273472721e-07, 2.19603535356e-07, 2.01127505761e-07, 1.36734257694e-07, 6.51564207033e-08, 1.92641493868e-08, 1.3052446235e-08, 5.94410787258e-09, 1.05414361684e-08, 1.00605408448e-08, 2.10449968563e-09, 2.34428587653e-09, 2.17725740215e-10, 3.0548555352e-10, 2.02371425173e-10, 1.13616595299e-10, 3.90945643913e-11, 5.64459867736e-11, 3.46428580267e-11, 3.33144969944e-11, 2.49839194472e-11, 3.03364729171e-11, 1.29242762326e-11, 1.24730217474e-11, 6.89680387453e-12, 4.79999373582e-12, 1.88784274671e-12, 9.9611020387e-13, 4.16812309494e-13, 3.10845180975e-13, 2.92138573532e-13, 6.75402117047e-14, 2.57769642491e-14, 4.62527863503e-14], "dvar2": [0.000129324122099, 8.11662321212e-05, 2.05731998904e-06, 7.54025336391e-07, 5.66113897094e-07, 1.12082773285e-06, 4.73915264365e-07, 5.02094906096e-07, 3.40403232713e-07, 2.4591307124e-07, 1.24282536262e-07, 3.94137380511e-08, 2.74834395242e-08, 1.25719701316e-08, 2.25952874189e-08, 2.01563938873e-08, 4.59603910485e-09, 5.44440892369e-09, 5.40983480235e-10, 7.84258491482e-10, 4.72392680528e-10, 2.78573969448e-10, 1.05110233017e-10, 1.48457010574e-10, 8.99806618104e-11, 8.78418587869e-11, 6.40330358181e-11, 7.74833183725e-11, 3.35208596991e-11, 3.15587556088e-11, 1.93928484382e-11, 1.37026215027e-11, 5.03074665259e-12, 2.55437511421e-12, 1.08931526993e-12, 8.52243893946e-13, 6.9521661648e-13, 1.56641491228e-13, 5.99738561222e-14, 1.21253728629e-13], "max": [0.0759218409657, 0.0570482127368, 0.0140045247972, 0.0100977802649, 0.0151785742491, 0.0155249899253, 0.0119287483394, 0.0162436440587, 0.014252293855, 0.01146626845, 0.00817318446934, 0.00736253615469, 0.00531094428152, 0.00201963912696, 0.00544738024473, 0.0059679672122, 0.0019168270519, 0.00327388732694, 0.000386257510399, 0.000317250698572, 0.000442505377578, 0.000218719927943, 0.000114065122034, 0.000221234120545, 0.00017953698989, 0.000159721865202, 0.000118290816317, 0.000193709784071, 0.00011548573093, 9.59834214882e-05, 6.3564904849e-05, 3.79546763725e-05, 3.09135575662e-05, 2.58143863903e-05, 2.17056203837e-05, 1.66615645867e-05, 2.39403398155e-05, 9.59759381658e-06, 9.039282304e-06, 8.68221468409e-06], "mean": [0.00448269583285, 0.00336555228569, 0.00125862227287, 0.000747113546822, 0.000799095316324, 0.000707719533239, 0.000512300233822, 0.000625897489954, 0.000675902236253, 0.000472085346701, 0.00026996654924, 8.96882847883e-05, 7.72071725805e-05, 6.59804427414e-05, 7.23108096281e-05, 6.31719667581e-05, 3.65416053683e-05, 3.01450218103e-05, 1.66540976352e-05, 1.91341987374e-05, 1.51880340127e-05, 1.08723797894e-05, 6.68685424898e-06, 6.70722965879e-06, 6.16054103375e-06, 5.863440947e-06, 5.12410588271e-06, 4.46267722509e-06, 3.05657681565e-06, 2.47203297477e-06, 1.32697243771e-06, 1.0795348544e-06, 1.0171638678e-06, 6.88547686423e-07, 4.67390094627e-07, 3.50092250301e-07, 2.69346969617e-07, 1.86935110946e-07, 1.21562493405e-07, 9.91974431486e-08], "median": [0.000997228664346, 0.00163304503076, 0.000891758012585, 0.000480524497107, 0.000428699480835, 0.000356392760295, 0.000216341359192, 0.000298011349514, 0.000234676161199, 0.000116567178338, 7.8813485743e-05, 3.16448458761e-05, 2.81609518424e-05, 2.43254198722e-05, 1.91847248061e-05, 1.69568975252e-05, 1.54097124323e-05, 1.20545491882e-05, 1.00770266727e-05, 1.17198969747e-05, 8.26407085697e-06, 5.80381947657e-06, 4.03307649322e-06, 3.41791087521e-06, 3.48195908373e-06, 3.10492100652e-06, 2.77673598248e-06, 2.1523317173e-06, 1.45240119309e-06, 1.03141212549e-06, 5.82049040077e-07, 4.59571140254e-07, 3.72550658767e-07, 2.37927679336e-07, 1.43969089095e-07, 1.07010684758e-07, 7.54825251192e-08, 5.34746078529e-08, 3.73519881691e-08, 2.74456830596e-08], "min": [2.07542551514e-23, 3.34257602153e-24, 4.97754507343e-24, 3.51520482e-24, 1.46024101568e-23, 1.15923086356e-23, 1.66191141283e-23, 1.0170449174e-23, 1.56187659253e-23, 1.26430240297e-23, 4.74984786732e-24, 1.07782515131e-23, 1.63007598437e-23, 1.06751734252e-23, 9.53599990236e-24, 9.29953411285e-24, 4.57767779146e-24, 1.06474425978e-23, 8.98914890108e-24, 8.83503624578e-24, 7.23076689929e-24, 1.43004768007e-23, 1.45189029191e-23, 1.68110802741e-23, 1.08731672572e-23, 1.28584201333e-23, 1.29978512983e-23, 1.14839996111e-23, 5.98825772546e-24, 7.2550188501e-24, 1.28774971566e-23, 8.74007553659e-24, 1.04833350748e-23, 1.43753412784e-23, 9.93489057453e-24, 5.63622381334e-24, 7.94565473971e-24, 1.38864305329e-23, 1.43103407175e-23, 1.1185656361e-23], "var": [7.78102476033e-05, 2.67557225015e-05, 1.68345934526e-06, 7.28906513814e-07, 1.28433759983e-06, 1.16011062801e-06, 7.11055747615e-07, 9.95779714685e-07, 1.40447366448e-06, 8.70298379141e-07, 3.76741212449e-07, 6.28443643791e-08, 3.03612388564e-08, 1.81896151474e-08, 4.76942254579e-08, 4.68105696427e-08, 5.66834534865e-09, 8.4334086381e-09, 4.81800599417e-10, 6.0237076438e-10, 5.31987343066e-10, 2.58916998952e-10, 6.89292858902e-11, 1.03160320564e-10, 8.34197294575e-11, 7.94239118918e-11, 5.86180964879e-11, 5.11362549527e-11, 2.40407260071e-11, 2.1048102497e-11, 7.06103404913e-12, 4.41495407941e-12, 2.93174924441e-12, 1.68226110125e-12, 8.37465567814e-13, 4.4948639537e-13, 5.81585777801e-13, 1.73963667365e-13, 7.45072203262e-14, 7.39690765778e-14]}, "mfcc": {"mean": [-659.837036133, 160.966430664, -3.90980553627, 31.5201034546, -5.4567399025, 4.25844526291, -2.93349766731, 1.2156419754, 2.12956261635, 7.4339838028, 1.50210189819, 2.19842147827, 0.771426737309], "cov": [[7077.02197266, 315.248352051, -67.7284164429, 255.010192871, -99.9176330566, 140.258483887, -69.260017395, 39.1963424683, -45.5701828003, 121.028945923, -7.2721247673, 3.2618060112, 24.3527812958], [315.248352051, 1128.2668457, -265.487640381, 214.477310181, 29.8043365479, 24.5842685699, 22.9400119781, -3.66478252411, 17.9541931152, 30.0120868683, 24.5797920227, 31.4077777863, 27.2828140259], [-67.7284164429, -265.487640381, 480.060791016, -80.6850814819, 79.7379760742, 20.0661354065, 32.7778015137, 59.6258544922, 31.8071727753, 11.3118600845, 16.0933971405, 20.4546890259, 21.0630836487], [255.010192871, 214.477310181, -80.6850814819, 305.13961792, 45.4816131592, 46.2642631531, 44.8168411255, 14.2822093964, 44.7448043823, 28.9325695038, 2.96779441833, 5.94488048553, 11.6802358627], [-99.9176330566, 29.8043365479, 79.7379760742, 45.4816131592, 161.892364502, 48.7044181824, 59.7455482483, 17.162776947, 11.9961986542, 8.59792137146, 19.6774082184, 18.0484256744, 15.1735534668], [140.258483887, 24.5842685699, 20.0661354065, 46.2642631531, 48.7044181824, 112.709007263, 48.2482566833, 26.0999641418, 9.04525470734, 13.1712837219, 8.56644916534, 7.83547115326, 13.209900856], [-69.260017395, 22.9400119781, 32.7778015137, 44.8168411255, 59.7455482483, 48.2482566833, 111.006439209, 35.9258956909, 28.5867824554, 11.8837804794, 4.26362371445, 9.69032382965, 15.8966522217], [39.1963424683, -3.66478252411, 59.6258544922, 14.2822093964, 17.162776947, 26.0999641418, 35.9258956909, 98.747505188, 44.9627037048, 20.7738189697, 3.45961785316, 2.74169588089, 11.191573143], [-45.5701828003, 17.9541931152, 31.8071727753, 44.7448043823, 11.9961986542, 9.04525470734, 28.5867824554, 44.9627037048, 100.826446533, 37.8965911865, 2.43261957169, 5.45455121994, 5.4387049675], [121.028945923, 30.0120868683, 11.3118600845, 28.9325695038, 8.59792137146, 13.1712837219, 11.8837804794, 20.7738189697, 37.8965911865, 82.9671554565, 30.6869087219, 7.57112979889, 3.46909570694], [-7.2721247673, 24.5797920227, 16.0933971405, 2.96779441833, 19.6774082184, 8.56644916534, 4.26362371445, 3.45961785316, 2.43261957169, 30.6869087219, 81.0475692749, 34.8773803711, -1.77412569523], [3.2618060112, 31.4077777863, 20.4546890259, 5.94488048553, 18.0484256744, 7.83547115326, 9.69032382965, 2.74169588089, 5.45455121994, 7.57112979889, 34.8773803711, 89.0134811401, 28.2245922089], [24.3527812958, 27.2828140259, 21.0630836487, 11.6802358627, 15.1735534668, 13.209900856, 15.8966522217, 11.191573143, 5.4387049675, 3.46909570694, -1.77412569523, 28.2245922089, 72.6519470215]], "icov": [[0.000165446603205, -3.02559456031e-05, -5.07025324623e-05, -0.000152436798089, 0.000173260617885, -0.000254695885815, 0.000201602393645, -0.000113453497761, 0.000283428002149, -0.00033181431354, 0.000160082519869, -5.62690838706e-05, -1.00378781553e-06], [-3.02559456031e-05, 0.00118912791368, 0.000666745414492, -0.000572518387344, -0.000349462381564, 0.000160932147992, 4.48057289759e-05, -0.000176641624421, -1.79579074029e-05, -8.02844660939e-05, -0.000277157552773, -0.000237289685174, -0.000385940162232], [-5.07025324623e-05, 0.000666745414492, 0.00310407346115, 0.000785453768913, -0.00170261901803, 0.000183109514182, 0.000172448082594, -0.00137134245597, -0.000696271657944, 8.48697382025e-05, -0.00030396389775, -0.000299655686831, -0.000606711197179], [-0.000152436798089, -0.000572518387344, 0.000785453768913, 0.00472819944844, -0.00107705313712, -0.000925139989704, -0.000774174230173, 0.000585885369219, -0.00204113381915, -0.00029500463279, 0.00031271399348, 0.000146877166117, -0.000132014218252], [0.000173260617885, -0.000349462381564, -0.00170261901803, -0.00107705313712, 0.00947621930391, -0.00217486638576, -0.0034590580035, 0.000986831029877, 0.000687528343406, 0.000367424043361, -0.00151141337119, -0.000200143127586, -0.000267077470198], [-0.000254695885815, 0.000160932147992, 0.000183109514182, -0.000925139989704, -0.00217486638576, 0.0125585878268, -0.00375840882771, -0.00191423471551, 0.00154926360119, -0.000653424067423, -0.00047957606148, 0.000162567113875, -0.000751051760744], [0.000201602393645, 4.48057289759e-05, 0.000172448082594, -0.000774174230173, -0.0034590580035, -0.00375840882771, 0.0143768908456, -0.00287170801312, -0.00166225316934, 0.000116719049402, 0.000719205418136, -0.000312643212965, -0.0010496218456], [-0.000113453497761, -0.000176641624421, -0.00137134245597, 0.000585885369219, 0.000986831029877, -0.00191423471551, -0.00287170801312, 0.0149829108268, -0.00553906802088, -0.000284875481157, -0.000434301007772, 0.00105120695662, -0.0011207110947], [0.000283428002149, -1.79579074029e-05, -0.000696271657944, -0.00204113381915, 0.000687528343406, 0.00154926360119, -0.00166225316934, -0.00553906802088, 0.0164092220366, -0.00680199684575, 0.00301323761232, -0.00155959825497, 0.00100930896588], [-0.00033181431354, -8.02844660939e-05, 8.48697382025e-05, -0.00029500463279, 0.000367424043361, -0.000653424067423, 0.000116719049402, -0.000284875481157, -0.00680199684575, 0.0186541434377, -0.00792653113604, 0.00235722516663, -0.00126624188852], [0.000160082519869, -0.000277157552773, -0.00030396389775, 0.00031271399348, -0.00151141337119, -0.00047957606148, 0.000719205418136, -0.000434301007772, 0.00301323761232, -0.00792653113604, 0.0193089731038, -0.00795663800091, 0.00411617942154], [-5.62690838706e-05, -0.000237289685174, -0.000299655686831, 0.000146877166117, -0.000200143127586, 0.000162567113875, -0.000312643212965, 0.00105120695662, -0.00155959825497, 0.00235722516663, -0.00795663800091, 0.0164817012846, -0.00650313682854], [-1.00378781553e-06, -0.000385940162232, -0.000606711197179, -0.000132014218252, -0.000267077470198, -0.000751051760744, -0.0010496218456, -0.0011207110947, 0.00100930896588, -0.00126624188852, 0.00411617942154, -0.00650313682854, 0.0173131134361]]}, "spectral_contrast_coeffs": {"dmean": [0.0466920025647, 0.0425411835313, 0.0363584831357, 0.0306161921471, 0.0210197698325, 0.0158841367811], "dmean2": [0.0761810392141, 0.0694054290652, 0.0581000596285, 0.0497298315167, 0.0343042016029, 0.0256485957652], "dvar": [0.00143172242679, 0.00126110739075, 0.000965956016444, 0.00069736992009, 0.00037525233347, 0.000243071786826], "dvar2": [0.00365922949277, 0.00326642254367, 0.00233470345847, 0.00173816923052, 0.000893606862519, 0.000575032026973], "max": [-0.327148377895, -0.383178055286, -0.467564165592, -0.441534399986, -0.585032582283, -0.569353878498], "mean": [-0.653227388859, -0.681914627552, -0.715162158012, -0.759097576141, -0.779513478279, -0.739135324955], "median": [-0.658973157406, -0.680076181889, -0.717319726944, -0.764736056328, -0.785196244717, -0.740038514137], "min": [-0.956801235676, -0.963828027248, -0.967570543289, -0.964908838272, -0.960769712925, -0.960015833378], "var": [0.00669247144833, 0.00604861974716, 0.0054407552816, 0.00414471514523, 0.00245284195989, 0.00191812368575]}, "spectral_contrast_valleys": {"dmean": [0.436585098505, 0.326434761286, 0.31727463007, 0.309725195169, 0.276714920998, 0.281545817852], "dmean2": [0.685423612595, 0.536110460758, 0.510903775692, 0.492464780807, 0.434143871069, 0.394731014967], "dvar": [0.175301477313, 0.101593948901, 0.103212796152, 0.124279655516, 0.15251301229, 0.196411758661], "dvar2": [0.361047595739, 0.227796167135, 0.22513191402, 0.257981568575, 0.323762357235, 0.379483312368], "max": [-4.86942625046, -4.6045