{"lowlevel": {"average_loudness": 0.86922365427, "barkbands_crest": {"dmean": 1.31307756901, "dmean2": 1.87093937397, "dvar": 1.67261195183, "dvar2": 3.96081781387, "max": 24.6374893188, "mean": 13.1127500534, "median": 13.1009635925, "min": 4.54990291595, "var": 13.33335495}, "barkbands_flatness_db": {"dmean": 0.0143819237128, "dmean2": 0.0231038052589, "dvar": 0.000200836395379, "dvar2": 0.000514506129548, "max": 0.480127930641, "mean": 0.309689640999, "median": 0.318692207336, "min": 0.0239996630698, "var": 0.00639517605305}, "barkbands_kurtosis": {"dmean": 1.32686412334, "dmean2": 1.90780615807, "dvar": 4.15903282166, "dvar2": 9.72523021698, "max": 61.6211242676, "mean": 3.65927958488, "median": 2.19093060493, "min": -1.2609180212, "var": 28.1948032379}, "barkbands_skewness": {"dmean": 0.315048873425, "dmean2": 0.481785237789, "dvar": 0.0912284255028, "dvar2": 0.252601146698, "max": 4.84365701675, "mean": 0.883834540844, "median": 0.865865707397, "min": -2.82739639282, "var": 0.924459159374}, "barkbands_spread": {"dmean": 1.1084215641, "dmean2": 1.68100845814, "dvar": 4.35140371323, "dvar2": 11.7811536789, "max": 75.0061416626, "mean": 6.78735876083, "median": 6.20997858047, "min": 0.626775920391, "var": 13.70997715}, "dissonance": {"dmean": 0.0371944196522, "dmean2": 0.0622271075845, "dvar": 0.00117948709521, "dvar2": 0.00321224122308, "max": 0.499675035477, "mean": 0.361309975386, "median": 0.369022428989, "min": 0.130199551582, "var": 0.00392215466127}, "dynamic_complexity": 1.64637184143, "erbbands_crest": {"dmean": 1.92636013031, "dmean2": 2.82006216049, "dvar": 3.37030959129, "dvar2": 8.50619697571, "max": 31.7266349792, "mean": 14.5083408356, "median": 13.1055679321, "min": 2.31973576546, "var": 27.3070030212}, "erbbands_flatness_db": {"dmean": 0.0098801702261, "dmean2": 0.0149297015741, "dvar": 0.000110604894871, "dvar2": 0.000232640959439, "max": 0.512218892574, "mean": 0.358541756868, "median": 0.374544560909, "min": 0.0470767468214, "var": 0.00640343921259}, "erbbands_kurtosis": {"dmean": 0.758817911148, "dmean2": 1.06929302216, "dvar": 1.52903258801, "dvar2": 3.11280560493, "max": 41.879989624, "mean": 1.01925063133, "median": 0.252932786942, "min": -1.61065900326, "var": 9.19260597229}, "erbbands_skewness": {"dmean": 0.243084445596, "dmean2": 0.330522447824, "dvar": 0.0523703917861, "dvar2": 0.116117611527, "max": 5.81676864624, "mean": 0.852574884892, "median": 0.786894440651, "min": -1.6341868639, "var": 0.519025862217}, "erbbands_spread": {"dmean": 1.48936831951, "dmean2": 2.12809586525, "dvar": 4.74206066132, "dvar2": 12.0367555618, "max": 78.0633468628, "mean": 12.7748479843, "median": 11.5270528793, "min": 2.25812506676, "var": 32.9220733643}, "hfc": {"dmean": 2.49194025993, "dmean2": 3.62167334557, "dvar": 6.68781328201, "dvar2": 18.5802497864, "max": 44.2619628906, "mean": 17.1001319885, "median": 16.5810546875, "min": 1.19365153476e-16, "var": 47.985206604}, "melbands_crest": {"dmean": 1.67408013344, "dmean2": 2.32405519485, "dvar": 3.27828383446, "dvar2": 8.15712356567, "max": 32.9386825562, "mean": 16.9927539825, "median": 15.8292627335, "min": 1.95546078682, "var": 32.4626083374}, "melbands_flatness_db": {"dmean": 0.0140151223168, "dmean2": 0.0217988044024, "dvar": 0.000235795567278, "dvar2": 0.000526017218363, "max": 0.607278287411, "mean": 0.390572845936, "median": 0.400818407536, "min": 0.00335634942167, "var": 0.0109658325091}, "melbands_kurtosis": {"dmean": 1.86166810989, "dmean2": 2.64374375343, "dvar": 8.87648773193, "dvar2": 19.3257045746, "max": 110.279312134, "mean": 5.70562410355, "median": 3.42705202103, "min": -1.49631917477, "var": 69.8177337646}, "melbands_skewness": {"dmean": 0.280650466681, "dmean2": 0.410226851702, "dvar": 0.0842539817095, "dvar2": 0.222248345613, "max": 6.839199543, "mean": 1.29458773136, "median": 1.24146711826, "min": -1.18568050861, "var": 1.17459285259}, "melbands_spread": {"dmean": 1.60131072998, "dmean2": 2.2441842556, "dvar": 11.6608800888, "dvar2": 19.3173351288, "max": 191.96635437, "mean": 9.91910076141, "median": 8.74197387695, "min": 0.653772473335, "var": 63.9754295349}, "pitch_salience": {"dmean": 0.0479779057205, "dmean2": 0.0739266648889, "dvar": 0.00203275983222, "dvar2": 0.00550038740039, "max": 0.95045030117, "mean": 0.481544017792, "median": 0.481487989426, "min": 0.124156028032, "var": 0.00955305621028}, "silence_rate_20dB": {"dmean": 0, "dmean2": 0, "dvar": 0, "dvar2": 0, "max": 1, "mean": 1, "median": 1, "min": 1, "var": 0}, "silence_rate_30dB": {"dmean": 0.00159172306303, "dmean2": 0.00318471342325, "dvar": 0.00158919207752, "dvar2": 0.00317456759512, "max": 1, "mean": 0.994828939438, "median": 1, "min": 0, "var": 0.00514430226758}, "silence_rate_60dB": {"dmean": 0.00159172306303, "dmean2": 0.00318471342325, "dvar": 0.00158926332369, "dvar2": 0.00397065607831, "max": 1, "mean": 0.0139220366254, "median": 0, "min": 0, "var": 0.0137279881164}, "spectral_centroid": {"dmean": 49.3178329468, "dmean2": 70.0587768555, "dvar": 46508.7148438, "dvar2": 56909.0820312, "max": 11112.8251953, "mean": 679.10736084, "median": 627.816467285, "min": 296.160125732, "var": 186981.8125}, "spectral_complexity": {"dmean": 1.11977720261, "dmean2": 1.87420380116, "dvar": 1.11858010292, "dvar2": 2.69196820259, "max": 23, "mean": 12.5863170624, "median": 13, "min": 0, "var": 8.88056945801}, "spectral_decrease": {"dmean": 1.27435562103e-09, "dmean2": 1.86722659556e-09, "dvar": 2.44989411422e-18, "dvar2": 7.68020324271e-18, "max": 8.16866316549e-20, "mean": -7.63911511825e-09, "median": -6.97885482737e-09, "min": -3.56143381453e-08, "var": 1.69542958447e-17}, "spectral_energy": {"dmean": 0.00502590090036, "dmean2": 0.00736335804686, "dvar": 3.74470218958e-05, "dvar2": 0.000117099887575, "max": 0.138431221247, "mean": 0.0303828101605, "median": 0.0279392264783, "min": 1.0605625138e-20, "var": 0.000257257459452}, "spectral_energyband_high": {"dmean": 7.59753629609e-06, "dmean2": 1.20068316392e-05, "dvar": 4.83801110285e-10, "dvar2": 1.16773413161e-09, "max": 0.000597783364356, "mean": 4.89532721986e-05, "median": 1.29744307742e-06, "min": 7.62968940358e-21, "var": 1.21620074012e-08}, "spectral_energyband_low": {"dmean": 0.000201818795176, "dmean2": 0.000274432444712, "dvar": 7.83774893875e-08, "dvar2": 1.15523810962e-07, "max": 0.00579242082313, "mean": 0.00107135414146, "median": 0.000798596302047, "min": 4.98489031509e-23, "var": 8.11721974969e-07}, "spectral_energyband_middle_high": {"dmean": 0.000930552836508, "dmean2": 0.00124090781901, "dvar": 9.4467998224e-07, "dvar2": 1.98752945835e-06, "max": 0.0268424637616, "mean": 0.00521979434416, "median": 0.00476775411516, "min": 1.42383602522e-21, "var": 1.09977345346e-05}, "spectral_energyband_middle_low": {"dmean": 0.00484134210274, "dmean2": 0.0070139518939, "dvar": 3.65910600522e-05, "dvar2": 0.000115028306027, "max": 0.134908288717, "mean": 0.0247528702021, "median": 0.022127866745, "min": 3.21501864888e-22, "var": 0.000258979212958}, "spectral_entropy": {"dmean": 0.109673134983, "dmean2": 0.171642541885, "dvar": 0.0215854477137, "dvar2": 0.0493638180196, "max": 9.80771255493, "mean": 5.73109865189, "median": 5.69070196152, "min": 4.29457139969, "var": 0.274516284466}, "spectral_flux": {"dmean": 0.0129331443459, "dmean2": 0.0212578065693, "dvar": 0.000323103129631, "dvar2": 0.000772375613451, "max": 0.19350130856, "mean": 0.0394401364028, "median": 0.0336947701871, "min": 6.7902621026e-11, "var": 0.000525360228494}, "spectral_kurtosis": {"dmean": 23.3609409332, "dmean2": 41.4719848633, "dvar": 752.547119141, "dvar2": 2180.10668945, "max": 332.302764893, "mean": 76.7038497925, "median": 55.2291564941, "min": -1.24306261539, "var": 4651.14990234}, "spectral_rms": {"dmean": 0.000442350865342, "dmean2": 0.000642231840175, "dvar": 2.36231130657e-07, "dvar2": 7.16049441962e-07, "max": 0.0116213103756, "mean": 0.00525672081858, "median": 0.00522089842707, "min": 3.21666781752e-12, "var": 2.00863382815e-06}, "spectral_rolloff": {"dmean": 102.147285461, "dmean2": 179.61138916, "dvar": 222968.96875, "dvar2": 357533.5, "max": 20478.0761719, "mean": 911.076477051, "median": 796.728515625, "min": 301.46484375, "var": 964749.75}, "spectral_skewness": {"dmean": 1.33915293217, "dmean2": 2.38452076912, "dvar": 1.91697239876, "dvar2": 5.49464273453, "max": 13.9653358459, "mean": 5.51203727722, "median": 4.77491188049, "min": -0.0193171538413, "var": 9.92825603485}, "spectral_spread": {"dmean": 286635.4375, "dmean2": 499202.84375, "dvar": 807782842368, "dvar2": 1308255322110.0, "max": 41016308, "mean": 1535008.75, "median": 1143839.875, "min": 267299.875, "var": 2943893372930.0}, "spectral_strongpeak": {"dmean": 0.380964457989, "dmean2": 0.567178070545, "dvar": 0.212238296866, "dvar2": 0.543589949608, "max": 6.54855823517, "mean": 2.29939126968, "median": 2.17825508118, "min": 0, "var": 1.11185121536}, "zerocrossingrate": {"dmean": 0.00240565463901, "dmean2": 0.00331008806825, "dvar": 0.000159420204, "dvar2": 0.00030623053317, "max": 0.5283203125, "mean": 0.0293586384505, "median": 0.02734375, "min": 0.0087890625, "var": 0.000620909733698}, "barkbands": {"dmean": [0.000200270209461, 0.000107528110675, 7.5953284977e-05, 5.67912456972e-06, 0.000551414268557, 0.00223605637439, 0.00150327244774, 0.000967681815382, 0.000553177320398, 0.000605841458309, 0.000343602150679, 0.000439792813268, 8.4405313828e-05, 0.000114316833788, 0.000106910323666, 2.26476095122e-05, 2.66903243755e-05, 2.07344655792e-05, 9.54393544816e-06, 8.40272696223e-06, 3.90892728319e-06, 1.96221935767e-06, 1.10862094971e-06, 6.11238192505e-07, 2.35997319464e-07, 1.98130933882e-07, 1.52634385131e-07], "dmean2": [0.000338220212143, 0.000157802482136, 7.98007095e-05, 8.49026764627e-06, 0.00073729531141, 0.00316388648935, 0.0024410712067, 0.00119341292884, 0.00068517960608, 0.00073151558172, 0.000440413685283, 0.000560104672331, 0.000114989736176, 0.000157797898282, 0.000153056666022, 3.16693331115e-05, 4.07968364016e-05, 2.99467756122e-05, 1.51111817104e-05, 1.3354650946e-05, 6.38488063487e-06, 3.25053815686e-06, 1.89371723991e-06, 9.93637854663e-07, 3.81284110063e-07, 3.30542690108e-07, 2.71001141527e-07], "dvar": [7.18493851082e-08, 2.32966179681e-08, 2.55249457126e-08, 6.25329163451e-11, 1.66044821981e-06, 1.76415051101e-05, 7.20130492482e-06, 4.33485502072e-06, 1.64365076216e-06, 9.94312358671e-07, 4.18046397499e-07, 3.53313794221e-07, 1.69882277135e-08, 4.67751490874e-08, 2.709345992e-08, 9.49628820024e-09, 2.40497644022e-09, 1.26888521912e-09, 3.84607096171e-10, 3.62235852425e-10, 1.2183118403e-10, 3.12150791326e-11, 1.61030182244e-11, 6.57709867471e-12, 1.26725333786e-12, 1.21798317959e-12, 6.44307740841e-13], "dvar2": [2.01841160674e-07, 5.74691227939e-08, 2.16213233983e-08, 1.58590821031e-10, 4.03350168199e-06, 5.34533719474e-05, 2.22994276555e-05, 6.20512082605e-06, 2.51464507528e-06, 1.56709484145e-06, 7.86174098266e-07, 6.28199700259e-07, 2.98040880864e-08, 1.03208122937e-07, 5.46397593837e-08, 1.39936231491e-08, 5.94126747799e-09, 2.47728260128e-09, 8.91888563004e-10, 8.98536967053e-10, 3.10520498203e-10, 8.20512616184e-11, 4.73949733626e-11, 1.74282498155e-11, 3.22218467186e-12, 3.42732309547e-12, 2.00100526426e-12], "max": [0.00306076509878, 0.0047919540666, 0.00340287690051, 9.96493326966e-05, 0.0534632094204, 0.0762255862355, 0.0456120073795, 0.0500650852919, 0.0264609437436, 0.0324014388025, 0.0191616062075, 0.0166257414967, 0.00284953182563, 0.00557477399707, 0.00558125413954, 0.00499643664807, 0.000712228531484, 0.00103435316123, 0.000343976775184, 0.000276247475995, 0.000189811587916, 0.00011271614494, 0.000100744298834, 7.31467662263e-05, 3.49167239619e-05, 3.48359644704e-05, 1.55311718117e-05], "mean": [0.00022075540619, 0.000618772231974, 0.000382250756957, 1.65266555996e-05, 0.00259866705164, 0.00944227725267, 0.00457058660686, 0.00405646301806, 0.00210928265005, 0.00249666557647, 0.00111729977652, 0.00149563804734, 0.000219141234993, 0.000347134598996, 0.000391626381315, 9.73624701146e-05, 5.48890093341e-05, 6.13089141552e-05, 2.57308583969e-05, 2.69617612503e-05, 1.39842541103e-05, 8.53359506436e-06, 4.43231874669e-06, 3.54947474079e-06, 1.47518471749e-06, 1.25479778035e-06, 2.76592885484e-07], "median": [0.000113890448119, 0.000368828943465, 0.00011019964586, 1.15688126243e-05, 0.000916935736313, 0.00451125716791, 0.00197182060219, 0.0010715824319, 0.000491204264108, 0.00105189718306, 0.000317105586873, 0.000939510238823, 0.000100709774415, 0.000103544938611, 0.000217159409658, 6.164489605e-06, 1.72822055902e-05, 1.62026535691e-05, 4.71460134577e-06, 2.70598138741e-06, 4.46485898919e-07, 8.55749391349e-08, 1.31024613381e-08, 5.29765831203e-09, 3.06715719489e-09, 3.9134211427e-09, 1.39899003493e-09], "min": [1.46789769962e-23, 1.3986869881e-23, 1.54608833037e-23, 5.22651549158e-24, 1.90699834762e-23, 1.69866460018e-23, 2.95362523342e-23, 1.70913941082e-23, 8.82633432113e-23, 9.23967534736e-23, 3.05830991545e-23, 3.92907982618e-23, 9.3139153627e-23, 4.18541197318e-23, 8.68121799336e-23, 1.50858326392e-22, 1.80113782109e-22, 1.74009601668e-22, 2.11240933386e-22, 2.17140590594e-22, 2.42869345815e-22, 5.87372097537e-22, 4.82585015058e-22, 7.71828678836e-22, 9.84087747661e-22, 1.55092628808e-21, 2.39742387015e-21], "var": [7.62128635756e-08, 5.0759831538e-07, 2.69255934882e-07, 2.4598142967e-10, 3.44393774867e-05, 0.000131526729092, 3.58865290764e-05, 5.30079487362e-05, 1.57947251864e-05, 1.41637001434e-05, 4.10218262914e-06, 3.12944325742e-06, 9.67660369611e-08, 3.27749063445e-07, 3.59439980002e-07, 1.8069793839e-07, 8.44536263145e-09, 9.47815426144e-09, 2.21662355138e-09, 2.49162179777e-09, 9.63138013788e-10, 3.89817872426e-10, 1.59810706335e-10, 1.28454746839e-10, 2.85137434497e-11, 2.47555101418e-11, 1.91579087663e-12]}, "erbbands": {"dmean": [0.00265090889297, 0.0281127523631, 0.099309772253, 0.0278231091797, 0.16610686481, 1.74499666691, 14.4091787338, 14.831735611, 27.3150081635, 11.7949552536, 25.0872612, 11.7947835922, 21.310541153, 13.9836072922, 7.70400238037, 21.4434299469, 4.95173168182, 6.45249652863, 3.47388386726, 4.57480478287, 1.44279885292, 0.876794934273, 1.09091293812, 0.877086222172, 0.340977281332, 0.348324686289, 0.188661277294, 0.176025241613, 0.0704529583454, 0.0595124848187, 0.035136397928, 0.0175590328872, 0.0064731258899, 0.00404935516417, 0.00230755913071, 0.000932851922698, 0.000352996721631, 0.000115321323392, 3.60018057108e-05, 6.20006630925e-06], "dmean2": [0.00450092507526, 0.0392191074789, 0.10767827183, 0.0328613556921, 0.213238328695, 2.53855466843, 20.7465229034, 20.0234146118, 44.266998291, 14.6430959702, 32.3643341064, 14.6133508682, 25.5569133759, 17.378911972, 9.74509525299, 27.3513641357, 6.55847263336, 8.85789012909, 4.94931650162, 6.55252695084, 2.16563463211, 1.31767559052, 1.54956865311, 1.37326335907, 0.537006914616, 0.570839583874, 0.294760793447, 0.294483572245, 0.11527440697, 0.0965752378106, 0.0598696991801, 0.0292251706123, 0.0104195605963, 0.0065609398298, 0.00381301017478, 0.00151470152196, 0.000569461670239, 0.000191459665075, 6.26482360531e-05, 9.25886160985e-06], "dvar": [1.91589406313e-05, 0.00168699165806, 0.0410100445151, 0.0018924070755, 0.0877149030566, 11.4066267014, 1904.0423584, 623.244018555, 2622.70703125, 564.022705078, 3114.92724609, 585.243652344, 1463.45532227, 577.713195801, 260.213989258, 909.611328125, 39.1702613831, 126.186393738, 26.9116897583, 57.3040084839, 10.3920269012, 1.88631808758, 4.11530685425, 3.24409508705, 0.477106541395, 0.686403393745, 0.244222939014, 0.255309045315, 0.0414592847228, 0.0367320291698, 0.0160043314099, 0.00568852480501, 0.000724520068616, 0.00034754697117, 0.000127962484839, 2.55199174717e-05, 3.81736572308e-06, 3.4629476886e-07, 3.23503250854e-08, 5.55239396127e-11], "dvar2": [5.33449601789e-05, 0.00355324405245, 0.0355456843972, 0.00221408391371, 0.19367736578, 32.5050392151, 5851.06884766, 1311.30517578, 8653.74804688, 813.571533203, 4910.11914062, 883.831481934, 2267.09570312, 942.344665527, 395.311676025, 1615.67541504, 68.7066192627, 274.252410889, 53.3119544983, 124.021232605, 19.8309383392, 4.36589431763, 7.20203113556, 7.77810049057, 1.1626098156, 1.78577589989, 0.594173192978, 0.679384291172, 0.112160347402, 0.0953011214733, 0.047846339643, 0.0155512299389, 0.00191313028336, 0.000887703092303, 0.0003375786182, 7.01470416971e-05, 1.00855113487e-05, 1.01105831618e-06, 1.01201123925e-07, 1.75503764299e-10], "max": [0.136705726385, 1.09268581867, 4.42150974274, 0.971527934074, 6.24123048782, 105.784805298, 1187.36486816, 690.478515625, 795.59588623, 763.733581543, 1414.85205078, 715.971130371, 1267.98608398, 758.187438965, 635.155029297, 844.032531738, 124.38899231, 296.016571045, 120.542533875, 188.454589844, 139.987701416, 18.3480567932, 71.4702835083, 32.0941963196, 9.59575462341, 14.110247612, 8.52463912964, 10.0726881027, 4.62113237381, 4.17433452606, 2.690325737, 2.02864956856, 0.795875012875, 0.501425623894, 0.314444214106, 0.160922452807, 0.0595460496843, 0.0163447130471, 0.00310965138488, 0.000153129265527], "mean": [0.0122183263302, 0.164026066661, 0.506776332855, 0.149098321795, 0.73414760828, 8.26978874207, 55.8269004822, 64.3156738281, 83.7548675537, 54.9787864685, 108.55645752, 48.4250183105, 90.5426177979, 47.9071846008, 28.1721477509, 72.2761993408, 17.7645950317, 20.6885318756, 13.2973546982, 17.3276615143, 5.11781549454, 2.18031477928, 3.13705158234, 2.65746593475, 0.865656614304, 1.13284707069, 0.573076426983, 0.711467504501, 0.282537102699, 0.240663737059, 0.14476801455, 0.0894341543317, 0.0407123453915, 0.02355424501, 0.012950967066, 0.00575419375673, 0.00203643995337, 0.000500817142893, 6.76422059769e-05, 3.58400284313e-05], "median": [0.00283538573422, 0.10700596869, 0.220405369997, 0.0955491811037, 0.303244382143, 3.94540333748, 10.4477806091, 32.073425293, 40.6667709351, 21.3712291718, 26.1645202637, 19.4041481018, 30.3179550171, 24.6103363037, 14.1461305618, 44.6464233398, 12.1909151077, 9.85495758057, 8.4870967865, 9.18593597412, 1.96523761749, 0.960781514645, 0.809890925884, 0.563757658005, 0.185977786779, 0.13019862771, 0.0363331399858, 0.0142869912088, 0.00384815223515, 0.00157395622227, 0.000447807426099, 0.000176385830855, 9.28598747123e-05, 6.21131475782e-05, 4.64939839731e-05, 3.30879556714e-05, 1.64305383805e-05, 4.42364489572e-06, 1.48102808453e-05, 3.30983493768e-05], "min": [5.47612245736e-22, 2.78367298952e-21, 1.15777239165e-20, 2.26673999624e-20, 3.81477280816e-20, 6.17786367457e-20, 1.40935187863e-19, 1.49681588865e-19, 3.90207668118e-19, 4.2611084807e-19, 6.73896341927e-19, 1.8547072646e-18, 1.34563829195e-18, 1.84626216413e-18, 2.07619128426e-18, 1.82182621486e-18, 3.99219780213e-18, 1.99965226218e-18, 3.28555436203e-18, 6.46176413247e-18, 6.38154084794e-18, 1.08765970473e-17, 9.74598673371e-18, 8.75353957067e-18, 1.11181437123e-17, 1.03741981489e-17, 1.0901706942e-17, 1.06842163435e-17, 1.83480587809e-17, 1.61332529123e-17, 1.37656560312e-17, 1.26087347567e-17, 1.43534017708e-17, 1.00645430866e-17, 7.45892084832e-18, 5.63350446281e-18, 2.78113879731e-18, 1.31786746064e-18, 3.30477240429e-19, 3.4885741336e-20], "var": [0.000437820533989, 0.0274010188878, 0.391204208136, 0.0213016234338, 0.895415961742, 178.357177734, 17633.7851562, 6520.28662109, 10650.7910156, 7997.84960938, 37013.78125, 5524.18945312, 21718.8632812, 4861.58691406, 2859.11206055, 7701.40576172, 288.457702637, 910.48059082, 254.229858398, 586.58972168, 153.239456177, 8.18951892853, 31.1101264954, 19.4470100403, 2.08099842072, 4.72453832626, 1.43487751484, 2.5298140049, 0.434750020504, 0.384558230639, 0.158272340894, 0.0790465995669, 0.01662539877, 0.00672666542232, 0.00237822509371, 0.000504322175402, 6.87757274136e-05, 4.44033003077e-06, 6.89864023684e-08, 3.47409045975e-10]}, "gfcc": {"mean": [-122.726829529, 209.069412231, -151.607116699, -40.9148864746, -38.1794090271, -23.7262058258, -20.0567417145, -11.2136631012, -4.8602771759, 0.577457845211, 5.11264610291, -0.100401252508, 4.80942201614], "cov": [[7206.51074219, -2188.66064453, -1057.53271484, 1614.79968262, -1240.60241699, 215.320861816, -180.438812256, 174.690139771, 23.770904541, 228.918899536, -46.7349624634, 101.473625183, -74.4310302734], [-2188.66064453, 2883.62353516, 182.754806519, -1573.80187988, 1153.55505371, -371.263519287, 123.305648804, -227.346939087, 60.6994247437, -183.188873291, 82.6246566772, -156.994491577, 103.474357605], [-1057.53271484, 182.754806519, 968.184936523, -372.976959229, 20.8483104706, 187.75100708, -93.1391220093, 35.6520996094, -82.9126968384, 43.6836013794, 0.952372670174, 41.6973304749, -40.706451416], [1614.79968262, -1573.80187988, -372.976959229, 1570.93713379, -779.800292969, 17.4414577484, 37.4870758057, -81.813659668, -130.332000732, -88.2749862671, -105.09311676, 38.2959289551, 3.50844860077], [-1240.60241699, 1153.55505371, 20.8483104706, -779.800292969, 743.24206543, -147.310379028, 63.235244751, 22.2094249725, 55.1292953491, -27.7059326172, 10.7180805206, -47.8337860107, 29.2304477692], [215.320861816, -371.263519287, 187.75100708, 17.4414577484, -147.310379028, 255.887466431, -40.9412841797, 93.5848236084, 18.5430583954, 92.8798217773, 17.7265758514, 34.485496521, -44.83644104], [-180.438812256, 123.305648804, -93.1391220093, 37.4870758057, 63.235244751, -40.9412841797, 116.995048523, 9.12679862976, 23.5830307007, -23.6557502747, -4.00854110718, -20.3138790131, 8.20930957794], [174.690139771, -227.346939087, 35.6520996094, -81.813659668, 22.2094249725, 93.5848236084, 9.12679862976, 203.960006714, 79.5420227051, 111.77973175, 11.9716825485, 34.6466445923, -46.0583496094], [23.770904541, 60.6994247437, -82.9126968384, -130.332000732, 55.1292953491, 18.5430583954, 23.5830307007, 79.5420227051, 127.444824219, 84.0612869263, 43.7029304504, -8.00943279266, -22.2628421783], [228.918899536, -183.188873291, 43.6836013794, -88.2749862671, -27.7059326172, 92.8798217773, -23.6557502747, 111.77973175, 84.0612869263, 156.207351685, 44.8873939514, 16.5297088623, -55.2547454834], [-46.7349624634, 82.6246566772, 0.952372670174, -105.09311676, 10.7180805206, 17.7265758514, -4.00854110718, 11.9716825485, 43.7029304504, 44.8873939514, 67.5817718506, 14.1224412918, -4.97786235809], [101.473625183, -156.994491577, 41.6973304749, 38.2959289551, -47.8337860107, 34.485496521, -20.3138790131, 34.6466445923, -8.00943279266, 16.5297088623, 14.1224412918, 64.7118225098, 16.6501331329], [-74.4310302734, 103.474357605, -40.706451416, 3.50844860077, 29.2304477692, -44.83644104, 8.20930957794, -46.0583496094, -22.2628421783, -55.2547454834, -4.97786235809, 16.6501331329, 73.8176574707]], "icov": [[0.000462114723632, -0.000865070673171, 0.000847497023642, -0.000556695100386, 0.00116748921573, -0.000438461342128, 0.00122220150661, -0.00120057573076, 0.000918716599699, -0.00155952468049, 0.00128742796369, -0.000661188911181, -9.55811192398e-05], [-0.000865070673171, 0.00510893855244, -0.00240830075927, 0.00311663746834, -0.0045466683805, 0.0023065789137, -0.00442000338808, 0.00538177369162, -0.00326170539483, 0.00582496961579, -0.00569711998105, 0.00404906086624, -0.000380043813493], [0.000847497023642, -0.00240830075927, 0.00355836143717, -0.000652975169942, 0.003062217962, -0.00218350440264, 0.00261980015785, -0.00269761588424, 0.00406754342839, -0.00390862952918, 0.00383892538957, -0.00296154688112, 0.000938205572311], [-0.000556695100386, 0.00311663746834, -0.000652975169942, 0.00439088745043, -0.000309634371661, 0.00175989698619, -0.00471757398918, 0.00389331858605, -0.00090588524472, 0.00336528406478, -0.000427299906733, 0.000449628365459, 0.000762149400543], [0.00116748921573, -0.0045466683805, 0.003062217962, -0.000309634371661, 0.00901725981385, -0.000396827352233, 0.00232952111401, -0.00598666863516, 0.00390949985012, -0.0056276046671, 0.00763698900118, -0.00351132289506, -0.000278615945717], [-0.000438461342128, 0.0023065789137, -0.00218350440264, 0.00175989698619, -0.000396827352233, 0.00836513470858, -0.00187472393736, 0.000322176027112, -0.000858134939335, 0.000667626911309, -0.00279610510916, 0.00135948497336, 0.000430223357398], [0.00122220150661, -0.00442000338808, 0.00261980015785, -0.00471757398918, 0.00232952111401, -0.00187472393736, 0.0175384897739, -0.00851344130933, 0.000253946054727, -0.00148973602336, 0.00192106910981, 0.00162805989385, -0.00150273030158], [-0.00120057573076, 0.00538177369162, -0.00269761588424, 0.00389331858605, -0.00598666863516, 0.000322176027112, -0.00851344130933, 0.0205984041095, -0.0101744281128, 0.00106767879333, 0.00326744210906, -0.00761205842718, 0.00560624664649], [0.000918716599699, -0.00326170539483, 0.00406754342839, -0.00090588524472, 0.00390949985012, -0.000858134939335, 0.000253946054727, -0.0101744281128, 0.0253616403788, -0.0125943263993, -0.00500105554238, 0.00594253279269, -0.0041172998026], [-0.00155952468049, 0.00582496961579, -0.00390862952918, 0.00336528406478, -0.0056276046671, 0.000667626911309, -0.00148973602336, 0.00106767879333, -0.0125943263993, 0.0293037667871, -0.0139557495713, 0.00354158971459, 0.00780924595892], [0.00128742796369, -0.00569711998105, 0.00383892538957, -0.000427299906733, 0.00763698900118, -0.00279610510916, 0.00192106910981, 0.00326744210906, -0.00500105554238, -0.0139557495713, 0.0375192165375, -0.0181352421641, 0.00319004314952], [-0.000661188911181, 0.00404906086624, -0.00296154688112, 0.000449628365459, -0.00351132289506, 0.00135948497336, 0.00162805989385, -0.00761205842718, 0.00594253279269, 0.00354158971459, -0.0181352421641, 0.0370905697346, -0.0158571954817], [-9.55811192398e-05, -0.000380043813493, 0.000938205572311, 0.000762149400543, -0.000278615945717, 0.000430223357398, -0.00150273030158, 0.00560624664649, -0.0041172998026, 0.00780924595892, 0.00319004314952, -0.0158571954817, 0.0268966984004]]}, "melbands": {"dmean": [2.99261209875e-05, 4.65668126708e-05, 6.14754617345e-06, 4.65214761789e-05, 0.000388827524148, 0.000402378645958, 0.000372087262804, 0.000124698475702, 0.000217687425902, 6.62595120957e-05, 0.000105875114969, 5.39850261703e-05, 2.87836774078e-05, 4.77299872728e-05, 3.18900310958e-05, 1.02993926703e-05, 1.39044896059e-05, 4.91997479912e-06, 8.63651348482e-06, 3.81730342269e-06, 1.78909442639e-06, 1.25695055431e-06, 9.99975895866e-07, 8.00126827016e-07, 7.89240118593e-07, 2.36918268115e-07, 3.17150494311e-07, 2.5388527547e-07, 1.46910664967e-07, 1.21533261677e-07, 1.15015069468e-07, 4.76187018705e-08, 4.63108307258e-08, 3.07435605862e-08, 2.73410449836e-08, 1.50737218263e-08, 1.30022694833e-08, 3.36701422299e-09, 6.52249365629e-09, 3.37495631442e-09], "dmean2": [4.85473028675e-05, 5.46413066331e-05, 7.2856364568e-06, 6.64432664053e-05, 0.000556721410248, 0.000573542900383, 0.000588269380387, 0.000146597099956, 0.000285325950244, 7.9356621427e-05, 0.000127492530737, 6.69236032991e-05, 3.71159003407e-05, 5.96206300543e-05, 4.18127201556e-05, 1.38509803946e-05, 1.91222788999e-05, 7.05666298018e-06, 1.21015227705e-05, 5.46725277673e-06, 2.75456000054e-06, 1.91679237105e-06, 1.44801060742e-06, 1.12268560315e-06, 1.24071266328e-06, 3.88486142811e-07, 4.94050993893e-07, 4.17077785642e-07, 2.25763216122e-07, 1.94743648763e-07, 1.93888112676e-07, 7.85479272736e-08, 7.78684139391e-08, 4.92797767038e-08, 4.75285126811e-08, 2.52402418965e-08, 2.15287165872e-08, 5.43640688022e-09, 1.10275024667e-08, 5.46641887311e-09], "dvar": [1.62795643632e-09, 7.12479453213e-09, 8.21752596525e-11, 5.53126966452e-09, 1.32941693209e-06, 4.07864575891e-07, 4.41724381517e-07, 6.72496085485e-08, 2.26886982091e-07, 2.10773780651e-08, 3.63292933514e-08, 8.4151841051e-09, 2.92224022758e-09, 4.37922365037e-09, 1.86705784166e-09, 3.26246279991e-10, 6.80458744906e-10, 6.34572602798e-11, 2.71248773442e-10, 1.02326647156e-10, 1.15869232611e-11, 4.61723758186e-12, 3.44271985052e-12, 2.95308569265e-12, 2.79517468199e-12, 2.46194557796e-13, 5.31891804906e-13, 4.52920497331e-13, 1.48198944436e-13, 1.26895184898e-13, 1.04867679753e-13, 2.04623102316e-14, 2.03406898529e-14, 1.05712803488e-14, 1.11171769896e-14, 3.92075034142e-15, 2.91657817113e-15, 1.71612197071e-16, 8.953820114e-16, 2.28034001365e-16], "dvar2": [4.57499682582e-09, 7.19391124449e-09, 1.08922093567e-10, 1.59080695283e-08, 4.02284513257e-06, 1.07484004275e-06, 1.41858458846e-06, 8.89360407541e-08, 3.69828200064e-07, 2.99232247869e-08, 5.68446338889e-08, 1.33550619452e-08, 5.2487734159e-09, 7.2490484726e-09, 3.44548878317e-09, 5.545718329e-10, 1.47223322422e-09, 1.21945731291e-10, 5.17817178025e-10, 1.64580918338e-10, 2.82551568948e-11, 1.09929860354e-11, 6.89562209416e-12, 4.68920648838e-12, 6.66571702349e-12, 6.4223127684e-13, 1.26286600535e-12, 1.13643480477e-12, 3.56949089427e-13, 3.0089347897e-13, 2.97407281094e-13, 5.46241180001e-14, 5.66274898338e-14, 2.77540255453e-14, 3.26926121808e-14, 1.07615874762e-14, 7.73985672916e-15, 4.49158807918e-16, 2.37940173444e-15, 5.81608714606e-16], "max": [0.00136508455034, 0.00186556752305, 0.000200048452825, 0.0015529076336, 0.0329389609396, 0.013345898129, 0.0104511892423, 0.00922731868923, 0.0110629266128, 0.00485584232956, 0.00627186195925, 0.00279257819057, 0.00174011639319, 0.00186724029481, 0.000923948478885, 0.000393224472646, 0.000681065605022, 0.000133973386255, 0.00060814752942, 0.000488966587, 7.25373975001e-05, 3.03413635265e-05, 5.47987110622e-05, 6.00282983214e-05, 2.91494998237e-05, 7.3154456004e-06, 1.09804295789e-05, 1.26146014736e-05, 7.40196264815e-06, 6.86263183525e-06, 6.24970698482e-06, 3.16317323268e-06, 2.77079516309e-06, 2.17419551518e-06, 2.28210546993e-06, 1.42138787851e-06, 1.47985269905e-06, 3.97521489504e-07, 8.31449426641e-07, 4.07510441391e-07], "mean": [0.000153928049258, 0.000250606244663, 3.208844646e-05, 0.000200573049369, 0.00157057144679, 0.00163658463862, 0.00122830539476, 0.000592937984038, 0.000893067510333, 0.000266387534793, 0.00043913666741, 0.000175149863935, 9.54400020419e-05, 0.000154834924615, 0.000116171584523, 2.48691612796e-05, 4.20417345595e-05, 1.56541227625e-05, 3.31317532982e-05, 1.4278096387e-05, 4.44077795692e-06, 2.62813296104e-06, 2.36380242313e-06, 2.61435093307e-06, 2.17803426494e-06, 5.32478281912e-07, 6.62045522404e-07, 8.20001105239e-07, 4.01321642585e-07, 3.00667181818e-07, 4.37564722233e-07, 1.37040871095e-07, 1.76557691134e-07, 9.63467883253e-08, 9.75236247314e-08, 4.47316885754e-08, 6.23828881885e-08, 2.07085211201e-08, 3.17267705441e-08, 1.65485296577e-08], "median": [7.0906309702e-05, 0.000179305134225, 1.9678616809e-05, 0.000114999493235, 0.000336051045451, 0.000879719795194, 0.00056499929633, 0.000197584537091, 0.000182810850674, 0.000109961176349, 0.000132102271891, 8.10775236459e-05, 2.79638879874e-05, 9.61049372563e-05, 7.12841138011e-05, 6.27249528407e-06, 1.4340922462e-05, 9.39945857681e-06, 1.44937148434e-05, 3.56496184395e-06, 1.33444905259e-06, 9.51989420628e-07, 5.09557935402e-07, 6.29704629773e-07, 3.51330101012e-07, 6.30438705684e-08, 9.62567128227e-08, 6.44331095145e-08, 1.88774738064e-08, 1.07323110399e-08, 4.10496259207e-09, 1.78378944948e-09, 9.02632080191e-10, 5.52504375584e-10, 2.35144653749e-10, 1.0584388227e-10, 7.80033260206e-11, 4.54591780885e-11, 3.87285065129e-11, 3.10314829388e-11], "min": [6.3514153652e-24, 6.1892283241e-24, 4.80550318747e-24, 3.76901411094e-24, 4.25158399249e-24, 3.24494107387e-24, 5.74719603232e-24, 4.78098262953e-24, 5.81163413536e-24, 1.14871345443e-23, 6.72277360849e-24, 8.26250545546e-24, 5.60404736031e-24, 4.91882068993e-24, 4.20647534821e-24, 1.05704111193e-23, 2.7666322245e-24, 4.99402358888e-24, 7.66776744179e-24, 9.74129069775e-24, 6.67067407886e-24, 1.07986333123e-23, 8.41371904694e-24, 9.82880219341e-24, 5.90213068069e-24, 9.04998822068e-24, 6.49017047641e-24, 7.03605078434e-24, 6.45719372399e-24, 5.23011033072e-24, 6.45885230404e-24, 1.03458405634e-23, 9.12230388872e-24, 8.32178046388e-24, 7.12397485425e-24, 9.72692554067e-24, 6.86948911509e-24, 1.04684327035e-23, 8.38502896467e-24, 7.29223257445e-24], "var": [4.34294413765e-08, 5.89766671055e-08, 9.78188974265e-10, 5.52417382949e-08, 1.33744661071e-05, 3.49696597368e-06, 2.14135297938e-06, 1.0194510196e-06, 2.45667592935e-06, 2.04427891504e-07, 5.35420383585e-07, 6.9921981094e-08, 3.22475202097e-08, 3.65715564499e-08, 1.804448857e-08, 1.8026159454e-09, 4.92989427059e-09, 3.63314961449e-10, 4.01161237562e-09, 1.73184000474e-09, 7.07882502615e-11, 1.67363727044e-11, 1.88475467872e-11, 2.62564726905e-11, 1.56744461161e-11, 1.0118270154e-12, 1.63921068559e-12, 3.06624170499e-12, 7.55797768121e-13, 5.30659446506e-13, 9.88934845472e-13, 1.1644205294e-13, 1.98339378233e-13, 6.77552970869e-14, 8.18881095745e-14, 2.13738582904e-14, 4.27154242966e-14, 3.89568663651e-15, 1.3179439636e-14, 3.27127300603e-15]}, "mfcc": {"mean": [-751.498779297, 232.989105225, -26.3116149902, -14.9347419739, -9.37547683716, -11.4397802353, -10.4557790756, -7.28227567673, -6.06604528427, -2.65684390068, -0.710989773273, 1.50208699703, 5.12573623657], "cov": [[4306.43554688, -2062.7590332, -619.792785645, 1150.33032227, -604.664001465, 14.0003900528, -102.915840149, -71.724067688, -6.8983001709, 82.2520217896, -20.7528820038, 42.3030700684, 13.7456474304], [-2062.7590332, 2819.56494141, -117.422401428, -1088.25488281, 615.768127441, -77.7137069702, 36.9813308716, -33.2866134644, -5.15411949158, -8.1640625, 68.0931854248, -22.5424175262, -8.75404071808], [-619.792785645, -117.422401428, 906.12286377, -213.918228149, -64.1998519897, 142.544723511, -29.0104579926, 47.9260063171, -48.5543212891, -22.5261573792, 64.1736679077, 44.4734039307, 9.39464187622], [1150.33032227, -1088.25488281, -213.918228149, 958.250488281, -288.977081299, -19.7563457489, 57.6957244873, -31.6731395721, 5.90346670151, -47.0197563171, -146.683044434, -108.283813477, -68.5617141724], [-604.664001465, 615.768127441, -64.1998519897, -288.977081299, 314.334960938, -41.5520477295, 22.1306400299, 8.49674034119, 18.8477993011, 0.74211359024, 7.62574863434, 3.06986141205, -4.13715791702], [14.0003900528, -77.7137069702, 142.544723511, -19.7563457489, -41.5520477295, 143.576507568, -8.6849527359, -16.1367359161, -33.4081306458, -9.58985233307, 1.21470117569, -9.37183666229, -7.44626712799], [-102.915840149, 36.9813308716, -29.0104579926, 57.6957244873, 22.1306400299, -8.6849527359, 98.891456604, 21.4995174408, 14.367641449, 0.970171332359, -21.4837589264, -28.8347473145, -23.7052135468], [-71.724067688, -33.2866134644, 47.9260063171, -31.6731395721, 8.49674034119, -16.1367359161, 21.4995174408, 84.0336837769, 38.0509109497, 1.15109658241, -1.19575715065, 5.93804359436, 8.80456733704], [-6.8983001709, -5.15411949158, -48.5543212891, 5.90346670151, 18.8477993011, -33.4081306458, 14.367641449, 38.0509109497, 88.5941085815, 32.6880073547, -0.951134443283, 10.5761766434, 2.8632838726], [82.2520217896, -8.1640625, -22.5261573792, -47.0197563171, 0.74211359024, -9.58985233307, 0.970171332359, 1.15109658241, 32.6880073547, 92.7879104614, 69.7395553589, 28.5741958618, 1.09685325623], [-20.7528820038, 68.0931854248, 64.1736679077, -146.683044434, 7.62574863434, 1.21470117569, -21.4837589264, -1.19575715065, -0.951134443283, 69.7395553589, 151.569122314, 101.511222839, 25.3780574799], [42.3030700684, -22.5424175262, 44.4734039307, -108.283813477, 3.06986141205, -9.37183666229, -28.8347473145, 5.93804359436, 10.5761766434, 28.5741958618, 101.511222839, 133.845336914, 54.5262031555], [13.7456474304, -8.75404071808, 9.39464187622, -68.5617141724, -4.13715791702, -7.44626712799, -23.7052135468, 8.80456733704, 2.8632838726, 1.09685325623, 25.3780574799, 54.5262031555, 81.8946380615]], "icov": [[0.00057766167447, 0.000156056441483, 0.000452608306659, -0.000424297031714, 0.000392049900256, -0.00033193489071, 0.000706524122506, -0.000343267427525, 0.000552324112505, -0.000872619100846, 0.000299523031572, -0.000622835359536, 5.78706712986e-05], [0.000156056441483, 0.00115065614227, 0.000330552866217, 0.00110450538341, -0.000763091491535, 0.000363533297786, -0.000633519433904, 0.00125966127962, -0.00061000790447, 0.00129190809093, -0.00115461589303, 0.00138715445064, 9.75135117187e-05], [0.000452608306659, 0.000330552866217, 0.00202207337134, 0.000288763374556, 0.000675964984111, -0.00153541925829, 0.000575146870688, -0.00145474693272, 0.000802786613349, 0.000442839955213, -0.0006855125539, -0.000338903657394, 0.000590653216932], [-0.000424297031714, 0.00110450538341, 0.000288763374556, 0.00391980726272, 0.00107017182745, 0.0012926365016, -0.00269232038409, 0.00271938391961, -0.00177970936056, 0.0026803992223, 7.48922102503e-05, 0.001697680098, 0.00141049409285], [0.000392049900256, -0.000763091491535, 0.000675964984111, 0.00107017182745, 0.00673350738361, 0.000748636724893, -0.000866352987941, -8.8667300588e-05, -0.000400233373512, -0.000311001640512, 0.00169742980506, -0.00167383055668, 0.00144461507443], [-0.00033193489071, 0.000363533297786, -0.00153541925829, 0.0012926365016, 0.000748636724893, 0.00979612302035, -0.00114893401042, 0.00259272824042, 0.00121113320347, 0.000699265336152, -2.67982431978e-05, 0.00156559608877, 0.000584319175687], [0.000706524122506, -0.000633519433904, 0.000575146870688, -0.00269232038409, -0.000866352987941, -0.00114893401042, 0.0145741524175, -0.00571557087824, 0.00163522188086, -0.00344089139253, 0.0012153624557, -0.000565982540138, 0.00216773082502], [-0.000343267427525, 0.00125966127962, -0.00145474693272, 0.00271938391961, -8.8667300588e-05, 0.00259272824042, -0.00571557087824, 0.0206466559321, -0.010834377259, 0.00678298296407, -0.0035901197698, 0.00413157092407, -0.00235745636746], [0.000552324112505, -0.00061000790447, 0.000802786613349, -0.00177970936056, -0.000400233373512, 0.00121113320347, 0.00163522188086, -0.010834377259, 0.0233722217381, -0.0148292360827, 0.0110426992178, -0.00886717159301, 0.00185139244422], [-0.000872619100846, 0.00129190809093, 0.000442839955213, 0.0026803992223, -0.000311001640512, 0.000699265336152, -0.00344089139253, 0.00678298296407, -0.0148292360827, 0.0303126350045, -0.0209925733507, 0.0125256953761, -0.000921519764233], [0.000299523031572, -0.00115461589303, -0.0006855125539, 7.48922102503e-05, 0.00169742980506, -2.67982431978e-05, 0.0012153624557, -0.0035901197698, 0.0110426992178, -0.0209925733507, 0.0309386719018, -0.0217475444078, 0.0055760438554], [-0.000622835359536, 0.00138715445064, -0.000338903657394, 0.001697680098, -0.00167383055668, 0.00156559608877, -0.000565982540138, 0.00413157092407, -0.00886717159301, 0.0125256953761, -0.0217475444078, 0.0280941836536, -0.0106610711664], [5.78706712986e-05, 9.75135117187e-05, 0.000590653216932, 0.00141049409285, 0.00144461507443, 0.000584319175687, 0.00216773082502, -0.00235745636746, 0.00185139244422, -0.000921519764233, 0.0055760438554, -0.0106610711664, 0.0196495633572]]}, "spectral_contrast_coeffs": {"dmean": [0.0284538920969, 0.0313244834542, 0.0320584140718, 0.0292350389063, 0.0202889014035, 0.0354971028864], "dmean2": [0.0466703176498, 0.0477830506861, 0.0507796108723, 0.0475154668093, 0.0337552130222, 0.0630216449499], "dvar": [0.00061078032013, 0.00083203939721, 0.00124518165831, 0.00104418816045, 0.000317957397783, 0.00087313662516], "dvar2": [0.00168142269831, 0.00211125123315, 0.00317975925282, 0.00279097398743, 0.000857153907418, 0.0026142669376], "max": [-0.298602491617, -0.383585631847, -0.37164068222, -0.466159075499, -0.541500985622, -0.585122644901], "mean": [-0.578754425049, -0.602581262589, -0.571836709976, -0.598095536232, -0.676487624645, -0.771170079708], "median": [-0.582164883614, -0.602774858475, -0.56641626358, -0.594030022621, -0.672355592251, -0.779300153255], "min": [-0.969803869724, -0.965776085854, -0.973112940788, -0.980945110321, -0.959162414074, -0.96392673254], "var": [0.00649232789874, 0.0061578634195, 0.00626563234255, 0.00307852262631, 0.00291813258082, 0.00916969124228]}, "spectral_contrast_valleys": {"dmean": [0.26918643713, 0.217686921358, 0.304460763931, 0.279816359282, 0.194774791598, 0.599141716957], "dmean2": [0.4522562325, 0.326559990644, 0.498502105474, 0.470107197762, 0.326026201248, 1.062297225], "dvar": [0.119