{"lowlevel": {"average_loudness": 0.66007065773, "barkbands_crest": {"dmean": 1.87184679508, "dmean2": 2.95208716393, "dvar": 3.09891438484, "dvar2": 7.41787672043, "max": 24.1998119354, "mean": 9.85851955414, "median": 9.29229736328, "min": 3.18752336502, "var": 12.0708875656}, "barkbands_flatness_db": {"dmean": 0.0133781740442, "dmean2": 0.0204158723354, "dvar": 0.000148915365571, "dvar2": 0.000332408439135, "max": 0.56742054224, "mean": 0.228736490011, "median": 0.212097063661, "min": 0.0243654344231, "var": 0.00546609610319}, "barkbands_kurtosis": {"dmean": 1.40026569366, "dmean2": 2.15612959862, "dvar": 2.69984769821, "dvar2": 5.99368000031, "max": 41.5946922302, "mean": 3.15402269363, "median": 2.08410215378, "min": -1.70330524445, "var": 13.7093830109}, "barkbands_skewness": {"dmean": 0.317910224199, "dmean2": 0.478099316359, "dvar": 0.0837159827352, "dvar2": 0.186808377504, "max": 5.09696769714, "mean": 1.24487912655, "median": 1.20568478107, "min": -2.49102878571, "var": 0.645223975182}, "barkbands_spread": {"dmean": 1.7395144701, "dmean2": 2.68063664436, "dvar": 3.3915271759, "dvar2": 7.47157144547, "max": 95.8109359741, "mean": 10.2557258606, "median": 9.46454429626, "min": 0.46830162406, "var": 39.0671730042}, "dissonance": {"dmean": 0.0258333198726, "dmean2": 0.0438271611929, "dvar": 0.000574312347453, "dvar2": 0.00158932083286, "max": 0.500000119209, "mean": 0.435763716698, "median": 0.445803880692, "min": 0.124888211489, "var": 0.00227605574764}, "dynamic_complexity": 5.14595460892, "erbbands_crest": {"dmean": 2.296022892, "dmean2": 3.56150698662, "dvar": 5.14620685577, "dvar2": 11.352640152, "max": 32.348274231, "mean": 11.2980794907, "median": 10.1377544403, "min": 2.37977552414, "var": 25.2940483093}, "erbbands_flatness_db": {"dmean": 0.0115959485993, "dmean2": 0.0170473493636, "dvar": 0.000120369928482, "dvar2": 0.00025133381132, "max": 0.55285102129, "mean": 0.263266414404, "median": 0.248863860965, "min": 0.046704351902, "var": 0.00390933314338}, "erbbands_kurtosis": {"dmean": 0.841952800751, "dmean2": 1.30556035042, "dvar": 1.27313828468, "dvar2": 2.81328010559, "max": 26.6203842163, "mean": 1.01389157772, "median": 0.237783193588, "min": -1.6500287056, "var": 5.51964473724}, "erbbands_skewness": {"dmean": 0.268815070391, "dmean2": 0.411061584949, "dvar": 0.0601672306657, "dvar2": 0.135371223092, "max": 3.85558366776, "mean": 0.648568689823, "median": 0.592269659042, "min": -3.89643716812, "var": 0.481008768082}, "erbbands_spread": {"dmean": 3.17197227478, "dmean2": 4.92778921127, "dvar": 8.90909767151, "dvar2": 21.5453701019, "max": 74.6390914917, "mean": 20.2079143524, "median": 20.4791679382, "min": 1.01044130325, "var": 67.6867446899}, "hfc": {"dmean": 2.52797341347, "dmean2": 3.55491757393, "dvar": 9.89981842041, "dvar2": 19.3351631165, "max": 75.3322753906, "mean": 12.8480195999, "median": 11.3413639069, "min": 1.16268414256e-16, "var": 104.858085632}, "melbands_crest": {"dmean": 2.29480481148, "dmean2": 3.59679841995, "dvar": 4.66720438004, "dvar2": 11.2835893631, "max": 31.4892425537, "mean": 12.5901002884, "median": 11.9469146729, "min": 1.77724611759, "var": 18.1777095795}, "melbands_flatness_db": {"dmean": 0.0146293574944, "dmean2": 0.0220303516835, "dvar": 0.000197411747649, "dvar2": 0.000413171888795, "max": 0.713582038879, "mean": 0.292704671621, "median": 0.267662912607, "min": 0.00467337341979, "var": 0.00964785646647}, "melbands_kurtosis": {"dmean": 2.00257611275, "dmean2": 3.08658480644, "dvar": 5.66067743301, "dvar2": 12.9033241272, "max": 54.5395889282, "mean": 5.23882627487, "median": 4.01474761963, "min": -1.81648027897, "var": 24.3301734924}, "melbands_skewness": {"dmean": 0.353529244661, "dmean2": 0.533060729504, "dvar": 0.106652125716, "dvar2": 0.24675232172, "max": 6.4719581604, "mean": 1.56822550297, "median": 1.57150900364, "min": -1.61618602276, "var": 0.716197311878}, "melbands_spread": {"dmean": 2.45091795921, "dmean2": 3.75612735748, "dvar": 8.15651130676, "dvar2": 17.3240966797, "max": 152.559783936, "mean": 13.7751054764, "median": 12.6101617813, "min": 0.892019152641, "var": 77.1134567261}, "pitch_salience": {"dmean": 0.0529348701239, "dmean2": 0.0836910381913, "dvar": 0.00214010034688, "dvar2": 0.00504599651322, "max": 0.848653137684, "mean": 0.570947885513, "median": 0.577076017857, "min": 0.201751410961, "var": 0.00935742817819}, "silence_rate_20dB": {"dmean": 0, "dmean2": 0, "dvar": 0, "dvar2": 0, "max": 1, "mean": 1, "median": 1, "min": 1, "var": 0}, "silence_rate_30dB": {"dmean": 0.00214961310849, "dmean2": 0.00429968815297, "dvar": 0.00214486941695, "dvar2": 0.00600143289194, "max": 1, "mean": 0.998172998428, "median": 1, "min": 0, "var": 0.00182382564526}, "silence_rate_60dB": {"dmean": 0.00752364564687, "dmean2": 0.0150489090011, "dvar": 0.00746727408841, "dvar2": 0.0165445860475, "max": 1, "mean": 0.114239655435, "median": 0, "min": 0, "var": 0.101184554398}, "spectral_centroid": {"dmean": 82.4104385376, "dmean2": 126.42250824, "dvar": 19301.8925781, "dvar2": 29729.4375, "max": 10828.2714844, "mean": 741.261962891, "median": 686.99786377, "min": 265.292816162, "var": 104288.171875}, "spectral_complexity": {"dmean": 1.74226140976, "dmean2": 2.93819189072, "dvar": 2.80991959572, "dvar2": 7.49647712708, "max": 41, "mean": 15.1958084106, "median": 16, "min": 0, "var": 51.6510124207}, "spectral_decrease": {"dmean": 1.24981314187e-09, "dmean2": 1.80365611335e-09, "dvar": 2.58526325544e-18, "dvar2": 5.29293269792e-18, "max": 4.36763357547e-18, "mean": -5.98364779947e-09, "median": -5.08313036107e-09, "min": -3.92407208949e-08, "var": 2.33113145098e-17}, "spectral_energy": {"dmean": 0.00491908658296, "dmean2": 0.00708829704672, "dvar": 3.95770875912e-05, "dvar2": 8.05923555163e-05, "max": 0.154189705849, "mean": 0.023748960346, "median": 0.0202522240579, "min": 1.0717610368e-20, "var": 0.000363239116268}, "spectral_energyband_high": {"dmean": 2.70995333267e-05, "dmean2": 4.45196674264e-05, "dvar": 4.21317292165e-09, "dvar2": 1.12051008472e-08, "max": 0.00183691934217, "mean": 7.37618538551e-05, "median": 2.52262707363e-05, "min": 7.81063758595e-21, "var": 1.48137679901e-08}, "spectral_energyband_low": {"dmean": 0.00118572590873, "dmean2": 0.00176486209966, "dvar": 6.94992240824e-06, "dvar2": 1.6761066945e-05, "max": 0.0909848958254, "mean": 0.00345194363035, "median": 0.0016366513446, "min": 2.46276773698e-23, "var": 3.10008836095e-05}, "spectral_energyband_middle_high": {"dmean": 0.00125386985019, "dmean2": 0.00187114730943, "dvar": 4.01595116273e-06, "dvar2": 8.70752955962e-06, "max": 0.0561784990132, "mean": 0.00438299961388, "median": 0.0032819241751, "min": 1.56959025747e-21, "var": 1.96587479877e-05}, "spectral_energyband_middle_low": {"dmean": 0.00420988770202, "dmean2": 0.00610961439088, "dvar": 3.0960123695e-05, "dvar2": 6.4416177338e-05, "max": 0.131953507662, "mean": 0.0174281001091, "median": 0.0137269468978, "min": 2.86796907551e-22, "var": 0.000239692890318}, "spectral_entropy": {"dmean": 0.0991452783346, "dmean2": 0.151029020548, "dvar": 0.00949396099895, "dvar2": 0.0194750968367, "max": 9.8062877655, "mean": 6.73691558838, "median": 6.87884283066, "min": 4.18605089188, "var": 0.333938598633}, "spectral_flux": {"dmean": 0.0135428924114, "dmean2": 0.0216366685927, "dvar": 0.000218716828385, "dvar2": 0.000529065786395, "max": 0.232695877552, "mean": 0.0521402955055, "median": 0.0510647706687, "min": 1.0352588925e-10, "var": 0.000917791971005}, "spectral_kurtosis": {"dmean": 11.1470918655, "dmean2": 19.4265346527, "dvar": 579.153991699, "dvar2": 1684.51367188, "max": 589.498413086, "mean": 31.0265541077, "median": 10.5493955612, "min": -1.21941804886, "var": 4143.79345703}, "spectral_rms": {"dmean": 0.000460657378426, "dmean2": 0.000659166777041, "dvar": 2.36408169485e-07, "dvar2": 4.7693504257e-07, "max": 0.0122649492696, "mean": 0.00433736573905, "median": 0.00444502709433, "min": 3.23360565754e-12, "var": 4.35708125224e-06}, "spectral_rolloff": {"dmean": 136.032348633, "dmean2": 229.626037598, "dvar": 87046.953125, "dvar2": 139748.5, "max": 19659.8144531, "mean": 897.62689209, "median": 796.728515625, "min": 193.798828125, "var": 1098103.625}, "spectral_skewness": {"dmean": 0.619852304459, "dmean2": 1.07946300507, "dvar": 0.731823980808, "dvar2": 2.07637882233, "max": 19.7381973267, "mean": 3.04044532776, "median": 2.16477537155, "min": -0.00198282347992, "var": 7.65422058105}, "spectral_spread": {"dmean": 189150.96875, "dmean2": 316048.34375, "dvar": 159265259520, "dvar2": 165275844608, "max": 40777732, "mean": 2116427.75, "median": 2196081.5, "min": 149186.5625, "var": 920254021632}, "spectral_strongpeak": {"dmean": 0.425703644753, "dmean2": 0.675294518471, "dvar": 0.381471663713, "dvar2": 0.830807447433, "max": 9.25560855865, "mean": 1.23222196102, "median": 0.856268942356, "min": 0, "var": 1.29369556904}, "zerocrossingrate": {"dmean": 0.00328125618398, "dmean2": 0.0042189117521, "dvar": 2.93054108624e-05, "dvar2": 3.78309741791e-05, "max": 0.50927734375, "mean": 0.0344551280141, "median": 0.0322265625, "min": 0.00830078125, "var": 0.000609339273069}, "barkbands": {"dmean": [1.44240652844e-06, 0.000300166895613, 0.000698408752214, 0.000739873503335, 0.00160308508202, 0.00154238392133, 0.00104248663411, 0.000908192654606, 0.000401633791625, 0.000760221853852, 0.000597268866841, 0.000328212307068, 0.000108388449007, 0.000163244316354, 0.000193976055016, 0.000147618571646, 9.03766413103e-05, 3.25091168634e-05, 2.84989873762e-05, 2.49505992542e-05, 1.83813281183e-05, 5.1244169299e-06, 1.12786528916e-06, 3.84789814234e-07, 1.22662228819e-07, 1.84099526734e-08, 2.69879785186e-09], "dmean2": [2.46584704655e-06, 0.000432831584476, 0.00104050862137, 0.00112914398778, 0.0024747105781, 0.00231660110876, 0.00152798066847, 0.00136888225097, 0.000593416334596, 0.00109661265742, 0.000913530820981, 0.000518016109709, 0.000171881183633, 0.000264318485279, 0.000318760226946, 0.000232789796428, 0.000152725944645, 5.39581633348e-05, 4.70978156955e-05, 4.13630077674e-05, 3.09627503157e-05, 8.36902472656e-06, 1.81956943379e-06, 6.10874906215e-07, 1.88501800835e-07, 2.79295129246e-08, 4.42319381122e-09], "dvar": [2.51598498979e-11, 2.85412738776e-07, 3.170520813e-06, 2.48255264523e-06, 8.9619661594e-06, 7.79653328209e-06, 4.50735069535e-06, 3.64841253031e-06, 1.47842604292e-06, 2.46385116043e-06, 1.86051443052e-06, 6.19872764673e-07, 5.44932241553e-08, 1.27229753843e-07, 1.12613818715e-07, 9.96098776795e-08, 3.21708490958e-08, 3.98459176765e-09, 4.98023444706e-09, 3.79281717144e-09, 2.55084309231e-09, 1.76983053213e-10, 1.21938978012e-11, 8.67927041001e-13, 2.54614038186e-13, 2.07773349137e-15, 3.74303363083e-17], "dvar2": [7.22434889688e-11, 6.29080602721e-07, 7.55562223276e-06, 6.24199856247e-06, 2.14513602259e-05, 1.69632803591e-05, 9.5284285635e-06, 7.48528191252e-06, 2.55946793004e-06, 4.64184722659e-06, 3.77477431357e-06, 1.39662699894e-06, 1.27027576013e-07, 3.13229975291e-07, 3.00126970387e-07, 2.32148494206e-07, 8.08799995866e-08, 1.01994315216e-08, 1.37945228573e-08, 1.00651726953e-08, 7.35074667801e-09, 4.43755115986e-10, 2.87770102886e-11, 2.14682265021e-12, 5.08982992472e-13, 4.7341954677e-15, 9.68053308989e-17], "max": [0.000191752144019, 0.0107351671904, 0.0718724727631, 0.0586308762431, 0.0912858247757, 0.0859759524465, 0.0727216526866, 0.0389117784798, 0.0564255639911, 0.0412257425487, 0.0457600578666, 0.0266551058739, 0.00786995235831, 0.0121366698295, 0.012877041474, 0.00772981438786, 0.00668092258275, 0.00148043571971, 0.00288425805047, 0.00195060344413, 0.00135420402512, 0.000308985763695, 0.000107374304207, 2.68415551545e-05, 2.00634294742e-05, 1.33122216539e-06, 1.68939010337e-07], "mean": [1.57998158556e-06, 0.000753072847147, 0.00163750501815, 0.00176533719059, 0.00397739512846, 0.0042953309603, 0.00326841673814, 0.0021751888562, 0.00079424114665, 0.00177746650297, 0.00109273509588, 0.00057400832884, 0.00022774093668, 0.000306151690893, 0.000365174957551, 0.000324205582729, 0.000173861670191, 7.02260877006e-05, 6.5084277594e-05, 5.01344547956e-05, 3.82844991691e-05, 1.17487579701e-05, 2.65110475084e-06, 1.08548647404e-06, 3.38954833978e-07, 5.58060015976e-08, 5.19474774308e-09], "median": [2.15046313201e-07, 0.000412704655901, 0.000507743156049, 0.000824947084766, 0.00235248426907, 0.00191984721459, 0.00106359110214, 0.000752083957195, 0.000362417747965, 0.000698727439158, 0.000453447981272, 0.000246206996962, 0.000113423913717, 0.000126195824123, 0.000196773005882, 0.000126096012536, 9.05311317183e-05, 3.80411220249e-05, 2.698928256e-05, 1.95423235709e-05, 9.75428702077e-06, 3.28604869537e-06, 7.71958355017e-07, 3.765757981e-07, 1.26725510086e-07, 1.41337901383e-08, 1.43012224285e-09], "min": [1.04097897698e-24, 1.10464389773e-23, 1.09597691963e-23, 8.90758068348e-24, 2.87332266426e-23, 2.06263460888e-23, 1.20660579479e-22, 3.57544768186e-23, 5.37368325213e-23, 9.36211476401e-23, 1.97739459087e-22, 2.19819335036e-22, 4.21575282577e-23, 9.10279409636e-23, 1.74465967168e-22, 1.39522559267e-22, 1.15709448624e-22, 1.52795491096e-22, 2.0622798108e-22, 6.93985803219e-22, 3.26447050887e-22, 5.42429694646e-22, 6.16271821162e-22, 8.42665409386e-22, 1.21665343409e-21, 1.55724404157e-21, 2.46961294811e-21], "var": [2.27030286931e-11, 9.91937668005e-07, 1.24730249809e-05, 8.08844106359e-06, 2.918033897e-05, 4.30778200098e-05, 3.20533690683e-05, 1.47690234371e-05, 4.10386110161e-06, 1.13552086987e-05, 4.58033628092e-06, 1.40162012485e-06, 1.23473768099e-07, 2.74425076441e-07, 3.07439080416e-07, 2.69586394097e-07, 7.04131366547e-08, 1.09483409005e-08, 1.27462849164e-08, 8.22076273721e-09, 5.51548007266e-09, 4.77971662249e-10, 2.96502648822e-11, 3.5112735202e-12, 6.41139756303e-13, 9.42946214817e-15, 9.6350202891e-17]}, "erbbands": {"dmean": [0.00321615999565, 0.0869684368372, 0.584898173809, 1.86952960491, 4.79833459854, 4.64804601669, 9.04883480072, 11.7019042969, 17.646238327, 12.4167709351, 20.606710434, 7.42236375809, 24.3911380768, 22.709274292, 18.5238800049, 14.7802658081, 5.57328891754, 9.27166557312, 8.09226417542, 6.88755989075, 6.90270185471, 3.9357945919, 2.00728106499, 1.36993467808, 1.77721738815, 0.835519313812, 0.962475419044, 0.353566765785, 0.199694395065, 0.103984117508, 0.0344202369452, 0.0106442300603, 0.00516432523727, 0.00236469693482, 0.000485053227749, 0.000134699570481, 2.5324687158e-05, 4.67625022793e-06, 2.44868965638e-06, 5.53013933313e-06], "dmean2": [0.0042175850831, 0.126468658447, 0.87195700407, 2.84980297089, 7.40735769272, 7.02431488037, 13.930606842, 17.4124355316, 24.2986183167, 19.6159934998, 30.9830131531, 10.9050788879, 34.031414032, 36.1220970154, 27.1999778748, 23.0836086273, 8.68644237518, 15.0056686401, 13.2252759933, 11.1457195282, 11.0859251022, 6.57732248306, 3.28488898277, 2.3028781414, 2.94883298874, 1.37213230133, 1.61739552021, 0.589275836945, 0.323834359646, 0.172007754445, 0.0549568794668, 0.0167530421168, 0.00820499192923, 0.00364642660134, 0.000746303296182, 0.000206101321965, 3.83142578357e-05, 7.40692530599e-06, 3.54510734724e-06, 7.95063897385e-06], "dvar": [3.80231467716e-05, 0.0239442009479, 1.94573175907, 18.2705821991, 82.1852264404, 88.3805923462, 320.68737793, 582.024414062, 1306.06140137, 541.345336914, 2268.79003906, 303.616363525, 3540.01831055, 2132.32641602, 2912.30419922, 1400.66479492, 139.576766968, 419.640441895, 223.379241943, 140.67250061, 153.262084961, 86.2828369141, 14.7049283981, 9.32835960388, 21.6985435486, 3.90552186966, 6.89703559875, 0.780916392803, 0.339342087507, 0.082366257906, 0.0117786908522, 0.000744521676097, 0.000167348131072, 8.90877781785e-05, 1.88986712146e-06, 1.08092528706e-07, 4.20039381055e-09, 1.23740184765e-10, 9.47873203538e-12, 4.93091054099e-11], "dvar2": [6.37272387394e-05, 0.0533878058195, 4.60726261139, 45.7541351318, 215.666549683, 176.811218262, 751.354980469, 1259.45471191, 2135.55151367, 1261.52844238, 4494.33837891, 576.34753418, 6163.36279297, 5235.1015625, 5088.23632812, 3218.77587891, 289.453216553, 1017.31451416, 580.014343262, 357.194549561, 366.496520996, 195.947891235, 37.6170196533, 26.4105224609, 60.1437721252, 10.090877533, 19.2472076416, 2.12778496742, 0.854554891586, 0.201815322042, 0.0270282812417, 0.0017571314238, 0.0004131764872, 0.000182219242561, 3.98141537516e-06, 2.46942306603e-07, 9.97159954608e-09, 3.16815629287e-10, 1.95349951493e-11, 9.97926810631e-11], "max": [0.208136215806, 2.84415650368, 50.3204841614, 170.785568237, 208.736968994, 312.239562988, 619.619262695, 773.013061523, 1187.37121582, 526.994812012, 1060.08251953, 656.775756836, 1618.46643066, 1166.50561523, 2270.28417969, 1376.81787109, 491.313934326, 760.145019531, 763.865478516, 197.080444336, 259.839355469, 469.248687744, 85.7607574463, 92.2165298462, 181.332626343, 54.0367889404, 81.1041946411, 19.0817394257, 15.0298099518, 11.7318677902, 4.49552822113, 0.850671112537, 0.470782130957, 0.348945945501, 0.0507407747209, 0.0112911490723, 0.00192191754468, 0.000241000103415, 7.42939228076e-05, 0.000172930667759], "mean": [0.0112136416137, 0.22506724298, 1.44973909855, 4.87880992889, 10.7816743851, 11.5748815536, 20.4059028625, 32.8374176025, 61.4655036926, 32.3601493835, 49.4590454102, 18.865316391, 57.8952255249, 44.9353752136, 36.2948875427, 26.2230091095, 12.8419723511, 18.2343025208, 16.8016700745, 15.7838716507, 16.6468353271, 8.50935554504, 4.63282394409, 3.13524031639, 4.03499984741, 1.95395898819, 2.06181287766, 0.80098772049, 0.4493457973, 0.231501296163, 0.0830984562635, 0.0296584647149, 0.0147881358862, 0.00629347423092, 0.00157985719852, 0.000422815355705, 8.61152730067e-05, 1.50561154442e-05, 1.25582719193e-05, 2.70810232905e-05], "median": [0.00463533215225, 0.129558697343, 0.573160290718, 2.16605401039, 5.51228523254, 5.93601799011, 9.14428424835, 12.8550662994, 18.1396465302, 16.2701873779, 17.61186409, 10.2081279755, 17.6596031189, 27.8019008636, 13.1509075165, 11.4083719254, 7.33973646164, 8.44740962982, 9.82566738129, 9.03203678131, 8.59717178345, 4.70289039612, 2.62143325806, 1.61843895912, 1.61390399933, 0.842799186707, 0.604185760021, 0.264118790627, 0.116533055902, 0.061276011169, 0.022822232917, 0.0103363282979, 0.00512399384752, 0.00226142187603, 0.000593593576923, 0.000132592191221, 2.88182909571e-05, 4.6345330702e-06, 1.08751701191e-05, 2.32493966905e-05], "min": [1.54453979641e-22, 3.27948072699e-21, 1.26726808263e-20, 1.7401689352e-20, 5.78319189363e-20, 8.83956932705e-20, 2.03985802209e-19, 1.76642313085e-19, 1.30784234181e-18, 1.63939339192e-18, 9.08541580616e-19, 1.1576206557e-18, 1.76005939775e-18, 3.38334903072e-18, 1.30290649306e-17, 6.13457035963e-18, 2.31567558123e-18, 2.630157656e-18, 7.30843601538e-18, 1.06329030214e-17, 6.98690842974e-18, 6.61047507658e-18, 9.35531181194e-18, 7.73493612948e-18, 1.50558815973e-17, 3.69309872249e-17, 1.57288757436e-17, 1.71314316098e-17, 1.91460266829e-17, 2.14815595619e-17, 1.58812175971e-17, 1.72613485968e-17, 1.48908987697e-17, 1.20354903204e-17, 9.35238028385e-18, 6.61625500111e-18, 2.83545830057e-18, 1.24614511127e-18, 3.01296066177e-19, 3.58300067793e-20], "var": [0.000307514186716, 0.0845479518175, 7.22813272476, 70.3730010986, 228.262390137, 355.835296631, 1133.44372559, 3017.19238281, 11575.5722656, 2070.8125, 9386.33398438, 940.934753418, 16872.1328125, 3947.0234375, 8439.93164062, 3028.83618164, 378.699890137, 896.910461426, 720.782836914, 402.774841309, 515.274719238, 190.88609314, 42.2746009827, 24.3218593597, 54.7819442749, 10.4605169296, 15.7296953201, 2.03435778618, 0.839659392834, 0.208572402596, 0.0315764471889, 0.00264325016178, 0.000699597469065, 0.000224584407988, 8.38947744342e-06, 5.20686910477e-07, 1.93420852668e-08, 6.01963145996e-10, 9.87212325776e-11, 4.65631533331e-10]}, "gfcc": {"mean": [-106.922927856, 183.946060181, -147.915039062, 5.40111732483, -49.4281997681, -14.6999006271, -28.6447467804, -12.6021108627, -13.0499172211, -12.7444267273, -10.0050287247, -11.3165779114, 0.219944298267], "cov": [[17399.2832031, -323.716003418, -2533.98144531, 2075.53930664, -1074.10192871, 360.040100098, 393.328582764, -81.368560791, 18.1133956909, -273.343597412, -77.3602600098, -378.176696777, 225.289199829], [-323.716003418, 1941.37341309, 580.866088867, -810.836364746, 609.200073242, -295.122802734, -67.2277069092, -65.9423828125, 149.998413086, -127.250144958, 133.898895264, -25.0822372437, 47.4326057434], [-2533.98144531, 580.866088867, 873.23425293, -553.004211426, 270.84274292, -45.4532775879, -126.994789124, 5.42548322678, 62.6072731018, 35.6882743835, 54.2280502319, 59.6718063354, -19.9615268707], [2075.53930664, -810.836364746, -553.004211426, 762.669677734, -327.693847656, 159.220733643, 95.2295150757, -1.53885424137, -44.8301200867, 37.6689758301, -48.5235061646, -30.0133075714, 2.83250713348], [-1074.10192871, 609.200073242, 270.84274292, -327.693847656, 385.619140625, -92.2123947144, -18.4563751221, -2.97672319412, 30.0149288177, -28.6595516205, 41.2244529724, 20.4596176147, -9.54474258423], [360.040100098, -295.122802734, -45.4532775879, 159.220733643, -92.2123947144, 220.738204956, 56.2093162537, 48.4013214111, -17.6076946259, 8.96666431427, -26.3800430298, -11.290971756, 5.08763647079], [393.328582764, -67.2277069092, -126.994789124, 95.2295150757, -18.4563751221, 56.2093162537, 125.986671448, 40.0884246826, -0.579770505428, -3.51964664459, -26.9873409271, -15.148015976, 0.155535012484], [-81.368560791, -65.9423828125, 5.42548322678, -1.53885424137, -2.97672319412, 48.4013214111, 40.0884246826, 110.425552368, 25.2191085815, 5.78464508057, -5.20867156982, -4.58118867874, -2.14511418343], [18.1133956909, 149.998413086, 62.6072731018, -44.8301200867, 30.0149288177, -17.6076946259, -0.579770505428, 25.2191085815, 89.2307739258, 34.4452095032, 26.6014785767, 1.96316862106, 5.57119274139], [-273.343597412, -127.250144958, 35.6882743835, 37.6689758301, -28.6595516205, 8.96666431427, -3.51964664459, 5.78464508057, 34.4452095032, 107.078895569, 28.3337001801, 32.6264419556, -9.94783687592], [-77.3602600098, 133.898895264, 54.2280502319, -48.5235061646, 41.2244529724, -26.3800430298, -26.9873409271, -5.20867156982, 26.6014785767, 28.3337001801, 87.6615066528, 33.8120040894, 4.90369844437], [-378.176696777, -25.0822372437, 59.6718063354, -30.0133075714, 20.4596176147, -11.290971756, -15.148015976, -4.58118867874, 1.96316862106, 32.6264419556, 33.8120040894, 78.4766159058, 6.24055147171], [225.289199829, 47.4326057434, -19.9615268707, 2.83250713348, -9.54474258423, 5.08763647079, 0.155535012484, -2.14511418343, 5.57119274139, -9.94783687592, 4.90369844437, 6.24055147171, 56.5314102173]], "icov": [[0.000261503068032, -0.000749182247091, 0.000605989363976, -0.000635973643512, 0.00080962840002, -0.000522870162968, 0.000318863778375, -0.000169680119143, 8.49350981298e-05, 3.60540661859e-06, 0.000169555933098, 6.52542121315e-06, -1.44253954204e-05], [-0.000749182247091, 0.00521681411192, -0.0024031479843, 0.00305930362083, -0.00464585004374, 0.00285923224874, -0.00298851775005, 0.00311166746542, -0.00432513887063, 0.00365718826652, -0.00394434900954, 0.0027438858524, -0.00219975155778], [0.000605989363976, -0.0024031479843, 0.00454800529405, 0.000175894034328, 0.0016005638754, -0.00320383138023, 0.00336753996089, -0.000837833038531, 1.23751397041e-05, -0.00191369734239, 0.00193931674585, -0.00166698533576, 0.00139381794725], [-0.000635973643512, 0.00305930362083, 0.000175894034328, 0.00579017726704, -0.00162119953893, -6.7088752985e-05, -0.00181074289139, 0.00248071900569, -0.00196571811102, 4.24062272941e-05, -0.00156891951337, 0.000924998370465, -0.000193833024241], [0.00080962840002, -0.00464585004374, 0.0016005638754, -0.00162119953893, 0.00904068071395, -0.00170167884789, 0.000573293189518, -0.00205085566267, 0.00272628222592, -0.000986879109405, 0.00154851900879, -0.00256505515426, 0.00262462813407], [-0.000522870162968, 0.00285923224874, -0.00320383138023, -6.7088752985e-05, -0.00170167884789, 0.00910528376698, -0.00402605440468, -0.00130126101431, 0.000365129031707, 0.00138225709088, -0.00190524500795, 0.0021372444462, -0.00245168781839], [0.000318863778375, -0.00298851775005, 0.00336753996089, -0.00181074289139, 0.000573293189518, -0.00402605440468, 0.0145359812304, -0.00525988917798, 0.00176012516022, -0.00321019114926, 0.00569833954796, -0.00220512109809, 0.00174691725988], [-0.000169680119143, 0.00311166746542, -0.000837833038531, 0.00248071900569, -0.00205085566267, -0.00130126101431, -0.00525988917798, 0.0148157728836, -0.00787179265171, 0.00393274845555, -0.00269650272094, 0.00172283384018, -0.000495731306728], [8.49350981298e-05, -0.00432513887063, 1.23751397041e-05, -0.00196571811102, 0.00272628222592, 0.000365129031707, 0.00176012516022, -0.00787179265171, 0.0229760389775, -0.0111016826704, 0.000643884995952, 0.00132278527599, -0.000902454950847], [3.60540661859e-06, 0.00365718826652, -0.00191369734239, 4.24062272941e-05, -0.000986879109405, 0.00138225709088, -0.00321019114926, 0.00393274845555, -0.0111016826704, 0.0198128316551, -0.00636153388768, -0.0026162720751, 0.00152742257342], [0.000169555933098, -0.00394434900954, 0.00193931674585, -0.00156891951337, 0.00154851900879, -0.00190524500795, 0.00569833954796, -0.00269650272094, 0.000643884995952, -0.00636153388768, 0.0209637973458, -0.00879090093076, 0.00168117787689], [6.52542121315e-06, 0.0027438858524, -0.00166698533576, 0.000924998370465, -0.00256505515426, 0.0021372444462, -0.00220512109809, 0.00172283384018, 0.00132278527599, -0.0026162720751, -0.00879090093076, 0.0212180521339, -0.00568769173697], [-1.44253954204e-05, -0.00219975155778, 0.00139381794725, -0.000193833024241, 0.00262462813407, -0.00245168781839, 0.00174691725988, -0.000495731306728, -0.000902454950847, 0.00152742257342, 0.00168117787689, -0.00568769173697, 0.0215742681175]]}, "melbands": {"dmean": [5.65181362617e-05, 0.000235829313169, 0.000357235578122, 0.000387179868994, 0.000261604553089, 0.000279300002148, 0.000266658491455, 0.000140615171404, 0.000163926015375, 4.72331958008e-05, 0.000121729441162, 9.04123153305e-05, 6.2463193899e-05, 4.2284889787e-05, 2.8075188311e-05, 9.68727908912e-06, 1.99350470211e-05, 1.07920923256e-05, 1.522103139e-05, 1.20533732115e-05, 7.68409609009e-06, 5.10627569383e-06, 2.62579260379e-06, 1.42791100188e-06, 1.2035141026e-06, 1.29586135245e-06, 1.22259325508e-06, 5.52534004328e-07, 6.15427893536e-07, 5.79790253141e-07, 1.46276576629e-07, 1.26802618183e-07, 1.00523230628e-07, 4.49625403576e-08, 2.39008386416e-08, 1.1827119728e-08, 6.79132527992e-09, 4.22665014099e-09, 3.94154575645e-09, 1.92827087631e-09], "dmean2": [7.92985665612e-05, 0.000347628985764, 0.000539083499461, 0.000602699117735, 0.000399995857151, 0.000409809465054, 0.000375353440177, 0.000222109520109, 0.000246435898589, 6.87100691721e-05, 0.000170003491803, 0.000144542966154, 9.43225531955e-05, 6.42166560283e-05, 4.42734199169e-05, 1.53285454871e-05, 3.2322408515e-05, 1.76438097697e-05, 2.50845496339e-05, 1.91029084817e-05, 1.25878832478e-05, 8.66062055138e-06, 4.2537567424e-06, 2.41496104536e-06, 2.0269039851e-06, 2.13860425902e-06, 2.04395814762e-06, 9.04865828488e-07, 1.02835929283e-06, 9.69020220509e-07, 2.40717383804e-07, 2.07455073564e-07, 1.64859187635e-07, 7.49369633013e-08, 3.84504303952e-08, 1.88953919178e-08, 1.08565441082e-08, 6.80047840262e-09, 6.40971054011e-09, 3.03686187308e-09], "dvar": [1.05193560529e-08, 2.86109269609e-07, 4.7748653742e-07, 6.40393182039e-07, 2.41835465431e-07, 3.15706046194e-07, 2.88234417667e-07, 7.47423030134e-08, 1.48196264149e-07, 1.56727768541e-08, 8.7111239111e-08, 3.41375958612e-08, 2.46743478982e-08, 9.1350020881e-09, 6.35845509578e-09, 5.83338433113e-10, 1.86997195506e-09, 4.49690923388e-10, 8.01883504042e-10, 8.29980195682e-10, 1.76551745446e-10, 1.40245648428e-10, 3.42450443003e-11, 8.2498834153e-12, 7.84814227495e-12, 1.67615660934e-11, 1.12151277848e-11, 2.78441983012e-12, 3.61647322332e-12, 3.26217156586e-12, 2.17174355214e-13, 1.45312662727e-13, 9.12578186304e-14, 1.89283725277e-14, 7.5290742743e-15, 1.56436291567e-15, 3.73386178603e-16, 1.51895255292e-16, 1.37716929607e-16, 1.06330143599e-16], "dvar2": [2.16737774394e-08, 6.73553074648e-07, 1.20402137327e-06, 1.50427581502e-06, 5.57596138151e-07, 6.35744981992e-07, 5.15615852237e-07, 1.7031406685e-07, 2.96845001913e-07, 2.53063685562e-08, 1.51812670879e-07, 8.30406889918e-08, 4.64566767278e-08, 1.93698301842e-08, 1.26709833737e-08, 1.38038291908e-09, 4.50752990488e-09, 1.17781673303e-09, 2.164810331e-09, 1.92324778325e-09, 4.393767572e-10, 3.30412530669e-10, 7.64290436495e-11, 2.26235054995e-11, 2.22060599075e-11, 4.64707994308e-11, 3.04592809308e-11, 7.10202079438e-12, 9.44994516666e-12, 9.67897723775e-12, 5.45003766509e-13, 3.61153381506e-13, 2.31327164455e-13, 4.72424901391e-14, 1.69365745522e-14, 3.3899476159e-15, 9.45493221713e-16, 3.80444557092e-16, 3.57406716764e-16, 2.12245836624e-16], "max": [0.0026665085461, 0.0194906610996, 0.0235636755824, 0.0254406649619, 0.0175861492753, 0.019282899797, 0.0176644138992, 0.00680004106835, 0.00864734780043, 0.0064238794148, 0.00798751227558, 0.0048207952641, 0.0060804868117, 0.00278915208764, 0.003508211812, 0.00103703816421, 0.00129491952248, 0.00109439960215, 0.000612334464677, 0.000685887353029, 0.00028663064586, 0.000553568592295, 0.00020596680406, 9.63970160228e-05, 8.2603910414e-05, 0.00017764538643, 0.000129856256535, 5.1152674132e-05, 8.40810316731e-05, 5.12475635333e-05, 1.42222788782e-05, 1.09094289655e-05, 8.99985388969e-06, 4.59603506897e-06, 3.96999757868e-06, 1.89428487829e-06, 7.54502480049e-07, 5.26732890194e-07, 4.49579829365e-07, 3.94102414703e-07], "mean": [0.000159659961355, 0.000615007476881, 0.000962807040196, 0.000875561672729, 0.000615257245954, 0.000800118141342, 0.000907580542844, 0.000348865025444, 0.000377778807888, 0.000110944725748, 0.000284846610157, 0.000169701786945, 0.000119571712276, 7.83413124736e-05, 4.97570545122e-05, 2.06054410228e-05, 3.66739222954e-05, 2.18019704334e-05, 2.74998255918e-05, 2.4479431886e-05, 1.70768889802e-05, 9.55432005867e-06, 5.52445135327e-06, 3.07335494654e-06, 2.3604609396e-06, 2.69961333288e-06, 2.51219148595e-06, 1.05974163489e-06, 1.25873805246e-06, 1.10257701635e-06, 2.97600109889e-07, 2.62683784058e-07, 2.00860540644e-07, 8.85363036218e-08, 4.96244503267e-08, 2.67016186939e-08, 1.55595554219e-08, 1.06103561492e-08, 8.78921646574e-09, 4.25266488691e-09], "median": [8.05422751e-05, 0.000274057703791, 0.000523879658431, 0.000436015165178, 0.00030931350193, 0.000310055009322, 0.000276864680927, 0.000172888903762, 0.000133956637001, 5.66872477066e-05, 8.57766426634e-05, 0.000100758588815, 4.74944718007e-05, 2.96625821647e-05, 2.24667237489e-05, 1.01861105577e-05, 1.44425939652e-05, 1.20199638332e-05, 1.38157311085e-05, 8.81960113475e-06, 8.75901423569e-06, 4.63020023744e-06, 2.68364692602e-06, 1.65264145835e-06, 1.01898660887e-06, 8.45624640533e-07, 9.22528215597e-07, 2.88544043769e-07, 3.88814441976e-07, 1.79280604584e-07, 8.03651403203e-08, 6.10301853499e-08, 4.07222948695e-08, 2.36794583941e-08, 1.18518128644e-08, 8.08635469696e-09, 4.88085971639e-09, 3.6441087925e-09, 2.65180211123e-09, 1.45370471216e-09], "min": [2.52655996015e-24, 5.83755373813e-24, 4.4069193822e-24, 5.31297306907e-24, 6.1243697582e-24, 3.71678757471e-24, 2.20545251152e-23, 1.58931396367e-23, 8.15700398685e-24, 6.89068028558e-24, 9.26896180847e-24, 1.27911113655e-23, 3.46303468733e-23, 3.09222493903e-23, 8.60574356848e-24, 3.29665997811e-24, 4.95506608751e-24, 1.30895327127e-23, 1.1143325296e-23, 1.32418791085e-23, 6.85653680788e-24, 5.59180542235e-24, 8.68653396923e-24, 8.21716094176e-24, 5.85656291936e-24, 8.123247051e-24, 1.32113998897e-23, 2.86242944179e-23, 1.04773712864e-23, 8.00170094044e-24, 9.74847958718e-24, 1.09967107636e-23, 1.08369672191e-23, 1.15050550975e-23, 8.01724386686e-24, 9.81496951744e-24, 1.15563775991e-23, 1.08645205528e-23, 9.34489203718e-24, 1.02279476677e-23], "var": [4.90834928257e-08, 1.13579187655e-06, 1.80403640115e-06, 1.9727617655e-06, 8.96240010206e-07, 1.87020759768e-06, 2.43856607085e-06, 2.56711530255e-07, 5.53416441562e-07, 5.41752740446e-08, 4.14540522797e-07, 6.19994509066e-08, 6.72015261216e-08, 2.42924649285e-08, 1.44972025495e-08, 1.15797438305e-09, 4.1851513366e-09, 1.42375800039e-09, 1.75012038195e-09, 1.93166704854e-09, 5.78228354087e-10, 2.83436496495e-10, 1.03517652783e-10, 1.96346584824e-11, 1.76845881689e-11, 3.49000585376e-11, 2.5071358184e-11, 6.08919425299e-12, 7.80559904906e-12, 6.74268627043e-12, 5.13877026868e-13, 3.32308480863e-13, 2.02004035786e-13, 3.80001443452e-14, 1.71650074796e-14, 3.96462580105e-15, 9.43626149339e-16, 4.36722934885e-16, 3.54204508707e-16, 1.96334388884e-16]}, "mfcc": {"mean": [-728.705444336, 196.447784424, -24.6856021881, 16.6963939667, -7.93893575668, -1.39332962036, -10.816532135, -4.4496922493, -1.43573331833, -4.13868570328, -9.73434352875, -4.65885734558, 0.686082601547], "cov": [[12554.5068359, 1219.38378906, -2351.40112305, 1124.35522461, -644.566833496, 296.570587158, 21.2865028381, 249.701843262, 159.218338013, 119.730049133, -144.180801392, -39.1578102112, -31.8266716003], [1219.38378906, 1805.22741699, 28.1186904907, -98.3425827026, 194.68182373, -61.548576355, -45.7950782776, -13.1140375137, -0.0953339338303, -28.2612991333, 12.2588500977, -34.6995162964, -53.382850647], [-2351.40112305, 28.1186904907, 871.596801758, -268.474182129, 127.518287659, -12.2587394714, -38.7564582825, -72.5505065918, -29.1008434296, -10.4376468658, 50.3993034363, 25.886806488, 10.8248443604], [1124.35522461, -98.3425827026, -268.474182129, 277.11227417, -61.9238548279, 38.8956222534, 1.6328946352, 2.20726418495, 7.1353263855, 6.61774492264, -7.28593540192, 21.9024333954, 16.3443069458], [-644.566833496, 194.68182373, 127.518287659, -61.9238548279, 190.498199463, -7.77271699905, -3.21658086777, -13.5718221664, -18.9714107513, -20.1952667236, 20.9255065918, 8.63809299469, -1.17812883854], [296.570587158, -61.548576355, -12.2587394714, 38.8956222534, -7.77271699905, 116.386985779, 40.2923278809, 14.59096241, 7.23755645752, 13.5373210907, 1.56850123405, 5.03087949753, 5.66385030746], [21.2865028381, -45.7950782776, -38.7564582825, 1.6328946352, -3.21658086777, 40.2923278809, 93.1087875366, 47.3245429993, 18.4605255127, 18.0025997162, 2.03711915016, -6.88461351395, -8.26193523407], [249.701843262, -13.1140375137, -72.5505065918, 2.20726418495, -13.5718221664, 14.59096241, 47.3245429993, 100.343223572, 42.8298683167, 16.6787452698, -1.88169908524, -8.77102375031, -14.1682815552], [159.218338013, -0.0953339338303, -29.1008434296, 7.1353263855, -18.9714107513, 7.23755645752, 18.4605255127, 42.8298683167, 83.5103378296, 44.1039733887, 3.34575772285, -6.29959201813, -11.1997919083], [119.730049133, -28.2612991333, -10.4376468658, 6.61774492264, -20.1952667236, 13.5373210907, 18.0025997162, 16.6787452698, 44.1039733887, 84.898651123, 23.83934021, -7.16765975952, -7.72537755966], [-144.180801392, 12.2588500977, 50.3993034363, -7.28593540192, 20.9255065918, 1.56850123405, 2.03711915016, -1.88169908524, 3.34575772285, 23.83934021, 77.7112503052, 37.3094787598, 3.53584313393], [-39.1578102112, -34.6995162964, 25.886806488, 21.9024333954, 8.63809299469, 5.03087949753, -6.88461351395, -8.77102375031, -6.29959201813, -7.16765975952, 37.3094787598, 83.5597229004, 39.2979393005], [-31.8266716003, -53.382850647, 10.8248443604, 16.3443069458, -1.17812883854, 5.66385030746, -8.26193523407, -14.1682815552, -11.1997919083, -7.72537755966, 3.53584313393, 39.2979393005, 74.1641921997]], "icov": [[0.000453391519841, -0.000521487148944, 0.000772297789808, -0.000824854359962, 0.00115401588846, -0.00118471588939, 0.000942153856158, -0.000773752282839, 0.000247048737947, -0.000453555374406, 0.0002569615026, -0.00024206659873, 6.02878571954e-05], [-0.000521487148944, 0.00126791233197, -0.000739956158213, 0.00111582840327, -0.00203658826649, 0.0014715398429, -0.000733457505703, 0.000951536523644, -0.000560628250241, 0.000713925459422, -0.000459742441308, 0.000480779650388, 0.000263150024693], [0.000772297789808, -0.000739956158213, 0.00333147449419, 0.000555325357709, 0.00123932375573, -0.00273576937616, 0.00216099945828, -4.31551343354e-05, 2.26277425099e-05, -0.000695112335961, -0.000261467532255, -0.000883709930349, 6.30112772342e-05], [-0.000824854359962, 0.00111582840327, 0.000555325357709, 0.00764943659306, -0.00156211270951, 4.06827166444e-05, -0.000647146836855, 0.00264736101963, -0.00093535555061, 0.000662234262563, -0.000265818147454, -0.00153807795141, -0.000156515277922], [0.00115401588846, -0.00203658826649, 0.00123932375573, -0.00156211270951, 0.00999642908573, -0.00309476093389, 0.00151979015209, -0.00179880484939, 0.00122109346557, 0.00051507295575, -0.00115466804709, -0.000533150858246, -1.09065913421e-05], [-0.00118471588939, 0.0014715398429, -0.00273576937616, 4.06827166444e-05, -0.00309476093389, 0.0142560144886, -0.00757325161248, 0.00224138516933, -0.000214341387618, 3.43922474713e-05, 2.68926123681e-05, 0.000323036860209, -0.000813451479189], [0.000942153856158, -0.000733457505703, 0.00216099945828, -0.000647146836855, 0.00151979015209, -0.00757325161248, 0.0191446579993, -0.00882899295539, 0.00200952682644, -0.00305233732797, 0.000225948329899, 4.45937657787e-05, 0.000703240453731], [-0.000773752282839, 0.000951536523644, -4.31551343354e-05, 0.00264736101963, -0.00179880484939, 0.00224138516933, -0.00882899295539, 0.0188201963902, -0.00871915183961, 0.0035341384355, -0.00104650051799, 0.000210259313462, 0.00117774086539], [0.000247048737947, -0.000560628250241, 2.26277425099e-05, -0.00093535555061, 0.00122109346557, -0.000214341387618, 0.00200952682644, -0.00871915183961, 0.0217027682811, -0.0111225806177, 0.00340217864141, -0.00238842121325, 0.00172142637894], [-0.000453555374406, 0.000713925459422, -0.000695112335961, 0.000662234262563, 0.00051507295575, 3.43922474713e-05, -0.00305233732797, 0.0035341384355, -0.0111225806177, 0.0213642902672, -0.00936179235578, 0.00613738363609, -0.00164452206809], [0.0002569615026, -0.000459742441308, -0.000261467532255, -0.000265818147454, -0.00115466804709, 2.68926123681e-05, 0.000225948329899, -0.00104650051799, 0.00340217864141, -0.00936179235578, 0.022486904636, -0.0127983959392, 0.00492904381827], [-0.00024206659873, 0.000480779650388, -0.000883709930349, -0.00153807795141, -0.000533150858246, 0.000323036860209, 4.45937657787e-05, 0.000210259313462, -0.00238842121325, 0.00613738363609, -0.0127983959392, 0.0241013877094, -0.0111598623917], [6.02878571954e-05, 0.000263150024693, 6.30112772342e-05, -0.000156515277922, -1.09065913421e-05, -0.000813451479189, 0.000703240453731, 0.00117774086539, 0.00172142637894, -0.00164452206809, 0.00492904381827, -0.0111598623917, 0.0198564827442]]}, "spectral_contrast_coeffs": {"dmean": [0.0392846688628, 0.0383033081889, 0.033130787313, 0.0265344567597, 0.0186926536262, 0.01652354002], "dmean2": [0.0633836612105, 0.0625436529517, 0.0539253912866, 0.0436791740358, 0.0307245980948, 0.0273230019957], "dvar": [0.0010328295175, 0.00103386095725, 0.000757059839088, 0.000497899949551, 0.000245931936661, 0.00026684711338], "dvar2": [0.00275552179664, 0.0026409723796, 0.00196797773242, 0.00126483582426, 0.000643451872747, 0.000721091288142], "max": [-0.308661192656, -0.381590723991, -0.504503667355, -0.50677728653, -0.587879478931, -0.575533866882], "mean": [-0.594242453575, -0.696933865547, -0.745507478714, -0.755174636841, -0.75592315197, -0.733316779137], "median": [-0.592083156109, -0.704086184502, -0.747354269028, -0.756483674049, -0.756405591965, -0.714650690556], "min": [-0.966310381889, -0.975892543793, -0.96670883894, -0.958807229996, -0.974166035652, -0.95871514082], "var": [0.00786302611232, 0.00700264796615, 0.00425039744005, 0.00290352827869, 0.00235869712196, 0.00587863242254]}, "spectral_contrast_valleys": {"dmean": [0.329684406519, 0.284014701843, 0.244867950678, 0.210003301501, 0.160691291094, 0.193497940898], "dmean2": [0.541324853897, 0.464666187763, 0.40133485198, 0.343196839094, 0.260227590799, 0.320175558329],