{"lowlevel": {"average_loudness": 0.794017970562, "barkbands_crest": {"dmean": 2.61255979538, "dmean2": 4.29478311539, "dvar": 6.7559876442, "dvar2": 18.749994278, "max": 26.2379989624, "mean": 12.892827034, "median": 11.9175729752, "min": 3.11159086227, "var": 28.3625602722}, "barkbands_flatness_db": {"dmean": 0.0222915466875, "dmean2": 0.0350511819124, "dvar": 0.000507804914378, "dvar2": 0.0012889833888, "max": 0.519386231899, "mean": 0.216380596161, "median": 0.20462629199, "min": 0.0301940105855, "var": 0.00633649155498}, "barkbands_kurtosis": {"dmean": 5.50351047516, "dmean2": 8.96487617493, "dvar": 118.034095764, "dvar2": 335.353912354, "max": 334.693267822, "mean": 10.7961845398, "median": 5.05628871918, "min": -1.89398169518, "var": 295.620727539}, "barkbands_skewness": {"dmean": 0.63204240799, "dmean2": 0.999618053436, "dvar": 0.551741659641, "dvar2": 1.51317536831, "max": 15.5494909286, "mean": 2.23841714859, "median": 1.87285602093, "min": -4.87459802628, "var": 2.73021411896}, "barkbands_spread": {"dmean": 3.06536364555, "dmean2": 4.78487062454, "dvar": 21.1040439606, "dvar2": 45.6282501221, "max": 88.5862197876, "mean": 11.8765497208, "median": 8.8886384964, "min": 0.201342090964, "var": 103.359710693}, "dissonance": {"dmean": 0.0267066154629, "dmean2": 0.0447791703045, "dvar": 0.000737711903639, "dvar2": 0.00200005737133, "max": 0.499988824129, "mean": 0.426180273294, "median": 0.442815035582, "min": 0.125264421105, "var": 0.003452392295}, "dynamic_complexity": 4.51614809036, "erbbands_crest": {"dmean": 2.25231003761, "dmean2": 3.53601074219, "dvar": 4.97145605087, "dvar2": 11.4265680313, "max": 33.4575500488, "mean": 11.3777542114, "median": 9.97773075104, "min": 2.76162624359, "var": 29.2141361237}, "erbbands_flatness_db": {"dmean": 0.0130594652146, "dmean2": 0.0196015853435, "dvar": 0.000189931641216, "dvar2": 0.000401636323659, "max": 0.546991527081, "mean": 0.206305444241, "median": 0.185589060187, "min": 0.0519201792777, "var": 0.00686300359666}, "erbbands_kurtosis": {"dmean": 1.07408165932, "dmean2": 1.66062605381, "dvar": 3.98867726326, "dvar2": 9.63504219055, "max": 66.0027008057, "mean": 1.22392952442, "median": 0.111973524094, "min": -1.75824010372, "var": 16.925611496}, "erbbands_skewness": {"dmean": 0.338587999344, "dmean2": 0.508183896542, "dvar": 0.12662987411, "dvar2": 0.272163152695, "max": 6.94534301758, "mean": 0.607125103474, "median": 0.594445824623, "min": -4.81120586395, "var": 0.888196825981}, "erbbands_spread": {"dmean": 4.96803998947, "dmean2": 7.68581199646, "dvar": 41.8822860718, "dvar2": 91.085723877, "max": 121.667053223, "mean": 29.7783184052, "median": 29.3844203949, "min": 0.443984150887, "var": 266.011077881}, "hfc": {"dmean": 3.33590054512, "dmean2": 5.00870370865, "dvar": 33.3518066406, "dvar2": 69.070640564, "max": 174.771240234, "mean": 15.9116277695, "median": 12.3789129257, "min": 1.18066215217e-16, "var": 204.518234253}, "melbands_crest": {"dmean": 3.20509195328, "dmean2": 5.04741811752, "dvar": 10.0742397308, "dvar2": 25.6112747192, "max": 37.9019546509, "mean": 18.489906311, "median": 17.3487701416, "min": 1.69332003593, "var": 60.1142997742}, "melbands_flatness_db": {"dmean": 0.0263366363943, "dmean2": 0.0406788289547, "dvar": 0.000727506238036, "dvar2": 0.00178511871491, "max": 0.618008196354, "mean": 0.309228420258, "median": 0.298363804817, "min": 0.00349724269472, "var": 0.00849446468055}, "melbands_kurtosis": {"dmean": 9.64302825928, "dmean2": 15.6502199173, "dvar": 338.093078613, "dvar2": 971.151977539, "max": 315.736724854, "mean": 19.6800613403, "median": 10.0930633545, "min": -1.91788434982, "var": 765.982849121}, "melbands_skewness": {"dmean": 0.781359255314, "dmean2": 1.23150420189, "dvar": 0.849440217018, "dvar2": 2.36467552185, "max": 14.8761978149, "mean": 2.98219799995, "median": 2.51030802727, "min": -4.44667339325, "var": 4.19545555115}, "melbands_spread": {"dmean": 3.50619053841, "dmean2": 5.47358322144, "dvar": 36.3165168762, "dvar2": 73.2447052002, "max": 154.882263184, "mean": 12.4106492996, "median": 9.06653404236, "min": 0.434417098761, "var": 179.519882202}, "pitch_salience": {"dmean": 0.0741207674146, "dmean2": 0.117638513446, "dvar": 0.0051835346967, "dvar2": 0.01285528671, "max": 0.911613345146, "mean": 0.474625408649, "median": 0.488846123219, "min": 0.0714866742492, "var": 0.0252929907292}, "silence_rate_20dB": {"dmean": 0, "dmean2": 0, "dvar": 0, "dvar2": 0, "max": 1, "mean": 1, "median": 1, "min": 1, "var": 0}, "silence_rate_30dB": {"dmean": 0.065101981163, "dmean2": 0.130222156644, "dvar": 0.0608661025763, "dvar2": 0.126684308052, "max": 1, "mean": 0.815337359905, "median": 1, "min": 0, "var": 0.150558665395}, "silence_rate_60dB": {"dmean": 0.0142497904599, "dmean2": 0.0285035632551, "dvar": 0.0140463430434, "dvar2": 0.031043715775, "max": 1, "mean": 0.110769659281, "median": 0, "min": 0, "var": 0.098497800529}, "spectral_centroid": {"dmean": 146.095306396, "dmean2": 218.025741577, "dvar": 51809.7578125, "dvar2": 92709.265625, "max": 11411.4658203, "mean": 928.704223633, "median": 736.494567871, "min": 168.233718872, "var": 345019.40625}, "spectral_complexity": {"dmean": 1.91785418987, "dmean2": 3.09598994255, "dvar": 4.24706554413, "dvar2": 9.76644706726, "max": 38, "mean": 13.9990224838, "median": 14, "min": 0, "var": 51.7162284851}, "spectral_decrease": {"dmean": 4.95161289749e-09, "dmean2": 8.19024581489e-09, "dvar": 6.50816904755e-17, "dvar2": 1.93499356375e-16, "max": 2.20449568266e-18, "mean": -1.36410962526e-08, "median": -8.29333224317e-09, "min": -1.01559443522e-07, "var": 2.19146362582e-16}, "spectral_energy": {"dmean": 0.0188751406968, "dmean2": 0.0311979223043, "dvar": 0.000934869982302, "dvar2": 0.00277893617749, "max": 0.385480821133, "mean": 0.0529276430607, "median": 0.0332362093031, "min": 1.05318024995e-20, "var": 0.00319402851164}, "spectral_energyband_high": {"dmean": 0.000103153543023, "dmean2": 0.000146336940816, "dvar": 3.8354210119e-07, "dvar2": 7.52646940327e-07, "max": 0.0209078229964, "mean": 0.000214960848098, "median": 6.78071082802e-05, "min": 7.67361640995e-21, "var": 7.29966757262e-07}, "spectral_energyband_low": {"dmean": 0.017532877624, "dmean2": 0.0290421452373, "dvar": 0.000947903085034, "dvar2": 0.00283621018752, "max": 0.372680008411, "mean": 0.035927336663, "median": 0.00960823800415, "min": 4.50688415165e-23, "var": 0.00269686477259}, "spectral_energyband_middle_high": {"dmean": 0.000788999372162, "dmean2": 0.00114291370846, "dvar": 1.27656369386e-06, "dvar2": 2.49642312156e-06, "max": 0.0196707677096, "mean": 0.00336462585256, "median": 0.00189853005577, "min": 1.45790724326e-21, "var": 1.31288879857e-05}, "spectral_energyband_middle_low": {"dmean": 0.00480943825096, "dmean2": 0.00777952792123, "dvar": 5.98371771048e-05, "dvar2": 0.000156078924192, "max": 0.106238313019, "mean": 0.0146184246987, "median": 0.0107649769634, "min": 2.22406849292e-22, "var": 0.000162146534421}, "spectral_entropy": {"dmean": 0.141784414649, "dmean2": 0.216514438391, "dvar": 0.0292839761823, "dvar2": 0.0622583180666, "max": 9.78584575653, "mean": 6.79246282578, "median": 6.95370292664, "min": 3.8504884243, "var": 0.525529980659}, "spectral_flux": {"dmean": 0.0296359118074, "dmean2": 0.0465944334865, "dvar": 0.00145483668894, "dvar2": 0.00321398628876, "max": 0.418949604034, "mean": 0.0895405709743, "median": 0.0760908871889, "min": 1.02624568565e-10, "var": 0.00498391455039}, "spectral_kurtosis": {"dmean": 5.13349199295, "dmean2": 8.67014312744, "dvar": 131.939285278, "dvar2": 347.817352295, "max": 283.88458252, "mean": 19.4421749115, "median": 8.38419818878, "min": -1.24419617653, "var": 1111.87731934}, "spectral_rms": {"dmean": 0.00107446068432, "dmean2": 0.00173709087539, "dvar": 1.95894858734e-06, "dvar2": 5.44258864466e-06, "max": 0.0193927530199, "mean": 0.00611269660294, "median": 0.0056943455711, "min": 3.20545304709e-12, "var": 1.42717581184e-05}, "spectral_rolloff": {"dmean": 227.175857544, "dmean2": 388.583984375, "dvar": 365079.09375, "dvar2": 722623.625, "max": 19509.0820312, "mean": 797.684875488, "median": 516.796875, "min": 43.06640625, "var": 1947611.125}, "spectral_skewness": {"dmean": 0.374978214502, "dmean2": 0.615645110607, "dvar": 0.319100946188, "dvar2": 0.828688621521, "max": 14.321354866, "mean": 2.84046196938, "median": 2.17940425873, "min": -0.0365422777832, "var": 3.8461663723}, "spectral_spread": {"dmean": 337576.75, "dmean2": 510931.90625, "dvar": 376165335040, "dvar2": 576819232768, "max": 41775052, "mean": 3277100.5, "median": 3163133, "min": 395674.40625, "var": 2145532379140.0}, "spectral_strongpeak": {"dmean": 0.31604975462, "dmean2": 0.537228822708, "dvar": 0.325775772333, "dvar2": 0.831283628941, "max": 9.5851984024, "mean": 0.753904461861, "median": 0.536388874054, "min": 0, "var": 0.602531135082}, "zerocrossingrate": {"dmean": 0.00524134933949, "dmean2": 0.00628482177854, "dvar": 7.62946365285e-05, "dvar2": 7.93716826593e-05, "max": 0.5166015625, "mean": 0.0313783623278, "median": 0.025390625, "min": 0.001953125, "var": 0.00131008890457}, "barkbands": {"dmean": [0.00237222528085, 0.0155179845169, 0.00243434426375, 0.00184906483628, 0.00152710021939, 0.00145738467108, 0.000975591654424, 0.00113681179937, 0.000508844212163, 0.000301882595522, 8.84745531948e-05, 8.56706828927e-05, 0.000118127180031, 0.000140804986586, 0.000109129869088, 9.7069729236e-05, 0.000158416703925, 0.000250321696512, 0.00012298215006, 3.22676132782e-05, 2.58023810602e-05, 2.19155735977e-05, 2.28224271268e-05, 2.60076467384e-05, 1.12137622637e-05, 3.74534192815e-06, 9.48746446738e-07], "dmean2": [0.00351571384817, 0.0264456570148, 0.00411883741617, 0.00316803762689, 0.0025978453923, 0.00232210382819, 0.00153010245413, 0.00169814168476, 0.000774818880018, 0.000452794105513, 0.000141552576679, 0.000137007576996, 0.000186596662388, 0.000222538816161, 0.000172536383616, 0.000148965540575, 0.000241855872446, 0.000370311725419, 0.000181564872037, 5.17776425113e-05, 4.04403472203e-05, 3.38090612786e-05, 3.35205622832e-05, 3.72186586901e-05, 1.66351583175e-05, 5.78091157877e-06, 1.43403406128e-06], "dvar": [3.10533760057e-05, 0.000859670515638, 4.18117597292e-05, 1.8564714992e-05, 1.01224286482e-05, 5.29431599716e-06, 3.34094806931e-06, 5.15651936439e-06, 1.09768905077e-06, 3.31193177772e-07, 2.81185617013e-08, 2.36488411076e-08, 4.06380280538e-08, 8.00322510486e-08, 6.54791776356e-08, 8.17423924104e-08, 1.85890939974e-07, 3.33780235451e-07, 9.98646996209e-08, 3.58732634709e-08, 4.47001973214e-08, 1.34407454055e-08, 2.27411351972e-08, 2.93413773278e-08, 8.20997314577e-09, 2.16100429218e-10, 9.31483796346e-12], "dvar2": [7.10193562554e-05, 0.0026636691764, 0.000108127271233, 4.9729620514e-05, 2.80513995676e-05, 1.3496101019e-05, 7.49418904888e-06, 1.11289491542e-05, 2.40015469899e-06, 7.06547041318e-07, 6.91731827374e-08, 6.07676042819e-08, 9.92720785575e-08, 1.9245430849e-07, 1.55271123958e-07, 1.8741734209e-07, 4.23250497761e-07, 6.81176004491e-07, 2.03760521345e-07, 8.44655190235e-08, 1.12056000034e-07, 2.63219632757e-08, 4.77879389393e-08, 5.67104798677e-08, 1.58561732633e-08, 5.13197317975e-10, 1.85576571471e-11], "max": [0.0878691002727, 0.325952142477, 0.0761360377073, 0.0619234889746, 0.0487615428865, 0.038861412555, 0.0422150157392, 0.0489618033171, 0.0249732043594, 0.013691926375, 0.00435061007738, 0.00282527273521, 0.00489025143906, 0.0044874609448, 0.00798569526523, 0.0105839567259, 0.0150492666289, 0.0126232914627, 0.0103799635544, 0.00953539740294, 0.0116329658777, 0.00775266578421, 0.00474113691598, 0.00873808190227, 0.00461513129994, 0.000586187758017, 7.15113783372e-05], "mean": [0.00501891318709, 0.0271757021546, 0.00266427174211, 0.00253673666157, 0.00260613812134, 0.00346215604804, 0.00194636173546, 0.00266599818133, 0.00112534186337, 0.000651042093523, 0.000169596984051, 0.000146779493662, 0.000235785657424, 0.000285771850031, 0.00021407676104, 0.00025343161542, 0.000430558400694, 0.000786445220001, 0.000311939365929, 4.86077005917e-05, 4.06417057093e-05, 4.08504056395e-05, 3.51151174982e-05, 4.5045006118e-05, 2.04988446058e-05, 7.91498496255e-06, 1.76508820005e-06], "median": [0.000103733196738, 0.00436600716785, 0.000750046689063, 0.000782839255407, 0.00131312734447, 0.00229259254411, 0.000954172690399, 0.0008287205128, 0.000378989730962, 0.000255963037489, 8.44018068165e-05, 8.2222657511e-05, 0.000114380549348, 6.83499674778e-05, 6.41558508505e-05, 3.9210794057e-05, 6.84210244799e-05, 7.20225725672e-05, 3.78055083274e-05, 1.3161786228e-05, 9.35840489547e-06, 1.0594352716e-05, 5.01255362906e-06, 6.94587970429e-06, 4.08116011386e-06, 2.36045070778e-06, 1.47189908262e-07], "min": [1.92775596017e-23, 6.96866470809e-24, 2.11824172963e-23, 4.26605249035e-24, 2.11859608595e-23, 1.28892070079e-23, 7.28094886583e-23, 2.28388406039e-23, 6.79729635157e-23, 4.04415191306e-23, 7.25011008423e-23, 1.28286251725e-22, 1.08925812819e-22, 5.89487544806e-23, 6.62684622915e-23, 2.27818611807e-22, 2.56310702603e-22, 1.08742431057e-22, 2.74094606146e-22, 2.47267352647e-22, 5.34365037084e-22, 5.15564803016e-22, 6.42837627224e-22, 9.65129842387e-22, 1.35928069745e-21, 1.39610174577e-21, 2.35773030791e-21], "var": [0.00011830611038, 0.00188981706742, 3.83643018722e-05, 2.63994206762e-05, 1.53998789756e-05, 1.48490935317e-05, 1.00935940281e-05, 2.28813041758e-05, 4.6782465688e-06, 1.40441932217e-06, 7.71444632619e-08, 4.41286367447e-08, 1.16961260233e-07, 2.57492501987e-07, 1.93452805775e-07, 5.25804978224e-07, 1.12924749374e-06, 2.3963887088e-06, 5.42269447124e-07, 4.53782931231e-08, 4.65152751872e-08, 2.6704595868e-08, 3.68442876209e-08, 5.56390489237e-08, 1.61020512479e-08, 3.52145923532e-10, 2.17334344965e-11]}, "erbbands": {"dmean": [0.679063737392, 2.74098610878, 2.77582740784, 5.08938550949, 5.15359306335, 4.78936052322, 8.3642168045, 13.3925666809, 15.6245698929, 15.7639608383, 22.3562889099, 13.2393465042, 8.64955043793, 6.95330286026, 3.52262759209, 4.0479888916, 5.31879854202, 6.92325878143, 5.81294536591, 4.1723690033, 5.3678855896, 7.65827846527, 13.4229373932, 8.26887226105, 3.77151012421, 1.50796830654, 1.16264736652, 0.925048470497, 0.784207463264, 0.643769681454, 0.696047902107, 0.573895156384, 0.411536991596, 0.168004512787, 0.063411347568, 0.0274810623378, 0.00401411298662, 0.00105744716711, 0.00018126834766, 2.45134051511e-05], "dmean2": [1.13291037083, 4.74807739258, 4.68783187866, 8.63980674744, 8.97670459747, 8.09361934662, 13.4525508881, 21.5620212555, 24.2920227051, 24.1548881531, 33.5706138611, 19.8417358398, 13.3395709991, 10.347442627, 5.57729959488, 6.47826576233, 8.34627723694, 10.991394043, 9.1766462326, 6.32844257355, 8.24779891968, 11.3851385117, 19.7433605194, 11.8781709671, 5.59388256073, 2.39849209785, 1.84812366962, 1.44817841053, 1.1908570528, 0.965669810772, 1.00811755657, 0.817972540855, 0.601903855801, 0.249082505703, 0.095693975687, 0.0424318537116, 0.00600949814543, 0.00161471683532, 0.000277276063571, 3.99460550398e-05], "dvar": [2.20312142372, 24.3079071045, 37.7997741699, 157.55657959, 135.251220703, 103.148010254, 258.490264893, 516.557373047, 898.019226074, 1167.1472168, 2354.77587891, 675.208435059, 283.417205811, 275.141052246, 44.06042099, 55.1152000427, 82.9957580566, 182.860534668, 169.84588623, 119.230476379, 278.607116699, 390.164794922, 982.43951416, 391.568756104, 158.112838745, 92.8977508545, 84.9104919434, 48.88722229, 19.9324073792, 9.79222774506, 24.0746078491, 13.5924301147, 8.18959712982, 2.24012517929, 0.213433250785, 0.0133295562118, 0.000208054596442, 1.71832743945e-05, 3.1409820167e-07, 1.45020162545e-09], "dvar2": [6.79701519012, 73.4275283813, 95.5794830322, 411.003814697, 382.290130615, 277.263366699, 663.722045898, 1292.66674805, 2026.35595703, 2640.49584961, 5175.42822266, 1461.18725586, 654.525146484, 549.980529785, 104.818405151, 143.745605469, 205.665802002, 461.291748047, 402.388702393, 253.281387329, 644.143188477, 818.27746582, 2000.06286621, 767.627197266, 316.174377441, 220.702560425, 205.397140503, 119.688865662, 38.7629814148, 18.0776824951, 52.3775978088, 25.1292572021, 16.9104480743, 4.74271154404, 0.430330812931, 0.0302329529077, 0.000465238234028, 3.92834299419e-05, 6.23480900686e-07, 3.95506427608e-09], "max": [17.9874229431, 59.8940544128, 80.8719787598, 153.82270813, 155.941268921, 168.763580322, 298.192749023, 480.54006958, 694.302490234, 916.476074219, 936.732299805, 624.195007324, 323.789367676, 512.309082031, 157.675018311, 144.693054199, 241.383666992, 265.334838867, 488.259429932, 239.674468994, 763.414123535, 670.576477051, 817.566345215, 567.653442383, 546.652832031, 475.148071289, 531.690673828, 324.334960938, 288.806365967, 137.128128052, 153.312652588, 152.828445435, 143.115341187, 69.3008728027, 20.814125061, 4.1372051239, 0.623911976814, 0.172783970833, 0.0119843166322, 0.000831557030324], "mean": [1.24945557117, 4.22949409485, 3.53195476532, 6.95208740234, 7.41779518127, 8.17510509491, 17.1031150818, 30.881811142, 33.8977355957, 34.6464653015, 55.4791870117, 31.2788105011, 19.1170425415, 15.8083868027, 7.6938085556, 7.40544366837, 11.2447824478, 15.545129776, 12.513794899, 10.8274536133, 15.6951980591, 24.9527683258, 43.222240448, 27.3222045898, 9.07663917542, 2.51230120659, 1.85201728344, 1.47091090679, 1.44877839088, 1.1676094532, 1.0435063839, 0.932548165321, 0.728083133698, 0.29312902689, 0.115491941571, 0.0553549677134, 0.00907086301595, 0.00196809321642, 0.000346088258084, 7.36930960556e-05], "median": [0.0930810794234, 0.864327549934, 1.42089426517, 2.22826433182, 3.20714068413, 3.71862459183, 8.97899532318, 18.6595973969, 16.7572135925, 14.4324111938, 18.2749462128, 12.0640888214, 8.16653156281, 6.49716424942, 4.27966213226, 4.42372941971, 6.06176948547, 4.81691551208, 4.68345689774, 2.45513701439, 2.85508394241, 3.93804621696, 4.53702878952, 2.41412830353, 1.77000379562, 0.803997218609, 0.470225960016, 0.327322781086, 0.36242467165, 0.282446891069, 0.131835952401, 0.129055976868, 0.112004466355, 0.0478833205998, 0.0254827328026, 0.0148839959875, 0.00303657003678, 0.000455361325294, 5.37126725249e-05, 4.73901600344e-05], "min": [4.21301629884e-22, 1.65367157135e-21, 1.93568454364e-20, 2.04588148022e-20, 1.21385216756e-20, 8.45460657856e-20, 1.66506442524e-19, 9.39673169204e-20, 4.52793911023e-19, 1.44309164524e-18, 5.53497205241e-19, 1.13733115605e-18, 2.05890734536e-18, 1.97565078953e-18, 2.58852710334e-18, 5.90528333846e-18, 4.52829397071e-18, 3.70770598764e-18, 3.89239597968e-18, 6.49030103642e-18, 1.27440788757e-17, 1.30727309679e-17, 7.23826214812e-18, 1.46987099719e-17, 1.03101942218e-17, 1.45549459814e-17, 2.18631445959e-17, 1.73541566071e-17, 1.58008801616e-17, 2.10098532002e-17, 1.81189992344e-17, 1.85405222027e-17, 1.68254194509e-17, 1.45119226634e-17, 1.00095967872e-17, 5.81124903283e-18, 2.34834859504e-18, 1.21234268573e-18, 3.3544523549e-19, 3.45053287271e-20], "var": [4.96999311447, 48.1836776733, 40.3775901794, 205.248153687, 156.61857605, 191.355041504, 610.638916016, 1448.0604248, 2707.02880859, 4664.36132812, 10266.8974609, 2976.4921875, 951.138916016, 1385.625, 133.606933594, 99.8788146973, 249.207733154, 627.857666016, 546.738464355, 527.305419922, 2080.77001953, 3110.95092773, 7022.44628906, 2988.47802734, 629.077148438, 114.866966248, 92.1189727783, 58.1662902832, 37.3258590698, 19.9423408508, 36.686466217, 26.8419551849, 15.0571708679, 3.67041087151, 0.408634454012, 0.0237225387245, 0.000399636395741, 2.6431029255e-05, 7.54933125791e-07, 5.88957771441e-09]}, "gfcc": {"mean": [-67.5174636841, 134.801651001, -102.612678528, 10.7804098129, -47.7900657654, 0.0358346700668, -37.7016067505, 13.1772603989, -13.6198244095, 0.704339742661, -6.43767404556, -0.667603194714, -12.7478742599], "cov": [[25027.8046875, -1826.16162109, -150.803878784, 3422.29418945, -59.2769813538, 557.312805176, -159.685958862, 1811.53710938, 461.697998047, 523.975158691, 683.004699707, 756.632019043, -43.1323318481], [-1826.16162109, 1447.00866699, -117.635551453, -791.631530762, 124.728240967, -218.545120239, 47.7841644287, -291.70690918, 5.81065750122, -100.530487061, 23.1196670532, -90.6575088501, 61.3865089417], [-150.803878784, -117.635551453, 833.564880371, 224.438552856, 197.957931519, 273.842346191, 97.7828063965, 33.0119552612, 14.1956853867, 78.4210510254, -14.5959243774, 145.033447266, 60.785118103], [3422.29418945, -791.631530762, 224.438552856, 1166.9486084, 163.015548706, 269.833709717, 23.3823013306, 350.029296875, 105.486877441, 84.2676467896, 84.529510498, 172.110488892, 16.3135414124], [-59.2769813538, 124.728240967, 197.957931519, 163.015548706, 359.835083008, 80.7004165649, 78.9251327515, 80.8653717041, 101.461280823, 2.0114979744, 15.9332761765, 95.7890090942, 38.6806144714], [557.312805176, -218.545120239, 273.842346191, 269.833709717, 80.7004165649, 293.476806641, 105.1199646, 97.143119812, 33.4018325806, 68.4639968872, -4.41930580139, 47.7862739563, 12.6578636169], [-159.685958862, 47.7841644287, 97.7828063965, 23.3823013306, 78.9251327515, 105.1199646, 280.47744751, 24.3432922363, 53.5138816833, 64.7548141479, 31.0939826965, 20.3959293365, 19.7742118835], [1811.53710938, -291.70690918, 33.0119552612, 350.029296875, 80.8653717041, 97.143119812, 24.3432922363, 365.562042236, 119.674438477, 55.414188385, 95.6387329102, 78.7268371582, -44.2602539062], [461.697998047, 5.81065750122, 14.1956853867, 105.486877441, 101.461280823, 33.4018325806, 53.5138816833, 119.674438477, 203.626037598, 60.1267471313, 65.7880859375, 51.5720825195, 30.4093437195], [523.975158691, -100.530487061, 78.4210510254, 84.2676467896, 2.0114979744, 68.4639968872, 64.7548141479, 55.414188385, 60.1267471313, 137.25239563, 49.6995277405, 37.1190261841, 14.2694854736], [683.004699707, 23.1196670532, -14.5959243774, 84.529510498, 15.9332761765, -4.41930580139, 31.0939826965, 95.6387329102, 65.7880859375, 49.6995277405, 180.979644775, 55.9777297974, 6.06132125854], [756.632019043, -90.6575088501, 145.033447266, 172.110488892, 95.7890090942, 47.7862739563, 20.3959293365, 78.7268371582, 51.5720825195, 37.1190261841, 55.9777297974, 176.061401367, 50.1790809631], [-43.1323318481, 61.3865089417, 60.785118103, 16.3135414124, 38.6806144714, 12.6578636169, 19.7742118835, -44.2602539062, 30.4093437195, 14.2694854736, 6.06132125854, 50.1790809631, 136.000549316]], "icov": [[0.000127227263874, -0.000227463038755, 0.00012028744095, -0.000401229452109, 0.000349829875631, -1.6687770767e-05, 0.000116783645353, -0.000460618000943, 0.000149058920215, -0.000340222613886, 9.05870256247e-05, -0.000366603606381, 6.15110820945e-06], [-0.000227463038755, 0.00205066846684, -0.000209680234548, 0.00172552419826, -0.00179123622365, 0.000258754647803, -0.000385720195482, 0.00147116719745, -0.000548874493688, 0.0013470511185, -0.00131372956093, 0.00125107064378, -0.000512434868142], [0.00012028744095, -0.000209680234548, 0.00235888641328, -0.000198540656129, -0.000531717785634, -0.00195023161359, 0.000355683470843, -1.38361401696e-05, 0.000813125167042, -0.00102404283825, 0.000311519019306, -0.00168692460284, -8.70085641509e-05], [-0.000401229452109, 0.00172552419826, -0.000198540656129, 0.00344000291079, -0.00206257845275, -0.00101809424814, -2.21352661356e-06, 0.000738829548936, -0.000331072486006, 0.00141534954309, -0.00105553190224, 0.000795315310825, -0.000628716661595], [0.000349829875631, -0.00179123622365, -0.000531717785634, -0.00206257845275, 0.00632705865428, -4.35370129708e-05, -0.000600244908128, -0.00184370041825, -0.00161267328076, 0.000730917730834, 0.00158568297047, -0.00279054604471, 0.000339150894433], [-1.6687770767e-05, 0.000258754647803, -0.00195023161359, -0.00101809424814, -4.35370129708e-05, 0.00751359714195, -0.0019638845697, -0.000948171888012, 0.000255676015513, -0.00133881694637, 0.0012439568527, 0.00134147505742, -0.000305358145852], [0.000116783645353, -0.000385720195482, 0.000355683470843, -2.21352661356e-06, -0.000600244908128, -0.0019638845697, 0.00504523236305, -0.000120296848763, -0.000122767130961, -0.00200655171648, -0.000562644563615, 5.64361835131e-06, -0.000105804851046], [-0.000460618000943, 0.00147116719745, -1.38361401696e-05, 0.000738829548936, -0.00184370041825, -0.000948171888012, -0.000120296848763, 0.00777887785807, -0.00308315269649, 0.00160031288397, -0.00225552497432, 0.000314114178764, 0.00277522718534], [0.000149058920215, -0.000548874493688, 0.000813125167042, -0.000331072486006, -0.00161267328076, 0.000255676015513, -0.000122767130961, -0.00308315269649, 0.00888414587826, -0.00343350716867, -0.000647201610263, -0.000135023001349, -0.00212691235356], [-0.000340222613886, 0.0013470511185, -0.00102404283825, 0.00141534954309, 0.000730917730834, -0.00133881694637, -0.00200655171648, 0.00160031288397, -0.00343350716867, 0.0126062501222, -0.0025358684361, 0.000327013869537, -0.000261309643975], [9.05870256247e-05, -0.00131372956093, 0.000311519019306, -0.00105553190224, 0.00158568297047, 0.0012439568527, -0.000562644563615, -0.00225552497432, -0.000647201610263, -0.0025358684361, 0.00876771379262, -0.00258418917656, 0.000363570492482], [-0.000366603606381, 0.00125107064378, -0.00168692460284, 0.000795315310825, -0.00279054604471, 0.00134147505742, 5.64361835131e-06, 0.000314114178764, -0.000135023001349, 0.000327013869537, -0.00258418917656, 0.0112558053806, -0.0032940863166], [6.15110820945e-06, -0.000512434868142, -8.70085641509e-05, -0.000628716661595, 0.000339150894433, -0.000305358145852, -0.000105804851046, 0.00277522718534, -0.00212691235356, -0.000261309643975, 0.000363570492482, -0.0032940863166, 0.0102531621233]]}, "melbands": {"dmean": [0.00502525269985, 0.00203025783412, 0.000844378897455, 0.000336686032824, 0.000273861835012, 0.000295677135, 0.000226786112762, 0.000187232799362, 0.000170224957401, 7.72960993345e-05, 4.27363120252e-05, 2.99773946608e-05, 1.19101287055e-05, 1.03678230516e-05, 9.22965773498e-06, 1.26648974401e-05, 1.46480269905e-05, 9.98768427962e-06, 6.95068229106e-06, 6.44943975203e-06, 6.99531756254e-06, 7.61662022342e-06, 1.30849612106e-05, 1.17597692224e-05, 6.95955668562e-06, 3.88176658817e-06, 1.4790834939e-06, 9.64001856119e-07, 7.7537180232e-07, 6.39834922822e-07, 5.50257652776e-07, 4.91899527333e-07, 3.96513939904e-07, 3.64381492091e-07, 4.1561014541e-07, 4.30911683225e-07, 3.43123986113e-07, 3.3273590816e-07, 2.22129912686e-07, 1.27535841443e-07], "dmean2": [0.00842036865652, 0.00344810844399, 0.00142806838267, 0.000579102896154, 0.000444156932645, 0.000473092513857, 0.000351655733539, 0.000284424400888, 0.000256818893831, 0.000116801085824, 6.59730940242e-05, 4.45993064204e-05, 1.90270020539e-05, 1.65177098097e-05, 1.46821676026e-05, 1.99275364139e-05, 2.33911996474e-05, 1.57506201504e-05, 1.08627073132e-05, 9.78674961516e-06, 1.09170232463e-05, 1.14248086902e-05, 1.96563614736e-05, 1.7001739252e-05, 1.00422403193e-05, 5.70483643969e-06, 2.30456112149e-06, 1.56660280481e-06, 1.25326482703e-06, 1.00426552763e-06, 8.79479841842e-07, 7.5685596812e-07, 6.08322466178e-07, 5.39322400073e-07, 6.10581309957e-07, 6.54822088109e-07, 5.00474754972e-07, 4.82787413603e-07, 3.43651208823e-07, 1.84962530625e-07], "dvar": [9.86054292298e-05, 1.22583805933e-05, 4.00168300985e-06, 5.47268314222e-07, 2.66485500333e-07, 2.34887238548e-07, 1.80027441843e-07, 1.62078578114e-07, 1.30155910938e-07, 2.36817587762e-08, 6.99818203387e-09, 5.33856381324e-09, 5.23575849343e-10, 3.00539787501e-10, 2.3951482464e-10, 5.14569997723e-10, 9.07139863227e-10, 4.92085761028e-10, 3.14151760161e-10, 3.45085765519e-10, 4.91013285586e-10, 4.25195656462e-10, 9.9523556063e-10, 8.49849246531e-10, 3.15747733515e-10, 1.56373275439e-10, 5.52646643726e-11, 3.66603483681e-11, 3.23661444868e-11, 2.35115243247e-11, 1.5263939418e-11, 8.61363324417e-12, 3.37577014953e-12, 3.59023878335e-12, 7.57774138577e-12, 1.25330188935e-11, 4.14871652657e-12, 4.82009527777e-12, 4.46993700734e-12, 1.20586516033e-12], "dvar2": [0.000300470215734, 3.32509735017e-05, 1.04702157842e-05, 1.52160578182e-06, 6.99722818354e-07, 5.88242301092e-07, 4.07297363836e-07, 3.61476281796e-07, 2.87149219957e-07, 5.1372332166e-08, 1.61002056132e-08, 1.06938031763e-08, 1.25298138531e-09, 7.61642970915e-10, 5.78122771877e-10, 1.28842425617e-09, 2.29650365391e-09, 1.13404940993e-09, 7.21288251349e-10, 7.23046789108e-10, 1.19189924597e-09, 9.03719821199e-10, 2.17776308098e-09, 1.67762070902e-09, 6.47901343687e-10, 3.01395908231e-10, 1.31182287255e-10, 8.67076341282e-11, 7.71386010623e-11, 5.74241904028e-11, 3.75750645876e-11, 1.66754336034e-11, 7.25444921149e-12, 6.91374691872e-12, 1.63956070942e-11, 2.96459280735e-11, 7.1076105071e-12, 9.59366613928e-12, 1.1317061871e-11, 2.40377466196e-12], "max": [0.119031004608, 0.0332536064088, 0.0227897819132, 0.0125057697296, 0.0087981345132, 0.00932657532394, 0.0100459316745, 0.0114794438705, 0.00715427333489, 0.00350288068876, 0.0016210200265, 0.00224057165906, 0.000658497796394, 0.000304243876599, 0.000311031850288, 0.000626432418358, 0.000576762715355, 0.000726591912098, 0.000338714162353, 0.000559514504857, 0.000902327476069, 0.000699928379618, 0.000778563844506, 0.000713046465535, 0.000495330197737, 0.000574714737013, 0.000337550096447, 0.000286714319373, 0.000315014302032, 0.000266504503088, 0.000162842290592, 0.000193239437067, 0.000100712641142, 8.82581152837e-05, 7.88567267591e-05, 0.000144886929775, 0.000113552327093, 0.000131758046336, 0.000105575520138, 5.79902953177e-05], "mean": [0.00937134306878, 0.00309452950023, 0.00120061752386, 0.000533104117494, 0.000562404864468, 0.000695873633958, 0.000487962941406, 0.000412828987464, 0.000426218874054, 0.00017222489987, 8.99184669834e-05, 6.52288945275e-05, 2.39250930463e-05, 1.90609262063e-05, 1.79217313416e-05, 2.59789467236e-05, 3.00666633848e-05, 2.00682352443e-05, 1.42247436088e-05, 1.67056987266e-05, 1.83478678082e-05, 2.25478561333e-05, 3.73602597392e-05, 3.78104632546e-05, 2.09545469261e-05, 9.34305444389e-06, 2.51045548794e-06, 1.41096904827e-06, 1.16249248094e-06, 9.89745785773e-07, 8.25573863494e-07, 8.44544501888e-07, 7.3942732115e-07, 5.89844830756e-07, 5.9753278947e-07, 5.89100807247e-07, 5.62163961604e-07, 5.67501501791e-07, 3.69817570345e-07, 2.01955302259e-07], "median": [0.001131757861, 0.00110512482934, 0.000449178944109, 0.000259618624114, 0.000306986621581, 0.000441267620772, 0.000243394155405, 0.000158412396559, 0.000137198177981, 6.4139108872e-05, 3.64027982869e-05, 2.39787441387e-05, 1.26597178678e-05, 1.11002054837e-05, 1.11552744784e-05, 1.16368255476e-05, 7.37298660169e-06, 6.48160448691e-06, 3.79741754841e-06, 2.84947623186e-06, 3.14530461765e-06, 3.50050027009e-06, 4.73871295981e-06, 3.06320634991e-06, 1.37224037644e-06, 1.13531268653e-06, 6.12730957528e-07, 2.85499140773e-07, 2.30524548783e-07, 2.13139799143e-07, 1.37732016015e-07, 1.83666287512e-07, 1.88326154671e-07, 1.14206194723e-07, 6.31597671941e-08, 5.3861789695e-08, 7.32664560132e-08, 7.8810465709e-08, 4.96234413561e-08, 3.03084775055e-08], "min": [4.86859746596e-24, 7.19599706604e-24, 3.40659839488e-24, 2.73227693765e-24, 5.96123371743e-24, 2.03495643795e-24, 9.71469267461e-24, 1.38300364445e-23, 4.87196866304e-24, 8.05813368302e-24, 1.00209166451e-23, 6.99641841246e-24, 9.46866667979e-24, 1.18391195471e-23, 1.09049480965e-23, 1.28339788559e-23, 6.06268596301e-24, 6.26373387002e-24, 5.62768242189e-24, 1.2142834151e-23, 1.64639641209e-23, 1.32563263071e-23, 1.01654296521e-23, 5.85604108787e-24, 1.32198146689e-23, 7.5095361437e-24, 7.65236808806e-24, 9.50185169149e-24, 1.14499673628e-23, 1.34631261934e-23, 9.33459503578e-24, 8.69118272655e-24, 1.0697049327e-23, 1.1925484039e-23, 1.07360127448e-23, 9.03440900666e-24, 1.26461676404e-23, 1.11775255717e-23, 1.2875163706e-23, 1.17807943272e-23], "var": [0.000240412162384, 2.12871800613e-05, 4.97092241858e-06, 8.33143815271e-07, 5.89914748161e-07, 6.71650752793e-07, 5.59290413094e-07, 6.82332029101e-07, 5.88451484873e-07, 9.74149756416e-08, 2.28440981687e-08, 2.66546766881e-08, 1.52836510114e-09, 6.54974297021e-10, 5.3267851241e-10, 1.51597912001e-09, 2.8593907242e-09, 1.5572981793e-09, 9.06663355504e-10, 2.01390704113e-09, 3.17542081518e-09, 3.20352677718e-09, 5.61977175906e-09, 6.43286091062e-09, 2.12797757193e-09, 7.87377829603e-10, 7.57762880221e-11, 4.71670792701e-11, 3.63058645647e-11, 2.62862561579e-11, 1.89834190034e-11, 1.56014038494e-11, 6.46952456884e-12, 6.44864934021e-12, 1.12620147583e-11, 1.6818066037e-11, 9.0837649902e-12, 9.56986399847e-12, 5.28951838927e-12, 2.07507513776e-12]}, "mfcc": {"mean": [-709.055969238, 165.133514404, 7.09570264816, 16.4860515594, 9.53852844238, -8.19958686829, -6.69596147537, 4.73358440399, -3.97451806068, 1.45401465893, 9.20318508148, 3.96752715111, -4.1906247139], "cov": [[14639.484375, -293.593017578, -359.968658447, 1990.08288574, 1023.21740723, -248.983642578, 148.473068237, 943.086853027, 122.715202332, 263.824249268, 819.788513184, 270.403015137, -10.8666667938], [-293.593017578, 1577.11230469, -35.5855560303, -335.802886963, -72.8451919556, -36.4066429138, -31.3715419769, -97.1145477295, -57.2256393433, -56.2999153137, -50.5575561523, 38.7543563843, 35.7433929443], [-359.968658447, -35.5855560303, 521.391662598, 7.03271865845, 24.737247467, 197.257080078, 76.099395752, 17.4085083008, 47.5995178223, 23.8032245636, -86.0595855713, 46.0077285767, 93.5368499756], [1990.08288574, -335.802886963, 7.03271865845, 618.203063965, 297.752410889, 89.6960678101, 72.9784164429, 236.80682373, 69.5422744751, 66.4291152954, 88.0191268921, 48.1758270264, 77.7319717407], [1023.21740723, -72.8451919556, 24.737247467, 297.752410889, 426.648651123, 29.762878418, -4.29328727722, 192.847167969, 64.1834945679, 28.8756160736, 30.607049942, 46.5515975952, 72.3753585815], [-248.983642578, -36.4066429138, 197.257080078, 89.6960678101, 29.762878418, 325.452667236, 97.926574707, 29.4187030792, 90.915687561, 45.7182273865, -85.534614563, 23.772233963, 88.837852478], [148.473068237, -31.3715419769, 76.099395752, 72.9784164429, -4.29328727722, 97.926574707, 186.11907959, 66.9683532715, 22.0708007812, 35.5945396423, 47.0732498169, 28.8175888062, -1.93087482452], [943.086853027, -97.1145477295, 17.4085083008, 236.80682373, 192.847167969, 29.4187030792, 66.9683532715, 273.352020264, 61.0367012024, 60.72838974, 104.690170288, 44.4435691833, 40.4090042114], [122.715202332, -57.2256393433, 47.5995178223, 69.5422744751, 64.1834945679, 90.915687561, 22.0708007812, 61.0367012024, 168.336669922, 48.866973877, 2.28446674347, 22.6715888977, 38.5128936768], [263.824249268, -56.2999153137, 23.8032245636, 66.4291152954, 28.8756160736, 45.7182273865, 35.5945396423, 60.72838974, 48.866973877, 180.392028809, 72.0357437134, 12.80027771, 31.0382862091], [819.788513184, -50.5575561523, -86.0595855713, 88.0191268921, 30.607049942, -85.534614563, 47.0732498169, 104.690170288, 2.28446674347, 72.0357437134, 294.805755615, 50.9487419128, -76.9897003174], [270.403015137, 38.7543563843, 46.0077285767, 48.1758270264, 46.5515975952, 23.772233963, 28.8175888062, 44.4435691833, 22.6715888977, 12.80027771, 50.9487419128, 135.13180542, 63.804889679], [-10.8666667938, 35.7433929443, 93.5368499756, 77.7319717407, 72.3753585815, 88.837852478, -1.93087482452, 40.4090042114, 38.5128936768, 31.0382862091, -76.9897003174, 63.804889679, 220.305252075]], "icov": [[0.00016249807959, -9.73410278675e-05, -8.89597686182e-06, -0.000573512690607, 2.43475442403e-05, 0.000193393963855, 8.31474972074e-05, -8.57709164848e-05, -6.53994766253e-06, -4.93148145324e-05, -0.000155159606948, -0.000129025444039, 0.000151654880028], [-9.73410278675e-05, 0.000827125681099, 0.000157178088557, 0.000930629146751, -0.000250423181569, -0.000220422531129, -0.0001565280254, 3.318157178e-05, 0.000208497935091, 0.000147359431139, 5.73183351662e-05, -0.000183392839972, -0.000354461517418], [-8.89597686182e-06, 0.000157178088557, 0.00271842139773, 0.000535876781214, -0.00025656959042, -0.00133552565239, -0.00057186500635, -0.000140200456372, 0.000216631888179, -0.000106275016151, 0.000515369290952, -0.000700422388036, -0.000365594605682], [-0.000573512690607, 0.000930629146751, 0.000535876781214, 0.00555084878579, -0.00176507723518, -0.00152609264478, -0.0008763843216, -0.000943983322941, 0.000379285629606, 0.000274930091109, -5.65316004213e-05, 0.000646548753139, -0.0013166667195], [2.43475442403e-05, -0.000250423181569, -0.00025656959042, -0.00176507723518, 0.00463915336877, 0.000294442987069, 0.00150905316696, -0.00236208713613, -0.000559380045161, 0.000188345540664, 0.000625669606961, -0.000639817852061, 5.24434617546e-05], [0.000193393963855, -0.000220422531129, -0.00133552565239, -0.00152609264478, 0.000294442987069, 0.00652152486145, -0.00264275074005, 0.000574108096771, -0.00231781136245, -0.000930272857659, 0.00168903777376, -9.96287344606e-05, -0.000548821990378], [8.31474972074e-05, -0.0001565280254, -0.00057186500635, -0.0008763843216, 0.00150905316696, -0.00264275074005, 0.00847690086812, -0.00217514205724, 0.000854085781612, -0.00029451813316, -0.000993501977064, -0.00122185552027, 0.00152357737534], [-8.57709164848e-05, 3.318157178e-05, -0.000140200456372, -0.000943983322941, -0.00236208713613, 0.000574108096771, -0.00217514205724, 0.00810437370092, -0.00126284221187, -0.000276887731161, -0.00196614838205, 0.000592703756411, -0.00117710512131], [-6.53994766253e-06, 0.000208497935091, 0.000216631888179, 0.000379285629606, -0.000559380045161, -0.00231781136245, 0.000854085781612, -0.00126284221187, 0.00807648990303, -0.00138100783806, 0.000152678883751, -0.000778991554398, 0.000159225281095], [-4.93148145324e-05, 0.000147359431139, -0.000106275016151, 0.000274930091109, 0.000188345540664, -0.000930272857659, -0.00029451813316, -0.000276887731161, -0.00138100783806, 0.00764556089416, -0.00279128085822, 0.00177070277277, -0.00204080087133], [-0.000155159606948, 5.73183351662e-05, 0.000515369290952, -5.65316004213e-05, 0.000625669606961, 0.00168903777376, -0.000993501977064, -0.00196614838205, 0.000152678883751, -0.00279128085822, 0.00744338007644, -0.00362574751489, 0.00326734012924], [-0.000129025444039, -0.000183392839972, -0.000700422388036, 0.000646548753139, -0.000639817852061, -9.96287344606e-05, -0.00122185552027, 0.000592703756411, -0.000778991554398, 0.00177070277277, -0.00362574751489, 0.0114667471498, -0.00447778357193], [0.000151654880028, -0.000354461517418, -0.000365594605682, -0.0013166667195, 5.24434617546e-05, -0.000548821990378, 0.00152357737534, -0.00117710512131, 0.000159225281095, -0.00204080087133, 0.00326734012924, -0.00447778357193, 0.00835566129535]]}, "spectral_contrast_coeffs": {"dmean": [0.0494884997606, 0.0424305424094, 0.0352044552565, 0.0283042173833, 0.022973107174, 0.0159359816462], "dmean2": [0.0816533565521, 0.0699366778135, 0.0564861409366, 0.0461821854115, 0.0351467579603, 0.0251713730395], "dvar": [0.001719768974, 0.00128559814766, 0.000862254411913, 0.000589490751736, 0.00049259403022, 0.000229194105486], "dvar2": [0.00449651665986, 0.00336449500173, 0.00217039347626, 0.00142324808985, 0.000966799561866, 0.000540162902325], "max": [-0.274983674288, -0.38858756423, -0.4689886868, -0.559185385704, -0.494061678648, -0.586133003235], "mean": [-0.654346346855, -0.673074543476, -0.72807019949, -0.752478420734, -0.735976576805, -0.793556690216], "median": [-0.670230507851, -0.674446940422, -0.733793497086, -0.756417155266, -0.752327680588, -0.787607312202], "min": [-0.977409899235, -0.980938792229, -0.972669959068, -0.961723923683, -0.961054623127, -0.95964974165], "var": [0.010876446031, 0.00639569293708, 0.00445768004283, 0.00347838876769, 0.00766325881705, 0.00226691993885]}, "spectral_contrast_valleys": {"dmean": [0.399363726377, 0.337755024433, 0.320571839809, 0.272533774376, 0.229886621237, 0.216444388032], "dmean2": [0.658696234226, 0.558057248592, 0.522282063961, 0.442839443684, 0.354594349861, 0.320922583342], "dvar": [0.128670811653, 0.114775240421, 0.118225060403, 0.0971106663346, 0.0842858701944, 0.0864130780101], "dvar2": [0.294084578753, 0.265098124743, 0.256846934557, 0.214233830571, 0.160634294152, 0.160319820046], "max": [-4.8054