{"lowlevel": {"average_loudness": 0.666639089584, "barkbands_crest": {"dmean": 2.40724229813, "dmean2": 3.6347630024, "dvar": 7.56299304962, "dvar2": 14.2852973938, "max": 26.5719890594, "mean": 15.7337369919, "median": 15.8095817566, "min": 2.60668849945, "var": 37.3785552979}, "barkbands_flatness_db": {"dmean": 0.030228972435, "dmean2": 0.0430125407875, "dvar": 0.00131085200701, "dvar2": 0.00259131821804, "max": 0.485847473145, "mean": 0.19609580934, "median": 0.190867379308, "min": 0.021398762241, "var": 0.00753727322444}, "barkbands_kurtosis": {"dmean": 11.7957000732, "dmean2": 17.8616943359, "dvar": 533.649108887, "dvar2": 1208.24169922, "max": 556.903137207, "mean": 24.576505661, "median": 10.1597061157, "min": -1.97661232948, "var": 1357.98388672}, "barkbands_skewness": {"dmean": 0.928077280521, "dmean2": 1.3800419569, "dvar": 1.29469788074, "dvar2": 2.75287508965, "max": 21.2783412933, "mean": 3.37342071533, "median": 2.79359269142, "min": -11.5569820404, "var": 7.82510375977}, "barkbands_spread": {"dmean": 4.79934740067, "dmean2": 7.51935815811, "dvar": 57.1771736145, "dvar2": 128.3021698, "max": 106.335350037, "mean": 12.9891309738, "median": 8.42588710785, "min": 0.218614906073, "var": 190.891571045}, "dissonance": {"dmean": 0.0202804580331, "dmean2": 0.0335079655051, "dvar": 0.000357952027116, "dvar2": 0.000940127647482, "max": 0.500000119209, "mean": 0.453632950783, "median": 0.459109932184, "min": 0.262269735336, "var": 0.00102129892912}, "dynamic_complexity": 5.48741674423, "erbbands_crest": {"dmean": 2.67985868454, "dmean2": 4.26716852188, "dvar": 6.32816410065, "dvar2": 15.1160316467, "max": 33.1179084778, "mean": 10.3498430252, "median": 8.98742103577, "min": 2.58008337021, "var": 32.2069168091}, "erbbands_flatness_db": {"dmean": 0.0214558206499, "dmean2": 0.0311889573932, "dvar": 0.000683177553583, "dvar2": 0.00127962010447, "max": 0.494950503111, "mean": 0.159646451473, "median": 0.146298632026, "min": 0.0424049161375, "var": 0.00502217561007}, "erbbands_kurtosis": {"dmean": 1.38389134407, "dmean2": 2.18811154366, "dvar": 4.66553497314, "dvar2": 10.0274944305, "max": 55.9616508484, "mean": 1.70948588848, "median": 0.318735003471, "min": -1.83844578266, "var": 19.517206192}, "erbbands_skewness": {"dmean": 0.395672827959, "dmean2": 0.614091098309, "dvar": 0.157374426723, "dvar2": 0.391595512629, "max": 6.30750322342, "mean": 0.821907758713, "median": 0.655784130096, "min": -3.12291026115, "var": 0.973909914494}, "erbbands_spread": {"dmean": 9.29317188263, "dmean2": 14.4067106247, "dvar": 133.23739624, "dvar2": 292.279907227, "max": 149.681427002, "mean": 38.1274375916, "median": 34.6456222534, "min": 2.02956318855, "var": 454.794067383}, "hfc": {"dmean": 6.63134813309, "dmean2": 10.2296829224, "dvar": 218.094848633, "dvar2": 452.641113281, "max": 383.845214844, "mean": 15.2241172791, "median": 7.23514509201, "min": 1.22068604711e-16, "var": 1010.41064453}, "melbands_crest": {"dmean": 2.98383712769, "dmean2": 4.44473600388, "dvar": 11.2679033279, "dvar2": 22.4306602478, "max": 37.0933685303, "mean": 21.9661273956, "median": 21.382106781, "min": 1.92267537117, "var": 76.4980316162}, "melbands_flatness_db": {"dmean": 0.0337492674589, "dmean2": 0.0477192215621, "dvar": 0.00169801292941, "dvar2": 0.00333920540288, "max": 0.627082407475, "mean": 0.277051597834, "median": 0.275169730186, "min": 0.00518594915047, "var": 0.0116956792772}, "melbands_kurtosis": {"dmean": 22.1134681702, "dmean2": 33.2898178101, "dvar": 1844.93164062, "dvar2": 4128.58056641, "max": 729.118896484, "mean": 47.1481628418, "median": 20.5139312744, "min": -1.7762619257, "var": 4750.49755859}, "melbands_skewness": {"dmean": 1.12518596649, "dmean2": 1.64870715141, "dvar": 1.93853402138, "dvar2": 3.87881112099, "max": 24.3829708099, "mean": 4.58147001266, "median": 3.72067022324, "min": -1.16462731361, "var": 10.2149543762}, "melbands_spread": {"dmean": 4.79603052139, "dmean2": 7.48807621002, "dvar": 102.750411987, "dvar2": 233.230392456, "max": 197.315612793, "mean": 13.1146373749, "median": 7.32497882843, "min": 0.274095147848, "var": 393.734924316}, "pitch_salience": {"dmean": 0.0753800198436, "dmean2": 0.112898342311, "dvar": 0.00708453543484, "dvar2": 0.0144461849704, "max": 0.850529134274, "mean": 0.426381677389, "median": 0.443028748035, "min": 0.0352578423917, "var": 0.0400548167527}, "silence_rate_20dB": {"dmean": 0.0120544172823, "dmean2": 0.0241129864007, "dvar": 0.0119088217616, "dvar2": 0.0273195058107, "max": 1, "mean": 0.988980710506, "median": 1, "min": 0, "var": 0.0108983134851}, "silence_rate_30dB": {"dmean": 0.0495953150094, "dmean2": 0.0992077142, "dvar": 0.0471353568137, "dvar2": 0.0907456427813, "max": 1, "mean": 0.783746540546, "median": 1, "min": 0, "var": 0.169480502605}, "silence_rate_60dB": {"dmean": 0.0389185473323, "dmean2": 0.0778504982591, "dvar": 0.0374030210078, "dvar2": 0.0838522687554, "max": 1, "mean": 0.170626714826, "median": 0, "min": 0, "var": 0.141514316201}, "spectral_centroid": {"dmean": 228.735183716, "dmean2": 352.238739014, "dvar": 90271.6953125, "dvar2": 196524, "max": 5681.89990234, "mean": 1022.58453369, "median": 853.799072266, "min": 145.708175659, "var": 433004.4375}, "spectral_complexity": {"dmean": 3.36972618103, "dmean2": 5.20719957352, "dvar": 22.156955719, "dvar2": 47.0705833435, "max": 55, "mean": 12.3428030014, "median": 11, "min": 0, "var": 76.0087432861}, "spectral_decrease": {"dmean": 4.76345229927e-09, "dmean2": 7.2647377003e-09, "dvar": 1.11889531852e-16, "dvar2": 2.42991147375e-16, "max": 2.00225883237e-15, "mean": -1.54461208268e-08, "median": -6.00878458101e-09, "min": -1.56300060894e-07, "var": 4.32344330413e-16}, "spectral_energy": {"dmean": 0.0183106865734, "dmean2": 0.0279663670808, "dvar": 0.00162606267259, "dvar2": 0.00352517515421, "max": 0.593400001526, "mean": 0.059678029269, "median": 0.0246558543295, "min": 1.093798857e-20, "var": 0.00632912479341}, "spectral_energyband_high": {"dmean": 0.000505887321196, "dmean2": 0.000795612460934, "dvar": 2.46841295848e-06, "dvar2": 4.29951160186e-06, "max": 0.0517027825117, "mean": 0.00088812445756, "median": 9.55340219662e-05, "min": 7.97176736096e-21, "var": 1.58925122378e-05}, "spectral_energyband_low": {"dmean": 0.0168500375003, "dmean2": 0.0251649226993, "dvar": 0.00157396320719, "dvar2": 0.00349986180663, "max": 0.583258092403, "mean": 0.0498914681375, "median": 0.0108028305694, "min": 3.7697731529e-23, "var": 0.00561415450647}, "spectral_energyband_middle_high": {"dmean": 0.00093007722171, "dmean2": 0.00153609260451, "dvar": 4.48044966106e-06, "dvar2": 1.17586714623e-05, "max": 0.0226442385465, "mean": 0.00166229391471, "median": 0.000974378781393, "min": 1.49832680997e-21, "var": 5.78525350647e-06}, "spectral_energyband_middle_low": {"dmean": 0.00663030380383, "dmean2": 0.0115817561746, "dvar": 0.000459978822619, "dvar2": 0.00128808617592, "max": 0.174413457513, "mean": 0.00869269762188, "median": 0.00463251397014, "min": 2.77858394053e-22, "var": 0.000318772159517}, "spectral_entropy": {"dmean": 0.222184553742, "dmean2": 0.330112427473, "dvar": 0.080202922225, "dvar2": 0.16741669178, "max": 9.60083770752, "mean": 7.42501068115, "median": 7.47054481506, "min": 5.0974650383, "var": 0.356663107872}, "spectral_flux": {"dmean": 0.0338851101696, "dmean2": 0.050181299448, "dvar": 0.00306998589076, "dvar2": 0.00549373822287, "max": 0.492932289839, "mean": 0.0804122388363, "median": 0.0432609207928, "min": 3.83654651159e-06, "var": 0.00910316314548}, "spectral_kurtosis": {"dmean": 2.31994581223, "dmean2": 3.78056430817, "dvar": 12.8788585663, "dvar2": 30.7934036255, "max": 83.6680145264, "mean": 7.09182977676, "median": 5.17007923126, "min": -1.32583379745, "var": 69.402130127}, "spectral_rms": {"dmean": 0.000938608834986, "dmean2": 0.00138757063542, "dvar": 2.63840433945e-06, "dvar2": 4.94701316711e-06, "max": 0.0240608975291, "mean": 0.00602891016752, "median": 0.00490453792736, "min": 3.26668163006e-12, "var": 2.18749155465e-05}, "spectral_rolloff": {"dmean": 401.47644043, "dmean2": 668.41998291, "dvar": 1337417.5, "dvar2": 3045641.5, "max": 19745.9472656, "mean": 1164.92712402, "median": 473.73046875, "min": 64.599609375, "var": 6955092.5}, "spectral_skewness": {"dmean": 0.268175005913, "dmean2": 0.431069374084, "dvar": 0.105623550713, "dvar2": 0.24950543046, "max": 7.48145961761, "mean": 1.93813216686, "median": 1.82364630699, "min": 0.106568440795, "var": 0.619889676571}, "spectral_spread": {"dmean": 798782.625, "dmean2": 1208181, "dvar": 1665184825340.0, "dvar2": 3052929024000.0, "max": 49867988, "mean": 4886955, "median": 4540930, "min": 865506.8125, "var": 5340239233020.0}, "spectral_strongpeak": {"dmean": 0.219946071506, "dmean2": 0.354363948107, "dvar": 0.510626137257, "dvar2": 1.26179766655, "max": 36.4690704346, "mean": 0.715962588787, "median": 0.606556117535, "min": 0, "var": 0.924061477184}, "zerocrossingrate": {"dmean": 0.0109259970486, "dmean2": 0.0133320288733, "dvar": 0.000305044202833, "dvar2": 0.000448870530818, "max": 0.794921875, "mean": 0.0497862771153, "median": 0.02880859375, "min": 0.001953125, "var": 0.00729783112183}, "barkbands": {"dmean": [0.00154620723333, 0.0147729106247, 0.00445213494822, 0.00400711316615, 0.00184765527956, 0.000462405616418, 0.000643695762847, 0.00060906453291, 0.00018220594211, 0.000184236618225, 0.000163508550031, 9.9411168776e-05, 8.88500653673e-05, 0.000149960702402, 0.000158007023856, 0.000161393894814, 0.000111251523776, 9.1984809842e-05, 6.06013527431e-05, 8.0406840425e-05, 0.000142973876791, 7.28493760107e-05, 9.96322050923e-05, 0.000105604216515, 9.25253771129e-05, 4.33350469393e-05, 1.5353627532e-05], "dmean2": [0.00220326799899, 0.0214026588947, 0.0077431416139, 0.00750712491572, 0.00330894510262, 0.000710554246325, 0.00103311892599, 0.000762768555433, 0.00028053150163, 0.00031141762156, 0.000282537774183, 0.000163950855494, 0.00013699127885, 0.000269525247859, 0.000262925983407, 0.000282131164568, 0.000199029716896, 0.000155279907631, 0.000101444806205, 0.000131981578306, 0.000221095047891, 0.000112981324492, 0.000157263420988, 0.000173092776095, 0.000156354668434, 7.4101422797e-05, 2.53922589764e-05], "dvar": [1.14950125862e-05, 0.00137014000211, 0.00028207548894, 0.000280109758023, 3.67891334463e-05, 7.10671884008e-07, 1.04706100501e-06, 2.38662391894e-06, 1.16249800897e-07, 9.26869816453e-08, 1.16546921447e-07, 3.45127162404e-08, 3.40483516936e-08, 1.71892892809e-07, 1.36178385901e-07, 2.07286063869e-07, 7.46856798628e-08, 3.09667704812e-08, 2.15035154127e-08, 1.05785993298e-07, 6.13338329458e-07, 1.77603709517e-07, 2.56594518078e-07, 1.0210043655e-07, 6.95834074804e-08, 1.06703099689e-08, 1.12222997561e-09], "dvar2": [2.35171428358e-05, 0.00288679590449, 0.00076207407983, 0.000800590554718, 0.000106795116153, 1.82799385584e-06, 2.62494222625e-06, 3.1714907891e-06, 2.25782983421e-07, 2.58395971287e-07, 3.27653964405e-07, 8.757884018e-08, 6.442979128e-08, 4.9479530162e-07, 3.56367593213e-07, 5.77374862587e-07, 2.17818026726e-07, 7.66948460296e-08, 5.46727498829e-08, 2.73666103112e-07, 1.15100510811e-06, 3.52816130089e-07, 5.77549030822e-07, 2.22559080498e-07, 1.73644977508e-07, 2.84881718216e-08, 2.78699197054e-09], "max": [0.0596371069551, 0.543885231018, 0.13672888279, 0.13541431725, 0.0567296221852, 0.0146650318056, 0.0166346207261, 0.048103146255, 0.0105697633699, 0.00448395963758, 0.00565552152693, 0.00221512629651, 0.00330770667642, 0.00464821187779, 0.00393211981282, 0.00389964133501, 0.00284900167026, 0.0031255139038, 0.0015929620713, 0.00921272207052, 0.0227146204561, 0.0121648889035, 0.0187579616904, 0.00947944726795, 0.00741599500179, 0.00131853879429, 0.000525252718944], "mean": [0.003386069322, 0.0412942096591, 0.00380759569816, 0.00270294677466, 0.00188840797637, 0.000784373143688, 0.00119423703291, 0.00167861906812, 0.000332420662744, 0.000274623889709, 0.000208316429053, 0.00014488985471, 0.000152174485265, 0.000154839130118, 0.000201133283554, 0.000169596532942, 0.00012415763922, 0.000152133827214, 8.06266543805e-05, 0.000121003431559, 0.000229174198466, 0.000119613265269, 0.000156463735038, 0.000137078372063, 0.000120657459775, 4.71015300718e-05, 1.5658850316e-05], "median": [0.000230578807532, 0.00650398619473, 0.000158097973326, 7.60546245147e-05, 0.000624177104328, 0.000454723776784, 0.000463070988189, 0.000550282013137, 0.000167730264366, 0.000150167572428, 9.44463754422e-05, 7.39729584893e-05, 7.67274905229e-05, 6.05226268817e-05, 8.44840542413e-05, 4.71468374599e-05, 4.47691745649e-05, 5.25229479535e-05, 2.69698939519e-05, 2.23437618843e-05, 1.81595223694e-05, 1.24286398204e-05, 1.2113196135e-05, 1.06783063529e-05, 6.18530157226e-06, 3.85499015465e-06, 1.92096422325e-06], "min": [3.86648276672e-23, 2.46809428358e-23, 4.84297092503e-24, 4.91675900195e-24, 3.04577460012e-23, 5.97833945618e-23, 5.42041789651e-23, 7.39148973567e-23, 3.8082263355e-23, 7.07359646135e-23, 6.07362880483e-23, 5.72394822256e-23, 3.83641612217e-23, 1.02307850426e-22, 2.08523175039e-22, 1.37629217364e-22, 1.56457635854e-22, 1.70164201367e-22, 3.74247048765e-22, 2.83441560265e-22, 5.78694930502e-22, 4.40298687903e-22, 6.97501926667e-22, 9.01069288173e-22, 1.26277259026e-21, 1.64449210818e-21, 2.59677379193e-21], "var": [3.18814709317e-05, 0.00434504216537, 0.000195841304958, 0.000160575204063, 2.39558412432e-05, 1.00379611467e-06, 2.56608223026e-06, 1.84815635293e-05, 3.48069875145e-07, 1.41483567973e-07, 1.32286871235e-07, 5.07482305068e-08, 7.30157836415e-08, 1.17827731572e-07, 1.65334427038e-07, 1.67695773712e-07, 6.35107184621e-08, 7.07331437866e-08, 2.72599205431e-08, 2.89332916736e-07, 1.71657825376e-06, 5.04823674419e-07, 8.34366801428e-07, 2.87846432911e-07, 1.99212252028e-07, 1.62129314418e-08, 1.15881404472e-09]}, "erbbands": {"dmean": [0.676462769508, 2.75002002716, 5.12270259857, 9.07496070862, 10.3098449707, 4.8631105423, 3.91520023346, 3.67301154137, 6.28003644943, 10.4005031586, 14.5849914551, 5.44694232941, 5.07516050339, 7.34868478775, 4.29919147491, 4.1266875267, 3.91172361374, 6.72109508514, 8.11732578278, 8.6324005127, 8.30647850037, 5.78648900986, 5.72995471954, 3.32016515732, 3.17684578896, 4.39263677597, 5.09381437302, 5.66933917999, 3.18949222565, 2.28988695145, 2.80727338791, 2.05932688713, 1.85340833664, 1.2323974371, 0.560168683529, 0.24039195478, 0.0685667097569, 0.0153610110283, 0.00251236185431, 0.000196299151867], "dmean2": [0.954574763775, 4.07470560074, 8.5934419632, 16.0279788971, 18.9178981781, 8.6179895401, 6.11718702316, 5.89739274979, 10.1088809967, 16.4952545166, 17.6789855957, 8.05215358734, 8.41022491455, 12.7154169083, 7.33283138275, 6.73098468781, 6.12568426132, 11.6661405563, 13.9671611786, 14.6863384247, 14.5686807632, 10.3713712692, 9.8423871994, 5.3928809166, 5.26103258133, 7.18693208694, 7.60777378082, 9.53737545013, 4.79290485382, 3.59307956696, 4.51110076904, 3.19507980347, 3.16878557205, 2.09619045258, 0.921549856663, 0.406269848347, 0.116416968405, 0.0258173067123, 0.00414810422808, 0.000321782310493], "dvar": [3.09119415283, 44.2469825745, 334.372833252, 1230.26623535, 1531.88916016, 229.735046387, 73.0002746582, 51.0229721069, 86.231918335, 244.991104126, 1732.29504395, 102.370658875, 73.8459320068, 243.63835144, 73.3513717651, 53.5325584412, 62.3910522461, 274.811981201, 452.392547607, 477.449798584, 543.087768555, 232.209732056, 107.19556427, 86.8450546265, 53.5252189636, 428.334350586, 1033.67370605, 1149.32836914, 485.916320801, 80.7826461792, 190.521057129, 93.877822876, 20.4460048676, 13.6198759079, 2.21972107887, 0.347419917583, 0.0273794829845, 0.00109989917837, 3.89651286241e-05, 2.06058430763e-07], "dvar2": [5.60354471207, 100.04385376, 884.43371582, 3315.37988281, 4361.34667969, 666.855957031, 190.848083496, 135.131027222, 220.744186401, 630.366760254, 2201.69018555, 185.579696655, 195.443511963, 694.510314941, 207.016799927, 133.829467773, 120.332794189, 773.59387207, 1251.43896484, 1284.82006836, 1512.09338379, 676.170410156, 298.616455078, 202.675338745, 135.114196777, 1156.04321289, 2142.80151367, 2510.84790039, 970.759460449, 155.220153809, 445.694458008, 180.912185669, 53.3669929504, 36.0961952209, 5.14198112488, 0.908872902393, 0.0700845196843, 0.00288856518455, 9.49206441874e-05, 4.98363192492e-07], "max": [28.0023517609, 90.2756652832, 156.13911438, 266.694763184, 320.478637695, 174.508804321, 118.716667175, 107.435882568, 116.700553894, 225.540939331, 1321.20874023, 307.791748047, 116.575180054, 228.162094116, 117.072029114, 91.8276367188, 138.153289795, 189.691894531, 209.076187134, 231.124267578, 197.243392944, 154.609649658, 154.665542603, 211.718261719, 106.79851532, 570.845703125, 1018.56738281, 1036.46313477, 637.615112305, 354.456634521, 486.248748779, 330.588592529, 57.3775634766, 107.087409973, 37.54454422, 9.74589252472, 2.51249241829, 0.339095562696, 0.162542819977, 0.0127940811217], "mean": [2.00476741791, 5.93323659897, 5.20505809784, 7.05631971359, 8.09978580475, 5.44908905029, 5.96333932877, 5.81595611572, 12.1596002579, 20.2504119873, 42.4122085571, 12.1492929459, 8.17436504364, 10.2616672516, 6.1936955452, 6.32409906387, 6.79241943359, 8.47496795654, 9.1995639801, 10.5756206512, 9.34408187866, 6.57796001434, 8.81519699097, 5.10951423645, 4.5573015213, 6.62748098373, 7.15938282013, 9.15751075745, 5.11022090912, 4.40607738495, 4.14973020554, 3.04144668579, 2.16079545021, 1.54959917068, 0.738754928112, 0.268132448196, 0.0727057009935, 0.0153759820387, 0.00266140303575, 0.000248698634095], "median": [0.146658360958, 1.01354658604, 0.686157822609, 0.410130143166, 0.98873090744, 1.75458407402, 2.10763716698, 3.29584002495, 6.80420732498, 11.4907455444, 11.1860437393, 6.16104698181, 5.0936217308, 4.58691453934, 3.25500154495, 3.3521194458, 3.56915616989, 3.94877576828, 3.84273600578, 3.97490596771, 3.15376734734, 2.49312019348, 3.08063817024, 1.79136490822, 1.35872745514, 1.08998250961, 0.805525779724, 0.602701067924, 0.440609544516, 0.389394879341, 0.354729562998, 0.25739556551, 0.152121752501, 0.0700392872095, 0.0419049933553, 0.0151026034728, 0.00662331376225, 0.00207495782524, 0.000353439303581, 9.0176530648e-05], "min": [6.98197537903e-22, 5.58895162967e-21, 7.18518322191e-21, 1.22500844296e-20, 9.2002233053e-20, 8.80885701564e-20, 1.07105458901e-19, 7.62220671483e-19, 7.39064060427e-19, 1.33284418602e-18, 1.04409445933e-18, 1.12456672522e-18, 1.54834665587e-18, 2.98967971513e-18, 2.43013587131e-18, 2.12938623548e-18, 1.80509028312e-18, 5.37552544131e-18, 7.58377218126e-18, 1.04154885235e-17, 7.28518644991e-18, 1.04325234811e-17, 7.77009544142e-18, 2.08103951391e-17, 1.48416864864e-17, 1.48838660802e-17, 2.35751636185e-17, 2.00047940143e-17, 1.66588881412e-17, 1.31625106701e-17, 2.02175812638e-17, 1.86250369003e-17, 1.58144690847e-17, 1.53791702504e-17, 8.53688028873e-18, 6.5631537281e-18, 3.16801799404e-18, 1.47263222947e-18, 3.37130383343e-19, 3.29001298185e-20], "var": [10.8738355637, 100.679267883, 262.588104248, 823.264404297, 930.553649902, 162.656448364, 95.6133270264, 64.8999786377, 198.475830078, 529.595947266, 13862.8789062, 439.444610596, 109.043251038, 321.289978027, 81.9301452637, 88.0455322266, 130.99319458, 235.155044556, 392.952941895, 531.611938477, 442.574462891, 195.070266724, 200.276596069, 157.123550415, 91.202255249, 1102.8449707, 2074.3894043, 2658.29003906, 1263.42675781, 525.545715332, 552.838317871, 276.651824951, 34.7089538574, 32.8286972046, 7.41544103622, 0.692579805851, 0.0352463573217, 0.00102184235584, 3.95279057557e-05, 2.28768982424e-07]}, "gfcc": {"mean": [-63.3260650635, 85.2523040771, -103.078956604, 10.1109666824, -53.7406768799, 1.73161280155, -30.644826889, 9.11623096466, -6.43871307373, 6.82230043411, -6.36933279037, -0.933929860592, -6.81802558899], "cov": [[23986.3769531, -139.695999146, 1642.14538574, 3253.84423828, 1100.86938477, 2596.69116211, 592.645141602, 1943.38659668, -127.076080322, 674.903198242, -444.730499268, 312.425201416, -388.208709717], [-139.695999146, 2552.25756836, 34.4513511658, 370.802124023, 437.396881104, 50.4875526428, 419.450744629, 30.663225174, 283.790863037, -83.5623779297, 104.816619873, -75.6265258789, 115.192222595], [1642.14538574, 34.4513511658, 1572.70385742, 724.13482666, 623.25, 714.32421875, 388.061248779, 301.39276123, 92.5915908813, 154.357818604, -49.3649368286, 118.142791748, 29.9960689545], [3253.84423828, 370.802124023, 724.13482666, 1079.57043457, 449.986907959, 664.05279541, 337.299560547, 355.256561279, 95.4871673584, 130.630569458, -34.7418670654, 57.6823883057, 12.1504888535], [1100.86938477, 437.396881104, 623.25, 449.986907959, 646.405395508, 395.950927734, 338.262664795, 273.934692383, 150.498565674, 101.692848206, 41.2012519836, 59.1854515076, 15.1003313065], [2596.69116211, 50.4875526428, 714.32421875, 664.05279541, 395.950927734, 688.028320312, 299.062347412, 364.71496582, 73.9961547852, 133.18510437, -26.2880783081, 88.7407073975, 5.45503282547], [592.645141602, 419.450744629, 388.061248779, 337.299560547, 338.262664795, 299.062347412, 410.733947754, 266.434204102, 193.933944702, 95.3615570068, 51.0503387451, 33.4257240295, 33.9715995789], [1943.38659668, 30.663225174, 301.39276123, 355.256561279, 273.934692383, 364.71496582, 266.434204102, 511.016967773, 191.115356445, 195.027770996, 64.2481307983, 82.5390090942, -19.253370285], [-127.076080322, 283.790863037, 92.5915908813, 95.4871673584, 150.498565674, 73.9961547852, 193.933944702, 191.115356445, 240.002624512, 103.87020874, 113.13205719, 25.5003986359, 34.9048843384], [674.903198242, -83.5623779297, 154.357818604, 130.630569458, 101.692848206, 133.18510437, 95.3615570068, 195.027770996, 103.87020874, 159.597015381, 65.2110061646, 61.623664856, -4.94919157028], [-444.730499268, 104.816619873, -49.3649368286, -34.7418670654, 41.2012519836, -26.2880783081, 51.0503387451, 64.2481307983, 113.13205719, 65.2110061646, 155.453552246, 53.2453117371, 37.0698394775], [312.425201416, -75.6265258789, 118.142791748, 57.6823883057, 59.1854515076, 88.7407073975, 33.4257240295, 82.5390090942, 25.5003986359, 61.623664856, 53.2453117371, 102.490402222, 24.6517410278], [-388.208709717, 115.192222595, 29.9960689545, 12.1504888535, 15.1003313065, 5.45503282547, 33.9715995789, -19.253370285, 34.9048843384, -4.94919157028, 37.0698394775, 24.6517410278, 85.0828933716]], "icov": [[0.000154016946908, -7.66759840189e-05, 0.000136998321977, -0.000277665210888, 2.32456623053e-05, -0.000298560742522, 0.000276723090792, -0.000438032671809, 0.000359165715054, -0.000278675812297, 0.000351266993675, -0.000207866251003, 0.000346930610249], [-7.66759840189e-05, 0.000773621140979, 0.000143974859384, -0.000242198948399, -0.000459946895717, 0.000432113010902, -0.000640540092718, 0.000494929612614, -0.000901272811461, 0.00107049080543, -0.000341905368259, 0.00035873404704, -0.000514698389452], [0.000136998321977, 0.000143974859384, 0.00182766222861, -0.000335221760906, -0.000993215944618, -0.00140194245614, -0.0001885000529, 0.000695672759321, -0.000176521891262, -0.00102955533657, 0.00153058965225, -0.00107024540193, -1.17118734124e-05], [-0.000277665210888, -0.000242198948399, -0.000335221760906, 0.00312564359047, -0.000175821100129, -0.00172912224662, -0.000444503239123, 0.000730445433874, -0.000200842652703, -0.000503713265061, -0.000254378683167, 0.00116532621905, -0.000956057221629], [2.32456623053e-05, -0.000459946895717, -0.000993215944618, -0.000175821100129, 0.00400108611211, -0.000415726855863, -0.00127604324371, -0.000562889676075, 0.000239415268879, 0.000443256983999, -0.000996163464151, -0.000361266633263, 0.00126896984875], [-0.000298560742522, 0.000432113010902, -0.00140194245614, -0.00172912224662, -0.000415726855863, 0.0074591296725, -0.00184649496805, -0.00178157142363, 0.00125147844665, 0.0010827856604, 6.64919862174e-05, -0.00100811896846, -0.00146374083124], [0.000276723090792, -0.000640540092718, -0.0001885000529, -0.000444503239123, -0.00127604324371, -0.00184649496805, 0.00830750353634, -0.00208757934161, -0.00336104491726, 0.000373739283532, 0.0015026879264, 0.00042478958494, -0.000561965280212], [-0.000438032671809, 0.000494929612614, 0.000695672759321, 0.000730445433874, -0.000562889676075, -0.00178157142363, -0.00208757934161, 0.00841971393675, -0.00455940142274, -0.00292767910287, 0.000481459865114, -0.00155104533769, 0.00187447597273], [0.000359165715054, -0.000901272811461, -0.000176521891262, -0.000200842652703, 0.000239415268879, 0.00125147844665, -0.00336104491726, -0.00455940142274, 0.016592361033, -0.0056833573617, -0.00614609196782, 0.00526996562257, -0.0028492375277], [-0.000278675812297, 0.00107049080543, -0.00102955533657, -0.000503713265061, 0.000443256983999, 0.0010827856604, 0.000373739283532, -0.00292767910287, -0.0056833573617, 0.0185897033662, -0.00367680424824, -0.00443565798923, 0.00305429659784], [0.000351266993675, -0.000341905368259, 0.00153058965225, -0.000254378683167, -0.000996163464151, 6.64919862174e-05, 0.0015026879264, 0.000481459865114, -0.00614609196782, -0.00367680424824, 0.0167545769364, -0.00791897904128, -0.00145401596092], [-0.000207866251003, 0.00035873404704, -0.00107024540193, 0.00116532621905, -0.000361266633263, -0.00100811896846, 0.00042478958494, -0.00155104533769, 0.00526996562257, -0.00443565798923, -0.00791897904128, 0.020461730659, -0.00651337159798], [0.000346930610249, -0.000514698389452, -1.17118734124e-05, -0.000956057221629, 0.00126896984875, -0.00146374083124, -0.000561965280212, 0.00187447597273, -0.0028492375277, 0.00305429659784, -0.00145401596092, -0.00651337159798, 0.0185581017286]]}, "melbands": {"dmean": [0.00482191611081, 0.00262329145335, 0.00161389284767, 0.000519152265042, 0.000141043492476, 8.46725524752e-05, 0.000112168650958, 0.000108332154923, 0.000108974927571, 3.19342543662e-05, 2.50188932114e-05, 2.94613655569e-05, 1.68645474332e-05, 1.17075605885e-05, 7.9415158325e-06, 1.0432984709e-05, 1.36357002702e-05, 1.34839265229e-05, 1.15674611152e-05, 1.17531953947e-05, 9.62339436228e-06, 6.69445807944e-06, 4.74105263493e-06, 4.72182864542e-06, 2.59917942458e-06, 2.53076154877e-06, 2.46726540354e-06, 3.05481603391e-06, 2.69823226517e-06, 3.64952961718e-06, 3.44550608133e-06, 1.75096852217e-06, 1.38267910188e-06, 1.61726222814e-06, 1.90464027128e-06, 1.52679342591e-06, 1.15845534765e-06, 1.33744492814e-06, 1.2109076124e-06, 1.09475649879e-06], "dmean2": [0.00698742410168, 0.00415489869192, 0.00282201985829, 0.00093858432956, 0.000228087839787, 0.000133988854941, 0.000178845075425, 0.000166935205925, 0.00013199498062, 4.92193867103e-05, 4.1647344915e-05, 5.07679578732e-05, 2.89662330033e-05, 1.94393323909e-05, 1.24286925711e-05, 1.65242308867e-05, 2.39597975451e-05, 2.38302272919e-05, 1.91513208847e-05, 2.03822219191e-05, 1.69173017639e-05, 1.21585208035e-05, 8.15800740384e-06, 7.94012885308e-06, 4.2761930672e-06, 4.3107743295e-06, 3.99164355258e-06, 5.01294380229e-06, 4.19029083787e-06, 5.4534125411e-06, 5.90106265008e-06, 2.60763158622e-06, 2.14012789002e-06, 2.55060240306e-06, 3.10074892695e-06, 2.46442914431e-06, 1.84180112228e-06, 2.30565433412e-06, 2.08319102057e-06, 1.87065188584e-06], "dvar": [0.000157188405865, 5.82485699852e-05, 3.73968796339e-05, 3.12031170324e-06, 1.15094977104e-07, 2.50337475194e-08, 2.81555703197e-08, 2.51170551024e-08, 9.84346755217e-08, 3.88389675976e-09, 1.8437603666e-09, 3.76878706021e-09, 1.08241071661e-09, 4.51270937285e-10, 2.50712811622e-10, 4.52276577301e-10, 1.18548926231e-09, 1.38306943676e-09, 6.95896951175e-10, 9.57511847588e-10, 6.95015822672e-10, 2.98961577716e-10, 9.26574719728e-11, 8.45104403124e-11, 6.21359075303e-11, 3.91176258052e-11, 5.00430044625e-11, 2.28561128357e-10, 1.91167789931e-10, 5.18631471103e-10, 4.69981553675e-10, 1.52531501318e-10, 5.03496029591e-11, 6.66861774135e-11, 1.10418396648e-10, 6.5357240453e-11, 2.24226609502e-11, 1.00839085346e-11, 9.37162153436e-12, 1.63771426975e-11], "dvar2": [0.00031687412411, 0.000144217352499, 9.95300651994e-05, 8.98517191672e-06, 3.2038997233e-07, 6.56098464447e-08, 7.02979718881e-08, 6.08154309134e-08, 1.27208267031e-07, 7.25802662416e-09, 4.89597962172e-09, 1.07622790679e-08, 3.0483462421e-09, 1.17971099556e-09, 5.62829838291e-10, 9.09853636877e-10, 3.3877014527e-09, 3.88481202762e-09, 1.78357717484e-09, 2.66891131417e-09, 1.93175475616e-09, 8.81619222071e-10, 2.55944515581e-10, 2.12756118279e-10, 1.47626980085e-10, 1.04247041555e-10, 1.16575651909e-10, 6.32591090621e-10, 4.04217964656e-10, 1.03965414056e-09, 1.07444209085e-09, 2.86646095748e-10, 1.08201989035e-10, 1.42056824637e-10, 2.87208395955e-10, 1.41144401722e-10, 3.68599872846e-11, 2.67616259014e-11, 2.48118973284e-11, 4.51100892751e-11], "max": [0.190447703004, 0.0745417773724, 0.0496000759304, 0.0161875300109, 0.00458522187546, 0.00263353111222, 0.00250696204603, 0.00213358784094, 0.00989731773734, 0.00207608821802, 0.000570755510125, 0.000853872741573, 0.000449077342637, 0.00024200171174, 0.000287606409984, 0.00036539969733, 0.000416439666878, 0.000362963415682, 0.00030656970921, 0.000278969819192, 0.000262797286268, 0.000175110515556, 0.000123495570733, 0.000193088824744, 0.00018359637761, 6.20583305135e-05, 0.000189755432075, 0.000430660729762, 0.000412488210713, 0.000697793904692, 0.000618367805146, 0.000339078775141, 0.000223790368182, 0.000313921191264, 0.000346403685398, 0.000274245569017, 0.000157772723469, 3.79613593395e-05, 3.84491359e-05, 0.000129213483888], "mean": [0.0139444535598, 0.00426875147969, 0.00128776498605, 0.000475940498291, 0.000203919131309, 0.000137870709295, 0.000217429042095, 0.000230202698731, 0.000312562769977, 5.93797667534e-05, 3.81239733542e-05, 4.04189122492e-05, 2.28035878536e-05, 1.70797829924e-05, 1.32090535772e-05, 1.65239980561e-05, 1.58200055012e-05, 1.3904811567e-05, 1.51031936184e-05, 1.29941163323e-05, 1.05967255877e-05, 7.03232262822e-06, 6.67587073622e-06, 7.55073642722e-06, 3.69559325009e-06, 3.15679312735e-06, 3.6281762732e-06, 4.44408669864e-06, 3.40781934938e-06, 5.58697138331e-06, 5.03636556459e-06, 2.70552027359e-06, 2.18796026275e-06, 2.81710845229e-06, 2.61658578893e-06, 2.18670834329e-06, 1.64452694662e-06, 1.52013171828e-06, 1.29638704038e-06, 1.40072597787e-06], "median": [0.00146282045171, 0.00125078484416, 9.11015813472e-05, 9.83562276815e-05, 8.99064179976e-05, 8.08976910776e-05, 0.000103915779619, 0.000139592273626, 7.65638396842e-05, 2.90626194328e-05, 2.28058925131e-05, 1.75447530637e-05, 1.14095873869e-05, 9.10271955945e-06, 6.52238622934e-06, 7.98348992248e-06, 6.83589405526e-06, 5.32364174433e-06, 6.08375557931e-06, 4.31912167187e-06, 3.62920513908e-06, 2.38402117247e-06, 2.53294774666e-06, 2.54024280366e-06, 1.088347517e-06, 9.44118937696e-07, 8.76743797562e-07, 6.66879941491e-07, 4.56666612081e-07, 4.70496559046e-07, 3.02600909663e-07, 2.46478691679e-07, 2.26679276238e-07, 1.95626881805e-07, 1.92860454717e-07, 1.8174091565e-07, 1.49565337892e-07, 1.15466093575e-07, 6.76114311204e-08, 5.36478346191e-08], "min": [7.57382515203e-24, 5.32454053095e-24, 4.3486730484e-24, 7.06349998839e-24, 4.06985647234e-24, 1.59316676033e-23, 1.03662184183e-23, 1.63133469083e-23, 6.62478525115e-24, 7.00589894282e-24, 7.20707898403e-24, 1.18351918086e-23, 7.02902913342e-24, 7.81718716357e-24, 3.09205351955e-24, 6.7535107848e-24, 9.1296915711e-24, 1.00753125488e-23, 1.72684681379e-23, 1.01713768744e-23, 7.23053181874e-24, 1.03927817315e-23, 8.40586278118e-24, 7.63707128625e-24, 1.88286851248e-23, 9.69696539235e-24, 9.30345790699e-24, 9.93304464001e-24, 1.25426351687e-23, 1.47060049486e-23, 1.19522485118e-23, 1.10191183576e-23, 6.01483602708e-24, 7.62891683107e-24, 1.08538306987e-23, 1.32145805768e-23, 1.12193012786e-23, 1.19893257632e-23, 9.95155447229e-24, 1.41964828453e-23], "var": [0.000510182988364, 7.47112208046e-05, 2.58083036897e-05, 1.99362125386e-06, 1.15883544538e-07, 3.40388908171e-08, 7.13093584181e-08, 7.05729732431e-08, 7.74032798745e-07, 1.1953964929e-08, 2.59988275353e-09, 5.03561814469e-09, 1.21460130842e-09, 6.34568231295e-10, 4.89369322842e-10, 8.70358562999e-10, 9.21572818058e-10, 1.06077746587e-09, 9.25271581576e-10, 8.6484813755e-10, 5.64190139052e-10, 2.35540476012e-10, 1.28062935256e-10, 1.84719115004e-10, 1.02965247439e-10, 4.4138678823e-11, 1.43807507569e-10, 5.4976873054e-10, 3.62482821537e-10, 1.200093247e-09, 8.94752161251e-10, 3.80932285715e-10, 1.46843356919e-10, 2.76705103275e-10, 2.59700733141e-10, 1.57750951191e-10, 7.30953839123e-11, 1.55581467848e-11, 1.22903562327e-11, 3.71069494576e-11]}, "mfcc": {"mean": [-705.615722656, 125.012062073, 3.87666320801, 12.8200235367, 1.17216408253, -3.13026642799, -7.39960432053, -0.628040790558, 1.92213606834, 7.22541379929, 3.84790372849, 7.67905139923, 2.75618863106], "cov": [[12945.1025391, 293.071990967, 1086.38525391, 1151.49902344, 1159.89343262, 1123.1583252, 1005.94573975, 1010.21032715, 860.747131348, 607.42175293, 483.006835938, 311.413604736, 151.174438477], [293.071990967, 1993.91064453, -30.8212604523, 385.514129639, 182.67666626, 200.255569458, 184.31211853, 276.323272705, 205.606704712, 225.967330933, 127.234725952, 94.5960388184, 72.083114624], [1086.38525391, -30.8212604523, 981.728027344, 365.263092041, 355.716003418, 457.215911865, 321.185668945, 262.887176514, 253.175476074, 131.632659912, 84.7295913696, 50.6927680969, 28.6760692596], [1151.49902344, 385.514129639, 365.263092041, 531.409606934, 310.889221191, 353.476715088, 270.969024658, 264.772888184, 240.052001953, 167.711029053, 144.887466431, 97.2201080322, 77.9418182373], [1159.89343262, 182.67666626, 355.716003418, 310.889221191, 447.149963379, 317.118743896, 274.957672119, 238.218643188, 200.819595337, 126.101852417, 130.160995483, 78.7623443604, 67.4459991455], [1123.1583252, 200.255569458, 457.215911865, 353.476715088, 317.118743896, 479.188659668, 307.372558594, 264.184326172, 212.457122803, 132.61668396, 79.4957275391, 41.4928855896, 30.4134960175], [1005.94573975, 184.31211853, 321.185668945, 270.969024658, 274.957672119, 307.372558594, 326.467010498, 275.295257568, 219.647323608, 157.55355835, 132.744827271, 78.177482605, 64.399810791], [1010.21032715, 276.323272705, 262.887176514, 264.772888184, 238.218643188, 264.184326172, 275.295257568, 342.194519043, 251.079284668, 196.855178833, 165.988800049, 108.522514343, 80.7535552979], [860.747131348, 205.606704712, 253.175476074, 240.052001953, 200.819595337, 212.457122803, 219.647323608, 251.079284668, 272.801452637, 196.181243896, 158.917022705, 92.2514877319, 68.8219985962], [607.42175293, 225.967330933, 131.632659912, 167.711029053, 126.101852417, 132.61668396, 157.55355835, 196.855178833, 196.181243896, 222.627288818, 164.509231567, 102.807067871, 70.0837173462], [483.006835938, 127.234725952, 84.7295913696, 144.887466431, 130.160995483, 79.4957275391, 132.744827271, 165.988800049, 158.917022705, 164.509231567, 210.735626221, 135.808898926, 96.2226715088], [311.413604736, 94.5960388184, 50.6927680969, 97.2201080322, 78.7623443604, 41.4928855896, 78.177482605, 108.522514343, 92.2514877319, 102.807067871, 135.808898926, 142.087356567, 94.6510009766], [151.174438477, 72.083114624, 28.6760692596, 77.9418182373, 67.4459991455, 30.4134960175, 64.399810791, 80.7535552979, 68.8219985962, 70.0837173462, 96.2226715088, 94.6510009766, 105.947441101]], "icov": [[0.000118184732855, 5.38889617019e-05, 5.7160610595e-05, -0.000103029306047, -0.000163348842761, -1.98994421226e-05, -5.42837988178e-05, -0.000133120920509, -9.39007513807e-05, -7.82620991231e-05, 0.000133222085424, -0.00021545853815, 0.000283443980152], [5.38889617019e-05, 0.000722083786968, 0.000323236075928, -0.000626726716291, -0.000151641928824, 5.76977872697e-05, 0.000190530452528, -0.000590853393078, 0.000195668602828, -0.000801580201369, 0.000671269081067, -0.000171087565832, 0.000166236728546], [5.7160610595e-05, 0.000323236075928, 0.00216211820953, -0.000318843609421, -0.00046323981951, -0.00133952370379, -0.00033646330121, 0.000347354391124, -0.00133761717007, 0.000208345547435, 0.000850752578117, -0.000918104080483, 0.000745691359043], [-0.000103029306047, -0.000626726716291, -0.000318843609421, 0.00528731616214, -0.00072629400529, -0.00241897976957, 0.000380546756787, 0.000567924638744, -0.00164022995159, 0.000814750150312, -0.000912195653655, -0.000313296040986, -0.00110253703315], [-0.000163348842761, -0.000151641928824, -0.00046323981951, -0.00072629400529, 0.00600723270327, -0.00133667280897, -0.00230851490051, 0.000421292555984, -0.000342611514498, 0.00203405809589, -0.00225058593787, 0.000804791343398, -0.00116037123371], [-1.98994421226e-05, 5.76977872697e-05, -0.00133952370379, -0.00241897976957, -0.00133667280897, 0.00892004463822, -0.00430231867358, -0.00135177222546, 0.000814138795249, -0.00113989086822, 0.00293160835281, 0.000203570118174, 0.00144784478471], [-5.42837988178e-05, 0.000190530452528, -0.00033646330121, 0.000380546756787, -0.00230851490051, -0.00430231867358, 0.0158753283322, -0.00664807483554, -0.000862271001097, 2.23187657866e-06, -0.00174212246202, 0.00232054316439, -0.00205127056688], [-0.000133120920509, -0.000590853393078, 0.000347354391124, 0.000567924638744, 0.000421292555984, -0.00135177222546, -0.00664807483554, 0.0152020137757, -0.00593980401754, -0.00114673678763, -0.000349547481164, -0.00245125615038, -0.000221714639338], [-9.39007513807e-05, 0.000195668602828, -0.00133761717007, -0.00164022995159, -0.000342611514498, 0.000814138795249, -0.000862271001097, -0.00593980401754, 0.018888451159, -0.00832036137581, -0.00283883931115, 0.00369917461649, -0.000886860187165], [-7.82620991231e-05, -0.000801580201369, 0.000208345547435, 0.000814750150312, 0.00203405809589, -0.00113989086822, 2.23187657866e-06, -0.00114673678763, -0.00832036137581, 0.018811987713, -0.00822568126023, -0.00103417341597, 0.00126161344815], [0.000133222085424, 0.000671269081067, 0.000850752578117, -0.000912195653655, -0.00225058593787, 0.00293160835281, -0.00174212246202, -0.000349547481164, -0.00283883931115, -0.00822568126023, 0.0228151958436, -0.0123564079404, -0.000686232815497], [-0.00021545853815, -0.000171087565832, -0.000918104080483, -0.000313296040986, 0.000804791343398, 0.000203570118174, 0.00232054316439, -0.00245125615038, 0.00369917461649, -0.00103417341597, -0.0123564079404, 0.0285417120904, -0.0152052389458], [0.000283443980152, 0.000166236728546, 0.000745691359043, -0.00110253703315, -0.00116037123371, 0.00144784478471, -0.00205127056688, -0.000221714639338, -0.000886860187165, 0.00126161344815, -0.000686232815497, -0.0152052389458, 0.0252180807292]]}, "spectral_contrast_coeffs": {"dmean": [0.0538303591311, 0.0427433848381, 0.0370481051505, 0.0244009848684, 0.0221800263971, 0.0177400242537], "dmean2": [0.0863776654005, 0.0685292109847, 0.0613698884845, 0.040744908154, 0.0357698276639, 0.0282384287566], "dvar": [0.00277045043185, 0.00122159474995, 0.000897881807759, 0.000395444920287, 0.000407190207625, 0.000316323246807], "dvar2": [0.00650991732255, 0.00304546323605, 0.00241598999128, 0.00108778174035, 0.000967923726421, 0.000727776845451], "max": [-0.232890203595, -0.382910847664, -0.553268790245, -0.677770853043, -0.58182656765, -0.629101157188], "mean": [-0.648838579655, -0.712328672409, -0.796850979328, -0.818850278854, -0.806733131409, -0.784246504307], "median": [-0.669150590897, -0.717900156975, -0.800504565239, -0.819765508175, -0.811352491379, -0.786162018776], "min": [-0.967355549335, -0.95626449585, -0.966367304325, -0.961509644985, -0.959627270699, -0.957034230232], "var": [0.014142183587, 0.0060577117838, 0.00263692997396, 0.00122000777628, 0.00177859223913, 0.00187988881953]}, "spectral_contrast_valleys": {"dmean": [0.489349514246, 0.361802279949, 0.335906714201, 0.327916949987, 0.33530819416, 0.446296304464], "dmean2": [0.770523607731, 0.586849212646, 0.538039207458, 0.51621991396, 0.506461977959, 0.626896560192], "dvar": [0.281784445047, 0.123273044825, 0.120275497437, 0.16687348485, 0.247282505035, 0.434958189726], "dvar2": [0.566422462463, 0.26211181283, 0.257520496845, 0.349514245987, 0.515066385269, 0.790212035179], "max": [-4.80794477463, -5.08190345764, -5.68220186234, 