{"lowlevel": {"average_loudness": 0.883233547211, "barkbands_crest": {"dmean": 2.60259890556, "dmean2": 3.63755106926, "dvar": 7.26245117188, "dvar2": 11.3567209244, "max": 25.7199897766, "mean": 10.1147861481, "median": 7.49295806885, "min": 1.84541666508, "var": 43.2470016479}, "barkbands_flatness_db": {"dmean": 0.0219442155212, "dmean2": 0.0315359681845, "dvar": 0.000688479049131, "dvar2": 0.00117178587243, "max": 0.475430846214, "mean": 0.103248670697, "median": 0.0758167728782, "min": 0.00917499791831, "var": 0.00693026790395}, "barkbands_kurtosis": {"dmean": 4.05420446396, "dmean2": 6.06960391998, "dvar": 106.757209778, "dvar2": 221.795135498, "max": 258.284576416, "mean": 6.25278139114, "median": 0.145533800125, "min": -1.91574716568, "var": 378.45324707}, "barkbands_skewness": {"dmean": 0.737690627575, "dmean2": 1.01170063019, "dvar": 0.827863931656, "dvar2": 1.42297887802, "max": 14.7781085968, "mean": 1.28147149086, "median": 0.772780656815, "min": -3.45176720619, "var": 4.29481744766}, "barkbands_spread": {"dmean": 9.45346736908, "dmean2": 14.2593593597, "dvar": 119.277458191, "dvar2": 230.505554199, "max": 136.304763794, "mean": 38.2363204956, "median": 37.4395217896, "min": 0.615564465523, "var": 507.01574707}, "dissonance": {"dmean": 0.0141089297831, "dmean2": 0.0242308471352, "dvar": 0.000345676729921, "dvar2": 0.000985219259746, "max": 0.500000059605, "mean": 0.477934509516, "median": 0.484194517136, "min": 0.168262884021, "var": 0.000638631172478}, "dynamic_complexity": 5.19876670837, "erbbands_crest": {"dmean": 1.73209130764, "dmean2": 2.93975400925, "dvar": 3.16553354263, "dvar2": 8.32915496826, "max": 23.3077754974, "mean": 5.58077144623, "median": 4.89878129959, "min": 1.93641793728, "var": 6.53691196442}, "erbbands_flatness_db": {"dmean": 0.0141465673223, "dmean2": 0.0216798763722, "dvar": 0.000218910790863, "dvar2": 0.000466255121864, "max": 0.472241073847, "mean": 0.113751083612, "median": 0.0947751924396, "min": 0.0224830023944, "var": 0.00497033307329}, "erbbands_kurtosis": {"dmean": 0.786521315575, "dmean2": 1.26733863354, "dvar": 4.88983821869, "dvar2": 14.4538755417, "max": 98.5411376953, "mean": 0.401635348797, "median": -0.290854215622, "min": -1.73629868031, "var": 20.2236366272}, "erbbands_skewness": {"dmean": 0.341264754534, "dmean2": 0.525078833103, "dvar": 0.111878961325, "dvar2": 0.268783986568, "max": 7.35091972351, "mean": -0.0418469533324, "median": -0.0397891141474, "min": -2.93479061127, "var": 0.591450750828}, "erbbands_spread": {"dmean": 9.56904506683, "dmean2": 14.8827199936, "dvar": 140.769561768, "dvar2": 339.029602051, "max": 174.344329834, "mean": 48.7931747437, "median": 46.8500785828, "min": 1.9510653019, "var": 543.490600586}, "hfc": {"dmean": 31.6359004974, "dmean2": 49.6927528381, "dvar": 4461.27148438, "dvar2": 11302.2255859, "max": 462.129425049, "mean": 44.6068954468, "median": 20.267999649, "min": 1.06153782075e-16, "var": 4711.60498047}, "melbands_crest": {"dmean": 3.95622229576, "dmean2": 5.71562767029, "dvar": 16.9972724915, "dvar2": 28.8015975952, "max": 33.3519554138, "mean": 14.896774292, "median": 13.3738136292, "min": 1.61553823948, "var": 73.2323989868}, "melbands_flatness_db": {"dmean": 0.035253494978, "dmean2": 0.0478645078838, "dvar": 0.00180753471795, "dvar2": 0.00283839530312, "max": 0.609086215496, "mean": 0.157588616014, "median": 0.123203158379, "min": 0.00278994743712, "var": 0.0139158656821}, "melbands_kurtosis": {"dmean": 13.3942308426, "dmean2": 19.3627548218, "dvar": 899.415649414, "dvar2": 1967.2010498, "max": 538.372497559, "mean": 25.0505638123, "median": 4.38835430145, "min": -1.83973574638, "var": 2882.93017578}, "melbands_skewness": {"dmean": 1.04977929592, "dmean2": 1.464204669, "dvar": 1.95255923271, "dvar2": 3.50589871407, "max": 18.2133426666, "mean": 3.12722396851, "median": 1.98463904858, "min": -1.83631157875, "var": 9.37436294556}, "melbands_spread": {"dmean": 17.9998455048, "dmean2": 26.6455955505, "dvar": 655.697937012, "dvar2": 1319.57873535, "max": 260.769104004, "mean": 44.2577056885, "median": 35.6320571899, "min": 0.607626855373, "var": 1510.71569824}, "pitch_salience": {"dmean": 0.0780286416411, "dmean2": 0.109986804426, "dvar": 0.00686218217015, "dvar2": 0.0108647793531, "max": 0.903145611286, "mean": 0.561537623405, "median": 0.615916013718, "min": 0.0574117302895, "var": 0.0357533469796}, "silence_rate_20dB": {"dmean": 0, "dmean2": 0, "dvar": 0, "dvar2": 0, "max": 1, "mean": 1, "median": 1, "min": 1, "var": 0}, "silence_rate_30dB": {"dmean": 0.00159744406119, "dmean2": 0.00319539871998, "dvar": 0.00159496732522, "dvar2": 0.00478261476383, "max": 1, "mean": 0.999201416969, "median": 1, "min": 0, "var": 0.000797916203737}, "silence_rate_60dB": {"dmean": 0.0402555912733, "dmean2": 0.0803642719984, "dvar": 0.0386325232685, "dvar2": 0.078385412693, "max": 1, "mean": 0.198051422834, "median": 0, "min": 0, "var": 0.158825054765}, "spectral_centroid": {"dmean": 405.664733887, "dmean2": 616.311401367, "dvar": 248205.96875, "dvar2": 521867.875, "max": 11875.8916016, "mean": 2206.5769043, "median": 2140.0612793, "min": 169.754516602, "var": 1777628.125}, "spectral_complexity": {"dmean": 5.67987203598, "dmean2": 8.48394298553, "dvar": 63.8824234009, "dvar2": 115.394699097, "max": 66, "mean": 20.0643672943, "median": 17, "min": 0, "var": 258.751525879}, "spectral_decrease": {"dmean": 1.82380255342e-09, "dmean2": 2.71661781959e-09, "dvar": 5.90212764442e-18, "dvar2": 1.32271846134e-17, "max": 8.97144907192e-14, "mean": -5.19238341212e-09, "median": -3.59271301598e-09, "min": -2.34102675023e-08, "var": 2.45187517043e-17}, "spectral_energy": {"dmean": 0.00886857975274, "dmean2": 0.0136548569426, "dvar": 0.000156315640197, "dvar2": 0.000372526963474, "max": 0.102438792586, "mean": 0.0236432980746, "median": 0.0171624589711, "min": 9.49839299712e-21, "var": 0.000467109755846}, "spectral_energyband_high": {"dmean": 0.00334772677161, "dmean2": 0.00536028156057, "dvar": 5.26532567164e-05, "dvar2": 0.000133395675221, "max": 0.0481030531228, "mean": 0.00403515808284, "median": 0.00129611114971, "min": 6.77774507144e-21, "var": 5.14572820975e-05}, "spectral_energyband_low": {"dmean": 0.00522131798789, "dmean2": 0.00776305655017, "dvar": 7.49562605051e-05, "dvar2": 0.000170877741766, "max": 0.0715873241425, "mean": 0.0118489833549, "median": 0.0037591860164, "min": 1.71373815435e-23, "var": 0.000254720711382}, "spectral_energyband_middle_high": {"dmean": 0.00248013972305, "dmean2": 0.003950888291, "dvar": 2.81213924609e-05, "dvar2": 7.19741728972e-05, "max": 0.0487245731056, "mean": 0.00430689379573, "median": 0.00226871808991, "min": 1.18071217395e-21, "var": 3.47563509422e-05}, "spectral_energyband_middle_low": {"dmean": 0.00261568860151, "dmean2": 0.00437070801854, "dvar": 2.89883719233e-05, "dvar2": 7.66132798162e-05, "max": 0.0535590797663, "mean": 0.00432312581688, "median": 0.0026315075811, "min": 1.72222030235e-22, "var": 3.09850729536e-05}, "spectral_entropy": {"dmean": 0.132262483239, "dmean2": 0.19687345624, "dvar": 0.029453093186, "dvar2": 0.0555192939937, "max": 9.83270549774, "mean": 8.14248752594, "median": 8.28979110718, "min": 4.69435977936, "var": 0.427861392498}, "spectral_flux": {"dmean": 0.0252849962562, "dmean2": 0.0352247208357, "dvar": 0.000972698850092, "dvar2": 0.00156579818577, "max": 0.293005287647, "mean": 0.0821243152022, "median": 0.0708857253194, "min": 6.29153465437e-11, "var": 0.00342903821729}, "spectral_kurtosis": {"dmean": 2.04469609261, "dmean2": 3.39476132393, "dvar": 87.3088531494, "dvar2": 258.046722412, "max": 340.886749268, "mean": 7.70969772339, "median": 2.2368311882, "min": -1.27614283562, "var": 938.718811035}, "spectral_rms": {"dmean": 0.000840579508804, "dmean2": 0.00127172563225, "dvar": 1.17296747248e-06, "dvar2": 2.54425640378e-06, "max": 0.00999701395631, "mean": 0.00414449209347, "median": 0.00409192638472, "min": 3.04412961852e-12, "var": 5.88984403294e-06}, "spectral_rolloff": {"dmean": 1528.16662598, "dmean2": 2225.24536133, "dvar": 4906392.5, "dvar2": 7976550.5, "max": 19638.28125, "mean": 4426.14550781, "median": 2648.58398438, "min": 64.599609375, "var": 21801336}, "spectral_skewness": {"dmean": 0.201974615455, "dmean2": 0.312000721693, "dvar": 0.135054647923, "dvar2": 0.370460301638, "max": 15.5149927139, "mean": 1.58287537098, "median": 1.32002913952, "min": -0.0762336999178, "var": 2.67860245705}, "spectral_spread": {"dmean": 643696.4375, "dmean2": 957323.9375, "dvar": 698149306368, "dvar2": 1400201805820.0, "max": 43220608, "mean": 7270245.5, "median": 6913466.5, "min": 293575.25, "var": 18977784856600.0}, "spectral_strongpeak": {"dmean": 0.295991390944, "dmean2": 0.518575251102, "dvar": 0.39995443821, "dvar2": 1.12125277519, "max": 16.7509384155, "mean": 0.491653054953, "median": 0.379258275032, "min": 0, "var": 0.350490778685}, "zerocrossingrate": {"dmean": 0.0280554238707, "dmean2": 0.0281564854085, "dvar": 0.000933344010264, "dvar2": 0.000796452746727, "max": 0.5166015625, "mean": 0.13907545805, "median": 0.1181640625, "min": 0.00244140625, "var": 0.0103302747011}, "barkbands": {"dmean": [0.000162559343153, 0.00403433246538, 0.00202152808197, 0.00139782356564, 0.0005706170341, 0.000290606432827, 0.000307339912979, 0.000243107118877, 0.000639383797534, 0.00039302255027, 0.000228552889894, 0.000333903502906, 0.000329015572788, 0.000309510913212, 0.000294698460493, 0.00026757112937, 0.000444145465735, 0.000252634083154, 0.00034582518856, 0.00033619091846, 0.000506552809384, 0.000496220600326, 0.000558482483029, 0.000852614932228, 0.000678862154018, 0.00019742679433, 4.8921956477e-05], "dmean2": [0.000208800818655, 0.00532270409167, 0.00344201154076, 0.0025368204806, 0.000981556950137, 0.000466622121166, 0.000487573881401, 0.00041576611693, 0.00104189279955, 0.000640151207335, 0.000390937319025, 0.000555269129109, 0.000546121678781, 0.000516040949151, 0.000496944936458, 0.000456233858131, 0.00080330244964, 0.000443208409706, 0.000592146185227, 0.000584643741604, 0.000875167432241, 0.000842005538289, 0.000940578640439, 0.00136563903652, 0.00108049437404, 0.000303426757455, 7.2354261647e-05], "dvar": [1.36815103247e-07, 4.72408974019e-05, 3.11203657475e-05, 1.90132213902e-05, 1.55461214035e-06, 3.89560113945e-07, 3.41075946153e-07, 2.66664983428e-07, 1.19838364299e-06, 6.91244508744e-07, 2.74399241107e-07, 4.01984863174e-07, 3.20261648312e-07, 2.89164006517e-07, 3.05966977976e-07, 2.36843675339e-07, 1.38658856486e-06, 2.73994743338e-07, 5.49469177713e-07, 8.0364071664e-07, 1.19007393096e-06, 1.24670896184e-06, 1.49657944348e-06, 3.82621919925e-06, 2.30444811677e-06, 1.59686081247e-07, 3.0028022735e-08], "dvar2": [2.58742488768e-07, 9.61308905971e-05, 8.00672278274e-05, 5.31919758942e-05, 4.1923799472e-06, 8.50728326895e-07, 7.51829475121e-07, 7.16162730896e-07, 3.13257919515e-06, 1.7275360733e-06, 7.11361792582e-07, 1.04223852304e-06, 7.46560374409e-07, 7.43926364066e-07, 8.10672702301e-07, 6.31181194422e-07, 3.91268667954e-06, 7.23736718555e-07, 1.46007664625e-06, 2.23060214921e-06, 3.20332264891e-06, 3.3483054267e-06, 3.64992502e-06, 9.57955126069e-06, 5.86910846323e-06, 3.77693197606e-07, 5.38071383005e-08], "max": [0.00310514797457, 0.0687653049827, 0.0421875528991, 0.0417605414987, 0.0157541614026, 0.0166280642152, 0.0122395763174, 0.00631800713018, 0.0164890084416, 0.0177333950996, 0.00820247549564, 0.0119819454849, 0.00726227089763, 0.00574062531814, 0.00687649613246, 0.00515035446733, 0.00930828694254, 0.00444566924125, 0.00699702976272, 0.0075973351486, 0.00713127711788, 0.00699842488393, 0.0102318963036, 0.0149782281369, 0.0140446424484, 0.00336206192151, 0.00440818164498], "mean": [0.000202964132768, 0.00863980781287, 0.00217427359894, 0.00135439343285, 0.000776673085056, 0.000409785367083, 0.000395893875975, 0.000291547126835, 0.00100100040436, 0.000539271568414, 0.00023634963145, 0.000444870936917, 0.00051788619021, 0.00042898193351, 0.000409862201195, 0.000376319600036, 0.00044882207294, 0.000343391293427, 0.000424538709922, 0.000379105564207, 0.000549881428014, 0.000543602916878, 0.000638940837234, 0.000893471762538, 0.000762216397561, 0.000289860676276, 0.000169563572854], "median": [2.04344487429e-05, 0.00136346020736, 0.000536655483302, 0.000251617340837, 0.000322621839587, 0.000137062495924, 9.92131026578e-05, 7.43596901884e-05, 0.000359952246072, 0.000192365681869, 6.69329238008e-05, 0.00019032417913, 0.000259511609329, 0.000194374064449, 0.000177813111804, 0.00018111387908, 0.000164469645824, 0.000126263141283, 0.000187580561033, 0.00014224582992, 0.000193041138118, 0.000176468602149, 0.000160185067216, 0.000178369999048, 0.000231721845921, 0.00012305531709, 2.95572990581e-05], "min": [3.57266919543e-25, 3.48183758143e-24, 8.63245952633e-25, 9.91766678274e-25, 1.09450324857e-23, 7.39204004504e-24, 6.31108564029e-24, 8.15378780094e-24, 1.30906686724e-23, 1.64251332317e-23, 1.91770681887e-23, 2.82117422526e-23, 3.77662046556e-23, 2.50441422852e-23, 2.69423356829e-23, 6.31974457201e-23, 7.91567518541e-23, 9.32277269294e-23, 1.3485394159e-22, 1.83586549762e-22, 2.85327177643e-22, 3.62662910361e-22, 3.82170418184e-22, 4.95557977795e-22, 8.32702941812e-22, 1.30797914165e-21, 1.96203646616e-21], "var": [2.33191627785e-07, 0.000190720209503, 2.54837268585e-05, 1.24479938677e-05, 1.50296784796e-06, 6.53509744097e-07, 5.98537155838e-07, 2.90106697776e-07, 2.39270025304e-06, 1.05418780549e-06, 2.67997506853e-07, 4.99895804751e-07, 5.25840391674e-07, 3.90776193626e-07, 3.54245457856e-07, 2.81751141529e-07, 9.42089457112e-07, 3.06080806922e-07, 5.01410568177e-07, 6.12128019384e-07, 1.0106047057e-06, 1.02942794911e-06, 1.4472593648e-06, 3.66008498531e-06, 2.18912964556e-06, 2.03354218797e-07, 2.4358854489e-07]}, "erbbands": {"dmean": [0.122370317578, 0.959127008915, 2.21346998215, 3.61050033569, 3.37295866013, 1.40096330643, 1.6892799139, 2.93259072304, 4.68911600113, 3.43617534637, 5.44642877579, 11.0511007309, 14.3829545975, 13.8442325592, 10.4125242233, 13.0109462738, 13.9024763107, 13.7851076126, 19.0392799377, 12.597495079, 18.4057788849, 20.5019950867, 14.2125520706, 15.3364686966, 18.7435646057, 14.1117038727, 16.4151096344, 22.9817199707, 17.3847541809, 16.5517787933, 15.5507574081, 17.6947460175, 13.4328145981, 8.63721847534, 4.35223388672, 1.25440573692, 0.309244304895, 0.0474789738655, 0.00733643351123, 0.000818326370791], "dmean2": [0.142559528351, 1.30481445789, 3.44915938377, 6.24601316452, 6.03215551376, 2.33592057228, 2.67565560341, 4.7106013298, 7.27457761765, 5.70299434662, 9.28786277771, 18.5333213806, 23.1184768677, 22.7052841187, 17.5045051575, 21.6015090942, 22.9130935669, 22.6030349731, 31.6723060608, 21.7516822815, 31.9387588501, 36.4857368469, 24.9331912994, 26.1149272919, 32.6575431824, 23.8216400146, 28.3645877838, 39.8462791443, 29.6326160431, 27.6374378204, 25.7982578278, 28.8756713867, 21.2191085815, 13.8674230576, 7.01710224152, 1.96503472328, 0.474703252316, 0.0695420354605, 0.0105522498488, 0.00125403702259], "dvar": [0.0521339327097, 2.7967145443, 29.1567726135, 109.184204102, 94.5569763184, 7.53862953186, 9.88860034943, 43.9601898193, 84.0881958008, 46.6814689636, 138.065231323, 372.982543945, 551.71295166, 835.48236084, 411.316009521, 643.256164551, 643.73614502, 465.480224609, 1199.12182617, 720.638000488, 1534.88317871, 2518.91235352, 962.716003418, 972.667419434, 1989.02648926, 1236.59606934, 1272.48376465, 2648.88549805, 1496.47119141, 1334.58251953, 1115.12744141, 1552.64685059, 992.302185059, 369.369445801, 98.3828201294, 7.32611131668, 0.370327085257, 0.00726501410827, 0.00056861405028, 1.36007838591e-05], "dvar2": [0.0646917670965, 6.08212566376, 71.8880996704, 294.343994141, 265.159942627, 19.2676048279, 23.2386493683, 93.3892364502, 181.816665649, 121.902099609, 374.066040039, 1008.31951904, 1431.96520996, 2066.37573242, 1081.3873291, 1560.78100586, 1455.09899902, 1158.63818359, 3164.28051758, 1942.79052734, 4174.34619141, 7012.03320312, 2612.99780273, 2491.34399414, 5450.45019531, 3337.65356445, 3465.72338867, 7125.16503906, 4013.2109375, 3459.06469727, 2599.9387207, 3983.81689453, 2432.54931641, 924.401245117, 248.634292603, 17.9150676727, 0.875604450703, 0.0146671840921, 0.00107100862078, 2.79281357507e-05], "max": [2.11605572701, 17.488822937, 46.7587394714, 91.0150756836, 94.9098052979, 39.6588592529, 43.7754325867, 192.465179443, 218.534988403, 117.283027649, 161.315841675, 245.277099609, 380.882873535, 671.734924316, 247.627563477, 432.335388184, 335.615234375, 239.955657959, 407.297546387, 251.456375122, 405.650024414, 420.194488525, 253.139205933, 274.588226318, 454.876281738, 300.459564209, 255.840621948, 338.540557861, 253.257995605, 251.460037231, 279.339599609, 266.290679932, 243.64024353, 143.230758667, 100.714515686, 27.482421875, 4.912358284, 1.28883242607, 0.613841772079, 0.097198843956], "mean": [0.263237178326, 1.85572981834, 2.85707402229, 3.83387994766, 3.39972782135, 2.14554738998, 2.5556063652, 3.89677548409, 6.31842899323, 4.59034872055, 6.99422597885, 16.5652561188, 23.7707901001, 17.8944034576, 13.0779094696, 17.8899211884, 22.4070491791, 21.7337379456, 26.9960403442, 16.5475692749, 23.6954402924, 23.2147350311, 18.9531421661, 19.528383255, 22.6247138977, 17.5481948853, 19.2900428772, 23.0730323792, 19.2194309235, 18.6604118347, 18.0813560486, 18.3332881927, 14.4887561798, 9.23071956635, 5.02384996414, 1.61829197407, 0.470271766186, 0.109890848398, 0.0233361553401, 0.00264766579494], "median": [0.0229337736964, 0.350437670946, 0.879834651947, 0.75759357214, 1.26740169525, 0.778240084648, 1.00866699219, 1.19621515274, 1.73811554909, 1.55219960213, 2.07530546188, 6.33568239212, 9.87434673309, 6.28422403336, 5.60838413239, 7.89559173584, 11.288892746, 10.3353261948, 12.7610712051, 6.7235956192, 10.782075882, 9.37234783173, 7.75755023956, 8.10754966736, 9.70057582855, 7.11326742172, 7.9271531105, 6.85617637634, 6.18505525589, 5.33967733383, 4.53181743622, 3.75735402107, 3.03806829453, 2.49288797379, 1.60645210743, 0.645576238632, 0.202724665403, 0.0550477430224, 0.00461480114609, 0.00026507108123], "min": [8.84228571973e-23, 8.14010245263e-22, 1.03540263205e-21, 5.45096796764e-21, 9.63399003306e-21, 2.27764424005e-20, 3.78115987161e-20, 7.45961816158e-20, 1.53405504284e-19, 2.25680358607e-19, 1.98457689552e-19, 4.79254178048e-19, 5.59350593749e-19, 7.11757277443e-19, 8.56232229642e-19, 1.24428085296e-18, 1.90267877704e-18, 1.72772656197e-18, 2.28640041858e-18, 3.06436481866e-18, 3.66908906074e-18, 5.36185421374e-18, 6.06010342499e-18, 7.32402588839e-18, 7.03769483781e-18, 8.54621915784e-18, 1.05936177325e-17, 1.15007106097e-17, 1.14716773974e-17, 1.21289104444e-17, 9.8999465524e-18, 1.16617229703e-17, 7.97332544612e-18, 8.41497702749e-18, 5.58270440626e-18, 4.12205936803e-18, 2.32013201678e-18, 9.23312544814e-19, 2.4326407293e-19, 2.73951976055e-20], "var": [0.234747797251, 8.99781990051, 31.1439800262, 80.7179641724, 61.1263580322, 11.1568527222, 16.2907791138, 72.3031692505, 151.051727295, 61.901134491, 153.919448853, 588.780517578, 1244.29870605, 1191.4395752, 461.108337402, 829.92199707, 1072.34191895, 820.83215332, 1488.05456543, 701.325012207, 1426.53918457, 1906.05163574, 926.560119629, 1039.91723633, 1628.33959961, 1079.44458008, 1108.10559082, 2132.88964844, 1252.13256836, 1209.45336914, 1153.26831055, 1416.09008789, 986.412963867, 352.684844971, 92.81980896, 7.71122264862, 0.508930325508, 0.0299520716071, 0.00389820267446, 8.48286508699e-05]}, "gfcc": {"mean": [-24.9697360992, 26.831237793, -93.4857788086, 21.0024547577, -45.322177887, 23.918012619, -29.403137207, 12.0987052917, -22.0675106049, 3.6402733326, -17.2463207245, -0.939221203327, -10.7855710983], "cov": [[44500.8554688, -4764.94042969, -2906.36938477, 2154.34692383, -434.100524902, 1996.6204834, -305.565765381, 1019.47033691, -411.38067627, 406.31854248, -504.769683838, 201.849014282, -320.461456299], [-4764.94042969, 2885.19848633, 270.964691162, -520.415893555, 216.737304688, -231.782928467, 116.68888092, -99.3684616089, 72.0436935425, -67.1288757324, 60.2836799622, -108.051208496, 52.6332817078], [-2906.36938477, 270.964691162, 1704.22045898, 347.087860107, 132.273864746, 93.2077560425, 83.3672943115, -48.5715408325, 73.283782959, -15.1685838699, 24.1395626068, 2.6490983963, -9.19560241699], [2154.34692383, -520.415893555, 347.087860107, 889.267944336, 202.647460938, 372.409759521, 46.2594604492, 138.951751709, -30.7309627533, 52.9109382629, -48.134311676, 44.0621604919, -32.3510818481], [-434.100524902, 216.737304688, 132.273864746, 202.647460938, 432.916168213, 139.220733643, 176.678970337, 39.5324134827, 64.5838317871, -1.8442337513, 30.4768943787, -20.5460929871, 14.9532785416], [1996.6204834, -231.782928467, 93.2077560425, 372.409759521, 139.220733643, 425.04977417, 48.6516418457, 170.505386353, -28.8660850525, 57.6206436157, -44.1121520996, 16.1045246124, -14.5627012253], [-305.565765381, 116.68888092, 83.3672943115, 46.2594604492, 176.678970337, 48.6516418457, 218.367874146, 40.7581710815, 95.4057235718, 2.07874464989, 37.0544815063, -6.93914222717, 13.216884613], [1019.47033691, -99.3684616089, -48.5715408325, 138.951751709, 39.5324134827, 170.505386353, 40.7581710815, 173.045593262, 22.2273960114, 61.6060791016, -10.8536777496, 14.2215242386, 3.51453328133], [-411.38067627, 72.0436935425, 73.283782959, -30.7309627533, 64.5838317871, -28.8660850525, 95.4057235718, 22.2273960114, 123.761451721, 37.4506568909, 54.2511672974, 12.4840784073, 17.6702594757], [406.31854248, -67.1288757324, -15.1685838699, 52.9109382629, -1.8442337513, 57.6206436157, 2.07874464989, 61.6060791016, 37.4506568909, 82.0305633545, 33.0843467712, 34.3341827393, 10.095949173], [-504.769683838, 60.2836799622, 24.1395626068, -48.134311676, 30.4768943787, -44.1121520996, 37.0544815063, -10.8536777496, 54.2511672974, 33.0843467712, 74.223739624, 33.9522247314, 26.0867710114], [201.849014282, -108.051208496, 2.6490983963, 44.0621604919, -20.5460929871, 16.1045246124, -6.93914222717, 14.2215242386, 12.4840784073, 34.3341827393, 33.9522247314, 64.2149276733, 29.972278595], [-320.461456299, 52.6332817078, -9.19560241699, -32.3510818481, 14.9532785416, -14.5627012253, 13.216884613, 3.51453328133, 17.6702594757, 10.095949173, 26.0867710114, 29.972278595, 54.0466270447]], "icov": [[4.55005065305e-05, 2.70246528089e-05, 9.06935092644e-05, -5.31348705408e-05, 7.12733308319e-05, -0.000170621759025, -2.54260066868e-06, 7.97583743406e-06, -8.81066152942e-05, -2.60019878624e-05, 0.0001721160952, -0.000153232380399, 0.000197070854483], [2.70246528089e-05, 0.000509336241521, -8.81469240994e-05, 0.000278638210148, -0.000282212975435, 3.95006863982e-05, -2.85301393887e-05, -0.000120047297969, 0.000256397615885, -0.000212173661566, -0.000216511441977, 0.000938153534662, -0.000540436885785], [9.06935092644e-05, -8.81469240994e-05, 0.000961264944635, -0.000608701840974, 0.000409075524658, -0.000736125104595, 0.000132249042508, 0.000698736810591, -0.00117376062553, 0.00062533345772, -9.66025472735e-05, -0.000131431777845, 0.0004199432733], [-5.31348705408e-05, 0.000278638210148, -0.000608701840974, 0.00276122265495, -0.00153578096069, -0.000639738049358, -8.07410106063e-05, -0.000325255765347, 0.000813385180663, -0.000901451159734, 0.00228640972637, -0.00325448159128, 0.00185995339416], [7.12733308319e-05, -0.000282212975435, 0.000409075524658, -0.00153578096069, 0.00535058043897, -0.00208545895293, -0.00239352672361, 0.00112335430458, -0.000754831533413, 0.00159775116481, -0.00388869899325, 0.00451635941863, -0.00236156815663], [-0.000170621759025, 3.95006863982e-05, -0.000736125104595, -0.000639738049358, -0.00208545895293, 0.00768817728385, -0.0015394075308, -0.00430758204311, 0.00434885267168, -0.00375894759782, 0.00325096119195, -0.00139937549829, 0.000234029299463], [-2.54260066868e-06, -2.85301393887e-05, 0.000132249042508, -8.07410106063e-05, -0.00239352672361, -0.0015394075308, 0.0116313938051, -0.00262050330639, -0.00840925239027, 0.00782401207834, -0.00408808188513, 0.000940544530749, 0.000299750710838], [7.97583743406e-06, -0.000120047297969, 0.000698736810591, -0.000325255765347, 0.00112335430458, -0.00430758204311, -0.00262050330639, 0.0148006277159, -0.0023032866884, -0.00960296019912, 0.00658146943897, 0.00140058528632, -0.00311120715924], [-8.81066152942e-05, 0.000256397615885, -0.00117376062553, 0.000813385180663, -0.000754831533413, 0.00434885267168, -0.00840925239027, -0.0023032866884, 0.0224603563547, -0.0102995280176, -0.00608394946903, 0.00342174293473, -0.00127844559029], [-2.60019878624e-05, -0.000212173661566, 0.00062533345772, -0.000901451159734, 0.00159775116481, -0.00375894759782, 0.00782401207834, -0.00960296019912, -0.0102995280176, 0.0357243232429, -0.0163446106017, -0.00592849263921, 0.0047463439405], [0.0001721160952, -0.000216511441977, -9.66025472735e-05, 0.00228640972637, -0.00388869899325, 0.00325096119195, -0.00408808188513, 0.00658146943897, -0.00608394946903, -0.0163446106017, 0.0435361005366, -0.01950343512, -4.82967261632e-05], [-0.000153232380399, 0.000938153534662, -0.000131431777845, -0.00325448159128, 0.00451635941863, -0.00139937549829, 0.000940544530749, 0.00140058528632, 0.00342174293473, -0.00592849263921, -0.01950343512, 0.0439396649599, -0.0207051560283], [0.000197070854483, -0.000540436885785, 0.0004199432733, 0.00185995339416, -0.00236156815663, 0.000234029299463, 0.000299750710838, -0.00311120715924, -0.00127844559029, 0.0047463439405, -4.82967261632e-05, -0.0207051560283, 0.0332645736635]]}, "melbands": {"dmean": [0.00109143252485, 0.00104966969229, 0.000606894260272, 0.000160359282745, 5.60715852771e-05, 6.22189982096e-05, 7.0116497227e-05, 4.11324908782e-05, 4.29858955613e-05, 8.44526512083e-05, 7.37639784347e-05, 5.97031248617e-05, 3.3731223084e-05, 4.31057997048e-05, 3.40859878634e-05, 3.00745668937e-05, 2.56566272583e-05, 3.33153911924e-05, 1.90720256796e-05, 1.84954260476e-05, 2.39154942392e-05, 2.37079457293e-05, 1.82965068234e-05, 1.14541517178e-05, 1.26288896354e-05, 1.44986333908e-05, 1.37253500725e-05, 8.55369398778e-06, 9.92092554952e-06, 1.35210793815e-05, 1.25551086967e-05, 9.54599272518e-06, 1.032887576e-05, 9.27114251681e-06, 9.33353294386e-06, 9.01047587831e-06, 1.21319471873e-05, 9.95115715341e-06, 7.86096279626e-06, 7.38448761695e-06], "dmean2": [0.00134021730628, 0.00163904065266, 0.00103130016942, 0.000280042499071, 8.96677520359e-05, 9.95954251266e-05, 0.000109070824692, 6.81661113049e-05, 7.28383238311e-05, 0.000139568379382, 0.000118783362268, 9.81260309345e-05, 5.71856362512e-05, 7.2985458246e-05, 5.66248345422e-05, 4.86463650304e-05, 4.29280335084e-05, 5.58712854399e-05, 3.22275118378e-05, 3.27161142195e-05, 4.1736937419e-05, 4.25015459768e-05, 3.2605476008e-05, 1.98415673367e-05, 2.15165437112e-05, 2.48809210461e-05, 2.45890441875e-05, 1.44263603943e-05, 1.71598185261e-05, 2.36606247199e-05, 2.17165779759e-05, 1.63419044839e-05, 1.76261000888e-05, 1.57280737767e-05, 1.55572088261e-05, 1.52075372171e-05, 1.97897206817e-05, 1.58976527018e-05, 1.2566906662e-05, 1.20161403174e-05], "dvar": [3.53936093234e-06, 4.7612702474e-06, 2.94165170089e-06, 1.52243714524e-07, 1.09758202527e-08, 1.87808151253e-08, 1.79266876899e-08, 6.63862209649e-09, 8.24695334245e-09, 2.17239826128e-08, 1.44133585067e-08, 1.62957451977e-08, 5.3017257251e-09, 7.37992689182e-09, 3.83249698643e-09, 2.51880671875e-09, 1.68965341718e-09, 3.65372265776e-09, 1.33644073586e-09, 1.48409629031e-09, 2.83287349134e-09, 3.66805985585e-09, 1.70632208363e-09, 5.08876718541e-10, 6.28889995635e-10, 9.78096492688e-10, 1.37846956072e-09, 4.20144030677e-10, 4.52347187485e-10, 9.08899733254e-10, 7.41551209327e-10, 4.84537965306e-10, 5.14179976374e-10, 4.31825131209e-10, 4.02202104954e-10, 4.12495065882e-10, 7.67140739821e-10, 5.32815513932e-10, 3.37272487716e-10, 2.7468788355e-10], "dvar2": [6.01724559601e-06, 1.10698347271e-05, 7.78270714363e-06, 4.19875163971e-07, 2.60726817913e-08, 4.01322282073e-08, 3.85976832717e-08, 1.76730239332e-08, 2.21910774201e-08, 5.82188768306e-08, 3.72841881813e-08, 4.03837958629e-08, 1.38234845792e-08, 1.98102689808e-08, 8.89550211269e-09, 5.97918292655e-09, 4.3375676384e-09, 9.68282343194e-09, 3.508245916e-09, 4.08808586982e-09, 7.75288278021e-09, 1.02819583958e-08, 4.76719730358e-09, 1.32856325941e-09, 1.60144308925e-09, 2.61420396441e-09, 3.88145071639e-09, 1.1143850287e-09, 1.22575338768e-09, 2.47452347502e-09, 1.99221905639e-09, 1.31930322222e-09, 1.35966582437e-09, 1.12182396705e-09, 8.67284632999e-10, 1.10269671172e-09, 1.96016980425e-09, 1.29244970282e-09, 8.47567849238e-10, 6.98473556771e-10], "max": [0.018460188061, 0.0184174589813, 0.0155147314072, 0.00429670978338, 0.00141092331614, 0.00389330578037, 0.00287484959699, 0.00144818541594, 0.00124163017608, 0.00193452462554, 0.00189631222747, 0.00295696151443, 0.00115930032916, 0.00167191890068, 0.000700586882886, 0.000607336172834, 0.000424126948928, 0.000641656341031, 0.000449029001174, 0.000318225618685, 0.000520847097505, 0.00050567521248, 0.000430524261901, 0.000208464218304, 0.000232797450735, 0.000324546417687, 0.000346944609191, 0.00018030188221, 0.000168669532286, 0.000187553610886, 0.000176220695721, 0.000163910954143, 0.000150757230585, 0.000156138776219, 0.000149647050421, 0.000199051370146, 0.000207711942494, 0.000181519717444, 0.000132834044052, 0.000132811939693], "mean": [0.00240072631277, 0.00186363654211, 0.000657682947349, 0.000193729167222, 8.70297881193e-05, 8.38061605464e-05, 9.46288346313e-05, 5.3481253417e-05, 5.48054231331e-05, 0.000129422231112, 0.000120828888612, 7.45640281821e-05, 3.82944235753e-05, 5.26155854459e-05, 4.76534332847e-05, 4.84963129566e-05, 3.73760121875e-05, 4.50766237918e-05, 2.56824969256e-05, 2.24771156354e-05, 2.88465325866e-05, 2.43406157097e-05, 2.10728940147e-05, 1.59234568855e-05, 1.52414258991e-05, 1.77616457222e-05, 1.44355954035e-05, 1.0741384358e-05, 1.18781654237e-05, 1.31372225951e-05, 1.28159017549e-05, 1.03918382592e-05, 1.10675027827e-05, 1.03472157207e-05, 1.0972691598e-05, 9.55660561885e-06, 1.21229613796e-05, 1.06525258161e-05, 8.43733687361e-06, 7.65643471823e-06], "median": [0.000316054327413, 0.000556555343792, 0.000180550341611, 7.19440722605e-05, 3.37997589668e-05, 2.60076303675e-05, 2.62146859313e-05, 1.7550031771e-05, 1.55904690473e-05, 4.74073749501e-05, 4.87700781377e-05, 2.32658167079e-05, 1.42570215758e-05, 1.98381603695e-05, 2.21459304157e-05, 2.37966196437e-05, 1.71148276422e-05, 2.11110564123e-05, 1.12531606646e-05, 9.41351663641e-06, 1.19144478958e-05, 8.57964005263e-06, 7.51504967411e-06, 5.95472829445e-06, 5.60667695026e-06, 7.66177163314e-06, 5.3619260143e-06, 4.28865678259e-06, 5.09816754857e-06, 3.53636414729e-06, 3.99433974962e-06, 3.33434172717e-06, 3.40389146913e-06, 2.74824765256e-06, 2.69018028121e-06, 2.31429362429e-06, 2.23726442528e-06, 2.17196770791e-06, 2.00006820705e-06, 2.04102229873e-06], "min": [8.5928873051e-25, 9.48546468391e-25, 1.69287223121e-24, 2.27860658093e-24, 1.29874578587e-24, 1.91939364014e-24, 2.974162596e-24, 2.56040307906e-24, 1.52767440385e-24, 2.65965953031e-24, 2.62379179989e-24, 2.55702162679e-24, 2.40598868446e-24, 2.04158385563e-24, 3.64385225642e-24, 4.09504637876e-24, 2.09601624416e-24, 3.698368067e-24, 2.85991522376e-24, 3.68581571228e-24, 3.124916676e-24, 4.93049662018e-24, 4.0993949745e-24, 4.36583550625e-24, 5.39066364089e-24, 4.2435821819e-24, 4.79624472146e-24, 4.37253569635e-24, 6.31706796696e-24, 5.3923967683e-24, 5.60107927115e-24, 5.61864247034e-24, 4.32737735383e-24, 5.86835441774e-24, 4.98841044911e-24, 5.38000613006e-24, 6.44310742923e-24, 5.25491290644e-24, 6.01460765185e-24, 6.76469209927e-24], "var": [1.62672622537e-05, 8.46890179673e-06, 2.2233780328e-06, 1.21108783446e-07, 1.79742052353e-08, 3.13342347624e-08, 3.23450137785e-08, 8.30703950072e-09, 9.59922630273e-09, 3.84417582211e-08, 3.24996847212e-08, 2.30313421667e-08, 5.45579315059e-09, 8.11777400855e-09, 5.56309309729e-09, 4.48030768041e-09, 2.62893395941e-09, 4.42201297801e-09, 1.46488265962e-09, 1.39008393685e-09, 2.425250889e-09, 2.60845434141e-09, 1.37499567288e-09, 6.21918072596e-10, 6.69317046231e-10, 8.82912853939e-10, 9.72078750827e-10, 3.87660487045e-10, 4.06883693405e-10, 7.18082815432e-10, 6.07359607052e-10, 3.90015325591e-10, 4.36904956658e-10, 3.85619008947e-10, 4.48379389173e-10, 3.44272027553e-10, 6.99035662688e-10, 5.35662680878e-10, 3.22390475427e-10, 2.49090414961e-10]}, "mfcc": {"mean": [-657.961547852, 67.0874252319, 6.5860247612, 8.09652614594, 9.86299133301, 10.5693492889, 8.29955768585, 7.09882354736, 5.15842056274, 5.8365020752, 1.91887998581, -0.653027296066, -3.13387775421], "cov": [[18445.3339844, -576.28692627, -16.4636230469, 382.891448975, 304.763000488, 500.96472168, 369.966339111, 454.098052979, 295.809661865, 227.400421143, 139.644958496, 98.6376113892, -33.3920860291], [-576.28692627, 1539.23620605, -54.7955818176, 19.3873996735, 117.056686401, 37.9261665344, 99.9088668823, 25.1551322937, 63.5017738342, 110.963500977, 62.3046340942, 5.05048799515, 6.30915784836], [-16.4636230469, -54.7955818176, 872.858215332, 240.933746338, 205.768569946, 183.085159302, 58.5548439026, 64.8123321533, 43.5341949463, 7.32352733612, 35.7608184814, 18.5198154449, -13.3780117035], [382.891448975, 19.3873996735, 240.933746338, 356.749572754, 194.51373291, 184.493591309, 108.346069336, 97.7186889648, 57.9739112854, 42.3447494507, 33.2063140869, 24.4790554047, 10.7034130096], [304.763000488, 117.056686401, 205.768569946, 194.51373291, 275.366088867, 196.413955688, 146.001678467, 97.7597732544, 67.9800415039, 51.3465423584, 25.9776439667, 4.52432537079, -0.0747096538544], [500.96472168, 37.9261665344, 183.085159302, 184.493591309, 196.413955688, 232.389892578, 150.399902344, 114.818649292, 72.0562362671, 58.0387420654, 33.7744445801, 17.0195617676, 3.95463323593], [369.966339111, 99.9088668823, 58.5548439026, 108.346069336, 146.001678467, 150.399902344, 166.823516846, 113.939720154, 74.3943862915, 65.4384155273, 27.0299968719, 7.7606883049, 6.42001962662], [454.098052979, 25.1551322937, 64.8123321533, 97.7186889648, 97.7597732544, 114.818649292, 113.939720154, 123.518074036, 83.2583007812, 63.3565483093, 31.3624649048, 17.5761451721, 13.0528450012], [295.809661865, 63.5017738342, 43.5341949463, 57.9739112854, 67.9800415039, 72.0562362671, 74.3943862915, 83.2583007812, 90.3031921387, 70.1772232056, 34.621055603, 17.3720607758, 12.2358798981], [227.400421143, 110.963500977, 7.32352733612, 42.3447494507, 51.3465423584, 58.0387420654, 65.4384155273, 63.3565483093, 70.1772232056, 92.8843765259, 51.9300537109, 23.138551712, 15.2409667969], [139.644958496, 62.3046340942, 35.7608184814, 33.2063140869, 25.9776439667, 33.7744445801, 27.0299968719, 31.3624649048, 34.621055603, 51.9300537109, 58.5884437561, 36.9251480103, 18.0602703094], [98.6376113892, 5.05048799515, 18.5198154449, 24.4790554047, 4.52432537079, 17.0195617676, 7.7606883049, 17.5761451721, 17.3720607758, 23.138551712, 36.9251480103, 55.0945472717, 37.2965049744], [-33.3920860291, 6.30915784836, -13.3780117035, 10.7034130096, -0.0747096538544, 3.95463323593, 6.42001962662, 13.0528450012, 12.2358798981, 15.2409667969, 18.0602703094, 37.2965049744, 55.4272956848]], "icov": [[6.35378455627e-05, 2.68865333055e-05, 4.28771563747e-05, -2.46850140684e-06, 7.68751397118e-06, -0.000104251761513, 8.43563611852e-05, -0.000230323756114, -8.53204164741e-06, -1.71567753569e-05, -3.65952473658e-07, -0.000178315589437, 0.00022466845985], [2.68865333055e-05, 0.000810709549114, 6.66179330437e-05, 7.87185854279e-06, -0.000451488420367, 0.000494927517138, -0.000827401352581, 0.00102046004031, -0.000227765776799, -0.000798573310021, -0.00058375071967, 0.000326191540807, -1.33983246542e-06], [4.28771563747e-05, 6.66179330437e-05, 0.00176293519326, -0.000483084411826, -0.000899030012079, -0.00109070760664, 0.00150163529906, -0.000244387309067, -0.00104679714423, 0.00183536333498, -0.00178887916263, 5.24353417859e-05, 0.000771281309426], [-2.46850140684e-06, 7.87185854279e-06, -0.000483084411826, 0.00565387727693, -0.00232554227114, -0.00248206383549, 0.0021120684687, -0.00277664884925, 0.00150128116366, -0.000189711718122, 0.000131909226184, -0.00117378227878, -0.000159983872436], [7.68751397118e-06, -0.000451488420367, -0.000899030012079, -0.00232554227114, 0.0121137881652, -0.00572738051414, -0.00565747078508, 0.00463741784915, -0.00357388355769, 0.00196252483875, -0.000893102260306, 0.00331237632781, -0.00141226535197], [-0.000104251761513, 0.000494927517138, -0.00109070760664, -0.00248206383549, -0.00572738051414, 0.0190438535064, -0.00861583184451, -0.00337215000764, 0.00242712441832, -0.000785537238698, -8.2207894593e-05, -0.00376163213514, 0.00276067387313], [8.43563611852e-05, -0.000827401352581, 0.00150163529906, 0.0021120684687, -0.00565747078508, -0.00861583184451, 0.0294169336557, -0.0192880984396, 0.00630785059184, -0.00668649561703, 0.00371577567421, 0.00223536975682, -0.000427157414379], [-0.000230323756114, 0.00102046004031, -0.000244387309067, -0.00277664884925, 0.00463741784915, -0.00337215000764, -0.0192880984396, 0.0447152480483, -0.0272813048214, 0.0053014587611, -0.00184649717994, 0.000297214224702, -0.0028605684638], [-8.53204164741e-06, -0.000227765776799, -0.00104679714423, 0.00150128116366, -0.00357388355769, 0.00242712441832, 0.00630785059184, -0.0272813048214, 0.0504973269999, -0.0282319262624, 0.00930779334158, -0.00415269145742, 0.00137113290839], [-1.71567753569e-05, -0.000798573310021, 0.00183536333498, -0.000189711718122, 0.00196252483875, -0.000785537238698, -0.00668649561703, 0.0053014587611, -0.0282319262624, 0.0511804148555, -0.0363685935736, 0.0144596965984, -0.00557550461963], [-3.65952473658e-07, -0.00058375071967, -0.00178887916263, 0.000131909226184, -0.000893102260306, -8.2207894593e-05, 0.00371577567421, -0.00184649717994, 0.00930779334158, -0.0363685935736, 0.0665550231934, -0.0403050817549, 0.012998518534], [-0.000178315589437, 0.000326191540807, 5.24353417859e-05, -0.00117378227878, 0.00331237632781, -0.00376163213514, 0.00223536975682, 0.000297214224702, -0.00415269145742, 0.0144596965984, -0.0403050817549, 0.0639656931162, -0.0329295992851], [0.00022466845985, -1.33983246542e-06, 0.000771281309426, -0.000159983872436, -0.00141226535197, 0.00276067387313, -0.000427157414379, -0.0028605684638, 0.00137113290839, -0.00557550461963, 0.012998518534, -0.0329295992851, 0.0380715020001]]}, "spectral_contrast_coeffs": {"dmean": [0.0529503189027, 0.0445449575782, 0.0385842360556, 0.0260965358466, 0.0190371740609, 0.0151261724532], "dmean2": [0.0835061073303, 0.0720730870962, 0.0636128559709, 0.0444264933467, 0.0313230603933, 0.0246225558221], "dvar": [0.00223688338883, 0.00133837829344, 0.000975051603746, 0.000434974965174, 0.000298129336443, 0.00021605870279], "dvar2": [0.0051353527233, 0.00332642672583, 0.00253157340921, 0.00121682451572, 0.000763155752793, 0.000581799598876], "max": [-0.402313947678, -0.418139249086, -0.512710988522, -0.607501149178, -0.591944158077, -0.582528173923], "mean": [-0.682689666748, -0.787219405174, -0.790446102619, -0.817972719669, -0.819662928581, -0.807199776173], "median": [-0.687974572182, -0.795377969742, -0.795760631561, -0.817637145519, -0.818449735641, -0.800886392593], "min": [-0.980022788048, -0.976630747318, -0.975816905499, -0.972182452679, -0.967995345592, -0.965581595898], "var": [0.00695332372561, 0.00513351010159, 0.00417502038181, 0.00186756742187, 0.00176070653833, 0.00172261847183]}, "spectral_contrast_valleys": {"dmean": [0.457549959421, 0.440443098545, 0.37341350317, 0.330974459648, 0.351008027792, 0.374967247248], "dmean2": [0.693727493286, 0.697894692421, 0.574766039848, 0.505358636379, 0.516430974007, 0.508162975311], "dvar": [0.210117340088, 0.183399885893, 0.14997035265, 0.144950613379, 0.246137619019, 0.290115952492], "dvar2": [0.39462608099, 0.374867528677, 0.3070487082, 0.288810878992, 0.485801935196, 0.519861876965], "max": [-5.69757986069, -5.21017503738, -5.39770698547, -5.32302522659, -5.10948514938, -6.79194974899], "mean": [-8.18