{"lowlevel": {"average_loudness": 0.319439768791, "barkbands_crest": {"dmean": 1.83950340748, "dmean2": 2.88509845734, "dvar": 4.30290555954, "dvar2": 10.1075868607, "max": 26.9160995483, "mean": 11.7579507828, "median": 10.8740749359, "min": 2.62096977234, "var": 19.5671882629}, "barkbands_flatness_db": {"dmean": 0.0173444114625, "dmean2": 0.0252793654799, "dvar": 0.00045055965893, "dvar2": 0.00086386653129, "max": 0.458133667707, "mean": 0.212169453502, "median": 0.217703849077, "min": 0.0261481422931, "var": 0.00332533079199}, "barkbands_kurtosis": {"dmean": 3.80500006676, "dmean2": 5.6853890419, "dvar": 684.368591309, "dvar2": 1650.49072266, "max": 2281.1862793, "mean": 9.01317691803, "median": 3.41224098206, "min": -1.91422426701, "var": 1331.77050781}, "barkbands_skewness": {"dmean": 0.466959923506, "dmean2": 0.686073482037, "dvar": 0.637881159782, "dvar2": 1.25135922432, "max": 44.2549476624, "mean": 1.80377197266, "median": 1.46568930149, "min": -4.38214874268, "var": 3.00134587288}, "barkbands_spread": {"dmean": 3.12695503235, "dmean2": 4.97509288788, "dvar": 72.3807144165, "dvar2": 171.386016846, "max": 112.187835693, "mean": 11.0003929138, "median": 7.96374893188, "min": 0.160748139024, "var": 157.74861145}, "dissonance": {"dmean": 0.029336148873, "dmean2": 0.0487942956388, "dvar": 0.000803410657682, "dvar2": 0.00212540058419, "max": 0.499999731779, "mean": 0.418517291546, "median": 0.42754521966, "min": 0.0994059816003, "var": 0.00257195183076}, "dynamic_complexity": 6.49279499054, "erbbands_crest": {"dmean": 1.91163599491, "dmean2": 2.95154452324, "dvar": 4.30887985229, "dvar2": 9.67621994019, "max": 30.2950668335, "mean": 11.4365997314, "median": 10.5291519165, "min": 2.22141432762, "var": 23.3356208801}, "erbbands_flatness_db": {"dmean": 0.0133965769783, "dmean2": 0.018901579082, "dvar": 0.00028753632796, "dvar2": 0.000528123753611, "max": 0.390095561743, "mean": 0.229671955109, "median": 0.235773697495, "min": 0.0377138964832, "var": 0.00358403916471}, "erbbands_kurtosis": {"dmean": 1.06188941002, "dmean2": 1.61907851696, "dvar": 4.56165790558, "dvar2": 10.5755577087, "max": 66.4236831665, "mean": 1.57590854168, "median": 0.283904314041, "min": -1.83927690983, "var": 13.6118850708}, "erbbands_skewness": {"dmean": 0.302648901939, "dmean2": 0.454142421484, "dvar": 0.180569306016, "dvar2": 0.357610434294, "max": 6.57364273071, "mean": 0.659937858582, "median": 0.625149548054, "min": -5.30391311646, "var": 0.797631978989}, "erbbands_spread": {"dmean": 4.38845825195, "dmean2": 6.67780160904, "dvar": 78.6405410767, "dvar2": 183.61026001, "max": 143.090957642, "mean": 23.2799797058, "median": 19.6802654266, "min": 2.60133481026, "var": 220.361190796}, "hfc": {"dmean": 3.74849748611, "dmean2": 5.16699409485, "dvar": 220.034423828, "dvar2": 409.980102539, "max": 448.991699219, "mean": 12.955742836, "median": 3.75775456429, "min": 1.16922588389e-16, "var": 682.11328125}, "melbands_crest": {"dmean": 2.24017214775, "dmean2": 3.49841332436, "dvar": 6.66758012772, "dvar2": 15.2601146698, "max": 39.7090606689, "mean": 15.6224136353, "median": 14.5168867111, "min": 2.27222967148, "var": 35.4638404846}, "melbands_flatness_db": {"dmean": 0.0194689314812, "dmean2": 0.0275023896247, "dvar": 0.00071285496233, "dvar2": 0.00125530885998, "max": 0.513360202312, "mean": 0.298118531704, "median": 0.309790581465, "min": 0.00595487747341, "var": 0.00565794715658}, "melbands_kurtosis": {"dmean": 4.98937511444, "dmean2": 7.57369089127, "dvar": 251.568496704, "dvar2": 511.843719482, "max": 1106.96789551, "mean": 12.4787368774, "median": 5.52343082428, "min": -1.88671016693, "var": 826.167236328}, "melbands_skewness": {"dmean": 0.495076835155, "dmean2": 0.733670353889, "dvar": 0.605188250542, "dvar2": 1.29065823555, "max": 30.2836093903, "mean": 2.25057911873, "median": 1.90838551521, "min": -1.86970734596, "var": 3.00350260735}, "melbands_spread": {"dmean": 4.51808357239, "dmean2": 6.97270584106, "dvar": 257.220306396, "dvar2": 499.956207275, "max": 256.04776001, "mean": 14.6338186264, "median": 9.84132289886, "min": 0.461597800255, "var": 607.761413574}, "pitch_salience": {"dmean": 0.0531537160277, "dmean2": 0.0831117406487, "dvar": 0.00357303256169, "dvar2": 0.00813681259751, "max": 0.905122160912, "mean": 0.548739612103, "median": 0.559360742569, "min": 0.0120338546112, "var": 0.0172158610076}, "silence_rate_20dB": {"dmean": 0, "dmean2": 0, "dvar": 0, "dvar2": 0, "max": 1, "mean": 1, "median": 1, "min": 1, "var": 0}, "silence_rate_30dB": {"dmean": 0, "dmean2": 0, "dvar": 0, "dvar2": 0, "max": 1, "mean": 1, "median": 1, "min": 1, "var": 0}, "silence_rate_60dB": {"dmean": 0.0394709222019, "dmean2": 0.0789501294494, "dvar": 0.0379115380347, "dvar2": 0.0827888920903, "max": 1, "mean": 0.344494581223, "median": 0, "min": 0, "var": 0.225804939866}, "spectral_centroid": {"dmean": 128.847961426, "dmean2": 189.419387817, "dvar": 136203.59375, "dvar2": 233077, "max": 11350.2587891, "mean": 749.453308105, "median": 560.136291504, "min": 187.736206055, "var": 487758.34375}, "spectral_complexity": {"dmean": 1.45937430859, "dmean2": 2.33679795265, "dvar": 3.80228161812, "dvar2": 7.94579982758, "max": 51, "mean": 9.08743572235, "median": 9, "min": 0, "var": 25.4122714996}, "spectral_decrease": {"dmean": 7.97755195237e-10, "dmean2": 1.12066167457e-09, "dvar": 1.86447502686e-18, "dvar2": 3.32779930309e-18, "max": 1.36899477052e-19, "mean": -4.46274883714e-09, "median": -2.06383932166e-09, "min": -2.88371495571e-08, "var": 2.22167113682e-17}, "spectral_energy": {"dmean": 0.00321648339741, "dmean2": 0.00451711844653, "dvar": 2.91387459583e-05, "dvar2": 5.3034596931e-05, "max": 0.10913605243, "mean": 0.0180186573416, "median": 0.00875863805413, "min": 1.07038883787e-20, "var": 0.000359667348675}, "spectral_energyband_high": {"dmean": 0.000255954393651, "dmean2": 0.000360943056876, "dvar": 2.73216869573e-06, "dvar2": 5.0169928727e-06, "max": 0.0436895564198, "mean": 0.000403697398724, "median": 1.19859823826e-05, "min": 7.66019734322e-21, "var": 6.17709883954e-06}, "spectral_energyband_low": {"dmean": 0.000460667535663, "dmean2": 0.000716408831067, "dvar": 1.79994913196e-06, "dvar2": 4.40890107711e-06, "max": 0.069734826684, "mean": 0.00148112140596, "median": 0.000426181737566, "min": 4.69919076986e-23, "var": 7.07829167368e-06}, "spectral_energyband_middle_high": {"dmean": 0.000964292092249, "dmean2": 0.0012480088044, "dvar": 6.36674985799e-06, "dvar2": 9.72860379989e-06, "max": 0.0723115578294, "mean": 0.0037692328915, "median": 0.000650692847557, "min": 1.75233285229e-21, "var": 7.38642775104e-05}, "spectral_energyband_middle_low": {"dmean": 0.00269492575899, "dmean2": 0.00379271060228, "dvar": 2.35921743297e-05, "dvar2": 4.28734347224e-05, "max": 0.0894657224417, "mean": 0.0133109278977, "median": 0.00447898730636, "min": 3.32475084163e-22, "var": 0.00021861139976}, "spectral_entropy": {"dmean": 0.166232421994, "dmean2": 0.236717283726, "dvar": 0.0499538071454, "dvar2": 0.083822272718, "max": 9.79494857788, "mean": 6.64153623581, "median": 6.51363992691, "min": 4.75116157532, "var": 0.396695137024}, "spectral_flux": {"dmean": 0.0151155320928, "dmean2": 0.0234984606504, "dvar": 0.000461781135527, "dvar2": 0.00108594784979, "max": 0.325919091702, "mean": 0.040174882859, "median": 0.0277722142637, "min": 1.03459595058e-10, "var": 0.00154103746172}, "spectral_kurtosis": {"dmean": 5.93766975403, "dmean2": 9.9242811203, "dvar": 50.8347206116, "dvar2": 143.827758789, "max": 88.6115646362, "mean": 18.0387573242, "median": 14.1048564911, "min": -1.19221794605, "var": 195.770202637}, "spectral_rms": {"dmean": 0.000355832598871, "dmean2": 0.000494342821185, "dvar": 2.79906856804e-07, "dvar2": 4.53836264569e-07, "max": 0.0103186331689, "mean": 0.00349455652758, "median": 0.00292318547145, "min": 3.23153483139e-12, "var": 5.36721699973e-06}, "spectral_rolloff": {"dmean": 324.189575195, "dmean2": 548.145202637, "dvar": 1545385.25, "dvar2": 3406139.75, "max": 18906.1523438, "mean": 1063.16760254, "median": 689.0625, "min": 21.533203125, "var": 3147893.5}, "spectral_skewness": {"dmean": 0.469845622778, "dmean2": 0.755148231983, "dvar": 0.236729085445, "dvar2": 0.624555885792, "max": 6.83096170425, "mean": 2.95630121231, "median": 2.90271759033, "min": -0.0738328695297, "var": 1.26255702972}, "spectral_spread": {"dmean": 420195, "dmean2": 607278.125, "dvar": 608177356800, "dvar2": 954864238592, "max": 40745788, "mean": 3196979.75, "median": 2806928.75, "min": 753165.8125, "var": 4066398961660.0}, "spectral_strongpeak": {"dmean": 0.333362430334, "dmean2": 0.532243430614, "dvar": 0.528494536877, "dvar2": 1.25785243511, "max": 20.3916149139, "mean": 1.14470767975, "median": 0.564713656902, "min": 0, "var": 2.55872821808}, "zerocrossingrate": {"dmean": 0.00792460050434, "dmean2": 0.00899211596698, "dvar": 0.000442688848125, "dvar2": 0.000446107820608, "max": 0.50634765625, "mean": 0.0386707261205, "median": 0.02734375, "min": 0, "var": 0.00238826335408}, "barkbands": {"dmean": [6.61340964143e-05, 0.00010913022561, 0.000233317026868, 0.000447762664407, 0.00142942019738, 0.000679379096255, 0.000523863942362, 0.000718908151612, 0.000344041531207, 0.000571463198867, 0.000192112085642, 0.000256032217294, 0.000147799451952, 0.000111947236292, 7.60685143177e-05, 4.94000669278e-05, 5.25043833477e-05, 4.76963323308e-05, 4.65772645839e-05, 2.60324595729e-05, 3.80342862627e-05, 4.83337680635e-05, 3.54830845026e-05, 5.45501061424e-05, 6.37231933069e-05, 3.20831459248e-05, 6.8715667112e-06], "dmean2": [0.000106304811197, 0.000188446327229, 0.000380984565709, 0.000603746331763, 0.00206426577643, 0.000998714822344, 0.000764806871302, 0.000985260587186, 0.000487432815135, 0.000732065353077, 0.000258393236436, 0.000342614366673, 0.000205026430194, 0.000164621000295, 0.000112287241791, 7.39055394661e-05, 7.70266560721e-05, 7.17908915249e-05, 6.89568114467e-05, 4.0902326873e-05, 5.77071004955e-05, 7.36883594072e-05, 5.41496010555e-05, 7.76987872086e-05, 9.20701349969e-05, 4.57513015135e-05, 9.80465301836e-06], "dvar": [9.40002053085e-07, 1.81828283985e-07, 4.31403321954e-07, 1.87555008324e-06, 9.34026411414e-06, 3.68359178538e-06, 4.34953335571e-06, 6.25787424724e-06, 1.80458107479e-06, 3.81763402402e-06, 5.14528835538e-07, 1.94545123122e-06, 4.38499625943e-07, 1.24615752384e-07, 8.68270859655e-08, 8.94099230209e-08, 8.87870399424e-08, 3.92284036366e-08, 9.32101329454e-08, 2.73289710861e-08, 6.91414001608e-08, 1.40786937664e-07, 7.66783827544e-08, 1.82769767321e-07, 2.75545914974e-07, 4.56677931027e-08, 2.89765722528e-09], "dvar2": [2.34143317357e-06, 5.28945008682e-07, 1.18651871617e-06, 3.1007234611e-06, 1.78155132744e-05, 7.48965067032e-06, 9.47397165874e-06, 1.20853474073e-05, 3.43961073668e-06, 5.46034789295e-06, 7.94680033778e-07, 3.12081169795e-06, 8.36066703869e-07, 2.57292612105e-07, 1.66107199107e-07, 2.03310975166e-07, 1.85976418265e-07, 8.25872277233e-08, 2.12838543234e-07, 6.48424176575e-08, 1.4268179882e-07, 3.14197478701e-07, 1.56912648208e-07, 3.68081458646e-07, 5.58951967378e-07, 8.89754190325e-08, 5.66994229345e-09], "max": [0.0809124410152, 0.0248229838908, 0.0159103646874, 0.0328397601843, 0.0586391910911, 0.049704965204, 0.0775094851851, 0.060430765152, 0.0448610186577, 0.0565693862736, 0.0401083342731, 0.0634598881006, 0.0278877858073, 0.007810220588, 0.0109217083082, 0.010985516943, 0.015753198415, 0.00625197170302, 0.0191257055849, 0.00437074154615, 0.0104271918535, 0.0185091234744, 0.0090108839795, 0.0170679241419, 0.023221462965, 0.00768140843138, 0.00219227164052], "mean": [7.81140406616e-05, 0.000276126171229, 0.000688921310939, 0.00146347971167, 0.00490239122882, 0.0018235007301, 0.00106258678716, 0.00225518108346, 0.000778094981797, 0.00187305815052, 0.000473132182378, 0.000802204653155, 0.000373602437321, 0.000206643511774, 0.000140671298141, 9.17639845284e-05, 0.000119464311865, 9.03477484826e-05, 9.54151400947e-05, 3.74732881028e-05, 5.17083826708e-05, 7.07043946022e-05, 5.05299867655e-05, 7.36827641958e-05, 8.43991729198e-05, 4.65847479063e-05, 8.81303822098e-06], "median": [6.57603141008e-06, 0.000115647242637, 0.000164676253917, 4.75591878057e-05, 0.0012866865145, 0.000686477404088, 0.000270212622127, 0.000127174600493, 7.56906738388e-05, 0.000123509686091, 0.000110075496195, 5.1141185395e-05, 4.48819955636e-05, 3.87901091017e-05, 3.09070164803e-05, 1.30805583467e-05, 9.30047735892e-06, 7.72764997237e-06, 5.62139530302e-06, 3.01913428302e-06, 1.85519331808e-06, 1.28009935452e-06, 1.01545924736e-06, 7.53698486733e-07, 8.15616999716e-07, 9.95160803541e-07, 1.53797117264e-08], "min": [5.81137381126e-24, 1.51007115025e-23, 1.69259399997e-23, 2.0803921834e-23, 7.61570672413e-23, 4.08322387815e-23, 8.42277390795e-23, 3.72220799576e-23, 5.2200380758e-23, 8.07196683231e-23, 4.04565642857e-23, 1.14662989923e-22, 2.18347661375e-22, 1.1865894275e-22, 1.10641881899e-22, 4.6154825304e-23, 1.62116393873e-22, 3.18645910732e-22, 2.92816736673e-22, 4.13278472716e-22, 3.53556678725e-22, 5.84205496267e-22, 4.97844689922e-22, 9.79057920042e-22, 1.16441635237e-21, 1.81454204462e-21, 2.32864085377e-21], "var": [8.81501193817e-07, 2.91204855785e-07, 2.09268523577e-06, 1.39175108416e-05, 6.42506347504e-05, 1.17418449008e-05, 9.16337103263e-06, 2.87198690785e-05, 7.11360098649e-06, 3.16526675306e-05, 3.10505242851e-06, 2.32355087064e-05, 2.53879466072e-06, 3.09744422111e-07, 2.14431693735e-07, 2.17083211851e-07, 5.07147547069e-07, 1.19855187108e-07, 1.74617909465e-07, 3.26390150462e-08, 1.08798246856e-07, 1.89809782114e-07, 1.13251275025e-07, 3.93796852904e-07, 5.47741535684e-07, 9.44484881416e-08, 6.14921757958e-09]}, "erbbands": {"dmean": [0.00227221334353, 0.0298161320388, 0.203834638, 0.837810099125, 2.85632395744, 5.39577865601, 6.03046512604, 5.52290058136, 7.30289649963, 10.8188257217, 13.9219484329, 8.61795043945, 16.1052455902, 11.8230762482, 8.66278743744, 11.2325735092, 7.05077695847, 5.98542165756, 3.89593863487, 2.92997860909, 2.10111165047, 2.15061354637, 2.36946773529, 2.51947188377, 1.66579115391, 1.16304957867, 1.30687320232, 1.72111463547, 1.81268489361, 1.20361709595, 1.00795781612, 1.13458836079, 0.916602432728, 0.747258365154, 0.434751570225, 0.175411522388, 0.053669989109, 0.00950618181378, 0.00129911699332, 5.0627062592e-05], "dmean2": [0.00394117133692, 0.051350813359, 0.335515677929, 1.16387188435, 4.03688383102, 7.78987932205, 8.90472602844, 8.26999855042, 10.8282442093, 14.8519802094, 19.1216411591, 11.8306779861, 20.8386192322, 14.7747240067, 11.4618721008, 14.5944604874, 9.67253303528, 8.6616563797, 5.69324398041, 4.32806491852, 3.07056832314, 3.08547735214, 3.45113801956, 3.56558895111, 2.54936528206, 1.80094575882, 2.00705289841, 2.60054135323, 2.75700092316, 1.83246147633, 1.51697361469, 1.60657703876, 1.34686899185, 1.09517049789, 0.62789529562, 0.252407133579, 0.0790191143751, 0.0138066839427, 0.00185110454913, 7.51603583922e-05], "dvar": [0.000764920434449, 0.0054629156366, 0.268301039934, 5.49001026154, 53.0593948364, 173.430938721, 334.12789917, 290.999420166, 762.054931641, 1513.44421387, 3055.64038086, 1223.58850098, 3817.97387695, 2375.86450195, 1318.39477539, 4234.86425781, 926.85168457, 334.476623535, 168.557647705, 192.239578247, 163.433334351, 106.477836609, 86.3471908569, 183.510101318, 136.993209839, 53.1138648987, 92.3904342651, 173.96887207, 215.078643799, 80.2558288574, 65.0506286621, 66.2131500244, 65.9564971924, 40.1280899048, 13.0076808929, 1.38386440277, 0.140122920275, 0.00446510268375, 0.00011228259973, 2.41295680325e-07], "dvar2": [0.00215789815411, 0.0161364059895, 0.768193185329, 9.80824756622, 96.3543395996, 340.512878418, 676.431213379, 621.129455566, 1657.69897461, 2828.23168945, 6397.9609375, 2281.00830078, 5298.21923828, 3155.97924805, 2069.45947266, 6750.50878906, 1636.63598633, 664.972961426, 324.620117188, 411.473266602, 361.872467041, 221.126220703, 179.748672485, 391.989776611, 306.139221191, 126.099472046, 208.539459229, 369.994750977, 485.215209961, 167.804046631, 131.641342163, 130.975906372, 138.683746338, 81.5424575806, 26.773809433, 2.7021381855, 0.28412887454, 0.00866334792227, 0.000223861949053, 5.50261631815e-07], "max": [2.07158017159, 1.66898274422, 11.3399906158, 62.0807876587, 175.898376465, 270.649719238, 514.33392334, 591.428466797, 657.17578125, 1439.69506836, 1792.25146484, 1309.48400879, 2190.86279297, 2064.97143555, 1880.20471191, 3248.29614258, 1417.30639648, 479.578979492, 497.905059814, 570.655029297, 658.207702637, 440.109436035, 322.870574951, 685.821716309, 626.501708984, 223.873886108, 393.557067871, 585.789855957, 769.774108887, 355.330078125, 317.17880249, 268.787200928, 371.986358643, 273.037139893, 175.451782227, 47.108707428, 12.2985057831, 2.02624583244, 0.435661643744, 0.0216164216399], "mean": [0.00383223267272, 0.0858742445707, 0.660318374634, 2.82453131676, 10.270149231, 16.9870967865, 16.877954483, 15.0288524628, 17.4613399506, 31.6062602997, 38.8040847778, 23.7140483856, 52.3432197571, 35.1523361206, 24.4810447693, 39.9788703918, 19.5040588379, 12.6738920212, 8.23380088806, 5.6411986351, 4.83912134171, 5.27261590958, 5.52558422089, 6.31851482391, 3.02141284943, 1.77161312103, 1.75472795963, 2.39607739449, 2.69235873222, 1.70668923855, 1.44244098663, 1.57523059845, 1.20937407017, 0.986037135124, 0.568878829479, 0.247550547123, 0.0770667493343, 0.0137587720528, 0.0016481197672, 7.58696260164e-05], "median": [0.00140508706681, 0.0386594049633, 0.21458736062, 0.29646641016, 0.819654464722, 4.06742334366, 4.28857135773, 6.2800860405, 5.67708969116, 4.31691884995, 2.26405787468, 2.35818815231, 3.16242909431, 3.72810602188, 4.35874080658, 2.73841381073, 2.56299424171, 2.47908258438, 1.9880617857, 1.13642048836, 0.731468260288, 0.465644150972, 0.500979363918, 0.354232996702, 0.265463024378, 0.132934629917, 0.0818766653538, 0.0601330325007, 0.0444644391537, 0.0414732508361, 0.0247888546437, 0.0171022713184, 0.0104743978009, 0.00744150858372, 0.0058259582147, 0.00425802310929, 0.00167073693592, 0.000219354886212, 1.52029479068e-05, 1.27013599922e-05], "min": [7.59975317983e-22, 2.52375450414e-21, 1.29526111856e-20, 5.27514660869e-20, 6.90090677165e-20, 2.761073567e-19, 6.04252852531e-19, 2.61614480284e-19, 1.20395838304e-18, 1.21157413154e-18, 5.50860515339e-19, 1.26795145337e-18, 2.01134859604e-18, 1.98606478664e-18, 2.41669480674e-18, 4.94838674378e-18, 9.7337122006e-18, 9.15116363676e-18, 4.6296856343e-18, 4.09197150043e-18, 4.62331717076e-18, 9.42043905029e-18, 1.48349664711e-17, 1.61605449094e-17, 1.86461845998e-17, 1.9012734799e-17, 1.38688253059e-17, 1.43615858958e-17, 1.93876626834e-17, 2.20629583447e-17, 1.32702823777e-17, 1.79350077964e-17, 1.58942969769e-17, 1.26197056531e-17, 9.72646940715e-18, 6.78674478358e-18, 2.61523841968e-18, 1.20491884313e-18, 2.88246490683e-19, 4.00233148841e-20], "var": [0.000529528013431, 0.0184942372143, 1.37041032314, 38.6297187805, 435.220611572, 1072.31591797, 1530.36645508, 808.64666748, 1774.15026855, 6430.16455078, 11040.8798828, 5285.14306641, 31566.3789062, 16806.6816406, 8258.33300781, 57252.8125, 5678.36865234, 1040.36352539, 471.496643066, 425.788482666, 619.870300293, 751.693908691, 369.902832031, 653.622802734, 189.069763184, 67.4708557129, 118.254051208, 261.637176514, 281.945770264, 119.957740784, 95.0268478394, 131.95425415, 138.603088379, 82.612197876, 23.6873817444, 2.8133161068, 0.275978028774, 0.00980109442025, 0.000229372089962, 3.59003593076e-07]}, "gfcc": {"mean": [-125.32849884, 137.346954346, -111.278144836, -9.91963577271, -52.2293243408, -4.04440689087, -42.600479126, -3.87214827538, -30.3263397217, -1.47428286076, -13.7414112091, 1.99707388878, -11.8780107498], "cov": [[19868.9980469, -2675.55541992, -25.7575683594, 295.353973389, -1965.92858887, -14.1678514481, -292.058502197, 69.3747558594, -600.317626953, -19.5032615662, -1050.98547363, 22.733297348, -918.284790039], [-2675.55541992, 3283.2578125, -703.908996582, -690.142211914, 948.413696289, -413.463165283, 145.469818115, -161.067184448, 109.296028137, -121.317420959, 436.662384033, -83.1718597412, 249.730239868], [-25.7575683594, -703.908996582, 906.213317871, 280.65057373, -103.098976135, 265.453979492, -81.347618103, 47.0014381409, -87.1762542725, 18.7794742584, -201.387023926, -16.4271221161, -93.751991272], [295.353973389, -690.142211914, 280.65057373, 694.287719727, -75.0638809204, 65.864730835, 0.857579171658, 30.513168335, 31.6019668579, -5.00318908691, -45.0517196655, -6.66472864151, 2.72460007668], [-1965.92858887, 948.413696289, -103.098976135, -75.0638809204, 585.059082031, -75.3895492554, 22.5413208008, -13.0181837082, 81.8370742798, -3.38731312752, 174.624679565, -17.8739147186, 156.110061646], [-14.1678514481, -413.463165283, 265.453979492, 65.864730835, -75.3895492554, 308.908111572, 59.5972290039, 71.7113265991, -24.6155948639, 24.5793704987, -66.6053619385, 0.628056526184, -70.2518234253], [-292.058502197, 145.469818115, -81.347618103, 0.857579171658, 22.5413208008, 59.5972290039, 234.324295044, 24.9952259064, 6.45094776154, 9.25155639648, 64.4363555908, -6.52611780167, -8.58635997772], [69.3747558594, -161.067184448, 47.0014381409, 30.513168335, -13.0181837082, 71.7113265991, 24.9952259064, 136.007720947, 20.2676811218, 7.81889677048, -4.41344833374, 16.1800403595, -18.3861465454], [-600.317626953, 109.296028137, -87.1762542725, 31.6019668579, 81.8370742798, -24.6155948639, 6.45094776154, 20.2676811218, 135.329269409, 2.52398061752, 52.8241081238, 14.2659330368, 52.434627533], [-19.5032615662, -121.317420959, 18.7794742584, -5.00318908691, -3.38731312752, 24.5793704987, 9.25155639648, 7.81889677048, 2.52398061752, 109.05519104, -2.11498045921, 4.35845041275, 0.873844623566], [-1050.98547363, 436.662384033, -201.387023926, -45.0517196655, 174.624679565, -66.6053619385, 64.4363555908, -4.41344833374, 52.8241081238, -2.11498045921, 241.764099121, 34.7904129028, 93.1179885864], [22.733297348, -83.1718597412, -16.4271221161, -6.66472864151, -17.8739147186, 0.628056526184, -6.52611780167, 16.1800403595, 14.2659330368, 4.35845041275, 34.7904129028, 101.423461914, 14.7143688202], [-918.284790039, 249.730239868, -93.751991272, 2.72460007668, 156.110061646, -70.2518234253, -8.58635997772, -18.3861465454, 52.434627533, 0.873844623566, 93.1179885864, 14.7143688202, 157.145980835]], "icov": [[0.000120727512694, -9.94532019831e-05, 0.000183744719834, -0.000183616706636, 0.000302689848468, 4.45968689746e-05, 0.000149584448081, -0.000182422503713, 0.000359463796485, -0.000123744539451, 0.000391310808482, -0.000229780795053, 0.000352784263669], [-9.94532019831e-05, 0.00142357614823, -0.00016003807832, 0.0011536506936, -0.00195808312856, 0.000946056621615, -0.000920265680179, 0.00086925731739, -0.000465311808512, 0.00133475055918, -0.00108143012039, 0.00104787666351, 0.000151130749146], [0.000183744719834, -0.00016003807832, 0.00250342604704, -0.00106251542456, -1.12176885523e-05, -0.00161509949248, 0.00115226954222, -0.000283454544842, 0.00165858410764, -0.000325409171637, 0.00169350905344, -0.000605426263064, 0.000660478428472], [-0.000183616706636, 0.0011536506936, -0.00106251542456, 0.00285457004793, -0.00128397834487, 0.000919349549804, -0.00115047988947, 0.000652344257105, -0.00157308438793, 0.0013334202813, -0.00128598243464, 0.00130395288579, -0.00073231686838], [0.000302689848468, -0.00195808312856, -1.12176885523e-05, -0.00128397834487, 0.00580819649622, -0.000956370146014, 0.00132771651261, -0.00148535880726, 0.000251895311521, -0.00176628271583, 0.000375462579541, -0.000253076053923, -0.00167565734591], [4.45968689746e-05, 0.000946056621615, -0.00161509949248, 0.000919349549804, -0.000956370146014, 0.00654114503413, -0.00241100182757, -0.00145251757931, -0.000281579938019, 0.000165549077792, -0.000135552181746, 0.000294110999675, 0.00149608042557], [0.000149584448081, -0.000920265680179, 0.00115226954222, -0.00115047988947, 0.00132771651261, -0.00241100182757, 0.00635933782905, -0.00106525432784, 0.000980028533377, -0.00118612207007, -0.000960387464147, 0.000234335384448, 0.0010967013659], [-0.000182422503713, 0.00086925731739, -0.000283454544842, 0.000652344257105, -0.00148535880726, -0.00145251757931, -0.00106525432784, 0.00970588997006, -0.00246491306461, 0.000743202283047, -0.00100253603887, -0.000567912647966, 0.00074138212949], [0.000359463796485, -0.000465311808512, 0.00165858410764, -0.00157308438793, 0.000251895311521, -0.000281579938019, 0.000980028533377, -0.00246491306461, 0.0110277291387, -0.000810931203887, 0.00109059130773, -0.00154985627159, -0.000930414360482], [-0.000123744539451, 0.00133475055918, -0.000325409171637, 0.0013334202813, -0.00176628271583, 0.000165549077792, -0.00118612207007, 0.000743202283047, -0.000810931203887, 0.0106806438416, -0.000959860044532, 0.000706452701706, -0.000496884633321], [0.000391310808482, -0.00108143012039, 0.00169350905344, -0.00128598243464, 0.000375462579541, -0.000135552181746, -0.000960387464147, -0.00100253603887, 0.00109059130773, -0.000959860044532, 0.00970704294741, -0.00387089699507, -0.00131361628883], [-0.000229780795053, 0.00104787666351, -0.000605426263064, 0.00130395288579, -0.000253076053923, 0.000294110999675, 0.000234335384448, -0.000567912647966, -0.00154985627159, 0.000706452701706, -0.00387089699507, 0.012540217489, -0.00142979074735], [0.000352784263669, 0.000151130749146, 0.000660478428472, -0.00073231686838, -0.00167565734591, 0.00149608042557, 0.0010967013659, 0.00074138212949, -0.000930414360482, -0.000496884633321, -0.00131361628883, -0.00142979074735, 0.0122971525416]]}, "melbands": {"dmean": [2.73434707196e-05, 8.29928467283e-05, 0.000191383791389, 0.000285292044282, 0.000225178242545, 0.000126785715111, 0.000109364540549, 0.000130796965095, 0.000109776126919, 5.3411906265e-05, 8.22978036013e-05, 5.09831043018e-05, 2.58119398495e-05, 3.3667722164e-05, 2.13560360862e-05, 1.33258854476e-05, 1.24215530377e-05, 6.32536648482e-06, 5.5411228459e-06, 4.05634500567e-06, 2.5347992505e-06, 2.20262472794e-06, 2.93037192023e-06, 2.13481439459e-06, 2.26222050514e-06, 1.48157084823e-06, 1.05584661014e-06, 7.39482402423e-07, 8.11813947621e-07, 8.99870542526e-07, 1.12049860945e-06, 1.11449674023e-06, 8.43923146476e-07, 6.33954016394e-07, 5.80934568006e-07, 6.37111384094e-07, 7.55902533456e-07, 7.34098421162e-07, 5.25133771134e-07, 6.84402323259e-07], "dmean2": [4.70418308396e-05, 0.000138161703944, 0.000268977571977, 0.000406662962632, 0.000331024086336, 0.000188033824088, 0.000162143318448, 0.000177991882083, 0.000149260828039, 7.42534175515e-05, 0.000106063052954, 6.4042644226e-05, 3.44486143149e-05, 4.39614377683e-05, 2.78766383417e-05, 1.90227965504e-05, 1.80633323907e-05, 9.35707976168e-06, 8.06735806691e-06, 5.98429642196e-06, 3.78400272893e-06, 3.21540824189e-06, 4.34878347733e-06, 3.05299613501e-06, 3.25262362821e-06, 2.27814075515e-06, 1.65370784089e-06, 1.15125408229e-06, 1.26192560401e-06, 1.36217761337e-06, 1.70773842001e-06, 1.70928751686e-06, 1.32582988499e-06, 9.65354388427e-07, 8.87256078386e-07, 9.28034751269e-07, 1.09029929263e-06, 1.08979872948e-06, 7.96491235633e-07, 9.97797997115e-07], "dvar": [5.04484916064e-08, 4.07822504656e-08, 2.34799443888e-07, 4.27414335036e-07, 3.86824098086e-07, 1.44925422774e-07, 1.65712407352e-07, 1.9694893183e-07, 1.88354931652e-07, 4.61029863175e-08, 9.68165920767e-08, 4.45336958421e-08, 9.90057902328e-09, 3.05996401551e-08, 1.06867563687e-08, 3.80644049613e-09, 1.50168300017e-09, 4.62769877974e-10, 6.19302498173e-10, 5.43443234857e-10, 3.01964148131e-10, 1.1952799861e-10, 2.12141457179e-10, 7.44036152134e-11, 1.59086771534e-10, 1.55846946459e-10, 4.27794848157e-11, 2.29068916613e-11, 3.77816458674e-11, 4.69875839626e-11, 8.9154010563e-11, 8.36631389167e-11, 4.0650236649e-11, 2.43943198974e-11, 2.37040508749e-11, 2.2026075408e-11, 3.29765971474e-11, 4.58702208161e-11, 2.05096755551e-11, 3.45327863527e-11], "dvar2": [1.38129081506e-07, 1.15464331429e-07, 4.11322503169e-07, 7.87692727044e-07, 7.82143445122e-07, 3.04651422312e-07, 3.46859934552e-07, 3.41925101566e-07, 3.93708148749e-07, 8.74282193308e-08, 1.35543203328e-07, 5.97350435783e-08, 1.54587436185e-08, 4.79558543987e-08, 1.81403567723e-08, 7.5435098168e-09, 2.99266544879e-09, 9.52787182484e-10, 1.18091603163e-09, 1.12689935161e-09, 6.88097079315e-10, 2.50422932391e-10, 4.53537846168e-10, 1.41538197829e-10, 3.39199945909e-10, 3.64928615104e-10, 1.0222022534e-10, 5.46760345332e-11, 9.05183358824e-11, 9.81664957656e-11, 2.02909314351e-10, 1.89367771464e-10, 9.51333734012e-11, 5.14118261852e-11, 5.10602497783e-11, 4.30580258948e-11, 6.72980074445e-11, 9.98051363776e-11, 4.22318950644e-11, 7.22630913441e-11], "max": [0.0172315165401, 0.00432629184797, 0.0115783195943, 0.0156210670248, 0.0139809204265, 0.0118814362213, 0.0108794271946, 0.0131202507764, 0.014534666203, 0.00846464838833, 0.010884417221, 0.00871539767832, 0.00602281745523, 0.008409650065, 0.00470067700371, 0.00246495730244, 0.000882707245182, 0.000735926325433, 0.00112857972272, 0.00102958397474, 0.00103227212094, 0.000563620473258, 0.000536493083928, 0.000498066598084, 0.000613380165305, 0.00079443026334, 0.000184580829227, 0.00018254716997, 0.000180120172445, 0.000385117571568, 0.000467208126793, 0.000479858368635, 0.000266201095656, 0.000220761401579, 0.000172880958416, 0.000186557532288, 0.000214477637201, 0.000327989342622, 0.000180538627319, 0.000262253946858], "mean": [5.83392757108e-05, 0.000263859808911, 0.000710704538506, 0.00100617599674, 0.000664376828354, 0.000341841921909, 0.000256769388216, 0.000388744636439, 0.00028609239962, 0.000137379509397, 0.000259572378127, 0.000143716708408, 6.54938121443e-05, 0.000103583748569, 6.77605494275e-05, 2.96395501209e-05, 2.39969249378e-05, 1.23312156575e-05, 9.69644315774e-06, 7.62957097322e-06, 5.46812543689e-06, 5.22692016602e-06, 5.95890605837e-06, 4.89249578095e-06, 5.33064849151e-06, 2.52592190009e-06, 1.5876615862e-06, 1.04822481717e-06, 1.0366479728e-06, 1.16538330985e-06, 1.47469313561e-06, 1.62030346473e-06, 1.19738649573e-06, 8.41993823997e-07, 7.75812395659e-07, 9.12375412554e-07, 1.0023975392e-06, 9.26567111037e-07, 6.80079779158e-07, 8.87744079137e-07], "median": [2.42487476498e-05, 8.82032763911e-05, 5.82482934988e-05, 0.000171717518242, 0.000168626094819, 0.000139041614602, 7.52967316657e-05, 4.2919164116e-05, 1.56412006618e-05, 1.35041418616e-05, 1.49793113451e-05, 1.35201507874e-05, 1.48258159243e-05, 8.39623135107e-06, 5.41981171409e-06, 4.905962669e-06, 4.17017281507e-06, 2.89058311864e-06, 2.23368783736e-06, 1.05978756437e-06, 7.17245256965e-07, 4.43182472054e-07, 4.77337096072e-07, 3.53720082558e-07, 2.39172834426e-07, 1.89756448776e-07, 1.26805929312e-07, 6.24252791681e-08, 4.20805115198e-08, 4.01527344707e-08, 2.62413681895e-08, 2.09596926481e-08, 2.36299957379e-08, 2.09114823235e-08, 1.32035111733e-08, 1.04377821941e-08, 8.41228953163e-09, 6.25132567933e-09, 4.57982407553e-09, 5.24489918163e-09], "min": [5.78548024091e-24, 5.49456608844e-24, 8.93437986616e-24, 1.14034711121e-23, 2.03157037084e-23, 6.11860555156e-24, 1.76072491868e-23, 1.2412270382e-23, 5.14971238828e-24, 7.47461169371e-24, 1.00434701784e-23, 8.32228217941e-24, 6.22044000025e-24, 1.40520692348e-23, 1.29459410953e-23, 2.40736556229e-23, 1.61225766756e-23, 5.94774853468e-24, 8.52187897679e-24, 3.21357221719e-24, 6.00511528857e-24, 1.07426999187e-23, 9.07561910035e-24, 1.68725151837e-23, 1.23613896425e-23, 1.10455917407e-23, 1.65008591454e-23, 1.11875456829e-23, 8.10488631343e-24, 8.23183454346e-24, 8.54525529199e-24, 9.72738781316e-24, 1.36399998524e-23, 1.132137278e-23, 7.04719660007e-24, 8.27253582187e-24, 1.24133913534e-23, 1.28138218821e-23, 7.99421386159e-24, 1.17262035748e-23], "var": [4.31916760135e-08, 1.96364126737e-07, 2.12462009586e-06, 3.38696645485e-06, 1.91362823898e-06, 4.18424889403e-07, 4.1173851173e-07, 9.57302631832e-07, 6.38386779883e-07, 1.90475390127e-07, 7.86684609011e-07, 3.26270168216e-07, 6.17258493207e-08, 3.11453334234e-07, 9.4020947472e-08, 1.23347128067e-08, 4.28717994438e-09, 1.08161180012e-09, 1.31628374866e-09, 1.48564771596e-09, 1.0914154025e-09, 8.35328251014e-10, 8.580001154e-10, 4.27728963359e-10, 5.43438016809e-10, 1.99248617605e-10, 5.07632130775e-11, 2.90393698671e-11, 4.20970515391e-11, 6.88970963614e-11, 1.14681472652e-10, 1.06234236685e-10, 5.39206804206e-11, 3.45326961471e-11, 3.03727806794e-11, 3.74699195282e-11, 6.33564381514e-11, 8.88846496405e-11, 4.22884297024e-11, 6.75270186989e-11]}, "mfcc": {"mean": [-766.110046387, 174.183807373, -1.02816808224, 0.265932530165, 0.326398521662, -2.62275838852, -7.39935779572, -4.41293764114, -13.1394338608, -7.36245107651, -4.31794452667, -7.49169063568, -4.77370452881], "cov": [[11926.0722656, -1041.52404785, 36.2383232117, 438.568969727, -1169.30700684, -66.9043884277, -344.645294189, 214.005981445, -178.09916687, 111.451057434, 117.663444519, -281.171905518, -389.615325928], [-1041.52404785, 2669.23974609, -517.844848633, -291.907714844, 276.619384766, -116.746536255, 85.9510650635, -48.2285766602, -132.234375, -56.3789253235, -0.984389543533, 16.1563796997, 76.2492599487], [36.2383232117, -517.844848633, 631.547424316, 116.030891418, 12.0432348251, 143.610900879, 38.2304992676, 16.6579475403, 76.7447128296, -5.57288455963, -19.5859851837, -9.98426628113, -47.9336585999], [438.568969727, -291.907714844, 116.030891418, 462.691314697, 75.6212768555, 19.3097133636, 14.8413057327, -3.87955546379, 35.5337791443, -1.58891153336, -52.1090354919, 28.0221042633, 41.0019187927], [-1169.30700684, 276.619384766, 12.0432348251, 75.6212768555, 446.46987915, 5.66623067856, 23.9487876892, -38.0938720703, 57.7698135376, -18.2850608826, -60.3817710876, 44.9022712708, 73.1841583252], [-66.9043884277, -116.746536255, 143.610900879, 19.3097133636, 5.66623067856, 178.357254028, 65.9523544312, 16.9248485565, 49.8207321167, 11.6496839523, 34.8443374634, -0.275191396475, -30.6876277924], [-344.645294189, 85.9510650635, 38.2304992676, 14.8413057327, 23.9487876892, 65.9523544312, 217.38168335, 33.063457489, 5.13271570206, 26.682849884, 41.260597229, 1.52717244625, 26.9357738495], [214.005981445, -48.2285766602, 16.6579475403, -3.87955546379, -38.0938720703, 16.9248485565, 33.063457489, 169.528152466, 2.00620222092, 15.2619180679, 54.3359603882, 5.54781150818, -10.2510309219], [-178.09916687, -132.234375, 76.7447128296, 35.5337791443, 57.7698135376, 49.8207321167, 5.13271570206, 2.00620222092, 139.417404175, 22.6095561981, -9.4739818573, 3.33063077927, -8.9896812439], [111.451057434, -56.3789253235, -5.57288455963, -1.58891153336, -18.2850608826, 11.6496839523, 26.682849884, 15.2619180679, 22.6095561981, 116.575202942, 29.2040138245, -22.1368789673, -18.0721035004], [117.663444519, -0.984389543533, -19.5859851837, -52.1090354919, -60.3817710876, 34.8443374634, 41.260597229, 54.3359603882, -9.4739818573, 29.2040138245, 126.922554016, -3.38542842865, -18.2047843933], [-281.171905518, 16.1563796997, -9.98426628113, 28.0221042633, 44.9022712708, -0.275191396475, 1.52717244625, 5.54781150818, 3.33063077927, -22.1368789673, -3.38542842865, 109.163978577, 45.5343971252], [-389.615325928, 76.2492599487, -47.9336585999, 41.0019187927, 73.1841583252, -30.6876277924, 26.9357738495, -10.2510309219, -8.9896812439, -18.0721035004, -18.2047843933, 45.5343971252, 135.065246582]], "icov": [[0.0001493938762, -1.74436136149e-05, 1.41971240737e-05, -0.000263831811026, 0.000346365675796, -3.41370832757e-06, 0.000230827732594, -0.000147110054968, 0.000102433172287, -7.2871305747e-05, -3.22090927511e-05, 0.000215724881855, 0.000200274967938], [-1.74436136149e-05, 0.000567163107917, 0.000387402571505, 0.000336177559802, -0.000487092765979, 4.12570443586e-05, -0.000369704794139, 7.30741667212e-05, 0.000384902377846, 0.000238514490775, 4.91195060022e-05, 3.05678950099e-05, 7.13542904123e-05], [1.41971240737e-05, 0.000387402571505, 0.00243134400807, -0.000239777538809, -0.000181871422683, -0.0015382329002, -0.000299591862131, -0.000237327054492, -0.000247702177148, 0.000508387689479, 0.000761882809456, 0.000222739006858, 0.000627826782875], [-0.000263831811026, 0.000336177559802, -0.000239777538809, 0.00313491234556, -0.000982511555776, -7.56009540055e-05, -0.000669137225486, 6.76760246279e-05, -0.000186160104931, -7.85356023698e-05, 0.00108528800774, -0.000718862109352, -0.00096810789546], [0.000346365675796, -0.000487092765979, -0.000181871422683, -0.000982511555776, 0.00400355923921, -0.000161734846188, 0.000423060468165, -5.14053863299e-05, -0.00124181609135, -0.000157007249072, 0.000913041236345, -0.000112142988655, -0.000729267892893], [-3.41370832757e-06, 4.12570443586e-05, -0.0015382329002, -7.56009540055e-05, -0.000161734846188, 0.00913791265339, -0.00240768422373, 0.000557130959351, -0.00234759133309, 0.000709702086169, -0.00237822998315, -0.000731603649911, 0.00199497491121], [0.000230827732594, -0.000369704794139, -0.000299591862131, -0.000669137225486, 0.000423060468165, -0.00240768422373, 0.00666694063693, -0.000958888034802, 0.00073516566772, -0.00143654434942, -0.00128702016082, 0.000990290776826, -0.00185785628855], [-0.000147110054968, 7.30741667212e-05, -0.000237327054492, 6.76760246279e-05, -5.14053863299e-05, 0.000557130959351, -0.000958888034802, 0.00721087818965, -0.000414209353039, 3.26452245645e-05, -0.00285526434891, -0.000922687817365, 0.00022558242199], [0.000102433172287, 0.000384902377846, -0.000247702177148, -0.000186160104931, -0.00124181609135, -0.00234759133309, 0.00073516566772, -0.000414209353039, 0.00963512528688, -0.00207900023088, 0.0010605212301, -0.000174022105057, 0.000572959659621], [-7.2871305747e-05, 0.000238514490775, 0.000508387689479, -7.85356023698e-05, -0.000157007249072, 0.000709702086169, -0.00143654434942, 3.26452245645e-05, -0.00207900023088, 0.0103876367211, -0.00208738143556, 0.00170393195003, 0.000790420279372], [-3.22090927511e-05, 4.91195060022e-05, 0.000761882809456, 0.00108528800774, 0.000913041236345, -0.00237822998315, -0.00128702016082, -0.00285526434891, 0.0010605212301, -0.00208738143556, 0.0118069825694, -0.000807296310086, 0.000480029120808], [0.000215724881855, 3.05678950099e-05, 0.000222739006858, -0.000718862109352, -0.000112142988655, -0.000731603649911, 0.000990290776826, -0.000922687817365, -0.000174022105057, 0.00170393195003, -0.000807296310086, 0.0116991754621, -0.00330720748752], [0.000200274967938, 7.13542904123e-05, 0.000627826782875, -0.00096810789546, -0.000729267892893, 0.00199497491121, -0.00185785628855, 0.00022558242199, 0.000572959659621, 0.000790420279372, 0.000480029120808, -0.00330720748752, 0.0110175693408]]}, "spectral_contrast_coeffs": {"dmean": [0.0390519835055, 0.0367914587259, 0.0312848947942, 0.0265527069569, 0.0212869886309, 0.0196249596775], "dmean2": [0.0639261454344, 0.059302277863, 0.0487685799599, 0.0420607589185, 0.0336014442146, 0.0303209330887], "dvar": [0.00130914780311, 0.00122670747805, 0.000916734628845, 0.000593390024733, 0.000387739710277, 0.000381339719752], "dvar2": [0.00317014288157, 0.00290285632946, 0.00197249674238, 0.0013149009319, 0.000882192398421, 0.000809241144452], "max": [-0.26233291626, -0.365682959557, -0.393141150475, -0.540756702423, -0.559684097767, -0.530066251755], "mean": [-0.562291324139, -0.658739984035, -0.725117325783, -0.750907480717, -0.766915559769, -0.789630651474], "median": [-0.561362028122, -0.659591495991, -0.738054573536, -0.75280636549, -0.768208146095, -0.798217058182], "min": [-0.964356899261, -0.959905862808, -0.968841731548, -0.984031200409, -0.970025658607, -0.95909756422], "var": [0.0141704501584, 0.00814567133784, 0.00758826872334, 0.00386203359812, 0.00313860736787, 0.00353556126356]}, "spectral_contrast_valleys": {"dmean": [0.368096441031, 0.31021374464, 0.287112206221, 0.279374241829, 0.281538248062, 0.309468984604], "dmean2": [0.618452131748, 0.504467844963, 0.455947965384, 0.43540379405, 0.413572341204, 0.425919443369], "dvar": [0.12063665688, 0.100968293846, 0.0920526385307, 0.0962151288986, 0.126350671053, 0.156542733312], "dvar2": [0.293012797832, 0.208468854427, 0.187074959278, 0.1873818