{"lowlevel": {"average_loudness": 0.959466040134, "barkbands_crest": {"dmean": 1.67767858505, "dmean2": 2.55945825577, "dvar": 5.80407810211, "dvar2": 13.4589700699, "max": 26.9230861664, "mean": 10.8646726608, "median": 9.24451828003, "min": 3.312312603, "var": 24.1125869751}, "barkbands_flatness_db": {"dmean": 0.0232549738139, "dmean2": 0.0333614908159, "dvar": 0.00121919636149, "dvar2": 0.00242222682573, "max": 0.864265143871, "mean": 0.234549790621, "median": 0.223088994622, "min": 0.0354851596057, "var": 0.00765014719218}, "barkbands_kurtosis": {"dmean": 75.2132110596, "dmean2": 115.905525208, "dvar": 1330076.125, "dvar2": 2442756, "max": 38693.828125, "mean": 357.126922607, "median": 4.65565252304, "min": -1.31569230556, "var": 10299968}, "barkbands_skewness": {"dmean": 0.643232345581, "dmean2": 0.941439330578, "dvar": 18.8548221588, "dvar2": 35.0539932251, "max": 153.75038147, "mean": 3.55111837387, "median": 1.61255943775, "min": -1.89945876598, "var": 206.558135986}, "barkbands_spread": {"dmean": 3.21516060829, "dmean2": 5.08823108673, "dvar": 39.9084434509, "dvar2": 97.5358123779, "max": 89.7432937622, "mean": 10.8260040283, "median": 8.81226921082, "min": 0.00409177923575, "var": 71.4911422729}, "dissonance": {"dmean": 0.0181361250579, "dmean2": 0.0295559894294, "dvar": 0.000335188378813, "dvar2": 0.000810457626358, "max": 0.500000059605, "mean": 0.443572551012, "median": 0.45085132122, "min": 0.169339165092, "var": 0.00147478363942}, "dynamic_complexity": 4.53255844116, "erbbands_crest": {"dmean": 1.41102075577, "dmean2": 2.23644733429, "dvar": 3.20538377762, "dvar2": 8.27967262268, "max": 34.3522071838, "mean": 8.28355503082, "median": 7.53933763504, "min": 2.17360448837, "var": 12.9734535217}, "erbbands_flatness_db": {"dmean": 0.0155808087438, "dmean2": 0.0203553587198, "dvar": 0.000326683308231, "dvar2": 0.000654438568745, "max": 0.485372841358, "mean": 0.241112396121, "median": 0.249429151416, "min": 0.0548307448626, "var": 0.00315212202258}, "erbbands_kurtosis": {"dmean": 0.730731010437, "dmean2": 1.12312507629, "dvar": 0.947390198708, "dvar2": 2.02766084671, "max": 25.457988739, "mean": 0.65837264061, "median": 0.325516462326, "min": -1.73302841187, "var": 2.98724198341}, "erbbands_skewness": {"dmean": 0.255599111319, "dmean2": 0.396697849035, "dvar": 0.0808633118868, "dvar2": 0.197452694178, "max": 5.04942893982, "mean": 1.0103482008, "median": 1.02000641823, "min": -2.03386425972, "var": 0.27529245615}, "erbbands_spread": {"dmean": 5.35527610779, "dmean2": 7.57905960083, "dvar": 70.9900360107, "dvar2": 142.013000488, "max": 165.028015137, "mean": 30.5861148834, "median": 25.499464035, "min": 5.2613825798, "var": 368.22555542}, "hfc": {"dmean": 4.15568161011, "dmean2": 5.52618169785, "dvar": 47.0260162354, "dvar2": 95.925819397, "max": 81.5745239258, "mean": 13.0684165955, "median": 10.0507087708, "min": 1.24488326379e-16, "var": 131.846954346}, "melbands_crest": {"dmean": 2.03517055511, "dmean2": 3.17456889153, "dvar": 8.74424362183, "dvar2": 20.9804954529, "max": 39.9997367859, "mean": 12.7429885864, "median": 10.8031158447, "min": 2.95079112053, "var": 37.9797477722}, "melbands_flatness_db": {"dmean": 0.0260645374656, "dmean2": 0.0364975854754, "dvar": 0.00140663504135, "dvar2": 0.00294213742018, "max": 0.855319738388, "mean": 0.269172072411, "median": 0.263086825609, "min": 0.00493198772892, "var": 0.00775874545798}, "melbands_kurtosis": {"dmean": 481.840484619, "dmean2": 765.881835938, "dvar": 115935488, "dvar2": 205769296, "max": 439714.25, "mean": 1262.2878418, "median": 10.9637241364, "min": -1.20620203018, "var": 323095296}, "melbands_skewness": {"dmean": 1.18473780155, "dmean2": 1.6593105793, "dvar": 244.210327148, "dvar2": 403.930908203, "max": 624.810424805, "mean": 5.89414596558, "median": 2.61201882362, "min": -0.725579321384, "var": 1077.66113281}, "melbands_spread": {"dmean": 3.11331534386, "dmean2": 5.04382753372, "dvar": 43.8338890076, "dvar2": 99.3504943848, "max": 147.266540527, "mean": 10.9594373703, "median": 8.85831451416, "min": 0.00165031524375, "var": 105.450393677}, "pitch_salience": {"dmean": 0.0442561283708, "dmean2": 0.0648086071014, "dvar": 0.00476705608889, "dvar2": 0.00923830643296, "max": 0.818332433701, "mean": 0.591865539551, "median": 0.630169570446, "min": 0.000262956542429, "var": 0.0251497142017}, "silence_rate_20dB": {"dmean": 0, "dmean2": 0, "dvar": 0, "dvar2": 0, "max": 1, "mean": 1, "median": 1, "min": 1, "var": 0}, "silence_rate_30dB": {"dmean": 0.0015710919397, "dmean2": 0.00314341858029, "dvar": 0.00156862358563, "dvar2": 0.00391924055293, "max": 1, "mean": 0.998822152615, "median": 1, "min": 0, "var": 0.00117650604807}, "silence_rate_60dB": {"dmean": 0.0282796546817, "dmean2": 0.05658153072, "dvar": 0.0274805910885, "dvar2": 0.0533813610673, "max": 1, "mean": 0.130742043257, "median": 0, "min": 0, "var": 0.113647125661}, "spectral_centroid": {"dmean": 160.019515991, "dmean2": 242.896713257, "dvar": 131576.4375, "dvar2": 249428.015625, "max": 11176.3603516, "mean": 771.325500488, "median": 635.440856934, "min": 379.631469727, "var": 305711.03125}, "spectral_complexity": {"dmean": 2.83739209175, "dmean2": 4.00392913818, "dvar": 14.4953117371, "dvar2": 27.206243515, "max": 39, "mean": 14.9344329834, "median": 15, "min": 0, "var": 56.3173332214}, "spectral_decrease": {"dmean": 1.49879819666e-09, "dmean2": 1.97784744138e-09, "dvar": 5.23034490405e-18, "dvar2": 9.68519805767e-18, "max": 1.19688372878e-28, "mean": -6.09041128641e-09, "median": -5.25008081453e-09, "min": -3.07849248316e-08, "var": 2.00650276522e-17}, "spectral_energy": {"dmean": 0.00598871568218, "dmean2": 0.00789012666792, "dvar": 8.38846026454e-05, "dvar2": 0.000154783570906, "max": 0.123588442802, "mean": 0.0241719521582, "median": 0.0208151433617, "min": 1.08397204825e-20, "var": 0.000320075196214}, "spectral_energyband_high": {"dmean": 0.00017934164498, "dmean2": 0.00029772441485, "dvar": 2.21208779294e-07, "dvar2": 5.93349341216e-07, "max": 0.00338027207181, "mean": 0.000177661146154, "median": 3.8866794057e-05, "min": 8.09823067504e-21, "var": 1.65921946405e-07}, "spectral_energyband_low": {"dmean": 0.000220198358875, "dmean2": 0.000302736356389, "dvar": 2.75527071381e-07, "dvar2": 5.53954805582e-07, "max": 0.00924170110375, "mean": 0.000836975930724, "median": 0.000325720262481, "min": 5.1712839475e-23, "var": 1.08603251192e-06}, "spectral_energyband_middle_high": {"dmean": 0.00106023182161, "dmean2": 0.00139779574238, "dvar": 3.42922953678e-06, "dvar2": 6.50595757179e-06, "max": 0.0187846627086, "mean": 0.00291591091082, "median": 0.00194164959248, "min": 1.51542133744e-21, "var": 9.45331248658e-06}, "spectral_energyband_middle_low": {"dmean": 0.00508359447122, "dmean2": 0.00692244060338, "dvar": 5.81322856306e-05, "dvar2": 0.000112262183393, "max": 0.103295341134, "mean": 0.0198986381292, "median": 0.017303917557, "min": 3.19106050143e-22, "var": 0.000223081180593}, "spectral_entropy": {"dmean": 0.221575602889, "dmean2": 0.311967402697, "dvar": 0.0757817700505, "dvar2": 0.169584020972, "max": 9.79364299774, "mean": 6.81382751465, "median": 6.70785999298, "min": 4.09075069427, "var": 0.349873870611}, "spectral_flux": {"dmean": 0.0208977330476, "dmean2": 0.0324416086078, "dvar": 0.000894343887921, "dvar2": 0.00209312443621, "max": 0.247489780188, "mean": 0.0444090217352, "median": 0.0355476699769, "min": 2.61494392362e-06, "var": 0.00136441492941}, "spectral_kurtosis": {"dmean": 5.64303207397, "dmean2": 9.61274719238, "dvar": 38.9305725098, "dvar2": 111.245124817, "max": 71.7577896118, "mean": 10.5790424347, "median": 8.3332567215, "min": -1.18198561668, "var": 77.0104293823}, "spectral_rms": {"dmean": 0.000572131597437, "dmean2": 0.000738057715353, "dvar": 6.7364254619e-07, "dvar2": 1.19479477689e-06, "max": 0.0109806237742, "mean": 0.00446944171563, "median": 0.00450637983158, "min": 3.25197421075e-12, "var": 3.60645935871e-06}, "spectral_rolloff": {"dmean": 213.538024902, "dmean2": 388.478820801, "dvar": 462443.53125, "dvar2": 1107441.875, "max": 18927.6855469, "mean": 683.254638672, "median": 602.9296875, "min": 21.533203125, "var": 539346.375}, "spectral_skewness": {"dmean": 0.512576937675, "dmean2": 0.831202626228, "dvar": 0.244232773781, "dvar2": 0.660154819489, "max": 6.24952411652, "mean": 2.18678545952, "median": 2.19385433197, "min": -0.0104731759056, "var": 0.627900362015}, "spectral_spread": {"dmean": 468137.84375, "dmean2": 661029.4375, "dvar": 1223536934910.0, "dvar2": 1379676061700.0, "max": 51570756, "mean": 3321073.25, "median": 2541997, "min": 1215208.5, "var": 5099348819970.0}, "spectral_strongpeak": {"dmean": 0.300313830376, "dmean2": 0.499303787947, "dvar": 0.172873035073, "dvar2": 0.411618411541, "max": 4.09445476532, "mean": 0.775947391987, "median": 0.588745296001, "min": 0, "var": 0.495800375938}, "zerocrossingrate": {"dmean": 0.0063472725451, "dmean2": 0.0079602310434, "dvar": 0.000137916766107, "dvar2": 0.000229375247727, "max": 0.51123046875, "mean": 0.033937368542, "median": 0.03076171875, "min": 0, "var": 0.000468856829684}, "barkbands": {"dmean": [5.63445755688e-05, 1.49397310452e-05, 9.32844268391e-05, 0.000295874313451, 0.00158294884022, 0.00208048219793, 0.00145743682515, 0.000673116475809, 0.000407103972975, 0.000235943414737, 0.000238638996962, 0.00014855027257, 0.000221081121708, 0.000180545044714, 0.000163470191183, 8.67583075888e-05, 7.12184119038e-05, 5.310135748e-05, 9.62790727499e-05, 6.19851125521e-05, 4.63885626232e-05, 4.78417568957e-05, 2.33291484619e-05, 1.68010210473e-05, 9.42758742895e-06, 1.74884693394e-08, 1.01132047181e-09], "dmean2": [0.000102161800896, 2.32945276366e-05, 0.000134545320179, 0.00037987466203, 0.00240525440313, 0.00317019433714, 0.00193266803399, 0.000863638822921, 0.00049286725698, 0.000283595407382, 0.000317193072988, 0.000210094614886, 0.00031668014708, 0.000271413417067, 0.000257808336755, 0.000126083148643, 0.000103880629467, 7.6091986557e-05, 0.000151758489665, 9.9780409073e-05, 7.58417663747e-05, 8.58791827341e-05, 4.03072590416e-05, 2.46083727689e-05, 1.48034323502e-05, 2.7201249253e-08, 1.8597622331e-09], "dvar": [4.87737716881e-09, 1.42825395955e-09, 7.45752188891e-08, 3.17417459428e-07, 6.04419892625e-06, 1.19132928376e-05, 5.97760481469e-06, 2.46875583798e-06, 1.17288300316e-06, 2.04529825965e-07, 2.15630961975e-07, 1.13847853811e-07, 1.8057274076e-07, 1.21944637499e-07, 8.42852614369e-08, 1.70626144325e-08, 1.35780346966e-08, 8.67501182e-09, 5.12606774805e-08, 2.19198845741e-08, 1.30571136125e-08, 2.28306369365e-08, 4.23744328515e-09, 1.19213450223e-09, 4.71581496075e-10, 1.40830874184e-15, 5.40349448578e-18], "dvar2": [1.43681253562e-08, 3.23141691183e-09, 1.58846475529e-07, 6.2643266574e-07, 1.36079233926e-05, 3.03061369777e-05, 1.27338989842e-05, 4.05854780183e-06, 2.05498804462e-06, 3.71653470665e-07, 4.19300533849e-07, 2.2447696324e-07, 4.20280628077e-07, 3.08007315653e-07, 2.05007310683e-07, 3.65146597403e-08, 2.83898806686e-08, 1.8087185083e-08, 1.3267734289e-07, 5.75624490295e-08, 3.41497923273e-08, 6.38242951823e-08, 1.14063132273e-08, 2.60312704725e-09, 1.048537146e-09, 2.79828663191e-15, 1.5395770111e-17], "max": [0.00156111293472, 0.000653468829114, 0.00545600429177, 0.00793538149446, 0.0280218087137, 0.0367700867355, 0.032135296613, 0.0288660991937, 0.0251701343805, 0.00640277704224, 0.0056229904294, 0.00556825054809, 0.00540446443483, 0.00477929553017, 0.00365568720736, 0.00124243029859, 0.00122921087313, 0.00104305148125, 0.00177594018169, 0.00134229357354, 0.00108295818791, 0.00101569015533, 0.000395750073949, 0.000303654931486, 0.00014511574409, 3.0155905506e-07, 5.06878699014e-08], "mean": [0.00108579499647, 1.89228885574e-05, 0.0001905332756, 0.000974795257207, 0.00493530696258, 0.00570657849312, 0.00456307642162, 0.00209932797588, 0.0013706110185, 0.000642365135718, 0.000492361956276, 0.000323657150147, 0.000429703708505, 0.000317032739986, 0.000294906494673, 0.00016897675232, 0.000137107868795, 0.000101898127468, 0.000115620372526, 6.34469906799e-05, 4.46468984592e-05, 3.51687922375e-05, 2.18444984057e-05, 2.46711242653e-05, 1.35841710289e-05, 2.55674574845e-08, 8.82800832436e-10], "median": [0.00108450185508, 5.34399123353e-06, 1.11285726234e-05, 0.000221853566472, 0.00445909099653, 0.00475592911243, 0.00284704240039, 0.00111929955892, 0.000790618069004, 0.00028070496046, 0.000198728434043, 0.000123072575661, 0.000231181402341, 0.000169956314494, 0.000177399357199, 9.92404384306e-05, 7.42474221624e-05, 4.71853600175e-05, 4.16466209572e-05, 1.69014474523e-05, 1.0920502973e-05, 4.60558794657e-06, 2.10132498069e-06, 2.05878745874e-06, 1.39890141782e-06, 3.25779270227e-09, 3.50835610563e-10], "min": [5.83874057936e-24, 4.37884066714e-23, 2.53561213904e-24, 1.58790679359e-24, 1.23499771918e-22, 4.24112511684e-23, 3.66519954249e-23, 3.49464686815e-23, 7.38753533372e-23, 6.76675355059e-23, 6.69794405373e-23, 9.83268228466e-23, 5.72427007781e-23, 1.0929242488e-22, 1.66523223325e-22, 1.14488254077e-22, 2.23838234249e-22, 2.17487840853e-22, 2.407931144e-22, 3.09912576801e-22, 5.13416324564e-22, 4.96383189411e-22, 6.33474542477e-22, 6.59783015801e-22, 1.04810468102e-21, 1.71266816867e-21, 3.13194026121e-21], "var": [5.19412024502e-09, 1.8876367136e-09, 2.48251524226e-07, 1.68184021732e-06, 1.74835404323e-05, 2.57773026533e-05, 2.36483610934e-05, 1.14146014312e-05, 5.32801550435e-06, 7.11021186817e-07, 5.85709017287e-07, 2.99288927863e-07, 3.45322007433e-07, 1.91541786876e-07, 1.35959155045e-07, 3.73260924391e-08, 2.85602048677e-08, 1.91625861845e-08, 4.7559261418e-08, 1.82893185041e-08, 1.0540030182e-08, 1.42376039847e-08, 3.08199554766e-09, 2.33962071938e-09, 7.56806561863e-10, 2.77470269356e-15, 3.38481955105e-18]}, "erbbands": {"dmean": [0.00045976191177, 0.00465354416519, 0.0695523694158, 0.569375276566, 2.26291108131, 5.99383640289, 13.4145336151, 18.79545784, 20.9588832855, 19.2756214142, 12.1137657166, 10.3371868134, 6.73330354691, 7.44698476791, 9.26098918915, 6.86693906784, 10.5198602676, 10.0460357666, 8.28466033936, 5.92284202576, 4.48487234116, 3.25515198708, 3.28713154793, 3.7820546627, 4.35371446609, 2.81230211258, 2.84102606773, 1.65792143345, 1.9413548708, 0.666606009007, 0.620061099529, 0.39448055625, 0.26088476181, 0.150697305799, 0.0366651751101, 0.00138403603341, 5.19396526215e-05, 5.73252373215e-06, 3.69694816982e-06, 7.01973249306e-06], "dmean2": [0.000804509909358, 0.00684872595593, 0.0978102013469, 0.744059681892, 3.36767745018, 9.23281478882, 19.7838745117, 29.3115119934, 28.0143051147, 26.1925468445, 14.5615510941, 12.5239858627, 8.34843540192, 8.88225364685, 12.7771377563, 9.38226890564, 14.866065979, 15.1332626343, 12.7577161789, 9.20319747925, 6.47952413559, 4.68787479401, 4.68162918091, 5.47205305099, 7.15819168091, 4.54001140594, 4.7006816864, 2.77970910072, 3.46408390999, 1.11734497547, 1.08824110031, 0.578903436661, 0.418617993593, 0.231272995472, 0.0604997090995, 0.00222637690604, 8.24542876217e-05, 9.0533585535e-06, 5.00475425724e-06, 9.31318754738e-06], "dvar": [4.58101112599e-07, 0.000151807194925, 0.0391722023487, 1.39956879616, 12.8829126358, 97.0261383057, 515.967956543, 1126.63366699, 1242.43798828, 1469.2355957, 1019.89208984, 854.120361328, 163.651779175, 231.472183228, 352.917144775, 256.190582275, 416.939331055, 368.081512451, 238.789199829, 117.971244812, 42.6252479553, 28.4930686951, 31.1746520996, 50.5686264038, 122.392494202, 47.8969573975, 56.437953949, 17.811050415, 37.6136665344, 3.18109941483, 3.17389297485, 0.69112443924, 0.32848533988, 0.118434965611, 0.00938767753541, 1.13247833724e-05, 1.44982017503e-08, 1.494921964e-10, 3.16717659044e-11, 1.15474969864e-10], "dvar2": [1.2940885199e-06, 0.000315116805723, 0.0810277462006, 2.73334670067, 32.9658660889, 231.553359985, 1171.5300293, 3058.94506836, 2771.25048828, 2887.76855469, 1490.60021973, 1495.75231934, 320.441467285, 415.80770874, 715.505615234, 481.325653076, 952.456787109, 922.318054199, 573.65057373, 290.795288086, 85.7047576904, 58.1127929688, 65.3684082031, 111.727836609, 327.18182373, 127.027908325, 147.255249023, 48.0877799988, 104.686195374, 8.38484096527, 8.68111515045, 1.60980856419, 0.718586504459, 0.238400638103, 0.0250042062253, 2.80685744656e-05, 3.53081262006e-08, 3.61577046082e-10, 6.22213391921e-11, 2.12220602203e-10], "max": [0.00974855292588, 0.254067361355, 4.67691373825, 17.4119853973, 48.0652503967, 110.242828369, 241.780609131, 362.779052734, 453.266937256, 493.913330078, 836.765869141, 771.781860352, 223.618545532, 215.681121826, 271.851409912, 294.610626221, 257.267791748, 254.94758606, 207.821273804, 150.93460083, 61.4998207092, 62.483543396, 59.6672134399, 77.0404052734, 95.4418792725, 61.2658195496, 68.1234283447, 33.4059791565, 41.9034156799, 11.7440662384, 10.9821586609, 7.55907011032, 4.95161390305, 2.59318184853, 0.577419638634, 0.019002545625, 0.000678814481944, 7.25427089492e-05, 6.66926935082e-05, 0.000142572782352], "mean": [0.00275422376581, 0.00738522317261, 0.162774473429, 1.83563053608, 7.17555189133, 17.8851089478, 34.7151412964, 50.8708763123, 65.7068252563, 60.7094573975, 40.4464874268, 34.8371543884, 21.3293094635, 18.8690757751, 19.1601219177, 15.622508049, 21.1688079834, 18.6658706665, 15.3134660721, 12.0886011124, 9.4768075943, 6.79520654678, 6.5016746521, 6.15052270889, 4.54628801346, 2.88611268997, 2.54312562943, 1.52771174908, 1.41406989098, 0.619611859322, 0.577826917171, 0.553582131863, 0.404787361622, 0.235405236483, 0.0407902225852, 0.00177020055708, 7.51449551899e-05, 9.11611550691e-06, 1.32345521706e-05, 2.78728803096e-05], "median": [0.00252939527854, 0.00183270394336, 0.026395548135, 0.416530311108, 6.23135709763, 17.2271823883, 28.2896442413, 40.2901268005, 42.7839164734, 33.7401275635, 20.7773742676, 19.3291931152, 11.8818836212, 8.20227050781, 7.91621875763, 7.11929273605, 11.2048015594, 10.7260255814, 8.79070472717, 6.98835372925, 6.53825378418, 3.98817920685, 3.3350789547, 2.82474112511, 1.53412878513, 0.805454850197, 0.543284237385, 0.363388627768, 0.182646781206, 0.0953553393483, 0.0588812492788, 0.0451933555305, 0.0387234985828, 0.0191294960678, 0.00200363085605, 0.000117574709293, 1.69740815181e-05, 3.29884892381e-06, 1.11306135295e-05, 2.40252884396e-05], "min": [1.49128678806e-21, 8.72937513697e-21, 6.27569531113e-21, 6.31928587148e-21, 1.5468542411e-19, 5.89023216683e-19, 1.70123561171e-19, 5.23813518766e-19, 6.66450682439e-19, 3.66897537511e-19, 1.04726028633e-18, 1.11636036976e-18, 1.87363646574e-18, 2.97973038672e-18, 3.12338829127e-18, 3.31812563262e-18, 3.10143181589e-18, 4.06395902899e-18, 1.03571540924e-17, 6.1045478393e-18, 7.32879375744e-18, 1.35939358175e-17, 1.15400753079e-17, 1.25169201902e-17, 1.16669681226e-17, 1.54936321949e-17, 2.04909628019e-17, 1.7172866741e-17, 1.67431679195e-17, 2.03051449491e-17, 1.76257067673e-17, 1.33340447681e-17, 1.09898033316e-17, 9.42640715841e-18, 8.93605200975e-18, 7.00913229126e-18, 2.82009983134e-18, 1.44756338363e-18, 3.74035692607e-19, 5.17845921172e-20], "var": [4.84278700696e-07, 0.000335313961841, 0.152785673738, 6.49436903, 45.6623001099, 243.259887695, 1071.08007812, 2240.99194336, 4795.31689453, 5584.42675781, 4949.859375, 3734.42480469, 625.483276367, 742.468688965, 905.322143555, 673.338745117, 827.491638184, 600.726989746, 387.662658691, 218.817352295, 99.5704193115, 64.1981277466, 68.2832489014, 81.1435470581, 95.0933837891, 38.973777771, 43.8483314514, 13.1897172928, 23.7643527985, 2.43782043457, 2.21382570267, 1.20332229137, 0.626323580742, 0.234268128872, 0.0087135983631, 1.40056936289e-05, 1.90025328806e-08, 2.00531188876e-10, 9.88593096274e-11, 4.29120933232e-10]}, "gfcc": {"mean": [-91.0520553589, 147.192047119, -159.264678955, 10.4022092819, -79.4783172607, -20.3017444611, -50.1680145264, -14.6982278824, -12.6090803146, -11.370800972, 6.08294868469, -14.3534383774, 7.93138694763], "cov": [[12740.2871094, 666.808349609, -2015.48266602, -157.613479614, -1838.21618652, -102.572242737, -1072.9354248, -412.828857422, -699.206115723, -448.721679688, -321.718383789, -634.048828125, -83.5776290894], [666.808349609, 2345.60888672, -763.758666992, -549.70916748, 801.978820801, -1067.11364746, 267.676452637, -618.329467773, 20.9905204773, -323.646911621, -200.784088135, -155.910354614, -160.696746826], [-2015.48266602, -763.758666992, 1091.88647461, 412.848297119, 89.0285949707, 502.537506104, -162.16734314, 211.428985596, -88.2590408325, 22.553483963, -57.6882133484, 1.54167890549, -5.83013534546], [-157.613479614, -549.70916748, 412.848297119, 432.892913818, -139.176437378, 291.230651855, -89.498626709, 64.7328414917, -98.5828781128, 9.45433425903, -70.8770446777, -29.4193382263, 0.291431903839], [-1838.21618652, 801.978820801, 89.0285949707, -139.176437378, 716.716308594, -369.767120361, 295.91986084, -172.468826294, 108.726486206, -55.8544273376, -45.7188415527, 26.4121570587, -77.6375198364], [-102.572242737, -1067.11364746, 502.537506104, 291.230651855, -369.767120361, 636.204406738, -221.169876099, 298.6612854, -59.0578422546, 101.793884277, 64.7617797852, 1.61589598656, 46.1046142578], [-1072.9354248, 267.676452637, -162.16734314, -89.498626709, 295.91986084, -221.169876099, 393.856536865, -64.9575271606, 157.676391602, 63.8812599182, 56.0419158936, 97.123550415, -21.7041511536], [-412.828857422, -618.329467773, 211.428985596, 64.7328414917, -172.468826294, 298.6612854, -64.9575271606, 240.799484253, 34.2273712158, 106.835464478, 98.1784286499, 57.9921989441, 47.5367431641], [-699.206115723, 20.9905204773, -88.2590408325, -98.5828781128, 108.726486206, -59.0578422546, 157.676391602, 34.2273712158, 156.36555481, 78.5447311401, 84.1507644653, 81.7683792114, 24.6381130219], [-448.721679688, -323.646911621, 22.553483963, 9.45433425903, -55.8544273376, 101.793884277, 63.8812599182, 106.835464478, 78.5447311401, 117.912055969, 85.3403167725, 76.7605895996, 36.7019424438], [-321.718383789, -200.784088135, -57.6882133484, -70.8770446777, -45.7188415527, 64.7617797852, 56.0419158936, 98.1784286499, 84.1507644653, 85.3403167725, 126.956352234, 73.64012146, 45.3230705261], [-634.048828125, -155.910354614, 1.54167890549, -29.4193382263, 26.4121570587, 1.61589598656, 97.123550415, 57.9921989441, 81.7683792114, 76.7605895996, 73.64012146, 117.085884094, 41.5116233826], [-83.5776290894, -160.696746826, -5.83013534546, 0.291431903839, -77.6375198364, 46.1046142578, -21.7041511536, 47.5367431641, 24.6381130219, 36.7019424438, 45.3230705261, 41.5116233826, 73.7673187256]], "icov": [[0.000859316438437, -0.00112985959277, 0.00189728359692, -0.000661991012748, 0.00186945975292, -0.00144176639151, 0.000799508357886, -0.000270243734121, 0.00138322939165, -0.000280625215964, 0.00089422048768, 0.000377581891371, 0.000858607119881], [-0.00112985959277, 0.0103827221319, -0.00124605116434, 0.00457365904003, -0.00713328365237, 0.00709464587271, 0.000255263556028, 0.00686108646914, -0.00458059832454, 0.00974944606423, -0.00269715650938, 0.00514463614672, 0.000374641676899], [0.00189728359692, -0.00124605116434, 0.0089320205152, -0.00289229932241, -0.000412017252529, -0.00609422242269, 0.00353690353222, -0.00206085620448, 0.00367572298273, 0.0017089410685, 0.00487266248092, -0.00126146781258, 0.00153461936861], [-0.000661991012748, 0.00457365904003, -0.00289229932241, 0.00892321672291, -0.00185920542572, 0.00056584586855, -0.00284209637903, 0.00574379507452, 8.86495690793e-05, 0.00143600616138, 0.00348422280513, 0.00223962496966, -0.00204361253418], [0.00186945975292, -0.00713328365237, -0.000412017252529, -0.00185920542572, 0.0128787271678, -0.0020575884264, -0.00171234854497, -0.00260977842845, 0.00135622895323, -0.00359999481589, 0.00137376517523, -0.000672779569868, 0.00344458851032], [-0.00144176639151, 0.00709464587271, -0.00609422242269, 0.00056584586855, -0.0020575884264, 0.0171430390328, 0.000150520732859, -0.0019334689714, -0.00442749354988, 0.00410111993551, -0.00779125094414, 0.00763056380674, 0.00167937274091], [0.000799508357886, 0.000255263556028, 0.00353690353222, -0.00284209637903, -0.00171234854497, 0.000150520732859, 0.00994068291038, 0.00244932924397, -0.00324888224714, -0.00207740371116, -0.00149569776841, -0.00262084044516, 0.005715331994], [-0.000270243734121, 0.00686108646914, -0.00206085620448, 0.00574379507452, -0.00260977842845, -0.0019334689714, 0.00244932924397, 0.0256423018873, -0.00374941620976, -0.000247135059908, -0.00759826041758, 0.00183193502016, 0.00212549301796], [0.00138322939165, -0.00458059832454, 0.00367572298273, 8.86495690793e-05, 0.00135622895323, -0.00442749354988, -0.00324888224714, -0.00374941620976, 0.0250553060323, -0.011785838753, -0.00126730208285, -0.00226797489449, -0.00291592627764], [-0.000280625215964, 0.00974944606423, 0.0017089410685, 0.00143600616138, -0.00359999481589, 0.00410111993551, -0.00207740371116, -0.000247135059908, -0.011785838753, 0.0434765741229, -0.00678371218964, -0.00232167332433, 0.00202556955628], [0.00089422048768, -0.00269715650938, 0.00487266248092, 0.00348422280513, 0.00137376517523, -0.00779125094414, -0.00149569776841, -0.00759826041758, -0.00126730208285, -0.00678371218964, 0.0320158787072, -0.00567049579695, -0.00640066107735], [0.000377581891371, 0.00514463614672, -0.00126146781258, 0.00223962496966, -0.000672779569868, 0.00763056380674, -0.00262084044516, 0.00183193502016, -0.00226797489449, -0.00232167332433, -0.00567049579695, 0.0282761529088, -0.00641780393198], [0.000858607119881, 0.000374641676899, 0.00153461936861, -0.00204361253418, 0.00344458851032, 0.00167937274091, 0.005715331994, 0.00212549301796, -0.00291592627764, 0.00202556955628, -0.00640066107735, -0.00641780393198, 0.0258722733706]]}, "melbands": {"dmean": [6.30223257758e-06, 2.56129333138e-05, 0.000135638343636, 0.00027446061722, 0.00043386881589, 0.000408854044508, 0.000315288139973, 0.000193185158423, 9.47994703893e-05, 6.07766050962e-05, 3.29259273713e-05, 3.06388210447e-05, 3.01662603306e-05, 1.92619736481e-05, 2.16639400605e-05, 2.29585857596e-05, 1.93984506041e-05, 1.27184866869e-05, 1.0332747479e-05, 7.70818769524e-06, 5.20253297509e-06, 3.79904940928e-06, 2.90313141704e-06, 2.92336790153e-06, 3.08008497996e-06, 4.4249700295e-06, 1.67052087363e-06, 2.01932289201e-06, 2.12382610698e-06, 1.041580731e-06, 9.97093820843e-07, 1.52639802309e-06, 2.97499894941e-07, 4.14052493625e-07, 4.46808002152e-07, 1.97221183384e-07, 2.42664413008e-07, 2.00114698146e-07, 2.03753060646e-07, 1.01314995504e-07], "dmean2": [1.09015309135e-05, 3.61497659469e-05, 0.00018052807718, 0.000425380538218, 0.000641023274511, 0.000633452378679, 0.000421411532443, 0.000263066322077, 0.000113449947094, 7.45848010411e-05, 4.10488937632e-05, 3.6491353967e-05, 4.08869236708e-05, 2.73200530501e-05, 2.9488652217e-05, 3.45339831256e-05, 2.93142820738e-05, 1.94715667021e-05, 1.59323844855e-05, 1.19064270621e-05, 7.60532202548e-06, 5.61835076951e-06, 4.25692223871e-06, 4.14451142206e-06, 4.40514213551e-06, 7.52789037506e-06, 2.58088834926e-06, 3.33492926075e-06, 3.55769020643e-06, 1.69212160017e-06, 1.71417821093e-06, 2.76046353065e-06, 4.97175619785e-07, 6.97858126841e-07, 8.00330781203e-07, 3.22605529846e-07, 3.59575807352e-07, 3.40710897717e-07, 3.10310809937e-07, 1.55035706939e-07], "dvar": [8.1063197821e-11, 5.43729994362e-09, 5.87677497776e-08, 1.85565710353e-07, 5.0416679187e-07, 4.90534773689e-07, 2.7602951036e-07, 1.54150441745e-07, 6.82298519905e-08, 2.5523439362e-08, 3.98486443842e-09, 3.85026854843e-09, 3.48523476745e-09, 1.6845027595e-09, 1.88484960972e-09, 1.84065274134e-09, 1.49949452855e-09, 5.713288731e-10, 3.22881388293e-10, 1.56846508004e-10, 5.65020114029e-11, 4.04174332891e-11, 2.87578277164e-11, 2.75534890043e-11, 3.389179562e-11, 1.59551330481e-10, 1.17387297799e-11, 2.81259390777e-11, 3.37624303515e-11, 5.70583207418e-12, 7.4533330896e-12, 2.52707594434e-11, 4.81889701753e-13, 1.31654355386e-12, 1.89141996336e-12, 1.92988393278e-13, 2.65481999448e-13, 1.78087308355e-13, 1.97180162823e-13, 5.90319690374e-14], "dvar2": [2.16398760022e-10, 1.10964100131e-08, 1.20769144019e-07, 4.98211136346e-07, 1.1148088106e-06, 1.30461694425e-06, 6.08056552664e-07, 2.97012945794e-07, 1.00867424635e-07, 4.56502888824e-08, 7.86247511542e-09, 6.86046597309e-09, 6.8436283307e-09, 3.31040128643e-09, 4.01266486705e-09, 4.44162218116e-09, 3.79119402538e-09, 1.37615530083e-09, 7.68188512801e-10, 3.73027858602e-10, 1.14658615935e-10, 8.58752166599e-11, 5.71073223432e-11, 5.68967789549e-11, 7.29455384985e-11, 4.34358937706e-10, 2.91661174379e-11, 7.52458789721e-11, 8.83750087e-11, 1.47323368782e-11, 2.05466615943e-11, 7.09273542676e-11, 1.24801135138e-12, 3.46716340534e-12, 5.24170160401e-12, 4.6243949425e-13, 6.20485650707e-13, 4.30054022992e-13, 4.29586515015e-13, 1.18868903978e-13], "max": [0.000165028206538, 0.00168543623295, 0.00342691037804, 0.00558539107442, 0.00656081782654, 0.00741851516068, 0.00621355418116, 0.00567027134821, 0.0072150407359, 0.00392918800935, 0.00108355865814, 0.000901242077816, 0.000730065337848, 0.000672615191434, 0.000635319913272, 0.000568829709664, 0.000567470211536, 0.000297915306874, 0.000210066573345, 0.000159784642165, 8.04851879366e-05, 7.29280072846e-05, 5.67616843909e-05, 6.57995042275e-05, 6.8545283284e-05, 0.00010194254719, 3.95802417188e-05, 4.80637318105e-05, 5.26171825186e-05, 2.16276912397e-05, 2.06798740692e-05, 3.36197699653e-05, 5.20346884514e-06, 7.74888394517e-06, 8.64318099048e-06, 2.84755083158e-06, 4.97237715535e-06, 3.54749408871e-06, 3.09041911351e-06, 2.14502165363e-06], "mean": [5.18706510775e-05, 5.26504991285e-05, 0.000450851832284, 0.000862520653754, 0.00117803097237, 0.00112812872976, 0.000999974436127, 0.000611907336861, 0.000312275427859, 0.000203146788408, 0.000101238561911, 7.55876899348e-05, 6.16767283645e-05, 4.17842529714e-05, 4.4207299652e-05, 4.35591391579e-05, 3.38200443366e-05, 2.28256722039e-05, 1.96295768546e-05, 1.41357304528e-05, 1.04591636045e-05, 7.44431235944e-06, 5.53424888494e-06, 5.60276475881e-06, 4.964927939e-06, 3.98422889702e-06, 2.08484721043e-06, 1.9354208689e-06, 1.7862845425e-06, 1.09560278361e-06, 8.28633631045e-07, 1.03854108602e-06, 3.12686893267e-07, 3.63900284128e-07, 3.63302234518e-07, 2.98039338986e-07, 3.38134299227e-07, 2.90427863092e-07, 2.7217782872e-07, 1.68437196635e-07], "median": [4.9223210226e-05, 4.98728286402e-06, 0.000146814447362, 0.000867989787366, 0.00103715923615, 0.000932466762606, 0.000662136997562, 0.000343163032085, 0.000147301529068, 0.000115466136776, 5.26299190824e-05, 2.83313929685e-05, 2.46011841227e-05, 1.78960708581e-05, 1.818414421e-05, 2.34621438722e-05, 1.76105222636e-05, 1.15757438834e-05, 1.12053512566e-05, 8.36301751406e-06, 6.91408240527e-06, 4.07304059991e-06, 2.6917005016e-06, 2.66587585429e-06, 2.16172725231e-06, 1.00570639461e-06, 7.8486283428e-07, 4.72651834116e-07, 2.99206050158e-07, 3.28787649551e-07, 1.55711376237e-07, 1.05868025457e-07, 6.77042777397e-08, 4.20321271122e-08, 3.23281774683e-08, 2.78589045166e-08, 2.77044804875e-08, 2.41320474714e-08, 3.83530007753e-08, 1.05235438141e-08], "min": [1.32843340247e-23, 6.34479248347e-24, 2.74517165801e-24, 2.96610438186e-23, 1.06575652609e-23, 1.07823180911e-23, 9.58190766274e-24, 4.45958531395e-24, 9.70770573357e-24, 7.99746949055e-24, 9.6220630494e-24, 1.22978011427e-23, 9.78578797483e-24, 1.25571044554e-23, 7.60947140976e-24, 6.02733434483e-24, 6.34121460484e-24, 1.72424199508e-23, 9.48172548322e-24, 7.6390316056e-24, 9.2083843907e-24, 1.48503317843e-23, 1.19829399341e-23, 9.04582145738e-24, 1.05284957839e-23, 7.78572817953e-24, 9.89029547869e-24, 9.95538991401e-24, 1.28400120641e-23, 1.07163164657e-23, 9.75104022968e-24, 8.4621937607e-24, 1.16874452608e-23, 1.07188905188e-23, 1.0352347877e-23, 8.73678440889e-24, 8.42502421257e-24, 8.63325272597e-24, 6.00345749738e-24, 8.67586699207e-24], "var": [9.20029261109e-11, 1.98254586081e-08, 2.87321256565e-07, 5.14303167165e-07, 1.09376344426e-06, 1.03325965028e-06, 1.06600725758e-06, 6.02109139436e-07, 3.30777282898e-07, 1.08616625027e-07, 1.49445842368e-08, 1.27697239449e-08, 9.1438838723e-09, 4.42078196272e-09, 4.34361879798e-09, 3.29485860817e-09, 2.33518715476e-09, 9.44671674219e-10, 6.1127103379e-10, 2.77801476267e-10, 1.31203700682e-10, 8.91086301968e-11, 5.74105589457e-11, 5.86453177687e-11, 5.95739083065e-11, 1.11698900129e-10, 1.24023786033e-11, 2.16259267438e-11, 2.55296495749e-11, 4.97359445295e-12, 5.06457202565e-12, 1.54742225977e-11, 4.14873837324e-13, 9.88169723999e-13, 1.21683175688e-12, 3.18607661955e-13, 4.60115940574e-13, 3.29849591651e-13, 3.01423165941e-13, 1.30013092848e-13]}, "mfcc": {"mean": [-709.100830078, 160.388900757, -20.2045936584, 9.20315265656, -9.36396121979, -17.6113471985, -18.9614543915, -18.2820739746, -13.2337493896, -6.9888753891, -3.89914798737, 0.0723638609052, -2.43367528915], "cov": [[10693.9208984, 1182.85083008, -792.673828125, -291.558105469, -865.895141602, -397.593292236, -458.267883301, -537.935424805, -460.712097168, -235.179794312, -436.689819336, -513.083312988, -511.708709717], [1182.85083008, 2687.14038086, -1256.05541992, 355.101013184, -113.140953064, -173.874343872, -201.528457642, -241.548583984, -140.18598938, -158.600753784, -127.43359375, -285.106231689, -242.875350952], [-792.673828125, -1256.05541992, 1163.88989258, -160.049667358, 350.708496094, 131.944747925, 117.854698181, 113.573806763, 49.2226333618, 26.999994278, -15.324924469, 30.5614376068, -46.8273086548], [-291.558105469, 355.101013184, -160.049667358, 332.209594727, -17.9280605316, 102.391410828, 15.9906330109, -0.455252230167, 22.5496501923, -3.70998191833, -21.4702682495, -78.1300125122, -39.4068984985], [-865.895141602, -113.140953064, 350.708496094, -17.9280605316, 360.714660645, 42.95835495, 54.7833595276, 31.0307712555, 11.5967311859, -6.12564182281, -11.8730926514, -11.9679708481, -54.3618850708], [-397.593292236, -173.874343872, 131.944747925, 102.391410828, 42.95835495, 155.117599487, 59.8547897339, 52.8542556763, 36.8112411499, 23.8085975647, 16.5793056488, -0.370937436819, 6.21710014343], [-458.267883301, -201.528457642, 117.854698181, 15.9906330109, 54.7833595276, 59.8547897339, 105.943504333, 56.8021278381, 24.8297519684, 24.5712165833, 34.1953125, 38.1842918396, 26.7145347595], [-537.935424805, -241.548583984, 113.573806763, -0.455252230167, 31.0307712555, 52.8542556763, 56.8021278381, 99.7408218384, 41.5354652405, 30.6117935181, 47.8569297791, 60.9260787964, 54.3890953064], [-460.712097168, -140.18598938, 49.2226333618, 22.5496501923, 11.5967311859, 36.8112411499, 24.8297519684, 41.5354652405, 63.7789421082, 29.192937851, 29.168094635, 36.201839447, 40.4575805664], [-235.179794312, -158.600753784, 26.999994278, -3.70998191833, -6.12564182281, 23.8085975647, 24.5712165833, 30.6117935181, 29.192937851, 52.6349525452, 36.6094245911, 32.1614189148, 34.9098320007], [-436.689819336, -127.43359375, -15.324924469, -21.4702682495, -11.8730926514, 16.5793056488, 34.1953125, 47.8569297791, 29.168094635, 36.6094245911, 86.9576873779, 72.0918197632, 63.1718025208], [-513.083312988, -285.106231689, 30.5614376068, -78.1300125122, -11.9679708481, -0.370937436819, 38.1842918396, 60.9260787964, 36.201839447, 32.1614189148, 72.0918197632, 136.467010498, 104.544036865], [-511.708709717, -242.875350952, -46.8273086548, -39.4068984985, -54.3618850708, 6.21710014343, 26.7145347595, 54.3890953064, 40.4575805664, 34.9098320007, 63.1718025208, 104.544036865, 142.872421265]], "icov": [[0.00028480659239, 9.6624084108e-05, 0.00012685029651, 0.000422454177169, 0.000719108618796, -0.000155919973622, 0.000166770521901, 0.000136530332384, 0.000924192019738, -0.0001257033, 0.000593909353483, 0.000251452962402, 0.000862064713147], [9.6624084108e-05, 0.00218601338565, 0.00263657071628, -0.000632722105365, -0.00130846910179, 0.000676408992149, 0.000613667361904, -0.000430010841228, -2.26950560318e-05, 0.00292244390585, -0.000811665668152, 0.00142091151793, 0.00288497004658], [0.00012685029651, 0.00263657071628, 0.00514237768948, 0.000929003872443, -0.00271223229356, -0.000875106430613, 0.000198236433789, -0.00197552726604, -0.000945585721638, 0.00298119732179, 0.00091760547366, 0.00141903664917, 0.00469436729327], [0.000422454177169, -0.000632722105365, 0.000929003872443, 0.00738093303517, 0.00142917421181, -0.00495059695095, -0.000969199405517, -0.000359433091944, -0.00198745261878, 7.87249737186e-05, 0.00182590808254, 0.00368788978085, 0.000892696261872], [0.000719108618796, -0.00130846910179, -0.00271223229356, 0.00142917421181, 0.00730915414169, -0.000412868335843, -0.00146284943912, 0.000554873375222, 0.00167019129731, -0.00102517695632, 0.00166565726977, -0.000527211872395, 0.00214463844895], [-0.000155919973622, 0.000676408992149, -0.000875106430613, -0.00495059695095, -0.000412868335843, 0.0140141258016, -0.00333976955153, -0.00302834482864, -0.00206670281477, -0.000520383822732, -0.00166934856679, 0.00217827246524, -0.00019388369401], [0.000166770521901, 0.000613667361904, 0.000198236433789, -0.000969199405517, -0.00146284943912, -0.00333976955153, 0.0170905347914, -0.00487484969199, 0.00328475935385, -0.00164176360704, -0.00182719214354, -0.00210794014856, 0.00150837772526], [0.000136530332384, -0.000430010841228, -0.00197552726604, -0.000359433091944, 0.000554873375222, -0.00302834482864, -0.00487484969199, 0.0239876192063, -0.00428280886263, -0.000428401486715, -0.00411436194554, -0.00376313156448, -0.0029756615404], [0.000924192019738, -2.26950560318e-05, -0.000945585721638, -0.00198745261878, 0.00167019129731, -0.00206670281477, 0.00328475935385, -0.00428280886263, 0.0322948731482, -0.0105295665562, 0.00254265707918, -0.0024594378192, -0.00174179370515], [-0.0001257033, 0.00292244390585, 0.00298119732179, 7.87249737186e-05, -0.00102517695632, -0.000520383822732, -0.00164176360704, -0.000428401486715, -0.0105295665562, 0.0373025350273, -0.0122420508415, 0.00520161585882, 0.00109303044155], [0.000593909353483, -0.000811665668152, 0.00091760547366, 0.00182590808254, 0.00166565726977, -0.00166934856679, -0.00182719214354, -0.00411436194554, 0.00254265707918, -0.0122420508415, 0.029579507187, -0.0101512093097, 0.000786498421803], [0.000251452962402, 0.00142091151793, 0.00141903664917, 0.00368788978085, -0.000527211872395, 0.00217827246524, -0.00210794014856, -0.00376313156448, -0.0024594378192, 0.00520161585882, -0.0101512093097, 0.0277779623866, -0.0100824115798], [0.000862064713147, 0.00288497004658, 0.00469436729327, 0.000892696261872, 0.00214463844895, -0.00019388369401, 0.00150837772526, -0.0029756615404, -0.00174179370515, 0.00109303044155, 0.000786498421803, -0.0100824115798, 0.025707129389]]}, "spectral_contrast_coeffs": {"dmean": [0.0418135002255, 0.0343411900103, 0.0341265387833, 0.0392348431051, 0.0278421547264, 0.0217587165534], "dmean2": [0.0663633272052, 0.0563798174262, 0.0533659271896, 0.0614517480135, 0.0447304695845, 0.0333019532263], "dvar": [0.00137062591966, 0.00145233701915, 0.0017590863863, 0.00178574037272, 0.000928114634007, 0.000474669621326], "dvar2": [0.00302160810679, 0.00344884605147, 0.00385367241688, 0.00406916206703, 0.00220707384869, 0.0010095955804], "max": [-0.206763118505, -0.348736941814, -0.422455340624, -0.466701745987, -0.55938065052, -0.584867238998], "mean": [-0.427709937096, -0.686255514622, -0.698362290859, -0.684339523315, -0.733113825321, -0.76082611084], "median": [-0.396410405636, -0.698903501034, -0.695202350616, -0.681772351265, -0.730848312378, -0.772709190845], "min": [-0.958600342274, -0.967304706573, -0.976216495037, -0.989752650261, -0.974391579628, -0.961414992809], "var": [0.0171769708395, 0.00756437471136, 0.00701292417943, 0.0064730416052, 0.00387706467882, 0.00358787621371]}, "spectral_contrast_valleys": {"dmean": [0.608190655708, 0.327420473099, 0.422296494246, 0.463380068541, 0.475457012653, 0.412762671709], "dmean2": [0.885810673237, 0.484554231167, 0.621473968029, 0.676277756691, 0.644175708294, 0.583032727242], "dvar": [0.486146450043, 0.402638435364, 0.496843904257, 0.522031009197, 0.495993435383, 0.373892843723], "dvar2": [0.759567558765, 0.628776669502, 0.886819839478,