{"lowlevel": {"average_loudness": 0.957768619061, "barkbands_crest": {"dmean": 2.94834017754, "dmean2": 4.78959274292, "dvar": 7.74875164032, "dvar2": 19.1499042511, "max": 25.9271945953, "mean": 15.5100431442, "median": 15.7297792435, "min": 3.50451183319, "var": 29.0293331146}, "barkbands_flatness_db": {"dmean": 0.0304428786039, "dmean2": 0.0481800585985, "dvar": 0.000842678826302, "dvar2": 0.00218194629997, "max": 0.464029461145, "mean": 0.183895364404, "median": 0.178199455142, "min": 0.0263407770544, "var": 0.00325280730613}, "barkbands_kurtosis": {"dmean": 7.8462896347, "dmean2": 12.8156919479, "dvar": 210.230133057, "dvar2": 529.278259277, "max": 243.73223877, "mean": 12.0476846695, "median": 4.94957685471, "min": -1.68097615242, "var": 386.826416016}, "barkbands_skewness": {"dmean": 0.833971917629, "dmean2": 1.3127592802, "dvar": 0.905373811722, "dvar2": 2.28634619713, "max": 13.9211187363, "mean": 2.64956450462, "median": 2.12375020981, "min": -2.13313245773, "var": 3.20794773102}, "barkbands_spread": {"dmean": 4.02669811249, "dmean2": 6.44728279114, "dvar": 17.546333313, "dvar2": 45.3083457947, "max": 82.2105636597, "mean": 13.7065830231, "median": 13.1733474731, "min": 0.357420414686, "var": 53.27501297}, "dissonance": {"dmean": 0.0229706503451, "dmean2": 0.0386599637568, "dvar": 0.000506539887283, "dvar2": 0.00140769709833, "max": 0.49987283349, "mean": 0.456053555012, "median": 0.463797956705, "min": 0.281433075666, "var": 0.00119689712301}, "dynamic_complexity": 3.54581952095, "erbbands_crest": {"dmean": 2.51656270027, "dmean2": 3.9485771656, "dvar": 5.23710203171, "dvar2": 11.8086509705, "max": 31.6178207397, "mean": 9.90878295898, "median": 9.23620319366, "min": 2.16686630249, "var": 17.9216766357}, "erbbands_flatness_db": {"dmean": 0.0170100219548, "dmean2": 0.0237531978637, "dvar": 0.000251401012065, "dvar2": 0.00045661983313, "max": 0.324617266655, "mean": 0.149463221431, "median": 0.149079978466, "min": 0.0283877439797, "var": 0.00206964323297}, "erbbands_kurtosis": {"dmean": 0.836024165154, "dmean2": 1.27620351315, "dvar": 0.86447262764, "dvar2": 2.00518679619, "max": 24.193397522, "mean": 0.962819457054, "median": 0.650878429413, "min": -1.48562848568, "var": 2.60934662819}, "erbbands_skewness": {"dmean": 0.324479490519, "dmean2": 0.499500840902, "dvar": 0.0787848457694, "dvar2": 0.177112966776, "max": 4.1109623909, "mean": 0.439649373293, "median": 0.415758728981, "min": -1.50346457958, "var": 0.330570459366}, "erbbands_spread": {"dmean": 8.16575145721, "dmean2": 11.9454336166, "dvar": 64.3077774048, "dvar2": 146.14175415, "max": 111.827911377, "mean": 35.0547790527, "median": 30.3222732544, "min": 5.25403642654, "var": 307.5206604}, "hfc": {"dmean": 4.81219053268, "dmean2": 7.15302705765, "dvar": 68.1022872925, "dvar2": 130.389556885, "max": 87.0045166016, "mean": 14.2685489655, "median": 11.3901367188, "min": 1.21049729955e-16, "var": 147.747055054}, "melbands_crest": {"dmean": 3.46198344231, "dmean2": 5.69568681717, "dvar": 11.838391304, "dvar2": 31.5279197693, "max": 34.4211235046, "mean": 20.3690433502, "median": 21.2733573914, "min": 1.88639843464, "var": 41.6757507324}, "melbands_flatness_db": {"dmean": 0.0347280576825, "dmean2": 0.0544739589095, "dvar": 0.00114106421825, "dvar2": 0.00272082723677, "max": 0.618695378304, "mean": 0.272338151932, "median": 0.267443686724, "min": 0.00501765729859, "var": 0.00598342996091}, "melbands_kurtosis": {"dmean": 17.4914207458, "dmean2": 28.8280200958, "dvar": 875.197753906, "dvar2": 2299.06567383, "max": 363.79486084, "mean": 29.7240390778, "median": 12.5148000717, "min": -1.36881434917, "var": 1734.00585938}, "melbands_skewness": {"dmean": 1.11716353893, "dmean2": 1.7657251358, "dvar": 1.64676034451, "dvar2": 4.18714952469, "max": 15.9126777649, "mean": 3.84558534622, "median": 3.04732656479, "min": -0.32220351696, "var": 6.39349842072}, "melbands_spread": {"dmean": 3.75328683853, "dmean2": 5.98622083664, "dvar": 17.303855896, "dvar2": 37.5949516296, "max": 162.564620972, "mean": 12.5749864578, "median": 11.5023527145, "min": 0.450189232826, "var": 109.483222961}, "pitch_salience": {"dmean": 0.0874490961432, "dmean2": 0.143531262875, "dvar": 0.00934210792184, "dvar2": 0.024365555495, "max": 0.884833991528, "mean": 0.382834017277, "median": 0.380939126015, "min": 0.0555005595088, "var": 0.0188576504588}, "silence_rate_20dB": {"dmean": 0, "dmean2": 0, "dvar": 0, "dvar2": 0, "max": 1, "mean": 1, "median": 1, "min": 1, "var": 0}, "silence_rate_30dB": {"dmean": 0.0884638354182, "dmean2": 0.176980569959, "dvar": 0.080637447536, "dvar2": 0.182724043727, "max": 1, "mean": 0.858380615711, "median": 1, "min": 0, "var": 0.121559754014}, "silence_rate_60dB": {"dmean": 0.00179318594746, "dmean2": 0.00328849023208, "dvar": 0.00178997917101, "dvar2": 0.00387558783405, "max": 1, "mean": 0.0540782772005, "median": 0, "min": 0, "var": 0.0511540137231}, "spectral_centroid": {"dmean": 191.630828857, "dmean2": 305.630187988, "dvar": 56741.71875, "dvar2": 124444.375, "max": 11607.1992188, "mean": 1010.93182373, "median": 935.672912598, "min": 121.734344482, "var": 426985.125}, "spectral_complexity": {"dmean": 2.79736995697, "dmean2": 4.15784740448, "dvar": 11.8221149445, "dvar2": 20.6370334625, "max": 54, "mean": 14.2207946777, "median": 13, "min": 0, "var": 51.4311637878}, "spectral_decrease": {"dmean": 6.6215291028e-09, "dmean2": 1.073584599e-08, "dvar": 1.27966442184e-16, "dvar2": 3.25344428598e-16, "max": 1.35784296277e-28, "mean": -1.33252697765e-08, "median": -8.32258972849e-09, "min": -8.91213645104e-08, "var": 2.24297289048e-16}, "spectral_energy": {"dmean": 0.0252997037023, "dmean2": 0.0409467220306, "dvar": 0.00186036410742, "dvar2": 0.00470662163571, "max": 0.343052446842, "mean": 0.0515867099166, "median": 0.0324365831912, "min": 1.05180797024e-20, "var": 0.00328906439245}, "spectral_energyband_high": {"dmean": 0.000228448610869, "dmean2": 0.000326917215716, "dvar": 1.846867832e-07, "dvar2": 3.63111212209e-07, "max": 0.00483318604529, "mean": 0.000439370283857, "median": 0.00022799090948, "min": 7.59271346084e-21, "var": 3.88584425082e-07}, "spectral_energyband_low": {"dmean": 0.023528419435, "dmean2": 0.0400330685079, "dvar": 0.00200180895627, "dvar2": 0.00531785143539, "max": 0.319603294134, "mean": 0.0388411954045, "median": 0.0211734436452, "min": 3.58205959843e-23, "var": 0.00281307450496}, "spectral_energyband_middle_high": {"dmean": 0.00113725825213, "dmean2": 0.00168313784525, "dvar": 1.8154165673e-06, "dvar2": 3.66770723303e-06, "max": 0.0197482295334, "mean": 0.00341123808175, "median": 0.00306614325382, "min": 1.25739652213e-21, "var": 5.87304020883e-06}, "spectral_energyband_middle_low": {"dmean": 0.00589387957007, "dmean2": 0.00972421374172, "dvar": 0.000218556670006, "dvar2": 0.000572642544284, "max": 0.121310196817, "mean": 0.00984216760844, "median": 0.00716502498835, "min": 1.44128812756e-22, "var": 0.000178860645974}, "spectral_entropy": {"dmean": 0.206610441208, "dmean2": 0.29732131958, "dvar": 0.0416274145246, "dvar2": 0.087748862803, "max": 9.81527423859, "mean": 7.3687081337, "median": 7.38611125946, "min": 5.30747175217, "var": 0.244483292103}, "spectral_flux": {"dmean": 0.0400720275939, "dmean2": 0.0594691075385, "dvar": 0.00358202285133, "dvar2": 0.00678039481863, "max": 0.501462042332, "mean": 0.0963303893805, "median": 0.0597316287458, "min": 6.83602549567e-11, "var": 0.00872147921473}, "spectral_kurtosis": {"dmean": 1.6745017767, "dmean2": 2.69801902771, "dvar": 6.04653692245, "dvar2": 16.7081565857, "max": 58.1548957825, "mean": 5.29426717758, "median": 4.14650249481, "min": -1.23426187038, "var": 23.4683933258}, "spectral_rms": {"dmean": 0.00136630039196, "dmean2": 0.00213726912625, "dvar": 3.66336962543e-06, "dvar2": 8.47643150337e-06, "max": 0.0182944070548, "mean": 0.00621764920652, "median": 0.0056254286319, "min": 3.20336400635e-12, "var": 1.16694191092e-05}, "spectral_rolloff": {"dmean": 191.810195923, "dmean2": 325.567901611, "dvar": 123611.9375, "dvar2": 224553.75, "max": 19444.4824219, "mean": 683.651245117, "median": 516.796875, "min": 64.599609375, "var": 1413217.875}, "spectral_skewness": {"dmean": 0.231373667717, "dmean2": 0.346323937178, "dvar": 0.0592222362757, "dvar2": 0.138020455837, "max": 6.15218544006, "mean": 1.81553769112, "median": 1.74400138855, "min": -0.0713918805122, "var": 0.35756444931}, "spectral_spread": {"dmean": 556278.0625, "dmean2": 834581.9375, "dvar": 577782546432, "dvar2": 1136970694660.0, "max": 41718652, "mean": 4960795, "median": 4941288, "min": 1350068.875, "var": 5190700761090.0}, "spectral_strongpeak": {"dmean": 0.242492839694, "dmean2": 0.407361924648, "dvar": 0.1582698524, "dvar2": 0.393005639315, "max": 4.49175977707, "mean": 0.544847309589, "median": 0.391014903784, "min": 0, "var": 0.281255483627}, "zerocrossingrate": {"dmean": 0.00734785944223, "dmean2": 0.00925150606781, "dvar": 6.35713222437e-05, "dvar2": 8.44778478495e-05, "max": 0.525390625, "mean": 0.0375565178692, "median": 0.0302734375, "min": 0.00341796875, "var": 0.00134524668101}, "barkbands": {"dmean": [0.000652514805552, 0.0177511610091, 0.00758624542505, 0.00138668564614, 0.00299128890038, 0.00130495498888, 0.000495430256706, 0.000443768047262, 0.000575012410991, 0.000328070600517, 0.000316742429277, 0.000214120562305, 0.000438333692728, 0.0002406037529, 0.000122816767544, 4.88605619466e-05, 7.98593391664e-05, 6.50108340778e-05, 6.20446735411e-05, 4.64846561954e-05, 5.57049461349e-05, 4.72288957098e-05, 4.17156370531e-05, 4.69873339171e-05, 4.18792988057e-05, 1.14784279504e-05, 5.46370711163e-06], "dmean2": [0.000787907105405, 0.0297712422907, 0.0133988978341, 0.00238317600451, 0.00544959725812, 0.00224811094813, 0.000825919501949, 0.000655821815599, 0.00086428807117, 0.000455717701698, 0.000448342325399, 0.000317701691529, 0.000649110996164, 0.000375656585675, 0.000204088602914, 7.77604655013e-05, 0.00012586855155, 0.000102755897387, 9.68823369476e-05, 6.89611406415e-05, 7.8679586295e-05, 7.04194608261e-05, 6.20458231424e-05, 7.39921888453e-05, 6.89979060553e-05, 1.87982532225e-05, 9.30009628064e-06], "dvar": [1.52411257659e-06, 0.000963461934589, 0.000608157890383, 1.77398706001e-05, 9.64296341408e-05, 3.76533830604e-06, 9.63549382504e-07, 4.16433721284e-07, 1.89175648302e-06, 3.01882806752e-07, 2.30356206998e-07, 1.22497141319e-07, 3.94223548028e-07, 2.25561080924e-07, 7.62514957842e-08, 1.0014947982e-08, 1.51448151797e-08, 1.86735285013e-08, 1.03181667654e-08, 7.92551091422e-09, 1.05519912807e-08, 6.32937435796e-09, 6.13090556101e-09, 1.26529835498e-08, 1.46772523024e-08, 5.01617747339e-10, 1.65639293948e-10], "dvar2": [2.43914655584e-06, 0.00255696335807, 0.00167918158695, 3.56004675268e-05, 0.000274980877293, 1.10668897833e-05, 2.75640491054e-06, 9.42317399222e-07, 3.34020683113e-06, 5.40820110473e-07, 4.16697986338e-07, 2.65466979954e-07, 8.52703351484e-07, 5.06070762185e-07, 1.85764378102e-07, 2.56669441256e-08, 3.28317106835e-08, 4.15491747674e-08, 2.15061000119e-08, 1.67650497929e-08, 2.06787582613e-08, 1.24740324736e-08, 1.32808688491e-08, 3.02041200939e-08, 4.10973477472e-08, 1.3526085807e-09, 4.55316645498e-10], "max": [0.0117253288627, 0.231891602278, 0.163257941604, 0.0322818756104, 0.0853841230273, 0.0161323789507, 0.0161217693239, 0.0105036515743, 0.063369512558, 0.0109022213146, 0.00819282140583, 0.00418120250106, 0.00764110218734, 0.00678406236693, 0.00350155355409, 0.00160114048049, 0.00194216344971, 0.00257643451914, 0.00189637078438, 0.00133407698013, 0.00155358947814, 0.00104330049362, 0.000912299146876, 0.00158889323939, 0.00147335184738, 0.000226509917411, 0.000146372476593], "mean": [0.00122177647427, 0.0309105962515, 0.00596012314782, 0.00145310978405, 0.00260161887854, 0.00223880563863, 0.00085222395137, 0.000901408027858, 0.00135699275415, 0.000674862531014, 0.0005917106173, 0.000347911787685, 0.00105306354817, 0.000363492348697, 0.000185124517884, 7.04501071596e-05, 0.000131604727358, 9.86897211988e-05, 0.00010112675227, 7.92298669694e-05, 0.000100367164123, 8.64342437126e-05, 6.71484594932e-05, 6.64956387482e-05, 5.04875533807e-05, 1.57881477207e-05, 6.18995818513e-06], "median": [0.000145614380017, 0.0182159692049, 0.000480942078866, 0.000197588000447, 0.000875561265275, 0.00143492443021, 0.000501414469909, 0.000439175841166, 0.000716572103556, 0.00025059026666, 0.000273049663519, 0.000162795462529, 0.000506890763063, 7.85373340477e-05, 3.49428773916e-05, 2.43596841756e-05, 7.26149737602e-05, 4.74211738037e-05, 5.41375848115e-05, 3.3647967939e-05, 4.33074164903e-05, 4.25481193815e-05, 2.65343715e-05, 2.60384240391e-05, 1.98647903744e-05, 6.82517747919e-06, 1.84110342616e-06], "min": [4.80451987236e-24, 9.95785431548e-24, 3.16225563202e-24, 3.98406784889e-24, 2.06693784512e-23, 1.06530719092e-23, 2.03819995789e-23, 2.77242206912e-24, 2.19935335454e-23, 3.67153851318e-23, 2.30735440781e-23, 2.4538408292e-23, 4.9566285843e-23, 3.45770356533e-23, 5.98308902992e-23, 1.18914899715e-22, 6.09793834248e-23, 1.267903695e-22, 2.26605179651e-22, 2.01940339044e-22, 2.57672011468e-22, 3.27730584378e-22, 4.84222766028e-22, 6.64790932019e-22, 1.00164362623e-21, 1.30621037666e-21, 2.47320056129e-21], "var": [3.62442051483e-06, 0.00149968871847, 0.000428185478086, 1.8023811208e-05, 5.73070828978e-05, 5.70821430301e-06, 1.19433479995e-06, 1.39021460654e-06, 4.91779564982e-06, 1.24268024138e-06, 7.50122239879e-07, 2.44728681764e-07, 1.71502449575e-06, 4.83193105083e-07, 1.70128899413e-07, 1.84401063308e-08, 3.39366934554e-08, 2.76142575473e-08, 2.02821244244e-08, 1.73362959544e-08, 2.4693980194e-08, 1.42358640431e-08, 1.19985541502e-08, 1.58651900506e-08, 1.16958531748e-08, 5.90890947283e-10, 1.38530992233e-10]}, "erbbands": {"dmean": [0.494043976068, 4.35240602493, 9.34944343567, 5.66319465637, 9.15215301514, 9.36671352386, 8.72859573364, 11.3933238983, 6.43186759949, 10.8559989929, 6.07090425491, 15.6061353683, 11.0283851624, 6.88296413422, 13.9943275452, 10.4948797226, 20.6171951294, 14.8034362793, 8.26461696625, 3.09792280197, 3.07735824585, 3.67729711533, 3.30809116364, 3.61003732681, 2.82432317734, 2.32013654709, 2.34763622284, 2.11954379082, 1.72342395782, 1.45938646793, 1.14962422848, 0.832862079144, 0.773133516312, 0.533322811127, 0.292713820934, 0.0626906380057, 0.0204167645425, 0.00588586879894, 0.000861244159751, 7.06825521775e-05], "dmean2": [0.784555256367, 7.40494966507, 16.5119857788, 9.17188835144, 15.8031024933, 17.3759918213, 14.3374967575, 20.4600429535, 10.9114408493, 17.0621948242, 9.44699668884, 23.1790657043, 15.4393348694, 10.1887207031, 19.9305706024, 15.4518976212, 30.6561584473, 22.7196521759, 13.3999576569, 4.91974973679, 4.97683286667, 5.62541770935, 5.2708530426, 5.67081737518, 4.30385303497, 3.43933987617, 3.34026908875, 3.09692144394, 2.62065458298, 2.07559108734, 1.73407030106, 1.31680488586, 1.21715164185, 0.856626451015, 0.485490232706, 0.096897624433, 0.0338168665767, 0.00990281067789, 0.00147187907714, 0.000120830271044], "dvar": [0.695516049862, 65.1105804443, 817.970214844, 286.214141846, 946.010620117, 931.89630127, 232.925949097, 302.889892578, 228.156494141, 314.121490479, 148.618850708, 1205.21948242, 336.494689941, 193.178359985, 423.852020264, 264.212463379, 860.559875488, 628.588928223, 283.734466553, 35.6993293762, 31.5051746368, 40.1144943237, 35.8709220886, 47.3227272034, 25.5522193909, 18.8136539459, 20.1319141388, 15.7790193558, 9.57433223724, 5.10826253891, 4.50379133224, 2.47624659538, 3.95571613312, 2.29539299011, 0.767859399319, 0.0114400014281, 0.00204373570159, 0.000174541652086, 6.90054184815e-06, 2.83801675494e-08], "dvar2": [1.79287171364, 167.410369873, 2255.10839844, 663.544921875, 2575.65478516, 2680.68017578, 628.144592285, 959.225646973, 658.003723145, 794.24395752, 333.715423584, 2251.2253418, 619.053161621, 371.926574707, 780.163330078, 573.743469238, 1863.7947998, 1412.17358398, 671.212402344, 84.8772888184, 76.6383285522, 76.5962753296, 77.0250244141, 107.756828308, 51.4736404419, 36.2317085266, 41.3037948608, 31.8266086578, 19.1517524719, 9.79911613464, 9.72575378418, 5.92595767975, 9.53712940216, 5.79652309418, 2.16565203667, 0.0280040614307, 0.00560006452724, 0.000491114100441, 1.9134969989e-05, 7.60211449347e-08], "max": [5.71973562241, 58.7865600586, 192.976593018, 130.686737061, 296.297210693, 213.252120972, 152.497253418, 157.128036499, 177.734298706, 280.641540527, 449.927520752, 1455.70373535, 424.683776855, 284.25491333, 346.412017822, 211.408370972, 351.79309082, 366.840759277, 223.984558105, 86.0329818726, 117.180610657, 93.6942367554, 102.70223999, 117.14188385, 85.2691650391, 65.3414077759, 61.6392211914, 65.2441864014, 36.6888771057, 26.2795352936, 21.2821025848, 17.6359405518, 27.0547904968, 18.9352016449, 11.8308010101, 0.941019594669, 0.461783409119, 0.157722681761, 0.0362020470202, 0.00162004190497], "mean": [1.02376258373, 6.33031797409, 8.42159938812, 5.37855005264, 7.5389995575, 7.84899234772, 14.8039140701, 17.1417789459, 11.2163419724, 22.1291122437, 13.4142036438, 37.8342971802, 25.74858284, 12.5072975159, 27.6392154694, 20.5160503387, 50.0206260681, 26.600227356, 13.4158573151, 4.99503755569, 4.8411693573, 6.31898832321, 5.35035037994, 5.73275089264, 4.72628831863, 4.10850191116, 4.1154255867, 3.65603399277, 2.97427177429, 2.62976980209, 1.85826063156, 1.22197377682, 1.08754694462, 0.674527287483, 0.340922832489, 0.089407607913, 0.0269999075681, 0.00784433726221, 0.000967584375758, 0.000107046056655], "median": [0.649116814137, 2.95406413078, 1.52132630348, 0.791995227337, 1.75684010983, 2.37359237671, 8.91198253632, 10.0229959488, 7.40672206879, 11.9552345276, 9.46372318268, 19.7550888062, 12.2972545624, 5.72398805618, 14.1601305008, 12.4720239639, 25.1213111877, 13.8483695984, 4.0196185112, 1.81959819794, 2.21652984619, 3.17757105827, 2.74109864235, 2.76381731033, 2.299066782, 1.90970170498, 1.73209273815, 1.45944595337, 1.25217413902, 1.23445999622, 0.751563489437, 0.507540345192, 0.396788418293, 0.23653100431, 0.114152304828, 0.0379011556506, 0.0113971848041, 0.00273513793945, 0.000290369178401, 5.65509290027e-05], "min": [4.32323695426e-22, 1.77522531808e-21, 6.2211009868e-21, 2.20939020728e-20, 2.8203075183e-20, 8.62770187655e-20, 1.21219389662e-19, 1.36508504966e-19, 2.13699978678e-19, 2.81741206304e-19, 1.94975853709e-19, 4.22232689316e-19, 8.53479631057e-19, 1.19475961764e-18, 1.51313440438e-18, 1.009446862e-18, 2.18137226223e-18, 2.26432193406e-18, 3.16361387766e-18, 4.25923362415e-18, 5.62455105986e-18, 4.9377367934e-18, 8.41425489882e-18, 6.77007998937e-18, 1.08600468176e-17, 1.18167093201e-17, 9.99366942452e-18, 1.04724589339e-17, 1.22830150197e-17, 1.33884021148e-17, 1.37501141346e-17, 1.38432224116e-17, 1.30994654453e-17, 9.9476426137e-18, 7.81025257862e-18, 5.03187118788e-18, 2.38865896745e-18, 1.22799232253e-18, 3.2737500294e-19, 3.21533795958e-20], "var": [1.42721879482, 85.4828109741, 610.376586914, 263.018859863, 631.472717285, 539.025024414, 305.115875244, 406.511566162, 210.418640137, 828.549194336, 287.704498291, 3320.38330078, 1623.65527344, 493.251312256, 1373.13623047, 598.896240234, 3678.37036133, 1420.74523926, 652.346740723, 75.4430389404, 61.9803962708, 94.2927703857, 63.5660820007, 80.1767272949, 53.2619781494, 43.023109436, 42.7260437012, 35.7136955261, 21.3793010712, 12.7773485184, 8.48626995087, 3.77764773369, 4.72995519638, 2.28558135033, 0.592609167099, 0.0167053118348, 0.0021403671708, 0.000208969679079, 4.9951049732e-06, 2.55538132876e-08]}, "gfcc": {"mean": [-25.8309268951, 98.4520339966, -93.534072876, 21.7248096466, -55.8653793335, 21.5986652374, -21.8485050201, 8.25225257874, -17.8097286224, 10.1211271286, -1.87840902805, 4.67258787155, -9.72536659241], "cov": [[22230.21875, -981.987243652, -1298.53710938, 554.273620605, -739.375732422, 358.650268555, -636.529541016, 146.364654541, -148.982406616, 384.212524414, 24.3236961365, 274.317932129, 29.9003009796], [-981.987243652, 1446.55737305, 164.54901123, 308.403778076, 375.762512207, 158.45930481, 425.201660156, 79.6981277466, 253.398269653, 8.51159572601, 203.541778564, -3.19685721397, 60.5236244202], [-1298.53710938, 164.54901123, 700.59967041, 287.530609131, 370.176361084, 199.340133667, 190.04977417, 152.81930542, 89.4559555054, 37.7137298584, 29.9786758423, 12.2453641891, 3.71138429642], [554.273620605, 308.403778076, 287.530609131, 683.967102051, 459.606628418, 255.33215332, 223.110931396, 216.173675537, 206.509475708, 31.9999103546, 61.4608078003, 22.2284240723, 95.8739318848], [-739.375732422, 375.762512207, 370.176361084, 459.606628418, 543.831420898, 214.112640381, 255.320556641, 182.609054565, 201.996078491, 19.3245010376, 49.9693145752, -15.3091201782, 62.1310081482], [358.650268555, 158.45930481, 199.340133667, 255.33215332, 214.112640381, 219.612350464, 141.232315063, 126.206672668, 97.4166641235, 57.9338417053, 42.6393051147, 14.8933458328, 35.9052467346], [-636.529541016, 425.201660156, 190.04977417, 223.110931396, 255.320556641, 141.232315063, 267.550872803, 108.289863586, 153.049530029, 23.6771259308, 80.9427947998, 9.77254009247, 28.7731494904], [146.364654541, 79.6981277466, 152.81930542, 216.173675537, 182.609054565, 126.206672668, 108.289863586, 180.467315674, 97.9585800171, 54.5229988098, 29.1941757202, 36.4632453918, 50.7904396057], [-148.982406616, 253.398269653, 89.4559555054, 206.509475708, 201.996078491, 97.4166641235, 153.049530029, 97.9585800171, 182.196060181, 44.2205619812, 61.7084312439, 5.39583396912, 42.8837890625], [384.212524414, 8.51159572601, 37.7137298584, 31.9999103546, 19.3245010376, 57.9338417053, 23.6771259308, 54.5229988098, 44.2205619812, 100.808624268, 37.2960205078, 30.8884716034, 14.0045728683], [24.3236961365, 203.541778564, 29.9786758423, 61.4608078003, 49.9693145752, 42.6393051147, 80.9427947998, 29.1941757202, 61.7084312439, 37.2960205078, 103.271659851, 40.7110748291, 9.92157459259], [274.317932129, -3.19685721397, 12.2453641891, 22.2284240723, -15.3091201782, 14.8933458328, 9.77254009247, 36.4632453918, 5.39583396912, 30.8884716034, 40.7110748291, 108.434181213, 24.4576644897], [29.9003009796, 60.5236244202, 3.71138429642, 95.8739318848, 62.1310081482, 35.9052467346, 28.7731494904, 50.7904396057, 42.8837890625, 14.0045728683, 9.92157459259, 24.4576644897, 98.2841339111]], "icov": [[9.11691386136e-05, -3.36560187861e-05, 0.000222599104745, -0.000258814281551, 0.000180556686246, -0.000387819280149, 0.000345315027516, -5.27329139004e-05, 4.03936282964e-05, -0.000233379963902, 4.56052148365e-05, -0.000144625839312, 0.000237763568293], [-3.36560187861e-05, 0.00172285921872, 0.000126411308884, 8.53562378325e-05, -0.000412437162595, 0.000466462544864, -0.002599140862, 0.000959505094215, 8.45038230182e-05, 0.00044996078941, -0.00213029212318, 0.000754176930059, -0.000856968457811], [0.000222599104745, 0.000126411308884, 0.00334084173664, -0.000337211997248, -0.00167646165937, -0.00179221539292, -0.000152813314344, -0.000607105554081, 0.00183450162876, -0.00115751451813, 0.000281683402136, -0.000888046226464, 0.00168726337142], [-0.000258814281551, 8.53562378325e-05, -0.000337211997248, 0.00551002426073, -0.00312862615101, -0.00186976406258, 0.000589007686358, -0.0012948163785, -0.00178872630931, 0.00301399407908, -0.000832697551232, -0.000318310776493, -0.00166418962181], [0.000180556686246, -0.000412437162595, -0.00167646165937, -0.00312862615101, 0.00845134817064, -0.00109570182394, -0.000916189397685, -0.00127781566698, -0.00301319011487, 0.00126102147624, 0.00130905245896, 0.0015346352011, -7.8468270658e-05], [-0.000387819280149, 0.000466462544864, -0.00179221539292, -0.00186976406258, -0.00109570182394, 0.0146792698652, -0.00574729125947, -0.00195796159096, 0.0027987959329, -0.00469551840797, -0.000396839226596, 0.00223118136637, -0.00132057606243], [0.000345315027516, -0.002599140862, -0.000152813314344, 0.000589007686358, -0.000916189397685, -0.00574729125947, 0.0168850161135, -0.00280620343983, -0.00593798514456, 0.00327738421038, -0.00224223174155, -0.00140222115442, 0.00281166867353], [-5.27329139004e-05, 0.000959505094215, -0.000607105554081, -0.0012948163785, -0.00127781566698, -0.00195796159096, -0.00280620343983, 0.0148309776559, -0.00200411328115, -0.00396665604785, 0.00270153209567, -0.00334630301222, -0.00260880938731], [4.03936282964e-05, 8.45038230182e-05, 0.00183450162876, -0.00178872630931, -0.00301319011487, 0.0027987959329, -0.00593798514456, -0.00200411328115, 0.0173461697996, -0.00584127288312, -0.00335652916692, 0.0029398589395, -0.00186131917872], [-0.000233379963902, 0.00044996078941, -0.00115751451813, 0.00301399407908, 0.00126102147624, -0.00469551840797, 0.00327738421038, -0.00396665604785, -0.00584127288312, 0.0189939532429, -0.00532377138734, -0.00104045693297, -0.000455300410977], [4.56052148365e-05, -0.00213029212318, 0.000281683402136, -0.000832697551232, 0.00130905245896, -0.000396839226596, -0.00224223174155, 0.00270153209567, -0.00335652916692, -0.00532377138734, 0.0214259214699, -0.00745166093111, 0.0025919447653], [-0.000144625839312, 0.000754176930059, -0.000888046226464, -0.000318310776493, 0.0015346352011, 0.00223118136637, -0.00140222115442, -0.00334630301222, 0.0029398589395, -0.00104045693297, -0.00745166093111, 0.0147360488772, -0.00377109576948], [0.000237763568293, -0.000856968457811, 0.00168726337142, -0.00166418962181, -7.8468270658e-05, -0.00132057606243, 0.00281166867353, -0.00260880938731, -0.00186131917872, -0.000455300410977, 0.0025919447653, -0.00377109576948, 0.0148004926741]]}, "melbands": {"dmean": [0.00473139528185, 0.00510127842426, 0.00100637297146, 0.000737779948395, 0.000308392220177, 0.000246776384301, 9.70994879026e-05, 0.00011932860798, 5.33405618626e-05, 9.73437636276e-05, 5.40121727681e-05, 2.77504732367e-05, 4.36239897681e-05, 3.02331554849e-05, 3.11950643663e-05, 4.89721060148e-05, 2.84963134618e-05, 1.33216435643e-05, 6.14403506916e-06, 3.74687851945e-06, 4.22977700509e-06, 4.07693369198e-06, 3.88072157875e-06, 2.99414818983e-06, 3.08985886477e-06, 2.30155364989e-06, 1.63698734923e-06, 1.61051139003e-06, 1.60446825248e-06, 1.31701881401e-06, 1.3053489738e-06, 1.12281873044e-06, 8.245740446e-07, 8.05415822924e-07, 6.59224838273e-07, 7.07107176368e-07, 4.73570253234e-07, 4.69100200462e-07, 6.88366014856e-07, 4.76919353787e-07], "dmean2": [0.00757077196613, 0.00894581247121, 0.00164973782375, 0.00134256458841, 0.000524534319993, 0.000437679234892, 0.00016218154633, 0.000183406897122, 8.20237182779e-05, 0.00014481395192, 7.55906803533e-05, 4.12375302403e-05, 6.17876648903e-05, 4.39060022472e-05, 4.72055835417e-05, 7.25634963601e-05, 4.43363060185e-05, 2.1537338398e-05, 1.01097894003e-05, 6.0228089751e-06, 7.01213321008e-06, 6.28188445262e-06, 6.22677725914e-06, 4.74795660921e-06, 4.94251071359e-06, 3.53497102878e-06, 2.50583821071e-06, 2.42061446443e-06, 2.3424399842e-06, 1.91139247363e-06, 1.96042378775e-06, 1.74811407305e-06, 1.23029906263e-06, 1.16058720323e-06, 9.86783788903e-07, 1.15149646263e-06, 7.51861421122e-07, 7.29281168788e-07, 1.13521355161e-06, 7.81841606567e-07], "dvar": [6.21182771283e-05, 0.00016024368233, 8.7822381829e-06, 6.41166889181e-06, 3.57830543862e-07, 1.40000182114e-07, 4.79149520061e-08, 3.57632679027e-08, 2.09527559747e-08, 4.18585806017e-08, 8.22688228652e-09, 3.66437014065e-09, 4.46249837083e-09, 1.82714632313e-09, 2.22951146434e-09, 5.0503352611e-09, 3.2332621025e-09, 7.12983838635e-10, 1.40795319847e-10, 6.83397852197e-11, 6.48650300139e-11, 5.44824116377e-11, 3.34086473763e-11, 4.17259247987e-11, 3.42446696e-11, 1.85143272241e-11, 8.94502440868e-12, 8.94360106807e-12, 1.07487057449e-11, 5.11870754116e-12, 5.94176270685e-12, 4.2490533661e-12, 1.85388314942e-12, 1.60572108995e-12, 1.36841189421e-12, 2.86800292716e-12, 7.41546201614e-13, 9.40821422504e-13, 5.24600632032e-12, 2.08056423652e-12], "dvar2": [0.000167907128343, 0.000432183034718, 1.85905828403e-05, 1.82201983989e-05, 9.97805614134e-07, 4.32452196719e-07, 1.38466475619e-07, 8.72210321745e-08, 4.08687306219e-08, 8.15282348299e-08, 1.53401931158e-08, 6.96692126212e-09, 8.0217530396e-09, 3.80098263975e-09, 4.90140639187e-09, 1.0810815354e-08, 7.18149317791e-09, 1.68339475692e-09, 3.40334399551e-10, 1.72833358736e-10, 1.6903728417e-10, 1.08371631113e-10, 7.7416580091e-11, 9.28791279997e-11, 8.1094395088e-11, 3.98972729854e-11, 1.87064409102e-11, 1.82025783335e-11, 2.41596621181e-11, 9.74155651978e-12, 1.22908133324e-11, 9.25059594897e-12, 3.79253963304e-12, 3.21922219784e-12, 2.8009471912e-12, 7.51618645795e-12, 1.76801444578e-12, 2.20049542823e-12, 1.30605370269e-11, 5.64178218032e-12], "max": [0.0556013323367, 0.0883120372891, 0.0209678765386, 0.0214261524379, 0.00504318531603, 0.00343704456463, 0.00244250544347, 0.00298263737932, 0.00652944110334, 0.0080789886415, 0.00210493477061, 0.00125363271218, 0.00120364699978, 0.000465734425234, 0.00071999890497, 0.00097069691401, 0.000841694418341, 0.000346291635651, 0.000144208039274, 0.000140270261909, 0.000163468677783, 0.000107392115751, 8.99936858332e-05, 0.000107886226033, 9.71456538537e-05, 8.07630640338e-05, 3.80581659556e-05, 4.78040128655e-05, 4.44966863142e-05, 2.88289029413e-05, 4.08662344853e-05, 2.78400875686e-05, 2.00892482098e-05, 1.62385713338e-05, 1.40876582009e-05, 2.21066529775e-05, 1.18237130664e-05, 1.32897812364e-05, 2.88651444862e-05, 1.6659623725e-05], "mean": [0.0089349988848, 0.00586135545745, 0.00102806685027, 0.000573362223804, 0.000479659880511, 0.000390641653212, 0.000169430451933, 0.000246345851338, 0.000112383597298, 0.000235342376982, 0.000120012009575, 4.53771172033e-05, 8.18075714051e-05, 5.88774673815e-05, 6.36122131255e-05, 0.000110999360913, 4.34719913756e-05, 2.11165570363e-05, 9.2571717687e-06, 5.47062427358e-06, 6.1378987084e-06, 6.78022706779e-06, 6.01265764999e-06, 4.40412941316e-06, 4.64571121483e-06, 3.57914632332e-06, 2.65060111815e-06, 2.7377348033e-06, 2.56724342762e-06, 2.27827445087e-06, 2.16228909267e-06, 1.78557365871e-06, 1.47570483477e-06, 1.37030895075e-06, 1.07273490357e-06, 9.52931429765e-07, 6.69073472181e-07, 6.59260933844e-07, 8.66098787355e-07, 5.21602146364e-07], "median": [0.00572754675522, 0.00184592592996, 0.000173110456672, 0.000150003441377, 0.000284482608549, 0.000235794650507, 0.000105528102722, 0.000127123654238, 7.46550649637e-05, 0.000123909281683, 5.11346952408e-05, 1.56915830303e-05, 3.86551546399e-05, 3.44866057276e-05, 3.16939767799e-05, 4.73178151879e-05, 9.95238679025e-06, 5.97657299295e-06, 2.120110139e-06, 2.10789676203e-06, 2.45788191933e-06, 3.10358609568e-06, 3.29959948431e-06, 2.01782631848e-06, 2.14732108361e-06, 1.59009755407e-06, 1.10356870664e-06, 1.24650455291e-06, 1.01183525203e-06, 8.93272670055e-07, 8.5420049345e-07, 6.82075153691e-07, 6.97723010035e-07, 5.82507766467e-07, 4.16536380499e-07, 3.14433577842e-07, 2.58840515244e-07, 2.39652649725e-07, 2.5781227464e-07, 1.47038548448e-07], "min": [5.23509750937e-24, 3.3475415065e-24, 4.16405829733e-24, 4.94370925149e-24, 5.11876379724e-24, 3.53842533518e-24, 3.4670819382e-24, 3.38847116013e-24, 1.96007302766e-24, 2.49935017538e-24, 4.56298565153e-24, 4.98766418669e-24, 4.41333479351e-24, 3.31323079029e-24, 2.82721457265e-24, 5.17890852481e-24, 3.82701589786e-24, 4.8319611878e-24, 4.18043702188e-24, 7.99724072089e-24, 5.26053866799e-24, 3.27071335686e-24, 6.37626527258e-24, 4.88858956789e-24, 4.47566979338e-24, 9.19664929587e-24, 7.07800319614e-24, 6.75925921422e-24, 5.57939585145e-24, 5.83731195226e-24, 5.94638735519e-24, 6.78390007345e-24, 5.86702163724e-24, 7.63054582884e-24, 6.68843528215e-24, 7.36892799823e-24, 7.10327435524e-24, 9.77055507075e-24, 7.21595761352e-24, 7.61353562114e-24], "var": [0.00011096909293, 0.000147296348587, 8.92105344974e-06, 3.8120535919e-06, 3.53733327074e-07, 1.97365338295e-07, 4.74964032549e-08, 1.03914580052e-07, 3.75309632261e-08, 1.20111721458e-07, 3.8684003556e-08, 9.17617359875e-09, 1.4487741673e-08, 4.60281635029e-09, 6.60618848514e-09, 1.96771292593e-08, 7.06467284672e-09, 1.59095936425e-09, 3.0897659431e-10, 1.28041230396e-10, 1.11742538833e-10, 1.2403054972e-10, 6.10073172536e-11, 6.22000853601e-11, 5.64342322873e-11, 3.396952164e-11, 1.91647062803e-11, 1.96246335155e-11, 1.89544213658e-11, 1.28126077456e-11, 1.27365826219e-11, 8.33091408359e-12, 4.23760635956e-12, 3.81838788019e-12, 2.81302108343e-12, 3.40052682193e-12, 1.09765950669e-12, 1.29039270588e-12, 5.26087246683e-12, 1.68228061689e-12]}, "mfcc": {"mean": [-670.040039062, 129.942596436, 19.6212215424, 15.2266206741, -2.99846506119, 10.9483375549, 7.90437841415, 5.6898059845, -2.60713815689, 1.36833035946, 10.3935604095, 9.22758293152, 1.04637908936], "cov": [[9931.27539062, 806.794616699, -177.020767212, 187.430999756, -42.1463317871, 174.716842651, -73.9779434204, -20.6697978973, -63.6740646362, 59.8180274963, 68.3506393433, 8.54988384247, -80.1338424683], [806.794616699, 1138.96582031, 57.9489250183, 148.079528809, -4.38325834274, 155.577056885, 131.422195435, 136.401596069, 26.8098659515, 67.3006057739, 142.125717163, 136.427185059, 103.518928528], [-177.020767212, 57.9489250183, 404.139099121, 136.720916748, 167.435668945, 115.829818726, 147.347183228, 107.703887939, 82.6778717041, 48.5346412659, 74.4073944092, 79.2296524048, 53.913974762], [187.430999756, 148.079528809, 136.720916748, 450.090484619, 322.434875488, 205.015396118, 166.89440918, 227.988174438, 198.849411011, 156.45425415, 64.2057189941, 64.0848846436, 102.473182678], [-42.1463317871, -4.38325834274, 167.435668945, 322.434875488, 380.278137207, 178.751922607, 161.369186401, 179.39730835, 199.295059204, 168.14793396, 45.1714630127, 0.148196667433, 72.2314834595], [174.716842651, 155.577056885, 115.829818726, 205.015396118, 178.751922607, 208.653945923, 129.610992432, 133.727233887, 115.941047668, 115.989524841, 65.641166687, 55.341091156, 64.2602310181], [-73.9779434204, 131.422195435, 147.347183228, 166.89440918, 161.369186401, 129.610992432, 173.183181763, 136.026641846, 104.707015991, 85.8502883911, 59.1823997498, 52.9432296753, 58.0033874512], [-20.6697978973, 136.401596069, 107.703887939, 227.988174438, 179.39730835, 133.727233887, 136.026641846, 209.031646729, 133.192016602, 93.0594024658, 65.743347168, 64.6376571655, 82.7302780151], [-63.6740646362, 26.8098659515, 82.6778717041, 198.849411011, 199.295059204, 115.941047668, 104.707015991, 133.192016602, 209.290847778, 132.326080322, 1.06650841236, 12.1578636169, 89.7510986328], [59.8180274963, 67.3006057739, 48.5346412659, 156.45425415, 168.14793396, 115.989524841, 85.8502883911, 93.0594024658, 132.326080322, 231.858276367, 63.4548988342, -41.0045700073, 0.744211375713], [68.3506393433, 142.125717163, 74.4073944092, 64.2057189941, 45.1714630127, 65.641166687, 59.1823997498, 65.743347168, 1.06650841236, 63.4548988342, 158.334411621, 50.046333313, -13.3315887451], [8.54988384247, 136.427185059, 79.2296524048, 64.0848846436, 0.148196667433, 55.341091156, 52.9432296753, 64.6376571655, 12.1578636169, -41.0045700073, 50.046333313, 187.32649231, 82.2936172485], [-80.1338424683, 103.518928528, 53.913974762, 102.473182678, 72.2314834595, 64.2602310181, 58.0033874512, 82.7302780151, 89.7510986328, 0.744211375713, -13.3315887451, 82.2936172485, 177.622924805]], "icov": [[0.00011659302254, -9.14904667297e-05, 2.90954012598e-05, -0.000117794654216, 2.35463085119e-05, -0.000194859690964, 0.000189208774827, 8.56317565194e-05, 1.37996175908e-05, 3.3120628359e-05, 2.53957132372e-05, 1.39098137879e-05, 0.000112647270726], [-9.14904667297e-05, 0.00137113966048, 0.000146808670252, -0.000430125364801, 0.00118665350601, -0.000477089837659, -0.000994222355075, -0.000163192060427, 0.000496405933518, -0.000384673214285, -0.000714768830221, 1.93859923456e-05, -0.000857923121657], [2.90954012598e-05, 0.000146808670252, 0.0041297422722, 0.000635323580354, -0.00156134914141, -0.000224611794692, -0.00289969751611, 0.00085138034774, -0.000287659844616, 0.000926600594539, -0.00111907860264, -0.00100015720818, 9.49470413616e-05], [-0.000117794654216, -0.000430125364801, 0.000635323580354, 0.00889340322465, -0.00543949147686, -0.00151231337804, 0.00147423939779, -0.00452745705843, -0.000344835978467, -0.000340673344908, 0.000774780695792, -0.00179905456025, 0.000327729969285], [2.35463085119e-05, 0.00118665350601, -0.00156134914141, -0.00543949147686, 0.0118572637439, -0.00183231057599, -0.00270315096714, 0.000390937813791, -0.00306065217592, -0.000660048157442, -0.000720571551938, 0.0033126140479, -0.000566776434425], [-0.000194859690964, -0.000477089837659, -0.000224611794692, -0.00151231337804, -0.00183231057599, 0.0135638909414, -0.00395403569564, -0.000115380666102, 0.000211808262975, -0.0030012188945, -0.000585879781283, -0.00199908204377, -0.00089851336088], [0.000189208774827, -0.000994222355075, -0.00289969751611, 0.00147423939779, -0.00270315096714, -0.00395403569564, 0.0185343828052, -0.00605094060302, -0.000773120613303, -0.000415413465817, 0.000127431383589, -0.000991368549876, 0.00085127359489], [8.56317565194e-05, -0.000163192060427, 0.00085138034774, -0.00452745705843, 0.000390937813791, -0.000115380666102, -0.00605094060302, 0.0173109080642, -0.00465460075065, 0.00161907926667, -0.00399417430162, -0.000587213900872, -0.00139937899075], [1.37996175908e-05, 0.000496405933518, -0.000287659844616, -0.000344835978467, -0.00306065217592, 0.000211808262975, -0.000773120613303, -0.00465460075065, 0.0181767903268, -0.00752274738625, 0.00545834330842, -0.000476516899653, -0.00493099214509], [3.3120628359e-05, -0.000384673214285, 0.000926600594539, -0.000340673344908, -0.000660048157442, -0.0030012188945, -0.000415413465817, 0.00161907926667, -0.00752274738625, 0.0122419279069, -0.00490699429065, 0.00383124011569, 0.00249670236371], [2.53957132372e-05, -0.000714768830221, -0.00111907860264, 0.000774780695792, -0.000720571551938, -0.000585879781283, 0.000127431383589, -0.00399417430162, 0.00545834330842, -0.00490699429065, 0.0125108193606, -0.00363969965838, 0.00253224070184], [1.39098137879e-05, 1.93859923456e-05, -0.00100015720818, -0.00179905456025, 0.0033126140479, -0.00199908204377, -0.000991368549876, -0.000587213900872, -0.000476516899653, 0.00383124011569, -0.00363969965838, 0.0109490770847, -0.00381139316596], [0.000112647270726, -0.000857923121657, 9.49470413616e-05, 0.000327729969285, -0.000566776434425, -0.00089851336088, 0.00085127359489, -0.00139937899075, -0.00493099214509, 0.00249670236371, 0.00253224070184, -0.00381139316596, 0.0113291889429]]}, "spectral_contrast_coeffs": {"dmean": [0.0471290424466, 0.0429180711508, 0.039692375809, 0.0380062274635, 0.0232622157782, 0.016639675945], "dmean2": [0.0752090290189, 0.0707098096609, 0.0611624009907, 0.0586658939719, 0.0374339744449, 0.0271355826408], "dvar": [0.00191090395674, 0.00120869709644, 0.00118551624473, 0.00108432921115, 0.000480199989397, 0.000188529404113], "dvar2": [0.00395746342838, 0.00333420652896, 0.00265968847089, 0.00256791478023, 0.00114148529246, 0.000457025918877], "max": [-0.283170104027, -0.453814476728, -0.427741318941, -0.507189393044, -0.669220089912, -0.681048870087], "mean": [-0.681904017925, -0.728751063347, -0.718405365944, -0.729779601097, -0.796897947788, -0.76605951786], "median": [-0.711830973625, -0.730230212212, -0.719846606255, -0.735669374466, -0.799110472202, -0.762117624283], "min": [-0.975708007812, -0.969218254089, -0.969748437405, -0.962275326252, -0.963758826256, -0.963621675968], "var": [0.0124995671213, 0.00457517011091, 0.0069478135556, 0.00639135530218, 0.00182045181282, 0.0012861561263]}, "spectral_contrast_valleys": {"dmean": [0.400421768427, 0.360147237778, 0.373467296362, 0.384713858366, 0.355042517185, 0.347036361694], "dmean2": [0.621492385864, 0.581598639488, 0.587018191814, 0.561498522758, 0.492054075003, 0.476944327354], "dvar": [0.251915186644, 0.156092688441, 0.15721412003, 0.181477859616, 0.17281216383, 0.167348235846], "dvar2": [0.424870312214, 0.364027053118, 0.327971190214, 0.356228262186, 0.320257037878, 0.293581962585], "max": [-5.02046346664, -4.65297412872, -5.34243249893, -6.2051153183, -5.77029180527, -8.14284133911], "me