{"lowlevel": {"average_loudness": 0.0929772779346, "barkbands_crest": {"dmean": 2.18048167229, "dmean2": 3.34263443947, "dvar": 3.87989163399, "dvar2": 9.44680976868, "max": 26.677022934, "mean": 14.1156892776, "median": 13.1658287048, "min": 3.40218997002, "var": 27.1553936005}, "barkbands_flatness_db": {"dmean": 0.0219658780843, "dmean2": 0.032586697489, "dvar": 0.000608613656368, "dvar2": 0.00132036267314, "max": 0.735801994801, "mean": 0.358660370111, "median": 0.349174559116, "min": 0.0334496386349, "var": 0.0106297582388}, "barkbands_kurtosis": {"dmean": 7.06088066101, "dmean2": 10.3854074478, "dvar": 794.249816895, "dvar2": 1882.7019043, "max": 2487.80419922, "mean": 16.7116584778, "median": 6.33033800125, "min": -1.80761301517, "var": 2386.60498047}, "barkbands_skewness": {"dmean": 0.599368274212, "dmean2": 0.894096851349, "dvar": 0.52131986618, "dvar2": 1.19447755814, "max": 29.1177425385, "mean": 2.11221933365, "median": 1.75835251808, "min": -3.62045049667, "var": 4.04261112213}, "barkbands_spread": {"dmean": 1.22583591938, "dmean2": 1.87149894238, "dvar": 6.95702266693, "dvar2": 16.7184066772, "max": 91.9147262573, "mean": 4.28740119934, "median": 3.08503866196, "min": 0.0162731874734, "var": 30.236038208}, "dissonance": {"dmean": 0.0426171645522, "dmean2": 0.0704120025039, "dvar": 0.00149962585419, "dvar2": 0.00383461290039, "max": 0.500000119209, "mean": 0.367303609848, "median": 0.384551554918, "min": 0.0502780117095, "var": 0.00745893875137}, "dynamic_complexity": 5.67407846451, "erbbands_crest": {"dmean": 2.54006838799, "dmean2": 3.91308379173, "dvar": 5.38437080383, "dvar2": 13.1269598007, "max": 32.6703414917, "mean": 13.5543622971, "median": 12.8487472534, "min": 2.48276185989, "var": 27.6212863922}, "erbbands_flatness_db": {"dmean": 0.017605330795, "dmean2": 0.02547782287, "dvar": 0.000414778623963, "dvar2": 0.000872249365784, "max": 0.629233956337, "mean": 0.339420825243, "median": 0.337203085423, "min": 0.0571005903184, "var": 0.00660054711625}, "erbbands_kurtosis": {"dmean": 2.7502720356, "dmean2": 4.08088970184, "dvar": 25.5924549103, "dvar2": 54.0484657288, "max": 247.867340088, "mean": 6.08959007263, "median": 2.4225153923, "min": -1.65518939495, "var": 168.083129883}, "erbbands_skewness": {"dmean": 0.455453693867, "dmean2": 0.672875881195, "dvar": 0.189802393317, "dvar2": 0.417138159275, "max": 12.2835960388, "mean": 1.33204054832, "median": 1.15576767921, "min": -2.3952088356, "var": 1.73152065277}, "erbbands_spread": {"dmean": 2.89864563942, "dmean2": 4.40755987167, "dvar": 17.2003536224, "dvar2": 40.7135734558, "max": 113.503791809, "mean": 12.022061348, "median": 9.95025634766, "min": 0.299867033958, "var": 89.7127914429}, "hfc": {"dmean": 1.98226130009, "dmean2": 2.99141120911, "dvar": 23.1414146423, "dvar2": 59.1394081116, "max": 103.328590393, "mean": 7.10532712936, "median": 4.20325279236, "min": 1.17942270474e-16, "var": 77.7025756836}, "melbands_crest": {"dmean": 2.31044888496, "dmean2": 3.6339366436, "dvar": 4.36905765533, "dvar2": 11.3820934296, "max": 32.0525131226, "mean": 15.0179100037, "median": 14.4894304276, "min": 1.55900323391, "var": 22.0531158447}, "melbands_flatness_db": {"dmean": 0.0242342855781, "dmean2": 0.0358474627137, "dvar": 0.000885832414497, "dvar2": 0.0019349482609, "max": 0.848506391048, "mean": 0.44488120079, "median": 0.434588849545, "min": 0.00287848617882, "var": 0.013426668942}, "melbands_kurtosis": {"dmean": 4.82922077179, "dmean2": 7.39764547348, "dvar": 69.2303466797, "dvar2": 155.194091797, "max": 395.627716064, "mean": 12.4187660217, "median": 7.00292158127, "min": -1.69854009151, "var": 343.782928467}, "melbands_skewness": {"dmean": 0.524860799313, "dmean2": 0.793340623379, "dvar": 0.274230182171, "dvar2": 0.649030804634, "max": 13.1384124756, "mean": 1.91625142097, "median": 1.73364830017, "min": -2.69120979309, "var": 1.85005104542}, "melbands_spread": {"dmean": 1.62070894241, "dmean2": 2.5037856102, "dvar": 12.5099697113, "dvar2": 29.832818985, "max": 167.154678345, "mean": 6.26981830597, "median": 4.14312267303, "min": 0.207957133651, "var": 142.111694336}, "pitch_salience": {"dmean": 0.0587959177792, "dmean2": 0.0925629287958, "dvar": 0.00271568261087, "dvar2": 0.00684206793085, "max": 0.896263122559, "mean": 0.517649650574, "median": 0.520967841148, "min": 0.0361924655735, "var": 0.016381604597}, "silence_rate_20dB": {"dmean": 0, "dmean2": 0, "dvar": 0, "dvar2": 0, "max": 1, "mean": 1, "median": 1, "min": 1, "var": 0}, "silence_rate_30dB": {"dmean": 0.00575482472777, "dmean2": 0.0115102203563, "dvar": 0.00572120537981, "dvar2": 0.0138576803729, "max": 1, "mean": 0.991665840149, "median": 1, "min": 0, "var": 0.00826523825526}, "silence_rate_60dB": {"dmean": 0.0277819111943, "dmean2": 0.0555665791035, "dvar": 0.0270063411444, "dvar2": 0.0605041794479, "max": 1, "mean": 0.208899691701, "median": 0, "min": 0, "var": 0.165267318487}, "spectral_centroid": {"dmean": 50.4777412415, "dmean2": 78.1835784912, "dvar": 17501.4648438, "dvar2": 34531.9765625, "max": 11084.5527344, "mean": 431.585388184, "median": 367.302856445, "min": 174.113479614, "var": 128311.179688}, "spectral_complexity": {"dmean": 1.64290320873, "dmean2": 2.58334994316, "dvar": 4.88375377655, "dvar2": 10.2629289627, "max": 50, "mean": 7.75364637375, "median": 7, "min": 0, "var": 21.4025478363}, "spectral_decrease": {"dmean": 1.18797960358e-09, "dmean2": 1.78308390275e-09, "dvar": 4.49372981523e-18, "dvar2": 1.08083174236e-17, "max": 4.25987717066e-18, "mean": -5.09853670394e-09, "median": -3.09385561614e-09, "min": -7.17384125437e-08, "var": 3.34602961933e-17}, "spectral_energy": {"dmean": 0.00464803678915, "dmean2": 0.006975710392, "dvar": 6.87353604008e-05, "dvar2": 0.000165304401889, "max": 0.280128926039, "mean": 0.0198874361813, "median": 0.0120819602162, "min": 1.07590299831e-20, "var": 0.000508809753228}, "spectral_energyband_high": {"dmean": 2.34385952353e-05, "dmean2": 4.27428167313e-05, "dvar": 7.17178281207e-08, "dvar2": 2.03119398634e-07, "max": 0.00748952571303, "mean": 1.68821989064e-05, "median": 7.68716176935e-07, "min": 7.64859338863e-21, "var": 4.33633573493e-08}, "spectral_energyband_low": {"dmean": 0.0014785801759, "dmean2": 0.00238513946533, "dvar": 1.96258788492e-05, "dvar2": 4.90811944474e-05, "max": 0.169658064842, "mean": 0.00404491601512, "median": 0.000639598583803, "min": 6.27711326652e-23, "var": 6.56455376884e-05}, "spectral_energyband_middle_high": {"dmean": 0.000615892698988, "dmean2": 0.000957111245953, "dvar": 2.65049902737e-06, "dvar2": 6.39729432805e-06, "max": 0.0371557325125, "mean": 0.0011833710596, "median": 0.000359841214959, "min": 1.53183398616e-21, "var": 6.10847428106e-06}, "spectral_energyband_middle_low": {"dmean": 0.00387002434582, "dmean2": 0.00569353159517, "dvar": 4.60757255496e-05, "dvar2": 0.000107707237476, "max": 0.279546260834, "mean": 0.0157423522323, "median": 0.0094400793314, "min": 5.38743379191e-22, "var": 0.000370213587303}, "spectral_entropy": {"dmean": 0.186839461327, "dmean2": 0.275295495987, "dvar": 0.054238781333, "dvar2": 0.124240495265, "max": 9.79742050171, "mean": 5.68783426285, "median": 5.72967147827, "min": 2.8571896553, "var": 0.666524708271}, "spectral_flux": {"dmean": 0.0122919287533, "dmean2": 0.0201064478606, "dvar": 0.000303146167425, "dvar2": 0.000724555342458, "max": 0.317329227924, "mean": 0.0408707819879, "median": 0.0348925553262, "min": 1.03725743272e-10, "var": 0.00095323327696}, "spectral_kurtosis": {"dmean": 22.7919998169, "dmean2": 38.0913276672, "dvar": 752.983947754, "dvar2": 1938.64282227, "max": 577.407470703, "mean": 67.8407058716, "median": 50.0515480042, "min": -1.22420346737, "var": 3809.65405273}, "spectral_rms": {"dmean": 0.000454578694189, "dmean2": 0.000674797338434, "dvar": 3.37087612934e-07, "dvar2": 7.91618901985e-07, "max": 0.0165316816419, "mean": 0.00374730164185, "median": 0.00343326060101, "min": 3.23984805997e-12, "var": 5.36022162123e-06}, "spectral_rolloff": {"dmean": 89.4664001465, "dmean2": 153.600463867, "dvar": 84159.1484375, "dvar2": 187602.125, "max": 19918.2128906, "mean": 668.59375, "median": 430.6640625, "min": 150.732421875, "var": 3052344.25}, "spectral_skewness": {"dmean": 1.14854240417, "dmean2": 1.91828465462, "dvar": 1.28304600716, "dvar2": 3.27077388763, "max": 19.8230724335, "mean": 5.66024398804, "median": 5.09364461899, "min": 0.00711691565812, "var": 7.91035652161}, "spectral_spread": {"dmean": 304816, "dmean2": 499463.78125, "dvar": 249397493760, "dvar2": 498350129152, "max": 41753584, "mean": 1466466.5, "median": 1217423, "min": 164844.109375, "var": 1527808917500.0}, "spectral_strongpeak": {"dmean": 0.303850591183, "dmean2": 0.48612433672, "dvar": 0.181305870414, "dvar2": 0.416565775871, "max": 10.6302518845, "mean": 0.908369958401, "median": 0.629013538361, "min": 0, "var": 0.820201933384}, "zerocrossingrate": {"dmean": 0.00237091467716, "dmean2": 0.00308194220997, "dvar": 2.26118518185e-05, "dvar2": 3.1946314266e-05, "max": 0.5244140625, "mean": 0.0237534362823, "median": 0.017578125, "min": 0.005859375, "var": 0.0021585514769}, "barkbands": {"dmean": [4.26256065111e-06, 0.000145277241245, 0.000994590693153, 0.00070485152537, 0.00200597080402, 0.00107826327439, 0.00146751396824, 0.000411209446611, 0.000203040326596, 0.000238003907725, 0.000256547325989, 9.34574636631e-05, 8.9692279289e-05, 6.31031216471e-05, 3.48129615304e-05, 3.54486110155e-05, 9.92265540845e-06, 7.47982630855e-06, 6.72064606988e-06, 5.89270621276e-06, 4.26245151175e-06, 4.01406396122e-06, 4.43748194812e-06, 3.55574957212e-06, 2.61685499936e-06, 1.99022633751e-06, 1.66823213021e-07], "dmean2": [6.94710024618e-06, 0.000219222187297, 0.00156036787666, 0.00123594922479, 0.00290453853086, 0.00155439274386, 0.00202012946829, 0.000527706113644, 0.000312238786137, 0.000367938977433, 0.000399507174734, 0.000151651533088, 0.000144998222822, 0.000101602854556, 5.71921118535e-05, 6.35915057501e-05, 1.65729561559e-05, 1.27951752802e-05, 1.16137052828e-05, 1.03713719e-05, 7.68901372794e-06, 7.34289687898e-06, 8.10568326415e-06, 6.61180865791e-06, 4.82906125399e-06, 3.76589332518e-06, 3.10520618996e-07], "dvar": [4.93718843586e-10, 7.81471328537e-07, 8.65476067702e-06, 3.00740975945e-06, 1.084309406e-05, 8.29610507935e-06, 1.42254157254e-05, 1.15187822303e-06, 3.36166181114e-07, 5.25241830474e-07, 7.78135188284e-07, 6.35415204897e-08, 5.2206146961e-08, 6.76441160863e-08, 3.49520234977e-08, 1.54259723217e-07, 2.6858442137e-09, 2.93837754128e-09, 5.11972286787e-09, 2.72558664527e-09, 2.77996003994e-09, 2.28014251924e-09, 2.99229219181e-09, 2.84937762274e-09, 1.06740427608e-09, 9.13991882179e-10, 5.03865005275e-12], "dvar2": [1.22095178412e-09, 1.77885453922e-06, 2.22565358854e-05, 8.82479071151e-06, 2.45738174272e-05, 1.62197175086e-05, 2.77482486126e-05, 2.04085449695e-06, 7.51965956169e-07, 1.15859074867e-06, 1.85501062333e-06, 1.55967185833e-07, 1.30185014768e-07, 1.67199047496e-07, 9.1648622913e-08, 4.3291709062e-07, 6.0095834975e-09, 7.55137197217e-09, 1.36295907893e-08, 7.48467154921e-09, 7.81546738438e-09, 6.471323033e-09, 8.35626323692e-09, 8.23600565525e-09, 3.05943048673e-09, 2.69161204436e-09, 1.43406909611e-11], "max": [0.000734255998395, 0.0391329675913, 0.0970615446568, 0.0527954027057, 0.0788922980428, 0.163611233234, 0.152524083853, 0.0473600998521, 0.0205180887133, 0.0263621471822, 0.031347386539, 0.00692219845951, 0.00508941616863, 0.00926156155765, 0.0067424159497, 0.0144927026704, 0.00232182117179, 0.00218069925904, 0.00394780794159, 0.00162467861082, 0.00185955665074, 0.00219137594104, 0.00177882181015, 0.00218733912334, 0.00105479324702, 0.00128009717446, 8.11562349554e-05], "mean": [5.33067077413e-06, 0.000219172245124, 0.00280669727363, 0.00147424556781, 0.00615216698498, 0.0027955013793, 0.00381166068837, 0.000941099133343, 0.000368506473023, 0.000451678701211, 0.000423712801421, 0.000124668760691, 0.000111311266664, 8.11790596345e-05, 4.0568462282e-05, 3.204346649e-05, 1.28160945678e-05, 8.95961147762e-06, 6.79884806232e-06, 5.07065942656e-06, 3.15415854857e-06, 2.78484549199e-06, 3.05312437376e-06, 2.36089476857e-06, 1.69085069501e-06, 1.22701271721e-06, 1.06142117318e-07], "median": [9.73664260329e-09, 1.42052954288e-06, 0.000320347724482, 0.000406675186241, 0.00338906049728, 0.000790640711784, 0.000647840439342, 0.000186774734175, 7.77704481152e-05, 9.08536312636e-05, 6.17687328486e-05, 1.81764517038e-05, 2.12631275645e-05, 1.74717824848e-05, 7.22512140783e-06, 4.98561030327e-06, 3.56643818122e-06, 1.78831396624e-06, 9.00971713236e-07, 4.09879618246e-07, 9.55468806296e-08, 6.45881783612e-08, 3.17975619168e-08, 1.76917787087e-08, 7.44596739821e-09, 8.54367132597e-10, 5.08797004528e-10], "min": [5.76404633791e-23, 1.43761001626e-23, 7.6387207944e-24, 4.93244557994e-23, 4.63599859373e-23, 2.38764246193e-23, 2.02011336526e-22, 9.9098656978e-23, 5.81685268691e-23, 1.09374176114e-22, 8.83244830869e-23, 4.58178838787e-23, 9.01225558363e-23, 1.67786069727e-22, 1.41338554936e-22, 1.61921412701e-22, 1.13328830495e-22, 2.22849494923e-22, 2.62663014509e-22, 2.46458019224e-22, 5.8830156501e-22, 3.61223725148e-22, 6.54914544947e-22, 8.87754325835e-22, 1.14231501941e-21, 1.63679040236e-21, 2.53316994401e-21], "var": [7.16159243019e-10, 1.03674574348e-06, 3.33760144713e-05, 6.5582089519e-06, 6.56851261738e-05, 5.62374698347e-05, 9.7822798125e-05, 5.34528680873e-06, 8.96281619589e-07, 1.82908718216e-06, 1.81794780474e-06, 1.04105943421e-07, 6.99553908134e-08, 7.12085252985e-08, 3.0290628672e-08, 1.03278139818e-07, 3.10436099049e-09, 2.96054780691e-09, 3.83524545455e-09, 1.83976256452e-09, 1.72438008317e-09, 1.36722644317e-09, 1.87894877435e-09, 1.61327284864e-09, 6.26655227709e-10, 4.88854512426e-10, 3.02265829553e-12]}, "erbbands": {"dmean": [0.00351364375092, 0.0464087016881, 0.761626958847, 2.20320296288, 2.48200511932, 9.40450286865, 7.18132019043, 10.8226442337, 22.7582702637, 14.5240545273, 3.77270531654, 5.14004659653, 7.54500627518, 8.85765266418, 6.75368690491, 4.1545715332, 4.46077489853, 3.21522974968, 2.28228163719, 1.95531404018, 1.28403747082, 0.547703623772, 0.42424967885, 0.389858871698, 0.28209990263, 0.267516583204, 0.164570555091, 0.189465790987, 0.142021849751, 0.153927266598, 0.113646887243, 0.0853843986988, 0.0486507564783, 0.0303317867219, 0.0194199960679, 0.00988182146102, 0.0035540855024, 0.000451376050478, 3.41297090927e-05, 5.92668948229e-06], "dmean2": [0.00523025728762, 0.0704759582877, 1.20576989651, 3.70959687233, 4.08335781097, 14.2289209366, 9.54513072968, 15.1338605881, 33.0941200256, 17.9311943054, 5.22777986526, 7.78724098206, 11.5893220901, 13.683968544, 10.7618684769, 6.67761135101, 7.16241502762, 5.1230301857, 3.67426729202, 3.38219857216, 2.25785088539, 0.921325385571, 0.728766083717, 0.664512455463, 0.486245721579, 0.477962613106, 0.291285723448, 0.346814632416, 0.25963973999, 0.282122045755, 0.205913186073, 0.159338727593, 0.0897000879049, 0.0555410459638, 0.036188621074, 0.0186181236058, 0.00675097620115, 0.000848150579259, 6.30035501672e-05, 9.14767133509e-06], "dvar": [0.000566373346373, 0.0553823336959, 5.33194541931, 35.265247345, 27.1778717041, 258.766021729, 192.172988892, 847.502197266, 4050.40161133, 1251.63183594, 103.876159668, 201.808609009, 509.046966553, 1007.76055908, 471.968658447, 109.240837097, 118.796302795, 133.779525757, 113.863059998, 270.510803223, 161.288925171, 9.24690818787, 8.28567886353, 11.3177127838, 8.20962810516, 6.31215810776, 2.55303812027, 6.49376249313, 2.82650494576, 3.56688284874, 2.05075478554, 1.71842312813, 0.457558453083, 0.136596858501, 0.0730348527431, 0.0212192479521, 0.00321699213237, 3.77893265977e-05, 1.75933564606e-07, 2.25196805648e-10], "dvar2": [0.0012693941826, 0.128627747297, 13.9173660278, 95.3302154541, 71.227142334, 645.605285645, 418.470489502, 1546.61303711, 9495.24316406, 1903.1784668, 238.953063965, 439.222015381, 1113.9831543, 2230.79150391, 1219.51342773, 268.573364258, 291.804443359, 329.405090332, 288.773895264, 752.69317627, 445.887969971, 21.5628128052, 22.3099060059, 28.2927970886, 21.8914699554, 17.5800113678, 6.87106513977, 18.5901012421, 8.06353473663, 9.97967529297, 5.69536447525, 4.98969888687, 1.30581438541, 0.384726345539, 0.212090298533, 0.0623587071896, 0.00949667021632, 0.000109408967546, 5.03485921399e-07, 6.01735328232e-10], "max": [1.04693377018, 10.1375188828, 69.4158096313, 203.011932373, 207.212310791, 357.033325195, 459.044403076, 1890.13122559, 2700.56005859, 1342.58496094, 437.63671875, 624.645263672, 703.454284668, 1362.7199707, 608.901733398, 305.451385498, 234.032562256, 368.223815918, 353.305084229, 511.566131592, 485.444763184, 125.835853577, 118.32183075, 148.907180786, 149.570556641, 83.0461959839, 57.9848670959, 92.924407959, 79.2413787842, 70.4406509399, 49.8824424744, 58.4738502502, 21.8058662415, 12.3933773041, 9.98015403748, 6.34481668472, 2.32688260078, 0.187839686871, 0.01346377749, 0.000465031334898], "mean": [0.00513222673908, 0.0887887850404, 1.94961345196, 5.72046804428, 6.2142457962, 25.0441551208, 23.8719902039, 30.186504364, 57.2225227356, 40.2574882507, 9.14558601379, 9.88056373596, 14.2959928513, 15.8532867432, 10.7532739639, 5.88476848602, 5.87099313736, 4.22384500504, 2.97522568703, 2.0657582283, 1.27487373352, 0.700869321823, 0.529918015003, 0.430412918329, 0.272082179785, 0.226939693093, 0.136593922973, 0.133697345853, 0.0984798297286, 0.104112349451, 0.0792563185096, 0.0560971237719, 0.0332209169865, 0.020367436111, 0.0121239079162, 0.00604083016515, 0.00221914402209, 0.000282708992017, 2.96114121738e-05, 2.26065531024e-05], "median": [0.000151898770127, 0.005854873918, 0.237205758691, 1.31573462486, 2.58677864075, 13.2142028809, 12.9737129211, 7.7827796936, 9.87736797333, 10.2557449341, 2.98524975777, 2.19351005554, 3.26349687576, 2.19148826599, 2.17619824409, 1.19463729858, 1.16769075394, 1.03780293465, 0.726317048073, 0.451945155859, 0.2760232687, 0.19610196352, 0.126927927136, 0.066668882966, 0.0333372950554, 0.018294788897, 0.00807712413371, 0.0040201228112, 0.00244422955438, 0.00128890410997, 0.000811933074147, 0.000510717392899, 0.00028707558522, 0.000117264789878, 4.84277552459e-05, 1.58971561177e-05, 7.06538094164e-06, 1.30219098082e-06, 6.16465149506e-06, 1.35284590215e-05], "min": [3.8703449666e-22, 3.71903230681e-21, 9.33496181824e-21, 8.96243537482e-20, 1.0238378918e-19, 2.13151545007e-19, 1.6815995072e-19, 3.75468627922e-19, 2.70740888059e-18, 2.08161159202e-18, 2.32341571702e-18, 1.16717076607e-18, 3.71230263031e-18, 3.08932230531e-18, 2.30081259319e-18, 1.92520331871e-18, 3.029125477e-18, 7.88159277055e-18, 7.33832205092e-18, 8.38937992344e-18, 8.04647881795e-18, 6.5609563228e-18, 1.00208538882e-17, 1.34650916838e-17, 1.38848618564e-17, 1.26300867698e-17, 2.73459987897e-17, 1.52124172564e-17, 1.16639191348e-17, 1.62203897723e-17, 1.86969205499e-17, 1.53021117589e-17, 1.6259120023e-17, 1.17891005128e-17, 8.7583893306e-18, 6.03180144033e-18, 3.02230640683e-18, 1.25370016539e-18, 3.10907129413e-19, 4.20024899025e-20], "var": [0.000714357243851, 0.0815561190248, 16.2525463104, 110.314430237, 127.433029175, 1189.78674316, 1021.98345947, 6573.94091797, 23520.2246094, 8337.16601562, 325.229034424, 662.679992676, 1713.78930664, 3197.7902832, 848.683227539, 180.299804688, 168.391296387, 141.834899902, 109.136573792, 185.480865479, 113.226112366, 9.9805393219, 7.64910507202, 10.3992538452, 6.18613052368, 4.06931686401, 1.78995585442, 3.80157423019, 1.67048537731, 2.21278834343, 1.31089258194, 0.957873404026, 0.26947632432, 0.0847394615412, 0.0409870892763, 0.0114185316488, 0.00170289166272, 2.16154730879e-05, 1.03762758386e-07, 7.21703419249e-10]}, "gfcc": {"mean": [-213.899368286, 202.20072937, -105.384750366, -21.5031280518, -49.6700325012, -32.8459663391, -44.3483734131, -27.0989952087, -23.9725322723, -18.6436843872, -9.43098735809, -13.4741592407, -7.05083370209], "cov": [[22777.0410156, 1445.61279297, -2163.51367188, 43.8541145325, 96.6661300659, 1653.01586914, 311.796356201, 878.49810791, 149.394668579, 32.1830863953, 122.841011047, -238.834625244, -382.241119385], [1445.61279297, 1846.02490234, -59.8990745544, -436.037017822, 282.070617676, -487.180541992, 103.599517822, -244.014587402, 30.2257118225, -132.164627075, -32.2420349121, -108.843849182, 35.8791122437], [-2163.51367188, -59.8990745544, 1243.24157715, 47.5935249329, 72.1688537598, -112.835853577, -145.093887329, -18.0322666168, -62.2211761475, 146.758529663, -42.4509315491, 89.6381378174, -70.2747573853], [43.8541145325, -436.037017822, 47.5935249329, 770.013916016, 42.2712440491, -39.4346427917, 81.448348999, -57.0611572266, -6.85289716721, 42.6034088135, -72.9682922363, 58.8247375488, 20.6349716187], [96.6661300659, 282.070617676, 72.1688537598, 42.2712440491, 419.240203857, -19.1483573914, 105.294250488, -0.977146029472, -24.9160785675, 82.3278656006, -75.8708724976, 57.1101989746, -36.7108535767], [1653.01586914, -487.180541992, -112.835853577, -39.4346427917, -19.1483573914, 682.096252441, 6.94602918625, 294.975402832, 19.48787117, 50.9304771423, 69.311668396, 24.7494544983, -101.383285522], [311.796356201, 103.599517822, -145.093887329, 81.448348999, 105.294250488, 6.94602918625, 249.553955078, 30.4946537018, 29.5229606628, 33.4181175232, -100.860191345, 44.356174469, 3.08414006233], [878.49810791, -244.014587402, -18.0322666168, -57.0611572266, -0.977146029472, 294.975402832, 30.4946537018, 292.410705566, 34.529209137, 42.8311157227, 18.9211902618, -10.5724582672, -63.9399147034], [149.394668579, 30.2257118225, -62.2211761475, -6.85289716721, -24.9160785675, 19.48787117, 29.5229606628, 34.529209137, 102.378890991, 5.08867883682, -12.2233037949, -9.64864349365, -7.21674871445], [32.1830863953, -132.164627075, 146.758529663, 42.6034088135, 82.3278656006, 50.9304771423, 33.4181175232, 42.8311157227, 5.08867883682, 187.237121582, -35.3043060303, 28.6866378784, -61.1082191467], [122.841011047, -32.2420349121, -42.4509315491, -72.9682922363, -75.8708724976, 69.311668396, -100.860191345, 18.9211902618, -12.2233037949, -35.3043060303, 200.250473022, -48.0924415588, -33.8613929749], [-238.834625244, -108.843849182, 89.6381378174, 58.8247375488, 57.1101989746, 24.7494544983, 44.356174469, -10.5724582672, -9.64864349365, 28.6866378784, -48.0924415588, 128.693191528, -2.25763511658], [-382.241119385, 35.8791122437, -70.2747573853, 20.6349716187, -36.7108535767, -101.383285522, 3.08414006233, -63.9399147034, -7.21674871445, -61.1082191467, -33.8613929749, -2.25763511658, 125.126022339]], "icov": [[0.000148065097164, -0.000494425185025, 0.000333191361278, -0.000367492408259, 0.000353315263055, -0.000425771693699, 0.000398576172302, -0.000476544926642, 0.000358860532288, -0.000410578621086, 0.000219210080104, -0.000254672282608, 0.000222072019824], [-0.000494425185025, 0.00310024037026, -0.00133720960002, 0.00212461035699, -0.00239905365743, 0.00198600883596, -0.00237650773488, 0.00258365506306, -0.00205092225224, 0.00264085736126, -0.000893483287655, 0.00229816138744, -0.000245520466706], [0.000333191361278, -0.00133720960002, 0.00199860637076, -0.00102403806522, 0.000949614215642, -0.000552871788386, 0.00222502299584, -0.00166205887217, 0.00142526242416, -0.00187537912279, 0.000967317027971, -0.00175093335565, 0.00101562659256], [-0.000367492408259, 0.00212461035699, -0.00102403806522, 0.00289709796198, -0.00154614413623, 0.00129828543868, -0.00206099869683, 0.00218920595944, -0.00133800611366, 0.00150978926104, -0.000478175177705, 0.00120689335745, -0.000464409124106], [0.000353315263055, -0.00239905365743, 0.000949614215642, -0.00154614413623, 0.00501828128472, -0.00128790258896, 0.000718538940419, -0.00190505327191, 0.00269606686197, -0.00283538177609, 0.00118425593246, -0.0024164984934, 0.00104080152232], [-0.000425771693699, 0.00198600883596, -0.000552871788386, 0.00129828543868, -0.00128790258896, 0.00455463305116, -0.00104793545324, -0.00123004103079, -0.000880442676134, 0.00141928496305, -0.00129303592257, -0.000218067361857, 0.000603551103268], [0.000398576172302, -0.00237650773488, 0.00222502299584, -0.00206099869683, 0.000718538940419, -0.00104793545324, 0.00880955159664, -0.00319224898703, 0.000489318394102, -0.00255020568147, 0.00332817062736, -0.00343410833739, 0.000623372208793], [-0.000476544926642, 0.00258365506306, -0.00166205887217, 0.00218920595944, -0.00190505327191, -0.00123004103079, -0.00319224898703, 0.00924880523235, -0.00315813394263, 0.00191341189202, -0.000559016014449, 0.0035350183025, 0.000422994315159], [0.000358860532288, -0.00205092225224, 0.00142526242416, -0.00133800611366, 0.00269606686197, -0.000880442676134, 0.000489318394102, -0.00315813394263, 0.0126666519791, -0.00215132907033, 0.00152558879927, -0.000883980130311, 0.00123403593898], [-0.000410578621086, 0.00264085736126, -0.00187537912279, 0.00150978926104, -0.00283538177609, 0.00141928496305, -0.00255020568147, 0.00191341189202, -0.00215132907033, 0.0101047158241, 0.000413604895584, 0.00190269376617, 0.00300201005302], [0.000219210080104, -0.000893483287655, 0.000967317027971, -0.000478175177705, 0.00118425593246, -0.00129303592257, 0.00332817062736, -0.000559016014449, 0.00152558879927, 0.000413604895584, 0.00826208945364, 0.00088878092356, 0.00302195572294], [-0.000254672282608, 0.00229816138744, -0.00175093335565, 0.00120689335745, -0.0024164984934, -0.000218067361857, -0.00343410833739, 0.0035350183025, -0.000883980130311, 0.00190269376617, 0.00088878092356, 0.01233468391, -0.000272681587376], [0.000222072019824, -0.000245520466706, 0.00101562659256, -0.000464409124106, 0.00104080152232, 0.000603551103268, 0.000623372208793, 0.000422994315159, 0.00123403593898, 0.00300201005302, 0.00302195572294, -0.000272681587376, 0.0127330645919]]}, "melbands": {"dmean": [3.3762808016e-05, 0.000287560949801, 0.000351718073944, 0.000374310649931, 0.000333069358021, 0.000262538727839, 0.000323655083776, 0.000149812505697, 2.58201253018e-05, 3.25106848322e-05, 3.81000900234e-05, 3.46134838765e-05, 2.62515241047e-05, 1.00991819636e-05, 1.21965831568e-05, 8.97655081644e-06, 6.17562591287e-06, 4.14673968407e-06, 2.69365818895e-06, 3.09002075483e-06, 1.1366629451e-06, 5.97658413426e-07, 4.58900615286e-07, 3.0801010098e-07, 3.35788371331e-07, 2.32414691936e-07, 2.03226051099e-07, 1.78302315135e-07, 1.0433761588e-07, 1.07360719426e-07, 1.09908597778e-07, 8.44548466716e-08, 7.00202988924e-08, 9.64242445889e-08, 7.15697652254e-08, 4.92402278951e-08, 5.29353627599e-08, 3.45094761656e-08, 2.73035798415e-08, 2.5513786639e-08], "dmean2": [5.12251608598e-05, 0.000450948893558, 0.000587759830523, 0.00059103849344, 0.000445584912086, 0.000379877019441, 0.000458699068986, 0.000184456192073, 3.77656506316e-05, 4.93963125336e-05, 5.85805973969e-05, 5.35430226591e-05, 4.15852227889e-05, 1.62096457643e-05, 1.97500830836e-05, 1.44287923831e-05, 9.9352291727e-06, 6.69949122312e-06, 4.4806065489e-06, 5.55788392376e-06, 1.9872672965e-06, 1.00315560303e-06, 7.8614306176e-07, 5.27965937636e-07, 5.74602722736e-07, 4.01909403536e-07, 3.57008275387e-07, 3.21742248843e-07, 1.84371501177e-07, 1.92196793591e-07, 2.03226335316e-07, 1.55139076696e-07, 1.2714340869e-07, 1.77645432586e-07, 1.29087311507e-07, 9.05970907183e-08, 9.93021984641e-08, 6.39210924192e-08, 4.97350320927e-08, 4.69539003234e-08], "dvar": [5.26291117353e-08, 7.92998832821e-07, 7.45287991322e-07, 3.871269314e-07, 3.45220399822e-07, 4.85232249048e-07, 7.45580848616e-07, 1.28808821387e-07, 5.06479080897e-09, 8.37979552415e-09, 1.3514636521e-08, 1.49152477036e-08, 8.33146351908e-09, 7.89254772648e-10, 8.87308726494e-10, 5.51766521362e-10, 6.31498187076e-10, 3.74157399508e-10, 1.8005749669e-10, 1.16792031601e-09, 1.00934281766e-10, 9.22212740201e-12, 8.67845118685e-12, 5.12554495374e-12, 8.50734760416e-12, 7.8430699435e-12, 3.7591353641e-12, 2.55276420662e-12, 8.80167412478e-13, 1.81686349993e-12, 2.23509665637e-12, 1.01218144109e-12, 7.10982705002e-13, 1.44916218782e-12, 7.84362754868e-13, 5.20366464762e-13, 6.65124314132e-13, 2.58676001626e-13, 1.14753665554e-13, 1.03245164425e-13], "dvar2": [1.21026332067e-07, 2.00976182896e-06, 2.01729244509e-06, 1.03040008526e-06, 7.0044501399e-07, 1.02390902157e-06, 1.64446396411e-06, 2.02679856898e-07, 1.23007364294e-08, 1.81819483913e-08, 2.95800877126e-08, 3.31671863307e-08, 2.15503774825e-08, 1.98306260302e-09, 2.14098183626e-09, 1.38676403694e-09, 1.56013280073e-09, 9.4459073896e-10, 4.87433315932e-10, 3.29184079995e-09, 2.75479056233e-10, 2.1194063865e-11, 2.2185950993e-11, 1.37208525791e-11, 2.14187435149e-11, 2.08442291205e-11, 1.02639051772e-11, 7.17638492034e-12, 2.34221171104e-12, 5.08814908609e-12, 6.46211686592e-12, 2.91349019563e-12, 1.98322348127e-12, 4.08661993134e-12, 2.14929137855e-12, 1.50362263873e-12, 1.93528461485e-12, 7.4496799788e-13, 3.16743213689e-13, 2.94109598871e-13], "max": [0.0104976799339, 0.0288284607232, 0.0283338539302, 0.0169013682753, 0.0151074873284, 0.0377713032067, 0.0349560976028, 0.0119968391955, 0.00280218874104, 0.00410438561812, 0.00367016158998, 0.00507640745491, 0.00265051191673, 0.000925049942452, 0.000851786404382, 0.000683330756146, 0.000830529083032, 0.000610437768046, 0.000544767011888, 0.0011869528098, 0.000388280110201, 0.000121701072203, 0.000114101887448, 9.23939951463e-05, 0.000127988387248, 0.000165344026755, 6.33696763543e-05, 4.88881669298e-05, 3.69247609342e-05, 5.11254838784e-05, 5.44490903849e-05, 4.94485793752e-05, 3.72664144379e-05, 4.10241991631e-05, 2.74592257483e-05, 3.29933900503e-05, 3.39861981047e-05, 1.81586947292e-05, 1.24581683849e-05, 1.10285936898e-05], "mean": [4.88904515805e-05, 0.000767499324866, 0.000961800920777, 0.00100618577562, 0.00109276699368, 0.000690421322361, 0.000834575737827, 0.000395676412154, 5.67098140891e-05, 6.09124799666e-05, 6.91403620294e-05, 6.1411432398e-05, 4.18141353293e-05, 1.4878640286e-05, 1.62234173331e-05, 1.11207018563e-05, 7.77452714829e-06, 5.24492043041e-06, 3.1816655337e-06, 2.78184211311e-06, 1.15193256534e-06, 7.63148364058e-07, 5.50253844267e-07, 3.7526115193e-07, 3.55170470812e-07, 2.23188280302e-07, 1.76647731109e-07, 1.48575068692e-07, 8.76041781339e-08, 8.05476503274e-08, 7.52085469458e-08, 5.82899382096e-08, 4.77730282e-08, 6.38822399424e-08, 4.96961582996e-08, 3.36920180644e-08, 3.40624275452e-08, 2.3400748006e-08, 1.91021367613e-08, 1.67330380663e-08], "median": [2.26625132882e-07, 8.49141506478e-05, 0.000289281189907, 0.00055117579177, 0.000580677180551, 0.000172654516064, 0.000144262099639, 8.96028359421e-05, 1.63356726262e-05, 1.2512144167e-05, 1.40144620673e-05, 7.30401643523e-06, 7.07753497409e-06, 3.57764383807e-06, 2.29804436458e-06, 1.76725495749e-06, 1.64043183304e-06, 1.11592612484e-06, 5.66935398183e-07, 4.46501587703e-07, 2.24811628868e-07, 2.01621986662e-07, 1.36258407224e-07, 7.40331387306e-08, 4.41840910526e-08, 2.42410376217e-08, 1.3410526023e-08, 1.00593009478e-08, 5.68789237931e-09, 2.23985496817e-09, 1.84408233128e-09, 1.37303668435e-09, 5.56655943562e-10, 5.79991332739e-10, 4.07073263986e-10, 3.34886840481e-10, 2.48446263562e-10, 1.78165954212e-10, 1.20611659549e-10, 6.57290680217e-11], "min": [6.57609636165e-24, 4.94900960791e-24, 1.71007752421e-23, 9.42768298918e-24, 8.21014402401e-24, 7.98091445559e-24, 4.18298196604e-23, 2.19670514848e-23, 1.9088315026e-23, 6.5929349921e-24, 1.87661095224e-23, 1.22717632108e-23, 1.00917902754e-23, 4.70776687119e-24, 4.6825398883e-24, 1.00682270002e-23, 1.59270291012e-23, 1.18992346923e-23, 1.37691016727e-23, 9.97582614462e-24, 9.73722490864e-24, 5.81104406741e-24, 1.0027161268e-23, 8.77301205711e-24, 1.10069004799e-23, 1.10426201017e-23, 9.85361502432e-24, 6.92889822986e-24, 1.72075317884e-23, 1.34946648524e-23, 7.92813966103e-24, 6.75395964666e-24, 7.00911276214e-24, 9.88831228238e-24, 1.09218589077e-23, 9.4953782989e-24, 9.83192213829e-24, 1.26375919335e-23, 9.78654685902e-24, 1.00545520964e-23], "var": [6.40548947217e-08, 2.55432223639e-06, 2.53453913501e-06, 1.71125543602e-06, 2.25688108912e-06, 3.249828751e-06, 4.65128050564e-06, 7.9786519791e-07, 1.34808626484e-08, 2.7401908298e-08, 4.4173699365e-08, 4.83723354705e-08, 1.43625786819e-08, 1.17863763194e-09, 1.62399238501e-09, 7.99759480863e-10, 6.48291531569e-10, 3.70469627198e-10, 1.60028865159e-10, 7.60449925252e-10, 7.53483594962e-11, 1.01597228894e-11, 8.22109307713e-12, 5.20409149801e-12, 7.58807860296e-12, 5.83562365097e-12, 2.62022088054e-12, 1.61047802698e-12, 6.3259917053e-13, 1.14015199192e-12, 1.2722151891e-12, 5.8407093181e-13, 4.44964269423e-13, 8.80309497173e-13, 5.20266121851e-13, 2.95627590333e-13, 3.68044218149e-13, 1.47788750096e-13, 7.48111018663e-14, 6.22312124792e-14]}, "mfcc": {"mean": [-837.206787109, 210.128662109, 10.9353437424, -1.82994580269, 0.00187959242612, -15.5248708725, -19.1661186218, -19.6020832062, -22.5353755951, -18.1694107056, -17.510055542, -12.5340871811, -11.8515377045], "cov": [[10126.1376953, 3411.44213867, -1784.55004883, -391.532592773, 121.840156555, 300.495300293, 617.863647461, 583.155822754, 302.253479004, 709.582641602, 373.282287598, 273.565979004, 152.094284058], [3411.44213867, 2682.98730469, -484.539611816, -504.780090332, 60.3598747253, -31.9988861084, 129.325119019, 137.789321899, 43.7848815918, 158.314727783, 132.273925781, 82.9619369507, -4.06214332581], [-1784.55004883, -484.539611816, 866.340942383, 222.742950439, 1.5409938097, -30.5487709045, -177.398834229, -152.208236694, -101.295661926, -151.031280518, -66.1790924072, -44.2313308716, -30.9545536041], [-391.532592773, -504.780090332, 222.742950439, 618.936706543, 127.537452698, 100.481658936, 26.866985321, -60.7927284241, 20.6274185181, -20.5038909912, -16.5075588226, -18.6965465546, 6.51106643677], [121.840156555, 60.3598747253, 1.5409938097, 127.537452698, 252.924621582, 111.762176514, 71.6583023071, 36.3717079163, -0.157098531723, 46.5021286011, 30.2129802704, 21.8839073181, 27.4142208099], [300.495300293, -31.9988861084, -30.5487709045, 100.481658936, 111.762176514, 242.075408936, 128.299041748, 67.9832687378, 69.1348266602, 65.5747680664, 70.9567489624, 35.2677536011, 41.226600647], [617.863647461, 129.325119019, -177.398834229, 26.866985321, 71.6583023071, 128.299041748, 216.651260376, 136.807159424, 73.7672805786, 116.137237549, 69.3509292603, 49.7595024109, 41.4246330261], [583.155822754, 137.789321899, -152.208236694, -60.7927284241, 36.3717079163, 67.9832687378, 136.807159424, 224.105056763, 128.663589478, 109.924491882, 59.4682044983, 21.6549072266, 31.0608558655], [302.253479004, 43.7848815918, -101.295661926, 20.6274185181, -0.157098531723, 69.1348266602, 73.7672805786, 128.663589478, 206.39225769, 111.307487488, 52.6108436584, 6.57075548172, 14.781463623], [709.582641602, 158.314727783, -151.031280518, -20.5038909912, 46.5021286011, 65.5747680664, 116.137237549, 109.924491882, 111.307487488, 214.683303833, 101.980438232, 50.1650619507, 46.4728736877], [373.282287598, 132.273925781, -66.1790924072, -16.5075588226, 30.2129802704, 70.9567489624, 69.3509292603, 59.4682044983, 52.6108436584, 101.980438232, 141.043930054, 71.9565353394, 32.5315513611], [273.565979004, 82.9619369507, -44.2313308716, -18.6965465546, 21.8839073181, 35.2677536011, 49.7595024109, 21.6549072266, 6.57075548172, 50.1650619507, 71.9565353394, 111.840995789, 52.9628677368], [152.094284058, -4.06214332581, -30.9545536041, 6.51106643677, 27.4142208099, 41.226600647, 41.4246330261, 31.0608558655, 14.781463623, 46.4728736877, 32.5315513611, 52.9628677368, 88.9803085327]], "icov": [[0.000416300201323, -0.00049124279758, 0.000609359529335, -0.000543371890672, 0.000604439585004, -0.000723422330339, 0.000640794460196, -0.000865781679749, 0.000838534499053, -0.0010646530427, 0.000546755094547, -0.000531295081601, 0.00020368648984], [-0.00049124279758, 0.00109527772292, -0.000594355107751, 0.00106702640187, -0.00110536860302, 0.00114548916463, -0.00104442273732, 0.0011814624304, -0.00110502110329, 0.00125184154604, -0.000982646597549, 0.000529594835825, 6.22611187282e-05], [0.000609359529335, -0.000594355107751, 0.00261727627367, -0.00135110015981, 0.000889743620064, -0.0015394667862, 0.00252519594505, -0.00156015576795, 0.00174612458795, -0.00122942286544, 0.0006111789844, -0.000886690570042, 0.000405176106142], [-0.000543371890672, 0.00106702640187, -0.00135110015981, 0.00352159282193, -0.00229338230565, 0.00111774005927, -0.00259183114395, 0.00319071440026, -0.00271642068401, 0.00194102246314, -0.00086842966266, 0.00130298302975, -0.000489259196911], [0.000604439585004, -0.00110536860302, 0.000889743620064, -0.00229338230565, 0.00716921314597, -0.00392551254481, 0.00190692651086, -0.003098069923, 0.00388473109342, -0.00324200070463, 0.00183021707926, -0.00118978519458, 0.000284353300231], [-0.000723422330339, 0.00114548916463, -0.0015394667862, 0.00111774005927, -0.00392551254481, 0.0103844357654, -0.00676617398858, 0.00386645272374, -0.0046404148452, 0.00454005133361, -0.00483505101874, 0.00286295358092, -0.00266681960784], [0.000640794460196, -0.00104442273732, 0.00252519594505, -0.00259183114395, 0.00190692651086, -0.00676617398858, 0.0155526995659, -0.00856386031955, 0.00512045249343, -0.00571769149974, 0.00314827030525, -0.00433625187725, 0.00178708706517], [-0.000865781679749, 0.0011814624304, -0.00156015576795, 0.00319071440026, -0.003098069923, 0.00386645272374, -0.00856386031955, 0.0141340289265, -0.00813010428101, 0.00336612272076, -0.00287804030813, 0.00364607363008, -0.00255176587962], [0.000838534499053, -0.00110502110329, 0.00174612458795, -0.00271642068401, 0.00388473109342, -0.0046404148452, 0.00512045249343, -0.00813010428101, 0.0128583237529, -0.00676877982914, 0.00177822704427, -0.000779138237704, 0.00194262934383], [-0.0010646530427, 0.00125184154604, -0.00122942286544, 0.00194102246314, -0.00324200070463, 0.00454005133361, -0.00571769149974, 0.00336612272076, -0.00676877982914, 0.0144598213956, -0.00759371928871, 0.00325193908066, -0.00389760918915], [0.000546755094547, -0.000982646597549, 0.0006111789844, -0.00086842966266, 0.00183021707926, -0.00483505101874, 0.00314827030525, -0.00287804030813, 0.00177822704427, -0.00759371928871, 0.0174686703831, -0.00986251793802, 0.00366645003669], [-0.000531295081601, 0.000529594835825, -0.000886690570042, 0.00130298302975, -0.00118978519458, 0.00286295358092, -0.00433625187725, 0.00364607363008, -0.000779138237704, 0.00325193908066, -0.00986251793802, 0.0196168441325, -0.00932497903705], [0.00020368648984, 6.22611187282e-05, 0.000405176106142, -0.000489259196911, 0.000284353300231, -0.00266681960784, 0.00178708706517, -0.00255176587962, 0.00194262934383, -0.00389760918915, 0.00366645003669, -0.00932497903705, 0.0181995406747]]}, "spectral_contrast_coeffs": {"dmean": [0.0362084954977, 0.0409247353673, 0.0337705016136, 0.0279876850545, 0.019362134859, 0.0234830826521], "dmean2": [0.0580535195768, 0.0647037625313, 0.0543813966215, 0.0460147224367, 0.0320528484881, 0.0390323288739], "dvar": [0.00101746153086, 0.00118545710575, 0.000755446613766, 0.00053174525965, 0.000307545124087, 0.000715477799531], "dvar2": [0.00264587276615, 0.00301951006986, 0.00195923494175, 0.0013690906344, 0.000782833492849, 0.00186144036707], "max": [-0.163047164679, -0.315240323544, -0.412414669991, -0.563654899597, -0.608129620552, -0.56565618515], "mean": [-0.425337821245, -0.651939153671, -0.75519400835, -0.785357892513, -0.791477739811, -0.812363386154], "median": [-0.412637710571, -0.658976256847, -0.765540957451, -0.792295515537, -0.791548967361, -0.818290650845], "min": [-0.968837678432, -0.958701014519, -0.967740178108, -0.959232985973, -0.956029057503, -0.960553944111], "var": [0.0105704637244, 0.00916669890285, 0.00563785247505, 0.00297915562987, 0.00208620727062, 0.00345935369842]}, "spectral_contrast_valleys": {"dmean": [0.373535811901, 0.315437585115, 0.302564650774, 0.286316245794, 0.248944222927, 0.41003537178], "dmean2": [0.613846957684, 0.517446160316, 0.491362541914, 0.452486872673, 0.398387074471, 0.671966254711], "dvar": [0.132454782724, 0.0902836769819, 0.0889981836081, 0.100552551448, 0.157483145595, 0.309654027224], "dvar2": [0.33082085