{"lowlevel": {"average_loudness": 0.936484158039, "barkbands_crest": {"dmean": 1.97434580326, "dmean2": 3.26116514206, "dvar": 4.16212081909, "dvar2": 11.0526781082, "max": 24.9575214386, "mean": 13.5937833786, "median": 12.8939304352, "min": 4.61607789993, "var": 16.7186031342}, "barkbands_flatness_db": {"dmean": 0.0343943014741, "dmean2": 0.048245344311, "dvar": 0.00152262498159, "dvar2": 0.00306956935674, "max": 0.564558804035, "mean": 0.348714381456, "median": 0.351449280977, "min": 0.0672741755843, "var": 0.00724910758436}, "barkbands_kurtosis": {"dmean": 5.65895748138, "dmean2": 8.92373180389, "dvar": 66.5885009766, "dvar2": 167.921279907, "max": 122.267112732, "mean": 15.3229284286, "median": 11.5077581406, "min": -1.51744508743, "var": 184.586746216}, "barkbands_skewness": {"dmean": 0.591530740261, "dmean2": 0.933773577213, "dvar": 0.506588220596, "dvar2": 1.19404506683, "max": 8.57895088196, "mean": 2.25775313377, "median": 2.11061453819, "min": -1.82347857952, "var": 2.38894557953}, "barkbands_spread": {"dmean": 0.846737146378, "dmean2": 1.31623208523, "dvar": 4.1127872467, "dvar2": 10.4365825653, "max": 60.4427108765, "mean": 3.03525209427, "median": 2.30599474907, "min": 0.410843849182, "var": 10.5237379074}, "dissonance": {"dmean": 0.0351794362068, "dmean2": 0.0569671541452, "dvar": 0.0011932363268, "dvar2": 0.00283084763214, "max": 0.498898595572, "mean": 0.347310960293, "median": 0.36296069622, "min": 0.0766551718116, "var": 0.00670372135937}, "dynamic_complexity": 3.2406835556, "erbbands_crest": {"dmean": 1.94010269642, "dmean2": 3.1709420681, "dvar": 5.38833808899, "dvar2": 15.4036645889, "max": 24.7197380066, "mean": 13.9754562378, "median": 13.8167800903, "min": 2.91915559769, "var": 15.9351119995}, "erbbands_flatness_db": {"dmean": 0.0336979851127, "dmean2": 0.0453470908105, "dvar": 0.00147704954725, "dvar2": 0.00282227736898, "max": 0.497156143188, "mean": 0.319474160671, "median": 0.327457427979, "min": 0.0475612021983, "var": 0.0070406361483}, "erbbands_kurtosis": {"dmean": 2.63370299339, "dmean2": 4.21707201004, "dvar": 14.1989517212, "dvar2": 35.0380172729, "max": 75.8829116821, "mean": 7.44995641708, "median": 5.40976047516, "min": -1.71570944786, "var": 78.1411972046}, "erbbands_skewness": {"dmean": 0.390382319689, "dmean2": 0.608748078346, "dvar": 0.209788411856, "dvar2": 0.492650032043, "max": 4.99403905869, "mean": 1.70760118961, "median": 1.76957476139, "min": -1.47130429745, "var": 0.924884974957}, "erbbands_spread": {"dmean": 3.78257727623, "dmean2": 5.77912378311, "dvar": 46.0759506226, "dvar2": 104.203712463, "max": 104.002090454, "mean": 12.8330764771, "median": 9.353515625, "min": 1.51758277416, "var": 123.303886414}, "hfc": {"dmean": 1.78824114799, "dmean2": 2.64818906784, "dvar": 6.97097635269, "dvar2": 13.6703920364, "max": 29.3513526917, "mean": 8.45420455933, "median": 7.73440647125, "min": 1.17453347175e-16, "var": 31.1230640411}, "melbands_crest": {"dmean": 2.33800697327, "dmean2": 3.79634547234, "dvar": 5.72891139984, "dvar2": 13.8735790253, "max": 39.7466239929, "mean": 16.1302223206, "median": 15.4205150604, "min": 1.9690618515, "var": 19.4428768158}, "melbands_flatness_db": {"dmean": 0.0382506102324, "dmean2": 0.053952164948, "dvar": 0.0020189487841, "dvar2": 0.00420840317383, "max": 0.682205319405, "mean": 0.462097704411, "median": 0.464790523052, "min": 0.00527826277539, "var": 0.00866257399321}, "melbands_kurtosis": {"dmean": 6.62619495392, "dmean2": 10.8240995407, "dvar": 301.270324707, "dvar2": 843.544067383, "max": 459.2059021, "mean": 16.644651413, "median": 11.0477056503, "min": -1.20628261566, "var": 399.691192627}, "melbands_skewness": {"dmean": 0.587140440941, "dmean2": 0.940814554691, "dvar": 0.750489771366, "dvar2": 1.90205919743, "max": 20.4242763519, "mean": 2.16716146469, "median": 1.95240461826, "min": -0.660698592663, "var": 2.71491336823}, "melbands_spread": {"dmean": 0.753684818745, "dmean2": 1.16518831253, "dvar": 4.78631544113, "dvar2": 6.65711927414, "max": 129.302307129, "mean": 3.71515250206, "median": 3.26050186157, "min": 0.585754811764, "var": 26.849319458}, "pitch_salience": {"dmean": 0.0540931522846, "dmean2": 0.0908327400684, "dvar": 0.00383964367211, "dvar2": 0.00964437704533, "max": 0.841581702232, "mean": 0.525139808655, "median": 0.532540440559, "min": 0.034927777946, "var": 0.0118413446471}, "silence_rate_20dB": {"dmean": 0, "dmean2": 0, "dvar": 0, "dvar2": 0, "max": 1, "mean": 1, "median": 1, "min": 1, "var": 0}, "silence_rate_30dB": {"dmean": 0, "dmean2": 0, "dvar": 0, "dvar2": 0, "max": 1, "mean": 1, "median": 1, "min": 1, "var": 0}, "silence_rate_60dB": {"dmean": 0.00654307520017, "dmean2": 0.0130932899192, "dvar": 0.00650034286082, "dvar2": 0.0161953605711, "max": 1, "mean": 0.0719346031547, "median": 0, "min": 0, "var": 0.0667600557208}, "spectral_centroid": {"dmean": 37.3788414001, "dmean2": 56.7977333069, "dvar": 37433.8164062, "dvar2": 42025.1796875, "max": 11187.1728516, "mean": 349.31942749, "median": 324.443450928, "min": 173.795471191, "var": 93851.765625}, "spectral_complexity": {"dmean": 1.08287894726, "dmean2": 1.7114020586, "dvar": 1.96912062168, "dvar2": 3.89212179184, "max": 23, "mean": 7.03160762787, "median": 7, "min": 0, "var": 9.97934818268}, "spectral_decrease": {"dmean": 1.74094672012e-09, "dmean2": 2.6854285462e-09, "dvar": 6.58566793001e-18, "dvar2": 1.45914560793e-17, "max": -8.57700141447e-29, "mean": -7.66689467468e-09, "median": -7.01935931602e-09, "min": -3.04775049642e-08, "var": 2.37059177123e-17}, "spectral_energy": {"dmean": 0.00672229100019, "dmean2": 0.0103560304269, "dvar": 9.80495897238e-05, "dvar2": 0.00021652126452, "max": 0.117441281676, "mean": 0.0297033935785, "median": 0.0272535160184, "min": 1.09770849708e-20, "var": 0.000355486903572}, "spectral_energyband_high": {"dmean": 2.16656080738e-05, "dmean2": 3.22854539263e-05, "dvar": 4.05012867688e-09, "dvar2": 7.95737431503e-09, "max": 0.000895216246136, "mean": 2.16811258724e-05, "median": 7.8713782159e-07, "min": 7.63186721503e-21, "var": 5.10445818946e-09}, "spectral_energyband_low": {"dmean": 0.00317404908128, "dmean2": 0.00524026108906, "dvar": 3.32559175149e-05, "dvar2": 8.84671826498e-05, "max": 0.0682267695665, "mean": 0.00656490214169, "median": 0.00408168835565, "min": 8.06145794287e-23, "var": 5.70971569687e-05}, "spectral_energyband_middle_high": {"dmean": 0.000137455863296, "dmean2": 0.000186249482795, "dvar": 7.48000488215e-08, "dvar2": 1.48007032408e-07, "max": 0.00348483538255, "mean": 0.000436180387624, "median": 0.000222436166951, "min": 1.88938714782e-21, "var": 2.95526604077e-07}, "spectral_energyband_middle_low": {"dmean": 0.0054183928296, "dmean2": 0.00809988100082, "dvar": 6.12356889178e-05, "dvar2": 0.000130230051582, "max": 0.0996797606349, "mean": 0.024326113984, "median": 0.0219809692353, "min": 3.43645682747e-22, "var": 0.000289671035716}, "spectral_entropy": {"dmean": 0.2995480299, "dmean2": 0.435182899237, "dvar": 0.148933902383, "dvar2": 0.307463854551, "max": 9.79955387115, "mean": 5.44090461731, "median": 5.35893344879, "min": 3.6285071373, "var": 0.529146790504}, "spectral_flux": {"dmean": 0.0220251809806, "dmean2": 0.0336182899773, "dvar": 0.00082773383474, "dvar2": 0.00180395366624, "max": 0.254220068455, "mean": 0.0510737895966, "median": 0.0415506251156, "min": 1.04771587239e-10, "var": 0.00166356097907}, "spectral_kurtosis": {"dmean": 27.8719215393, "dmean2": 44.4658546448, "dvar": 980.222045898, "dvar2": 2289.12426758, "max": 406.937042236, "mean": 69.1073913574, "median": 49.1754341125, "min": -1.19300496578, "var": 3935.34838867}, "spectral_rms": {"dmean": 0.000579712621402, "dmean2": 0.000885779038072, "dvar": 6.05754564731e-07, "dvar2": 1.2921874486e-06, "max": 0.0107040582225, "mean": 0.00503132259473, "median": 0.00515643227845, "min": 3.27251442091e-12, "var": 3.66470408153e-06}, "spectral_rolloff": {"dmean": 34.1782112122, "dmean2": 62.4494438171, "dvar": 187548.390625, "dvar2": 368385.0625, "max": 18733.8867188, "mean": 392.890441895, "median": 387.59765625, "min": 43.06640625, "var": 560060.125}, "spectral_skewness": {"dmean": 1.44719064236, "dmean2": 2.32134652138, "dvar": 2.10343623161, "dvar2": 4.58015394211, "max": 16.7809925079, "mean": 5.921833992, "median": 5.31383419037, "min": -0.00735882343724, "var": 9.1049747467}, "spectral_spread": {"dmean": 674468.75, "dmean2": 967264.9375, "dvar": 1063127744510.0, "dvar2": 1527787683840.0, "max": 40219168, "mean": 1952113.75, "median": 1484037.125, "min": 252220.609375, "var": 2809845252100.0}, "spectral_strongpeak": {"dmean": 0.257405430079, "dmean2": 0.428844004869, "dvar": 0.12319290638, "dvar2": 0.297347962856, "max": 2.84703755379, "mean": 1.08694171906, "median": 0.92154186964, "min": 0, "var": 0.468924224377}, "zerocrossingrate": {"dmean": 0.00283517292701, "dmean2": 0.00355861941352, "dvar": 7.53449494368e-05, "dvar2": 8.03598741186e-05, "max": 0.50634765625, "mean": 0.0172079894692, "median": 0.01513671875, "min": 0.005859375, "var": 0.0004529816797}, "barkbands": {"dmean": [4.06723302149e-05, 0.000990029424429, 0.00191875966266, 0.0014730647672, 0.0037186879199, 0.0018132047262, 0.000522660790011, 0.000216564440052, 7.45924116927e-05, 1.5689573047e-05, 2.15926975216e-05, 1.42535800478e-05, 1.58747679961e-05, 2.73894238489e-05, 4.7326891945e-05, 1.8299151634e-05, 6.52718654237e-06, 8.61370062921e-06, 9.03918771655e-06, 4.09457834394e-06, 5.14835937793e-06, 3.84564827982e-06, 2.45943374466e-06, 1.63246591001e-06, 2.0689046778e-06, 4.15055910707e-06, 3.46334786627e-06], "dmean2": [6.47915585432e-05, 0.00156784150749, 0.0031740849372, 0.00245291320607, 0.00552206812426, 0.00302381254733, 0.00086203601677, 0.000310740724672, 0.000107796186057, 2.41425204877e-05, 2.77104900306e-05, 2.37080657826e-05, 2.52351164818e-05, 4.08815285482e-05, 6.65890329401e-05, 2.72590095847e-05, 1.02114026959e-05, 1.2617972061e-05, 1.25934511743e-05, 5.95497886025e-06, 7.89706882642e-06, 6.18136391495e-06, 3.90164132114e-06, 2.61912646238e-06, 3.17111471304e-06, 6.50537367619e-06, 5.33261572855e-06], "dvar": [9.15362274867e-09, 1.00100060081e-05, 1.08773892862e-05, 4.31426406067e-06, 4.72830615763e-05, 9.64594164543e-06, 9.74880776994e-07, 1.64629810229e-07, 3.26641469428e-08, 1.63317526169e-09, 2.39014208425e-09, 1.38853994969e-09, 1.21727139479e-09, 5.4751776446e-09, 1.50295473844e-08, 2.79380740764e-09, 5.16114428972e-10, 5.60857249532e-10, 5.8772908762e-10, 1.77816192326e-10, 2.53781801129e-10, 2.33026931085e-10, 6.47059142378e-11, 2.79922057755e-11, 4.19426333942e-11, 3.16861731298e-10, 2.3214323519e-10], "dvar2": [2.27900489591e-08, 2.45391092903e-05, 2.94240217045e-05, 1.11057743197e-05, 0.000102383768535, 2.78600036836e-05, 2.29454735745e-06, 3.19574951391e-07, 6.92820236736e-08, 3.4606086885e-09, 3.52545792559e-09, 3.63404883963e-09, 2.88154922146e-09, 1.08007762734e-08, 2.84671166639e-08, 6.30295771131e-09, 1.36467837031e-09, 1.20697418726e-09, 1.14265108486e-09, 3.7958600152e-10, 6.32267682654e-10, 6.11092731972e-10, 1.50594120507e-10, 6.65023730528e-11, 8.86800285982e-11, 7.02665259311e-10, 4.81327810942e-10], "max": [0.00124682614114, 0.0652012601495, 0.0429136008024, 0.0209308937192, 0.0878022313118, 0.0389929376543, 0.0123943453655, 0.00769992312416, 0.00333192548715, 0.00109972280916, 0.00132739823312, 0.000543458387256, 0.000531300553121, 0.001986928517, 0.00213715503924, 0.000873964745551, 0.000392261456, 0.000447507016361, 0.000424531841418, 0.000201326911338, 0.000185973884072, 0.00030863066786, 0.00010227097664, 7.70700571593e-05, 8.93344113138e-05, 0.00033327928395, 0.000279822765151], "mean": [4.69077567686e-05, 0.00121011538431, 0.00368293328211, 0.0036949866917, 0.0112367849797, 0.00616723392159, 0.00210706307553, 0.000917757453863, 0.000165509380167, 5.33193997398e-05, 6.99725569575e-05, 2.49520508078e-05, 3.7189143768e-05, 7.26698344806e-05, 0.000113093818072, 3.8875023165e-05, 8.67730796017e-06, 1.44197383634e-05, 1.51324011313e-05, 5.48684465684e-06, 5.13269787916e-06, 3.35223717229e-06, 2.22499352276e-06, 1.48018546042e-06, 1.82511598723e-06, 3.4164072531e-06, 2.94432629744e-06], "median": [5.39206530448e-06, 0.000222010276048, 0.00162182375789, 0.0026434387546, 0.00536162126809, 0.0039817309007, 0.00127725757193, 0.000420176656917, 4.8772268201e-05, 9.48864089878e-06, 1.7614220269e-05, 1.18870511869e-05, 1.59059309226e-05, 2.35392690229e-05, 2.57319079537e-05, 7.80731897976e-06, 1.64173820849e-06, 2.38689676735e-06, 1.43500926697e-06, 3.58308028581e-07, 2.36475159454e-07, 8.81092461213e-08, 4.4367080676e-08, 2.69830913169e-08, 2.55816487993e-08, 1.39349474182e-08, 3.19439830143e-09], "min": [5.48954538321e-24, 4.57968023599e-23, 2.07906815926e-23, 1.11726764437e-23, 2.84935833214e-23, 4.81375419923e-23, 9.13665011314e-23, 7.5014878692e-23, 7.37686109904e-23, 5.45217680547e-23, 7.98680077789e-23, 8.63210856211e-23, 6.29794992292e-23, 1.15347165831e-22, 1.0149494504e-22, 3.00005089677e-22, 2.71457513559e-22, 4.3414178631e-22, 2.2516081951e-22, 2.77281377011e-22, 4.64843697383e-22, 4.50922637434e-22, 5.49395803445e-22, 1.09230664013e-21, 1.39436953344e-21, 1.57909344392e-21, 2.1777217914e-21], "var": [1.15486917807e-08, 1.03335714812e-05, 2.5846185963e-05, 1.28065275931e-05, 0.000203128540306, 4.45804034825e-05, 4.87287798023e-06, 1.26445320348e-06, 1.03552494579e-07, 1.18378986613e-08, 1.84914821233e-08, 1.66829816628e-09, 3.34959593395e-09, 2.94826527636e-08, 5.68243052612e-08, 7.32308791385e-09, 5.42898725975e-10, 1.08382780528e-09, 1.32548960696e-09, 2.92143781389e-10, 2.56019039302e-10, 1.84349910337e-10, 6.70940594749e-11, 2.8997144963e-11, 4.87112433722e-11, 3.05570319048e-10, 2.4273993926e-10]}, "erbbands": {"dmean": [0.0277979616076, 0.255053162575, 1.66594159603, 3.66158032417, 7.36219930649, 15.039522171, 14.8552913666, 14.0467576981, 12.1155815125, 3.65201306343, 4.71110343933, 1.59122407436, 0.639514863491, 0.430325061083, 0.900363385677, 0.584101855755, 0.736635684967, 1.07996737957, 2.12524819374, 2.00486755371, 0.852050900459, 0.365855187178, 0.424044638872, 0.485295683146, 0.40193593502, 0.187998831272, 0.148742452264, 0.224089026451, 0.133205965161, 0.11667189002, 0.0622516535223, 0.0381887964904, 0.0257930234075, 0.0232037343085, 0.0140334209427, 0.0107258204371, 0.00926713272929, 0.00307784765027, 0.000696396629792, 3.63982944691e-05], "dmean2": [0.0425483584404, 0.412824004889, 2.66340112686, 6.40520429611, 11.9238710403, 22.3527069092, 23.2045059204, 24.9238586426, 20.1501941681, 5.96745252609, 6.61353254318, 2.23864245415, 0.9898198843, 0.62143021822, 1.15352725983, 0.959615945816, 1.18503892422, 1.65869104862, 3.07755184174, 2.70554089546, 1.30239844322, 0.574914991856, 0.612419903278, 0.674852192402, 0.564057826996, 0.267795979977, 0.227703273296, 0.34952583909, 0.20939938724, 0.190457984805, 0.099484115839, 0.0626613944769, 0.0402632504702, 0.0356935709715, 0.0223119501024, 0.0164630934596, 0.014807054773, 0.00473894691095, 0.00108667556196, 5.5550779507e-05], "dvar": [0.00763327162713, 0.593448162079, 9.16257667542, 29.5199222565, 159.381271362, 1101.00500488, 890.803955078, 659.645629883, 578.330810547, 116.035270691, 90.7079620361, 10.5656957626, 3.21947956085, 1.51872444153, 4.97826051712, 2.32364416122, 2.81494784355, 4.81817388535, 23.7090950012, 44.3150444031, 7.93649101257, 1.95427262783, 1.19572472572, 1.92214560509, 1.18147015572, 0.290659278631, 0.197394505143, 0.508019030094, 0.197020426393, 0.305733263493, 0.0433544032276, 0.0143504841253, 0.00803488213569, 0.00539485225454, 0.00231569306925, 0.00177195225842, 0.0017589594936, 0.000173930078745, 9.59126464295e-06, 1.8370394983e-08], "dvar2": [0.0173094831407, 1.52876901627, 23.1323242188, 87.9719772339, 357.949798584, 2488.54736328, 2060.66894531, 2127.08227539, 1255.10791016, 310.004455566, 172.394943237, 22.0734024048, 7.92439317703, 2.66498470306, 7.29163408279, 6.18235874176, 6.6934056282, 11.8840026855, 47.221736908, 85.3245620728, 19.7513828278, 5.33224868774, 2.5318479538, 3.78491783142, 2.43303084373, 0.598051249981, 0.499013870955, 1.25147473812, 0.493158131838, 0.822359800339, 0.103988476098, 0.0344927757978, 0.0186323672533, 0.0119266714901, 0.00511028757319, 0.00377460941672, 0.00408265693113, 0.000357800920028, 2.04905463761e-05, 3.92420709261e-08], "max": [1.99676012993, 13.8982162476, 34.389995575, 52.390335083, 168.106994629, 430.294708252, 400.57699585, 271.618804932, 334.176452637, 192.257415771, 178.442947388, 52.8654441833, 43.3767738342, 15.6427898407, 67.666809082, 24.5208072662, 28.1039657593, 37.9832344055, 101.743713379, 174.205215454, 55.6573753357, 22.6429824829, 18.7345924377, 21.3224601746, 13.0108356476, 9.14097499847, 6.33454847336, 8.95230007172, 7.31029129028, 12.8286905289, 3.41698002815, 1.448995471, 1.49100732803, 1.09993612766, 0.657729625702, 0.778151988983, 0.793536841869, 0.237586408854, 0.0554844178259, 0.00258374144323], "mean": [0.0291630048305, 0.358657181263, 3.56881833076, 8.57414054871, 17.4143161774, 45.3282852173, 48.2177696228, 47.4854545593, 53.8517608643, 11.9733982086, 19.4721469879, 4.67808914185, 1.94228875637, 1.33141803741, 2.98199868202, 1.15757071972, 1.83384346962, 2.70604515076, 5.87609148026, 4.21846055984, 1.8391481638, 0.499936908484, 0.705633878708, 0.835355460644, 0.652198314667, 0.260367274284, 0.157012045383, 0.216407850385, 0.122461333871, 0.0947449654341, 0.0558769851923, 0.034329649061, 0.0238860100508, 0.0209066923708, 0.012065961957, 0.00916698947549, 0.00733752734959, 0.00266148126684, 0.000592094613239, 5.74991427129e-05], "median": [0.00450838077813, 0.0835747867823, 1.42566227913, 7.11588716507, 11.907869339, 12.7525405884, 20.3387393951, 32.7552680969, 28.8751316071, 7.49540710449, 9.2202796936, 2.62658309937, 0.665467977524, 0.247602537274, 0.879058361053, 0.609162509441, 0.787713170052, 1.32340836525, 1.93255186081, 1.02987968922, 0.369795352221, 0.102069504559, 0.137663930655, 0.131412729621, 0.0522988513112, 0.0202622171491, 0.00941896159202, 0.00832240749151, 0.00360617111437, 0.00154200196266, 0.00127249618527, 0.00071711424971, 0.000416698487243, 0.000354886171408, 0.000173245905899, 9.051986126e-05, 3.14085773425e-05, 6.66251344228e-06, 1.42803592098e-05, 3.09228562401e-05], "min": [1.07567467546e-21, 1.00060056278e-20, 2.82515686464e-20, 3.73411591297e-20, 3.91887704254e-20, 7.10797140472e-20, 3.46368982659e-19, 3.18286511055e-19, 7.39909852604e-19, 2.06467920488e-18, 1.58954386929e-18, 1.3390144364e-18, 2.43188701267e-18, 2.49368319469e-18, 2.78685813086e-18, 3.31231820433e-18, 2.96953455849e-18, 4.95319721264e-18, 4.31639345883e-18, 7.67804843721e-18, 1.93227587839e-17, 1.74993301134e-17, 2.06753281256e-17, 1.77972309392e-17, 1.11702544365e-17, 1.2393034177e-17, 1.30596673045e-17, 2.17560429046e-17, 1.85174422093e-17, 1.62744195556e-17, 1.56641472063e-17, 2.11778552369e-17, 1.86325443915e-17, 1.61079246419e-17, 9.93622421252e-18, 5.27585348622e-18, 2.69602584139e-18, 1.32500695991e-18, 3.1695469857e-19, 3.18747360517e-20], "var": [0.0086251469329, 0.625378787518, 26.7980155945, 49.7766914368, 400.392547607, 4519.78320312, 3673.38452148, 2195.07226562, 3590.60961914, 261.582794189, 666.187561035, 36.3697433472, 15.8804864883, 6.98091030121, 41.3251800537, 2.93653559685, 8.11038970947, 16.2474536896, 97.9688110352, 119.691772461, 18.5405139923, 1.7253266573, 2.37292289734, 3.99147558212, 2.47725629807, 0.508905529976, 0.19592101872, 0.505967497826, 0.180253595114, 0.220880046487, 0.0425609946251, 0.0144204134122, 0.00874421745539, 0.00614275317639, 0.00242669321597, 0.00184374395758, 0.00157480034977, 0.000184976641322, 9.62873855315e-06, 1.89810904772e-08]}, "gfcc": {"mean": [-162.877227783, 193.511978149, -71.35962677, 1.15455937386, -39.9298591614, -26.8286037445, -52.0760307312, -23.2482910156, -15.0610551834, -1.40776538849, -8.6888551712, -18.9157180786, -11.3113241196], "cov": [[12665.2617188, -539.66217041, -2352.58569336, 699.56463623, 795.609863281, 143.689544678, 442.64553833, 88.4181365967, -109.378715515, -23.2051086426, -226.825653076, 333.188323975, 311.516418457], [-539.66217041, 2118.59130859, -435.208007812, -826.583496094, 331.102294922, -421.177734375, 69.875541687, -266.201599121, 147.963378906, -253.436676025, 112.184844971, -300.746795654, 102.68812561], [-2352.58569336, -435.208007812, 1396.05700684, -148.643585205, -402.616516113, 232.369888306, -148.576660156, 137.654312134, -4.9664850235, 116.32951355, -3.31744885445, 54.2160758972, -183.350234985], [699.56463623, -826.583496094, -148.643585205, 819.489990234, -26.914598465, 131.295715332, 35.2099304199, 64.3690338135, -79.9250259399, 94.4301986694, -20.7062358856, 113.510063171, 22.391040802], [795.609863281, 331.102294922, -402.616516113, -26.914598465, 474.249694824, -15.5459098816, 113.342010498, -27.9041366577, 18.6402626038, -40.4048614502, 2.46581578255, 18.3184242249, 76.4842300415], [143.689544678, -421.177734375, 232.369888306, 131.295715332, -15.5459098816, 355.985229492, 27.0129756927, 113.454833984, -8.11263465881, 66.4133453369, -23.3001708984, 92.0992050171, -18.962184906], [442.64553833, 69.875541687, -148.576660156, 35.2099304199, 113.342010498, 27.0129756927, 199.4115448, 33.8826446533, 20.9332962036, -20.4436359406, -15.8690690994, 12.8512525558, 24.4412097931], [88.4181365967, -266.201599121, 137.654312134, 64.3690338135, -27.9041366577, 113.454833984, 33.8826446533, 211.784515381, 26.2093658447, 62.2704811096, -1.38167607784, 67.3588943481, -20.0074901581], [-109.378715515, 147.963378906, -4.9664850235, -79.9250259399, 18.6402626038, -8.11263465881, 20.9332962036, 26.2093658447, 122.291236877, 38.5407791138, 9.26668167114, -21.558265686, -13.0632123947], [-23.2051086426, -253.436676025, 116.32951355, 94.4301986694, -40.4048614502, 66.4133453369, -20.4436359406, 62.2704811096, 38.5407791138, 131.75994873, 1.74415540695, 34.7450065613, -33.7861099243], [-226.825653076, 112.184844971, -3.31744885445, -20.7062358856, 2.46581578255, -23.3001708984, -15.8690690994, -1.38167607784, 9.26668167114, 1.74415540695, 61.5587539673, -7.04956912994, 0.214424148202], [333.188323975, -300.746795654, 54.2160758972, 113.510063171, 18.3184242249, 92.0992050171, 12.8512525558, 67.3588943481, -21.558265686, 34.7450065613, -7.04956912994, 112.274993896, 14.2917938232], [311.516418457, 102.68812561, -183.350234985, 22.391040802, 76.4842300415, -18.962184906, 24.4412097931, -20.0074901581, -13.0632123947, -33.7861099243, 0.214424148202, 14.2917938232, 96.5099868774]], "icov": [[0.000171415769728, -0.000144875361002, 0.000386779254768, -1.80036367965e-05, 8.72185119078e-05, -0.000135257694637, -3.52122951881e-05, -8.79755534697e-05, 0.0002529839403, -0.000248444586759, 0.000723450793885, -0.00077856797725, 0.000295772450045], [-0.000144875361002, 0.00306078675203, -0.000719765317626, 0.00154805299826, -0.00154029100668, 0.000941267877351, -0.000785367796198, 0.000896370620467, -0.00244901305996, 0.00252182711847, -0.00448148697615, 0.00528559600934, -0.00294674234465], [0.000386779254768, -0.000719765317626, 0.00244622980244, 0.000319284183206, 0.00127075973433, -0.00116416462697, 0.000446094636573, -0.000538953696378, 0.00127462402452, -0.00124536908697, 0.00205903919414, -0.00316079217009, 0.00283020408824], [-1.80036367965e-05, 0.00154805299826, 0.000319284183206, 0.00273994496092, -0.000263060501311, 6.72681198921e-05, -0.000876886479091, 0.0005210993113, 0.000426229700679, -0.000589481554925, -0.00201278692111, 0.00136914360337, -0.00141330785118], [8.72185119078e-05, -0.00154029100668, 0.00127075973433, -0.000263060501311, 0.00413625175133, -0.000895393546671, -0.000842196226586, 0.000100546065369, 0.000920558988582, -0.00134739663918, 0.00182315020356, -0.00403794040903, 0.000859639956616], [-0.000135257694637, 0.000941267877351, -0.00116416462697, 6.72681198921e-05, -0.000895393546671, 0.00479243090376, -0.000750045001041, -0.000689954089466, -0.000660777150188, 0.000180574133992, -0.000507676333655, 6.04975939495e-05, -0.00112815911416], [-3.52122951881e-05, -0.000785367796198, 0.000446094636573, -0.000876886479091, -0.000842196226586, -0.000750045001041, 0.00718737859279, -0.00175068248063, -0.00119673542213, 0.00158839626238, 0.00260960869491, -0.00101681484375, 0.000876027683262], [-8.79755534697e-05, 0.000896370620467, -0.000538953696378, 0.0005210993113, 0.000100546065369, -0.000689954089466, -0.00175068248063, 0.00775942765176, -0.00225551985204, -0.000626938359346, -0.00220863404684, -0.00185914896429, -0.000222420261707], [0.0002529839403, -0.00244901305996, 0.00127462402452, 0.000426229700679, 0.000920558988582, -0.000660777150188, -0.00119673542213, -0.00225551985204, 0.0144855584949, -0.00786712393165, 0.00283465068787, -0.00139890436549, 0.00249541620724], [-0.000248444586759, 0.00252182711847, -0.00124536908697, -0.000589481554925, -0.00134739663918, 0.000180574133992, 0.00158839626238, -0.000626938359346, -0.00786712393165, 0.0159103665501, -0.00427924888209, 0.00216960115358, 0.000653774128295], [0.000723450793885, -0.00448148697615, 0.00205903919414, -0.00201278692111, 0.00182315020356, -0.000507676333655, 0.00260960869491, -0.00220863404684, 0.00283465068787, -0.00427924888209, 0.0255130752921, -0.0090443380177, 0.00431687897071], [-0.00077856797725, 0.00528559600934, -0.00316079217009, 0.00136914360337, -0.00403794040903, 6.04975939495e-05, -0.00101681484375, -0.00185914896429, -0.00139890436549, 0.00216960115358, -0.0090443380177, 0.0270945113152, -0.00977142620832], [0.000295772450045, -0.00294674234465, 0.00283020408824, -0.00141330785118, 0.000859639956616, -0.00112815911416, 0.000876027683262, -0.000222420261707, 0.00249541620724, 0.000653774128295, 0.00431687897071, -0.00977142620832, 0.0190802142024]]}, "melbands": {"dmean": [0.000256315659499, 0.000684187049046, 0.000701102777384, 0.000769366626628, 0.000584161258303, 0.000328408117639, 0.000164854325703, 3.69075023627e-05, 3.91673493141e-05, 7.71249233367e-06, 3.08129892801e-06, 1.62602384535e-06, 2.70401255875e-06, 1.81295695256e-06, 1.55769237153e-06, 1.74454055468e-06, 2.18451941691e-06, 3.36898028763e-06, 3.50306095243e-06, 1.9283054371e-06, 8.77775789832e-07, 4.10822593722e-07, 2.61866574647e-07, 5.26431279013e-07, 3.8504330746e-07, 3.39117377735e-07, 2.26907360457e-07, 1.00510554546e-07, 6.63373427301e-08, 1.4430736428e-07, 1.23701084931e-07, 7.62030296642e-08, 7.13087544568e-08, 6.21408347001e-08, 3.97982873324e-08, 2.33889565493e-08, 2.46439224583e-08, 1.79600903039e-08, 1.98758591807e-08, 1.89872206846e-08], "dmean2": [0.000395137321902, 0.00110160117038, 0.00119811925106, 0.00115049269516, 0.000908112502657, 0.000567165960092, 0.000275322119705, 5.8975398133e-05, 5.46648370801e-05, 1.10290266093e-05, 4.80959170091e-06, 2.40706890509e-06, 3.50650975633e-06, 2.73088835456e-06, 2.51916867455e-06, 2.7970654628e-06, 3.34963738169e-06, 4.90786533192e-06, 4.82665973323e-06, 2.64813911599e-06, 1.38680957207e-06, 6.66517337322e-07, 3.95677915321e-07, 7.74393129177e-07, 5.42216127997e-07, 4.85559553454e-07, 3.21585844176e-07, 1.48028050262e-07, 1.01343580639e-07, 2.25109658913e-07, 1.95576276951e-07, 1.2049582665e-07, 1.16818263507e-07, 1.02134734448e-07, 6.33034460407e-08, 3.82007101507e-08, 4.10622433833e-08, 2.83973360382e-08, 2.97002387128e-08, 2.98918720887e-08], "dvar": [6.9597615493e-07, 1.70340331351e-06, 8.59057138314e-07, 2.18197692448e-06, 1.38386440085e-06, 3.4015363326e-07, 1.05367227832e-07, 1.23098864435e-08, 6.87836321234e-09, 2.87757428996e-10, 8.03378127912e-11, 2.38075548858e-11, 3.80472285622e-11, 1.92407409449e-11, 1.34144874028e-11, 1.48146304252e-11, 2.16139901116e-11, 7.27519849919e-11, 8.40281802472e-11, 4.09688186154e-11, 1.11992394525e-11, 2.82474195944e-12, 4.46103006965e-13, 2.33206466291e-12, 1.35543746366e-12, 8.53407893398e-13, 5.40085229143e-13, 8.50959927523e-14, 3.7016623897e-14, 2.34929886959e-13, 1.5897188893e-13, 5.67107091268e-14, 1.29309039062e-13, 7.33608256065e-14, 1.95231387345e-14, 6.33366768727e-15, 6.21181818616e-15, 4.39512606133e-15, 4.37351401568e-15, 3.48519668257e-15], "dvar2": [1.65029678101e-06, 4.4017192522e-06, 2.43539261646e-06, 4.73687669e-06, 3.11696271638e-06, 1.02992862594e-06, 2.34391976051e-07, 3.15849604249e-08, 1.35932882728e-08, 6.22803641992e-10, 1.9722368183e-10, 4.22110020548e-11, 5.8273684489e-11, 4.41350359037e-11, 3.36762666364e-11, 3.47415672619e-11, 5.22902936229e-11, 1.45053358214e-10, 1.52739348946e-10, 7.83786160974e-11, 2.90119421542e-11, 7.86088121679e-12, 9.72642431006e-13, 5.1597489302e-12, 2.64673851412e-12, 1.75590683486e-12, 1.1574510881e-12, 1.76121283898e-13, 8.95985556256e-14, 6.14202157016e-13, 3.88978752637e-13, 1.40675408063e-13, 3.45456519293e-13, 1.93761849556e-13, 4.74142921377e-14, 1.55393852354e-14, 1.53422823626e-14, 1.07220242613e-14, 9.42334826436e-15, 7.95270340331e-15], "max": [0.0187402442098, 0.0129810124636, 0.00867871101946, 0.0218511056155, 0.0167095661163, 0.00648517534137, 0.00442598247901, 0.00181923212949, 0.00150848017074, 0.000278871681076, 0.000214792627958, 5.74863042857e-05, 0.000178972462891, 8.59904030222e-05, 4.1327013605e-05, 5.36736188224e-05, 9.273977048e-05, 0.000179735478014, 0.000156304042321, 0.000170898347278, 6.63872415316e-05, 2.67903851636e-05, 7.96740914666e-06, 2.79079431493e-05, 1.89249713003e-05, 1.59069677466e-05, 1.04533355625e-05, 4.71980320071e-06, 2.13946373151e-06, 7.5399848356e-06, 4.84776728626e-06, 2.97463020615e-06, 8.55198686622e-06, 5.80913774684e-06, 2.62392404693e-06, 1.40594454479e-06, 1.00731722341e-06, 1.24034500004e-06, 1.01098714822e-06, 8.78223659129e-07], "mean": [0.000285781017737, 0.00135439506266, 0.00177854648791, 0.00209475099109, 0.00198919977993, 0.00118365453091, 0.000714600610081, 0.000120774253446, 0.000150935025886, 1.91145900317e-05, 8.85338613443e-06, 4.64579579784e-06, 8.9337454483e-06, 4.63017795482e-06, 2.955731361e-06, 4.20591641159e-06, 5.29603403265e-06, 9.4492406788e-06, 8.00935049483e-06, 3.83120004699e-06, 1.73418914073e-06, 4.98426459217e-07, 3.60007248901e-07, 8.77666423094e-07, 6.42889006031e-07, 5.63808839615e-07, 3.32264022518e-07, 1.26047467575e-07, 6.89280597044e-08, 1.42236459055e-07, 1.16803363426e-07, 7.16890227181e-08, 5.67044615707e-08, 5.14261842e-08, 3.51231932427e-08, 2.11204387313e-08, 2.15914006674e-08, 1.63304072487e-08, 1.79379693321e-08, 1.69419411833e-08], "median": [5.02977636643e-05, 0.000507830292918, 0.00157873902936, 0.0010340041481, 0.000807722273748, 0.000763660529628, 0.000384326151107, 5.17642401974e-05, 6.75814662827e-05, 8.77509137354e-06, 2.24968130169e-06, 5.47415879737e-07, 2.67333507509e-06, 1.73848275153e-06, 1.20814559068e-06, 1.70710029579e-06, 2.30459409067e-06, 2.87886450678e-06, 1.64129801306e-06, 7.37032564757e-07, 2.63826706259e-07, 8.63887592573e-08, 6.32740579931e-08, 1.41830724942e-07, 8.9545480364e-08, 4.35010498734e-08, 1.8106455002e-08, 9.88239179378e-09, 3.86411525e-09, 5.86536330616e-09, 3.92654042614e-09, 2.27906338246e-09, 7.06859737409e-10, 7.73436537038e-10, 7.68840435761e-10, 4.33500735308e-10, 4.50324694201e-10, 2.87390361509e-10, 2.28912486189e-10, 2.90956120308e-10], "min": [1.03375299137e-23, 1.58001692236e-23, 6.23863389374e-24, 3.01824512946e-24, 1.02421929179e-23, 7.46367492612e-24, 1.43706270456e-23, 2.1421939133e-23, 1.21930680246e-23, 9.18080265801e-24, 1.21148075008e-23, 9.76272799285e-24, 1.0316952477e-23, 1.06640946627e-23, 8.89127492857e-24, 4.92700078308e-24, 9.7804978736e-24, 6.97130423668e-24, 7.5597857945e-24, 1.72834328292e-23, 1.99052656903e-23, 1.89490227005e-23, 1.4259817332e-23, 2.23804161769e-23, 1.37589111675e-23, 8.58494051755e-24, 8.49539454962e-24, 7.72358802831e-24, 6.99791330387e-24, 1.21977838351e-23, 1.25163093025e-23, 1.00168642666e-23, 8.71449829946e-24, 9.07783816608e-24, 8.43034902368e-24, 9.91404334738e-24, 1.44312099854e-23, 1.27776865306e-23, 1.43545469049e-23, 1.26159866111e-23], "var": [7.33216893423e-07, 4.02488694817e-06, 1.7921346398e-06, 7.62431000112e-06, 6.28922225587e-06, 1.47081152591e-06, 6.37254345293e-07, 3.76462061524e-08, 4.17647534334e-08, 8.6728901838e-10, 3.92471055655e-10, 1.0870138123e-10, 3.04003433538e-10, 7.53929904618e-11, 2.24055531073e-11, 4.61671742502e-11, 8.44704098335e-11, 3.22062321256e-10, 3.26295435116e-10, 1.06454990656e-10, 2.26649393698e-11, 2.29324090099e-12, 7.17997384637e-13, 4.12039022693e-12, 2.75080284072e-12, 1.96207698526e-12, 9.42738183525e-13, 1.3973433413e-13, 4.02398553118e-14, 2.11510699905e-13, 1.57128447081e-13, 5.42636953167e-14, 9.38754418168e-14, 5.65684482492e-14, 1.83899916101e-14, 6.25512062801e-15, 5.80213672518e-15, 4.32860856398e-15, 5.20251701962e-15, 3.79694292365e-15]}, "mfcc": {"mean": [-813.934631348, 218.359970093, 30.1009750366, 25.7275943756, 19.3971939087, -1.09022569656, -19.7517604828, -27.986618042, -18.3705615997, -3.4941034317, -0.65856975317, -9.8299331665, -5.82710361481], "cov": [[8514.14453125, 398.363647461, -2041.2376709, 518.926879883, 148.507034302, 323.191680908, 372.175872803, 314.626464844, 297.9765625, 221.914398193, 96.6422424316, -221.551376343, -127.560768127], [398.363647461, 2037.18994141, -410.077758789, -498.566070557, 107.800743103, -119.556732178, -65.0014038086, -86.5080184937, -30.2290458679, 88.9098968506, 35.265007019, -104.253517151, -126.467895508], [-2041.2376709, -410.077758789, 1140.01171875, -207.602172852, -141.152816772, -28.0359477997, -128.409439087, -28.904296875, -56.8326797485, -80.8504562378, 18.3216209412, 138.308944702, 51.1190643311], [518.926879883, -498.566070557, -207.602172852, 518.458679199, 34.6784477234, 37.7552871704, 90.4599990845, 27.8959751129, 20.3416309357, -20.4498062134, -17.8138980865, -6.33032751083, 17.7426452637], [148.507034302, 107.800743103, -141.152816772, 34.6784477234, 227.409622192, 71.7487487793, 54.2826118469, 41.7808837891, 23.6581134796, 20.1133136749, 2.34140443802, 12.5255622864, 36.4434013367], [323.191680908, -119.556732178, -28.0359477997, 37.7552871704, 71.7487487793, 218.950668335, 84.4670944214, 33.295337677, 42.7728042603, 19.1690807343, 3.13786840439, 17.8214969635, 39.1249923706], [372.175872803, -65.0014038086, -128.409439087, 90.4599990845, 54.2826118469, 84.4670944214, 174.458129883, 100.064094543, 46.6795120239, 23.1648254395, -3.79620265961, -13.2728176117, 18.9742259979], [314.626464844, -86.5080184937, -28.904296875, 27.8959751129, 41.7808837891, 33.295337677, 100.064094543, 185.214675903, 87.6580200195, 21.95586586, 21.9560279846, 19.1224136353, 30.6832695007], [297.9765625, -30.2290458679, -56.8326797485, 20.3416309357, 23.6581134796, 42.7728042603, 46.6795120239, 87.6580200195, 129.408782959, 58.2866096497, 12.7044906616, 13.2153987885, 31.2302093506], [221.914398193, 88.9098968506, -80.8504562378, -20.4498062134, 20.1133136749, 19.1690807343, 23.1648254395, 21.95586586, 58.2866096497, 113.916236877, 43.4277191162, -12.142496109, 13.9820346832], [96.6422424316, 35.265007019, 18.3216209412, -17.8138980865, 2.34140443802, 3.13786840439, -3.79620265961, 21.9560279846, 12.7044906616, 43.4277191162, 104.372398376, 43.7142753601, -15.2977781296], [-221.551376343, -104.253517151, 138.308944702, -6.33032751083, 12.5255622864, 17.8214969635, -13.2728176117, 19.1224136353, 13.2153987885, -12.142496109, 43.7142753601, 114.771736145, 43.6731033325], [-127.560768127, -126.467895508, 51.1190643311, 17.7426452637, 36.4434013367, 39.1249923706, 18.9742259979, 30.6832695007, 31.2302093506, 13.9820346832, -15.2977781296, 43.6731033325, 103.327339172]], "icov": [[0.000269323762041, -1.75987115654e-05, 0.000471375038614, -0.000106873041659, 0.000289375311695, -0.00045849091839, 0.000211573365959, -0.000433190143667, -0.000126519866171, 5.07209961143e-07, -0.000222121845582, 7.80289265094e-05, 0.000229733283049], [-1.75987115654e-05, 0.0009883295279, 0.000364113744581, 0.00110677664634, -0.000707051891368, 0.000596292025875, -0.000305972731439, 0.000588050112128, -0.000160517010954, -0.000253407895798, -0.000136406189995, 9.76843148237e-05, 0.000744234304875], [0.000471375038614, 0.000364113744581, 0.00235763168894, 0.000672036490869, 0.00110974279232, -0.00090906053083, 0.000957815733273, -0.00105233408976, 0.000367066677427, 0.000293166987831, -0.000212830214878, -0.00125771341845, 0.00018468721828], [-0.000106873041659, 0.00110677664634, 0.000672036490869, 0.00364485057071, -0.000775932683609, 0.00100691244006, -0.00183304806706, 0.00156445137691, -0.000850858690683, 0.00120568124112, -0.000630905036815, 0.000119816228107, -2.12282538996e-05], [0.000289375311695, -0.000707051891368, 0.00110974279232, -0.000775932683609, 0.00660527683794, -0.00238257879391, 0.00041373129352, -0.00201207934879, 0.00128219404723, -0.000515453109983, 0.000298012339044, -0.00112827809062, -0.0016267093597], [-0.00045849091839, 0.000596292025875, -0.00090906053083, 0.00100691244006, -0.00238257879391, 0.00793097913265, -0.00457727070898, 0.00375880976208, -0.00246636453085, 0.00109970930498, -0.00100200646557, 6.20953651378e-05, -0.00157569814473], [0.000211573365959, -0.000305972731439, 0.000957815733273, -0.00183304806706, 0.00041373129352, -0.00457727070898, 0.013035225682, -0.00799036491662, 0.00304736196995, -0.00279474747367, 0.00244941259734, 0.000448310922366, 0.000924211170059], [-0.000433190143667, 0.000588050112128, -0.00105233408976, 0.00156445137691, -0.00201207934879, 0.00375880976208, -0.00799036491662, 0.0145772770047, -0.00898908730596, 0.00565680023283, -0.00532055879012, 0.00208161631599, -0.00285424501635], [-0.000126519866171, -0.000160517010954, 0.000367066677427, -0.000850858690683, 0.00128219404723, -0.00246636453085, 0.00304736196995, -0.00898908730596, 0.0182475987822, -0.0106965806335, 0.00647887540981, -0.0049359886907, 0.0011809207499], [5.07209961143e-07, -0.000253407895798, 0.000293166987831, 0.00120568124112, -0.000515453109983, 0.00109970930498, -0.00279474747367, 0.00565680023283, -0.0106965806335, 0.021834904328, -0.0143583985046, 0.0102510014549, -0.0082430113107], [-0.000222121845582, -0.000136406189995, -0.000212830214878, -0.000630905036815, 0.000298012339044, -0.00100200646557, 0.00244941259734, -0.00532055879012, 0.00647887540981, -0.0143583985046, 0.0238389633596, -0.0145002547652, 0.0108198393136], [7.80289265094e-05, 9.76843148237e-05, -0.00125771341845, 0.000119816228107, -0.00112827809062, 6.20953651378e-05, 0.000448310922366, 0.00208161631599, -0.0049359886907, 0.0102510014549, -0.0145002547652, 0.0215199626982, -0.0106463292614], [0.000229733283049, 0.000744234304875, 0.00018468721828, -2.12282538996e-05, -0.0016267093597, -0.00157569814473, 0.000924211170059, -0.00285424501635, 0.0011809207499, -0.0082430113107, 0.0108198393136, -0.0106463292614, 0.0194932632148]]}, "spectral_contrast_coeffs": {"dmean": [0.0475398041308, 0.0374879613519, 0.0313038416207, 0.0300574973226, 0.02648508735, 0.0252724569291], "dmean2": [0.0754381269217, 0.0624146573246, 0.0512789078057, 0.0475625023246, 0.0373969636858, 0.03789197281], "dvar": [0.00174373819027, 0.00134856114164, 0.000852327153552, 0.000893972872291, 0.000630868482403, 0.000584367197007], "dvar2": [0.00411562761292, 0.00329515640624, 0.00208650715649, 0.00195529218763, 0.00117279798724, 0.00120571465231], "max": [-0.248112514615, -0.331323474646, -0.53055024147, -0.540200948715, -0.586929440498, -0.594584405422], "mean": [-0.485545039177, -0.596913099289, -0.752322912216, -0.753719031811, -0.778690576553, -0.815544903278], "median": [-0.482735157013, -0.600982367992, -0.752445697784, -0.748759150505, -0.783739805222, -0.8247859478], "min": [-0.947552740574, -0.966823160648, -0.963036596775, -0.956482946873, -0.957237184048, -0.960530936718], "var": [0.0101507678628, 0.00711878016591, 0.00403902353719, 0.00522980140522, 0.00491559458897, 0.00310568581335]}, "spectral_contrast_valleys": {"dmean": [0.505457162857, 0.335611701012, 0.375596135855, 0.422822505236, 0.541898131371, 0.604631543159], "dmean2": [0.800470590591, 0.538646936417, 0.604296267033, 0.654129981995, 0.768809437752, 0.861829102039], "dvar": [0.265591979027, 0.195988923311, 0.221467733383, 0.285221487284, 0.439243733883, 0.421474277973], "dvar2": [0.55009239912, 0.