{"lowlevel": {"average_loudness": 0.891833841801, "barkbands_crest": {"dmean": 3.20546078682, "dmean2": 5.06323623657, "dvar": 7.51124382019, "dvar2": 20.0028476715, "max": 26.1158084869, "mean": 13.7077093124, "median": 13.4373950958, "min": 2.41198897362, "var": 28.8739738464}, "barkbands_flatness_db": {"dmean": 0.0433377400041, "dmean2": 0.0635164156556, "dvar": 0.00248782103881, "dvar2": 0.00456071132794, "max": 0.897482335567, "mean": 0.186104133725, "median": 0.166308060288, "min": 0.0257771965116, "var": 0.0111116087064}, "barkbands_kurtosis": {"dmean": 14.3318223953, "dmean2": 22.4466819763, "dvar": 1912.91003418, "dvar2": 4165.29443359, "max": 1484.17248535, "mean": 19.4835777283, "median": 6.47907447815, "min": -1.93949961662, "var": 2772.93554688}, "barkbands_skewness": {"dmean": 1.14262843132, "dmean2": 1.71722972393, "dvar": 2.32400226593, "dvar2": 4.6738986969, "max": 29.2087745667, "mean": 2.80583310127, "median": 2.32434415817, "min": -4.4184885025, "var": 6.30705356598}, "barkbands_spread": {"dmean": 8.48189353943, "dmean2": 13.3086566925, "dvar": 117.55280304, "dvar2": 236.000701904, "max": 115.120903015, "mean": 21.1344814301, "median": 15.3372936249, "min": 0.0598853379488, "var": 359.206420898}, "dissonance": {"dmean": 0.0199794564396, "dmean2": 0.0327257700264, "dvar": 0.00041178354877, "dvar2": 0.00102346658241, "max": 0.5, "mean": 0.457821130753, "median": 0.466628789902, "min": 0.221175804734, "var": 0.00111575657502}, "dynamic_complexity": 4.42150354385, "erbbands_crest": {"dmean": 3.19812583923, "dmean2": 5.26705598831, "dvar": 9.8794260025, "dvar2": 24.7129077911, "max": 30.0977802277, "mean": 9.31102466583, "median": 8.20972061157, "min": 2.2278137207, "var": 22.1989250183}, "erbbands_flatness_db": {"dmean": 0.0216128267348, "dmean2": 0.0333900600672, "dvar": 0.000906901608687, "dvar2": 0.00173480564263, "max": 0.534791707993, "mean": 0.1438883394, "median": 0.126477152109, "min": 0.0432566069067, "var": 0.00438666297123}, "erbbands_kurtosis": {"dmean": 2.28363704681, "dmean2": 3.66540193558, "dvar": 109.33769989, "dvar2": 233.551544189, "max": 296.442382812, "mean": 2.09637880325, "median": -0.105233669281, "min": -1.82906019688, "var": 168.159286499}, "erbbands_skewness": {"dmean": 0.495930314064, "dmean2": 0.764812350273, "dvar": 0.464595109224, "dvar2": 1.05708885193, "max": 13.5707864761, "mean": 0.538485229015, "median": 0.36975467205, "min": -7.60784673691, "var": 1.43769037724}, "erbbands_spread": {"dmean": 11.6500196457, "dmean2": 18.0314273834, "dvar": 175.692306519, "dvar2": 385.344421387, "max": 179.134002686, "mean": 48.5089492798, "median": 48.8009719849, "min": 0.431181102991, "var": 592.438476562}, "hfc": {"dmean": 10.4262561798, "dmean2": 15.3595790863, "dvar": 445.814056396, "dvar2": 908.36315918, "max": 277.480712891, "mean": 23.5522632599, "median": 11.9340400696, "min": 3.03421558712e-11, "var": 1090.18310547}, "melbands_crest": {"dmean": 4.12054300308, "dmean2": 6.16538667679, "dvar": 13.7263212204, "dvar2": 30.0538368225, "max": 37.1305732727, "mean": 20.4314861298, "median": 19.6791248322, "min": 2.41847586632, "var": 64.5905761719}, "melbands_flatness_db": {"dmean": 0.0492720603943, "dmean2": 0.0724436491728, "dvar": 0.00322913192213, "dvar2": 0.00585557939485, "max": 1, "mean": 0.255677878857, "median": 0.228122234344, "min": 0.0145448325202, "var": 0.017216315493}, "melbands_kurtosis": {"dmean": 33.4712753296, "dmean2": 50.0741882324, "dvar": 10253.5947266, "dvar2": 22939.8203125, "max": 3084.30566406, "mean": 49.8833122253, "median": 21.9537830353, "min": -1.87422966957, "var": 13308.8505859}, "melbands_skewness": {"dmean": 1.53245234489, "dmean2": 2.2316775322, "dvar": 4.01823186874, "dvar2": 7.81469345093, "max": 38.8544540405, "mean": 4.57877206802, "median": 3.89547252655, "min": -2.2673201561, "var": 11.6903133392}, "melbands_spread": {"dmean": 8.09457969666, "dmean2": 12.8757867813, "dvar": 132.432052612, "dvar2": 283.684204102, "max": 286.811981201, "mean": 20.8817901611, "median": 10.8362150192, "min": 0.0786117389798, "var": 865.643249512}, "pitch_salience": {"dmean": 0.0901785418391, "dmean2": 0.132469460368, "dvar": 0.00679036742076, "dvar2": 0.0140101360157, "max": 0.963805198669, "mean": 0.422250002623, "median": 0.448338866234, "min": 0.0182770807296, "var": 0.0311157666147}, "silence_rate_20dB": {"dmean": 0, "dmean2": 0, "dvar": 0, "dvar2": 0, "max": 1, "mean": 1, "median": 1, "min": 1, "var": 0}, "silence_rate_30dB": {"dmean": 0.13309623301, "dmean2": 0.26621067524, "dvar": 0.115368515253, "dvar2": 0.205315500498, "max": 1, "mean": 0.798727929592, "median": 1, "min": 0, "var": 0.160766884685}, "silence_rate_60dB": {"dmean": 0.0123110590503, "dmean2": 0.0245554037392, "dvar": 0.0121599314734, "dvar2": 0.0280602704734, "max": 1, "mean": 0.156681716442, "median": 0, "min": 0, "var": 0.132123678923}, "spectral_centroid": {"dmean": 361.720947266, "dmean2": 555.169799805, "dvar": 180980.234375, "dvar2": 378024.8125, "max": 6887.99462891, "mean": 1363.47692871, "median": 1233.11132812, "min": 49.2375793457, "var": 931988.5625}, "spectral_complexity": {"dmean": 4.55399751663, "dmean2": 7.18207931519, "dvar": 35.8376731873, "dvar2": 82.3122177124, "max": 50, "mean": 14.0452737808, "median": 11, "min": 0, "var": 104.730644226}, "spectral_decrease": {"dmean": 4.64327909455e-09, "dmean2": 6.91398227559e-09, "dvar": 4.00411863281e-17, "dvar2": 7.24442530543e-17, "max": 4.20370723529e-23, "mean": -1.39818867595e-08, "median": -1.14023706033e-08, "min": -4.47450432262e-08, "var": 1.48859356861e-16}, "spectral_energy": {"dmean": 0.0176260080189, "dmean2": 0.0261397119612, "dvar": 0.000566645350773, "dvar2": 0.00102109962609, "max": 0.171581655741, "mean": 0.0549069158733, "median": 0.0455994531512, "min": 2.59346368911e-15, "var": 0.0022167887073}, "spectral_energyband_high": {"dmean": 0.00102772086393, "dmean2": 0.00154398311861, "dvar": 5.9539315771e-06, "dvar2": 1.23420459204e-05, "max": 0.0321861319244, "mean": 0.00171694811434, "median": 0.000364450563211, "min": 2.00605099887e-15, "var": 1.29540931084e-05}, "spectral_energyband_low": {"dmean": 0.0178043525666, "dmean2": 0.0250690281391, "dvar": 0.000641933642328, "dvar2": 0.0010781318415, "max": 0.161164879799, "mean": 0.0414145849645, "median": 0.027834661305, "min": 1.43057578219e-17, "var": 0.00189637369476}, "spectral_energyband_middle_high": {"dmean": 0.00133084331173, "dmean2": 0.0021317077335, "dvar": 4.06566186939e-06, "dvar2": 9.79342439678e-06, "max": 0.0329007431865, "mean": 0.00265839067288, "median": 0.00131070637144, "min": 4.13884941393e-16, "var": 8.95518496691e-06}, "spectral_energyband_middle_low": {"dmean": 0.00837963633239, "dmean2": 0.0137375211343, "dvar": 0.000422647921368, "dvar2": 0.00105917151086, "max": 0.162589341402, "mean": 0.0112277725711, "median": 0.00580861140043, "min": 1.06144616914e-16, "var": 0.000380348617909}, "spectral_entropy": {"dmean": 0.274455219507, "dmean2": 0.412548273802, "dvar": 0.160772904754, "dvar2": 0.318284064531, "max": 8.81065654755, "mean": 7.6028585434, "median": 7.81581354141, "min": 2.90225219727, "var": 0.61330062151}, "spectral_flux": {"dmean": 0.0404286012053, "dmean2": 0.0609861575067, "dvar": 0.00201692804694, "dvar2": 0.00451157102361, "max": 0.418307453394, "mean": 0.108036771417, "median": 0.0834273397923, "min": 3.89972592529e-06, "var": 0.00795760378242}, "spectral_kurtosis": {"dmean": 3.5671749115, "dmean2": 5.57712221146, "dvar": 338.907440186, "dvar2": 759.41595459, "max": 747.223693848, "mean": 6.56659221649, "median": 2.34456133842, "min": -1.5106241703, "var": 627.001586914}, "spectral_rms": {"dmean": 0.00109200831503, "dmean2": 0.001592865563, "dvar": 1.76797414042e-06, "dvar2": 3.09354095407e-06, "max": 0.0129381893203, "mean": 0.00634743925184, "median": 0.00666987802833, "min": 1.59066282368e-09, "var": 1.3277909602e-05}, "spectral_rolloff": {"dmean": 619.808227539, "dmean2": 1043.70739746, "dvar": 1127228.5, "dvar2": 2508047, "max": 18367.8222656, "mean": 1515.36914062, "median": 409.130859375, "min": 64.599609375, "var": 4804174.5}, "spectral_skewness": {"dmean": 0.319847047329, "dmean2": 0.487690508366, "dvar": 0.561037540436, "dvar2": 1.05947351456, "max": 22.805393219, "mean": 1.62702870369, "median": 1.3364828825, "min": -0.86059486866, "var": 1.89466512203}, "spectral_spread": {"dmean": 697504.375, "dmean2": 1041768.4375, "dvar": 857290047488, "dvar2": 1547049762820.0, "max": 18139466, "mean": 5905277, "median": 6121695, "min": 155222.328125, "var": 4226913665020.0}, "spectral_strongpeak": {"dmean": 0.290891706944, "dmean2": 0.47111839056, "dvar": 0.345768123865, "dvar2": 0.908694922924, "max": 18.3753490448, "mean": 0.599329292774, "median": 0.41825067997, "min": 0, "var": 0.418732851744}, "zerocrossingrate": {"dmean": 0.0138566540554, "dmean2": 0.0168920271099, "dvar": 0.00022527888359, "dvar2": 0.000281818938674, "max": 0.50732421875, "mean": 0.063150472939, "median": 0.046875, "min": 0.00146484375, "var": 0.0034518763423}, "barkbands": {"dmean": [0.00147452764213, 0.0148959932849, 0.00728856772184, 0.00539778545499, 0.00341613730416, 0.000603599357419, 0.000267709692707, 0.000294973142445, 0.000296134967357, 0.000226343749091, 0.000243721340667, 0.00034247233998, 0.000313508469844, 0.000183551572263, 0.000200308335479, 0.000137967421324, 9.87851381069e-05, 9.98635659926e-05, 0.000102150894236, 0.000141597382026, 0.000114226015285, 0.000166894853464, 0.000263514521066, 0.000246991083259, 0.000197241650312, 9.1545189207e-05, 1.34125584736e-05], "dmean2": [0.00145880237687, 0.0221706330776, 0.0106611521915, 0.00936696212739, 0.00602442212403, 0.000806182739325, 0.000393078691559, 0.00048777111806, 0.000475286331493, 0.000367263244698, 0.000388197309803, 0.000565924448892, 0.000525132170878, 0.00030383549165, 0.000331555696903, 0.00023449807486, 0.000166070123669, 0.000169515609741, 0.000175500026671, 0.00022932808497, 0.000190274382476, 0.000257293344475, 0.000419284246163, 0.000372183742002, 0.000284382200334, 0.00014081072004, 2.09036061278e-05], "dvar": [5.74316663915e-06, 0.000475346110761, 0.000300923391478, 0.000252580095548, 7.89014884504e-05, 8.66144318934e-07, 2.48408071002e-07, 3.04966988551e-07, 5.41115753094e-07, 1.64118588941e-07, 2.95375429005e-07, 3.79538704465e-07, 3.25847707927e-07, 1.03369281135e-07, 1.60834702001e-07, 6.84604586354e-08, 3.74722759489e-08, 3.36151053659e-08, 3.41106840551e-08, 7.84712952395e-08, 1.00707502781e-07, 1.72533717091e-07, 7.34401510272e-07, 5.72857288716e-07, 3.7035917444e-07, 4.81350568293e-08, 1.2394136828e-09], "dvar2": [4.9717677939e-06, 0.001011584769, 0.000601310748607, 0.000658185221255, 0.000224216739298, 1.44072134844e-06, 5.33806769454e-07, 7.88490638115e-07, 1.16356443414e-06, 4.34803837379e-07, 6.5762083068e-07, 9.62722197073e-07, 8.35824323531e-07, 2.6306506129e-07, 4.22858164484e-07, 1.7963218113e-07, 9.77470193675e-08, 8.78751933442e-08, 8.93797391655e-08, 1.71675694105e-07, 2.44336206379e-07, 3.6821154481e-07, 1.77063452611e-06, 1.30129603804e-06, 6.97582947851e-07, 1.09907453805e-07, 2.82047563083e-09], "max": [0.0261013507843, 0.132562041283, 0.115661874413, 0.125349789858, 0.0868669897318, 0.0257058106363, 0.0136982258409, 0.0093946531415, 0.0293261706829, 0.00665797106922, 0.0277292560786, 0.00954165216535, 0.00952003337443, 0.00694234343246, 0.00650838017464, 0.00449873646721, 0.00320295826532, 0.00255856243894, 0.00308067514561, 0.00399152189493, 0.0135514959693, 0.0192635077983, 0.029356462881, 0.0218717660755, 0.0178351700306, 0.00270965509117, 0.000405571772717], "mean": [0.0035821958445, 0.0275365430862, 0.00827223155648, 0.00427686423063, 0.00397186912596, 0.00139630865306, 0.000535470840987, 0.000437796959886, 0.00043772457866, 0.000355527590727, 0.000338594283676, 0.000451129249996, 0.000401492114179, 0.000237971835304, 0.000259460095549, 0.000168393366039, 0.000122507903143, 0.000139131007018, 0.000143513389048, 0.000216381420614, 0.000183282725629, 0.000283541885437, 0.000362818216672, 0.000398172938731, 0.000277484563412, 0.000106534287625, 1.38997065733e-05], "median": [0.00035291450331, 0.0150288380682, 0.00175120297354, 0.000492676976137, 0.00131460186094, 0.000589351519011, 0.000220307643758, 0.000175856868736, 0.000154673616635, 0.000176103116246, 0.000126127881231, 0.000141679804074, 0.000110221793875, 8.43475863803e-05, 6.22174775344e-05, 6.39013305772e-05, 4.25635334977e-05, 5.60376283829e-05, 6.15760363871e-05, 6.73384492984e-05, 6.3832179876e-05, 6.95887138136e-05, 5.65846421523e-05, 4.82031464344e-05, 3.43549108948e-05, 1.32906825456e-05, 1.15583725346e-06], "min": [2.89337128321e-18, 5.82571311302e-18, 4.75651103376e-18, 4.22447466763e-18, 5.78799946735e-18, 1.05520659688e-17, 1.77858836755e-17, 2.5773042063e-17, 3.72715573354e-17, 1.7905882767e-17, 3.49868017655e-17, 5.05839870469e-17, 4.77874879192e-17, 5.05723535787e-17, 3.43760649543e-18, 1.6014908182e-17, 3.0166952685e-17, 6.63955709256e-17, 9.11669105017e-17, 1.83703016675e-17, 6.73927801674e-17, 4.47841274639e-17, 6.54700418469e-17, 1.14629961369e-16, 2.24514261832e-16, 5.95606728153e-16, 8.96648749173e-16], "var": [3.5367149394e-05, 0.00111738266423, 0.000363372382708, 0.000183646814548, 5.96995705564e-05, 4.38091501564e-06, 8.00466125384e-07, 5.13774352839e-07, 1.12364034521e-06, 2.61619959474e-07, 4.40951367864e-07, 5.71627367663e-07, 4.4101764729e-07, 1.29710088004e-07, 2.33441042496e-07, 7.66218946069e-08, 4.03741502453e-08, 4.6568036538e-08, 4.80620414578e-08, 1.44907133404e-07, 1.44745655462e-07, 4.04926652209e-07, 1.11443603146e-06, 1.1703899645e-06, 7.02749844095e-07, 6.32533456724e-08, 1.40382550029e-09]}, "erbbands": {"dmean": [0.561451792717, 3.03044033051, 7.82767152786, 12.1311225891, 18.3467731476, 8.13388538361, 3.33225369453, 6.54297208786, 4.73892307281, 4.02181816101, 6.67706441879, 8.11461925507, 7.46189880371, 7.85156202316, 8.64796924591, 15.6064424515, 14.0735673904, 10.7265996933, 11.0583982468, 7.27322483063, 6.5694475174, 5.00137042999, 5.14069032669, 5.15282487869, 5.82938671112, 7.08999061584, 4.4860086441, 4.86360502243, 6.04659032822, 5.88365840912, 8.20620536804, 5.86467218399, 4.00682830811, 2.58511328697, 1.17922616005, 0.514431357384, 0.157353460789, 0.0241063311696, 0.00246757827699, 0.000108571213786], "dmean2": [0.727984786034, 4.71317815781, 11.3017063141, 18.772939682, 32.9158439636, 13.2242975235, 4.74987602234, 8.77392196655, 6.47583436966, 6.44474363327, 11.0666456223, 12.9231491089, 12.2246961594, 12.370174408, 13.6918554306, 25.7199077606, 23.5884475708, 17.6714916229, 18.3934116364, 12.0215167999, 10.9983549118, 8.35545825958, 8.72061443329, 8.70659542084, 9.82123470306, 11.5082378387, 7.48535680771, 8.11599254608, 9.55869960785, 9.37256526947, 13.0456371307, 8.72680568695, 6.04255247116, 3.78557300568, 1.72845625877, 0.791841089725, 0.242527157068, 0.0379055552185, 0.0038280589506, 0.000165459947311], "dvar": [0.838191330433, 24.8179836273, 321.489318848, 996.710083008, 3032.78710938, 267.715026855, 27.173997879, 111.767280579, 75.5598831177, 61.8718414307, 167.630828857, 442.945098877, 243.460922241, 189.364624023, 540.968322754, 840.639648438, 656.52331543, 336.175201416, 480.425598145, 184.733413696, 153.043411255, 96.1235961914, 98.2371749878, 78.9316253662, 117.64717865, 224.055297852, 149.06678772, 197.039367676, 229.824584961, 393.829345703, 648.963012695, 334.981506348, 191.606765747, 92.3496170044, 10.0907611847, 1.65652132034, 0.147724151611, 0.0036023450084, 4.38594179286e-05, 7.68482379954e-08], "dvar2": [1.18545532227, 57.5296096802, 590.999267578, 2322.72631836, 8394.74902344, 705.914733887, 54.0810508728, 188.083633423, 119.549530029, 152.214630127, 438.683746338, 944.665527344, 649.852661133, 459.346191406, 1131.93139648, 2143.92138672, 1685.00012207, 859.743530273, 1299.43383789, 463.361206055, 394.179382324, 247.38848877, 257.161407471, 203.381698608, 291.099029541, 511.42175293, 375.856842041, 489.640289307, 536.593017578, 1018.5758667, 1540.17553711, 785.834289551, 431.492645264, 168.944671631, 20.9656562805, 3.8114335537, 0.340581148863, 0.0083153648302, 0.000101481651654, 1.74362810412e-07], "max": [7.21161222458, 31.6513442993, 120.542350769, 243.850784302, 437.057495117, 217.410964966, 95.8474578857, 258.761993408, 281.547088623, 194.452484131, 207.04800415, 881.203430176, 272.564605713, 290.065582275, 1309.34216309, 478.467529297, 468.115081787, 341.255249023, 420.341888428, 221.463088989, 164.200134277, 139.746673584, 138.407958984, 133.194366455, 253.435546875, 221.617156982, 700.268310547, 620.575683594, 598.048400879, 852.727233887, 659.131103516, 810.444458008, 430.56817627, 344.631469727, 42.863697052, 19.651517868, 3.88251638412, 0.568162441254, 0.079157628119, 0.0031457724981], "mean": [1.19465613365, 4.51761007309, 9.86603164673, 12.0201835632, 15.271654129, 12.2518920898, 7.19990539551, 14.5532264709, 10.9363059998, 6.75115633011, 9.54124069214, 12.3149528503, 11.3523197174, 12.8073339462, 12.8770112991, 21.236410141, 18.6764793396, 15.5973138809, 15.350019455, 9.67363262177, 8.17411327362, 6.37901592255, 7.05278587341, 7.56364583969, 8.67039966583, 10.5765781403, 6.80605316162, 7.84863138199, 10.1044034958, 9.35690975189, 11.0643892288, 9.25060939789, 6.18351554871, 3.715914011, 1.58066999912, 0.616776823997, 0.174103632569, 0.0251527242362, 0.00257371459156, 0.000167605874594], "median": [0.410088717937, 2.59519529343, 3.09465169907, 2.30589199066, 3.18009114265, 4.04122257233, 3.3870909214, 5.3564825058, 4.38375091553, 3.22425460815, 3.8280210495, 4.49847888947, 5.18008804321, 5.77867412567, 6.11501979828, 6.16282272339, 5.72030258179, 5.67995786667, 4.09793281555, 3.25218248367, 3.2830414772, 2.43066430092, 2.91678309441, 3.0212931633, 3.43063569069, 3.24910020828, 2.58821105957, 2.5332005024, 2.41898298264, 2.14053726196, 1.54986560345, 1.11538028717, 0.745209217072, 0.418254733086, 0.214045703411, 0.0790025666356, 0.021557893604, 0.00277649844065, 0.000219481415115, 7.40177711123e-05], "min": [1.90014781944e-16, 1.2667982296e-15, 4.80107125998e-15, 1.10396235e-14, 1.64948824456e-14, 1.89186655301e-14, 3.71490964618e-14, 1.05540616936e-13, 2.14882040113e-13, 3.64768572335e-13, 6.76404949846e-13, 8.62704439136e-13, 5.69563385171e-13, 9.0861476329e-13, 1.69321945787e-12, 2.00706747229e-12, 2.04888796901e-12, 3.20924601997e-12, 6.62825371846e-13, 2.19232157385e-13, 1.33349288643e-12, 1.63488059896e-12, 2.8356024126e-12, 5.78888065955e-12, 2.7952980642e-12, 1.04793138143e-12, 1.15266802179e-12, 3.78976407547e-12, 1.56746469103e-12, 1.84712813621e-12, 1.7905901371e-12, 2.7368380999e-12, 1.4910317989e-12, 2.56148032472e-12, 1.47582824867e-12, 1.47423067677e-12, 1.19643476983e-12, 6.52917336082e-13, 1.55420815107e-13, 1.01887628109e-14], "var": [3.25209903717, 34.8511695862, 433.819549561, 976.963684082, 1987.00927734, 387.808288574, 99.8084640503, 538.053833008, 413.535247803, 112.321479797, 259.152008057, 924.069091797, 350.898376465, 326.675689697, 836.087524414, 1300.91040039, 892.789428711, 501.796447754, 739.087585449, 232.798706055, 165.401763916, 104.107223511, 115.12613678, 128.858917236, 201.009109497, 377.084442139, 171.527252197, 308.611022949, 495.354553223, 561.037841797, 969.34576416, 649.909606934, 354.831726074, 177.746734619, 15.4852962494, 2.23268270493, 0.176603987813, 0.00399927096441, 4.87491452077e-05, 1.02190490736e-07]}, "gfcc": {"mean": [-28.6946315765, 66.7253723145, -96.4075317383, 31.0929679871, -59.8556213379, 20.7120227814, -33.571559906, 5.37927675247, -23.0614013672, 3.52893471718, -11.6264533997, 1.74593114853, -7.79176568985], "cov": [[17094.4726562, 363.872711182, 1511.88842773, 1125.25048828, 1204.15856934, 1843.28710938, 191.509277344, 391.723388672, -314.919647217, 442.604248047, -7.16800117493, 256.713134766, -313.729492188], [363.872711182, 4513.03076172, 1399.22766113, 595.282470703, 1228.04663086, 114.844207764, 588.358886719, -300.600585938, 439.882995605, -326.571258545, 358.477539062, -303.345214844, 155.200393677], [1511.88842773, 1399.22766113, 1794.56335449, 875.664306641, 876.350891113, 564.649230957, 491.18069458, 218.808502197, 324.096588135, 80.0535964966, 185.493240356, -14.389084816, 37.6351356506], [1125.25048828, 595.282470703, 875.664306641, 824.528015137, 514.605041504, 460.50189209, 335.512542725, 196.149475098, 210.787521362, 60.947177887, 103.914421082, -25.7639808655, 14.328130722], [1204.15856934, 1228.04663086, 876.350891113, 514.605041504, 884.2421875, 459.61239624, 451.975250244, 83.2669448853, 223.887634277, 37.2889480591, 142.030792236, -47.3606834412, 14.5688743591], [1843.28710938, 114.844207764, 564.649230957, 460.50189209, 459.61239624, 619.141967773, 291.736785889, 193.493667603, 95.0433425903, 133.419418335, 66.5123519897, 20.3782978058, -34.7374916077], [191.509277344, 588.358886719, 491.18069458, 335.512542725, 451.975250244, 291.736785889, 392.32019043, 149.389511108, 214.256759644, 56.9609909058, 129.687561035, -2.47122216225, 47.1297149658], [391.723388672, -300.600585938, 218.808502197, 196.149475098, 83.2669448853, 193.493667603, 149.389511108, 263.91192627, 123.975708008, 141.149642944, 38.5742835999, 84.1104354858, 24.1611442566], [-314.919647217, 439.882995605, 324.096588135, 210.787521362, 223.887634277, 95.0433425903, 214.256759644, 123.975708008, 269.439819336, 68.7239532471, 141.395111084, 19.7285804749, 96.3271179199], [442.604248047, -326.571258545, 80.0535964966, 60.947177887, 37.2889480591, 133.419418335, 56.9609909058, 141.149642944, 68.7239532471, 178.80039978, 49.830078125, 92.6106872559, 15.8552865982], [-7.16800117493, 358.477539062, 185.493240356, 103.914421082, 142.030792236, 66.5123519897, 129.687561035, 38.5742835999, 141.395111084, 49.830078125, 168.670043945, 44.6066627502, 82.6772766113], [256.713134766, -303.345214844, -14.389084816, -25.7639808655, -47.3606834412, 20.3782978058, -2.47122216225, 84.1104354858, 19.7285804749, 92.6106872559, 44.6066627502, 127.877403259, 48.1193847656], [-313.729492188, 155.200393677, 37.6351356506, 14.328130722, 14.5688743591, -34.7374916077, 47.1297149658, 24.1611442566, 96.3271179199, 15.8552865982, 82.6772766113, 48.1193847656, 122.143028259]], "icov": [[0.000136958478834, -0.000127858540509, 4.03124904551e-05, -4.07828119933e-05, -0.000112148569315, -0.000475646666018, 0.000491898623295, -0.000220809233724, 0.000310938194161, -8.73999160831e-05, 1.10109822344e-05, -0.000446612451924, 0.000173208289198], [-0.000127858540509, 0.00105190253817, -0.000405958882766, 0.000155903515406, -0.000912893214263, 0.000964698207099, -0.000433022185462, 0.000874177960213, -0.000656271178741, 0.00110390782356, -0.00129661057144, 0.00163169263396, -0.000571689975914], [4.03124904551e-05, -0.000405958882766, 0.00172320567071, -0.00109170295764, -0.000748290331103, -0.000265411916189, 0.000688563333824, -0.000725061167032, -0.000258159649093, 1.0654182006e-05, 0.000226725271204, -0.00108077703044, 0.000582512584515], [-4.07828119933e-05, 0.000155903515406, -0.00109170295764, 0.00364703102969, -0.000145687183249, -0.00139312609099, 0.000261536537437, -0.00138271809556, -0.000873469689395, 0.00139885942917, -0.000509861565661, 0.00158610276412, -0.000372988346498], [-0.000112148569315, -0.000912893214263, -0.000748290331103, -0.000145687183249, 0.00633944198489, -0.00179546617437, -0.00493206828833, 0.0034262468107, -0.0011280849576, -0.00158254988492, 0.00254507968202, -0.00176809448749, 0.00114700966515], [-0.000475646666018, 0.000964698207099, -0.000265411916189, -0.00139312609099, -0.00179546617437, 0.00733314966783, -0.00306819262914, -0.0008098941762, 0.00237502832897, -0.0021103892941, -0.00193866551854, 0.00349431089126, -0.000221964321099], [0.000491898623295, -0.000433022185462, 0.000688563333824, 0.000261536537437, -0.00493206828833, -0.00306819262914, 0.0140334349126, -0.00665676314384, -0.00163824565243, 0.00297787878662, -0.00374678266235, 0.000696735922247, 0.000355510070221], [-0.000220809233724, 0.000874177960213, -0.000725061167032, -0.00138271809556, 0.0034262468107, -0.0008098941762, -0.00665676314384, 0.0163338556886, -0.00699977949262, -0.0040330463089, 0.00659343739972, -0.00614659534767, 0.00140855764039], [0.000310938194161, -0.000656271178741, -0.000258159649093, -0.000873469689395, -0.0011280849576, 0.00237502832897, -0.00163824565243, -0.00699977949262, 0.0174008756876, -0.00503357034177, -0.00655350880697, 0.0072077405639, -0.00683189183474], [-8.73999160831e-05, 0.00110390782356, 1.0654182006e-05, 0.00139885942917, -0.00158254988492, -0.0021103892941, 0.00297787878662, -0.0040330463089, -0.00503357034177, 0.0175550486892, -0.00372408539988, -0.00671904394403, 0.00430146837607], [1.10109822344e-05, -0.00129661057144, 0.000226725271204, -0.000509861565661, 0.00254507968202, -0.00193866551854, -0.00374678266235, 0.00659343739972, -0.00655350880697, -0.00372408539988, 0.01897383295, -0.00809555873275, -0.00304975640029], [-0.000446612451924, 0.00163169263396, -0.00108077703044, 0.00158610276412, -0.00176809448749, 0.00349431089126, 0.000696735922247, -0.00614659534767, 0.0072077405639, -0.00671904394403, -0.00809555873275, 0.0261851977557, -0.0105700371787], [0.000173208289198, -0.000571689975914, 0.000582512584515, -0.000372988346498, 0.00114700966515, -0.000221964321099, 0.000355510070221, 0.00140855764039, -0.00683189183474, 0.00430146837607, -0.00304975640029, -0.0105700371787, 0.0196650139987]]}, "melbands": {"dmean": [0.00426081195474, 0.00366058549844, 0.00215137284249, 0.000952433852945, 0.000152633714606, 0.000137548951898, 6.88875079504e-05, 4.64523691335e-05, 5.13379782205e-05, 5.24978677277e-05, 3.5995602957e-05, 3.07084155793e-05, 2.91646247206e-05, 4.10672582802e-05, 2.48744781857e-05, 3.60957237717e-05, 2.00719605346e-05, 1.78744285222e-05, 1.29757336254e-05, 1.09438324216e-05, 7.68424342823e-06, 5.74306204726e-06, 4.84688462166e-06, 4.62240404886e-06, 4.3356126298e-06, 4.16165357819e-06, 5.41865119885e-06, 4.55065082861e-06, 2.79389428215e-06, 2.92692720905e-06, 3.01008572023e-06, 3.54473809239e-06, 3.51790140485e-06, 3.4300533116e-06, 5.16137242812e-06, 4.45158866569e-06, 3.30619423039e-06, 3.04271111418e-06, 2.72938655144e-06, 2.02167871066e-06], "dmean2": [0.00596602493897, 0.00542366597801, 0.0032600236591, 0.0016853294801, 0.000220224814257, 0.000183873591595, 9.5342984423e-05, 7.54740831326e-05, 8.56456390466e-05, 8.32793302834e-05, 5.9062433138e-05, 4.82594186906e-05, 4.6489876695e-05, 6.70477165841e-05, 4.11772489315e-05, 6.07494366704e-05, 3.32749841618e-05, 2.99396306218e-05, 2.12401137105e-05, 1.86573506653e-05, 1.28997462525e-05, 9.70431028691e-06, 8.15577641333e-06, 7.85345309851e-06, 7.33499337002e-06, 7.18387082088e-06, 8.8724455054e-06, 7.48176080378e-06, 4.68855978397e-06, 4.93924108014e-06, 5.01731392433e-06, 5.72065255255e-06, 5.4786819419e-06, 5.57941530133e-06, 8.31854231365e-06, 6.8780041147e-06, 4.91161881655e-06, 4.68835150969e-06, 4.06049957746e-06, 3.02796911456e-06], "dvar": [3.93344344047e-05, 5.66934359085e-05, 2.93738812616e-05, 6.66237110636e-06, 6.00330736233e-08, 4.78369450718e-08, 1.56663659823e-08, 8.0217077425e-09, 9.98169547017e-09, 1.95769889189e-08, 5.80564485375e-09, 2.84032908304e-09, 4.93553420355e-09, 5.67404168095e-09, 1.97389593559e-09, 4.63958560459e-09, 1.28488297779e-09, 1.22885557285e-09, 6.76852351944e-10, 4.72615946379e-10, 2.32670674394e-10, 1.31657906799e-10, 9.5698067526e-11, 7.12212719356e-11, 5.67892816106e-11, 5.62228805179e-11, 1.13549496195e-10, 9.47843262211e-11, 4.69121755331e-11, 1.00910446665e-10, 7.88417109376e-11, 1.02004321656e-10, 9.9252599195e-11, 2.28186608497e-10, 2.92832730286e-10, 2.28117955081e-10, 1.09592356023e-10, 1.39151135059e-10, 1.14022617737e-10, 5.07073792677e-11], "dvar2": [6.95814524079e-05, 9.83269346762e-05, 6.48154455121e-05, 1.86969027709e-05, 1.20024125749e-07, 7.90114356164e-08, 2.66946287297e-08, 1.99788257049e-08, 2.62680686092e-08, 4.13955021372e-08, 1.55908992383e-08, 6.85243950471e-09, 1.05997761679e-08, 1.40363782819e-08, 5.04406250101e-09, 1.20350387434e-08, 3.31080940441e-09, 3.3437435043e-09, 1.67371638771e-09, 1.24578580785e-09, 6.01613647788e-10, 3.44725886725e-10, 2.48798037727e-10, 1.88577570226e-10, 1.47038117793e-10, 1.49720180698e-10, 2.42573905407e-10, 2.30573948823e-10, 1.21862714364e-10, 2.49052167778e-10, 2.01494154695e-10, 2.62407567897e-10, 2.4140930921e-10, 6.05098637863e-10, 7.33359539762e-10, 5.10359587924e-10, 2.67033034573e-10, 3.39507422176e-10, 2.22663804061e-10, 9.53353923583e-11], "max": [0.0457521267235, 0.049847625196, 0.0450469776988, 0.0236338675022, 0.00406108982861, 0.00590763008222, 0.00382610992528, 0.00190637691412, 0.00148253235966, 0.00583128770813, 0.00134069204796, 0.00108611257747, 0.00398943200707, 0.00145590200555, 0.00104934338015, 0.00105005211663, 0.000787919445429, 0.000700746080838, 0.000520995236002, 0.000456481386209, 0.000259217282292, 0.000148068909766, 0.00020226968627, 0.00015585948131, 0.000112640111183, 0.000127765495563, 0.000203362971661, 0.000149113519001, 0.000374483934138, 0.000522290007211, 0.000486835080665, 0.000494216976222, 0.000413047615439, 0.000772051222157, 0.000595420715399, 0.000441497715656, 0.000509187986609, 0.000427649065387, 0.000339096441166, 0.000244188733632], "mean": [0.00882463157177, 0.00545450206846, 0.00228128931485, 0.000997737399302, 0.000318486680044, 0.000311301380862, 0.00015470458311, 7.48263701098e-05, 7.02853794792e-05, 7.89373298176e-05, 5.34344035259e-05, 4.91627688461e-05, 4.0433187678e-05, 5.63917819818e-05, 3.40029073413e-05, 4.61133349745e-05, 2.66278311756e-05, 2.40499157371e-05, 1.63268450706e-05, 1.31419801619e-05, 9.00283248484e-06, 6.89386342856e-06, 6.11277891949e-06, 6.42288341623e-06, 5.99896884523e-06, 5.6495937315e-06, 7.88589659351e-06, 6.50744414088e-06, 3.92689162254e-06, 4.33427658209e-06, 4.58688600702e-06, 5.56736767976e-06, 5.70690644963e-06, 5.01204158354e-06, 6.48249806545e-06, 6.29214810033e-06, 5.29668886884e-06, 4.44300530944e-06, 3.91935873267e-06, 2.80863037005e-06], "median": [0.00416585803032, 0.00294199120253, 0.00051424204139, 0.000289192306809, 0.000142976845382, 0.000117707342724, 6.42421655357e-05, 3.4298565879e-05, 2.6953224733e-05, 2.62820976786e-05, 2.40546196437e-05, 2.10587422771e-05, 1.66979625646e-05, 1.93124178622e-05, 1.17313902592e-05, 1.15505345093e-05, 9.35491880227e-06, 6.25057145953e-06, 3.91775120079e-06, 4.35154561274e-06, 3.23005360769e-06, 2.45034516411e-06, 2.48344122156e-06, 2.5519261726e-06, 2.16331181946e-06, 2.34603521676e-06, 2.08480605579e-06, 2.05251035368e-06, 1.46172828863e-06, 1.55617522068e-06, 1.34905371851e-06, 1.37786355481e-06, 1.19309981983e-06, 1.12047337097e-06, 9.08853337478e-07, 7.41967255635e-07, 6.38991537016e-07, 5.36618699698e-07, 4.25966277362e-07, 3.26128684947e-07], "min": [1.7932171394e-18, 2.27197294113e-18, 2.09324630092e-18, 1.26682317902e-18, 1.19595654799e-18, 2.36077987888e-18, 3.39811709978e-18, 4.27586202241e-18, 5.88239194218e-18, 5.30217478691e-18, 2.69631411383e-18, 3.39580264843e-18, 5.23696441691e-18, 5.91839125603e-18, 4.03054754969e-18, 5.60096317751e-18, 5.97020088652e-18, 1.16010364511e-18, 2.43870887458e-19, 4.65903069371e-19, 1.88494547228e-18, 1.5462165624e-18, 2.41732077567e-18, 2.9456797036e-18, 5.08960053642e-18, 2.74742932619e-18, 7.87424140965e-19, 6.73948040716e-19, 3.55097366633e-19, 1.66513732054e-18, 2.41038321187e-18, 9.11896418385e-19, 6.49933798461e-19, 1.23785562416e-18, 1.19989030879e-18, 7.3763934522e-19, 2.17916658513e-18, 1.26516199355e-18, 7.50003368932e-19, 2.72887028838e-18], "var": [0.000135019683512, 8.56312472024e-05, 3.1834893889e-05, 4.77901494378e-06, 2.10889638197e-07, 2.41326375772e-07, 7.90151304386e-08, 1.47338807821e-08, 1.47998262534e-08, 4.14968965856e-08, 8.17097678407e-09, 5.03426500487e-09, 7.40632621898e-09, 9.07537422989e-09, 2.72332223439e-09, 6.18483220194e-09, 1.68028579939e-09, 1.84419213234e-09, 8.88766116258e-10, 5.39639055663e-10, 2.32952629409e-10, 1.35519928612e-10, 9.78238462457e-11, 1.08341502436e-10, 8.71303515448e-11, 7.34375962819e-11, 2.26325791441e-10, 1.41076067495e-10, 5.08763725593e-11, 1.13625546472e-10, 1.19555240707e-10, 1.7521920026e-10, 1.68746155937e-10, 2.54315096759e-10, 3.68958086305e-10, 4.32475222301e-10, 1.99444599724e-10, 2.13939477245e-10, 2.18647683292e-10, 8.98931276638e-11]}, "mfcc": {"mean": [-675.19921875, 98.0374298096, 17.7121162415, 15.3952112198, 3.15296602249, 11.2330856323, 3.17695856094, 3.00077152252, -3.12763953209, 1.14026033878, -1.78455638885, -1.12283670902, -0.618608117104], "cov": [[12679.0634766, 264.876861572, 861.91192627, 457.861419678, 936.237243652, 1158.71655273, 858.276184082, 496.511413574, 269.918731689, 402.886535645, 339.440734863, 198.195098877, 156.44631958], [264.876861572, 3642.33374023, 818.648742676, 758.99017334, 689.59185791, 522.631652832, 309.25668335, 227.000564575, 139.292236328, 71.9256439209, 91.6143112183, 113.787879944, 87.5104904175], [861.91192627, 818.648742676, 1230.0291748, 637.505249023, 579.172119141, 443.65927124, 340.746643066, 330.140319824, 262.145263672, 224.626785278, 198.520141602, 188.506530762, 152.465484619], [457.861419678, 758.99017334, 637.505249023, 610.6953125, 413.449493408, 317.518218994, 239.170730591, 243.57989502, 202.505523682, 156.030029297, 137.411224365, 127.610153198, 95.3955841064], [936.237243652, 689.59185791, 579.172119141, 413.449493408, 532.040039062, 437.875244141, 322.45489502, 248.100234985, 201.979705811, 179.751098633, 154.254867554, 131.415100098, 105.947319031], [1158.71655273, 522.631652832, 443.65927124, 317.518218994, 437.875244141, 513.867736816, 361.239074707, 240.612472534, 176.753067017, 185.742111206, 155.265319824, 116.344108582, 98.7067718506], [858.276184082, 309.25668335, 340.746643066, 239.170730591, 322.45489502, 361.239074707, 347.27645874, 228.404968262, 160.942657471, 155.496490479, 141.519470215, 101.282592773, 81.4208908081], [496.511413574, 227.000564575, 330.140319824, 243.57989502, 248.100234985, 240.612472534, 228.404968262, 246.630889893, 177.970611572, 147.827728271, 126.496116638, 107.074546814, 81.3447036743], [269.918731689, 139.292236328, 262.145263672, 202.505523682, 201.979705811, 176.753067017, 160.942657471, 177.970611572, 205.267745972, 155.826965332, 114.835289001, 98.0392913818, 79.4905853271], [402.886535645, 71.9256439209, 224.626785278, 156.030029297, 179.751098633, 185.742111206, 155.496490479, 147.827728271, 155.826965332, 185.965118408, 126.420349121, 94.0697250366, 80.2200164795], [339.440734863, 91.6143112183, 198.520141602, 137.411224365, 154.254867554, 155.265319824, 141.519470215, 126.496116638, 114.835289001, 126.420349121, 146.361846924, 106.344512939, 73.7143630981], [198.195098877, 113.787879944, 188.506530762, 127.610153198, 131.415100098, 116.344108582, 101.282592773, 107.074546814, 98.0392913818, 94.0697250366, 106.344512939, 133.253005981, 88.6937713623], [156.44631958, 87.5104904175, 152.465484619, 95.3955841064, 105.947319031, 98.7067718506, 81.4208908081, 81.3447036743, 79.4905853271, 80.2200164795, 73.7143630981, 88.6937713623, 109.559410095]], "icov": [[0.000105414568679, 3.05549729092e-05, -1.0443031897e-05, 4.27739687439e-05, -8.05894014775e-05, -0.000206160650123, -5.08297634951e-05, -4.28841194662e-05, 0.000185441764188, -7.94455700088e-05, -2.15559539356e-05, 2.43987105932e-05, 5.40168803127e-05], [3.05549729092e-05, 0.000448141247034, 3.69578519894e-05, -0.000427902647061, -0.000503071583807, -0.000231622747378, 0.000130953922053, 9.2001973826e-05, 0.000224038347369, 0.000380672398023, 0.00012116626749, -5.84054505453e-05, -2.64191312453e-05], [-1.0443031897e-05, 3.69578519894e-05, 0.00219660089351, -0.0013157541398, -0.00150602438953, 0.000408469553804, 0.000250758079346, -0.000781162525527, 0.000563611451071, -0.000238846798311, 3.12188858516e-05, -0.000224468618399, -0.000517125066835], [4.27739687439e-05, -0.000427902647061, -0.0013157541398, 0.00520393345505, -0.00162395578809, 1.65574019775e-05, 0.00103334395681, -0.00173273927066, -0.00128036295064, 0.000502019305713, -0.000361883256119, -0.000121152239444, 0.000557578925509], [-8.05894014775e-05, -0.000503071583807, -0.00150602438953, -0.00162395578809, 0.011104430072, -0.0055098826997, -0.00104508444201, 0.0011135453824, -0.0027809268795, 0.000825427589007, 0.000285960966721, -0.00083896756405, 0.000102494268504], [-0.000206160650123, -0.000231622747378, 0.000408469553804, 1.65574019775e-05, -0.0055098826997, 0.0122328810394, -0.00761144887656, 0.000735800422262, 0.00247395178303, -0.00366067304276, 0.000929095316678, 0.000355744297849, -0.000713810033631], [-5.08297634951e-05, 0.000130953922053, 0.000250758079346, 0.00103334395681, -0.00104508444201, -0.00761144887656, 0.0162788312882, -0.00819801911712, 0.000616547476966, 0.00173472950701, -0.00448285974562, 0.00251845596358, -0.000163858145243], [-4.28841194662e-05, 9.2001973826e-05, -0.000781162525527, -0.00173273927066, 0.0011135453824, 0.000735800422262, -0.00819801911712, 0.0198345482349, -0.00906901620328, 0.000477159308502, -8.87428832357e-05, -0.00280378665775, 0.000769870937802], [0.000185441764188, 0.000224038347369, 0.000563611451071, -0.00128036295064, -0.0027809268795, 0.00247395178303, 0.000616547476966, -0.00906901620328, 0.0217842124403, -0.0115702580661, 0.0016512288712, -0.00130403530784, -0.000766599609051], [-7.94455700088e-05, 0.000380672398023, -0.000238846798311, 0.000502019305713, 0.000825427589007, -0.00366067304276, 0.00173472950701, 0.000477159308502, -0.0115702580661, 0.0232624523342, -0.0112215727568, 0.00374545902014, -0.00355907506309], [-2.15559539356e-05, 0.00012116626749, 3.12188858516e-05, -0.000361883256119, 0.000285960966721, 0.000929095316678, -0.00448285974562, -8.87428832357e-05, 0.0016512288712, -0.0112215727568, 0.0280826259404, -0.0148331932724, 0.00262141157873], [2.43987105932e-05, -5.84054505453e-05, -0.000224468618399, -0.000121152239444, -0.00083896756405, 0.000355744297849, 0.00251845596358, -0.00280378665775, -0.00130403530784, 0.00374545902014, -0.0148331932724, 0.0276707746089, -0.0130864419043], [5.40168803127e-05, -2.64191312453e-05, -0.000517125066835, 0.000557578925509, 0.000102494268504, -0.000713810033631, -0.000163858145243, 0.000769870937802, -0.000766599609051, -0.00355907506309, 0.00262141157873, -0.0130864419043, 0.0213922876865]]}, "spectral_contrast_coeffs": {"dmean": [0.0567176863551, 0.0485440306365, 0.0390961878002, 0.0318539179862, 0.0211251564324, 0.0158986840397], "dmean2": [0.0867194607854, 0.077687881887, 0.0638969913125, 0.0519364625216, 0.0351020991802, 0.0261672213674], "dvar": [0.00290016341023, 0.00156584847718, 0.00103729323018, 0.000767239893321, 0.00031733996002, 0.000245205825195], "dvar2": [0.00587019650266, 0.00400986708701, 0.00262412964366, 0.00190651102457, 0.000824486720376, 0.000589612405747], "max": [-0.229619845748, -0.33828279376, -0.443391263485, -0.506877303123, -0.537560045719, -0.581978440285], "mean": [-0.627997100353, -0.705771863461, -0.755610525608, -0.774106323719, -0.802272856236, -0.78592133522], "median": [-0.660888671875, -0.718843817711, -0.765558302402, -0.78310495615, -0.804446697235, -0.786941111088], "min": [-0.989705860615, -0.981022238731, -0.984295487404, -0.968716859818, -0.966460585594, -0.961326301098], "var": [0.021349189803, 0.00959926098585, 0.00634796964005, 0.00543642416596, 0.00226518698037, 0.000810976547655]}, "spectral_contrast_valleys": {"dmean": [0.435097366571, 0.422362983227, 0.394804656506, 0.440375775099, 0.389660149813, 0.412539422512], "dmean2": [0.693894565105, 0.665873527527, 0.610119819641, 0.660797119141, 0.584530413151, 0.598381817341], "dvar": [0.183584779501, 0.163666903973, 0.16276319325, 0.248580053449, 0.268334209919, 0.389905959368], "dvar2": [0.433998674154, 0.367161393166, 0.344412744045, 0.471237957478, 0.475265324116, 0.733944118023], "max": [-5.15278482437, -4.94817829132, -5.49705791473, -5.84636497498, -5.88027954102, -7.28810071945], "mean": [-7.90031337738, -7.63123416901, -7.89573478699, -8.37587738037, -8.05360794067, -9.93203449249], "median": [-6.81005764008, -7.1