{"lowlevel": {"average_loudness": 0.95069527626, "barkbands_crest": {"dmean": 2.85621404648, "dmean2": 4.86828136444, "dvar": 6.58564090729, "dvar2": 18.7037391663, "max": 25.8882541656, "mean": 11.6532258987, "median": 10.7780265808, "min": 2.84672689438, "var": 17.9216766357}, "barkbands_flatness_db": {"dmean": 0.0283797699958, "dmean2": 0.0435371845961, "dvar": 0.000808646378573, "dvar2": 0.00187112879939, "max": 0.580860495567, "mean": 0.173256263137, "median": 0.157044440508, "min": 0.0355447530746, "var": 0.00690749892965}, "barkbands_kurtosis": {"dmean": 7.41920995712, "dmean2": 11.9487133026, "dvar": 130.379226685, "dvar2": 306.391571045, "max": 815.022827148, "mean": 20.4604110718, "median": 10.3708686829, "min": -1.93784868717, "var": 3460.27563477}, "barkbands_skewness": {"dmean": 0.776757419109, "dmean2": 1.24852466583, "dvar": 0.714952588081, "dvar2": 1.83249330521, "max": 23.7299175262, "mean": 3.02869033813, "median": 2.70976257324, "min": -6.63022518158, "var": 4.61224269867}, "barkbands_spread": {"dmean": 6.67422389984, "dmean2": 10.8020076752, "dvar": 142.793075562, "dvar2": 345.322296143, "max": 147.672790527, "mean": 15.0017051697, "median": 9.57135486603, "min": 0.253915190697, "var": 253.016143799}, "dissonance": {"dmean": 0.0196393150836, "dmean2": 0.032670032233, "dvar": 0.000316691613989, "dvar2": 0.000835017999634, "max": 0.499999940395, "mean": 0.451963961124, "median": 0.458629012108, "min": 0.296642482281, "var": 0.00102202536073}, "dynamic_complexity": 4.35701465607, "erbbands_crest": {"dmean": 2.47798871994, "dmean2": 3.95403814316, "dvar": 5.66985416412, "dvar2": 13.3059558868, "max": 27.6632347107, "mean": 9.90200519562, "median": 8.90346717834, "min": 2.50691580772, "var": 19.058971405}, "erbbands_flatness_db": {"dmean": 0.0197114571929, "dmean2": 0.028744187206, "dvar": 0.000399508164264, "dvar2": 0.000805411138572, "max": 0.352045565844, "mean": 0.1363209337, "median": 0.124813325703, "min": 0.0370872430503, "var": 0.00292713637464}, "erbbands_kurtosis": {"dmean": 1.75304377079, "dmean2": 2.68062543869, "dvar": 9.91319274902, "dvar2": 22.5418510437, "max": 67.7089614868, "mean": 2.34220743179, "median": 0.830018758774, "min": -1.83203840256, "var": 31.5969409943}, "erbbands_skewness": {"dmean": 0.474000692368, "dmean2": 0.728498935699, "dvar": 0.288308948278, "dvar2": 0.698133945465, "max": 6.49876260757, "mean": 1.2237585783, "median": 1.13141191006, "min": -3.66631627083, "var": 0.868340551853}, "erbbands_spread": {"dmean": 12.2853775024, "dmean2": 18.5649166107, "dvar": 259.925384521, "dvar2": 593.164245605, "max": 191.487960815, "mean": 47.3978347778, "median": 41.4890975952, "min": 2.42231321335, "var": 779.847900391}, "hfc": {"dmean": 9.19984531403, "dmean2": 13.4013633728, "dvar": 293.791534424, "dvar2": 643.509033203, "max": 171.969070435, "mean": 16.5049419403, "median": 9.48909950256, "min": 1.24530744201e-16, "var": 454.495941162}, "melbands_crest": {"dmean": 3.70930242538, "dmean2": 6.19684076309, "dvar": 10.0437479019, "dvar2": 25.7496490479, "max": 31.9399471283, "mean": 15.5055971146, "median": 14.8933792114, "min": 2.12882447243, "var": 21.812543869}, "melbands_flatness_db": {"dmean": 0.0336021929979, "dmean2": 0.0518346652389, "dvar": 0.00120993622113, "dvar2": 0.00272878981195, "max": 0.764352560043, "mean": 0.2682261765, "median": 0.253469944, "min": 0.00839249975979, "var": 0.010182980448}, "melbands_kurtosis": {"dmean": 15.561964035, "dmean2": 24.9680805206, "dvar": 569.648925781, "dvar2": 1395.66247559, "max": 677.789855957, "mean": 33.4376068115, "median": 23.1744480133, "min": -1.66227447987, "var": 1754.40734863}, "melbands_skewness": {"dmean": 1.08980715275, "dmean2": 1.70682883263, "dvar": 1.40466046333, "dvar2": 3.36867952347, "max": 20.2737197876, "mean": 3.86588692665, "median": 3.55311918259, "min": -0.472559869289, "var": 3.93675732613}, "melbands_spread": {"dmean": 4.06381464005, "dmean2": 6.44451570511, "dvar": 78.0268478394, "dvar2": 171.251754761, "max": 163.165145874, "mean": 9.79412937164, "median": 7.4564614296, "min": 0.343900501728, "var": 130.018035889}, "pitch_salience": {"dmean": 0.10290645808, "dmean2": 0.175166994333, "dvar": 0.00834267307073, "dvar2": 0.0238433815539, "max": 0.839874267578, "mean": 0.535788118839, "median": 0.545608103275, "min": 0.118817746639, "var": 0.0174213387072}, "silence_rate_20dB": {"dmean": 0, "dmean2": 0, "dvar": 0, "dvar2": 0, "max": 1, "mean": 1, "median": 1, "min": 1, "var": 0}, "silence_rate_30dB": {"dmean": 0.00947012379766, "dmean2": 0.0189445205033, "dvar": 0.00938109308481, "dvar2": 0.0258023515344, "max": 1, "mean": 0.993913412094, "median": 1, "min": 0, "var": 0.00604914315045}, "silence_rate_60dB": {"dmean": 0.0225479137152, "dmean2": 0.045105997473, "dvar": 0.0220410693437, "dvar2": 0.0489324517548, "max": 1, "mean": 0.100090168417, "median": 0, "min": 0, "var": 0.0900766178966}, "spectral_centroid": {"dmean": 204.250152588, "dmean2": 325.27444458, "dvar": 131463.265625, "dvar2": 287320.0625, "max": 11467.7958984, "mean": 685.085632324, "median": 568.279418945, "min": 104.265319824, "var": 232469.3125}, "spectral_complexity": {"dmean": 3.73483657837, "dmean2": 5.42219209671, "dvar": 17.8656406403, "dvar2": 35.625328064, "max": 39, "mean": 11.9028406143, "median": 11, "min": 0, "var": 46.9025268555}, "spectral_decrease": {"dmean": 4.38293845662e-09, "dmean2": 7.11544778653e-09, "dvar": 3.8074441999e-17, "dvar2": 9.56117754494e-17, "max": 1.3681703651e-16, "mean": -8.18500645039e-09, "median": -6.11534733963e-09, "min": -3.72488884182e-08, "var": 5.32257173732e-17}, "spectral_energy": {"dmean": 0.0171649102122, "dmean2": 0.0275702383369, "dvar": 0.000564268033486, "dvar2": 0.00140386028215, "max": 0.145869284868, "mean": 0.0323891416192, "median": 0.0242975596339, "min": 1.11721646938e-20, "var": 0.000817940861452}, "spectral_energyband_high": {"dmean": 0.000678782991599, "dmean2": 0.00102149008308, "dvar": 2.36246614804e-06, "dvar2": 5.54050120627e-06, "max": 0.0132915498689, "mean": 0.000897179415915, "median": 0.000220923830057, "min": 7.7127006939e-21, "var": 3.05305297843e-06}, "spectral_energyband_low": {"dmean": 0.0109744630754, "dmean2": 0.0193251911551, "dvar": 0.000428444880527, "dvar2": 0.00118908844888, "max": 0.132706537843, "mean": 0.013810143806, "median": 0.00753902737051, "min": 1.21847038902e-22, "var": 0.000372261420125}, "spectral_energyband_middle_high": {"dmean": 0.000802252732683, "dmean2": 0.00115222751629, "dvar": 1.60136858085e-06, "dvar2": 3.7622853597e-06, "max": 0.0151724135503, "mean": 0.0014122214634, "median": 0.000909578695428, "min": 1.69575276942e-21, "var": 2.37975245909e-06}, "spectral_energyband_middle_low": {"dmean": 0.00896937400103, "dmean2": 0.0137974657118, "dvar": 0.000204938784009, "dvar2": 0.00041629342013, "max": 0.120911829174, "mean": 0.017944669351, "median": 0.0116861443967, "min": 4.81599759342e-22, "var": 0.000386867672205}, "spectral_entropy": {"dmean": 0.235527664423, "dmean2": 0.349632143974, "dvar": 0.0616383180022, "dvar2": 0.133544668555, "max": 9.80911540985, "mean": 7.34632492065, "median": 7.43051433563, "min": 4.54889154434, "var": 0.432186186314}, "spectral_flux": {"dmean": 0.0406096503139, "dmean2": 0.0637822151184, "dvar": 0.00241113523953, "dvar2": 0.00514317583293, "max": 0.334006756544, "mean": 0.0939880907536, "median": 0.0790200680494, "min": 1.0569846387e-10, "var": 0.00423387531191}, "spectral_kurtosis": {"dmean": 1.95413684845, "dmean2": 3.20791149139, "dvar": 22.996969223, "dvar2": 66.802482605, "max": 209.751876831, "mean": 7.74238634109, "median": 3.94509387016, "min": -1.19291245937, "var": 408.742584229}, "spectral_rms": {"dmean": 0.00133500073571, "dmean2": 0.00207611056976, "dvar": 2.54356223195e-06, "dvar2": 6.08652817391e-06, "max": 0.0119294384494, "mean": 0.00502606993541, "median": 0.00486877188087, "min": 3.301465221e-12, "var": 6.33785521131e-06}, "spectral_rolloff": {"dmean": 518.79473877, "dmean2": 945.90423584, "dvar": 3228017.75, "dvar2": 8211822.5, "max": 19681.3476562, "mean": 846.67388916, "median": 409.130859375, "min": 86.1328125, "var": 3976097.25}, "spectral_skewness": {"dmean": 0.263878285885, "dmean2": 0.412795007229, "dvar": 0.126384824514, "dvar2": 0.342799693346, "max": 11.7704982758, "mean": 1.96656370163, "median": 1.7571952343, "min": -0.0676686987281, "var": 1.58817851543}, "spectral_spread": {"dmean": 841662.3125, "dmean2": 1314781.875, "dvar": 2156215271420.0, "dvar2": 5014200778750.0, "max": 40501332, "mean": 5797669.5, "median": 5407960.5, "min": 496194.21875, "var": 5700602822660.0}, "spectral_strongpeak": {"dmean": 0.344049692154, "dmean2": 0.578548192978, "dvar": 0.297292292118, "dvar2": 0.786742329597, "max": 13.2401704788, "mean": 0.702598929405, "median": 0.484094321728, "min": 0, "var": 0.487317800522}, "zerocrossingrate": {"dmean": 0.0127568570897, "dmean2": 0.0151825295761, "dvar": 0.000368958339095, "dvar2": 0.000474289030535, "max": 0.638671875, "mean": 0.0462836921215, "median": 0.033203125, "min": 0.0029296875, "var": 0.00200967350975}, "barkbands": {"dmean": [4.05679675168e-05, 0.00725149456412, 0.00395814934745, 0.00440593017265, 0.00334464409389, 0.00244201160967, 0.00102835032158, 0.000393360503949, 0.000176225119503, 0.000201320654014, 8.79202852957e-05, 0.000106429237348, 0.000104824073787, 0.000170583021827, 9.96075614239e-05, 6.96811475791e-05, 7.26038633729e-05, 4.6012144594e-05, 6.36589320493e-05, 9.49309251155e-05, 7.15176138328e-05, 5.36157058377e-05, 0.000122213430586, 4.75288979942e-05, 0.000271104450803, 8.61086591613e-05, 2.92541171802e-05], "dmean2": [7.10905078449e-05, 0.0128047736362, 0.00719563243911, 0.00693882117048, 0.00538467941806, 0.00419437186792, 0.00155704980716, 0.000591314572375, 0.000296085025184, 0.000307814072585, 0.000140053874929, 0.000168024431332, 0.000167107151356, 0.000290044670692, 0.000156665744726, 0.000108318250568, 0.000114277630928, 7.50822437112e-05, 0.000105995757622, 0.00016677165695, 0.000123538600747, 8.21455323603e-05, 0.000174359200173, 7.24053898011e-05, 0.000417724106228, 0.000147659724462, 4.68408434244e-05], "dvar": [8.24090484741e-09, 0.000216758664465, 5.59605250601e-05, 4.96555367135e-05, 3.24230823026e-05, 2.10808339034e-05, 2.64268669525e-06, 5.62365755741e-07, 2.74776056131e-07, 3.80775418307e-07, 3.08346592703e-08, 3.85625718025e-08, 4.24965200807e-08, 1.35987136218e-07, 2.93692821174e-08, 1.24233556775e-08, 1.08691509126e-08, 8.45935144156e-09, 1.96033074218e-08, 1.37028990821e-07, 3.87507519406e-08, 1.08995550363e-08, 6.83242120658e-08, 7.39372296721e-09, 8.38000858039e-07, 5.16881542012e-08, 6.92679380521e-09], "dvar2": [2.22619309653e-08, 0.000600552535616, 0.000159662842634, 0.000105138467916, 6.60925143166e-05, 6.46100670565e-05, 5.95166648054e-06, 1.21512141504e-06, 6.93183778822e-07, 9.31919942104e-07, 6.35070946942e-08, 9.23677703213e-08, 1.01866127977e-07, 3.74879931542e-07, 7.09450276304e-08, 2.97038980079e-08, 2.60347334802e-08, 2.26750405119e-08, 5.51944552285e-08, 3.98675496172e-07, 1.11019389237e-07, 2.68817395011e-08, 1.3230673801e-07, 1.87240942751e-08, 1.96051678358e-06, 1.50289309886e-07, 1.78261245765e-08], "max": [0.00151321548037, 0.106110312045, 0.0562881864607, 0.0686910748482, 0.0462995022535, 0.0762747824192, 0.0208748988807, 0.0119669353589, 0.0197011232376, 0.0126374112442, 0.00557992560789, 0.00298946769908, 0.00289797363803, 0.00310180103406, 0.00178946345113, 0.00124522217084, 0.00157019251492, 0.00182628433686, 0.00135040993337, 0.00542528973892, 0.00194415054284, 0.00147280807141, 0.00244514713995, 0.00126891711261, 0.008375775069, 0.00197270745412, 0.000775346707087], "mean": [4.19774587499e-05, 0.00829337351024, 0.00385790364817, 0.00517170224339, 0.00479190330952, 0.00489882845432, 0.00196515861899, 0.000705321261194, 0.000292019045446, 0.000328099209582, 0.000142053584568, 0.000170259678271, 0.00013061001664, 0.000196098015294, 0.000138888543006, 9.75917209871e-05, 9.8245771369e-05, 6.34311290924e-05, 7.90605627117e-05, 9.70787441474e-05, 8.11708741821e-05, 8.39063723106e-05, 0.000186713732546, 7.18940282241e-05, 0.000298016384477, 7.97289831098e-05, 2.81541324512e-05], "median": [1.49590687215e-05, 0.00302629196085, 0.00150904501788, 0.00132206082344, 0.00224086781964, 0.00259190658107, 0.000989262829535, 0.000295757665299, 0.00012242779485, 0.000164876633789, 5.55519982299e-05, 7.26917132852e-05, 6.60147343297e-05, 9.05939523363e-05, 7.59751856094e-05, 4.94162777613e-05, 5.23351482116e-05, 3.25357323163e-05, 3.42025523423e-05, 3.54318799509e-05, 3.034866495e-05, 3.24051870848e-05, 4.0508552047e-05, 2.51484016189e-05, 2.87986513285e-05, 1.03337406472e-05, 2.49402455665e-06], "min": [7.35566251325e-24, 4.18890441818e-23, 5.65594147055e-23, 2.23606630998e-23, 2.97657288161e-23, 1.267421417e-22, 8.45825624038e-23, 1.32313531796e-22, 7.79835579159e-23, 5.74484167695e-23, 6.41806188435e-23, 4.15213971346e-23, 9.56159812319e-23, 1.97490469341e-22, 2.81404456351e-22, 2.34480561084e-22, 2.07753436122e-22, 2.42071296258e-22, 1.79044477997e-22, 2.15149101772e-22, 2.78018034257e-22, 4.4901705241e-22, 8.4615639026e-22, 1.00612728442e-21, 9.33666989774e-22, 1.57698570855e-21, 2.74012705975e-21], "var": [6.46927578174e-09, 0.000187947574886, 4.39977484348e-05, 7.99184344942e-05, 4.82243158331e-05, 4.79134687339e-05, 6.4744303927e-06, 1.25822293739e-06, 6.95345420354e-07, 4.31409716839e-07, 9.50496783503e-08, 6.94578119464e-08, 4.36917027002e-08, 1.09179410401e-07, 3.56756473252e-08, 1.69245399917e-08, 1.52588839342e-08, 9.03630947846e-09, 1.57786885779e-08, 7.92163419305e-08, 2.60668322483e-08, 1.61034439117e-08, 1.29476390498e-07, 1.12286606679e-08, 8.9632436584e-07, 4.15995202729e-08, 6.65407906553e-09]}, "erbbands": {"dmean": [0.0906599387527, 2.00227236748, 5.06846427917, 7.97506332397, 18.7403392792, 7.02174568176, 14.11951828, 22.4450035095, 18.0915107727, 10.1345767975, 8.52488517761, 4.440928936, 5.13888263702, 4.86575984955, 3.83824300766, 4.55201387405, 4.82380771637, 8.18922328949, 6.120013237, 4.23150062561, 4.14000749588, 3.83090209961, 2.32014989853, 3.50327968597, 2.64122247696, 3.98611545563, 4.97352313995, 1.85985660553, 1.76687753201, 2.89265727997, 3.98400807381, 1.20803618431, 0.746923983097, 0.636119663715, 3.56378149986, 0.720560193062, 0.111648671329, 0.0448565594852, 0.00329715153202, 0.000123582227388], "dmean2": [0.154854953289, 3.54146742821, 9.03954982758, 13.2245779037, 29.2755622864, 11.8903923035, 24.1796379089, 38.3246078491, 28.0778083801, 15.504981041, 13.2020893097, 7.31124639511, 7.9439458847, 7.49754571915, 6.04672288895, 7.20229387283, 7.60260915756, 13.476981163, 9.88278388977, 6.55132961273, 6.43976211548, 5.88305139542, 3.66898751259, 5.90357112885, 4.25792598724, 6.92586660385, 8.95352935791, 3.02526736259, 2.75542926788, 4.40244722366, 5.60893058777, 1.76445531845, 1.15120792389, 0.991942048073, 5.49832487106, 1.18386614323, 0.185458406806, 0.0717816874385, 0.00530902761966, 0.000191367973457], "dvar": [0.0340850874782, 16.4119148254, 95.9010772705, 112.03817749, 1280.4498291, 144.732437134, 560.999694824, 2030.03991699, 858.522399902, 387.752197266, 280.511901855, 171.321487427, 197.894302368, 147.796630859, 70.7335891724, 73.5612030029, 84.8968429565, 262.753845215, 149.713378906, 43.3818206787, 41.1088562012, 31.7127895355, 11.9516210556, 72.3083496094, 28.7351036072, 200.248016357, 339.945770264, 14.5565710068, 11.9668064117, 32.6249237061, 77.8732528687, 4.76833486557, 1.81908607483, 2.01732444763, 164.720535278, 5.31641149521, 0.0664568021894, 0.0183258503675, 5.51342272956e-05, 5.5371909724e-08], "dvar2": [0.090037047863, 45.6153793335, 265.95223999, 283.147644043, 2538.95849609, 382.257568359, 1532.66210938, 6183.47949219, 2275.39746094, 841.455871582, 653.497558594, 413.971130371, 500.70602417, 354.412689209, 143.862518311, 173.040298462, 200.845748901, 697.221801758, 386.270263672, 101.099357605, 97.587638855, 73.110168457, 30.3252220154, 204.357589722, 79.7471389771, 574.79095459, 991.076660156, 38.97423172, 30.9877891541, 75.6856460571, 158.595809937, 11.9094390869, 4.46790933609, 5.10992527008, 392.726135254, 14.0792236328, 0.173422977328, 0.0474962368608, 0.00013681051496, 1.26740914652e-07], "max": [1.82489049435, 28.2778167725, 69.5305862427, 113.549209595, 290.581848145, 141.495559692, 242.911712646, 910.058837891, 418.861358643, 380.960083008, 184.842498779, 506.461334229, 275.995758057, 249.455734253, 276.688903809, 152.471359253, 122.158462524, 142.805740356, 109.804260254, 68.3915328979, 79.8052978516, 109.42691803, 51.2956047058, 100.093704224, 67.4673690796, 203.172424316, 232.858810425, 40.8668136597, 54.3731994629, 61.704574585, 88.7639389038, 35.9814414978, 14.1200027466, 12.836016655, 119.188079834, 25.3852481842, 2.6409945488, 1.2763620615, 0.0624387413263, 0.00180719245691], "mean": [0.127054825425, 2.22722196579, 5.26556777954, 9.58129787445, 22.0647277832, 10.0817966461, 21.99168396, 44.2198257446, 40.8075294495, 19.3286724091, 15.2681875229, 8.05480670929, 8.76068973541, 7.608294487, 7.03352928162, 7.55814218521, 6.39507865906, 9.98591804504, 7.58574199677, 6.53797864914, 5.82983160019, 5.40319824219, 3.52562832832, 4.36932706833, 3.50369548798, 4.22764539719, 4.59836006165, 2.62074375153, 2.66165280342, 4.50765895844, 5.76432609558, 1.87085294724, 1.12537717819, 0.82941275835, 3.70006585121, 0.740475535393, 0.109954603016, 0.0432058349252, 0.00323778996244, 0.000143590645166], "median": [0.0474490225315, 0.813901126385, 2.22177958488, 3.84746336937, 6.50038719177, 5.48672676086, 14.5379934311, 17.9092445374, 22.2123374939, 8.25280952454, 7.05810260773, 3.63768386841, 4.41910076141, 4.38495254517, 3.27685809135, 3.2346944809, 3.44114494324, 4.90023040771, 3.90234184265, 3.77049851418, 3.06265592575, 2.87198495865, 2.04740405083, 1.96447634697, 1.59167814255, 1.614361763, 1.53745412827, 0.98691534996, 1.02916884422, 1.3803640604, 1.11775124073, 0.609879612923, 0.388360381126, 0.236274778843, 0.189932256937, 0.0639517903328, 0.0147067578509, 0.00376377115026, 0.000381439691409, 4.75368397019e-05], "min": [1.11728452599e-21, 1.0233845419e-20, 5.51526421582e-20, 8.4131913255e-20, 3.17078846748e-20, 1.21259171879e-19, 9.35864390224e-19, 7.50407601758e-19, 1.39699979734e-18, 1.74902232684e-18, 2.36284927797e-18, 1.74454273023e-18, 1.14818386908e-18, 2.42585128253e-18, 2.65873922771e-18, 1.69307586271e-18, 4.81333958262e-18, 1.02086801355e-17, 1.03834667077e-17, 1.43163622773e-17, 1.41853881535e-17, 1.29914439291e-17, 1.22736132848e-17, 1.14581984893e-17, 8.08972051165e-18, 9.23529286814e-18, 1.06091157885e-17, 1.24819850442e-17, 1.49204506243e-17, 2.08092966432e-17, 2.21369860464e-17, 2.2615996413e-17, 1.5971605277e-17, 1.04468940899e-17, 6.6065534133e-18, 5.73661583488e-18, 3.05500795837e-18, 1.22411811874e-18, 3.76401196514e-19, 4.45888510334e-20], "var": [0.0390570536256, 13.8563461304, 77.7353057861, 168.06918335, 1769.22949219, 172.797317505, 652.255432129, 5408.36621094, 2816.08105469, 1241.69116211, 479.150909424, 506.84677124, 259.42401123, 173.152648926, 220.557067871, 150.299606323, 90.9444961548, 240.864974976, 141.353897095, 67.3694992065, 57.1897087097, 49.2972793579, 16.7502193451, 55.1899375916, 26.4873447418, 123.141403198, 192.256149292, 15.9619398117, 15.5078668594, 52.3447685242, 139.87890625, 7.67074775696, 2.8969848156, 2.33980488777, 167.032058716, 5.00435113907, 0.0656907483935, 0.0169652942568, 5.98698352405e-05, 6.66797816962e-08]}, "gfcc": {"mean": [-35.8870162964, 97.6726455688, -70.5331268311, 31.5889587402, -53.9652328491, 10.3901100159, -42.8602828979, 1.32081592083, -18.953250885, 4.73789310455, -13.160161972, 2.17389369011, -12.2998104095], "cov": [[25204.6875, -3445.94384766, -2606.49584961, 29.0960102081, -1954.59680176, 496.30569458, -971.072509766, 448.833496094, -980.25390625, 366.842895508, -703.96875, 256.722442627, -420.685119629], [-3445.94384766, 1996.19250488, -83.2543487549, -46.1705055237, 359.832183838, -218.007720947, 215.786407471, -130.369674683, 328.315368652, -112.982788086, 271.265045166, -152.717147827, 170.930221558], [-2606.49584961, -83.2543487549, 883.740234375, -49.0717887878, 215.109146118, -44.5938224792, 46.7755126953, 1.22912526131, 58.6979598999, 36.8560409546, 4.63883113861, 31.7617149353, -26.4745388031], [29.0960102081, -46.1705055237, -49.0717887878, 343.929931641, -36.2244338989, 47.9404067993, 54.3417243958, -0.676000654697, 4.75968599319, -29.6387195587, 36.1136054993, -32.9010467529, 19.6745948792], [-1954.59680176, 359.832183838, 215.109146118, -36.2244338989, 411.610076904, 4.15189313889, 129.39730835, -44.012714386, 95.0335769653, -12.2459211349, 55.5902557373, -26.8460597992, 25.5917415619], [496.30569458, -218.007720947, -44.5938224792, 47.9404067993, 4.15189313889, 162.789321899, 12.3501853943, 48.4586219788, -28.5408935547, 15.7646875381, -28.7895526886, 25.0224552155, -5.13410329819], [-971.072509766, 215.786407471, 46.7755126953, 54.3417243958, 129.39730835, 12.3501853943, 152.291244507, 10.3287143707, 65.8027648926, -19.3003463745, 43.6448059082, -18.0262184143, 27.9948043823], [448.833496094, -130.369674683, 1.22912526131, -0.676000654697, -44.012714386, 48.4586219788, 10.3287143707, 109.619163513, 5.41022634506, 50.5704650879, -0.808498084545, 36.6869697571, -1.74384748936], [-980.25390625, 328.315368652, 58.6979598999, 4.75968599319, 95.0335769653, -28.5408935547, 65.8027648926, 5.41022634506, 122.216743469, 12.3589744568, 77.9717102051, -15.075378418, 35.2284355164], [366.842895508, -112.982788086, 36.8560409546, -29.6387195587, -12.2459211349, 15.7646875381, -19.3003463745, 50.5704650879, 12.3589744568, 95.2839508057, 25.2084140778, 45.5479354858, -0.308181911707], [-703.96875, 271.265045166, 4.63883113861, 36.1136054993, 55.5902557373, -28.7895526886, 43.6448059082, -0.808498084545, 77.9717102051, 25.2084140778, 126.373054504, 15.2820901871, 54.8793716431], [256.722442627, -152.717147827, 31.7617149353, -32.9010467529, -26.8460597992, 25.0224552155, -18.0262184143, 36.6869697571, -15.075378418, 45.5479354858, 15.2820901871, 77.5533218384, 10.1721515656], [-420.685119629, 170.930221558, -26.4745388031, 19.6745948792, 25.5917415619, -5.13410329819, 27.9948043823, -1.74384748936, 35.2284355164, -0.308181911707, 54.8793716431, 10.1721515656, 66.3291397095]], "icov": [[0.000169943712535, -5.33159836777e-05, 0.000428653816925, -0.000148939609062, 0.00023189271451, -8.04178998806e-05, 0.000312051502988, -0.000250963261351, 0.000552816025447, -0.00078425463289, 0.00045909039909, -0.000203442104976, 0.000550622004084], [-5.33159836777e-05, 0.00201476411894, 0.000250343640801, 0.00101077649742, -0.000588123861235, 0.00100681604818, -0.000310446193907, 0.000178087662789, -0.00289925606921, 0.00207309238613, -0.0022998645436, 0.00275381817482, -0.00225952803157], [0.000428653816925, 0.000250343640801, 0.00271898787469, -0.000577758648433, -0.000530722551048, 0.000915972108487, 0.000874840887263, -0.000675607123412, -0.000118159456179, -0.00187668320723, 0.00183332338929, -0.00178930733819, 0.0020304415375], [-0.000148939609062, 0.00101077649742, -0.000577758648433, 0.00490889605135, 0.00103685993236, -0.00164318317547, -0.00226914975792, 0.00054659449961, 7.98346809461e-05, 0.0021182524506, -0.00478172628209, 0.00483033293858, -0.00160827476066], [0.00023189271451, -0.000588123861235, -0.000530722551048, 0.00103685993236, 0.00560093997046, -0.00247167074122, -0.00327626639046, 0.0029849386774, 0.000247520772973, -0.00256855948828, 0.000160291674547, 0.000662125123199, 0.00119833194185], [-8.04178998806e-05, 0.00100681604818, 0.000915972108487, -0.00164318317547, -0.00247167074122, 0.0102185783908, -0.000450317456853, -0.00360531546175, -0.00049209932331, 0.000889766088221, 0.00263226288371, -0.00225257780403, -0.00197866628878], [0.000312051502988, -0.000310446193907, 0.000874840887263, -0.00226914975792, -0.00327626639046, -0.000450317456853, 0.0139963692054, -0.00518904440105, -0.00264189927839, 0.00318249664269, 0.000550147669856, -0.000745582859963, 6.40402868157e-05], [-0.000250963261351, 0.000178087662789, -0.000675607123412, 0.00054659449961, 0.0029849386774, -0.00360531546175, -0.00518904440105, 0.0180389173329, -0.00468107033521, -0.00650952802971, 0.00266711623408, -0.00340269017033, -0.000477772671729], [0.000552816025447, -0.00289925606921, -0.000118159456179, 7.98346809461e-05, 0.000247520772973, -0.00049209932331, -0.00264189927839, -0.00468107033521, 0.0267530456185, -0.00754665303975, -0.00663697207347, 0.00503457104787, 0.00224027014337], [-0.00078425463289, 0.00207309238613, -0.00187668320723, 0.0021182524506, -0.00256855948828, 0.000889766088221, 0.00318249664269, -0.00650952802971, -0.00754665303975, 0.0264935623854, -0.00949044711888, -0.00423182267696, 0.000484202173539], [0.00045909039909, -0.0022998645436, 0.00183332338929, -0.00478172628209, 0.000160291674547, 0.00263226288371, 0.000550147669856, 0.00266711623408, -0.00663697207347, -0.00949044711888, 0.0271155964583, -0.0109887514263, -0.00630034646019], [-0.000203442104976, 0.00275381817482, -0.00178930733819, 0.00483033293858, 0.000662125123199, -0.00225257780403, -0.000745582859963, -0.00340269017033, 0.00503457104787, -0.00423182267696, -0.0109887514263, 0.0309869516641, -0.00909231510013], [0.000550622004084, -0.00225952803157, 0.0020304415375, -0.00160827476066, 0.00119833194185, -0.00197866628878, 6.40402868157e-05, -0.000477772671729, 0.00224027014337, 0.000484202173539, -0.00630034646019, -0.00909231510013, 0.0304433424026]]}, "melbands": {"dmean": [0.00144476187415, 0.00274478574283, 0.00187151262071, 0.000837149622384, 0.000449871295132, 0.000486764882226, 0.000270820513833, 9.87405510386e-05, 6.62469465169e-05, 2.53950875049e-05, 2.68040330411e-05, 2.19102294068e-05, 1.25745209516e-05, 1.27177208924e-05, 1.15276143333e-05, 1.02407075246e-05, 1.66688787431e-05, 1.01464274849e-05, 7.35224739401e-06, 4.51106143373e-06, 5.21679066878e-06, 4.38229380961e-06, 2.87630200546e-06, 2.11382348425e-06, 3.04739046442e-06, 2.45697060564e-06, 1.47300988829e-06, 3.14865337714e-06, 4.22933862865e-06, 1.27579301079e-06, 1.03388151729e-06, 1.00387092061e-06, 1.21002085507e-06, 1.89236789083e-06, 2.72545889857e-06, 1.17736919947e-06, 6.81102108047e-07, 5.622257504e-07, 4.19447474087e-07, 3.52080974153e-07], "dmean2": [0.0025261992123, 0.0048706382513, 0.00297810393386, 0.00133192399517, 0.00077245378634, 0.000831605691928, 0.00042059487896, 0.00015069708752, 0.000104614686279, 4.18677736889e-05, 4.14467867813e-05, 3.39670368703e-05, 1.99703245016e-05, 1.99788082682e-05, 1.86281649803e-05, 1.58934763022e-05, 2.80992699118e-05, 1.67700509337e-05, 1.15964958241e-05, 7.09195273885e-06, 8.33978720038e-06, 6.88605541654e-06, 4.5969572966e-06, 3.48994399246e-06, 5.21558285982e-06, 4.05814444093e-06, 2.35814059124e-06, 5.58931833439e-06, 7.74612635723e-06, 2.13672819882e-06, 1.68623319041e-06, 1.59403839461e-06, 1.92287143364e-06, 2.87963462142e-06, 3.81772861147e-06, 1.75242462319e-06, 1.07692278561e-06, 8.85372401171e-07, 6.48525769975e-07, 5.5103316754e-07], "dvar": [8.71587963047e-06, 2.87572656816e-05, 8.14374197944e-06, 2.21522736865e-06, 5.70946099288e-07, 9.26412269564e-07, 1.88750433949e-07, 3.79018878505e-08, 1.78853198918e-08, 5.34121902263e-09, 5.97406746294e-09, 3.70061514765e-09, 5.95414939575e-10, 5.61391322318e-10, 5.96289628785e-10, 3.18160248147e-10, 1.18790011161e-09, 4.38571068351e-10, 1.6445525497e-10, 4.50178505584e-11, 7.08446565301e-11, 4.34406295657e-11, 1.96729056656e-11, 1.83093765843e-11, 5.7376010193e-11, 2.8518302303e-11, 5.15205890103e-12, 1.60261304227e-10, 3.1126240474e-10, 6.38007095072e-12, 4.76848942277e-12, 3.83175652666e-12, 6.45358549586e-12, 1.57526595934e-11, 3.89205265239e-11, 4.50359107645e-12, 1.87149818212e-12, 1.0975555317e-12, 6.35642254977e-13, 4.45566055839e-13], "dvar2": [2.3849434001e-05, 7.95691812527e-05, 1.73719872691e-05, 4.31149419455e-06, 1.55539726165e-06, 2.83914050669e-06, 4.99584416502e-07, 8.10269114027e-08, 4.32206768153e-08, 1.30233885898e-08, 1.50369992014e-08, 8.88756357398e-09, 1.24901655685e-09, 1.31874444698e-09, 1.51799006698e-09, 7.357342513e-10, 3.22668380903e-09, 1.15655873767e-09, 3.94545618398e-10, 1.08224394724e-10, 1.73041997398e-10, 1.00799049663e-10, 4.97926769261e-11, 4.85751612544e-11, 1.62760110944e-10, 7.94985813291e-11, 1.29160016016e-11, 4.63208749135e-10, 9.10222563988e-10, 1.75030354793e-11, 1.24713312594e-11, 9.96966224853e-12, 1.66752583963e-11, 3.59017954255e-11, 7.66255184304e-11, 1.05317534208e-11, 5.03152944656e-12, 2.73062562145e-12, 1.58655662393e-12, 1.07861061662e-12], "max": [0.0233978629112, 0.0309121236205, 0.024578537792, 0.0122352922335, 0.00819738861173, 0.0182094182819, 0.00595324160531, 0.00345727452077, 0.00186664867215, 0.00274792779237, 0.00157249369659, 0.00128957361449, 0.000750336505007, 0.000345418375218, 0.000408828578657, 0.000232757491176, 0.000306797126541, 0.000173033244209, 0.000123150326544, 7.69888356444e-05, 0.000102631449408, 0.000132763714646, 5.27101401531e-05, 0.000100176061096, 9.02924730326e-05, 6.98016883689e-05, 2.61487966782e-05, 0.00018644600641, 0.000230952762649, 2.45969058597e-05, 2.47972729994e-05, 2.36454161495e-05, 4.49521612609e-05, 4.01845354645e-05, 6.25270986347e-05, 2.34791132243e-05, 2.34548697335e-05, 1.05808094304e-05, 1.86878260138e-05, 7.48245702198e-06], "mean": [0.00179343030322, 0.00294165522791, 0.00228896853514, 0.00110163912177, 0.00068058090983, 0.000980378477834, 0.000602597254328, 0.000185592201888, 0.000113645233796, 4.37777816842e-05, 4.38458519056e-05, 3.22527048411e-05, 2.10517355299e-05, 2.19133435166e-05, 1.52601278387e-05, 1.33232397275e-05, 1.9624701963e-05, 1.18958978419e-05, 1.00327497421e-05, 7.05290676706e-06, 6.75804176353e-06, 5.88589864492e-06, 3.90181230614e-06, 2.95057793664e-06, 3.65595838048e-06, 2.89390914077e-06, 2.15153522731e-06, 3.03706428895e-06, 3.5216858123e-06, 1.63723768765e-06, 1.47526895944e-06, 1.42967689953e-06, 1.77109734523e-06, 2.82428072751e-06, 3.84173927159e-06, 1.75046795903e-06, 9.43084387472e-07, 8.10585277122e-07, 6.22267862127e-07, 4.80840810724e-07], "median": [0.000649403955322, 0.0012908000499, 0.000828419812024, 0.000429785606684, 0.000433649402112, 0.000421303382609, 0.000344285770552, 7.60564289521e-05, 4.88294463139e-05, 1.9153505491e-05, 2.13437342609e-05, 1.69997510966e-05, 9.60338275036e-06, 9.01649582374e-06, 7.02668103258e-06, 7.00787995811e-06, 9.17647594179e-06, 5.71407872485e-06, 5.44429167348e-06, 4.22040466219e-06, 3.24725215251e-06, 2.94804863188e-06, 2.30813475355e-06, 1.46834145198e-06, 1.61130355991e-06, 1.1586294022e-06, 1.03961178866e-06, 1.04934861156e-06, 1.02404317204e-06, 6.7733844844e-07, 5.13791974299e-07, 5.45095986126e-07, 6.41155452286e-07, 7.63717366681e-07, 6.66909841129e-07, 4.80259359392e-07, 3.13501743676e-07, 2.66168370899e-07, 2.30635265552e-07, 1.52150249733e-07], "min": [1.120983337e-23, 2.42695234747e-23, 1.30701827436e-23, 3.36444521797e-24, 2.61661817492e-23, 1.95962767623e-23, 1.95170688166e-23, 2.31846109604e-23, 1.92813950434e-23, 1.01897249902e-23, 5.87634715643e-24, 1.00139257598e-23, 9.22188890053e-24, 5.70645728302e-24, 5.42072870771e-24, 1.05470647808e-23, 2.08104378251e-23, 1.4819804445e-23, 2.10758484989e-23, 1.85659707776e-23, 1.46806777803e-23, 1.43960693875e-23, 1.17650888954e-23, 9.46806556778e-24, 9.42001920549e-24, 6.43951101236e-24, 6.06575542079e-24, 6.10933406935e-24, 6.84900949713e-24, 7.29784216434e-24, 6.60459514514e-24, 7.86694693175e-24, 1.02396385863e-23, 1.20448110838e-23, 9.81576547809e-24, 1.99843837059e-23, 1.06797425076e-23, 9.22445506506e-24, 1.36888129875e-23, 7.10679504146e-24], "var": [8.353499652e-06, 2.33165301324e-05, 1.24872776723e-05, 3.2637062759e-06, 6.69063410896e-07, 2.41176962845e-06, 5.79314189508e-07, 1.19200301185e-07, 2.96889446361e-08, 1.50500714113e-08, 7.37639904713e-09, 4.11998701821e-09, 1.73630776423e-09, 1.16764753422e-09, 6.25614671179e-10, 3.6391487046e-10, 1.02634722943e-09, 3.87456428053e-10, 1.9740052648e-10, 6.9861012808e-11, 8.90219287175e-11, 6.60679913556e-11, 2.33767866176e-11, 2.14734098558e-11, 4.21421370023e-11, 2.36301082868e-11, 7.7307700172e-12, 9.34255936502e-11, 1.70520444986e-10, 6.02652823478e-12, 5.65862417687e-12, 4.86220742488e-12, 7.94454172587e-12, 2.41984488003e-11, 6.88390178194e-11, 8.04311825475e-12, 2.24306510865e-12, 1.63072517729e-12, 9.29317278513e-13, 6.3714100185e-13]}, "mfcc": {"mean": [-682.131103516, 127.491493225, 34.4093818665, 27.3019828796, 11.375951767, 10.3738794327, -7.33910179138, 0.0420120358467, -6.63362312317, 2.54618120193, -2.43408966064, 0.192555770278, 2.23480844498], "cov": [[12618.6269531, 31.3822574615, -463.813903809, -296.950653076, -435.394805908, -285.764160156, -482.312011719, -229.130020142, -374.845855713, -124.722480774, -250.590164185, -124.722946167, -39.9959945679], [31.3822574615, 961.633056641, -1.06987845898, 53.330242157, 28.2282733917, -50.030506134, -33.5803146362, -66.5999679565, 5.50294351578, 8.3201341629, 44.5558395386, 38.0392570496, 33.5962944031], [-463.813903809, -1.06987845898, 285.226776123, 63.8342094421, 0.417531222105, -6.64421749115, -22.9054641724, 3.50523757935, -3.66965389252, 2.87976527214, 18.6483325958, -4.17955207825, 1.00084757805], [-296.950653076, 53.330242157, 63.8342094421, 166.95362854, 47.1511421204, 11.4448804855, 38.6360816956, 5.30007362366, 17.4423713684, 15.6024770737, 11.9333705902, 20.9619197845, 0.215334221721], [-435.394805908, 28.2282733917, 0.417531222105, 47.1511421204, 127.886657715, 69.1251602173, 56.6186332703, 12.930308342, 29.4344940186, 14.263628006, 26.7168159485, 18.4100818634, 7.65900707245], [-285.764160156, -50.030506134, -6.64421749115, 11.4448804855, 69.1251602173, 119.665107727, 58.0971755981, 37.7845115662, 21.7306270599, 16.376285553, 3.34026002884, 4.34642553329, -15.2626304626], [-482.312011719, -33.5803146362, -22.9054641724, 38.6360816956, 56.6186332703, 58.0971755981, 111.478096008, 45.9359970093, 49.4261474609, 16.4165859222, 21.0325813293, 15.5120897293, 6.34079504013], [-229.130020142, -66.5999679565, 3.50523757935, 5.30007362366, 12.930308342, 37.7845115662, 45.9359970093, 87.1129302979, 30.7942390442, 20.3912830353, 5.0510559082, -0.557023584843, -0.45324447751], [-374.845855713, 5.50294351578, -3.66965389252, 17.4423713684, 29.4344940186, 21.7306270599, 49.4261474609, 30.7942390442, 75.587890625, 26.7997283936, 27.0459308624, 19.7265472412, 10.5527496338], [-124.722480774, 8.3201341629, 2.87976527214, 15.6024770737, 14.263628006, 16.376285553, 16.4165859222, 20.3912830353, 26.7997283936, 47.4046516418, 25.4554347992, 14.5542345047, -1.34023523331], [-250.590164185, 44.5558395386, 18.6483325958, 11.9333705902, 26.7168159485, 3.34026002884, 21.0325813293, 5.0510559082, 27.0459308624, 25.4554347992, 65.3088989258, 33.8896369934, 24.5617542267], [-124.722946167, 38.0392570496, -4.17955207825, 20.9619197845, 18.4100818634, 4.34642553329, 15.5120897293, -0.557023584843, 19.7265472412, 14.5542345047, 33.8896369934, 63.6125640869, 35.1958999634], [-39.9959945679, 33.5962944031, 1.00084757805, 0.215334221721, 7.65900707245, -15.2626304626, 6.34079504013, -0.45324447751, 10.5527496338, -1.34023523331, 24.5617542267, 35.1958999634, 71.985710144]], "icov": [[0.000116060160508, -1.23084942061e-06, 0.000219791836571, -4.43984754384e-05, 0.000205237753107, -5.40839719179e-05, 0.00033156160498, 3.20011749864e-05, 0.000300707499264, -0.000132447050419, 0.000150144624058, 4.43399221695e-05, -0.000119628813991], [-1.23084942061e-06, 0.00120205932762, 0.000182338466402, -0.000433786975918, -0.000376541051082, 0.00033204225474, 0.000545532733668, 0.000710982480086, -0.000285365007585, -6.40361031401e-05, -0.000646238331683, -4.03296653531e-05, -0.000215187130379], [0.000219791836571, 0.000182338466402, 0.00496788276359, -0.0027572340332, 0.00107017927803, -0.0011549431365, 0.00351293571293, -0.000999295152724, 0.000141966957017, 0.00132657727227, -0.00304282642901, 0.00211653579026, -0.000690992979798], [-4.43984754384e-05, -0.000433786975918, -0.0027572340332, 0.00934865046293, -0.00356112606823, 0.00329864979722, -0.0047376123257, 0.000776260567363, 0.00122139020823, -0.00328585528769, 0.0040643834509, -0.00404187710956, 0.00203781342134], [0.000205237753107, -0.000376541051082, 0.00107017927803, -0.00356112606823, 0.0160804763436, -0.00908386334777, -0.00144193007145, 0.00299315806478, -0.00109065556899, 0.00178676121868, -0.00492762262002, 0.00206592958421, -0.00234111468308], [-5.40839719179e-05, 0.00033204225474, -0.0011549431365, 0.00329864979722, -0.00908386334777, 0.0179849117994, -0.00604093773291, -0.00362157286145, 0.002617175458, -0.0038300503511, 0.00489726383239, -0.00386772118509, 0.00487529253587], [0.00033156160498, 0.000545532733668, 0.00351293571293, -0.0047376123257, -0.00144193007145, -0.00604093773291, 0.0225958861411, -0.00594015605748, -0.00784338451922, 0.00568792037666, -0.00448127510026, 0.00159728724975, -0.00125643156935], [3.20011749864e-05, 0.000710982480086, -0.000999295152724, 0.000776260567363, 0.00299315806478, -0.00362157286145, -0.00594015605748, 0.0187998954207, -0.00297247571871, -0.00653773639351, 0.00249418383464, 0.00289218127728, -0.0026982484851], [0.000300707499264, -0.000285365007585, 0.000141966957017, 0.00122139020823, -0.00109065556899, 0.002617175458, -0.00784338451922, -0.00297247571871, 0.0247138217092, -0.00876983441412, -0.00126237270888, -0.00225356966257, -0.000615904747974], [-0.000132447050419, -6.40361031401e-05, 0.00132657727227, -0.00328585528769, 0.00178676121868, -0.0038300503511, 0.00568792037666, -0.00653773639351, -0.00876983441412, 0.0367547161877, -0.0138511257246, -0.00258133048192, 0.00636139186099], [0.000150144624058, -0.000646238331683, -0.00304282642901, 0.0040643834509, -0.00492762262002, 0.00489726383239, -0.00448127510026, 0.00249418383464, -0.00126237270888, -0.0138511257246, 0.0320239141583, -0.0101278014481, -0.00365948909894], [4.43399221695e-05, -4.03296653531e-05, 0.00211653579026, -0.00404187710956, 0.00206592958421, -0.00386772118509, 0.00159728724975, 0.00289218127728, -0.00225356966257, -0.00258133048192, -0.0101278014481, 0.0299526005983, -0.0120429703966], [-0.000119628813991, -0.000215187130379, -0.000690992979798, 0.00203781342134, -0.00234111468308, 0.00487529253587, -0.00125643156935, -0.0026982484851, -0.000615904747974, 0.00636139186099, -0.00365948909894, -0.0120429703966, 0.0226510744542]]}, "spectral_contrast_coeffs": {"dmean": [0.0590926334262, 0.0462236478925, 0.0322692170739, 0.0255583263934, 0.0181701742113, 0.0154518941417], "dmean2": [0.0964247211814, 0.0755204707384, 0.0528929494321, 0.0425364300609, 0.0302648991346, 0.0257835313678], "dvar": [0.00282337819226, 0.00144702859689, 0.000714529247489, 0.000455684203189, 0.000270478776656, 0.000218972782022], "dvar2": [0.00654715579003, 0.00389588996768, 0.00179632101208, 0.00120269006584, 0.000728022772819, 0.000583599554375], "max": [-0.303305655718, -0.408556073904, -0.543461322784, -0.650806546211, -0.704437613487, -0.707458138466], "mean": [-0.641667068005, -0.684396505356, -0.802375614643, -0.822504103184, -0.833180785179, -0.795084655285], "median": [-0.650166630745, -0.686471819878, -0.807721614838, -0.825067996979, -0.833298444748, -0.792303323746], "min": [-0.968808114529, -0.955480515957, -0.96805357933, -0.97317224741, -0.958611011505, -0.961171984673], "var": [0.00912472046912, 0.00652677146718, 0.00297774979845, 0.00167312694248, 0.000856939237565, 0.00110412971117]}, "spectral_contrast_valleys": {"dmean": [0.423655420542, 0.406987160444, 0.407615095377, 0.442745149136, 0.391114771366, 0.400036126375], "dmean2": [0.692656755447, 0.634946942329, 0.606218695641, 0.611104369164, 0.519192278385, 0.499296277761], "dvar": [0.171095311642, 0.177285507321, 0.181939050555, 0.202770203352, 0.201933816075, 0.239102691412], "dvar2": [0.355931907892, 0.333344757557, 0.314637094736, 0.344027578831, 0.377501904964, 0.443132668734], "max": [-5.1170964241, -4.94843149185, -5.82108831406, -5.94478559494, -5.96770906448, -8.3010597229], "