{"lowlevel": {"average_loudness": 0.17410774529, "barkbands_crest": {"dmean": 1.81504189968, "dmean2": 2.51962065697, "dvar": 3.08410000801, "dvar2": 6.21851205826, "max": 26.6698741913, "mean": 13.2791557312, "median": 12.6788711548, "min": 3.28979301453, "var": 25.7034320831}, "barkbands_flatness_db": {"dmean": 0.0152649432421, "dmean2": 0.0207393839955, "dvar": 0.000229471639614, "dvar2": 0.000427665916504, "max": 0.509099245071, "mean": 0.271851241589, "median": 0.286156088114, "min": 0.0356029607356, "var": 0.00960632413626}, "barkbands_kurtosis": {"dmean": 8.03954792023, "dmean2": 11.3848495483, "dvar": 710.035705566, "dvar2": 1380.00463867, "max": 897.05291748, "mean": 22.0319499969, "median": 7.10419225693, "min": -1.44434702396, "var": 2990.43188477}, "barkbands_skewness": {"dmean": 0.553119063377, "dmean2": 0.836579740047, "dvar": 0.632610023022, "dvar2": 1.59712409973, "max": 19.4873714447, "mean": 1.38323950768, "median": 0.803174078465, "min": -2.62451410294, "var": 5.99401760101}, "barkbands_spread": {"dmean": 1.1852940321, "dmean2": 1.77068662643, "dvar": 4.82667207718, "dvar2": 10.9904947281, "max": 76.1203994751, "mean": 6.86587381363, "median": 2.84013748169, "min": 0.111140929163, "var": 81.6768951416}, "dissonance": {"dmean": 0.0364384651184, "dmean2": 0.0608052872121, "dvar": 0.00153342576232, "dvar2": 0.00403035851195, "max": 0.499995708466, "mean": 0.33625343442, "median": 0.317000120878, "min": 0.119774967432, "var": 0.00961820222437}, "dynamic_complexity": 6.02941703796, "erbbands_crest": {"dmean": 2.32144832611, "dmean2": 3.32708954811, "dvar": 5.44971895218, "dvar2": 11.4117507935, "max": 33.5998535156, "mean": 16.2433872223, "median": 15.7240781784, "min": 2.66200304031, "var": 47.3896179199}, "erbbands_flatness_db": {"dmean": 0.0146876294166, "dmean2": 0.0195870492607, "dvar": 0.000203479256015, "dvar2": 0.000379405129934, "max": 0.478682667017, "mean": 0.305352091789, "median": 0.317973613739, "min": 0.0662434175611, "var": 0.00784349255264}, "erbbands_kurtosis": {"dmean": 5.34270620346, "dmean2": 7.05556821823, "dvar": 130.861114502, "dvar2": 203.18939209, "max": 247.365570068, "mean": 15.6819372177, "median": 5.41427564621, "min": -1.41216778755, "var": 898.109436035}, "erbbands_skewness": {"dmean": 0.461874932051, "dmean2": 0.621312320232, "dvar": 0.307867795229, "dvar2": 0.531528651714, "max": 13.0223760605, "mean": 1.76332175732, "median": 1.19998943806, "min": -2.20657086372, "var": 4.91756868362}, "erbbands_spread": {"dmean": 1.61237037182, "dmean2": 2.35005688667, "dvar": 5.86211538315, "dvar2": 13.3238019943, "max": 93.825592041, "mean": 9.54284000397, "median": 5.52939319611, "min": 0.535132586956, "var": 102.346870422}, "hfc": {"dmean": 2.20369100571, "dmean2": 2.69830989838, "dvar": 16.4450778961, "dvar2": 27.7903804779, "max": 115.979660034, "mean": 11.847079277, "median": 5.12866210938, "min": 1.07587762532e-16, "var": 346.263305664}, "melbands_crest": {"dmean": 2.37235856056, "dmean2": 3.29031920433, "dvar": 6.04050588608, "dvar2": 12.2978458405, "max": 34.629070282, "mean": 16.6044769287, "median": 16.0317306519, "min": 1.49051129818, "var": 56.9063110352}, "melbands_flatness_db": {"dmean": 0.0147941531613, "dmean2": 0.0196542423218, "dvar": 0.000241753121372, "dvar2": 0.000431734108133, "max": 0.561524152756, "mean": 0.318338781595, "median": 0.349866449833, "min": 0.00312590389512, "var": 0.0153050003573}, "melbands_kurtosis": {"dmean": 6.26639556885, "dmean2": 9.20716381073, "dvar": 236.831634521, "dvar2": 508.731048584, "max": 454.821411133, "mean": 16.7963123322, "median": 4.27199077606, "min": -1.51574921608, "var": 1477.96484375}, "melbands_skewness": {"dmean": 0.468308031559, "dmean2": 0.724137365818, "dvar": 0.324236810207, "dvar2": 0.851743519306, "max": 13.1195163727, "mean": 1.07148456573, "median": 0.68305426836, "min": -2.07166028023, "var": 2.77171945572}, "melbands_spread": {"dmean": 2.26364350319, "dmean2": 3.487596035, "dvar": 18.1035823822, "dvar2": 46.2546463013, "max": 162.93699646, "mean": 16.6663246155, "median": 5.10998916626, "min": 0.270870059729, "var": 1016.95776367}, "pitch_salience": {"dmean": 0.0433465465903, "dmean2": 0.0621914155781, "dvar": 0.00194755592383, "dvar2": 0.00376531714574, "max": 0.823395490646, "mean": 0.493630737066, "median": 0.495908498764, "min": 0.0641461089253, "var": 0.0193036478013}, "silence_rate_20dB": {"dmean": 0, "dmean2": 0, "dvar": 0, "dvar2": 0, "max": 1, "mean": 1, "median": 1, "min": 1, "var": 0}, "silence_rate_30dB": {"dmean": 0.00121102028061, "dmean2": 0.00242277397774, "dvar": 0.00120954541489, "dvar2": 0.00302256387658, "max": 1, "mean": 0.999091982841, "median": 1, "min": 0, "var": 0.000907145033125}, "silence_rate_60dB": {"dmean": 0.0290644876659, "dmean2": 0.0581465773284, "dvar": 0.0282207001001, "dvar2": 0.0614314600825, "max": 1, "mean": 0.276937037706, "median": 0, "min": 0, "var": 0.200241833925}, "spectral_centroid": {"dmean": 67.2254257202, "dmean2": 101.11340332, "dvar": 46662.6953125, "dvar2": 83287.90625, "max": 11706.0595703, "mean": 1145.57226562, "median": 597.156677246, "min": 367.199249268, "var": 3100500.25}, "spectral_complexity": {"dmean": 0.970027267933, "dmean2": 1.63294970989, "dvar": 1.59733653069, "dvar2": 3.982817173, "max": 35, "mean": 8.01029014587, "median": 7, "min": 0, "var": 42.5874519348}, "spectral_decrease": {"dmean": 7.73916153385e-10, "dmean2": 9.52029122203e-10, "dvar": 1.48176833594e-18, "dvar2": 2.47971666364e-18, "max": 6.24749043941e-18, "mean": -3.84126863651e-09, "median": -2.34169572622e-09, "min": -4.05060482933e-08, "var": 2.03260130616e-17}, "spectral_energy": {"dmean": 0.00311334594153, "dmean2": 0.0038248882629, "dvar": 2.41841444222e-05, "dvar2": 4.04210441047e-05, "max": 0.162807390094, "mean": 0.0155723942444, "median": 0.00931450631469, "min": 9.72270676934e-21, "var": 0.00034653278999}, "spectral_energyband_high": {"dmean": 1.14209442472e-05, "dmean2": 1.90839327843e-05, "dvar": 2.09761852332e-09, "dvar2": 5.71809311012e-09, "max": 0.00138547213282, "mean": 3.82647340302e-05, "median": 6.48093009659e-06, "min": 6.67072252124e-21, "var": 1.15902016873e-08}, "spectral_energyband_low": {"dmean": 0.000154356865096, "dmean2": 0.000242011141381, "dvar": 1.97841259819e-07, "dvar2": 4.36033417373e-07, "max": 0.0148636437953, "mean": 0.000524738046806, "median": 6.14228192717e-05, "min": 2.19385499403e-23, "var": 2.71112980954e-06}, "spectral_energyband_middle_high": {"dmean": 0.00130224693567, "dmean2": 0.00161414116155, "dvar": 1.30676544359e-05, "dvar2": 2.22912422032e-05, "max": 0.095279827714, "mean": 0.00649963319302, "median": 0.000677392352372, "min": 1.14894882213e-21, "var": 0.000237938962528}, "spectral_energyband_middle_low": {"dmean": 0.00229144981131, "dmean2": 0.00287389266305, "dvar": 1.69219056261e-05, "dvar2": 2.82409600914e-05, "max": 0.144217729568, "mean": 0.00870340783149, "median": 0.00546332355589, "min": 1.32372563836e-22, "var": 0.000106455663627}, "spectral_entropy": {"dmean": 0.125513359904, "dmean2": 0.169391676784, "dvar": 0.0198159161955, "dvar2": 0.0366225093603, "max": 9.81563663483, "mean": 6.10028028488, "median": 5.75097942352, "min": 3.86999034882, "var": 1.32048249245}, "spectral_flux": {"dmean": 0.00970974192023, "dmean2": 0.0160457696766, "dvar": 0.000202830007765, "dvar2": 0.000564727466553, "max": 0.313603490591, "mean": 0.0286584943533, "median": 0.0215547736734, "min": 6.26142054871e-11, "var": 0.000759061891586}, "spectral_kurtosis": {"dmean": 7.71941995621, "dmean2": 13.1828327179, "dvar": 119.494300842, "dvar2": 358.973724365, "max": 185.394622803, "mean": 29.0937137604, "median": 21.6337776184, "min": -1.25740194321, "var": 811.078369141}, "spectral_rms": {"dmean": 0.000346225424437, "dmean2": 0.000423985125963, "dvar": 1.78389441885e-07, "dvar2": 3.0399931461e-07, "max": 0.0126030342653, "mean": 0.00320668658242, "median": 0.00301451887935, "min": 3.07986470528e-12, "var": 4.90974298373e-06}, "spectral_rolloff": {"dmean": 100.155380249, "dmean2": 170.569503784, "dvar": 121275.890625, "dvar2": 199259.15625, "max": 19509.0820312, "mean": 2039.35302734, "median": 861.328125, "min": 409.130859375, "var": 19438586}, "spectral_skewness": {"dmean": 0.516406416893, "dmean2": 0.87197381258, "dvar": 0.365798085928, "dvar2": 1.12587463856, "max": 11.2209119797, "mean": 3.83962512016, "median": 3.84591674805, "min": -0.076078787446, "var": 3.76936888695}, "spectral_spread": {"dmean": 308570.28125, "dmean2": 512825.53125, "dvar": 647880704000, "dvar2": 1125511331840.0, "max": 42280148, "mean": 3652045.5, "median": 2443637, "min": 492432.53125, "var": 39107174596600.0}, "spectral_strongpeak": {"dmean": 0.401621490717, "dmean2": 0.606722474098, "dvar": 0.400098741055, "dvar2": 0.907925248146, "max": 11.0883951187, "mean": 1.7071133852, "median": 1.26569414139, "min": 0, "var": 2.87715554237}, "zerocrossingrate": {"dmean": 0.00322652934119, "dmean2": 0.00432606553659, "dvar": 4.45681689598e-05, "dvar2": 6.00111779931e-05, "max": 0.5283203125, "mean": 0.0650826916099, "median": 0.029296875, "min": 0.01513671875, "var": 0.0136543139815}, "barkbands": {"dmean": [3.40128252674e-07, 8.04311348475e-05, 6.90119559295e-05, 6.32436131127e-05, 6.87778665451e-05, 0.000179924114491, 0.00135955377482, 0.00105477997568, 0.000374216411728, 0.000846024078783, 0.000332153605996, 0.000230843914323, 0.000417935865698, 2.56996863754e-05, 3.92219262721e-05, 6.73342437949e-05, 6.15339668002e-05, 2.09357385756e-05, 2.33526225202e-05, 1.60470062838e-05, 6.30474369245e-06, 3.38146878676e-06, 1.88645196886e-06, 9.29553493734e-07, 3.25756161601e-07, 1.44809703784e-07, 2.89204979964e-08], "dmean2": [4.82389395984e-07, 0.000118253235996, 0.000122863944853, 7.78825851739e-05, 0.000100409662991, 0.000226226751693, 0.00172744912561, 0.00140805577394, 0.000468939862913, 0.000990055850707, 0.000418201147113, 0.000334989978001, 0.000496242544614, 3.6921526771e-05, 6.23966116109e-05, 0.000104571030533, 9.69330285443e-05, 3.64157131116e-05, 3.98450138164e-05, 2.64755635726e-05, 1.06002617031e-05, 5.65264326724e-06, 3.06979291054e-06, 1.51228141476e-06, 5.1663062095e-07, 2.21974119086e-07, 4.15463965453e-08], "dvar": [4.7433216209e-12, 1.23446142197e-07, 2.16104663053e-08, 3.72969282125e-08, 5.87104587169e-08, 1.61702558898e-07, 6.47652132102e-06, 1.08998856376e-05, 4.46161675427e-06, 6.60009709463e-06, 2.09097379411e-06, 1.48875278683e-06, 2.56078101302e-06, 7.05115077437e-09, 2.68300031081e-08, 6.39331645402e-08, 5.39944018385e-08, 5.12459319424e-09, 9.22030007899e-09, 3.94225851963e-09, 1.05832143049e-09, 1.49112278081e-10, 9.56317178225e-11, 8.06186020719e-12, 4.6791251429e-12, 3.78710382281e-13, 3.18800733798e-15], "dvar2": [8.86675975698e-12, 2.5133778081e-07, 6.86173464715e-08, 5.44599387808e-08, 1.58992662591e-07, 2.95922916393e-07, 1.08746162368e-05, 2.58451727859e-05, 8.72200780577e-06, 1.12314737635e-05, 3.29234967467e-06, 3.30784632752e-06, 4.07210200137e-06, 1.35456916794e-08, 5.93719171604e-08, 1.58325192956e-07, 1.30900843942e-07, 1.52088563965e-08, 2.71609330582e-08, 1.07642312841e-08, 3.00673863585e-09, 4.17278711584e-10, 2.40167136178e-10, 1.700088334e-11, 1.16920761267e-11, 9.9011153009e-13, 6.70265429734e-15], "max": [8.55100734043e-05, 0.013408808969, 0.00277427933179, 0.00937612168491, 0.00842562038451, 0.0173809248954, 0.053226031363, 0.101598732173, 0.116772010922, 0.0667551383376, 0.0605900809169, 0.0320858992636, 0.039671394974, 0.00281755742617, 0.00517754023895, 0.00520363869146, 0.00521061755717, 0.00118915108033, 0.00276955636218, 0.00136956945062, 0.00093311216915, 0.000470058468636, 0.000427225371823, 0.000107865031168, 0.0001064698954, 3.02272565023e-05, 2.12280770029e-06], "mean": [6.17926900759e-07, 0.000296465965221, 0.000113977454021, 0.000207582153962, 0.000191603889107, 0.000815838866401, 0.00362937245518, 0.00270468974486, 0.000983833801001, 0.00298544880934, 0.00104147370439, 0.000514092098456, 0.00156320107635, 5.20731482538e-05, 7.54106076784e-05, 0.000130037704366, 0.000113282469101, 4.40431795141e-05, 4.73664622405e-05, 3.05066005239e-05, 1.36277203637e-05, 8.05661056802e-06, 4.96166012454e-06, 2.93623634207e-06, 1.05806452666e-06, 6.75434137065e-07, 1.83316799962e-07], "median": [2.84258727667e-09, 5.45333750779e-06, 2.91883188765e-05, 2.13393614104e-05, 6.17303448962e-05, 0.00016526512627, 0.00172980851494, 0.000654959643725, 0.000271940225502, 0.000351220543962, 4.60661030957e-05, 6.12007852396e-06, 1.1041693142e-05, 3.64052857549e-06, 3.8269236029e-06, 1.58237912729e-06, 2.90926436719e-06, 1.40988447583e-06, 1.3384731119e-06, 5.86224587096e-07, 5.42540419701e-07, 1.23489564885e-06, 8.87971395969e-07, 1.09578502361e-06, 2.60821394704e-07, 1.81872053417e-07, 1.86250694867e-08], "min": [2.91705281355e-25, 2.48751864231e-24, 1.70180450324e-24, 2.67823626786e-25, 5.40195618475e-24, 1.13183127886e-23, 5.35604842437e-24, 7.19503860004e-24, 9.41968157302e-24, 1.63299918734e-23, 1.64995938125e-23, 2.69007406251e-23, 2.76618083829e-23, 1.89220941446e-23, 3.90853410167e-23, 5.16788490363e-23, 6.08333747376e-23, 1.04614542821e-22, 1.36109946991e-22, 1.64127913451e-22, 2.36529049839e-22, 2.76921681682e-22, 3.60217593016e-22, 4.8721049151e-22, 8.25651762253e-22, 1.3509017577e-21, 1.96956267883e-21], "var": [1.89608953538e-11, 1.6091892121e-06, 5.40930678028e-08, 5.11090547661e-07, 2.97749210176e-07, 3.21359561894e-06, 3.12824522553e-05, 3.14185490424e-05, 9.54062670644e-06, 5.50725708308e-05, 2.40431545535e-05, 3.79898870051e-06, 2.6539344617e-05, 2.46012081817e-08, 7.73368284968e-08, 1.91245163705e-07, 1.35257636202e-07, 1.56761874592e-08, 2.42627251623e-08, 9.91753434931e-09, 2.60839594368e-09, 5.29375099312e-10, 3.22375265371e-10, 3.93596301385e-11, 9.26580426969e-12, 1.27474018754e-12, 9.19017263006e-14]}, "erbbands": {"dmean": [0.00126580544747, 0.0222031511366, 0.0727581530809, 0.151218116283, 0.143066257238, 0.293976157904, 0.516155481339, 1.91303896904, 15.5058832169, 27.630897522, 12.7940063477, 8.81551551819, 8.86419391632, 34.0087013245, 9.65795040131, 8.40160179138, 20.0530834198, 3.23479700089, 1.81929039955, 1.45901274681, 4.68938493729, 2.92600536346, 1.40928792953, 1.25791025162, 0.971451044083, 0.481804162264, 0.355093568563, 0.160695463419, 0.134613722563, 0.0721408873796, 0.0499313510954, 0.0309246107936, 0.00906029064208, 0.00483929784968, 0.00183834682684, 0.000697139010299, 0.000269431213383, 5.61282722629e-05, 6.77412481309e-06, 3.602611514e-06], "dmean2": [0.00193806132302, 0.0330804623663, 0.127395346761, 0.211049705744, 0.19139945507, 0.422454297543, 0.747799754143, 2.48478603363, 19.660823822, 35.8253135681, 16.6521759033, 10.6406297684, 11.6390104294, 38.6730728149, 12.7091159821, 12.1362743378, 23.5156478882, 4.22178125381, 2.73834514618, 2.38591790199, 7.23695850372, 4.77811861038, 2.34199666977, 2.13597941399, 1.64953172207, 0.792640686035, 0.604230821133, 0.267933994532, 0.226430028677, 0.121322982013, 0.0803848877549, 0.0514423809946, 0.0142265763134, 0.0076617738232, 0.00296634831466, 0.00109028804582, 0.000427969207522, 7.81950657256e-05, 9.41183316172e-06, 4.4147486733e-06], "dvar": [3.78563854611e-05, 0.00857435446233, 0.0262881163508, 0.170048207045, 0.212492138147, 1.23307752609, 1.09082615376, 15.270652771, 1149.03112793, 3694.59765625, 4146.10253906, 1161.60253906, 1282.71875, 9791.80957031, 856.13659668, 1580.49438477, 5638.99560547, 218.232345581, 85.806892395, 24.4629535675, 300.090362549, 125.020973206, 23.4286441803, 21.0908279419, 15.5080080032, 3.55498290062, 3.92142224312, 0.363774448633, 0.204723313451, 0.114199094474, 0.0790077149868, 0.0121077895164, 0.000748423335608, 0.0012187869288, 7.68243116909e-05, 6.14676901023e-06, 2.79029427475e-06, 1.9580907562e-08, 1.50990900338e-10, 3.27113926224e-11], "dvar2": [8.87536807568e-05, 0.017350776121, 0.076138921082, 0.304321020842, 0.488991647959, 3.14727115631, 2.18896865845, 28.7069225311, 1965.69030762, 7343.66210938, 8818.01171875, 1998.92895508, 3246.13500977, 14438.5068359, 1557.44348145, 3749.06176758, 8524.22851562, 407.913696289, 175.350036621, 67.2080764771, 738.06640625, 338.180267334, 64.345489502, 61.4200057983, 45.123550415, 9.63871192932, 11.1262540817, 1.0075622797, 0.56883263588, 0.318648606539, 0.188082069159, 0.0263226609677, 0.00155763723888, 0.00299337389879, 0.000199551548576, 1.41174723467e-05, 7.97685879661e-06, 4.28044053535e-08, 3.27201765682e-10, 5.48047510152e-11], "max": [0.17168700695, 3.59500932693, 3.84807920456, 16.3672084808, 20.1336555481, 43.9277420044, 29.3796081543, 151.608306885, 574.37878418, 1310.07507324, 2813.67724609, 1869.96875, 1212.7376709, 2468.49902344, 601.426025391, 1160.36975098, 2013.50061035, 465.046142578, 312.340332031, 123.510864258, 346.742767334, 259.544525146, 81.8963317871, 128.598861694, 79.6942214966, 52.1405601501, 54.0960845947, 20.0858078003, 17.9967956543, 12.2429876328, 12.6146297455, 4.06335926056, 1.09514057636, 1.73845124245, 0.386595904827, 0.105623014271, 0.0813228338957, 0.00533012114465, 0.000412573077483, 0.00019365164917], "mean": [0.00384183158167, 0.0808481648564, 0.152473986149, 0.464072942734, 0.49658408761, 0.820485174656, 1.67580139637, 8.65047454834, 45.333240509, 74.3990402222, 34.2234268188, 26.637140274, 27.4112434387, 130.209991455, 28.8769550323, 27.6237545013, 76.22315979, 10.6343402863, 3.85580992699, 3.22878289223, 9.39785194397, 5.55426168442, 3.03381872177, 2.93611621857, 2.21292376518, 1.10654377937, 0.742191255093, 0.377960026264, 0.316051870584, 0.191865503788, 0.131629660726, 0.0887654721737, 0.0309095736593, 0.0134509922937, 0.00659559527412, 0.00268627260812, 0.00115830171853, 0.000363684608601, 4.75303349958e-05, 1.9002611225e-05], "median": [4.34906905866e-05, 0.00232692668214, 0.0289397928864, 0.072615429759, 0.0611328706145, 0.253283828497, 0.820718407631, 2.47378396988, 20.6789951324, 25.1467514038, 12.4516143799, 8.30292892456, 5.82239341736, 8.50847530365, 4.61029434204, 0.722898840904, 0.623508691788, 0.335151255131, 0.240581423044, 0.14128485322, 0.109753593802, 0.129782229662, 0.087854757905, 0.0738465115428, 0.0691655054688, 0.0351200401783, 0.0215345323086, 0.0291838422418, 0.0504317060113, 0.0357809141278, 0.0234147906303, 0.0362654924393, 0.00786986574531, 0.00246589025483, 0.00208834931254, 0.000692793983035, 0.000301539665088, 6.58949429635e-05, 1.24132648125e-05, 1.15982638818e-05], "min": [7.24897096909e-23, 6.64907506728e-22, 3.34553885372e-21, 2.34876480906e-21, 1.29156982508e-20, 2.39581183731e-20, 2.45091999912e-20, 7.18103600973e-20, 1.28977490777e-19, 1.98333341041e-19, 2.83502222129e-19, 2.31012959372e-19, 4.97786952877e-19, 6.33742771946e-19, 1.07149750546e-18, 9.49542648833e-19, 1.3627278434e-18, 2.62142386951e-18, 2.58287642578e-18, 3.2680284728e-18, 2.66497492876e-18, 3.72108935636e-18, 5.36361238613e-18, 5.27647097655e-18, 6.65521562155e-18, 8.10988469344e-18, 9.46147548048e-18, 9.24370033189e-18, 1.00786837392e-17, 1.07249053578e-17, 1.01994157126e-17, 9.45085613577e-18, 8.51948716199e-18, 7.06369064292e-18, 6.32303808553e-18, 4.34017448785e-18, 2.44867195486e-18, 9.15441817888e-19, 2.58014564408e-19, 2.62623882969e-20], "var": [0.000260240165517, 0.1164573282, 0.150702983141, 1.9302033186, 2.67960166931, 7.08129405975, 7.1202878952, 259.88861084, 4905.15185547, 19060.5195312, 7798.04003906, 4272.29394531, 3114.51342773, 105102.570312, 4849.54638672, 7337.13378906, 61986.7734375, 1623.78222656, 247.345977783, 81.5406341553, 900.82043457, 289.410003662, 73.0054397583, 73.3516311646, 49.7059822083, 11.3280935287, 8.67612838745, 1.37110924721, 0.743172109127, 0.433703333139, 0.232135787606, 0.0461045987904, 0.00494261737913, 0.00230340310372, 0.000205316275242, 2.76775335806e-05, 5.26055191585e-06, 3.46089791492e-07, 4.83045647925e-09, 5.10606501525e-10]}, "gfcc": {"mean": [-216.487915039, 118.735153198, -117.429107666, -28.9572029114, -83.8564224243, -14.5576534271, -24.4159526825, 5.64770793915, -10.8848876953, -7.21986198425, -8.9184217453, -0.763122200966, -16.6934967041], "cov": [[57644.6289062, 6969.3046875, -6128.07373047, -1543.73254395, -3271.8034668, 483.594390869, -826.024291992, -58.1228904724, -454.069732666, -175.896987915, -188.474334717, -20.0324230194, -788.486755371], [6969.3046875, 3431.69384766, -356.413330078, -467.313568115, -540.477233887, -804.375427246, 78.3099060059, 134.640991211, 83.4125976562, -436.910339355, -70.8734970093, -239.149337769, -88.0841369629], [-6128.07373047, -356.413330078, 1631.16101074, -4.97746229172, -45.2670478821, -157.286254883, -15.255525589, -60.2579193115, 190.092758179, 82.7658538818, -8.32052993774, -51.6028747559, -77.2836990356], [-1543.73254395, -467.313568115, -4.97746229172, 890.860534668, 391.202392578, 346.211334229, 100.499885559, 46.9341506958, -76.153968811, -14.5114517212, 23.0202922821, 20.3116073608, 96.8670120239], [-3271.8034668, -540.477233887, -45.2670478821, 391.202392578, 972.871398926, 192.729171753, 240.210128784, 178.576049805, -205.341415405, -26.7405700684, -49.0498962402, 14.9116258621, 162.822296143], [483.594390869, -804.375427246, -157.286254883, 346.211334229, 192.729171753, 608.783935547, 76.1164627075, -10.7732114792, -86.1809539795, 107.296852112, 8.6872253418, 72.5354537964, 18.5250358582], [-826.024291992, 78.3099060059, -15.255525589, 100.499885559, 240.210128784, 76.1164627075, 233.807235718, 119.516914368, -14.450928688, -72.6512298584, -24.4795780182, -26.6402397156, 41.0368385315], [-58.1228904724, 134.640991211, -60.2579193115, 46.9341506958, 178.576049805, -10.7732114792, 119.516914368, 165.361373901, -26.6210193634, -64.8293228149, -51.3940963745, -23.896774292, 28.0166378021], [-454.069732666, 83.4125976562, 190.092758179, -76.153968811, -205.341415405, -86.1809539795, -14.450928688, -26.6210193634, 194.070617676, 16.3337802887, 22.8160037994, -43.9527626038, -45.3013725281], [-175.896987915, -436.910339355, 82.7658538818, -14.5114517212, -26.7405700684, 107.296852112, -72.6512298584, -64.8293228149, 16.3337802887, 156.062042236, 35.5819625854, 36.4916915894, -32.3770637512], [-188.474334717, -70.8734970093, -8.32052993774, 23.0202922821, -49.0498962402, 8.6872253418, -24.4795780182, -51.3940963745, 22.8160037994, 35.5819625854, 109.65549469, 31.3778381348, 24.9349212646], [-20.0324230194, -239.149337769, -51.6028747559, 20.3116073608, 14.9116258621, 72.5354537964, -26.6402397156, -23.896774292, -43.9527626038, 36.4916915894, 31.3778381348, 81.3696746826, 30.0590591431], [-788.486755371, -88.0841369629, -77.2836990356, 96.8670120239, 162.822296143, 18.5250358582, 41.0368385315, 28.0166378021, -45.3013725281, -32.3770637512, 24.9349212646, 30.0590591431, 113.792922974]], "icov": [[0.000188989302842, -0.000550040684175, 0.000529810844455, 9.19497251743e-05, 0.000385727675166, -0.000803671660833, 0.000679744931404, -0.000615891243797, 0.000305420689983, -0.000807076110505, 0.000257914769463, -0.000356547534466, 0.000580350344535], [-0.000550040684175, 0.00244014756754, -0.00137154466938, -0.000263774214545, -0.000604030850809, 0.00304579013027, -0.0024094521068, 0.00155128305778, -0.000223131501116, 0.00376868294552, -0.00135140994098, 0.00242433440872, -0.00113480549771], [0.000529810844455, -0.00137154466938, 0.00232512294315, 6.501047028e-05, 0.000977138406597, -0.00166641036049, 0.00146075128578, -0.00123462849297, 0.000175430090167, -0.00258727488108, 0.00110109848902, -0.00097821035888, 0.00213437993079], [9.19497251743e-05, -0.000263774214545, 6.501047028e-05, 0.00200537638739, -0.000532064412255, -0.00183222850319, 0.00133552064653, -0.000563207198866, -0.000198742563953, 0.00110865721945, -0.000932483002543, 0.000634496158455, -0.000240307519562], [0.000385727675166, -0.000604030850809, 0.000977138406597, -0.000532064412255, 0.00416010711342, -0.00076330290176, -0.00118319364265, -0.00241867778823, 0.00376882054843, -0.00357589288615, 0.0012695544865, 0.00167896051425, -0.00172310031485], [-0.000803671660833, 0.00304579013027, -0.00166641036049, -0.00183222850319, -0.00076330290176, 0.00781396683306, -0.00619595684111, 0.00373290549032, 0.000112183755846, 0.00105324480683, 7.53160929889e-05, 0.000491146289278, -0.00144959031604], [0.000679744931404, -0.0024094521068, 0.00146075128578, 0.00133552064653, -0.00118319364265, -0.00619595684111, 0.0137963583693, -0.00723256729543, -0.00168470712379, 0.00200840947218, -0.00170793023426, -0.000285115092993, 0.00255752191879], [-0.000615891243797, 0.00155128305778, -0.00123462849297, -0.000563207198866, -0.00241867778823, 0.00373290549032, -0.00723256729543, 0.0148038221523, -0.00178190600127, 0.00286907749251, 0.00389535655268, -2.26513420785e-05, -0.00234995526262], [0.000305420689983, -0.000223131501116, 0.000175430090167, -0.000198742563953, 0.00376882054843, 0.000112183755846, -0.00168470712379, -0.00178190600127, 0.0113780256361, -0.00341688212939, -0.00217482051812, 0.00612727086991, 0.000282686320134], [-0.000807076110505, 0.00376868294552, -0.00258727488108, 0.00110865721945, -0.00357589288615, 0.00105324480683, 0.00200840947218, 0.00286907749251, -0.00341688212939, 0.0210253167897, -0.00626999000087, -0.000230080680922, 0.0041951215826], [0.000257914769463, -0.00135140994098, 0.00110109848902, -0.000932483002543, 0.0012695544865, 7.53160929889e-05, -0.00170793023426, 0.00389535655268, -0.00217482051812, -0.00626999000087, 0.0160998571664, -0.00556544261053, -0.00459684338421], [-0.000356547534466, 0.00242433440872, -0.00097821035888, 0.000634496158455, 0.00167896051425, 0.000491146289278, -0.000285115092993, -2.26513420785e-05, 0.00612727086991, -0.000230080680922, -0.00556544261053, 0.0260142851621, -0.00745082879439], [0.000580350344535, -0.00113480549771, 0.00213437993079, -0.000240307519562, -0.00172310031485, -0.00144959031604, 0.00255752191879, -0.00234995526262, 0.000282686320134, 0.0041951215826, -0.00459684338421, -0.00745082879439, 0.0202243477106]]}, "melbands": {"dmean": [1.74540909939e-05, 3.54308031092e-05, 2.47557036346e-05, 1.59669889399e-05, 1.62471951626e-05, 4.16861148551e-05, 0.000247032468906, 0.000294733268674, 8.92581883818e-05, 5.16653199156e-05, 4.78037291032e-05, 0.000145597732626, 3.60900921805e-05, 3.28483911289e-05, 2.88677219942e-05, 3.80605160899e-05, 3.4586350921e-06, 2.80156359622e-06, 2.5609729164e-06, 2.4275755095e-06, 6.11915720583e-06, 3.32463014274e-06, 2.41931547862e-06, 9.58764076131e-07, 1.12178827294e-06, 9.74113163466e-07, 9.13802239211e-07, 2.3401271676e-07, 2.9023129855e-07, 1.12347287029e-07, 1.01636196348e-07, 9.82496999313e-08, 5.14443669886e-08, 4.30785540573e-08, 3.2152929208e-08, 2.82515468797e-08, 1.78945285256e-08, 8.34984437148e-09, 4.04674249666e-09, 4.56558790773e-09], "dmean2": [2.56667190115e-05, 5.84001500101e-05, 3.37369201588e-05, 2.31656413234e-05, 2.3510065148e-05, 5.31628029421e-05, 0.000313053897116, 0.000380753772333, 0.000115099202958, 6.43958919682e-05, 6.27776244073e-05, 0.000165902703884, 4.68889265903e-05, 4.67364770884e-05, 3.52478964487e-05, 4.4990076276e-05, 4.84765541842e-06, 4.18223135057e-06, 4.19821253672e-06, 3.70054135601e-06, 9.49752757151e-06, 5.47890249436e-06, 3.87205636798e-06, 1.65161179666e-06, 1.90521927834e-06, 1.68345604834e-06, 1.54387362272e-06, 3.98478675834e-07, 4.97615189943e-07, 1.91009846162e-07, 1.71179223685e-07, 1.66413201441e-07, 8.47820373906e-08, 7.33293319399e-08, 5.1257991629e-08, 4.68758436512e-08, 2.96173983116e-08, 1.33813244929e-08, 6.51180043221e-09, 7.22761228644e-09], "dvar": [6.43674802348e-09, 8.93552343229e-09, 4.38591651886e-09, 4.33280522572e-09, 1.0555287755e-09, 7.88812748453e-09, 2.57724053654e-07, 4.34973486563e-07, 2.63325233618e-07, 4.13830356649e-08, 3.68931836192e-08, 1.7960989851e-07, 1.58318549381e-08, 3.05048395433e-08, 1.25835226683e-08, 2.85046297677e-08, 1.53896492772e-10, 2.02668201665e-10, 8.20491036224e-11, 6.97065252742e-11, 5.46886758102e-10, 1.91004864702e-10, 8.53144430102e-11, 1.10455160643e-11, 1.70693927742e-11, 1.82788437164e-11, 1.35386138064e-11, 8.80167737739e-13, 2.58247351455e-12, 2.79636475651e-13, 1.15687922566e-13, 1.13938277758e-13, 3.46925450607e-14, 3.7762565156e-14, 3.20495684842e-14, 1.39460645926e-14, 3.40038602642e-15, 5.49210498467e-16, 2.16068297791e-16, 1.68115372426e-15], "dvar2": [1.3502206464e-08, 2.14462669845e-08, 7.30206028976e-09, 1.24311796412e-08, 2.11720729837e-09, 1.41309390855e-08, 4.40435769633e-07, 8.78688751982e-07, 4.56883782363e-07, 8.10197064993e-08, 9.33563200078e-08, 2.65273740752e-07, 2.53951366602e-08, 6.76314115822e-08, 1.96504981176e-08, 4.71755683407e-08, 3.06826702934e-10, 4.12773537573e-10, 2.16843404344e-10, 1.62696439654e-10, 1.36885558444e-09, 5.19246201591e-10, 2.05263153696e-10, 3.29956686973e-11, 4.96437717323e-11, 5.40010362815e-11, 3.84809302478e-11, 2.46158063551e-12, 7.30568557039e-12, 8.29729297422e-13, 3.28196996489e-13, 3.29644379285e-13, 8.97015480558e-14, 1.09192975571e-13, 7.60254015232e-14, 3.22412588164e-14, 7.51103670769e-15, 1.27238727062e-15, 4.93062484338e-16, 4.24980061857e-15], "max": [0.0028465311043, 0.00320644071326, 0.00310251233168, 0.00213327165693, 0.000839414773509, 0.00393450120464, 0.00845686998218, 0.0117996232584, 0.0238600708544, 0.0102206449956, 0.00654834276065, 0.0109891742468, 0.00412000343204, 0.00472524762154, 0.00383363058791, 0.005049246829, 0.000332778261509, 0.000465384335257, 0.000234317310969, 0.000189890852198, 0.000524582050275, 0.000346873886883, 0.000198861132958, 5.65237023693e-05, 0.000117536612379, 0.000102799524029, 7.53439744585e-05, 1.94126369024e-05, 4.79333466501e-05, 1.42428925756e-05, 9.85993119684e-06, 1.26206059576e-05, 6.71617681292e-06, 6.56622250972e-06, 7.94556399342e-06, 4.84832435177e-06, 1.98451857614e-06, 9.36426602038e-07, 4.9023634574e-07, 2.06942240766e-06], "mean": [6.22845473117e-05, 9.56677613431e-05, 8.10174678918e-05, 4.53612665297e-05, 5.35585350008e-05, 0.000190902748727, 0.000708257022779, 0.000796867709141, 0.00024746186682, 0.00014650131925, 0.000141571974382, 0.000554464582819, 0.000106524887087, 6.96528004482e-05, 0.000122430632473, 0.000132191737066, 7.44986027712e-06, 5.13965414939e-06, 4.82318091599e-06, 5.23960488863e-06, 1.16520695883e-05, 5.75379954171e-06, 4.08552205045e-06, 2.08632923204e-06, 2.4368407594e-06, 1.87942089269e-06, 1.53527582825e-06, 5.00510225265e-07, 5.58977319542e-07, 2.23040387937e-07, 2.12445414149e-07, 1.99915930921e-07, 1.19974302493e-07, 1.02077436281e-07, 7.60780807241e-08, 6.93516852834e-08, 4.72895607118e-08, 2.3996872045e-08, 1.20293810468e-08, 1.07641850988e-08], "median": [8.4329207084e-07, 1.16345599963e-05, 1.28475476231e-05, 1.002254794e-05, 2.6650581276e-05, 4.30520885857e-05, 0.000328232417814, 0.000239420638536, 8.71668817126e-05, 4.07388943131e-05, 2.46178642556e-05, 3.19256578223e-05, 1.0508347259e-05, 2.07724633583e-06, 1.27991893351e-06, 8.61119929141e-07, 4.2386699306e-07, 3.09712106628e-07, 2.16455134705e-07, 1.41285283917e-07, 1.11426814442e-07, 1.26737575101e-07, 1.14464334899e-07, 6.4237042352e-08, 5.08058803916e-08, 5.40332365517e-08, 2.99697120454e-08, 1.88300681714e-08, 1.26122969846e-08, 9.92427562352e-09, 1.53063837161e-08, 2.88375261448e-08, 1.88217867958e-08, 1.92742533045e-08, 1.08270725718e-08, 1.74212715365e-08, 1.89975501996e-08, 5.91600679556e-09, 1.60936175497e-09, 1.46918766042e-09], "min": [1.03640003386e-24, 2.03224453137e-24, 5.15813367565e-25, 1.08327040176e-24, 9.97198084214e-25, 1.79478990472e-24, 2.37653675978e-24, 1.97954665075e-24, 1.94767016207e-24, 1.2903828742e-24, 2.62571997315e-24, 2.02542226505e-24, 3.33357472417e-24, 2.64974157658e-24, 2.14724191312e-24, 3.82763081493e-24, 3.61419029753e-24, 3.22213549953e-24, 3.10256686605e-24, 3.44555155751e-24, 2.94711137227e-24, 3.30727508767e-24, 4.40570177539e-24, 3.95391679624e-24, 4.04449972183e-24, 3.36524196749e-24, 3.93863064404e-24, 4.40790940263e-24, 4.62269847775e-24, 3.91111202023e-24, 4.29292109278e-24, 4.83717279737e-24, 5.83358458448e-24, 4.7386917964e-24, 5.66460702871e-24, 6.30088133005e-24, 4.42764749134e-24, 4.72311652668e-24, 5.97953568486e-24, 5.81570505206e-24], "var": [7.10961245431e-08, 9.7821796885e-08, 6.07295405075e-08, 2.16866098413e-08, 7.19540826921e-09, 1.59165807645e-07, 1.13123485335e-06, 2.22271319217e-06, 5.69807355078e-07, 1.36996447964e-07, 9.47395832895e-08, 1.88303590676e-06, 1.33234294708e-07, 7.11044094714e-08, 1.84599926456e-07, 2.40184760969e-07, 5.61001634036e-10, 5.00303742879e-10, 2.38295244648e-10, 2.70394512336e-10, 1.46371437193e-09, 3.78949982505e-10, 1.80389855831e-10, 3.54309047379e-11, 5.35675809266e-11, 4.24810776833e-11, 2.76547534872e-11, 2.4926191753e-12, 5.24851950096e-12, 6.38953787883e-13, 4.03060072297e-13, 3.16991143621e-13, 1.40657152809e-13, 1.24073575849e-13, 8.53821543632e-14, 4.20559718778e-14, 1.20989567852e-14, 2.88903287144e-15, 1.00647144122e-15, 2.39271455127e-15]}, "mfcc": {"mean": [-825.416381836, 155.954727173, 6.12426948547, -11.5798826218, -33.2301330566, -24.6576290131, -19.8465843201, 5.44659566879, -6.52134180069, 1.1442258358, -0.0286513827741, 1.72026348114, 0.542809069157], "cov": [[17921.0214844, 3685.07836914, -2618.20898438, -490.114929199, -651.373779297, 377.112823486, 243.057144165, 485.341308594, -261.074035645, -136.994659424, -63.0917053223, 362.929534912, 299.269470215], [3685.07836914, 2945.99121094, 278.048187256, -269.953186035, -480.386169434, -669.561584473, -376.369171143, 38.1290054321, -18.4081535339, 105.028015137, 43.3521881104, -45.1633300781, -78.606880188], [-2618.20898438, 278.048187256, 1518.20849609, 73.8638381958, -244.644332886, -198.680267334, -447.80255127, -81.549446106, -57.7817764282, 126.234046936, 75.6457977295, -4.22029590607, -107.197288513], [-490.114929199, -269.953186035, 73.8638381958, 384.331237793, 228.47833252, 67.6655349731, 164.279067993, 58.71717453, 79.8207244873, -3.69726586342, -16.1349334717, -11.6147537231, 0.80151194334], [-651.373779297, -480.386169434, -244.644332886, 228.47833252, 366.613861084, 135.59677124, 280.818115234, 36.7461204529, 94.729385376, -27.4332065582, -33.1004943848, -23.4818954468, 5.60216808319], [377.112823486, -669.561584473, -198.680267334, 67.6655349731, 135.59677124, 467.598724365, 201.023162842, 57.5064888, -22.2770652771, -24.5874385834, -14.1287336349, 64.1700515747, 70.5757293701], [243.057144165, -376.369171143, -447.80255127, 164.279067993, 280.818115234, 201.023162842, 463.192840576, 140.096252441, 139.608535767, -28.5916652679, -46.6223144531, -20.9544944763, 35.7348022461], [485.341308594, 38.1290054321, -81.549446106, 58.71717453, 36.7461204529, 57.5064888, 140.096252441, 185.560546875, 107.05683136, 33.3744163513, 3.32781004906, -20.6961574554, 2.73004364967], [-261.074035645, -18.4081535339, -57.7817764282, 79.8207244873, 94.729385376, -22.2770652771, 139.608535767, 107.05683136, 178.574249268, 49.337387085, 3.63213777542, -53.2626228333, -28.525642395], [-136.994659424, 105.028015137, 126.234046936, -3.69726586342, -27.4332065582, -24.5874385834, -28.5916652679, 33.3744163513, 49.337387085, 112.405723572, 46.5749473572, -20.3771018982, -18.1798229218], [-63.0917053223, 43.3521881104, 75.6457977295, -16.1349334717, -33.1004943848, -14.1287336349, -46.6223144531, 3.32781004906, 3.63213777542, 46.5749473572, 81.5807952881, 21.2427215576, -9.48297119141], [362.929534912, -45.1633300781, -4.22029590607, -11.6147537231, -23.4818954468, 64.1700515747, -20.9544944763, -20.6961574554, -53.2626228333, -20.3771018982, 21.2427215576, 119.900222778, 33.012336731], [299.269470215, -78.606880188, -107.197288513, 0.80151194334, 5.60216808319, 70.5757293701, 35.7348022461, 2.73004364967, -28.525642395, -18.1798229218, -9.48297119141, 33.012336731, 80.838104248]], "icov": [[0.000449773389846, -0.000769241538364, 0.00105799455196, -0.00071073876461, 0.000967418891378, -0.00112934294157, 0.000338890211424, -0.000917561235838, 0.000710184220225, -0.000172031999682, 0.000410388369346, -0.000890359748155, 0.000420687283622], [-0.000769241538364, 0.0019639742095, -0.00172119576018, 0.00119451712817, -0.00108638836537, 0.00288060400635, -0.000703383760992, 0.000955982017331, -0.000730172672775, -0.000277139479294, -0.000397055817302, 0.00127040303778, -0.000583053741138], [0.00105799455196, -0.00172119576018, 0.00380908604711, -0.00280949892476, 0.003007653635, -0.00272980704904, 0.00196173135191, -0.00210800697096, 0.00172382046003, -0.00154616613872, 0.00125861517154, -0.0022883976344, 0.00221007992513], [-0.00071073876461, 0.00119451712817, -0.00280949892476, 0.00651572737843, -0.00539568671957, 0.00216441275552, -0.000771881372202, -4.95328504257e-06, -0.0012657152256, 0.00100969080813, -0.000543546047993, 0.00100162706804, -0.00186414760537], [0.000967418891378, -0.00108638836537, 0.003007653635, -0.00539568671957, 0.011496164836, -0.00277391052805, -0.0029377581086, 0.00153328361921, -0.000250507262535, -0.000393242196878, 0.000817120540887, -0.00134555983823, 0.00274444697425], [-0.00112934294157, 0.00288060400635, -0.00272980704904, 0.00216441275552, -0.00277391052805, 0.00784552562982, -0.00253932760097, 6.27128392807e-05, 0.00133913278114, -0.00124449352734, -0.000413860165281, 0.000522422196809, -0.00226549408399], [0.000338890211424, -0.000703383760992, 0.00196173135191, -0.000771881372202, -0.0029377581086, -0.00253932760097, 0.00856410060078, -0.00351578043774, -0.00257387617603, 0.000950842397287, 0.00173208932392, -0.000695989525411, -0.000783029012382], [-0.000917561235838, 0.000955982017331, -0.00210800697096, -4.95328504257e-06, 0.00153328361921, 6.27128392807e-05, -0.00351578043774, 0.0137679968029, -0.00773786799982, 3.93735172111e-05, -0.00165418349206, 0.00234312121756, -0.0014132122742], [0.000710184220225, -0.000730172672775, 0.00172382046003, -0.0012657152256, -0.000250507262535, 0.00133913278114, -0.00257387617603, -0.00773786799982, 0.0168871153146, -0.00567952916026, 0.000938655808568, 0.00026065131533, 0.0038920333609], [-0.000172031999682, -0.000277139479294, -0.00154616613872, 0.00100969080813, -0.000393242196878, -0.00124449352734, 0.000950842397287, 3.93735172111e-05, -0.00567952916026, 0.0171270202845, -0.008853726089, 0.00364024098963, -0.00167848286219], [0.000410388369346, -0.000397055817302, 0.00125861517154, -0.000543546047993, 0.000817120540887, -0.000413860165281, 0.00173208932392, -0.00165418349206, 0.000938655808568, -0.008853726089, 0.0197876635939, -0.00631154049188, 0.00260273134336], [-0.000890359748155, 0.00127040303778, -0.0022883976344, 0.00100162706804, -0.00134555983823, 0.000522422196809, -0.000695989525411, 0.00234312121756, 0.00026065131533, 0.00364024098963, -0.00631154049188, 0.0143126808107, -0.00432202080265], [0.000420687283622, -0.000583053741138, 0.00221007992513, -0.00186414760537, 0.00274444697425, -0.00226549408399, -0.000783029012382, -0.0014132122742, 0.0038920333609, -0.00167848286219, 0.00260273134336, -0.00432202080265, 0.018443049863]]}, "spectral_contrast_coeffs": {"dmean": [0.0350119248033, 0.0333556197584, 0.0280702728778, 0.0227716527879, 0.0166709348559, 0.0131350709125], "dmean2": [0.0579765364528, 0.0508422516286, 0.0420111306012, 0.0368678793311, 0.0276534296572, 0.0226101502776], "dvar": [0.000810154131614, 0.000974547700025, 0.000641554303002, 0.000416345603298, 0.000270537711913, 0.000193991843844], "dvar2": [0.00227840105072, 0.00218698964454, 0.00152341055218, 0.00105661817361, 0.00072087184526, 0.000591602642089], "max": [-0.439275503159, -0.279566645622, -0.349013924599, -0.438075065613, -0.605135083199, -0.676219820976], "mean": [-0.653675615788, -0.652340710163, -0.632753968239, -0.729890525341, -0.763919055462, -0.788688838482], "median": [-0.634891271591, -0.640692412853, -0.618583083153, -0.725791931152, -0.758895874023, -0.777148008347], "min": [-0.980428159237, -0.980286598206, -0.975742936134, -0.971431553364, -0.9677926898, -0.964823484421], "var": [0.00841443333775, 0.0151491351426, 0.0142721440643, 0.00781263504177, 0.00438049202785, 0.00312151783146]}, "spectral_contrast_valleys": {"dmean": [0.382608175278, 0.261635541916, 0.266432464123, 0.222015857697, 0.170972570777, 0.162983700633], "dmean2": [0.638280451298, 0.421915620565, 