{"lowlevel": {"average_loudness": 0.817512214184, "barkbands_crest": {"dmean": 2.02230501175, "dmean2": 3.36930060387, "dvar": 5.11721229553, "dvar2": 13.1275901794, "max": 26.7378444672, "mean": 15.509147644, "median": 15.3167123795, "min": 3.75406575203, "var": 24.0762710571}, "barkbands_flatness_db": {"dmean": 0.0639683753252, "dmean2": 0.0907063931227, "dvar": 0.00375190703198, "dvar2": 0.00742248771712, "max": 0.813262164593, "mean": 0.466790497303, "median": 0.482230812311, "min": 0.0495608635247, "var": 0.0138520337641}, "barkbands_kurtosis": {"dmean": 18.3536529541, "dmean2": 30.8548259735, "dvar": 1592.32727051, "dvar2": 3950.48413086, "max": 770.462585449, "mean": 20.8809547424, "median": 8.08649349213, "min": -1.84642088413, "var": 1676.52734375}, "barkbands_skewness": {"dmean": 1.36387467384, "dmean2": 2.20495200157, "dvar": 3.60065317154, "dvar2": 8.48135280609, "max": 17.078453064, "mean": 1.73828887939, "median": 1.25095915794, "min": -5.22374343872, "var": 5.25809431076}, "barkbands_spread": {"dmean": 1.79825079441, "dmean2": 3.02883648872, "dvar": 21.8266372681, "dvar2": 56.5922889709, "max": 89.551574707, "mean": 2.97956490517, "median": 1.30752813816, "min": 0.0772267729044, "var": 31.2837944031}, "dissonance": {"dmean": 0.0708752125502, "dmean2": 0.11998603493, "dvar": 0.00404269061983, "dvar2": 0.011151698418, "max": 0.500000059605, "mean": 0.253461927176, "median": 0.242855831981, "min": 0.0322751738131, "var": 0.00931886583567}, "dynamic_complexity": 3.51696825027, "erbbands_crest": {"dmean": 2.68307423592, "dmean2": 4.43758773804, "dvar": 11.7037620544, "dvar2": 26.5125904083, "max": 33.5995330811, "mean": 17.3389034271, "median": 16.4223060608, "min": 2.59313702583, "var": 38.3744621277}, "erbbands_flatness_db": {"dmean": 0.0566315837204, "dmean2": 0.0809125900269, "dvar": 0.00319696497172, "dvar2": 0.00613284530118, "max": 0.62260222435, "mean": 0.39602163434, "median": 0.412070631981, "min": 0.0876306518912, "var": 0.00933595839888}, "erbbands_kurtosis": {"dmean": 9.47162914276, "dmean2": 15.9985952377, "dvar": 395.494720459, "dvar2": 980.45715332, "max": 387.321289062, "mean": 12.3675336838, "median": 5.80740070343, "min": -1.9617549181, "var": 530.579772949}, "erbbands_skewness": {"dmean": 1.00194478035, "dmean2": 1.63357830048, "dvar": 1.6824618578, "dvar2": 4.0494685173, "max": 15.0017719269, "mean": 1.8065726757, "median": 1.5837777853, "min": -5.83610868454, "var": 2.93862223625}, "erbbands_spread": {"dmean": 6.07694149017, "dmean2": 10.4217424393, "dvar": 197.195556641, "dvar2": 518.403259277, "max": 201.868255615, "mean": 8.98256969452, "median": 5.0367641449, "min": 0.373665601015, "var": 169.897521973}, "hfc": {"dmean": 2.40438485146, "dmean2": 3.89676094055, "dvar": 15.3500089645, "dvar2": 36.8438224792, "max": 55.238494873, "mean": 7.0702881813, "median": 5.87579250336, "min": 1.20376219648e-16, "var": 34.5488433838}, "melbands_crest": {"dmean": 2.37563943863, "dmean2": 3.96509194374, "dvar": 7.33540153503, "dvar2": 18.4815254211, "max": 33.0757789612, "mean": 19.9848308563, "median": 19.7401027679, "min": 1.65849936008, "var": 39.458026886}, "melbands_flatness_db": {"dmean": 0.073697000742, "dmean2": 0.103614315391, "dvar": 0.00499623687938, "dvar2": 0.00966795999557, "max": 0.999506652355, "mean": 0.594109117985, "median": 0.614825129509, "min": 0.0036915326491, "var": 0.0209840945899}, "melbands_kurtosis": {"dmean": 20.5656166077, "dmean2": 35.9458198547, "dvar": 3515.0378418, "dvar2": 9559.07617188, "max": 890.87713623, "mean": 20.9193153381, "median": 8.10382843018, "min": -1.9518237114, "var": 2592.60644531}, "melbands_skewness": {"dmean": 1.08026027679, "dmean2": 1.79095983505, "dvar": 3.2492825985, "dvar2": 8.3715877533, "max": 20.8294906616, "mean": 1.93499350548, "median": 1.60530161858, "min": -3.19987273216, "var": 4.08462095261}, "melbands_spread": {"dmean": 1.60610282421, "dmean2": 2.58865952492, "dvar": 16.8673686981, "dvar2": 34.6690864563, "max": 150.297988892, "mean": 5.05513620377, "median": 1.70710003376, "min": 0.206165969372, "var": 281.447143555}, "pitch_salience": {"dmean": 0.0627544373274, "dmean2": 0.105756290257, "dvar": 0.00583266047761, "dvar2": 0.0144168538973, "max": 0.945272803307, "mean": 0.44866424799, "median": 0.463176071644, "min": 0.0670467168093, "var": 0.0223086848855}, "silence_rate_20dB": {"dmean": 0, "dmean2": 0, "dvar": 0, "dvar2": 0, "max": 1, "mean": 1, "median": 1, "min": 1, "var": 0}, "silence_rate_30dB": {"dmean": 0.0137261468917, "dmean2": 0.027456888929, "dvar": 0.0135374935344, "dvar2": 0.0364112518728, "max": 1, "mean": 0.98794978857, "median": 1, "min": 0, "var": 0.0119047844782}, "silence_rate_60dB": {"dmean": 0.0170739870518, "dmean2": 0.0341536924243, "dvar": 0.0167813841254, "dvar2": 0.0370031259954, "max": 1, "mean": 0.0873640179634, "median": 0, "min": 0, "var": 0.0797291398048}, "spectral_centroid": {"dmean": 41.7799263, "dmean2": 66.8314285278, "dvar": 17603.5976562, "dvar2": 26750.0117188, "max": 11038.7998047, "mean": 342.386108398, "median": 252.363357544, "min": 120.633979797, "var": 263418.84375}, "spectral_complexity": {"dmean": 0.979243397713, "dmean2": 1.61962163448, "dvar": 1.34711873531, "dvar2": 2.90026307106, "max": 14, "mean": 4.83799171448, "median": 5, "min": 0, "var": 3.85559391975}, "spectral_decrease": {"dmean": 2.34725150428e-09, "dmean2": 3.9409715491e-09, "dvar": 2.20022846468e-17, "dvar2": 5.83907125273e-17, "max": 7.6143415818e-29, "mean": -8.17066148073e-09, "median": -6.34167074409e-09, "min": -5.92283626588e-08, "var": 5.23943743878e-17}, "spectral_energy": {"dmean": 0.00905884429812, "dmean2": 0.0151970190927, "dvar": 0.000324452703353, "dvar2": 0.000860114756506, "max": 0.226270765066, "mean": 0.0314792580903, "median": 0.0246518608183, "min": 1.06310948692e-20, "var": 0.000771949533373}, "spectral_energyband_high": {"dmean": 4.14665119024e-05, "dmean2": 7.7632117609e-05, "dvar": 9.82876890987e-09, "dvar2": 2.7293665994e-08, "max": 0.000985631602816, "mean": 2.4256280085e-05, "median": 1.47610336398e-07, "min": 7.72300248526e-21, "var": 5.87767789995e-09}, "spectral_energyband_low": {"dmean": 0.00467408634722, "dmean2": 0.00804870948195, "dvar": 0.000133500332595, "dvar2": 0.00035263094469, "max": 0.195510178804, "mean": 0.0122248819098, "median": 0.00412621535361, "min": 8.76045560031e-23, "var": 0.000379813165637}, "spectral_energyband_middle_high": {"dmean": 0.000312406016747, "dmean2": 0.000502512906678, "dvar": 1.00480679066e-06, "dvar2": 2.01260741051e-06, "max": 0.0161514878273, "mean": 0.000320429797284, "median": 2.87478160317e-05, "min": 1.38423758067e-21, "var": 1.1662984889e-06}, "spectral_energyband_middle_low": {"dmean": 0.00648582680151, "dmean2": 0.0108011895791, "dvar": 0.000141862008604, "dvar2": 0.000379084784072, "max": 0.151986300945, "mean": 0.0234331246465, "median": 0.016784472391, "min": 3.05042338899e-22, "var": 0.000499440531712}, "spectral_entropy": {"dmean": 0.481627374887, "dmean2": 0.73650598526, "dvar": 0.313244968653, "dvar2": 0.683107435703, "max": 9.80904960632, "mean": 4.7407245636, "median": 4.54145622253, "min": 3.03375959396, "var": 0.902059137821}, "spectral_flux": {"dmean": 0.0273063592613, "dmean2": 0.043844062835, "dvar": 0.00162690656725, "dvar2": 0.00373004074208, "max": 0.459737449884, "mean": 0.0490358397365, "median": 0.0339229889214, "min": 1.03107203331e-10, "var": 0.00240381457843}, "spectral_kurtosis": {"dmean": 99.3930587769, "dmean2": 149.400466919, "dvar": 14153.4111328, "dvar2": 31719.28125, "max": 2023.26074219, "mean": 172.379776001, "median": 144.342544556, "min": -1.23820960522, "var": 28555.6601562}, "spectral_rms": {"dmean": 0.000700208940543, "dmean2": 0.00114973413292, "dvar": 1.29250327063e-06, "dvar2": 3.21741913467e-06, "max": 0.014857724309, "mean": 0.00497637549415, "median": 0.00490414071828, "min": 3.2205277941e-12, "var": 5.9471926761e-06}, "spectral_rolloff": {"dmean": 90.1762619019, "dmean2": 166.360916138, "dvar": 259616.65625, "dvar2": 629460.0625, "max": 19013.8183594, "mean": 635.428894043, "median": 279.931640625, "min": 129.19921875, "var": 4732428.5}, "spectral_skewness": {"dmean": 3.53736901283, "dmean2": 5.07514667511, "dvar": 10.3980312347, "dvar2": 18.0438156128, "max": 38.2849082947, "mean": 10.282377243, "median": 10.6507902145, "min": 0.00235252897255, "var": 29.819890976}, "spectral_spread": {"dmean": 1639670.375, "dmean2": 2597676.5, "dvar": 4841494020100.0, "dvar2": 10502665142300.0, "max": 41662380, "mean": 2146578.5, "median": 1077209.25, "min": 62270.6953125, "var": 6766169948160.0}, "spectral_strongpeak": {"dmean": 0.272799283266, "dmean2": 0.472668647766, "dvar": 0.238189414144, "dvar2": 0.595130980015, "max": 4.94377326965, "mean": 0.957525253296, "median": 0.823772490025, "min": 0, "var": 0.471019029617}, "zerocrossingrate": {"dmean": 0.00426833331585, "dmean2": 0.00608009472489, "dvar": 0.000138392992085, "dvar2": 0.000151584943524, "max": 0.8505859375, "mean": 0.0304244570434, "median": 0.01220703125, "min": 0.0048828125, "var": 0.0126800090075}, "barkbands": {"dmean": [6.99819283909e-05, 0.00109529262409, 0.00220469967462, 0.0036572960671, 0.00235301442444, 0.00065877585439, 0.000414334645029, 0.000421371223638, 0.000377071788535, 0.000186780423974, 7.16083814041e-05, 9.81501289061e-05, 2.35259030887e-05, 6.93519450579e-06, 3.88796888728e-06, 7.57512054861e-07, 2.53120418847e-07, 1.79036689474e-07, 2.85831134761e-07, 5.21309743817e-07, 6.10573408721e-07, 1.19657875075e-06, 1.23097549931e-06, 2.06707372854e-05, 1.66289319168e-05, 9.93512003333e-07, 3.11819126075e-09], "dmean2": [0.000116718190839, 0.00198750197887, 0.00369692989625, 0.00643470603973, 0.00382465799339, 0.00103425933048, 0.000564940855838, 0.000670133216772, 0.000609537179116, 0.000301456399029, 0.000119695949252, 0.000154178502271, 3.90798450098e-05, 1.24629068523e-05, 5.86716714679e-06, 1.18621335332e-06, 4.0654791178e-07, 2.99155715311e-07, 5.23289998e-07, 9.247967796e-07, 1.12022780741e-06, 2.26954989557e-06, 2.32371803577e-06, 3.93059344788e-05, 3.08181915898e-05, 1.88167200577e-06, 5.61063995264e-09], "dvar": [3.06370893099e-08, 1.52881275426e-05, 4.69612314191e-05, 6.28184134257e-05, 4.3845782784e-05, 2.77609683508e-06, 5.0445864872e-06, 2.29424836107e-06, 1.53184510054e-06, 6.46287787731e-07, 2.1667253236e-07, 3.51169092028e-07, 1.11366482258e-07, 1.63344218151e-08, 6.39353414655e-09, 1.36048769472e-10, 1.98717561503e-12, 1.41977391215e-12, 7.29785589598e-13, 4.01852422866e-12, 4.08920900613e-12, 1.4147790578e-11, 1.55211867664e-11, 2.38174791001e-09, 1.66021241199e-09, 1.31615716589e-11, 1.27789028486e-16], "dvar2": [8.04974575885e-08, 4.27402010246e-05, 0.000121797856991, 0.000180323055247, 0.000111175468192, 6.72696887705e-06, 7.78791763878e-06, 4.73856744065e-06, 3.10763221023e-06, 1.38621203405e-06, 4.37503047124e-07, 7.43119585422e-07, 2.23757808726e-07, 3.22683852971e-08, 1.34837012666e-08, 2.6390492569e-10, 4.10582245286e-12, 2.89004388997e-12, 1.91153690099e-12, 9.93133440069e-12, 1.08481166758e-11, 4.05354777522e-11, 4.44635578356e-11, 6.64488375435e-09, 4.56257609471e-09, 3.79240874815e-11, 3.4419747618e-16], "max": [0.00213879765943, 0.055024549365, 0.151524230838, 0.132578238845, 0.12586401403, 0.0452041625977, 0.0920673236251, 0.0387182757258, 0.020588060841, 0.0164109990001, 0.0119368974119, 0.0120784332976, 0.0123266000301, 0.00560403661802, 0.00502585899085, 0.000723820761777, 2.87330931315e-05, 3.73810471501e-05, 2.12874929275e-05, 7.16700451449e-05, 4.42792224931e-05, 4.92083381687e-05, 5.51769480808e-05, 0.000465095334221, 0.00046870240476, 4.96625252708e-05, 3.811693432e-07], "mean": [6.50810397929e-05, 0.00136697501875, 0.00632478483021, 0.00853827223182, 0.0101341698319, 0.0028410514351, 0.00091158610303, 0.000502455339301, 0.000390673114453, 0.00018799873942, 6.64411927573e-05, 9.2696507636e-05, 2.10539747059e-05, 6.66215146339e-06, 3.55842257704e-06, 8.35929427012e-07, 2.44731410248e-07, 1.49992345655e-07, 1.82915300684e-07, 3.46488434388e-07, 3.79534725425e-07, 6.85838813297e-07, 7.11893676453e-07, 1.16888577395e-05, 9.98065115709e-06, 5.64463675801e-07, 2.43459252758e-09], "median": [1.00753914012e-05, 0.000265024864348, 0.00160045712255, 0.00234159268439, 0.00492147449404, 0.00109372171573, 9.65708022704e-05, 5.28709169885e-05, 4.09048370784e-05, 9.43310260482e-06, 3.11895018967e-06, 2.1988385015e-06, 3.01132530467e-07, 1.52196491854e-07, 1.73768398781e-07, 6.17334592334e-08, 1.63021081079e-08, 7.19557213813e-09, 4.80468598241e-09, 4.97878183126e-09, 5.75088554555e-09, 6.64350308099e-09, 6.56245102704e-09, 6.1338823798e-08, 4.52114186089e-08, 3.38857630844e-09, 6.31102059501e-10], "min": [7.0207484605e-24, 1.12315925204e-23, 6.50425724448e-23, 1.72367937948e-23, 1.36242147457e-22, 3.26522434435e-23, 3.21325576564e-23, 3.93060075e-23, 3.58047304137e-23, 2.05639834788e-23, 6.84256245249e-23, 5.28532578204e-23, 8.62421553544e-23, 1.44131930334e-22, 7.71473401128e-23, 1.1807020008e-22, 1.93094658698e-22, 2.20435732015e-22, 3.36530031164e-22, 2.36294108129e-22, 3.6538451835e-22, 5.61228918972e-22, 6.77864667003e-22, 8.06894745142e-22, 1.18138405625e-21, 1.79463053904e-21, 2.53096628316e-21], "var": [2.63764370345e-08, 1.30364569486e-05, 0.00016216255608, 0.000193137806491, 0.000175314213266, 2.15951713471e-05, 1.55220623128e-05, 3.40735095961e-06, 1.75884372311e-06, 6.99407905813e-07, 2.50444060157e-07, 3.88111573102e-07, 1.16454330623e-07, 1.68906879594e-08, 6.44887920842e-09, 1.74074407666e-10, 2.29849017423e-12, 1.5584390332e-12, 5.30210532597e-13, 3.34094492523e-12, 2.80207519514e-12, 7.90609158002e-12, 8.71452909834e-12, 1.39017353185e-09, 1.02385133705e-09, 7.2693105875e-12, 9.33378691804e-17]}, "erbbands": {"dmean": [0.0236246865243, 0.293430119753, 1.92693686485, 7.98803806305, 9.838139534, 7.97223138809, 6.776242733, 5.34805297852, 5.69279384613, 4.91867733002, 10.8206996918, 10.864159584, 7.44263315201, 4.32940149307, 1.71409928799, 4.95879983902, 1.29113185406, 0.611577749252, 0.127276331186, 0.242480278015, 0.0365074686706, 0.0102077098563, 0.0106903845444, 0.00987117178738, 0.0185544863343, 0.0275813490152, 0.0203953757882, 0.0252480898052, 0.0337842181325, 0.0548719391227, 0.0410760976374, 0.352005183697, 0.331117391586, 0.0692076086998, 0.203314691782, 0.0175065807998, 0.000964349426795, 3.97398180212e-05, 6.76670424582e-06, 1.02460708149e-05], "dmean2": [0.0429328009486, 0.526772141457, 3.27294206619, 13.8795919418, 17.1262931824, 12.8330411911, 10.5668363571, 8.54686164856, 7.69063568115, 7.32016515732, 17.1265411377, 17.2745761871, 11.8544282913, 7.06777000427, 2.84174609184, 7.78022241592, 2.10808992386, 1.05002772808, 0.215594306588, 0.363063186407, 0.05577076599, 0.0161921884865, 0.0174863841385, 0.0181591808796, 0.0340481288731, 0.0484146364033, 0.0374267175794, 0.0460504889488, 0.0635076239705, 0.104435361922, 0.0773939713836, 0.671818435192, 0.627659201622, 0.128634631634, 0.376382678747, 0.0325852930546, 0.00181067222729, 7.37449518056e-05, 1.16099818115e-05, 1.72017043951e-05], "dvar": [0.00708381878212, 1.03234100342, 36.8369979858, 298.384674072, 553.700500488, 662.062866211, 510.755218506, 195.452026367, 875.150085449, 906.175109863, 1518.24267578, 1257.39465332, 937.613769531, 400.152069092, 66.822883606, 909.865356445, 209.877807617, 61.9791755676, 1.46408605576, 34.7057266235, 0.222287729383, 0.00181406154297, 0.00649291276932, 0.000941150356084, 0.00343399657868, 0.0131978895515, 0.00431053340435, 0.00603915052488, 0.00971926841885, 0.033050891012, 0.0141916237772, 0.776733756065, 0.607966244221, 0.0316307507455, 0.241289019585, 0.00223596650176, 9.99426993076e-06, 1.3297609236e-08, 1.47977657905e-10, 3.96580518425e-10], "dvar2": [0.0201871059835, 2.86448192596, 96.5428619385, 811.592895508, 1553.32128906, 1630.03149414, 1193.99694824, 477.395355225, 1221.76147461, 1885.09277344, 3112.92016602, 2580.54760742, 1989.86560059, 811.75213623, 137.108169556, 1958.16137695, 422.357116699, 121.829284668, 2.8823390007, 70.2878036499, 0.415741354227, 0.00372106069699, 0.0132102705538, 0.00250968942419, 0.00917357392609, 0.0316473245621, 0.0119352294132, 0.015742270276, 0.0274710189551, 0.0952388495207, 0.0403507761657, 2.18818330765, 1.69058549404, 0.0880701467395, 0.659400880337, 0.00626785866916, 2.85804562736e-05, 3.75641029393e-08, 3.95754151672e-10, 1.04856145988e-09], "max": [1.53747749329, 14.9528417587, 135.80456543, 368.089080811, 418.456970215, 528.762451172, 720.235534668, 436.172485352, 1355.6517334, 1799.07116699, 1044.52770996, 583.180175781, 646.434387207, 463.361022949, 273.719451904, 614.33770752, 527.940979004, 300.710968018, 50.6106185913, 371.725646973, 29.7611656189, 0.961908698082, 2.55309224129, 0.671218633652, 1.40409100056, 4.59711074829, 0.898976027966, 1.81676971912, 1.14104485512, 2.34328174591, 1.50973653793, 8.68538856506, 7.11164569855, 2.04090499878, 5.53833580017, 0.569248795509, 0.0422489792109, 0.001445648144, 0.000145009835251, 0.000245566188823], "mean": [0.024366773665, 0.461603373289, 5.5456738472, 20.4983768463, 31.6876335144, 32.9955635071, 30.5573425293, 21.6980781555, 15.6130809784, 9.38004398346, 12.4547624588, 11.6189060211, 7.73104190826, 4.54528856277, 1.71719205379, 4.62328338623, 1.21951889992, 0.59692299366, 0.131416469812, 0.219616547227, 0.0363402850926, 0.010319060646, 0.00935389008373, 0.00636644009501, 0.0117688765749, 0.0188085734844, 0.0126906363294, 0.015852054581, 0.019849749282, 0.0312078800052, 0.0236802157015, 0.197404980659, 0.188472926617, 0.0409307107329, 0.122564382851, 0.0103333443403, 0.000565039459616, 2.46027320827e-05, 1.61705884238e-05, 3.47780696757e-05], "median": [0.00582743017003, 0.10787589103, 1.60468006134, 7.02330160141, 15.4253292084, 12.3055362701, 10.2522706985, 6.98682689667, 2.69577407837, 1.331351161, 1.36900806427, 1.35869514942, 0.777577340603, 0.343739300966, 0.158784285188, 0.106757618487, 0.0297662895173, 0.015647251159, 0.012541057542, 0.00805697776377, 0.00324595277198, 0.00116594543215, 0.000485593423946, 0.000293013144983, 0.000264759757556, 0.000267424853519, 0.000242004636675, 0.000246780487942, 0.000228540884564, 0.000268669478828, 0.000218142959056, 0.00111001171172, 0.000956911535468, 0.000225653260713, 0.000540863256902, 6.01087740506e-05, 1.52647717186e-05, 1.83274687515e-06, 1.26823215396e-05, 2.74358717434e-05], "min": [4.67174686695e-22, 3.0526815759e-21, 4.80180187356e-20, 8.30335595732e-20, 2.86905139772e-19, 4.66235389182e-19, 3.67738030561e-19, 2.76699824814e-19, 3.69087446484e-19, 6.49918288825e-19, 8.70987580806e-19, 7.92399787445e-19, 9.17596830179e-19, 8.95957371764e-19, 3.26526713712e-18, 2.26867579921e-18, 3.67002005252e-18, 6.86441952464e-18, 4.9298136439e-18, 5.23001113668e-18, 6.47085319304e-18, 1.04505618087e-17, 1.23453099916e-17, 1.66525420116e-17, 1.36099177741e-17, 1.12440860965e-17, 1.88121583897e-17, 1.65869763675e-17, 1.60865999257e-17, 1.60321185018e-17, 1.77753768274e-17, 1.70165478032e-17, 1.40518249543e-17, 1.29078308585e-17, 9.02690952823e-18, 6.62268839833e-18, 3.65190272916e-18, 1.43248088253e-18, 3.28801475906e-19, 3.38003898995e-20], "var": [0.00485309679061, 1.08972275257, 125.70275116, 1081.58984375, 1876.08532715, 2643.78393555, 3356.20410156, 1702.41186523, 3050.58178711, 2568.88452148, 2121.96289062, 1426.15637207, 1020.35766602, 476.812225342, 72.6822052002, 982.391052246, 219.312149048, 65.049156189, 1.54128086567, 36.8535499573, 0.262153327465, 0.00211939192377, 0.00711961882189, 0.000637742690742, 0.00239152950235, 0.011634667404, 0.0026922437828, 0.0042945924215, 0.0056601120159, 0.0182398576289, 0.00807033106685, 0.443500250578, 0.358471125364, 0.0189482476562, 0.150676235557, 0.00132066372316, 5.62899322176e-06, 7.74899167055e-09, 2.08167511007e-10, 9.24005871816e-10]}, "gfcc": {"mean": [-253.056594849, 200.797698975, 4.25513839722, -21.3768596649, -69.3186187744, 11.1420040131, -43.3430671692, -11.9406747818, -24.3734436035, -18.2022705078, -12.1156301498, -21.5853118896, 5.52548456192], "cov": [[18772.4179688, 1419.76464844, 13.0535755157, 223.344802856, -1655.48181152, 969.16027832, -735.393066406, 394.155883789, -826.033508301, -36.7127532959, -252.987838745, -451.16986084, -101.614555359], [1419.76464844, 3516.38574219, 660.225952148, -986.333374023, 688.605773926, -621.042480469, 5.27725172043, -637.748046875, 337.281524658, -480.546966553, -35.9729728699, -222.737823486, 142.84236145], [13.0535755157, 660.225952148, 934.581298828, 109.262107849, 53.6097259521, -163.079116821, 73.1562347412, -87.2812271118, -19.5101718903, -191.560806274, -85.2593688965, -141.700424194, -43.0614814758], [223.344802856, -986.333374023, 109.262107849, 648.041259766, -128.248809814, 235.525009155, 67.9977111816, 227.769165039, -138.085449219, 98.3509597778, -40.6461181641, -16.1983661652, -116.392974854], [-1655.48181152, 688.605773926, 53.6097259521, -128.248809814, 834.756469727, -134.561355591, 114.817497253, -245.382278442, 168.157806396, -165.225189209, 14.5965547562, -37.4494819641, -57.9338111877], [969.16027832, -621.042480469, -163.079116821, 235.525009155, -134.561355591, 479.728942871, 44.7001800537, 213.176071167, -137.60760498, 84.4415206909, 2.36374759674, 1.40356695652, -68.6741714478], [-735.393066406, 5.27725172043, 73.1562347412, 67.9977111816, 114.817497253, 44.7001800537, 341.674835205, 93.2745666504, 32.9200210571, -54.8375816345, -32.9271850586, -12.3074960709, -81.367477417], [394.155883789, -637.748046875, -87.2812271118, 227.769165039, -245.382278442, 213.176071167, 93.2745666504, 358.54776001, -6.18191003799, 116.920471191, -14.8930168152, 33.2222747803, -38.4884147644], [-826.033508301, 337.281524658, -19.5101718903, -138.085449219, 168.157806396, -137.60760498, 32.9200210571, -6.18191003799, 262.792022705, 31.3487358093, 4.43907308578, 3.5602183342, 69.396522522], [-36.7127532959, -480.546966553, -191.560806274, 98.3509597778, -165.225189209, 84.4415206909, -54.8375816345, 116.920471191, 31.3487358093, 225.644836426, 65.8231277466, 57.3121299744, 21.1189575195], [-252.987838745, -35.9729728699, -85.2593688965, -40.6461181641, 14.5965547562, 2.36374759674, -32.9271850586, -14.8930168152, 4.43907308578, 65.8231277466, 123.669822693, 68.1675949097, 4.6384510994], [-451.16986084, -222.737823486, -141.700424194, -16.1983661652, -37.4494819641, 1.40356695652, -12.3074960709, 33.2222747803, 3.5602183342, 57.3121299744, 68.1675949097, 145.261993408, 52.6565704346], [-101.614555359, 142.84236145, -43.0614814758, -116.392974854, -57.9338111877, -68.6741714478, -81.367477417, -38.4884147644, 69.396522522, 21.1189575195, 4.6384510994, 52.6565704346, 161.854476929]], "icov": [[0.000277007813565, -0.000801750982646, 0.000459208065877, -0.000672029214911, 0.000539035361726, -0.000427482562372, 0.000709740270395, -0.000577597529627, 0.000822067086119, -0.000280554784695, 0.000599009159487, -3.26339136336e-06, 0.00041943139513], [-0.000801750982646, 0.00357790454291, -0.00197328766808, 0.00328684342094, -0.00173686747439, 0.00118149910122, -0.00219029351138, 0.00218240777031, -0.00320909544826, 0.00203907303512, -0.00276106153615, 0.00152803061064, -0.00183298042975], [0.000459208065877, -0.00197328766808, 0.00290699768811, -0.00275698676705, 0.00141482509207, -1.38296663863e-05, 0.000943309685681, -0.0010451694252, 0.00143698148895, 0.000745039433241, 0.000477239547763, 0.000864261353854, 0.000538648280781], [-0.000672029214911, 0.00328684342094, -0.00275698676705, 0.00645493716002, -0.00249754567631, 0.000737480644602, -0.00176522915717, 0.000226542470045, -0.000641019432805, -0.000891666917596, -0.000344090134604, 0.00092365645105, -0.000728329468984], [0.000539035361726, -0.00173686747439, 0.00141482509207, -0.00249754567631, 0.0043313135393, -0.00182553520426, 0.000932382419705, 0.00179007055704, -0.00214101653546, 0.00205151201226, 0.0001907008118, -0.00105756707489, 0.00311070401222], [-0.000427482562372, 0.00118149910122, -1.38296663863e-05, 0.000737480644602, -0.00182553520426, 0.00503174355254, -0.00138066138607, -0.00202079862356, 0.00201050145552, -0.000534396327566, -0.0015881464351, 0.00196046917699, -0.00186212430708], [0.000709740270395, -0.00219029351138, 0.000943309685681, -0.00176522915717, 0.000932382419705, -0.00138066138607, 0.00637167179957, -0.00303070270456, 0.000962189456914, 0.000540345907211, 0.00261909258552, -0.00171092210803, 0.00358906295151], [-0.000577597529627, 0.00218240777031, -0.0010451694252, 0.000226542470045, 0.00179007055704, -0.00202079862356, -0.00303070270456, 0.0100727248937, -0.00672672875226, 0.00106597365811, -2.24853629334e-05, -0.0024122884497, 0.00178164243698], [0.000822067086119, -0.00320909544826, 0.00143698148895, -0.000641019432805, -0.00214101653546, 0.00201050145552, 0.000962189456914, -0.00672672875226, 0.0141504574567, -0.00694145727903, 0.00329734804109, 0.00220964592882, -0.00373436673544], [-0.000280554784695, 0.00203907303512, 0.000745039433241, -0.000891666917596, 0.00205151201226, -0.000534396327566, 0.000540345907211, 0.00106597365811, -0.00694145727903, 0.0138758709654, -0.00782459415495, 0.00179643253796, -0.000580519728828], [0.000599009159487, -0.00276106153615, 0.000477239547763, -0.000344090134604, 0.0001907008118, -0.0015881464351, 0.00261909258552, -2.24853629334e-05, 0.00329734804109, -0.00782459415495, 0.0183710400015, -0.00925976224244, 0.00549128744751], [-3.26339136336e-06, 0.00152803061064, 0.000864261353854, 0.00092365645105, -0.00105756707489, 0.00196046917699, -0.00171092210803, -0.0024122884497, 0.00220964592882, 0.00179643253796, -0.00925976224244, 0.0166809149086, -0.00778019195423], [0.00041943139513, -0.00183298042975, 0.000538648280781, -0.000728329468984, 0.00311070401222, -0.00186212430708, 0.00358906295151, 0.00178164243698, -0.00373436673544, -0.000580519728828, 0.00549128744751, -0.00778019195423, 0.0142809152603]]}, "melbands": {"dmean": [0.000255341117736, 0.000795108499005, 0.00144678726792, 0.00059448851971, 0.000259018153884, 0.000116815259389, 8.86541747604e-05, 5.4414904298e-05, 8.15353196231e-05, 6.93592301104e-05, 3.47911882272e-05, 1.68655733432e-05, 6.83253165334e-06, 1.12601555884e-05, 5.66710014027e-06, 3.04099739878e-06, 8.88860256509e-07, 1.89547449736e-07, 2.60155246679e-07, 2.15246998891e-07, 2.44678428629e-08, 1.25430235087e-08, 8.21957613084e-09, 7.62192264858e-09, 7.65150343085e-09, 1.26429497982e-08, 1.36430529096e-08, 2.04590921982e-08, 1.06800728261e-08, 1.57644137744e-08, 1.36098456949e-08, 1.23267058783e-08, 3.63145424842e-08, 2.81875998098e-08, 1.83580155522e-08, 2.45074396332e-08, 3.26569079334e-07, 3.33391255936e-07, 3.51428788292e-08, 4.81688040566e-08], "dmean2": [0.000463267293526, 0.00136009242851, 0.00252522272058, 0.000981791759841, 0.000410648644902, 0.000186220000614, 0.000119467593322, 8.24843082228e-05, 0.000130061162054, 0.000110447574116, 5.55643309781e-05, 2.77528451988e-05, 1.1551353964e-05, 1.77364945557e-05, 8.89327566256e-06, 5.02612056152e-06, 1.5822114392e-06, 3.30816703809e-07, 3.91486622675e-07, 3.20943286169e-07, 3.95542798515e-08, 1.9984904398e-08, 1.34205322411e-08, 1.29561392725e-08, 1.43473792846e-08, 2.29625367609e-08, 2.58321346536e-08, 3.52845290763e-08, 1.98830925058e-08, 2.86320887e-08, 2.50364298182e-08, 2.28771757094e-08, 6.94062762818e-08, 5.35836690574e-08, 3.45655628564e-08, 4.62562645964e-08, 6.24427286766e-07, 6.32615922314e-07, 6.58604903947e-08, 8.99293652878e-08], "dvar": [8.49319121698e-07, 6.09076596447e-06, 8.90334285941e-06, 2.53388839155e-06, 7.37212303648e-07, 8.60482671783e-08, 2.14504467522e-07, 8.26261654652e-08, 8.58037694229e-08, 5.72945531019e-08, 2.25222844819e-08, 6.11741279855e-09, 1.55131751889e-09, 4.45623671297e-09, 1.08508291241e-09, 2.10554618185e-09, 2.46062892284e-10, 4.47592830854e-12, 2.63395520672e-11, 2.73427235714e-11, 1.09756775947e-14, 3.8025744222e-15, 4.13367663666e-15, 1.87033472138e-15, 6.58202833532e-16, 1.64738707346e-15, 2.50468658943e-15, 9.51932726167e-15, 1.22946684063e-15, 3.48874066843e-15, 1.59375644125e-15, 1.125767138e-15, 1.6248140054e-14, 8.75550937226e-15, 3.47993194929e-15, 4.11867229504e-15, 6.84480087627e-13, 6.13869361159e-13, 9.82504516926e-15, 1.69118005326e-14], "dvar2": [2.38582993006e-06, 1.61475909408e-05, 2.48567739618e-05, 6.42748500468e-06, 1.77810341029e-06, 2.11918276705e-07, 3.02152244558e-07, 1.7399116814e-07, 1.75643080524e-07, 1.18051751485e-07, 4.78018549188e-08, 1.24848931193e-08, 3.14323389539e-09, 9.4553387342e-09, 2.2717892012e-09, 4.30349089697e-09, 4.87246076819e-10, 8.92744038417e-12, 5.20469153886e-11, 5.4609539113e-11, 2.45868118074e-14, 7.80867392096e-15, 8.36295872912e-15, 3.86835584791e-15, 1.76423463325e-15, 4.12315691097e-15, 7.24993456653e-15, 2.1701507575e-14, 3.46046755568e-15, 8.4949984601e-15, 4.375257633e-15, 3.1338294166e-15, 4.69874620712e-14, 2.5178872591e-14, 9.92692459809e-15, 1.16158388382e-14, 1.93248455432e-12, 1.7090338476e-12, 2.74954365509e-14, 4.74750786101e-14], "max": [0.0150983817875, 0.0498990640044, 0.0508801676333, 0.0272547677159, 0.020208042115, 0.00842505320907, 0.0209588501602, 0.0167879220098, 0.00785667262971, 0.0039576869458, 0.00319558451883, 0.00170819880441, 0.000840947672259, 0.00136058800854, 0.000665710831527, 0.00166839209851, 0.000691511493642, 9.43235936575e-05, 0.000325055705616, 0.000330638402374, 1.77271078883e-06, 1.21583366308e-06, 2.04797220249e-06, 1.30699390866e-06, 6.1823783426e-07, 1.29042075514e-06, 6.8628196459e-07, 4.4286348384e-06, 4.86971089231e-07, 1.71328315446e-06, 6.67844119562e-07, 5.65331220059e-07, 1.75571130967e-06, 1.2502532627e-06, 7.65078368659e-07, 9.372496379e-07, 8.62282286107e-06, 7.3104238254e-06, 1.30556031763e-06, 1.44956243275e-06], "mean": [0.000292848621029, 0.00209464156069, 0.0039192661643, 0.00234826258384, 0.00116368744057, 0.00047682330478, 0.000229398836382, 9.36000142246e-05, 9.07301728148e-05, 7.28441518731e-05, 3.59186487913e-05, 1.75940094778e-05, 6.40479402136e-06, 1.06115630842e-05, 5.40519749848e-06, 2.73538466899e-06, 8.60162799654e-07, 1.82308340868e-07, 2.52019162872e-07, 1.94741502924e-07, 2.38452191326e-08, 1.26525518951e-08, 7.27448545845e-09, 6.17114714885e-09, 4.68887284555e-09, 8.26946333632e-09, 7.90098386716e-09, 1.4536720272e-08, 6.41780317778e-09, 1.02004031888e-08, 8.32859914368e-09, 7.43746175758e-09, 2.04422363481e-08, 1.61208149052e-08, 1.06544240097e-08, 1.40345184363e-08, 1.82418887107e-07, 1.8932671253e-07, 2.04982946173e-08, 2.83176273541e-08], "median": [5.92427895754e-05, 0.00060137611581, 0.00174549105577, 0.00105486728717, 0.000418699433794, 0.000166375932167, 3.67005850421e-05, 1.12404586616e-05, 8.52429911902e-06, 7.86399141361e-06, 3.3068099583e-06, 1.11180941076e-06, 4.225179282e-07, 3.05439129988e-07, 1.27748634782e-07, 3.99034938425e-08, 1.88265829593e-08, 1.57299702153e-08, 1.60747788414e-08, 4.22588408711e-09, 1.98948191255e-09, 1.12312203981e-09, 3.86835119492e-10, 3.24253346395e-10, 1.66316321826e-10, 1.90642987508e-10, 1.48471429595e-10, 1.65941343999e-10, 1.1747505746e-10, 1.38147868145e-10, 1.32263325292e-10, 9.98379781625e-11, 1.48569240244e-10, 1.29627641954e-10, 9.98010701858e-11, 1.06793365817e-10, 9.79624492636e-10, 9.32001364973e-10, 1.15322855432e-10, 1.467567734e-10], "min": [4.31979876712e-24, 1.91223180864e-23, 1.95022824077e-23, 3.00089251669e-23, 1.46157056185e-23, 5.96833464887e-24, 5.79288172835e-24, 7.29327308198e-24, 7.47168107544e-24, 4.75560576307e-24, 4.38428065194e-24, 3.08234264181e-24, 1.09512084777e-23, 6.82787985778e-24, 7.09488166406e-24, 7.28804214532e-24, 1.46944039601e-23, 8.86978399093e-24, 6.29316074837e-24, 7.25098067113e-24, 7.54957004578e-24, 9.06524163514e-24, 1.31149001129e-23, 1.13704194179e-23, 1.41420246216e-23, 1.07074181147e-23, 7.18603927483e-24, 7.75230887615e-24, 1.14542461443e-23, 1.01495822253e-23, 1.10968495558e-23, 1.13168825837e-23, 6.71834178792e-24, 9.61153648948e-24, 8.57350282329e-24, 1.31978725029e-23, 9.86487995805e-24, 1.00830110424e-23, 8.59633245789e-24, 1.22090716458e-23], "var": [6.65255640797e-07, 1.75811910594e-05, 2.84692632704e-05, 1.00974439192e-05, 3.74323713004e-06, 7.04910632976e-07, 7.19100683e-07, 2.24188084985e-07, 1.19934398413e-07, 6.45395630272e-08, 2.45367601792e-08, 7.27150251123e-09, 1.74823266974e-09, 4.90792340102e-09, 1.21510324025e-09, 2.15188911135e-09, 2.53928517102e-10, 4.61592873299e-12, 2.88875503379e-11, 2.95790961169e-11, 1.18789044017e-14, 4.4774962038e-15, 4.55543170528e-15, 2.02701082915e-15, 4.34064151403e-16, 1.33699417927e-15, 1.37247924817e-15, 9.12289974873e-15, 7.31040043699e-16, 2.82185384136e-15, 1.00581732003e-15, 6.8881291018e-16, 8.8560547242e-15, 4.88091724427e-15, 1.97273592251e-15, 2.37048035992e-15, 3.88575890214e-13, 3.60568102068e-13, 5.81249720867e-15, 9.9231713951e-15]}, "mfcc": {"mean": [-898.079589844, 217.069671631, 106.390525818, 9.24886512756, -2.04016780853, 0.368899911642, -0.0440422073007, -7.20059108734, -6.28849744797, -5.42007303238, -13.8816289902, -11.3348741531, -10.8863401413], "cov": [[5211.54785156, 813.80682373, 514.917419434, -910.797973633, -144.961639404, 99.9454956055, 229.039276123, -24.921459198, 29.8201007843, 236.970932007, -31.0388851166, 101.241073608, -136.636260986], [813.80682373, 2447.36230469, 303.935760498, -15.4707727432, 13.0609540939, 115.298278809, -102.896331787, -61.5757293701, 17.6480731964, -71.0479812622, -54.7171592712, -109.261238098, -70.045173645], [514.917419434, 303.935760498, 717.150878906, 232.547348022, -40.9460945129, -86.8919448853, 65.1940002441, 61.19739151, 33.510471344, 42.1202926636, -32.5903282166, -53.8803253174, -74.5193023682], [-910.797973633, -15.4707727432, 232.547348022, 510.781555176, 128.096160889, -2.4157512188, -29.3993625641, 33.7877693176, 12.5215206146, -23.2699222565, 4.45927238464, -70.6810073853, 13.2735710144], [-144.961639404, 13.0609540939, -40.9460945129, 128.096160889, 256.593170166, 144.057067871, 18.5402011871, -24.2984600067, -14.4863128662, -3.16974782944, 7.10260105133, -2.40484380722, -5.52671146393], [99.9454956055, 115.298278809, -86.8919448853, -2.4157512188, 144.057067871, 210.772613525, 107.308929443, 23.1260910034, -17.3772602081, -11.5826005936, 19.1682987213, 24.0731639862, -5.23273181915], [229.039276123, -102.896331787, 65.1940002441, -29.3993625641, 18.5402011871, 107.308929443, 243.898162842, 159.30355835, 17.9267158508, -1.86546587944, 31.264377594, 61.4298095703, -1.69555962086], [-24.921459198, -61.5757293701, 61.19739151, 33.7877693176, -24.2984600067, 23.1260910034, 159.30355835, 216.241317749, 110.57144165, 21.8921775818, 18.9602203369, 39.2044906616, 18.3609924316], [29.8201007843, 17.6480731964, 33.510471344, 12.5215206146, -14.4863128662, -17.3772602081, 17.9267158508, 110.57144165, 171.442443848, 106.129760742, 23.2028579712, -0.806689441204, 4.43579387665], [236.970932007, -71.0479812622, 42.1202926636, -23.2699222565, -3.16974782944, -11.5826005936, -1.86546587944, 21.8921775818, 106.129760742, 153.910400391, 68.4762420654, 8.14308834076, -17.7502098083], [-31.0388851166, -54.7171592712, -32.5903282166, 4.45927238464, 7.10260105133, 19.1682987213, 31.264377594, 18.9602203369, 23.2028579712, 68.4762420654, 115.35256958, 75.3797683716, 11.9923839569], [101.241073608, -109.261238098, -53.8803253174, -70.6810073853, -2.40484380722, 24.0731639862, 61.4298095703, 39.2044906616, -0.806689441204, 8.14308834076, 75.3797683716, 164.383926392, 74.2374801636], [-136.636260986, -70.045173645, -74.5193023682, 13.2735710144, -5.52671146393, -5.23273181915, -1.69555962086, 18.3609924316, 4.43579387665, -17.7502098083, 11.9923839569, 74.2374801636, 144.21031189]], "icov": [[0.000622406310868, -0.000130587708554, -0.000860680651385, 0.00147576921154, -0.000325927947415, -0.000404428574257, 9.01359817362e-05, -0.000424504367402, 0.0011048715096, -0.00171022943687, 0.000890324008651, -0.000205918331631, -0.000238876149524], [-0.000130587708554, 0.000812379585113, -0.000932055874728, 0.000630243099295, 0.000267382856691, -0.00173546071164, 0.00174571026582, -0.000162480020663, -0.00160250056069, 0.00286426628008, -0.00229920074344, 0.00129463395569, -0.000353715702659], [-0.000860680651385, -0.000932055874728, 0.00570461992174, -0.00578323984519, 0.00122031930368, 0.00471461657435, -0.00557528622448, 0.00264305714518, 0.000691679888405, -0.00413261819631, 0.00580742070451, -0.00369889941067, 0.00291895773262], [0.00147576921154, 0.000630243099295, -0.00578323984519, 0.0101885404438, -0.00440417230129, -0.00256726285443, 0.00583714619279, -0.00541601283476, 0.00156179617625, 0.00301452819258, -0.00721129495651, 0.00644267816097, -0.00411948980764], [-0.000325927947415, 0.000267382856691, 0.00122031930368, -0.00440417230129, 0.0101702781394, -0.00718020228669, 0.00058360939147, 0.00277910358272, -0.00130965863355, -0.00133309571538, 0.00341978250071, -0.00313839502633, 0.0018466928741], [-0.000404428574257, -0.00173546071164, 0.00471461657435, -0.00256726285443, -0.00718020228669, 0.0188993047923, -0.0142439138144, 0.0071905166842, -0.0018259701319, -0.00137943192385, 0.00237195356749, -0.00125752692111, 0.00111050833948], [9.01359817362e-05, 0.00174571026582, -0.00557528622448, 0.00583714619279, 0.00058360939147, -0.0142439138144, 0.0289912577718, -0.0255979113281, 0.0143093811348, -0.00158758170437, -0.00552839040756, 0.00213125254959, -0.000652346585412], [-0.000424504367402, -0.000162480020663, 0.00264305714518, -0.00541601283476, 0.00277910358272, 0.0071905166842, -0.0255979113281, 0.0371199212968, -0.0297206602991, 0.0154926534742, -0.00169947906397, -0.00208526244387, 0.000759356073104], [0.0011048715096, -0.00160250056069, 0.000691679888405, 0.00156179617625, -0.00130965863355, -0.0018259701319, 0.0143093811348, -0.0297206602991, 0.0414886884391, -0.0332370698452, 0.0148705113679, -0.00364158092998, -0.000411135755712], [-0.00171022943687, 0.00286426628008, -0.00413261819631, 0.00301452819258, -0.00133309571538, -0.00137943192385, -0.00158758170437, 0.0154926534742, -0.0332370698452, 0.0451232492924, -0.0301116872579, 0.0122818723321, -0.00197660829872], [0.000890324008651, -0.00229920074344, 0.00580742070451, -0.00721129495651, 0.00341978250071, 0.00237195356749, -0.00552839040756, -0.00169947906397, 0.0148705113679, -0.0301116872579, 0.0382484607399, -0.0201371274889, 0.00678188400343], [-0.000205918331631, 0.00129463395569, -0.00369889941067, 0.00644267816097, -0.00313839502633, -0.00125752692111, 0.00213125254959, -0.00208526244387, -0.00364158092998, 0.0122818723321, -0.0201371274889, 0.0214518178254, -0.00969078764319], [-0.000238876149524, -0.000353715702659, 0.00291895773262, -0.00411948980764, 0.0018466928741, 0.00111050833948, -0.000652346585412, 0.000759356073104, -0.000411135755712, -0.00197660829872, 0.00678188400343, -0.00969078764319, 0.0126244751737]]}, "spectral_contrast_coeffs": {"dmean": [0.0442505441606, 0.0540893375874, 0.0552057996392, 0.0367776863277, 0.0249077044427, 0.0247226692736], "dmean2": [0.0739436149597, 0.0909008160233, 0.0913944020867, 0.0605826564133, 0.0402466058731, 0.0382184199989], "dvar": [0.00157465308439, 0.00316517124884, 0.00307494448498, 0.00115871534217, 0.000497705535963, 0.000454314373201], "dvar2": [0.00413506897166, 0.00834497157484, 0.00793728698045, 0.00283810356632, 0.00124486989807, 0.00101455720142], "max": [-0.229675665498, -0.354487299919, -0.354613125324, -0.472765773535, -0.619661569595, -0.68086630106], "mean": [-0.505498349667, -0.634874045849, -0.707071840763, -0.778411209583, -0.865441441536, -0.873793780804], "median": [-0.494498491287, -0.630545437336, -0.70717382431, -0.7764955163, -0.869631111622, -0.873829066753], "min": [-0.977990448475, -0.972718954086, -0.979795575142, -0.989651322365, -0.976891875267, -0.97055464983], "var": [0.0172274503857, 0.0114659555256, 0.0071704746224, 0.00388695253059, 0.00156389072072, 0.00118305825163]}, "spectral_contrast_valleys": {"dmean": [0.495020449162, 0.601899445057, 0.770000576973, 0.730357825756, 0.913821399212, 1.06753730774], "dmean2": [0.818314254284, 1.00187385082, 1.25603687763, 1.16333258152, 1.30285191536, 1.5443983078], "dvar": [0.271323978901, 0.44018292