{"lowlevel": {"average_loudness": 0.83881932497, "barkbands_crest": {"dmean": 2.21786212921, "dmean2": 3.86527252197, "dvar": 3.81443166733, "dvar2": 12.015537262, "max": 21.1063594818, "mean": 10.6037817001, "median": 10.010386467, "min": 3.87251830101, "var": 10.9179878235}, "barkbands_flatness_db": {"dmean": 0.022209752351, "dmean2": 0.0392827317119, "dvar": 0.000413059286075, "dvar2": 0.00120645260904, "max": 0.502590060234, "mean": 0.377016723156, "median": 0.386087924242, "min": 0.049947720021, "var": 0.00476471707225}, "barkbands_kurtosis": {"dmean": 1.44000935555, "dmean2": 2.49226975441, "dvar": 3.19073343277, "dvar2": 8.88176631927, "max": 52.5403556824, "mean": 2.41018176079, "median": 1.80119800568, "min": -1.69132876396, "var": 11.1500816345}, "barkbands_skewness": {"dmean": 0.4207431674, "dmean2": 0.734277486801, "dvar": 0.139379769564, "dvar2": 0.414394646883, "max": 4.7957906723, "mean": 0.952794611454, "median": 0.989816904068, "min": -2.29052352905, "var": 0.817924916744}, "barkbands_spread": {"dmean": 0.993558585644, "dmean2": 1.68968522549, "dvar": 1.98926067352, "dvar2": 4.7618303299, "max": 53.0525436401, "mean": 5.70438528061, "median": 4.62633132935, "min": 1.32111680508, "var": 20.7526473999}, "dissonance": {"dmean": 0.0441278815269, "dmean2": 0.07574557513, "dvar": 0.00147068733349, "dvar2": 0.00412785168737, "max": 0.499999970198, "mean": 0.390062212944, "median": 0.394704461098, "min": 0.0848151966929, "var": 0.00361849600449}, "dynamic_complexity": 3.41911292076, "erbbands_crest": {"dmean": 2.0604352951, "dmean2": 3.425167799, "dvar": 3.78682494164, "dvar2": 10.1388235092, "max": 28.9543304443, "mean": 11.8653392792, "median": 11.0667610168, "min": 2.73991465569, "var": 20.2779407501}, "erbbands_flatness_db": {"dmean": 0.0134948734194, "dmean2": 0.0231093689799, "dvar": 0.000179349066457, "dvar2": 0.000445053883595, "max": 0.484945356846, "mean": 0.372198969126, "median": 0.380832195282, "min": 0.0584453269839, "var": 0.00394879234955}, "erbbands_kurtosis": {"dmean": 0.952167332172, "dmean2": 1.60662734509, "dvar": 1.08406770229, "dvar2": 3.01366281509, "max": 22.6422557831, "mean": 1.46684491634, "median": 0.976384162903, "min": -1.53072798252, "var": 4.3152050972}, "erbbands_skewness": {"dmean": 0.267603725195, "dmean2": 0.449188351631, "dvar": 0.0598493739963, "dvar2": 0.162214428186, "max": 3.55348515511, "mean": 0.366227209568, "median": 0.410175919533, "min": -2.55169939995, "var": 0.468629449606}, "erbbands_spread": {"dmean": 2.24707627296, "dmean2": 3.86251997948, "dvar": 5.46179437637, "dvar2": 14.2067470551, "max": 70.5686645508, "mean": 12.0625991821, "median": 10.7709817886, "min": 2.55465769768, "var": 43.9900550842}, "hfc": {"dmean": 2.63844299316, "dmean2": 4.20095157623, "dvar": 12.7790908813, "dvar2": 28.2515449524, "max": 70.2894210815, "mean": 10.9522132874, "median": 9.68668746948, "min": 1.05350913955e-16, "var": 66.4602737427}, "melbands_crest": {"dmean": 3.53807902336, "dmean2": 6.33418464661, "dvar": 9.19450378418, "dvar2": 30.4599666595, "max": 31.6985054016, "mean": 15.1649875641, "median": 14.5147247314, "min": 1.70926499367, "var": 29.2647819519}, "melbands_flatness_db": {"dmean": 0.0263032000512, "dmean2": 0.0465037226677, "dvar": 0.000661450205371, "dvar2": 0.00180768186692, "max": 0.653272867203, "mean": 0.499562263489, "median": 0.516769587994, "min": 0.00189218646847, "var": 0.0110995089635}, "melbands_kurtosis": {"dmean": 2.12174582481, "dmean2": 3.76494765282, "dvar": 8.42199039459, "dvar2": 24.9021606445, "max": 58.0889816284, "mean": 3.36219549179, "median": 2.35523271561, "min": -1.6973720789, "var": 19.62890625}, "melbands_skewness": {"dmean": 0.50351691246, "dmean2": 0.889979064465, "dvar": 0.199937283993, "dvar2": 0.629027724266, "max": 6.18285179138, "mean": 1.34040153027, "median": 1.25271558762, "min": -0.785543441772, "var": 0.762088179588}, "melbands_spread": {"dmean": 1.83198440075, "dmean2": 3.17134070396, "dvar": 20.6173095703, "dvar2": 48.5947151184, "max": 165.633468628, "mean": 11.0094175339, "median": 6.27275133133, "min": 1.64103531837, "var": 508.2578125}, "pitch_salience": {"dmean": 0.0709928572178, "dmean2": 0.126939505339, "dvar": 0.00403646426275, "dvar2": 0.0128701739013, "max": 0.968769848347, "mean": 0.5193977952, "median": 0.508657872677, "min": 0.153888329864, "var": 0.0136156380177}, "silence_rate_20dB": {"dmean": 0, "dmean2": 0, "dvar": 0, "dvar2": 0, "max": 1, "mean": 1, "median": 1, "min": 1, "var": 0}, "silence_rate_30dB": {"dmean": 0.00932256039232, "dmean2": 0.0186509173363, "dvar": 0.00923572666943, "dvar2": 0.0226550139487, "max": 1, "mean": 0.98788446188, "median": 1, "min": 0, "var": 0.0119685055688}, "silence_rate_60dB": {"dmean": 0.00372902420349, "dmean2": 0.00746036693454, "dvar": 0.0037151791621, "dvar2": 0.0105132460594, "max": 1, "mean": 0.105933517218, "median": 0, "min": 0, "var": 0.0947126373649}, "spectral_centroid": {"dmean": 59.9696922302, "dmean2": 101.728065491, "dvar": 40764.6601562, "dvar2": 64456.9023438, "max": 11635.2236328, "mean": 741.195373535, "median": 383.299530029, "min": 199.492889404, "var": 3556227.25}, "spectral_complexity": {"dmean": 1.31199502945, "dmean2": 2.19148278236, "dvar": 1.68324398994, "dvar2": 4.07838058472, "max": 24, "mean": 11.020813942, "median": 12, "min": 0, "var": 16.3987522125}, "spectral_decrease": {"dmean": 2.99662961112e-09, "dmean2": 5.2575770404e-09, "dvar": 1.37135585418e-17, "dvar2": 4.22839045793e-17, "max": 1.49561171319e-28, "mean": -8.9565910244e-09, "median": -7.98324428786e-09, "min": -5.47269678464e-08, "var": 4.29038036565e-17}, "spectral_energy": {"dmean": 0.0115232234821, "dmean2": 0.0201798845083, "dvar": 0.000202209645067, "dvar2": 0.000620930222794, "max": 0.210625708103, "mean": 0.0347976014018, "median": 0.0309883318841, "min": 1.01443943983e-20, "var": 0.000642746337689}, "spectral_energyband_high": {"dmean": 4.53634726227e-07, "dmean2": 6.59530087432e-07, "dvar": 1.02136658506e-11, "dvar2": 2.16485458032e-11, "max": 8.53162346175e-05, "mean": 7.62823731293e-07, "median": 3.9702513277e-08, "min": 7.00180600427e-21, "var": 1.71041288771e-11}, "spectral_energyband_low": {"dmean": 0.00916899740696, "dmean2": 0.0167617481202, "dvar": 0.000152384600369, "dvar2": 0.000511384860147, "max": 0.144957229495, "mean": 0.0148759456351, "median": 0.0100329536945, "min": 1.42234713546e-23, "var": 0.000257677020272}, "spectral_energyband_middle_high": {"dmean": 0.000571936252527, "dmean2": 0.000790540711023, "dvar": 3.95612096327e-06, "dvar2": 7.25389872969e-06, "max": 0.048501521349, "mean": 0.00184372882359, "median": 0.000856259546708, "min": 1.07355189494e-21, "var": 1.51896356329e-05}, "spectral_energyband_middle_low": {"dmean": 0.00630627851933, "dmean2": 0.010573473759, "dvar": 6.64349499857e-05, "dvar2": 0.000180574454134, "max": 0.17995685339, "mean": 0.022998386994, "median": 0.0188885126263, "min": 1.25819401633e-22, "var": 0.000352920615114}, "spectral_entropy": {"dmean": 0.119243055582, "dmean2": 0.203296229243, "dvar": 0.0172651242465, "dvar2": 0.0418164394796, "max": 9.82480335236, "mean": 5.75370788574, "median": 5.6140127182, "min": 4.937707901, "var": 0.621779441833}, "spectral_flux": {"dmean": 0.0205390173942, "dmean2": 0.0316843353212, "dvar": 0.000462471623905, "dvar2": 0.00113166531082, "max": 0.254370778799, "mean": 0.0686674267054, "median": 0.0635387301445, "min": 6.41297293047e-11, "var": 0.00163761060685}, "spectral_kurtosis": {"dmean": 41.7101211548, "dmean2": 73.2954406738, "dvar": 1760.0994873, "dvar2": 4892.95800781, "max": 442.394500732, "mean": 150.583190918, "median": 149.456268311, "min": -1.2595911026, "var": 6314.41992188}, "spectral_rms": {"dmean": 0.000883753760718, "dmean2": 0.00154057634063, "dvar": 8.211579825e-07, "dvar2": 2.49563686339e-06, "max": 0.014334869571, "mean": 0.00533247739077, "median": 0.00549841066822, "min": 3.14594509297e-12, "var": 5.51363200429e-06}, "spectral_rolloff": {"dmean": 80.4109039307, "dmean2": 147.631774902, "dvar": 218529.65625, "dvar2": 435895.46875, "max": 19509.0820312, "mean": 1119.21276855, "median": 495.263671875, "min": 150.732421875, "var": 10639144}, "spectral_skewness": {"dmean": 1.92735230923, "dmean2": 3.43109250069, "dvar": 3.27728271484, "dvar2": 9.0982465744, "max": 16.1814727783, "mean": 8.48864841461, "median": 8.89327907562, "min": -0.078929670155, "var": 10.7470207214}, "spectral_spread": {"dmean": 290340.90625, "dmean2": 516873.90625, "dvar": 682611113984, "dvar2": 1315447111680.0, "max": 42248644, "mean": 2023687.125, "median": 676224.25, "min": 205984.15625, "var": 50012381773800.0}, "spectral_strongpeak": {"dmean": 0.423921972513, "dmean2": 0.747279524803, "dvar": 0.42395144701, "dvar2": 1.04960596561, "max": 7.34422636032, "mean": 0.926165044308, "median": 0.625931560993, "min": 0, "var": 0.962169528008}, "zerocrossingrate": {"dmean": 0.00263790227473, "dmean2": 0.00392810674384, "dvar": 0.000141941898619, "dvar2": 0.000291365577141, "max": 0.52490234375, "mean": 0.0337112769485, "median": 0.01708984375, "min": 0.0068359375, "var": 0.00748465815559}, "barkbands": {"dmean": [1.05206061107e-06, 0.00100541277789, 0.00598163250834, 0.00396220665425, 0.00126901082695, 0.00132984574884, 0.00183299509808, 0.000742799311411, 0.000458383583464, 0.000355723546818, 0.000204187192139, 8.02122740424e-05, 8.35254104459e-05, 2.17176202568e-05, 2.93468128802e-05, 7.46599016566e-06, 1.39175863296e-05, 4.58063914266e-06, 1.19605965665e-06, 6.52131518564e-07, 2.1335105771e-07, 4.61623379522e-08, 2.89065891224e-08, 7.73288455491e-09, 1.4404041293e-09, 1.31969168926e-09, 1.45038936417e-09], "dmean2": [1.62696812822e-06, 0.00181389332283, 0.0109818326309, 0.00693724351004, 0.00211611553095, 0.00231341458857, 0.00325930304825, 0.000939223740716, 0.000691474415362, 0.00047660045675, 0.000292795244604, 0.000120386997878, 0.000123086007079, 3.17935555358e-05, 4.24005374953e-05, 1.07690402729e-05, 1.98347515834e-05, 6.90428441885e-06, 1.77958429504e-06, 8.23728896648e-07, 3.18943563116e-07, 6.76914808651e-08, 4.34113616166e-08, 1.17922178688e-08, 2.60657073703e-09, 2.40914488359e-09, 2.64637423086e-09], "dvar": [2.76918982536e-12, 2.53179632637e-06, 7.61490955483e-05, 4.02639889217e-05, 2.68963094641e-06, 8.23201753519e-06, 8.05206946097e-06, 2.32915249399e-06, 1.03841307464e-06, 4.55321242043e-06, 6.03249020514e-07, 9.23624057236e-08, 3.24990622858e-07, 3.06987701926e-09, 1.80767294466e-08, 1.1068204131e-09, 3.38443895131e-09, 2.18633799953e-09, 5.38565129993e-11, 1.85176509543e-11, 4.23196373778e-12, 1.73666379129e-13, 6.24808703582e-14, 4.11940243744e-15, 5.53177985903e-18, 3.38213969266e-18, 3.90492569801e-18], "dvar2": [7.83092774653e-12, 8.30004682939e-06, 0.000254331476754, 0.000127772203996, 7.37027767173e-06, 2.1958769139e-05, 2.45578903559e-05, 3.33361276716e-06, 1.86862610008e-06, 9.03026739252e-06, 9.76619389803e-07, 2.52944033718e-07, 4.07707403838e-07, 6.99595936737e-09, 3.69250479082e-08, 2.14513429242e-09, 7.18634840524e-09, 4.85894702251e-09, 1.07657049941e-10, 2.72044088645e-11, 1.02307346622e-11, 4.11692137629e-13, 1.20978110884e-13, 9.87371907054e-15, 1.54854811571e-17, 1.09109142894e-17, 1.25750031585e-17], "max": [2.65041016974e-05, 0.0206231046468, 0.0905897021294, 0.133302390575, 0.0201425366104, 0.076840646565, 0.0411062985659, 0.048341806978, 0.033745136112, 0.0617504827678, 0.0296940337867, 0.0116232773289, 0.0275668203831, 0.00109982222784, 0.00385451409966, 0.00114837766159, 0.00183099077549, 0.00174209545366, 0.000241392859607, 0.000152654960402, 7.60703478591e-05, 1.28379278976e-05, 8.82671338331e-06, 2.06660661206e-06, 6.05656040875e-08, 2.55001211258e-08, 2.66821249539e-08], "mean": [1.67551309005e-06, 0.00137068913318, 0.00875916238874, 0.00713607156649, 0.00303016812541, 0.00376943987794, 0.00447413744405, 0.00301794055849, 0.00120565819088, 0.000779548485298, 0.00059668533504, 0.000232464561122, 0.000218071145355, 5.65725531487e-05, 8.89529692358e-05, 1.9027844246e-05, 3.01099898934e-05, 7.25029394744e-06, 2.2978092602e-06, 1.32296963784e-06, 2.96003179301e-07, 6.16633357708e-08, 3.8955779047e-08, 9.55404999559e-09, 2.36429209544e-09, 2.33112751324e-09, 2.25044605173e-09], "median": [8.29008115488e-07, 0.000462601019535, 0.00461801793426, 0.00333826662973, 0.00232482980937, 0.00211247918196, 0.00289632519707, 0.00145910517313, 0.000467195466626, 0.000241166751948, 0.000145822603372, 8.38470077724e-05, 0.000102625941508, 2.37204876612e-05, 2.14770388993e-05, 5.77460650675e-06, 3.6020837797e-06, 4.38020862248e-07, 3.97230593308e-07, 3.97366939353e-08, 7.20855553027e-09, 2.74913314335e-09, 2.04006433968e-09, 1.85100956784e-09, 1.82151871364e-09, 1.88914861532e-09, 1.76622816372e-09], "min": [5.41079201853e-26, 2.91495424633e-24, 1.22074874159e-24, 1.01485860912e-24, 3.76087898285e-24, 7.71545171693e-24, 6.09364717581e-24, 6.12168171466e-24, 1.79742414794e-23, 1.45242403519e-23, 1.30428542352e-23, 2.43703667197e-23, 2.87023064506e-23, 3.43692780898e-23, 4.87021802292e-23, 6.51396780668e-23, 7.36239906984e-23, 7.27617341745e-23, 1.06209758411e-22, 1.49814657103e-22, 2.18898652318e-22, 3.20462512247e-22, 3.94827962776e-22, 5.65336246337e-22, 8.53546590681e-22, 1.31315124191e-21, 1.87654868271e-21], "var": [6.63385015323e-12, 4.70802342534e-06, 0.000122342578834, 0.000134246627567, 7.90891317592e-06, 3.27510279021e-05, 2.47430107265e-05, 2.23642218771e-05, 6.29972691968e-06, 9.88964620774e-06, 5.25714722244e-06, 2.47886958959e-07, 1.11362567168e-06, 1.03425961129e-08, 5.44987308615e-08, 2.72513234201e-09, 1.09133360127e-08, 3.05520098109e-09, 9.74688732502e-11, 5.32081913251e-11, 5.52924980107e-12, 2.14576471283e-13, 1.22347702173e-13, 4.93251933845e-15, 5.71678542047e-18, 3.16936485087e-18, 3.50578086036e-18]}, "erbbands": {"dmean": [0.00585185177624, 0.379815012217, 5.15864372253, 12.7615814209, 5.86755418777, 4.24454689026, 6.47916126251, 12.3143815994, 25.7899055481, 20.8528938293, 14.7174463272, 10.3218250275, 11.2365007401, 8.59355926514, 5.43818330765, 3.41885876656, 3.98682904243, 1.80055820942, 1.2324539423, 1.01410222054, 0.561338484287, 0.554868757725, 0.329090744257, 0.0860103815794, 0.0418460480869, 0.026530360803, 0.0120692336932, 0.00612152693793, 0.00202625081874, 0.00128746591508, 0.000748955120798, 0.000254790909821, 6.91334789735e-05, 1.99006462935e-05, 1.17720410344e-05, 7.35009552955e-06, 3.96701170757e-06, 9.79737933449e-07, 5.17087482876e-06, 1.25982569443e-05], "dmean2": [0.010228395462, 0.696186542511, 9.58119487762, 22.71002388, 10.1779327393, 6.84914302826, 10.7851390839, 21.6243171692, 45.565990448, 33.3816223145, 18.8306560516, 15.3659887314, 14.9801473618, 11.5916166306, 8.46012115479, 5.01780319214, 5.92338323593, 2.47854852676, 1.74760532379, 1.4932949543, 0.818215727806, 0.762929260731, 0.492080062628, 0.129991352558, 0.0554561652243, 0.0347926393151, 0.0164398960769, 0.0100782122463, 0.00316292978823, 0.00181056244764, 0.00113907596096, 0.000390447006794, 0.000108895816084, 3.43399224221e-05, 2.05936412385e-05, 1.28434776343e-05, 6.92490766596e-06, 1.7165779127e-06, 8.98678263184e-06, 2.20088295464e-05], "dvar": [6.65170082357e-05, 0.361079692841, 59.6986198425, 358.754943848, 78.544960022, 45.071937561, 124.330436707, 952.768798828, 1582.7088623, 1129.51672363, 807.078979492, 595.762512207, 5051.1171875, 1092.24743652, 320.065155029, 129.437927246, 621.422302246, 52.9853172302, 15.1029224396, 33.8725471497, 4.01938724518, 4.4111790657, 11.070151329, 0.226009517908, 0.0904095694423, 0.0364700630307, 0.0106111662462, 0.00280156708322, 0.000359139725333, 0.000119021795399, 4.73963227705e-05, 4.92710023536e-06, 2.02340785904e-07, 1.87472593005e-09, 2.21366605602e-10, 7.1876248009e-11, 2.09009372309e-11, 1.50948589565e-12, 4.05099634393e-11, 2.40960001952e-10], "dvar2": [0.000192121180589, 1.22617328167, 203.548568726, 1192.83984375, 236.040359497, 117.333930969, 329.249847412, 2473.02587891, 4618.88818359, 2464.49926758, 1268.75231934, 889.780456543, 10430.7382812, 1616.44689941, 761.674865723, 341.678070068, 849.70703125, 69.3067169189, 31.760761261, 71.9063491821, 7.87779712677, 8.86376285553, 24.6268424988, 0.442215979099, 0.190930962563, 0.0592528656125, 0.0236573219299, 0.00703504681587, 0.000964937498793, 0.00021927979833, 9.74716604105e-05, 1.2135941688e-05, 4.73292260494e-07, 4.41273728669e-09, 6.20831053233e-10, 2.11371919967e-10, 6.06428379735e-11, 4.56936788754e-12, 1.22931415047e-10, 7.36310401539e-10], "max": [0.246218010783, 6.33928394318, 84.4858474731, 338.379333496, 169.390365601, 96.0488433838, 301.33581543, 917.407043457, 578.704406738, 920.814880371, 766.325683594, 973.910461426, 2256.2734375, 1028.67614746, 489.233581543, 443.647521973, 1159.15478516, 345.189544678, 90.1548080444, 180.812866211, 59.7479019165, 49.3014945984, 123.244468689, 17.5737361908, 13.3382167816, 6.77634334564, 3.60653829575, 1.5980900526, 0.616624474525, 0.379316449165, 0.29496216774, 0.0650232061744, 0.014085448347, 0.00148096121848, 0.000372833193978, 0.000135995898745, 6.89547450747e-05, 1.96616965695e-05, 9.53823619056e-05, 0.000230524354265], "mean": [0.0115084359422, 0.55031645298, 7.74604225159, 20.7556533813, 13.4055604935, 9.96934700012, 18.0052585602, 33.0715637207, 67.122833252, 67.0217590332, 53.86485672, 28.5152587891, 25.5515155792, 24.6264266968, 14.084233284, 10.4910917282, 11.3371801376, 4.8387055397, 3.87310600281, 2.91584730148, 1.53098034859, 1.18495178223, 0.543193221092, 0.160385623574, 0.0898201465607, 0.0532900542021, 0.0189764350653, 0.00826151669025, 0.00263059814461, 0.00206297170371, 0.000919100362808, 0.000330332579324, 0.000105561004602, 4.83475378132e-05, 3.53486320819e-05, 2.4854500225e-05, 1.41102709676e-05, 2.96977759717e-06, 1.63925815286e-05, 3.85209277738e-05], "median": [0.00597626995295, 0.24307359755, 4.155585289, 12.1456394196, 8.05106925964, 6.36028003693, 9.47796535492, 15.9341049194, 45.8966560364, 38.8127098083, 33.3057479858, 14.0792751312, 8.19013214111, 6.78520679474, 5.19749116898, 4.45823287964, 5.40590763092, 2.35050392151, 1.32647609711, 0.676953434944, 0.502838551998, 0.180601358414, 0.0418423824012, 0.0235161054879, 0.016309035942, 0.00286495266482, 0.000720591167919, 0.000212507307879, 0.000116847739264, 9.68406820903e-05, 7.38647868275e-05, 6.03448461334e-05, 4.92275830766e-05, 3.99935124733e-05, 3.16805490002e-05, 2.27896507567e-05, 1.28639694594e-05, 2.66359938905e-06, 1.47044747791e-05, 3.4400527511e-05], "min": [8.41244740316e-23, 3.68599334798e-22, 1.74375226707e-21, 4.35746347062e-21, 1.55114992573e-20, 9.2595252082e-21, 3.32157961574e-20, 6.79290283304e-20, 1.00468103505e-19, 1.50023873618e-19, 2.30392625611e-19, 3.86209206284e-19, 4.91835595165e-19, 3.14471890112e-19, 8.18896140224e-19, 1.16875109463e-18, 1.70480797214e-18, 2.10986808174e-18, 2.63271633243e-18, 3.00261495875e-18, 4.33242545988e-18, 4.39218719118e-18, 4.51790499581e-18, 6.04335591271e-18, 8.4171996618e-18, 7.32533283376e-18, 1.08281647952e-17, 9.83506002361e-18, 9.45557271963e-18, 1.16103931046e-17, 1.07917820832e-17, 9.77904417971e-18, 1.01118421012e-17, 8.18067811899e-18, 6.89484488193e-18, 4.00787535628e-18, 2.4155615693e-18, 9.03662455773e-19, 2.5064570347e-19, 2.65798786337e-20], "var": [0.00036113866372, 0.579339504242, 94.8575057983, 770.345031738, 275.254730225, 121.447799683, 655.958068848, 3759.32714844, 5333.14697266, 8235.3828125, 4490.89941406, 4096.44189453, 9614.42871094, 7542.92626953, 1589.34423828, 380.911682129, 2061.89038086, 193.347351074, 54.1434745789, 84.2780685425, 14.2418441772, 13.5351476669, 15.5683116913, 0.406571686268, 0.168683797121, 0.0901657566428, 0.0157434437424, 0.00343675771728, 0.000324540160364, 0.000262980174739, 7.02974430169e-05, 5.71268674321e-06, 2.33657559079e-07, 2.64635713343e-09, 5.44498668376e-10, 2.36093644634e-10, 7.700932253e-11, 3.31619258963e-12, 1.36719344179e-10, 7.8063089326e-10]}, "gfcc": {"mean": [-218.093231201, 259.16104126, -88.4966964722, -52.3687133789, -16.0800743103, -22.1006813049, -28.2428741455, -11.6142549515, -7.80855894089, -11.7335767746, -6.17059278488, -20.4439506531, -12.6260108948], "cov": [[36584.9648438, 8932.42773438, -4857.80712891, -1493.11340332, 315.04586792, -1263.0012207, -627.707458496, -295.686126709, -233.607345581, -709.955200195, -153.629394531, -812.379638672, -284.192016602], [8932.42773438, 2741.06225586, -753.584472656, -777.890319824, 52.978099823, -168.820144653, -297.010223389, -96.5202560425, -61.0158500671, -151.880569458, -33.5595855713, -199.79989624, -89.8637161255], [-4857.80712891, -753.584472656, 1201.18664551, -78.7540893555, -162.472610474, 345.633544922, -11.3135585785, -8.65483283997, 41.3394737244, 105.083740234, -6.42521905899, 102.265899658, -2.26330280304], [-1493.11340332, -777.890319824, -78.7540893555, 603.124328613, 37.0964317322, -82.751991272, 171.123794556, 83.8693084717, 34.1676368713, 55.7171096802, 1.9839066267, 35.3151626587, 41.739692688], [315.04586792, 52.978099823, -162.472610474, 37.0964317322, 318.986236572, -55.4653396606, -0.276213824749, 89.0209960938, 11.8872318268, -26.5677318573, 35.0614624023, -9.34646320343, 31.9984550476], [-1263.0012207, -168.820144653, 345.633544922, -82.751991272, -55.4653396606, 226.820480347, 37.0090179443, -38.618686676, 20.4859313965, 20.4526386261, -10.5510940552, 31.2168922424, -13.3557062149], [-627.707458496, -297.010223389, -11.3135585785, 171.123794556, -0.276213824749, 37.0090179443, 176.872558594, 28.3922176361, -12.8636274338, 7.98280143738, -9.95990180969, 0.3321659863, 23.646490097], [-295.686126709, -96.5202560425, -8.65483283997, 83.8693084717, 89.0209960938, -38.618686676, 28.3922176361, 106.989425659, 26.6534042358, -2.88136744499, 15.6079969406, 6.33386707306, 14.2112617493], [-233.607345581, -61.0158500671, 41.3394737244, 34.1676368713, 11.8872318268, 20.4859313965, -12.8636274338, 26.6534042358, 89.2219772339, 29.540435791, -7.49045085907, 12.9267416, 2.88374090195], [-709.955200195, -151.880569458, 105.083740234, 55.7171096802, -26.5677318573, 20.4526386261, 7.98280143738, -2.88136744499, 29.540435791, 96.3307113647, 16.0789470673, -1.17287731171, 14.9935388565], [-153.629394531, -33.5595855713, -6.42521905899, 1.9839066267, 35.0614624023, -10.5510940552, -9.95990180969, 15.6079969406, -7.49045085907, 16.0789470673, 61.9727325439, 27.1069355011, -0.859614908695], [-812.379638672, -199.79989624, 102.265899658, 35.3151626587, -9.34646320343, 31.2168922424, 0.3321659863, 6.33386707306, 12.9267416, -1.17287731171, 27.1069355011, 88.3432769775, 24.8434677124], [-284.192016602, -89.8637161255, -2.26330280304, 41.739692688, 31.9984550476, -13.3557062149, 23.646490097, 14.2112617493, 2.88374090195, 14.9935388565, -0.859614908695, 24.8434677124, 74.0993423462]], "icov": [[0.00132929638494, -0.00393772730604, 0.00243466976099, -0.00186311127618, 0.000885697372723, 0.000272276811302, -0.000665567815304, 0.00206846976653, -0.00202273484319, 0.00327941961586, -0.00159310712479, 0.00202384754084, -0.000352971401298], [-0.00393772730604, 0.0126867005602, -0.0065414714627, 0.00662024645135, -0.0024358255323, -0.00101514079142, 0.00276635959744, -0.00648860121146, 0.00592178991064, -0.0093954987824, 0.00473877508193, -0.00473353685811, 0.00089768745238], [0.00243466976099, -0.0065414714627, 0.00740696443245, -0.00288241147064, 0.00253092614003, -0.00376285077073, 0.00148421514314, 0.000156529538799, -0.00108846894, 0.0030748443678, -0.000403140351409, 0.00216997927055, -0.000332452735165], [-0.00186311127618, 0.00662024645135, -0.00288241147064, 0.00764349009842, -0.00176736980211, 0.0027178011369, -0.00263424660079, -0.00368101452477, 0.00195393734612, -0.00741507578641, 0.00493583176285, -0.0053747901693, 0.00257285148837], [0.000885697372723, -0.0024358255323, 0.00253092614003, -0.00176736980211, 0.0063724569045, -0.00221423525363, 0.00176775967702, -0.00298730982468, -0.00191569083836, 0.00526791764423, -0.00580864632502, 0.00548096513376, -0.00452278694138], [0.000272276811302, -0.00101514079142, -0.00376285077073, 0.0027178011369, -0.00221423525363, 0.0154852159321, -0.0093267839402, 0.00858518015593, -0.00658611580729, 0.00137064489536, 0.000121893295727, -0.00306008756161, 0.00425071641803], [-0.000665567815304, 0.00276635959744, 0.00148421514314, -0.00263424660079, 0.00176775967702, -0.0093267839402, 0.0150132672861, -0.0075984862633, 0.0070715136826, -0.00133608456235, 0.00157724553719, 0.00317003461532, -0.00449611013755], [0.00206846976653, -0.00648860121146, 0.000156529538799, -0.00368101452477, -0.00298730982468, 0.00858518015593, -0.0075984862633, 0.0245396662503, -0.0131775317714, 0.0116262994707, -0.00974554289132, 0.0059832977131, -0.0012605007505], [-0.00202273484319, 0.00592178991064, -0.00108846894, 0.00195393734612, -0.00191569083836, -0.00658611580729, 0.0070715136826, -0.0131775317714, 0.0246130526066, -0.0164638515562, 0.0146794812754, -0.0112833669409, 0.0045275548473], [0.00327941961586, -0.0093954987824, 0.0030748443678, -0.00741507578641, 0.00526791764423, 0.00137064489536, -0.00133608456235, 0.0116262994707, -0.0164638515562, 0.0330377817154, -0.0219210572541, 0.0203655790538, -0.0115038575605], [-0.00159310712479, 0.00473877508193, -0.000403140351409, 0.00493583176285, -0.00580864632502, 0.000121893295727, 0.00157724553719, -0.00974554289132, 0.0146794812754, -0.0219210572541, 0.0383663848042, -0.0232246015221, 0.012836297974], [0.00202384754084, -0.00473353685811, 0.00216997927055, -0.0053747901693, 0.00548096513376, -0.00306008756161, 0.00317003461532, 0.0059832977131, -0.0112833669409, 0.0203655790538, -0.0232246015221, 0.0333765037358, -0.0151036037132], [-0.000352971401298, 0.00089768745238, -0.000332452735165, 0.00257285148837, -0.00452278694138, 0.00425071641803, -0.00449611013755, -0.0012605007505, 0.0045275548473, -0.0115038575605, 0.012836297974, -0.0151036037132, 0.0235309358686]]}, "melbands": {"dmean": [0.000145755431731, 0.00194208719768, 0.00187576189637, 0.000339833204634, 0.000197409346583, 0.000279700558167, 0.000400922610424, 0.000209687670576, 0.000122865210869, 6.14393502474e-05, 5.67956230952e-05, 3.55273696186e-05, 2.08408891922e-05, 7.8142466009e-06, 1.03592892629e-05, 9.53543894866e-06, 2.70364080279e-06, 1.66133986568e-06, 2.32186971516e-06, 7.59778288284e-07, 7.62323793424e-07, 7.68388304095e-07, 2.5880171961e-07, 2.13648917224e-07, 6.36201065163e-08, 2.94619528773e-08, 3.34739098662e-08, 1.35051001493e-08, 9.73803349069e-09, 2.76971690027e-09, 4.03768041224e-09, 9.81625447594e-10, 9.29113286308e-10, 6.67737087845e-10, 5.44683631531e-10, 1.99862626449e-10, 1.41787526164e-10, 5.29640949154e-11, 2.13955676093e-11, 1.36521766114e-11], "dmean2": [0.000259647786152, 0.00359814893454, 0.00333056831732, 0.000568988034502, 0.000328822527081, 0.000488736026455, 0.000711960718036, 0.000324745196849, 0.000160665425938, 9.11369934329e-05, 7.56473018555e-05, 4.75910055684e-05, 3.17669364449e-05, 1.12433763206e-05, 1.58811344591e-05, 1.37303695738e-05, 3.91588127968e-06, 2.42840928877e-06, 3.3623850868e-06, 1.12275745323e-06, 1.12637439997e-06, 1.06943593892e-06, 3.81850583153e-07, 3.19079816791e-07, 9.74242411189e-08, 4.10745322199e-08, 4.2528231603e-08, 1.86413302572e-08, 1.31628201672e-08, 4.12619538537e-09, 6.73979938526e-09, 1.55754886766e-09, 1.27924426607e-09, 9.48189415872e-10, 8.28203505776e-10, 3.31774746565e-10, 2.07624181736e-10, 8.27421395289e-11, 3.71302953661e-11, 2.46607508719e-11], "dvar": [4.94293566078e-08, 8.37030711409e-06, 7.3928808888e-06, 2.02547866479e-07, 1.00549719662e-07, 4.24375173225e-07, 3.79809932838e-07, 1.29996053033e-07, 5.47256888694e-08, 2.55222083467e-08, 1.31503881562e-07, 2.03361256723e-08, 4.8543831177e-09, 4.57128029874e-10, 2.45310127767e-09, 6.14158590651e-09, 4.90309320922e-11, 2.21553001639e-11, 1.83964940503e-10, 1.86968079907e-11, 1.04739732512e-11, 8.86393042299e-12, 5.13039914371e-12, 3.88316895999e-12, 1.84801040573e-13, 7.1679946321e-14, 5.30290702571e-14, 1.1872946372e-14, 6.39972439869e-15, 5.48235192968e-16, 1.4049391389e-15, 1.89623174789e-16, 6.44884828623e-17, 4.79503697079e-17, 3.56033060934e-17, 7.26450610741e-18, 1.70841427281e-18, 1.34112253204e-19, 8.76066421299e-21, 6.29424063584e-22], "dvar2": [1.5726249103e-07, 2.84710895357e-05, 2.41553771048e-05, 5.63185380997e-07, 2.60006004282e-07, 1.11065548936e-06, 1.12439079203e-06, 2.45558624101e-07, 9.18457985222e-08, 3.56385783107e-08, 2.69241553497e-07, 2.9965026016e-08, 1.02071613384e-08, 9.79819780866e-10, 6.59643095702e-09, 7.48725170752e-09, 1.09450094821e-10, 4.70416899878e-11, 3.66426611276e-10, 4.17741605196e-11, 2.15583419172e-11, 1.8371722546e-11, 1.15224088951e-11, 8.53649009119e-12, 3.55266732916e-13, 1.5385646045e-13, 7.60375513638e-14, 2.10652587767e-14, 1.43186447399e-14, 1.39868263591e-15, 3.59854112586e-15, 5.26768625227e-16, 1.17758715787e-16, 8.94337950648e-17, 7.1513330758e-17, 1.96216604982e-17, 3.76035148414e-18, 3.04874371959e-19, 2.14180325045e-20, 1.68530537328e-21], "max": [0.00320798880421, 0.0308667812496, 0.0499990321696, 0.00539282429963, 0.00851573329419, 0.0180161036551, 0.00897708535194, 0.0114052649587, 0.00574211310595, 0.0066018588841, 0.0113395536318, 0.00377985648811, 0.00212840153836, 0.000602193234954, 0.00208496535197, 0.00381677271798, 0.000132406974444, 0.000118548152386, 0.000429224950494, 0.000186117409612, 0.000109006417915, 7.97728862381e-05, 8.47676637932e-05, 7.08825173206e-05, 1.80323386303e-05, 1.20724944281e-05, 9.08334277483e-06, 4.64263257527e-06, 2.72552415481e-06, 7.21360038369e-07, 1.2276570942e-06, 5.37025528047e-07, 2.61869871565e-07, 3.23980231087e-07, 2.74123607369e-07, 1.0375627113e-07, 5.93636393376e-08, 1.23500702998e-08, 2.65344834993e-09, 7.9696022004e-10], "mean": [0.000217446009628, 0.00291035417467, 0.00336069473997, 0.00076233438449, 0.000561338674743, 0.000753977859858, 0.00102785986383, 0.000719499133993, 0.000414493813878, 0.000160597832291, 0.000123728445033, 9.76453229669e-05, 5.69922303839e-05, 2.24359973799e-05, 3.18063466693e-05, 2.2467569579e-05, 7.00223972672e-06, 4.9968989515e-06, 6.85881423124e-06, 1.91118101611e-06, 1.93308483176e-06, 1.62085439115e-06, 4.32884689872e-07, 3.43250349033e-07, 1.14949045837e-07, 6.39536139602e-08, 6.95057664757e-08, 2.4893683559e-08, 1.4551519989e-08, 3.88326792944e-09, 5.11484854471e-09, 1.1017343704e-09, 1.33667166224e-09, 1.07885500533e-09, 6.03933292265e-10, 2.2710218428e-10, 1.74612935222e-10, 6.60624333015e-11, 2.93181624811e-11, 2.16572870748e-11], "median": [8.12748476164e-05, 0.00154755858239, 0.0020881309174, 0.000560124288313, 0.000329228525516, 0.000381699181162, 0.000698431802448, 0.000379048957257, 0.00024414647487, 7.14278576197e-05, 3.47877357854e-05, 2.48330597969e-05, 1.8247485059e-05, 1.02400181277e-05, 1.1146493307e-05, 8.74616307556e-06, 3.05426897285e-06, 1.67998643974e-06, 1.28745273287e-06, 5.01552790411e-07, 4.78673371163e-07, 1.92662739096e-07, 4.11926350807e-08, 2.1080394319e-08, 1.37626940955e-08, 9.52722878367e-09, 3.13312464861e-09, 9.4021390673e-10, 3.99983129951e-10, 1.6310297557e-10, 7.37379324267e-11, 5.23222645765e-11, 5.16020767782e-11, 4.10876749291e-11, 3.19331158738e-11, 2.78063128079e-11, 2.37653542678e-11, 2.11193076916e-11, 1.83733063486e-11, 1.64602480951e-11], "min": [1.49595381382e-24, 1.23933736135e-24, 1.31650048105e-24, 9.49636378339e-25, 7.83170259866e-25, 1.54365327453e-24, 1.6513937276e-24, 1.7584715375e-24, 2.02389088881e-24, 2.67701782288e-24, 2.35648450722e-24, 1.02992555659e-24, 1.94565225588e-24, 3.13120586957e-24, 3.23093327078e-24, 2.29621198418e-24, 3.24440957884e-24, 2.6454300573e-24, 2.94305031633e-24, 3.38695812492e-24, 4.56918570382e-24, 3.87165477547e-24, 4.78474391832e-24, 3.27628113713e-24, 3.7407271366e-24, 3.64798233769e-24, 5.04485186916e-24, 3.49471731343e-24, 4.72354132828e-24, 4.92496433866e-24, 3.66273876979e-24, 3.66136181308e-24, 5.4512311979e-24, 5.74207238074e-24, 4.82090609108e-24, 5.62771792063e-24, 6.0234870702e-24, 6.07418006083e-24, 6.6518108369e-24, 6.41126742537e-24], "var": [1.18584829067e-07, 1.33472149173e-05, 1.8296237613e-05, 5.23383675954e-07, 5.51845573682e-07, 1.66785957845e-06, 1.24034067994e-06, 1.1455006188e-06, 2.80487569171e-07, 1.82027520168e-07, 2.57329190845e-07, 1.20219311839e-07, 3.10898151668e-08, 2.15410800308e-09, 6.96500723762e-09, 2.06434265237e-08, 1.60603974564e-10, 9.04217326014e-11, 5.56733770196e-10, 3.49006622213e-11, 3.67452977768e-11, 2.77325072628e-11, 7.10860580469e-12, 5.6433581766e-12, 3.28422483436e-13, 1.2700475708e-13, 1.60811386993e-13, 2.46020160488e-14, 9.26525125882e-15, 6.05697325774e-16, 1.71093137928e-15, 1.35667334868e-16, 1.18438750895e-16, 1.22211501817e-16, 5.26742856897e-17, 6.62694258822e-18, 2.2868051167e-18, 1.63753003835e-19, 8.11361995028e-21, 6.35055848871e-22]}, "mfcc": {"mean": [-821.583129883, 265.734558105, 18.7411785126, -17.0155200958, 10.2130231857, -3.05653357506, -11.4641637802, -7.32597064972, -4.31797361374, -0.521570503712, 0.0711982026696, 1.02834177017, 0.629567980766], "cov": [[7188.88867188, 4548.68994141, -1176.53430176, -230.878631592, 371.701019287, -223.675247192, -84.1704406738, 92.05128479, -9.10365009308, 6.1569018364, -87.5381774902, -63.1688995361, 13.7299423218], [4548.68994141, 3719.96948242, -139.103652954, -539.969177246, 213.755996704, -1.70921111107, -120.192695618, -10.6750555038, -37.1469573975, -43.0180091858, -34.7392120361, -25.4741477966, -8.19143390656], [-1176.53430176, -139.103652954, 821.670471191, -136.826660156, -172.923065186, 162.151046753, -16.1500110626, -84.9444351196, -5.87370061874, -12.6330213547, 40.5573501587, 34.6141281128, -21.2833156586], [-230.878631592, -539.969177246, -136.826660156, 402.326782227, 68.941734314, -99.8279037476, 35.8055000305, 47.1995239258, 35.4815254211, 67.9579925537, 18.371427536, -7.84294223785, 35.3649139404], [371.701019287, 213.755996704, -172.923065186, 68.941734314, 231.127578735, -35.923286438, -35.7627220154, 58.2142486572, 10.4918613434, 16.9357852936, 13.4619607925, -14.6640415192, 39.744354248], [-223.675247192, -1.70921111107, 162.151046753, -99.8279037476, -35.923286438, 138.283050537, 42.4669456482, -24.7565917969, 13.6147327423, -1.33525168896, -1.48288905621, 19.242767334, -3.87550067902], [-84.1704406738, -120.192695618, -16.1500110626, 35.8055000305, -35.7627220154, 42.4669456482, 111.454681396, 34.973400116, 12.9441051483, 19.7924175262, -7.53008413315, -0.953019440174, -1.84785103798], [92.05128479, -10.6750555038, -84.9444351196, 47.1995239258, 58.2142486572, -24.7565917969, 34.973400116, 110.409751892, 29.0362892151, -10.4197254181, 9.05296611786, -8.34267044067, 0.813298523426], [-9.10365009308, -37.1469573975, -5.87370061874, 35.4815254211, 10.4918613434, 13.6147327423, 12.9441051483, 29.0362892151, 74.5025024414, 44.3758430481, -7.96169996262, -5.67823648453, 9.15915966034], [6.1569018364, -43.0180091858, -12.6330213547, 67.9579925537, 16.9357852936, -1.33525168896, 19.7924175262, -10.4197254181, 44.3758430481, 103.502502441, 19.8175735474, -22.3925094604, 22.717048645], [-87.5381774902, -34.7392120361, 40.5573501587, 18.371427536, 13.4619607925, -1.48288905621, -7.53008413315, 9.05296611786, -7.96169996262, 19.8175735474, 67.2287139893, 25.5315437317, -10.2850456238], [-63.1688995361, -25.4741477966, 34.6141281128, -7.84294223785, -14.6640415192, 19.242767334, -0.953019440174, -8.34267044067, -5.67823648453, -22.3925094604, 25.5315437317, 67.8458404541, 8.30393886566], [13.7299423218, -8.19143390656, -21.2833156586, 35.3649139404, 39.744354248, -3.87550067902, -1.84785103798, 0.813298523426, 9.15915966034, 22.717048645, -10.2850456238, 8.30393886566, 75.0914382935]], "icov": [[0.164694041014, -0.231395348907, 0.229132547975, -0.223859727383, 0.215367868543, -0.206727340817, 0.194681838155, -0.173525810242, 0.148273736238, -0.12814848125, 0.100024625659, -0.0619507431984, 0.0382614694536], [-0.231395348907, 0.325536549091, -0.32200807333, 0.315398156643, -0.303328096867, 0.291132539511, -0.273752421141, 0.243866488338, -0.208233758807, 0.179507747293, -0.139985144138, 0.0865777134895, -0.0534472092986], [0.229132547975, -0.32200807333, 0.321162372828, -0.312148213387, 0.301918923855, -0.291335105896, 0.273171663284, -0.241559043527, 0.206126257777, -0.177201807499, 0.136416345835, -0.0844197049737, 0.0520036742091], [-0.223859727383, 0.315398156643, -0.312148213387, 0.310760676861, -0.296305030584, 0.288578718901, -0.270763933659, 0.239490717649, -0.205931827426, 0.17474322021, -0.137772426009, 0.0836869925261, -0.052897028625], [0.215367868543, -0.303328096867, 0.301918923855, -0.296305030584, 0.293162286282, -0.279140859842, 0.266147136688, -0.238314941525, 0.202141448855, -0.173897534609, 0.132719904184, -0.0808983519673, 0.0472892858088], [-0.206727340817, 0.291132539511, -0.291335105896, 0.288578718901, -0.279140859842, 0.286436259747, -0.267332792282, 0.238204076886, -0.207496061921, 0.177089750767, -0.137451961637, 0.0819294527173, -0.0517084188759], [0.194681838155, -0.273752421141, 0.273171663284, -0.270763933659, 0.266147136688, -0.267332792282, 0.268842071295, -0.240155503154, 0.209035530686, -0.186289906502, 0.147013291717, -0.0906541198492, 0.0550600998104], [-0.173525810242, 0.243866488338, -0.241559043527, 0.239490717649, -0.238314941525, 0.238204076886, -0.240155503154, 0.235087886453, -0.204664856195, 0.184882804751, -0.147857412696, 0.0935971364379, -0.0545221120119], [0.148273736238, -0.208233758807, 0.206126257777, -0.205931827426, 0.202141448855, -0.207496061921, 0.209035530686, -0.204664856195, 0.201262578368, -0.175600707531, 0.140989169478, -0.0894497260451, 0.053021684289], [-0.12814848125, 0.179507747293, -0.177201807499, 0.17474322021, -0.173897534609, 0.177089750767, -0.186289906502, 0.184882804751, -0.175600707531, 0.17429882288, -0.137726739049, 0.0924256816506, -0.055311113596], [0.100024625659, -0.139985144138, 0.136416345835, -0.137772426009, 0.132719904184, -0.137451961637, 0.147013291717, -0.147857412696, 0.140989169478, -0.137726739049, 0.131059110165, -0.0824243947864, 0.0494042783976], [-0.0619507431984, 0.0865777134895, -0.0844197049737, 0.0836869925261, -0.0808983519673, 0.0819294527173, -0.0906541198492, 0.0935971364379, -0.0894497260451, 0.0924256816506, -0.0824243947864, 0.070127338171, -0.0348619297147], [0.0382614694536, -0.0534472092986, 0.0520036742091, -0.052897028625, 0.0472892858088, -0.0517084188759, 0.0550600998104, -0.0545221120119, 0.053021684289, -0.055311113596, 0.0494042783976, -0.0348619297147, 0.0352778919041]]}, "spectral_contrast_coeffs": {"dmean": [0.0493864230812, 0.0354490615427, 0.026786994189, 0.0203548446298, 0.0149857727811, 0.0295316949487], "dmean2": [0.0848848670721, 0.0610922835767, 0.0427971184254, 0.0333993919194, 0.0238233953714, 0.0518665798008], "dvar": [0.00155645154882, 0.000881320855115, 0.000540033041034, 0.000473001680803, 0.000263300578808, 0.000708997424226], "dvar2": [0.00463982438669, 0.00248161074705, 0.00131026655436, 0.00115063856356, 0.000526540447026, 0.00197200058028], "max": [-0.284775972366, -0.504123568535, -0.462061226368, -0.492977559566, -0.533354461193, -0.584529876709], "mean": [-0.555022716522, -0.720168173313, -0.75753736496, -0.723882317543, -0.723846852779, -0.881392717361], "median": [-0.542309105396, -0.714873254299, -0.760587990284, -0.719181776047, -0.699631392956, -0.887793660164], "min": [-0.987687528133, -0.980404734612, -0.98392701149, -0.9706133008, -0.977402627468, -0.964269757271], "var": [0.0135257253423, 0.0057707009837, 0.00573848607019, 0.00494393706322, 0.00718890363351, 0.00240675639361]}, "spectral_contrast_valleys": {"dmean": [0.424310415983, 0.252507656813, 0.235664650798, 0.22496342659, 0.200100198388, 0.599136769772], "dmean2": [0.722194910049, 0.422644793987, 0.380423605442, 0.360391408205, 0.320870965719, 1.06894636154], "dvar": [0.176082119346, 0.120419487357, 0.113969691098, 0.123034395278, 0.128054738045, 0.274932533503], "dvar2": [0.355198174715, 0.180973812938, 0.178361311555, 0.206617489457, 0.231033146381, 0.785349190235], "max": [-5.73193120956, -4.83224773407, -5.88745546341, -7.33285522461, -8.29856109619, -12