{"lowlevel": {"average_loudness": 0.160939022899, "barkbands_crest": {"dmean": 2.54903173447, "dmean2": 3.94679665565, "dvar": 5.26664066315, "dvar2": 12.3780288696, "max": 26.7714138031, "mean": 14.0880250931, "median": 13.4625844955, "min": 2.89374899864, "var": 26.9882087708}, "barkbands_flatness_db": {"dmean": 0.0238610655069, "dmean2": 0.0359489768744, "dvar": 0.000528687029146, "dvar2": 0.00123270321637, "max": 0.662183046341, "mean": 0.327591747046, "median": 0.320960074663, "min": 0.0362563766539, "var": 0.00689480174333}, "barkbands_kurtosis": {"dmean": 4.84675931931, "dmean2": 7.15767812729, "dvar": 122.704139709, "dvar2": 227.764984131, "max": 985.794677734, "mean": 8.09562683105, "median": 3.21338272095, "min": -1.90965044498, "var": 372.567596436}, "barkbands_skewness": {"dmean": 0.661246418953, "dmean2": 0.972222983837, "dvar": 0.546745061874, "dvar2": 1.14301860332, "max": 24.1891174316, "mean": 2.02739357948, "median": 1.73320698738, "min": -3.24489736557, "var": 2.69915819168}, "barkbands_spread": {"dmean": 2.01750278473, "dmean2": 3.14416241646, "dvar": 5.65741539001, "dvar2": 13.5298891068, "max": 75.6689147949, "mean": 7.50393438339, "median": 5.98666238785, "min": 0.160263672471, "var": 33.7354888916}, "dissonance": {"dmean": 0.0322536565363, "dmean2": 0.053653690964, "dvar": 0.000929409463424, "dvar2": 0.00252957222983, "max": 0.500000119209, "mean": 0.423051953316, "median": 0.433148741722, "min": 0.137624368072, "var": 0.00265484908596}, "dynamic_complexity": 4.64718532562, "erbbands_crest": {"dmean": 2.84571170807, "dmean2": 4.47511291504, "dvar": 6.64327192307, "dvar2": 15.8227529526, "max": 32.7352752686, "mean": 13.5387887955, "median": 12.5666561127, "min": 3.63498234749, "var": 28.1028404236}, "erbbands_flatness_db": {"dmean": 0.0165971536189, "dmean2": 0.0248812977225, "dvar": 0.00022466055816, "dvar2": 0.000503653311171, "max": 0.579725682735, "mean": 0.351343512535, "median": 0.344839125872, "min": 0.0676326230168, "var": 0.00360554805957}, "erbbands_kurtosis": {"dmean": 1.61286509037, "dmean2": 2.46292042732, "dvar": 8.24047279358, "dvar2": 16.3227539062, "max": 159.694503784, "mean": 1.57160925865, "median": 0.137314796448, "min": -1.92052161694, "var": 27.8293361664}, "erbbands_skewness": {"dmean": 0.473415195942, "dmean2": 0.698369979858, "dvar": 0.217807486653, "dvar2": 0.460768312216, "max": 8.10304927826, "mean": 0.76555120945, "median": 0.637514591217, "min": -3.72201037407, "var": 1.11532795429}, "erbbands_spread": {"dmean": 3.8061606884, "dmean2": 5.92163276672, "dvar": 15.8173131943, "dvar2": 39.3870315552, "max": 90.8361358643, "mean": 18.1480674744, "median": 16.4829902649, "min": 0.665005266666, "var": 103.742988586}, "hfc": {"dmean": 2.86644601822, "dmean2": 4.13135910034, "dvar": 23.5318832397, "dvar2": 48.6204490662, "max": 249.662246704, "mean": 9.95891666412, "median": 7.68234062195, "min": 1.20239450297e-16, "var": 97.6514053345}, "melbands_crest": {"dmean": 2.81674313545, "dmean2": 4.38036394119, "dvar": 6.36406040192, "dvar2": 14.8002634048, "max": 33.994644165, "mean": 16.6983470917, "median": 16.3118801117, "min": 2.81655955315, "var": 32.5832290649}, "melbands_flatness_db": {"dmean": 0.0256863888353, "dmean2": 0.037795457989, "dvar": 0.00066438887734, "dvar2": 0.00149343488738, "max": 0.754667103291, "mean": 0.374249339104, "median": 0.366599410772, "min": 0.0097392629832, "var": 0.00959568005055}, "melbands_kurtosis": {"dmean": 6.03022623062, "dmean2": 9.01675605774, "dvar": 87.1660919189, "dvar2": 192.30657959, "max": 177.523178101, "mean": 12.0047111511, "median": 5.97740364075, "min": -1.84111082554, "var": 266.362304688}, "melbands_skewness": {"dmean": 0.66764742136, "dmean2": 0.990405082703, "dvar": 0.478879779577, "dvar2": 1.06707251072, "max": 11.7388477325, "mean": 2.45145273209, "median": 2.19156813622, "min": -2.66373062134, "var": 2.83480644226}, "melbands_spread": {"dmean": 3.09209871292, "dmean2": 4.79485034943, "dvar": 14.8358459473, "dvar2": 34.7764358521, "max": 131.063552856, "mean": 10.6532745361, "median": 8.25773525238, "min": 0.301868587732, "var": 80.9976577759}, "pitch_salience": {"dmean": 0.0617713108659, "dmean2": 0.0973582416773, "dvar": 0.00302081089467, "dvar2": 0.00731736421585, "max": 0.878851473331, "mean": 0.470031261444, "median": 0.485003530979, "min": 0.0601369217038, "var": 0.0149672338739}, "silence_rate_20dB": {"dmean": 0.000116292590974, "dmean2": 0.000232598715229, "dvar": 0.000116278039059, "dvar2": 0.000348839821527, "max": 1, "mean": 0.999941885471, "median": 1, "min": 0, "var": 5.81392778258e-05}, "silence_rate_30dB": {"dmean": 0.00639609247446, "dmean2": 0.0127929290757, "dvar": 0.00635516829789, "dvar2": 0.0151884173974, "max": 1, "mean": 0.99116230011, "median": 1, "min": 0, "var": 0.0087589174509}, "silence_rate_60dB": {"dmean": 0.0229096412659, "dmean2": 0.0458219461143, "dvar": 0.0223814006895, "dvar2": 0.0526747889817, "max": 1, "mean": 0.128205135465, "median": 0, "min": 0, "var": 0.111771799624}, "spectral_centroid": {"dmean": 118.935676575, "dmean2": 186.936508179, "dvar": 29930.5039062, "dvar2": 65974.734375, "max": 11263.4853516, "mean": 768.018066406, "median": 597.658081055, "min": 255.221542358, "var": 235155.171875}, "spectral_complexity": {"dmean": 1.6822886467, "dmean2": 2.80560564995, "dvar": 2.89497089386, "dvar2": 7.08878993988, "max": 29, "mean": 10.0194196701, "median": 10, "min": 0, "var": 19.5133132935}, "spectral_decrease": {"dmean": 1.54324986124e-09, "dmean2": 2.1646868742e-09, "dvar": 7.73717696176e-18, "dvar2": 1.58619624868e-17, "max": -3.06762342535e-31, "mean": -4.80588235874e-09, "median": -3.43977535344e-09, "min": -1.16135282724e-07, "var": 2.76547290641e-17}, "spectral_energy": {"dmean": 0.00606004707515, "dmean2": 0.00850274879485, "dvar": 0.000118674215628, "dvar2": 0.000243051443249, "max": 0.460966050625, "mean": 0.0190417766571, "median": 0.0137165524065, "min": 1.0907243139e-20, "var": 0.00042715415475}, "spectral_energyband_high": {"dmean": 1.26426421048e-05, "dmean2": 2.10353300645e-05, "dvar": 1.1907310693e-09, "dvar2": 3.35780625527e-09, "max": 0.000771574908867, "mean": 2.94968649541e-05, "median": 3.34140190716e-06, "min": 7.67818044361e-21, "var": 4.41271286178e-09}, "spectral_energyband_low": {"dmean": 1.25434935399e-05, "dmean2": 1.58696620929e-05, "dvar": 4.56301574303e-09, "dvar2": 4.56466819898e-09, "max": 0.00678524747491, "mean": 2.90338830382e-05, "median": 2.29812758334e-06, "min": 1.31871618228e-22, "var": 3.50186972753e-08}, "spectral_energyband_middle_high": {"dmean": 0.00097186723724, "dmean2": 0.00150162458885, "dvar": 2.96209077533e-06, "dvar2": 7.32267335479e-06, "max": 0.0468381680548, "mean": 0.00270285084844, "median": 0.00212163198739, "min": 1.61209655692e-21, "var": 6.02369073022e-06}, "spectral_energyband_middle_low": {"dmean": 0.00579525763169, "dmean2": 0.00815162062645, "dvar": 0.00011713544518, "dvar2": 0.000242755559157, "max": 0.456889271736, "mean": 0.0163772590458, "median": 0.0108662825078, "min": 3.80496190286e-22, "var": 0.00040054062265}, "spectral_entropy": {"dmean": 0.202899202704, "dmean2": 0.296865820885, "dvar": 0.0456780269742, "dvar2": 0.0996959879994, "max": 9.79926204681, "mean": 6.27113342285, "median": 6.36766958237, "min": 3.62259101868, "var": 0.413310110569}, "spectral_flux": {"dmean": 0.0161325130612, "dmean2": 0.0267382208258, "dvar": 0.000461631745566, "dvar2": 0.00118193367962, "max": 0.347046077251, "mean": 0.0480797998607, "median": 0.0427616275847, "min": 1.04437750115e-10, "var": 0.000917335913982}, "spectral_kurtosis": {"dmean": 13.6280374527, "dmean2": 22.668800354, "dvar": 274.223144531, "dvar2": 692.045715332, "max": 280.081695557, "mean": 30.116607666, "median": 18.182806015, "min": -1.20807480812, "var": 1061.6619873}, "spectral_rms": {"dmean": 0.000594875367824, "dmean2": 0.000827530398965, "dvar": 5.1665239198e-07, "dvar2": 1.02827129922e-06, "max": 0.0212066732347, "mean": 0.00381843373179, "median": 0.00365814194083, "min": 3.26208721493e-12, "var": 3.9969709178e-06}, "spectral_rolloff": {"dmean": 204.185394287, "dmean2": 356.119903564, "dvar": 130716.015625, "dvar2": 290696.78125, "max": 18776.953125, "mean": 932.250244141, "median": 882.861328125, "min": 236.865234375, "var": 427226.96875}, "spectral_skewness": {"dmean": 0.903760433197, "dmean2": 1.52255988121, "dvar": 0.869556307793, "dvar2": 2.28145694733, "max": 13.0928821564, "mean": 3.26494693756, "median": 2.78580403328, "min": -0.42245310545, "var": 4.10591650009}, "spectral_spread": {"dmean": 249653.484375, "dmean2": 427993.25, "dvar": 104371249152, "dvar2": 201610166272, "max": 39979840, "mean": 1854886.5, "median": 1770201.375, "min": 327435.65625, "var": 755339362304}, "spectral_strongpeak": {"dmean": 0.450277775526, "dmean2": 0.710098206997, "dvar": 0.342470616102, "dvar2": 0.820821344852, "max": 11.8749513626, "mean": 1.27319192886, "median": 1.0483455658, "min": 4.44277326039e-09, "var": 1.06906664371}, "zerocrossingrate": {"dmean": 0.00391632923856, "dmean2": 0.00490314234048, "dvar": 3.49721012753e-05, "dvar2": 4.48400969617e-05, "max": 0.6396484375, "mean": 0.0341107286513, "median": 0.029296875, "min": 0.009765625, "var": 0.00037528667599}, "barkbands": {"dmean": [5.23041130407e-08, 1.77975687166e-06, 6.84027327225e-06, 1.22062301671e-05, 0.0016825493658, 0.00352499354631, 0.00124511343893, 0.000419451098423, 0.000431818771176, 0.000354027870344, 0.000286047317786, 0.000143282799399, 0.000264436152065, 0.000164216529811, 9.92109416984e-05, 4.1148843593e-05, 6.87221254339e-05, 3.7504833017e-05, 5.89893752476e-05, 3.65159285138e-05, 5.84810868531e-06, 9.88834131022e-07, 1.21431526168e-07, 6.46833058227e-08, 2.03028818646e-07, 1.40369920132e-07, 6.41646025201e-08], "dmean2": [8.50260519769e-08, 3.07595905724e-06, 8.70463372848e-06, 1.73727912625e-05, 0.0024846221786, 0.00487402128056, 0.00173425953835, 0.000603785330895, 0.000640541198663, 0.000549452495761, 0.000444799428806, 0.000237377476878, 0.000428229977842, 0.000256295112194, 0.000158216673299, 6.88186337356e-05, 0.00011699985771, 6.06291214353e-05, 9.30199894356e-05, 6.39778809273e-05, 1.0198596101e-05, 1.72622969785e-06, 2.13229554902e-07, 1.13303293858e-07, 3.67609914065e-07, 2.63515175902e-07, 1.21824726307e-07], "dvar": [2.73070581175e-14, 9.48732412076e-11, 1.55863810747e-09, 2.54335552619e-09, 1.15766506497e-05, 6.1251623265e-05, 1.5885087123e-05, 1.82214298547e-05, 1.83584870683e-06, 5.07706374719e-07, 6.66923540393e-07, 1.64019027693e-07, 2.61778637878e-07, 1.78870905643e-07, 1.01566094202e-07, 1.7637868055e-08, 4.06005469245e-08, 1.30770931861e-08, 5.84982373653e-08, 3.29855360803e-08, 4.02587463366e-10, 2.23044031161e-11, 1.57070482922e-13, 8.89038327548e-14, 7.21195195577e-12, 5.58511787166e-12, 1.30693773946e-12], "dvar2": [7.27528185807e-14, 3.0876060042e-10, 1.73368897016e-09, 3.57456997335e-09, 2.48584474321e-05, 0.000125639329781, 3.05413668684e-05, 3.30246621161e-05, 3.87981981476e-06, 1.11112922241e-06, 1.73171338247e-06, 4.30528217521e-07, 6.58156011468e-07, 4.02955407708e-07, 2.25383033126e-07, 4.49986146123e-08, 1.15164453973e-07, 3.36607897111e-08, 1.21286774402e-07, 1.11217765664e-07, 1.21596699376e-09, 6.88624504641e-11, 4.62347011804e-13, 2.57433478831e-13, 2.13138794808e-11, 1.63759769634e-11, 3.90000401765e-12], "max": [5.76204456593e-06, 0.000617610989138, 0.00404746318236, 0.0042038843967, 0.0724696144462, 0.185541898012, 0.196583554149, 0.451367855072, 0.0627057924867, 0.0269315540791, 0.0259382352233, 0.0164312645793, 0.0106347864494, 0.0120834186673, 0.00890011619776, 0.00421415735036, 0.00718510523438, 0.00391217553988, 0.0133954314515, 0.00731916818768, 0.000498613109812, 0.000143733996083, 1.25907909023e-05, 1.04687660496e-05, 0.000115824739623, 0.000107291205495, 5.37464002264e-05], "mean": [7.42726271596e-08, 2.26413521887e-06, 1.49851130118e-05, 2.83249064523e-05, 0.00357983424328, 0.00791804585606, 0.00311099179089, 0.000706976104993, 0.000880973122548, 0.000757114496082, 0.000575421610847, 0.000225597628742, 0.000419157964643, 0.000259515218204, 0.00014647046919, 6.42686354695e-05, 0.000106256469735, 5.6652148487e-05, 0.000115458038636, 5.92978503846e-05, 1.17130421131e-05, 1.63461606917e-06, 2.46661670644e-07, 1.2664726512e-07, 2.6046950552e-07, 1.07653114867e-07, 5.00042744989e-08], "median": [1.86563866578e-08, 5.25140080754e-07, 5.69836913655e-07, 3.30863895215e-06, 0.0014779032208, 0.00292989774607, 0.000547951611225, 6.92378380336e-05, 0.000152389460709, 0.000351565686287, 0.000309197348543, 7.94957741164e-05, 0.000176870598807, 7.75241933297e-05, 3.1879866583e-05, 1.56383612193e-05, 2.01013335754e-05, 1.35300106194e-05, 8.3292270574e-06, 3.90136028727e-06, 1.06053778381e-06, 1.82631993084e-07, 4.68990037916e-08, 2.20882672153e-08, 1.20889849242e-08, 4.84809969947e-09, 1.47819256835e-09], "min": [1.19606167482e-23, 8.76502215831e-23, 2.96472829289e-23, 3.36435449897e-24, 1.18908980103e-23, 5.80158980612e-23, 4.98252404792e-23, 1.5739935907e-22, 6.49529136697e-23, 6.53668889401e-23, 5.89332612524e-23, 6.55393717993e-23, 1.30101060947e-22, 1.2331185894e-22, 2.39600432442e-22, 2.11221483232e-22, 1.63415376416e-22, 1.96321869729e-22, 2.90165886352e-22, 2.52687344559e-22, 6.72334815166e-22, 5.97412264755e-22, 5.33958161561e-22, 6.47102878232e-22, 9.57443686597e-22, 1.69088278396e-21, 2.73374650032e-21], "var": [4.81044444187e-14, 9.52647891128e-11, 1.03042623323e-08, 1.6994437857e-08, 3.23056883644e-05, 0.000177047462785, 9.85932856565e-05, 3.69175140804e-05, 6.55979056319e-06, 1.39556777867e-06, 8.82625499798e-07, 2.7682042969e-07, 4.76796316207e-07, 3.79751980972e-07, 1.61050181191e-07, 3.04401801543e-08, 7.14802723678e-08, 2.76386646902e-08, 3.26135506157e-07, 4.93977481142e-08, 1.05829189856e-09, 3.21841893414e-11, 2.64913010148e-13, 1.0692811789e-13, 4.61900266299e-12, 3.18052572126e-12, 7.35886449433e-13]}, "erbbands": {"dmean": [4.14756214013e-05, 0.000510954996571, 0.00531907845289, 0.0419469512999, 1.10952973366, 6.93487739563, 17.1986522675, 29.8346061707, 22.938747406, 14.0857858658, 5.78266143799, 11.0969800949, 7.24276828766, 11.2785654068, 12.9833908081, 6.68259572983, 13.1514616013, 8.32876205444, 6.57287502289, 3.16980266571, 2.56069350243, 2.75824832916, 1.97753512859, 2.33348155022, 3.36453700066, 2.07925820351, 0.414281368256, 0.0859469994903, 0.0264110472053, 0.00864826608449, 0.00307249906473, 0.00169443211053, 0.000988147221506, 0.00123968499247, 0.00189993798267, 0.00103312591091, 9.94356887531e-05, 0.000122113895486, 9.58909186011e-06, 6.85571467329e-06], "dmean2": [6.85392587911e-05, 0.000843302812427, 0.00691169546917, 0.056547049433, 1.55173122883, 10.3602495193, 23.2956447601, 42.0637702942, 33.3795585632, 20.1787967682, 7.8546295166, 16.5024757385, 11.6198329926, 17.2956008911, 20.5790958405, 10.7747945786, 21.2138710022, 12.9559926987, 10.3561038971, 5.16612434387, 4.28114938736, 4.65920591354, 3.2430229187, 3.68703818321, 5.37181520462, 3.61565756798, 0.710810065269, 0.148601427674, 0.0455880351365, 0.0151915252209, 0.00539311114699, 0.0029889207799, 0.00172016886063, 0.00209335563704, 0.00351340859197, 0.00195177015848, 0.000184459655429, 0.000231926664128, 1.68195019796e-05, 9.66465995589e-06], "dvar": [4.05132638548e-08, 6.24875656285e-06, 0.000684133032337, 0.0199676081538, 6.25012588501, 213.25982666, 1360.2890625, 5084.62255859, 5443.32861328, 6254.72265625, 2499.86474609, 1361.90002441, 331.082672119, 579.855102539, 1905.1439209, 242.490844727, 656.884643555, 511.064788818, 337.938934326, 101.415000916, 52.7327346802, 63.4119720459, 31.3254127502, 70.6389694214, 213.787139893, 120.940956116, 1.70332586765, 0.0715375617146, 0.0104735838249, 0.000878310820553, 9.79073229246e-05, 4.38408678747e-05, 2.6718558729e-05, 7.12952387403e-05, 0.000883942702785, 0.000341126899002, 2.37302037931e-06, 4.58923614133e-06, 1.50220298423e-08, 1.50623985506e-10], "dvar2": [1.32543107156e-07, 1.95368775167e-05, 0.000823565176688, 0.0230067074299, 11.7075300217, 483.704345703, 2530.91210938, 10554.8242188, 12233.4111328, 12616.9248047, 4467.76074219, 2933.04223633, 857.239196777, 1184.80822754, 5143.92773438, 589.937683105, 1651.86853027, 1151.13525391, 734.599243164, 238.280838013, 137.342651367, 176.994171143, 81.0694198608, 173.365402222, 475.461242676, 408.451721191, 5.07115888596, 0.21666328609, 0.0317403264344, 0.00264620152302, 0.000286523776595, 0.000129893174744, 7.71036502556e-05, 0.000199961883482, 0.00260968902148, 0.00100640545134, 6.93210904501e-06, 1.36345261126e-05, 4.45830217188e-08, 3.11223241622e-10], "max": [0.0116817587987, 0.15263158083, 2.44786477089, 11.7622203827, 74.7549667358, 290.497741699, 806.345947266, 1807.92626953, 3320.515625, 5216.52441406, 5380, 1719.77600098, 571.458312988, 987.673522949, 1669.05627441, 846.790771484, 517.235656738, 673.981567383, 464.75088501, 429.48828125, 252.363586426, 309.42401123, 267.314056396, 304.7628479, 787.367736816, 442.592468262, 33.9998703003, 6.6485581398, 2.85114765167, 0.779336452484, 0.2628223598, 0.180305078626, 0.258428245783, 0.365710794926, 1.3070744276, 0.875421345234, 0.0678020268679, 0.0988619029522, 0.00587856816128, 0.000521653215401], "mean": [6.43078237772e-05, 0.00083404511679, 0.012670353055, 0.11197258532, 2.71390771866, 14.8311042786, 38.4857940674, 66.5242080688, 51.9869842529, 36.0002593994, 12.2098817825, 22.9707794189, 14.1066856384, 26.4265213013, 24.761133194, 12.8154706955, 21.4624214172, 13.857755661, 9.78996372223, 5.39106798172, 4.10882091522, 4.44076776505, 3.32755589485, 4.31164741516, 6.46698331833, 3.36397910118, 0.920330405235, 0.187990143895, 0.0517791099846, 0.0185144115239, 0.00649209320545, 0.003405272495, 0.00191576080397, 0.00242453021929, 0.00198689871468, 0.000802591268439, 9.45623469306e-05, 9.31809627218e-05, 1.49066645463e-05, 2.17628021346e-05], "median": [2.64180252998e-05, 0.000238122345763, 0.00190563569777, 0.0305592250079, 0.70806491375, 5.86982870102, 16.7136592865, 22.122171402, 12.0997867584, 4.98185777664, 2.99873614311, 4.41367387772, 5.4610619545, 12.8911781311, 14.1476764679, 5.88702201843, 9.36053562164, 4.92151737213, 2.95836234093, 1.47726821899, 1.01232588291, 1.0049751997, 0.83635032177, 0.728418946266, 0.348252654076, 0.207463622093, 0.0803046375513, 0.0259712301195, 0.00773454038426, 0.00289851264097, 0.00123061379418, 0.00064905686304, 0.000346896558767, 0.000177872789209, 8.84749460965e-05, 3.89540036849e-05, 1.62489177455e-05, 3.63101344192e-06, 7.80162281444e-06, 1.58211823873e-05], "min": [2.04676532755e-21, 2.08493296775e-20, 4.73250998763e-20, 1.51594402026e-20, 1.22716727127e-20, 3.25684756293e-20, 2.26383281182e-19, 5.45997779012e-19, 5.58795762353e-19, 2.57004850884e-18, 2.3990926101e-18, 1.37162448109e-18, 2.06910544834e-18, 2.28688948912e-18, 1.91581357799e-18, 3.17455789076e-18, 5.92817432114e-18, 7.34750044699e-18, 8.31564587081e-18, 1.20305330269e-17, 1.19950792387e-17, 9.89723836307e-18, 9.02967148429e-18, 1.20571889222e-17, 1.6357303053e-17, 1.36598058641e-17, 2.22610565209e-17, 2.62670310161e-17, 2.03310340479e-17, 1.75056001424e-17, 1.56274485113e-17, 1.3667376221e-17, 1.01683104129e-17, 1.05004407996e-17, 7.3230613958e-18, 5.97670997076e-18, 2.98838372991e-18, 1.57828883629e-18, 3.92463053607e-19, 3.69692768209e-20], "var": [3.84488743066e-08, 8.90754108696e-06, 0.00468356581405, 0.152434304357, 27.1448574066, 586.152648926, 3820.12475586, 14454.5166016, 18523.4863281, 40874.1875, 4702.12011719, 4646.7578125, 818.640014648, 1683.14477539, 1927.79553223, 624.168701172, 1204.60424805, 1106.0378418, 516.462097168, 229.080947876, 97.1710281372, 112.184425354, 73.714263916, 172.298171997, 1118.11987305, 179.310241699, 5.75236129761, 0.212133780122, 0.0202331654727, 0.00204773852602, 0.000177199020982, 7.06254868419e-05, 2.7996919016e-05, 0.000156279274961, 0.000510814250447, 0.000190738966921, 1.36950211527e-06, 2.61417653746e-06, 8.62004423396e-09, 5.4002174954e-10]}, "gfcc": {"mean": [-177.250930786, 163.558166504, -178.960037231, -39.5218696594, -62.0572280884, -49.92578125, -39.6824035645, -32.0352706909, -39.6852645874, -12.1136016846, 2.99344825745, -3.41559863091, 4.75593423843], "cov": [[12844.359375, 150.275634766, -2233.1550293, 1042.10876465, -287.160980225, -967.309448242, -197.307266235, 44.757522583, 227.605804443, -19.5669384003, -285.538208008, -560.591003418, 56.2784957886], [150.275634766, 1483.7947998, 328.574493408, -343.338287354, 401.698425293, -233.68611145, 100.542869568, -419.656280518, -111.464172363, -256.701660156, 98.3914108276, 68.9617004395, 85.810546875], [-2233.1550293, 328.574493408, 1183.04162598, -326.075378418, 104.735557556, 303.803222656, -134.714309692, -127.385856628, -65.3052825928, -48.0304107666, 118.378616333, 223.678787231, -16.4786262512], [1042.10876465, -343.338287354, -326.075378418, 655.708068848, -102.720573425, -118.442237854, 51.2304458618, -25.1092338562, 70.4971313477, 16.187746048, -116.208976746, -72.5407714844, 8.87767505646], [-287.160980225, 401.698425293, 104.735557556, -102.720573425, 379.366363525, -22.2586765289, -31.98462677, -117.574050903, -150.427749634, -95.1225814819, 33.3618049622, 21.0335273743, -23.9070949554], [-967.309448242, -233.68611145, 303.803222656, -118.442237854, -22.2586765289, 478.762969971, -37.6036148071, 144.294998169, 31.251947403, 15.6600151062, -21.1558952332, -7.15160655975, -79.7467269897], [-197.307266235, 100.542869568, -134.714309692, 51.2304458618, -31.98462677, -37.6036148071, 315.987915039, 55.883430481, -7.59070014954, 10.8139324188, -51.0345115662, -38.7004966736, 35.666973114], [44.757522583, -419.656280518, -127.385856628, -25.1092338562, -117.574050903, 144.294998169, 55.883430481, 485.180633545, 87.9234848022, 47.5006408691, -80.6470565796, -125.454498291, -91.8989028931], [227.605804443, -111.464172363, -65.3052825928, 70.4971313477, -150.427749634, 31.251947403, -7.59070014954, 87.9234848022, 348.852600098, 91.9807281494, -45.3336296082, 5.3897151947, -17.6456623077], [-19.5669384003, -256.701660156, -48.0304107666, 16.187746048, -95.1225814819, 15.6600151062, 10.8139324188, 47.5006408691, 91.9807281494, 236.881942749, 51.1344070435, -8.31084918976, -11.4169082642], [-285.538208008, 98.3914108276, 118.378616333, -116.208976746, 33.3618049622, -21.1558952332, -51.0345115662, -80.6470565796, -45.3336296082, 51.1344070435, 228.478012085, 81.3245620728, 7.57124519348], [-560.591003418, 68.9617004395, 223.678787231, -72.5407714844, 21.0335273743, -7.15160655975, -38.7004966736, -125.454498291, 5.3897151947, -8.31084918976, 81.3245620728, 213.481658936, 66.8737258911], [56.2784957886, 85.810546875, -16.4786262512, 8.87767505646, -23.9070949554, -79.7467269897, 35.666973114, -91.8989028931, -17.6456623077, -11.4169082642, 7.57124519348, 66.8737258911, 130.09185791]], "icov": [[0.000206159078516, -0.000545492919628, 0.000446161546279, -0.000394524424337, 0.000457409856608, -4.07942825404e-05, 0.00069748464739, -0.000359228317393, 0.000295235833619, -0.000393166294089, 0.000209668214666, -0.00012588390382, 2.61765053438e-05], [-0.000545492919628, 0.00508478749543, -0.0024036152754, 0.00283000105992, -0.00388880167156, 0.00185823987704, -0.00419281423092, 0.00345958117396, -0.00341094471514, 0.00442745629698, -0.00206841737963, 0.00361078744754, -0.00140756322071], [0.000446161546279, -0.0024036152754, 0.0029366761446, -0.00104367604945, 0.00189040589612, -0.00160148239229, 0.00247068377212, -0.00125361629762, 0.00173426349647, -0.00182191969361, 0.000950809393544, -0.00283938483335, 0.00111798208673], [-0.000394524424337, 0.00283000105992, -0.00104367604945, 0.00368452793919, -0.00169654237106, 0.00116173166316, -0.00256017711945, 0.00247749406844, -0.00196857913397, 0.00229630013928, -0.000208191995625, 0.00189074093942, -0.000252562225796], [0.000457409856608, -0.00388880167156, 0.00189040589612, -0.00169654237106, 0.0068722278811, -0.0011464295676, 0.00322194350883, -0.0017598925624, 0.00378399668261, -0.00242828531191, 0.00165705173276, -0.00299501465634, 0.00289934989996], [-4.07942825404e-05, 0.00185823987704, -0.00160148239229, 0.00116173166316, -0.0011464295676, 0.00406856648624, -0.00118027266581, 0.000509337696712, -0.00133652461227, 0.00147361436393, -0.000182874369784, 0.00168196961749, 0.000570614007302], [0.00069748464739, -0.00419281423092, 0.00247068377212, -0.00256017711945, 0.00322194350883, -0.00118027266581, 0.00755913648754, -0.00337159563787, 0.00301058869809, -0.00386758800596, 0.00225830147974, -0.00214080186561, -0.000596068624873], [-0.000359228317393, 0.00345958117396, -0.00125361629762, 0.00247749406844, -0.0017598925624, 0.000509337696712, -0.00337159563787, 0.00574816716835, -0.0026034002658, 0.00289618549868, -0.000813395890873, 0.00329807866365, 0.000772341678385], [0.000295235833619, -0.00341094471514, 0.00173426349647, -0.00196857913397, 0.00378399668261, -0.00133652461227, 0.00301058869809, -0.0026034002658, 0.00641204370186, -0.00428228219971, 0.0025927266106, -0.00397698068991, 0.00207520020194], [-0.000393166294089, 0.00442745629698, -0.00182191969361, 0.00229630013928, -0.00242828531191, 0.00147361436393, -0.00386758800596, 0.00289618549868, -0.00428228219971, 0.0095858220011, -0.00396269280463, 0.00383775378577, -0.0010562207317], [0.000209668214666, -0.00206841737963, 0.000950809393544, -0.000208191995625, 0.00165705173276, -0.000182874369784, 0.00225830147974, -0.000813395890873, 0.0025927266106, -0.00396269280463, 0.00757761998102, -0.0037941148039, 0.00192023138516], [-0.00012588390382, 0.00361078744754, -0.00283938483335, 0.00189074093942, -0.00299501465634, 0.00168196961749, -0.00214080186561, 0.00329807866365, -0.00397698068991, 0.00383775378577, -0.0037941148039, 0.0121738994494, -0.00565836718306], [2.61765053438e-05, -0.00140756322071, 0.00111798208673, -0.000252562225796, 0.00289934989996, 0.000570614007302, -0.000596068624873, 0.000772341678385, 0.00207520020194, -0.0010562207317, 0.00192023138516, -0.00565836718306, 0.0133401863277]]}, "melbands": {"dmean": [4.20606028229e-07, 2.01246734832e-06, 1.71005740413e-05, 0.000273573590675, 0.00055762170814, 0.000682140409481, 0.000328461203026, 0.000141340715345, 5.15143474331e-05, 6.37313642073e-05, 3.60248923243e-05, 4.77750691061e-05, 4.29097417509e-05, 2.05612286663e-05, 2.6603893275e-05, 2.16747375816e-05, 1.60910658451e-05, 1.10352821139e-05, 5.12956967214e-06, 3.65552523363e-06, 3.30441912411e-06, 2.79451910501e-06, 3.4406789382e-06, 1.84288887795e-06, 1.85066221547e-06, 3.28335954691e-06, 1.51776805524e-06, 1.23943107155e-06, 3.13616936864e-07, 1.26598450834e-07, 4.56803377347e-08, 1.93042755114e-08, 9.30258359233e-09, 3.77640585469e-09, 1.94895788397e-09, 1.42063649733e-09, 1.00885155785e-09, 7.5033013136e-10, 7.0131411789e-10, 1.18435283802e-09], "dmean2": [7.23690504856e-07, 2.67878067461e-06, 2.59587086475e-05, 0.000394070462789, 0.000767740537412, 0.000958238320891, 0.00047475163592, 0.000203312156373, 6.98593576089e-05, 9.52696354943e-05, 5.79713232582e-05, 7.33124106773e-05, 6.73026079312e-05, 3.33823008987e-05, 4.31943262811e-05, 3.45357839251e-05, 2.52379140875e-05, 1.74454326043e-05, 8.21020421427e-06, 6.0497523009e-06, 5.53324798602e-06, 4.73260570288e-06, 5.84602594245e-06, 2.94608821605e-06, 2.93951848107e-06, 5.19128025189e-06, 2.6043037451e-06, 2.16481294046e-06, 5.38873393907e-07, 2.21656009103e-07, 7.8677587112e-08, 3.37079981705e-08, 1.6549332571e-08, 6.61931798263e-09, 3.41326122921e-09, 2.50731746476e-09, 1.78403569695e-09, 1.31394461977e-09, 1.20200138731e-09, 1.98325134093e-09], "dvar": [5.3547227416e-12, 1.04159070258e-10, 2.05923966767e-09, 3.0182940236e-07, 1.31123499614e-06, 2.58611794379e-06, 1.03474394564e-06, 9.09527841486e-07, 1.13364201582e-07, 4.19923686934e-08, 8.35392111043e-09, 1.10719993174e-08, 1.62644013812e-08, 4.46722570047e-09, 2.33348829148e-09, 1.91840698882e-09, 1.88739535112e-09, 8.09489475451e-10, 2.49609638514e-10, 1.57845778115e-10, 8.94523483064e-11, 6.13863473942e-11, 1.64972743799e-10, 2.92599798557e-11, 5.1409775742e-11, 2.33132430028e-10, 4.21696323694e-11, 4.11856590499e-11, 1.26854310476e-12, 2.20264480483e-13, 3.64517240719e-14, 7.42568882089e-15, 1.73103740035e-15, 1.59707956326e-16, 3.74350479291e-17, 2.78228220907e-17, 1.96233347118e-17, 1.44240496125e-17, 1.43005333491e-17, 6.65082660122e-17], "dvar2": [1.76661931611e-11, 1.31781946466e-10, 4.8402211128e-09, 6.22103129899e-07, 2.51912524618e-06, 5.44057911611e-06, 2.24349741984e-06, 1.77923254796e-06, 2.01531918265e-07, 9.14177675782e-08, 2.16190798596e-08, 2.25217977601e-08, 4.28968256472e-08, 1.19719345548e-08, 5.93004534366e-09, 4.69156402616e-09, 4.34195301935e-09, 1.76912751115e-09, 5.66838187499e-10, 3.84218712401e-10, 2.33648322912e-10, 1.73010841764e-10, 4.56611776167e-10, 7.13669956465e-11, 1.32512001372e-10, 4.89694951256e-10, 1.35626926356e-10, 1.38518890802e-10, 3.82982144262e-12, 6.77294700359e-13, 1.10584969187e-13, 2.27233765929e-14, 5.23130470488e-15, 4.76093502729e-16, 1.09585582383e-16, 8.42084686656e-17, 5.76546872183e-17, 4.20364286836e-17, 4.02338168404e-17, 1.83921716612e-16], "max": [0.000144936551806, 0.000958976452239, 0.00233315629885, 0.0115919839591, 0.025427184999, 0.0382263287902, 0.0424935668707, 0.0802724435925, 0.0349780730903, 0.0092747695744, 0.00291097047739, 0.00438248505816, 0.0043794773519, 0.00283014844172, 0.00107373239007, 0.000835568876937, 0.0011868517613, 0.000656115240417, 0.000568097049836, 0.000461116753286, 0.000312731106533, 0.000207939156098, 0.000665426661726, 0.000278772233287, 0.000252227444435, 0.000885489513166, 0.000246968585998, 0.000258486106759, 2.7777545256e-05, 1.39472185765e-05, 5.6670351114e-06, 2.51290612141e-06, 1.50067705817e-06, 3.72503905055e-07, 1.7613082548e-07, 1.78029367248e-07, 1.35771543341e-07, 1.71300214902e-07, 1.70450420001e-07, 3.92946247985e-07], "mean": [5.34128275831e-07, 4.34008052252e-06, 4.04515740229e-05, 0.000611572817434, 0.00127567595337, 0.00151758128777, 0.000758591108024, 0.000336374418112, 0.000106719773612, 0.000129141917569, 6.77301140968e-05, 0.000108733191155, 8.5697058239e-05, 3.33632888214e-05, 4.65794219053e-05, 3.46362976416e-05, 2.52424324572e-05, 1.59387982421e-05, 7.91901948105e-06, 5.90163881498e-06, 4.88606883664e-06, 4.41681049779e-06, 4.73054205941e-06, 2.79473442788e-06, 3.07407185574e-06, 5.90128001932e-06, 2.71092449111e-06, 1.90357218344e-06, 6.24712697572e-07, 2.39570027816e-07, 6.98344493344e-08, 3.2225553781e-08, 1.64788200863e-08, 7.28538296357e-09, 3.70496855417e-09, 2.63863042527e-09, 1.82986292785e-09, 1.29715438391e-09, 1.31977861972e-09, 2.31234498216e-09], "median": [1.2927424109e-07, 2.96210117767e-07, 7.64904689277e-06, 0.000197803121409, 0.000573072698899, 0.000509194447659, 0.000153423010488, 3.79764351237e-05, 2.40671324718e-05, 2.46764138865e-05, 2.36004489125e-05, 4.75715387438e-05, 4.60687770101e-05, 1.46295960803e-05, 2.03716226679e-05, 1.47604314407e-05, 7.41770736568e-06, 4.70515033157e-06, 1.95606139641e-06, 1.21966877487e-06, 9.46709121763e-07, 8.9351948418e-07, 8.48851300361e-07, 6.29943144759e-07, 4.94033088216e-07, 2.90072591724e-07, 1.62125218139e-07, 1.01545396092e-07, 4.52322659328e-08, 2.27578311751e-08, 9.23583165502e-09, 4.08891986936e-09, 2.1121910887e-09, 1.06404574041e-09, 6.19994666717e-10, 4.28759805438e-10, 2.9707397653e-10, 2.21938203926e-10, 1.59627963625e-10, 1.10704855005e-10], "min": [2.23351497604e-23, 2.67307442555e-23, 2.50528339546e-24, 1.23841311219e-24, 6.45230475853e-24, 1.21390365746e-23, 8.42807000452e-24, 3.24284436047e-23, 1.76611536302e-23, 8.78711925667e-24, 1.00855858844e-23, 8.61707713311e-24, 7.36629241395e-24, 4.47688030044e-24, 1.39703590223e-23, 1.24765522906e-23, 1.33050763333e-23, 1.01221716755e-23, 2.10300961442e-23, 1.26482494444e-23, 1.36966779307e-23, 9.88056014626e-24, 7.97736615924e-24, 1.00680471399e-23, 9.28033087184e-24, 1.2229929917e-23, 8.64979987232e-24, 9.34985081683e-24, 1.15236304052e-23, 1.88821414952e-23, 1.39092223021e-23, 1.07783280326e-23, 1.26505781618e-23, 8.62291312609e-24, 9.6960866013e-24, 7.34766977456e-24, 9.29787513837e-24, 7.30911419782e-24, 7.55283908537e-24, 9.03273031065e-24], "var": [5.07009104839e-12, 6.69405364473e-10, 8.39871550085e-09, 9.95028813122e-07, 3.78798199563e-06, 7.34257037038e-06, 4.05317587138e-06, 4.21621825808e-06, 2.23404171606e-07, 1.40834401918e-07, 2.07214441161e-08, 3.23600986007e-08, 2.03073327043e-08, 5.26564258863e-09, 5.0966328935e-09, 3.51687479139e-09, 3.79982001419e-09, 1.26559618341e-09, 4.21044837884e-10, 3.07530556576e-10, 1.59577892567e-10, 1.12508828642e-10, 2.42463799038e-10, 9.16183032218e-11, 8.66052507487e-11, 1.26681665158e-09, 8.66697755231e-11, 6.0503886623e-11, 3.43443090807e-12, 5.04485992911e-13, 4.93995171375e-14, 1.10696186307e-14, 2.86054207123e-15, 3.07119800054e-16, 6.46694104233e-17, 4.36917659818e-17, 2.73918427936e-17, 1.48001785632e-17, 2.24019303423e-17, 1.74048316767e-16]}, "mfcc": {"mean": [-795.165405273, 187.832550049, -57.5917778015, -11.4117393494, -27.5838699341, -30.2886314392, -11.0772886276, -29.5759773254, -34.8635444641, -24.8991622925, -19.2783699036, -13.2087612152, -8.72345638275], "cov": [[6580.99658203, 1474.85009766, -2002.30749512, 919.614685059, -446.142456055, -616.148864746, -306.176361084, -473.962677002, 58.9024276733, 203.922851562, -105.147224426, -64.8090057373, -35.3375549316], [1474.85009766, 1653.03515625, -46.98853302, -282.448547363, 119.705619812, -150.463943481, -7.76832771301, -30.8260326385, -200.37953186, -173.631225586, -54.6110343933, -106.568412781, -164.954742432], [-2002.30749512, -46.98853302, 1138.67468262, -334.297912598, 148.292709351, 313.959991455, 21.9505977631, 133.176132202, -98.9410018921, -208.767105103, 2.43176436424, 11.696896553, -6.80235099792], [919.614685059, -282.448547363, -334.297912598, 690.019348145, -113.014793396, -54.9220619202, -44.8704948425, -126.199165344, 110.039627075, 39.9654350281, -71.3964157104, 15.2353544235, 41.3812522888], [-446.142456055, 119.705619812, 148.292709351, -113.014793396, 356.878265381, 84.5279693604, -13.6382741928, 93.7403717041, -108.167121887, -54.0082969666, 40.7060165405, -43.6261444092, -64.3488006592], [-616.148864746, -150.463943481, 313.959991455, -54.9220619202, 84.5279693604, 368.421691895, -3.50168681145, -40.9581451416, -36.6955108643, -114.438362122, -16.9231700897, 6.65503549576, -2.53083658218], [-306.176361084, -7.76832771301, 21.9505977631, -44.8704948425, -13.6382741928, -3.50168681145, 364.421844482, 60.7211227417, -42.8537063599, 25.0614376068, -4.98412275314, -28.5969944, -41.594543457], [-473.962677002, -30.8260326385, 133.176132202, -126.199165344, 93.7403717041, -40.9581451416, 60.7211227417, 289.14553833, 101.49331665, 42.5095672607, 41.3482475281, 10.3601169586, -19.1303482056], [58.9024276733, -200.37953186, -98.9410018921, 110.039627075, -108.167121887, -36.6955108643, -42.8537063599, 101.49331665, 381.833526611, 200.486740112, 27.2166137695, 85.2694702148, 64.1326293945], [203.922851562, -173.631225586, -208.767105103, 39.9654350281, -54.0082969666, -114.438362122, 25.0614376068, 42.5095672607, 200.486740112, 327.102539062, 112.037788391, 71.2661514282, 49.3578414917], [-105.147224426, -54.6110343933, 2.43176436424, -71.3964157104, 40.7060165405, -16.9231700897, -4.98412275314, 41.3482475281, 27.2166137695, 112.037788391, 178.76953125, 79.5416870117, 41.4105415344], [-64.8090057373, -106.568412781, 11.696896553, 15.2353544235, -43.6261444092, 6.65503549576, -28.5969944, 10.3601169586, 85.2694702148, 71.2661514282, 79.5416870117, 159.846328735, 83.3712463379], [-35.3375549316, -164.954742432, -6.80235099792, 41.3812522888, -64.3488006592, -2.53083658218, -41.594543457, -19.1303482056, 64.1326293945, 49.3578414917, 41.4105415344, 83.3712463379, 174.756408691]], "icov": [[0.00125102431048, -0.00146520952694, 0.00169196771458, -0.00139389769174, 0.00138452916872, -0.000695128983352, 0.00101099780295, -0.000414432550315, 0.000834013626445, -0.000803310482297, -0.000259473075857, 0.00030082243029, -0.000200336435228], [-0.00146520952694, 0.00258934427984, -0.00191449315753, 0.00207933457568, -0.00198412849568, 0.00150444020983, -0.00122111523524, 0.000999847077765, -0.00122694461606, 0.00159287638962, 0.000314854987664, -0.000462306343252, 0.000837262894493], [0.00169196771458, -0.00191449315753, 0.0038561266847, -0.00137581548188, 0.0019224982243, -0.00203774729744, 0.00139051803853, -0.00138772639912, 0.00128074479289, -0.000379094562959, -0.000363935425412, 0.000115448063298, -0.000463433825644], [-0.00139389769174, 0.00207933457568, -0.00137581548188, 0.00382190197706, -0.00194454402663, 0.00123031320982, -0.00125538161956, 0.00165078113787, -0.00195019657258, 0.00155800487846, 0.00106350204442, -0.000669361033943, 0.000248973286944], [0.00138452916872, -0.00198412849568, 0.0019224982243, -0.00194454402663, 0.00644096406177, -0.00257649924606, 0.00215329835191, -0.00320541462861, 0.00313105760142, -0.00179134984501, -0.00159829854965, 0.00140147993807, 0.000505443604197], [-0.000695128983352, 0.00150444020983, -0.00203774729744, 0.00123031320982, -0.00257649924606, 0.00556810246781, -0.0012573946733, 0.00291748112068, -0.00238016294315, 0.00258347927593, -8.99194710655e-05, -0.000733912049327, 0.000576104328502], [0.00101099780295, -0.00122111523524, 0.00139051803853, -0.00125538161956, 0.00215329835191, -0.0012573946733, 0.00422574067488, -0.00196225196123, 0.0023033360485, -0.00207180832513, 0.000310113653541, 0.000460962590296, 0.000415335671278], [-0.000414432550315, 0.000999847077765, -0.00138772639912, 0.00165078113787, -0.00320541462861, 0.00291748112068, -0.00196225196123, 0.00749098788947, -0.00431777630001, 0.0022264404688, -0.000955209427048, -3.68237888324e-05, 0.000829625874758], [0.000834013626445, -0.00122694461606, 0.00128074479289, -0.00195019657258, 0.00313105760142, -0.00238016294315, 0.0023033360485, -0.00431777630001, 0.00778569933027, -0.00520868739113, 0.00228348560631, -0.00143481919076, -0.000526495976374], [-0.000803310482297, 0.00159287638962, -0.000379094562959, 0.00155800487846, -0.00179134984501, 0.00258347927593, -0.00207180832513, 0.0022264404688, -0.00520868739113, 0.00901732314378, -0.00432032253593, 0.000219445821131, 0.000369548593881], [-0.000259473075857, 0.000314854987664, -0.000363935425412, 0.00106350204442, -0.00159829854965, -8.99194710655e-05, 0.000310113653541, -0.000955209427048, 0.00228348560631, -0.00432032253593, 0.0112042957917, -0.00483546638861, -0.00060775357997], [0.00030082243029, -0.000462306343252, 0.000115448063298, -0.000669361033943, 0.00140147993807, -0.000733912049327, 0.000460962590296, -3.68237888324e-05, -0.00143481919076, 0.000219445821131, -0.00483546638861, 0.0115139372647, -0.00348401768133], [-0.000200336435228, 0.000837262894493, -0.000463433825644, 0.000248973286944, 0.000505443604197, 0.000576104328502, 0.000415335671278, 0.000829625874758, -0.000526495976374, 0.000369548593881, -0.00060775357997, -0.00348401768133, 0.00867415964603]]}, "spectral_contrast_coeffs": {"dmean": [0.0470276251435, 0.0471871718764, 0.0366291068494, 0.0319365374744, 0.0212937816978, 0.0257504004985], "dmean2": [0.077204272151, 0.0744181126356, 0.0591079778969, 0.0525145865977, 0.035101108253, 0.0435394048691], "dvar": [0.00148328370415, 0.00166949862614, 0.000876663019881, 0.000650926900562, 0.000309585535433, 0.000706219230779], "dvar2": [0.00391842797399, 0.00408623553813, 0.00229766545817, 0.00172592664603, 0.000813204678707, 0.00194519595243], "max": [-0.142970904708, -0.258235573769, -0.471506088972, -0.548247694969, -0.584345161915, -0.517010629177], "mean": [-0.44639390707, -0.610825479031, -0.714560806751, -0.739885747433, -0.773781359196, -0.76396214962], "median": [-0.426302015781, -0.609983086586, -0.713281452656, -0.736871480942, -0.77664732933, -0.77084338665], "min": [-0.946926057339, -0.964400947094, -0.974231600761, -0.960351526737, -0.962040841579, -0.961881399155], "var": [0.0149687454104, 0.0119268894196, 0.00447297794744, 0.00346344034187, 0.00378981744871, 0.00599779328331]}, "spectral_contrast_valleys": {"dmean": [0.4562