{"lowlevel": {"average_loudness": 0.713173031807, "barkbands_crest": {"dmean": 2.35588550568, "dmean2": 3.72714924812, "dvar": 4.60198974609, "dvar2": 10.8659000397, "max": 22.2941131592, "mean": 8.73028087616, "median": 7.85265254974, "min": 2.61607217789, "var": 12.1375379562}, "barkbands_flatness_db": {"dmean": 0.0161578916013, "dmean2": 0.0226255729795, "dvar": 0.000192108011106, "dvar2": 0.000379454198992, "max": 0.276250392199, "mean": 0.145256564021, "median": 0.148398399353, "min": 0.0219139158726, "var": 0.00127504824195}, "barkbands_kurtosis": {"dmean": 1.13664221764, "dmean2": 1.77381157875, "dvar": 1.44792842865, "dvar2": 3.32516860962, "max": 16.7340259552, "mean": 1.36009335518, "median": 0.938338160515, "min": -1.6344782114, "var": 3.80832290649}, "barkbands_skewness": {"dmean": 0.335813432932, "dmean2": 0.515506029129, "dvar": 0.079608976841, "dvar2": 0.18046438694, "max": 3.48139858246, "mean": 1.00822520256, "median": 1.03939294815, "min": -2.28498983383, "var": 0.479098290205}, "barkbands_spread": {"dmean": 2.94179177284, "dmean2": 4.36853170395, "dvar": 6.65885925293, "dvar2": 13.8470697403, "max": 59.2191581726, "mean": 15.618563652, "median": 14.0543994904, "min": 3.34572291374, "var": 49.5608291626}, "dissonance": {"dmean": 0.0193040408194, "dmean2": 0.0323696732521, "dvar": 0.000283305678749, "dvar2": 0.000805601244792, "max": 0.5, "mean": 0.46279463172, "median": 0.466458261013, "min": 0.36356729269, "var": 0.000538483262062}, "dynamic_complexity": 3.77570366859, "erbbands_crest": {"dmean": 3.13609457016, "dmean2": 5.06948280334, "dvar": 7.97845363617, "dvar2": 20.4268455505, "max": 28.2976093292, "mean": 9.92236804962, "median": 8.98394870758, "min": 2.2669532299, "var": 19.5190067291}, "erbbands_flatness_db": {"dmean": 0.015417624265, "dmean2": 0.0224086437374, "dvar": 0.000197674802621, "dvar2": 0.000400253018597, "max": 0.332804650068, "mean": 0.203090071678, "median": 0.208772987127, "min": 0.0709293112159, "var": 0.00151751865633}, "erbbands_kurtosis": {"dmean": 0.73118185997, "dmean2": 1.19192647934, "dvar": 0.917917490005, "dvar2": 2.20652937889, "max": 18.3446712494, "mean": 0.18022339046, "median": -0.10566163063, "min": -1.53235280514, "var": 1.78047156334}, "erbbands_skewness": {"dmean": 0.313192337751, "dmean2": 0.489691376686, "dvar": 0.0697400271893, "dvar2": 0.170056030154, "max": 2.84347653389, "mean": 0.457677930593, "median": 0.463766336441, "min": -1.63830173016, "var": 0.283156424761}, "erbbands_spread": {"dmean": 4.32023906708, "dmean2": 6.8894867897, "dvar": 13.0613279343, "dvar2": 31.1306228638, "max": 74.5221710205, "mean": 25.8190021515, "median": 24.3613853455, "min": 3.91531896591, "var": 90.941078186}, "hfc": {"dmean": 4.27514743805, "dmean2": 6.23614025116, "dvar": 32.5680885315, "dvar2": 72.1799545288, "max": 131.941207886, "mean": 17.1901664734, "median": 13.6116018295, "min": 1.0879357349e-16, "var": 195.073638916}, "melbands_crest": {"dmean": 2.95487904549, "dmean2": 4.64122772217, "dvar": 7.44959115982, "dvar2": 18.0768966675, "max": 28.4192352295, "mean": 11.3580417633, "median": 10.432800293, "min": 1.64499914646, "var": 21.5018234253}, "melbands_flatness_db": {"dmean": 0.0172626692802, "dmean2": 0.0236135013402, "dvar": 0.000212798375287, "dvar2": 0.000399866548833, "max": 0.294513076544, "mean": 0.176426827908, "median": 0.181380853057, "min": 0.00356932193972, "var": 0.00206838431768}, "melbands_kurtosis": {"dmean": 1.89708912373, "dmean2": 2.95376896858, "dvar": 3.7069401741, "dvar2": 8.57562637329, "max": 26.2804069519, "mean": 3.72296071053, "median": 3.03231954575, "min": -1.34016954899, "var": 11.2752771378}, "melbands_skewness": {"dmean": 0.383048176765, "dmean2": 0.595167577267, "dvar": 0.10262272507, "dvar2": 0.249935492873, "max": 4.50027084351, "mean": 1.48497879505, "median": 1.46236920357, "min": -1.36506819725, "var": 0.468809008598}, "melbands_spread": {"dmean": 4.72097015381, "dmean2": 7.15801668167, "dvar": 27.7950458527, "dvar2": 62.0037689209, "max": 165.078308105, "mean": 23.4065589905, "median": 19.3799095154, "min": 4.26545810699, "var": 355.731719971}, "pitch_salience": {"dmean": 0.0572300478816, "dmean2": 0.090612731874, "dvar": 0.00213636248372, "dvar2": 0.00533654633909, "max": 0.958903312683, "mean": 0.610230028629, "median": 0.613916635513, "min": 0.277692437172, "var": 0.00723934965208}, "silence_rate_20dB": {"dmean": 0, "dmean2": 0, "dvar": 0, "dvar2": 0, "max": 1, "mean": 1, "median": 1, "min": 1, "var": 0}, "silence_rate_30dB": {"dmean": 0.000773096224293, "dmean2": 0.00154679035768, "dvar": 0.000772498256993, "dvar2": 0.00154439604376, "max": 1, "mean": 0.99922722578, "median": 1, "min": 0, "var": 0.000772200059146}, "silence_rate_60dB": {"dmean": 0.00695786625147, "dmean2": 0.0139211136848, "dvar": 0.00690917856991, "dvar2": 0.0168216209859, "max": 1, "mean": 0.077279753983, "median": 0, "min": 0, "var": 0.0713089928031}, "spectral_centroid": {"dmean": 180.056167603, "dmean2": 266.798492432, "dvar": 92255.15625, "dvar2": 205692.40625, "max": 11773.9804688, "mean": 1454.37109375, "median": 1186.81518555, "min": 499.64239502, "var": 2095910.375}, "spectral_complexity": {"dmean": 2.82102823257, "dmean2": 4.23665904999, "dvar": 5.8856215477, "dvar2": 12.8009138107, "max": 45, "mean": 20.1499233246, "median": 20, "min": 0, "var": 59.513710022}, "spectral_decrease": {"dmean": 1.22425025673e-09, "dmean2": 1.83679027543e-09, "dvar": 2.89717052376e-18, "dvar2": 6.60000338362e-18, "max": 1.87376420591e-28, "mean": -4.75527306421e-09, "median": -3.75244635364e-09, "min": -4.53511006526e-08, "var": 1.48109203307e-17}, "spectral_energy": {"dmean": 0.00496744504198, "dmean2": 0.0074368850328, "dvar": 4.73405016237e-05, "dvar2": 0.000107882653538, "max": 0.183132663369, "mean": 0.0195066779852, "median": 0.0154413543642, "min": 1.01314123479e-20, "var": 0.000246881856583}, "spectral_energyband_high": {"dmean": 7.06525243004e-05, "dmean2": 8.9341403509e-05, "dvar": 1.3007121602e-08, "dvar2": 1.91806446281e-08, "max": 0.00242836447433, "mean": 0.000232702310313, "median": 0.000115868242574, "min": 7.1339513383e-21, "var": 1.17447733317e-07}, "spectral_energyband_low": {"dmean": 0.000173310356331, "dmean2": 0.000252958328929, "dvar": 8.4088107144e-08, "dvar2": 1.95497648292e-07, "max": 0.00571493152529, "mean": 0.000570030591916, "median": 0.000284768058918, "min": 1.73478448999e-23, "var": 5.59930754207e-07}, "spectral_energyband_middle_high": {"dmean": 0.00214450713247, "dmean2": 0.00335830869153, "dvar": 9.89893032965e-06, "dvar2": 2.37721560552e-05, "max": 0.0519594289362, "mean": 0.00640179915354, "median": 0.00454495800659, "min": 1.19793029383e-21, "var": 3.68227701983e-05}, "spectral_energyband_middle_low": {"dmean": 0.00402410933748, "dmean2": 0.00604988448322, "dvar": 3.82330981665e-05, "dvar2": 8.69128489285e-05, "max": 0.157985582948, "mean": 0.012950733304, "median": 0.00969067588449, "min": 1.66680616853e-22, "var": 0.000136042115628}, "spectral_entropy": {"dmean": 0.107522472739, "dmean2": 0.15165823698, "dvar": 0.00971568189561, "dvar2": 0.0179947502911, "max": 9.82380104065, "mean": 7.5142531395, "median": 7.43301963806, "min": 6.67519760132, "var": 0.173039272428}, "spectral_flux": {"dmean": 0.0131689915434, "dmean2": 0.0222133174539, "dvar": 0.000224423885811, "dvar2": 0.00060438219225, "max": 0.241986885667, "mean": 0.0635991021991, "median": 0.0600367560983, "min": 6.32549707058e-11, "var": 0.00103117385879}, "spectral_kurtosis": {"dmean": 2.06057262421, "dmean2": 3.60302424431, "dvar": 4.14510011673, "dvar2": 11.916223526, "max": 20.6539821625, "mean": 6.16808223724, "median": 5.76285648346, "min": -1.26625108719, "var": 8.35746383667}, "spectral_rms": {"dmean": 0.00050445686793, "dmean2": 0.000742001109757, "dvar": 2.81021016235e-07, "dvar2": 6.29740895874e-07, "max": 0.0133666004986, "mean": 0.0039866277948, "median": 0.00388133153319, "min": 3.1439315127e-12, "var": 3.13765804094e-06}, "spectral_rolloff": {"dmean": 300.241912842, "dmean2": 486.213562012, "dvar": 216830.25, "dvar2": 428115.9375, "max": 19853.6132812, "mean": 1896.90881348, "median": 1335.05859375, "min": 452.197265625, "var": 6975138}, "spectral_skewness": {"dmean": 0.213349580765, "dmean2": 0.36529931426, "dvar": 0.0383964553475, "dvar2": 0.107857361436, "max": 2.97629380226, "mean": 1.65774273872, "median": 1.67690396309, "min": -0.0884657278657, "var": 0.172009691596}, "spectral_spread": {"dmean": 295652.59375, "dmean2": 435522.03125, "dvar": 722955796480, "dvar2": 1187095379970.0, "max": 42762624, "mean": 4031723.5, "median": 2942456.25, "min": 1887588.625, "var": 29882438385700.0}, "spectral_strongpeak": {"dmean": 0.64788544178, "dmean2": 1.03723156452, "dvar": 0.649652183056, "dvar2": 1.56613433361, "max": 11.3495702744, "mean": 1.37873482704, "median": 1.08229875565, "min": 0, "var": 1.44479358196}, "zerocrossingrate": {"dmean": 0.00642975978553, "dmean2": 0.00777152646333, "dvar": 0.000130713815452, "dvar2": 0.000253624544712, "max": 0.52392578125, "mean": 0.0668756663799, "median": 0.051513671875, "min": 0.02099609375, "var": 0.0049371868372}, "barkbands": {"dmean": [4.46562680168e-08, 2.06976310437e-05, 7.5558302342e-05, 0.000222624585149, 0.000660267658532, 0.000966498395428, 0.00110969273373, 0.00195770314895, 0.00120776507538, 0.00106870208401, 0.000644780811854, 0.000705621379893, 0.000460545765236, 0.00026981724659, 0.000313473283313, 0.000216006490518, 0.000238964115852, 0.000142688586493, 0.000125913400552, 4.80942471768e-05, 2.3040060114e-05, 1.63193399203e-05, 8.21836238174e-06, 5.66989365325e-06, 1.55779380293e-05, 1.42094188504e-06, 2.40314079747e-06], "dmean2": [7.47548725144e-08, 3.37255551131e-05, 0.00010539359937, 0.000344590254826, 0.00092062400654, 0.00139268289786, 0.00158493209165, 0.00289782835171, 0.00203411164694, 0.00176073482726, 0.00107031327207, 0.00122961518355, 0.0007010307163, 0.000431627413491, 0.000532103702426, 0.000353670184268, 0.000395816547098, 0.000230789766647, 0.00020264419436, 7.53914137022e-05, 3.4620265069e-05, 2.37480162468e-05, 1.24758589664e-05, 7.93926847109e-06, 2.04919888347e-05, 1.83330303116e-06, 2.69011911769e-06], "dvar": [7.67148761779e-15, 1.16021237062e-09, 2.18117985895e-08, 1.04498774078e-07, 8.79552203514e-07, 2.26968541028e-06, 4.19474736191e-06, 2.02855135285e-05, 1.21962357298e-05, 4.84626116304e-06, 1.6887519223e-06, 2.3394843538e-06, 2.62391154138e-06, 6.01231249675e-07, 2.15876198695e-07, 1.49470295696e-07, 1.94482140614e-07, 6.88307864039e-08, 4.11701819303e-08, 3.90028143116e-09, 1.10976061674e-09, 6.7020949901e-10, 3.45986184147e-10, 1.54227963733e-10, 3.10370462664e-09, 1.06224889995e-11, 7.92997750798e-11], "dvar2": [1.93825109364e-14, 2.84030110542e-09, 4.79303174927e-08, 3.01937376435e-07, 1.84620523669e-06, 4.82444920635e-06, 7.72793464421e-06, 3.91153153032e-05, 3.62578830391e-05, 1.30707530843e-05, 4.43366343461e-06, 6.33123318039e-06, 4.76878994959e-06, 1.22190749607e-06, 6.13792110471e-07, 4.03049597253e-07, 5.15369606546e-07, 1.77550646185e-07, 1.02765525867e-07, 9.88267778723e-09, 2.47084952498e-09, 1.49535772653e-09, 9.57434020954e-10, 3.34944155744e-10, 5.61909052621e-09, 1.96302626931e-11, 1.12313276734e-10], "max": [1.33799676405e-06, 0.000674133480061, 0.00251192762516, 0.0043549342081, 0.0157491024584, 0.0283821225166, 0.0396457761526, 0.143846780062, 0.0702374875546, 0.0375929661095, 0.0204592123628, 0.021031877026, 0.0457096733153, 0.0203267019242, 0.0054412544705, 0.00755028286949, 0.00704109435901, 0.00525018805638, 0.00401874445379, 0.000792818900663, 0.000811582081951, 0.00062157161301, 0.000437534792582, 0.000369219895219, 0.000883609522134, 0.000105089151475, 0.000130569678731], "mean": [5.24194021523e-08, 6.12596559222e-05, 0.000214441824937, 0.000527864496689, 0.00172105478123, 0.00221422733739, 0.00229633064009, 0.00342129915953, 0.00195197714493, 0.00170826434623, 0.000973308633547, 0.00106939987745, 0.000767438148614, 0.000443551980425, 0.000521898618899, 0.000373883260181, 0.000410384207498, 0.000273578043561, 0.000259498483501, 0.000112026908027, 6.11563373241e-05, 4.33108398283e-05, 2.33731716435e-05, 1.70542080014e-05, 3.17370395351e-05, 4.14170608565e-06, 4.18393028667e-06], "median": [2.73366609349e-08, 2.86225695163e-05, 0.000106874693302, 0.000322843960021, 0.00127555860672, 0.00122974754777, 0.00112870964222, 0.00119334738702, 0.000648877234198, 0.000571995740756, 0.000392158923205, 0.000319943588693, 0.000272437377134, 0.000233330545598, 0.000335134682246, 0.000233334198128, 0.000227826618357, 0.000174544868059, 0.00016898609465, 7.49876417103e-05, 3.39267935487e-05, 2.17832875933e-05, 6.98332451066e-06, 4.68077996629e-06, 3.41366626344e-06, 8.06138075404e-07, 9.26032512893e-08], "min": [5.4553759717e-25, 3.43357901556e-24, 2.93225514927e-24, 3.02989167465e-24, 1.63577944871e-23, 1.54061568673e-23, 4.64706441896e-24, 7.66438243965e-24, 1.44814683137e-23, 1.37631520838e-23, 9.59349366285e-24, 2.16413781487e-23, 2.37563678782e-23, 4.28505173194e-23, 6.21460519056e-23, 5.01715756602e-23, 7.91188297327e-23, 8.91787310949e-23, 1.21897917275e-22, 1.9154931174e-22, 2.09167743819e-22, 3.24614167284e-22, 4.47549897344e-22, 5.65692584274e-22, 9.62591351103e-22, 1.2487017351e-21, 2.02425716955e-21], "var": [8.15335788522e-15, 6.33037533504e-09, 9.28522823074e-08, 3.76403136215e-07, 2.78049060398e-06, 8.55149573908e-06, 1.46297579704e-05, 4.66690144094e-05, 1.90280297829e-05, 9.02780084289e-06, 2.73858722721e-06, 4.36841446572e-06, 5.22664322489e-06, 1.07665766791e-06, 3.49892843587e-07, 2.32404076428e-07, 3.11271890041e-07, 1.16211424483e-07, 8.63146212282e-08, 1.3351391992e-08, 6.87848089598e-09, 4.19960377585e-09, 2.45871323301e-09, 1.62614244292e-09, 7.96906185485e-09, 1.09276629412e-10, 2.19762472109e-10]}, "erbbands": {"dmean": [0.000168440717971, 0.00638243695721, 0.0605284199119, 0.43627923727, 1.22496294975, 2.50529789925, 5.03872823715, 8.91058826447, 14.610247612, 29.567445755, 38.5417098999, 32.1474914551, 31.643201828, 23.6995124817, 29.8074378967, 32.2965049744, 21.8727302551, 16.4156551361, 15.7219514847, 12.8703308105, 10.7280569077, 9.46898365021, 8.12936306, 7.16448354721, 5.31606483459, 2.32155418396, 1.19066774845, 0.807454705238, 0.559855759144, 0.46610352397, 0.223975107074, 0.129271656275, 0.0987988933921, 0.155685812235, 0.129941642284, 0.0138593493029, 0.0023417964112, 0.000732255808543, 0.000388014683267, 4.38835959358e-05], "dmean2": [0.000280341861071, 0.0102761369199, 0.0876745134592, 0.655158758163, 1.77974998951, 3.52666711807, 6.72072267532, 13.3253078461, 19.7719020844, 45.393825531, 56.5664024353, 53.8654403687, 52.2576751709, 38.9293556213, 49.4593582153, 55.9266586304, 33.4663505554, 25.8956184387, 26.4534053802, 21.699634552, 17.2237052917, 15.4145584106, 13.2247390747, 11.3054866791, 8.57653331757, 3.59966897964, 1.7971521616, 1.21314048767, 0.8176445961, 0.721846163273, 0.343173593283, 0.186896756291, 0.138770565391, 0.213082820177, 0.176514208317, 0.0182705186307, 0.00315911672078, 0.000908577872906, 0.000457523274235, 5.00690875924e-05], "dvar": [5.84364983069e-08, 0.000123003250337, 0.0142675898969, 0.4508035779, 2.59371399879, 15.4739351273, 63.7152099609, 228.190444946, 703.649719238, 3818.71044922, 11648.3466797, 11000.4072266, 5515.92285156, 3502.75878906, 3931.59765625, 5317.42724609, 5053.97558594, 1953.22668457, 625.895812988, 594.949157715, 312.712768555, 270.146728516, 203.635696411, 172.159439087, 58.6175765991, 8.88463020325, 2.83519148827, 1.25571656227, 0.671097457409, 0.944619238377, 0.272157102823, 0.0889245718718, 0.0440116859972, 0.257682800293, 0.242020860314, 0.00146752852015, 3.09333954647e-05, 4.11578866988e-06, 2.13878024624e-06, 2.31297256903e-08], "dvar2": [1.5184610902e-07, 0.000289950869046, 0.0317932218313, 1.22164511681, 5.48087215424, 33.73487854, 114.559684753, 502.419555664, 1289.82958984, 8389.09179688, 20733.7949219, 33277.4765625, 15341.6933594, 9523.61523438, 10326.9101562, 14281.1972656, 9304.26757812, 3900.18408203, 1718.43518066, 1758.14758301, 823.621032715, 679.073547363, 529.618164062, 434.773101807, 154.036621094, 21.6936321259, 6.48749351501, 3.00572633743, 1.52257490158, 2.36763477325, 0.816872537136, 0.211812570691, 0.10776771605, 0.489118695259, 0.446514517069, 0.00283418246545, 5.83163164265e-05, 6.56713291391e-06, 3.29750491801e-06, 3.31266463149e-08], "max": [0.003722098656, 0.208507612348, 2.16762137413, 12.2934598923, 31.7583618164, 74.3130264282, 226.646591187, 360.924987793, 630.093505859, 1258.57629395, 3941.37255859, 2198.32348633, 1403.16418457, 901.414916992, 1091.45605469, 1047.47619629, 1950.2220459, 1064.59887695, 315.968719482, 583.034912109, 272.002166748, 228.984512329, 241.198135376, 260.517486572, 123.065971375, 42.3336639404, 39.3517150879, 22.8351345062, 20.1594200134, 16.3168983459, 12.3073253632, 8.01364898682, 5.55052423477, 8.78724193573, 7.07298660278, 0.626763284206, 0.157722979784, 0.0309460349381, 0.0212239716202, 0.00230683106929], "mean": [0.000494727981277, 0.0203504376113, 0.192571103573, 1.21868944168, 3.07016682625, 5.60373258591, 13.0157032013, 18.6392498016, 31.5447654724, 52.2114143372, 67.7817001343, 54.1201629639, 53.2302894592, 38.8373756409, 48.3932952881, 51.1783103943, 38.0601425171, 28.4744949341, 26.6241722107, 23.5306930542, 20.8298797607, 18.4103736877, 16.5016918182, 14.5582485199, 11.4127101898, 5.5963640213, 3.16990566254, 1.98746883869, 1.50696587563, 1.14231872559, 0.629474878311, 0.384439080954, 0.270480304956, 0.325805485249, 0.246528446674, 0.0340374596417, 0.00634227180853, 0.00165583228227, 0.000713938730769, 8.53658420965e-05], "median": [0.000310867268126, 0.00915584713221, 0.0986584350467, 0.718286216259, 1.97199976444, 3.78113985062, 7.59950065613, 9.53683662415, 15.636964798, 19.4596347809, 28.1247596741, 18.7501106262, 21.0206947327, 14.7042150497, 21.0942687988, 18.4449768066, 16.2237129211, 15.7024784088, 16.1202373505, 15.9496021271, 13.6572265625, 10.7997455597, 10.7350273132, 8.80739212036, 7.52581691742, 3.88004684448, 1.84965848923, 1.1184220314, 0.779229283333, 0.432455569506, 0.186923384666, 0.0903056710958, 0.0838490873575, 0.0509182214737, 0.0178478807211, 0.00524839758873, 0.00131206621882, 0.000212778497371, 2.79724808934e-05, 2.23327824642e-05], "min": [9.50515670314e-23, 3.81685666313e-22, 5.1671735278e-21, 7.35007893052e-21, 1.37223980653e-20, 4.17848380038e-20, 4.98788099912e-20, 1.09754472501e-19, 1.13130325828e-19, 2.34094930936e-19, 1.43840440045e-19, 3.89141897598e-19, 5.4826172065e-19, 8.31570149871e-19, 6.41374805567e-19, 1.01596535542e-18, 1.39001167213e-18, 2.60962207012e-18, 2.23581811733e-18, 3.39521142108e-18, 3.07584215646e-18, 4.58737658674e-18, 5.63175208068e-18, 6.26896404811e-18, 8.39625875741e-18, 9.00367567918e-18, 7.68783067514e-18, 1.11155248585e-17, 1.01351305442e-17, 1.22836213431e-17, 1.25920265355e-17, 1.11667422277e-17, 9.47997289334e-18, 8.11479897346e-18, 6.76396340233e-18, 3.99821760903e-18, 2.21421857038e-18, 9.36040579695e-19, 2.57722983243e-19, 2.73086861457e-20], "var": [2.74437638836e-07, 0.000680224969983, 0.0642266571522, 2.43017792702, 10.5127792358, 40.2943344116, 282.24206543, 868.623718262, 2463.09228516, 9090.30859375, 23545.7539062, 16084.1943359, 10004.0605469, 5544.03076172, 6377.66796875, 9842.87695312, 10088.8515625, 3606.61279297, 1055.7019043, 817.860290527, 563.572570801, 523.401367188, 369.205413818, 339.042510986, 148.402206421, 30.5457210541, 16.2706413269, 6.62998390198, 4.90467739105, 4.01407766342, 1.94052267075, 0.850706875324, 0.371704548597, 0.702409088612, 0.567109167576, 0.00626025116071, 0.000250278535532, 1.67959642567e-05, 5.88661941947e-06, 6.08598682561e-08]}, "gfcc": {"mean": [-60.5222663879, 99.9925842285, -158.576583862, -0.844892203808, -70.1728591919, -14.8206958771, -44.138168335, -2.25437521935, -28.6377391815, -5.79104804993, -16.2181453705, -8.73729610443, -12.3365974426], "cov": [[40313.3085938, 2550.18603516, -3972.91455078, -0.0184054374695, -1813.82202148, -159.791442871, -1569.0111084, -32.4111595154, -845.931213379, -237.781051636, -696.16998291, -304.1590271, -313.598266602], [2550.18603516, 1288.06530762, -636.588500977, 14.0100412369, 10.4271202087, -113.275871277, -56.065120697, -114.40574646, -47.8805389404, -129.529556274, -49.634059906, -103.150428772, 7.24100732803], [-3972.91455078, -636.588500977, 956.350769043, 15.4121799469, 299.83480835, 120.056282043, 175.012039185, 43.0636672974, 119.609321594, 94.0937576294, 49.5716285706, 46.7855453491, 44.5759773254], [-0.0184054374695, 14.0100412369, 15.4121799469, 167.474594116, 12.595495224, 20.0643520355, -27.7731628418, -15.5839986801, 5.81202077866, 7.20569133759, -13.5099563599, -6.92841100693, 4.01406908035], [-1813.82202148, 10.4271202087, 299.83480835, 12.595495224, 268.808105469, 49.5017318726, 88.5818634033, -19.9780292511, 56.1683235168, 5.54915809631, 15.2441606522, -2.46859002113, 33.0238075256], [-159.791442871, -113.275871277, 120.056282043, 20.0643520355, 49.5017318726, 96.1057434082, 36.5118217468, 14.8266134262, 0.9666274786, 15.2166948318, -1.96027350426, 5.86758518219, -3.85312223434], [-1569.0111084, -56.065120697, 175.012039185, -27.7731628418, 88.5818634033, 36.5118217468, 131.971237183, 28.0587940216, 38.6567649841, 2.55985474586, 30.3953514099, 3.73955559731, 7.57521295547], [-32.4111595154, -114.40574646, 43.0636672974, -15.5839986801, -19.9780292511, 14.8266134262, 28.0587940216, 68.3151702881, 27.4492931366, 15.4050312042, 0.41160428524, 5.19467735291, -10.6775217056], [-845.931213379, -47.8805389404, 119.609321594, 5.81202077866, 56.1683235168, 0.9666274786, 38.6567649841, 27.4492931366, 82.9018173218, 30.3250846863, 15.5277471542, -5.3574924469, 3.69072175026], [-237.781051636, -129.529556274, 94.0937576294, 7.20569133759, 5.54915809631, 15.2166948318, 2.55985474586, 15.4050312042, 30.3250846863, 66.3173904419, 21.6517333984, 8.95754528046, -6.40497350693], [-696.16998291, -49.634059906, 49.5716285706, -13.5099563599, 15.2441606522, -1.96027350426, 30.3953514099, 0.41160428524, 15.5277471542, 21.6517333984, 61.5863761902, 26.8164901733, 2.68974375725], [-304.1590271, -103.150428772, 46.7855453491, -6.92841100693, -2.46859002113, 5.86758518219, 3.73955559731, 5.19467735291, -5.3574924469, 8.95754528046, 26.8164901733, 55.3795051575, 23.114408493], [-313.598266602, 7.24100732803, 44.5759773254, 4.01406908035, 33.0238075256, -3.85312223434, 7.57521295547, -10.6775217056, 3.69072175026, -6.40497350693, 2.68974375725, 23.114408493, 53.5404319763]], "icov": [[0.000129717082018, -0.000305678782752, 6.58622593619e-05, 0.000255130347796, 0.000312257267069, -0.00074869004311, 0.001305471058, -0.000892184383702, 0.000594312965404, -0.000379977253033, 0.000401775643695, 0.000155849178554, -5.58454885322e-05], [-0.000305678782752, 0.00291350763291, 0.00168318895157, -0.00081949075684, -0.0022581582889, 0.00254414556548, -0.00397518789396, 0.00393843278289, -0.00209404923953, 0.00207550032064, -0.00120657111984, 0.0022683267016, -0.00112661521416], [6.58622593619e-05, 0.00168318895157, 0.00409452896565, -0.000181859315489, -0.00308065814897, -0.000465268705739, -0.00192133907694, 0.000925451458897, -0.00100422161631, -0.00219660438597, 0.00154541432858, -3.11975090881e-05, -0.00117185246199], [0.000255130347796, -0.00081949075684, -0.000181859315489, 0.00757437758148, 0.00101712136529, -0.00428676046431, 0.00503676058725, 0.000128740037326, -0.00105764868204, -0.000734174682293, 0.00134640350007, 0.00085819180822, -0.000887154659722], [0.000312257267069, -0.0022581582889, -0.00308065814897, 0.00101712136529, 0.0109175769612, -0.00545347668231, 0.0014573255321, 0.00287898094393, -0.00324623705819, 0.00147475278936, 0.000802344176918, 0.000896301935427, -0.00216258433647], [-0.00074869004311, 0.00254414556548, -0.000465268705739, -0.00428676046431, -0.00545347668231, 0.0217763967812, -0.0126974182203, 0.00223356648348, 0.00349734397605, -0.00280099222437, 0.00284862937406, -0.00368676520884, 0.00402463460341], [0.001305471058, -0.00397518789396, -0.00192133907694, 0.00503676058725, 0.0014573255321, -0.0126974182203, 0.031599458307, -0.0170135889202, 0.00412802770734, 0.00390983978286, -0.00763766281307, 0.00760313263163, -0.00298601971008], [-0.000892184383702, 0.00393843278289, 0.000925451458897, 0.000128740037326, 0.00287898094393, 0.00223356648348, -0.0170135889202, 0.0354000143707, -0.0167354494333, 0.00198627146892, 0.00677280128002, -0.00831520278007, 0.00595426093787], [0.000594312965404, -0.00209404923953, -0.00100422161631, -0.00105764868204, -0.00324623705819, 0.00349734397605, 0.00412802770734, -0.0167354494333, 0.0295443627983, -0.011487766169, -0.00224638148211, 0.00826904736459, -0.00385592039675], [-0.000379977253033, 0.00207550032064, -0.00219660438597, -0.000734174682293, 0.00147475278936, -0.00280099222437, 0.00390983978286, 0.00198627146892, -0.011487766169, 0.029973026365, -0.012280030176, 0.00261826254427, 0.00197337032296], [0.000401775643695, -0.00120657111984, 0.00154541432858, 0.00134640350007, 0.000802344176918, 0.00284862937406, -0.00763766281307, 0.00677280128002, -0.00224638148211, -0.012280030176, 0.0361788980663, -0.0211894679815, 0.00928645674139], [0.000155849178554, 0.0022683267016, -3.11975090881e-05, 0.00085819180822, 0.000896301935427, -0.00368676520884, 0.00760313263163, -0.00831520278007, 0.00826904736459, 0.00261826254427, -0.0211894679815, 0.0433207005262, -0.0208791382611], [-5.58454885322e-05, -0.00112661521416, -0.00117185246199, -0.000887154659722, -0.00216258433647, 0.00402463460341, -0.00298601971008, 0.00595426093787, -0.00385592039675, 0.00197337032296, 0.00928645674139, -0.0208791382611, 0.0318276137114]]}, "melbands": {"dmean": [3.47172817783e-06, 2.29750166909e-05, 9.16853095987e-05, 0.000123905425426, 0.000165082514286, 0.000201016242499, 0.000221068257815, 0.00033987997449, 0.000295038887998, 0.000197510235012, 0.000155103669385, 0.00010072337318, 9.25591521082e-05, 9.43884442677e-05, 5.49408287043e-05, 4.61452509626e-05, 3.15317593049e-05, 2.47396146733e-05, 1.65971487149e-05, 2.06765944313e-05, 1.30471371449e-05, 1.12137913675e-05, 9.87305429589e-06, 8.23099253466e-06, 6.19227830612e-06, 4.63811511509e-06, 2.62126377493e-06, 1.54097540417e-06, 9.09636753477e-07, 6.35035121377e-07, 5.34611729108e-07, 3.61509364666e-07, 3.49019472878e-07, 2.44140920813e-07, 1.52018827748e-07, 9.67803472918e-08, 8.85660611516e-08, 6.83790304379e-08, 8.53785593335e-08, 1.63950758747e-07], "dmean2": [5.7203274082e-06, 3.31462724716e-05, 0.000138763847644, 0.000174912565853, 0.000223496928811, 0.000296663114568, 0.000299293547869, 0.000524314935319, 0.000439112132881, 0.000334654992912, 0.0002555505489, 0.000165752149769, 0.000153793589561, 0.000161790856509, 9.24024279811e-05, 6.85699051246e-05, 5.06583455717e-05, 4.15635513491e-05, 2.78181087197e-05, 3.43844621966e-05, 2.12441682379e-05, 1.84279688256e-05, 1.64984066942e-05, 1.33153562274e-05, 9.89876298263e-06, 7.54146776671e-06, 4.29527108281e-06, 2.40852909883e-06, 1.41954956234e-06, 9.82574988484e-07, 8.31915656363e-07, 5.44729005014e-07, 5.39545737865e-07, 3.88619952219e-07, 2.42423823238e-07, 1.52362375161e-07, 1.32626723826e-07, 1.01728794277e-07, 1.26776427578e-07, 2.26908426271e-07], "dvar": [2.85356304558e-11, 2.08555817061e-09, 1.54124393248e-08, 3.16678274714e-08, 6.23903346764e-08, 1.10785016716e-07, 1.60394904469e-07, 5.01855822677e-07, 6.60410137243e-07, 4.07338205832e-07, 1.31633470346e-07, 6.95703477049e-08, 3.52361588796e-08, 3.54042128947e-08, 9.85231274342e-09, 4.49850467987e-08, 8.59896154282e-09, 1.52775125883e-09, 6.34581387438e-10, 1.49998491406e-09, 6.12372430542e-10, 4.45921966019e-10, 3.49046597181e-10, 3.36774247378e-10, 1.47398968031e-10, 5.03225378035e-11, 1.48141932749e-11, 3.98652551942e-12, 1.73920751932e-12, 1.20966789103e-12, 5.87991840547e-13, 2.87287880117e-13, 4.65606719846e-13, 3.38299050232e-13, 1.31407214212e-13, 4.61773767011e-14, 5.25209995666e-14, 2.52314597845e-14, 3.93902338319e-14, 3.3986808051e-13], "dvar2": [7.19191164955e-11, 4.62916194266e-09, 4.22273807033e-08, 6.02551679663e-08, 1.22100374256e-07, 2.37084591959e-07, 2.92901233934e-07, 1.11716087758e-06, 1.1944181324e-06, 1.23383790651e-06, 3.6522942537e-07, 1.89235876746e-07, 9.21803078313e-08, 9.54346077719e-08, 2.61406505331e-08, 7.79027686804e-08, 1.75399375024e-08, 4.13570910851e-09, 1.8198125229e-09, 4.22716084358e-09, 1.67652725036e-09, 1.13004883229e-09, 8.9757823396e-10, 8.64479654528e-10, 3.75274838982e-10, 1.29377342173e-10, 4.20386295219e-11, 9.77955130071e-12, 4.41380178934e-12, 2.93949218265e-12, 1.52225053309e-12, 6.92153474292e-13, 1.16779014844e-12, 8.99556470979e-13, 4.05819095776e-13, 1.27334612039e-13, 1.26912545685e-13, 6.30492904522e-14, 1.08414349004e-13, 6.50167257272e-13], "max": [9.88220926956e-05, 0.000805547519121, 0.00173912884202, 0.00338999042287, 0.00665655126795, 0.00693494640291, 0.00944457296282, 0.0158250518143, 0.0295667015016, 0.0129521945491, 0.00695078913122, 0.00400086631998, 0.0028433802072, 0.0025551142171, 0.00134465692099, 0.00616768049076, 0.00243584346026, 0.000567162991501, 0.000474486063467, 0.00069799751509, 0.000467016303446, 0.00030464361771, 0.000358269520802, 0.000387384672649, 0.000249521603109, 0.000105171639007, 5.19232817169e-05, 2.60819288087e-05, 2.8934186048e-05, 2.78314000752e-05, 1.26589648062e-05, 1.25161959659e-05, 1.21615994431e-05, 1.26331970023e-05, 7.94836159912e-06, 6.66703544994e-06, 5.92680453337e-06, 4.3347540668e-06, 5.1290862757e-06, 9.70495239017e-06], "mean": [1.00537499748e-05, 7.40266477806e-05, 0.000252412486589, 0.000295718084089, 0.000424653611844, 0.000422845885623, 0.000478197238408, 0.000603849010076, 0.00050958286738, 0.000321990111843, 0.000256576866377, 0.000154584340635, 0.000144794816151, 0.000145747995703, 8.96560450201e-05, 7.71822524257e-05, 4.9845835747e-05, 4.05832906836e-05, 2.95693098451e-05, 3.42039711541e-05, 2.3057045837e-05, 1.99896221602e-05, 1.70823295775e-05, 1.46000002132e-05, 1.13080641313e-05, 8.9105551524e-06, 5.7228244259e-06, 3.29521321873e-06, 2.12041118175e-06, 1.41744862958e-06, 1.09384552616e-06, 8.69951747973e-07, 7.8955048366e-07, 5.52502228857e-07, 3.77592783707e-07, 2.63416893631e-07, 2.25677013077e-07, 1.74642551087e-07, 1.99415012503e-07, 3.11687671228e-07], "median": [5.31007526661e-06, 3.71847563656e-05, 0.000169645092683, 0.000212440732867, 0.000276978942566, 0.000223429728067, 0.000228453223826, 0.000214701678487, 0.000211690727156, 0.000104174207081, 9.79423930403e-05, 4.82676550746e-05, 5.85809393669e-05, 5.21972688148e-05, 4.14577516494e-05, 2.75776365015e-05, 2.47812531597e-05, 2.35889929172e-05, 2.02252158488e-05, 2.10172474908e-05, 1.41213558891e-05, 1.12890284072e-05, 9.72867928795e-06, 8.4961320681e-06, 6.22312154519e-06, 5.64395213587e-06, 3.48439743902e-06, 2.28330100072e-06, 1.23924439777e-06, 7.14800535206e-07, 6.1929210915e-07, 4.4787952902e-07, 3.23055417084e-07, 1.91322300225e-07, 1.09351049105e-07, 6.80983873735e-08, 4.45737100563e-08, 5.23958263443e-08, 5.98395502038e-08, 3.51948230559e-08], "min": [1.65459926388e-24, 2.1471484331e-24, 2.26934693162e-24, 1.31303728307e-24, 2.1945822449e-24, 2.87837673831e-24, 1.46589042333e-24, 2.31117785885e-24, 9.59476925094e-25, 2.5423908208e-24, 2.39058361149e-24, 3.05915230056e-24, 1.76073399058e-24, 2.54799173323e-24, 2.2012733631e-24, 2.98886913264e-24, 3.9692790735e-24, 2.04216741548e-24, 4.67438543313e-24, 2.46588275148e-24, 2.71148394469e-24, 4.04380986297e-24, 4.68047504488e-24, 5.24533692391e-24, 3.81273081015e-24, 3.53107078496e-24, 6.0302274922e-24, 5.16544345802e-24, 4.68263415718e-24, 4.49688778515e-24, 5.61639776664e-24, 4.6450520348e-24, 4.89123619622e-24, 7.31456917098e-24, 6.5565042122e-24, 5.61570514676e-24, 5.35642904975e-24, 5.98239648893e-24, 6.45091360232e-24, 5.51686994724e-24], "var": [1.42039838225e-10, 9.43669675735e-09, 6.53891447655e-08, 9.4517162097e-08, 2.49860420354e-07, 3.95838867462e-07, 5.79778372867e-07, 1.20826143757e-06, 1.29644138269e-06, 6.14403347754e-07, 2.42453694455e-07, 1.08273951582e-07, 5.91133044736e-08, 6.53700027442e-08, 1.84140844794e-08, 8.67754650358e-08, 1.53211168197e-08, 2.57512566826e-09, 1.00169716966e-09, 2.10791673005e-09, 9.37920408006e-10, 7.551973491e-10, 6.21842799475e-10, 4.81032991217e-10, 2.61376170707e-10, 1.05857073107e-10, 4.31266723722e-11, 1.11514825152e-11, 7.0505979527e-12, 4.83579582627e-12, 1.8932349178e-12, 1.65537613998e-12, 1.75469632314e-12, 1.10723344555e-12, 7.28751260726e-13, 3.6682473465e-13, 3.41702333746e-13, 1.61508596753e-13, 2.20543784515e-13, 7.90425450786e-13]}, "mfcc": {"mean": [-672.871643066, 133.65184021, -39.753528595, 6.17435407639, -17.1471214294, -16.1810073853, -13.2185688019, -10.3989343643, -9.99440288544, -8.14818096161, -4.41465616226, -7.77646684647, -2.80345916748], "cov": [[12927.6083984, 2458.0847168, -863.375549316, 9.87150859833, -228.949050903, -303.978881836, -274.799194336, -151.647171021, -157.965866089, -165.50642395, -74.9796218872, -204.501693726, -66.2334976196], [2458.0847168, 1585.00512695, -469.196228027, 114.637634277, -25.0326061249, -24.1818275452, -50.5950202942, -36.4501609802, -24.157781601, -58.8709945679, -47.385848999, -96.378944397, -45.7930412292], [-863.375549316, -469.196228027, 350.473571777, 0.554652988911, 40.5473403931, 52.4434738159, 44.5487976074, 15.0848894119, 44.8139266968, 28.4418945312, 63.2590293884, 29.8675251007, 40.0487823486], [9.87150859833, 114.637634277, 0.554652988911, 114.834983826, 52.466129303, 28.9474964142, -12.6172027588, -18.4141254425, 14.7774906158, 4.24588441849, -6.93101024628, -14.1914730072, -3.39140105247], [-228.949050903, -25.0326061249, 40.5473403931, 52.466129303, 112.88885498, 68.0585861206, 12.5557909012, -2.2833070755, 31.9215736389, 4.15198516846, 18.3692722321, -5.91612005234, 5.48836994171], [-303.978881836, -24.1818275452, 52.4434738159, 28.9474964142, 68.0585861206, 100.712104797, 40.7838783264, 6.3995051384, 25.2927894592, 5.44288730621, 18.1943874359, -3.80357122421, 2.6425383091], [-274.799194336, -50.5950202942, 44.5487976074, -12.6172027588, 12.5557909012, 40.7838783264, 78.4434280396, 31.5028781891, 12.9560680389, 0.136178433895, 13.5074157715, 4.27786064148, 4.761469841], [-151.647171021, -36.4501609802, 15.0848894119, -18.4141254425, -2.2833070755, 6.3995051384, 31.5028781891, 68.2842330933, 18.4882335663, 15.0298776627, -3.36565876007, 8.12034416199, 5.51196813583], [-157.965866089, -24.157781601, 44.8139266968, 14.7774906158, 31.9215736389, 25.2927894592, 12.9560680389, 18.4882335663, 69.392074585, 25.2625179291, 21.2844028473, -10.034538269, 2.57446169853], [-165.50642395, -58.8709945679, 28.4418945312, 4.24588441849, 4.15198516846, 5.44288730621, 0.136178433895, 15.0298776627, 25.2625179291, 72.912361145, 19.3077716827, 13.9337720871, -7.2128663063], [-74.9796218872, -47.385848999, 63.2590293884, -6.93101024628, 18.3692722321, 18.1943874359, 13.5074157715, -3.36565876007, 21.2844028473, 19.3077716827, 77.4812011719, 18.3271350861, 15.4557704926], [-204.501693726, -96.378944397, 29.8675251007, -14.1914730072, -5.91612005234, -3.80357122421, 4.27786064148, 8.12034416199, -10.034538269, 13.9337720871, 18.3271350861, 65.3380279541, 21.1358184814], [-66.2334976196, -45.7930412292, 40.0487823486, -3.39140105247, 5.48836994171, 2.6425383091, 4.761469841, 5.51196813583, 2.57446169853, -7.2128663063, 15.4557704926, 21.1358184814, 53.0681610107]], "icov": [[0.00012717138452, -0.000187024619663, -3.6899684801e-06, 0.000150994790602, -3.39859411724e-07, 0.000203122763196, 0.000233459868468, 2.05197175092e-05, 0.000132992150611, 5.53212375962e-05, -0.000152041189722, 0.000223573573749, -6.70839945087e-05], [-0.000187024619663, 0.00167622067966, 0.00204327260144, -0.00198055710644, 0.00112583802547, -0.000902009487618, -0.000374702911358, -0.000340723403497, -0.000488648423925, 0.00059127836721, -0.00115374731831, 0.000881114508957, -0.000368901528418], [-3.6899684801e-06, 0.00204327260144, 0.00693450542167, -0.00242802547291, 0.00157184363343, -0.00172586273402, -0.00140053010546, 0.000149569255882, -0.00186070217751, 0.000202027484193, -0.00356028066017, 0.00100988289341, -0.00284392735921], [0.000150994790602, -0.00198055710644, -0.00242802547291, 0.0150884287432, -0.00686212209985, -2.73979549092e-05, 0.00201690103859, 0.00371914566495, -0.000666515494231, -0.00255933823064, 0.00458564003929, -5.39374668733e-05, -0.000209772420931], [-3.39859411724e-07, 0.00112583802547, 0.00157184363343, -0.00686212209985, 0.0203738622367, -0.0120878806338, 0.00344656757079, -0.000913282041438, -0.00448319967836, 0.00284776743501, -0.00321746710688, 0.000407816638472, -0.000994035974145], [0.000203122763196, -0.000902009487618, -0.00172586273402, -2.73979549092e-05, -0.0120878806338, 0.0234553553164, -0.0103681031615, 0.00270278030075, -0.000125262144138, -0.00123661628459, 0.000348259723978, 0.000512372003868, 0.00104008358903], [0.000233459868468, -0.000374702911358, -0.00140053010546, 0.00201690103859, 0.00344656757079, -0.0103681031615, 0.0236072409898, -0.0100642265752, 0.000929158995859, 0.00386794190854, -0.00322930328548, 0.000408592226449, 0.00149932887871], [2.05197175092e-05, -0.000340723403497, 0.000149569255882, 0.00371914566495, -0.000913282041438, 0.00270278030075, -0.0100642265752, 0.0235274229199, -0.00651761004701, -0.00471222912893, 0.00657728780061, -0.00281000114046, -0.00284515228122], [0.000132992150611, -0.000488648423925, -0.00186070217751, -0.000666515494231, -0.00448319967836, -0.000125262144138, 0.000929158995859, -0.00651761004701, 0.024604709819, -0.00666332663968, -0.00467068143189, 0.00778770493343, -0.00167122180574], [5.53212375962e-05, 0.00059127836721, 0.000202027484193, -0.00255933823064, 0.00284776743501, -0.00123661628459, 0.00386794190854, -0.00471222912893, -0.00666332663968, 0.0205064658076, -0.00459917029366, -0.00537948543206, 0.00676513044164], [-0.000152041189722, -0.00115374731831, -0.00356028066017, 0.00458564003929, -0.00321746710688, 0.000348259723978, -0.00322930328548, 0.00657728780061, -0.00467068143189, -0.00459917029366, 0.0211090929806, -0.00519590871409, -0.00276046129875], [0.000223573573749, 0.000881114508957, 0.00100988289341, -5.39374668733e-05, 0.000407816638472, 0.000512372003868, 0.000408592226449, -0.00281000114046, 0.00778770493343, -0.00537948543206, -0.00519590871409, 0.023808432743, -0.00861673429608], [-6.70839945087e-05, -0.000368901528418, -0.00284392735921, -0.000209772420931, -0.000994035974145, 0.00104008358903, 0.00149932887871, -0.00284515228122, -0.00167122180574, 0.00676513044164, -0.00276046129875, -0.00861673429608, 0.0260228328407]]}, "spectral_contrast_coeffs": {"dmean": [0.0374248400331, 0.0417577251792, 0.0382054038346, 0.0279318410903, 0.0196484327316, 0.0123655730858], "dmean2": [0.0582757890224, 0.0669132322073, 0.0639217346907, 0.046470914036, 0.0325531587005, 0.0203418079764], "dvar": [0.00101162237115, 0.00112325733062, 0.00100407446735, 0.000488097284688, 0.000247689895332, 9.66605803114e-05], "dvar2": [0.00255495565943, 0.00295777525753, 0.00285873631947, 0.00133958295919, 0.000660175282974, 0.000247425807174], "max": [-0.320156127214, -0.463698357344, -0.518540203571, -0.609000325203, -0.650751054287, -0.692277789116], "mean": [-0.557591557503, -0.721802353859, -0.749492883682, -0.775193691254, -0.788023293018, -0.754758536816], "median": [-0.553366780281, -0.720196425915, -0.749884486198, -0.773199439049, -0.784448385239, -0.748091697693], "min": [-0.972911477089, -0.982276439667, -0.987927138805, -0.98786175251, -0.988556027412, -0.964228391647], "var": [0.00963887665421, 0.00538508174941, 0.00482275290415, 0.00243580527604, 0.00170478899963, 0.00151275354438]}, "spectral_contrast_valleys": {"dmean": [0.340339571238, 0.29497435689, 0.259528458118, 0.23120751977, 0.19296720624, 0.228118389845], "dmean2": [0.561111629009, 0.474295943975, 0.423307269812, 0.361726492643, 0.270001918077, 0.260685503483], "dvar": [0.153897017241, 0.140823826194, 0.125313192606, 0.113802947104, 0.113243065774, 0.113156080246], "dvar2": [0.30241161