{"lowlevel": {"average_loudness": 0.692339837551, "barkbands_crest": {"dmean": 2.04146957397, "dmean2": 3.27688884735, "dvar": 4.07550764084, "dvar2": 10.7653970718, "max": 26.6250686646, "mean": 10.1255884171, "median": 8.99602127075, "min": 3.78974747658, "var": 17.0574855804}, "barkbands_flatness_db": {"dmean": 0.0197257660329, "dmean2": 0.0286285039037, "dvar": 0.000428134138929, "dvar2": 0.000887420144863, "max": 0.657012701035, "mean": 0.221492052078, "median": 0.191088393331, "min": 0.025025498122, "var": 0.0123893879354}, "barkbands_kurtosis": {"dmean": 3.36271214485, "dmean2": 5.29427146912, "dvar": 57.5068817139, "dvar2": 146.4012146, "max": 359.216156006, "mean": 7.09365367889, "median": 4.58966159821, "min": -1.57043373585, "var": 139.462036133}, "barkbands_skewness": {"dmean": 0.490808218718, "dmean2": 0.752920389175, "dvar": 0.325617700815, "dvar2": 0.773037672043, "max": 15.1859531403, "mean": 1.68106603622, "median": 1.53419947624, "min": -2.07195997238, "var": 1.21784615517}, "barkbands_spread": {"dmean": 2.12069892883, "dmean2": 3.11262273788, "dvar": 8.22122764587, "dvar2": 16.6372814178, "max": 77.3883743286, "mean": 9.21522331238, "median": 8.35419082642, "min": 0.0574789829552, "var": 39.3453216553}, "dissonance": {"dmean": 0.0310377962887, "dmean2": 0.0518744327128, "dvar": 0.000773518229835, "dvar2": 0.00211992510594, "max": 0.500000059605, "mean": 0.405983954668, "median": 0.419438481331, "min": 0.0772016122937, "var": 0.00371287809685}, "dynamic_complexity": 3.13435029984, "erbbands_crest": {"dmean": 2.69014549255, "dmean2": 4.16854763031, "dvar": 6.01039648056, "dvar2": 15.2806911469, "max": 30.1589698792, "mean": 11.5659885406, "median": 10.6157493591, "min": 2.40872168541, "var": 21.5520915985}, "erbbands_flatness_db": {"dmean": 0.0196204911917, "dmean2": 0.0265108738095, "dvar": 0.000508528202772, "dvar2": 0.000880290346686, "max": 0.542801082134, "mean": 0.22100956738, "median": 0.203102961183, "min": 0.0624972842634, "var": 0.00888154190034}, "erbbands_kurtosis": {"dmean": 1.62708461285, "dmean2": 2.43969655037, "dvar": 5.11362886429, "dvar2": 12.6271419525, "max": 59.8702011108, "mean": 3.2743434906, "median": 2.00405836105, "min": -1.6167075634, "var": 21.7962055206}, "erbbands_skewness": {"dmean": 0.346887797117, "dmean2": 0.515553414822, "dvar": 0.0967642962933, "dvar2": 0.228455930948, "max": 5.72584629059, "mean": 1.06329476833, "median": 0.99669033289, "min": -1.70491075516, "var": 0.527536213398}, "erbbands_spread": {"dmean": 5.0919251442, "dmean2": 7.2292175293, "dvar": 51.7488670349, "dvar2": 97.3637542725, "max": 120.915710449, "mean": 20.9586753845, "median": 18.0271968842, "min": 0.530109941959, "var": 218.040054321}, "hfc": {"dmean": 4.33705377579, "dmean2": 6.2600107193, "dvar": 66.8202590942, "dvar2": 131.434829712, "max": 131.963226318, "mean": 14.8426513672, "median": 11.8888053894, "min": 1.21576690327e-16, "var": 187.967010498}, "melbands_crest": {"dmean": 2.53889942169, "dmean2": 4.07510280609, "dvar": 6.1409573555, "dvar2": 16.2076301575, "max": 33.5800933838, "mean": 12.8959875107, "median": 11.8048171997, "min": 1.5395616293, "var": 20.1324577332}, "melbands_flatness_db": {"dmean": 0.0205492712557, "dmean2": 0.0303785912693, "dvar": 0.000490153848659, "dvar2": 0.00104007148184, "max": 0.743776917458, "mean": 0.309205979109, "median": 0.276887148619, "min": 0.00215663551353, "var": 0.0135824782774}, "melbands_kurtosis": {"dmean": 4.78097105026, "dmean2": 7.58186531067, "dvar": 92.1831359863, "dvar2": 236.857803345, "max": 195.349685669, "mean": 9.33377361298, "median": 5.6589756012, "min": -1.46658313274, "var": 145.078384399}, "melbands_skewness": {"dmean": 0.553604364395, "dmean2": 0.847331523895, "dvar": 0.499258041382, "dvar2": 1.17896044254, "max": 10.3222084045, "mean": 1.88062393665, "median": 1.66501879692, "min": -1.14215373993, "var": 1.49859893322}, "melbands_spread": {"dmean": 2.03311347961, "dmean2": 3.16579270363, "dvar": 6.67796278, "dvar2": 14.2458906174, "max": 135.173339844, "mean": 9.77551174164, "median": 9.45171260834, "min": 0.329794436693, "var": 36.4660797119}, "pitch_salience": {"dmean": 0.0636865496635, "dmean2": 0.1027995646, "dvar": 0.00335641764104, "dvar2": 0.00896348059177, "max": 0.867649137974, "mean": 0.561141431332, "median": 0.570921361446, "min": 0.110860452056, "var": 0.0108817173168}, "silence_rate_20dB": {"dmean": 0, "dmean2": 0, "dvar": 0, "dvar2": 0, "max": 1, "mean": 1, "median": 1, "min": 1, "var": 0}, "silence_rate_30dB": {"dmean": 0.0408124513924, "dmean2": 0.0816326513886, "dvar": 0.0391509123147, "dvar2": 0.0882511436939, "max": 1, "mean": 0.958527088165, "median": 1, "min": 0, "var": 0.0397491492331}, "silence_rate_60dB": {"dmean": 0.00854214094579, "dmean2": 0.0170859042555, "dvar": 0.00846886914223, "dvar2": 0.0202092770487, "max": 1, "mean": 0.0633956566453, "median": 0, "min": 0, "var": 0.059370983392}, "spectral_centroid": {"dmean": 65.0703887939, "dmean2": 100.626930237, "dvar": 17275.5175781, "dvar2": 25358.7050781, "max": 11196.0605469, "mean": 552.754150391, "median": 540.476806641, "min": 168.629257202, "var": 50407.2460938}, "spectral_complexity": {"dmean": 1.89863324165, "dmean2": 2.97674417496, "dvar": 6.29674100876, "dvar2": 11.9052143097, "max": 49, "mean": 13.2869882584, "median": 14, "min": 0, "var": 35.9295883179}, "spectral_decrease": {"dmean": 3.14330650397e-09, "dmean2": 5.02239005939e-09, "dvar": 5.02476521011e-17, "dvar2": 1.30051135851e-16, "max": 1.6086684143e-19, "mean": -8.92971740996e-09, "median": -7.40899830376e-09, "min": -9.39837221381e-08, "var": 7.37026793161e-17}, "spectral_energy": {"dmean": 0.0121960733086, "dmean2": 0.0194147638977, "dvar": 0.000742709380575, "dvar2": 0.00191582692787, "max": 0.360321372747, "mean": 0.0350491516292, "median": 0.0290885362774, "min": 1.07197655612e-20, "var": 0.00111102382652}, "spectral_energyband_high": {"dmean": 0.000186075689271, "dmean2": 0.000245160830673, "dvar": 3.27719988036e-07, "dvar2": 5.66447170058e-07, "max": 0.00956711824983, "mean": 0.000305030756863, "median": 4.52716594737e-05, "min": 7.52866997127e-21, "var": 6.3292810637e-07}, "spectral_energyband_low": {"dmean": 0.00678630964831, "dmean2": 0.0113336713985, "dvar": 0.000506562704686, "dvar2": 0.00133778224699, "max": 0.306839644909, "mean": 0.0116692520678, "median": 0.00609836215153, "min": 6.24435849955e-23, "var": 0.000573329860345}, "spectral_energyband_middle_high": {"dmean": 0.0010783347534, "dmean2": 0.00167562870774, "dvar": 3.92988840758e-06, "dvar2": 1.04781966002e-05, "max": 0.0428605303168, "mean": 0.00286524370313, "median": 0.00190712662879, "min": 1.48933717829e-21, "var": 1.074764441e-05}, "spectral_energyband_middle_low": {"dmean": 0.0067513436079, "dmean2": 0.0104589881375, "dvar": 0.000224649702432, "dvar2": 0.00056415196741, "max": 0.235394030809, "mean": 0.0215048845857, "median": 0.0185816474259, "min": 3.38495594861e-22, "var": 0.000353784969775}, "spectral_entropy": {"dmean": 0.169706687331, "dmean2": 0.2342954427, "dvar": 0.0362415164709, "dvar2": 0.0633784681559, "max": 9.8128786087, "mean": 6.62850379944, "median": 6.78282260895, "min": 3.5045568943, "var": 0.751754403114}, "spectral_flux": {"dmean": 0.0258279070258, "dmean2": 0.041363529861, "dvar": 0.00186974729877, "dvar2": 0.00396338291466, "max": 0.555958449841, "mean": 0.0702255889773, "median": 0.0564060397446, "min": 1.03536297591e-10, "var": 0.00342874228954}, "spectral_kurtosis": {"dmean": 8.3316116333, "dmean2": 13.8512086868, "dvar": 322.735198975, "dvar2": 930.319030762, "max": 378.437042236, "mean": 27.8528518677, "median": 11.385266304, "min": -1.17720878124, "var": 2529.53588867}, "spectral_rms": {"dmean": 0.000819098146167, "dmean2": 0.0012652662117, "dvar": 1.79023550118e-06, "dvar2": 4.39617224401e-06, "max": 0.0187492147088, "mean": 0.00533151719719, "median": 0.0053272000514, "min": 3.23393070135e-12, "var": 5.76922320761e-06}, "spectral_rolloff": {"dmean": 111.55821991, "dmean2": 190.885055542, "dvar": 87501.9609375, "dvar2": 161780.015625, "max": 19509.0820312, "mean": 652.464416504, "median": 538.330078125, "min": 86.1328125, "var": 702523}, "spectral_skewness": {"dmean": 0.497223436832, "dmean2": 0.802087068558, "dvar": 0.446967482567, "dvar2": 1.19857597351, "max": 15.8559522629, "mean": 3.45192432404, "median": 2.76416277885, "min": -0.0270132441074, "var": 6.32735776901}, "spectral_spread": {"dmean": 582388.6875, "dmean2": 776432.1875, "dvar": 829085122560, "dvar2": 1188491689980.0, "max": 39813992, "mean": 3600098.75, "median": 3258742.75, "min": 200296.046875, "var": 4651263459330.0}, "spectral_strongpeak": {"dmean": 0.44011130929, "dmean2": 0.739294826984, "dvar": 0.404746592045, "dvar2": 1.01264107227, "max": 8.43905735016, "mean": 0.974889278412, "median": 0.662136793137, "min": 0, "var": 0.779211521149}, "zerocrossingrate": {"dmean": 0.00574597110972, "dmean2": 0.00680043455213, "dvar": 7.20990356058e-05, "dvar2": 7.85797747085e-05, "max": 0.509765625, "mean": 0.0340679623187, "median": 0.02880859375, "min": 0.00341796875, "var": 0.000752430758439}, "barkbands": {"dmean": [9.22000908758e-05, 0.00417227484286, 0.00282505969517, 0.00163463212084, 0.00356916640885, 0.00149381754454, 0.00134987535421, 0.0011136715766, 0.000882838910911, 0.000387195701478, 0.000659736862872, 0.000170555256773, 0.000209269419429, 0.000142558288644, 6.94141053827e-05, 5.41169538337e-05, 4.64667828055e-05, 2.24604755203e-05, 2.21842656174e-05, 2.35450970649e-05, 2.74054054898e-05, 3.94501330447e-05, 3.7273101043e-05, 2.22615490202e-05, 2.48095821007e-05, 2.48097367148e-05, 1.77447927854e-05], "dmean2": [0.000142195916851, 0.00698548974469, 0.00491791497916, 0.00268420390785, 0.00558468978852, 0.00232908059843, 0.0017934627831, 0.00160803936888, 0.00132247421425, 0.000578575127292, 0.00104661693331, 0.000273785437457, 0.000345561595168, 0.000220106565394, 0.000111582769023, 8.61215448822e-05, 7.55042055971e-05, 3.55557094736e-05, 3.45050575561e-05, 3.59129335266e-05, 3.89560809708e-05, 5.36680272489e-05, 5.19421591889e-05, 3.07406153297e-05, 3.45996922988e-05, 3.47046807292e-05, 2.49472705036e-05], "dvar": [1.21543905607e-07, 0.000222239701543, 9.02183965081e-05, 1.57726335601e-05, 0.000119213982543, 7.09005189492e-06, 3.65343566955e-06, 3.61087472811e-06, 5.06964579472e-06, 8.37917468743e-07, 2.76576906799e-06, 2.09392595707e-07, 2.66982823405e-07, 1.08559731871e-07, 1.55771111565e-08, 1.00819042004e-08, 7.36087768516e-09, 3.10928993663e-09, 3.41714834207e-09, 5.93168225649e-09, 9.32177002255e-09, 2.14062669812e-08, 2.61298662707e-08, 3.25526183786e-09, 6.61077237396e-09, 8.04203637017e-09, 5.09035036345e-09], "dvar2": [2.62311573351e-07, 0.000591946707573, 0.00024813611526, 4.01854267693e-05, 0.000299944455037, 2.37053336605e-05, 6.52581456961e-06, 7.20890966477e-06, 1.18104899229e-05, 2.05535161513e-06, 7.48123147787e-06, 5.79688844482e-07, 7.4851914178e-07, 2.26332531383e-07, 3.76565871818e-08, 2.43019329105e-08, 1.83837514101e-08, 7.49576045678e-09, 7.42292938227e-09, 1.30995152503e-08, 1.76542140906e-08, 3.97220958348e-08, 5.2482054258e-08, 6.0150657788e-09, 1.40809248705e-08, 1.40270381976e-08, 9.48813294599e-09], "max": [0.00614603701979, 0.250648736954, 0.161664843559, 0.065995015204, 0.177114725113, 0.0709495469928, 0.0397240482271, 0.0608927682042, 0.0509366169572, 0.0360753014684, 0.0370356664062, 0.0102488696575, 0.0141884442419, 0.00948811043054, 0.00276026595384, 0.00207480369136, 0.00217736349441, 0.00141623418313, 0.00123308098409, 0.00148276356049, 0.00174336321652, 0.0023739610333, 0.00730766821653, 0.00100350799039, 0.00340964039788, 0.00184625503607, 0.0014404298272], "mean": [8.82934036781e-05, 0.00648051360622, 0.00401864433661, 0.00276956846938, 0.00687351170927, 0.00365827442147, 0.00363826868124, 0.00237260153517, 0.00175863027107, 0.000714012247045, 0.00107489374932, 0.000282010878436, 0.000359528145054, 0.000231414160226, 0.000132198198116, 0.000102223733847, 8.80678198882e-05, 4.32261695096e-05, 3.98017764383e-05, 3.59279292752e-05, 4.06808394473e-05, 5.71165946894e-05, 5.7479897805e-05, 3.99467353418e-05, 3.80518285965e-05, 3.17496851494e-05, 2.2521819119e-05], "median": [2.90471143671e-06, 0.00260645290837, 0.00139982672408, 0.00124297337607, 0.00403015455231, 0.00243749562651, 0.00220081396401, 0.00110589351971, 0.000787023804151, 0.000315440469421, 0.000296568148769, 0.000116274546599, 0.000161413234309, 9.4027040177e-05, 6.57303098706e-05, 5.15943938808e-05, 5.05340467498e-05, 2.21719419642e-05, 1.66536283359e-05, 8.781791621e-06, 5.34804257768e-06, 4.82629729959e-06, 5.6802537074e-06, 5.76986440137e-06, 2.42085934588e-06, 8.45283636863e-07, 1.03887273895e-07], "min": [7.59661455473e-24, 3.00264410344e-23, 2.06996880649e-23, 9.62906734537e-24, 7.96708051744e-23, 6.54417676172e-23, 5.28231454219e-23, 3.52551688864e-23, 8.89603870181e-23, 4.46163477458e-23, 5.57716266511e-23, 1.22722182257e-22, 1.35751576948e-22, 1.3962970551e-22, 9.61112407299e-23, 2.07019946942e-22, 1.32624103179e-22, 1.19428908859e-22, 3.23751039858e-22, 2.17810377678e-22, 4.51359047909e-22, 4.27002658227e-22, 7.61572881223e-22, 7.57509326172e-22, 1.34512704344e-21, 1.70388058635e-21, 2.324957719e-21], "var": [1.32083158633e-07, 0.00024547308567, 9.27485016291e-05, 2.04529933399e-05, 0.000131606982904, 1.80805254786e-05, 1.90223636309e-05, 1.32542627398e-05, 1.20193117255e-05, 1.96978771783e-06, 5.11661983182e-06, 3.14804083246e-07, 4.12589542975e-07, 2.08644877375e-07, 3.68233834536e-08, 2.32052652649e-08, 1.3336149074e-08, 5.01045338552e-09, 5.7744951043e-09, 9.19441323077e-09, 1.61469309035e-08, 3.63784167234e-08, 5.60281456785e-08, 7.95794097286e-09, 1.02600354879e-08, 1.33007116432e-08, 7.29592741777e-09]}, "erbbands": {"dmean": [0.0715207159519, 1.11347770691, 3.41360092163, 3.57654714584, 12.5128564835, 10.8279628754, 7.71706295013, 15.0208377838, 16.5594615936, 29.6154518127, 14.7564258575, 23.2773036957, 14.5989465714, 10.2215805054, 26.0111751556, 7.99736833572, 9.6082239151, 8.46522426605, 3.53968858719, 3.59374332428, 2.63202047348, 2.03091812134, 1.50305116177, 1.12143790722, 1.12213075161, 1.08312141895, 1.03422880173, 1.25928509235, 1.43771755695, 1.13825500011, 1.12580144405, 0.491757243872, 0.414667069912, 0.29345780611, 0.168237447739, 0.0852776840329, 0.0504940599203, 0.0183042958379, 0.00299562700093, 0.000171980485902], "dmean2": [0.11840736866, 1.88682925701, 5.89910507202, 6.05695152283, 19.6999664307, 17.5102615356, 11.8047447205, 23.7547130585, 21.5308132172, 42.9476013184, 21.512796402, 34.68567276, 21.8975639343, 15.441734314, 41.5014686584, 12.8859052658, 15.765540123, 13.1659517288, 5.53839635849, 5.76640701294, 4.14606046677, 3.27149391174, 2.39726877213, 1.74844992161, 1.73677158356, 1.64573466778, 1.48689985275, 1.79781699181, 1.98699188232, 1.54638552666, 1.62305152416, 0.690101325512, 0.581590235233, 0.417383313179, 0.232351958752, 0.119417235255, 0.0713155046105, 0.0259092375636, 0.00423002615571, 0.000241809058934], "dvar": [0.0802500098944, 15.7579269409, 132.880706787, 76.7755813599, 1997.54785156, 718.330749512, 145.18460083, 813.313476562, 591.373718262, 2331.97680664, 883.592651367, 3547.2434082, 1180.71057129, 452.220245361, 4337.91308594, 501.783233643, 537.994995117, 322.214202881, 48.9519920349, 39.6406707764, 24.0965538025, 15.3264703751, 9.67342948914, 8.69816684723, 9.15510368347, 12.2703428268, 12.3948259354, 21.6140460968, 28.3938579559, 18.7780151367, 28.5242652893, 2.36845231056, 1.35541939735, 0.801392734051, 0.265610843897, 0.0809993073344, 0.0346018485725, 0.00564386835322, 0.000145027690451, 3.61768002222e-07], "dvar2": [0.210049390793, 42.3632164001, 359.101104736, 208.174606323, 4808.62597656, 1958.4486084, 378.005554199, 2732.91357422, 973.556213379, 5109.88769531, 1913.1739502, 7954.62841797, 3002.27441406, 965.227539062, 12033.5302734, 1402.67407227, 1495.42736816, 694.904907227, 115.78163147, 97.0891571045, 57.3965110779, 38.4022941589, 22.9394245148, 19.9250526428, 19.7231674194, 26.791097641, 23.9646854401, 41.1041488647, 53.3724250793, 33.6663513184, 60.5612792969, 4.78357458115, 2.80114769936, 1.79094147682, 0.472791343927, 0.141382604837, 0.0631419271231, 0.0103883100674, 0.000273752200883, 6.58842850498e-07], "max": [4.93597841263, 62.885307312, 175.39906311, 154.077941895, 693.793212891, 451.937988281, 302.182800293, 725.307922363, 627.563720703, 1132.51879883, 648.729675293, 1436.58032227, 941.270019531, 1356.19006348, 1909.37353516, 517.241149902, 743.882019043, 485.780883789, 160.21585083, 128.582427979, 111.207168579, 125.677391052, 75.904258728, 70.9971847534, 62.7510681152, 77.5513305664, 59.6293449402, 80.293006897, 93.2698745728, 77.7876663208, 288.438995361, 48.3597488403, 44.0922775269, 39.1129188538, 11.9027814865, 5.9675450325, 4.01421165466, 1.76980090141, 0.26218727231, 0.0129422759637], "mean": [0.0888293385506, 1.76711285114, 5.10058498383, 6.6994509697, 18.1101703644, 22.6439933777, 21.30078125, 34.8723869324, 48.4545173645, 67.2934951782, 34.4588737488, 47.4133872986, 31.0452842712, 19.6987762451, 43.5720024109, 14.5235090256, 17.3214530945, 14.713060379, 7.25221252441, 6.49435329437, 5.46930265427, 4.17054510117, 3.03608608246, 1.98857951164, 2.00511574745, 1.65381729603, 1.58494472504, 1.79857766628, 2.06188082695, 1.69968700409, 1.71780073643, 0.870471954346, 0.69084084034, 0.460506170988, 0.251924663782, 0.119658261538, 0.0610167123377, 0.0215981695801, 0.00372259574942, 0.000262592162471], "median": [0.0236331932247, 0.7188398242, 2.13553762436, 3.40440368652, 7.92543125153, 13.5978603363, 13.7024345398, 22.6656703949, 27.8686389923, 38.0242424011, 18.9588947296, 20.1021709442, 15.3223772049, 9.77043056488, 14.244562149, 6.71887159348, 8.37610721588, 7.48458242416, 4.01637935638, 3.35128569603, 3.09841370583, 2.58055853844, 1.76447844505, 0.946937978268, 0.77956289053, 0.399441927671, 0.259857356548, 0.198386326432, 0.172447130084, 0.173693239689, 0.161911949515, 0.133305341005, 0.0759529918432, 0.0340200811625, 0.013378043659, 0.00507374620065, 0.00122155994177, 0.000213182516745, 3.94624694309e-05, 4.43861536041e-05], "min": [1.10391039278e-21, 5.90470601809e-21, 1.91005810052e-20, 4.0116372703e-20, 1.17679340983e-19, 3.25041681528e-19, 3.43485534441e-19, 6.46216552186e-19, 5.32483250465e-19, 8.63310931131e-19, 1.09155870326e-18, 2.01313758091e-18, 1.46446278694e-18, 2.10211450427e-18, 3.17195330581e-18, 4.30420908841e-18, 5.54795206718e-18, 6.73768842376e-18, 7.41614651167e-18, 6.19044475565e-18, 1.13347914137e-17, 8.00141401818e-18, 6.70442707774e-18, 1.0804032628e-17, 1.74635380083e-17, 1.0028684807e-17, 1.62170628519e-17, 1.71348577919e-17, 1.71730851167e-17, 1.51214009192e-17, 2.44032160794e-17, 1.69784098139e-17, 1.24958163312e-17, 1.25096484454e-17, 1.05935217796e-17, 6.30041055987e-18, 3.49719307124e-18, 1.16023785516e-18, 2.84175159407e-19, 3.7242598621e-20], "var": [0.0679986551404, 17.8322296143, 141.490142822, 99.1322631836, 2026.28149414, 954.161132812, 589.653198242, 1973.4666748, 3667.62866211, 7628.70507812, 2920.90917969, 9116.36230469, 2844.04296875, 1351.63623047, 7645.11181641, 760.144714355, 861.592773438, 618.565246582, 106.760261536, 89.7257156372, 53.1337471008, 27.4730911255, 18.0859241486, 13.3741607666, 15.8402462006, 19.53698349, 21.9889888763, 35.2601203918, 47.4358787537, 32.3018989563, 65.6414794922, 5.24439287186, 2.70089411736, 1.26600337029, 0.497149407864, 0.150235831738, 0.0537534877658, 0.00795855466276, 0.000202970782993, 5.90784964061e-07]}, "gfcc": {"mean": [-57.7030220032, 145.981506348, -91.1065826416, 0.954837739468, -59.2474021912, -2.87358880043, -38.0171394348, -4.39458179474, -14.496430397, -7.28854417801, -8.75573253632, -6.17933702469, -10.4870471954], "cov": [[17031.1699219, -3585.26538086, -622.423950195, 751.899230957, -104.548690796, 2056.65673828, 222.509094238, 1129.28393555, -292.222564697, 489.97366333, -405.535369873, 398.976470947, -331.150024414], [-3585.26538086, 2839.85229492, -330.273986816, 178.449707031, 294.61605835, -756.840148926, 74.543182373, -434.063446045, 320.38571167, -298.157470703, 275.979248047, -248.628417969, 221.491195679], [-622.423950195, -330.273986816, 973.658813477, -70.6914901733, 64.2269439697, -64.8466415405, -3.1055727005, -31.116771698, -71.9163513184, 61.7907180786, -60.595249176, 44.2597122192, -36.1133270264], [751.899230957, 178.449707031, -70.6914901733, 616.847595215, 1.32516872883, 131.636734009, 92.2494430542, 47.5218162537, 93.150680542, 41.2333374023, 21.6042823792, -41.2980117798, 26.8116836548], [-104.548690796, 294.61605835, 64.2269439697, 1.32516872883, 334.537780762, 19.641664505, 99.8229675293, 24.7819633484, 60.7291259766, -6.66442203522, 36.598236084, 8.31910419464, 7.98860359192], [2056.65673828, -756.840148926, -64.8466415405, 131.636734009, 19.641664505, 578.363098145, 82.9091186523, 280.576721191, -42.366897583, 115.526222229, -46.6929359436, 76.4486618042, -59.3585014343], [222.509094238, 74.543182373, -3.1055727005, 92.2494430542, 99.8229675293, 82.9091186523, 166.003494263, 47.3722343445, 52.8129577637, -2.22379970551, 28.6912727356, 14.5765829086, 1.15595400333], [1129.28393555, -434.063446045, -31.116771698, 47.5218162537, 24.7819633484, 280.576721191, 47.3722343445, 250.670700073, -3.5439581871, 96.2638244629, -27.8126335144, 45.6471138, -34.5301513672], [-292.222564697, 320.38571167, -71.9163513184, 93.150680542, 60.7291259766, -42.366897583, 52.8129577637, -3.5439581871, 134.122650146, -4.92585039139, 58.3673057556, -26.6609992981, 27.1259441376], [489.97366333, -298.157470703, 61.7907180786, 41.2333374023, -6.66442203522, 115.526222229, -2.22379970551, 96.2638244629, -4.92585039139, 130.188293457, -17.4734916687, 32.2101554871, -25.3939685822], [-405.535369873, 275.979248047, -60.595249176, 21.6042823792, 36.598236084, -46.6929359436, 28.6912727356, -27.8126335144, 58.3673057556, -17.4734916687, 108.108642578, -2.74587750435, 29.8639602661], [398.976470947, -248.628417969, 44.2597122192, -41.2980117798, 8.31910419464, 76.4486618042, 14.5765829086, 45.6471138, -26.6609992981, 32.2101554871, -2.74587750435, 98.6332321167, 4.15258026123], [-331.150024414, 221.491195679, -36.1133270264, 26.8116836548, 7.98860359192, -59.3585014343, 1.15595400333, -34.5301513672, 27.1259441376, -25.3939685822, 29.8639602661, 4.15258026123, 73.8283081055]], "icov": [[0.000130986911245, 3.15990655508e-05, 0.000109455577331, -0.000159228482516, -3.26772133121e-05, -0.000227780168643, 2.97797068924e-05, -0.000130565284053, 7.67403034843e-05, 4.59913426312e-05, 0.000259771855781, -0.000328811933286, 0.000264000875177], [3.15990655508e-05, 0.00171760085505, 0.000322205130942, -0.000368438893929, -0.00125893030781, 0.0011251096148, -0.000148103397805, 0.000496444990858, -0.000971523928456, 0.00108282174915, -0.00156091037206, 0.00236286479048, -0.0022165752016], [0.000109455577331, 0.000322205130942, 0.00142161594704, -0.000227797761909, -0.000651798327453, 0.000440492411144, -0.000328201043885, 0.000371561647626, 0.000593317323364, -0.000753188331146, 0.000504980096593, -0.000363678467693, 0.000245159317274], [-0.000159228482516, -0.000368438893929, -0.000227797761909, 0.00262752943672, 0.000793334038462, -0.000921426049899, -0.00115607236512, 0.000805982621387, -0.00122484646272, -0.00137037190143, 0.000397107709432, 0.00154821958859, -0.00137514981907], [-3.26772133121e-05, -0.00125893030781, -0.000651798327453, 0.000793334038462, 0.00493513699621, -0.000905012188014, -0.00197102990933, -0.00063109525945, -0.000654553587083, -0.000475853972603, 0.000723105855286, -0.00160720117856, 0.00137215759605], [-0.000227780168643, 0.0011251096148, 0.000440492411144, -0.000921426049899, -0.000905012188014, 0.0060599357821, -0.00130015157629, -0.00373143912293, 0.00130107568111, 0.000447103171609, -0.00150240398943, 0.000651251873933, -0.000354880379746], [2.97797068924e-05, -0.000148103397805, -0.000328201043885, -0.00115607236512, -0.00197102990933, -0.00130015157629, 0.010101349093, -0.000954161572736, -0.00287291617133, 0.00276242615655, -0.000874355609994, -0.00249087042175, 0.00190022552852], [-0.000130565284053, 0.000496444990858, 0.000371561647626, 0.000805982621387, -0.00063109525945, -0.00373143912293, -0.000954161572736, 0.0111403632909, -0.002260327572, -0.00407958123833, 0.000819398381282, 0.000660153920762, -0.000833705475088], [7.67403034843e-05, -0.000971523928456, 0.000593317323364, -0.00122484646272, -0.000654553587083, 0.00130107568111, -0.00287291617133, -0.002260327572, 0.0150367142633, -0.00253495876677, -0.0039514224045, 0.00179498037323, -0.000800676934887], [4.59913426312e-05, 0.00108282174915, -0.000753188331146, -0.00137037190143, -0.000475853972603, 0.000447103171609, 0.00276242615655, -0.00407958123833, -0.00253495876677, 0.0140056749806, -0.00109336862806, -0.00188600178808, 0.00184376793914], [0.000259771855781, -0.00156091037206, 0.000504980096593, 0.000397107709432, 0.000723105855286, -0.00150240398943, -0.000874355609994, 0.000819398381282, -0.0039514224045, -0.00109336862806, 0.0158067401499, -0.00446301745251, -5.54509279027e-06], [-0.000328811933286, 0.00236286479048, -0.000363678467693, 0.00154821958859, -0.00160720117856, 0.000651251873933, -0.00249087042175, 0.000660153920762, 0.00179498037323, -0.00188600178808, -0.00446301745251, 0.0192788764834, -0.00884579308331], [0.000264000875177, -0.0022165752016, 0.000245159317274, -0.00137514981907, 0.00137215759605, -0.000354880379746, 0.00190022552852, -0.000833705475088, -0.000800676934887, 0.00184376793914, -5.54509279027e-06, -0.00884579308331, 0.0225729979575]]}, "melbands": {"dmean": [0.000897452700883, 0.00169722910505, 0.000914274074603, 0.000848334224429, 0.000316573074088, 0.000318299018545, 0.000256907776929, 0.00031565251993, 0.000109932530904, 0.000148797407746, 7.07200742909e-05, 3.88132066291e-05, 9.46230356931e-05, 3.08004528051e-05, 1.75926488737e-05, 2.20757392526e-05, 1.61513471539e-05, 6.05173818258e-06, 4.16458533437e-06, 5.1228207667e-06, 2.99328144138e-06, 2.1663638563e-06, 2.5310350793e-06, 1.0558366057e-06, 9.52855714331e-07, 8.91739432518e-07, 7.98965174909e-07, 7.20619993899e-07, 7.02520082996e-07, 6.34792456822e-07, 7.87652368217e-07, 8.43036445985e-07, 7.4930773053e-07, 6.30306544736e-07, 7.32933983727e-07, 4.59494515326e-07, 2.61684135694e-07, 2.86136412342e-07, 3.04291091879e-07, 2.42953944962e-07], "dmean2": [0.00149417750072, 0.00290176877752, 0.00149359542411, 0.00134481792338, 0.000492349732667, 0.000500026741065, 0.000333375675837, 0.000457957619801, 0.000162724507391, 0.000221191134187, 0.000106398503704, 5.81478598178e-05, 0.000150505249621, 4.93951120006e-05, 2.88866940537e-05, 3.64265979442e-05, 2.4887129257e-05, 9.52254958975e-06, 6.67642052576e-06, 8.26906943985e-06, 4.78465381093e-06, 3.47662171407e-06, 4.17173077949e-06, 1.65861558798e-06, 1.52025609168e-06, 1.40798442771e-06, 1.24771634091e-06, 1.1093318335e-06, 1.04388561795e-06, 9.20292052342e-07, 1.12618818093e-06, 1.167514597e-06, 1.04562047909e-06, 8.67965866291e-07, 1.08413996713e-06, 6.66437074415e-07, 3.7413354903e-07, 4.08491303006e-07, 4.37942389908e-07, 3.51563727463e-07], "dvar": [1.09583879748e-05, 3.32635900122e-05, 5.73510578761e-06, 7.70878068579e-06, 2.57262541936e-07, 3.39958319273e-07, 1.39198746751e-07, 2.7104690048e-07, 6.73907365467e-08, 1.46670203094e-07, 2.87468520099e-08, 6.88235379798e-09, 5.73931444592e-08, 6.60535670605e-09, 1.63182256596e-09, 3.53445250845e-09, 1.37563882507e-09, 1.42356015864e-10, 6.06647232448e-11, 7.98949933989e-11, 3.27943817935e-11, 1.98784651934e-11, 2.30251234745e-11, 7.31197134091e-12, 6.17783471948e-12, 5.90140132942e-12, 5.79211028098e-12, 5.48023215349e-12, 5.80346968398e-12, 4.92454297826e-12, 8.54540830458e-12, 9.69069789691e-12, 7.83165893248e-12, 5.83136750693e-12, 1.29506735197e-11, 4.22747991127e-12, 5.24845466567e-13, 5.20113249344e-13, 2.34303440365e-12, 4.28312523252e-13], "dvar2": [2.92529020953e-05, 8.90239316504e-05, 1.41512955452e-05, 1.96452092496e-05, 7.01626447608e-07, 1.13988130579e-06, 2.27343250003e-07, 5.86229930377e-07, 1.59046422255e-07, 3.25386139366e-07, 7.35871665825e-08, 1.36176048215e-08, 1.55724677597e-07, 1.87793194328e-08, 4.45871428667e-09, 1.00729700137e-08, 2.92526713963e-09, 3.35225625037e-10, 1.45308126642e-10, 1.94859281488e-10, 7.89914800237e-11, 5.02607712394e-11, 5.87540016639e-11, 1.72049683528e-11, 1.46759202013e-11, 1.29233351451e-11, 1.3481529261e-11, 1.20468340165e-11, 1.21163001507e-11, 9.65153131027e-12, 1.68322317889e-11, 1.8236539015e-11, 1.51219783223e-11, 1.07004518093e-11, 3.00878245929e-11, 8.30165623744e-12, 1.11797647962e-12, 9.74998077066e-13, 6.36648199437e-12, 8.6656392782e-13], "max": [0.0595918148756, 0.0805047303438, 0.0309536810964, 0.044871866703, 0.00966660585254, 0.0150555586442, 0.0094040427357, 0.0142224282026, 0.00492753600702, 0.00876965560019, 0.00467502186075, 0.00599591061473, 0.00549422483891, 0.00239060074091, 0.00118415802717, 0.00168668758124, 0.00111537077464, 0.000240236622631, 0.000179337643203, 0.000224398187129, 0.000133809895488, 0.000134675385198, 9.28104054765e-05, 5.73668876314e-05, 5.95834062551e-05, 5.78495673835e-05, 4.8073259677e-05, 4.98786976095e-05, 4.13324924011e-05, 4.27574850619e-05, 5.23599737789e-05, 4.9343030696e-05, 4.92448743898e-05, 4.6742221457e-05, 0.000134126574267, 0.000150532374391, 1.33807416205e-05, 1.18670477605e-05, 0.000101067584183, 1.0898110304e-05], "mean": [0.00131973763928, 0.00269557116553, 0.00153931998648, 0.00151867454406, 0.000845613947604, 0.000747870421037, 0.000748244579881, 0.000704932084773, 0.00024242978543, 0.000299437524518, 0.000144804827869, 6.99608135619e-05, 0.000154788082, 5.27932606929e-05, 2.98400154861e-05, 3.77304786525e-05, 2.62668600044e-05, 1.17009303722e-05, 7.6456599345e-06, 8.98285998119e-06, 5.8552864175e-06, 4.22698576585e-06, 4.3985528464e-06, 1.83910458418e-06, 1.53931011937e-06, 1.52752033955e-06, 1.29601517074e-06, 1.02251135559e-06, 1.01299826838e-06, 9.0841808742e-07, 1.08501615159e-06, 1.1804282849e-06, 1.06615527784e-06, 9.01700218492e-07, 1.03249851691e-06, 7.59734348321e-07, 4.56042812402e-07, 4.7037690365e-07, 4.65630222379e-07, 3.6786687474e-07], "median": [0.000489145808388, 0.00126991851721, 0.000794970721472, 0.000856490340084, 0.000562890258152, 0.000487900018925, 0.000442288408522, 0.000384142796975, 0.000125899459817, 0.000121818069601, 6.85633785906e-05, 3.08231938106e-05, 4.43335338787e-05, 2.13665571209e-05, 1.35503214551e-05, 1.71692317963e-05, 1.14079512059e-05, 6.14475129623e-06, 3.58855368177e-06, 4.59061448055e-06, 3.10943119075e-06, 2.300246706e-06, 2.31262629313e-06, 8.24353151074e-07, 6.79425170347e-07, 5.75523529278e-07, 4.05170681006e-07, 2.17443570705e-07, 1.59349966111e-07, 1.26197349459e-07, 9.95540219151e-08, 9.23677632159e-08, 9.42741635868e-08, 9.21415477251e-08, 8.95292089353e-08, 8.55048156723e-08, 7.23999704633e-08, 5.18771194891e-08, 3.7819987142e-08, 2.19538183188e-08], "min": [9.18523921174e-24, 9.57326095835e-24, 8.13649044788e-24, 1.57490841691e-23, 1.38216003659e-23, 1.40165231625e-23, 9.09030847926e-24, 9.25890462079e-24, 9.7020874662e-24, 1.2607587609e-23, 7.34679098351e-24, 8.41189835597e-24, 8.73409518207e-24, 1.27385653406e-23, 1.2226793406e-23, 1.28141303267e-23, 1.26152080054e-23, 1.29298617435e-23, 7.04239322601e-24, 1.18832342266e-23, 1.20333584012e-23, 8.63072679335e-24, 5.80362522502e-24, 6.25757365521e-24, 8.67975134317e-24, 1.29326314341e-23, 1.02411508326e-23, 5.71032467361e-24, 1.02616130956e-23, 9.74596943178e-24, 1.04426685063e-23, 1.03082103205e-23, 6.78993170393e-24, 9.23918388702e-24, 1.39477502687e-23, 1.13155501977e-23, 1.11106057122e-23, 9.19220406467e-24, 7.74596327902e-24, 1.09108203771e-23], "var": [1.08264630398e-05, 3.73555085389e-05, 6.66620826451e-06, 7.92859191279e-06, 8.11288316527e-07, 8.3789944938e-07, 8.51067511576e-07, 8.97946620171e-07, 1.72834660361e-07, 3.91325215787e-07, 6.68549020588e-08, 2.19469509233e-08, 1.05208727064e-07, 1.04984732019e-08, 2.53836396347e-09, 4.98384888914e-09, 2.58959209631e-09, 2.96226154717e-10, 1.34129887752e-10, 1.95188462615e-10, 6.54136883549e-11, 3.41719499919e-11, 3.90601474776e-11, 1.13523487486e-11, 8.77092409118e-12, 9.5996413943e-12, 9.19886649492e-12, 8.20400605089e-12, 9.27728206757e-12, 8.12065952677e-12, 1.3430207467e-11, 1.60726119913e-11, 1.27307313996e-11, 9.58327341094e-12, 2.08970132864e-11, 1.39149490541e-11, 1.06876345881e-12, 1.20190229297e-12, 2.13763555468e-12, 8.05300162492e-13]}, "mfcc": {"mean": [-705.992492676, 178.027252197, 22.1327133179, 8.17359256744, 0.222770154476, -3.53959441185, -11.7268600464, -2.09168791771, -8.26078796387, -2.5777797699, -2.36149001122, -0.359212607145, -1.72712004185], "cov": [[12085.4550781, -1205.57312012, -1170.07958984, -197.002441406, 157.84916687, 775.521911621, 742.13659668, 863.09161377, 636.021118164, 478.790679932, 348.249267578, 344.469116211, 277.62121582], [-1205.57312012, 1665.75817871, -337.780334473, 235.699081421, 127.16999054, -50.4629364014, -108.223457336, 14.1844701767, -62.828250885, 1.49972355366, -1.66131925583, -2.05608773232, 35.1187591553], [-1170.07958984, -337.780334473, 936.755615234, 61.0567741394, 18.7920150757, -66.9616470337, -44.1542243958, -173.667419434, -52.0491333008, -74.7543334961, -34.9784507751, -56.8733787537, -59.767364502], [-197.002441406, 235.699081421, 61.0567741394, 439.187683105, 62.1540908813, 93.0959014893, -15.8395204544, 14.0354423523, 33.2921829224, 50.0749282837, 49.1905403137, 7.87493991852, 24.6358013153], [157.84916687, 127.16999054, 18.7920150757, 62.1540908813, 205.187744141, 74.3791275024, 86.1835784912, 65.1238098145, 67.0927429199, 62.0242080688, 48.8802528381, 36.8082389832, 32.7197570801], [775.521911621, -50.4629364014, -66.9616470337, 93.0959014893, 74.3791275024, 215.545455933, 120.271713257, 132.572494507, 89.8845825195, 75.8081893921, 56.2049713135, 48.3966560364, 47.969871521], [742.13659668, -108.223457336, -44.1542243958, -15.8395204544, 86.1835784912, 120.271713257, 209.177154541, 145.511566162, 98.4330368042, 74.8042984009, 61.9486122131, 61.8551216125, 44.3116149902], [863.09161377, 14.1844701767, -173.667419434, 14.0354423523, 65.1238098145, 132.572494507, 145.511566162, 234.25491333, 106.127624512, 97.769859314, 48.5917358398, 67.3633804321, 56.393951416], [636.021118164, -62.828250885, -52.0491333008, 33.2921829224, 67.0927429199, 89.8845825195, 98.4330368042, 106.127624512, 148.57383728, 81.2925415039, 65.1723861694, 39.7685241699, 40.8544006348], [478.790679932, 1.49972355366, -74.7543334961, 50.0749282837, 62.0242080688, 75.8081893921, 74.8042984009, 97.769859314, 81.2925415039, 134.248580933, 71.1678848267, 46.2229309082, 26.0245666504], [348.249267578, -1.66131925583, -34.9784507751, 49.1905403137, 48.8802528381, 56.2049713135, 61.9486122131, 48.5917358398, 65.1723861694, 71.1678848267, 107.521850586, 52.2321929932, 26.5881710052], [344.469116211, -2.05608773232, -56.8733787537, 7.87493991852, 36.8082389832, 48.3966560364, 61.8551216125, 67.3633804321, 39.7685241699, 46.2229309082, 52.2321929932, 93.8154754639, 49.239490509], [277.62121582, 35.1187591553, -59.767364502, 24.6358013153, 32.7197570801, 47.969871521, 44.3116149902, 56.393951416, 40.8544006348, 26.0245666504, 26.5881710052, 49.239490509, 91.2684783936]], "icov": [[0.000160738796694, 0.000113374888315, 0.000162578056916, 7.43675482227e-05, 6.5866181103e-05, -0.000280855514575, -7.2907685535e-05, -0.000135786031024, -0.000237363143242, -3.34162614308e-05, -8.06181415101e-05, -4.94267151225e-05, -3.69401568605e-05], [0.000113374888315, 0.00101373286452, 0.000527919328306, -0.00050369289238, -0.000956636562478, 0.000417309027398, 0.00053632655181, -0.000623375468422, 0.000533209647983, 0.000235743471421, -0.000251607474638, 0.000202048075153, -0.000346465414623], [0.000162578056916, 0.000527919328306, 0.00172244990245, -0.000490365084261, -0.000710214779247, 5.31293771928e-05, -0.000610123272054, 0.00101923313923, -0.000209246281884, 0.000383398524718, 0.000235851315665, -6.71185216561e-06, 0.000375033414457], [7.43675482227e-05, -0.00050369289238, -0.000490365084261, 0.00346359610558, -2.01301863854e-05, -0.0023122408893, 0.00153168197721, 0.000217280787183, -0.000268000439974, -0.000825882249046, -0.00122983101755, 0.000681752106175, -0.000597898091655], [6.5866181103e-05, -0.000956636562478, -0.000710214779247, -2.01301863854e-05, 0.00784566067159, -0.0010806749342, -0.00258965115063, 0.0010404009372, -0.00170079385862, -0.00169216329232, 7.75221269578e-05, -0.000519818218891, -0.000420446856879], [-0.000280855514575, 0.000417309027398, 5.31293771928e-05, -0.0023122408893, -0.0010806749342, 0.0103469667956, -0.00241144024767, -0.00273031578399, -8.14367449493e-05, 0.00011043692939, -0.000381596531952, 0.000664140156005, -0.00108255061787], [-7.2907685535e-05, 0.00053632655181, -0.000610123272054, 0.00153168197721, -0.00258965115063, -0.00241144024767, 0.0125963175669, -0.00505471788347, -0.00130923441611, 0.00112529506441, -0.00255086319521, -0.00126433838159, 9.62906706263e-05], [-0.000135786031024, -0.000623375468422, 0.00101923313923, 0.000217280787183, 0.0010404009372, -0.00273031578399, -0.00505471788347, 0.0130970701575, -0.00304489512928, -0.0042896522209, 0.00489873951301, -0.00303890905343, -0.000516156665981], [-0.000237363143242, 0.000533209647983, -0.000209246281884, -0.000268000439974, -0.00170079385862, -8.14367449493e-05, -0.00130923441611, -0.00304489512928, 0.0152576034889, -0.00286719272844, -0.0045842975378, 0.00361130479723, -0.00300324708223], [-3.34162614308e-05, 0.000235743471421, 0.000383398524718, -0.000825882249046, -0.00169216329232, 0.00011043692939, 0.00112529506441, -0.0042896522209, -0.00286719272844, 0.0164535455406, -0.00659498665482, -0.000992034561932, 0.00218599336222], [-8.06181415101e-05, -0.000251607474638, 0.000235851315665, -0.00122983101755, 7.75221269578e-05, -0.000381596531952, -0.00255086319521, 0.00489873951301, -0.0045842975378, -0.00659498665482, 0.0202878732234, -0.00806884933263, 0.00158831092995], [-4.94267151225e-05, 0.000202048075153, -6.71185216561e-06, 0.000681752106175, -0.000519818218891, 0.000664140156005, -0.00126433838159, -0.00303890905343, 0.00361130479723, -0.000992034561932, -0.00806884933263, 0.0215053372085, -0.00837218016386], [-3.69401568605e-05, -0.000346465414623, 0.000375033414457, -0.000597898091655, -0.000420446856879, -0.00108255061787, 9.62906706263e-05, -0.000516156665981, -0.00300324708223, 0.00218599336222, 0.00158831092995, -0.00837218016386, 0.0173763521016]]}, "spectral_contrast_coeffs": {"dmean": [0.0464636050165, 0.0382253155112, 0.0376841127872, 0.0286413040012, 0.0191661715508, 0.015661880374], "dmean2": [0.0758545100689, 0.0610673502088, 0.0585377961397, 0.0456593818963, 0.0313097350299, 0.0255532879382], "dvar": [0.00170434766915, 0.00103853968903, 0.00099487695843, 0.000563613139093, 0.000280991487671, 0.000273916957667], "dvar2": [0.00435503851622, 0.00267028831877, 0.00235703401268, 0.00139164796565, 0.000670953770168, 0.000653363706078], "max": [-0.152064487338, -0.37448772788, -0.457686841488, -0.575488328934, -0.624201178551, -0.641635537148], "mean": [-0.576939463615, -0.666270077229, -0.699465095997, -0.758854389191, -0.794595181942, -0.800172448158], "median": [-0.596824109554, -0.668946266174, -0.700313806534, -0.758957505226, -0.796033978462, -0.798267126083], "min": [-0.955367922783, -0.964334964752, -0.958717226982, -0.965785801411, -0.967132329941, -0.95815205574], "var": [0.0111471610144, 0.00554361846298, 0.00422312598675, 0.00271854177117, 0.00158890290186, 0.00163145700935]}, "spectral_contrast_valleys": {"dmean": [0.408877789974, 0.2865229249, 0.300139963627, 0.266776800156, 0.2438570261, 0.324427694082], "dmean2": [0.661587238312, 0.464086681604, 0.474404096603, 0.41721239686, 0.360062986612, 0.424387723207], "dvar": [0.192869901657, 0.0949421748519, 0.0972707569599, 0.0922314077616, 0.117097698152, 0.231263622642], "dvar2": [0.42089599371, 0.204751685262, 0.193509802222, 0.170344799757, 0.20994541049, 0.406067401171], "max": [-4.