{"lowlevel": {"average_loudness": 0.858360469341, "barkbands_crest": {"dmean": 2.66425299644, "dmean2": 4.06708145142, "dvar": 7.38457298279, "dvar2": 15.3588685989, "max": 25.6835021973, "mean": 11.7360525131, "median": 10.7338905334, "min": 2.79109716415, "var": 26.1977787018}, "barkbands_flatness_db": {"dmean": 0.0227344073355, "dmean2": 0.0321076177061, "dvar": 0.000453093583928, "dvar2": 0.000855694233906, "max": 0.386066019535, "mean": 0.16257570684, "median": 0.157811641693, "min": 0.0323079153895, "var": 0.00244327425025}, "barkbands_kurtosis": {"dmean": 3.13368916512, "dmean2": 4.77076101303, "dvar": 25.3102493286, "dvar2": 54.227016449, "max": 192.29296875, "mean": 5.97815418243, "median": 3.38691949844, "min": -1.75991952419, "var": 90.0405654907}, "barkbands_skewness": {"dmean": 0.533695042133, "dmean2": 0.790568947792, "dvar": 0.311590880156, "dvar2": 0.635295748711, "max": 11.4433927536, "mean": 2.01154971123, "median": 1.82084846497, "min": -2.18094038963, "var": 1.59033334255}, "barkbands_spread": {"dmean": 4.17768383026, "dmean2": 6.1895108223, "dvar": 19.4495735168, "dvar2": 41.2869911194, "max": 85.8307876587, "mean": 17.1640262604, "median": 15.981760025, "min": 0.794036269188, "var": 75.6842575073}, "dissonance": {"dmean": 0.0188512466848, "dmean2": 0.0311043616384, "dvar": 0.000298380415188, "dvar2": 0.000779422116466, "max": 0.499999940395, "mean": 0.458422750235, "median": 0.464521944523, "min": 0.244243383408, "var": 0.000776972621679}, "dynamic_complexity": 1.96290230751, "erbbands_crest": {"dmean": 2.37255477905, "dmean2": 3.77347612381, "dvar": 5.25863647461, "dvar2": 12.1516532898, "max": 28.1382331848, "mean": 8.49705982208, "median": 7.48632669449, "min": 2.1825158596, "var": 15.4531583786}, "erbbands_flatness_db": {"dmean": 0.0165719985962, "dmean2": 0.0220595747232, "dvar": 0.000271327589871, "dvar2": 0.000451407366199, "max": 0.326087146997, "mean": 0.159998342395, "median": 0.156530037522, "min": 0.0246695894748, "var": 0.0015666403342}, "erbbands_kurtosis": {"dmean": 0.655921339989, "dmean2": 1.00817501545, "dvar": 0.754035174847, "dvar2": 1.76599192619, "max": 21.7565975189, "mean": 0.336003661156, "median": -0.0948526859283, "min": -1.70381903648, "var": 2.53863310814}, "erbbands_skewness": {"dmean": 0.280560046434, "dmean2": 0.426493555307, "dvar": 0.0702379643917, "dvar2": 0.15181826055, "max": 3.61146831512, "mean": 0.312190830708, "median": 0.260542094707, "min": -2.60604262352, "var": 0.343334138393}, "erbbands_spread": {"dmean": 7.73221349716, "dmean2": 11.3158426285, "dvar": 58.1581611633, "dvar2": 119.386169434, "max": 132.934417725, "mean": 38.7065162659, "median": 36.7642288208, "min": 4.66164302826, "var": 245.412536621}, "hfc": {"dmean": 5.07997941971, "dmean2": 7.16038608551, "dvar": 32.2755126953, "dvar2": 60.6732406616, "max": 76.5531463623, "mean": 26.4461269379, "median": 25.7356796265, "min": 1.09270492744e-16, "var": 143.687728882}, "melbands_crest": {"dmean": 3.19015741348, "dmean2": 5.02319431305, "dvar": 10.9398927689, "dvar2": 25.0139484406, "max": 32.5896720886, "mean": 16.3570594788, "median": 15.9868478775, "min": 1.52609407902, "var": 38.3323860168}, "melbands_flatness_db": {"dmean": 0.0273706596345, "dmean2": 0.0379920899868, "dvar": 0.000706969876774, "dvar2": 0.00130820728373, "max": 0.476416140795, "mean": 0.222007632256, "median": 0.218832537532, "min": 0.00357079040259, "var": 0.00460722483695}, "melbands_kurtosis": {"dmean": 8.1490650177, "dmean2": 12.4397544861, "dvar": 160.140625, "dvar2": 355.360931396, "max": 298.698028564, "mean": 17.7857952118, "median": 10.9530258179, "min": -1.71233332157, "var": 476.83303833}, "melbands_skewness": {"dmean": 0.783753097057, "dmean2": 1.15869390965, "dvar": 0.697256803513, "dvar2": 1.41928207874, "max": 13.9222698212, "mean": 3.18857431412, "median": 2.88056921959, "min": -0.995885968208, "var": 3.35262417793}, "melbands_spread": {"dmean": 4.58359718323, "dmean2": 6.93045282364, "dvar": 36.0994644165, "dvar2": 78.6578063965, "max": 158.4740448, "mean": 17.0657424927, "median": 14.7680921555, "min": 0.624131679535, "var": 177.758239746}, "pitch_salience": {"dmean": 0.0761376321316, "dmean2": 0.118485882878, "dvar": 0.00536017213017, "dvar2": 0.0120516018942, "max": 0.879573345184, "mean": 0.46864336729, "median": 0.485359638929, "min": 0.0579957589507, "var": 0.021665673703}, "silence_rate_20dB": {"dmean": 0, "dmean2": 0, "dvar": 0, "dvar2": 0, "max": 1, "mean": 1, "median": 1, "min": 1, "var": 0}, "silence_rate_30dB": {"dmean": 0.070635214448, "dmean2": 0.141288071871, "dvar": 0.0656404569745, "dvar2": 0.131062731147, "max": 1, "mean": 0.854629397392, "median": 1, "min": 0, "var": 0.124230317771}, "silence_rate_60dB": {"dmean": 0.00199675536714, "dmean2": 0.00399400899187, "dvar": 0.00199271901511, "dvar2": 0.00497655663639, "max": 1, "mean": 0.0364362373948, "median": 0, "min": 0, "var": 0.0351085066795}, "spectral_centroid": {"dmean": 204.491210938, "dmean2": 309.947418213, "dvar": 62396.9492188, "dvar2": 122072.21875, "max": 11524.3466797, "mean": 1180.65344238, "median": 1053.65649414, "min": 170.475372314, "var": 646655.6875}, "spectral_complexity": {"dmean": 3.6725320816, "dmean2": 5.33999013901, "dvar": 14.2195739746, "dvar2": 25.5142669678, "max": 53, "mean": 22.6452465057, "median": 22, "min": 0, "var": 68.5373535156}, "spectral_decrease": {"dmean": 3.76816311487e-09, "dmean2": 5.66811930724e-09, "dvar": 2.15626166445e-17, "dvar2": 4.52675913709e-17, "max": 1.64580716547e-28, "mean": -1.54638097882e-08, "median": -1.36227216174e-08, "min": -5.72484069039e-08, "var": 1.0212948222e-16}, "spectral_energy": {"dmean": 0.0144281778485, "dmean2": 0.0216987319291, "dvar": 0.000310565897962, "dvar2": 0.000654558185488, "max": 0.218601644039, "mean": 0.0607628002763, "median": 0.0540214404464, "min": 9.95764383477e-21, "var": 0.00147815456148}, "spectral_energyband_high": {"dmean": 0.000431633292465, "dmean2": 0.000584131281357, "dvar": 3.59041536058e-07, "dvar2": 6.33834702057e-07, "max": 0.0115983020514, "mean": 0.00105395191349, "median": 0.00070872833021, "min": 7.06679461232e-21, "var": 1.17510819564e-06}, "spectral_energyband_low": {"dmean": 0.0129671031609, "dmean2": 0.0190547462553, "dvar": 0.000334791344358, "dvar2": 0.000650691625196, "max": 0.209864020348, "mean": 0.0376476235688, "median": 0.025117713958, "min": 2.96101686011e-23, "var": 0.00150649342686}, "spectral_energyband_middle_high": {"dmean": 0.00176696304698, "dmean2": 0.0026905303821, "dvar": 3.3001635984e-06, "dvar2": 7.65688946558e-06, "max": 0.032335896045, "mean": 0.00708658993244, "median": 0.00672230683267, "min": 1.25332241527e-21, "var": 1.45947979036e-05}, "spectral_energyband_middle_low": {"dmean": 0.00657716905698, "dmean2": 0.0105248158798, "dvar": 8.80842198967e-05, "dvar2": 0.000225269599468, "max": 0.108026854694, "mean": 0.0187987610698, "median": 0.0157658010721, "min": 2.01388477199e-22, "var": 0.000186029894394}, "spectral_entropy": {"dmean": 0.154379680753, "dmean2": 0.207903161645, "dvar": 0.0273777823895, "dvar2": 0.0473501347005, "max": 9.82446861267, "mean": 7.55744695663, "median": 7.57522821426, "min": 5.75146722794, "var": 0.150119036436}, "spectral_flux": {"dmean": 0.0335813872516, "dmean2": 0.0512216389179, "dvar": 0.0014480027603, "dvar2": 0.0033340100199, "max": 0.401674151421, "mean": 0.103348985314, "median": 0.0904680043459, "min": 6.50320075568e-11, "var": 0.00354736787267}, "spectral_kurtosis": {"dmean": 1.32717597485, "dmean2": 2.18259549141, "dvar": 2.45763659477, "dvar2": 6.20711517334, "max": 28.1014633179, "mean": 3.40273880959, "median": 2.80888128281, "min": -1.26503705978, "var": 5.4464802742}, "spectral_rms": {"dmean": 0.000878542603459, "dmean2": 0.00131112139206, "dvar": 9.28703684622e-07, "dvar2": 1.89579293419e-06, "max": 0.0146037628874, "mean": 0.00724439416081, "median": 0.00725974142551, "min": 3.1168533466e-12, "var": 6.79961158312e-06}, "spectral_rolloff": {"dmean": 309.559387207, "dmean2": 503.016876221, "dvar": 408991.9375, "dvar2": 870649.0625, "max": 19552.1484375, "mean": 1010.46960449, "median": 710.595703125, "min": 64.599609375, "var": 2336759.25}, "spectral_skewness": {"dmean": 0.190259873867, "dmean2": 0.292985498905, "dvar": 0.033209759742, "dvar2": 0.0724225267768, "max": 3.753875494, "mean": 1.39965295792, "median": 1.36218738556, "min": -0.0660902634263, "var": 0.141332119703}, "spectral_spread": {"dmean": 443647.21875, "dmean2": 609747.625, "dvar": 508577742848, "dvar2": 875894865920, "max": 42154488, "mean": 4630513, "median": 4510746, "min": 1643702.125, "var": 7108069163010.0}, "spectral_strongpeak": {"dmean": 0.457679569721, "dmean2": 0.777200996876, "dvar": 0.500094771385, "dvar2": 1.19423723221, "max": 10.5086936951, "mean": 1.01629650593, "median": 0.772607982159, "min": 0, "var": 0.818322658539}, "zerocrossingrate": {"dmean": 0.00842563901097, "dmean2": 0.00971613824368, "dvar": 0.00010598719382, "dvar2": 0.000136253074743, "max": 0.5234375, "mean": 0.0464592240751, "median": 0.04052734375, "min": 0.00390625, "var": 0.00173764245119}, "barkbands": {"dmean": [0.000333441887051, 0.0107228318229, 0.00486669549718, 0.00357494829223, 0.00174897804391, 0.00138062750921, 0.000979547505267, 0.00202206755057, 0.000854811223689, 0.000840129330754, 0.000529995420948, 0.000349355395883, 0.000869958428666, 0.000395430019125, 0.000340643833624, 0.000109917542432, 0.000105820945464, 0.000126279323013, 9.19004960451e-05, 0.000186338031199, 0.000141078213346, 0.000106372128357, 0.000102326492197, 5.19944369444e-05, 2.84429352178e-05, 6.97187306287e-06, 5.03569665966e-08], "dmean2": [0.000473767984658, 0.0151491062716, 0.00801375508308, 0.00618965132162, 0.00287531036884, 0.0021389760077, 0.00151418743189, 0.00298750121146, 0.00134749652352, 0.00128832191695, 0.000868082104716, 0.000544308975805, 0.00133247929625, 0.000641901162453, 0.000562064582482, 0.000174848450115, 0.000170702507603, 0.000199288406293, 0.000140927062603, 0.000280945474515, 0.000211374004721, 0.000154175999342, 0.000146201287862, 7.54684369895e-05, 4.13145098719e-05, 9.89373711491e-06, 8.41943048613e-08], "dvar": [5.89336764278e-07, 0.000355584401404, 8.04048759164e-05, 4.84863230668e-05, 1.21230286823e-05, 5.01959038957e-06, 2.46234890255e-06, 1.457815506e-05, 2.76672403743e-06, 1.53615042109e-06, 4.84055988181e-07, 2.72067552487e-07, 1.42013516324e-06, 3.95399439412e-07, 2.25521063157e-07, 3.42156205591e-08, 2.47571687595e-08, 4.07877074338e-08, 1.91869649058e-08, 6.83865266637e-08, 4.77040877911e-08, 3.16554960023e-08, 2.59497472399e-08, 6.21587759042e-09, 3.27598126404e-09, 1.59518634413e-10, 2.80474021829e-14], "dvar2": [1.15917498533e-06, 0.00066897564102, 0.000208282770473, 0.000135286332807, 3.2185776945e-05, 1.18595262393e-05, 5.85891120863e-06, 3.28316200466e-05, 7.58275973567e-06, 3.83177211916e-06, 1.21790378671e-06, 6.3584786858e-07, 3.1927256714e-06, 1.01863406599e-06, 5.86968894822e-07, 8.12485438928e-08, 6.31157419662e-08, 9.26161050074e-08, 4.36385008129e-08, 1.49720619902e-07, 9.73244596025e-08, 6.47917417496e-08, 5.15960785208e-08, 1.31283908189e-08, 6.90073642673e-09, 3.14346187968e-10, 6.22048663664e-14], "max": [0.00918902922422, 0.173184096813, 0.111170336604, 0.0798479169607, 0.0446991100907, 0.0423671714962, 0.0284607224166, 0.0552252680063, 0.0465627573431, 0.0200401116163, 0.0133811440319, 0.011763789691, 0.0310707520694, 0.00984349660575, 0.00907071866095, 0.00379070220515, 0.00503821577877, 0.00791353173554, 0.00292542437091, 0.00584673928097, 0.00565211893991, 0.00588728720322, 0.00287995696999, 0.00118533126079, 0.00135372800287, 0.000246285897447, 8.18788885226e-06], "mean": [0.0004724508035, 0.0230953823775, 0.0105103962123, 0.0051610567607, 0.00296642910689, 0.00283520738594, 0.00193268375006, 0.003867152147, 0.0015996148577, 0.00144658482168, 0.00098946900107, 0.000671570189297, 0.00176040187944, 0.000791362137534, 0.000565436377656, 0.000201501170523, 0.00021869786724, 0.000247415242484, 0.000177452864591, 0.000404728867579, 0.000316614430631, 0.000205663600354, 0.000169868362718, 9.11969982553e-05, 5.34883656655e-05, 1.09373577288e-05, 4.51671553492e-08], "median": [6.8752138759e-05, 0.00687909778208, 0.00482980627567, 0.00248003518209, 0.00164245604537, 0.00182703346945, 0.00114811200183, 0.00143786007538, 0.000937651493587, 0.000844153226353, 0.000670054461807, 0.000423473102273, 0.00109054241329, 0.00048178830184, 0.000391522975406, 0.000121106895676, 0.000135797978146, 0.000172698462848, 0.000120198797958, 0.000271246244665, 0.000212178085349, 0.000103767008113, 8.41924484121e-05, 4.11484506913e-05, 2.53025064012e-05, 3.882524652e-06, 4.21739621004e-09], "min": [7.89249973885e-26, 3.25185484806e-24, 2.8614414724e-24, 1.41741580817e-24, 1.29517550002e-23, 5.96205807708e-24, 1.17801782268e-23, 1.41167400519e-23, 1.52158457516e-23, 1.02126792648e-23, 1.16494560862e-23, 2.03779448338e-23, 4.45003599492e-23, 3.42174444537e-23, 6.06733180154e-23, 7.80368722913e-23, 5.93598204319e-23, 1.15107011328e-22, 1.45463615894e-22, 1.74764244943e-22, 2.79152858001e-22, 2.87797082204e-22, 4.15226012519e-22, 5.75289828182e-22, 9.02454856089e-22, 1.4499599682e-21, 2.0691488834e-21], "var": [1.07839537122e-06, 0.00116518465802, 0.000179893220775, 5.28395576112e-05, 1.64688790392e-05, 1.12762918434e-05, 5.94275343246e-06, 3.68533692381e-05, 5.01405111208e-06, 3.09733513859e-06, 1.10739586034e-06, 6.44700719477e-07, 4.24726522397e-06, 9.4123498684e-07, 3.84131084274e-07, 7.58229816711e-08, 9.25137939589e-08, 8.14436305063e-08, 3.82081601913e-08, 1.99788587452e-07, 1.37472909501e-07, 8.63462119582e-08, 5.10989046631e-08, 1.42598812758e-08, 6.45365716423e-09, 3.49634071695e-10, 3.69204653287e-14]}, "erbbands": {"dmean": [0.330053776503, 2.56262159348, 5.09711313248, 9.75780582428, 7.62022209167, 5.14686584473, 10.5337028503, 11.2786254883, 14.8064184189, 17.2233448029, 46.3234291077, 24.1101379395, 17.4826869965, 24.086391449, 24.539478302, 15.186542511, 40.7104263306, 20.907497406, 20.0518093109, 10.7576856613, 4.36779975891, 5.07901859283, 6.65777254105, 5.99025583267, 4.52777957916, 9.35407447815, 6.73587656021, 4.79205989838, 3.70132112503, 3.52990078926, 2.84039187431, 1.4888651371, 0.691789269447, 0.341352701187, 0.196391656995, 0.0576417706907, 0.00837890896946, 0.000623095023911, 1.96603850782e-05, 1.62483338499e-05], "dmean2": [0.425222039223, 3.70192956924, 8.10276126862, 16.806968689, 13.0755376816, 8.54117298126, 15.6286811829, 18.2300224304, 22.8634700775, 25.8820762634, 68.2679443359, 37.4899253845, 27.7349624634, 36.4169235229, 40.2506828308, 23.3696556091, 62.305229187, 33.6259002686, 32.7245750427, 17.4461479187, 6.94275283813, 8.06735897064, 10.6277227402, 9.20196342468, 6.78816080093, 14.2333993912, 10.1019144058, 7.12554121017, 5.40877246857, 5.09243154526, 4.04882621765, 2.16060757637, 1.01745903492, 0.504490971565, 0.286942541599, 0.0819853544235, 0.0118145244196, 0.000895892793778, 2.80554777419e-05, 2.42339665419e-05], "dvar": [0.416138261557, 20.5907344818, 88.1171875, 280.480102539, 341.586395264, 90.2786178589, 499.714874268, 312.260681152, 501.099365234, 1181.60314941, 9312.84082031, 1961.88586426, 1524.47924805, 1209.33044434, 1068.1685791, 489.761993408, 3324.50610352, 1213.23486328, 809.605529785, 273.341705322, 48.8683242798, 53.9143409729, 89.8658294678, 85.7130355835, 41.9016151428, 176.291244507, 102.696098328, 64.4065933228, 41.9616012573, 32.2600288391, 20.2825565338, 5.60694789886, 1.08781385422, 0.42831364274, 0.127105787396, 0.0146489059553, 0.000246252457146, 1.70876398897e-06, 9.78188308132e-10, 3.68791414074e-10], "dvar2": [0.591865897179, 44.0807991028, 213.826950073, 782.062011719, 897.903991699, 241.315689087, 1020.36273193, 803.937011719, 1191.28540039, 2605.81958008, 20849.9882812, 5365.79150391, 4047.99169922, 2724.42578125, 2724.37036133, 1101.30627441, 7294.64013672, 3103.40844727, 2116.4309082, 693.33416748, 123.834022522, 135.105270386, 209.708709717, 193.591369629, 89.4041595459, 390.319854736, 217.177337646, 136.833282471, 85.566368103, 67.1886367798, 40.8182945251, 11.8618574142, 2.33339118958, 0.949090898037, 0.259455680847, 0.0289022382349, 0.000470866070827, 3.05952562485e-06, 1.82138637506e-09, 7.83800524484e-10], "max": [6.18780183792, 47.5190467834, 135.147262573, 177.990905762, 250.893051147, 169.140380859, 619.070068359, 374.936065674, 431.573394775, 640.404907227, 1477.58007812, 867.66809082, 1067.38977051, 531.658630371, 610.631774902, 504.078765869, 1481.94177246, 677.451049805, 530.484313965, 298.849182129, 131.978103638, 201.720443726, 303.297943115, 219.968902588, 148.794631958, 288.588775635, 279.467346191, 278.172149658, 249.782073975, 98.6638793945, 88.988899231, 37.4086761475, 14.3571920395, 15.1954145432, 7.97636318207, 2.75301623344, 0.397306919098, 0.0457121357322, 0.000912965158932, 0.000238967710175], "mean": [0.55546694994, 5.49518871307, 11.9296045303, 17.6565704346, 9.96021938324, 9.27667236328, 20.9992694855, 22.6615219116, 30.1158428192, 36.8810844421, 87.7785339355, 48.3434448242, 33.0960121155, 44.8396835327, 48.9381599426, 33.7936439514, 81.2919692993, 48.7249908447, 37.5293388367, 20.803817749, 9.43600845337, 11.1247930527, 14.1099462509, 11.7862129211, 9.84283065796, 20.0271759033, 15.0505695343, 10.4082546234, 7.3187494278, 6.34170675278, 4.59619760513, 2.45255208015, 1.23935604095, 0.648685991764, 0.351592719555, 0.0929123386741, 0.0130557306111, 0.000894404249266, 5.55675032956e-05, 7.14775669621e-05], "median": [0.155997410417, 1.75053083897, 6.01124477386, 9.74548149109, 5.18881177902, 4.94203567505, 8.30347061157, 15.443731308, 19.540184021, 18.5605144501, 31.9366455078, 28.7248191833, 18.4098892212, 26.6145248413, 34.4497375488, 24.316242218, 51.9400482178, 31.2931442261, 27.361579895, 13.7685031891, 6.05339050293, 7.45667457581, 10.6367816925, 7.66287279129, 6.90746593475, 13.2528133392, 9.86443424225, 6.65843772888, 3.80783867836, 3.15148639679, 2.24625587463, 1.10100829601, 0.585209488869, 0.317377924919, 0.15870192647, 0.036028765142, 0.00460111582652, 0.000267799478024, 4.40673757112e-05, 6.51885202387e-05], "min": [8.9673201732e-23, 8.72991696451e-22, 4.06503089027e-21, 6.96063357396e-21, 7.60885398411e-21, 2.70195251293e-20, 7.35741741196e-20, 7.94619746339e-20, 1.54615850466e-19, 1.82469619555e-19, 4.13964631353e-19, 4.22348287807e-19, 4.54576071653e-19, 7.81104998073e-19, 6.20672232593e-19, 1.72019642666e-18, 2.33394469224e-18, 2.38889843623e-18, 4.19359973767e-18, 2.77889631067e-18, 3.48869379045e-18, 4.36306381617e-18, 5.73437872492e-18, 7.03583368143e-18, 6.46674375976e-18, 8.24614781011e-18, 9.2900646324e-18, 1.11746509015e-17, 1.1326961322e-17, 1.12866784534e-17, 1.28057145847e-17, 1.19125795531e-17, 9.92484386166e-18, 9.10207460331e-18, 6.83652327207e-18, 4.60550797217e-18, 2.50928609579e-18, 1.09102517177e-18, 2.60505618823e-19, 2.69381496209e-20], "var": [1.07470726967, 64.4006271362, 239.460266113, 424.487976074, 300.803009033, 157.031860352, 1437.60705566, 633.401916504, 1191.44299316, 3247.71459961, 22580.1386719, 4036.50439453, 2678.79467773, 2854.72094727, 2459.87304688, 1177.15930176, 8951.33496094, 3686.57641602, 1457.91589355, 562.180908203, 129.370788574, 184.651367188, 191.76133728, 181.672058105, 103.834213257, 490.445739746, 288.949279785, 170.427963257, 112.215682983, 74.6228637695, 38.652381897, 11.2629022598, 2.44319224358, 0.848869800568, 0.267375290394, 0.0287252347916, 0.000604105007369, 5.01701606481e-06, 2.82660383988e-09, 1.75571945871e-09]}, "gfcc": {"mean": [15.706817627, 112.468955994, -124.994781494, 38.1485023499, -66.1258850098, 24.8947315216, -26.4094924927, 3.39404678345, -21.5397148132, 6.78188180923, -8.64704704285, -10.1228322983, -10.4834375381], "cov": [[16856.1289062, 503.108001709, -763.600402832, 546.435974121, -871.20513916, 493.122467041, -327.8671875, 183.568145752, -222.448928833, 247.835083008, -253.020446777, 17.8782672882, -209.394943237], [503.108001709, 1082.39074707, -87.1920166016, 82.2556381226, 365.412231445, 23.8066329956, 283.130950928, -42.3900375366, 183.523574829, -70.9282989502, 140.269699097, -129.980957031, 86.9844436646], [-763.600402832, -87.1920166016, 697.933654785, 211.795303345, 230.51701355, 169.745483398, 89.7659835815, 123.398895264, 39.1867904663, 56.6219673157, -35.1789550781, 62.8864936829, -18.1924495697], [546.435974121, 82.2556381226, 211.795303345, 337.238830566, 168.49079895, 78.0763549805, 47.2782745361, 37.958190918, 21.2962150574, -11.2785463333, 12.4223537445, 10.7144985199, 12.8650178909], [-871.20513916, 365.412231445, 230.51701355, 168.49079895, 466.677062988, 88.7718429565, 214.525802612, 43.3947372437, 117.813262939, -19.5235977173, 72.1960678101, -6.17203330994, 36.3294219971], [493.122467041, 23.8066329956, 169.745483398, 78.0763549805, 88.7718429565, 208.807693481, 93.2470550537, 60.0085487366, 21.5525112152, 41.2951469421, -1.99269342422, 12.9193115234, -26.3204994202], [-327.8671875, 283.130950928, 89.7659835815, 47.2782745361, 214.525802612, 93.2470550537, 258.982055664, 36.6559143066, 107.449150085, 9.32385730743, 75.9067001343, -6.8566493988, 21.0396671295], [183.568145752, -42.3900375366, 123.398895264, 37.958190918, 43.3947372437, 60.0085487366, 36.6559143066, 140.789199829, 56.9763679504, 55.845664978, -9.41003131866, 44.3239860535, 7.23392391205], [-222.448928833, 183.523574829, 39.1867904663, 21.2962150574, 117.813262939, 21.5525112152, 107.449150085, 56.9763679504, 178.65927124, 48.2350997925, 48.3799476624, 2.38447546959, 49.1497497559], [247.835083008, -70.9282989502, 56.6219673157, -11.2785463333, -19.5235977173, 41.2951469421, 9.32385730743, 55.845664978, 48.2350997925, 110.839126587, 4.23149728775, 39.5151939392, 0.511115729809], [-253.020446777, 140.269699097, -35.1789550781, 12.4223537445, 72.1960678101, -1.99269342422, 75.9067001343, -9.41003131866, 48.3799476624, 4.23149728775, 104.14276886, 1.84960770607, 30.8070392609], [17.8782672882, -129.980957031, 62.8864936829, 10.7144985199, -6.17203330994, 12.9193115234, -6.8566493988, 44.3239860535, 2.38447546959, 39.5151939392, 1.84960770607, 108.695037842, 22.6305046082], [-209.394943237, 86.9844436646, -18.1924495697, 12.8650178909, 36.3294219971, -26.3204994202, 21.0396671295, 7.23392391205, 49.1497497559, 0.511115729809, 30.8070392609, 22.6305046082, 91.7324676514]], "icov": [[0.000219048568397, -0.000592287338804, 0.000490775855724, -0.000774796062615, 0.000705140351783, -0.000673605827615, 0.000273964949884, -0.000375862146029, 0.000299444218399, -0.00060859543737, 0.000586186244618, -0.000570773263462, 0.000548804062419], [-0.000592287338804, 0.00385898048989, -0.000827963056508, 0.00194283144083, -0.00290080043487, 0.00170168862678, -0.00187949452084, 0.00138776737731, -0.00162073108368, 0.00216551730409, -0.00216975109652, 0.00382639258169, -0.00284817093052], [0.000490775855724, -0.000827963056508, 0.00385473039933, -0.00266094366089, 0.000213228617213, -0.00238209590316, 0.000384667451726, -0.00159719248768, 0.000833186728414, -0.00203825673088, 0.00261615705676, -0.00168424763251, 0.00141468364745], [-0.000774796062615, 0.00194283144083, -0.00266094366089, 0.00712142931297, -0.00367113249376, 0.00123965437524, 0.000319066952216, 0.00089675601339, -0.000861529377289, 0.00325211649761, -0.00283756107092, 0.00200695940293, -0.00257032737136], [0.000705140351783, -0.00290080043487, 0.000213228617213, -0.00367113249376, 0.00774393742904, -0.00200322153978, -0.00131783494726, -0.00124560901895, -0.000256570434431, -5.40009350516e-05, 0.00111977767665, -0.00267424201593, 0.00209767557681], [-0.000673605827615, 0.00170168862678, -0.00238209590316, 0.00123965437524, -0.00200322153978, 0.0104960324243, -0.00427124742419, -0.000320125167491, 0.000848328985739, -0.000925659784116, -0.000677300209645, 0.00217827688903, 0.000253037345828], [0.000273964949884, -0.00187949452084, 0.000384667451726, 0.000319066952216, -0.00131783494726, -0.00427124742419, 0.0105087077245, -0.000978637486696, -0.00238454691134, 0.000727808917873, -0.00315366522409, -0.00165676686447, 0.00214381935075], [-0.000375862146029, 0.00138776737731, -0.00159719248768, 0.00089675601339, -0.00124560901895, -0.000320125167491, -0.000978637486696, 0.0129875773564, -0.00412698881701, -0.00144615152385, 0.00156778120436, -0.00207526399754, -0.000809972465504], [0.000299444218399, -0.00162073108368, 0.000833186728414, -0.000861529377289, -0.000256570434431, 0.000848328985739, -0.00238454691134, -0.00412698881701, 0.0131915640086, -0.00673680147156, 9.69973771134e-05, 0.00198800349608, -0.00382962357253], [-0.00060859543737, 0.00216551730409, -0.00203825673088, 0.00325211649761, -5.40009350516e-05, -0.000925659784116, 0.000727808917873, -0.00144615152385, -0.00673680147156, 0.0180047024041, -0.00390148255974, -0.00219895527698, 0.00076189119136], [0.000586186244618, -0.00216975109652, 0.00261615705676, -0.00283756107092, 0.00111977767665, -0.000677300209645, -0.00315366522409, 0.00156778120436, 9.69973771134e-05, -0.00390148255974, 0.0172043703496, -0.00334828579798, -0.000707861850969], [-0.000570773263462, 0.00382639258169, -0.00168424763251, 0.00200695940293, -0.00267424201593, 0.00217827688903, -0.00165676686447, -0.00207526399754, 0.00198800349608, -0.00219895527698, -0.00334828579798, 0.0173576902598, -0.00752956047654], [0.000548804062419, -0.00284817093052, 0.00141468364745, -0.00257032737136, 0.00209767557681, 0.000253037345828, 0.00214381935075, -0.000809972465504, -0.00382962357253, 0.00076189119136, -0.000707861850969, -0.00752956047654, 0.0184527300298]]}, "melbands": {"dmean": [0.00292062852532, 0.00268556247465, 0.00158244394697, 0.000411808607168, 0.000329632894136, 0.000250915967626, 0.000221278110985, 0.000222774207941, 0.000355331576429, 0.000139717580169, 8.76266785781e-05, 0.000103395541373, 7.51908810344e-05, 4.70408740512e-05, 6.72012829455e-05, 7.90122139733e-05, 3.99059681513e-05, 3.43492683896e-05, 1.90071968973e-05, 1.13141795737e-05, 5.33589945917e-06, 6.14345799477e-06, 6.65835159452e-06, 6.6969269028e-06, 5.27874090039e-06, 2.7194885206e-06, 5.68030327486e-06, 6.61892408971e-06, 4.89989542984e-06, 3.7437885112e-06, 2.83133931589e-06, 2.24041605179e-06, 2.14965621126e-06, 2.02980072572e-06, 1.85161786703e-06, 1.28545514144e-06, 8.26263033105e-07, 5.60337809929e-07, 3.32771236344e-07, 2.8760848636e-07], "dmean2": [0.00396716035903, 0.00405928166583, 0.00272161955945, 0.000696735223755, 0.000493158062454, 0.000400449614972, 0.00034006300848, 0.000334391865181, 0.00052420317661, 0.000219146560994, 0.000138930859976, 0.000156620939379, 0.000123104575323, 7.38077869755e-05, 0.000102052428701, 0.000122493307572, 6.47234628559e-05, 5.58383362659e-05, 3.09839015245e-05, 1.83458032552e-05, 8.64243975229e-06, 9.85628503258e-06, 1.09157472252e-05, 1.05845820144e-05, 8.20907553134e-06, 4.16199327447e-06, 8.8977312771e-06, 1.0149931768e-05, 7.49405398892e-06, 5.70182419324e-06, 4.31270746049e-06, 3.37428582498e-06, 3.1771344311e-06, 2.97907376989e-06, 2.67242307928e-06, 1.88700016679e-06, 1.23102904581e-06, 8.42566350912e-07, 4.95130905165e-07, 4.34164860508e-07], "dvar": [2.80911244772e-05, 1.96767869056e-05, 8.04024421086e-06, 8.45531076266e-07, 4.17469124159e-07, 1.49529356008e-07, 1.13224494669e-07, 1.91145900885e-07, 5.34933178642e-07, 7.43648200796e-08, 3.85852487739e-08, 2.33152519513e-08, 9.83249570652e-09, 3.98431909687e-09, 9.55781320755e-09, 1.17941114652e-08, 4.5666221915e-09, 2.37385888724e-09, 8.08668798591e-10, 3.63877455944e-10, 9.05916175409e-11, 9.92567625313e-11, 8.24682613865e-11, 1.56229196246e-10, 6.69017410915e-11, 1.74531413627e-11, 7.23640106171e-11, 8.98421129158e-11, 5.52159498679e-11, 3.89670899714e-11, 2.94226552844e-11, 1.79782647103e-11, 1.38020107496e-11, 1.06333067351e-11, 8.51074159064e-12, 5.3235393524e-12, 1.70001035818e-12, 7.5579267237e-13, 3.51716973688e-13, 3.2409770939e-13], "dvar2": [4.59828952444e-05, 4.47998208983e-05, 2.22229391511e-05, 2.24124983106e-06, 8.69158611749e-07, 3.76801352786e-07, 2.67687113364e-07, 4.28059649948e-07, 1.20286790661e-06, 2.04719270869e-07, 1.02321386919e-07, 5.24712007177e-08, 2.50950957792e-08, 9.48286604796e-09, 2.09982697896e-08, 2.84122663174e-08, 1.18087699619e-08, 6.08786532297e-09, 1.95205807074e-09, 9.07400543593e-10, 2.35774372248e-10, 2.52573184589e-10, 2.16450093959e-10, 3.51992435199e-10, 1.56487767189e-10, 3.96177222972e-11, 1.67874047996e-10, 2.02112201975e-10, 1.22721111051e-10, 8.24317766823e-11, 6.86366727343e-11, 4.01521316196e-11, 3.06075303991e-11, 2.25640825469e-11, 1.75646042849e-11, 1.17606089797e-11, 3.7707419652e-12, 1.69987721815e-12, 7.88451769151e-13, 7.46869634281e-13], "max": [0.0502568259835, 0.0558748207986, 0.0286053847522, 0.0109370220453, 0.0185276009142, 0.00779175478965, 0.00660037854686, 0.00746540538967, 0.01160044875, 0.00585721572861, 0.00539995869622, 0.00233648880385, 0.00182948971633, 0.00156802276615, 0.00303173484281, 0.00185463705566, 0.00122798979282, 0.00095600693021, 0.000889690942131, 0.000352513161488, 0.000234555162024, 0.000301438034512, 0.000178624934051, 0.000576230871957, 0.000141407217598, 9.69883258222e-05, 0.000170945102582, 0.000204791402211, 0.000168085709447, 0.00017590499192, 0.000217267035623, 0.000185258555575, 8.09176417533e-05, 5.30537399754e-05, 5.496524318e-05, 4.01340184908e-05, 1.89566762856e-05, 1.54655936058e-05, 1.26965105665e-05, 1.53595865413e-05], "mean": [0.00581518281251, 0.00694540888071, 0.00282314466313, 0.000603666529059, 0.000674362876453, 0.000509349745698, 0.000448869366664, 0.000466950819828, 0.000675671268255, 0.000263635971351, 0.000157311515068, 0.000181341936695, 0.000147016966366, 9.92079803837e-05, 0.000129769381601, 0.00016280595446, 8.33750746096e-05, 6.26792098046e-05, 3.43922547472e-05, 2.00241192942e-05, 9.83278459898e-06, 1.18627967822e-05, 1.23592499222e-05, 1.25710439534e-05, 9.4552497103e-06, 5.21651190866e-06, 1.12168063424e-05, 1.3408628547e-05, 9.78197931545e-06, 7.88316992839e-06, 5.40257678949e-06, 4.14913165514e-06, 3.82922780773e-06, 3.40004203281e-06, 2.88635965262e-06, 1.89818956642e-06, 1.35152811254e-06, 9.3582292493e-07, 6.14363841578e-07, 5.16020520536e-07], "median": [0.00183270557318, 0.00395481893793, 0.00169141078368, 0.000339614605764, 0.000290959898848, 0.000347480003256, 0.000281145854387, 0.000218252942432, 0.000256560160778, 0.000151783708134, 8.30275093904e-05, 9.88701358438e-05, 0.00010313486564, 6.91215682309e-05, 8.17934778752e-05, 0.000104037389974, 4.90504535264e-05, 4.32391570939e-05, 2.4374887289e-05, 1.16709652502e-05, 5.12832139066e-06, 6.97816813044e-06, 8.78083574207e-06, 8.24036942504e-06, 5.86078385822e-06, 3.51309699909e-06, 7.46157411413e-06, 8.63334207679e-06, 5.96841437073e-06, 4.95508629683e-06, 3.09010374622e-06, 2.09099471249e-06, 1.67970063103e-06, 1.65316714629e-06, 1.38658174365e-06, 7.33529986974e-07, 5.53669337933e-07, 4.07859886309e-07, 3.00966235045e-07, 2.32189449889e-07], "min": [1.57185426303e-24, 1.8030402065e-24, 1.47295546159e-24, 1.02082525719e-24, 2.99536678271e-24, 2.14349659876e-24, 2.72579822025e-24, 2.2460441777e-24, 3.32491421472e-24, 2.28206218613e-24, 2.00414333377e-24, 3.06215056365e-24, 1.38715717461e-24, 2.6627510762e-24, 4.78221088596e-24, 4.48890766823e-24, 3.5738617559e-24, 4.97589438199e-24, 4.40827977283e-24, 2.94800219345e-24, 3.10490169712e-24, 3.80829662301e-24, 5.18074420413e-24, 5.4149104641e-24, 5.14626822156e-24, 4.03432972704e-24, 4.40573490755e-24, 5.30131686033e-24, 5.21617786384e-24, 5.57405013552e-24, 5.76992390386e-24, 6.19428216149e-24, 4.5233797065e-24, 5.15918305787e-24, 6.40378744627e-24, 7.31204402722e-24, 6.71678615422e-24, 5.18153267061e-24, 5.41353902942e-24, 7.06430462652e-24], "var": [8.39970525703e-05, 7.02653560438e-05, 1.06216029963e-05, 8.41534927076e-07, 1.21673815556e-06, 3.13256975915e-07, 2.80399149233e-07, 5.3128513855e-07, 1.30107969198e-06, 1.38900546176e-07, 6.68319088959e-08, 5.39562492463e-08, 2.25458105518e-08, 1.0776680881e-08, 2.52761687136e-08, 3.2787419002e-08, 1.27971562236e-08, 4.56616744415e-09, 1.61763680229e-09, 7.68110519633e-10, 2.25629487316e-10, 3.03324587669e-10, 1.65385566353e-10, 3.02717156897e-10, 1.28763028018e-10, 3.52470413967e-11, 1.63549368493e-10, 2.36425740097e-10, 1.42114278678e-10, 1.14246209715e-10, 5.85294174238e-11, 4.0563614967e-11, 3.34111280309e-11, 2.15435655426e-11, 1.57009127921e-11, 9.10115732777e-12, 3.5846510222e-12, 1.55237172943e-12, 7.5731467538e-13, 5.85170095973e-13]}, "mfcc": {"mean": [-613.209655762, 129.256088257, 1.92178213596, 18.5850868225, -9.0020275116, 17.3282585144, 6.45501947403, -0.488406777382, -3.08060145378, 7.92945289612, 3.84332633018, 5.06075429916, -3.09869766235], "cov": [[7524.67236328, 275.325134277, 283.064849854, 90.2927627563, -206.457565308, 115.76474762, -124.187759399, -45.4119567871, -15.7519903183, 51.5907402039, 7.02014875412, 42.8843727112, 36.01587677], [275.325134277, 1103.87304688, -149.522506714, 144.565383911, 89.2697219849, 167.666275024, 150.923553467, 97.1659164429, 105.696350098, 121.036560059, 82.0568466187, 69.9191131592, 24.5409679413], [283.064849854, -149.522506714, 444.074035645, 76.7068710327, 107.525146484, 75.4112472534, 47.6209602356, 55.2193527222, 63.2907180786, 22.3120365143, 44.4570503235, 14.5194578171, 10.9880962372], [90.2927627563, 144.565383911, 76.7068710327, 309.607543945, 171.302490234, 82.354927063, 71.6923599243, 77.1045455933, 57.9750404358, 27.0787372589, -6.83293962479, 34.62342453, 35.2592048645], [-206.457565308, 89.2697219849, 107.525146484, 171.302490234, 256.893280029, 87.1083374023, 73.5164718628, 81.9155654907, 75.124420166, 41.1504859924, 10.6722993851, 26.1817245483, 21.6516647339], [115.76474762, 167.666275024, 75.4112472534, 82.354927063, 87.1083374023, 197.096405029, 110.583312988, 82.7030639648, 52.3733825684, 57.9487991333, 50.6334075928, 33.0587730408, 16.8232975006], [-124.187759399, 150.923553467, 47.6209602356, 71.6923599243, 73.5164718628, 110.583312988, 176.654800415, 88.2672195435, 19.7819099426, 35.1191635132, 37.1241226196, 24.7664241791, -4.83299970627], [-45.4119567871, 97.1659164429, 55.2193527222, 77.1045455933, 81.9155654907, 82.7030639648, 88.2672195435, 141.385635376, 68.4099121094, 43.2643470764, 34.6146240234, 34.1064910889, 30.8504657745], [-15.7519903183, 105.696350098, 63.2907180786, 57.9750404358, 75.124420166, 52.3733825684, 19.7819099426, 68.4099121094, 143.205184937, 64.7677078247, 40.4278450012, 38.7700386047, 52.9980392456], [51.5907402039, 121.036560059, 22.3120365143, 27.0787372589, 41.1504859924, 57.9487991333, 35.1191635132, 43.2643470764, 64.7677078247, 112.353424072, 60.9615745544, 29.6651039124, 26.7048931122], [7.02014875412, 82.0568466187, 44.4570503235, -6.83293962479, 10.6722993851, 50.6334075928, 37.1241226196, 34.6146240234, 40.4278450012, 60.9615745544, 105.359107971, 39.1155929565, 18.9091720581], [42.8843727112, 69.9191131592, 14.5194578171, 34.62342453, 26.1817245483, 33.0587730408, 24.7664241791, 34.1064910889, 38.7700386047, 29.6651039124, 39.1155929565, 83.4002838135, 45.6529083252], [36.01587677, 24.5409679413, 10.9880962372, 35.2592048645, 21.6516647339, 16.8232975006, -4.83299970627, 30.8504657745, 52.9980392456, 26.7048931122, 18.9091720581, 45.6529083252, 93.6773910522]], "icov": [[0.000164651864907, -9.04901680769e-05, -0.000213081308175, -0.000137944953167, 0.000316389719956, -0.000205849821214, 0.000311517651426, -3.27801462845e-05, 0.00017199011927, -0.000162526339409, 0.000180100556463, -0.000116495903058, -2.52662562161e-06], [-9.04901680769e-05, 0.00148058251943, 0.000987108796835, -0.000470369093819, -9.70454675553e-06, -0.000505850708578, -0.000913335068617, 0.000390224216972, -0.00100687262602, -0.000436020462075, -0.000505767995492, -0.000308978400426, 0.000572235905565], [-0.000213081308175, 0.000987108796835, 0.0035514223855, -0.000310137373162, -0.00114819605369, -0.000616688106675, -0.000749690807424, 0.000237053041928, -0.00163533212617, 0.000999305746518, -0.00191921123769, 0.00052405562019, 0.000555195205379], [-0.000137944953167, -0.000470369093819, -0.000310137373162, 0.00601531984285, -0.00338588072918, -0.000232403428527, -0.000604111235589, -0.000639649340883, 0.000315089826472, 0.00019291647186, 0.00209845788777, -0.00088405032875, -0.00127367000096], [0.000316389719956, -9.70454675553e-06, -0.00114819605369, -0.00338588072918, 0.00817331019789, -0.00109243032057, -0.000170729879756, -0.000936100725085, -0.00172580312937, -0.0011192454258, 0.00157102302182, -0.000359587545972, 0.00105012068525], [-0.000205849821214, -0.000505850708578, -0.000616688106675, -0.000232403428527, -0.00109243032057, 0.0100614493713, -0.00420500151813, -0.00110012723599, -0.000214391417103, -0.00132311251946, -0.0013934985036, 0.000207422825042, -0.000358915654942], [0.000311517651426, -0.000913335068617, -0.000749690807424, -0.000604111235589, -0.000170729879756, -0.00420500151813, 0.0128067573532, -0.00581898493692, 0.0037057432346, -0.00038601848064, -0.000748908205424, -0.00140382361133, 0.0026553478092], [-3.27801462845e-05, 0.000390224216972, 0.000237053041928, -0.000639649340883, -0.000936100725085, -0.00110012723599, -0.00581898493692, 0.0146341603249, -0.00467002345249, 0.000263257097686, -0.000495311047416, -0.000347267312463, -0.00174613622949], [0.00017199011927, -0.00100687262602, -0.00163533212617, 0.000315089826472, -0.00172580312937, -0.000214391417103, 0.0037057432346, -0.00467002345249, 0.0149986594915, -0.00482918648049, 3.83562291972e-06, -0.000481757975649, -0.00443741399795], [-0.000162526339409, -0.000436020462075, 0.000999305746518, 0.00019291647186, -0.0011192454258, -0.00132311251946, -0.00038601848064, 0.000263257097686, -0.00482918648049, 0.0170942042023, -0.00762128643692, 0.0012828548206, -0.000851203803904], [0.000180100556463, -0.000505767995492, -0.00191921123769, 0.00209845788777, 0.00157102302182, -0.0013934985036, -0.000748908205424, -0.000495311047416, 3.83562291972e-06, -0.00762128643692, 0.0182576160878, -0.0061072842218, 0.000971572764684], [-0.000116495903058, -0.000308978400426, 0.00052405562019, -0.00088405032875, -0.000359587545972, 0.000207422825042, -0.00140382361133, -0.000347267312463, -0.000481757975649, 0.0012828548206, -0.0061072842218, 0.0203448086977, -0.00829043798149], [-2.52662562161e-06, 0.000572235905565, 0.000555195205379, -0.00127367000096, 0.00105012068525, -0.000358915654942, 0.0026553478092, -0.00174613622949, -0.00443741399795, -0.000851203803904, 0.000971572764684, -0.00829043798149, 0.018071340397]]}, "spectral_contrast_coeffs": {"dmean": [0.0536525286734, 0.0449807681143, 0.0399387665093, 0.0325004681945, 0.0199833009392, 0.018267204985], "dmean2": [0.0843783393502, 0.071676209569, 0.0626471191645, 0.0505803227425, 0.0321943685412, 0.0285157039762], "dvar": [0.00218207086436, 0.00141236826312, 0.00109104532748, 0.000682954560034, 0.000251981575275, 0.000255083519733], "dvar2": [0.00540667073801, 0.00358409015462, 0.00255563063547, 0.00157141371164, 0.000636526732706, 0.000575513520744], "max": [-0.25516474247, -0.425715386868, -0.449670165777, -0.457465350628, -0.616555571556, -0.563902914524], "mean": [-0.599350631237, -0.690846085548, -0.732877790928, -0.737072408199, -0.783988952637, -0.735215544701], "median": [-0.605164766312, -0.693509399891, -0.736040890217, -0.739379644394, -0.787029027939, -0.737122893333], "min": [-0.973859906197, -0.977997362614, -0.974315941334, -0.968679964542, -0.968353867531, -0.966963469982], "var": [0.00980060081929, 0.00642173597589, 0.00449361046776, 0.00357498507947, 0.00149036408402, 0.00170520937536]}, "spectral_contrast_valleys": {"dmean": [0.400058865547, 0.33261808753, 0.30203923583, 0.269682258368, 0.254273027182, 0.338830500841], "dmean2": [0.634208440781, 0.531528413296, 0.470497101545, 0.401476114988, 0.340984135866, 0.420044034719], "dvar": [0.144199624658, 0.119368188083, 0.0982607528567, 0.0834503248334, 0.0923586115241, 0.164752662182], "dvar2": [0.304506272078, 0.241924852133, 0.190098673105, 0.141046106815, 0.137813806534, 0.248768746853], "max": [-5.0589261055, -4.6590886116, -5.477390