{"lowlevel": {"average_loudness": 0.911717236042, "barkbands_crest": {"dmean": 2.82570075989, "dmean2": 4.34113645554, "dvar": 8.76414966583, "dvar2": 19.6329994202, "max": 26.9000415802, "mean": 14.8346815109, "median": 13.6797542572, "min": 3.86551237106, "var": 29.9403076172}, "barkbands_flatness_db": {"dmean": 0.0455033257604, "dmean2": 0.064967662096, "dvar": 0.00275432923809, "dvar2": 0.00528853246942, "max": 0.724949121475, "mean": 0.317303717136, "median": 0.313462257385, "min": 0.0454742461443, "var": 0.0105478931218}, "barkbands_kurtosis": {"dmean": 15.5194587708, "dmean2": 23.0983963013, "dvar": 8687.85839844, "dvar2": 16304.7138672, "max": 3545.54443359, "mean": 24.9270572662, "median": 3.3540148735, "min": -1.94062459469, "var": 22136.8691406}, "barkbands_skewness": {"dmean": 1.01336216927, "dmean2": 1.4753497839, "dvar": 2.81644296646, "dvar2": 5.0798406601, "max": 53.1302680969, "mean": 2.17623806, "median": 1.54137086868, "min": -6.48615074158, "var": 13.3663673401}, "barkbands_spread": {"dmean": 4.58127117157, "dmean2": 6.85082864761, "dvar": 49.0374450684, "dvar2": 99.9611434937, "max": 134.997909546, "mean": 13.2047271729, "median": 10.0089645386, "min": 0.0388116426766, "var": 145.563796997}, "dissonance": {"dmean": 0.0450375787914, "dmean2": 0.0734646990895, "dvar": 0.00225791358389, "dvar2": 0.00595966819674, "max": 0.499808102846, "mean": 0.391846299171, "median": 0.407243490219, "min": 0.119165711105, "var": 0.00540814222768}, "dynamic_complexity": 6.56714820862, "erbbands_crest": {"dmean": 3.52066111565, "dmean2": 5.30737304688, "dvar": 13.8450708389, "dvar2": 31.7112808228, "max": 33.9991760254, "mean": 17.7882957458, "median": 17.0745258331, "min": 2.96800661087, "var": 42.8117980957}, "erbbands_flatness_db": {"dmean": 0.0354522354901, "dmean2": 0.0494357533753, "dvar": 0.00161935260985, "dvar2": 0.00320509821177, "max": 0.555457472801, "mean": 0.292784392834, "median": 0.293767958879, "min": 0.0523749925196, "var": 0.00733753573149}, "erbbands_kurtosis": {"dmean": 4.94136047363, "dmean2": 7.39804792404, "dvar": 137.5443573, "dvar2": 292.23059082, "max": 233.840698242, "mean": 5.93472146988, "median": 0.983354091644, "min": -1.89429628849, "var": 261.478210449}, "erbbands_skewness": {"dmean": 0.78709346056, "dmean2": 1.12203359604, "dvar": 0.827853500843, "dvar2": 1.73614394665, "max": 11.7062625885, "mean": 0.353844583035, "median": 0.268872261047, "min": -7.69075012207, "var": 4.1384062767}, "erbbands_spread": {"dmean": 7.48027276993, "dmean2": 11.3688097, "dvar": 89.4237670898, "dvar2": 215.804748535, "max": 133.32383728, "mean": 23.4669094086, "median": 21.6973972321, "min": 0.55622959137, "var": 236.025497437}, "hfc": {"dmean": 5.22098112106, "dmean2": 7.23272132874, "dvar": 94.4357070923, "dvar2": 219.1043396, "max": 118.001800537, "mean": 14.326166153, "median": 7.73529863358, "min": 1.27898256031e-16, "var": 294.390289307}, "melbands_crest": {"dmean": 2.88633131981, "dmean2": 4.34251356125, "dvar": 9.52988624573, "dvar2": 20.7522087097, "max": 35.3093528748, "mean": 17.2331485748, "median": 16.2425918579, "min": 2.74348592758, "var": 33.0874938965}, "melbands_flatness_db": {"dmean": 0.0507028400898, "dmean2": 0.0719000697136, "dvar": 0.00355194625445, "dvar2": 0.00698710652068, "max": 0.814311802387, "mean": 0.408708542585, "median": 0.405827492476, "min": 0.00880124140531, "var": 0.0137875685468}, "melbands_kurtosis": {"dmean": 11.5386276245, "dmean2": 18.3074512482, "dvar": 918.42364502, "dvar2": 2387.60742188, "max": 685.800537109, "mean": 20.3719902039, "median": 7.5160741806, "min": -1.91853070259, "var": 1674.3572998}, "melbands_skewness": {"dmean": 0.989112138748, "dmean2": 1.47750532627, "dvar": 1.59180593491, "dvar2": 3.77505254745, "max": 17.6039390564, "mean": 2.59787535667, "median": 2.1980907917, "min": -5.10133123398, "var": 5.02947235107}, "melbands_spread": {"dmean": 6.08443212509, "dmean2": 9.24655532837, "dvar": 96.9357452393, "dvar2": 210.704849243, "max": 172.806991577, "mean": 15.9702682495, "median": 9.97285652161, "min": 0.257422745228, "var": 250.576705933}, "pitch_salience": {"dmean": 0.0704002231359, "dmean2": 0.111004218459, "dvar": 0.00649608811364, "dvar2": 0.0154434554279, "max": 0.955044865608, "mean": 0.402757942677, "median": 0.414453864098, "min": 0.0109732141718, "var": 0.0163174904883}, "silence_rate_20dB": {"dmean": 0, "dmean2": 0, "dvar": 0, "dvar2": 0, "max": 1, "mean": 1, "median": 1, "min": 1, "var": 0}, "silence_rate_30dB": {"dmean": 0.000552486162633, "dmean2": 0.00110527768265, "dvar": 0.000552193378098, "dvar2": 0.00110404903535, "max": 1, "mean": 0.999447643757, "median": 1, "min": 0, "var": 0.00055204104865}, "silence_rate_60dB": {"dmean": 0.03812154755, "dmean2": 0.0762641578913, "dvar": 0.0366656109691, "dvar2": 0.074315994978, "max": 1, "mean": 0.191107422113, "median": 0, "min": 0, "var": 0.154590636492}, "spectral_centroid": {"dmean": 194.711791992, "dmean2": 283.410339355, "dvar": 97321.125, "dvar2": 181543.1875, "max": 11287.2490234, "mean": 785.521362305, "median": 624.278076172, "min": 87.5652236938, "var": 283368.40625}, "spectral_complexity": {"dmean": 1.57734811306, "dmean2": 2.4299530983, "dvar": 4.08877801895, "dvar2": 8.33241271973, "max": 33, "mean": 6.50262355804, "median": 6, "min": 0, "var": 19.2772712708}, "spectral_decrease": {"dmean": 1.90918614251e-09, "dmean2": 2.51828446984e-09, "dvar": 6.47046276379e-18, "dvar2": 1.09284604445e-17, "max": 3.83232975543e-29, "mean": -7.08457603693e-09, "median": -5.39134070721e-09, "min": -2.79345968579e-08, "var": 3.86732876753e-17}, "spectral_energy": {"dmean": 0.00751544581726, "dmean2": 0.00994737260044, "dvar": 0.000100744444353, "dvar2": 0.000169271559571, "max": 0.109392203391, "mean": 0.0280382204801, "median": 0.0213378220797, "min": 1.14561146339e-20, "var": 0.000607548572589}, "spectral_energyband_high": {"dmean": 0.000151033789734, "dmean2": 0.000236077496083, "dvar": 2.73362985581e-07, "dvar2": 6.92543437708e-07, "max": 0.0106725972146, "mean": 0.000169359511347, "median": 5.31275418325e-06, "min": 8.24585171822e-21, "var": 2.76700205859e-07}, "spectral_energyband_low": {"dmean": 0.00432506157085, "dmean2": 0.00653394404799, "dvar": 5.06299002154e-05, "dvar2": 0.000114988724818, "max": 0.0586691945791, "mean": 0.0105221383274, "median": 0.006389582064, "min": 1.74267489764e-22, "var": 0.000124386206153}, "spectral_energyband_middle_high": {"dmean": 0.00194622762501, "dmean2": 0.00290377624333, "dvar": 1.78580612555e-05, "dvar2": 4.02011864935e-05, "max": 0.0538510158658, "mean": 0.00464192358777, "median": 0.00101914897095, "min": 1.44614687964e-21, "var": 6.26119799563e-05}, "spectral_energyband_middle_low": {"dmean": 0.0040002213791, "dmean2": 0.0048546846956, "dvar": 3.24763568642e-05, "dvar2": 4.71007770102e-05, "max": 0.101797088981, "mean": 0.0131010143086, "median": 0.00677538197488, "min": 2.16425794261e-22, "var": 0.000235133746173}, "spectral_entropy": {"dmean": 0.430978655815, "dmean2": 0.630824148655, "dvar": 0.2781252563, "dvar2": 0.566061139107, "max": 9.78774261475, "mean": 5.94974851608, "median": 5.89769124985, "min": 2.69054484367, "var": 0.80182570219}, "spectral_flux": {"dmean": 0.0267452821136, "dmean2": 0.0413028746843, "dvar": 0.00100717169698, "dvar2": 0.0021414081566, "max": 0.255527049303, "mean": 0.0532867535949, "median": 0.0404812954366, "min": 1.07033243379e-10, "var": 0.0020741680637}, "spectral_kurtosis": {"dmean": 12.0032138824, "dmean2": 18.7416954041, "dvar": 341.480102539, "dvar2": 781.772766113, "max": 382.79876709, "mean": 26.686548233, "median": 16.9268302917, "min": -1.23409235477, "var": 820.134216309}, "spectral_rms": {"dmean": 0.000738653121516, "dmean2": 0.000949961598963, "dvar": 8.29940631775e-07, "dvar2": 1.27916143811e-06, "max": 0.0103307357058, "mean": 0.00448867166415, "median": 0.0045626075007, "min": 3.34315669766e-12, "var": 7.20625348549e-06}, "spectral_rolloff": {"dmean": 277.322509766, "dmean2": 501.226257324, "dvar": 550188.25, "dvar2": 1095197, "max": 19164.5507812, "mean": 933.366699219, "median": 452.197265625, "min": 64.599609375, "var": 1356533.75}, "spectral_skewness": {"dmean": 0.887017846107, "dmean2": 1.35969316959, "dvar": 1.08650720119, "dvar2": 2.44221043587, "max": 16.3479251862, "mean": 3.53091096878, "median": 3.11874461174, "min": -0.0381971597672, "var": 3.13172006607}, "spectral_spread": {"dmean": 817799.1875, "dmean2": 1178331.125, "dvar": 1558562603010.0, "dvar2": 2792022343680.0, "max": 42656800, "mean": 3095235.75, "median": 2567857.25, "min": 366358.59375, "var": 4157804904450.0}, "spectral_strongpeak": {"dmean": 0.701226115227, "dmean2": 1.16367256641, "dvar": 2.3245177269, "dvar2": 5.75403308868, "max": 14.4657649994, "mean": 1.56410884857, "median": 0.508978009224, "min": 0, "var": 5.72731733322}, "zerocrossingrate": {"dmean": 0.00777999265119, "dmean2": 0.00884397514164, "dvar": 0.000150512205437, "dvar2": 0.000189158658031, "max": 0.48779296875, "mean": 0.0355955809355, "median": 0.02880859375, "min": 0.00244140625, "var": 0.000863115070388}, "barkbands": {"dmean": [2.70966847893e-05, 0.00328780594282, 0.00137511454523, 0.000243895949097, 0.00135712290648, 0.00233066244982, 0.00076070841169, 0.000120965567476, 0.000453491637018, 5.09138553753e-05, 0.000113599111501, 6.161913916e-05, 0.000471993727842, 0.00032870459836, 0.000914950622246, 0.000290567404591, 5.06726501044e-05, 8.410285227e-05, 2.96524231089e-05, 2.60573979176e-05, 2.09403933695e-05, 2.68397307082e-05, 3.84235790989e-05, 2.70092750725e-05, 2.35652951233e-05, 1.38329169204e-05, 3.62043306268e-06], "dmean2": [4.36923619418e-05, 0.00512573681772, 0.00199720542878, 0.000375485687982, 0.00176290981472, 0.00252319220454, 0.000981101649813, 0.000169280727278, 0.000573291385081, 8.17484178697e-05, 0.000161445030244, 8.89908988029e-05, 0.000669350090902, 0.000399466662202, 0.00148668070324, 0.000482885690872, 8.60845393618e-05, 0.000144767647726, 4.90754609928e-05, 4.00293683924e-05, 3.43890715158e-05, 4.42558593932e-05, 5.89214359934e-05, 4.6899109293e-05, 3.82211073884e-05, 2.15472919081e-05, 5.90929357713e-06], "dvar": [6.25309626301e-09, 3.3795080526e-05, 6.25015354672e-06, 2.46147891403e-07, 7.17268403605e-06, 1.87541882042e-05, 5.3602961998e-06, 2.0708057491e-07, 6.49458661428e-06, 7.1726695694e-08, 2.71398306495e-07, 1.54770901872e-07, 4.03135027227e-06, 1.3485044974e-06, 8.10351775726e-06, 4.38043662143e-06, 1.22991266949e-07, 7.32588091523e-07, 1.22007746128e-08, 1.80453287868e-08, 1.67356954961e-08, 3.58321585736e-08, 3.835341289e-08, 1.47630574432e-08, 5.05967134856e-09, 1.84554405092e-09, 1.1288731061e-10], "dvar2": [1.48351864127e-08, 8.58557978063e-05, 1.25767073769e-05, 5.41676911325e-07, 1.04592427306e-05, 2.22055205086e-05, 9.39061555982e-06, 4.49050759244e-07, 1.30539137899e-05, 1.25093620795e-07, 3.11138563802e-07, 2.03376146146e-07, 6.83370490151e-06, 1.66202528362e-06, 1.98445304704e-05, 1.14506447062e-05, 3.38666353628e-07, 2.05237574846e-06, 3.10508099233e-08, 4.12518055271e-08, 4.63047946653e-08, 9.75586900154e-08, 9.15683813218e-08, 4.11449647686e-08, 1.30797479514e-08, 4.47374937096e-09, 2.74615691298e-10], "max": [0.0028473008424, 0.0495646260679, 0.0206892043352, 0.00636855419725, 0.0557560622692, 0.0905687883496, 0.0315438322723, 0.00777004705742, 0.0529942847788, 0.0152493314818, 0.0226891338825, 0.019915305078, 0.0481775030494, 0.0442897230387, 0.0306737460196, 0.0495193488896, 0.0112591162324, 0.0190135706216, 0.00201750639826, 0.00367242028005, 0.00443609897047, 0.00488034030423, 0.00336472154595, 0.00210165418684, 0.000758267531637, 0.000396806222852, 0.000107297935756], "mean": [4.13780762756e-05, 0.00721824541688, 0.00288800336421, 0.000555728038307, 0.00400520116091, 0.00623869290575, 0.00126863701735, 0.000179262264282, 0.000812096812297, 6.7209781264e-05, 0.000157905000378, 0.0001426297531, 0.000937447126489, 0.00139430677518, 0.00142596685328, 0.00033311068546, 5.00132664456e-05, 0.000109012587927, 3.0651295674e-05, 3.1823055906e-05, 2.83073331957e-05, 2.71249773505e-05, 3.98436459363e-05, 2.06467502721e-05, 1.9917561076e-05, 1.22556493807e-05, 2.89903437078e-06], "median": [6.61938429403e-06, 0.00430739391595, 0.00073250150308, 8.89716247912e-05, 0.000446000543889, 0.00111598975491, 0.00010254370136, 1.05742592496e-05, 1.36512608151e-05, 7.71255872678e-06, 7.01898625266e-06, 2.08304504667e-06, 7.96032054495e-06, 1.47669406942e-05, 5.09151723236e-05, 8.01398164185e-06, 6.32673959444e-07, 6.54992902582e-07, 6.15204953647e-07, 8.67803635174e-07, 4.32261941796e-07, 4.83788767269e-07, 3.26034211184e-07, 3.12884168352e-07, 4.48520523832e-07, 1.60258394999e-07, 1.88110824695e-08], "min": [1.17874486844e-22, 8.09571091447e-23, 2.87557659764e-23, 2.20410781922e-23, 2.41849291867e-23, 1.72919115063e-23, 3.97459867813e-23, 4.97139132728e-23, 4.72369531393e-23, 4.03079176477e-23, 2.28712280772e-23, 4.9354505089e-23, 6.67387874741e-23, 1.96008546799e-22, 7.82706086221e-23, 1.73857761721e-22, 1.33786139469e-22, 2.14773225328e-22, 3.34091933474e-22, 3.64608127758e-22, 5.32757325937e-22, 6.89474680044e-22, 7.29106849974e-22, 8.93867505601e-22, 1.22987045146e-21, 2.04254904903e-21, 2.10619066131e-21], "var": [1.55270996061e-08, 7.11404063622e-05, 1.98548204935e-05, 1.23346978853e-06, 5.23071103089e-05, 0.000120139666251, 1.20203640108e-05, 3.83366113965e-07, 1.50402829604e-05, 1.69714539311e-07, 1.02920398604e-06, 1.16898945635e-06, 1.39983940244e-05, 2.67337782134e-05, 1.24438483908e-05, 3.66749986824e-06, 1.23498793414e-07, 9.90867420114e-07, 1.67483324987e-08, 2.65322892545e-08, 1.54676893516e-08, 2.6024920885e-08, 4.16994154762e-08, 1.01035935174e-08, 4.28045066059e-09, 1.81015391565e-09, 9.98379504069e-11]}, "erbbands": {"dmean": [0.0544566661119, 0.872106671333, 1.85157573223, 0.916123867035, 1.5896396637, 5.48251056671, 8.19906806946, 25.3501663208, 15.2334737778, 4.85993623734, 2.78610873222, 12.6430244446, 3.33943986893, 1.3645144701, 5.67378377914, 4.08289146423, 21.785577774, 20.6384239197, 38.6931152344, 29.3270454407, 11.1520662308, 2.68108344078, 5.28794288635, 2.16197943687, 1.13686406612, 1.28502190113, 0.741431474686, 0.915786802769, 1.04930078983, 1.75540196896, 0.618663072586, 0.399267375469, 0.561770796776, 0.322836577892, 0.142187982798, 0.0535434782505, 0.03360760957, 0.00453011272475, 0.000578840554226, 3.37605270033e-05], "dmean2": [0.0811617746949, 1.3711616993, 2.70416140556, 1.31122326851, 2.47887802124, 7.05169534683, 9.88225746155, 27.4339008331, 18.373544693, 6.83150863647, 3.74806523323, 16.0054092407, 4.41994142532, 2.23854780197, 7.99947357178, 5.67561435699, 30.4154987335, 25.6184387207, 59.5832061768, 50.6421966553, 18.6878890991, 4.62269592285, 9.08092403412, 3.55826020241, 1.80962669849, 1.91756045818, 1.1873857975, 1.4668790102, 1.69109976292, 2.58278918266, 1.05238258839, 0.697149574757, 0.981250941753, 0.539825975895, 0.233167991042, 0.0843336135149, 0.052820302546, 0.00702982628718, 0.000942783546634, 5.17711523571e-05], "dvar": [0.00990533921868, 2.38416099548, 11.57035923, 3.43258237839, 14.5850296021, 137.125259399, 186.159606934, 2384.42089844, 1741.89074707, 211.811752319, 132.011505127, 5021.87988281, 312.846618652, 22.0575733185, 662.641418457, 416.682739258, 7962.71044922, 4112.70019531, 18139.6386719, 8932.43164062, 5513.73388672, 297.667022705, 3164.65795898, 64.7148666382, 30.4579181671, 47.6804199219, 8.79809856415, 53.4398498535, 88.6805419922, 64.8327713013, 17.5739994049, 6.45958089828, 5.46911239624, 1.24741923809, 0.160842552781, 0.0194567739964, 0.0139777772129, 0.000173974913196, 2.82689984488e-06, 6.23028784119e-09], "dvar2": [0.0239428468049, 5.98297977448, 23.0316562653, 5.65117740631, 33.7705764771, 196.975738525, 264.129669189, 2759.31860352, 2703.52832031, 420.868621826, 287.974060059, 10171.4482422, 564.457824707, 57.9618911743, 767.632507324, 546.441345215, 12784.9736328, 5261.91894531, 43273.3828125, 23388.3144531, 14622.9404297, 849.163085938, 8838.73242188, 167.954406738, 75.7686080933, 108.408714294, 21.5635204315, 147.815536499, 244.892852783, 133.115020752, 49.4367103577, 18.3504581451, 15.3209009171, 3.3499288559, 0.403803825378, 0.0460492856801, 0.034625262022, 0.000398619129555, 6.90729484631e-06, 1.54000154851e-08], "max": [1.00758206844, 12.9237136841, 29.7791595459, 34.9838905334, 43.2800750732, 240.751907349, 221.964935303, 1138.33276367, 597.359619141, 249.594009399, 212.247375488, 1471.63122559, 575.413513184, 81.9804611206, 1117.81005859, 1017.31848145, 2024.47277832, 2385.0769043, 1731.23083496, 1301.41870117, 1768.0567627, 534.606262207, 1235.06079102, 149.774642944, 128.621704102, 181.190994263, 79.6258544922, 262.364044189, 282.41506958, 136.318756104, 99.9334030151, 49.8130340576, 35.3408355713, 13.7102050781, 4.35874652863, 1.2173115015, 1.10942864418, 0.147441014647, 0.0152877345681, 0.000723915465642], "mean": [0.13195514679, 1.85646319389, 3.70167970657, 2.78264975548, 2.43651914597, 16.9237937927, 25.5393867493, 69.6152420044, 29.4676589966, 7.62053823471, 4.89110946655, 22.785949707, 5.86080217361, 1.66177868843, 8.21343994141, 9.63230228424, 44.5150680542, 85.16015625, 76.9967346191, 36.0636940002, 12.6253013611, 2.73840212822, 7.13499832153, 2.04238510132, 1.37701368332, 1.61357855797, 1.05945408344, 1.15700566769, 1.13889658451, 1.99177420139, 0.509311258793, 0.296293735504, 0.429367631674, 0.270694881678, 0.116707235575, 0.0460505709052, 0.0306068658829, 0.00401939544827, 0.000471541105071, 5.25872237631e-05], "median": [0.0661860927939, 1.12272167206, 1.40586304665, 0.581772744656, 0.783067047596, 1.99657523632, 6.17174243927, 11.6578540802, 6.01834106445, 1.37388551235, 0.482756733894, 0.407375246286, 0.446070820093, 0.277293711901, 0.299509912729, 0.372487127781, 1.24562358856, 3.22110891342, 4.50745868683, 3.99123048782, 0.729715049267, 0.128049492836, 0.0547338090837, 0.0461797192693, 0.0301083642989, 0.0463932976127, 0.0356257632375, 0.0168257076293, 0.0203050170094, 0.0189492739737, 0.00799689814448, 0.00457083201036, 0.00743366172537, 0.00583830755204, 0.00219723233022, 0.000764545169659, 0.000320456398185, 4.14445894421e-05, 2.11317255889e-05, 2.7439362384e-05], "min": [2.15980412229e-21, 1.95588729919e-20, 3.75426454635e-20, 6.71727396813e-20, 1.00197324639e-19, 3.40296449449e-20, 7.72272492739e-20, 1.98970334736e-19, 2.78842041654e-19, 1.14041002569e-18, 8.96784345582e-19, 1.14001184162e-18, 1.26921176643e-18, 1.44414061365e-18, 1.23663108666e-18, 1.71421973654e-18, 3.02756541437e-18, 8.16548694704e-18, 7.67250798147e-18, 4.64436395427e-18, 9.91763332826e-18, 8.09123507935e-18, 1.1522150304e-17, 1.555164568e-17, 1.58178241293e-17, 2.08937038073e-17, 1.69760358055e-17, 2.63121553729e-17, 2.72175194426e-17, 1.8682357208e-17, 2.08341914709e-17, 1.76550915314e-17, 1.47226618137e-17, 1.05415450586e-17, 1.09310288403e-17, 6.78103641017e-18, 3.62721138787e-18, 1.52232314021e-18, 2.62385826205e-19, 3.41916624851e-20], "var": [0.0307835377753, 4.78354692459, 24.5378799438, 37.4654350281, 19.5979156494, 999.81427002, 1364.3494873, 16405.109375, 4801.75146484, 381.269439697, 276.140258789, 11542.4023438, 784.916381836, 26.5212001801, 2544.52856445, 3305.99316406, 27511.8144531, 78767.671875, 34524.3476562, 8562.95019531, 4368.93603516, 227.662445068, 4508.60644531, 63.9471092224, 53.4352416992, 69.7294540405, 15.5469322205, 41.6218414307, 61.1827430725, 93.0567169189, 11.2506895065, 4.03721046448, 3.74966883659, 0.983199238777, 0.137027814984, 0.0191837046295, 0.0133785735816, 0.000178418820724, 2.48172909778e-06, 6.71593314294e-09]}, "gfcc": {"mean": [-168.788070679, 141.760528564, -89.4821014404, 11.3960580826, -26.4763641357, 2.12707805634, -53.9979362488, -20.4838638306, -6.43175840378, 18.1293907166, -7.80832576752, -3.51603794098, 3.90414071083], "cov": [[29589.90625, -1596.46569824, 2882.10253906, 2350.44897461, 139.554977417, 3431.20922852, -221.818984985, 225.99067688, 459.110046387, 1639.06188965, -228.515731812, -62.1077957153, -537.518310547], [-1596.46569824, 3061.12841797, -107.211021423, -624.780517578, 337.433074951, -600.712768555, 495.030303955, -106.598716736, 54.8656234741, -424.662628174, 275.107727051, -131.533584595, 219.449981689], [2882.10253906, -107.211021423, 2520.36425781, 816.733825684, 243.840713501, 866.179504395, -21.9688224792, 365.240478516, 363.735046387, 339.156951904, -236.167160034, -67.4813995361, -13.2438764572], [2350.44897461, -624.780517578, 816.733825684, 1039.44580078, 208.989120483, 579.415466309, -18.9458351135, 137.70892334, 215.979644775, 207.310577393, -156.056869507, -29.9554729462, -22.3392429352], [139.554977417, 337.433074951, 243.840713501, 208.989120483, 571.768432617, 224.959243774, -36.9023246765, 55.9689369202, 150.162994385, 64.7916488647, 23.9491462708, -74.3877792358, 15.972784996], [3431.20922852, -600.712768555, 866.179504395, 579.415466309, 224.959243774, 1060.50964355, -37.1249656677, 82.0803833008, 227.559661865, 395.953613281, -119.964065552, -43.9957618713, -138.341430664], [-221.818984985, 495.030303955, -21.9688224792, -18.9458351135, -36.9023246765, -37.1249656677, 567.913757324, 153.333099365, -84.2250442505, -162.683135986, 114.211700439, 1.97684240341, -4.89351415634], [225.99067688, -106.598716736, 365.240478516, 137.70892334, 55.9689369202, 82.0803833008, 153.333099365, 541.290771484, 143.01663208, -112.847061157, -48.1019515991, 57.0524101257, -76.6100158691], [459.110046387, 54.8656234741, 363.735046387, 215.979644775, 150.162994385, 227.559661865, -84.2250442505, 143.01663208, 454.769683838, 154.023406982, -151.116638184, -8.96471405029, 77.4076309204], [1639.06188965, -424.662628174, 339.156951904, 207.310577393, 64.7916488647, 395.953613281, -162.683135986, -112.847061157, 154.023406982, 541.753356934, 45.624206543, -122.876457214, -66.8366012573], [-228.515731812, 275.107727051, -236.167160034, -156.056869507, 23.9491462708, -119.964065552, 114.211700439, -48.1019515991, -151.116638184, 45.624206543, 376.824157715, 64.663192749, -112.91709137], [-62.1077957153, -131.533584595, -67.4813995361, -29.9554729462, -74.3877792358, -43.9957618713, 1.97684240341, 57.0524101257, -8.96471405029, -122.876457214, 64.663192749, 300.588806152, 26.1613101959], [-537.518310547, 219.449981689, -13.2438764572, -22.3392429352, 15.972784996, -138.341430664, -4.89351415634, -76.6100158691, 77.4076309204, -66.8366012573, -112.91709137, 26.1613101959, 272.547210693]], "icov": [[7.39247261663e-05, -0.000140905511216, 6.29859496257e-05, -0.000153044733452, 0.000158542679856, -0.000247542484431, 0.000123101781355, -0.000166135054315, 0.00023900528322, -0.000260979053564, 0.000129938314785, -0.000141791402712, 5.89930778006e-06], [-0.000140905511216, 0.00143503851723, -0.000583064509556, 0.00098911265377, -0.000884429959115, 0.000710757391062, -0.0010288344929, 0.00130794709548, -0.00183517602272, 0.00200852169655, -0.00167107454035, 0.00137335143518, -0.000429229869042], [6.29859496257e-05, -0.000583064509556, 0.000937425531447, -0.000656462332699, 0.000397868017899, -0.000691937224474, 0.000493865576573, -0.00102198799141, 0.000795012048911, -0.000997238210402, 0.000705335405655, -0.000427053630119, -0.000204631956876], [-0.000153044733452, 0.00098911265377, -0.000656462332699, 0.00233756937087, -0.00100890640169, 0.000195742381038, -0.000890684954356, 0.000878898368683, -0.0013201625552, 0.00121072679758, -0.000605930690654, 0.000707766797859, -0.000196134991711], [0.000158542679856, -0.000884429959115, 0.000397868017899, -0.00100890640169, 0.00340519216843, -0.00167069234885, 0.00151007808745, -0.00114775658585, 0.00024070982181, 8.14334198367e-05, -0.00112238468137, 0.000807159463875, -0.000972530280706], [-0.000247542484431, 0.000710757391062, -0.000691937224474, 0.000195742381038, -0.00167069234885, 0.00368480454199, -0.0015746030258, 0.00129313638899, -0.00100563536398, -0.000797591928858, 0.00130832032301, -0.000790924939793, 0.00193339702673], [0.000123101781355, -0.0010288344929, 0.000493865576573, -0.000890684954356, 0.00151007808745, -0.0015746030258, 0.00370992184617, -0.00199919007719, 0.00141349213663, 0.000190114922589, -0.00113591458648, 0.000567858922295, -0.00124086509459], [-0.000166135054315, 0.00130794709548, -0.00102198799141, 0.000878898368683, -0.00114775658585, 0.00129313638899, -0.00199919007719, 0.00467371055856, -0.00316716101952, 0.00268758716993, -0.000762675248552, 0.000435241759988, 0.00184390996583], [0.00023900528322, -0.00183517602272, 0.000795012048911, -0.0013201625552, 0.00024070982181, -0.00100563536398, 0.00141349213663, -0.00316716101952, 0.00673114834353, -0.00459990743548, 0.00375206558965, -0.00262461462989, -0.000743347161915], [-0.000260979053564, 0.00200852169655, -0.000997238210402, 0.00121072679758, 8.14334198367e-05, -0.000797591928858, 0.000190114922589, 0.00268758716993, -0.00459990743548, 0.00826629437506, -0.00574149750173, 0.00469776289538, -0.00122797023505], [0.000129938314785, -0.00167107454035, 0.000705335405655, -0.000605930690654, -0.00112238468137, 0.00130832032301, -0.00113591458648, -0.000762675248552, 0.00375206558965, -0.00574149750173, 0.00910760462284, -0.00507149891928, 0.00386796379462], [-0.000141791402712, 0.00137335143518, -0.000427053630119, 0.000707766797859, 0.000807159463875, -0.000790924939793, 0.000567858922295, 0.000435241759988, -0.00262461462989, 0.00469776289538, -0.00507149891928, 0.00702513800934, -0.00254241423681], [5.89930778006e-06, -0.000429229869042, -0.000204631956876, -0.000196134991711, -0.000972530280706, 0.00193339702673, -0.00124086509459, 0.00184390996583, -0.000743347161915, -0.00122797023505, 0.00386796379462, -0.00254241423681, 0.00729123596102]]}, "melbands": {"dmean": [0.000728936865926, 0.00104270840529, 0.000180635106517, 0.00021958538855, 0.000319332466461, 0.000526556861587, 0.000215776701225, 4.40879230155e-05, 2.61483801296e-05, 7.9889970948e-05, 1.41864975376e-05, 4.81808729091e-06, 1.55465477292e-05, 1.12597335828e-05, 2.22117669182e-05, 5.03240080434e-05, 4.01486358896e-05, 5.14020612172e-05, 6.2823506596e-05, 3.12307456625e-05, 8.27318945085e-06, 2.26624911193e-06, 5.4474908211e-06, 2.91631772598e-06, 1.74896194949e-06, 7.54779875933e-07, 8.38511766688e-07, 9.32581656343e-07, 4.89460319386e-07, 4.73974665738e-07, 6.01904730502e-07, 6.67637266361e-07, 6.14589623638e-07, 1.091909553e-06, 4.05132880132e-07, 1.54764393301e-07, 2.52783422638e-07, 4.98916222114e-07, 2.05422779231e-07, 3.03158714132e-07], "dmean2": [0.00113277917262, 0.00156006007455, 0.000263266556431, 0.000301571359159, 0.000385527266189, 0.000568907649722, 0.000264008296654, 6.33772215224e-05, 3.53861323674e-05, 0.000100710196421, 1.91337003344e-05, 8.39448603074e-06, 2.23014776566e-05, 1.58087404998e-05, 3.17204248859e-05, 7.15481146472e-05, 4.84230185975e-05, 7.78925168561e-05, 0.000104805010778, 5.29579483555e-05, 1.39926869451e-05, 3.88377293348e-06, 9.46170712268e-06, 4.9292998483e-06, 2.88864907816e-06, 1.18210107303e-06, 1.396959874e-06, 1.37068980166e-06, 7.82513154718e-07, 7.55997973556e-07, 9.52640391461e-07, 1.10945256893e-06, 9.34475508529e-07, 1.62168475981e-06, 7.17797377092e-07, 2.68034227702e-07, 4.46384973429e-07, 8.90512978913e-07, 3.42987817703e-07, 5.12237988914e-07], "dvar": [1.71263388893e-06, 3.29635031449e-06, 1.15584768423e-07, 1.60443320851e-07, 3.1372576359e-07, 9.9773023976e-07, 3.63618056554e-07, 1.78837691323e-08, 1.59024757806e-08, 2.13576456076e-07, 6.01848881843e-09, 3.83433840234e-10, 4.87875118083e-09, 2.85699353064e-09, 1.15850200544e-08, 5.66573881144e-08, 2.01558307822e-08, 3.51590685455e-08, 4.1969592246e-08, 3.32623812938e-08, 3.04281044805e-09, 2.16472617609e-10, 3.10550030136e-09, 7.46122885698e-10, 4.7677087972e-11, 1.56409763613e-11, 1.82783510549e-11, 2.88779989505e-11, 5.07249190568e-12, 3.71696250168e-12, 3.74393016589e-11, 5.84168269313e-11, 7.47446375626e-12, 3.03169225835e-11, 1.1442687943e-11, 6.53139651738e-13, 3.36198647047e-12, 4.60091990548e-12, 1.14612258486e-12, 1.13981805765e-12], "dvar2": [4.43553972218e-06, 6.92940284353e-06, 2.29221015502e-07, 2.74002928791e-07, 4.39685123865e-07, 1.16890612389e-06, 5.77810624236e-07, 3.67224117781e-08, 3.53044704582e-08, 4.27013105764e-07, 1.04124096012e-08, 1.06807185318e-09, 5.69142244444e-09, 3.73507225149e-09, 1.63568110167e-08, 1.01037528566e-07, 2.44710314234e-08, 8.30707591604e-08, 1.04748416163e-07, 8.61899138727e-08, 8.14865597221e-09, 5.98353699921e-10, 8.79658568209e-09, 2.06823025373e-09, 1.22959600835e-10, 3.52836405926e-11, 4.79076396609e-11, 6.56756662942e-11, 1.20078582494e-11, 8.86349327267e-12, 1.03665610818e-10, 1.6262451108e-10, 1.74187487351e-11, 6.58745280546e-11, 3.25762472553e-11, 1.85368820987e-12, 9.57598063345e-12, 1.30400690246e-11, 3.25751513437e-12, 3.0883561767e-12], "max": [0.0122577138245, 0.0146604608744, 0.00495008518919, 0.00689963623881, 0.0111050689593, 0.0219652187079, 0.00789080746472, 0.0022100370843, 0.00229115411639, 0.0100935362279, 0.00282231136225, 0.000355776515789, 0.00302573526278, 0.00223279884085, 0.0030222563073, 0.0066704726778, 0.00548451859504, 0.00253573921509, 0.00328082428314, 0.00422151386738, 0.00129191461019, 0.000486139702844, 0.0011954116635, 0.000596586090978, 0.000142646036693, 0.000124712008983, 7.31832406018e-05, 0.000160326337209, 7.71270715632e-05, 7.08813895471e-05, 0.000222572198254, 0.000223615395953, 8.6322943389e-05, 0.000104739643575, 8.33663216326e-05, 1.59412866196e-05, 3.66459571524e-05, 2.59373573499e-05, 3.03585020447e-05, 1.13598462121e-05], "mean": [0.00165949808434, 0.00225707585923, 0.000465053657535, 0.000580955704208, 0.0010536769405, 0.00142309372313, 0.000401855329983, 6.46422267891e-05, 4.5155378757e-05, 0.000143743687659, 2.43444483203e-05, 4.88738533022e-06, 2.14765696001e-05, 2.29136312555e-05, 3.48539069819e-05, 0.000110855915409, 0.000173166728928, 0.000106586951006, 9.05107808649e-05, 3.39834659826e-05, 8.85450481292e-06, 2.17066371988e-06, 6.43349039819e-06, 3.89388424082e-06, 1.47739729073e-06, 9.91264528238e-07, 8.1002292518e-07, 1.17552337997e-06, 6.34072193861e-07, 6.61468959606e-07, 7.30112333258e-07, 7.28845407139e-07, 6.27755639471e-07, 1.22201163322e-06, 2.90886248422e-07, 1.14112545191e-07, 1.77465736328e-07, 3.75465702973e-07, 1.63965921729e-07, 2.53295951325e-07], "median": [0.00100842257962, 0.00115920836106, 0.000113897542178, 9.57870579441e-05, 0.000225066294661, 0.000233851533267, 6.73735848977e-05, 7.21311471352e-06, 1.90076889339e-06, 2.32695379054e-06, 1.68021790614e-06, 4.94978166898e-07, 8.68110305419e-07, 3.98071364316e-07, 3.96686573367e-07, 1.1937331692e-06, 2.41212705987e-06, 5.71850023334e-06, 3.79982770937e-06, 1.35925893119e-06, 2.67148266175e-07, 3.49532207622e-08, 2.7731518415e-08, 2.71510351979e-08, 2.98768902951e-08, 1.50963401779e-08, 1.4491569722e-08, 2.65016879553e-08, 2.10809485424e-08, 1.0160629671e-08, 6.97415014628e-09, 9.85031434197e-09, 1.01804449315e-08, 8.03017474738e-09, 4.09585565464e-09, 1.51480439303e-09, 1.91328042298e-09, 5.19424991907e-09, 3.31467497894e-09, 5.03873653912e-09], "min": [2.82713107173e-23, 2.31262336757e-23, 1.22395603309e-23, 4.77920177603e-24, 2.36377200426e-24, 3.82473727313e-24, 5.36357967943e-24, 1.21550638616e-23, 6.48748164401e-24, 7.92747701787e-24, 6.28509464561e-24, 5.63616346548e-24, 3.49571640577e-24, 5.82376681609e-24, 4.52756027486e-24, 9.01048837743e-24, 1.57892435001e-23, 1.41411521414e-23, 4.85753763607e-24, 9.09331482817e-24, 1.11073201066e-23, 6.47536789595e-24, 1.12592318399e-23, 9.68506542559e-24, 1.30023304505e-23, 1.1857909425e-23, 9.63581762814e-24, 1.52534744168e-23, 8.22666987112e-24, 1.46245787259e-23, 1.45909606296e-23, 1.64316239792e-23, 1.15761638084e-23, 1.05102013107e-23, 1.21109957249e-23, 1.10880127359e-23, 1.14656546507e-23, 1.12663639314e-23, 7.88490061709e-24, 8.94435737889e-24], "var": [3.94075368604e-06, 7.05645197741e-06, 7.87456485796e-07, 9.01553789845e-07, 2.5507722512e-06, 6.54840687275e-06, 9.60390934779e-07, 3.04180858279e-08, 3.27305542669e-08, 4.96909592584e-07, 1.54772266114e-08, 3.29463789583e-10, 1.84789037405e-08, 1.85742479175e-08, 3.20487139049e-08, 2.23040458991e-07, 4.0743310592e-07, 7.21023170058e-08, 5.39417825962e-08, 2.9199220819e-08, 2.39605668639e-09, 2.17840537275e-10, 3.43805628411e-09, 1.15892062613e-09, 4.33409454159e-11, 3.81632538071e-11, 1.89225458219e-11, 4.2879297335e-11, 7.6031889118e-12, 8.03236470392e-12, 2.83749274077e-11, 3.95723627478e-11, 7.66951866599e-12, 3.98272699542e-11, 6.93227766857e-12, 4.11076744476e-13, 2.06676537863e-12, 3.07555239956e-12, 7.09718904739e-13, 8.87925366913e-13]}, "mfcc": {"mean": [-820.743835449, 165.19581604, 23.1150875092, 16.2508659363, 31.2448482513, 22.7259998322, -16.6476593018, -28.8392219543, -2.88248586655, 2.84812855721, -0.827855348587, -11.1646232605, 4.72121143341], "cov": [[15527.8427734, 2157.25756836, -23.9485588074, 534.24621582, 688.025390625, 1211.09460449, 554.295166016, 234.034957886, 389.097167969, 605.017822266, 839.474304199, -24.6998806, 77.8348388672], [2157.25756836, 3383.49853516, 374.255523682, 119.714607239, 339.560913086, 349.600128174, 202.827651978, 136.219696045, 232.277359009, 314.562255859, 170.464416504, -55.2349853516, 116.127967834], [-23.9485588074, 374.255523682, 1303.50561523, 400.388214111, 210.569671631, 232.821640015, 60.5297737122, 73.5221481323, 317.835968018, 236.703552246, 99.6645050049, -100.234313965, 32.4844589233], [534.24621582, 119.714607239, 400.388214111, 681.887023926, 307.162811279, 215.346817017, 58.8375244141, 158.685089111, 258.520050049, 200.058395386, 43.8545951843, 11.4430961609, 60.5833053589], [688.025390625, 339.560913086, 210.569671631, 307.162811279, 725.17578125, 404.360778809, -64.6930541992, -74.8305053711, 277.806152344, 254.642669678, 123.523574829, -52.016582489, 64.4282150269], [1211.09460449, 349.600128174, 232.821640015, 215.346817017, 404.360778809, 675.774719238, 111.487442017, -144.083709717, 151.67628479, 258.536529541, 178.607299805, -37.8753852844, 48.6581497192], [554.295166016, 202.827651978, 60.5297737122, 58.8375244141, -64.6930541992, 111.487442017, 419.624237061, 184.107833862, -110.238136292, 35.9544258118, 150.043228149, 111.442726135, -35.5211029053], [234.034957886, 136.219696045, 73.5221481323, 158.685089111, -74.8305053711, -144.083709717, 184.107833862, 563.519592285, 115.293762207, -90.5889663696, -10.1508197784, 91.2826156616, 122.384002686], [389.097167969, 232.277359009, 317.835968018, 258.520050049, 277.806152344, 151.67628479, -110.238136292, 115.293762207, 533.866149902, 241.018127441, -24.6755409241, -108.755867004, 56.3753318787], [605.017822266, 314.562255859, 236.703552246, 200.058395386, 254.642669678, 258.536529541, 35.9544258118, -90.5889663696, 241.018127441, 420.051513672, 160.634399414, -47.9322853088, -14.0304803848], [839.474304199, 170.464416504, 99.6645050049, 43.8545951843, 123.523574829, 178.607299805, 150.043228149, -10.1508197784, -24.6755409241, 160.634399414, 399.861694336, 109.984107971, -8.98259162903], [-24.6998806, -55.2349853516, -100.234313965, 11.4430961609, -52.016582489, -37.8753852844, 111.442726135, 91.2826156616, -108.755867004, -47.9322853088, 109.984107971, 312.3253479, 109.231903076], [77.8348388672, 116.127967834, 32.4844589233, 60.5833053589, 64.4282150269, 48.6581497192, -35.5211029053, 122.384002686, 56.3753318787, -14.0304803848, -8.98259162903, 109.231903076, 427.804260254]], "icov": [[9.20348829823e-05, -4.25849284511e-05, 7.88526958786e-05, -5.8493216784e-05, 4.97101573274e-05, -0.000137302675284, -1.89740185306e-05, -4.27506747656e-05, -5.78488434257e-05, 4.21091535827e-05, -0.000181237017387, 8.87810310815e-05, -1.57421391123e-06], [-4.25849284511e-05, 0.000372421054635, -9.73403948592e-05, 0.00018418658874, -0.000153845292516, 1.15467773867e-05, -0.000138028131914, -0.000120568460261, 4.98116314702e-05, -0.000245088886004, 0.000108913060103, 5.92346477788e-05, -9.45910942391e-05], [7.88526958786e-05, -9.73403948592e-05, 0.00116336799692, -0.000616252538748, 0.000257951352978, -0.000113599307952, -0.000298501254292, 0.00020692848193, -0.00059779046569, 0.000171501393197, -0.000508165801875, 0.000511789985467, -0.000155845817062], [-5.8493216784e-05, 0.00018418658874, -0.000616252538748, 0.00273918663152, -0.00083569122944, -0.00030853957287, 0.00012405923917, -0.0010485346429, 0.00010031403508, -0.000988128245808, 0.000812649552245, -0.000668967433739, 0.000232985126786], [4.97101573274e-05, -0.000153845292516, 0.000257951352978, -0.00083569122944, 0.00293744402006, -0.0013640410034, 0.000922884908505, 7.27133156033e-05, -0.000673734233715, -4.47534985142e-05, -0.000702547491528, 8.66136397235e-05, -4.94878731843e-05], [-0.000137302675284, 1.15467773867e-05, -0.000113599307952, -0.00030853957287, -0.0013640410034, 0.00373214972205, -0.00209985207766, 0.00187061680481, -0.000710408086888, 8.25452298159e-05, -0.00032592198113, 0.0005946768797, -0.000916747492738], [-1.89740185306e-05, -0.000138028131914, -0.000298501254292, 0.00012405923917, 0.000922884908505, -0.00209985207766, 0.00604128045961, -0.00329862022772, 0.00263946456835, -0.00172901037149, -0.000326756387949, -0.00116671749856, 0.00147764070425], [-4.27506747656e-05, -0.000120568460261, 0.00020692848193, -0.0010485346429, 7.27133156033e-05, 0.00187061680481, -0.00329862022772, 0.00487987045199, -0.00280332681723, 0.0024434637744, -0.00050428713439, 0.000103674043203, -0.00130783300847], [-5.78488434257e-05, 4.98116314702e-05, -0.00059779046569, 0.00010031403508, -0.000673734233715, -0.000710408086888, 0.00263946456835, -0.00280332681723, 0.00543045671657, -0.00318820262328, 0.00123473699205, 0.000331373186782, 0.000352713075699], [4.21091535827e-05, -0.000245088886004, 0.000171501393197, -0.000988128245808, -4.47534985142e-05, 8.25452298159e-05, -0.00172901037149, 0.0024434637744, -0.00318820262328, 0.00622760783881, -0.00210716878064, 0.000627997447737, -0.000239656685153], [-0.000181237017387, 0.000108913060103, -0.000508165801875, 0.000812649552245, -0.000702547491528, -0.00032592198113, -0.000326756387949, -0.00050428713439, 0.00123473699205, -0.00210716878064, 0.00478646764532, -0.00184352276847, 0.000526312796865], [8.87810310815e-05, 5.92346477788e-05, 0.000511789985467, -0.000668967433739, 8.66136397235e-05, 0.0005946768797, -0.00116671749856, 0.000103674043203, 0.000331373186782, 0.000627997447737, -0.00184352276847, 0.00530070113018, -0.00159878924023], [-1.57421391123e-06, -9.45910942391e-05, -0.000155845817062, 0.000232985126786, -4.94878731843e-05, -0.000916747492738, 0.00147764070425, -0.00130783300847, 0.000352713075699, -0.000239656685153, 0.000526312796865, -0.00159878924023, 0.00331580452621]]}, "spectral_contrast_coeffs": {"dmean": [0.0459639839828, 0.0525100044906, 0.0518251508474, 0.0472739338875, 0.0308855772018, 0.0217320006341], "dmean2": [0.0699525699019, 0.0813188254833, 0.0795563235879, 0.0760976821184, 0.0465706624091, 0.0339663103223], "dvar": [0.00189047434833, 0.00255008041859, 0.00246401363984, 0.00216204440221, 0.00113944406621, 0.000690781278536], "dvar2": [0.00419755885378, 0.00541891064495, 0.00537288142368, 0.00531028816476, 0.00212483108044, 0.00162587000523], "max": [-0.178390666842, -0.273655444384, -0.353037238121, -0.382444143295, -0.526320040226, -0.561694681644], "mean": [-0.626362621784, -0.591809034348, -0.758826911449, -0.662586688995, -0.812151014805, -0.800898253918], "median": [-0.639626801014, -0.589422762394, -0.772642433643, -0.66445183754, -0.830269038677, -0.814462184906], "min": [-0.988379836082, -0.990618765354, -0.965804755688, -0.954029500484, -0.960937321186, -0.959331154823], "var": [0.0124724199995, 0.0136045683175, 0.00892843306065, 0.0103083858266, 0.00446085771546, 0.00334994634613]}, "spectral_contrast_valleys": {"dmean": [0.522869169712, 0.555312693119, 0.68624740839, 0.65186971426, 0.593697607517, 0.546509683132], "dmean2": [0.786514699459, 0.82974344492, 1.10278975964, 1.03186440468, 0.845082879066, 0.720965087414], "dvar": [0.400086581707, 0.326775878668, 0.616320371628, 0.589506864548, 0.580352008343, 0.509716391563], "dvar2": [0.734392881393, 0.632