{"lowlevel": {"average_loudness": 0.919342756271, "barkbands_crest": {"dmean": 3.07930660248, "dmean2": 4.80401134491, "dvar": 8.98581600189, "dvar2": 20.1428375244, "max": 26.2755718231, "mean": 13.2797060013, "median": 12.2651138306, "min": 2.201567173, "var": 32.4666290283}, "barkbands_flatness_db": {"dmean": 0.0337456576526, "dmean2": 0.0470593422651, "dvar": 0.00122980016749, "dvar2": 0.00232274830341, "max": 0.630533099174, "mean": 0.143788814545, "median": 0.128945529461, "min": 0.0120494449511, "var": 0.00583938648924}, "barkbands_kurtosis": {"dmean": 16.4882144928, "dmean2": 23.9204730988, "dvar": 2293.76660156, "dvar2": 4534.73339844, "max": 1469.31103516, "mean": 23.0820426941, "median": 6.00712966919, "min": -1.95557677746, "var": 4192.2578125}, "barkbands_skewness": {"dmean": 1.25907993317, "dmean2": 1.77680635452, "dvar": 2.72143149376, "dvar2": 5.13664627075, "max": 35.082824707, "mean": 3.05812859535, "median": 2.30679917336, "min": -4.95481204987, "var": 8.50261306763}, "barkbands_spread": {"dmean": 13.1735076904, "dmean2": 19.6227874756, "dvar": 252.626647949, "dvar2": 532.069763184, "max": 121.714233398, "mean": 24.5581893921, "median": 17.3166599274, "min": 0.106841929257, "var": 458.894104004}, "dissonance": {"dmean": 0.0187124758959, "dmean2": 0.0307320132852, "dvar": 0.000302983156871, "dvar2": 0.000792646140326, "max": 0.500000059605, "mean": 0.461736828089, "median": 0.466841220856, "min": 0.278829157352, "var": 0.000653953407891}, "dynamic_complexity": 3.30605340004, "erbbands_crest": {"dmean": 2.5990447998, "dmean2": 4.19050550461, "dvar": 6.89593172073, "dvar2": 16.8015651703, "max": 31.0726356506, "mean": 8.44174480438, "median": 7.34043216705, "min": 2.11249876022, "var": 19.3040332794}, "erbbands_flatness_db": {"dmean": 0.0201841425151, "dmean2": 0.029203992337, "dvar": 0.000328238878865, "dvar2": 0.000697001407389, "max": 0.295254260302, "mean": 0.112790063024, "median": 0.105876974761, "min": 0.0301768444479, "var": 0.00157756404951}, "erbbands_kurtosis": {"dmean": 1.41868317127, "dmean2": 2.210501194, "dvar": 3.99212622643, "dvar2": 8.83181667328, "max": 61.7379608154, "mean": 0.8934648633, "median": 0.347811222076, "min": -1.90640985966, "var": 7.25752401352}, "erbbands_skewness": {"dmean": 0.556455731392, "dmean2": 0.831687450409, "dvar": 0.366475582123, "dvar2": 0.761844277382, "max": 6.95515727997, "mean": 0.66133505106, "median": 0.754139959812, "min": -5.3069319725, "var": 0.727394044399}, "erbbands_spread": {"dmean": 19.4281654358, "dmean2": 27.989320755, "dvar": 366.55480957, "dvar2": 782.219055176, "max": 198.102050781, "mean": 55.672794342, "median": 49.4813499451, "min": 4.77852010727, "var": 864.651123047}, "hfc": {"dmean": 37.3574981689, "dmean2": 58.0687561035, "dvar": 5443.93457031, "dvar2": 12853.5498047, "max": 767.156921387, "mean": 44.8916778564, "median": 19.4104137421, "min": 1.13801774904e-16, "var": 5705.57519531}, "melbands_crest": {"dmean": 3.62948656082, "dmean2": 5.64704370499, "dvar": 12.5717563629, "dvar2": 26.2216968536, "max": 35.5525741577, "mean": 17.4631233215, "median": 16.0977210999, "min": 1.81994307041, "var": 53.7689056396}, "melbands_flatness_db": {"dmean": 0.0438927784562, "dmean2": 0.0610469095409, "dvar": 0.00191504810937, "dvar2": 0.00361250480637, "max": 0.75159651041, "mean": 0.228591710329, "median": 0.212301433086, "min": 0.00435528764501, "var": 0.00930664874613}, "melbands_kurtosis": {"dmean": 34.3659210205, "dmean2": 52.4144515991, "dvar": 5869.42773438, "dvar2": 12564.3066406, "max": 1787.66723633, "mean": 56.6615180969, "median": 18.5923690796, "min": -1.91484558582, "var": 12524.8388672}, "melbands_skewness": {"dmean": 1.55700993538, "dmean2": 2.31689095497, "dvar": 4.18583631516, "dvar2": 8.37893104553, "max": 29.2825603485, "mean": 4.68723297119, "median": 3.49818825722, "min": -1.40750789642, "var": 12.6053924561}, "melbands_spread": {"dmean": 12.1583061218, "dmean2": 19.0127277374, "dvar": 465.691375732, "dvar2": 1082.68603516, "max": 248.224075317, "mean": 20.0790691376, "median": 12.9106559753, "min": 0.122396789491, "var": 596.946228027}, "pitch_salience": {"dmean": 0.0865702703595, "dmean2": 0.134468883276, "dvar": 0.00775247812271, "dvar2": 0.0162597727031, "max": 0.987020134926, "mean": 0.496691852808, "median": 0.51969563961, "min": 0.0331618227065, "var": 0.0316735953093}, "silence_rate_20dB": {"dmean": 0.0417591556907, "dmean2": 0.083524107933, "dvar": 0.0400171615183, "dvar2": 0.100263610482, "max": 1, "mean": 0.964208900928, "median": 1, "min": 0, "var": 0.0345105864108}, "silence_rate_30dB": {"dmean": 0.112652607262, "dmean2": 0.225320845842, "dvar": 0.09996573627, "dvar2": 0.206881955266, "max": 1, "mean": 0.735035002232, "median": 1, "min": 0, "var": 0.194782838225}, "silence_rate_60dB": {"dmean": 0.010821309872, "dmean2": 0.0216441210359, "dvar": 0.0107020009309, "dvar2": 0.0254766549915, "max": 1, "mean": 0.0341263785958, "median": 0, "min": 0, "var": 0.0329573899508}, "spectral_centroid": {"dmean": 404.667510986, "dmean2": 602.024780273, "dvar": 258047.125, "dvar2": 543529.125, "max": 11263.8378906, "mean": 1139.96655273, "median": 925.228271484, "min": 94.3837356567, "var": 511437.1875}, "spectral_complexity": {"dmean": 4.67189216614, "dmean2": 6.87311840057, "dvar": 38.6312904358, "dvar2": 66.7181472778, "max": 63, "mean": 17.045501709, "median": 15, "min": 0, "var": 112.90171051}, "spectral_decrease": {"dmean": 9.46171319072e-09, "dmean2": 1.42036551409e-08, "dvar": 3.18787017158e-16, "dvar2": 6.4486359986e-16, "max": 9.56557610898e-10, "mean": -1.86059914142e-08, "median": -8.32264568373e-09, "min": -1.57426967462e-07, "var": 6.37251155944e-16}, "spectral_energy": {"dmean": 0.0380540341139, "dmean2": 0.0569666661322, "dvar": 0.00467839138582, "dvar2": 0.00944164209068, "max": 0.597145617008, "mean": 0.0742947980762, "median": 0.0358975492418, "min": 1.07917173498e-20, "var": 0.00937394518405}, "spectral_energyband_high": {"dmean": 0.00402157148346, "dmean2": 0.00634499453008, "dvar": 7.32878397685e-05, "dvar2": 0.000176037719939, "max": 0.0902240499854, "mean": 0.0036516841501, "median": 0.000677928852383, "min": 7.47260586655e-21, "var": 7.00492455508e-05}, "spectral_energyband_low": {"dmean": 0.0337540954351, "dmean2": 0.0510987602174, "dvar": 0.00471046194434, "dvar2": 0.00960251595825, "max": 0.594152390957, "mean": 0.0551289953291, "median": 0.0108442371711, "min": 2.52999540995e-23, "var": 0.00906587019563}, "spectral_energyband_middle_high": {"dmean": 0.00278658047318, "dmean2": 0.00448810961097, "dvar": 3.3220876503e-05, "dvar2": 8.24038725113e-05, "max": 0.0618353001773, "mean": 0.00530047528446, "median": 0.00171574135311, "min": 1.81600192954e-21, "var": 7.52549312892e-05}, "spectral_energyband_middle_low": {"dmean": 0.00312187429518, "dmean2": 0.00512825930491, "dvar": 1.26438935695e-05, "dvar2": 3.35069853463e-05, "max": 0.0409289300442, "mean": 0.010806305334, "median": 0.00996026303619, "min": 3.20952943916e-22, "var": 3.90770183003e-05}, "spectral_entropy": {"dmean": 0.305429667234, "dmean2": 0.420562237501, "dvar": 0.0911444053054, "dvar2": 0.174150526524, "max": 9.81024551392, "mean": 7.75360679626, "median": 7.72673177719, "min": 5.36219787598, "var": 0.263682574034}, "spectral_flux": {"dmean": 0.0593638457358, "dmean2": 0.0957793369889, "dvar": 0.00625282013789, "dvar2": 0.0157703049481, "max": 0.681647121906, "mean": 0.123120717704, "median": 0.09367544204, "min": 7.00568353329e-11, "var": 0.0104144141078}, "spectral_kurtosis": {"dmean": 1.47687530518, "dmean2": 2.08629846573, "dvar": 2.3968064785, "dvar2": 5.13943815231, "max": 31.9657402039, "mean": 3.12017035484, "median": 2.62465715408, "min": -1.20038342476, "var": 8.12419223785}, "spectral_rms": {"dmean": 0.00182592810597, "dmean2": 0.00264600967057, "dvar": 6.30757767794e-06, "dvar2": 1.13335499918e-05, "max": 0.0241367164999, "mean": 0.00713997986168, "median": 0.0059179388918, "min": 3.24476578419e-12, "var": 2.15038126044e-05}, "spectral_rolloff": {"dmean": 1316.14294434, "dmean2": 2245.77490234, "dvar": 5466919, "dvar2": 11767001, "max": 19573.6816406, "mean": 1668.38439941, "median": 689.0625, "min": 64.599609375, "var": 6576997.5}, "spectral_skewness": {"dmean": 0.336653709412, "dmean2": 0.463188797235, "dvar": 0.100931756198, "dvar2": 0.185272306204, "max": 4.21970319748, "mean": 1.51660776138, "median": 1.55502784252, "min": -0.109051935375, "var": 0.292032331228}, "spectral_spread": {"dmean": 1268626.625, "dmean2": 1713513.875, "dvar": 1539635412990.0, "dvar2": 2694997606400.0, "max": 40162192, "mean": 7272788, "median": 7016824.5, "min": 1871632.75, "var": 4360748400640.0}, "spectral_strongpeak": {"dmean": 0.369556754827, "dmean2": 0.620275974274, "dvar": 0.555229842663, "dvar2": 1.4074549675, "max": 8.56392097473, "mean": 0.721021234989, "median": 0.488320022821, "min": 0, "var": 0.889308989048}, "zerocrossingrate": {"dmean": 0.0252072140574, "dmean2": 0.0300931651145, "dvar": 0.000698199786711, "dvar2": 0.000901522405911, "max": 0.509765625, "mean": 0.0713011845946, "median": 0.05859375, "min": 0.001953125, "var": 0.00275442330167}, "barkbands": {"dmean": [0.00195833551697, 0.0278198495507, 0.00639003235847, 0.000756156165153, 0.00169493770227, 0.00127293914557, 0.000538286985829, 0.00032615751843, 0.000488121528178, 0.00101805606391, 0.000503095856402, 0.000513854145538, 0.000484288408188, 0.000346971442923, 0.000195982123842, 0.000172524218215, 0.000196017150301, 0.000171339634107, 0.000239224202232, 0.000202105307835, 0.000474027590826, 0.000616593984887, 0.00106362381484, 0.000863820081577, 0.000538404157851, 0.000305475841742, 0.000136965623824], "dmean2": [0.00289066671394, 0.0422485433519, 0.011285783723, 0.0013371774694, 0.0029115260113, 0.0021230254788, 0.000877330079675, 0.000487920944579, 0.00070529372897, 0.00168555148412, 0.000811545411125, 0.000855661754031, 0.000793477520347, 0.000578886305448, 0.000326952314936, 0.000287607574137, 0.000325109256664, 0.00028711714549, 0.000387898879126, 0.000319251907058, 0.000754709122702, 0.000980573007837, 0.00172492314596, 0.00139647664037, 0.00083192565944, 0.000496383290738, 0.000208745332202], "dvar": [1.76766334334e-05, 0.00313712726347, 0.000452888518339, 1.65569099408e-06, 3.51327935277e-06, 2.74570561487e-06, 7.28966995212e-07, 2.98533990417e-07, 5.32715489499e-07, 5.43950409337e-06, 3.19760329148e-06, 2.05074184123e-06, 2.1517598725e-06, 1.19725109471e-06, 2.9982956562e-07, 2.16255827468e-07, 3.19608489008e-07, 3.25221378716e-07, 4.55875380112e-07, 4.12615747791e-07, 2.28285125559e-06, 2.80095127891e-06, 4.39911036665e-06, 2.97143037642e-06, 1.04281264157e-06, 4.03500933999e-07, 2.18964444798e-07], "dvar2": [4.01316901844e-05, 0.00629117665812, 0.00126725074369, 4.75131719213e-06, 1.02421699921e-05, 7.9052433648e-06, 1.9423048343e-06, 7.82536403676e-07, 9.96162725642e-07, 1.41610835271e-05, 7.65830191085e-06, 5.32067087988e-06, 5.52536266696e-06, 3.19088735523e-06, 7.51165998736e-07, 5.27197073552e-07, 8.49116247537e-07, 8.5474550815e-07, 1.14540227969e-06, 1.03993249922e-06, 5.74594059799e-06, 7.04253170625e-06, 1.0690916497e-05, 7.23613811715e-06, 2.35387255998e-06, 9.64090190791e-07, 4.23600653221e-07], "max": [0.0447722971439, 0.545632243156, 0.243021667004, 0.0145753696561, 0.0234424192458, 0.0189848486334, 0.0137712871656, 0.0085175447166, 0.0195401590317, 0.0381168052554, 0.0486896559596, 0.0377594903111, 0.0339494422078, 0.0194815918803, 0.0075699496083, 0.00842961482704, 0.00654058996588, 0.00650759972632, 0.00779809849337, 0.0101060224697, 0.0184630192816, 0.0199427530169, 0.0176714751869, 0.0177168231457, 0.0105590457097, 0.00657734647393, 0.0141504742205], "mean": [0.00245276768692, 0.0458807200193, 0.00642141839489, 0.000912314630114, 0.00375625002198, 0.00305759324692, 0.00112382601947, 0.000643388193566, 0.000917117693461, 0.00147426791955, 0.000821134250145, 0.000757220666856, 0.000804725801572, 0.000397300114855, 0.00021670825663, 0.000215992113226, 0.000245368806645, 0.000174310378497, 0.000285975955194, 0.000227204698604, 0.000434548681369, 0.000543604081031, 0.00085940893041, 0.000723245670088, 0.00053206254961, 0.000275514379609, 0.000140981152072], "median": [0.000298565952107, 0.00843152962625, 0.000290673109703, 0.000488357618451, 0.00308234011754, 0.00239153951406, 0.000687377643771, 0.000454066641396, 0.000578669074457, 0.000449661602033, 0.000136631671921, 0.000151755928528, 0.000170488114236, 8.01349160611e-05, 5.74008336116e-05, 8.35016180645e-05, 8.96402925719e-05, 4.26988008257e-05, 0.000107971507532, 6.68478533044e-05, 6.73929098411e-05, 6.84498154442e-05, 7.61072806199e-05, 9.37587683438e-05, 0.000158509239554, 4.19615098508e-05, 1.86682755157e-05], "min": [1.12302412017e-23, 1.06427023326e-23, 4.13671756165e-24, 2.96705259266e-24, 3.54303180955e-23, 2.65822806331e-23, 1.86644711056e-23, 4.99571727325e-23, 4.96209097276e-23, 7.69897951237e-23, 6.66971797945e-24, 2.06250002921e-23, 1.06061225369e-22, 1.63114776235e-22, 1.81786444907e-22, 1.1634837547e-22, 1.55723919481e-22, 1.80111560677e-22, 2.91161315219e-22, 3.11935266649e-22, 5.01389288094e-22, 4.75132362097e-22, 4.64022171326e-22, 8.26267452413e-22, 1.04695488785e-21, 1.58968826239e-21, 2.02470428329e-21], "var": [3.06637266476e-05, 0.00664373114705, 0.000324496504618, 1.45533476825e-06, 7.63330717746e-06, 6.61174863126e-06, 1.73586306573e-06, 4.68479100846e-07, 1.72374393514e-06, 1.02601561593e-05, 1.02015019365e-05, 5.35866320206e-06, 6.26224527878e-06, 1.26708243897e-06, 3.36981997862e-07, 2.80080683979e-07, 3.1478819551e-07, 2.59954560988e-07, 4.30340065805e-07, 3.71719863779e-07, 1.96733162738e-06, 2.42388182414e-06, 3.98141310143e-06, 2.69959355137e-06, 1.10713904178e-06, 4.03758548373e-07, 3.12032511829e-07]}, "erbbands": {"dmean": [1.10012209415, 5.37327671051, 9.25021266937, 3.39608693123, 4.53551626205, 5.48912143707, 8.62587070465, 12.6484804153, 8.25411605835, 6.03959941864, 7.29648113251, 13.5223579407, 19.210439682, 32.953540802, 20.6920623779, 25.0776576996, 23.7724056244, 17.4359397888, 13.8038406372, 8.13711452484, 9.82164669037, 9.84960079193, 10.2433204651, 10.2533197403, 11.8344392776, 10.1673326492, 13.5693454742, 21.558467865, 21.2744522095, 26.3803100586, 31.8257160187, 22.4891796112, 11.6793527603, 6.82533168793, 3.42194890976, 1.58321118355, 0.486636281013, 0.115182347596, 0.0227880235761, 0.00179870496504], "dmean2": [1.60571408272, 8.54081916809, 16.0875225067, 6.019343853, 8.10052776337, 9.28600025177, 13.2948513031, 21.575460434, 12.760682106, 10.4695835114, 10.53865242, 19.3635787964, 30.3796463013, 55.7225494385, 32.8386421204, 41.0454902649, 38.0483360291, 28.8127250671, 22.4722690582, 13.901014328, 15.9978542328, 16.1847839355, 17.3283481598, 16.6066856384, 19.1787776947, 16.1206264496, 20.8610115051, 34.8627929688, 33.8807067871, 42.2812004089, 52.2837142944, 36.9708480835, 18.4116592407, 10.3625078201, 5.42675447464, 2.5727686882, 0.789798498154, 0.181916356087, 0.0350439846516, 0.00274757412262], "dvar": [5.29991960526, 135.509216309, 871.424865723, 67.8272247314, 34.2212486267, 38.8745994568, 99.1881942749, 307.913208008, 150.51914978, 191.210083008, 108.920410156, 354.908782959, 1819.75537109, 9091.59277344, 6693.69970703, 5027.65771484, 4654.84765625, 2527.74755859, 1372.6751709, 660.840820312, 742.370483398, 899.265808105, 1133.1385498, 1030.10974121, 1043.85900879, 1032.35644531, 1419.67749023, 5519.75146484, 3379.80834961, 3445.80932617, 4128.61523438, 2097.38452148, 493.443786621, 148.942245483, 53.7823219299, 12.3950815201, 0.873069643974, 0.0699360966682, 0.00665914732963, 4.05175342166e-05], "dvar2": [10.3027105331, 298.172851562, 2356.58959961, 190.064025879, 106.924545288, 109.848930359, 243.003051758, 890.594909668, 358.656585693, 558.35333252, 244.494781494, 641.893188477, 4038.55810547, 24925.9199219, 14934.0195312, 12844.6582031, 11003.2763672, 6711.61376953, 3403.38891602, 1733.92565918, 1774.89990234, 2352.09985352, 2998.96533203, 2636.50390625, 2654.58276367, 2578.69165039, 3536.4831543, 13921.7421875, 8528.70117188, 8388.96679688, 10237.5605469, 5220.33837891, 1145.22167969, 331.856262207, 126.597824097, 30.3393115997, 2.01471090317, 0.140571385622, 0.0136003326625, 8.01542701083e-05], "max": [28.6022949219, 106.002212524, 321.442749023, 102.18006897, 68.9511566162, 79.852355957, 141.280273438, 208.299514771, 198.152252197, 215.293762207, 168.889068604, 552.098632812, 738.282531738, 1595.84814453, 2376.59033203, 1946.48168945, 1819.98400879, 973.52746582, 512.641540527, 321.102478027, 547.299987793, 363.726226807, 362.976623535, 440.752807617, 428.449371338, 445.212036133, 420.661102295, 961.631591797, 638.082397461, 647.701843262, 534.445495605, 488.834503174, 212.680480957, 148.846893311, 78.2099990845, 40.9259490967, 12.4064483643, 6.80678701401, 2.58843684196, 0.176732107997], "mean": [1.85717248917, 8.05441093445, 9.32345104218, 4.24021673203, 8.44209480286, 11.4628801346, 18.9728298187, 26.8168907166, 21.5956630707, 10.5720376968, 15.4915151596, 26.6159553528, 28.8516731262, 47.8570823669, 36.9856262207, 40.0248260498, 40.6317100525, 22.6414546967, 16.6483421326, 9.11803436279, 12.5033149719, 12.1655826569, 10.8452386856, 11.7950220108, 14.402513504, 11.4204130173, 13.9672441483, 18.9916782379, 18.9453449249, 22.1965999603, 25.1232337952, 17.894952774, 10.4918746948, 6.94935464859, 3.17506313324, 1.39155471325, 0.45337843895, 0.111172161996, 0.0230817571282, 0.00188798387535], "median": [0.325598359108, 1.22777104378, 0.682408213615, 1.28541183472, 6.4609913826, 8.64237689972, 14.6142950058, 19.2227954865, 12.9049434662, 7.83280849457, 10.2732133865, 17.2622203827, 13.5472192764, 9.89480495453, 5.86159992218, 8.62082958221, 9.1662273407, 6.57849359512, 4.48841190338, 3.52922081947, 4.81191444397, 3.84705519676, 3.1557290554, 3.5428314209, 5.7182598114, 3.30289316177, 2.89910340309, 2.51254057884, 2.43685698509, 2.10639858246, 2.22590947151, 1.80606985092, 1.75351548195, 2.19232273102, 0.785735964775, 0.234983459115, 0.0660733133554, 0.0169914085418, 0.00297568086535, 0.000332313473336], "min": [4.46863626222e-22, 1.90660789303e-21, 5.4859559304e-21, 6.02442587147e-21, 3.77136262811e-20, 1.36027745009e-19, 1.49775486789e-19, 1.88069283335e-19, 2.87357969458e-19, 8.40007443818e-19, 8.02600888952e-19, 1.53255350323e-18, 1.5409389433e-18, 1.67161517871e-18, 2.50656301721e-19, 1.50687833401e-18, 5.12083404917e-18, 6.78442660991e-18, 1.22620393737e-17, 6.9904983936e-18, 7.82518484303e-18, 9.19326630276e-18, 9.35185833288e-18, 1.18677546357e-17, 1.69206726071e-17, 1.17767639412e-17, 1.78698507795e-17, 1.52928688428e-17, 1.67781791661e-17, 1.21344906048e-17, 1.35492606198e-17, 1.72225223932e-17, 1.29310407193e-17, 1.086429439e-17, 7.4735776616e-18, 5.16808591448e-18, 2.89831885725e-18, 1.28753764271e-18, 3.2085692311e-19, 2.8430708179e-20], "var": [13.5138082504, 204.258117676, 656.941223145, 57.0621299744, 55.6304359436, 88.6032409668, 253.249542236, 653.209960938, 614.774291992, 161.571334839, 273.129669189, 1292.77404785, 2732.03491211, 16181.3261719, 23392.109375, 13309.8222656, 13916.9257812, 2940.34692383, 1650.47412109, 540.737792969, 1018.4241333, 888.492248535, 901.375061035, 989.090515137, 952.91015625, 926.514648438, 1387.29711914, 4558.46337891, 2934.57324219, 3137.28051758, 3553.71362305, 1801.72460938, 496.257781982, 165.187042236, 51.7606315613, 11.3011388779, 0.981374919415, 0.0981777980924, 0.00878711324185, 5.64084366488e-05]}, "gfcc": {"mean": [28.362121582, 63.0239982605, -70.7215270996, 19.9108161926, -58.9069747925, 14.6107301712, -33.9913368225, 9.36121845245, -25.3078479767, 4.92144489288, -6.57439136505, 3.67054986954, -1.51805436611], "cov": [[10154.6806641, -1734.83154297, 541.190917969, 541.252990723, 263.279571533, 1206.61169434, 679.02557373, 223.875869751, 475.614532471, 229.975708008, 146.640365601, 324.585632324, -306.007720947], [-1734.83154297, 1418.76428223, -230.459640503, -116.782028198, 214.070724487, -138.509078979, 3.47952079773, 136.24256897, -28.2585582733, 90.3981933594, 85.6501083374, -91.2028274536, 126.847259521], [541.190917969, -230.459640503, 795.366271973, 417.297729492, 104.831436157, 303.763549805, 169.752197266, 88.1871109009, 113.019599915, 36.1431922913, 62.115562439, 51.0757064819, -33.9280738831], [541.252990723, -116.782028198, 417.297729492, 523.854736328, 126.84349823, 250.99861145, 134.448974609, 49.5619926453, 103.63205719, 23.8819389343, 16.7483787537, 27.6943531036, -31.6570568085], [263.279571533, 214.070724487, 104.831436157, 126.84349823, 292.774047852, 147.9868927, 151.486404419, 88.0076370239, 66.3377532959, 69.1667861938, 65.0057678223, 31.5013313293, 4.88978004456], [1206.61169434, -138.509078979, 303.763549805, 250.99861145, 147.9868927, 391.827331543, 212.839904785, 62.4414558411, 104.155334473, 57.8088150024, 52.3843612671, 53.1865997314, -59.2800331116], [679.02557373, 3.47952079773, 169.752197266, 134.448974609, 151.486404419, 212.839904785, 223.474334717, 67.9420471191, 87.9255599976, 37.6799736023, 42.0365715027, 50.2844009399, -32.1736106873], [223.875869751, 136.24256897, 88.1871109009, 49.5619926453, 88.0076370239, 62.4414558411, 67.9420471191, 187.503433228, 43.645614624, 66.1747894287, 52.6255607605, -3.43549060822, 63.8937187195], [475.614532471, -28.2585582733, 113.019599915, 103.63205719, 66.3377532959, 104.155334473, 87.9255599976, 43.645614624, 163.976593018, 53.0215072632, 26.1978702545, 36.4618988037, -23.3033828735], [229.975708008, 90.3981933594, 36.1431922913, 23.8819389343, 69.1667861938, 57.8088150024, 37.6799736023, 66.1747894287, 53.0215072632, 98.5207443237, 59.0369224548, 4.61244487762, 16.64635849], [146.640365601, 85.6501083374, 62.115562439, 16.7483787537, 65.0057678223, 52.3843612671, 42.0365715027, 52.6255607605, 26.1978702545, 59.0369224548, 81.2284011841, 25.6153793335, 19.4085216522], [324.585632324, -91.2028274536, 51.0757064819, 27.6943531036, 31.5013313293, 53.1865997314, 50.2844009399, -3.43549060822, 36.4618988037, 4.61244487762, 25.6153793335, 85.9132537842, -3.02874422073], [-306.007720947, 126.847259521, -33.9280738831, -31.6570568085, 4.88978004456, -59.2800331116, -32.1736106873, 63.8937187195, -23.3033828735, 16.64635849, 19.4085216522, -3.02874422073, 92.7746429443]], "icov": [[0.000260079454165, 0.00028531337739, 0.000283165456494, 3.03644878841e-06, 9.24170599319e-05, -0.000643052626401, -4.75662382087e-05, -0.000501397356857, -0.000119027434266, -0.000271426193649, -6.41559527139e-05, -0.000375004834495, 0.000505375908688], [0.00028531337739, 0.00154976942576, 0.000610642193351, 1.21514194689e-05, -0.000899994163774, -0.000135940979817, -0.000530107296072, -0.000329942529788, -0.000324987107888, -8.66731061251e-05, -0.00145963788964, 0.001466070069, -0.000659297395032], [0.000283165456494, 0.000610642193351, 0.0030177582521, -0.00168469944037, 0.000550448254216, -0.00137773889583, -0.000233901693719, -0.00130116823129, -0.000443166150944, 0.00109052611515, -0.00252432748675, -2.78743991657e-05, 0.000753677275497], [3.03644878841e-06, 1.21514194689e-05, -0.00168469944037, 0.00414125854149, -0.00122216111049, -0.00160375435371, 0.000780608912464, 0.000442220945843, -0.00119895022362, 0.000493009632919, 0.00181179901119, 0.000578364823014, -0.000953540962655], [9.24170599319e-05, -0.000899994163774, 0.000550448254216, -0.00122216111049, 0.00733960932121, -0.000330047332682, -0.00364459585398, -0.000791452010162, 0.000646047235932, -0.00210672686808, -0.00103950197808, -0.00144917890429, 0.000713480403647], [-0.000643052626401, -0.000135940979817, -0.00137773889583, -0.00160375435371, -0.000330047332682, 0.00955733843148, -0.00510367704555, 0.000832416990306, 0.00122984813061, -0.00207177200355, -0.000599290011451, 0.000671143643558, 0.00162269489374], [-4.75662382087e-05, -0.000530107296072, -0.000233901693719, 0.000780608912464, -0.00364459585398, -0.00510367704555, 0.0143756568432, -0.00364791764878, -0.00209639966488, 0.00356433796696, 0.000147097540321, -0.00376906665042, 0.00385748711415], [-0.000501397356857, -0.000329942529788, -0.00130116823129, 0.000442220945843, -0.000791452010162, 0.000832416990306, -0.00364791764878, 0.0136182103306, -0.00162066193298, -0.00250086234882, -0.0014238449512, 0.00548560358584, -0.0110793458298], [-0.000119027434266, -0.000324987107888, -0.000443166150944, -0.00119895022362, 0.000646047235932, 0.00122984813061, -0.00209639966488, -0.00162066193298, 0.0111393788829, -0.00711150187999, 0.00408573914319, -0.00451517477632, 0.0036933531519], [-0.000271426193649, -8.66731061251e-05, 0.00109052611515, 0.000493009632919, -0.00210672686808, -0.00207177200355, 0.00356433796696, -0.00250086234882, -0.00711150187999, 0.0271062832326, -0.0166682973504, 0.00647777179256, -0.00141547597013], [-6.41559527139e-05, -0.00145963788964, -0.00252432748675, 0.00181179901119, -0.00103950197808, -0.000599290011451, 0.000147097540321, -0.0014238449512, 0.00408573914319, -0.0166682973504, 0.0317597314715, -0.0101170483977, -0.000774774642196], [-0.000375004834495, 0.001466070069, -2.78743991657e-05, 0.000578364823014, -0.00144917890429, 0.000671143643558, -0.00376906665042, 0.00548560358584, -0.00451517477632, 0.00647777179256, -0.0101170483977, 0.0213181339204, -0.00711802532896], [0.000505375908688, -0.000659297395032, 0.000753677275497, -0.000953540962655, 0.000713480403647, 0.00162269489374, 0.00385748711415, -0.0110793458298, 0.0036933531519, -0.00141547597013, -0.000774774642196, -0.00711802532896, 0.0243761297315]]}, "melbands": {"dmean": [0.00835241843015, 0.00559266749769, 0.000619560887571, 0.000374054099666, 0.000291534262942, 0.000264682021225, 0.000122716766782, 6.3026593125e-05, 5.83388355153e-05, 8.71283409651e-05, 9.68309759628e-05, 0.000139555413625, 6.57854034216e-05, 6.38924684608e-05, 5.41254994459e-05, 5.04668059875e-05, 3.40457590937e-05, 2.48200994974e-05, 1.29208210637e-05, 1.21747234516e-05, 1.19826036098e-05, 1.10077735371e-05, 9.43082977756e-06, 8.95248740562e-06, 8.32472142065e-06, 9.83688187262e-06, 6.24480435363e-06, 7.22750746718e-06, 7.16880867913e-06, 1.08070044007e-05, 1.36958869916e-05, 1.12471070679e-05, 1.34464653456e-05, 1.57536651386e-05, 1.84636264748e-05, 1.79559592652e-05, 1.20546865219e-05, 8.6334957814e-06, 6.70833060212e-06, 5.41815779798e-06], "dmean2": [0.0124728316441, 0.00923525635153, 0.00110205088276, 0.000654603005387, 0.00045689806575, 0.0004480688076, 0.000192826919374, 0.000108822809125, 8.44264068292e-05, 0.000124285084894, 0.000152755485033, 0.000236465566559, 0.000105639934191, 0.000103191705421, 8.65452966536e-05, 8.04989977041e-05, 5.71717100684e-05, 4.04332531616e-05, 2.17770302697e-05, 2.06831045944e-05, 1.95195516426e-05, 1.82324674824e-05, 1.59058017744e-05, 1.52367210831e-05, 1.35504442369e-05, 1.62033975357e-05, 9.89585350908e-06, 1.16390001494e-05, 1.08705316961e-05, 1.75681543624e-05, 2.22986254812e-05, 1.79859107448e-05, 2.1527559511e-05, 2.51963538176e-05, 3.02319258481e-05, 2.99668736261e-05, 1.97710523935e-05, 1.37390943564e-05, 1.04483278847e-05, 8.22005586087e-06], "dvar": [0.000288653012831, 0.000219362103962, 2.06328877539e-06, 1.78511996296e-07, 1.10222195815e-07, 1.27814715256e-07, 3.38130092814e-08, 2.20381757288e-08, 6.30566976412e-09, 1.5837514411e-08, 4.76082995249e-08, 1.60183105891e-07, 5.82094088486e-08, 2.83369399057e-08, 2.25106990825e-08, 2.59524846058e-08, 1.04617265961e-08, 5.36188293765e-09, 1.70312963732e-09, 1.17052911808e-09, 1.10130871089e-09, 1.21447607526e-09, 5.96389770902e-10, 9.98128135699e-10, 7.17302384157e-10, 7.71110730824e-10, 2.84859608124e-10, 5.78052161693e-10, 3.86854798196e-10, 1.13355758113e-09, 2.49693821175e-09, 9.56158041632e-10, 1.28088639695e-09, 1.13826092996e-09, 1.43492662197e-09, 1.2241441194e-09, 6.69372557383e-10, 2.85433926495e-10, 1.50248202768e-10, 9.4690283392e-11], "dvar2": [0.000568462884985, 0.000545976508874, 5.83656719755e-06, 5.45210184555e-07, 2.81672129177e-07, 3.70499975588e-07, 8.36607654264e-08, 6.41827782033e-08, 1.40780915814e-08, 2.80440470846e-08, 1.04981360494e-07, 4.37957197619e-07, 1.37298897585e-07, 6.87159413815e-08, 5.07156912022e-08, 5.72125316012e-08, 2.79774319267e-08, 1.36982398757e-08, 4.44487247009e-09, 3.08448067088e-09, 2.64206878597e-09, 3.20693160916e-09, 1.56806645446e-09, 2.6814341858e-09, 1.85487236681e-09, 1.98355198933e-09, 7.01115554502e-10, 1.46415901625e-09, 9.44766931354e-10, 2.96290014745e-09, 6.28727514496e-09, 2.41615238927e-09, 3.24879212421e-09, 2.7495550281e-09, 3.55147289355e-09, 3.09133985077e-09, 1.679900552e-09, 6.80344836024e-10, 3.33838873212e-10, 2.12810713496e-10], "max": [0.193086534739, 0.146741464734, 0.0180071238428, 0.00523095298558, 0.00525041855872, 0.00418416131288, 0.00310020288453, 0.00234637828544, 0.00126571243163, 0.00354762398638, 0.00372270774096, 0.00682557979599, 0.00659838924184, 0.00380903878249, 0.00372317968868, 0.0039972406812, 0.00162296846975, 0.00126012496185, 0.000392045680201, 0.000466305704322, 0.000611328345258, 0.000410995824495, 0.000275072292425, 0.000364896579413, 0.000441896787379, 0.000349948822986, 0.000232126796618, 0.000345543812728, 0.0002694776922, 0.000406138977269, 0.000681001110934, 0.000334613898303, 0.000433326087659, 0.000353464653017, 0.000289847550448, 0.000335985590937, 0.000281006592559, 0.000152300883201, 0.00017631726223, 0.000119776123029], "mean": [0.014274504967, 0.00680500408635, 0.000888752867468, 0.00072986545274, 0.000648762565106, 0.000590104260482, 0.00030949950451, 0.000110048538772, 0.000121609366033, 0.000165977602592, 0.00013885210501, 0.00019625358982, 0.000109284141217, 0.000100250472315, 9.22707258724e-05, 7.58263922762e-05, 4.00718636229e-05, 2.86513895844e-05, 1.3176892935e-05, 1.43348988786e-05, 1.45966123455e-05, 1.2423395674e-05, 1.20429622257e-05, 8.41356632009e-06, 9.33801402425e-06, 1.14877639135e-05, 7.65532695368e-06, 7.69815778767e-06, 7.8188813859e-06, 9.75887360255e-06, 1.1836307749e-05, 1.01567693491e-05, 1.14045151349e-05, 1.31076558318e-05, 1.4693254343e-05, 1.37189790621e-05, 9.68339736573e-06, 7.5394268606e-06, 6.39330937702e-06, 5.67551751374e-06], "median": [0.0027884982992, 0.000865405774675, 0.000462655618321, 0.000574981793761, 0.000515526975505, 0.000434517627582, 0.00018526968779, 8.21776338853e-05, 8.42600275064e-05, 0.000103953010694, 6.133246643e-05, 3.83515834983e-05, 1.78504069481e-05, 1.91266262846e-05, 1.85397184396e-05, 1.71678111656e-05, 9.37151799008e-06, 7.2095390351e-06, 3.44031514032e-06, 6.13150223217e-06, 5.35633898835e-06, 3.8803609641e-06, 3.92566926166e-06, 2.06635127142e-06, 2.55360168921e-06, 4.54523933513e-06, 2.76889340967e-06, 2.03738773052e-06, 1.65069116065e-06, 1.64841026162e-06, 1.42953820159e-06, 1.41164127854e-06, 1.12584541512e-06, 1.14674571705e-06, 1.31101137413e-06, 1.15117870791e-06, 1.02658020751e-06, 1.0613135828e-06, 1.54030624344e-06, 1.96994324142e-06], "min": [4.51415792251e-24, 2.9733167399e-24, 1.42705726615e-24, 8.87066514856e-24, 5.5796995629e-24, 4.04724101348e-24, 4.63427027837e-24, 9.23985520765e-24, 5.64129973883e-24, 9.45710355664e-24, 7.74487543984e-24, 8.02453925251e-24, 6.77834895787e-25, 1.78790314902e-24, 7.97820392952e-24, 1.07250688775e-23, 1.26720312341e-23, 2.0690420527e-23, 1.14957859819e-23, 7.27697837112e-24, 9.82477190304e-24, 9.66478460058e-24, 8.28913739962e-24, 7.90752672558e-24, 9.61485838275e-24, 1.18506550601e-23, 1.27037339761e-23, 6.79840485892e-24, 9.42448573593e-24, 1.51582399729e-23, 5.94539181273e-24, 8.90100789442e-24, 8.24859310453e-24, 6.63791426319e-24, 7.40881596105e-24, 8.43371745974e-24, 1.05550322759e-23, 8.09382096151e-24, 1.04476919725e-23, 8.87092310608e-24], "var": [0.000691315915901, 0.000210541693377, 1.75763557309e-06, 3.5212997318e-07, 2.6355488103e-07, 2.90567612637e-07, 1.27270851635e-07, 1.77649681632e-08, 1.5896180372e-08, 5.6801564341e-08, 7.08230700752e-08, 2.87181649128e-07, 1.8981968708e-07, 7.55754427928e-08, 6.86158188046e-08, 5.69562992325e-08, 1.16511147397e-08, 5.72143710187e-09, 1.48899659269e-09, 1.10915421292e-09, 1.41064182557e-09, 1.07211128864e-09, 6.85268397582e-10, 7.40964400947e-10, 6.96277535628e-10, 6.62654819905e-10, 2.80561490706e-10, 4.93870278007e-10, 4.12026246455e-10, 9.17104892029e-10, 2.03222016992e-09, 8.38139890824e-10, 1.07313347097e-09, 1.05195729905e-09, 1.24199328599e-09, 1.01735142533e-09, 5.64895796806e-10, 2.74327061067e-10, 1.63819929844e-10, 1.03942854324e-10]}, "mfcc": {"mean": [-630.965820312, 106.750259399, 37.2696762085, 13.7303161621, 5.79905700684, 1.02520120144, 7.79291343689, -0.622777283192, -0.837983965874, -1.5211520195, -0.368084967136, -1.10542047024, 1.01860451698], "cov": [[7920.34814453, -852.965637207, 51.2203102112, -89.023223877, 67.512046814, 852.549194336, 155.880889893, 688.358642578, 149.225646973, 354.169494629, 339.197845459, 370.850311279, 211.203842163], [-852.965637207, 1257.65429688, -311.415924072, -21.9219913483, 83.6940460205, -232.216506958, 169.421829224, -147.642700195, 106.775932312, -3.21860742569, 75.2189559937, -6.76794052124, 63.839012146], [51.2203102112, -311.415924072, 696.707763672, 201.902709961, 116.409820557, 233.866622925, 65.4819030762, 170.814331055, 27.4828414917, 88.2255554199, 39.4946136475, 68.3824615479, 58.4051170349], [-89.023223877, -21.9219913483, 201.902709961, 276.161499023, 126.764434814, 94.6461105347, 70.909942627, 71.320350647, 64.1046066284, 36.1506309509, 34.5957832336, 40.4449081421, 38.9868240356], [67.512046814, 83.6940460205, 116.409820557, 126.764434814, 177.727600098, 81.401222229, 98.9192962646, 49.1313896179, 67.2484359741, 56.5943031311, 59.1264572144, 45.3295135498, 53.1360206604], [852.549194336, -232.216506958, 233.866622925, 94.6461105347, 81.401222229, 403.000488281, 79.3579940796, 212.662857056, 7.12476062775, 82.8612060547, 71.524017334, 101.799613953, 49.4609909058], [155.880889893, 169.421829224, 65.4819030762, 70.909942627, 98.9192962646, 79.3579940796, 231.243896484, 70.3549194336, 73.9363021851, 45.4858055115, 62.2814483643, 41.7603645325, 57.9388389587], [688.358642578, -147.642700195, 170.814331055, 71.320350647, 49.1313896179, 212.662857056, 70.3549194336, 220.012405396, 47.7271614075, 65.5988540649, 42.8280410767, 72.3696517944, 53.446975708], [149.225646973, 106.775932312, 27.4828414917, 64.1046066284, 67.2484359741, 7.12476062775, 73.9363021851, 47.7271614075, 120.149833679, 60.9646568298, 48.7423095703, 20.2724494934, 41.3549079895], [354.169494629, -3.21860742569, 88.2255554199, 36.1506309509, 56.5943031311, 82.8612060547, 45.4858055115, 65.5988540649, 60.9646568298, 112.82106781, 75.6357727051, 31.4560508728, 30.177148819], [339.197845459, 75.2189559937, 39.4946136475, 34.5957832336, 59.1264572144, 71.524017334, 62.2814483643, 42.8280410767, 48.7423095703, 75.6357727051, 107.285354614, 53.1672973633, 38.8938941956], [370.850311279, -6.76794052124, 68.3824615479, 40.4449081421, 45.3295135498, 101.799613953, 41.7603645325, 72.3696517944, 20.2724494934, 31.4560508728, 53.1672973633, 95.7828216553, 54.639831543], [211.203842163, 63.839012146, 58.4051170349, 38.9868240356, 53.1360206604, 49.4609909058, 57.9388389587, 53.446975708, 41.3549079895, 30.177148819, 38.8938941956, 54.639831543, 89.6991271973]], "icov": [[0.000259425170952, 0.000190183403902, 0.000270245102001, 0.000236993262661, 6.96668430464e-05, -0.000183251599083, 1.64221910381e-05, -0.000484805670567, -0.000121594086522, -0.000244187482167, -0.000407220039051, -0.000335174117936, -0.000168167738593], [0.000190183403902, 0.00152403023094, 0.000649412628263, 0.000271128519671, -0.000340383005096, 0.000391745183151, -0.000874552410096, 0.000346004089806, -0.000639360281639, 0.000373282819055, -0.00129329855554, -6.40268117422e-05, -0.000959824654274], [0.000270245102001, 0.000649412628263, 0.00281707965769, -0.00114413967822, -0.000386349362088, -0.000323849642882, -0.000271052878816, -0.00111876812298, 0.00116656534374, -0.00209413422272, 0.000529284297954, -0.000273404730251, -0.001082610921], [0.000236993262661, 0.000271128519671, -0.00114413967822, 0.00695876218379, -0.00369790405966, -0.000632534793112, 0.000363489612937, -0.000544119335245, -0.00305438018404, 0.00243139150552, -0.000612002622802, -0.000637861550786, 0.00084233970847], [6.96668430464e-05, -0.000340383005096, -0.000386349362088, -0.00369790405966, 0.0123930582777, -0.00161283405032, -0.00214724638499, 0.00254046102054, -0.00208101188764, -0.0020776828751, -0.000497759261634, -0.000939213612583, -0.00219544395804], [-0.000183251599083, 0.000391745183151, -0.000323849642882, -0.000632534793112, -0.00161283405032, 0.007620817516, -0.00100719393231, -0.00524857221171, 0.00469919480383, -0.00183108798228, -0.00112398655619, -0.00233881804161, 0.00153115519788], [1.64221910381e-05, -0.000874552410096, -0.000271052878816, 0.000363489612937, -0.00214724638499, -0.00100719393231, 0.00755039788783, -0.00145738106221, -0.00224263221025, 0.00231359782629, -0.00231786957011, 0.00152274686843, -0.00124593893997], [-0.000484805670567, 0.000346004089806, -0.00111876812298, -0.000544119335245, 0.00254046102054, -0.00524857221171, -0.00145738106221, 0.0143865635619, -0.00498975487426, -0.00176925107371, 0.00465375231579, -0.00287498789839, -0.00175232614856], [-0.000121594086522, -0.000639360281639, 0.00116656534374, -0.00305438018404, -0.00208101188764, 0.00469919480383, -0.00224263221025, -0.00498975487426, 0.0197329688817, -0.00842947233468, -0.000259061082033, 0.00209965719841, -0.00305587751791], [-0.000244187482167, 0.000373282819055, -0.00209413422272, 0.00243139150552, -0.0020776828751, -0.00183108798228, 0.00231359782629, -0.00176925107371, -0.00842947233468, 0.0261796936393, -0.0157077740878, 0.00635512685403, 0.000434846762801], [-0.000407220039051, -0.00129329855554, 0.000529284297954, -0.000612002622802, -0.000497759261634, -0.00112398655619, -0.00231786957011, 0.00465375231579, -0.000259061082033, -0.0157077740878, 0.0281339082867, -0.0108163217083, 0.00123321823776], [-0.000335174117936, -6.40268117422e-05, -0.000273404730251, -0.000637861550786, -0.000939213612583, -0.00233881804161, 0.00152274686843, -0.00287498789839, 0.00209965719841, 0.00635512685403, -0.0108163217083, 0.0260537937284, -0.0104210972786], [-0.000168167738593, -0.000959824654274, -0.001082610921, 0.00084233970847, -0.00219544395804, 0.00153115519788, -0.00124593893997, -0.00175232614856, -0.00305587751791, 0.000434846762801, 0.00123321823776, -0.0104210972786, 0.0219472236931]]}, "spectral_contrast_coeffs": {"dmean": [0.0526139177382, 0.0424267202616, 0.037446949631, 0.0310823954642, 0.0209267642349, 0.0198599845171], "dmean2": [0.0870117470622, 0.0710026025772, 0.0600301511586, 0.0499853715301, 0.0348647534847, 0.0317726768553], "dvar": [0.00209216983058, 0.00123148749117, 0.000972633890342, 0.000669209344778, 0.000287016271614, 0.000323515414493], "dvar2": [0.00539856497198, 0.00336504471488, 0.00246957922354, 0.00167800474446, 0.000769820180722, 0.000790063349996], "max": [-0.275882273912, -0.491338968277, -0.519056499004, -0.520080089569, -0.671076953411, -0.667802751064], "mean": [-0.630507946014, -0.720784425735, -0.752191901207, -0.774354934692, -0.805545270443, -0.801051914692], "median": [-0.645718812943, -0.722413241863, -0.757245123386, -0.777494370937, -0.808724045753, -0.805353581905], "min": [-0.963337659836, -0.971074819565, -0.979059398174, -0.965313494205, -0.967977583408, -0.96064800024], "var": [0.00968912150711, 0.00305785401724, 0.00328424922191, 0.00281750643626, 0.000774947402533, 0.000815623963717]}, "spectral_contrast_valleys": {"dmean": [0.453067749739, 0.331048548222, 0.363271027803, 0.398620575666, 0.381217330694, 0.599739730358], "dmean2": [0.727524638176, 0.541215538979, 0.571068406105, 0.602025270462, 0.538269877434, 0.755382299423], "dvar": [0.209096938372, 0.113675452769, 0.17331622541, 0.228118985891, 0.183561995625, 0.316243976355], "dvar2": [0.423843055964, 0.25787499547, 0.392165392637, 0.47487154603, 0.350579738617, 0.582533836365], "max": [-4.87442350388, -4.80038785934, -4.70654535294, -5.4014673233, -5.00007390976, -6.74707174301], "mean": [-7.07571458817, -6.613