{"lowlevel": {"average_loudness": 0.910175859928, "barkbands_crest": {"dmean": 2.77300000191, "dmean2": 4.62532186508, "dvar": 6.60819530487, "dvar2": 18.0742435455, "max": 26.6925544739, "mean": 13.6156759262, "median": 13.0739059448, "min": 3.42692875862, "var": 18.7247486115}, "barkbands_flatness_db": {"dmean": 0.0379415117204, "dmean2": 0.0548593960702, "dvar": 0.0013894001022, "dvar2": 0.00300056952983, "max": 0.576869308949, "mean": 0.257459551096, "median": 0.25596177578, "min": 0.0421831421554, "var": 0.00898861140013}, "barkbands_kurtosis": {"dmean": 25.4217643738, "dmean2": 43.0615234375, "dvar": 5305.51904297, "dvar2": 16179.2978516, "max": 1772.74389648, "mean": 41.1448135376, "median": 20.1781597137, "min": -1.84930002689, "var": 7033.91210938}, "barkbands_skewness": {"dmean": 1.3400323391, "dmean2": 2.15598201752, "dvar": 2.93595194817, "dvar2": 8.07277393341, "max": 33.2197265625, "mean": 3.78144598007, "median": 3.29450368881, "min": -3.57908821106, "var": 8.93087768555}, "barkbands_spread": {"dmean": 3.58208966255, "dmean2": 5.74909543991, "dvar": 44.1420669556, "dvar2": 109.137466431, "max": 149.271728516, "mean": 7.80103445053, "median": 4.22445487976, "min": 0.13345220685, "var": 128.332901001}, "dissonance": {"dmean": 0.0260786935687, "dmean2": 0.0425430648029, "dvar": 0.00065309042111, "dvar2": 0.00164663081523, "max": 0.5, "mean": 0.420178085566, "median": 0.437740027905, "min": 0.120063215494, "var": 0.00361695326865}, "dynamic_complexity": 6.15292072296, "erbbands_crest": {"dmean": 2.65434598923, "dmean2": 4.26850557327, "dvar": 7.11893081665, "dvar2": 18.1143074036, "max": 29.5816802979, "mean": 13.1834030151, "median": 12.1296463013, "min": 2.33827066422, "var": 34.7685165405}, "erbbands_flatness_db": {"dmean": 0.0271946992725, "dmean2": 0.0373587161303, "dvar": 0.000826394069009, "dvar2": 0.00145859143231, "max": 0.520869135857, "mean": 0.179688230157, "median": 0.161941856146, "min": 0.0352964513004, "var": 0.00581797445193}, "erbbands_kurtosis": {"dmean": 3.91332364082, "dmean2": 6.07826423645, "dvar": 40.2093429565, "dvar2": 95.6452865601, "max": 213.954467773, "mean": 7.81416797638, "median": 3.03951501846, "min": -1.88072991371, "var": 192.873718262}, "erbbands_skewness": {"dmean": 0.595575630665, "dmean2": 0.925775706768, "dvar": 0.428512066603, "dvar2": 1.05129396915, "max": 9.36179065704, "mean": 1.97502756119, "median": 1.74086880684, "min": -1.96945178509, "var": 1.99658572674}, "erbbands_spread": {"dmean": 11.7189407349, "dmean2": 18.145324707, "dvar": 268.188537598, "dvar2": 604.484985352, "max": 171.330673218, "mean": 40.3838119507, "median": 33.560760498, "min": 0.640416443348, "var": 936.562194824}, "hfc": {"dmean": 3.97370839119, "dmean2": 5.88795089722, "dvar": 62.2563858032, "dvar2": 130.912582397, "max": 121.746055603, "mean": 10.1633358002, "median": 7.96683216095, "min": 1.16817185727e-16, "var": 129.198135376}, "melbands_crest": {"dmean": 3.31037092209, "dmean2": 5.52946996689, "dvar": 10.0995512009, "dvar2": 27.1677093506, "max": 39.5975799561, "mean": 19.2955932617, "median": 18.2172241211, "min": 1.8456183672, "var": 42.2706794739}, "melbands_flatness_db": {"dmean": 0.039527412504, "dmean2": 0.0569060221314, "dvar": 0.00168894929811, "dvar2": 0.0033705951646, "max": 0.733490347862, "mean": 0.361712485552, "median": 0.364844560623, "min": 0.00516276527196, "var": 0.0118232769892}, "melbands_kurtosis": {"dmean": 38.5134353638, "dmean2": 63.1071128845, "dvar": 7431.85693359, "dvar2": 21963.8496094, "max": 2099.30175781, "mean": 71.6405029297, "median": 43.4911346436, "min": -1.64258682728, "var": 10601.9238281}, "melbands_skewness": {"dmean": 1.488463521, "dmean2": 2.38372015953, "dvar": 3.36028289795, "dvar2": 9.1000289917, "max": 33.1015434265, "mean": 4.95657062531, "median": 4.42683696747, "min": -3.07999062538, "var": 11.2293434143}, "melbands_spread": {"dmean": 2.16830182076, "dmean2": 3.48304176331, "dvar": 23.7181682587, "dvar2": 58.6184539795, "max": 211.606506348, "mean": 5.65931034088, "median": 3.13051891327, "min": 0.105770811439, "var": 139.799850464}, "pitch_salience": {"dmean": 0.0812433585525, "dmean2": 0.135276570916, "dvar": 0.00509273679927, "dvar2": 0.0130622303113, "max": 0.902394771576, "mean": 0.501087009907, "median": 0.52267062664, "min": 0.0265581160784, "var": 0.0226774662733}, "silence_rate_20dB": {"dmean": 0.000294594210573, "dmean2": 0.000589275208768, "dvar": 0.000294532073895, "dvar2": 0.000883664062712, "max": 1, "mean": 0.999852716923, "median": 1, "min": 0, "var": 0.000147237224155}, "silence_rate_30dB": {"dmean": 0.0621593743563, "dmean2": 0.12433706224, "dvar": 0.0582993924618, "dvar2": 0.135683208704, "max": 1, "mean": 0.934756994247, "median": 1, "min": 0, "var": 0.0609803497791}, "silence_rate_60dB": {"dmean": 0.0141405211762, "dmean2": 0.0282852090895, "dvar": 0.013940019533, "dvar2": 0.0342608205974, "max": 1, "mean": 0.164359346032, "median": 0, "min": 0, "var": 0.13734523952}, "spectral_centroid": {"dmean": 139.292770386, "dmean2": 217.011581421, "dvar": 69190.0078125, "dvar2": 140744.921875, "max": 10850.171875, "mean": 527.852172852, "median": 393.257843018, "min": 134.743057251, "var": 211870.484375}, "spectral_complexity": {"dmean": 1.48446011543, "dmean2": 2.28962874413, "dvar": 5.21202087402, "dvar2": 9.65852546692, "max": 42, "mean": 6.99086904526, "median": 6, "min": 0, "var": 23.7366905212}, "spectral_decrease": {"dmean": 4.23193702304e-09, "dmean2": 6.95316160204e-09, "dvar": 8.27028609844e-17, "dvar2": 2.1354214114e-16, "max": 7.41285913048e-17, "mean": -1.10164135592e-08, "median": -8.39153724286e-09, "min": -2.07254743145e-07, "var": 1.27203291968e-16}, "spectral_energy": {"dmean": 0.0162232611328, "dmean2": 0.026602126658, "dvar": 0.00120786367916, "dvar2": 0.00311530893669, "max": 0.791330635548, "mean": 0.0425001494586, "median": 0.0325827896595, "min": 1.05393464836e-20, "var": 0.00186886987649}, "spectral_energyband_high": {"dmean": 0.000242810798227, "dmean2": 0.000342941464623, "dvar": 4.99453790326e-07, "dvar2": 1.0116013982e-06, "max": 0.0135110737756, "mean": 0.000376155483536, "median": 6.58878561808e-05, "min": 7.03195124461e-21, "var": 8.40071550101e-07}, "spectral_energyband_low": {"dmean": 0.0110978418961, "dmean2": 0.0187552310526, "dvar": 0.000912484072614, "dvar2": 0.00242590392008, "max": 0.70774513483, "mean": 0.0229273065925, "median": 0.00828639324754, "min": 8.1823366771e-23, "var": 0.00115915155038}, "spectral_energyband_middle_high": {"dmean": 0.000137995593832, "dmean2": 0.000192709776456, "dvar": 9.64593382946e-08, "dvar2": 2.00230701353e-07, "max": 0.00604331167415, "mean": 0.000384846731322, "median": 0.000189441692783, "min": 1.85349243678e-21, "var": 2.92725587769e-07}, "spectral_energyband_middle_low": {"dmean": 0.00887756422162, "dmean2": 0.0143763516098, "dvar": 0.000261373323156, "dvar2": 0.000658744073007, "max": 0.246133774519, "mean": 0.0215656179935, "median": 0.0156836528331, "min": 2.51932436227e-22, "var": 0.000506528187543}, "spectral_entropy": {"dmean": 0.317034095526, "dmean2": 0.450499653816, "dvar": 0.125502303243, "dvar2": 0.231688842177, "max": 9.80694103241, "mean": 6.61331272125, "median": 6.77469158173, "min": 3.38931488991, "var": 0.905446827412}, "spectral_flux": {"dmean": 0.0339364744723, "dmean2": 0.0546815432608, "dvar": 0.00275891344063, "dvar2": 0.00631555821747, "max": 0.826911628246, "mean": 0.0783894583583, "median": 0.0601192452013, "min": 1.02661316947e-10, "var": 0.00494459969923}, "spectral_kurtosis": {"dmean": 5.39837121964, "dmean2": 8.28354358673, "dvar": 119.190139771, "dvar2": 233.144073486, "max": 187.694351196, "mean": 11.5618686676, "median": 4.84479570389, "min": -1.18091785908, "var": 323.42565918}, "spectral_rms": {"dmean": 0.00108631921466, "dmean2": 0.00173066579737, "dvar": 2.87493639917e-06, "dvar2": 6.71548286846e-06, "max": 0.0277854260057, "mean": 0.00554076721892, "median": 0.00563809275627, "min": 3.20660078351e-12, "var": 1.07634377855e-05}, "spectral_rolloff": {"dmean": 136.249221802, "dmean2": 245.029983521, "dvar": 489397.75, "dvar2": 1314633.625, "max": 19745.9472656, "mean": 414.221221924, "median": 236.865234375, "min": 21.533203125, "var": 1985089.625}, "spectral_skewness": {"dmean": 0.499489217997, "dmean2": 0.738445043564, "dvar": 0.51626855135, "dvar2": 0.968659102917, "max": 11.5949201584, "mean": 2.39434170723, "median": 1.89845490456, "min": 0.0309995003045, "var": 2.30931973457}, "spectral_spread": {"dmean": 1022940.5625, "dmean2": 1479665.125, "dvar": 2025001975810.0, "dvar2": 4139226759170.0, "max": 40478296, "mean": 5018868, "median": 5026535, "min": 479029.15625, "var": 4626615107580.0}, "spectral_strongpeak": {"dmean": 0.242597058415, "dmean2": 0.401672840118, "dvar": 0.126181051135, "dvar2": 0.31312006712, "max": 7.33554363251, "mean": 0.69445514679, "median": 0.643430113792, "min": 0, "var": 0.379442453384}, "zerocrossingrate": {"dmean": 0.00813665427268, "dmean2": 0.0104100732133, "dvar": 0.000145899568452, "dvar2": 0.000185050113942, "max": 0.60107421875, "mean": 0.028996642679, "median": 0.01953125, "min": 0, "var": 0.00168830808252}, "barkbands": {"dmean": [0.00216822419316, 0.00476962421089, 0.00501591619104, 0.00509812636301, 0.00415051635355, 0.00123768858612, 0.000247218762524, 0.000173592547071, 0.000239577813772, 5.23975322722e-05, 1.85386907106e-05, 1.57125232363e-05, 1.69238919625e-05, 1.86325596587e-05, 1.36419830596e-05, 1.00517663668e-05, 1.52294323925e-05, 2.08559431485e-05, 2.40195640799e-05, 3.61122183676e-05, 4.83225630887e-05, 6.61933445372e-05, 5.1017410442e-05, 2.19739249587e-05, 2.30042187468e-05, 2.72265333479e-05, 2.26925694733e-05], "dmean2": [0.0036507921759, 0.00803715083748, 0.00858237035573, 0.00859424751252, 0.0066269193776, 0.0020172460936, 0.000407231564168, 0.000286038062768, 0.000362830003724, 8.53032470332e-05, 2.99784114759e-05, 2.50195826084e-05, 2.56146431639e-05, 2.80386921077e-05, 2.10699654417e-05, 1.5871704818e-05, 2.36650012084e-05, 3.11248550133e-05, 3.64183288184e-05, 5.46368210053e-05, 7.00341624906e-05, 9.67464948189e-05, 7.47179292375e-05, 3.59642144758e-05, 3.83217520721e-05, 4.15136601077e-05, 3.72175745724e-05], "dvar": [3.7477879232e-05, 0.000131291104481, 0.000265583279543, 0.000143067154568, 5.41922381672e-05, 1.00365277831e-05, 3.09858819492e-07, 7.17609339063e-07, 3.51196240445e-06, 4.37378027129e-08, 2.85317591775e-09, 1.39793232545e-09, 2.51703324849e-09, 2.49178899736e-09, 1.6093349986e-09, 1.04519237709e-09, 3.96718746742e-09, 2.47272602394e-09, 3.31944560727e-09, 2.06036627759e-08, 1.66784666078e-08, 6.43953370627e-08, 4.17178362966e-08, 4.35961311496e-09, 4.51568071824e-09, 1.02786827938e-08, 4.36799840742e-09], "dvar2": [7.98355758889e-05, 0.00033857327071, 0.000731761334464, 0.000378695491236, 0.000139315394335, 2.47711086558e-05, 8.02007320999e-07, 1.68542464962e-06, 8.6017898866e-06, 1.21388595176e-07, 6.83993484074e-09, 3.65849772699e-09, 5.63075586157e-09, 5.89549387087e-09, 4.02623667739e-09, 2.58799737196e-09, 1.08509139451e-08, 5.78583270183e-09, 7.34114058432e-09, 5.08902040508e-08, 3.5592652381e-08, 1.44236707911e-07, 8.79473347482e-08, 1.1286361179e-08, 1.19762368911e-08, 2.38402275698e-08, 1.13944675917e-08], "max": [0.304633438587, 0.187591478229, 0.407809406519, 0.220387414098, 0.126881197095, 0.0803312808275, 0.00811000354588, 0.0324274934828, 0.0709270983934, 0.0061767869629, 0.00242250645533, 0.000785191659816, 0.00157527253032, 0.00178188958671, 0.00130098697264, 0.00113618758041, 0.00320440903306, 0.00136926095001, 0.00087716570124, 0.00600880291313, 0.00378059456125, 0.00934170745313, 0.00518506811932, 0.00142264435999, 0.00102591584437, 0.00271022343077, 0.00111994263716], "mean": [0.00223242747597, 0.0096536334604, 0.00830712541938, 0.0087714260444, 0.00931315310299, 0.00224630115554, 0.000404571794206, 0.000233681843383, 0.000556563085411, 8.75541372807e-05, 3.28796377289e-05, 3.05334324366e-05, 4.05819919251e-05, 4.21899458161e-05, 2.38808352151e-05, 1.70163893927e-05, 2.32877373492e-05, 4.03302146879e-05, 3.91326975659e-05, 6.47286506137e-05, 8.75963523868e-05, 9.38586890697e-05, 6.44493411528e-05, 2.46478412009e-05, 2.28999360843e-05, 2.66034730885e-05, 1.91102517419e-05], "median": [0.000760577968322, 0.000925846048631, 0.00173204718158, 0.00366871617734, 0.0054813711904, 0.000742930569686, 0.000158474082127, 7.15642090654e-05, 9.42771366681e-05, 2.43988797592e-05, 1.01656614788e-05, 1.08894619189e-05, 1.23019817693e-05, 1.3144015611e-05, 6.95173002896e-06, 5.2397563195e-06, 5.97005282543e-06, 1.16245500976e-05, 8.25890492706e-06, 1.15817556434e-05, 1.52667525981e-05, 1.29828567879e-05, 6.86303428665e-06, 3.45821831615e-06, 2.76794526144e-06, 9.16273961593e-07, 5.89985461374e-07], "min": [7.73602757592e-24, 5.93780273416e-23, 1.30373921623e-23, 4.98552676807e-24, 5.59373063739e-23, 2.2662533347e-23, 6.16799108413e-23, 3.94577022967e-23, 5.48155524775e-23, 5.08448936863e-23, 3.86370124316e-23, 7.51153858822e-23, 1.17421983607e-22, 1.00061161946e-22, 1.75601939493e-22, 1.53266447367e-22, 1.82828612205e-22, 3.4437804859e-22, 4.12143144101e-22, 4.02656012554e-22, 4.85922363693e-22, 4.02099316569e-22, 5.60234828013e-22, 8.26604605253e-22, 9.27810991284e-22, 1.77120250611e-21, 2.09330615197e-21], "var": [6.49037174298e-05, 0.000294103228953, 0.000274155521765, 0.00018636904133, 0.000127977356897, 2.36769446929e-05, 4.82650648337e-07, 8.68868198722e-07, 6.85871054884e-06, 5.09708257823e-08, 7.88852183575e-09, 2.71050870637e-09, 1.1725687088e-08, 7.32712024387e-09, 2.60875676616e-09, 1.43566458721e-09, 3.61694452167e-09, 5.70638292174e-09, 6.5661649451e-09, 2.73560498698e-08, 3.39191075227e-08, 8.219154779e-08, 5.69377149873e-08, 4.12821021811e-09, 3.76569575522e-09, 1.08953361888e-08, 3.59171625774e-09]}, "erbbands": {"dmean": [0.109179757535, 1.21992921829, 4.90717411041, 11.8530540466, 17.3665008545, 12.889456749, 11.9103136063, 9.10863018036, 4.54213476181, 3.61788082123, 3.70977258682, 4.19066095352, 4.39139699936, 0.994039058685, 0.654834866524, 0.563793897629, 0.771354436874, 0.968057692051, 0.622871398926, 0.719154179096, 0.621411561966, 0.860501945019, 1.11493480206, 0.97728395462, 1.46293449402, 1.88266611099, 1.66965472698, 2.2552216053, 2.53453993797, 1.3240275383, 1.60921168327, 0.667518615723, 0.371248662472, 0.303018778563, 0.145728036761, 0.15984480083, 0.0321547351778, 0.0157650001347, 0.00401244964451, 0.000252536992775], "dmean2": [0.187974900007, 2.06347823143, 8.41197967529, 20.1141357422, 27.8423900604, 21.036863327, 19.7661819458, 14.5938158035, 7.36521530151, 5.81116485596, 6.10630321503, 6.49464416504, 6.6506485939, 1.55783998966, 1.05187523365, 0.873055279255, 1.14105141163, 1.46564638615, 0.941501617432, 1.12511360645, 0.972777545452, 1.32011163235, 1.68382835388, 1.44967806339, 2.23299670219, 2.86595892906, 2.48850774765, 3.24835848808, 3.69159317017, 1.96982896328, 2.36599802971, 1.01747703552, 0.613594830036, 0.514974713326, 0.235585674644, 0.249857693911, 0.048781953752, 0.0248589068651, 0.00660051219165, 0.000417529343395], "dvar": [0.087420143187, 8.61813640594, 214.558944702, 1121.5222168, 1322.97595215, 537.858459473, 872.785888672, 669.941955566, 120.962142944, 88.4377593994, 304.537384033, 919.18927002, 1472.00256348, 7.60454750061, 3.00273370743, 1.71617138386, 5.50143861771, 8.88045310974, 2.04965019226, 6.43795013428, 5.3041009903, 8.84827327728, 7.23506546021, 5.91531801224, 13.9072465897, 65.5021514893, 24.3802089691, 43.4782218933, 89.6883621216, 19.6193656921, 48.2324752808, 5.56577682495, 1.22608649731, 0.874010264874, 0.169045731425, 0.576586425304, 0.00787696521729, 0.00188623263966, 0.000138760398841, 5.80554228691e-07], "dvar2": [0.235177576542, 22.1722717285, 585.160522461, 3035.46777344, 3191.48461914, 1471.60400391, 2353.20849609, 1474.44750977, 284.260650635, 220.781463623, 725.754699707, 2389.76025391, 3586.40136719, 18.8822021484, 7.25282859802, 4.32871484756, 11.8663988113, 21.9510688782, 4.49134969711, 16.9106369019, 13.3644428253, 23.3093929291, 17.2289924622, 13.299161911, 31.0069065094, 164.719100952, 55.9872817993, 92.0089416504, 199.453918457, 44.6926345825, 103.57358551, 12.6792144775, 3.22721648216, 2.37018942833, 0.414464324713, 1.41188049316, 0.0175038930029, 0.00460386555642, 0.000365384330507, 1.55127315793e-06], "max": [5.21789073944, 43.2509269714, 349.564819336, 785.079040527, 540.775878906, 307.350952148, 407.58996582, 931.599487305, 300.644897461, 214.682403564, 634.952819824, 1019.76202393, 1659.59985352, 86.0847625732, 77.2399749756, 24.7724246979, 79.8840713501, 115.985549927, 32.2341308594, 83.2592849731, 82.7495269775, 136.004379272, 74.5205917358, 55.0924072266, 98.3976821899, 374.315765381, 180.377960205, 196.580078125, 328.538269043, 177.233337402, 156.382232666, 62.0541114807, 17.4004821777, 14.8315458298, 6.11017084122, 22.1939353943, 1.3553571701, 0.685110569, 0.190232917666, 0.0124447299168], "mean": [0.175589457154, 2.55279755592, 8.95499897003, 20.6441574097, 35.5514297485, 27.0233802795, 20.6622772217, 19.3014965057, 8.82919979095, 6.09052944183, 5.60035848618, 9.83404827118, 9.57105922699, 2.11047434807, 1.28950619698, 1.22293972969, 2.01890516281, 2.20489883423, 1.23902320862, 1.25118756294, 1.0261849165, 1.40099525452, 2.16159439087, 1.78331184387, 2.45875048637, 3.31912994385, 3.06761527061, 3.7367143631, 3.6178085804, 1.9658305645, 1.94213664532, 0.785297691822, 0.38873770833, 0.291004478931, 0.152654916048, 0.150044307113, 0.0324510149658, 0.0143830515444, 0.00336352246813, 0.000240277018747], "median": [0.0402718186378, 0.237797990441, 1.97366642952, 9.64584445953, 15.3683433533, 12.7445487976, 7.87248563766, 5.83264446259, 3.41368341446, 2.17833089828, 1.72577309608, 1.66124820709, 2.0663318634, 0.876812696457, 0.524126410484, 0.49806663394, 0.645648598671, 0.664176821709, 0.461911678314, 0.392308175564, 0.324029743671, 0.40267521143, 0.62931984663, 0.489105582237, 0.496016085148, 0.595027685165, 0.550416469574, 0.627272963524, 0.466117888689, 0.352005600929, 0.170765191317, 0.0818587243557, 0.0520245283842, 0.035817425698, 0.0151157584041, 0.00531850056723, 0.0013779939618, 0.000443238794105, 0.000126613944303, 6.32764567854e-05], "min": [2.35274581771e-21, 1.08313573957e-20, 1.71185754782e-20, 1.39545692455e-20, 6.27572818833e-20, 2.58328479451e-19, 1.67670906032e-19, 2.15062836285e-19, 4.33647936866e-19, 1.21717466128e-18, 9.48609795898e-19, 9.88252530152e-19, 2.05479832567e-18, 1.25990319281e-18, 2.07591562632e-18, 3.64301715502e-18, 5.6381424645e-18, 4.20880828041e-18, 1.00547691205e-17, 7.70359921916e-18, 8.65465757306e-18, 1.03596430788e-17, 1.81221061247e-17, 1.94059714991e-17, 1.89332261985e-17, 1.68479816293e-17, 1.82891238166e-17, 2.10824515338e-17, 1.42465383074e-17, 1.41292490597e-17, 1.69060629431e-17, 1.97637006443e-17, 1.14814703887e-17, 7.68341187631e-18, 8.53032984546e-18, 7.21624177303e-18, 3.0957313007e-18, 1.20489361412e-18, 2.59220386946e-19, 3.26935479229e-20], "var": [0.13713735342, 20.0622673035, 260.237579346, 1165.94494629, 2818.1340332, 1361.4777832, 1217.21765137, 2532.58496094, 312.364013672, 144.541168213, 375.755889893, 1871.16955566, 2654.42504883, 19.405626297, 8.22507667542, 3.64066433907, 29.189704895, 23.1483974457, 4.96513843536, 8.14754104614, 6.37100172043, 9.84983921051, 15.3670425415, 12.9730329514, 25.337638855, 81.4007339478, 49.0201034546, 74.2120056152, 117.879043579, 27.1515216827, 61.6316642761, 6.63251066208, 1.076212883, 0.673740744591, 0.172035694122, 0.532333791256, 0.00937121640891, 0.00185091735329, 0.000111118075438, 4.46880591198e-07]}, "gfcc": {"mean": [-105.366744995, 110.384506226, -50.0626564026, 39.5252380371, -53.4751548767, -2.50974035263, -26.1676197052, -6.75323486328, -19.8951759338, -2.15146660805, -15.3086061478, -2.81311106682, -7.97073554993], "cov": [[22195.5703125, -572.624694824, -1164.38476562, 1655.50939941, -709.256958008, -160.05178833, -931.366943359, -898.666503906, -1108.25183105, -896.829589844, -1065.0904541, -828.780700684, -830.650024414], [-572.624694824, 2083.05541992, -90.0774765015, -227.846343994, 263.30645752, -77.8724517822, 87.2960739136, -183.063171387, 89.6017990112, -195.217178345, 41.4337844849, -192.759811401, 75.3363113403], [-1164.38476562, -90.0774765015, 930.183410645, -36.1647605896, 234.530105591, 120.686569214, 119.695503235, 102.963821411, 75.4909133911, 53.6284065247, 40.0873184204, 60.9258232117, 5.84758615494], [1655.50939941, -227.846343994, -36.1647605896, 701.034118652, 41.8862457275, 55.0419769287, 19.221288681, -30.4067325592, -120.673240662, -111.487205505, -89.4778518677, -100.981872559, -93.4479598999], [-709.256958008, 263.30645752, 234.530105591, 41.8862457275, 303.734466553, 76.8697509766, 88.9683380127, -0.213343203068, 32.1850662231, -33.6676177979, 6.25689935684, -39.8711509705, -1.54689645767], [-160.05178833, -77.8724517822, 120.686569214, 55.0419769287, 76.8697509766, 148.240661621, 67.1683273315, 47.956401825, 18.0126857758, 12.0479307175, -1.56035852432, -7.05485391617, -13.5164232254], [-931.366943359, 87.2960739136, 119.695503235, 19.221288681, 88.9683380127, 67.1683273315, 196.864868164, 97.4503250122, 74.0990600586, 42.8495597839, 41.733001709, 18.8198871613, 29.9007358551], [-898.666503906, -183.063171387, 102.963821411, -30.4067325592, -0.213343203068, 47.956401825, 97.4503250122, 198.281860352, 101.756912231, 98.7829208374, 64.6743774414, 67.6494064331, 39.9649429321], [-1108.25183105, 89.6017990112, 75.4909133911, -120.673240662, 32.1850662231, 18.0126857758, 74.0990600586, 101.756912231, 152.562774658, 96.5771942139, 77.5243835449, 58.7764663696, 59.2313308716], [-896.829589844, -195.217178345, 53.6284065247, -111.487205505, -33.6676177979, 12.0479307175, 42.8495597839, 98.7829208374, 96.5771942139, 174.369384766, 91.5759506226, 94.9023895264, 44.2542266846], [-1065.0904541, 41.4337844849, 40.0873184204, -89.4778518677, 6.25689935684, -1.56035852432, 41.733001709, 64.6743774414, 77.5243835449, 91.5759506226, 133.824966431, 79.5774154663, 55.8414077759], [-828.780700684, -192.759811401, 60.9258232117, -100.981872559, -39.8711509705, -7.05485391617, 18.8198871613, 67.6494064331, 58.7764663696, 94.9023895264, 79.5774154663, 148.143539429, 69.7886581421], [-830.650024414, 75.3363113403, 5.84758615494, -93.4479598999, -1.54689645767, -13.5164232254, 29.9007358551, 39.9649429321, 59.2313308716, 44.2542266846, 55.8414077759, 69.7886581421, 106.281288147]], "icov": [[0.000132307599415, -9.79550095508e-05, 9.01025850908e-06, -0.000207696648431, 0.00028651804314, -0.000115324000944, 0.000332179508405, -2.28660769608e-06, 0.000266753952019, -0.000128740881337, 0.000610237300862, -6.14447126281e-05, 0.000441955024144], [-9.79550095508e-05, 0.00140523421578, 8.23419031803e-05, 0.000606226327363, -0.000673675269354, 0.000732492946554, -0.00110472447705, 0.00149715412408, -0.00199792021886, 0.00202552624978, -0.00215516425669, 0.00234939949587, -0.00154230406042], [9.01025850908e-06, 8.23419031803e-05, 0.0015973735135, 0.000166981757502, -0.00129496329464, -0.000435726484284, -0.000109142732981, -0.000413901900174, -4.87208380946e-05, 7.60224502301e-05, 0.000277786253719, -0.00108000636101, 0.000741790398024], [-0.000207696648431, 0.000606226327363, 0.000166981757502, 0.00244240555912, -0.00080133479787, -7.49957916923e-06, -0.00136535253841, -0.000217433640501, 0.000522663292941, 0.00137625203934, -0.00148210290354, 0.00111993658356, -0.000282439723378], [0.00028651804314, -0.000673675269354, -0.00129496329464, -0.00080133479787, 0.00670144334435, -0.00217734463513, -0.000675756658893, 0.00139606592711, -0.000711385800969, 0.000831813900732, 0.000482952134917, 0.00102446437813, 0.000692939735018], [-0.000115324000944, 0.000732492946554, -0.000435726484284, -7.49957916923e-06, -0.00217734463513, 0.010146709159, -0.00255164550617, -0.00106718752068, -0.000421791541157, 5.74340856474e-06, -0.000178940492333, 0.00121245021001, 0.000505275209434], [0.000332179508405, -0.00110472447705, -0.000109142732981, -0.00136535253841, -0.000675756658893, -0.00255164550617, 0.0103447083384, -0.0039787935093, 0.000163090415299, -0.00148769724183, 0.00192970421631, -0.000565605645534, 0.000322307925671], [-2.28660769608e-06, 0.00149715412408, -0.000413901900174, -0.000217433640501, 0.00139606592711, -0.00106718752068, -0.0039787935093, 0.0125980554149, -0.00667775981128, 0.000228083881666, -0.00190738751553, 0.00105477706529, -0.00104464206379], [0.000266753952019, -0.00199792021886, -4.87208380946e-05, 0.000522663292941, -0.000711385800969, -0.000421791541157, 0.000163090415299, -0.00667775981128, 0.0198645051569, -0.00769171118736, 0.00118792336434, -0.000729150255211, -0.00164882454555], [-0.000128740881337, 0.00202552624978, 7.60224502301e-05, 0.00137625203934, 0.000831813900732, 5.74340856474e-06, -0.00148769724183, 0.000228083881666, -0.00769171118736, 0.0172061640769, -0.00736936694011, -0.00134635448921, 0.000987777020782], [0.000610237300862, -0.00215516425669, 0.000277786253719, -0.00148210290354, 0.000482952134917, -0.000178940492333, 0.00192970421631, -0.00190738751553, 0.00118792336434, -0.00736936694011, 0.0201048478484, -0.0070873843506, 0.00163423654158], [-6.14447126281e-05, 0.00234939949587, -0.00108000636101, 0.00111993658356, 0.00102446437813, 0.00121245021001, -0.000565605645534, 0.00105477706529, -0.000729150255211, -0.00134635448921, -0.0070873843506, 0.0201181117445, -0.00968946143985], [0.000441955024144, -0.00154230406042, 0.000741790398024, -0.000282439723378, 0.000692939735018, 0.000505275209434, 0.000322307925671, -0.00104464206379, -0.00164882454555, 0.000987777020782, 0.00163423654158, -0.00968946143985, 0.0200551655143]]}, "melbands": {"dmean": [0.00118784245569, 0.00225257687271, 0.00221467623487, 0.00103256572038, 0.000431315915193, 0.00020439963555, 6.62801248836e-05, 3.98918273277e-05, 3.0056331525e-05, 2.97651367873e-05, 2.19309804379e-05, 3.9605351958e-06, 2.50086191045e-06, 1.84248654023e-06, 1.69345514678e-06, 1.80863924015e-06, 1.77936976797e-06, 1.06147092538e-06, 1.04218895558e-06, 7.58180476623e-07, 7.94544632754e-07, 9.00232691947e-07, 1.01824548437e-06, 1.08918993647e-06, 8.01590488209e-07, 1.06121933641e-06, 1.15251111765e-06, 1.33921184897e-06, 1.05635410819e-06, 1.36465860123e-06, 1.39633061735e-06, 1.63725053426e-06, 1.12698171506e-06, 6.30328486295e-07, 8.74976649357e-07, 8.83229461124e-07, 2.85990552129e-07, 2.54884128026e-07, 2.77214866173e-07, 2.52527115663e-07], "dmean2": [0.00200608884916, 0.00385766522959, 0.0036905144807, 0.00166870700195, 0.000705282902345, 0.000327880552504, 0.000107227599074, 6.41223232378e-05, 4.98564586451e-05, 4.52140011475e-05, 3.3037551475e-05, 6.22586458121e-06, 4.01512943426e-06, 2.96315101878e-06, 2.52495465247e-06, 2.72652641797e-06, 2.70508394351e-06, 1.62562093919e-06, 1.63516415341e-06, 1.20189702102e-06, 1.25877477331e-06, 1.40070994803e-06, 1.57292549829e-06, 1.64756522736e-06, 1.21663379105e-06, 1.64018729265e-06, 1.78660195616e-06, 2.07688003684e-06, 1.64324910656e-06, 2.06266554414e-06, 2.06540335057e-06, 2.40253234551e-06, 1.70800387878e-06, 9.61673549682e-07, 1.3020011238e-06, 1.31040008e-06, 4.70718759971e-07, 4.24167723168e-07, 4.74111971016e-07, 4.32448985066e-07], "dvar": [8.06408297649e-06, 3.91031935578e-05, 2.92948207061e-05, 3.73765919903e-06, 8.40498728394e-07, 3.0981590271e-07, 2.48684930426e-08, 1.62019908601e-08, 1.92273201804e-08, 5.35539577129e-08, 3.73390136588e-08, 1.08873028648e-10, 5.47325379463e-11, 2.19863398321e-11, 2.4886188596e-11, 2.49083063203e-11, 2.82339429614e-11, 6.06861392735e-12, 1.07732859092e-11, 7.47104808574e-12, 1.06660635185e-11, 1.53994768326e-11, 5.4492252724e-12, 7.68888945568e-12, 4.52712867194e-12, 7.32763415917e-12, 2.03563953888e-11, 3.134827814e-11, 1.12057012974e-11, 1.34354602097e-11, 2.12860076787e-11, 3.58477969531e-11, 2.95994236066e-11, 3.50671423323e-12, 1.26766392522e-11, 1.84231310763e-11, 8.01168539063e-13, 5.93445214844e-13, 7.75771103172e-13, 6.19340679003e-13], "dvar2": [2.10172511288e-05, 0.000105197286757, 7.73426436353e-05, 9.62734429777e-06, 2.21780851462e-06, 6.9764712407e-07, 5.79620014207e-08, 3.95170047796e-08, 4.87891860246e-08, 1.332735593e-07, 9.05305483911e-08, 2.62350613456e-10, 1.28058313953e-10, 5.86872286878e-11, 5.61194597737e-11, 6.10309441873e-11, 6.95952392937e-11, 1.34784136976e-11, 2.73915560373e-11, 1.99742739709e-11, 2.78037089879e-11, 4.22815636669e-11, 1.29410484065e-11, 1.87766711901e-11, 1.08637786267e-11, 1.70412781109e-11, 4.91257867719e-11, 7.9952863774e-11, 2.77134582644e-11, 3.10152632743e-11, 4.72766548132e-11, 8.08628164428e-11, 7.01253985436e-11, 7.9643626763e-12, 2.74293001506e-11, 4.07423990378e-11, 2.05476694687e-12, 1.56696422331e-12, 2.11895193232e-12, 1.68920617511e-12], "max": [0.0523262992501, 0.139463245869, 0.120083764195, 0.0329589135945, 0.0126361651346, 0.0188757888973, 0.00445938762277, 0.00407721940428, 0.00419519795105, 0.00834667403251, 0.00835661869496, 0.000278480001725, 0.000362118211342, 0.000106153194793, 0.00014681101311, 0.000159876130056, 0.000198665380594, 5.26957119291e-05, 0.000111010194814, 0.000109127839096, 0.000137644892675, 0.0002020351385, 3.72631911887e-05, 8.34667152958e-05, 5.46065457456e-05, 4.50619590993e-05, 0.00021188815299, 0.000259234104306, 0.000108247731987, 0.00010524836398, 0.000150565581862, 0.000127044899273, 0.000307590293232, 5.21600668435e-05, 8.75067999004e-05, 0.000138299190439, 2.25502899411e-05, 1.42495800901e-05, 1.35797690746e-05, 1.26810309666e-05], "mean": [0.00227145338431, 0.00441684154794, 0.00422221468762, 0.00223956839181, 0.000826173170935, 0.000416245195083, 0.000131160049932, 6.33837262285e-05, 4.74258122267e-05, 6.96242204867e-05, 4.7330326197e-05, 7.84176882007e-06, 4.69390579383e-06, 3.42767339134e-06, 3.97020085074e-06, 4.4880821406e-06, 3.8483985918e-06, 1.96101700567e-06, 1.77821016223e-06, 1.3034764379e-06, 1.1789426253e-06, 1.31618196519e-06, 1.74617127868e-06, 2.08787173506e-06, 1.31110903112e-06, 1.58221655511e-06, 1.95080883714e-06, 2.24517020797e-06, 1.72922011643e-06, 2.30080422625e-06, 2.06288063964e-06, 2.21478717322e-06, 1.53344012688e-06, 9.04420062398e-07, 1.07645064418e-06, 9.70934820543e-07, 3.25408365143e-07, 2.66527280246e-07, 2.61991800699e-07, 2.37682556303e-07], "median": [0.00043439338333, 0.000822145608254, 0.00234680064023, 0.00116665521637, 0.00033287217957, 0.000127099425299, 5.21871370438e-05, 2.10880862141e-05, 1.15578659461e-05, 1.13999549285e-05, 9.94912079477e-06, 3.12509291689e-06, 1.6215898313e-06, 1.16562932817e-06, 1.08964809442e-06, 1.52243660523e-06, 1.0962471606e-06, 6.3374096726e-07, 5.22016421201e-07, 3.92139611449e-07, 3.21063680531e-07, 3.21776525425e-07, 4.55927448684e-07, 5.3097755881e-07, 3.19157976492e-07, 3.12088218379e-07, 3.64203856407e-07, 3.57645660642e-07, 2.85934476096e-07, 3.58869669981e-07, 3.36777929988e-07, 2.5222595923e-07, 2.24505484425e-07, 1.65464953739e-07, 1.03897690451e-07, 5.87471902236e-08, 4.2571485892e-08, 3.32831362471e-08, 3.50822126904e-08, 2.68955666627e-08], "min": [1.89923295865e-23, 1.07362636026e-23, 3.07860620213e-24, 1.22474962716e-23, 7.87981719742e-24, 4.81792459129e-24, 8.31465389446e-24, 1.27376652503e-23, 6.30224053739e-24, 7.24113568703e-24, 1.0531779023e-23, 5.39125449771e-24, 4.88047731677e-24, 1.07408918495e-23, 1.04271232133e-23, 1.18443291845e-23, 6.6530114832e-24, 1.54356507988e-23, 1.14873680471e-23, 1.1235304111e-23, 1.02268685059e-23, 1.10124848262e-23, 1.21410387036e-23, 1.87625454488e-23, 1.51179970226e-23, 1.7454024e-23, 1.20589269608e-23, 1.08944743903e-23, 9.99804993404e-24, 1.48120783413e-23, 1.1787232221e-23, 9.12335307372e-24, 5.4188492466e-24, 9.12578749848e-24, 9.46106916041e-24, 1.07777884518e-23, 1.22622448151e-23, 7.5524067896e-24, 6.74895274649e-24, 5.90832087221e-24], "var": [1.61992502399e-05, 5.42036359548e-05, 3.59678488167e-05, 8.43843372422e-06, 1.49447305375e-06, 1.06884078832e-06, 6.73180267086e-08, 2.25466649795e-08, 2.60907846439e-08, 1.03550313213e-07, 6.80389931063e-08, 2.69163774602e-10, 1.65066571522e-10, 4.204140161e-11, 1.03532626916e-10, 9.04425770387e-11, 7.14111478284e-11, 1.40408405389e-11, 1.63205126497e-11, 8.65922090976e-12, 1.09638608956e-11, 1.33251456744e-11, 1.06348645168e-11, 1.79716970472e-11, 8.46609414518e-12, 1.17171446157e-11, 2.48327886032e-11, 4.01626475133e-11, 1.99400183865e-11, 2.40396886425e-11, 2.98221412842e-11, 4.61515478611e-11, 3.11315105639e-11, 5.2421552342e-12, 1.64020966947e-11, 2.13754586947e-11, 7.73625141812e-13, 5.18104439559e-13, 5.76871287284e-13, 4.67971906885e-13]}, "mfcc": {"mean": [-763.27935791, 141.461502075, 53.6843338013, 46.4772796631, 3.0688803196, 11.4571380615, -0.900776803493, -0.276735544205, -1.38672244549, -1.47817218304, 1.52180814743, -4.73969459534, -7.15900850296], "cov": [[16640.4335938, -642.835266113, -621.592529297, 990.788696289, -440.693084717, 427.418182373, -234.975601196, -258.828521729, -491.047576904, -485.559387207, -462.299560547, -571.573120117, -703.118713379], [-642.835266113, 2004.20874023, 23.0015106201, -65.9139022827, 131.356048584, 58.2402076721, 11.7220916748, -13.4935808182, -4.8214468956, -48.1141242981, 6.47898864746, -93.1617507935, -96.2575302124], [-621.592529297, 23.0015106201, 523.722412109, 31.5891799927, 128.629928589, 29.2830619812, 74.4048538208, 65.8221130371, 67.1295928955, 43.6318359375, 54.4598426819, 34.8422851562, 49.611125946], [990.788696289, -65.9139022827, 31.5891799927, 408.638244629, 53.4968528748, 121.545181274, 79.1209793091, 51.5760154724, 9.60593318939, -9.46875095367, -44.0499458313, -21.2672138214, -35.8477058411], [-440.693084717, 131.356048584, 128.629928589, 53.4968528748, 218.535720825, 72.5457839966, 67.8677749634, 43.70652771, 34.4666595459, 9.33994293213, 8.52679824829, -8.02437973022, 20.4707756042], [427.418182373, 58.2402076721, 29.2830619812, 121.545181274, 72.5457839966, 172.299362183, 69.1799087524, 34.4115829468, 4.68519020081, -15.9817991257, -13.2661466599, -29.4334945679, -31.6135177612], [-234.975601196, 11.7220916748, 74.4048538208, 79.1209793091, 67.8677749634, 69.1799087524, 138.461242676, 66.0908050537, 36.8405685425, 28.8109111786, 18.3568000793, 9.44838809967, 3.07828974724], [-258.828521729, -13.4935808182, 65.8221130371, 51.5760154724, 43.70652771, 34.4115829468, 66.0908050537, 109.000312805, 57.2814254761, 31.6097774506, 13.2055416107, 15.0475444794, 14.6640491486], [-491.047576904, -4.8214468956, 67.1295928955, 9.60593318939, 34.4666595459, 4.68519020081, 36.8405685425, 57.2814254761, 115.396476746, 60.1642227173, 28.307641983, 30.7423496246, 21.4169712067], [-485.559387207, -48.1141242981, 43.6318359375, -9.46875095367, 9.33994293213, -15.9817991257, 28.8109111786, 31.6097774506, 60.1642227173, 118.356231689, 62.6418685913, 43.6664466858, 20.5203723907], [-462.299560547, 6.47898864746, 54.4598426819, -44.0499458313, 8.52679824829, -13.2661466599, 18.3568000793, 13.2055416107, 28.307641983, 62.6418685913, 106.699073792, 53.3810539246, 16.2400608063], [-571.573120117, -93.1617507935, 34.8422851562, -21.2672138214, -8.02437973022, -29.4334945679, 9.44838809967, 15.0475444794, 30.7423496246, 43.6664466858, 53.3810539246, 102.096138, 55.4380569458], [-703.118713379, -96.2575302124, 49.611125946, -35.8477058411, 20.4707756042, -31.6135177612, 3.07828974724, 14.6640491486, 21.4169712067, 20.5203723907, 16.2400608063, 55.4380569458, 118.238006592]], "icov": [[0.000134844056447, 6.46750049782e-05, -1.37368824653e-05, -0.000276778591797, 0.000223217124585, -0.00021636702877, 0.000251896766713, 3.85682033084e-05, 0.000208022378501, 0.000132988614496, 2.45765804721e-05, 0.000303962238831, 0.00046187810949], [6.46750049782e-05, 0.00060900876997, 1.70406037796e-05, 3.62557730114e-05, -0.000305611320073, -0.000119330346934, 0.0001279253338, 9.85479709925e-05, -7.5820244092e-05, 0.000369706831407, -0.000332853145665, 0.00052715028869, 0.000637811783236], [-1.37368824653e-05, 1.70406037796e-05, 0.00250825076364, -0.000106373496237, -0.00116678187624, 0.000291975360597, -0.000435857713455, -0.000408457563026, -0.000654297065921, 0.000360346428351, -0.00114549009595, 0.000160381416208, -0.000672304304317], [-0.000276778591797, 3.62557730114e-05, -0.000106373496237, 0.004135819152, -0.000577716738917, -0.00143545994069, -0.0013706786558, -0.000803904491477, -5.59783002245e-05, -0.000842174747959, 0.0020592699293, -0.00162364903372, 0.000168496801052], [0.000223217124585, -0.000305611320073, -0.00116678187624, -0.000577716738917, 0.00749324681237, -0.0024166116491, -0.00112407235429, 2.82637392957e-05, -0.000596360012423, 0.000456655601738, -0.000361827580491, 0.00222226115875, -0.00148817105219], [-0.00021636702877, -0.000119330346934, 0.000291975360597, -0.00143545994069, -0.0024166116491, 0.0103262420744, -0.0036085837055, -0.000600923493039, -0.000227411132073, 0.00160875788424, -0.000967694737483, 0.000899549340829, 0.000879429397173], [0.000251896766713, 0.0001279253338, -0.000435857713455, -0.0013706786558, -0.00112407235429, -0.0036085837055, 0.013675362803, -0.00530607579276, 0.000920774182305, -0.00132713303901, -0.000921450904571, -5.69867697777e-05, 0.00111803296022], [3.85682033084e-05, 9.85479709925e-05, -0.000408457563026, -0.000803904491477, 2.82637392957e-05, -0.000600923493039, -0.00530607579276, 0.0164957419038, -0.00599104911089, -4.43324315711e-05, 0.000463780976133, 0.00024835151271, -0.000923280080315], [0.000208022378501, -7.5820244092e-05, -0.000654297065921, -5.59783002245e-05, -0.000596360012423, -0.000227411132073, 0.000920774182305, -0.00599104911089, 0.0158040877432, -0.00615153415129, 0.0019132529851, -0.00162311713211, 0.000897548918147], [0.000132988614496, 0.000369706831407, 0.000360346428351, -0.000842174747959, 0.000456655601738, 0.00160875788424, -0.00132713303901, -4.43324315711e-05, -0.00615153415129, 0.0166351925582, -0.00778065575287, 2.13573803194e-05, 0.000362266058801], [2.45765804721e-05, -0.000332853145665, -0.00114549009595, 0.0020592699293, -0.000361827580491, -0.000967694737483, -0.000921450904571, 0.000463780976133, 0.0019132529851, -0.00778065575287, 0.018709756434, -0.00835073459893, 0.00309990672395], [0.000303962238831, 0.00052715028869, 0.000160381416208, -0.00162364903372, 0.00222226115875, 0.000899549340829, -5.69867697777e-05, 0.00024835151271, -0.00162311713211, 2.13573803194e-05, -0.00835073459893, 0.0204399228096, -0.00664275512099], [0.00046187810949, 0.000637811783236, -0.000672304304317, 0.000168496801052, -0.00148817105219, 0.000879429397173, 0.00111803296022, -0.000923280080315, 0.000897548918147, 0.000362266058801, 0.00309990672395, -0.00664275512099, 0.0150980958715]]}, "spectral_contrast_coeffs": {"dmean": [0.0521792285144, 0.043977893889, 0.0329822190106, 0.0251013934612, 0.0206028595567, 0.0227792877704], "dmean2": [0.0856706574559, 0.0730964168906, 0.0522104166448, 0.0387326329947, 0.0316114537418, 0.0338757522404], "dvar": [0.00209379242733, 0.00140543258749, 0.000876142643392, 0.000499773304909, 0.000353425421054, 0.000559523934498], "dvar2": [0.00530261965469, 0.003811259754, 0.00202945736237, 0.00109438016079, 0.000762249575928, 0.00116656743921], "max": [-0.257109582424, -0.344263851643, -0.415457189083, -0.593824207783, -0.62468868494, -0.569856524467], "mean": [-0.590382993221, -0.707764267921, -0.753809034824, -0.806062698364, -0.817159175873, -0.773114323616], "median": [-0.56991904974, -0.718031525612, -0.760247945786, -0.813232839108, -0.820508182049, -0.765342235565], "min": [-0.974405229092, -0.96162378788, -0.970674991608, -0.98596394062, -0.965454936028, -0.958877921104], "var": [0.0203298311681, 0.00774266989902, 0.00658354070038, 0.00397563446313, 0.00286492961459, 0.00306359794922]}, "spectral_contrast_valleys": {"dmean": [0.444996833801, 0.385492682457, 0.363088071346, 0.348641574383, 0.35222235322, 0.506122171879], "dmean2": [0.731484055519, 0.614620983601, 0.564664185047, 0.496138960123, 0.448831617832, 0.612007379532], "dvar": [0.211077407002, 0.177320644259, 0.169109687209, 0.163464471698, 0.184963420033, 0.363611847162], "dvar2": [0.43818935751