{"lowlevel": {"average_loudness": 0.899289906025, "barkbands_crest": {"dmean": 2.99745821953, "dmean2": 4.83202838898, "dvar": 8.41566848755, "dvar2": 20.8122558594, "max": 26.6420879364, "mean": 14.1268892288, "median": 13.2606534958, "min": 2.58700966835, "var": 33.9584732056}, "barkbands_flatness_db": {"dmean": 0.0297130979598, "dmean2": 0.0450998842716, "dvar": 0.00087717740098, "dvar2": 0.00191485579126, "max": 0.639654159546, "mean": 0.18473225832, "median": 0.167031228542, "min": 0.0160128045827, "var": 0.00864676199853}, "barkbands_kurtosis": {"dmean": 9.48089790344, "dmean2": 14.8897790909, "dvar": 664.134216309, "dvar2": 1726.05078125, "max": 1589.49682617, "mean": 16.9269790649, "median": 9.48436355591, "min": -1.82686316967, "var": 1085.98388672}, "barkbands_skewness": {"dmean": 0.920069158077, "dmean2": 1.39886581898, "dvar": 1.04164218903, "dvar2": 2.46388053894, "max": 35.1639633179, "mean": 3.1234972477, "median": 2.86480236053, "min": -4.60584163666, "var": 3.86070132256}, "barkbands_spread": {"dmean": 5.5026102066, "dmean2": 8.59604072571, "dvar": 47.5794258118, "dvar2": 117.084541321, "max": 104.285118103, "mean": 14.8017549515, "median": 11.9665193558, "min": 0.161890342832, "var": 139.142684937}, "dissonance": {"dmean": 0.0160198826343, "dmean2": 0.0269608702511, "dvar": 0.00030544603942, "dvar2": 0.000811823352706, "max": 0.500000119209, "mean": 0.463821023703, "median": 0.474497616291, "min": 0.167646095157, "var": 0.00142282166053}, "dynamic_complexity": 3.94832921028, "erbbands_crest": {"dmean": 1.96575975418, "dmean2": 3.2031545639, "dvar": 3.55587172508, "dvar2": 8.82219219208, "max": 28.3876171112, "mean": 7.63996505737, "median": 6.44025754929, "min": 2.38731455803, "var": 16.3461380005}, "erbbands_flatness_db": {"dmean": 0.0172537267208, "dmean2": 0.0242511387914, "dvar": 0.000305930385366, "dvar2": 0.000590935116634, "max": 0.453210145235, "mean": 0.138776093721, "median": 0.119773216546, "min": 0.0421142168343, "var": 0.00400673272088}, "erbbands_kurtosis": {"dmean": 0.901773869991, "dmean2": 1.36755692959, "dvar": 6.28846359253, "dvar2": 13.171628952, "max": 112.258140564, "mean": 0.660218775272, "median": -0.738447904587, "min": -1.75443720818, "var": 33.8320045471}, "erbbands_skewness": {"dmean": 0.364372432232, "dmean2": 0.562393605709, "dvar": 0.124990589917, "dvar2": 0.291680365801, "max": 8.10057067871, "mean": 0.295268416405, "median": 0.143309012055, "min": -2.89674520493, "var": 0.862632274628}, "erbbands_spread": {"dmean": 8.89034938812, "dmean2": 13.8062620163, "dvar": 80.7328491211, "dvar2": 188.857971191, "max": 136.037963867, "mean": 50.7155761719, "median": 52.9094390869, "min": 0.815031290054, "var": 446.292755127}, "hfc": {"dmean": 7.87364959717, "dmean2": 11.7002925873, "dvar": 152.922195435, "dvar2": 387.093139648, "max": 232.874237061, "mean": 17.2357158661, "median": 13.6194114685, "min": 1.14413266518e-16, "var": 236.957092285}, "melbands_crest": {"dmean": 3.3354344368, "dmean2": 5.43874597549, "dvar": 10.5823068619, "dvar2": 27.1238517761, "max": 37.9259109497, "mean": 18.4402332306, "median": 19.1275577545, "min": 1.74655556679, "var": 31.1615352631}, "melbands_flatness_db": {"dmean": 0.0349606610835, "dmean2": 0.0531847476959, "dvar": 0.0012142927153, "dvar2": 0.00270024407655, "max": 0.800905048847, "mean": 0.283860206604, "median": 0.267437249422, "min": 0.00495799910277, "var": 0.0126141645014}, "melbands_kurtosis": {"dmean": 20.9334316254, "dmean2": 32.8902854919, "dvar": 994.883056641, "dvar2": 2443.47875977, "max": 1284.68017578, "mean": 42.3541679382, "median": 28.9316978455, "min": -1.58187663555, "var": 2111.19116211}, "melbands_skewness": {"dmean": 1.23143267632, "dmean2": 1.89508736134, "dvar": 1.59397256374, "dvar2": 3.81830525398, "max": 27.9399642944, "mean": 4.80069494247, "median": 4.53769445419, "min": -1.03777980804, "var": 6.26301527023}, "melbands_spread": {"dmean": 4.8980679512, "dmean2": 7.60901594162, "dvar": 54.1520576477, "dvar2": 132.181564331, "max": 143.727890015, "mean": 11.8286294937, "median": 7.51607036591, "min": 0.205878376961, "var": 186.302246094}, "pitch_salience": {"dmean": 0.0943776965141, "dmean2": 0.152930796146, "dvar": 0.00824788585305, "dvar2": 0.0211797207594, "max": 0.873351216316, "mean": 0.456454187632, "median": 0.465450763702, "min": 0.0488071031868, "var": 0.026321940124}, "silence_rate_20dB": {"dmean": 0, "dmean2": 0, "dvar": 0, "dvar2": 0, "max": 1, "mean": 1, "median": 1, "min": 1, "var": 0}, "silence_rate_30dB": {"dmean": 0.0992605835199, "dmean2": 0.198543414474, "dvar": 0.0894028842449, "dvar2": 0.187812536955, "max": 1, "mean": 0.853030145168, "median": 1, "min": 0, "var": 0.12537369132}, "silence_rate_60dB": {"dmean": 0.00963477510959, "dmean2": 0.0192717090249, "dvar": 0.00954081024975, "dvar2": 0.021137688309, "max": 1, "mean": 0.110339418054, "median": 0, "min": 0, "var": 0.0981474518776}, "spectral_centroid": {"dmean": 272.336334229, "dmean2": 424.061187744, "dvar": 91218.046875, "dvar2": 206892.140625, "max": 11588.9853516, "mean": 1116.50036621, "median": 1047.35827637, "min": 109.176826477, "var": 430838.0625}, "spectral_complexity": {"dmean": 4.66099023819, "dmean2": 6.40134477615, "dvar": 24.5169963837, "dvar2": 45.5607833862, "max": 56, "mean": 18.0678844452, "median": 17, "min": 0, "var": 111.813827515}, "spectral_decrease": {"dmean": 5.57652324318e-09, "dmean2": 8.82951134429e-09, "dvar": 5.9349811904e-17, "dvar2": 1.47962785721e-16, "max": 3.06739813133e-17, "mean": -1.41285063648e-08, "median": -1.15717133653e-08, "min": -7.31495219952e-08, "var": 1.41548641963e-16}, "spectral_energy": {"dmean": 0.0215216521174, "dmean2": 0.0339944809675, "dvar": 0.000870206218679, "dvar2": 0.00216631125659, "max": 0.279184520245, "mean": 0.0548876971006, "median": 0.0452650152147, "min": 1.04873375026e-20, "var": 0.00208876328543}, "spectral_energyband_high": {"dmean": 0.000435311201727, "dmean2": 0.00069726142101, "dvar": 1.01589398582e-06, "dvar2": 2.75757975032e-06, "max": 0.0240195821971, "mean": 0.000647405686323, "median": 0.000320598657709, "min": 7.44350106433e-21, "var": 1.00200929865e-06}, "spectral_energyband_low": {"dmean": 0.0181238539517, "dmean2": 0.0292137265205, "dvar": 0.000746889156289, "dvar2": 0.00189591164235, "max": 0.259516626596, "mean": 0.0411618463695, "median": 0.0298864226788, "min": 2.18689787194e-23, "var": 0.00166158401407}, "spectral_energyband_middle_high": {"dmean": 0.00162323587574, "dmean2": 0.00232053105719, "dvar": 5.68941686652e-06, "dvar2": 1.24530834e-05, "max": 0.0401737764478, "mean": 0.00317677576095, "median": 0.00212996429764, "min": 1.36882972618e-21, "var": 1.10900991785e-05}, "spectral_energyband_middle_low": {"dmean": 0.0072275493294, "dmean2": 0.0120984651148, "dvar": 0.000179517417564, "dvar2": 0.000470506725833, "max": 0.20945726335, "mean": 0.0113640651107, "median": 0.00750965951011, "min": 2.29219073416e-22, "var": 0.000196155553567}, "spectral_entropy": {"dmean": 0.181264191866, "dmean2": 0.281832516193, "dvar": 0.0429192334414, "dvar2": 0.0972653701901, "max": 9.81496334076, "mean": 7.32368707657, "median": 7.52289581299, "min": 3.37188506126, "var": 0.578622341156}, "spectral_flux": {"dmean": 0.038066778332, "dmean2": 0.0604318827391, "dvar": 0.00235158158466, "dvar2": 0.00500632822514, "max": 0.461989969015, "mean": 0.101951055229, "median": 0.0859725996852, "min": 6.86355972057e-11, "var": 0.00529811671004}, "spectral_kurtosis": {"dmean": 2.41083359718, "dmean2": 4.01814174652, "dvar": 24.6389961243, "dvar2": 68.020866394, "max": 188.605834961, "mean": 8.72623825073, "median": 3.98786592484, "min": -1.31236469746, "var": 287.194580078}, "spectral_rms": {"dmean": 0.00132709916215, "dmean2": 0.00203992356546, "dvar": 2.40395047513e-06, "dvar2": 5.71662349103e-06, "max": 0.0165037922561, "mean": 0.00653101177886, "median": 0.00664537353441, "min": 3.19867916876e-12, "var": 1.08948388515e-05}, "spectral_rolloff": {"dmean": 318.158905029, "dmean2": 534.349487305, "dvar": 507694.0625, "dvar2": 1268657.5, "max": 19616.7480469, "mean": 655.768310547, "median": 279.931640625, "min": 21.533203125, "var": 1522646.875}, "spectral_skewness": {"dmean": 0.252904951572, "dmean2": 0.411390662193, "dvar": 0.0934525206685, "dvar2": 0.242482021451, "max": 11.3559265137, "mean": 1.881498456, "median": 1.50354516506, "min": -0.044809229672, "var": 1.97497296333}, "spectral_spread": {"dmean": 673620.5, "dmean2": 997756.25, "dvar": 881641324544, "dvar2": 1869455032320.0, "max": 47865208, "mean": 4469253.5, "median": 4421256.5, "min": 518121.28125, "var": 3508312211460.0}, "spectral_strongpeak": {"dmean": 0.250153332949, "dmean2": 0.416543602943, "dvar": 0.190875887871, "dvar2": 0.454761356115, "max": 11.5118398666, "mean": 0.569918096066, "median": 0.488291084766, "min": 0, "var": 0.283373206854}, "zerocrossingrate": {"dmean": 0.00843589846045, "dmean2": 0.0105317207053, "dvar": 0.000104133432615, "dvar2": 0.000140055388329, "max": 0.65673828125, "mean": 0.0363896712661, "median": 0.02978515625, "min": 0.00244140625, "var": 0.00117562152445}, "barkbands": {"dmean": [0.00137579999864, 0.0117847695947, 0.00903035979718, 0.00257699307986, 0.00295526743867, 0.0013330684742, 0.00127778272144, 0.00040761163109, 0.000481611205032, 0.000295821664622, 0.000242086185608, 0.000207042088732, 0.000121265846246, 0.000149706102093, 0.000219059904339, 0.000203896663152, 0.00021556430147, 0.000324927852489, 0.000155151603394, 0.000156383975991, 8.3573286247e-05, 9.78590542218e-05, 8.06746611488e-05, 4.79553709738e-05, 4.37347443949e-05, 3.19561549986e-05, 1.53057608259e-05], "dmean2": [0.00241660908796, 0.0182444360107, 0.0153230112046, 0.00448650820181, 0.00496246060356, 0.00222782976925, 0.00227687670849, 0.00069999176776, 0.000723914941773, 0.000461629970232, 0.000373137299903, 0.000333974167006, 0.00019403132319, 0.000235555678955, 0.00036248008837, 0.000324855849613, 0.000332501687808, 0.000500448048115, 0.000247041200055, 0.000245885516051, 0.000138303774293, 0.000166181402165, 0.000138046758366, 8.0423320469e-05, 7.18414012226e-05, 5.02332113683e-05, 2.3544220312e-05], "dvar": [1.14269432743e-05, 0.000314815028105, 0.000320757651934, 2.83607387246e-05, 3.79062730644e-05, 6.04980732533e-06, 1.05801609607e-05, 8.24433982416e-07, 5.75898184252e-07, 2.69789836693e-07, 2.41165395209e-07, 1.70356173612e-07, 4.34831441964e-08, 7.14290777637e-08, 4.58580643681e-07, 1.21172647027e-07, 1.49239241409e-07, 3.75013655685e-07, 8.50075778658e-08, 1.10643910034e-07, 3.31599530057e-08, 9.90674635659e-08, 8.43060092848e-08, 2.23260041565e-08, 1.46787888511e-08, 5.22375120937e-09, 1.3920121722e-09], "dvar2": [3.11749972752e-05, 0.00078383233631, 0.000851591466926, 7.56104927859e-05, 9.52997506829e-05, 1.62560045283e-05, 2.99380008073e-05, 2.25146982302e-06, 1.18376374303e-06, 5.95686003635e-07, 5.17574676451e-07, 4.19792343109e-07, 1.07347197797e-07, 1.65574590483e-07, 1.2845529227e-06, 2.81318193629e-07, 3.54869712282e-07, 8.43711063681e-07, 2.16641367956e-07, 2.80004172737e-07, 8.94989895528e-08, 2.74621015706e-07, 2.40674864926e-07, 6.31551912988e-08, 4.05934805769e-08, 1.26601582551e-08, 3.16792503341e-09], "max": [0.0508014559746, 0.218050807714, 0.175284400582, 0.0746220648289, 0.144466534257, 0.0633904635906, 0.0341729335487, 0.0114393997937, 0.0117762889713, 0.0107121113688, 0.01194324065, 0.0060087335296, 0.0037514839787, 0.00497134402394, 0.0216987002641, 0.00682555465028, 0.00600250670686, 0.0133202876896, 0.00769580900669, 0.00924013834447, 0.00306734582409, 0.00808501522988, 0.0100326836109, 0.00351836718619, 0.00407314579934, 0.00132272113115, 0.000544874579646], "mean": [0.00153866014443, 0.0272330064327, 0.0109635405242, 0.00297159841284, 0.00391724519432, 0.0020291081164, 0.00119508733042, 0.000411823915783, 0.00076825049473, 0.000399907061365, 0.000383871985832, 0.000261186331045, 0.000169612612808, 0.00020637633861, 0.000284614681732, 0.000321276078466, 0.000310648058075, 0.000523134716786, 0.000271682889434, 0.000215388688957, 0.000134689558763, 0.000120515680464, 9.8141565104e-05, 5.76251914026e-05, 5.01019057992e-05, 3.51092785422e-05, 1.55034613272e-05], "median": [0.000322117033647, 0.0138805964962, 0.00382680329494, 0.00105897185858, 0.00224257982336, 0.00116225122474, 0.000437440437963, 0.000158514463692, 0.000367298576748, 0.000185866345419, 0.00012254367175, 9.81555567705e-05, 8.41881774249e-05, 9.64443897828e-05, 0.000151656102389, 0.000205123011256, 0.000154061723151, 0.000263583788183, 0.000184135191375, 9.14986449061e-05, 8.31419602036e-05, 4.42680538981e-05, 3.45780863427e-05, 2.08565270441e-05, 1.51936292241e-05, 6.41978840576e-06, 1.35285927172e-06], "min": [1.03651609502e-24, 1.05472927616e-23, 2.23501886047e-24, 4.64039065571e-24, 2.51820967026e-23, 7.67812518548e-24, 2.53592527738e-23, 2.56598229781e-23, 2.61089735563e-23, 6.35598357982e-23, 1.52097289241e-23, 3.39713482503e-23, 4.9337071263e-23, 4.05426637204e-23, 7.75262205392e-23, 8.60741342925e-23, 1.19389528923e-22, 1.83245547281e-22, 1.9764672691e-22, 2.49612856999e-22, 3.03982008868e-22, 4.01801594152e-22, 5.01596689092e-22, 6.94049669398e-22, 9.65432260104e-22, 1.52391427705e-21, 2.15317577218e-21], "var": [1.45812273331e-05, 0.00105354236439, 0.000353218812961, 3.53847935912e-05, 3.86752981285e-05, 7.68900918047e-06, 7.10562062523e-06, 6.40848668354e-07, 1.28888575546e-06, 3.96955414317e-07, 5.91713899212e-07, 2.16047112644e-07, 6.27996925573e-08, 1.0606915879e-07, 3.38510886877e-07, 1.86006346325e-07, 2.11679704876e-07, 5.99467284701e-07, 1.1766800867e-07, 1.29859387243e-07, 3.63614987009e-08, 7.7899287021e-08, 5.99831793124e-08, 1.66239129129e-08, 1.1823729551e-08, 6.21460216621e-09, 1.72881176042e-09]}, "erbbands": {"dmean": [0.296331048012, 2.93267846107, 9.29987430573, 9.45016670227, 9.98091506958, 9.2400560379, 8.727684021, 14.197271347, 19.3358039856, 13.1004905701, 7.06061506271, 11.0405244827, 9.29651832581, 10.9106473923, 9.36174297333, 7.40103721619, 5.81715011597, 6.37296724319, 11.1061544418, 8.41187286377, 12.2200899124, 11.924115181, 18.1256656647, 10.8362998962, 6.77168989182, 7.87065696716, 4.40175199509, 2.94422674179, 3.49153089523, 3.29203391075, 2.01204180717, 1.19564557076, 0.757058799267, 0.546560943127, 0.273980826139, 0.131283774972, 0.0609151385725, 0.017476990819, 0.00253785634413, 0.000157223650604], "dmean2": [0.455639839172, 4.56125020981, 15.6933526993, 16.1893749237, 17.2496013641, 15.7130289078, 13.8192310333, 24.1160335541, 34.2991485596, 23.2835979462, 11.5798683167, 16.5584602356, 14.596364975, 16.3867816925, 14.9205093384, 11.7943286896, 9.17913818359, 9.79825592041, 18.2409801483, 13.2012166977, 19.3830184937, 18.061460495, 27.8424034119, 16.4106521606, 10.9882507324, 12.3347454071, 7.11727333069, 4.88815593719, 5.97928285599, 5.60960435867, 3.41795134544, 2.01422214508, 1.27317404747, 0.911180734634, 0.449106663465, 0.209197029471, 0.0959621071815, 0.0273297913373, 0.00392363173887, 0.000237926054979], "dvar": [0.305988252163, 18.2844924927, 295.7918396, 381.848144531, 595.946533203, 386.061218262, 170.997131348, 821.173706055, 2295.14501953, 1203.27880859, 174.442138672, 348.533447266, 239.759750366, 409.334197998, 381.29119873, 225.56463623, 96.4277648926, 139.502792358, 953.443969727, 323.214447021, 465.738525391, 437.286743164, 1179.34472656, 354.639068604, 211.327026367, 251.077133179, 73.7526092529, 48.5857200623, 121.670341492, 206.949676514, 32.18309021, 13.5460367203, 5.54377698898, 3.3274576664, 0.481489062309, 0.0915845111012, 0.01949766092, 0.00160676415544, 3.78893637389e-05, 1.36826074026e-07], "dvar2": [0.757981717587, 46.3971481323, 784.291137695, 1006.02185059, 1478.05444336, 1036.4708252, 419.345184326, 2225.6862793, 6507.01611328, 3382.7434082, 464.289855957, 705.255554199, 577.351257324, 781.711120605, 933.810852051, 556.365966797, 234.984344482, 314.508239746, 2664.01928711, 821.669555664, 1091.39013672, 1016.81750488, 2730.12060547, 802.183288574, 567.409057617, 606.397338867, 194.121337891, 131.406311035, 336.79006958, 596.479492188, 89.5082244873, 37.9979438782, 15.7530479431, 9.44584751129, 1.31165874004, 0.229867681861, 0.0471654571593, 0.00374412466772, 8.70697185746e-05, 3.070051946e-07], "max": [9.078997612, 50.3606719971, 171.663742065, 330.369293213, 720.825866699, 423.346405029, 249.116867065, 771.378723145, 468.042663574, 594.671813965, 162.014907837, 330.953826904, 284.383270264, 548.297424316, 484.012054443, 255.497055054, 180.018753052, 271.480682373, 1088.56481934, 405.187866211, 469.78225708, 318.350860596, 913.081420898, 367.204711914, 450.635345459, 303.505584717, 145.424926758, 143.46421814, 233.319564819, 627.145080566, 123.048164368, 77.6424179077, 63.4400978088, 78.1960449219, 11.5966539383, 7.0523481369, 2.1581838131, 0.571090459824, 0.0924796760082, 0.0054718721658], "mean": [0.630770921707, 6.68024873734, 13.2798957825, 12.0860004425, 10.7562770844, 11.7597026825, 15.9891080856, 19.0005645752, 19.0569095612, 12.2468290329, 8.750664711, 16.8460998535, 14.1595993042, 17.8554210663, 13.0583744049, 9.75302696228, 8.36947822571, 9.32446956635, 15.2960510254, 12.0517635345, 20.1435890198, 18.0969924927, 29.3827323914, 18.1902484894, 12.1013965607, 11.0048322678, 7.44090938568, 4.31248617172, 4.27572584152, 3.90852284431, 2.49970030785, 1.42603504658, 0.902256786823, 0.620183587074, 0.30705973506, 0.149129971862, 0.0656353756785, 0.0182151459157, 0.00258053978905, 0.000201376533369], "median": [0.260814726353, 3.54772591591, 7.67600107193, 4.83911514282, 4.82083797455, 6.56530714035, 10.0187778473, 9.71956634521, 7.79889822006, 4.75764226913, 4.26534748077, 7.54178333282, 7.40045022964, 6.86182355881, 5.85965919495, 3.9013376236, 4.19339323044, 4.76635074615, 8.95175933838, 6.50603342056, 13.4528894424, 9.13836097717, 16.0749549866, 10.0567378998, 9.02990627289, 4.69423151016, 4.71744155884, 2.01876854897, 1.58072447777, 1.35580337048, 0.897011041641, 0.526383519173, 0.313715308905, 0.194267913699, 0.0843566507101, 0.0331666618586, 0.0109234536067, 0.00234544067644, 0.000253680016613, 7.67177771195e-05], "min": [1.23233490342e-22, 1.82785125143e-21, 3.59211985951e-21, 1.43867064921e-20, 2.92933283109e-20, 4.16589546855e-20, 7.44031448027e-20, 7.75707166362e-20, 3.83737590614e-19, 4.74426958788e-19, 7.66223191672e-19, 7.37744345459e-19, 8.82603678148e-19, 7.38941379203e-19, 1.37236884024e-18, 1.84139937611e-18, 2.80282912733e-18, 2.32783720419e-18, 4.53178922239e-18, 6.48386391689e-18, 5.63331793358e-18, 6.73753829048e-18, 1.11759040801e-17, 1.09608081695e-17, 9.98390455739e-18, 9.47702813035e-18, 1.08948661583e-17, 1.40399582213e-17, 1.47837143603e-17, 1.42819763792e-17, 1.36392686238e-17, 1.42294371755e-17, 1.08677718573e-17, 1.0813361571e-17, 6.97735283931e-18, 6.14203028798e-18, 2.75313418408e-18, 1.12422758117e-18, 3.13892036503e-19, 3.11765633029e-20], "var": [0.720950424671, 61.1343612671, 335.320861816, 485.556671143, 544.828063965, 354.723297119, 385.112182617, 883.878295898, 1562.31530762, 808.031005859, 169.238037109, 752.908508301, 402.90737915, 1138.93652344, 487.20993042, 292.035217285, 145.362838745, 211.169631958, 741.654785156, 362.193054199, 718.265869141, 653.526184082, 1800.58544922, 590.050231934, 241.557937622, 321.315826416, 99.75025177, 48.4017791748, 96.0258178711, 135.777938843, 27.0013904572, 10.1251144409, 4.12022256851, 2.34746527672, 0.418892651796, 0.103511452675, 0.0228294320405, 0.00198257784359, 4.61347881355e-05, 1.74155076138e-07]}, "gfcc": {"mean": [-25.034078598, 106.672851562, -86.5878829956, 44.0702972412, -37.984577179, 6.23650550842, -27.6111373901, 11.4463825226, -17.2025241852, -1.30318522453, -12.2957706451, 2.78418302536, -7.08210849762], "cov": [[22439.921875, -2986.34960938, -2356.36352539, 1422.68481445, -11.3696508408, 590.280395508, -424.461914062, 489.32522583, -415.686645508, 210.765869141, -127.864509583, 472.762786865, -135.808609009], [-2986.34960938, 1556.62878418, 212.218063354, -147.124435425, 159.397735596, -169.706268311, 142.647094727, -80.0633087158, 106.363891602, -90.2095565796, 108.918289185, -142.885284424, 86.1578140259], [-2356.36352539, 212.218063354, 1317.93896484, -199.914382935, 48.8348731995, 97.3867950439, -6.33516645432, -82.1707382202, 116.159263611, 56.6330490112, -8.56698608398, -3.93336796761, -40.4298248291], [1422.68481445, -147.124435425, -199.914382935, 418.406799316, 72.8171386719, 110.95765686, -10.0896968842, 32.4479942322, -6.66495847702, 29.7917919159, 33.3741607666, 19.5876865387, 35.3617935181], [-11.3696508408, 159.397735596, 48.8348731995, 72.8171386719, 258.017547607, 15.5364456177, 71.9712524414, 47.6843795776, 19.7944355011, 3.10074853897, 28.1171875, -11.4480457306, 18.163728714], [590.280395508, -169.706268311, 97.3867950439, 110.95765686, 15.5364456177, 200.451782227, 19.9559268951, 26.683221817, 12.3735532761, 25.4400215149, 7.74500751495, 32.5254821777, -4.6774520874], [-424.461914062, 142.647094727, -6.33516645432, -10.0896968842, 71.9712524414, 19.9559268951, 144.164474487, 45.7882614136, 33.7350959778, -13.40736866, 20.0827941895, -12.4227781296, 13.3776330948], [489.32522583, -80.0633087158, -82.1707382202, 32.4479942322, 47.6843795776, 26.683221817, 45.7882614136, 114.204910278, 25.0095062256, 12.9347763062, 7.59415769577, 20.3508281708, 11.868853569], [-415.686645508, 106.363891602, 116.159263611, -6.66495847702, 19.7944355011, 12.3735532761, 33.7350959778, 25.0095062256, 93.2609863281, 32.6862297058, 26.372467041, -1.77115833759, 14.4385280609], [210.765869141, -90.2095565796, 56.6330490112, 29.7917919159, 3.10074853897, 25.4400215149, -13.40736866, 12.9347763062, 32.6862297058, 80.8081283569, 28.6272239685, 22.7351131439, -0.965927302837], [-127.864509583, 108.918289185, -8.56698608398, 33.3741607666, 28.1171875, 7.74500751495, 20.0827941895, 7.59415769577, 26.372467041, 28.6272239685, 72.3979568481, 19.1573104858, 24.4609222412], [472.762786865, -142.885284424, -3.93336796761, 19.5876865387, -11.4480457306, 32.5254821777, -12.4227781296, 20.3508281708, -1.77115833759, 22.7351131439, 19.1573104858, 71.8785629272, 18.4994049072], [-135.808609009, 86.1578140259, -40.4298248291, 35.3617935181, 18.163728714, -4.6774520874, 13.3776330948, 11.868853569, 14.4385280609, -0.965927302837, 24.4609222412, 18.4994049072, 68.9654693604]], "icov": [[0.000123349193018, -3.07961563522e-05, 0.000187105120858, -0.000269436364761, -7.58959358791e-05, -0.000174834305653, 0.000310014060233, -0.000364986539353, 0.000226090109209, -0.000257094361586, 0.00044595322106, -0.000732623971999, 0.000527438183781], [-3.07961563522e-05, 0.00187460146844, -0.000301501218928, 0.000510248937644, -0.000579033337999, 0.000757222645916, -0.000530169345438, 0.00120761641301, -0.00143445306458, 0.00257027312182, -0.00373168988153, 0.00357677834108, -0.0020416281186], [0.000187105120858, -0.000301501218928, 0.00162254006136, 0.000396847986849, -0.000835003273096, -0.00145096494816, 0.000950401765294, 0.000862827291712, -0.00142000149935, -0.00114255142398, 0.00193104380742, -0.00195496063679, 0.00140226108488], [-0.000269436364761, 0.000510248937644, 0.000396847986849, 0.00474309548736, -0.00131465075538, -0.00227550137788, 0.000781204667874, 0.00123423628975, -0.000655362382531, 3.7533678551e-05, -0.00254518631846, 0.00366822420619, -0.00348292337731], [-7.58959358791e-05, -0.000579033337999, -0.000835003273096, -0.00131465075538, 0.00582467624918, 0.000782718183473, -0.00228341110051, -0.00247030123137, 0.00193671148736, -0.000611550582107, -0.000874083139934, 0.00107673776802, -0.000247257761657], [-0.000174834305653, 0.000757222645916, -0.00145096494816, -0.00227550137788, 0.000782718183473, 0.00851270277053, -0.00287594064139, -9.60847100941e-05, -0.000354578049155, 0.000877093058079, -0.00114626577124, -0.00118325173389, 0.000781960028689], [0.000310014060233, -0.000530169345438, 0.000950401765294, 0.000781204667874, -0.00228341110051, -0.00287594064139, 0.0123044131324, -0.00441975984722, -0.002299440559, 0.00275514647365, -0.00135215604678, 0.000196424050955, 0.00115652661771], [-0.000364986539353, 0.00120761641301, 0.000862827291712, 0.00123423628975, -0.00247030123137, -9.60847100941e-05, -0.00441975984722, 0.0159278158098, -0.00620608357713, 0.000639258883893, 0.000638480472844, -0.00106347829569, -0.00222710310481], [0.000226090109209, -0.00143445306458, -0.00142000149935, -0.000655362382531, 0.00193671148736, -0.000354578049155, -0.002299440559, -0.00620608357713, 0.0208825096488, -0.00905614998192, -0.000502687238622, 0.00162803649437, -0.00203637196682], [-0.000257094361586, 0.00257027312182, -0.00114255142398, 3.7533678551e-05, -0.000611550582107, 0.000877093058079, 0.00275514647365, 0.000639258883893, -0.00905614998192, 0.0244518406689, -0.0124056395143, 0.0015169515973, 0.00140139227733], [0.00044595322106, -0.00373168988153, 0.00193104380742, -0.00254518631846, -0.000874083139934, -0.00114626577124, -0.00135215604678, 0.000638480472844, -0.000502687238622, -0.0124056395143, 0.0308648589998, -0.0141768492758, 0.00106913992204], [-0.000732623971999, 0.00357677834108, -0.00195496063679, 0.00366822420619, 0.00107673776802, -0.00118325173389, 0.000196424050955, -0.00106347829569, 0.00162803649437, 0.0015169515973, -0.0141768492758, 0.0325041525066, -0.0131672443822], [0.000527438183781, -0.0020416281186, 0.00140226108488, -0.00348292337731, -0.000247257761657, 0.000781960028689, 0.00115652661771, -0.00222710310481, -0.00203637196682, 0.00140139227733, 0.00106913992204, -0.0131672443822, 0.0245730020106]]}, "melbands": {"dmean": [0.00299548939802, 0.00429689185694, 0.0016141255619, 0.000702132063452, 0.000323703658069, 0.000296042038826, 0.000288028793875, 0.00013115319598, 5.57156199648e-05, 7.06960490788e-05, 4.65906596219e-05, 4.52024396509e-05, 3.0781247915e-05, 2.56227267528e-05, 1.483856704e-05, 1.29870113597e-05, 1.19916930998e-05, 1.74379892997e-05, 1.62450924108e-05, 1.13245623652e-05, 1.44665536936e-05, 1.15265875138e-05, 1.54783519974e-05, 1.79130183824e-05, 8.42560712044e-06, 5.93800405113e-06, 4.35781703345e-06, 5.90432091485e-06, 3.12599354402e-06, 2.02500132218e-06, 1.74919000528e-06, 1.99251553568e-06, 2.00556291929e-06, 1.81417021849e-06, 1.20369929846e-06, 1.00023703453e-06, 6.47895774364e-07, 5.80496987368e-07, 4.60693655668e-07, 4.76092282042e-07], "dmean2": [0.00457010231912, 0.00714308675379, 0.00274579366669, 0.00119572959375, 0.000520010071341, 0.000502315640915, 0.000510963611305, 0.000231678510318, 8.85172557901e-05, 0.000106474290078, 7.33203196432e-05, 6.82633763063e-05, 4.8625159252e-05, 4.15054710174e-05, 2.37694894167e-05, 2.05460928555e-05, 1.85860808415e-05, 2.86178856186e-05, 2.6875804906e-05, 1.76130106411e-05, 2.30782334256e-05, 1.77779038495e-05, 2.40319732256e-05, 2.79342057183e-05, 1.28991150632e-05, 9.59502176556e-06, 7.16216345609e-06, 9.25512449612e-06, 5.11260350322e-06, 3.30735792886e-06, 2.97434803542e-06, 3.42168050338e-06, 3.47551463165e-06, 3.11418307319e-06, 2.04433445106e-06, 1.72291993294e-06, 1.08843426005e-06, 9.89721115729e-07, 7.68751021951e-07, 7.99694646503e-07], "dvar": [2.30411224038e-05, 4.92543258588e-05, 1.00320303318e-05, 2.3891670935e-06, 2.57387426927e-07, 3.4765014334e-07, 5.15335045748e-07, 1.14279934849e-07, 9.20532450266e-09, 1.31026069994e-08, 6.16432016542e-09, 6.83227252551e-09, 3.78238951271e-09, 2.75384470783e-09, 8.2206058627e-10, 5.23505183647e-10, 5.37977884463e-10, 1.89501325742e-09, 2.60615728997e-09, 3.70553560058e-10, 6.65385579968e-10, 4.38171693373e-10, 7.66106122985e-10, 1.31607214016e-09, 2.25728075121e-10, 1.22384102852e-10, 2.13200707089e-10, 1.46276754598e-10, 3.56903707976e-11, 1.69136267492e-11, 2.2834399302e-11, 3.46218019531e-11, 5.51789100522e-11, 7.32802915571e-11, 9.96415623622e-12, 1.16200677552e-11, 3.55398414691e-12, 4.32036351139e-12, 1.47590013128e-12, 3.18112636927e-12], "dvar2": [5.57841121918e-05, 0.000131023509311, 2.61235381913e-05, 6.04477327215e-06, 6.57174609842e-07, 9.44848522977e-07, 1.45964645526e-06, 3.19769497992e-07, 2.30497363418e-08, 2.72653402078e-08, 1.48039900338e-08, 1.32487976146e-08, 9.01935681696e-09, 6.81224676669e-09, 1.98265204254e-09, 1.2700519525e-09, 1.19723797543e-09, 5.20379828117e-09, 7.27691151781e-09, 8.39683100828e-10, 1.56055768308e-09, 1.04589947814e-09, 1.77710679505e-09, 3.00041258505e-09, 5.26442112125e-10, 3.17398496374e-10, 5.98063487622e-10, 3.4345243316e-10, 9.40965430574e-11, 4.44584438708e-11, 6.23141330203e-11, 9.51008022332e-11, 1.55520873957e-10, 2.12915407527e-10, 2.74962032309e-11, 3.29296659385e-11, 9.93069602245e-12, 1.24183944378e-11, 4.10333572676e-12, 9.10583587699e-12], "max": [0.0702141597867, 0.0694815143943, 0.0460376963019, 0.0355848520994, 0.0102544249967, 0.0150682833046, 0.00711647421122, 0.00564329093322, 0.00117108447012, 0.00183792063035, 0.00142088287976, 0.00204194942489, 0.00149566482287, 0.000779212394264, 0.000478449452203, 0.000487586017698, 0.000601093284786, 0.0014626813354, 0.00131188565865, 0.000297257298371, 0.000570358359255, 0.000405400962336, 0.000490391161293, 0.000725293066353, 0.000333111151122, 0.000256735394942, 0.000625205400866, 0.000279515195871, 0.000107993764686, 6.93701367709e-05, 0.000120722070278, 0.000115264097985, 0.000207940116525, 0.000388115789974, 5.46692681382e-05, 7.54109860281e-05, 3.92685542465e-05, 6.46614935249e-05, 3.1132469303e-05, 8.30343269627e-05], "mean": [0.00702342297882, 0.00790333002806, 0.00208975886926, 0.000805739255156, 0.000569722731598, 0.000404399586841, 0.000280971289612, 0.000123733043438, 7.39066526876e-05, 0.000108815969725, 6.87688152539e-05, 7.14974885341e-05, 4.52254498668e-05, 3.2269203075e-05, 1.95187094505e-05, 1.83582924365e-05, 1.67169964698e-05, 2.37725980696e-05, 2.01151287911e-05, 1.6896679881e-05, 2.32810289162e-05, 1.60674280778e-05, 2.38687152887e-05, 2.78973693639e-05, 1.30704011099e-05, 1.06848556243e-05, 6.06794992564e-06, 7.79853053245e-06, 5.23620246895e-06, 2.99413750326e-06, 2.33190348808e-06, 2.40546160057e-06, 2.2921267373e-06, 2.13278894989e-06, 1.49417064677e-06, 1.11834992822e-06, 7.73625288275e-07, 6.64860579036e-07, 5.39182622106e-07, 5.20541959759e-07], "median": [0.00329299224541, 0.00572462752461, 0.000917349767406, 0.000403503421694, 0.000361012556823, 0.000212222948903, 0.000112349720439, 4.8087335017e-05, 3.44380168826e-05, 5.0583461416e-05, 3.41946324625e-05, 2.74022168014e-05, 1.87556615856e-05, 1.28579713419e-05, 7.71972281655e-06, 9.17455963645e-06, 8.02718204795e-06, 1.35688742375e-05, 9.93587764242e-06, 9.49811692408e-06, 1.52874854393e-05, 7.62894705986e-06, 1.19011865536e-05, 1.31016095111e-05, 6.19127695245e-06, 7.49529590394e-06, 3.05477487927e-06, 2.89605009129e-06, 2.96985922432e-06, 1.47492482938e-06, 9.77855279416e-07, 8.67701828611e-07, 7.86082523518e-07, 7.0288643883e-07, 5.27127724581e-07, 3.90443432252e-07, 2.81806393332e-07, 2.15239552404e-07, 1.86188913176e-07, 1.50603028715e-07], "min": [2.29443606107e-24, 2.78542368012e-24, 2.68819775685e-24, 4.2619926177e-24, 2.97978618818e-24, 2.0498716283e-24, 5.58308929821e-24, 5.34655330008e-24, 5.10737225134e-24, 4.16386502641e-24, 4.27245527989e-24, 2.79372013026e-24, 2.87937070305e-24, 4.96271724943e-24, 5.34212700154e-24, 4.11558121699e-24, 4.72499638222e-24, 6.68054430651e-24, 5.70969910691e-24, 7.35649791695e-24, 6.16835151468e-24, 7.09559716091e-24, 5.57215134733e-24, 7.12146864315e-24, 8.67843946748e-24, 6.50136796253e-24, 8.13102916383e-24, 5.70321269812e-24, 6.16170102282e-24, 6.59396287786e-24, 6.99328900125e-24, 8.63286697299e-24, 7.50469096002e-24, 7.73300781638e-24, 6.53358622519e-24, 8.9244110309e-24, 8.5623017873e-24, 6.46621277071e-24, 6.34263652662e-24, 1.00906558934e-23], "var": [7.64937722124e-05, 7.01206663507e-05, 1.22028077385e-05, 2.26011707127e-06, 4.6989407565e-07, 3.76020466319e-07, 3.5015042954e-07, 7.82030866731e-08, 1.18814194039e-08, 2.73683262719e-08, 1.02834887272e-08, 1.74227032801e-08, 5.76475445158e-09, 3.34567662463e-09, 1.17645493347e-09, 7.72134522986e-10, 8.02087951612e-10, 1.63074875825e-09, 1.90705318204e-09, 5.80456516186e-10, 1.00663033464e-09, 5.9786664508e-10, 1.18714460484e-09, 2.06473460551e-09, 3.47175010962e-10, 1.75339034958e-10, 1.6074941378e-10, 1.90738744243e-10, 5.25711037203e-11, 2.05281052573e-11, 1.99193161965e-11, 2.83888468289e-11, 3.92795206083e-11, 4.65256409787e-11, 9.2148962072e-12, 8.11882332197e-12, 2.76670808659e-12, 2.97449434875e-12, 1.19267844299e-12, 2.11806093497e-12]}, "mfcc": {"mean": [-670.317932129, 132.133651733, 16.6981830597, 43.0208053589, 15.338092804, 6.27759456635, 4.51378011703, 11.1664657593, 3.53073573112, 3.44248628616, -0.0592657588422, -0.709447205067, 0.419504910707], "cov": [[16287.2470703, -1114.30102539, -2192.7512207, 300.430419922, 65.9521636963, 129.603775024, 9.25529289246, 249.930038452, -69.0541992188, -24.9350013733, -29.7067451477, -60.9814872742, 7.18139696121], [-1114.30102539, 1039.6953125, 56.4745597839, 94.7074127197, 53.7758865356, -83.1746139526, 45.1704597473, 10.0522537231, 25.5042057037, 25.9519233704, 5.75816202164, 34.8612632751, -8.16830348969], [-2192.7512207, 56.4745597839, 1142.22180176, -67.8180770874, 87.4672546387, 127.379241943, -51.1691436768, -45.9706001282, 10.3670711517, 0.269782960415, 47.7846946716, -7.69906568527, 79.0361328125], [300.430419922, 94.7074127197, -67.8180770874, 240.632949829, 90.9332427979, 35.6532096863, 44.5817451477, 8.58693695068, 19.765625, 23.9355831146, -0.612062931061, 21.2236862183, 7.06986618042], [65.9521636963, 53.7758865356, 87.4672546387, 90.9332427979, 167.422393799, 55.9880409241, 34.3773498535, 10.5883874893, 16.2381877899, 21.0078639984, 12.2308883667, 12.0084466934, 19.3990859985], [129.603775024, -83.1746139526, 127.379241943, 35.6532096863, 55.9880409241, 135.914794922, 35.4170379639, 14.1206178665, 4.46867370605, 4.51991224289, 18.395898819, 7.18218374252, 28.1796875], [9.25529289246, 45.1704597473, -51.1691436768, 44.5817451477, 34.3773498535, 35.4170379639, 110.102218628, 53.4465103149, 25.9025878906, 11.2833395004, 8.62582778931, 16.6565570831, -4.6786980629], [249.930038452, 10.0522537231, -45.9706001282, 8.58693695068, 10.5883874893, 14.1206178665, 53.4465103149, 103.380493164, 43.3097114563, 16.6003093719, 12.303560257, 0.317958176136, -5.08677577972], [-69.0541992188, 25.5042057037, 10.3670711517, 19.765625, 16.2381877899, 4.46867370605, 25.9025878906, 43.3097114563, 74.8871536255, 33.1002006531, 12.5308866501, 5.95092916489, 1.96756160259], [-24.9350013733, 25.9519233704, 0.269782960415, 23.9355831146, 21.0078639984, 4.51991224289, 11.2833395004, 16.6003093719, 33.1002006531, 63.7068519592, 27.6926822662, 8.76868629456, -0.148179128766], [-29.7067451477, 5.75816202164, 47.7846946716, -0.612062931061, 12.2308883667, 18.395898819, 8.62582778931, 12.303560257, 12.5308866501, 27.6926822662, 68.5113830566, 24.9679660797, 5.96947479248], [-60.9814872742, 34.8612632751, -7.69906568527, 21.2236862183, 12.0084466934, 7.18218374252, 16.6565570831, 0.317958176136, 5.95092916489, 8.76868629456, 24.9679660797, 68.3608703613, 21.6401042938], [7.18139696121, -8.16830348969, 79.0361328125, 7.06986618042, 19.3990859985, 28.1796875, -4.6786980629, -5.08677577972, 1.96756160259, -0.148179128766, 5.96947479248, 21.6401042938, 69.5308151245]], "icov": [[0.000113716545457, 7.97064931248e-05, 0.00026552734198, -9.87801977317e-05, -0.000129878244479, -0.000231877347687, 0.000338736310368, -0.000370922352886, 0.000183660449693, 8.85998451849e-05, -0.000151826927322, 0.000184771313798, -0.000217774664634], [7.97064931248e-05, 0.00125165935606, -8.08001277619e-05, -0.00053254904924, -0.000370675988961, 0.00124813825823, -0.000495754997246, -0.000248069816735, 0.000217355729546, -0.000143917422974, -4.05284336011e-05, -0.000317480211379, -7.33023480279e-05], [0.00026552734198, -8.08001277619e-05, 0.00191901042126, 0.000474512518849, -0.000908761518076, -0.00184945727233, 0.00154031265993, -0.000127378370962, -0.000450706924312, 0.000755278393626, -0.00125168252271, 0.00117267563473, -0.00141223717947], [-9.87801977317e-05, -0.00053254904924, 0.000474512518849, 0.00631156284362, -0.00271376618184, -0.001211851486, -0.00112857366912, 0.00147891254164, -0.00100286060479, -0.00139672297519, 0.00159639003687, -0.00127194973174, 0.000331254239427], [-0.000129878244479, -0.000370675988961, -0.000908761518076, -0.00271376618184, 0.00928231235594, -0.0018396161031, -0.00160378427245, 0.000548674259335, -7.4469448009e-05, -0.0017612214433, 0.000267352210358, 0.000118989446491, -0.00069480977254], [-0.000231877347687, 0.00124813825823, -0.00184945727233, -0.001211851486, -0.0018396161031, 0.0132532138377, -0.00513621093705, 0.000215196298086, 0.00134661339689, 0.000444584205979, -0.00209344853647, 0.00103696098085, -0.00297199934721], [0.000338736310368, -0.000495754997246, 0.00154031265993, -0.00112857366912, -0.00160378427245, -0.00513621093705, 0.0169125851244, -0.00777711486444, -0.000542046618648, 0.00112253578845, 0.000668933265842, -0.0032683534082, 0.0023463096004], [-0.000370922352886, -0.000248069816735, -0.000127378370962, 0.00147891254164, 0.000548674259335, 0.000215196298086, -0.00777711486444, 0.0181632246822, -0.0088882278651, 0.00108818849549, -0.00217233784497, 0.00235361489467, 0.000276587728877], [0.000183660449693, 0.000217355729546, -0.000450706924312, -0.00100286060479, -7.4469448009e-05, 0.00134661339689, -0.000542046618648, -0.0088882278651, 0.0232837945223, -0.0101150954142, 0.00186111731455, -0.000662865815684, -0.00122476404067], [8.85998451849e-05, -0.000143917422974, 0.000755278393626, -0.00139672297519, -0.0017612214433, 0.000444584205979, 0.00112253578845, 0.00108818849549, -0.0101150954142, 0.0256637800485, -0.00980883557349, 0.00170757982414, 0.000375373871066], [-0.000151826927322, -4.05284336011e-05, -0.00125168252271, 0.00159639003687, 0.000267352210358, -0.00209344853647, 0.000668933265842, -0.00217233784497, 0.00186111731455, -0.00980883557349, 0.0228484235704, -0.00881588552147, 0.00263991300017], [0.000184771313798, -0.000317480211379, 0.00117267563473, -0.00127194973174, 0.000118989446491, 0.00103696098085, -0.0032683534082, 0.00235361489467, -0.000662865815684, 0.00170757982414, -0.00881588552147, 0.0216388218105, -0.00771662453189], [-0.000217774664634, -7.33023480279e-05, -0.00141223717947, 0.000331254239427, -0.00069480977254, -0.00297199934721, 0.0023463096004, 0.000276587728877, -0.00122476404067, 0.000375373871066, 0.00263991300017, -0.00771662453189, 0.0197545420378]]}, "spectral_contrast_coeffs": {"dmean": [0.0539410896599, 0.046287663281, 0.0362410359085, 0.029137223959, 0.0230184532702, 0.0190400984138], "dmean2": [0.0896617770195, 0.0766561627388, 0.0586446225643, 0.0468913204968, 0.0363416671753, 0.0300972741097], "dvar": [0.00209402898327, 0.00136996724177, 0.000851488730405, 0.000589703849982, 0.00041578154196, 0.000314768694807], "dvar2": [0.00580231379718, 0.00383925973438, 0.00225356617011, 0.00151217659004, 0.000953890383244, 0.000745394907426], "max": [-0.268949151039, -0.433066129684, -0.513944089413, -0.605004549026, -0.590408682823, -0.565014481544], "mean": [-0.65988022089, -0.731149256229, -0.780353248119, -0.797305941582, -0.780982613564, -0.775425374508], "median": [-0.667000174522, -0.732704102993, -0.787196755409, -0.797881364822, -0.779393792152, -0.772546768188], "min": [-0.976644337177, -0.967476606369, -0.9709674716, -0.967722415924, -0.96265566349, -0.961777448654], "var": [0.00548984995112, 0.00405807746574, 0.00335358921438, 0.00245463545434, 0.00283152167685, 0.00208343937993]}, "spectral_contrast_valleys": {"dmean": [0.399595916271, 0.430258929729, 0.388690412045, 0.360291928053, 0.337045758963, 0.389384865761], "dmean2": [0.657048940659, 0.692852795124, 0.600226461887, 0.540457308292, 0.478015899658, 0.535143435001], "dvar": [0.120500601828, 0.17597463727, 0.146181583405, 0.140740409493, 0.133345156908, 0.223087325692], "dvar2": [0.296352773905, 0.41176867485, 0.317750453949, 0.287088066339, 0.26317986846, 0.455370247364], "max": [-4.77742147446, -4.58316469193, -5.12832450867, -5.75659704208, -5.51499652863, -7.6162333488