{"lowlevel": {"average_loudness": 0.334874868393, "barkbands_crest": {"dmean": 1.93423867226, "dmean2": 3.16427731514, "dvar": 3.25669884682, "dvar2": 9.14521598816, "max": 24.7669734955, "mean": 10.1712589264, "median": 9.63442897797, "min": 3.15649533272, "var": 10.8606290817}, "barkbands_flatness_db": {"dmean": 0.0239257682115, "dmean2": 0.0322567075491, "dvar": 0.000551515433472, "dvar2": 0.000946579268202, "max": 0.449953615665, "mean": 0.179692298174, "median": 0.172560468316, "min": 0.0348751582205, "var": 0.00411444157362}, "barkbands_kurtosis": {"dmean": 4.42140293121, "dmean2": 6.86024332047, "dvar": 35.4843788147, "dvar2": 83.7294235229, "max": 153.722930908, "mean": 10.3227405548, "median": 7.58230304718, "min": -1.88289952278, "var": 115.481788635}, "barkbands_skewness": {"dmean": 0.548198580742, "dmean2": 0.837812185287, "dvar": 0.346374034882, "dvar2": 0.823231458664, "max": 9.09133148193, "mean": 2.24505591393, "median": 2.22133874893, "min": -5.81190538406, "var": 1.66170239449}, "barkbands_spread": {"dmean": 4.97728824615, "dmean2": 7.66770172119, "dvar": 75.4949417114, "dvar2": 166.68208313, "max": 108.315391541, "mean": 12.8638143539, "median": 9.50447940826, "min": 0.588999509811, "var": 142.220230103}, "dissonance": {"dmean": 0.0215956941247, "dmean2": 0.0348432213068, "dvar": 0.000458484544652, "dvar2": 0.00115013227332, "max": 0.500000059605, "mean": 0.435725063086, "median": 0.443841785192, "min": 0.149936079979, "var": 0.00185942300595}, "dynamic_complexity": 5.77038240433, "erbbands_crest": {"dmean": 2.16520619392, "dmean2": 3.38133597374, "dvar": 4.79123163223, "dvar2": 11.7120695114, "max": 32.3467597961, "mean": 10.0568904877, "median": 9.1812582016, "min": 2.58760023117, "var": 19.3544368744}, "erbbands_flatness_db": {"dmean": 0.0212838612497, "dmean2": 0.0272051747888, "dvar": 0.000455605506431, "dvar2": 0.000740651972592, "max": 0.440315186977, "mean": 0.164969965816, "median": 0.163006842136, "min": 0.0282607637346, "var": 0.0032174186781}, "erbbands_kurtosis": {"dmean": 1.53698563576, "dmean2": 2.32915759087, "dvar": 9.77101325989, "dvar2": 22.9462680817, "max": 118.403999329, "mean": 2.39150619507, "median": 0.762191772461, "min": -1.79042387009, "var": 34.1577033997}, "erbbands_skewness": {"dmean": 0.392652660608, "dmean2": 0.589236915112, "dvar": 0.198748156428, "dvar2": 0.442021161318, "max": 9.16587638855, "mean": 1.00894773006, "median": 0.959130465984, "min": -3.81343579292, "var": 1.10638964176}, "erbbands_spread": {"dmean": 8.88173961639, "dmean2": 12.5839662552, "dvar": 150.760681152, "dvar2": 299.919403076, "max": 159.475189209, "mean": 35.9449157715, "median": 30.9947738647, "min": 1.60055863857, "var": 494.170318604}, "hfc": {"dmean": 3.44124865532, "dmean2": 5.12808847427, "dvar": 71.6184539795, "dvar2": 173.669067383, "max": 163.976409912, "mean": 9.95241165161, "median": 4.3465180397, "min": 1.17062679698e-16, "var": 205.953857422}, "melbands_crest": {"dmean": 2.52457404137, "dmean2": 4.11441040039, "dvar": 5.15440988541, "dvar2": 14.1237096786, "max": 34.2964820862, "mean": 13.435459137, "median": 12.6959590912, "min": 2.35387587547, "var": 18.8955230713}, "melbands_flatness_db": {"dmean": 0.0270641054958, "dmean2": 0.0367293693125, "dvar": 0.000755630957428, "dvar2": 0.00132421310991, "max": 0.558763504028, "mean": 0.271824926138, "median": 0.264272511005, "min": 0.00917120743543, "var": 0.0059955297038}, "melbands_kurtosis": {"dmean": 7.99190378189, "dmean2": 12.3314628601, "dvar": 155.675033569, "dvar2": 364.031951904, "max": 348.246459961, "mean": 20.0917606354, "median": 14.653875351, "min": -1.8210426569, "var": 435.781005859}, "melbands_skewness": {"dmean": 0.661301732063, "dmean2": 0.98528778553, "dvar": 0.566041648388, "dvar2": 1.24725306034, "max": 12.4886102676, "mean": 2.98686885834, "median": 2.78622984886, "min": -1.69838404655, "var": 2.70663642883}, "melbands_spread": {"dmean": 3.5576415062, "dmean2": 5.52036905289, "dvar": 49.7820396423, "dvar2": 114.393379211, "max": 158.442779541, "mean": 11.6774253845, "median": 8.23367786407, "min": 0.545790195465, "var": 160.246505737}, "pitch_salience": {"dmean": 0.0578431449831, "dmean2": 0.0938874408603, "dvar": 0.0026634670794, "dvar2": 0.00707157468423, "max": 0.943904876709, "mean": 0.583756804466, "median": 0.593171656132, "min": 0.103885732591, "var": 0.01022060588}, "silence_rate_20dB": {"dmean": 0, "dmean2": 0, "dvar": 0, "dvar2": 0, "max": 1, "mean": 1, "median": 1, "min": 1, "var": 0}, "silence_rate_30dB": {"dmean": 0.00682947039604, "dmean2": 0.0136603536084, "dvar": 0.00678272126243, "dvar2": 0.0174058508128, "max": 1, "mean": 0.994826674461, "median": 1, "min": 0, "var": 0.00514653604478}, "silence_rate_60dB": {"dmean": 0.0353890731931, "dmean2": 0.0707854703069, "dvar": 0.0341357663274, "dvar2": 0.0742562115192, "max": 1, "mean": 0.170305222273, "median": 0, "min": 0, "var": 0.141311049461}, "spectral_centroid": {"dmean": 162.337936401, "dmean2": 244.153503418, "dvar": 77932.671875, "dvar2": 151782.875, "max": 11221.8808594, "mean": 717.607055664, "median": 577.625244141, "min": 182.728713989, "var": 276976}, "spectral_complexity": {"dmean": 1.55753314495, "dmean2": 2.39304566383, "dvar": 5.07465791702, "dvar2": 9.89283847809, "max": 53, "mean": 9.99958610535, "median": 8, "min": 0, "var": 46.8297576904}, "spectral_decrease": {"dmean": 1.23847443412e-09, "dmean2": 1.82989312592e-09, "dvar": 4.83543150883e-18, "dvar2": 1.01541515623e-17, "max": 2.24138020384e-16, "mean": -4.7089758759e-09, "median": -2.78156453426e-09, "min": -4.72700918408e-08, "var": 2.89382321333e-17}, "spectral_energy": {"dmean": 0.00486059812829, "dmean2": 0.00714295357466, "dvar": 7.4205963756e-05, "dvar2": 0.000154037217726, "max": 0.184314906597, "mean": 0.0186754763126, "median": 0.0109791830182, "min": 1.07954121976e-20, "var": 0.000457239017123}, "spectral_energyband_high": {"dmean": 0.000212879022001, "dmean2": 0.000329645146849, "dvar": 4.50423755183e-07, "dvar2": 1.13823182346e-06, "max": 0.0159567203373, "mean": 0.000282349326881, "median": 5.1609473303e-05, "min": 7.43620830401e-21, "var": 5.62181867281e-07}, "spectral_energyband_low": {"dmean": 0.00189606635831, "dmean2": 0.00295283133164, "dvar": 1.2201174286e-05, "dvar2": 3.29057038471e-05, "max": 0.071589127183, "mean": 0.00470297317952, "median": 0.00262679252774, "min": 9.13740489526e-23, "var": 3.71751666535e-05}, "spectral_energyband_middle_high": {"dmean": 0.00059439096367, "dmean2": 0.000828513002489, "dvar": 2.34812705457e-06, "dvar2": 4.70163786304e-06, "max": 0.0550409033895, "mean": 0.0021564825438, "median": 0.000496239517815, "min": 1.98411083902e-21, "var": 1.64529992617e-05}, "spectral_energyband_middle_low": {"dmean": 0.0039809346199, "dmean2": 0.00593752134591, "dvar": 5.60175176361e-05, "dvar2": 0.000122932891827, "max": 0.170786291361, "mean": 0.0123012177646, "median": 0.00696263834834, "min": 2.16745907706e-22, "var": 0.00022981276561}, "spectral_entropy": {"dmean": 0.259917587042, "dmean2": 0.335899502039, "dvar": 0.0747922435403, "dvar2": 0.114451095462, "max": 9.79138946533, "mean": 6.89331197739, "median": 6.86064529419, "min": 4.41438865662, "var": 0.442880094051}, "spectral_flux": {"dmean": 0.0147526673973, "dmean2": 0.0229676831514, "dvar": 0.000349101610482, "dvar2": 0.000820240122266, "max": 0.329270541668, "mean": 0.0479962900281, "median": 0.0390478819609, "min": 1.0390097116e-10, "var": 0.00141301937401}, "spectral_kurtosis": {"dmean": 3.35724520683, "dmean2": 5.24222421646, "dvar": 19.2705802917, "dvar2": 47.761100769, "max": 77.819984436, "mean": 9.43061447144, "median": 7.47061920166, "min": -1.24038863182, "var": 63.4119033813}, "spectral_rms": {"dmean": 0.000497563916724, "dmean2": 0.000715191767085, "dvar": 3.99614293656e-07, "dvar2": 7.55178973577e-07, "max": 0.0134096769616, "mean": 0.0036718393676, "median": 0.00327282724902, "min": 3.24532111254e-12, "var": 4.73756517749e-06}, "spectral_rolloff": {"dmean": 309.555786133, "dmean2": 541.086181641, "dvar": 1219726.25, "dvar2": 2955435.5, "max": 19659.8144531, "mean": 807.307678223, "median": 409.130859375, "min": 107.666015625, "var": 1884864.75}, "spectral_skewness": {"dmean": 0.353655874729, "dmean2": 0.520154118538, "dvar": 0.13265094161, "dvar2": 0.280738532543, "max": 6.91138744354, "mean": 2.31195521355, "median": 2.1882174015, "min": 0.00147722044494, "var": 0.726421415806}, "spectral_spread": {"dmean": 940408.1875, "dmean2": 1290879.125, "dvar": 1543255097340.0, "dvar2": 2950542393340.0, "max": 41489924, "mean": 4493507, "median": 3924271.75, "min": 915326.0625, "var": 4717537132540.0}, "spectral_strongpeak": {"dmean": 0.282862126827, "dmean2": 0.472797781229, "dvar": 0.244479849935, "dvar2": 0.5935536623, "max": 12.7733917236, "mean": 0.650093615055, "median": 0.366353482008, "min": 0, "var": 0.724073171616}, "zerocrossingrate": {"dmean": 0.0101366862655, "dmean2": 0.0118415905163, "dvar": 0.000238326116232, "dvar2": 0.000281818502117, "max": 0.72607421875, "mean": 0.0420551374555, "median": 0.03369140625, "min": 0.00390625, "var": 0.00165654404555}, "barkbands": {"dmean": [2.21615409828e-05, 0.000744322489481, 0.00112571357749, 0.00159111304674, 0.00212571211159, 0.00105043244548, 0.000382162135793, 0.000317402678775, 0.000277774786809, 8.77371785464e-05, 5.57550265512e-05, 0.000235379207879, 0.000154885463417, 5.45115071873e-05, 0.000144735022332, 4.88820733153e-05, 3.91380599467e-05, 8.01853529993e-05, 4.49126237072e-05, 3.31284281856e-05, 2.69498232228e-05, 2.67055511358e-05, 2.56467865256e-05, 1.99018595595e-05, 4.85620548716e-05, 5.42572306585e-05, 2.23322858801e-05], "dmean2": [3.84969789593e-05, 0.00110835209489, 0.00183456973173, 0.00238905660808, 0.00344746932387, 0.00159468513448, 0.000548566051293, 0.000434412766481, 0.00035280213342, 0.000121211516671, 7.96811073087e-05, 0.000322771666106, 0.000225928553846, 8.03752191132e-05, 0.000235072162468, 7.46523146518e-05, 6.05333007115e-05, 0.000140538119012, 6.80987504893e-05, 5.10481113452e-05, 4.01419092668e-05, 4.01285687985e-05, 3.92072652176e-05, 3.06014881062e-05, 7.96522363089e-05, 9.27720830077e-05, 3.91603425669e-05], "dvar": [4.38594049967e-09, 2.06615436582e-06, 5.62325658393e-06, 1.65390611073e-05, 1.46589372889e-05, 5.34602349944e-06, 1.46411389323e-06, 1.92266179511e-06, 1.36427763664e-06, 1.1020249957e-07, 2.54839456204e-08, 5.03720912093e-07, 2.74819171864e-07, 1.73445954488e-07, 2.01107383191e-07, 2.84182650745e-08, 1.73977365847e-08, 3.14133529855e-07, 2.27068053249e-08, 1.9257290873e-08, 1.09235909207e-08, 1.13970468618e-08, 8.90349927118e-09, 4.85147122475e-09, 3.05486551611e-08, 5.37118012289e-08, 1.12867937219e-08], "dvar2": [1.22019869764e-08, 5.88999728279e-06, 1.6954010789e-05, 3.69493100152e-05, 3.74091068807e-05, 1.45268431879e-05, 2.64663117377e-06, 2.89052900371e-06, 1.80036386155e-06, 1.43180997725e-07, 5.09873672172e-08, 9.57935640145e-07, 5.56092913939e-07, 2.66734303978e-07, 5.40080804967e-07, 6.37942889625e-08, 4.18393000245e-08, 9.18426337648e-07, 5.45632090621e-08, 4.89442655294e-08, 2.59588812668e-08, 2.77296035023e-08, 2.10096793296e-08, 1.14538591944e-08, 8.21145107466e-08, 1.51785911839e-07, 3.22989492929e-08], "max": [0.00147763825953, 0.0299427378923, 0.0413519665599, 0.0930299758911, 0.0783347710967, 0.0569224357605, 0.0537356212735, 0.0789423286915, 0.0738505497575, 0.0310953445733, 0.0051076952368, 0.0216230228543, 0.0211475212127, 0.0408211015165, 0.0121277235448, 0.00584493996575, 0.00428379140794, 0.0163971986622, 0.00517210550606, 0.00465703569353, 0.00464186863974, 0.00417701946571, 0.00296233734116, 0.00187625107355, 0.00469612469897, 0.00465291226283, 0.00190595153254], "mean": [4.23860074079e-05, 0.00184324732982, 0.00208064471371, 0.00238791177981, 0.00423381011933, 0.00303319003433, 0.000974832160864, 0.000856811006088, 0.000761603587307, 0.000237024753005, 0.000124084021081, 0.000704069738276, 0.000373162736651, 0.000105154904304, 0.000283094705082, 9.93497451418e-05, 6.78973665345e-05, 9.33855262701e-05, 6.72376700095e-05, 5.99184204475e-05, 4.5798260544e-05, 3.53911709681e-05, 3.20793951687e-05, 2.40388199018e-05, 4.71813509648e-05, 4.48149548902e-05, 1.73629305209e-05], "median": [1.01218001873e-05, 0.00112151680514, 0.000856549828313, 0.000724127865396, 0.00229507987387, 0.00123507040553, 0.000180063856533, 9.70987821347e-05, 9.43199847825e-05, 3.96204632125e-05, 2.77428334812e-05, 8.64859175636e-05, 2.58202580881e-05, 1.68128117366e-05, 4.3187130359e-05, 1.30200114654e-05, 1.34171732498e-05, 2.173201392e-05, 1.35868840516e-05, 1.2400822925e-05, 1.00433007901e-05, 6.64804019834e-06, 5.52881965632e-06, 3.33989510182e-06, 4.21023105446e-06, 2.92722484119e-06, 6.14565408341e-07], "min": [3.8666581305e-24, 6.8826744518e-23, 1.19927517861e-23, 1.9752303983e-23, 1.50808006532e-23, 3.48082602509e-23, 7.73417154398e-23, 2.65225575517e-23, 2.82242472757e-23, 4.06034217873e-23, 1.17489560588e-22, 2.04113114413e-22, 7.9289349906e-23, 2.52556305296e-22, 1.37650649137e-22, 1.60963823914e-22, 2.5283693783e-22, 3.07670167103e-22, 3.80458425936e-22, 2.46265890573e-22, 2.8716798772e-22, 3.75541664173e-22, 6.17312612686e-22, 1.01148881227e-21, 1.29536261783e-21, 1.67308487025e-21, 2.23841273572e-21], "var": [5.5096793794e-09, 5.78181425226e-06, 1.16376659207e-05, 2.71393400908e-05, 3.25190121657e-05, 2.20532583626e-05, 8.17962973088e-06, 1.10167975436e-05, 8.04950013844e-06, 7.70673864281e-07, 8.03426658535e-08, 3.10860968966e-06, 1.46694469549e-06, 6.63245771193e-07, 5.65354810078e-07, 9.46730835949e-08, 3.34554357551e-08, 1.95895395905e-07, 3.27475504491e-08, 2.9306129079e-08, 1.60833497631e-08, 1.35709701254e-08, 1.10139888321e-08, 6.36980024282e-09, 2.77967000528e-08, 3.58805856138e-08, 7.38785166376e-09]}, "erbbands": {"dmean": [0.00966090708971, 0.217362910509, 1.21243107319, 2.61603498459, 8.82228946686, 6.60638904572, 5.62694501877, 11.5885515213, 6.62842321396, 5.74927663803, 6.39525079727, 4.95118093491, 4.67754173279, 2.56685400009, 4.88181877136, 6.10826301575, 7.09006547928, 3.52409362793, 5.07519721985, 4.52786684036, 3.06017899513, 2.41707921028, 4.89384555817, 2.2441380024, 2.09397578239, 1.58784627914, 1.23105406761, 0.953894078732, 0.963621854782, 0.840076863766, 0.736720383167, 0.420398920774, 0.374335110188, 0.533677220345, 0.366208702326, 0.201516479254, 0.105852104723, 0.0329731926322, 0.00373884500004, 0.000123942198115], "dmean2": [0.0148675227538, 0.326672613621, 1.93797886372, 4.00390768051, 13.7106409073, 10.953546524, 8.7877407074, 17.7553520203, 9.74900436401, 7.89338588715, 8.17945575714, 6.33163452148, 5.91693687439, 3.66626858711, 6.73307991028, 8.35524368286, 10.332657814, 4.83956956863, 8.23543167114, 7.22890853882, 4.66727733612, 3.75105261803, 8.61741065979, 3.50641226768, 3.27119445801, 2.36794900894, 1.86792123318, 1.41453957558, 1.45144832134, 1.29308080673, 1.14406597614, 0.639567255974, 0.586101233959, 0.889006197453, 0.59999781847, 0.338547766209, 0.183125853539, 0.0574277862906, 0.00655796471983, 0.000215936932364], "dvar": [0.000335936085321, 0.169871792197, 5.66570234299, 36.2722320557, 437.143829346, 150.262985229, 129.655273438, 764.936279297, 259.430023193, 554.17980957, 1079.68579102, 350.872772217, 310.05557251, 42.9654159546, 204.948898315, 322.141876221, 581.681884766, 486.999694824, 318.551025391, 179.682373047, 123.166351318, 60.3763656616, 1337.71850586, 67.4428482056, 56.6243667603, 37.7287445068, 21.2628440857, 15.0844650269, 15.3801107407, 11.8397665024, 7.03504610062, 2.24661493301, 1.79660904408, 5.29645442963, 1.49217379093, 0.60133677721, 0.222153827548, 0.0226715542376, 0.000334826530889, 4.2033005343e-07], "dvar2": [0.000883444503415, 0.481182485819, 16.6336460114, 82.5248336792, 996.856689453, 433.72668457, 347.797180176, 2163.51928711, 587.774536133, 819.477294922, 1443.22131348, 469.315429688, 437.722076416, 84.2296829224, 396.153045654, 600.991088867, 1207.04064941, 603.528320312, 808.998779297, 459.812072754, 274.585449219, 146.967895508, 3914.11401367, 175.026367188, 146.847351074, 86.6327362061, 48.9765930176, 37.4850769043, 37.6491012573, 29.5679035187, 16.7996253967, 5.13910579681, 4.43276166916, 14.7240438461, 3.95566558838, 1.66879081726, 0.629264891148, 0.064848318696, 0.00095701351529, 1.1881016917e-06], "max": [0.325688391924, 8.62185096741, 38.0969161987, 128.101303101, 506.122497559, 182.780685425, 205.876693726, 661.885986328, 459.740234375, 1619.23071289, 2144.92578125, 1077.59460449, 1100.37963867, 254.31867981, 456.848632812, 662.698913574, 1143.03759766, 2420.55419922, 527.061340332, 346.864624023, 402.807983398, 185.759231567, 1134.97595215, 238.413070679, 187.133956909, 193.75553894, 156.413146973, 182.341384888, 155.463439941, 155.906707764, 66.2648239136, 40.6883201599, 43.1439170837, 84.0963897705, 21.3997554779, 16.2910671234, 8.30086898804, 2.43472027779, 0.337439477444, 0.0116019258276], "mean": [0.0337284803391, 0.488547801971, 2.26671695709, 4.83919429779, 13.1830310822, 13.1288309097, 14.4790840149, 30.5745925903, 18.4246692657, 15.4847679138, 18.1071109772, 14.4218025208, 14.339468956, 7.60910987854, 15.3978300095, 18.4346370697, 18.4677524567, 7.98603439331, 10.2632751465, 9.4455499649, 6.60919380188, 4.49215936661, 5.56536817551, 3.41940355301, 3.24704694748, 3.1888229847, 2.10180044174, 1.47511518002, 1.28442454338, 1.08553814888, 0.911572754383, 0.537118494511, 0.420649439096, 0.505520164967, 0.355626225471, 0.177432388067, 0.0840352848172, 0.0261500086635, 0.00290343537927, 0.000112445835839], "median": [0.02493477799, 0.272246986628, 1.05184805393, 1.83610224724, 5.20564556122, 7.28793668747, 7.35827684402, 10.5611124039, 6.24160814285, 2.52556419373, 2.58058524132, 1.94435739517, 1.8814034462, 1.78748810291, 2.38300681114, 2.61295080185, 1.45058178902, 1.09201288223, 2.04461121559, 1.5748449564, 0.873114347458, 0.963074624538, 1.29538965225, 0.790325045586, 0.776024103165, 0.572347819805, 0.402807384729, 0.327933162451, 0.25196018815, 0.196104615927, 0.151572704315, 0.0825911313295, 0.0499107539654, 0.0440633185208, 0.0311252307147, 0.0134199438617, 0.0047208420001, 0.00109125790186, 0.000119971686217, 2.21355185204e-05], "min": [1.43681343082e-21, 1.73406589324e-20, 2.17417121556e-20, 3.5327194058e-20, 4.51656899572e-20, 7.84012964441e-20, 1.53334353827e-19, 3.17770453751e-19, 1.03946803816e-18, 8.98481410006e-19, 4.1499472971e-19, 5.03279794036e-19, 1.34744361364e-18, 2.08128775081e-18, 7.99736662344e-18, 5.95292687379e-18, 4.28788261107e-18, 6.09160825298e-18, 1.32553782374e-17, 9.20159932025e-18, 1.4038125189e-17, 9.14479517323e-18, 1.1232322761e-17, 2.73157157075e-17, 1.2474656224e-17, 1.16698946876e-17, 1.0888572141e-17, 1.2911671458e-17, 1.48754718513e-17, 1.15414972314e-17, 2.23231976372e-17, 2.13382157792e-17, 1.68756541295e-17, 1.18780621334e-17, 1.03276651035e-17, 5.72318779841e-18, 3.4603870495e-18, 1.16612893209e-18, 2.68554034485e-19, 3.80662798718e-20], "var": [0.00131052022334, 0.455078780651, 11.4837846756, 73.5146408081, 676.426513672, 310.867034912, 378.314697266, 2780.50927734, 1071.59631348, 3824.08154297, 7302.80908203, 2364.59912109, 2031.40637207, 253.189529419, 1384.42089844, 1893.9017334, 3493.90087891, 2325.77246094, 683.890808105, 565.427856445, 433.213256836, 125.66985321, 808.129272461, 86.2800445557, 68.0966949463, 87.9332427979, 35.6253356934, 18.2104816437, 17.9707565308, 13.9001111984, 8.4098367691, 3.02874803543, 2.16012406349, 4.21877670288, 1.40510344505, 0.449730366468, 0.143431141973, 0.0149723058566, 0.000215601612581, 2.7003585501e-07]}, "gfcc": {"mean": [-78.3713531494, 111.457954407, -84.0653381348, 22.5266284943, -48.0971984863, -0.729231476784, -39.8770484924, -4.58686542511, -28.5709934235, 0.910445928574, -13.7773752213, 3.3742082119, -10.7145547867], "cov": [[16633.6679688, -976.844787598, -351.858551025, -599.231567383, -562.257446289, 627.263366699, -339.084442139, 343.555206299, -468.3359375, 162.631515503, -527.285461426, 22.5724105835, -189.965698242], [-976.844787598, 2062.50537109, -224.544723511, -62.1063728333, 84.8288955688, -79.6315078735, 261.117797852, -167.346954346, 120.425468445, -129.897354126, 194.800888062, -132.598297119, 87.7605056763], [-351.858551025, -224.544723511, 1006.11981201, 23.3577880859, 103.851661682, 100.050079346, -43.0659942627, 70.6936416626, -32.5690917969, 39.9752044678, -31.259771347, 35.3681945801, -57.8903160095], [-599.231567383, -62.1063728333, 23.3577880859, 502.011230469, 119.750595093, -37.9354438782, -26.4066333771, -44.801071167, 15.8021812439, -26.0086250305, 15.6387529373, 10.8942222595, 30.7890853882], [-562.257446289, 84.8288955688, 103.851661682, 119.750595093, 266.533538818, -7.13942050934, 25.0409469604, -7.21495866776, -6.92915630341, 12.4395093918, 22.798746109, 1.60459399223, 6.00605630875], [627.263366699, -79.6315078735, 100.050079346, -37.9354438782, -7.13942050934, 181.712554932, 32.7621231079, 31.1681079865, -30.8266563416, 8.61306095123, -28.0757064819, -1.53339326382, -19.7044410706], [-339.084442139, 261.117797852, -43.0659942627, -26.4066333771, 25.0409469604, 32.7621231079, 165.58795166, 16.3968849182, 20.1076393127, -5.12652826309, 47.7020072937, -28.3170700073, -9.12274074554], [343.555206299, -167.346954346, 70.6936416626, -44.801071167, -7.21495866776, 31.1681079865, 16.3968849182, 124.206604004, 3.23640179634, 40.5425033569, -18.5603122711, 6.07943105698, -29.7258968353], [-468.3359375, 120.425468445, -32.5690917969, 15.8021812439, -6.92915630341, -30.8266563416, 20.1076393127, 3.23640179634, 127.282646179, 10.3230752945, 23.2259559631, -20.3607807159, 16.6491718292], [162.631515503, -129.897354126, 39.9752044678, -26.0086250305, 12.4395093918, 8.61306095123, -5.12652826309, 40.5425033569, 10.3230752945, 107.612312317, 12.410820961, 2.95496344566, -19.1612472534], [-527.285461426, 194.800888062, -31.259771347, 15.6387529373, 22.798746109, -28.0757064819, 47.7020072937, -18.5603122711, 23.2259559631, 12.410820961, 116.78768158, 14.0791530609, 10.2031087875], [22.5724105835, -132.598297119, 35.3681945801, 10.8942222595, 1.60459399223, -1.53339326382, -28.3170700073, 6.07943105698, -20.3607807159, 2.95496344566, 14.0791530609, 90.4256515503, 19.7393817902], [-189.965698242, 87.7605056763, -57.8903160095, 30.7890853882, 6.00605630875, -19.7044410706, -9.12274074554, -29.7258968353, 16.6491718292, -19.1612472534, 10.2031087875, 19.7393817902, 83.8027801514]], "icov": [[0.000114939452033, -0.000107073188701, 0.00011663526675, 7.71253354515e-08, 0.000166803161846, -0.000367649336113, 0.000339593214449, -0.000300349143799, 0.000341581995599, -0.000255410210229, 0.000382645259378, -0.000118958698295, 0.000140421485412], [-0.000107073188701, 0.00114316493273, -0.000173348860699, 0.000361976301065, -0.000433950335719, 0.000554371450562, -0.00137746217661, 0.00114103383385, -0.000697516894434, 0.0012340185931, -0.00160899420734, 0.00151111651212, -0.00101567653473], [0.00011663526675, -0.000173348860699, 0.001354683307, -3.52677852788e-05, -0.000389391905628, -0.00105915218592, 0.000970997381955, -0.000792385195382, 0.000233890590607, -0.00030392271583, 0.0004643490538, -0.000687946332619, 0.00098774174694], [7.71253354515e-08, 0.000361976301065, -3.52677852788e-05, 0.00253689941019, -0.00122906616889, 0.000202963172342, 0.000193445535842, 0.000736460613552, -0.000565626542084, 0.000927943212446, -0.00060075847432, 0.000342101295246, -0.000600108120125], [0.000166803161846, -0.000433950335719, -0.000389391905628, -0.00122906616889, 0.00504257716238, -8.7996275397e-05, -0.00042930644122, -0.000350084359525, 0.00141702010296, -0.00162595382426, 0.000590907526202, -0.000254950282397, -0.00020305540238], [-0.000367649336113, 0.000554371450562, -0.00105915218592, 0.000202963172342, -8.7996275397e-05, 0.00829158257693, -0.00376819074154, 0.00066801981302, 0.000385555147659, 0.000356601201929, 0.000659511890262, 0.000312229472911, -0.000586426234804], [0.000339593214449, -0.00137746217661, 0.000970997381955, 0.000193445535842, -0.00042930644122, -0.00376819074154, 0.0114193269983, -0.00406271219254, 0.000571820593905, 0.000442804885097, -0.00254960800521, 0.00142041011713, 0.00172225281131], [-0.000300349143799, 0.00114103383385, -0.000792385195382, 0.000736460613552, -0.000350084359525, 0.00066801981302, -0.00406271219254, 0.0129472892731, -0.00245204521343, -0.00233086571097, 0.00110211619176, -0.00118260737509, 0.00173733301926], [0.000341581995599, -0.000697516894434, 0.000233890590607, -0.000565626542084, 0.00141702010296, 0.000385555147659, 0.000571820593905, -0.00245204521343, 0.0108533361927, -0.00231446302496, 4.98578774568e-05, 0.00217444798909, -0.00214796955697], [-0.000255410210229, 0.0012340185931, -0.00030392271583, 0.000927943212446, -0.00162595382426, 0.000356601201929, 0.000442804885097, -0.00233086571097, -0.00231446302496, 0.013410362415, -0.00481245014817, 0.00185319571756, 0.00067511969246], [0.000382645259378, -0.00160899420734, 0.0004643490538, -0.00060075847432, 0.000590907526202, 0.000659511890262, -0.00254960800521, 0.00110211619176, 4.98578774568e-05, -0.00481245014817, 0.0155183169991, -0.00606546504423, 0.00174902088474], [-0.000118958698295, 0.00151111651212, -0.000687946332619, 0.000342101295246, -0.000254950282397, 0.000312229472911, 0.00142041011713, -0.00118260737509, 0.00217444798909, 0.00185319571756, -0.00606546504423, 0.0167130511254, -0.00583270890638], [0.000140421485412, -0.00101567653473, 0.00098774174694, -0.000600108120125, -0.00020305540238, -0.000586426234804, 0.00172225281131, 0.00173733301926, -0.00214796955697, 0.00067511969246, 0.00174902088474, -0.00583270890638, 0.0166399665177]]}, "melbands": {"dmean": [0.000140786869451, 0.000501375645399, 0.000693355686963, 0.000516492116731, 0.000216847765842, 0.000236642357777, 0.000100596720586, 6.83062098688e-05, 4.8400452215e-05, 3.5977231164e-05, 2.37465137616e-05, 1.08284566522e-05, 1.0252150787e-05, 3.16906116495e-05, 7.48133879824e-06, 2.02542905754e-05, 5.15503643328e-06, 6.55477242617e-06, 1.33790890686e-05, 2.57345323007e-06, 3.65341725228e-06, 2.55818031292e-06, 3.43748070009e-06, 4.2431906877e-06, 1.64159098404e-06, 1.81305779279e-06, 1.40206657306e-06, 1.07711753117e-06, 8.59972203671e-07, 5.76274601372e-07, 6.08218613252e-07, 5.77256628276e-07, 5.17243677223e-07, 4.60857364715e-07, 4.8303360245e-07, 3.30589386976e-07, 2.38222639837e-07, 2.52394357858e-07, 3.29271898636e-07, 4.85358100377e-07], "dmean2": [0.000210300015169, 0.000789948680904, 0.0010529801948, 0.000828965217806, 0.000347643828718, 0.000361022277502, 0.000147000857396, 9.29334928514e-05, 6.1396494857e-05, 4.59114744444e-05, 3.02213466057e-05, 1.55464240379e-05, 1.42270700962e-05, 4.36677073594e-05, 1.05891285784e-05, 2.92125005217e-05, 7.12809242032e-06, 1.05538892967e-05, 2.18162549572e-05, 3.8401594793e-06, 5.62931609238e-06, 3.97273106501e-06, 5.83876726523e-06, 7.52896721679e-06, 2.49513959716e-06, 2.78715901914e-06, 2.28288990911e-06, 1.59812236689e-06, 1.33114929213e-06, 8.61240550876e-07, 9.2595746537e-07, 8.78484797795e-07, 7.97748100467e-07, 7.28296811303e-07, 7.64470257764e-07, 5.07290451424e-07, 3.65853765061e-07, 4.02083259132e-07, 5.32773242412e-07, 8.18329453978e-07], "dvar": [7.40697601032e-08, 8.83292671006e-07, 2.78015932054e-06, 9.35678315273e-07, 2.01206034944e-07, 3.04182833588e-07, 5.90736384254e-08, 7.14953429792e-08, 7.95328816139e-08, 1.54652504136e-08, 8.22484302887e-09, 7.57825469044e-10, 7.2947542451e-10, 9.73777058988e-09, 6.63665067346e-10, 4.89411577931e-09, 1.76078929215e-09, 8.34095015279e-10, 1.72882874683e-09, 6.92608054242e-11, 1.80811310369e-10, 7.78039369043e-11, 4.13755446571e-10, 9.34492372373e-10, 3.22415913412e-11, 3.82416702471e-11, 5.09990001618e-11, 1.78321472172e-11, 1.00816265058e-11, 5.25559630538e-12, 5.64037098277e-12, 4.9860250477e-12, 5.11098758801e-12, 3.57834291712e-12, 3.12493802536e-12, 1.63517897139e-12, 8.04317604273e-13, 9.13240078178e-13, 1.56225987008e-12, 4.71818634509e-12], "dvar2": [2.14227370066e-07, 2.52786071542e-06, 6.14523560216e-06, 2.30599857787e-06, 5.62377522328e-07, 8.47474893817e-07, 1.30299255829e-07, 1.04224845643e-07, 9.82136967309e-08, 2.20461977563e-08, 1.14600586798e-08, 1.49414214334e-09, 1.44312450878e-09, 1.88489597264e-08, 1.29150568018e-09, 9.73824487716e-09, 1.9247214933e-09, 2.05732697545e-09, 4.72178918187e-09, 1.5376093454e-10, 4.14763806633e-10, 1.89496779379e-10, 1.19493348549e-09, 2.73972045051e-09, 7.62530455445e-11, 9.43321531999e-11, 1.40675401883e-10, 3.89830147329e-11, 2.28564701887e-11, 1.29860679501e-11, 1.41605399281e-11, 1.23121868603e-11, 1.29376058478e-11, 9.03510252726e-12, 7.81394306898e-12, 3.84648866578e-12, 1.91528325318e-12, 2.25954715008e-12, 4.15788454014e-12, 1.3167436759e-11], "max": [0.00539777055383, 0.0174108650535, 0.0356059893966, 0.0211910735816, 0.00727816205472, 0.0133539000526, 0.00632515409961, 0.015643812716, 0.0179972369224, 0.00792399048805, 0.00566587550566, 0.00102482375223, 0.000785122974776, 0.0030248304829, 0.00148086727131, 0.00216705189086, 0.00493734516203, 0.001186408801, 0.00103837309871, 0.000221556940232, 0.000475237437058, 0.00027407228481, 0.000634447380435, 0.000842088949867, 0.000170305022039, 0.000220265894313, 0.000286098307697, 0.000147351776832, 9.10957969609e-05, 9.38637458603e-05, 0.00010715676035, 8.13680526335e-05, 9.59695607889e-05, 8.69611103553e-05, 4.66950477858e-05, 4.50315419585e-05, 2.49335753324e-05, 3.10351460939e-05, 3.32580457325e-05, 7.88968318375e-05], "mean": [0.000392797868699, 0.00102456356399, 0.00117800873704, 0.000944658066146, 0.000522381393239, 0.000642165483441, 0.000281754124444, 0.000182826872333, 0.000133991328767, 9.98519244604e-05, 7.1341288276e-05, 3.04624318233e-05, 3.26037916238e-05, 9.30126916501e-05, 1.83375195775e-05, 4.55674307887e-05, 1.01331288533e-05, 1.28128531287e-05, 2.48054584517e-05, 5.58218107471e-06, 7.28969143893e-06, 4.51060805062e-06, 4.32614206147e-06, 4.71549128633e-06, 2.53716621046e-06, 2.63580295723e-06, 2.07047241929e-06, 2.17386514123e-06, 1.37008476031e-06, 8.90934870768e-07, 8.57251620801e-07, 7.4943824302e-07, 6.32634225894e-07, 5.71082239276e-07, 5.75713045237e-07, 3.98769657295e-07, 2.92885630415e-07, 2.80511841311e-07, 3.31392072894e-07, 4.46193041626e-07], "median": [0.000266806106083, 0.000506296288222, 0.000452857901109, 0.000499528599903, 0.000276794424281, 0.000237497210037, 9.12346586119e-05, 2.69732099696e-05, 1.69995000761e-05, 1.27563016576e-05, 8.78363425727e-06, 6.96947154211e-06, 6.27540384812e-06, 1.06867419163e-05, 2.4501880489e-06, 3.01002228298e-06, 1.52701625211e-06, 2.57911165136e-06, 3.5872180888e-06, 8.32984710541e-07, 8.9538514203e-07, 8.08836830402e-07, 1.0417223848e-06, 1.00911518075e-06, 5.30779061592e-07, 5.38387325832e-07, 4.71213695619e-07, 3.29628562667e-07, 2.39451480866e-07, 1.7795241547e-07, 1.66408369751e-07, 1.33639105115e-07, 1.06350604767e-07, 9.32972881174e-08, 8.71798988555e-08, 6.00809428875e-08, 3.98049806449e-08, 3.01833047445e-08, 3.43343771192e-08, 3.40140182686e-08], "min": [1.75791657386e-23, 1.58149572101e-23, 7.11687195066e-24, 3.75604287107e-24, 5.61398740214e-24, 6.92436306851e-24, 1.62718039153e-23, 8.97057359335e-24, 3.29985328705e-24, 3.58917117949e-24, 6.74561349828e-24, 7.24578917751e-24, 2.11740885029e-23, 2.24015481828e-23, 1.22922286292e-23, 8.68780403529e-24, 1.15640713595e-23, 2.60564085988e-23, 9.65267479682e-24, 1.25173166779e-23, 2.01762315226e-23, 1.21681534306e-23, 5.67332433614e-24, 1.44082509776e-23, 2.41350226904e-23, 1.05915778351e-23, 5.69755143783e-24, 8.88237263326e-24, 6.58185662398e-24, 8.38669267232e-24, 6.45894223418e-24, 8.80186543358e-24, 6.75568409659e-24, 5.60142913096e-24, 1.17773375387e-23, 1.37772127405e-23, 1.27627470827e-23, 1.10430768522e-23, 1.28230255222e-23, 9.00632713616e-24], "var": [2.13354709899e-07, 2.12195709537e-06, 4.98600093124e-06, 1.8220146103e-06, 4.99174916513e-07, 1.14823751574e-06, 2.64992962684e-07, 4.41397020268e-07, 5.75038711759e-07, 9.47284917174e-08, 5.34249551265e-08, 4.30493196646e-09, 4.96301000297e-09, 5.70568410296e-08, 3.18060378035e-09, 2.24975469365e-08, 8.44207015405e-09, 1.2790950521e-09, 4.45977565988e-09, 2.25143584331e-10, 5.71869551713e-10, 1.55815832459e-10, 2.85677093093e-10, 5.70091196472e-10, 5.01286963328e-11, 5.13040339378e-11, 4.34850384867e-11, 4.7884710086e-11, 1.67052673777e-11, 6.84494084677e-12, 6.58719780111e-12, 5.83484432645e-12, 5.45997925691e-12, 4.12455486432e-12, 3.41986747081e-12, 1.95834060773e-12, 9.89356925378e-13, 1.09387249692e-12, 1.50328577711e-12, 3.60884109055e-12]}, "mfcc": {"mean": [-732.866149902, 149.500640869, 18.9305362701, 28.0476875305, 7.57439279556, 4.6180524826, -1.08582472801, -3.39755034447, -9.10388851166, -6.27819633484, -5.31120443344, -5.83129167557, 0.191150769591], "cov": [[11559.8183594, 148.478713989, -276.960235596, -489.368743896, -391.762390137, 28.9550189972, -81.9380187988, -57.4050598145, 117.841888428, 121.768547058, -56.086353302, -16.2231388092, 22.3532276154], [148.478713989, 1891.74487305, 70.1074447632, -46.7956962585, -127.085700989, 35.560962677, 112.944343567, 29.7742099762, -56.2240905762, 69.7893753052, 17.3775615692, -10.6467809677, 11.5013875961], [-276.960235596, 70.1074447632, 570.182373047, 55.3955459595, 100.973228455, 50.4511795044, 39.2099914551, 42.9997329712, 17.8895740509, -12.8782281876, 27.0701007843, -30.4882335663, 8.16645145416], [-489.368743896, -46.7956962585, 55.3955459595, 371.590820312, 150.753417969, 43.7309494019, 8.16103744507, 0.486709356308, -12.6952438354, -15.5866355896, -22.9472351074, -1.28747439384, -5.22177934647], [-391.762390137, -127.085700989, 100.973228455, 150.753417969, 253.04977417, 37.8113670349, 11.8342037201, -6.83997964859, 14.1008882523, -20.2491569519, -10.3202877045, -19.5015735626, 14.5886363983], [28.9550189972, 35.560962677, 50.4511795044, 43.7309494019, 37.8113670349, 134.996490479, 36.1286621094, 14.1413021088, 1.6029112339, 3.94621133804, -8.04583072662, -8.62806415558, -8.05408477783], [-81.9380187988, 112.944343567, 39.2099914551, 8.16103744507, 11.8342037201, 36.1286621094, 156.405548096, 29.0504684448, -15.2008237839, 18.219789505, 25.6524677277, 3.04992198944, 7.37260627747], [-57.4050598145, 29.7742099762, 42.9997329712, 0.486709356308, -6.83997964859, 14.1413021088, 29.0504684448, 99.1347579956, 9.73991203308, -5.17027568817, 11.2738189697, -2.43611884117, -7.55732917786], [117.841888428, -56.2240905762, 17.8895740509, -12.6952438354, 14.1008882523, 1.6029112339, -15.2008237839, 9.73991203308, 100.516098022, 26.0711727142, -5.94871282578, 1.38670575619, -1.11985874176], [121.768547058, 69.7893753052, -12.8782281876, -15.5866355896, -20.2491569519, 3.94621133804, 18.219789505, -5.17027568817, 26.0711727142, 115.450637817, 32.5126419067, 14.6175079346, 7.92034006119], [-56.086353302, 17.3775615692, 27.0701007843, -22.9472351074, -10.3202877045, -8.04583072662, 25.6524677277, 11.2738189697, -5.94871282578, 32.5126419067, 108.07660675, 29.8526191711, -12.4650850296], [-16.2231388092, -10.6467809677, -30.4882335663, -1.28747439384, -19.5015735626, -8.62806415558, 3.04992198944, -2.43611884117, 1.38670575619, 14.6175079346, 29.8526191711, 90.5270843506, 15.5398664474], [22.3532276154, 11.5013875961, 8.16645145416, -5.22177934647, 14.5886363983, -8.05408477783, 7.37260627747, -7.55732917786, -1.11985874176, 7.92034006119, -12.4650850296, 15.5398664474, 94.4510192871]], "icov": [[9.74118665908e-05, -7.61073010835e-07, 2.36743635469e-05, 8.57786653796e-05, 0.000113315327326, -9.81469056569e-05, 3.46992055711e-05, 5.73565048398e-05, -0.000105337538116, -6.01111823926e-05, 4.73564978165e-05, 4.48342980235e-05, -4.15916547354e-05], [-7.61073010835e-07, 0.000605526554864, -0.000118489544548, -3.36927441822e-05, 0.000365438812878, -8.89452421688e-05, -0.000339279766195, -6.82942991261e-05, 0.000370657013264, -0.00039923764416, 0.000134425747092, 0.000137911105412, -7.5259784353e-05], [2.36743635469e-05, -0.000118489544548, 0.00212786789052, -2.60042270384e-05, -0.000671997026075, -0.000524528382812, -8.1837795733e-05, -0.000648188346531, -0.000524350907654, 0.000487194774905, -0.000983792124316, 0.000832784164231, -0.000476924120449], [8.57786653796e-05, -3.36927441822e-05, -2.60042270384e-05, 0.00388991995715, -0.00228560622782, -0.000576106889639, 0.000166534693562, -0.000283482164377, 0.000966732215602, -0.000448039820185, 0.00116353284102, -0.000971477886196, 0.000831752317026], [0.000113315327326, 0.000365438812878, -0.000671997026075, -0.00228560622782, 0.00649301940575, -0.000993556110188, -0.000506195880007, 0.00121307233348, -0.00154834974092, 0.00106650067028, -0.000786985852756, 0.00153616932221, -0.00155501475092], [-9.81469056569e-05, -8.89452421688e-05, -0.000524528382812, -0.000576106889639, -0.000993556110188, 0.00886411312968, -0.00186838954687, -0.00070781406248, 0.000159430128406, -0.000716501323041, 0.00146967277396, -0.000136967602884, 0.00132456293795], [3.46992055711e-05, -0.000339279766195, -8.1837795733e-05, 0.000166534693562, -0.000506195880007, -0.00186838954687, 0.00808609649539, -0.00208458653651, 0.00151126657147, -0.00108467438258, -0.00149631348904, 0.000132279063109, -0.000940089055803], [5.73565048398e-05, -6.82942991261e-05, -0.000648188346531, -0.000283482164377, 0.00121307233348, -0.00070781406248, -0.00208458653651, 0.0117043294013, -0.00214699120261, 0.00169832014944, -0.00121281540487, 0.000433930574218, 0.000487281824462], [-0.000105337538116, 0.000370657013264, -0.000524350907654, 0.000966732215602, -0.00154834974092, 0.000159430128406, 0.00151126657147, -0.00214699120261, 0.0123423300683, -0.00400705076754, 0.00222929078154, -0.00101136043668, 0.000984533224255], [-6.01111823926e-05, -0.00039923764416, 0.000487194774905, -0.000448039820185, 0.00106650067028, -0.000716501323041, -0.00108467438258, 0.00169832014944, -0.00400705076754, 0.0115310773253, -0.00395764457062, 0.000116927534691, -0.00156533473637], [4.73564978165e-05, 0.000134425747092, -0.000983792124316, 0.00116353284102, -0.000786985852756, 0.00146967277396, -0.00149631348904, -0.00121281540487, 0.00222929078154, -0.00395764457062, 0.0132290339097, -0.00461805285886, 0.00325244222768], [4.48342980235e-05, 0.000137911105412, 0.000832784164231, -0.000971477886196, 0.00153616932221, -0.000136967602884, 0.000132279063109, 0.000433930574218, -0.00101136043668, 0.000116927534691, -0.00461805285886, 0.0137432413176, -0.00327008636668], [-4.15916547354e-05, -7.5259784353e-05, -0.000476924120449, 0.000831752317026, -0.00155501475092, 0.00132456293795, -0.000940089055803, 0.000487281824462, 0.000984533224255, -0.00156533473637, 0.00325244222768, -0.00327008636668, 0.0122694242746]]}, "spectral_contrast_coeffs": {"dmean": [0.0443235933781, 0.0363832004368, 0.0291096605361, 0.0287886243314, 0.0227365642786, 0.0178945884109], "dmean2": [0.072789631784, 0.0575391724706, 0.0448820255697, 0.0448815897107, 0.0345137156546, 0.0268631651998], "dvar": [0.00141808169428, 0.00105730863288, 0.000661926111206, 0.000601516512688, 0.000449779559858, 0.000274910125881], "dvar2": [0.00383480987512, 0.00259155360982, 0.00145100161899, 0.0013530208962, 0.00092224025866, 0.000624346313998], "max": [-0.340638160706, -0.188156321645, -0.435779094696, -0.469605535269, -0.564180672169, -0.630644321442], "mean": [-0.621131837368, -0.653094172478, -0.740309596062, -0.754959642887, -0.778482079506, -0.784911334515], "median": [-0.623335421085, -0.653152942657, -0.749559700489, -0.760892868042, -0.784926176071, -0.786394894123], "min": [-0.967898249626, -0.961244165897, -0.963906824589, -0.97274518013, -0.961135685444, -0.959415853024], "var": [0.00574001669884, 0.00674448814243, 0.00653604930267, 0.00461884588003, 0.00324312713929, 0.00180936220568]}, "spectral_contrast_valleys": {"dmean": [0.342747420073, 0.305138587952, 0.292014241219, 0.333730816841, 0.372527331114, 0.469519853592], "dmean2": [0.551195681095, 0.476518422365, 0.438636541367, 0.453411906958, 0.454006612301, 0.549945950508], "dvar": [0.125287592411, 0.110498718917, 0.0975542217493, 0.123035863042, 0.169864550233, 0.252947181463], 