{"lowlevel": {"average_loudness": 0.953580737114, "barkbands_crest": {"dmean": 3.22605538368, "dmean2": 4.79414653778, "dvar": 10.279086113, "dvar2": 20.3252296448, "max": 26.5155792236, "mean": 16.1940841675, "median": 15.8035087585, "min": 3.37953805923, "var": 34.0448608398}, "barkbands_flatness_db": {"dmean": 0.0634021684527, "dmean2": 0.0901014953852, "dvar": 0.00443462328985, "dvar2": 0.0101744867861, "max": 0.679027974606, "mean": 0.287268429995, "median": 0.277795255184, "min": 0.0260760709643, "var": 0.0168281681836}, "barkbands_kurtosis": {"dmean": 25.8009376526, "dmean2": 38.8972511292, "dvar": 5311.57373047, "dvar2": 13801.4208984, "max": 1566.57836914, "mean": 32.93334198, "median": 10.6827487946, "min": -1.90596234798, "var": 6045.44921875}, "barkbands_skewness": {"dmean": 1.49126923084, "dmean2": 2.04341030121, "dvar": 3.15856051445, "dvar2": 7.16020584106, "max": 28.5776958466, "mean": 3.42325282097, "median": 2.96528434753, "min": -3.67990970612, "var": 10.6626367569}, "barkbands_spread": {"dmean": 5.68953323364, "dmean2": 9.00004959106, "dvar": 78.3551177979, "dvar2": 177.595977783, "max": 117.141822815, "mean": 10.2332019806, "median": 6.61498975754, "min": 0.0707420930266, "var": 140.926361084}, "dissonance": {"dmean": 0.0422884784639, "dmean2": 0.0696199014783, "dvar": 0.002033514902, "dvar2": 0.00482324277982, "max": 0.5, "mean": 0.404263079166, "median": 0.431616306305, "min": 0.0996094420552, "var": 0.00708341225982}, "dynamic_complexity": 3.58755779266, "erbbands_crest": {"dmean": 3.48726129532, "dmean2": 5.62275409698, "dvar": 10.2233037949, "dvar2": 24.6307182312, "max": 31.3154029846, "mean": 12.6496887207, "median": 11.7715349197, "min": 2.53772521019, "var": 34.6849594116}, "erbbands_flatness_db": {"dmean": 0.0458576194942, "dmean2": 0.06477214396, "dvar": 0.0026274046395, "dvar2": 0.00550543423742, "max": 0.540565550327, "mean": 0.215683609247, "median": 0.202117174864, "min": 0.0503252930939, "var": 0.0117894494906}, "erbbands_kurtosis": {"dmean": 3.59985899925, "dmean2": 5.64791345596, "dvar": 45.149848938, "dvar2": 107.646446228, "max": 77.3645401001, "mean": 4.21215248108, "median": 1.29078102112, "min": -1.79632174969, "var": 68.8498764038}, "erbbands_skewness": {"dmean": 0.726363122463, "dmean2": 1.05408394337, "dvar": 0.592355370522, "dvar2": 1.25817930698, "max": 7.52439165115, "mean": 0.644236385822, "median": 0.495930165052, "min": -3.26551890373, "var": 1.81833016872}, "erbbands_spread": {"dmean": 14.3280754089, "dmean2": 21.0289115906, "dvar": 366.875183105, "dvar2": 764.498046875, "max": 177.719558716, "mean": 32.5418319702, "median": 22.6997623444, "min": 0.789952397346, "var": 898.367980957}, "hfc": {"dmean": 7.7118897438, "dmean2": 11.8700771332, "dvar": 147.647415161, "dvar2": 370.468109131, "max": 99.4833908081, "mean": 14.7209911346, "median": 10.5479364395, "min": 1.14327358848e-16, "var": 205.0831604}, "melbands_crest": {"dmean": 3.66710209846, "dmean2": 5.66006469727, "dvar": 12.7531223297, "dvar2": 26.9090995789, "max": 34.7190818787, "mean": 20.1759223938, "median": 19.3720149994, "min": 1.49748122692, "var": 45.9962768555}, "melbands_flatness_db": {"dmean": 0.0734752342105, "dmean2": 0.104512855411, "dvar": 0.00624830136076, "dvar2": 0.0143425669521, "max": 0.869005024433, "mean": 0.399102210999, "median": 0.392479926348, "min": 0.00172024243511, "var": 0.0240526162088}, "melbands_kurtosis": {"dmean": 36.8781433105, "dmean2": 53.5268592834, "dvar": 6889.98730469, "dvar2": 15229.7568359, "max": 1519.28027344, "mean": 55.5494766235, "median": 21.7905483246, "min": -1.81837677956, "var": 11251.0058594}, "melbands_skewness": {"dmean": 1.58690667152, "dmean2": 2.21564102173, "dvar": 3.72296786308, "dvar2": 6.93478488922, "max": 28.7919387817, "mean": 4.27128362656, "median": 3.74121713638, "min": -3.44875502586, "var": 14.6530609131}, "melbands_spread": {"dmean": 4.6427116394, "dmean2": 7.59760904312, "dvar": 75.3092041016, "dvar2": 191.896774292, "max": 148.48991394, "mean": 9.79700946808, "median": 5.25615787506, "min": 0.180186316371, "var": 166.626464844}, "pitch_salience": {"dmean": 0.101772993803, "dmean2": 0.16305808723, "dvar": 0.0145444655791, "dvar2": 0.0333193466067, "max": 0.965140938759, "mean": 0.392493486404, "median": 0.401918202639, "min": 0.0642706155777, "var": 0.0287711787969}, "silence_rate_20dB": {"dmean": 0, "dmean2": 0, "dvar": 0, "dvar2": 0, "max": 1, "mean": 1, "median": 1, "min": 1, "var": 0}, "silence_rate_30dB": {"dmean": 0.114774726331, "dmean2": 0.229607254267, "dvar": 0.101604193449, "dvar2": 0.182432889938, "max": 1, "mean": 0.715400099754, "median": 1, "min": 0, "var": 0.203600049019}, "silence_rate_60dB": {"dmean": 0.0236597023904, "dmean2": 0.0473313182592, "dvar": 0.0230997167528, "dvar2": 0.0536528229713, "max": 1, "mean": 0.055108204484, "median": 0, "min": 0, "var": 0.0520709902048}, "spectral_centroid": {"dmean": 239.735702515, "dmean2": 368.812408447, "dvar": 144008.734375, "dvar2": 298285.84375, "max": 11566.6123047, "mean": 711.801513672, "median": 522.174194336, "min": 88.6472320557, "var": 381049.84375}, "spectral_complexity": {"dmean": 3.25899815559, "dmean2": 5.72306156158, "dvar": 26.4800109863, "dvar2": 70.9822616577, "max": 44, "mean": 9.18772029877, "median": 8, "min": 0, "var": 34.5120239258}, "spectral_decrease": {"dmean": 7.84363773931e-09, "dmean2": 8.79369466134e-09, "dvar": 1.07539686795e-16, "dvar2": 1.81624748547e-16, "max": -3.50087871664e-29, "mean": -1.88717415028e-08, "median": -1.2265489957e-08, "min": -9.35109909506e-08, "var": 3.7800909914e-16}, "spectral_energy": {"dmean": 0.0299567803741, "dmean2": 0.0335689224303, "dvar": 0.00154285121243, "dvar2": 0.00259827333502, "max": 0.356090724468, "mean": 0.0725614354014, "median": 0.0482115149498, "min": 1.0636945718e-20, "var": 0.00549294427037}, "spectral_energyband_high": {"dmean": 0.000509219593368, "dmean2": 0.000853898294736, "dvar": 9.43367297168e-07, "dvar2": 2.34407116295e-06, "max": 0.00628280220553, "mean": 0.000473067833809, "median": 3.9246158849e-05, "min": 7.60309764715e-21, "var": 8.71539555192e-07}, "spectral_energyband_low": {"dmean": 0.0296612065285, "dmean2": 0.0368505865335, "dvar": 0.00209502130747, "dvar2": 0.00404954189435, "max": 0.349002122879, "mean": 0.0615459904075, "median": 0.0338874645531, "min": 5.22533354128e-23, "var": 0.00522965192795}, "spectral_energyband_middle_high": {"dmean": 0.00124458828941, "dmean2": 0.00229225447401, "dvar": 6.24357517154e-06, "dvar2": 1.8142596673e-05, "max": 0.0218079425395, "mean": 0.00191924767569, "median": 0.000721745076589, "min": 1.51933974208e-21, "var": 7.75805801823e-06}, "spectral_energyband_middle_low": {"dmean": 0.00837722793221, "dmean2": 0.0149879306555, "dvar": 0.000412995403167, "dvar2": 0.001156472601, "max": 0.132255628705, "mean": 0.0118667539209, "median": 0.0058317175135, "min": 3.05918062856e-22, "var": 0.000312347809086}, "spectral_entropy": {"dmean": 0.494052499533, "dmean2": 0.725705265999, "dvar": 0.336049199104, "dvar2": 0.74379336834, "max": 9.80504703522, "mean": 6.76040458679, "median": 6.77967071533, "min": 4.10432624817, "var": 1.07234358788}, "spectral_flux": {"dmean": 0.0571108534932, "dmean2": 0.0794917345047, "dvar": 0.00427264161408, "dvar2": 0.00717425905168, "max": 0.563784182072, "mean": 0.114987663925, "median": 0.0733201503754, "min": 1.04121621047e-10, "var": 0.0116592403501}, "spectral_kurtosis": {"dmean": 17.3447036743, "dmean2": 26.9948749542, "dvar": 816.423034668, "dvar2": 1820.56030273, "max": 362.291778564, "mean": 32.7056274414, "median": 8.22632408142, "min": -1.19269955158, "var": 3242.80078125}, "spectral_rms": {"dmean": 0.0016058756737, "dmean2": 0.00178537366446, "dvar": 2.91608193947e-06, "dvar2": 4.0043255467e-06, "max": 0.0186388194561, "mean": 0.00725816609338, "median": 0.00685825012624, "min": 3.22141402095e-12, "var": 1.81106388482e-05}, "spectral_rolloff": {"dmean": 293.277526855, "dmean2": 519.346435547, "dvar": 949054.25, "dvar2": 2211599.25, "max": 18992.2851562, "mean": 581.313842773, "median": 215.33203125, "min": 64.599609375, "var": 1398709}, "spectral_skewness": {"dmean": 1.15372800827, "dmean2": 1.68385910988, "dvar": 1.88141870499, "dvar2": 4.34967279434, "max": 15.1671152115, "mean": 3.4433119297, "median": 2.49282932281, "min": -0.0448192320764, "var": 7.71185398102}, "spectral_spread": {"dmean": 1589790.75, "dmean2": 2002835.125, "dvar": 3308114935810.0, "dvar2": 5568982417410.0, "max": 39758768, "mean": 4420320, "median": 3980343, "min": 219222.78125, "var": 10322536562700.0}, "spectral_strongpeak": {"dmean": 0.356172323227, "dmean2": 0.58537209034, "dvar": 0.221320420504, "dvar2": 0.586651742458, "max": 4.0338640213, "mean": 0.712875902653, "median": 0.541531264782, "min": 0, "var": 0.419528782368}, "zerocrossingrate": {"dmean": 0.00984280649573, "dmean2": 0.0122269457206, "dvar": 0.000286233844236, "dvar2": 0.000389358407119, "max": 0.83984375, "mean": 0.0284367930144, "median": 0.01953125, "min": 0.001953125, "var": 0.0013328792993}, "barkbands": {"dmean": [0.000728741812054, 0.0238076858222, 0.009416596964, 0.00379296927713, 0.00337288342416, 0.0010018151952, 0.000374295923393, 0.000675941759255, 0.000700787466485, 0.000403772253776, 0.000228294884437, 0.000315055804094, 0.000125844933791, 0.000102033271105, 8.20746208774e-05, 8.82764579728e-05, 5.76551501581e-05, 4.72924875794e-05, 4.17891060351e-05, 5.84307053941e-05, 7.50419567339e-05, 4.37207454524e-05, 7.63750867918e-05, 9.7434160125e-05, 0.000129071966512, 6.95969138178e-05, 6.01860938332e-06], "dmean2": [0.000938020821195, 0.0311808306724, 0.0155877899379, 0.00692141754553, 0.0060944352299, 0.00175212894101, 0.00067867670441, 0.00109569926281, 0.00108341651503, 0.000724047131371, 0.000427753955591, 0.000539867207408, 0.000232909616898, 0.000188827340025, 0.000155175555847, 0.00016840932949, 0.000105778432044, 8.8210173999e-05, 7.69630059949e-05, 0.000107397849206, 0.000138179078931, 7.2903916589e-05, 0.000126419356093, 0.000161899355589, 0.000214664818486, 0.000113994981803, 9.77836953098e-06], "dvar": [1.37233666919e-06, 0.00157468009274, 0.000444078672444, 9.00308587006e-05, 8.54872778291e-05, 5.70786369281e-06, 4.35147001099e-07, 1.32876107273e-06, 1.31106276058e-06, 8.70793599006e-07, 3.32154968419e-07, 3.93725173353e-07, 6.40535802177e-08, 5.39943521005e-08, 3.83520060154e-08, 7.58771534493e-08, 1.48282728318e-08, 1.14149196762e-08, 7.09902847618e-09, 1.60513895509e-08, 3.61088190459e-08, 5.75558001259e-09, 2.3668565774e-08, 4.01628383884e-08, 7.57410276719e-08, 2.03829344514e-08, 1.62612173726e-10], "dvar2": [2.22988637688e-06, 0.00290280464105, 0.00115330494009, 0.0002498877584, 0.00024345361453, 1.61085736181e-05, 1.36718381327e-06, 3.3718818031e-06, 2.84725751953e-06, 2.60642673311e-06, 9.61391720011e-07, 1.04615958207e-06, 1.81488630346e-07, 1.54253697815e-07, 1.10670640652e-07, 2.19989388484e-07, 4.15428011991e-08, 3.18088275719e-08, 2.00474747913e-08, 4.49868728936e-08, 1.02960292736e-07, 1.4357964595e-08, 5.69242075699e-08, 1.02152888815e-07, 1.88421566349e-07, 4.89549520921e-08, 3.93784282959e-10], "max": [0.00869294535369, 0.27107834816, 0.139602065086, 0.0567040480673, 0.062938220799, 0.0174519233406, 0.00843917671591, 0.0158471744508, 0.0267004668713, 0.0193118173629, 0.00449059577659, 0.010165983811, 0.00220100372098, 0.00245122541673, 0.00143679790199, 0.00209844158962, 0.00107847806066, 0.00130858807825, 0.00103715993464, 0.00103980419226, 0.00137658347376, 0.000914066971745, 0.00116578617599, 0.00145778828301, 0.0020422663074, 0.000917731144, 0.000108624095446], "mean": [0.000933742790949, 0.0453318618238, 0.01215162687, 0.00398101937026, 0.00309393834323, 0.00104778714012, 0.000410954584368, 0.00133309676312, 0.00177536217961, 0.000721299205907, 0.000211415244848, 0.000569925003219, 0.000123200064991, 9.70392284216e-05, 7.21806718502e-05, 6.39318313915e-05, 6.67662679916e-05, 4.16515831603e-05, 4.02047990065e-05, 5.29326098331e-05, 6.40566577204e-05, 5.20206558576e-05, 7.27998558432e-05, 8.59878055053e-05, 0.000104266371636, 5.69851617911e-05, 5.43757732885e-06], "median": [0.000180948525667, 0.0201700180769, 0.00167588994373, 0.00031318544643, 0.000873398850672, 0.000358202378266, 0.000170210230863, 0.000450792431366, 0.000487768847961, 8.09232296888e-05, 6.28439011052e-05, 9.24712221604e-05, 2.93491066259e-05, 2.27869386435e-05, 1.44706300489e-05, 7.68074005464e-06, 1.08903195724e-05, 4.67390236736e-06, 3.13570194521e-06, 3.02257467411e-06, 3.26516556015e-06, 4.31571515946e-06, 5.46918636246e-06, 5.42983980267e-06, 4.43477802037e-06, 2.27555756283e-06, 8.9721353902e-08], "min": [6.67735730845e-24, 1.11466913655e-23, 2.61047894381e-23, 1.11633915508e-23, 1.18300320272e-22, 3.96933066501e-23, 2.34911701968e-23, 2.55813676057e-23, 4.54163726106e-23, 1.25967186835e-23, 5.48799298383e-23, 6.43870668979e-23, 1.16541236184e-22, 8.31511900685e-23, 1.05681246848e-22, 8.21973057728e-23, 1.12036259814e-22, 2.15921099987e-22, 1.64152538533e-22, 2.56361063483e-22, 4.58256494254e-22, 4.87031666209e-22, 5.17355883302e-22, 7.27957359728e-22, 1.27126078409e-21, 1.62136376666e-21, 2.24586301579e-21], "var": [2.97802716887e-06, 0.00339855393395, 0.000467263511382, 6.76127237966e-05, 5.33736129e-05, 4.28431394539e-06, 4.33998877725e-07, 3.62969672096e-06, 7.8841121649e-06, 3.63598019248e-06, 2.11286447893e-07, 1.39011854117e-06, 5.87877657665e-08, 4.42856702421e-08, 2.58112997642e-08, 4.26799395825e-08, 1.48197942806e-08, 1.0100002612e-08, 6.75492151103e-09, 1.27685124696e-08, 2.51063010381e-08, 8.81027872879e-09, 2.28607071051e-08, 3.4985831121e-08, 6.44618438628e-08, 1.82699935181e-08, 1.61869948001e-10]}, "erbbands": {"dmean": [0.649942815304, 6.228556633, 12.4213323593, 12.4476327896, 11.5118160248, 11.1534566879, 7.61717510223, 8.45055961609, 7.85776138306, 4.12773513794, 21.4833812714, 11.7949266434, 12.1237411499, 9.91622924805, 8.40248203278, 13.8364143372, 6.27324342728, 5.47108030319, 4.63788175583, 4.30794858932, 4.51964044571, 3.22263050079, 2.45347809792, 2.55770683289, 2.04172492027, 2.80907464027, 3.62121510506, 2.21737790108, 1.75260353088, 2.27952098846, 1.85650765896, 1.98561418056, 1.61100757122, 1.44725108147, 0.903839588165, 0.39658460021, 0.111502051353, 0.0158938411623, 0.00100980664138, 4.7764791816e-05], "dmean2": [0.784378886223, 8.35824203491, 20.6940326691, 20.6637134552, 20.6564559937, 20.3985176086, 12.8145847321, 15.0996751785, 14.1183738708, 6.4118642807, 33.7523498535, 19.0191650391, 21.7582759857, 18.5127696991, 15.6453409195, 23.7568302155, 11.5464401245, 10.1132707596, 8.71714305878, 8.20873069763, 8.56193161011, 5.95222377777, 4.52156066895, 4.80711603165, 3.73171448708, 5.19040060043, 6.73581504822, 3.97935843468, 2.98556685448, 3.74410057068, 3.07354593277, 3.31673741341, 2.64735627174, 2.4412150383, 1.5038561821, 0.65389674902, 0.180820271373, 0.0256523005664, 0.00161737622693, 6.16568431724e-05], "dvar": [0.787320673466, 131.079208374, 865.515197754, 675.797546387, 921.263244629, 1041.70654297, 337.827667236, 422.763793945, 199.789352417, 70.3254928589, 1367.36425781, 353.893585205, 782.176391602, 511.75012207, 433.632720947, 790.638000488, 135.410568237, 142.33291626, 129.998840332, 117.975120544, 156.118362427, 47.114074707, 28.9415874481, 31.1698684692, 18.4611053467, 36.3632583618, 91.3432846069, 25.6853046417, 9.65857219696, 21.1002960205, 12.0000610352, 15.7819433212, 11.4522571564, 10.1002693176, 3.73797369003, 0.739835321903, 0.048966165632, 0.000997427618131, 4.23310848419e-06, 4.12162126651e-09], "dvar2": [1.01112210751, 269.284088135, 2256.0065918, 1702.83105469, 2594.25366211, 2996.98681641, 948.062561035, 1192.45336914, 604.514099121, 154.486450195, 3311.16967773, 828.894836426, 2283.53833008, 1495.34545898, 1251.5579834, 2091.10327148, 385.790435791, 405.037536621, 376.146087646, 338.053741455, 450.491088867, 131.814651489, 80.0333557129, 88.9861373901, 51.7542877197, 101.662826538, 262.299957275, 71.7661209106, 25.154876709, 51.4248695374, 28.5377159119, 39.8106842041, 28.9188251495, 25.8513050079, 9.24247837067, 1.77801334858, 0.117295607924, 0.00242700544186, 9.98941050057e-06, 7.77596920187e-09], "max": [6.79186153412, 74.8687820435, 172.772079468, 173.101470947, 204.744857788, 226.419647217, 142.586761475, 150.736999512, 207.544677734, 159.743713379, 731.269348145, 407.63760376, 600.460388184, 236.701751709, 164.860626221, 501.780822754, 100.800827026, 116.085510254, 89.201423645, 78.3871459961, 88.4179153442, 58.182056427, 78.4741973877, 52.5928382874, 58.9813461304, 48.9776649475, 78.1072006226, 39.9832954407, 31.4965686798, 38.46534729, 26.3671703339, 29.5919647217, 23.2492465973, 23.5783538818, 13.5350618362, 6.00610113144, 1.25043702126, 0.273854911327, 0.0176946744323, 0.000731249863748], "mean": [1.30540275574, 10.0431184769, 13.7442512512, 18.0195598602, 10.0702352524, 9.67209720612, 8.58298969269, 8.12279415131, 8.81128406525, 8.45632553101, 51.4180526733, 28.6434879303, 21.5004959106, 12.3427972794, 9.24029159546, 25.4410228729, 8.06012248993, 5.3917183876, 4.37709379196, 3.42135453224, 3.82093954086, 3.48648142815, 2.21628880501, 2.19689655304, 2.15240740776, 2.49690175056, 2.97066855431, 2.10477781296, 1.90881478786, 2.28976249695, 1.83158016205, 1.76261901855, 1.42782497406, 1.1684063673, 0.724681317806, 0.31806448102, 0.0925049260259, 0.0140771036968, 0.000960915233009, 0.000102061669168], "median": [0.591068148613, 4.10202980042, 2.60847616196, 2.0163025856, 2.36753702164, 2.40093636513, 2.44709062576, 2.5996825695, 3.51872205734, 3.01736116409, 16.3562088013, 10.3645839691, 3.52056980133, 2.71445894241, 3.14596819878, 4.00243091583, 2.22481894493, 1.46977186203, 0.979480028152, 0.585538387299, 0.618645608425, 0.655850350857, 0.346636116505, 0.205101728439, 0.15498611331, 0.142612144351, 0.131832093, 0.124736621976, 0.154302015901, 0.1554479599, 0.159208416939, 0.118165344, 0.0843045413494, 0.0557787641883, 0.0279221758246, 0.0116236722097, 0.00374265573919, 0.000507832504809, 6.58850403852e-05, 6.88726868248e-05], "min": [2.18524391461e-22, 1.39776368006e-21, 1.94290605657e-20, 5.00038079677e-20, 1.20183216698e-19, 6.24767086818e-19, 2.543136808e-19, 2.43644110723e-19, 1.93023474819e-19, 5.82113208339e-19, 4.57204438049e-19, 1.13587294003e-18, 8.60691508625e-19, 9.48458008255e-19, 2.82007749747e-18, 2.52134142604e-18, 5.33239293545e-18, 4.31592072511e-18, 5.98357598343e-18, 6.31432663291e-18, 6.18791275579e-18, 6.85320791861e-18, 1.23487585076e-17, 8.67651582075e-18, 9.32560196588e-18, 1.19264067043e-17, 1.84668187558e-17, 1.4880142113e-17, 1.62837286462e-17, 2.01307537693e-17, 1.38526282823e-17, 1.31180505393e-17, 1.38599355958e-17, 1.47305961301e-17, 8.66838049943e-18, 5.99903598908e-18, 2.685393055e-18, 1.12537911998e-18, 3.12116803511e-19, 2.97921666879e-20], "var": [2.57364320755, 209.329483032, 740.142150879, 913.315917969, 588.688781738, 623.198669434, 273.645355225, 295.215270996, 214.823455811, 275.141143799, 5800.46630859, 1774.5267334, 2864.01757812, 652.451477051, 316.697387695, 2956.45654297, 174.026596069, 118.577842712, 97.4295272827, 72.143913269, 94.2292022705, 42.7155952454, 27.3190841675, 23.6500606537, 20.01212883, 28.0275096893, 59.8543052673, 20.7058238983, 12.2473564148, 21.208316803, 12.6012220383, 14.0117645264, 10.0900373459, 8.22236728668, 3.18652462959, 0.649580299854, 0.0449744537473, 0.000961320183706, 4.45379737357e-06, 1.11267839387e-08]}, "gfcc": {"mean": [-83.6493911743, 140.17137146, -65.4485397339, 11.3639879227, -38.2986526489, 25.9998435974, -15.4919834137, 13.430475235, -10.0460557938, 1.2402459383, -9.72543716431, -2.35812211037, -9.67354011536], "cov": [[15316.8847656, -6468.80371094, 798.05456543, 2537.2734375, -1507.44885254, 1423.12792969, -1115.57019043, 581.085876465, -1252.93322754, 526.692382812, -905.928466797, 469.211029053, -611.484680176], [-6468.80371094, 5664.92285156, -68.0893554688, -1838.49072266, 1036.18029785, -1115.2322998, 552.533874512, -361.224182129, 963.86315918, -392.190765381, 524.582519531, -471.635894775, 450.062988281], [798.05456543, -68.0893554688, 2032.71203613, 251.867996216, 21.1840667725, 325.234344482, -122.315544128, 140.164154053, 100.957069397, 105.605422974, -118.505584717, -49.2478408813, -61.1000480652], [2537.2734375, -1838.49072266, 251.867996216, 1208.59008789, -228.147628784, 393.232818604, -53.8147468567, 54.8494377136, -325.160797119, 125.843650818, -82.0036087036, 173.95173645, -115.177581787], [-1507.44885254, 1036.18029785, 21.1840667725, -228.147628784, 727.520141602, -19.4841594696, 144.315979004, -61.4716644287, 206.268081665, -85.4347991943, 177.982345581, -41.7822875977, 82.3786087036], [1423.12792969, -1115.2322998, 325.234344482, 393.232818604, -19.4841594696, 536.213500977, -82.6514511108, 137.298110962, -145.037185669, 69.9899749756, -102.561332703, 109.816459656, -104.244812012], [-1115.57019043, 552.533874512, -122.315544128, -53.8147468567, 144.315979004, -82.6514511108, 316.957336426, -23.6414413452, 155.540237427, -22.3536834717, 116.549888611, -53.6865692139, 75.3316116333], [581.085876465, -361.224182129, 140.164154053, 54.8494377136, -61.4716644287, 137.298110962, -23.6414413452, 185.718200684, 41.4532470703, 72.1384963989, -51.9820747375, 7.12839412689, -52.9166297913], [-1252.93322754, 963.86315918, 100.957069397, -325.160797119, 206.268081665, -145.037185669, 155.540237427, 41.4532470703, 330.082244873, 11.6716985703, 104.651191711, -117.686790466, 55.0298957825], [526.692382812, -392.190765381, 105.605422974, 125.843650818, -85.4347991943, 69.9899749756, -22.3536834717, 72.1384963989, 11.6716985703, 146.909500122, -12.4816970825, 19.870885849, -49.3192367554], [-905.928466797, 524.582519531, -118.505584717, -82.0036087036, 177.982345581, -102.561332703, 116.549888611, -51.9820747375, 104.651191711, -12.4816970825, 177.536346436, 21.6598567963, 52.3609390259], [469.211029053, -471.635894775, -49.2478408813, 173.95173645, -41.7822875977, 109.816459656, -53.6865692139, 7.12839412689, -117.686790466, 19.870885849, 21.6598567963, 146.452224731, -12.076713562], [-611.484680176, 450.062988281, -61.1000480652, -115.177581787, 82.3786087036, -104.244812012, 75.3316116333, -52.9166297913, 55.0298957825, -49.3192367554, 52.3609390259, -12.076713562, 109.890274048]], "icov": [[0.000229564117035, -0.000228082993999, 9.82520723483e-05, -0.000442074466264, 0.000147102138726, -0.000247827119892, 0.000442979886429, -0.000496211810969, 0.000473110121675, -0.000535396393389, 0.000645255146082, -0.000130599233671, 0.000115823444503], [-0.000228082993999, 0.00236744526774, -0.000642645114567, 0.00168961298186, -0.000747387413867, 0.00156655360479, -0.000449668004876, 0.00178114697337, -0.00280727236532, 0.00308996788226, -0.00319918384776, 0.00214314227924, -0.00178683095146], [9.82520723483e-05, -0.000642645114567, 0.000870723393746, -0.000758109323215, 0.000237234446104, -0.00095576728927, 0.00074966851389, -0.00030005199369, -0.00012161306222, -0.00100215349812, 0.0012624146184, -0.00025698452373, 0.00010672758799], [-0.000442074466264, 0.00168961298186, -0.000758109323215, 0.00331036234275, -0.000562240486033, 0.000732904125471, -0.0018868916668, 0.00166839291342, -0.000236979307374, 0.00135902490001, -0.00321208499372, 0.00122835265938, -0.00072398915654], [0.000147102138726, -0.000747387413867, 0.000237234446104, -0.000562240486033, 0.00287829572335, -0.00197216216475, 0.000803602160886, 0.000117264105938, -0.000373619201127, 0.000312958029099, -0.00144304614514, 0.000324867316522, -4.9975089496e-05], [-0.000247827119892, 0.00156655360479, -0.00095576728927, 0.000732904125471, -0.00197216216475, 0.005986162927, -0.00173683895264, -0.0010194235947, -0.000880155130289, 0.00215757871047, 0.000649577879813, -0.00199023098685, 0.00117943342775], [0.000442979886429, -0.000449668004876, 0.00074966851389, -0.0018868916668, 0.000803602160886, -0.00173683895264, 0.00729991029948, -0.000983753940091, -0.00137943413574, -0.000310804316541, -0.00235455692746, 0.00291692535393, -0.00298843882047], [-0.000496211810969, 0.00178114697337, -0.00030005199369, 0.00166839291342, 0.000117264105938, -0.0010194235947, -0.000983753940091, 0.0132941715419, -0.00852620787919, 0.000666376959998, 0.00159721879754, -0.00205165497027, 0.00112919253297], [0.000473110121675, -0.00280727236532, -0.00012161306222, -0.000236979307374, -0.000373619201127, -0.000880155130289, -0.00137943413574, -0.00852620787919, 0.0174600053579, -0.00705993361771, -0.00269416556694, 0.0055404920131, 7.96636231826e-05], [-0.000535396393389, 0.00308996788226, -0.00100215349812, 0.00135902490001, 0.000312958029099, 0.00215757871047, -0.000310804316541, 0.000666376959998, -0.00705993361771, 0.0155454557389, -0.00574460579082, 0.00118632847443, 0.00095876690466], [0.000645255146082, -0.00319918384776, 0.0012624146184, -0.00321208499372, -0.00144304614514, 0.000649577879813, -0.00235455692746, 0.00159721879754, -0.00269416556694, -0.00574460579082, 0.023281596601, -0.0144524881616, 0.00419882312417], [-0.000130599233671, 0.00214314227924, -0.00025698452373, 0.00122835265938, 0.000324867316522, -0.00199023098685, 0.00291692535393, -0.00205165497027, 0.0055404920131, 0.00118632847443, -0.0144524881616, 0.021250013262, -0.00649899197742], [0.000115823444503, -0.00178683095146, 0.00010672758799, -0.00072398915654, -4.9975089496e-05, 0.00117943342775, -0.00298843882047, 0.00112919253297, 7.96636231826e-05, 0.00095876690466, 0.00419882312417, -0.00649899197742, 0.0177872795612]]}, "melbands": {"dmean": [0.00603888137266, 0.00726938201115, 0.00197008880787, 0.00085200968897, 0.00030445487937, 0.000194677821128, 0.000103545819002, 5.07180520799e-05, 0.000205252828891, 6.5014748543e-05, 6.17635596427e-05, 4.17530573031e-05, 2.91144915536e-05, 3.31852461386e-05, 2.73727728199e-05, 1.12905499918e-05, 1.0225461665e-05, 7.58312262406e-06, 5.94265929976e-06, 6.09861990597e-06, 5.1605779845e-06, 3.63171784556e-06, 2.33725609178e-06, 2.24493896894e-06, 2.12849431591e-06, 1.47242201365e-06, 1.52734401127e-06, 1.97339909391e-06, 2.43586123361e-06, 1.79064068107e-06, 1.13271642022e-06, 9.96141125142e-07, 8.80785421487e-07, 1.52574978074e-06, 1.0267150401e-06, 1.21181517443e-06, 1.23793245166e-06, 1.02232070276e-06, 1.28073997985e-06, 1.25007636598e-06], "dmean2": [0.00729911215603, 0.0109141496941, 0.00323279667646, 0.00156653788872, 0.000513433245942, 0.000347855355358, 0.000185284443432, 7.83999857958e-05, 0.000319824262988, 0.000106247629446, 0.000110889202915, 7.75512235123e-05, 5.46932460566e-05, 5.75889171159e-05, 4.75339402328e-05, 2.11030819628e-05, 1.88072281162e-05, 1.41837354022e-05, 1.12480202006e-05, 1.16181608973e-05, 9.72866382654e-06, 6.63612763674e-06, 4.32353363067e-06, 4.17113551521e-06, 4.00616863772e-06, 2.70652753898e-06, 2.7632909223e-06, 3.64789934792e-06, 4.56908992419e-06, 3.27639486386e-06, 2.01509806175e-06, 1.70129874277e-06, 1.45329636325e-06, 2.53904886449e-06, 1.69778525105e-06, 2.01270404432e-06, 2.08432174986e-06, 1.6589177676e-06, 2.11508449866e-06, 2.13808516492e-06], "dvar": [7.20174866728e-05, 0.000234378894675, 1.69405157067e-05, 5.81638323638e-06, 5.66776122923e-07, 1.99890862973e-07, 3.42189991898e-08, 1.08704112378e-08, 1.24469494267e-07, 1.08420383782e-08, 2.09625330427e-08, 8.87831230756e-09, 5.62696378381e-09, 4.9067718777e-09, 2.71206568314e-09, 5.85377635254e-10, 4.98068530863e-10, 3.55124152307e-10, 1.94777138862e-10, 3.59384105808e-10, 1.75689504611e-10, 6.19060844254e-11, 2.55931404541e-11, 2.82848796468e-11, 2.06160557376e-11, 9.16550516039e-12, 1.01199534863e-11, 1.76765720117e-11, 4.36213218324e-11, 1.82561465945e-11, 6.59678301568e-12, 3.10090820209e-12, 2.64435803983e-12, 1.06960759694e-11, 3.9561357662e-12, 5.27430312966e-12, 6.56473920363e-12, 4.15096559556e-12, 8.14980288116e-12, 7.98481506609e-12], "dvar2": [0.000103118247353, 0.000570946023799, 4.17335286329e-05, 1.66430963873e-05, 1.59948353939e-06, 5.64225558719e-07, 1.02401848778e-07, 2.4004657817e-08, 2.91419411269e-07, 2.60182382306e-08, 6.17168183226e-08, 2.61495056719e-08, 1.62864797204e-08, 1.28853656634e-08, 7.39005745487e-09, 1.67650715532e-09, 1.41641243179e-09, 1.025578511e-09, 5.58543766793e-10, 1.04254371802e-09, 5.03966257615e-10, 1.72749689553e-10, 7.08502770341e-11, 7.96169033479e-11, 5.89407203599e-11, 2.58954298976e-11, 2.80189794977e-11, 4.93828103409e-11, 1.25661453465e-10, 5.15016709834e-11, 1.83462828263e-11, 8.12991427651e-12, 6.68318742361e-12, 2.60262592727e-11, 9.33444294082e-12, 1.33948060976e-11, 1.67487152619e-11, 1.03248208594e-11, 2.07294442028e-11, 2.09131479495e-11], "max": [0.068454682827, 0.0902519598603, 0.0256152153015, 0.0162346810102, 0.0052921725437, 0.00326672941446, 0.00272754719481, 0.00186372210737, 0.00762448785827, 0.00208031060174, 0.00313839945011, 0.00122715451289, 0.000588874390814, 0.00119620910846, 0.00104355579242, 0.000213996157981, 0.000233933984418, 0.000157015369041, 9.96363160084e-05, 0.000154805835336, 0.000103239683085, 6.88781874487e-05, 7.16589493095e-05, 6.80515295244e-05, 4.24118443334e-05, 3.82235521101e-05, 3.82749421988e-05, 3.23924687109e-05, 5.49383657926e-05, 4.04670936405e-05, 1.94377244043e-05, 2.01718285098e-05, 1.91654544324e-05, 2.50529283221e-05, 1.65845103766e-05, 1.56320274982e-05, 1.95012416953e-05, 1.47086138895e-05, 2.26144093176e-05, 2.03506897378e-05], "mean": [0.012513612397, 0.00975560862571, 0.00282685342245, 0.000698576972354, 0.000333652016707, 0.000195690416149, 0.000117581774248, 9.74089853116e-05, 0.000507347285748, 0.000149990737555, 0.000108660598926, 5.63519752177e-05, 2.69335705525e-05, 5.68153191125e-05, 4.72596293548e-05, 1.04636646938e-05, 9.82945675787e-06, 7.06663058736e-06, 5.03396449858e-06, 4.41865131506e-06, 4.54089558843e-06, 4.17088585891e-06, 1.98683096642e-06, 1.97019926418e-06, 1.75580714767e-06, 1.4876241039e-06, 1.56982343924e-06, 1.66508903021e-06, 1.92648576558e-06, 1.5549607042e-06, 1.10034886802e-06, 1.0807440276e-06, 9.86533791547e-07, 1.44290993376e-06, 1.03383536043e-06, 1.08372273644e-06, 1.07245500658e-06, 9.40117104165e-07, 1.05253241145e-06, 9.82070673672e-07], "median": [0.00574032031, 0.00336840935051, 0.000359243771527, 0.000180232731509, 9.19232552405e-05, 6.85759587213e-05, 4.75404231111e-05, 2.29196448345e-05, 0.000156984780915, 5.003654951e-05, 1.16382343549e-05, 9.59143653745e-06, 7.79378751758e-06, 9.36413562158e-06, 9.64126775216e-06, 2.07936727747e-06, 2.47921934715e-06, 1.42953558679e-06, 1.05324807009e-06, 4.18531840296e-07, 6.76829131407e-07, 6.77773641655e-07, 3.32170628781e-07, 1.96274271502e-07, 1.52684549448e-07, 1.12068512692e-07, 1.08756069039e-07, 8.69653078439e-08, 7.5028737001e-08, 7.88578162769e-08, 7.32612335241e-08, 8.64650075982e-08, 8.35458280335e-08, 8.82586306261e-08, 8.84544135715e-08, 7.81928193305e-08, 6.83510563704e-08, 5.89159832032e-08, 5.53414665205e-08, 4.11342213624e-08], "min": [4.35476739332e-24, 7.75801944024e-24, 7.98635365153e-24, 2.86269544569e-23, 1.31666099452e-23, 6.31874745183e-24, 3.12640170666e-24, 6.54991170162e-24, 3.54032925097e-24, 6.11841780267e-24, 3.38883443058e-24, 3.12338865243e-24, 8.8265993784e-24, 8.74459176527e-24, 7.34230394268e-24, 1.17152975728e-23, 7.24669636755e-24, 9.27269154283e-24, 8.5144147749e-24, 5.25956205819e-24, 8.35759238239e-24, 6.29732593395e-24, 1.04634668241e-23, 9.11634720002e-24, 6.96220157069e-24, 5.46867685682e-24, 6.28581566448e-24, 6.64115095949e-24, 9.9024526141e-24, 1.25167218768e-23, 7.35186335913e-24, 8.27567548827e-24, 1.12080552776e-23, 9.43402858631e-24, 7.0763473771e-24, 8.87697366922e-24, 8.112794644e-24, 8.51239450213e-24, 1.20949510829e-23, 1.19220446054e-23], "var": [0.000223322072998, 0.000259210064542, 2.19200937863e-05, 3.45874877894e-06, 4.40787658817e-07, 1.48323749727e-07, 3.75945425901e-08, 4.2041783388e-08, 5.96660413521e-07, 4.8936279029e-08, 8.13831562141e-08, 1.66931659606e-08, 3.63226271283e-09, 1.54557913135e-08, 8.49579606665e-09, 5.17731912897e-10, 4.11647327336e-10, 2.77917022729e-10, 1.25602153678e-10, 2.04743014209e-10, 1.15643473964e-10, 6.49669970598e-11, 2.02504020497e-11, 2.45511840025e-11, 1.52819805421e-11, 9.20794083342e-12, 1.11783507797e-11, 1.31368587883e-11, 2.72402066182e-11, 1.43667864064e-11, 5.4892384041e-12, 4.13920894088e-12, 3.39684140191e-12, 9.88790906792e-12, 4.16947726345e-12, 4.93607325153e-12, 5.56436017055e-12, 3.90721439578e-12, 6.7925543662e-12, 6.16468074505e-12]}, "mfcc": {"mean": [-739.266967773, 170.146942139, 41.9949226379, 8.87170982361, 11.4696140289, 15.0670042038, 11.9231538773, 14.9234933853, 9.70929050446, 7.77687931061, 7.40818309784, 8.16348361969, 2.3014125824], "cov": [[11387.9785156, -4713.07128906, -101.410881042, 901.618408203, -28.5039024353, 257.356506348, 181.131332397, -46.2665481567, -183.743453979, -122.142692566, -321.005065918, -138.109954834, -75.7680740356], [-4713.07128906, 4330.15332031, 158.1612854, -531.053527832, 186.029083252, -311.981689453, -317.479888916, -41.4704055786, 167.031356812, 147.074813843, 179.109558105, 41.3740005493, -88.2837600708], [-101.410881042, 158.1612854, 1452.46911621, 180.767364502, 142.272506714, 99.09765625, -38.1121482849, 2.43337416649, 102.623840332, 125.373252869, 88.1293258667, -0.625739276409, -19.3113937378], [901.618408203, -531.053527832, 180.767364502, 525.301025391, 77.3955307007, 130.148452759, 128.738250732, 21.6469478607, -41.2353820801, -10.3962535858, 2.91072869301, 25.1923542023, 34.0799369812], [-28.5039024353, 186.029083252, 142.272506714, 77.3955307007, 412.07232666, 165.28024292, 60.135684967, 84.5153045654, 29.5837917328, 8.96878051758, 30.5766601562, 46.2742843628, 29.921541214], [257.356506348, -311.981689453, 99.09765625, 130.148452759, 165.28024292, 251.771057129, 149.197296143, 80.3814697266, 14.7746267319, 6.65013217926, 9.92645168304, 28.4589099884, 44.1289749146], [181.131332397, -317.479888916, -38.1121482849, 128.738250732, 60.135684967, 149.197296143, 186.883407593, 89.915222168, -5.78070735931, -18.406047821, -13.9023504257, 15.0407152176, 38.4903640747], [-46.2665481567, -41.4704055786, 2.43337416649, 21.6469478607, 84.5153045654, 80.3814697266, 89.915222168, 137.635131836, 44.4854164124, 11.7485084534, 21.88331604, 25.2056751251, 31.1159858704], [-183.743453979, 167.031356812, 102.623840332, -41.2353820801, 29.5837917328, 14.7746267319, -5.78070735931, 44.4854164124, 112.793983459, 111.83391571, 57.1682281494, -14.4929161072, -19.5469760895], [-122.142692566, 147.074813843, 125.373252869, -10.3962535858, 8.96878051758, 6.65013217926, -18.406047821, 11.7485084534, 111.83391571, 204.033004761, 107.156318665, -33.1019058228, -31.0829772949], [-321.005065918, 179.109558105, 88.1293258667, 2.91072869301, 30.5766601562, 9.92645168304, -13.9023504257, 21.88331604, 57.1682281494, 107.156318665, 134.166442871, 59.2272567749, 28.9670886993], [-138.109954834, 41.3740005493, -0.625739276409, 25.1923542023, 46.2742843628, 28.4589099884, 15.0407152176, 25.2056751251, -14.4929161072, -33.1019058228, 59.2272567749, 157.490386963, 102.428329468], [-75.7680740356, -88.2837600708, -19.3113937378, 34.0799369812, 29.921541214, 44.1289749146, 38.4903640747, 31.1159858704, -19.5469760895, -31.0829772949, 28.9670886993, 102.428329468, 118.519042969]], "icov": [[0.000203835035791, 0.000222555216169, 3.43687024724e-05, -0.000224044866627, -0.000120440592582, 1.38846571645e-05, 0.000398156727897, -0.000141294149216, 0.000107149287942, -0.000437698879978, 0.000666438543703, -0.000421286153141, 0.000403226469643], [0.000222555216169, 0.000594683515374, 6.61164222038e-06, 8.90441788215e-06, -0.000521209440194, 0.000564844231121, 0.000387159176171, 1.92605912162e-05, -0.000328180962242, -0.000194259380805, 0.000243469170528, -0.000571792130359, 0.000703835336026], [3.43687024724e-05, 6.61164222038e-06, 0.000885815883521, -0.000492477207445, -7.10181266186e-05, -0.000623558880761, 0.000885550107341, 0.000172311658389, -0.000894990633242, 0.000138155955938, -0.000155104979058, 8.04298979347e-05, 8.71374941198e-05], [-0.000224044866627, 8.90441788215e-06, -0.000492477207445, 0.00320343440399, -0.000394157774281, 0.000290554366075, -0.00268414244056, 0.000946681131609, 0.00162505113985, -0.000269951560767, -0.00112663535401, 1.04026257759e-05, -5.99076120125e-05], [-0.000120440592582, -0.000521209440194, -7.10181266186e-05, -0.000394157774281, 0.0044141090475, -0.00384082458913, 0.00224108155817, -0.0023150772322, 0.000688718631864, 0.000111448120151, 0.000144792356878, -0.000641070422716, 0.000493660452776], [1.38846571645e-05, 0.000564844231121, -0.000623558880761, 0.000290554366075, -0.00384082458913, 0.0120647335425, -0.00860740337521, 0.00207142322324, -0.00198146048933, 0.000108692242065, -0.000603486085311, 0.000198360416107, -0.00134871189948], [0.000398156727897, 0.000387159176171, 0.000885550107341, -0.00268414244056, 0.00224108155817, -0.00860740337521, 0.0186419263482, -0.00954380817711, 0.00424276618287, -0.00303836143576, 0.00437684589997, -0.000384518207284, -0.000284959969576], [-0.000141294149216, 1.92605912162e-05, 0.000172311658389, 0.000946681131609, -0.0023150772322, 0.00207142322324, -0.00954380817711, 0.0178189259022, -0.0119618503377, 0.00699782371521, -0.00484039727598, 0.00217549176887, -0.00292031466961], [0.000107149287942, -0.000328180962242, -0.000894990633242, 0.00162505113985, 0.000688718631864, -0.00198146048933, 0.00424276618287, -0.0119618503377, 0.0311935115606, -0.0182005073875, 0.00586923351511, -0.00431348849088, 0.00420213816687], [-0.000437698879978, -0.000194259380805, 0.000138155955938, -0.000269951560767, 0.000111448120151, 0.000108692242065, -0.00303836143576, 0.00699782371521, -0.0182005073875, 0.0260695889592, -0.020148601383, 0.0121530378237, -0.0029867507983], [0.000666438543703, 0.000243469170528, -0.000155104979058, -0.00112663535401, 0.000144792356878, -0.000603486085311, 0.00437684589997, -0.00484039727598, 0.00586923351511, -0.020148601383, 0.0300208814442, -0.015746999532, 0.00289914803579], [-0.000421286153141, -0.000571792130359, 8.04298979347e-05, 1.04026257759e-05, -0.000641070422716, 0.000198360416107, -0.000384518207284, 0.00217549176887, -0.00431348849088, 0.0121530378237, -0.015746999532, 0.024238942191, -0.0156670007855], [0.000403226469643, 0.000703835336026, 8.71374941198e-05, -5.99076120125e-05, 0.000493660452776, -0.00134871189948, -0.000284959969576, -0.00292031466961, 0.00420213816687, -0.0029867507983, 0.00289914803579, -0.0156670007855, 0.0232288669795]]}, "spectral_contrast_coeffs": {"dmean": [0.05619366467, 0.0496801957488, 0.0428029671311, 0.0315805450082, 0.0285194441676, 0.024575099349], "dmean2": [0.0879643037915, 0.081225335598, 0.0715707093477, 0.0509383380413, 0.0470493249595, 0.0371498093009], "dvar": [0.00231448397972, 0.001646521152, 0.00172602524981, 0.000887224799953, 0.000994668109342, 0.000525814422872], "dvar2": [0.00540066882968, 0.00429156050086, 0.00434082280844, 0.00203908816911, 0.00233000610024, 0.00122567312792], "max": [-0.342362701893, -0.392629981041, -0.465245574713, -0.542454779148, -0.558660209179, -0.652925312519], "mean": [-0.682980179787, -0.702859759331, -0.786937534809, -0.811866521835, -0.831985652447, -0.82089972496], "median": [-0.696407854557, -0.707663059235, -0.800322890282, -0.822720646858, -0.839812755585, -0.82609051466], "min": [-0.940323829651, -0.971333563328, -0.976578354836, -0.966522812843, -0.966243684292, -0.960066974163], "var": [0.0081486441195, 0.00963901728392, 0.00623828265816, 0.00337181659415, 0.00272171874531, 0.00237099104561]}, "spectral_contrast_valleys": {"dmean": [0.479811131954, 0.459450811148, 0.538873672485, 0.585933029652, 0.792072951794, 0.972768962383], "dmean2": [0.721127986908, 0.726627349854, 0.906127154827, 0.95074236393, 1.1950224638, 1.27385830879], "dvar": [0.289914160967, 0.250802785158, 0.562105119228, 0.664916813374, 1.11371421814, 1.02405285835], "dvar2": [0.409552246332, 0.521063923836, 1.30379986763, 1.53202831745, 2.41340446472, 2.27810740471], "max": [-4.7339515686, -4.94546222687, -4.92894172668, -5.78765916824, -5.53250265121, -7.98109436035], "mean": [-6.8267455101, -7.2