{"lowlevel": {"average_loudness": 0.0097916405648, "barkbands_crest": {"dmean": 1.66817104816, "dmean2": 2.5677318573, "dvar": 4.45271635056, "dvar2": 10.6217603683, "max": 26.8228168488, "mean": 16.8308734894, "median": 17.2292537689, "min": 2.95111823082, "var": 40.3466300964}, "barkbands_flatness_db": {"dmean": 0.0175142586231, "dmean2": 0.0256224758923, "dvar": 0.000426690734457, "dvar2": 0.000868123024702, "max": 0.521997451782, "mean": 0.285785466433, "median": 0.305073529482, "min": 0.0241516828537, "var": 0.013510861434}, "barkbands_kurtosis": {"dmean": 19.6003570557, "dmean2": 29.8083000183, "dvar": 3081.76416016, "dvar2": 7516.02392578, "max": 1598.46032715, "mean": 71.567024231, "median": 9.2474861145, "min": -1.91554427147, "var": 36489.1992188}, "barkbands_skewness": {"dmean": 0.871820449829, "dmean2": 1.35091972351, "dvar": 1.90047180653, "dvar2": 4.72148942947, "max": 31.4241485596, "mean": 2.6468296051, "median": 1.47340500355, "min": -7.05471658707, "var": 24.8692760468}, "barkbands_spread": {"dmean": 2.14642190933, "dmean2": 3.40462183952, "dvar": 19.4453887939, "dvar2": 50.9656791687, "max": 111.301925659, "mean": 9.74179935455, "median": 3.52689146996, "min": 0.136425614357, "var": 248.516433716}, "dissonance": {"dmean": 0.0412091165781, "dmean2": 0.0701306313276, "dvar": 0.00237367418595, "dvar2": 0.00676246872172, "max": 0.499999970198, "mean": 0.368360340595, "median": 0.382888615131, "min": 0, "var": 0.0107254954055}, "dynamic_complexity": 14.456111908, "erbbands_crest": {"dmean": 1.8840610981, "dmean2": 2.79785561562, "dvar": 6.23686742783, "dvar2": 13.3378076553, "max": 34.7471389771, "mean": 17.6066112518, "median": 16.8708992004, "min": 2.17212367058, "var": 88.3117752075}, "erbbands_flatness_db": {"dmean": 0.0160495489836, "dmean2": 0.0219968222082, "dvar": 0.000402132223826, "dvar2": 0.000721493735909, "max": 0.518960952759, "mean": 0.257693648338, "median": 0.263847261667, "min": 0.0302621219307, "var": 0.0136901931837}, "erbbands_kurtosis": {"dmean": 7.10561466217, "dmean2": 9.33962535858, "dvar": 345.272766113, "dvar2": 567.163757324, "max": 488.80380249, "mean": 25.6411590576, "median": 2.98481702805, "min": -1.88013100624, "var": 3600.58300781}, "erbbands_skewness": {"dmean": 0.483326494694, "dmean2": 0.694097816944, "dvar": 0.48481464386, "dvar2": 0.937886655331, "max": 15.713555336, "mean": 1.01608788967, "median": 0.309852570295, "min": -7.38415145874, "var": 7.71635341644}, "erbbands_spread": {"dmean": 2.78395318985, "dmean2": 4.29059267044, "dvar": 21.7483787537, "dvar2": 50.6077041626, "max": 116.739074707, "mean": 18.8520622253, "median": 11.9104366302, "min": 0.267647325993, "var": 374.463043213}, "hfc": {"dmean": 1.25482285023, "dmean2": 1.53248894215, "dvar": 95.423576355, "dvar2": 165.570983887, "max": 695.801513672, "mean": 4.14145088196, "median": 0.280861765146, "min": 1.04975790856e-16, "var": 277.113647461}, "melbands_crest": {"dmean": 2.0003824234, "dmean2": 3.07186150551, "dvar": 8.25361156464, "dvar2": 20.3271961212, "max": 35.723613739, "mean": 21.8225269318, "median": 22.1055641174, "min": 1.57427787781, "var": 99.2908401489}, "melbands_flatness_db": {"dmean": 0.0170475952327, "dmean2": 0.0246343817562, "dvar": 0.000527037540451, "dvar2": 0.00102505285759, "max": 0.655529618263, "mean": 0.36810824275, "median": 0.410126239061, "min": 0.00264188926667, "var": 0.0272338241339}, "melbands_kurtosis": {"dmean": 12.5293855667, "dmean2": 18.8090457916, "dvar": 943.340454102, "dvar2": 2057.08691406, "max": 875.599487305, "mean": 49.8019447327, "median": 7.70669174194, "min": -1.93807852268, "var": 12594.0644531}, "melbands_skewness": {"dmean": 0.629770934582, "dmean2": 0.929704725742, "dvar": 0.740230739117, "dvar2": 1.67719221115, "max": 21.2505836487, "mean": 2.24063754082, "median": 1.42766797543, "min": -6.99034023285, "var": 15.5823011398}, "melbands_spread": {"dmean": 3.70320916176, "dmean2": 6.01753139496, "dvar": 63.8369979858, "dvar2": 168.410461426, "max": 167.152252197, "mean": 22.8356609344, "median": 5.01532459259, "min": 0.137197092175, "var": 1790.02856445}, "pitch_salience": {"dmean": 0.0434391386807, "dmean2": 0.0655927285552, "dvar": 0.00351123511791, "dvar2": 0.00817035138607, "max": 0.987564265728, "mean": 0.390236496925, "median": 0.386910378933, "min": 0.0356357395649, "var": 0.045644517988}, "silence_rate_20dB": {"dmean": 0.000820681161713, "dmean2": 0.00164169911295, "dvar": 0.000820035871584, "dvar2": 0.00163902237546, "max": 1, "mean": 0.997333347797, "median": 1, "min": 0, "var": 0.00265944888815}, "silence_rate_30dB": {"dmean": 0.0065654492937, "dmean2": 0.0131335929036, "dvar": 0.00652260053903, "dvar2": 0.0146033167839, "max": 1, "mean": 0.973948717117, "median": 1, "min": 0, "var": 0.025372967124}, "silence_rate_60dB": {"dmean": 0.0299548618495, "dmean2": 0.0599220208824, "dvar": 0.029059201479, "dvar2": 0.05920535326, "max": 1, "mean": 0.731487154961, "median": 1, "min": 0, "var": 0.196410983801}, "spectral_centroid": {"dmean": 106.63381958, "dmean2": 170.145553589, "dvar": 63800.890625, "dvar2": 141941.40625, "max": 11960.5244141, "mean": 1888.84240723, "median": 647.052429199, "min": 103.957817078, "var": 11205596}, "spectral_complexity": {"dmean": 0.450553953648, "dmean2": 0.730966567993, "dvar": 1.58980822563, "dvar2": 2.90294075012, "max": 47, "mean": 2.52164101601, "median": 1, "min": 0, "var": 12.9906835556}, "spectral_decrease": {"dmean": 6.72874256313e-10, "dmean2": 8.82326989249e-10, "dvar": 8.57942384199e-18, "dvar2": 1.27094001557e-17, "max": 3.65868767813e-17, "mean": -2.939117838e-09, "median": -1.88566356973e-10, "min": -1.21297503597e-07, "var": 9.66504098963e-17}, "spectral_energy": {"dmean": 0.00264716241509, "dmean2": 0.0034576500766, "dvar": 0.000131091088406, "dvar2": 0.000195140877622, "max": 0.46772608161, "mean": 0.0114685380831, "median": 0.00073676998727, "min": 9.58065869398e-21, "var": 0.00145316973794}, "spectral_energyband_high": {"dmean": 4.30093023169e-05, "dmean2": 5.56856684852e-05, "dvar": 1.41733903547e-06, "dvar2": 2.77862636722e-06, "max": 0.0865409821272, "mean": 4.8993013479e-05, "median": 4.82060158902e-07, "min": 6.76977416841e-21, "var": 2.25283793043e-06}, "spectral_energyband_low": {"dmean": 0.000386636675103, "dmean2": 0.000604960194323, "dvar": 3.17668332173e-06, "dvar2": 7.77754303272e-06, "max": 0.0607514567673, "mean": 0.0010236374801, "median": 9.62856429396e-05, "min": 6.6388403859e-24, "var": 1.56247151608e-05}, "spectral_energyband_middle_high": {"dmean": 0.000217105669435, "dmean2": 0.000276439561276, "dvar": 1.98209977498e-06, "dvar2": 3.75559898202e-06, "max": 0.082853667438, "mean": 0.000537826679647, "median": 4.28511593782e-05, "min": 9.87650521188e-22, "var": 5.13732447871e-06}, "spectral_energyband_middle_low": {"dmean": 0.00240152655169, "dmean2": 0.00314196757972, "dvar": 0.000122124503832, "dvar2": 0.000178252666956, "max": 0.462881028652, "mean": 0.0105337575078, "median": 0.0001808488596, "min": 1.22181137272e-22, "var": 0.00139348127414}, "spectral_entropy": {"dmean": 0.150153949857, "dmean2": 0.204807132483, "dvar": 0.0454713366926, "dvar2": 0.0815750807524, "max": 9.82476520538, "mean": 6.42882490158, "median": 6.12003135681, "min": 3.54702162743, "var": 2.46012473106}, "spectral_flux": {"dmean": 0.00715822214261, "dmean2": 0.0113951927051, "dvar": 0.000394868955482, "dvar2": 0.000899767910596, "max": 0.397907882929, "mean": 0.0152966259047, "median": 0.00522182974964, "min": 6.20447374033e-11, "var": 0.000945870822761}, "spectral_kurtosis": {"dmean": 4.24258136749, "dmean2": 6.65256118774, "dvar": 43.6977920532, "dvar2": 100.97252655, "max": 155.537307739, "mean": 21.5572280884, "median": 13.4214611053, "min": -1.2821110487, "var": 582.396728516}, "spectral_rms": {"dmean": 0.000256127794273, "dmean2": 0.000316513178404, "dvar": 4.32479566825e-07, "dvar2": 5.88603370488e-07, "max": 0.0213616043329, "mean": 0.00185592588969, "median": 0.000847820716444, "min": 3.0572838098e-12, "var": 7.74447926233e-06}, "spectral_rolloff": {"dmean": 213.537872314, "dmean2": 372.760070801, "dvar": 738679.9375, "dvar2": 2097961.25, "max": 21059.4726562, "mean": 2960.08325195, "median": 602.9296875, "min": 21.533203125, "var": 36477108}, "spectral_skewness": {"dmean": 0.319483786821, "dmean2": 0.489669650793, "dvar": 0.179991856217, "dvar2": 0.369341462851, "max": 10.8412590027, "mean": 3.44941139221, "median": 3.22081398964, "min": -0.103443689644, "var": 4.53260421753}, "spectral_spread": {"dmean": 469507.9375, "dmean2": 755183.8125, "dvar": 655688794112, "dvar2": 1397758623740.0, "max": 43384200, "mean": 8193987, "median": 3789406.75, "min": 658596.6875, "var": 141856042123000.0}, "spectral_strongpeak": {"dmean": 0.165433630347, "dmean2": 0.238379091024, "dvar": 0.201020523906, "dvar2": 0.425065606833, "max": 12.8753290176, "mean": 0.622850656509, "median": 0.234823226929, "min": 0, "var": 0.99167907238}, "zerocrossingrate": {"dmean": 0.00526650482789, "dmean2": 0.0076105943881, "dvar": 0.000169424936757, "dvar2": 0.000364715670003, "max": 0.5400390625, "mean": 0.0841883048415, "median": 0.02587890625, "min": 0.001953125, "var": 0.0236914139241}, "barkbands": {"dmean": [3.32121671818e-05, 6.67479907861e-05, 0.000102309750218, 0.000731102365535, 0.000852274824865, 0.000659433484543, 0.000191210478079, 0.000332874711603, 0.000158297392773, 7.17794027878e-05, 4.87124234496e-05, 2.07325902011e-05, 3.42300554621e-05, 1.90214395843e-05, 1.22781530081e-05, 1.08103940875e-05, 1.13024270831e-05, 1.30967100631e-05, 1.6419988242e-05, 4.10727443523e-05, 1.58062102855e-05, 5.080369192e-06, 3.85282055504e-06, 1.74388105734e-06, 5.25032078258e-07, 4.61135556407e-07, 6.9146906867e-08], "dmean2": [5.75376725465e-05, 0.000114840135211, 0.000162959244335, 0.00106615049299, 0.00114552595187, 0.000929336936679, 0.000266949733486, 0.000387025793316, 0.000178069385584, 7.79902911745e-05, 6.94796835887e-05, 3.12628144457e-05, 4.43979115516e-05, 2.85777277895e-05, 1.67272737599e-05, 1.34725887619e-05, 1.95288430405e-05, 1.8653116058e-05, 2.1962197934e-05, 5.71003001824e-05, 1.98058642127e-05, 6.51212394587e-06, 4.83844860355e-06, 2.2026190436e-06, 6.33248248505e-07, 5.96977372425e-07, 9.65127497921e-08], "dvar": [2.77827734152e-08, 6.64060735289e-08, 3.18540600119e-07, 2.68011117441e-05, 2.27121781791e-05, 1.27512375911e-05, 1.49690970375e-06, 3.65584037354e-06, 6.86043506448e-07, 4.57756677008e-08, 2.6369104944e-07, 6.46633750989e-08, 4.1586876165e-08, 6.09095067716e-08, 1.46613698959e-08, 7.00640212514e-09, 5.31705239837e-08, 3.94845791618e-08, 8.5225586588e-08, 1.59291937507e-06, 1.88142806223e-07, 1.30082105088e-08, 9.33426047567e-09, 1.48340062456e-09, 7.9476085435e-11, 5.66237126631e-11, 1.52571369167e-12], "dvar2": [8.03932067583e-08, 1.91703065866e-07, 7.67483300024e-07, 4.4661519496e-05, 3.39758080372e-05, 2.64071295533e-05, 2.49150684795e-06, 4.99924954056e-06, 7.84776602814e-07, 5.57488135655e-08, 4.77469711768e-07, 1.78320959776e-07, 6.77654625747e-08, 1.36359659564e-07, 2.41681039626e-08, 8.52996073775e-09, 1.55145400527e-07, 7.73599921899e-08, 1.61227319495e-07, 3.55545512321e-06, 3.70489800616e-07, 1.88403532775e-08, 1.72448206825e-08, 1.65956937082e-09, 8.09290828796e-11, 6.60344487424e-11, 3.16306898208e-12], "max": [0.00510723795742, 0.0102896131575, 0.0147238997743, 0.264967650175, 0.247567161918, 0.173809975386, 0.0438197404146, 0.1043741256, 0.0373996272683, 0.011361381039, 0.0339626297355, 0.0112915113568, 0.0121427066624, 0.00887179002166, 0.00926792062819, 0.00621035927907, 0.0114244455472, 0.0102051887661, 0.0157620552927, 0.0867488533258, 0.031704235822, 0.00869513396174, 0.0071055656299, 0.00274807331152, 0.000668317195959, 0.000537233834621, 8.66232658154e-05], "mean": [4.20313663199e-05, 0.000226525764447, 0.0001441444183, 0.00276041449979, 0.00333031173795, 0.00253433431499, 0.000366258667782, 0.000977204297669, 0.000427085295087, 0.000232775593759, 0.000117331161164, 3.53059840563e-05, 8.27309631859e-05, 2.4408367608e-05, 2.4654695153e-05, 2.22453818424e-05, 1.2116900507e-05, 1.57366721396e-05, 1.84584878298e-05, 4.16956172558e-05, 1.70033363247e-05, 7.05488764652e-06, 4.31984153693e-06, 2.56357657236e-06, 8.75819296198e-07, 8.38485107124e-07, 9.18031872743e-08], "median": [4.29774809163e-06, 9.49018522078e-06, 1.83244355867e-06, 1.43349870996e-06, 4.56742645838e-06, 3.90165359931e-06, 2.15529280467e-06, 5.37549749424e-06, 4.74032003694e-06, 4.90412458021e-06, 1.08943368105e-06, 3.56494297193e-07, 4.02857580184e-07, 1.09184071562e-07, 9.19246403441e-08, 4.55905322383e-08, 2.36851711577e-08, 2.31152217367e-08, 2.76199152438e-08, 3.07109715436e-08, 3.58103982023e-08, 4.04135214183e-08, 3.78916453769e-08, 5.81231525132e-08, 8.17493557292e-08, 1.59460114446e-07, 1.51116399394e-08], "min": [7.58325948473e-26, 1.165893425e-24, 4.18374599755e-25, 4.87950652482e-25, 5.32013671495e-24, 3.55000186896e-24, 3.30765176875e-24, 4.7146796593e-24, 7.5064106768e-24, 1.00978471494e-23, 6.81873932647e-24, 1.99415769578e-23, 1.90201227339e-23, 2.68931517832e-23, 2.46187853296e-23, 4.85685535028e-23, 4.33639300846e-23, 7.95459947574e-23, 9.15043687741e-23, 1.06325626301e-22, 1.35851705485e-22, 2.61405557604e-22, 2.67798233945e-22, 4.65832133786e-22, 8.52612377421e-22, 1.08727206673e-21, 1.90527079273e-21], "var": [2.45411317934e-08, 1.46067122841e-07, 6.64618085011e-07, 0.000272276956821, 0.000169237406226, 0.00012553553097, 3.47731656802e-06, 2.50688644883e-05, 3.80634833164e-06, 4.23772007707e-07, 9.4084327884e-07, 8.23527344096e-08, 3.98557745029e-07, 7.90626586422e-08, 8.24429378099e-08, 5.06477810802e-08, 3.46829409636e-08, 6.35276222738e-08, 1.43776560435e-07, 2.02387582249e-06, 2.88919267177e-07, 3.27301989955e-08, 1.50687355926e-08, 3.65337182728e-09, 2.172128033e-10, 1.3440969171e-10, 2.22440577242e-12]}, "erbbands": {"dmean": [0.00290034268983, 0.0127067537978, 0.0901271775365, 1.18238389492, 3.79516267776, 2.16907382011, 2.93315935135, 6.0343132019, 2.90176320076, 5.48541641235, 5.6012969017, 4.16517782211, 2.38712358475, 1.57121658325, 2.02957558632, 0.920715630054, 1.60842049122, 1.06576323509, 0.909063696861, 0.452182561159, 0.423327177763, 0.622175633907, 0.881487190723, 0.46049234271, 1.40343427658, 1.96813964844, 0.920304477215, 0.428194701672, 0.175116509199, 0.162941545248, 0.0872423052788, 0.0523525625467, 0.0206282399595, 0.00744312163442, 0.0031478209421, 0.00175523408689, 0.000929869362153, 0.000239589979174, 6.83072948959e-06, 3.11645248985e-06], "dmean2": [0.00505916588008, 0.0212917327881, 0.134559616446, 1.78701102734, 5.16954088211, 3.13562846184, 4.42808961868, 8.44241333008, 3.94327163696, 6.67781352997, 6.38696193695, 4.58085823059, 2.60536503792, 1.8378418684, 3.07107949257, 1.31969690323, 2.05236434937, 1.501958251, 1.23799562454, 0.579183220863, 0.549041330814, 1.02375328541, 1.27392458916, 0.678436398506, 1.78949677944, 2.89139103889, 1.11305642128, 0.628810882568, 0.227329999208, 0.187536105514, 0.102668911219, 0.0656084343791, 0.0270809400827, 0.00937257800251, 0.00408400408924, 0.0022072547581, 0.00121306243818, 0.000292274868116, 8.29453347251e-06, 4.01108763981e-06], "dvar": [0.00010084277892, 0.0029738554731, 0.193403840065, 56.0889816284, 479.899353027, 181.767227173, 332.303527832, 1057.43920898, 422.8621521, 1417.39416504, 878.874023438, 460.158599854, 82.7600250244, 24.9830703735, 722.070739746, 69.1613922119, 84.1476898193, 111.108009338, 89.5475540161, 9.06883049011, 10.2907009125, 104.952354431, 194.435852051, 59.7533340454, 825.49005127, 3855.40209961, 647.191467285, 143.74659729, 16.6049823761, 13.9122991562, 3.97277283669, 1.43118369579, 0.176060423255, 0.0179296080023, 0.002678766381, 0.000711444125045, 0.000191653845832, 1.83159390872e-05, 1.2391613069e-08, 1.99355934538e-10], "dvar2": [0.000301929161651, 0.00811535585672, 0.429996728897, 107.989189148, 709.39630127, 301.754821777, 768.167724609, 2165.16064453, 646.199035645, 2287.32763672, 1161.29956055, 516.8984375, 101.644470215, 38.1450691223, 1474.4005127, 161.30909729, 134.087799072, 239.8487854, 168.194381714, 13.4455413818, 17.7002754211, 299.655731201, 426.36706543, 125.057495117, 1438.71069336, 8907.41015625, 1208.078125, 327.02142334, 19.660068512, 16.1008167267, 6.09556674957, 1.63217222691, 0.245993748307, 0.0191532354802, 0.00266622332856, 0.000745962024666, 0.0002130708599, 2.85090500256e-05, 2.04240393487e-08, 3.02649988404e-10], "max": [0.314576327801, 2.16303420067, 14.5012931824, 351.601470947, 954.963317871, 703.720458984, 755.282714844, 1371.81201172, 868.97088623, 2056.93774414, 1086.17138672, 1030.61218262, 416.691772461, 155.533218384, 1671.31408691, 343.197174072, 533.477966309, 390.95513916, 571.05859375, 172.388000488, 176.799041748, 496.247802734, 619.903320312, 493.296661377, 1861.02807617, 4206.25390625, 1880.44482422, 822.229309082, 294.938751221, 286.969482422, 152.281524658, 86.6317977905, 30.233259201, 9.97661304474, 3.68553805351, 1.96571528912, 1.00261187553, 0.314315348864, 0.00817885715514, 0.000523612543475], "mean": [0.0113015584648, 0.0349977165461, 0.181653574109, 3.97806763649, 15.8385829926, 7.37855148315, 10.1026735306, 23.8392505646, 6.92691421509, 13.9376745224, 17.0630531311, 11.9608182907, 8.32973194122, 4.63222169876, 4.83780241013, 1.82066524029, 3.97965025902, 1.91599595547, 1.76819169521, 0.888265252113, 0.81545817852, 0.705873429775, 0.986022055149, 0.531156480312, 1.56373274326, 2.00484395027, 1.01651191711, 0.432216405869, 0.273002713919, 0.202201128006, 0.107229530811, 0.0727007091045, 0.0300478171557, 0.0114938663319, 0.00573116866872, 0.00320915342309, 0.00165832065977, 0.000367816945072, 1.47516466313e-05, 1.30922671815e-05], "median": [0.000348922127159, 0.00477420911193, 0.00609408505261, 0.00481062149629, 0.0111718643457, 0.0150048285723, 0.0167447775602, 0.0475449971855, 0.0358823612332, 0.138720884919, 0.147478625178, 0.169620990753, 0.363729834557, 0.145425125957, 0.0975745767355, 0.0472723729908, 0.0339690670371, 0.0250458326191, 0.0105113787577, 0.00495022162795, 0.00241448846646, 0.00146885274444, 0.00134391780011, 0.00135564943776, 0.00141913723201, 0.00155298737809, 0.00139920727815, 0.00140184327029, 0.00129291217308, 0.00131983088795, 0.00116857024841, 0.00115259259474, 0.0009477804997, 0.000803760194685, 0.000627309374977, 0.000531790487003, 0.000325482309563, 5.70040429011e-05, 2.70979535344e-06, 9.6205758382e-07], "min": [3.32727519653e-23, 1.84872809556e-22, 1.05862861561e-21, 3.49859109695e-21, 6.08225217786e-21, 1.53892106204e-20, 2.79402223875e-20, 3.866096134e-20, 9.17818734303e-20, 1.09429442219e-19, 1.69171424588e-19, 2.4685313206e-19, 3.33268225364e-19, 4.41594247421e-19, 7.55772850307e-19, 7.24399544034e-19, 1.20474678956e-18, 1.48580104822e-18, 1.75877912896e-18, 2.26411493211e-18, 2.45359119797e-18, 3.77818922046e-18, 4.2943069093e-18, 4.8004425961e-18, 5.5702611283e-18, 5.93829528952e-18, 5.90897297758e-18, 9.29842246531e-18, 1.00403902399e-17, 1.01683989212e-17, 8.97239005405e-18, 8.51000436344e-18, 8.4857721074e-18, 7.68022723095e-18, 5.40732846792e-18, 3.99640691067e-18, 1.94978505857e-18, 9.1732458436e-19, 2.21246127687e-19, 2.38814458389e-20], "var": [0.000302603497403, 0.00569455884397, 0.607623279095, 478.645294189, 4795.62109375, 916.554260254, 2370.35913086, 10776.9472656, 1170.45385742, 7739.36328125, 6338.67138672, 2704.41601562, 752.887939453, 151.505050659, 2223.92236328, 143.648712158, 780.885253906, 205.041488647, 366.080810547, 47.8346443176, 47.4378929138, 82.6026763916, 254.371078491, 88.41431427, 1433.38000488, 4786.67089844, 1067.8626709, 184.994445801, 49.1071815491, 31.2138652802, 8.06018924713, 3.39812493324, 0.412047415972, 0.0449667163193, 0.00791529659182, 0.00192833784968, 0.000467001314973, 3.49188812834e-05, 2.29081553726e-08, 1.85204018788e-09]}, "gfcc": {"mean": [-386.832641602, 97.6786499023, -53.8101158142, -21.5552425385, -55.1049232483, 14.0508956909, -20.2190895081, 7.65325498581, -18.4080219269, 5.2510933876, -15.8193683624, 0.637234151363, -9.7012424469], "cov": [[90460.6875, 13876.8466797, -6072.67529297, -3110.58764648, -6287.375, 555.866821289, -3274.72338867, -391.836975098, -2606.84960938, -243.797012329, -2099.1262207, -430.310058594, -1212.49462891], [13876.8466797, 3425.09619141, -129.101272583, -507.127502441, -861.480224609, -109.037574768, -642.981201172, -380.311767578, -441.226409912, -114.025749207, -245.554992676, -203.503890991, -218.097839355], [-6072.67529297, -129.101272583, 1311.02697754, 650.885925293, 686.282958984, -115.510345459, 169.71762085, -125.456237793, 225.704147339, 71.6449813843, 304.230407715, -6.4782781601, 51.7049064636], [-3110.58764648, -507.127502441, 650.885925293, 1421.11401367, 1124.96313477, 173.795593262, 79.2095718384, 136.860092163, 413.639770508, 316.614929199, 337.787719727, 128.785217285, 7.81687450409], [-6287.375, -861.480224609, 686.282958984, 1124.96313477, 1346.54321289, 252.595657349, 187.450241089, 48.7498092651, 423.319549561, 284.071075439, 361.441070557, 125.203826904, 69.0922622681], [555.866821289, -109.037574768, -115.510345459, 173.795593262, 252.595657349, 423.849151611, 176.84463501, 106.049545288, 12.0833759308, 182.878768921, 87.325050354, 78.031211853, -50.450969696], [-3274.72338867, -642.981201172, 169.71762085, 79.2095718384, 187.450241089, 176.84463501, 384.600952148, 168.191711426, 70.5973587036, 53.6207427979, 99.0168609619, 29.4751968384, 11.8862342834], [-391.836975098, -380.311767578, -125.456237793, 136.860092163, 48.7498092651, 106.049545288, 168.191711426, 320.104522705, 173.457489014, 94.6908111572, -19.8559761047, 45.7865219116, 24.6899147034], [-2606.84960938, -441.226409912, 225.704147339, 413.639770508, 423.319549561, 12.0833759308, 70.5973587036, 173.457489014, 363.257843018, 192.799072266, 133.618377686, 38.0401306152, 50.0856132507], [-243.797012329, -114.025749207, 71.6449813843, 316.614929199, 284.071075439, 182.878768921, 53.6207427979, 94.6908111572, 192.799072266, 321.942596436, 217.024414062, 96.0015869141, -12.5323486328], [-2099.1262207, -245.554992676, 304.230407715, 337.787719727, 361.441070557, 87.325050354, 99.0168609619, -19.8559761047, 133.618377686, 217.024414062, 317.212585449, 137.973449707, 42.3975448608], [-430.310058594, -203.503890991, -6.4782781601, 128.785217285, 125.203826904, 78.031211853, 29.4751968384, 45.7865219116, 38.0401306152, 96.0015869141, 137.973449707, 226.112350464, 133.375274658], [-1212.49462891, -218.097839355, 51.7049064636, 7.81687450409, 69.0922622681, -50.450969696, 11.8862342834, 24.6899147034, 50.0856132507, -12.5323486328, 42.3975448608, 133.375274658, 189.330657959]], "icov": [[0.000336036406225, -0.00105160474777, 0.00103247433435, -0.00108661013655, 0.00119892135262, -0.000844764290377, 0.000783675292041, -0.000466871599201, 0.000535158440471, -0.000272278179182, 0.000166352372617, -5.01068025187e-05, -0.00010896128515], [-0.00105160474777, 0.0041237026453, -0.00396802090108, 0.00342241092585, -0.00305038760416, 0.00133141817059, -0.000225857482292, 0.000766786863096, -0.00102009868715, 0.000960767094512, -0.00110499374568, 0.00110455020331, 0.000142943914398], [0.00103247433435, -0.00396802090108, 0.00586494570598, -0.00436586467549, 0.00327416276559, -0.000563074776437, -0.00145263515878, 0.00139726512134, 0.000114245289296, -0.000671513436828, 0.000298126251437, -2.58983436652e-05, -0.000939354358707], [-0.00108661013655, 0.00342241092585, -0.00436586467549, 0.00738205807284, -0.00732774706557, 0.00362865068018, 0.000453944579931, -0.00320386025123, 0.00059836904984, 0.00065488187829, -0.00196078838781, -0.000714314810466, 0.00272883661091], [0.00119892135262, -0.00305038760416, 0.00327416276559, -0.00732774706557, 0.0108728958294, -0.00821467582136, 0.002626221627, 0.00360524700955, -0.00421585608274, 0.00220563448966, -0.000338121462846, 0.00108646985609, -0.00264767021872], [-0.000844764290377, 0.00133141817059, -0.000563074776437, 0.00362865068018, -0.00821467582136, 0.0144118592143, -0.00965639855713, 0.00139823881909, 0.00417954148725, -0.00839748140424, 0.00639690971002, -0.00540160899982, 0.00410090852529], [0.000783675292041, -0.000225857482292, -0.00145263515878, 0.000453944579931, 0.002626221627, -0.00965639855713, 0.0190380439162, -0.0140424091369, 0.00649662083015, 0.00558523274958, -0.0108018983155, 0.00753147993237, -0.00199459702708], [-0.000466871599201, 0.000766786863096, 0.00139726512134, -0.00320386025123, 0.00360524700955, 0.00139823881909, -0.0140424091369, 0.0216382648796, -0.0137847028673, -0.00237136916257, 0.011432999745, -0.00765113625675, 0.00108014186844], [0.000535158440471, -0.00102009868715, 0.000114245289296, 0.00059836904984, -0.00421585608274, 0.00417954148725, 0.00649662083015, -0.0137847028673, 0.0200298745185, -0.00917722284794, -0.00165500468574, 0.00636724289507, -0.00378283509053], [-0.000272278179182, 0.000960767094512, -0.000671513436828, 0.00065488187829, 0.00220563448966, -0.00839748140424, 0.00558523274958, -0.00237136916257, -0.00917722284794, 0.019728217274, -0.0139209125191, 0.00189386669081, 0.00195224699564], [0.000166352372617, -0.00110499374568, 0.000298126251437, -0.00196078838781, -0.000338121462846, 0.00639690971002, -0.0108018983155, 0.011432999745, -0.00165500468574, -0.0139209125191, 0.023200629279, -0.0129593471065, 0.00425742007792], [-5.01068025187e-05, 0.00110455020331, -2.58983436652e-05, -0.000714314810466, 0.00108646985609, -0.00540160899982, 0.00753147993237, -0.00765113625675, 0.00636724289507, 0.00189386669081, -0.0129593471065, 0.0222223196179, -0.014634532854], [-0.00010896128515, 0.000142943914398, -0.000939354358707, 0.00272883661091, -0.00264767021872, 0.00410090852529, -0.00199459702708, 0.00108014186844, -0.00378283509053, 0.00195224699564, 0.00425742007792, -0.014634532854, 0.0174217931926]]}, "melbands": {"dmean": [2.20953843382e-05, 3.18794591294e-05, 0.000291819334961, 0.000229791039601, 9.03854015633e-05, 0.000131607142976, 4.02368968935e-05, 6.34276002529e-05, 4.27778722951e-05, 2.40800764004e-05, 1.13565147331e-05, 6.31885723124e-06, 7.04037393007e-06, 2.9274035569e-06, 2.45476098826e-06, 3.82914095098e-06, 1.84841178452e-06, 1.6460446659e-06, 6.3335357936e-07, 9.33122919378e-07, 3.83470393217e-07, 4.95254823818e-07, 1.1160888107e-06, 5.48498860553e-07, 3.32156503191e-07, 7.51039067381e-07, 1.50491064232e-06, 1.20715662888e-06, 6.44765975721e-07, 4.00802093736e-07, 1.72643311203e-07, 9.92140982703e-08, 1.06307787462e-07, 9.16847469057e-08, 5.15773628251e-08, 4.08525835383e-08, 2.81424483717e-08, 1.674584027e-08, 8.86314754922e-09, 5.54733414759e-09], "dmean2": [3.83823135053e-05, 4.87693796458e-05, 0.000424494384788, 0.000312001473503, 0.000136210015626, 0.000183410797035, 5.51607517991e-05, 7.5743002526e-05, 4.82684590679e-05, 2.68322364718e-05, 1.24696325656e-05, 7.35847743272e-06, 1.0190098692e-05, 4.63146034235e-06, 3.35013328367e-06, 4.79227310279e-06, 2.7379066978e-06, 2.30830460168e-06, 8.48151728405e-07, 1.13002943181e-06, 5.24345523445e-07, 8.42740007556e-07, 1.78334835255e-06, 7.8616585597e-07, 5.25643031324e-07, 1.06712400338e-06, 1.79260848654e-06, 1.90863534044e-06, 7.83810037319e-07, 5.58940826068e-07, 2.55568551211e-07, 1.5554383026e-07, 1.2837809038e-07, 1.06566425018e-07, 6.47896030159e-08, 5.84857673402e-08, 3.17383168635e-08, 2.19601634655e-08, 1.14990310607e-08, 6.9566987726e-09], "dvar": [6.54030518632e-09, 2.51700864595e-08, 3.63222329725e-06, 1.81904931651e-06, 3.03946819713e-07, 4.91430910188e-07, 7.41610293176e-08, 1.91694496721e-07, 5.26870707063e-08, 1.5730929448e-08, 1.93098181889e-09, 4.04045213953e-10, 5.82115688985e-09, 1.88785209687e-09, 3.61773305757e-10, 5.89695237085e-10, 5.34366828564e-10, 3.4066224841e-10, 4.41866022938e-11, 5.80857931198e-11, 1.31236133072e-11, 4.97557550716e-11, 4.10631112446e-10, 9.74776440121e-11, 3.67378627519e-11, 2.14327097736e-10, 1.47827816654e-09, 1.63181090862e-09, 3.15035580956e-10, 1.41940209586e-10, 1.87479216179e-11, 5.47140414572e-12, 5.70671634947e-12, 5.04029066747e-12, 1.44978701353e-12, 1.1261282705e-12, 3.59396946882e-13, 1.17682380225e-13, 2.55885231352e-14, 9.3013382505e-15], "dvar2": [1.92768521146e-08, 5.72925529241e-08, 5.95725032326e-06, 2.67967539003e-06, 6.84874066792e-07, 9.97006395664e-07, 1.14222508785e-07, 2.91698825094e-07, 6.95975685971e-08, 1.85793105345e-08, 2.39861308593e-09, 5.82315640152e-10, 1.15741851658e-08, 5.13009190684e-09, 6.39937547398e-10, 7.86409271036e-10, 1.20799692471e-09, 7.0742972591e-10, 8.31391691603e-11, 6.2897076436e-11, 2.9639193877e-11, 1.42271583403e-10, 1.11370812572e-09, 1.85001763908e-10, 9.16415623942e-11, 4.60441157424e-10, 2.67994204606e-09, 3.95136101616e-09, 5.76855785361e-10, 3.24455157186e-10, 4.00336881701e-11, 9.04709987481e-12, 6.53713107951e-12, 7.83898553708e-12, 2.61641901721e-12, 1.47935689306e-12, 4.44588349425e-13, 1.91872288457e-13, 2.88704336045e-14, 9.8467597059e-15], "max": [0.0030212001875, 0.00537128187716, 0.0956252813339, 0.0684067755938, 0.0228846520185, 0.0315093398094, 0.0111638866365, 0.024989085272, 0.00819318089634, 0.00555466068909, 0.00212583993562, 0.000636500015389, 0.00461868569255, 0.00233206036501, 0.000971664849203, 0.00168503681198, 0.000885396730155, 0.000873512355611, 0.000334859912982, 0.000602579617407, 0.000185562166735, 0.000314957345836, 0.000987582374364, 0.000526238873135, 0.000347184221027, 0.000711041502655, 0.00275709363632, 0.00265856506303, 0.00130697712302, 0.000806914293207, 0.00030811864417, 0.000162037162227, 0.000177807261935, 0.000168299244251, 8.92848329386e-05, 6.98912917869e-05, 4.52379754279e-05, 2.51506062341e-05, 1.16527517093e-05, 7.15751366442e-06], "mean": [7.80144255259e-05, 5.53408281121e-05, 0.00115967041347, 0.000920379825402, 0.000320745137287, 0.000512910308316, 8.89816292329e-05, 0.000168420316186, 0.00012940778106, 6.78484138916e-05, 3.92494875996e-05, 1.79679445864e-05, 1.67443031387e-05, 5.50391541765e-06, 4.86435465064e-06, 1.01182249637e-05, 2.54680867329e-06, 2.83309009319e-06, 1.11609256237e-06, 1.98434736376e-06, 6.40615439806e-07, 6.01317651672e-07, 1.06922732357e-06, 7.05904199094e-07, 3.35675764518e-07, 8.27209703402e-07, 1.60937793225e-06, 1.21199343539e-06, 7.0493979365e-07, 3.83479147104e-07, 1.95651452373e-07, 1.4426861128e-07, 1.45302436749e-07, 1.00583605445e-07, 5.82677479599e-08, 6.05713808e-08, 3.62520182762e-08, 2.26214300625e-08, 1.33167619154e-08, 8.45131964411e-09], "median": [2.42972168962e-06, 6.14534747001e-06, 1.15217062557e-06, 9.93537696559e-07, 4.9784824796e-07, 9.43591032865e-07, 5.03411911268e-07, 1.37812651246e-06, 7.07003152911e-07, 8.46602802085e-07, 1.46252227751e-06, 2.9385569178e-07, 1.97881149688e-07, 6.87742200967e-08, 5.8777498424e-08, 3.96083805754e-08, 1.73609642218e-08, 1.11558655647e-08, 5.82580694797e-09, 4.38166791739e-09, 2.08875139407e-09, 1.32370181483e-09, 1.21604637471e-09, 1.06165265468e-09, 9.7434327273e-10, 1.01847141831e-09, 9.21854870217e-10, 9.85277526233e-10, 8.26579527047e-10, 8.02807709199e-10, 7.98442645333e-10, 7.39789396409e-10, 7.27416238355e-10, 6.91039891976e-10, 6.921192508e-10, 6.32014385271e-10, 6.72430389148e-10, 6.75190403587e-10, 6.45905051666e-10, 6.84197254408e-10], "min": [3.85989887444e-25, 4.05848030922e-25, 8.69768254598e-25, 8.60551006566e-25, 7.76355586329e-25, 9.23648539108e-25, 1.32777310617e-24, 1.31934136638e-24, 1.17200226524e-24, 1.19918394684e-24, 1.19571019785e-24, 1.12707841162e-24, 2.4221768991e-24, 1.77261167201e-24, 2.03163474189e-24, 2.15018988632e-24, 1.91821034878e-24, 1.70949195276e-24, 2.57029066165e-24, 2.8333312029e-24, 2.17530780919e-24, 2.66873300844e-24, 3.22828822016e-24, 3.43967336048e-24, 2.86592831601e-24, 2.84476081134e-24, 3.35060820327e-24, 2.66475833277e-24, 3.59459735922e-24, 2.58249138162e-24, 4.45304013502e-24, 4.23077226409e-24, 3.87523541512e-24, 4.77789621123e-24, 3.71407941522e-24, 4.30430041134e-24, 4.10844912554e-24, 4.83604709286e-24, 5.10806763223e-24, 5.62053613095e-24], "var": [1.56257318196e-08, 6.30421936876e-08, 3.62816281267e-05, 1.44073546835e-05, 2.2473620902e-06, 4.93126844958e-06, 2.02349141887e-07, 1.13831470117e-06, 3.57453501465e-07, 8.85740476519e-08, 1.75872170161e-08, 2.52437648562e-09, 1.8475441621e-08, 3.42867823022e-09, 1.08810394028e-09, 7.36762961751e-09, 7.1288086545e-10, 9.82252057469e-10, 1.4057147113e-10, 4.64084631835e-10, 2.47712978602e-11, 4.56956590622e-11, 3.19476278765e-10, 1.69918010218e-10, 3.85657894508e-11, 3.14384157596e-10, 2.29625318759e-09, 1.90966131797e-09, 5.2533233319e-10, 1.66383504197e-10, 3.10428835415e-11, 1.35545307617e-11, 1.46242150334e-11, 8.70529776736e-12, 2.4235264403e-12, 2.64502785993e-12, 7.82892576722e-13, 2.48009701968e-13, 6.44439403642e-14, 2.3226549739e-14]}, "mfcc": {"mean": [-967.121154785, 137.874008179, 37.0068206787, -8.40249252319, -10.2525005341, -0.142665043473, 2.15375375748, 2.54858469963, 3.9035012722, 3.74481487274, 0.448088288307, -1.19487857819, -1.76370811462], "cov": [[13843.2880859, 6888.00146484, 746.076477051, -436.519378662, -380.067230225, -253.940551758, -572.25378418, -515.376708984, -583.629150391, -467.717010498, -405.900268555, -340.637451172, -529.764404297], [6888.00146484, 5446.13476562, 1224.96398926, -606.976745605, -518.325500488, -187.519348145, -231.234786987, -327.20199585, -307.401092529, -248.051391602, -244.224685669, -252.427932739, -307.243682861], [746.076477051, 1224.96398926, 694.141235352, 134.718566895, 21.0849227905, 49.8180122375, 33.2124977112, -51.7672271729, -63.6683616638, -23.8750858307, 28.2616977692, 38.1463928223, 10.518658638], [-436.519378662, -606.976745605, 134.718566895, 826.729309082, 715.149353027, 340.985107422, 108.849517822, 64.5997009277, 47.6328773499, 84.8146972656, 188.267547607, 267.302825928, 223.256896973], [-380.067230225, -518.325500488, 21.0849227905, 715.149353027, 835.576782227, 471.507446289, 135.348434448, 50.9957885742, 55.612285614, 96.847076416, 202.033569336, 296.846496582, 263.634735107], [-253.940551758, -187.519348145, 49.8180122375, 340.985107422, 471.507446289, 429.887359619, 230.54510498, 56.6058616638, -4.83817243576, 65.222076416, 175.27003479, 216.43031311, 146.257919312], [-572.25378418, -231.234786987, 33.2124977112, 108.849517822, 135.348434448, 230.54510498, 266.832824707, 125.726280212, 23.5596485138, 59.4625740051, 114.952262878, 109.659240723, 46.0082321167], [-515.376708984, -327.20199585, -51.7672271729, 64.5997009277, 50.9957885742, 56.6058616638, 125.726280212, 182.688049316, 146.056640625, 74.6557998657, 34.0787696838, 23.7577152252, 50.4804611206], [-583.629150391, -307.401092529, -63.6683616638, 47.6328773499, 55.612285614, -4.83817243576, 23.5596485138, 146.056640625, 235.700866699, 147.653488159, 33.8650093079, 6.16734886169, 69.8007354736], [-467.717010498, -248.051391602, -23.8750858307, 84.8146972656, 96.847076416, 65.222076416, 59.4625740051, 74.6557998657, 147.653488159, 214.154876709, 172.775375366, 84.2989807129, 20.3853092194], [-405.900268555, -244.224685669, 28.2616977692, 188.267547607, 202.033569336, 175.27003479, 114.952262878, 34.0787696838, 33.8650093079, 172.775375366, 292.183013916, 214.010147095, 33.4860534668], [-340.637451172, -252.427932739, 38.1463928223, 267.302825928, 296.846496582, 216.43031311, 109.659240723, 23.7577152252, 6.16734886169, 84.2989807129, 214.010147095, 274.623077393, 166.38458252], [-529.764404297, -307.243682861, 10.518658638, 223.256896973, 263.634735107, 146.257919312, 46.0082321167, 50.4804611206, 69.8007354736, 20.3853092194, 33.4860534668, 166.38458252, 299.936340332]], "icov": [[0.000702026125509, -0.00140225223731, 0.0020413515158, -0.00199403613806, 0.00161391065922, -0.00152347236872, 0.00219657528214, -0.00206278543919, 0.00196482054889, -0.00121861777734, 0.00116983591579, -0.000922917854041, 0.000557699240744], [-0.00140225223731, 0.00338909914717, -0.00534989172593, 0.00504555320367, -0.00368302152492, 0.0023542556446, -0.00304795894772, 0.0031640578527, -0.00306218164042, 0.00170998100657, -0.00124483217951, 0.00102103955578, -0.00037984616938], [0.0020413515158, -0.00534989172593, 0.0105498768389, -0.00966445636004, 0.00762580474839, -0.00408245390281, 0.00291303521954, -0.00181820255239, 0.00245970673859, -0.0010298731504, 0.000560624874197, -0.000553349149413, -0.000161948206369], [-0.00199403613806, 0.00504555320367, -0.00966445636004, 0.0155809745193, -0.0156318936497, 0.010513571091, -0.00622352119535, 0.000820750545245, -0.000511221005581, 0.00125618907623, -0.00201577087864, 0.000778780551627, -0.000355876836693], [0.00161391065922, -0.00368302152492, 0.00762580474839, -0.0156318936497, 0.0233556311578, -0.021749669686, 0.0145908482373, -0.00383084407076, 0.000266529357759, -0.0025754198432, 0.00430062506348, -0.00380015186965, 0.000670422276016], [-0.00152347236872, 0.0023542556446, -0.00408245390281, 0.010513571091, -0.021749669686, 0.0320893973112, -0.0271326526999, 0.0139231877401, -0.00628414098173, 0.00721060857177, -0.00897409487516, 0.005727883894, -0.00387681345455], [0.00219657528214, -0.00304795894772, 0.00291303521954, -0.00622352119535, 0.0145908482373, -0.0271326526999, 0.0391757003963, -0.0335071198642, 0.0237675700337, -0.0166965927929, 0.0127121573314, -0.00990165676922, 0.00500085949898], [-0.00206278543919, 0.0031640578527, -0.00181820255239, 0.000820750545245, -0.00383084407076, 0.0139231877401, -0.0335071198642, 0.0487352646887, -0.0402964763343, 0.0255418699235, -0.0158101208508, 0.00952682457864, -0.00331213045865], [0.00196482054889, -0.00306218164042, 0.00245970673859, -0.000511221005581, 0.000266529357759, -0.00628414098173, 0.0237675700337, -0.0402964763343, 0.049080312252, -0.0372178629041, 0.0205370560288, -0.0067211072892, -0.000862596207298], [-0.00121861777734, 0.00170998100657, -0.0010298731504, 0.00125618907623, -0.0025754198432, 0.00721060857177, -0.0166965927929, 0.0255418699235, -0.0372178629041, 0.0444940216839, -0.0328678786755, 0.0155004998669, -0.00358163146302], [0.00116983591579, -0.00124483217951, 0.000560624874197, -0.00201577087864, 0.00430062506348, -0.00897409487516, 0.0127121573314, -0.0158101208508, 0.0205370560288, -0.0328678786755, 0.042401548475, -0.0305259805173, 0.0132331326604], [-0.000922917854041, 0.00102103955578, -0.000553349149413, 0.000778780551627, -0.00380015186965, 0.005727883894, -0.00990165676922, 0.00952682457864, -0.0067211072892, 0.0155004998669, -0.0305259805173, 0.0341876968741, -0.0157282743603], [0.000557699240744, -0.00037984616938, -0.000161948206369, -0.000355876836693, 0.000670422276016, -0.00387681345455, 0.00500085949898, -0.00331213045865, -0.000862596207298, -0.00358163146302, 0.0132331326604, -0.0157282743603, 0.0129838353023]]}, "spectral_contrast_coeffs": {"dmean": [0.0341034047306, 0.02875896357, 0.025405747816, 0.0227530002594, 0.012654623948, 0.00982207898051], "dmean2": [0.0563407801092, 0.0468663275242, 0.0387695282698, 0.0356569848955, 0.0207713041455, 0.0161200463772], "dvar": [0.00129973131698, 0.000963057857007, 0.000612701289356, 0.00045814839541, 0.000160200099344, 0.000126589002321], "dvar2": [0.00296199484728, 0.00221989024431, 0.00127505417913, 0.00107437698171, 0.000357826327672, 0.000280715001281], "max": [-0.167219936848, -0.294379502535, -0.404425114393, -0.419497400522, -0.592023015022, -0.618132948875], "mean": [-0.70339089632, -0.723909854889, -0.741823494434, -0.803777515888, -0.880211353302, -0.864315211773], "median": [-0.746903836727, -0.736836433411, -0.732089161873, -0.804991364479, -0.882896304131, -0.860948324203], "min": [-0.985054373741, -0.993875682354, -0.979274094105, -0.974049091339, -0.968264460564, -0.966013252735], "var": [0.0323269665241, 0.0202831830829, 0.0181359406561, 0.00971648748964, 0.00217514880933, 0.00210483185947]}, "spectral_contrast_valleys": {"dmean": [0.394084006548, 0.348027616739, 0.29705581069, 0.264980912209, 0.205759689212, 0.157787531614], "dmean2": [0.650946974754, 0.560962438583, 0.482146710157, 0.406114935875, 0.304348260164, 0.230559527874], "dvar": [0.177734956145, 0.183041855693, 0.129189968109, 0.10450693965, 0.0973699092865, 0.0749660432339], "dvar2": [0.367699027061, 