{"lowlevel": {"average_loudness": 0.857807219028, "barkbands_crest": {"dmean": 3.98549556732, "dmean2": 6.29809570312, "dvar": 12.5279321671, "dvar2": 27.6238479614, "max": 26.5379276276, "mean": 16.0595798492, "median": 16.6384792328, "min": 2.26227402687, "var": 37.8088798523}, "barkbands_flatness_db": {"dmean": 0.0468321926892, "dmean2": 0.0680538937449, "dvar": 0.00177853705827, "dvar2": 0.00366397411563, "max": 0.625458359718, "mean": 0.221474975348, "median": 0.199961826205, "min": 0.0209046639502, "var": 0.0130280582234}, "barkbands_kurtosis": {"dmean": 25.2159881592, "dmean2": 40.4485168457, "dvar": 3631.42407227, "dvar2": 9303.3359375, "max": 1693.90979004, "mean": 32.7590179443, "median": 7.37289857864, "min": -1.94958209991, "var": 5591.93603516}, "barkbands_skewness": {"dmean": 1.64356851578, "dmean2": 2.43277573586, "dvar": 3.82808995247, "dvar2": 8.77645111084, "max": 29.4544811249, "mean": 3.19267225266, "median": 2.29518032074, "min": -10.0042181015, "var": 14.9036502838}, "barkbands_spread": {"dmean": 10.891907692, "dmean2": 16.3523750305, "dvar": 207.961395264, "dvar2": 430.133972168, "max": 132.74911499, "mean": 24.8497200012, "median": 15.2933645248, "min": 0.086763933301, "var": 655.07800293}, "dissonance": {"dmean": 0.0207301005721, "dmean2": 0.0354880280793, "dvar": 0.000605105189607, "dvar2": 0.00163564877585, "max": 0.500000059605, "mean": 0.470041692257, "median": 0.480326116085, "min": 0.240032762289, "var": 0.000938791548833}, "dynamic_complexity": 4.05541324615, "erbbands_crest": {"dmean": 2.87817263603, "dmean2": 4.66020774841, "dvar": 8.81108093262, "dvar2": 21.1901283264, "max": 31.2936668396, "mean": 9.88905715942, "median": 8.17944526672, "min": 2.05287003517, "var": 29.9021015167}, "erbbands_flatness_db": {"dmean": 0.0239067133516, "dmean2": 0.0367308333516, "dvar": 0.000635589414742, "dvar2": 0.00141896971036, "max": 0.562650322914, "mean": 0.16299161315, "median": 0.134908571839, "min": 0.0418557189405, "var": 0.00887743849307}, "erbbands_kurtosis": {"dmean": 2.39564728737, "dmean2": 3.71394300461, "dvar": 17.1922416687, "dvar2": 39.3990020752, "max": 97.2904586792, "mean": 2.59489440918, "median": 0.242913603783, "min": -1.90153193474, "var": 38.3487892151}, "erbbands_skewness": {"dmean": 0.646763324738, "dmean2": 0.969137251377, "dvar": 0.513723671436, "dvar2": 1.04427504539, "max": 8.52737617493, "mean": -0.266072690487, "median": -0.0519632250071, "min": -7.03791189194, "var": 2.37270450592}, "erbbands_spread": {"dmean": 17.1209506989, "dmean2": 26.6105747223, "dvar": 389.960998535, "dvar2": 916.407653809, "max": 196.910995483, "mean": 56.5149269104, "median": 51.9692115784, "min": 1.52136170864, "var": 1268.8269043}, "hfc": {"dmean": 13.6750545502, "dmean2": 20.4586238861, "dvar": 419.793395996, "dvar2": 1021.89276123, "max": 212.394607544, "mean": 22.9321136475, "median": 14.752702713, "min": 1.17389118255e-16, "var": 624.319396973}, "melbands_crest": {"dmean": 4.52632427216, "dmean2": 6.96319484711, "dvar": 17.0515537262, "dvar2": 41.8899688721, "max": 37.7884941101, "mean": 21.6705169678, "median": 21.8532295227, "min": 2.45796656609, "var": 57.1000518799}, "melbands_flatness_db": {"dmean": 0.054045740515, "dmean2": 0.0764605775476, "dvar": 0.00233874167316, "dvar2": 0.00465409550816, "max": 0.675468504429, "mean": 0.294405996799, "median": 0.280953675508, "min": 0.00821921788156, "var": 0.0132669024169}, "melbands_kurtosis": {"dmean": 56.612953186, "dmean2": 87.4065551758, "dvar": 11120.9238281, "dvar2": 26534.4785156, "max": 1632.21496582, "mean": 88.7433853149, "median": 27.5469760895, "min": -1.93772232533, "var": 22399.1933594}, "melbands_skewness": {"dmean": 2.21061205864, "dmean2": 3.26527953148, "dvar": 6.56522941589, "dvar2": 14.9497661591, "max": 30.5734920502, "mean": 5.79222297668, "median": 4.53242015839, "min": -6.32209920883, "var": 27.931936264}, "melbands_spread": {"dmean": 11.222700119, "dmean2": 16.7035598755, "dvar": 413.381958008, "dvar2": 826.810974121, "max": 293.526489258, "mean": 21.8955593109, "median": 11.4050807953, "min": 0.201633319259, "var": 1146.97277832}, "pitch_salience": {"dmean": 0.116007357836, "dmean2": 0.181873306632, "dvar": 0.0116090979427, "dvar2": 0.0262745767832, "max": 0.897536098957, "mean": 0.393285512924, "median": 0.371651947498, "min": 0.0471124947071, "var": 0.0349256321788}, "silence_rate_20dB": {"dmean": 0.00604483252391, "dmean2": 0.0120906801894, "dvar": 0.00600866461173, "dvar2": 0.016143867746, "max": 1, "mean": 0.996054410934, "median": 1, "min": 0, "var": 0.00392988929525}, "silence_rate_30dB": {"dmean": 0.0923516079783, "dmean2": 0.184718728065, "dvar": 0.0838259011507, "dvar2": 0.171436309814, "max": 1, "mean": 0.85048687458, "median": 1, "min": 0, "var": 0.127158492804}, "silence_rate_60dB": {"dmean": 0.0401309728622, "dmean2": 0.0802686810493, "dvar": 0.0385261438787, "dvar2": 0.0877769067883, "max": 1, "mean": 0.11954331398, "median": 0, "min": 0, "var": 0.105244316161}, "spectral_centroid": {"dmean": 459.401306152, "dmean2": 683.62713623, "dvar": 346633.8125, "dvar2": 639809.625, "max": 10890.7714844, "mean": 2074.24780273, "median": 1555.72631836, "min": 95.1741790771, "var": 2655374.25}, "spectral_complexity": {"dmean": 4.9673409462, "dmean2": 7.16658258438, "dvar": 42.1360702515, "dvar2": 83.9687271118, "max": 55, "mean": 11.7287607193, "median": 9, "min": 0, "var": 108.809181213}, "spectral_decrease": {"dmean": 7.41300976159e-09, "dmean2": 1.11625215737e-08, "dvar": 1.40996601474e-16, "dvar2": 3.02471071481e-16, "max": 2.4656007791e-10, "mean": -1.34630528947e-08, "median": -6.89069867832e-09, "min": -1.3941486543e-07, "var": 3.04555910732e-16}, "spectral_energy": {"dmean": 0.0286718346179, "dmean2": 0.0432543344796, "dvar": 0.00204045767896, "dvar2": 0.00437614275143, "max": 0.530581891537, "mean": 0.0528924465179, "median": 0.0286930091679, "min": 1.05709223264e-20, "var": 0.00441618915647}, "spectral_energyband_high": {"dmean": 0.00123947591055, "dmean2": 0.00188132876065, "dvar": 4.10411530538e-06, "dvar2": 9.71105509961e-06, "max": 0.0220301952213, "mean": 0.0019571587909, "median": 0.000972350826487, "min": 7.51939003877e-21, "var": 6.7979412961e-06}, "spectral_energyband_low": {"dmean": 0.0258367676288, "dmean2": 0.0386889576912, "dvar": 0.00198965263553, "dvar2": 0.00427363719791, "max": 0.511568665504, "mean": 0.0415857993066, "median": 0.0194395072758, "min": 1.69385822845e-23, "var": 0.00386107247323}, "spectral_energyband_middle_high": {"dmean": 0.00156285974663, "dmean2": 0.00244877603836, "dvar": 1.16920909932e-05, "dvar2": 2.93769644486e-05, "max": 0.0445592105389, "mean": 0.00202998309396, "median": 0.00078463985119, "min": 1.66977463318e-21, "var": 1.32880632009e-05}, "spectral_energyband_middle_low": {"dmean": 0.00724354526028, "dmean2": 0.0123415580019, "dvar": 0.000251936231507, "dvar2": 0.00068092730362, "max": 0.144277185202, "mean": 0.00832472275943, "median": 0.0028014681302, "min": 3.48407802529e-22, "var": 0.000225519717787}, "spectral_entropy": {"dmean": 0.304229050875, "dmean2": 0.479256659746, "dvar": 0.163963586092, "dvar2": 0.370516002178, "max": 9.79642677307, "mean": 7.51614093781, "median": 7.75280475616, "min": 4.17197275162, "var": 0.576330125332}, "spectral_flux": {"dmean": 0.0488600544631, "dmean2": 0.0788062140346, "dvar": 0.00367936096154, "dvar2": 0.00825370289385, "max": 0.643456995487, "mean": 0.116759851575, "median": 0.0912446975708, "min": 1.02814992631e-10, "var": 0.00919357035309}, "spectral_kurtosis": {"dmean": 1.85854446888, "dmean2": 3.04485750198, "dvar": 18.4792327881, "dvar2": 51.6228370667, "max": 123.105728149, "mean": 3.68652486801, "median": 1.66592001915, "min": -1.29982256889, "var": 74.4639053345}, "spectral_rms": {"dmean": 0.00173504895065, "dmean2": 0.00262625422329, "dvar": 4.31016724178e-06, "dvar2": 8.77253660292e-06, "max": 0.0227517224848, "mean": 0.00601867306978, "median": 0.00529085844755, "min": 3.21140076337e-12, "var": 1.53779310494e-05}, "spectral_rolloff": {"dmean": 966.973632812, "dmean2": 1641.9552002, "dvar": 3603872.25, "dvar2": 7593120, "max": 19250.6835938, "mean": 2242.91308594, "median": 473.73046875, "min": 21.533203125, "var": 12016616}, "spectral_skewness": {"dmean": 0.308147788048, "dmean2": 0.476174861193, "dvar": 0.16426576674, "dvar2": 0.391841739416, "max": 8.37569046021, "mean": 1.19975805283, "median": 0.955870628357, "min": -0.336915701628, "var": 0.755547523499}, "spectral_spread": {"dmean": 983349, "dmean2": 1476722, "dvar": 1905629855740.0, "dvar2": 3805734502400.0, "max": 39687352, "mean": 6158400.5, "median": 5813123.5, "min": 647725.5, "var": 6682411794430.0}, "spectral_strongpeak": {"dmean": 0.558096587658, "dmean2": 0.911139965057, "dvar": 3.09676575661, "dvar2": 7.41772460938, "max": 37.7454566956, "mean": 1.09254837036, "median": 0.419264495373, "min": 0, "var": 7.8532743454}, "zerocrossingrate": {"dmean": 0.0210537724197, "dmean2": 0.0224222354591, "dvar": 0.000709436717443, "dvar2": 0.000716281298082, "max": 0.61083984375, "mean": 0.0838272199035, "median": 0.0517578125, "min": 0.00146484375, "var": 0.0095023214817}, "barkbands": {"dmean": [0.00189202511683, 0.0241125933826, 0.00490263896063, 0.00271832710132, 0.00206833239645, 0.00153724767733, 0.00107407488395, 0.00061688630376, 0.000477188499644, 0.000448602193501, 0.000265001057414, 0.000200534006581, 0.000146835838677, 0.000129757769173, 0.000155648653163, 0.000139280266012, 9.71786284936e-05, 0.000127636390971, 0.000114554139145, 0.000299427541904, 0.000247584539466, 0.000292049429845, 0.000246121489909, 0.000144773206557, 0.000172584666871, 0.000101473335235, 2.11563437915e-05], "dmean2": [0.00302612432279, 0.0387881845236, 0.00834539812058, 0.00503617757931, 0.00353620294482, 0.00253663863987, 0.00181495014112, 0.00101971137337, 0.000788364442997, 0.000820260494947, 0.000435798661783, 0.000323768123053, 0.000244996102992, 0.000209874648135, 0.000247590942308, 0.000222578717512, 0.00014761055354, 0.000211709193536, 0.000177890848136, 0.000471073959488, 0.000390667992178, 0.00044349746895, 0.000401081662858, 0.000214524552575, 0.000255528342677, 0.000168679529452, 3.44753389072e-05], "dvar": [1.26112126964e-05, 0.00220557581633, 0.000187368583283, 6.90232118359e-05, 2.27570290008e-05, 1.08233944047e-05, 7.80965547165e-06, 1.39545682032e-06, 1.24480925479e-06, 2.07320886147e-06, 7.95543712684e-07, 3.89792262467e-07, 1.58612650125e-07, 2.41317167138e-07, 1.92595251747e-07, 1.58910282266e-07, 7.07063705363e-08, 1.6494789179e-07, 4.67234926305e-08, 3.46010381236e-07, 2.09123413697e-07, 1.9491169212e-07, 2.09348428371e-07, 8.64621725327e-08, 2.95396887395e-07, 1.59798460686e-07, 8.07138977876e-09], "dvar2": [3.11551120831e-05, 0.00523285241798, 0.000474091473734, 0.000199202593649, 6.04774431849e-05, 2.86423746729e-05, 2.08326910069e-05, 3.43510237144e-06, 2.89391209662e-06, 5.85205316384e-06, 1.85937835795e-06, 8.43087207159e-07, 3.96158696958e-07, 5.7073748394e-07, 4.86250996801e-07, 3.91314131321e-07, 1.60273472716e-07, 4.38091490196e-07, 1.05165504749e-07, 7.98744338226e-07, 4.93488016673e-07, 4.48031244105e-07, 5.22540005932e-07, 1.75854935947e-07, 6.66610276312e-07, 4.4912601993e-07, 2.11003357009e-08], "max": [0.0499664992094, 0.507827162743, 0.132923483849, 0.0757324844599, 0.0522699728608, 0.0444944314659, 0.0478002391756, 0.011736379005, 0.0191731676459, 0.0170728694648, 0.0251810271293, 0.0149296727031, 0.00720093119889, 0.0156593248248, 0.00952488090843, 0.00829310808331, 0.00511867785826, 0.00738312164322, 0.00313648837619, 0.00744254048914, 0.00392818450928, 0.00541296927258, 0.00571658182889, 0.00735872192308, 0.0106745688245, 0.00540851987898, 0.00152262940537], "mean": [0.00241796975024, 0.0339462980628, 0.00428645499051, 0.00200690911151, 0.00223422679119, 0.00193542661145, 0.000921385071706, 0.000589308154304, 0.000533333746716, 0.000320407998515, 0.000261357374256, 0.000220639165491, 0.000148056657054, 0.000138197719934, 0.000166848709341, 0.000163240852999, 0.000110069653601, 0.000130975997308, 0.00015756515495, 0.000464693148388, 0.000357839773642, 0.000493602419738, 0.000298069207929, 0.000250398414209, 0.000216125787119, 0.00010271496285, 2.04236894206e-05], "median": [0.000682244426571, 0.0162150524557, 0.000665463274345, 0.000193615531316, 0.000431339547504, 0.000235385552514, 8.2371829194e-05, 9.1482696007e-05, 5.491993943e-05, 2.34400486079e-05, 1.89441889233e-05, 2.62266075879e-05, 2.65586677415e-05, 2.64024711214e-05, 2.73230907624e-05, 2.1855601517e-05, 1.75403656613e-05, 2.57635310845e-05, 5.20875764778e-05, 0.000113122048788, 0.000115068382001, 0.000247551244684, 9.87457024166e-05, 6.76548224874e-05, 4.31639236922e-05, 1.89592028619e-05, 1.95344637177e-06], "min": [6.80761875429e-24, 6.70125032755e-24, 5.84754545035e-24, 2.18423810907e-24, 5.69975164978e-23, 3.76245599469e-23, 5.7307349507e-23, 4.57036347315e-23, 1.25434626838e-22, 4.88980417702e-23, 6.867333316e-23, 9.44582489674e-23, 1.0586370722e-22, 1.67614905844e-22, 2.3306947194e-22, 1.02231943074e-22, 2.64468231183e-22, 2.72614299191e-22, 2.1556910394e-22, 1.76605307456e-22, 6.49033302908e-22, 5.10318385747e-22, 6.30051567724e-22, 5.95098743979e-22, 1.06142428817e-21, 1.72658826936e-21, 2.46621779175e-21], "var": [1.8172457203e-05, 0.00302848266438, 0.00015296060883, 4.19985881308e-05, 2.20905458264e-05, 1.57962458616e-05, 6.17506020717e-06, 1.44072885178e-06, 1.90773471331e-06, 1.27936425542e-06, 1.12342922876e-06, 6.41425003778e-07, 1.55871092034e-07, 2.55310538932e-07, 1.94474338855e-07, 1.66281083125e-07, 8.27958714922e-08, 1.27741017764e-07, 7.14653367595e-08, 6.56093277485e-07, 3.11786237717e-07, 3.9760556092e-07, 2.29731668355e-07, 3.71581279524e-07, 4.82858183659e-07, 1.06316157655e-07, 7.04142344432e-09]}, "erbbands": {"dmean": [0.839186012745, 5.20097017288, 5.41023731232, 8.28582000732, 5.21719551086, 8.08395195007, 13.8238773346, 11.6988515854, 15.3200426102, 12.9332284927, 13.2631874084, 11.1800107956, 13.3045597076, 10.205247879, 11.9157161713, 7.66920566559, 6.36322450638, 6.8538441658, 7.17172622681, 9.87553405762, 5.86583518982, 4.88949108124, 6.0319890976, 5.69369745255, 9.13513755798, 14.791264534, 10.6966638565, 9.91431617737, 10.8133087158, 9.16742420197, 6.31631135941, 4.18911075592, 1.84594774246, 1.67592442036, 1.46887362003, 0.503443419933, 0.197257235646, 0.0251803267747, 0.00404778495431, 0.000231252211961], "dmean2": [1.28140366077, 8.60103416443, 8.40884208679, 14.8140602112, 9.17858886719, 14.1942777634, 22.7238349915, 19.4756393433, 26.1210136414, 21.6587314606, 21.8118343353, 18.1987838745, 24.0437870026, 17.7552528381, 19.4888134003, 12.1749277115, 10.5870580673, 10.9896879196, 11.7650337219, 15.180644989, 9.32642269135, 7.4643163681, 9.8853263855, 9.18438625336, 14.4037151337, 23.4640789032, 16.2462730408, 16.30560112, 16.7907619476, 14.3889455795, 10.2460594177, 6.2989282608, 2.75313782692, 2.53325533867, 2.17012166977, 0.794769465923, 0.334835618734, 0.0413447469473, 0.00666381092742, 0.00038605032023], "dvar": [2.28366994858, 119.054603577, 168.656051636, 655.933410645, 186.584960938, 415.694854736, 762.616394043, 695.229187012, 1817.49890137, 727.080200195, 628.936401367, 766.461425781, 1591.55114746, 962.169189453, 1544.94311523, 558.788757324, 287.662445068, 739.64276123, 614.279663086, 1030.66052246, 184.451751709, 196.081192017, 321.970214844, 144.99987793, 339.284667969, 1052.3972168, 456.465087891, 275.887084961, 270.041809082, 237.544418335, 158.635253906, 96.1888046265, 10.7248764038, 18.3980808258, 35.3488883972, 2.36434388161, 0.931992173195, 0.00564884301275, 0.000307367852656, 1.29008378735e-06], "dvar2": [5.13368606567, 295.906463623, 387.373352051, 1806.66040039, 507.959899902, 1129.61425781, 1951.74243164, 1822.06176758, 4930.95800781, 1898.66113281, 1555.72143555, 1680.51000977, 4485.76123047, 2586.29882812, 3609.05395508, 1249.26269531, 703.685180664, 1694.86950684, 1688.04455566, 2372.30859375, 450.416107178, 459.808532715, 830.926757812, 359.088439941, 767.093811035, 2593.93994141, 1004.9197998, 689.929748535, 632.646911621, 591.324462891, 401.555541992, 216.614440918, 22.9582366943, 43.9260635376, 77.4413757324, 6.12845754623, 2.64697790146, 0.0147303938866, 0.00082900992129, 3.50732739207e-06], "max": [18.3578624725, 120.459442139, 124.366729736, 226.925140381, 168.703063965, 237.197509766, 381.693847656, 395.280700684, 771.91986084, 433.987365723, 260.356811523, 574.523071289, 421.771209717, 536.911254883, 947.921936035, 477.057189941, 332.26348877, 943.292785645, 737.999084473, 726.686218262, 246.028015137, 325.738830566, 369.8097229, 211.542068481, 238.696243286, 466.070037842, 214.179275513, 130.239837646, 217.13722229, 126.971893311, 130.384643555, 205.188659668, 78.4567184448, 61.4719200134, 128.623901367, 18.2935676575, 13.5248041153, 1.73918867111, 0.41239875555, 0.0220721401274], "mean": [1.3089402914, 6.24194288254, 5.81420278549, 6.73551225662, 4.75562524796, 7.96946954727, 17.9096870422, 13.0710887909, 12.9968309402, 12.1874570847, 13.8451681137, 12.8127098083, 10.265045166, 8.85197067261, 11.6403989792, 8.68088340759, 6.82255792618, 7.51692008972, 7.68579483032, 11.0903549194, 7.34163093567, 5.69909524918, 6.52688026428, 7.22779273987, 13.0330171585, 21.7501106262, 15.9158363342, 14.7612743378, 18.890291214, 12.3342599869, 7.9077000618, 7.17711925507, 2.760420084, 2.06813240051, 1.79717898369, 0.563382744789, 0.190917819738, 0.0268179960549, 0.00373052759096, 0.000241316723987], "median": [0.491198539734, 2.8516638279, 1.89720511436, 0.867887020111, 0.887895941734, 1.37969398499, 1.9455537796, 1.91055607796, 1.44236183167, 1.54503643513, 2.38460540771, 1.51543045044, 0.849455237389, 0.883667230606, 1.07906389236, 1.16330718994, 1.3651702404, 1.48912763596, 1.3086540699, 1.55494332314, 1.14870035648, 1.01692438126, 1.38841414452, 2.3740196228, 4.0250544548, 5.23905754089, 4.15103816986, 5.5313873291, 9.44211196899, 6.17693042755, 2.5772600174, 1.87554562092, 0.896356105804, 0.528104066849, 0.231353282928, 0.0932153314352, 0.0306496433914, 0.00553743261844, 0.000343619845808, 8.2687169197e-05], "min": [3.18165399778e-22, 1.10536957088e-21, 4.63085999166e-21, 1.17418223328e-20, 7.88872198175e-20, 2.57237428223e-19, 1.60542702953e-19, 4.12819296397e-19, 5.39206419388e-19, 8.09533076076e-19, 1.3152622553e-18, 3.9097258271e-18, 1.98304702497e-18, 2.36938483199e-18, 2.32741079258e-18, 4.03551931876e-18, 4.3735714915e-18, 6.26080804727e-18, 9.56482177185e-18, 1.21114420442e-17, 9.32464739945e-18, 1.3691612613e-17, 1.22456372093e-17, 1.51703319612e-17, 8.14385038376e-18, 1.06506245388e-17, 1.95907421413e-17, 2.69043372821e-17, 1.94271605577e-17, 1.52013148382e-17, 1.66595945535e-17, 1.35858765968e-17, 1.0674664889e-17, 1.08058243012e-17, 7.71173702202e-18, 5.8356980102e-18, 3.25767692782e-18, 1.35821226444e-18, 3.24891935988e-19, 3.88814243603e-20], "var": [4.30616426468, 124.642684937, 177.747894287, 445.249328613, 141.257110596, 351.294128418, 1414.80444336, 813.236083984, 1332.83740234, 681.140686035, 716.07409668, 1279.63879395, 1028.62072754, 842.59979248, 2012.60778809, 819.723815918, 297.614898682, 807.919311523, 474.705352783, 1093.50488281, 249.537963867, 209.714263916, 274.164855957, 167.88243103, 544.321289062, 1570.46862793, 824.584472656, 426.887176514, 572.171630859, 290.416564941, 171.223190308, 321.190246582, 28.1885757446, 23.1675415039, 60.040851593, 2.34567761421, 0.585161566734, 0.00577620090917, 0.000222701171879, 9.07757055302e-07]}, "gfcc": {"mean": [-52.8435287476, 44.0381584167, -73.2598876953, 56.7094841003, -53.5313568115, 26.5476799011, -20.2120265961, 6.81186628342, -12.0313444138, 14.2383823395, -10.2964687347, 3.45532512665, -8.70853996277], "cov": [[18279.1152344, 4964.29199219, 586.160583496, 1236.34851074, -1113.70410156, -1605.48461914, -583.933349609, 688.749450684, -29.1180973053, 8.13926696777, -335.413330078, 273.909362793, 85.1797103882], [4964.29199219, 9321.24414062, 331.399536133, -303.277648926, 33.377986908, -1546.20239258, -553.732910156, -15.0565099716, 589.984924316, -411.615661621, 185.559692383, -66.6479187012, 139.918548584], [586.160583496, 331.399536133, 1419.88989258, 361.139373779, 62.3086967468, -59.4013214111, -23.9265193939, 158.880462646, 90.8966903687, 127.379417419, 17.8877220154, 12.2635421753, -64.7601089478], [1236.34851074, -303.277648926, 361.139373779, 1159.05871582, 121.316627502, 72.5678787231, 211.287445068, 70.2146835327, 91.7658920288, 46.2261810303, -26.8315219879, 0.082158215344, 25.3598232269], [-1113.70410156, 33.377986908, 62.3086967468, 121.316627502, 640.970092773, 238.546722412, 99.9831161499, -17.0636768341, 95.3737335205, -52.7679824829, 14.5133161545, -48.4616737366, -1.2753508091], [-1605.48461914, -1546.20239258, -59.4013214111, 72.5678787231, 238.546722412, 624.025634766, 199.612518311, -64.9643936157, -60.4825019836, 38.2631759644, -11.5850582123, -20.1019916534, -29.006986618], [-583.933349609, -553.732910156, -23.9265193939, 211.287445068, 99.9831161499, 199.612518311, 305.577941895, 14.2179641724, 20.6618995667, 10.8917808533, 23.1221237183, 0.873145341873, 16.999704361], [688.749450684, -15.0565099716, 158.880462646, 70.2146835327, -17.0636768341, -64.9643936157, 14.2179641724, 219.713150024, 18.4141387939, 46.7931747437, -20.9351978302, 3.0293776989, -6.17644548416], [-29.1180973053, 589.984924316, 90.8966903687, 91.7658920288, 95.3737335205, -60.4825019836, 20.6618995667, 18.4141387939, 230.467788696, 9.22889041901, 14.5030155182, -22.4075775146, 16.7446994781], [8.13926696777, -411.615661621, 127.379417419, 46.2261810303, -52.7679824829, 38.2631759644, 10.8917808533, 46.7931747437, 9.22889041901, 176.435775757, 4.18590068817, 21.4765968323, -5.37881612778], [-335.413330078, 185.559692383, 17.8877220154, -26.8315219879, 14.5133161545, -11.5850582123, 23.1221237183, -20.9351978302, 14.5030155182, 4.18590068817, 135.276229858, 15.0783071518, 20.5347366333], [273.909362793, -66.6479187012, 12.2635421753, 0.082158215344, -48.4616737366, -20.1019916534, 0.873145341873, 3.0293776989, -22.4075775146, 21.4765968323, 15.0783071518, 89.6258010864, 26.9211387634], [85.1797103882, 139.918548584, -64.7601089478, 25.3598232269, -1.2753508091, -29.006986618, 16.999704361, -6.17644548416, 16.7446994781, -5.37881612778, 20.5347366333, 26.9211387634, 82.9038543701]], "icov": [[0.000137449373142, -0.000101538607851, 5.38751664863e-05, -0.000223637034651, 0.000169864128111, 2.15390582525e-06, 0.000155147616169, -0.000369130400941, 0.000225306546781, -5.16913387401e-05, 0.000337310222676, -0.000413470959757, 8.65476686158e-05], [-0.000101538607851, 0.000366854161257, -0.000124101381516, 0.000226098825806, -0.000266140850727, 0.000633423449472, 3.87567051803e-05, 0.000402359524742, -0.000676773430314, 0.000547768780962, -0.000506232085172, 0.000456484907772, -0.00029197402182], [5.38751664863e-05, -0.000124101381516, 0.00100821070373, -0.000417142146034, -3.27580964949e-05, -0.000125757011119, 0.000345992710209, -0.000678676180542, -2.29593774748e-06, -0.000627817527857, -0.000165772260516, -0.000570271571632, 0.00108921702486], [-0.000223637034651, 0.000226098825806, -0.000417142146034, 0.001539585297, -0.000398205389502, 0.000263368536253, -0.00110456242692, 0.000646436121315, -0.000647578504868, 7.58807873353e-05, -6.50637157378e-05, 0.000777636945713, -0.000688622065354], [0.000169864128111, -0.000266140850727, -3.27580964949e-05, -0.000398205389502, 0.00255897152238, -0.00140555051621, 0.000229020050028, -0.000731762149371, -0.000547749106772, 0.000764081429224, 0.000207455334021, 5.10609861522e-05, -9.07920330064e-05], [2.15390582525e-06, 0.000633423449472, -0.000125757011119, 0.000263368536253, -0.00140555051621, 0.00436683138832, -0.00152668554801, 0.00136830075644, 0.000111359418952, -0.000205247488339, 6.53744500596e-05, 0.000608888571151, 0.000421490869485], [0.000155147616169, 3.87567051803e-05, 0.000345992710209, -0.00110456242692, 0.000229020050028, -0.00152668554801, 0.00555649911985, -0.001370228827, -0.000628557230812, 0.000653495662846, -0.00101713149343, -0.000631697010249, -0.000762353825849], [-0.000369130400941, 0.000402359524742, -0.000678676180542, 0.000646436121315, -0.000731762149371, 0.00136830075644, -0.001370228827, 0.00673666922376, -0.000644363637548, -0.0010820266325, 0.000207331511774, 0.00134111067746, -0.000204244803172], [0.000225306546781, -0.000676773430314, -2.29593774748e-06, -0.000647578504868, -0.000547749106772, 0.000111359418952, -0.000628557230812, -0.000644363637548, 0.00688672950491, -0.00190045731142, 0.00077718263492, 0.000840899592731, -0.000761402479839], [-5.16913387401e-05, 0.000547768780962, -0.000627817527857, 7.58807873353e-05, 0.000764081429224, -0.000205247488339, 0.000653495662846, -0.0010820266325, -0.00190045731142, 0.0081655588001, -0.00106282928027, -0.00117404013872, -0.000101542042103], [0.000337310222676, -0.000506232085172, -0.000165772260516, -6.50637157378e-05, 0.000207455334021, 6.53744500596e-05, -0.00101713149343, 0.000207331511774, 0.00077718263492, -0.00106282928027, 0.00948916561902, -0.00202018884011, -0.00127202703152], [-0.000413470959757, 0.000456484907772, -0.000570271571632, 0.000777636945713, 5.10609861522e-05, 0.000608888571151, -0.000631697010249, 0.00134111067746, 0.000840899592731, -0.00117404013872, -0.00202018884011, 0.0153955090791, -0.00533063290641], [8.65476686158e-05, -0.00029197402182, 0.00108921702486, -0.000688622065354, -9.07920330064e-05, 0.000421490869485, -0.000762353825849, -0.000204244803172, -0.000761402479839, -0.000101542042103, -0.00127202703152, -0.00533063290641, 0.0160079523921]]}, "melbands": {"dmean": [0.00707469973713, 0.00382272899151, 0.00131413456984, 0.000421006581746, 0.000464982556878, 0.000265202485025, 0.000233571336139, 0.000138505769428, 0.000107589992695, 6.71023808536e-05, 6.79190634401e-05, 4.37655107817e-05, 3.9588619984e-05, 2.64319605776e-05, 1.58584480232e-05, 1.4239560187e-05, 1.2944471564e-05, 1.14926688184e-05, 1.18634725368e-05, 1.16253704618e-05, 6.88517775416e-06, 5.62887089472e-06, 4.23175697506e-06, 7.58081159802e-06, 4.35791025666e-06, 4.95936865264e-06, 9.42363749346e-06, 1.0132585885e-05, 7.53483891458e-06, 5.73951683691e-06, 6.12263465882e-06, 6.368421964e-06, 5.79493325858e-06, 4.90189813718e-06, 3.93354821426e-06, 2.83862345896e-06, 2.66511437985e-06, 1.32667014441e-06, 1.03207435131e-06, 1.64445737028e-06], "dmean2": [0.011268013157, 0.0058773397468, 0.00232352083549, 0.000731420703232, 0.000770746613853, 0.000441791838966, 0.000396851915866, 0.000231424710364, 0.000176041066879, 0.000109854270704, 0.000123209043522, 7.6746189734e-05, 6.44934771117e-05, 4.26184014941e-05, 2.63263973466e-05, 2.38116972469e-05, 2.07884295378e-05, 1.91887484107e-05, 1.8706661649e-05, 1.8211596398e-05, 1.11617682705e-05, 8.57135728438e-06, 6.8737199399e-06, 1.2819755284e-05, 7.08052584741e-06, 7.78807498136e-06, 1.49572078953e-05, 1.64280372701e-05, 1.13484538815e-05, 9.1426391009e-06, 1.01709692899e-05, 1.01808009276e-05, 8.67632570589e-06, 7.93721574155e-06, 6.45666750643e-06, 4.55234840047e-06, 3.92644324165e-06, 1.99246187549e-06, 1.59340959272e-06, 2.4935741294e-06], "dvar": [0.000177301990334, 5.88952607359e-05, 1.52976936079e-05, 1.14161753118e-06, 8.60238742462e-07, 3.46542293528e-07, 4.03988366315e-07, 7.87422180792e-08, 4.28986055567e-08, 2.8158643417e-08, 4.33819842272e-08, 1.81406214494e-08, 1.86217885556e-08, 6.51977227761e-09, 2.16323736701e-09, 1.65640368088e-09, 3.01179281514e-09, 1.83967430178e-09, 1.05419606378e-09, 1.46958756275e-09, 2.66976690755e-10, 3.06896258406e-10, 1.17234999486e-10, 7.50469353328e-10, 7.42818723198e-11, 1.04241351662e-10, 3.25790949773e-10, 5.59823909452e-10, 2.72012717906e-10, 8.57873494464e-11, 1.14425288689e-10, 9.43298217315e-11, 9.03509211891e-11, 7.9110294704e-11, 6.48296277772e-11, 8.22431914238e-11, 5.03342575953e-11, 6.06237239228e-12, 3.86347247597e-12, 2.4932949802e-11], "dvar2": [0.000410725304391, 0.000123925739899, 4.16682050854e-05, 3.07050163428e-06, 2.2238486963e-06, 9.19302237889e-07, 1.08696940515e-06, 2.02334945243e-07, 1.06556129253e-07, 6.34649026665e-08, 1.22526259361e-07, 4.92991851786e-08, 4.28569215671e-08, 1.42165221817e-08, 5.59742030504e-09, 4.16344292375e-09, 6.91591584001e-09, 5.12354159099e-09, 2.45379450092e-09, 3.4771989732e-09, 6.56365684026e-10, 7.23066106989e-10, 2.91174695466e-10, 2.03429606493e-09, 1.78646486493e-10, 2.40697461962e-10, 7.23164805816e-10, 1.43347678172e-09, 6.05500927175e-10, 2.13377038261e-10, 2.84567563957e-10, 2.36120373254e-10, 1.86541546099e-10, 1.99855909599e-10, 1.63469376924e-10, 2.20808551998e-10, 9.53098988621e-11, 1.31431159359e-11, 9.01368302914e-12, 6.03611396977e-11], "max": [0.142003208399, 0.0935395658016, 0.0330768041313, 0.0130014205351, 0.0129925515503, 0.0084359748289, 0.0110079171136, 0.00390663230792, 0.00223011150956, 0.00316346879117, 0.00220966921188, 0.00218517659232, 0.00397434458137, 0.0022226322908, 0.000944872328546, 0.00103407260031, 0.00201008212753, 0.00129912164994, 0.000608182337601, 0.000807588221505, 0.00039979070425, 0.000460711104097, 0.000313489028485, 0.000530887860805, 0.000207437900826, 0.000140960401041, 0.000211211139685, 0.000337943434715, 0.000197864865186, 9.15586861083e-05, 8.52087032399e-05, 9.71585104708e-05, 0.000158252762049, 6.98542862665e-05, 6.64194958517e-05, 0.000261640030658, 0.00019504375814, 6.59397628624e-05, 3.09018359985e-05, 7.57430170779e-05], "mean": [0.0105446530506, 0.00486401189119, 0.00110318162479, 0.00040740534314, 0.000585439207498, 0.000305766792735, 0.000198204856133, 0.000130434113089, 0.000114575450425, 7.47594604036e-05, 5.05331190652e-05, 3.59427976946e-05, 3.83474689443e-05, 2.91250926239e-05, 1.61537809618e-05, 1.45606836668e-05, 1.37314164022e-05, 1.17553536256e-05, 1.31779588628e-05, 1.29309619297e-05, 8.39330641611e-06, 6.2021422309e-06, 4.92915114592e-06, 7.12047085472e-06, 5.52447409063e-06, 6.29915211903e-06, 1.46945585584e-05, 1.37450342663e-05, 1.04961363832e-05, 8.20436616777e-06, 8.60749605636e-06, 1.06430470623e-05, 9.62691592576e-06, 5.84857298236e-06, 4.77272806165e-06, 3.40905103258e-06, 5.20316143593e-06, 1.96181736101e-06, 1.33939431635e-06, 1.93871142073e-06], "median": [0.00486829783767, 0.00212802691385, 0.000156850437634, 7.66901066527e-05, 7.23728808225e-05, 4.24343743362e-05, 1.87938258023e-05, 1.62848737091e-05, 1.79811941052e-05, 8.3311151684e-06, 3.58174020221e-06, 3.2539910535e-06, 3.08197832055e-06, 3.06461924993e-06, 2.48676724368e-06, 2.51933124673e-06, 2.49373852057e-06, 1.85317912837e-06, 2.06364757105e-06, 1.61244406627e-06, 1.15548414215e-06, 9.77465106189e-07, 7.96437120698e-07, 1.27147131934e-06, 1.72537693288e-06, 1.93563028006e-06, 3.54473786501e-06, 3.1941931411e-06, 2.17288970816e-06, 2.71718454314e-06, 3.1210056477e-06, 4.8449546739e-06, 4.78996844322e-06, 1.97284134629e-06, 1.33243634082e-06, 8.84209953256e-07, 1.02602064089e-06, 5.93051652231e-07, 4.29890803844e-07, 4.11796406752e-07], "min": [2.50541927675e-24, 2.18228725605e-24, 2.24125756694e-24, 1.44408482879e-23, 6.51086269238e-24, 8.18926366471e-24, 9.94826255573e-24, 8.13762009669e-24, 9.87018346991e-24, 2.50543706557e-23, 8.61628906107e-24, 8.92663719637e-24, 7.66304216497e-24, 1.27795001218e-23, 7.64983190025e-24, 1.02102685059e-23, 1.22431638475e-23, 1.50263660953e-23, 2.11586552282e-23, 9.1102398389e-24, 1.21105452853e-23, 1.77700858548e-23, 7.16119331176e-24, 1.42210953056e-23, 1.25202054865e-23, 7.31392940478e-24, 5.3179665586e-24, 6.15034694781e-24, 1.27217823248e-23, 1.17063873889e-23, 1.65153757638e-23, 1.09408641447e-23, 9.56838422024e-24, 7.73388976287e-24, 7.81925871231e-24, 1.21304719118e-23, 7.8446127018e-24, 8.15574102055e-24, 6.79472640052e-24, 9.98328797992e-24], "var": [0.000278954568785, 7.83373325248e-05, 1.0817682778e-05, 9.3292095471e-07, 1.40040810948e-06, 4.18385411649e-07, 3.04576275312e-07, 7.55333573466e-08, 5.20136431703e-08, 4.42177743309e-08, 2.75987872556e-08, 1.45018779207e-08, 2.45308839908e-08, 1.20088730071e-08, 2.08481099051e-09, 1.63166025136e-09, 3.21873661058e-09, 1.32438948697e-09, 1.23247323458e-09, 1.45293799214e-09, 3.82632064921e-10, 3.1581645632e-10, 1.33136265901e-10, 5.29133570293e-10, 9.97551208304e-11, 1.40423159212e-10, 6.25435148116e-10, 7.10493330836e-10, 4.57753335237e-10, 1.45525647088e-10, 1.64264296609e-10, 1.91748464329e-10, 1.99283978208e-10, 8.76426917151e-11, 6.96196503225e-11, 6.64276550433e-11, 2.86062201704e-10, 1.58106253784e-11, 6.01088493216e-12, 2.84805859452e-11]}, "mfcc": {"mean": [-706.346191406, 79.7211761475, 40.7238960266, 38.3022270203, 4.49328899384, 22.7288703918, 4.331199646, 4.18746471405, 4.45600414276, 11.0934419632, 9.32968235016, 0.00134796707425, 5.6773223877], "cov": [[16660.015625, 2506.29516602, -168.402114868, 1710.5324707, -452.034210205, -152.377609253, -276.871520996, 406.63394165, 270.117675781, 19.9376239777, -1003.05194092, 796.444641113, 230.356018066], [2506.29516602, 4871.47509766, -122.656860352, 127.548324585, 105.422653198, -125.819366455, -401.545196533, 158.811126709, 7.20076322556, -136.056182861, -207.365966797, 385.181732178, 62.348651886], [-168.402114868, -122.656860352, 929.921020508, 303.301727295, 103.344230652, 38.9536056519, 102.946838379, 20.2796478271, 34.074798584, 87.8097381592, 97.7145996094, 37.9315757751, 39.6629638672], [1710.5324707, 127.548324585, 303.301727295, 943.367553711, 123.146484375, 200.152740479, 52.0217704773, 169.487091064, 158.140197754, 106.137489319, -99.8607711792, 208.371734619, 81.3464889526], [-452.034210205, 105.422653198, 103.344230652, 123.146484375, 442.573638916, 174.215957642, 66.2011566162, 82.888168335, 75.5235214233, 26.5137767792, 88.0505218506, 5.87188196182, 0.807227313519], [-152.377609253, -125.819366455, 38.9536056519, 200.152740479, 174.215957642, 368.462097168, 110.227783203, 95.2094039917, 81.4483642578, 31.1775074005, 39.3579216003, 14.4022550583, 26.3341770172], [-276.871520996, -401.545196533, 102.946838379, 52.0217704773, 66.2011566162, 110.227783203, 241.919021606, 59.0082168579, 7.76688098907, 36.3234596252, 36.0018310547, -20.7068958282, 13.3687744141], [406.63394165, 158.811126709, 20.2796478271, 169.487091064, 82.888168335, 95.2094039917, 59.0082168579, 186.93800354, 69.9247817993, 18.111907959, -25.3774185181, 65.2853012085, 11.117269516], [270.117675781, 7.20076322556, 34.074798584, 158.140197754, 75.5235214233, 81.4483642578, 7.76688098907, 69.9247817993, 173.756698608, 55.8776016235, 23.0137367249, 50.0381698608, 20.1914672852], [19.9376239777, -136.056182861, 87.8097381592, 106.137489319, 26.5137767792, 31.1775074005, 36.3234596252, 18.111907959, 55.8776016235, 148.406814575, 34.0739746094, 10.504907608, 23.2862606049], [-1003.05194092, -207.365966797, 97.7145996094, -99.8607711792, 88.0505218506, 39.3579216003, 36.0018310547, -25.3774185181, 23.0137367249, 34.0739746094, 193.583496094, -54.8529510498, -4.55743694305], [796.444641113, 385.181732178, 37.9315757751, 208.371734619, 5.87188196182, 14.4022550583, -20.7068958282, 65.2853012085, 50.0381698608, 10.504907608, -54.8529510498, 179.623336792, 47.9626693726], [230.356018066, 62.348651886, 39.6629638672, 81.3464889526, 0.807227313519, 26.3341770172, 13.3687744141, 11.117269516, 20.1914672852, 23.2862606049, -4.55743694305, 47.9626693726, 81.5912628174]], "icov": [[0.000115130344057, -2.57345309365e-05, 1.97008885152e-05, -0.000132122819196, 7.17439033906e-05, 7.6595817518e-05, -1.06719153337e-06, -3.01795971609e-05, -0.000125521124573, -9.82330948318e-06, 0.0004198802053, -0.000119570184324, -7.67687015468e-05], [-2.57345309365e-05, 0.000329116097419, -4.42402306362e-05, 0.000173919019289, -0.000211897408008, -5.72395310883e-06, 0.000555458187591, -0.000317310943501, 0.000220976464334, 0.000110336230136, 5.96022837271e-05, -0.000622728897724, -9.13456387934e-05], [1.97008885152e-05, -4.42402306362e-05, 0.00147677992936, -0.00071449065581, -0.000101562785858, 0.000445767625934, -0.000588800176047, 0.000272949459031, 0.000304468121612, -0.000239249144215, -0.000953818904236, 1.0243568795e-05, -0.000177306181286], [-0.000132122819196, 0.000173919019289, -0.00071449065581, 0.0025074838195, -0.000352162896888, -0.000953859882429, 0.000419519521529, -0.000536810897756, -0.000519694760442, -0.000880896463059, 0.00111357984133, -0.00162382563576, -0.000199990055989], [7.17439033906e-05, -0.000211897408008, -0.000101562785858, -0.000352162896888, 0.00338901765645, -0.000998436240479, -0.000293087970931, -0.000687081657816, -0.000568915857002, 0.000244972383371, -0.0012166632805, 0.000370440684492, 0.000575367128477], [7.6595817518e-05, -5.72395310883e-06, 0.000445767625934, -0.000953859882429, -0.000998436240479, 0.00454257940874, -0.00137564225588, -0.000792537408415, -0.000915934622753, 0.000610749179032, -0.000423908000812, 0.00086067855591, -0.00107772252522], [-1.06719153337e-06, 0.000555458187591, -0.000588800176047, 0.000419519521529, -0.000293087970931, -0.00137564225588, 0.00671924510971, -0.00259423977695, 0.0015950613888, -0.000845250207931, -9.50968751567e-05, 0.000160326031619, -0.0011071076151], [-3.01795971609e-05, -0.000317310943501, 0.000272949459031, -0.000536810897756, -0.000687081657816, -0.000792537408415, -0.00259423977695, 0.00913777202368, -0.00233146664687, 0.000228968361625, 0.00105101929512, -0.00165624730289, 0.00171672494616], [-0.000125521124573, 0.000220976464334, 0.000304468121612, -0.000519694760442, -0.000568915857002, -0.000915934622753, 0.0015950613888, -0.00233146664687, 0.00930993631482, -0.00232788128778, -0.00206745835021, -0.00132776412647, -6.12989751971e-05], [-9.82330948318e-06, 0.000110336230136, -0.000239249144215, -0.000880896463059, 0.000244972383371, 0.000610749179032, -0.000845250207931, 0.000228968361625, -0.00232788128778, 0.00903964973986, -0.00145068729762, 0.000770319078583, -0.00169197586365], [0.0004198802053, 5.96022837271e-05, -0.000953818904236, 0.00111357984133, -0.0012166632805, -0.000423908000812, -9.50968751567e-05, 0.00105101929512, -0.00206745835021, -0.00145068729762, 0.00986874196678, 0.000446780555649, -0.000642064376734], [-0.000119570184324, -0.000622728897724, 1.0243568795e-05, -0.00162382563576, 0.000370440684492, 0.00086067855591, 0.000160326031619, -0.00165624730289, -0.00132776412647, 0.000770319078583, 0.000446780555649, 0.0114502236247, -0.00425185123459], [-7.67687015468e-05, -9.13456387934e-05, -0.000177306181286, -0.000199990055989, 0.000575367128477, -0.00107772252522, -0.0011071076151, 0.00171672494616, -6.12989751971e-05, -0.00169197586365, -0.000642064376734, -0.00425185123459, 0.0160795859993]]}, "spectral_contrast_coeffs": {"dmean": [0.0544323436916, 0.0545021556318, 0.0406223535538, 0.0317880101502, 0.0290062092245, 0.0261797718704], "dmean2": [0.088472738862, 0.0914047509432, 0.0663195103407, 0.0515108294785, 0.0464786291122, 0.042168263346], "dvar": [0.00226852064952, 0.00219113077037, 0.00135926331859, 0.000808180833701, 0.000711596105248, 0.000614847347606], "dvar2": [0.00567729072645, 0.00592843722552, 0.00337647856213, 0.00203518639319, 0.00160030636471, 0.00141196406912], "max": [-0.366472303867, -0.424268424511, -0.433141261339, -0.564327180386, -0.536697149277, -0.510971188545], "mean": [-0.713760197163, -0.775677323341, -0.81259894371, -0.810089886189, -0.782554745674, -0.73460650444], "median": [-0.715350031853, -0.7870413661, -0.826411366463, -0.82226485014, -0.787086963654, -0.732480227947], "min": [-0.963871181011, -0.977070868015, -0.967580020428, -0.950898587704, -0.956587851048, -0.958025693893], "var": [0.00783314928412, 0.00708923162892, 0.00424488773569, 0.00313564646058, 0.00334500730969, 0.0036927505862]}, "spectral_contrast_valleys": {"dmean": [0.495184659958, 0.600267827511, 0.563518643379, 0.539061009884, 0.533669888973, 0.621578395367], "dmean2": [0.762722432613, 0.940545976162, 0.856581687927, 0.807510912418, 0.743876218796, 0.858691513538], "dvar": [0.283037185669, 0.358338654041, 0.35515961051, 0.349239170551, 0.32820597291, 0.466594517231], "dvar2": [0.524420440197, 0.786415100098, 0.792719662189, 0.76463037