{"lowlevel": {"average_loudness": 0.894425332546, "barkbands_crest": {"dmean": 2.77841806412, "dmean2": 4.18299150467, "dvar": 9.69765663147, "dvar2": 20.2542953491, "max": 26.5839328766, "mean": 15.1277608871, "median": 14.5709352493, "min": 2.48825383186, "var": 40.1621742249}, "barkbands_flatness_db": {"dmean": 0.0331425368786, "dmean2": 0.0469153486192, "dvar": 0.00134656985756, "dvar2": 0.00256346934475, "max": 0.633829772472, "mean": 0.198259413242, "median": 0.204034596682, "min": 0.033169336617, "var": 0.00729070510715}, "barkbands_kurtosis": {"dmean": 25.500749588, "dmean2": 39.33543396, "dvar": 3333.23608398, "dvar2": 8553.74707031, "max": 1615.36828613, "mean": 45.8020629883, "median": 22.7177810669, "min": -1.94126057625, "var": 6187.46728516}, "barkbands_skewness": {"dmean": 1.39712488651, "dmean2": 2.0358505249, "dvar": 2.9581413269, "dvar2": 6.65219736099, "max": 34.6215324402, "mean": 4.64068508148, "median": 4.13144779205, "min": -6.17846488953, "var": 12.2742385864}, "barkbands_spread": {"dmean": 5.9434838295, "dmean2": 8.85064506531, "dvar": 86.0001373291, "dvar2": 176.183502197, "max": 120.87877655, "mean": 16.9918518066, "median": 8.30014419556, "min": 0.0808192044497, "var": 360.435241699}, "dissonance": {"dmean": 0.0192722696811, "dmean2": 0.0316027253866, "dvar": 0.000440937175881, "dvar2": 0.0011283204658, "max": 0.499999940395, "mean": 0.446949601173, "median": 0.453660696745, "min": 0.253475487232, "var": 0.0013672983041}, "dynamic_complexity": 3.98091840744, "erbbands_crest": {"dmean": 2.24779605865, "dmean2": 3.46472239494, "dvar": 5.29137182236, "dvar2": 12.196805954, "max": 29.3606452942, "mean": 9.33730983734, "median": 8.42887401581, "min": 2.1583313942, "var": 18.5576286316}, "erbbands_flatness_db": {"dmean": 0.0159978214651, "dmean2": 0.0237572416663, "dvar": 0.000309241237119, "dvar2": 0.000670465757139, "max": 0.374578684568, "mean": 0.118102312088, "median": 0.112818263471, "min": 0.0325049720705, "var": 0.0012492001988}, "erbbands_kurtosis": {"dmean": 1.63956773281, "dmean2": 2.53867101669, "dvar": 8.75003242493, "dvar2": 20.5457019806, "max": 68.7166595459, "mean": 1.47325062752, "median": 0.174853563309, "min": -1.91628718376, "var": 15.8196382523}, "erbbands_skewness": {"dmean": 0.454381674528, "dmean2": 0.647590994835, "dvar": 0.278979867697, "dvar2": 0.56086063385, "max": 7.55213880539, "mean": 0.897766411304, "median": 0.824632942677, "min": -5.96717023849, "var": 1.12088131905}, "erbbands_spread": {"dmean": 13.1887044907, "dmean2": 20.4330101013, "dvar": 260.57510376, "dvar2": 624.977783203, "max": 210.967086792, "mean": 56.2569274902, "median": 52.5160446167, "min": 1.98097479343, "var": 645.318847656}, "hfc": {"dmean": 8.56987285614, "dmean2": 13.4883460999, "dvar": 342.369018555, "dvar2": 781.754760742, "max": 193.069992065, "mean": 11.3183860779, "median": 5.6637711525, "min": 6.24588247788e-09, "var": 367.301696777}, "melbands_crest": {"dmean": 2.92063188553, "dmean2": 4.62988519669, "dvar": 9.54099082947, "dvar2": 22.7465286255, "max": 39.7110099792, "mean": 18.5112190247, "median": 18.6811447144, "min": 3.89061427116, "var": 25.5169200897}, "melbands_flatness_db": {"dmean": 0.037559542805, "dmean2": 0.0518345460296, "dvar": 0.00188162794802, "dvar2": 0.00316886231303, "max": 0.773768663406, "mean": 0.289988666773, "median": 0.309591919184, "min": 0.0129246385768, "var": 0.013580285944}, "melbands_kurtosis": {"dmean": 43.6687240601, "dmean2": 67.8797607422, "dvar": 12980.8408203, "dvar2": 36256.3671875, "max": 4231.35791016, "mean": 91.0196838379, "median": 54.0297088623, "min": -1.77997636795, "var": 16355.0751953}, "melbands_skewness": {"dmean": 1.50809812546, "dmean2": 2.23087906837, "dvar": 4.38783788681, "dvar2": 10.3963108063, "max": 51.1126861572, "mean": 5.96816444397, "median": 5.40584135056, "min": -5.48736000061, "var": 13.5832090378}, "melbands_spread": {"dmean": 5.39123010635, "dmean2": 7.60076522827, "dvar": 148.496704102, "dvar2": 292.756317139, "max": 278.973724365, "mean": 14.7406692505, "median": 4.35411882401, "min": 0.131891772151, "var": 734.453979492}, "pitch_salience": {"dmean": 0.088954359293, "dmean2": 0.136711001396, "dvar": 0.0109920091927, "dvar2": 0.0239172931761, "max": 0.968668341637, "mean": 0.418975621462, "median": 0.424030035734, "min": 0.0252353344113, "var": 0.0291973985732}, "silence_rate_20dB": {"dmean": 0, "dmean2": 0, "dvar": 0, "dvar2": 0, "max": 1, "mean": 1, "median": 1, "min": 1, "var": 0}, "silence_rate_30dB": {"dmean": 0.065519861877, "dmean2": 0.131056293845, "dvar": 0.0612321458757, "dvar2": 0.136392682791, "max": 1, "mean": 0.931579589844, "median": 1, "min": 0, "var": 0.0637326166034}, "silence_rate_60dB": {"dmean": 0.072350114584, "dmean2": 0.144592031837, "dvar": 0.0671244859695, "dvar2": 0.137344047427, "max": 1, "mean": 0.206905275583, "median": 0, "min": 0, "var": 0.164106935263}, "spectral_centroid": {"dmean": 207.968200684, "dmean2": 286.619537354, "dvar": 95351.234375, "dvar2": 152112.59375, "max": 6326.36523438, "mean": 903.418762207, "median": 636.596435547, "min": 86.6001739502, "var": 597460.0625}, "spectral_complexity": {"dmean": 2.6807487011, "dmean2": 3.78734970093, "dvar": 33.4216766357, "dvar2": 47.1499214172, "max": 63, "mean": 8.64588356018, "median": 7, "min": 0, "var": 79.4010543823}, "spectral_decrease": {"dmean": 5.25838839138e-09, "dmean2": 8.52658121886e-09, "dvar": 7.38755534467e-17, "dvar2": 1.83860597891e-16, "max": 2.10687327434e-18, "mean": -1.01407371389e-08, "median": -7.62760876682e-09, "min": -7.34956984161e-08, "var": 1.21816413886e-16}, "spectral_energy": {"dmean": 0.0205177478492, "dmean2": 0.0332207754254, "dvar": 0.00110228522681, "dvar2": 0.00273883342743, "max": 0.281537055969, "mean": 0.0393001139164, "median": 0.0295620113611, "min": 6.26677312474e-13, "var": 0.00179831741843}, "spectral_energyband_high": {"dmean": 0.00047352333786, "dmean2": 0.000774143030867, "dvar": 1.20811557736e-06, "dvar2": 2.85521991827e-06, "max": 0.0129049476236, "mean": 0.000496930559166, "median": 0.000138918709126, "min": 4.93536960432e-13, "var": 1.19186290704e-06}, "spectral_energyband_low": {"dmean": 0.016328305006, "dmean2": 0.0265303235501, "dvar": 0.000796105654445, "dvar2": 0.00202350504696, "max": 0.250153571367, "mean": 0.0309003330767, "median": 0.0214988924563, "min": 1.43973442651e-14, "var": 0.00134647660889}, "spectral_energyband_middle_high": {"dmean": 0.00109007419087, "dmean2": 0.001589330961, "dvar": 1.77107813215e-05, "dvar2": 3.77016222046e-05, "max": 0.0490166172385, "mean": 0.001341611729, "median": 0.000365140644135, "min": 9.4058238303e-14, "var": 2.04500411201e-05}, "spectral_energyband_middle_low": {"dmean": 0.00714144809172, "dmean2": 0.0122733227909, "dvar": 0.000364469044143, "dvar2": 0.00101330922917, "max": 0.181663200259, "mean": 0.00877155922353, "median": 0.00327539769933, "min": 1.22790664829e-14, "var": 0.00028796348488}, "spectral_entropy": {"dmean": 0.252056598663, "dmean2": 0.371862441301, "dvar": 0.0944798067212, "dvar2": 0.190901041031, "max": 8.96478652954, "mean": 7.25357151031, "median": 7.26327705383, "min": 4.43451213837, "var": 0.362451434135}, "spectral_flux": {"dmean": 0.0445758104324, "dmean2": 0.0648586675525, "dvar": 0.00341551238671, "dvar2": 0.0062822336331, "max": 0.488229960203, "mean": 0.0823219865561, "median": 0.0505810081959, "min": 8.33528883959e-06, "var": 0.00733296060935}, "spectral_kurtosis": {"dmean": 1.18131399155, "dmean2": 1.81464266777, "dvar": 1.87724745274, "dvar2": 4.31571483612, "max": 47.9142150879, "mean": 4.13553714752, "median": 3.98303556442, "min": -0.723879575729, "var": 6.23669290543}, "spectral_rms": {"dmean": 0.00141827506013, "dmean2": 0.00218755728565, "dvar": 3.96040604755e-06, "dvar2": 8.87735041033e-06, "max": 0.0165731813759, "mean": 0.00522643793374, "median": 0.00537038035691, "min": 2.4726352521e-08, "var": 1.10257724373e-05}, "spectral_rolloff": {"dmean": 431.532989502, "dmean2": 704.05291748, "dvar": 1410019.75, "dvar2": 2978081.75, "max": 18669.2871094, "mean": 1157.58752441, "median": 236.865234375, "min": 21.533203125, "var": 6127282.5}, "spectral_skewness": {"dmean": 0.220836102962, "dmean2": 0.331742823124, "dvar": 0.0573547519743, "dvar2": 0.119487918913, "max": 6.16109609604, "mean": 1.71419012547, "median": 1.72316014767, "min": 0.0233178548515, "var": 0.261178851128}, "spectral_spread": {"dmean": 889508.25, "dmean2": 1309925, "dvar": 1341852090370.0, "dvar2": 2973623648260.0, "max": 16330784, "mean": 6670619, "median": 6410241, "min": 1443553.625, "var": 3417029214210.0}, "spectral_strongpeak": {"dmean": 0.178256765008, "dmean2": 0.287159204483, "dvar": 0.059141587466, "dvar2": 0.149720668793, "max": 6.27414655685, "mean": 0.518297851086, "median": 0.479738324881, "min": 0, "var": 0.11971463263}, "zerocrossingrate": {"dmean": 0.0130573548377, "dmean2": 0.0151488874108, "dvar": 0.000336157449055, "dvar2": 0.000346268410794, "max": 0.6796875, "mean": 0.0517471283674, "median": 0.03076171875, "min": 0.00146484375, "var": 0.00543185509741}, "barkbands": {"dmean": [0.00019964587409, 0.0122070834041, 0.00586095359176, 0.00283900764771, 0.00346856750548, 0.000663368729874, 0.000308169837808, 0.000216979184188, 0.000300662242807, 8.52345619933e-05, 6.8143781391e-05, 7.6800599345e-05, 4.79638511024e-05, 6.3646286435e-05, 0.000116520772281, 0.000144841571455, 0.000158497801749, 0.000238627180806, 0.000156420239364, 7.48866004869e-05, 6.39379577478e-05, 7.02401375747e-05, 9.32134062168e-05, 0.000111924513476, 4.62661337224e-05, 4.31296684837e-05, 3.20473482134e-05], "dmean2": [0.000338862708304, 0.0193828456104, 0.00988333392888, 0.00484577473253, 0.00617330195382, 0.00114427215885, 0.000494783627801, 0.000357983488357, 0.000525461975485, 0.000130663873279, 0.00011155159882, 0.000127014704049, 7.30877291062e-05, 9.528411465e-05, 0.000159526243806, 0.000222925373237, 0.000250297307502, 0.000356448377715, 0.000230618476053, 0.000109513857751, 9.58403325058e-05, 0.000109477121441, 0.000156174370204, 0.000194835665752, 7.96940294094e-05, 7.71073973738e-05, 5.68025134271e-05], "dvar": [1.7614779324e-07, 0.000390741071897, 0.000264938251348, 7.44264616515e-05, 0.000110574139399, 2.99229077427e-06, 5.11908524459e-07, 2.68047273266e-07, 5.15217379871e-07, 7.01977072026e-08, 1.16312804721e-07, 1.46921479427e-07, 2.91537904928e-08, 5.8326016017e-08, 2.21215671559e-07, 4.08252162742e-07, 4.1942141138e-07, 1.06305117242e-06, 4.42436032699e-07, 7.63058594089e-08, 4.98728986997e-08, 4.08677571784e-08, 5.7382649743e-08, 6.3563454944e-08, 9.94015358913e-09, 9.401102119e-09, 7.28170013176e-09], "dvar2": [4.31596049566e-07, 0.00108949374408, 0.000689323642291, 0.000203186384169, 0.000316978112096, 8.26677478472e-06, 1.33001174163e-06, 6.66548430672e-07, 1.3914794863e-06, 1.57791760103e-07, 3.12850346518e-07, 4.02412780431e-07, 6.35010621863e-08, 1.35106105859e-07, 4.21414341645e-07, 8.89558862127e-07, 9.23400705233e-07, 2.48540050052e-06, 9.73714804786e-07, 1.63063404557e-07, 9.78366685445e-08, 9.24224892174e-08, 1.46698340586e-07, 1.67162355069e-07, 2.55586751763e-08, 2.53894647528e-08, 1.96750633563e-08], "max": [0.0106650870293, 0.185969442129, 0.179587602615, 0.0928873792291, 0.103941127658, 0.0258898492903, 0.0139596872032, 0.00977642089128, 0.00668538222089, 0.00848912168294, 0.00631320104003, 0.0071476297453, 0.00320033752359, 0.00346696237102, 0.0063988356851, 0.0074724657461, 0.00715027330443, 0.0138934710994, 0.00829840637743, 0.00363156129606, 0.00261915125884, 0.00534401554614, 0.00314705190249, 0.00208478840068, 0.00103365536779, 0.000946047599427, 0.000612359552179], "mean": [0.000228184188018, 0.0221378654242, 0.00633785082027, 0.00367655348964, 0.00330276507884, 0.000755616638344, 0.000446651421953, 0.000281175976852, 0.000289657531539, 0.000132606364787, 8.2124817709e-05, 0.000107543462946, 7.58404057706e-05, 8.44757087179e-05, 0.000132479297463, 0.000146880978718, 0.000148944192915, 0.000238644672208, 0.00015708457795, 8.3108934632e-05, 7.24767960492e-05, 8.80659426912e-05, 8.3570535935e-05, 8.90163937584e-05, 4.42424243374e-05, 4.27730010415e-05, 3.39247490047e-05], "median": [3.75638264813e-05, 0.0136473085731, 0.00108946091495, 0.000684576458298, 0.000651440816, 0.000175803725142, 0.000115693968837, 6.18426347501e-05, 5.48559655726e-05, 4.42478340119e-05, 2.24443501793e-05, 4.5036424126e-05, 2.36442065216e-05, 2.47754305747e-05, 1.28665215016e-05, 2.10734888242e-05, 1.7571832359e-05, 2.44699804171e-05, 1.78487862286e-05, 1.34566798806e-05, 1.36040298457e-05, 1.66484533111e-05, 1.58706207003e-05, 1.66201534739e-05, 1.47673581523e-05, 1.30387415993e-05, 5.4110992096e-06], "min": [1.1989329546e-14, 6.68116888311e-15, 1.73253283702e-15, 7.84998530598e-16, 1.95787515296e-15, 1.52976310208e-15, 1.09533493827e-15, 1.31559865642e-15, 5.26736162689e-15, 3.80505114653e-15, 2.81257798356e-15, 1.08435370668e-14, 2.52311040306e-15, 6.13951799488e-15, 4.79224305909e-15, 1.61598741387e-14, 7.0414433358e-15, 1.1260691476e-14, 1.97007073334e-14, 2.11126434938e-14, 3.2278551983e-14, 1.46175203154e-14, 6.07061872559e-14, 4.2860277095e-14, 8.34556558517e-14, 1.09706568916e-13, 1.43388583342e-13], "var": [3.08187424025e-07, 0.000720871496014, 0.000222115762881, 7.50370891183e-05, 7.11279280949e-05, 2.72919282907e-06, 8.48468118875e-07, 4.19548371156e-07, 4.51639635912e-07, 1.10864682767e-07, 8.90475178039e-08, 1.10298877587e-07, 3.63436640782e-08, 6.26943332804e-08, 2.9370406196e-07, 4.18626285636e-07, 4.19797430595e-07, 1.11145413939e-06, 4.69507028811e-07, 9.20963287854e-08, 6.20035081056e-08, 5.71766030077e-08, 4.70984566903e-08, 4.67804852633e-08, 7.64946506138e-09, 6.92454404927e-09, 5.98209304314e-09]}, "erbbands": {"dmean": [0.25735732913, 3.07168698311, 6.47134017944, 8.64096069336, 10.8415775299, 11.6144332886, 7.78722000122, 5.27219247818, 5.36175537109, 2.96227669716, 6.61305141449, 6.27002716064, 2.65826463699, 2.71013593674, 2.84894061089, 2.73035359383, 2.46155500412, 2.65468978882, 4.36436271667, 6.60370969772, 8.45266532898, 9.01813030243, 12.1183719635, 12.8482484818, 5.28728628159, 3.66393733025, 2.80090880394, 2.46276974678, 2.60393095016, 2.28453230858, 3.15688657761, 3.02956914902, 1.20989060402, 0.621819674969, 0.295080959797, 0.158116459846, 0.0773810744286, 0.0346619822085, 0.00635382067412, 0.000200402515475], "dmean2": [0.405250310898, 4.8838133812, 10.71189785, 14.4514408112, 19.0844192505, 20.8718318939, 13.5574426651, 8.81861495972, 8.6290845871, 4.87207269669, 11.4016342163, 10.9500198364, 4.12032270432, 4.4717502594, 4.558365345, 4.48595046997, 3.78751444817, 4.00677537918, 6.17658805847, 9.26314735413, 13.3807706833, 14.0581130981, 17.7781906128, 20.6949539185, 8.03007507324, 5.23037433624, 4.27923440933, 3.77247309685, 4.07165050507, 3.61488580704, 5.37731742859, 5.27619457245, 2.06990170479, 1.06506371498, 0.513369262218, 0.280574858189, 0.137489825487, 0.0621675178409, 0.01128783077, 0.000346441927832], "dvar": [0.167233526707, 26.2180557251, 235.477310181, 608.471923828, 1165.57080078, 1220.73205566, 514.607727051, 185.285369873, 147.479888916, 65.4841842651, 247.430648804, 217.345993042, 47.5627708435, 132.140182495, 188.551132202, 188.397125244, 88.7203521729, 120.367279053, 263.042572021, 728.460632324, 1545.37780762, 1274.76794434, 2532.85717773, 3693.03710938, 469.059020996, 175.684585571, 105.470283508, 75.7898406982, 64.26612854, 36.6938056946, 68.6443710327, 46.1519927979, 8.25940990448, 1.88896107674, 0.379823297262, 0.108714729548, 0.0346268303692, 0.00790195167065, 0.000300062354654, 2.29924566497e-07], "dvar2": [0.47857272625, 72.3813934326, 579.155090332, 1641.26184082, 3238.87304688, 3504.32446289, 1473.0213623, 492.330810547, 384.141357422, 168.942306519, 665.449768066, 586.985412598, 106.139976501, 352.354492188, 496.74319458, 509.145599365, 201.874893188, 282.117889404, 534.02520752, 1305.02929688, 3662.41113281, 2591.93798828, 5508.31787109, 9611.09765625, 867.070800781, 362.725250244, 240.56930542, 146.712295532, 154.518753052, 83.2101669312, 179.922073364, 122.175109863, 21.2749652863, 4.83847522736, 0.989537894726, 0.289507865906, 0.0939437001944, 0.0214857887477, 0.000815872976091, 6.13310987774e-07], "max": [4.79051876068, 46.3690109253, 145.662750244, 271.965576172, 335.854949951, 380.82699585, 309.893890381, 316.764434814, 245.113937378, 233.293762207, 167.506286621, 164.060150146, 200.439529419, 189.934967041, 285.842315674, 251.028839111, 174.285858154, 185.570266724, 212.622787476, 327.439819336, 463.949737549, 403.268188477, 660.448852539, 760.700683594, 272.63470459, 182.633880615, 121.013580322, 120.363594055, 198.751754761, 147.127227783, 101.222801208, 62.6423187256, 25.7657203674, 13.3900461197, 6.32799625397, 3.73556661606, 1.79216873646, 0.65252250433, 0.125056177378, 0.00421927170828], "mean": [0.479052007198, 5.4773106575, 8.11371326447, 11.3265838623, 11.6972045898, 9.72849845886, 8.50352954865, 6.82046699524, 7.82166004181, 4.04186725616, 7.08336162567, 6.34792852402, 4.19045639038, 3.52853107452, 3.86134386063, 3.75567960739, 3.86489677429, 3.65765428543, 5.77986478806, 7.56785774231, 8.02583026886, 9.04497051239, 12.6994552612, 11.0371408463, 6.14842939377, 4.11033391953, 2.92797160149, 2.88723516464, 3.00475740433, 2.88711333275, 2.64972281456, 2.32764554024, 1.05598020554, 0.576679229736, 0.283748328686, 0.156184867024, 0.0785279721022, 0.0333487167954, 0.00648179650307, 0.000276694452623], "median": [0.302785843611, 3.24308681488, 3.38562107086, 2.61153817177, 1.75714552402, 1.69066166878, 1.6311943531, 1.82156062126, 2.29643702507, 1.27167952061, 1.39927530289, 1.42029571533, 1.61973297596, 1.23424088955, 1.57368338108, 1.53429305553, 1.43206429482, 1.01325666904, 1.48749792576, 0.982690453529, 1.0500074625, 1.19079232216, 1.38637959957, 1.08744013309, 0.770877599716, 0.606863200665, 0.55870360136, 0.522309541702, 0.579648435116, 0.556260287762, 0.45721039176, 0.355701744556, 0.259830206633, 0.175160303712, 0.0980295091867, 0.0523412004113, 0.0233226381242, 0.00692168576643, 0.000969008251559, 9.70777546172e-05], "min": [3.54956759515e-13, 9.87005399286e-13, 1.98581819391e-12, 2.5640151894e-12, 2.81010956692e-12, 7.49468456046e-12, 1.33576040853e-11, 1.14671397378e-11, 1.64128623886e-11, 1.30241945701e-11, 5.51840136087e-11, 1.23396515228e-10, 8.91378637569e-11, 1.69213101864e-10, 1.69829622587e-10, 4.22950119372e-10, 1.52569040734e-10, 3.08770037316e-10, 2.08368974852e-10, 4.90907314799e-10, 7.83111464564e-10, 4.76220118895e-10, 6.00585414734e-10, 5.65698266008e-10, 1.21998722236e-09, 9.81581038673e-10, 1.55953205905e-09, 9.2332136381e-10, 4.97371088759e-10, 1.21922205665e-09, 1.75502445909e-09, 8.5668228067e-10, 7.990264006e-10, 1.1413560097e-09, 4.46433279233e-10, 4.13450301773e-10, 2.01588107318e-10, 8.17324263824e-11, 2.49500836658e-11, 1.61912952663e-12], "var": [0.336503565311, 45.9719543457, 239.652069092, 544.192321777, 1064.99609375, 735.56842041, 388.265197754, 216.754714966, 239.692062378, 85.7281417847, 238.002807617, 196.517379761, 79.6646728516, 110.897743225, 152.744918823, 143.967071533, 99.0810699463, 128.570358276, 340.423675537, 986.549194336, 1406.55810547, 1415.29150391, 2920.33447266, 2955.19213867, 618.133300781, 225.45930481, 109.743606567, 96.1423110962, 72.616317749, 55.620262146, 52.2437286377, 33.7359619141, 6.33004283905, 1.46835029125, 0.286205291748, 0.0816934257746, 0.0257581043988, 0.00576168391854, 0.000234330320382, 2.58046640056e-07]}, "gfcc": {"mean": [-55.9654502869, 63.419883728, -64.7340164185, 30.8554458618, -42.3747177124, 14.795753479, -31.2838973999, 8.74913215637, -18.1773490906, 0.483784586191, -13.5932388306, 3.80249094963, -14.4955844879], "cov": [[16054.3046875, 2089.94042969, 275.548309326, 783.364257812, -89.7229690552, 92.3006820679, -254.401092529, -11.5364694595, 10.2185878754, -194.534210205, -128.500854492, -88.2014541626, -220.670135498], [2089.94042969, 1692.36547852, 746.804626465, 783.035705566, 471.301544189, 335.920562744, 162.05569458, 116.7970047, 50.6992530823, -49.2593345642, 5.88230705261, -86.1152496338, -21.6433753967], [275.548309326, 746.804626465, 1667.63513184, 529.626464844, 527.028442383, 261.719055176, 295.979095459, 221.72227478, 187.412963867, 36.5316085815, 56.0541725159, 0.0198303814977, -42.6983528137], [783.364257812, 783.035705566, 529.626464844, 998.516296387, 449.870025635, 411.951660156, 123.441299438, 74.7811050415, 6.04749679565, -62.6479492188, -1.78792846203, -47.0954246521, -11.133638382], [-89.7229690552, 471.301544189, 527.028442383, 449.870025635, 578.152526855, 246.417816162, 249.064819336, 153.772644043, 87.1536865234, 36.8499450684, 39.1207542419, -18.9515533447, 22.6167392731], [92.3006820679, 335.920562744, 261.719055176, 411.951660156, 246.417816162, 343.545654297, 141.144165039, 80.35597229, 44.3444900513, -5.36730003357, 4.40625858307, -24.9833965302, -11.2604961395], [-254.401092529, 162.05569458, 295.979095459, 123.441299438, 249.064819336, 141.144165039, 317.612823486, 160.842147827, 140.170166016, 83.4593887329, 59.681098938, 10.7815198898, 11.1326913834], [-11.5364694595, 116.7970047, 221.72227478, 74.7811050415, 153.772644043, 80.35597229, 160.842147827, 205.14616394, 125.290000916, 77.7922973633, 49.3216934204, 5.02387475967, 14.8800601959], [10.2185878754, 50.6992530823, 187.412963867, 6.04749679565, 87.1536865234, 44.3444900513, 140.170166016, 125.290000916, 186.39201355, 102.615127563, 68.2063369751, 44.6342658997, 16.5057659149], [-194.534210205, -49.2593345642, 36.5316085815, -62.6479492188, 36.8499450684, -5.36730003357, 83.4593887329, 77.7922973633, 102.615127563, 147.164642334, 84.6466445923, 55.9492149353, 30.1926651001], [-128.500854492, 5.88230705261, 56.0541725159, -1.78792846203, 39.1207542419, 4.40625858307, 59.681098938, 49.3216934204, 68.2063369751, 84.6466445923, 127.23122406, 68.942741394, 50.2539405823], [-88.2014541626, -86.1152496338, 0.0198303814977, -47.0954246521, -18.9515533447, -24.9833965302, 10.7815198898, 5.02387475967, 44.6342658997, 55.9492149353, 68.942741394, 120.883300781, 55.481048584], [-220.670135498, -21.6433753967, -42.6983528137, -11.133638382, 22.6167392731, -11.2604961395, 11.1326913834, 14.8800601959, 16.5057659149, 30.1926651001, 50.2539405823, 55.481048584, 97.1457824707]], "icov": [[8.77244237927e-05, -0.000142178047099, 3.91790599679e-05, -5.25968971488e-05, 7.52625710447e-05, 8.95748453331e-05, 8.76479025465e-05, -8.25343595352e-05, -0.000113815076475, 8.27663316159e-05, 4.06484359701e-05, -0.000160874886205, 0.000238708133111], [-0.000142178047099, 0.00127964885905, -0.000286502763629, -0.000524713657796, -0.000289435673039, -0.000111910252599, -4.97068031109e-05, 0.000165259189089, -4.24925310654e-05, 8.38894338813e-05, -0.000370518740965, 0.00098689342849, -0.000579940737225], [3.91790599679e-05, -0.000286502763629, 0.00108315667603, -0.000164545330335, -0.000595026125666, 0.000278135586996, -6.72608366585e-05, -0.000396036397433, -0.00070254469756, 0.000664424675051, -0.000199628790142, -0.000712802400813, 0.00114474922884], [-5.25968971488e-05, -0.000524713657796, -0.000164545330335, 0.00312086008489, -0.00126979756169, -0.00266614649445, 0.000999204698019, 0.000119383796118, 0.000408085790696, 0.000879439467099, -0.000620189879555, -0.000257236300968, 2.78363277175e-05], [7.52625710447e-05, -0.000289435673039, -0.000595026125666, -0.00126979756169, 0.00472036795691, -0.000190125050722, -0.00227836985141, -0.000691496708896, 0.000970430904999, -0.000843683432322, 0.000489722937346, 0.000806749565527, -0.00167131365743], [8.95748453331e-05, -0.000111910252599, 0.000278135586996, -0.00266614649445, -0.000190125050722, 0.00707513606176, -0.00186344666872, -0.000458385446109, -0.000513471022714, 0.00040795392124, 0.000526143994648, -0.000157780654263, 0.000921738159377], [8.76479025465e-05, -4.97068031109e-05, -6.72608366585e-05, 0.000999204698019, -0.00227836985141, -0.00186344666872, 0.00804514903575, -0.0022756124381, -0.00265480554663, -0.000220641974011, -0.00089696876239, 0.000255579885561, 0.000851700431667], [-8.25343595352e-05, 0.000165259189089, -0.000396036397433, 0.000119383796118, -0.000691496708896, -0.000458385446109, -0.0022756124381, 0.011268472299, -0.00451882509515, -0.00195757159963, -0.000232445119764, 0.00328187900595, -0.00204631593078], [-0.000113815076475, -4.24925310654e-05, -0.00070254469756, 0.000408085790696, 0.000970430904999, -0.000513471022714, -0.00265480554663, -0.00451882509515, 0.0142740756273, -0.00519581558183, -0.000221733615035, -0.0026922323741, 0.001022773562], [8.27663316159e-05, 8.38894338813e-05, 0.000664424675051, 0.000879439467099, -0.000843683432322, 0.00040795392124, -0.000220641974011, -0.00195757159963, -0.00519581558183, 0.0165306869894, -0.00682626105845, -0.00207040761597, 0.00162715755869], [4.06484359701e-05, -0.000370518740965, -0.000199628790142, -0.000620189879555, 0.000489722937346, 0.000526143994648, -0.00089696876239, -0.000232445119764, -0.000221733615035, -0.00682626105845, 0.0172758679837, -0.00497687701136, -0.0039989403449], [-0.000160874886205, 0.00098689342849, -0.000712802400813, -0.000257236300968, 0.000806749565527, -0.000157780654263, 0.000255579885561, 0.00328187900595, -0.0026922323741, -0.00207040761597, -0.00497687701136, 0.016749901697, -0.00711702136323], [0.000238708133111, -0.000579940737225, 0.00114474922884, 2.78363277175e-05, -0.00167131365743, 0.000921738159377, 0.000851700431667, -0.00204631593078, 0.001022773562, 0.00162715755869, -0.0039989403449, -0.00711702136323, 0.0173787437379]]}, "melbands": {"dmean": [0.0029416710604, 0.00349543010816, 0.00153026438784, 0.000844323949423, 0.0003159516491, 0.000119612916023, 7.37927985028e-05, 3.30826042045e-05, 6.23344822088e-05, 3.61613238056e-05, 1.28444889924e-05, 1.13847654575e-05, 9.42940550885e-06, 7.90596186562e-06, 7.0187215897e-06, 5.12544875164e-06, 5.14278326591e-06, 6.33130457572e-06, 1.02089925349e-05, 8.06816024124e-06, 1.03573729575e-05, 8.62885008246e-06, 1.1361250472e-05, 1.11454965008e-05, 1.08703643491e-05, 4.50342258773e-06, 2.7619487355e-06, 2.44952047979e-06, 1.77283152425e-06, 1.49130573845e-06, 1.45387866723e-06, 1.3892130255e-06, 1.58789873694e-06, 1.25565247799e-06, 1.70752798567e-06, 2.22170615416e-06, 1.63339132087e-06, 8.26290545319e-07, 6.65635752739e-07, 4.77852267977e-07], "dmean2": [0.0046062618494, 0.00570982787758, 0.00255953869782, 0.00150528084487, 0.00055415474344, 0.000201106347959, 0.000119110634841, 5.35522558494e-05, 0.00010923561058, 6.25021857559e-05, 1.96488254005e-05, 1.85150165635e-05, 1.52819284267e-05, 1.28711335492e-05, 1.14483491416e-05, 7.8050979937e-06, 7.81796097726e-06, 9.16631324799e-06, 1.4397832274e-05, 1.18411926451e-05, 1.71078063431e-05, 1.3516526451e-05, 1.72203508555e-05, 1.69830418599e-05, 1.79090966412e-05, 6.9572497523e-06, 3.85944167647e-06, 3.5871826185e-06, 2.7189823868e-06, 2.23935558097e-06, 2.27818941312e-06, 2.16888702198e-06, 2.51183973887e-06, 2.02359910872e-06, 2.8912684229e-06, 3.88068247048e-06, 2.84164252662e-06, 1.40556960559e-06, 1.13582484573e-06, 8.20660773115e-07], "dvar": [2.09527970583e-05, 4.68311554869e-05, 1.86127381312e-05, 6.65174093228e-06, 8.61618332237e-07, 9.05038675114e-08, 2.82704490928e-08, 8.27827495442e-09, 2.40775506199e-08, 7.08989400522e-09, 1.20820764504e-09, 2.05262673525e-09, 2.26104179823e-09, 1.36625477598e-09, 1.16394693883e-09, 3.21021181859e-10, 4.73203864981e-10, 5.17767995145e-10, 1.84551274263e-09, 1.02271668911e-09, 2.64539767869e-09, 1.18653120662e-09, 1.97926253165e-09, 2.47743270343e-09, 2.75941425265e-09, 3.41835670881e-10, 1.16335795164e-10, 7.90393930861e-11, 4.28463757529e-11, 2.80518420992e-11, 2.68697390726e-11, 1.98510305416e-11, 2.19084854425e-11, 1.17069852076e-11, 2.19098177101e-11, 3.07567270263e-11, 1.17908122502e-11, 3.87916651926e-12, 2.55450521847e-12, 1.12067516725e-12], "dvar2": [5.8623154473e-05, 0.000115624236059, 4.97354885738e-05, 1.89576821867e-05, 2.47756725003e-06, 2.43921590481e-07, 7.44242427686e-08, 2.0540268153e-08, 6.56980034819e-08, 1.89252578053e-08, 2.6535338371e-09, 5.38020028529e-09, 5.99879435015e-09, 3.64822705379e-09, 3.1510265508e-09, 6.80658529539e-10, 1.13395737245e-09, 1.12356990378e-09, 3.6091047928e-09, 1.77070358376e-09, 6.75408795558e-09, 2.46072295873e-09, 4.04421829359e-09, 6.0065010743e-09, 7.33822913546e-09, 6.38352537496e-10, 2.178436459e-10, 1.74984651768e-10, 9.96799587316e-11, 6.11968670183e-11, 5.16643915149e-11, 4.76221284629e-11, 5.00505574486e-11, 2.9420129527e-11, 5.75348449439e-11, 8.22891407792e-11, 3.09700667889e-11, 9.93049479453e-12, 6.62327180947e-12, 2.89030366481e-12], "max": [0.0482277832925, 0.0595588721335, 0.0444491244853, 0.0269210673869, 0.0126193426549, 0.00619803601876, 0.00327896256931, 0.00230611278675, 0.00160270894412, 0.00104327930603, 0.00111848127563, 0.000736498623155, 0.000902282772586, 0.000732993066777, 0.000570871285163, 0.000399901648052, 0.000351107388269, 0.000295409932733, 0.000640476995613, 0.00044027887634, 0.00062141980743, 0.000415485119447, 0.000519733293913, 0.000717733288184, 0.000637463876046, 0.000230932884733, 0.000143360113725, 0.000123126650578, 8.09259945527e-05, 8.06320022093e-05, 6.98898511473e-05, 8.40946231619e-05, 0.000152822962264, 6.84021724737e-05, 5.90300078329e-05, 6.04496017331e-05, 2.89034142043e-05, 2.09069949051e-05, 1.59650353453e-05, 1.11127437776e-05], "mean": [0.00555253168568, 0.00558640714735, 0.00198365445249, 0.000772524974309, 0.00032610326889, 0.000151559783262, 0.000106653220428, 4.70952363685e-05, 5.97794860369e-05, 3.81904028472e-05, 2.08446108445e-05, 1.54464523803e-05, 1.1626282685e-05, 1.1864460248e-05, 8.69284303917e-06, 8.66310529091e-06, 6.58307180856e-06, 8.83731263457e-06, 1.08681861093e-05, 9.75947568804e-06, 8.9260547611e-06, 8.70372787176e-06, 1.12303932838e-05, 1.10632536234e-05, 8.94809363672e-06, 5.07510321768e-06, 3.26155418406e-06, 2.62611274593e-06, 1.83551685495e-06, 1.59364788033e-06, 1.68254723576e-06, 1.53280382165e-06, 1.99449800675e-06, 1.41311761581e-06, 1.45035824062e-06, 1.6762321593e-06, 1.26994257243e-06, 7.26411883534e-07, 5.92334117755e-07, 4.45932300863e-07], "median": [0.00341475196183, 0.00345656787977, 0.000443668221124, 0.000122810524772, 6.05307286605e-05, 4.3464358896e-05, 3.09419083351e-05, 1.22426163216e-05, 9.86669510894e-06, 8.07809010439e-06, 7.63771276979e-06, 5.59928230359e-06, 4.2253036554e-06, 4.59505463368e-06, 2.45312867264e-06, 2.38862912738e-06, 1.58464615652e-06, 2.60691103904e-06, 8.01044734544e-07, 1.57188298999e-06, 8.469295949e-07, 1.27151156448e-06, 9.91948013507e-07, 1.16660044114e-06, 8.17495276806e-07, 6.42643442461e-07, 4.57270488141e-07, 3.69312573412e-07, 3.57529359007e-07, 2.89055549274e-07, 2.77482712363e-07, 3.16597294159e-07, 3.15617342039e-07, 2.85263922706e-07, 2.61637438825e-07, 2.15445979279e-07, 2.09721861211e-07, 1.79468443662e-07, 1.63184282087e-07, 1.38498563729e-07], "min": [3.09114086189e-15, 1.13119990144e-15, 4.44870385986e-16, 3.39446759546e-16, 4.61147447556e-16, 2.7121883798e-16, 2.41921238884e-16, 1.30665896482e-16, 5.57932555543e-16, 7.65219993643e-16, 4.47484170842e-16, 7.0327165671e-16, 4.16033122827e-16, 1.30501137986e-15, 6.60761878884e-16, 2.38111125869e-16, 5.98289916771e-16, 2.8536539993e-16, 4.23629711344e-16, 1.07566100988e-15, 7.75894673421e-16, 4.04092922886e-16, 6.20502138203e-16, 4.54798300342e-16, 3.7217354506e-16, 1.07913183326e-15, 6.45638635006e-16, 6.32508247895e-16, 9.45144032381e-16, 8.19636619487e-16, 4.64289622153e-16, 2.79340322227e-16, 2.49581248994e-16, 8.70668395796e-16, 1.03581096845e-15, 7.46630638005e-16, 4.91270586138e-16, 4.50012723008e-16, 9.31730418628e-16, 9.78195046225e-16], "var": [4.36267437181e-05, 6.25184184173e-05, 1.72461950569e-05, 4.45637169832e-06, 6.02205375344e-07, 9.84355068567e-08, 4.3469711386e-08, 1.27606147871e-08, 1.98179588295e-08, 7.0810459718e-09, 2.14778528296e-09, 1.90331417294e-09, 1.7632217908e-09, 1.15430476288e-09, 8.62189319939e-10, 4.38852038043e-10, 4.78856454489e-10, 6.41526221035e-10, 2.27949881193e-09, 1.40601374987e-09, 2.09353911984e-09, 1.2796999016e-09, 2.32015029411e-09, 2.4534250187e-09, 2.07966177612e-09, 4.31373797793e-10, 1.61215651939e-10, 9.24337204e-11, 4.31306518278e-11, 3.13178857847e-11, 3.40840272672e-11, 2.05998169911e-11, 3.44103738559e-11, 1.31350052363e-11, 1.66466614798e-11, 2.18222783593e-11, 8.78783157354e-12, 3.02844728461e-12, 1.93303164274e-12, 8.64124201881e-13]}, "mfcc": {"mean": [-714.926635742, 107.060127258, 32.5034828186, 26.2846088409, 14.9142923355, 8.84744167328, 3.51326441765, 10.3452577591, -0.349733859301, 1.31831502914, 2.69272685051, 0.623318791389, -0.828337550163], "cov": [[7029.41748047, 755.717712402, 276.464935303, 514.928527832, 315.003356934, 194.95652771, 23.040719986, 175.62928772, -51.3179473877, 39.3537025452, -61.0989608765, -30.7697563171, -123.606147766], [755.717712402, 1217.34985352, 675.516357422, 492.209075928, 415.850311279, 236.132019043, 282.218261719, 190.955093384, 181.635757446, 126.458305359, 111.121398926, 87.5504226685, 35.9155960083], [276.464935303, 675.516357422, 1155.67333984, 501.687683105, 446.955169678, 273.526306152, 223.954528809, 245.272186279, 151.005310059, 119.441612244, 106.931213379, 103.474250793, 49.6155052185], [514.928527832, 492.209075928, 501.687683105, 654.298034668, 468.59072876, 330.026367188, 278.559661865, 212.463867188, 142.908065796, 87.2928543091, 70.4086303711, 56.3571090698, 36.9523506165], [315.003356934, 415.850311279, 446.955169678, 468.59072876, 511.77923584, 302.227508545, 253.246856689, 184.213912964, 124.917320251, 71.7695159912, 29.05169487, 51.6665153503, 2.44285726547], [194.95652771, 236.132019043, 273.526306152, 330.026367188, 302.227508545, 368.442840576, 208.383468628, 166.407943726, 87.0212249756, 48.1647148132, 38.7961845398, 5.27741384506, 24.9248046875], [23.040719986, 282.218261719, 223.954528809, 278.559661865, 253.246856689, 208.383468628, 282.773590088, 153.472763062, 129.375045776, 97.4645462036, 61.1451072693, 54.6232643127, 29.7573051453], [175.62928772, 190.955093384, 245.272186279, 212.463867188, 184.213912964, 166.407943726, 153.472763062, 205.251251221, 127.165802002, 84.9383392334, 77.8302536011, 50.5622520447, 38.2305412292], [-51.3179473877, 181.635757446, 151.005310059, 142.908065796, 124.917320251, 87.0212249756, 129.375045776, 127.165802002, 185.596893311, 114.611701965, 96.8032989502, 75.4193725586, 50.3704872131], [39.3537025452, 126.458305359, 119.441612244, 87.2928543091, 71.7695159912, 48.1647148132, 97.4645462036, 84.9383392334, 114.611701965, 153.037216187, 97.6204299927, 70.536895752, 45.2320785522], [-61.0989608765, 111.121398926, 106.931213379, 70.4086303711, 29.05169487, 38.7961845398, 61.1451072693, 77.8302536011, 96.8032989502, 97.6204299927, 157.536560059, 84.578956604, 79.2722091675], [-30.7697563171, 87.5504226685, 103.474250793, 56.3571090698, 51.6665153503, 5.27741384506, 54.6232643127, 50.5622520447, 75.4193725586, 70.536895752, 84.578956604, 130.190673828, 74.2742919922], [-123.606147766, 35.9155960083, 49.6155052185, 36.9523506165, 2.44285726547, 24.9248046875, 29.7573051453, 38.2305412292, 50.3704872131, 45.2320785522, 79.2722091675, 74.2742919922, 126.983421326]], "icov": [[0.000188184305443, -0.000163032091223, 0.000116342089314, -0.000231097772485, 6.91698514856e-05, -4.49885992566e-05, 0.000365052284906, -0.000389037653804, 0.000373376591597, -0.000297805119772, 0.000197132045287, -0.000180674833246, 0.000230750301853], [-0.000163032091223, 0.00165240652859, -0.00069241435267, -0.000243457383476, -0.00033774622716, 0.000417258532252, -0.00105271092616, 0.000961356679909, -0.000871300580911, 0.000431675027357, -0.000713002402335, 0.000438082584878, -2.20912133955e-05], [0.000116342089314, -0.00069241435267, 0.00184164883103, -0.000525372102857, -0.000693113717716, -3.17346639349e-05, 0.0010634616483, -0.00147974095307, 0.000941899372265, -0.000575924932491, 3.56434102287e-05, -0.000694058078807, 0.000173484557308], [-0.000231097772485, -0.000243457383476, -0.000525372102857, 0.00579179963097, -0.00349050899968, -0.000739762966987, -0.00138844968751, 2.42886799242e-05, -0.000291999051115, 0.000909182999749, -0.00117072963621, 0.00116696255282, -0.0012655754108], [6.91698514856e-05, -0.00033774622716, -0.000693113717716, -0.00349050899968, 0.00860716495663, -0.00274737388827, -0.00112302531488, -0.000201567992917, -0.000855002726894, -1.40605106935e-05, 0.00293403957039, -0.00334537797607, 0.00261623505503], [-4.49885992566e-05, 0.000417258532252, -3.17346639349e-05, -0.000739762966987, -0.00274737388827, 0.0080185784027, -0.00273481989279, -0.00266740703955, 0.00108263664879, 0.0009429185302, -0.00129062088672, 0.0040321778506, -0.00232935231179], [0.000365052284906, -0.00105271092616, 0.0010634616483, -0.00138844968751, -0.00112302531488, -0.00273481989279, 0.0109255053103, -0.00262145022862, -0.000832967169117, -0.00333491247147, 0.00186228042003, -0.00188643997535, 0.000888121896423], [-0.000389037653804, 0.000961356679909, -0.00147974095307, 2.42886799242e-05, -0.000201567992917, -0.00266740703955, -0.00262145022862, 0.0145952356979, -0.0061709061265, 0.00074252235936, -0.00238194060512, 0.000860909058247, -0.000165139965247], [0.000373376591597, -0.000871300580911, 0.000941899372265, -0.000291999051115, -0.000855002726894, 0.00108263664879, -0.000832967169117, -0.0061709061265, 0.0159875247627, -0.00602801889181, -0.00159640749916, -0.00193071889225, 0.000115166323667], [-0.000297805119772, 0.000431675027357, -0.000575924932491, 0.000909182999749, -1.40605106935e-05, 0.0009429185302, -0.00333491247147, 0.00074252235936, -0.00602801889181, 0.0161305963993, -0.00585260381922, -0.00118483882397, 0.000913606898393], [0.000197132045287, -0.000713002402335, 3.56434102287e-05, -0.00117072963621, 0.00293403957039, -0.00129062088672, 0.00186228042003, -0.00238194060512, -0.00159640749916, -0.00585260381922, 0.0165851861238, -0.0044573363848, -0.00383063219488], [-0.000180674833246, 0.000438082584878, -0.000694058078807, 0.00116696255282, -0.00334537797607, 0.0040321778506, -0.00188643997535, 0.000860909058247, -0.00193071889225, -0.00118483882397, -0.0044573363848, 0.0178942084312, -0.00740846199915], [0.000230750301853, -2.20912133955e-05, 0.000173484557308, -0.0012655754108, 0.00261623505503, -0.00232935231179, 0.000888121896423, -0.000165139965247, 0.000115166323667, 0.000913606898393, -0.00383063219488, -0.00740846199915, 0.0150084355846]]}, "spectral_contrast_coeffs": {"dmean": [0.0535981096327, 0.0486842691898, 0.0387832149863, 0.0323010720313, 0.023349236697, 0.0186781696975], "dmean2": [0.0843014121056, 0.077308729291, 0.0621519945562, 0.0514152646065, 0.0353852696717, 0.0275606177747], "dvar": [0.0026523291599, 0.0024592645932, 0.00191393133719, 0.00137592793908, 0.00062300421996, 0.000334505690262], "dvar2": [0.00609858194366, 0.00595064694062, 0.00424603419378, 0.00306253926829, 0.0012906776974, 0.000653438270092], "max": [-0.257995009422, -0.343277931213, -0.40205180645, -0.466042608023, -0.560735881329, -0.638734042645], "mean": [-0.604330003262, -0.680601358414, -0.734991490841, -0.745760977268, -0.775116503239, -0.787764370441], "median": [-0.610562205315, -0.692047059536, -0.75376701355, -0.762733638287, -0.789788722992, -0.792289972305], "min": [-0.96381521225, -0.96339648962, -0.963803589344, -0.982401609421, -0.952539980412, -0.93441671133], "var": [0.012952410616, 0.0108323870227, 0.00979415420443, 0.00733016245067, 0.00370314507745, 0.00177796487696]}, "spectral_contrast_valleys": {"dmean": [0.642974317074, 0.665210843086, 0.539098143578, 0.452790915966, 0.403480499983, 0.486510157585], "dmean2": [0.929807543755, 1.01001226902, 0.835350513458, 0.66452395916, 0.530814409256, 0.64408570528], "dvar": [0.586718738079, 0.611148953438, 0.446209013462, 0.372677862644, 0.333458781242, 0.364331305027], "dvar2": [0.940080106258, 1.25571608543, 0.896778166294, 0.684842467308, 0.553127288818, 0.666883766651], "max": [-4.65095424652, -4.59230184555, -5.21900129318, -5.55921983719, -5.20834207535, -7.88004112244], "