{"lowlevel": {"average_loudness": 0.971270978451, "barkbands_crest": {"dmean": 3.67972874641, "dmean2": 5.81813192368, "dvar": 15.8957157135, "dvar2": 35.9659194946, "max": 26.8332576752, "mean": 15.796836853, "median": 15.8657932281, "min": 2.12673044205, "var": 35.1341781616}, "barkbands_flatness_db": {"dmean": 0.0642289593816, "dmean2": 0.0879349559546, "dvar": 0.00494898110628, "dvar2": 0.0092887179926, "max": 0.726551115513, "mean": 0.316882282495, "median": 0.316708922386, "min": 0.0290748681873, "var": 0.0226883534342}, "barkbands_kurtosis": {"dmean": 42.0727882385, "dmean2": 67.9319763184, "dvar": 10404.2236328, "dvar2": 25472.5605469, "max": 2183.73974609, "mean": 47.8501205444, "median": 13.6859111786, "min": -1.980722785, "var": 10457.8134766}, "barkbands_skewness": {"dmean": 2.1461482048, "dmean2": 3.21633553505, "dvar": 8.14529800415, "dvar2": 18.510181427, "max": 41.4057388306, "mean": 3.63768482208, "median": 3.19311857224, "min": -17.5768013, "var": 16.9514427185}, "barkbands_spread": {"dmean": 6.7442240715, "dmean2": 10.2430944443, "dvar": 149.240753174, "dvar2": 308.347412109, "max": 149.343582153, "mean": 14.4188499451, "median": 5.64688158035, "min": 0.0413726605475, "var": 519.378051758}, "dissonance": {"dmean": 0.0438827611506, "dmean2": 0.0766696035862, "dvar": 0.0036043478176, "dvar2": 0.00976537168026, "max": 0.499999940395, "mean": 0.437398344278, "median": 0.459111273289, "min": 0.0273846630007, "var": 0.00407375767827}, "dynamic_complexity": 5.11460638046, "erbbands_crest": {"dmean": 3.41879940033, "dmean2": 5.39944791794, "dvar": 13.9864444733, "dvar2": 31.3363246918, "max": 33.7417373657, "mean": 12.571144104, "median": 11.6540412903, "min": 2.43231034279, "var": 38.8062477112}, "erbbands_flatness_db": {"dmean": 0.0440314374864, "dmean2": 0.061780244112, "dvar": 0.00278145330958, "dvar2": 0.00537938345224, "max": 0.646424353123, "mean": 0.235884964466, "median": 0.220990121365, "min": 0.0464397743344, "var": 0.0111558651552}, "erbbands_kurtosis": {"dmean": 7.30466651917, "dmean2": 11.5316638947, "dvar": 331.280578613, "dvar2": 817.483337402, "max": 293.350219727, "mean": 8.29175853729, "median": 0.804477930069, "min": -1.96044147015, "var": 516.390563965}, "erbbands_skewness": {"dmean": 0.996918857098, "dmean2": 1.485019207, "dvar": 1.85756599903, "dvar2": 4.26380205154, "max": 12.9371385574, "mean": 0.365871399641, "median": 0.0643873661757, "min": -13.2985906601, "var": 5.24661016464}, "erbbands_spread": {"dmean": 14.1605587006, "dmean2": 21.6728591919, "dvar": 392.604034424, "dvar2": 905.11138916, "max": 200.076400757, "mean": 32.7452163696, "median": 29.4271850586, "min": 0.234220504761, "var": 690.838989258}, "hfc": {"dmean": 10.2807369232, "dmean2": 16.6041278839, "dvar": 645.272888184, "dvar2": 1534.74645996, "max": 220.189758301, "mean": 11.1514635086, "median": 3.57855677605, "min": 1.22422108618e-16, "var": 626.09765625}, "melbands_crest": {"dmean": 4.28361654282, "dmean2": 6.75061130524, "dvar": 20.8206424713, "dvar2": 49.4294891357, "max": 37.2942390442, "mean": 20.5390453339, "median": 20.8379898071, "min": 3.14849376678, "var": 47.0456161499}, "melbands_flatness_db": {"dmean": 0.0745999440551, "dmean2": 0.0990032628179, "dvar": 0.00653910217807, "dvar2": 0.0123335421085, "max": 0.903140902519, "mean": 0.421286165714, "median": 0.434153497219, "min": 0.00508753675967, "var": 0.0354379378259}, "melbands_kurtosis": {"dmean": 53.522731781, "dmean2": 85.2557373047, "dvar": 13143.9580078, "dvar2": 32041.0253906, "max": 2064.15380859, "mean": 72.4667816162, "median": 31.4806213379, "min": -1.98181438446, "var": 15828.6289062}, "melbands_skewness": {"dmean": 2.21148180962, "dmean2": 3.26347398758, "dvar": 7.59492540359, "dvar2": 17.564573288, "max": 35.3072814941, "mean": 4.66976451874, "median": 4.1469078064, "min": -8.65859413147, "var": 17.6484737396}, "melbands_spread": {"dmean": 8.26181983948, "dmean2": 12.5457048416, "dvar": 313.808319092, "dvar2": 693.612854004, "max": 283.164459229, "mean": 18.5909900665, "median": 4.69976615906, "min": 0.0813502967358, "var": 1404.57287598}, "pitch_salience": {"dmean": 0.117898114026, "dmean2": 0.187328517437, "dvar": 0.0181378293782, "dvar2": 0.0458971597254, "max": 0.923404335976, "mean": 0.398177564144, "median": 0.360201448202, "min": 0.0162260271609, "var": 0.0289918202907}, "silence_rate_20dB": {"dmean": 0, "dmean2": 0, "dvar": 0, "dvar2": 0, "max": 1, "mean": 1, "median": 1, "min": 1, "var": 0}, "silence_rate_30dB": {"dmean": 0.0640402361751, "dmean2": 0.128101944923, "dvar": 0.059936825186, "dvar2": 0.12510882318, "max": 1, "mean": 0.926919221878, "median": 1, "min": 0, "var": 0.0677400380373}, "silence_rate_60dB": {"dmean": 0.0673931241035, "dmean2": 0.134808853269, "dvar": 0.06285456568, "dvar2": 0.130058720708, "max": 1, "mean": 0.222762316465, "median": 0, "min": 0, "var": 0.173140779138}, "spectral_centroid": {"dmean": 291.514678955, "dmean2": 421.973327637, "dvar": 230749.859375, "dvar2": 408100.1875, "max": 10993.8652344, "mean": 920.978515625, "median": 541.619140625, "min": 52.1102333069, "var": 918608.5625}, "spectral_complexity": {"dmean": 3.58122372627, "dmean2": 5.07310533524, "dvar": 49.4155426025, "dvar2": 82.8987197876, "max": 61, "mean": 7.7054977417, "median": 4, "min": 0, "var": 104.746582031}, "spectral_decrease": {"dmean": 5.35057154138e-09, "dmean2": 8.45054959342e-09, "dvar": 8.69973114095e-17, "dvar2": 1.96542335472e-16, "max": 5.03524112169e-18, "mean": -9.57771906229e-09, "median": -7.3185253413e-09, "min": -7.88113680983e-08, "var": 1.3135789593e-16}, "spectral_energy": {"dmean": 0.0209669806063, "dmean2": 0.0331313982606, "dvar": 0.0013032843126, "dvar2": 0.00294126500376, "max": 0.300457000732, "mean": 0.0371599458158, "median": 0.0281221549958, "min": 1.09203059688e-20, "var": 0.00195256888401}, "spectral_energyband_high": {"dmean": 0.00030904597952, "dmean2": 0.000490664446261, "dvar": 1.12607585834e-06, "dvar2": 2.85437090497e-06, "max": 0.0107169169933, "mean": 0.000264183559921, "median": 5.75770400246e-06, "min": 8.19054693946e-21, "var": 1.0044661849e-06}, "spectral_energyband_low": {"dmean": 0.0163867752999, "dmean2": 0.0261613558978, "dvar": 0.00107507663779, "dvar2": 0.00254454300739, "max": 0.287147343159, "mean": 0.0293948426843, "median": 0.0232282392681, "min": 1.19641194484e-22, "var": 0.00150246045087}, "spectral_energyband_middle_high": {"dmean": 0.00338271213695, "dmean2": 0.00561738852412, "dvar": 9.79572723736e-05, "dvar2": 0.000250712153502, "max": 0.106468044221, "mean": 0.00331040052697, "median": 0.000504801340867, "min": 1.43717613014e-21, "var": 8.39672793518e-05}, "spectral_energyband_middle_low": {"dmean": 0.00637808954343, "dmean2": 0.0114854639396, "dvar": 0.000266063172603, "dvar2": 0.000736935297027, "max": 0.11961517483, "mean": 0.00539447925985, "median": 0.00166282034479, "min": 3.25318159377e-22, "var": 0.000170524057467}, "spectral_entropy": {"dmean": 0.484929293394, "dmean2": 0.659038007259, "dvar": 0.333702683449, "dvar2": 0.587713837624, "max": 9.79720973969, "mean": 6.41554737091, "median": 6.42852783203, "min": 2.97533679008, "var": 1.52749121189}, "spectral_flux": {"dmean": 0.0507005341351, "dmean2": 0.0741936415434, "dvar": 0.00449152896181, "dvar2": 0.00854035932571, "max": 0.488783955574, "mean": 0.0886420384049, "median": 0.0533235371113, "min": 1.04500269549e-10, "var": 0.00908766966313}, "spectral_kurtosis": {"dmean": 15.2831382751, "dmean2": 23.6346664429, "dvar": 644.573242188, "dvar2": 1427.26574707, "max": 281.23260498, "mean": 28.0987949371, "median": 12.4459247589, "min": -1.19965493679, "var": 1502.43212891}, "spectral_rms": {"dmean": 0.00148943730164, "dmean2": 0.0022532378789, "dvar": 4.48945093012e-06, "dvar2": 9.10191556613e-06, "max": 0.0171210039407, "mean": 0.00496492674574, "median": 0.00523796211928, "min": 3.26404007989e-12, "var": 1.1603114217e-05}, "spectral_rolloff": {"dmean": 519.873657227, "dmean2": 871.115844727, "dvar": 2200198.75, "dvar2": 4785084.5, "max": 18755.4199219, "mean": 1368.50305176, "median": 129.19921875, "min": 21.533203125, "var": 11391095}, "spectral_skewness": {"dmean": 1.05922627449, "dmean2": 1.59162807465, "dvar": 1.70446670055, "dvar2": 3.65803575516, "max": 14.1432638168, "mean": 3.38354516029, "median": 2.80055332184, "min": -0.146121487021, "var": 4.87877178192}, "spectral_spread": {"dmean": 1179095.625, "dmean2": 1749333.875, "dvar": 2888105459710.0, "dvar2": 5754226999300.0, "max": 40603000, "mean": 3910426, "median": 3206575.25, "min": 269030.1875, "var": 9473919811580.0}, "spectral_strongpeak": {"dmean": 0.249092355371, "dmean2": 0.429210871458, "dvar": 0.182527244091, "dvar2": 0.455935686827, "max": 4.84939241409, "mean": 0.536879599094, "median": 0.491830050945, "min": 0, "var": 0.275400161743}, "zerocrossingrate": {"dmean": 0.0124573521316, "dmean2": 0.0138151496649, "dvar": 0.000530797929969, "dvar2": 0.0006637343904, "max": 0.70703125, "mean": 0.048334851861, "median": 0.015625, "min": 0.0009765625, "var": 0.0108423875645}, "barkbands": {"dmean": [0.00140966591425, 0.0121732559055, 0.00475199008361, 0.00196612323634, 0.0015008051414, 0.000440154341049, 0.00055677338969, 0.00147981347982, 0.000663439219352, 0.000637085700873, 0.000251585093793, 0.000842469802592, 0.000448231876362, 0.00031689775642, 0.000290028896416, 0.000307004287606, 0.00021564878989, 0.000267210329184, 0.000173624357558, 9.32608963922e-05, 6.8343768362e-05, 4.77944013255e-05, 3.92704205296e-05, 3.92953879782e-05, 3.61787242582e-05, 2.30830028158e-05, 4.13328461946e-06], "dmean2": [0.00224242731929, 0.0192115325481, 0.00848798826337, 0.00356635008939, 0.00286350818351, 0.000767099205405, 0.00102098588832, 0.00265978346579, 0.00127159955446, 0.00115967111196, 0.000440640636953, 0.00153165159281, 0.000749969680328, 0.000496390857734, 0.000480582588352, 0.000508407829329, 0.000335895601893, 0.000427293853136, 0.000292384589557, 0.000151238549734, 0.000113394358777, 7.53572603571e-05, 6.39045247226e-05, 6.2892177084e-05, 5.90820454818e-05, 3.64957450074e-05, 6.51982145428e-06], "dvar": [1.67620637512e-05, 0.000585466914345, 0.000173948574229, 2.92468721454e-05, 2.07399316423e-05, 1.30104308482e-06, 2.99251314573e-06, 1.50511023094e-05, 4.36563004769e-06, 2.73421233032e-06, 6.75089438573e-07, 2.37863059738e-05, 4.59054172097e-06, 8.63377920268e-07, 9.9306669199e-07, 1.193070716e-06, 7.11538348241e-07, 1.01825582988e-06, 4.55450731351e-07, 1.13327651263e-07, 6.88371528668e-08, 2.79503531431e-08, 1.71496346013e-08, 2.20956088981e-08, 1.3197521298e-08, 5.68475710949e-09, 2.14944201327e-10], "dvar2": [4.27667073382e-05, 0.00131979037542, 0.000489288242534, 8.21151552373e-05, 5.97368016315e-05, 3.48498656422e-06, 8.48429499456e-06, 3.98334341298e-05, 1.26182912936e-05, 7.58880241847e-06, 1.78893617431e-06, 6.95302296663e-05, 1.29494810608e-05, 2.04393018066e-06, 2.5397043828e-06, 3.02423677567e-06, 1.72086049588e-06, 2.50119046541e-06, 1.15604882467e-06, 2.59742193975e-07, 1.8266202062e-07, 6.862056523e-08, 4.33368718689e-08, 5.75698670957e-08, 3.24578941502e-08, 1.39056934856e-08, 5.36006128371e-10], "max": [0.0431458055973, 0.269969969988, 0.139077454805, 0.0466210506856, 0.0337430089712, 0.0171589143574, 0.0148785375059, 0.0253105312586, 0.0301162786782, 0.0180712305009, 0.0186957437545, 0.0837561711669, 0.0374426804483, 0.0112152108923, 0.00981016643345, 0.00994840543717, 0.0115197179839, 0.0101706432179, 0.00743943825364, 0.00350008253008, 0.00360176409595, 0.00161140272394, 0.00130095891654, 0.00187189388089, 0.00116861239076, 0.000864065892529, 0.000152349981363], "mean": [0.0014061559923, 0.0201285332441, 0.00676282728091, 0.0019976021722, 0.00110389955807, 0.000346233777236, 0.000367522996385, 0.000935759744607, 0.000434321525972, 0.000576073420234, 0.000301895634038, 0.000636344484519, 0.000404803722631, 0.000347548950231, 0.000281995919067, 0.000262066663709, 0.000211921200389, 0.000221560228965, 0.000133245630423, 8.02445138106e-05, 5.76738384552e-05, 4.22438388341e-05, 3.44617910741e-05, 3.25245709973e-05, 2.93195007544e-05, 1.97659301193e-05, 3.47997684003e-06], "median": [7.48221500544e-05, 0.0129735767841, 0.00233388738707, 0.000687410356477, 0.000230688296142, 1.54579429363e-05, 7.63952084526e-06, 8.31642500998e-06, 8.27661096992e-06, 1.14351714728e-05, 1.44238119901e-05, 2.46644631261e-05, 1.78357258847e-05, 2.60157048615e-05, 5.37385494681e-06, 2.69615929938e-06, 3.46743695445e-06, 1.55750626618e-06, 1.58585271492e-06, 8.58644341406e-07, 8.201720334e-07, 7.44932776797e-07, 4.6609460469e-07, 5.354854693e-07, 5.1854647154e-07, 3.66986995459e-07, 5.36630153647e-08], "min": [9.70664057413e-25, 1.55945889163e-23, 4.57018108851e-23, 7.60084079814e-23, 1.89328794509e-23, 6.77408617047e-23, 5.63929082565e-23, 3.9607680532e-23, 6.30074753924e-23, 3.73499259113e-23, 8.30345143852e-23, 9.96900943977e-23, 8.00429897495e-23, 7.78943661465e-23, 1.0805342101e-22, 1.07745071059e-22, 1.35477873768e-22, 2.03143547562e-22, 2.54762010874e-22, 4.09879277386e-22, 4.84507715209e-22, 4.81435726761e-22, 8.03816597268e-22, 9.43522677136e-22, 1.12654557631e-21, 1.55515175526e-21, 2.84880134585e-21], "var": [1.84081218322e-05, 0.000838411040604, 0.000137225753861, 1.93151099666e-05, 1.16685787361e-05, 9.68992594608e-07, 1.81911843811e-06, 1.03769534689e-05, 2.41722250394e-06, 2.15292811845e-06, 6.59124054891e-07, 1.31632123157e-05, 2.99925795844e-06, 8.98375276392e-07, 8.77598779425e-07, 1.02076876374e-06, 6.80330686009e-07, 8.89853879471e-07, 3.53707264367e-07, 1.10320513613e-07, 5.63126683062e-08, 2.63944954781e-08, 1.60414845851e-08, 1.81926669285e-08, 1.16394920369e-08, 5.33329869157e-09, 1.90113716436e-10]}, "erbbands": {"dmean": [0.447673112154, 2.51389479637, 5.1368227005, 6.59621572495, 5.40650463104, 4.99191379547, 3.75092816353, 3.61052036285, 4.80953884125, 18.8609104156, 30.4443912506, 15.0931911469, 22.8757152557, 12.5792942047, 18.387512207, 31.7735958099, 22.0594406128, 16.8641796112, 17.743932724, 11.1226148605, 17.4060115814, 13.1234312057, 13.5196218491, 13.8747825623, 6.55998182297, 4.35483503342, 4.20711660385, 1.84590613842, 1.81291627884, 1.48058009148, 0.984380245209, 0.82064050436, 0.598492383957, 0.437194049358, 0.24156345427, 0.0990785583854, 0.0439157411456, 0.00888491887599, 0.000680201104842, 4.61090276076e-05], "dmean2": [0.706276416779, 4.06877851486, 8.99867153168, 11.7785921097, 10.1528358459, 9.53783416748, 6.86667442322, 6.1912946701, 8.41502571106, 34.9584732056, 54.4170875549, 28.3647480011, 42.7833900452, 22.3476047516, 32.9687843323, 57.9585075378, 37.2716751099, 26.3971614838, 28.7710132599, 17.6778278351, 28.5410251617, 20.9465351105, 21.3949565887, 23.3796062469, 10.7611427307, 7.1345500946, 7.17429304123, 2.94865489006, 2.85126280785, 2.42088603973, 1.59645354748, 1.32929301262, 0.941994309425, 0.715271770954, 0.393225491047, 0.154836282134, 0.0697587281466, 0.0142686320469, 0.00105688662734, 7.23677076166e-05], "dvar": [1.06841206551, 22.2435741425, 168.453948975, 318.105224609, 246.664962769, 232.626174927, 99.5743179321, 94.8985214233, 178.328292847, 2783.42749023, 6443.73193359, 2289.62207031, 4153.87939453, 830.253662109, 6421.15673828, 37371.9453125, 10557.7451172, 2689.24902344, 3317.54589844, 1436.32653809, 3714.03710938, 2737.05957031, 2739.93994141, 2968.82324219, 608.422668457, 244.053695679, 323.6512146, 40.5516090393, 41.0046539307, 25.2685527802, 10.848777771, 9.14907550812, 5.02175283432, 2.06850886345, 0.567997515202, 0.0948164239526, 0.0217001028359, 0.00102178973611, 5.32394142283e-06, 9.97466109709e-09], "dvar2": [2.43232703209, 52.9424324036, 467.047576904, 879.124389648, 705.292419434, 670.499267578, 276.450653076, 253.696533203, 489.857635498, 7893.57470703, 16844.265625, 6612.40039062, 11677.9794922, 2215.18310547, 18447.8027344, 109247.148438, 29942.8710938, 6743.93310547, 8325.92871094, 3611.39477539, 9333.81054688, 6836.05908203, 6482.87402344, 7828.33007812, 1448.4901123, 576.502685547, 894.325012207, 97.0758743286, 101.41834259, 64.6920776367, 26.8733158112, 23.6855640411, 12.8479099274, 5.16088533401, 1.38594686985, 0.222578674555, 0.053934417665, 0.00262303370982, 1.28749570649e-05, 2.35315766872e-08], "max": [9.28755569458, 53.0074272156, 133.798309326, 152.923614502, 118.551841736, 116.489074707, 120.223121643, 122.06729126, 116.672080994, 403.12512207, 588.491455078, 702.540893555, 892.211914062, 369.042480469, 2039.04638672, 3574.17797852, 1803.40515137, 715.418701172, 589.377807617, 448.24395752, 603.894775391, 675.809570312, 667.350402832, 585.337646484, 277.423553467, 149.976623535, 252.315368652, 73.7866897583, 61.8858375549, 47.972328186, 30.0485153198, 32.6058387756, 30.1113243103, 14.7373790741, 7.03559207916, 3.49150133133, 1.44720256329, 0.310882776976, 0.0220809374005, 0.000908678222913], "mean": [0.556349813938, 4.50246286392, 8.76981258392, 7.50665426254, 4.87529468536, 3.39311265945, 2.70709586143, 2.90860772133, 3.6814057827, 11.3688850403, 19.7384986877, 10.307311058, 16.1974620819, 15.905670166, 17.4991397858, 24.7597026825, 19.9107990265, 17.6849002838, 17.7479820251, 10.8883533478, 15.8588142395, 11.8115568161, 11.5698013306, 10.3136281967, 5.24637746811, 3.6987349987, 3.32227325439, 1.70862102509, 1.62974381447, 1.23676908016, 0.888172864914, 0.709171116352, 0.500737905502, 0.347676187754, 0.199161812663, 0.0868020504713, 0.0370490476489, 0.00733924843371, 0.000599260092713, 6.09043636359e-05], "median": [0.157085120678, 3.16354656219, 5.72808456421, 3.30809116364, 1.91959619522, 0.661860823631, 0.278165876865, 0.114440336823, 0.104398608208, 0.155101448298, 0.214429304004, 0.205284371972, 0.340287983418, 0.986268520355, 1.36885392666, 1.28722536564, 1.1620773077, 1.73439693451, 0.639325976372, 0.306284040213, 0.314908027649, 0.205056250095, 0.126872494817, 0.0977782458067, 0.0720586776733, 0.0466606318951, 0.0391516834497, 0.0301156491041, 0.0265155564994, 0.0186867974699, 0.0142884962261, 0.0104973204434, 0.00893651973456, 0.00635033287108, 0.00343893608078, 0.00180794484913, 0.000608537229709, 0.000123535632156, 3.04399309243e-05, 3.25053042616e-05], "min": [2.38072389936e-22, 4.41062638474e-21, 3.03049863559e-20, 2.18058587196e-19, 8.86071219276e-20, 1.03443032729e-19, 3.88202504765e-19, 4.39388932209e-19, 7.26960495211e-19, 7.91040471205e-19, 9.33675256733e-19, 1.66527060001e-18, 1.09148797932e-18, 2.07030961651e-18, 2.68751456647e-18, 4.46149954984e-18, 3.82991778724e-18, 2.84328591071e-18, 4.19088327654e-18, 7.87888623558e-18, 5.67089674881e-18, 7.44620625513e-18, 1.35576846272e-17, 1.06873736919e-17, 1.53390619169e-17, 1.84419239281e-17, 1.68697033921e-17, 2.1368432687e-17, 1.59995507468e-17, 2.2794510261e-17, 1.96753097784e-17, 1.87419439906e-17, 1.6913527421e-17, 1.01400638493e-17, 9.23528955942e-18, 6.15716107575e-18, 3.04399735723e-18, 1.48548847734e-18, 4.11573820889e-19, 3.93434402753e-20], "var": [1.349832654, 31.8260326385, 150.809280396, 223.016845703, 145.741668701, 130.17616272, 63.3295097351, 72.0940856934, 123.385566711, 1622.20471191, 4564.40283203, 1287.03918457, 2576.70556641, 1094.91418457, 4069.47973633, 20587.3144531, 6806.43261719, 2462.84033203, 3065.22216797, 1370.41479492, 3326.16186523, 2380.3137207, 2491.30786133, 2177.015625, 525.538146973, 229.596481323, 229.181945801, 41.6769790649, 40.5240440369, 22.108877182, 10.5384702682, 7.88820505142, 4.23909139633, 1.7588301897, 0.514195621014, 0.095141120255, 0.0195969343185, 0.000865870271809, 4.98860481457e-06, 1.04035740023e-08]}, "gfcc": {"mean": [-190.980239868, 124.516334534, -74.3452529907, 22.1466751099, -8.66401672363, 31.4233131409, -14.4690103531, 5.06358718872, -15.4084291458, -3.99541544914, -11.6561660767, -4.71288490295, -8.64998054504], "cov": [[42432.140625, 2472.51831055, -2595.69946289, 854.391479492, -1924.66357422, 185.682266235, -690.991088867, -4.43417739868, -723.753479004, 287.773620605, -605.371398926, 195.154815674, -571.14855957], [2472.51831055, 5308.92236328, 44.2527656555, -648.510986328, 1324.24707031, 202.026550293, 428.522491455, -748.280395508, 411.82635498, -573.389465332, 131.325515747, -481.110900879, 36.2745475769], [-2595.69946289, 44.2527656555, 2196.13232422, 816.130004883, 276.585235596, 162.974472046, 300.059692383, 98.5023803711, -100.544670105, -17.1604404449, -56.0113677979, -156.353469849, -95.4529418945], [854.391479492, -648.510986328, 816.130004883, 1458.47741699, 314.440185547, -160.697158813, -3.45457220078, 317.37286377, 42.0595779419, -76.9922485352, -97.0580444336, -53.5116996765, -82.4387207031], [-1924.66357422, 1324.24707031, 276.585235596, 314.440185547, 1273.88061523, 108.883903503, 169.775970459, -146.646453857, 263.201599121, -255.141845703, 85.2349472046, -211.390335083, 27.6766929626], [185.682266235, 202.026550293, 162.974472046, -160.697158813, 108.883903503, 614.549499512, 222.434402466, -221.217147827, -74.0075836182, 63.1187438965, 84.0014343262, -51.2476730347, -46.2237472534], [-690.991088867, 428.522491455, 300.059692383, -3.45457220078, 169.775970459, 222.434402466, 431.829589844, -122.448860168, -98.9864654541, -53.6211242676, 80.755241394, -45.2690429688, -69.1217422485], [-4.43417739868, -748.280395508, 98.5023803711, 317.37286377, -146.646453857, -221.217147827, -122.448860168, 405.354095459, -11.8902254105, -6.64641571045, -57.940864563, 98.1117324829, 38.6614761353], [-723.753479004, 411.82635498, -100.544670105, 42.0595779419, 263.201599121, -74.0075836182, -98.9864654541, -11.8902254105, 348.369018555, -53.4811782837, -11.2859973907, -62.6669120789, 57.658870697], [287.773620605, -573.389465332, -17.1604404449, -76.9922485352, -255.141845703, 63.1187438965, -53.6211242676, -6.64641571045, -53.4811782837, 303.639556885, 6.76117181778, 44.3633499146, -50.858543396], [-605.371398926, 131.325515747, -56.0113677979, -97.0580444336, 85.2349472046, 84.0014343262, 80.755241394, -57.940864563, -11.2859973907, 6.76117181778, 174.533615112, -5.29094839096, -19.409324646], [195.154815674, -481.110900879, -156.353469849, -53.5116996765, -211.390335083, -51.2476730347, -45.2690429688, 98.1117324829, -62.6669120789, 44.3633499146, -5.29094839096, 191.32925415, 36.9423751831], [-571.14855957, 36.2745475769, -95.4529418945, -82.4387207031, 27.6766929626, -46.2237472534, -69.1217422485, 38.6614761353, 57.658870697, -50.858543396, -19.409324646, 36.9423751831, 156.674041748]], "icov": [[8.26693431009e-05, -0.00022681937844, 0.000191633793293, -0.000283701170702, 0.000209971156437, -0.000230235731578, 0.000228348973906, -0.0001634596847, 0.000284967100015, -0.000192645558855, 0.000259366526734, -0.000174931483343, 0.000263388006715], [-0.00022681937844, 0.00113241234794, -0.000584302470088, 0.00105114793405, -0.000808365119155, 0.00082286063116, -0.000875109864864, 0.00102008786052, -0.00108774541877, 0.00117163325194, -0.000660735880956, 0.000976776354946, -0.000675703457091], [0.000191633793293, -0.000584302470088, 0.00117825891357, -0.00105334736872, 0.000496374559589, -0.000692860572599, 6.62800594e-05, -0.000645721214823, 0.000902148953173, -0.000738840317354, 0.000878118968103, 0.000126824845211, 0.000400991120841], [-0.000283701170702, 0.00105114793405, -0.00105334736872, 0.00241837766953, -0.00125549628865, 0.000968837935943, -0.000745855504647, -0.000137839713716, -0.00120448553935, 0.00111354095861, -0.00040394809912, 0.000826612696983, 0.000125534206745], [0.000209971156437, -0.000808365119155, 0.000496374559589, -0.00125549628865, 0.00219154171646, -0.000831135490444, 0.000329410366248, -0.000254990532994, -5.5223947129e-05, 4.76549648738e-05, -9.28110675886e-05, 0.000152711203555, 0.000158587252372], [-0.000230235731578, 0.00082286063116, -0.000692860572599, 0.000968837935943, -0.000831135490444, 0.00324735371396, -0.00158535665832, 0.00167273392435, -0.000579638988711, 7.56216013542e-06, -0.00110115017742, 0.000705477199517, -0.00103646540083], [0.000228348973906, -0.000875109864864, 6.62800594e-05, -0.000745855504647, 0.000329410366248, -0.00158535665832, 0.00484166713431, -0.000211455888348, 0.00187886960339, 0.000252991594607, -0.000356455944711, -0.00123038177844, 0.00198191194795], [-0.0001634596847, 0.00102008786052, -0.000645721214823, -0.000137839713716, -0.000254990532994, 0.00167273392435, -0.000211455888348, 0.00563519261777, -0.000789595767856, 0.00131053500809, -0.00061424926389, -0.000919563928619, -0.00138656178024], [0.000284967100015, -0.00108774541877, 0.000902148953173, -0.00120448553935, -5.5223947129e-05, -0.000579638988711, 0.00187886960339, -0.000789595767856, 0.00549561623484, -0.00132523197681, 0.000979416887276, 0.000201854476472, -0.000309891824145], [-0.000192645558855, 0.00117163325194, -0.000738840317354, 0.00111354095861, 4.76549648738e-05, 7.56216013542e-06, 0.000252991594607, 0.00131053500809, -0.00132523197681, 0.00600204011425, -0.00105493911542, 0.000205995311262, 0.0012010675855], [0.000259366526734, -0.000660735880956, 0.000878118968103, -0.00040394809912, -9.28110675886e-05, -0.00110115017742, -0.000356455944711, -0.00061424926389, 0.000979416887276, -0.00105493911542, 0.00797462835908, -0.00101736793295, 0.00163168390281], [-0.000174931483343, 0.000976776354946, 0.000126824845211, 0.000826612696983, 0.000152711203555, 0.000705477199517, -0.00123038177844, -0.000919563928619, 0.000201854476472, 0.000205995311262, -0.00101736793295, 0.00926588941365, -0.0028046569787], [0.000263388006715, -0.000675703457091, 0.000400991120841, 0.000125534206745, 0.000158587252372, -0.00103646540083, 0.00198191194795, -0.00138656178024, -0.000309891824145, 0.0012010675855, 0.00163168390281, -0.0028046569787, 0.0100597618148]]}, "melbands": {"dmean": [0.00363069307059, 0.00276715331711, 0.00108285318129, 0.000378466094844, 0.000145540790982, 7.87009048508e-05, 8.40183856781e-05, 0.000249960226938, 0.00021792051848, 9.49680543272e-05, 0.000113690570288, 5.07637560077e-05, 4.53025422757e-05, 9.87008170341e-05, 6.06095418334e-05, 4.19907883042e-05, 3.06125766656e-05, 2.82650653389e-05, 1.92091483768e-05, 1.61827174452e-05, 2.15497511817e-05, 1.32544500957e-05, 1.19949763757e-05, 1.32988388941e-05, 1.13218438855e-05, 5.78089839109e-06, 3.54647136191e-06, 2.84070620182e-06, 3.22830942423e-06, 1.29436409679e-06, 1.07012135686e-06, 1.15131638267e-06, 7.01626504451e-07, 8.91335901088e-07, 5.70664212773e-07, 4.52481742741e-07, 5.55499468646e-07, 4.37412495558e-07, 3.7916436213e-07, 3.63291320582e-07], "dmean2": [0.00567823974416, 0.00462047522888, 0.00193110329565, 0.000722404627595, 0.000269325420959, 0.000135349633638, 0.000149504456203, 0.000458274211269, 0.000391355657484, 0.000181874274858, 0.000212384926272, 8.99473889149e-05, 8.03995862952e-05, 0.000179358466994, 0.000108552747406, 6.77104035276e-05, 4.78827678307e-05, 4.51813903055e-05, 3.15189099638e-05, 2.66029073828e-05, 3.54187541234e-05, 2.235462307e-05, 1.9071103452e-05, 2.1706267944e-05, 1.93890646187e-05, 9.75374587142e-06, 5.86192300034e-06, 4.75947945233e-06, 5.6058984228e-06, 2.12565555557e-06, 1.70478426753e-06, 1.83660529274e-06, 1.110909011e-06, 1.48246544995e-06, 9.40420477491e-07, 7.11611676252e-07, 9.25548761188e-07, 6.96645997778e-07, 6.02293368956e-07, 6.0149136516e-07], "dvar": [5.84823792451e-05, 3.36585981131e-05, 8.27183976071e-06, 1.29947466121e-06, 1.60263368798e-07, 4.44460468429e-08, 5.91002233818e-08, 4.32758753277e-07, 3.25171072291e-07, 9.04675161451e-08, 1.02407604174e-07, 1.35356890141e-08, 3.0815790808e-08, 3.42289553146e-07, 9.94176474478e-08, 2.54384815435e-08, 9.12326747482e-09, 7.94443444363e-09, 4.48836701139e-09, 3.49704820657e-09, 5.72534020193e-09, 3.2409561701e-09, 2.10768824616e-09, 2.62238719628e-09, 2.06329908714e-09, 5.39375322184e-10, 1.85209736436e-10, 1.05707234632e-10, 2.16465442793e-10, 2.06029811267e-11, 1.44425799445e-11, 1.71999723492e-11, 5.72593144774e-12, 9.56926465151e-12, 3.73659263253e-12, 2.31794292961e-12, 4.74263336936e-12, 2.82391709842e-12, 1.79981322814e-12, 1.43336969897e-12], "dvar2": [0.000130318585434, 8.89783113962e-05, 2.27022464969e-05, 3.74306478079e-06, 4.51296870096e-07, 1.18868719312e-07, 1.6467689079e-07, 1.20169204365e-06, 8.58847386098e-07, 2.61670379587e-07, 2.87833302082e-07, 3.62185197389e-08, 8.66016520717e-08, 1.00087697774e-06, 2.8840705113e-07, 6.88433985374e-08, 2.27925056606e-08, 1.95143599058e-08, 1.14160956244e-08, 9.18850240339e-09, 1.45956011721e-08, 8.5102360714e-09, 4.93705254456e-09, 6.36050767611e-09, 5.5532192178e-09, 1.34945854491e-09, 4.36433028606e-10, 2.65748645312e-10, 6.07540351361e-10, 5.17005813161e-11, 3.50834014617e-11, 4.31275501422e-11, 1.38744259137e-11, 2.48369380618e-11, 9.40104764868e-12, 5.38674573697e-12, 1.2690811943e-11, 7.29614372391e-12, 4.51838349722e-12, 3.58689879014e-12], "max": [0.0798053890467, 0.0580297522247, 0.0239962786436, 0.00799545738846, 0.00394564820454, 0.00288005406037, 0.00202963664196, 0.00460456917062, 0.00440954696387, 0.00420042220503, 0.00442928727716, 0.00163739267737, 0.00426949653774, 0.0110558504239, 0.00428892113268, 0.0023484241683, 0.0013245542068, 0.000874187971931, 0.00085169589147, 0.000597343081608, 0.000802455411758, 0.00080445635831, 0.000548826646991, 0.000579916930292, 0.000506988493726, 0.000248049240327, 0.000173492837348, 0.000101148951217, 0.000201989125344, 5.52903075004e-05, 4.34559115092e-05, 4.61741001345e-05, 2.28376447922e-05, 3.14988210448e-05, 1.76344674401e-05, 1.64640769071e-05, 2.53610960499e-05, 2.21058326133e-05, 1.88426911336e-05, 1.31056222017e-05], "mean": [0.00537923723459, 0.00527147203684, 0.00125321734231, 0.000287511531496, 0.000102618454548, 6.34885873296e-05, 6.11426439718e-05, 0.000152610024088, 0.000141560492921, 6.25135944574e-05, 8.09863340692e-05, 6.51160080452e-05, 5.03404298797e-05, 7.52742998884e-05, 4.95969325129e-05, 3.89123852074e-05, 3.26375920849e-05, 2.89319232252e-05, 1.81027826329e-05, 1.42985700222e-05, 1.94234326045e-05, 1.18421849038e-05, 1.08122712845e-05, 1.08266212919e-05, 8.17225190985e-06, 4.49169647254e-06, 2.75096681435e-06, 2.36967275669e-06, 2.45234832619e-06, 1.16873377465e-06, 9.49484160628e-07, 1.01311422895e-06, 6.40912105609e-07, 7.16808301604e-07, 5.07206948441e-07, 4.34659426674e-07, 4.52672281881e-07, 3.59960324658e-07, 3.12065338903e-07, 2.8601783697e-07], "median": [0.00254434999079, 0.00468545779586, 0.000709864834789, 8.13198421383e-05, 1.15301663755e-05, 2.53238044934e-06, 1.60376634994e-06, 1.74040906131e-06, 1.56845055699e-06, 1.10322071123e-06, 1.58968327924e-06, 3.33228558702e-06, 3.65526921087e-06, 2.54358019447e-06, 2.78913830698e-06, 1.9262895421e-06, 2.53891994362e-06, 7.99142355845e-07, 3.340663568e-07, 2.29134073493e-07, 2.82594470491e-07, 1.9366223114e-07, 9.79835448334e-08, 7.3474382134e-08, 5.98483893555e-08, 5.11357995947e-08, 3.37234133951e-08, 2.74834164316e-08, 2.42735325173e-08, 1.86643518418e-08, 1.51520769265e-08, 1.55901069832e-08, 1.17213341255e-08, 8.51303294525e-09, 7.51798712173e-09, 5.82426329387e-09, 6.06721384244e-09, 5.45859979439e-09, 5.64409630144e-09, 4.40888259234e-09], "min": [3.48209080578e-24, 1.36010443232e-23, 3.2165402669e-23, 5.52991928433e-24, 1.10548269353e-23, 1.11363202112e-23, 1.14844816051e-23, 9.01560966243e-24, 7.28907476424e-24, 1.04238068421e-23, 5.41949414039e-24, 8.3363365253e-24, 1.07027591022e-23, 9.31780492028e-24, 1.04944225149e-23, 7.97646922439e-24, 5.08837016985e-24, 7.25856556873e-24, 9.26163960155e-24, 8.80199244018e-24, 6.17384790303e-24, 5.71413092748e-24, 1.27768022175e-23, 1.03592243775e-23, 8.35610774617e-24, 1.00888399356e-23, 1.55368064327e-23, 1.10146368388e-23, 1.007813036e-23, 1.02768144453e-23, 1.3013858075e-23, 8.61104550263e-24, 9.94153199449e-24, 1.36996929571e-23, 9.77306443729e-24, 1.27989636869e-23, 1.16785697868e-23, 1.44085602111e-23, 8.12769938195e-24, 8.37614481316e-24], "var": [8.12086800579e-05, 3.76864263671e-05, 5.81931317356e-06, 7.31136822196e-07, 9.75490124233e-08, 3.36883942964e-08, 3.89097607467e-08, 2.66375963065e-07, 2.25453945291e-07, 5.01210166703e-08, 6.38383284013e-08, 1.91275866257e-08, 2.32736780958e-08, 1.89663040828e-07, 5.75682115311e-08, 1.89785129834e-08, 8.44991721038e-09, 7.80810971435e-09, 3.94918320268e-09, 2.91939228347e-09, 4.99498531426e-09, 2.61711963212e-09, 2.00110550352e-09, 2.27991359125e-09, 1.44345624342e-09, 4.263860931e-10, 1.61717375602e-10, 9.30016549883e-11, 1.4364928691e-10, 1.98369029536e-11, 1.40454098005e-11, 1.62371262269e-11, 5.6986863145e-12, 8.14294378454e-12, 3.5426247439e-12, 2.73034676465e-12, 3.71477978586e-12, 2.34895436435e-12, 1.53214040847e-12, 1.19968434058e-12]}, "mfcc": {"mean": [-826.129638672, 151.313766479, 22.0209941864, 19.2505779266, 27.0810852051, 29.3486766815, 21.2702045441, 16.1639194489, 9.68911933899, 6.12756156921, 4.40930747986, 1.97110199928, -0.979873597622], "cov": [[21943.1308594, 1843.89147949, -2345.51245117, -457.546813965, -1098.94458008, -369.636871338, -373.50302124, -211.067260742, -313.830291748, -75.4161911011, -24.8191165924, -65.8038406372, -45.4507064819], [1843.89147949, 3687.0012207, 316.812927246, -259.930267334, 248.559494019, 710.091552734, 361.083770752, 196.810836792, 7.61616516113, -18.7860221863, 73.9002532959, 12.9235105515, -89.8490905762], [-2345.51245117, 316.812927246, 1340.38110352, 517.659240723, 279.43850708, 222.209487915, 295.385192871, 135.368255615, 91.0095901489, 63.8417701721, 73.350944519, 52.2458610535, -39.1451644897], [-457.546813965, -259.930267334, 517.659240723, 1258.45837402, 591.8359375, -103.474876404, -0.174336522818, 238.440658569, 219.178161621, 72.0927658081, 51.4991722107, 25.6615123749, 15.6026639938], [-1098.94458008, 248.559494019, 279.43850708, 591.8359375, 775.567504883, 248.75050354, 44.7985343933, 156.974136353, 209.074142456, 100.719268799, 21.8308773041, 41.7484092712, 4.76216745377], [-369.636871338, 710.091552734, 222.209487915, -103.474876404, 248.75050354, 673.992797852, 394.841796875, 64.5058288574, -43.7734870911, 56.7551116943, 96.8262252808, 51.0586662292, -4.95297718048], [-373.50302124, 361.083770752, 295.385192871, -0.174336522818, 44.7985343933, 394.841796875, 541.828674316, 161.777770996, -107.719749451, -36.7518577576, 90.2533950806, 71.0702056885, -8.46736907959], [-211.067260742, 196.810836792, 135.368255615, 238.440658569, 156.974136353, 64.5058288574, 161.777770996, 281.734588623, 82.3536148071, -52.7475624084, -20.0341777802, 53.4815216064, 19.4654140472], [-313.830291748, 7.61616516113, 91.0095901489, 219.178161621, 209.074142456, -43.7734870911, -107.719749451, 82.3536148071, 232.218109131, 56.5009994507, -61.6341896057, -24.1159610748, 24.1665840149], [-75.4161911011, -18.7860221863, 63.8417701721, 72.0927658081, 100.719268799, 56.7551116943, -36.7518577576, -52.7475624084, 56.5009994507, 164.72366333, 45.9663124084, -38.6305084229, -23.8354053497], [-24.8191165924, 73.9002532959, 73.350944519, 51.4991722107, 21.8308773041, 96.8262252808, 90.2533950806, -20.0341777802, -61.6341896057, 45.9663124084, 163.717178345, 50.8722076416, -15.6004867554], [-65.8038406372, 12.9235105515, 52.2458610535, 25.6615123749, 41.7484092712, 51.0586662292, 71.0702056885, 53.4815216064, -24.1159610748, -38.6305084229, 50.8722076416, 150.346313477, 44.909954071], [-45.4507064819, -89.8490905762, -39.1451644897, 15.6026639938, 4.76216745377, -4.95297718048, -8.46736907959, 19.4654140472, 24.1665840149, -23.8354053497, -15.6004867554, 44.909954071, 120.98638916]], "icov": [[8.08541080914e-05, -8.27257026685e-05, 0.000199040063308, -0.000199958085432, 0.000243332178798, -4.64349941467e-05, -2.03928193514e-05, 9.19845260796e-05, -4.20503283749e-06, -0.000136686678161, 0.000141419674037, -0.000177822366823, 8.95742123248e-05], [-8.27257026685e-05, 0.000478150788695, -0.000294707191642, 0.000369314802811, -0.000269420212135, -0.000449945888249, 0.000325136556057, -0.000515907420777, -6.71668458381e-05, 0.000459611386759, -0.000420187134296, 0.00041704531759, 0.000173955762875], [0.000199040063308, -0.000294707191642, 0.00166840211023, -0.00111695949454, 0.000865868409164, -0.000164288343512, -0.000955737312324, 0.000930622103624, -0.000802167807706, -0.000524618139025, 0.000644135929178, -0.00106638146099, 0.000818118918687], [-0.000199958085432, 0.000369314802811, -0.00111695949454, 0.00285191647708, -0.00245016952977, 0.00153577595484, -5.15272731718e-05, -0.0016142197419, 0.000185072160093, 0.000286577967927, -0.00193283671979, 0.0015742299147, -0.000928702880628], [0.000243332178798, -0.000269420212135, 0.000865868409164, -0.00245016952977, 0.00470792269334, -0.0026655185502, 0.00103301461786, 0.000177972629899, -0.00181946647353, -0.000872228178196, 0.00127080443781, -0.0020577327814, 0.00135597784538], [-4.64349941467e-05, -0.000449945888249, -0.000164288343512, 0.00153577595484, -0.0026655185502, 0.00550180999562, -0.00377130415291, 0.00109921838157, 0.000206426964724, -0.00143104826566, -0.000639461213723, 0.000329316681018, -0.0012413013028], [-2.03928193514e-05, 0.000325136556057, -0.000955737312324, -5.15272731718e-05, 0.00103301461786, -0.00377130415291, 0.00687660230324, -0.00439425837249, 0.0030958247371, 0.000632297538687, -0.00115010165609, 0.000645946245641, 4.25340149377e-05], [9.19845260796e-05, -0.000515907420777, 0.000930622103624, -0.0016142197419, 0.000177972629899, 0.00109921838157, -0.00439425837249, 0.00941830407828, -0.00454454589635, 0.00247193826362, 0.00174514413811, -0.00263416068628, 0.000973425456323], [-4.20503283749e-06, -6.71668458381e-05, -0.000802167807706, 0.000185072160093, -0.00181946647353, 0.000206426964724, 0.0030958247371, -0.00454454589635, 0.0114397462457, -0.00435598334298, 0.00308511103503, 0.00126449693926, -0.00252175563946], [-0.000136686678161, 0.000459611386759, -0.000524618139025, 0.000286577967927, -0.000872228178196, -0.00143104826566, 0.000632297538687, 0.00247193826362, -0.00435598334298, 0.0119624007493, -0.00512173306197, 0.00338915246539, 0.00101389538031], [0.000141419674037, -0.000420187134296, 0.000644135929178, -0.00193283671979, 0.00127080443781, -0.000639461213723, -0.00115010165609, 0.00174514413811, 0.00308511103503, -0.00512173306197, 0.0121557712555, -0.00545980408788, 0.00173010712024], [-0.000177822366823, 0.00041704531759, -0.00106638146099, 0.0015742299147, -0.0020577327814, 0.000329316681018, 0.000645946245641, -0.00263416068628, 0.00126449693926, 0.00338915246539, -0.00545980408788, 0.0119904465973, -0.00448137009516], [8.95742123248e-05, 0.000173955762875, 0.000818118918687, -0.000928702880628, 0.00135597784538, -0.0012413013028, 4.25340149377e-05, 0.000973425456323, -0.00252175563946, 0.00101389538031, 0.00173010712024, -0.00448137009516, 0.0111448951066]]}, "spectral_contrast_coeffs": {"dmean": [0.0540688000619, 0.0472004152834, 0.0474758185446, 0.0412978716195, 0.0329002961516, 0.0290325265378], "dmean2": [0.0865959003568, 0.0754303187132, 0.0767744109035, 0.063686914742, 0.0494187436998, 0.0431921817362], "dvar": [0.00297540752217, 0.0017671843525, 0.00237059989013, 0.00219955854118, 0.00149332371075, 0.000813273363747], "dvar2": [0.00717817619443, 0.00424041040242, 0.00583091750741, 0.00449637463316, 0.00336904893629, 0.00171405705623], "max": [-0.33792001009, -0.489051163197, -0.381096184254, -0.411104112864, -0.36971783638, -0.49763572216], "mean": [-0.652776062489, -0.803701341152, -0.775483429432, -0.765623509884, -0.803743004799, -0.818002343178], "median": [-0.635041356087, -0.818624138832, -0.791534721851, -0.786200165749, -0.827306449413, -0.820907711983], "min": [-0.958460330963, -0.967244744301, -0.967332065105, -0.963221251965, -0.963139951229, -0.962801456451], "var": [0.0121018039063, 0.00579809304327, 0.00948396790773, 0.0114909308031, 0.00807863753289, 0.0032495802734]}, "spectral_contrast_valleys": {"dmean": [0.625638782978, 0.911196827888, 0.839304149151, 0.840657174587, 0.817023694515, 0.852531135082], "dmean2": [0.900234341621, 1.30504918098, 1.21755421162, 1.1559715271, 1.02785813808, 1.11151838303], "dvar": [0.485052198172, 1.12223684788, 1.01521909237, 0.924634337425, 0.957321584225, 0.86329460144], "dvar2": [0.881625831127, 2.30916500092, 1.99903178215, 1.73788452148, 1.86962842941, 1.62755846977], "max":