{"lowlevel": {"average_loudness": 0.49084725976, "barkbands_crest": {"dmean": 1.98275315762, "dmean2": 3.19219732285, "dvar": 4.15547609329, "dvar2": 10.5499486923, "max": 26.3064155579, "mean": 12.7127361298, "median": 12.0057449341, "min": 2.91289186478, "var": 21.3300647736}, "barkbands_flatness_db": {"dmean": 0.0198150444776, "dmean2": 0.0304708685726, "dvar": 0.000418681069277, "dvar2": 0.000895048084203, "max": 0.538058042526, "mean": 0.28942194581, "median": 0.280787318945, "min": 0.0214931629598, "var": 0.0102159092203}, "barkbands_kurtosis": {"dmean": 3.79501891136, "dmean2": 5.90379285812, "dvar": 41.9486083984, "dvar2": 98.2403793335, "max": 140.917541504, "mean": 9.71260261536, "median": 4.67389917374, "min": -1.92456543446, "var": 178.369812012}, "barkbands_skewness": {"dmean": 0.52274620533, "dmean2": 0.787247180939, "dvar": 0.438002586365, "dvar2": 0.916022241116, "max": 8.9044046402, "mean": 1.78719687462, "median": 1.6360809803, "min": -7.15699338913, "var": 2.97815752029}, "barkbands_spread": {"dmean": 2.79758429527, "dmean2": 4.19307041168, "dvar": 41.2430114746, "dvar2": 85.4194564819, "max": 94.4310302734, "mean": 10.1031455994, "median": 5.37173080444, "min": 0.436913758516, "var": 159.275650024}, "dissonance": {"dmean": 0.0405719690025, "dmean2": 0.0683716088533, "dvar": 0.00169977988116, "dvar2": 0.00470744632185, "max": 0.5, "mean": 0.389075875282, "median": 0.399455815554, "min": 0.126661285758, "var": 0.00459043169394}, "dynamic_complexity": 6.40186977386, "erbbands_crest": {"dmean": 2.11384916306, "dmean2": 3.3242456913, "dvar": 5.61188745499, "dvar2": 12.5298395157, "max": 34.3063621521, "mean": 13.5435466766, "median": 12.0312175751, "min": 2.62431025505, "var": 38.1217269897}, "erbbands_flatness_db": {"dmean": 0.0153418155387, "dmean2": 0.02238516137, "dvar": 0.000342578132404, "dvar2": 0.000632589566521, "max": 0.513720393181, "mean": 0.29574456811, "median": 0.281325995922, "min": 0.064984947443, "var": 0.00917124189436}, "erbbands_kurtosis": {"dmean": 1.97937953472, "dmean2": 2.9526925087, "dvar": 20.7804584503, "dvar2": 40.1568374634, "max": 217.83404541, "mean": 4.28477334976, "median": 1.44854402542, "min": -1.82619762421, "var": 88.3559646606}, "erbbands_skewness": {"dmean": 0.386979907751, "dmean2": 0.573183238506, "dvar": 0.261767089367, "dvar2": 0.528068244457, "max": 8.8040189743, "mean": 0.957448244095, "median": 0.887613713741, "min": -5.07201957703, "var": 1.42645573616}, "erbbands_spread": {"dmean": 5.18890571594, "dmean2": 7.67379999161, "dvar": 97.8753204346, "dvar2": 211.64932251, "max": 140.469039917, "mean": 23.0797615051, "median": 13.9386558533, "min": 0.442458063364, "var": 463.340026855}, "hfc": {"dmean": 4.39693260193, "dmean2": 5.97016429901, "dvar": 198.835418701, "dvar2": 357.239471436, "max": 342.157409668, "mean": 12.1626234055, "median": 4.9711060524, "min": 1.19561506302e-16, "var": 555.160522461}, "melbands_crest": {"dmean": 2.6785094738, "dmean2": 4.42056465149, "dvar": 7.27968549728, "dvar2": 20.2880058289, "max": 34.003528595, "mean": 16.1685180664, "median": 15.6032867432, "min": 2.39754748344, "var": 28.9580402374}, "melbands_flatness_db": {"dmean": 0.0221289116889, "dmean2": 0.032454200089, "dvar": 0.000626091379672, "dvar2": 0.00118398061022, "max": 0.666255950928, "mean": 0.352370262146, "median": 0.335798799992, "min": 0.00661795306951, "var": 0.0192623697221}, "melbands_kurtosis": {"dmean": 5.69570398331, "dmean2": 8.83236026764, "dvar": 113.415962219, "dvar2": 262.466217041, "max": 204.618392944, "mean": 14.2019166946, "median": 6.6424741745, "min": -1.90433502197, "var": 431.716949463}, "melbands_skewness": {"dmean": 0.576741397381, "dmean2": 0.876107037067, "dvar": 0.567668676376, "dvar2": 1.20123422146, "max": 11.887714386, "mean": 2.10703349113, "median": 1.80116057396, "min": -5.04522848129, "var": 3.53018856049}, "melbands_spread": {"dmean": 4.29135465622, "dmean2": 6.48721599579, "dvar": 195.061645508, "dvar2": 402.532989502, "max": 253.092071533, "mean": 14.0012083054, "median": 7.21508169174, "min": 0.866353571415, "var": 585.518554688}, "pitch_salience": {"dmean": 0.0552334487438, "dmean2": 0.0897822901607, "dvar": 0.00378293963149, "dvar2": 0.00934224575758, "max": 0.923505187035, "mean": 0.498552620411, "median": 0.498897463083, "min": 0.0945706963539, "var": 0.0142343519256}, "silence_rate_20dB": {"dmean": 0, "dmean2": 0, "dvar": 0, "dvar2": 0, "max": 1, "mean": 1, "median": 1, "min": 1, "var": 0}, "silence_rate_30dB": {"dmean": 0.0063694268465, "dmean2": 0.012740785256, "dvar": 0.00632938323542, "dvar2": 0.0162180233747, "max": 1, "mean": 0.995147824287, "median": 1, "min": 0, "var": 0.00482831010595}, "silence_rate_60dB": {"dmean": 0.0272975433618, "dmean2": 0.0546033680439, "dvar": 0.0265543684363, "dvar2": 0.0582959726453, "max": 1, "mean": 0.208794534206, "median": 0, "min": 0, "var": 0.165195018053}, "spectral_centroid": {"dmean": 125.844657898, "dmean2": 178.880706787, "dvar": 104495.523438, "dvar2": 176428.515625, "max": 10797.5546875, "mean": 753.541259766, "median": 498.942230225, "min": 210.380950928, "var": 540759.3125}, "spectral_complexity": {"dmean": 1.27722167969, "dmean2": 1.98968601227, "dvar": 3.47275662422, "dvar2": 6.26117706299, "max": 53, "mean": 7.67247915268, "median": 7, "min": 0, "var": 23.7147769928}, "spectral_decrease": {"dmean": 1.28611821193e-09, "dmean2": 1.94690263911e-09, "dvar": 7.56747837755e-18, "dvar2": 1.72692961481e-17, "max": -2.35785419051e-29, "mean": -4.14762002521e-09, "median": -2.77628986467e-09, "min": -3.88626446579e-08, "var": 2.36095280098e-17}, "spectral_energy": {"dmean": 0.00519052660093, "dmean2": 0.00781583320349, "dvar": 0.000122385667055, "dvar2": 0.000274860503851, "max": 0.174908861518, "mean": 0.0167572777718, "median": 0.0111088100821, "min": 1.09335780171e-20, "var": 0.000386271218304}, "spectral_energyband_high": {"dmean": 0.000248749711318, "dmean2": 0.000341403734637, "dvar": 2.39809628511e-06, "dvar2": 4.2576098167e-06, "max": 0.0423987805843, "mean": 0.000439708324848, "median": 1.3310967006e-05, "min": 8.35307662071e-21, "var": 5.36315837962e-06}, "spectral_energyband_low": {"dmean": 0.00034106275416, "dmean2": 0.000573817756958, "dvar": 9.9575618151e-07, "dvar2": 2.25624785344e-06, "max": 0.0672031864524, "mean": 0.000769654812757, "median": 0.000154733977979, "min": 7.69457388199e-23, "var": 5.44142130821e-06}, "spectral_energyband_middle_high": {"dmean": 0.00103093637154, "dmean2": 0.00132167711854, "dvar": 2.09018417081e-05, "dvar2": 3.51916278305e-05, "max": 0.168630480766, "mean": 0.0026642002631, "median": 0.000388149841456, "min": 1.45284005519e-21, "var": 6.71306770528e-05}, "spectral_energyband_middle_low": {"dmean": 0.00430269120261, "dmean2": 0.00670920079574, "dvar": 8.73511671671e-05, "dvar2": 0.000210386118852, "max": 0.135725289583, "mean": 0.0134673668072, "median": 0.00909953378141, "min": 3.12513444895e-22, "var": 0.000267059716862}, "spectral_entropy": {"dmean": 0.178956523538, "dmean2": 0.260935306549, "dvar": 0.0508482381701, "dvar2": 0.0905023366213, "max": 9.79911899567, "mean": 6.21936225891, "median": 6.11965703964, "min": 4.36950445175, "var": 0.903087675571}, "spectral_flux": {"dmean": 0.0172290559858, "dmean2": 0.0271496511996, "dvar": 0.000958080345299, "dvar2": 0.00230103707872, "max": 0.329139858484, "mean": 0.0403567031026, "median": 0.0276697762311, "min": 1.04563753489e-10, "var": 0.00168927852064}, "spectral_kurtosis": {"dmean": 16.572265625, "dmean2": 28.2670898438, "dvar": 962.487060547, "dvar2": 2889.27197266, "max": 454.274902344, "mean": 57.5916175842, "median": 10.28764534, "min": -1.39043271542, "var": 7220.94482422}, "spectral_rms": {"dmean": 0.000526548305061, "dmean2": 0.000783498282544, "dvar": 7.77868024215e-07, "dvar2": 1.62698131589e-06, "max": 0.0130630312487, "mean": 0.00343132391572, "median": 0.00329209095798, "min": 3.26602286882e-12, "var": 4.574572813e-06}, "spectral_rolloff": {"dmean": 275.75378418, "dmean2": 469.126312256, "dvar": 971416.125, "dvar2": 1931738.125, "max": 19336.8164062, "mean": 1213.22119141, "median": 602.9296875, "min": 193.798828125, "var": 5058082.5}, "spectral_skewness": {"dmean": 0.817580461502, "dmean2": 1.34729278088, "dvar": 1.33347046375, "dvar2": 3.75789308548, "max": 17.1766872406, "mean": 4.55234909058, "median": 2.77918791771, "min": -0.524175882339, "var": 15.2206497192}, "spectral_spread": {"dmean": 511384.875, "dmean2": 782171.5, "dvar": 641218445312, "dvar2": 1153988558850.0, "max": 40771552, "mean": 3392368.75, "median": 3350615.75, "min": 181302.03125, "var": 5799214579710.0}, "spectral_strongpeak": {"dmean": 0.396174550056, "dmean2": 0.620260059834, "dvar": 0.815510094166, "dvar2": 1.66370904446, "max": 28.7076950073, "mean": 1.17607653141, "median": 0.621692180634, "min": 0, "var": 2.86830282211}, "zerocrossingrate": {"dmean": 0.0070691187866, "dmean2": 0.00782042462379, "dvar": 0.000273693556665, "dvar2": 0.000270591553999, "max": 0.5107421875, "mean": 0.0446343868971, "median": 0.0283203125, "min": 0.00732421875, "var": 0.00361784291454}, "barkbands": {"dmean": [2.38427014665e-06, 7.19718882465e-05, 0.00013416094589, 0.000503648538142, 0.00183055200614, 0.000720104668289, 0.000600860861596, 0.00101182248909, 0.000727388833184, 0.000433223991422, 0.000257145205978, 0.000231512298342, 7.12898909114e-05, 0.000100749311969, 9.33676055865e-05, 2.66596634901e-05, 3.1533632864e-05, 2.99299408653e-05, 6.47464330541e-05, 2.04877760552e-05, 2.40877998294e-05, 5.16134059581e-05, 5.84474946663e-05, 0.000108569904114, 2.92739459837e-05, 1.77241929578e-06, 3.11007362086e-08], "dmean2": [4.05558284911e-06, 0.000119157040899, 0.000230258825468, 0.000833325088024, 0.00309109548107, 0.00117477972526, 0.000917999597732, 0.00153027556371, 0.000993397785351, 0.000601803476457, 0.000355815020157, 0.000301380438032, 0.00010360860324, 0.000136355491122, 0.000121020952065, 4.00562603318e-05, 4.4825632358e-05, 4.11910041294e-05, 8.8367058197e-05, 3.01068703266e-05, 3.57045028068e-05, 7.56007866585e-05, 8.08290787973e-05, 0.000153913235408, 4.23713790951e-05, 2.70167856797e-06, 4.48407462272e-08], "dvar": [8.27135165915e-11, 4.4131343202e-07, 1.2973346486e-07, 1.51984522745e-06, 1.82256681001e-05, 4.0686813918e-06, 4.46753210781e-06, 1.77159836312e-05, 1.80485822057e-05, 9.12357972993e-06, 6.29023406873e-06, 3.34762717102e-06, 1.39620127015e-07, 7.52279674998e-07, 3.47676837009e-06, 1.58069326517e-08, 3.88209180358e-08, 1.35693554171e-08, 8.62063700424e-08, 1.34531505935e-08, 4.77893955519e-08, 1.15135904366e-07, 9.85813883858e-08, 5.33511979484e-07, 7.0600805202e-08, 2.59870597263e-10, 1.06799667038e-13], "dvar2": [2.42536518646e-10, 6.68467009746e-07, 4.03140774097e-07, 4.58458544017e-06, 6.13825250184e-05, 1.05093304228e-05, 1.07705200207e-05, 4.0618069761e-05, 3.26547742588e-05, 1.51554168042e-05, 1.19107507999e-05, 5.07386494064e-06, 2.57653056224e-07, 1.57197916906e-06, 4.40330450147e-06, 3.46100463844e-08, 8.21388042027e-08, 2.57156038685e-08, 1.60051570219e-07, 3.09702166135e-08, 1.11420597193e-07, 2.34743978922e-07, 1.82572577501e-07, 9.10484970973e-07, 1.4297773987e-07, 6.06571293194e-10, 2.03153235879e-13], "max": [0.000451950880233, 0.0623584613204, 0.00645340792835, 0.0233405008912, 0.103442288935, 0.0458765216172, 0.0430831313133, 0.0886863395572, 0.111849479377, 0.109252050519, 0.0915625616908, 0.0795280486345, 0.0116811171174, 0.0657600387931, 0.159936442971, 0.00375494314358, 0.00855589192361, 0.00405720481649, 0.0107258046046, 0.00422605033964, 0.00900496263057, 0.0102465031669, 0.0147506585345, 0.0351133383811, 0.00835305638611, 0.000465116027044, 1.90136543097e-05], "mean": [2.65666540145e-06, 0.000165210542036, 0.000236467356444, 0.00109754980076, 0.00474197650328, 0.00155054684728, 0.00132205314003, 0.00235776021145, 0.00191732007079, 0.00100703386124, 0.000493617902976, 0.000577640195843, 0.000144275923958, 0.000203469302505, 0.000174850123585, 5.20818321093e-05, 5.35037761438e-05, 6.58273274894e-05, 0.00013124801626, 3.14567841997e-05, 3.27920570271e-05, 8.7185188022e-05, 0.000101644691313, 0.000170633851667, 3.62879036402e-05, 2.13373596125e-06, 3.44629924598e-08], "median": [7.04021317688e-07, 8.43498128233e-06, 2.70108048426e-05, 0.000306433968944, 0.00285818148404, 0.000686019891873, 0.000375203206204, 0.000356592790922, 0.000140535848914, 7.55188229959e-05, 1.30181379063e-05, 2.47395837505e-05, 9.02173997019e-06, 6.02536874794e-06, 3.65621008314e-06, 3.38422228197e-06, 2.0928603135e-06, 2.54854558079e-06, 2.52695235758e-06, 5.78870526624e-07, 6.0048796513e-07, 2.37672816183e-06, 4.1606740524e-06, 2.92323852591e-06, 1.36722505317e-07, 1.08713535951e-08, 7.89537712986e-10], "min": [2.64929090034e-23, 3.73286140451e-23, 4.09080743469e-24, 4.03224042893e-23, 1.52670854228e-23, 5.59732468767e-23, 2.67147966434e-23, 3.40407269891e-23, 6.92920840997e-23, 2.17192137921e-22, 3.70878852513e-23, 1.27218563199e-22, 4.44794835342e-23, 1.65188533782e-22, 1.16153747707e-22, 1.14113387375e-22, 9.90240875344e-23, 2.52360642548e-22, 2.32697987874e-22, 4.23880031219e-22, 2.96563535672e-22, 6.2539499122e-22, 8.34537037106e-22, 8.1289064338e-22, 1.43070661243e-21, 1.63470043845e-21, 2.53138997088e-21], "var": [5.91404633599e-11, 3.76133812097e-06, 2.75653718518e-07, 3.33982802658e-06, 4.16134680563e-05, 7.51022480472e-06, 8.18076023279e-06, 3.82663638447e-05, 6.66443447699e-05, 2.91163614747e-05, 1.67015532497e-05, 1.34672263812e-05, 3.97845582256e-07, 1.91386016013e-06, 8.3731374616e-06, 3.89165286663e-08, 7.02587854562e-08, 4.43031389352e-08, 2.30822010394e-07, 2.27036611733e-08, 6.07050552048e-08, 2.19325642092e-07, 2.02240840963e-07, 1.30209730287e-06, 1.04873173257e-07, 3.04411079677e-10, 1.51533787688e-13]}, "erbbands": {"dmean": [0.000961537938565, 0.0204807445407, 0.115711465478, 0.874174356461, 4.68139696121, 5.74787330627, 7.24223804474, 5.28901338577, 6.97731018066, 13.0853834152, 23.5328407288, 15.8194875717, 16.2970962524, 11.2494220734, 10.630906105, 8.25259208679, 3.62658309937, 4.73815393448, 6.43057060242, 1.99146747589, 1.54448008537, 1.6332205534, 1.65339791775, 2.13252234459, 3.17253136635, 0.791063666344, 0.767954170704, 1.15658009052, 1.68526339531, 2.15960884094, 1.52452600002, 2.69198918343, 1.39068257809, 0.526173055172, 0.102154105902, 0.0179603230208, 0.00156554765999, 0.000142212738865, 1.01230580185e-05, 6.90580054652e-06], "dmean2": [0.00150988821406, 0.0340762212873, 0.198054134846, 1.46246254444, 8.01766872406, 9.61097621918, 11.3923139572, 8.93603992462, 11.5082521439, 19.6318244934, 35.2566947937, 21.6298408508, 22.0988864899, 15.4661331177, 14.1303691864, 10.6533899307, 4.98241758347, 6.21687841415, 8.15607833862, 2.7592754364, 2.25436425209, 2.24383378029, 2.26284193993, 2.91085648537, 4.28448438644, 1.10300421715, 1.10834038258, 1.68266117573, 2.43503475189, 3.15832018852, 2.07635402679, 3.79602122307, 1.98807954788, 0.770273506641, 0.146448001266, 0.0263498667628, 0.00232270313427, 0.000201163755264, 1.41387708936e-05, 1.01546247606e-05], "dvar": [0.000109618616989, 0.0304619539529, 0.0898742005229, 4.08698701859, 175.615386963, 165.795227051, 321.288665771, 323.9972229, 606.317687988, 3298.13671875, 10845.5078125, 7968.78857422, 12126.9150391, 6422.59814453, 6260.39355469, 4392.96435547, 343.712280273, 2011.68603516, 13115.0439453, 215.111495972, 62.5805664062, 103.533798218, 49.1112861633, 103.453590393, 243.673156738, 16.4861927032, 50.7059249878, 85.2085800171, 132.271224976, 160.050537109, 67.8151931763, 378.703521729, 79.3967895508, 22.0446681976, 0.733985483646, 0.0264096278697, 0.000203422066988, 1.44894465848e-06, 5.90915050225e-09, 2.57570714757e-10], "dvar2": [0.000159792209161, 0.0463700555265, 0.240656748414, 12.4688663483, 584.581542969, 510.686859131, 744.83581543, 885.348632812, 1598.86071777, 7997.55615234, 25049.6523438, 14034.4882812, 20723.640625, 10807.5048828, 10730.3066406, 6824.98388672, 621.43359375, 4190.93212891, 16538.7050781, 317.397918701, 133.981765747, 221.932510376, 94.1306762695, 213.02281189, 435.003143311, 30.3152713776, 123.067497253, 181.729614258, 282.7918396, 338.173706055, 118.416252136, 658.891418457, 147.39112854, 44.1142501831, 1.52438831329, 0.061277654022, 0.000448952516308, 2.87115881292e-06, 1.11773683642e-08, 5.29724153431e-10], "max": [0.987787246704, 16.384103775, 12.8185911179, 35.0801239014, 301.673736572, 281.949707031, 519.586425781, 401.464660645, 522.30078125, 1466.99157715, 2212.421875, 2712.95288086, 3297.10961914, 4012.4934082, 2765.52124023, 4070.5690918, 612.102783203, 3483.00317383, 9801.91796875, 1101.52331543, 254.666748047, 536.335693359, 284.633880615, 331.959960938, 654.347595215, 155.682647705, 324.588439941, 301.788421631, 398.97164917, 399.702606201, 375.377655029, 1143.12036133, 310.963317871, 158.50352478, 26.0890445709, 4.52347326279, 0.417764812708, 0.0475030243397, 0.00386223034002, 0.00031515705632], "mean": [0.0024547863286, 0.0475871674716, 0.232108727098, 2.02028989792, 10.0330209732, 15.5763339996, 18.2004528046, 10.5723342896, 15.3674430847, 28.4709320068, 57.6748542786, 43.6700973511, 42.0000991821, 25.7546730042, 24.2518081665, 19.9185600281, 8.1991109848, 9.8325920105, 12.647028923, 4.03323078156, 3.05009222031, 3.06659603119, 3.63378572464, 4.54295730591, 6.46555519104, 1.44632875919, 1.03610765934, 1.67635774612, 2.82219600677, 3.68242383003, 2.66923737526, 4.174492836, 2.0960483551, 0.66952341795, 0.134552508593, 0.0220559127629, 0.0020560240373, 0.000192714622244, 1.93898504222e-05, 2.11879560084e-05], "median": [0.000225501571549, 0.00396216148511, 0.0478095524013, 0.656224608421, 4.09129428864, 6.54833221436, 5.99872255325, 4.47230911255, 5.77793979645, 7.41504144669, 9.2813167572, 5.31928491592, 3.92181158066, 2.36030840874, 1.4355494976, 1.19565367699, 0.723807096481, 0.406901836395, 0.28492090106, 0.223759427667, 0.226102799177, 0.153079882264, 0.154463350773, 0.145746171474, 0.0980677306652, 0.0345700122416, 0.0254320986569, 0.0318324901164, 0.0689109861851, 0.139577612281, 0.102510660887, 0.0848370939493, 0.0257755164057, 0.00327198253945, 0.000706611026544, 0.000110509630758, 2.33761566051e-05, 3.72949193661e-06, 6.53526012684e-06, 1.3257737919e-05], "min": [8.36971121072e-22, 9.6826805981e-21, 7.46940215726e-21, 7.99644933184e-20, 7.52415957511e-20, 4.18713300766e-20, 3.35488559074e-19, 4.00060707533e-19, 3.75410596032e-19, 3.44889234091e-19, 1.02167714095e-18, 1.72194167436e-18, 5.42275621352e-18, 4.47659187371e-18, 2.78274662963e-18, 4.8105288229e-18, 2.62610612536e-18, 6.65170630781e-18, 6.69399302149e-18, 5.76599356793e-18, 6.98684473684e-18, 5.5973922388e-18, 1.22229236569e-17, 1.3590154775e-17, 1.02799078309e-17, 2.34842845933e-17, 1.45777811294e-17, 1.41896861839e-17, 2.16887716141e-17, 2.9074078351e-17, 2.07508364806e-17, 1.78823081195e-17, 1.32014104927e-17, 1.27051170145e-17, 1.17809155607e-17, 6.42951773706e-18, 3.16521012945e-18, 1.08426834693e-18, 3.23164240031e-19, 4.04921033404e-20], "var": [0.000975479488261, 0.257883429527, 0.306493371725, 10.3116054535, 289.026550293, 549.850708008, 1204.07873535, 405.18460083, 877.282043457, 5522.98876953, 24006.3183594, 30829.1308594, 39945.3710938, 20850.8984375, 19509.8535156, 15856.4892578, 1045.37609863, 5115.37451172, 32026.1777344, 534.709899902, 145.766845703, 199.771682739, 139.657150269, 264.636779785, 648.156982422, 38.7051773071, 58.9143371582, 137.941818237, 232.993515015, 288.617919922, 149.429962158, 913.75793457, 161.945068359, 33.5606689453, 1.21413731575, 0.0317927412689, 0.000272828940069, 2.30163709602e-06, 9.57862766882e-09, 7.54018680826e-10]}, "gfcc": {"mean": [-178.843139648, 152.742324829, -106.459350586, -8.85553836823, -87.668006897, -5.25191020966, -45.7728881836, -12.4194517136, -17.5905780792, -27.7575912476, -8.76114749908, -13.7366161346, -10.6729640961], "cov": [[28319.7226562, -3347.32763672, -3982.50732422, 3051.50708008, -2634.39501953, 373.121887207, -1469.16394043, -71.5774459839, -172.372192383, -782.297485352, 339.692230225, -536.944335938, -605.323181152], [-3347.32763672, 5989.77246094, 919.961853027, -2737.55688477, 1912.80737305, -963.579101562, 466.282592773, -558.649475098, 415.933227539, -85.0712585449, -134.861480713, -174.305236816, 239.390258789], [-3982.50732422, 919.961853027, 1511.27966309, -477.031097412, 53.5019683838, -12.8871145248, 118.264480591, -45.2182197571, -74.5279541016, 28.8480033875, -114.39276123, 71.0400772095, 83.9652252197], [3051.50708008, -2737.55688477, -477.031097412, 1788.12451172, -1082.28112793, 415.029571533, -315.862182617, 207.175048828, -173.008361816, -109.391166687, 96.0314178467, 2.68754982948, -213.563064575], [-2634.39501953, 1912.80737305, 53.5019683838, -1082.28112793, 1353.39855957, -353.786621094, 267.760650635, -82.3055114746, 221.601516724, 152.901702881, -94.1957092285, -51.1115722656, 127.505409241], [373.121887207, -963.579101562, -12.8871145248, 415.029571533, -353.786621094, 421.342773438, 6.74575853348, 130.739974976, -53.568069458, -10.7154989243, 41.2063369751, 70.0404891968, -16.1337051392], [-1469.16394043, 466.282592773, 118.264480591, -315.862182617, 267.760650635, 6.74575853348, 362.226226807, 59.2833557129, 27.9729156494, 43.7804832458, 2.39917039871, 87.1343154907, 80.0300292969], [-71.5774459839, -558.649475098, -45.2182197571, 207.175048828, -82.3055114746, 130.739974976, 59.2833557129, 264.732055664, -15.4407644272, 24.2556533813, -4.67753267288, 51.4433097839, 35.4398460388], [-172.372192383, 415.933227539, -74.5279541016, -173.008361816, 221.601516724, -53.568069458, 27.9729156494, -15.4407644272, 238.066970825, 20.535326004, -38.8985061646, -62.1703872681, 29.4973239899], [-782.297485352, -85.0712585449, 28.8480033875, -109.391166687, 152.901702881, -10.7154989243, 43.7804832458, 24.2556533813, 20.535326004, 258.528747559, -7.29455423355, 20.707616806, 36.166229248], [339.692230225, -134.861480713, -114.39276123, 96.0314178467, -94.1957092285, 41.2063369751, 2.39917039871, -4.67753267288, -38.8985061646, -7.29455423355, 141.461807251, 35.4848594666, -40.4275054932], [-536.944335938, -174.305236816, 71.0400772095, 2.68754982948, -51.1115722656, 70.0404891968, 87.1343154907, 51.4433097839, -62.1703872681, 20.707616806, 35.4848594666, 174.421066284, 67.8010787964], [-605.323181152, 239.390258789, 83.9652252197, -213.563064575, 127.505409241, -16.1337051392, 80.0300292969, 35.4398460388, 29.4973239899, 36.166229248, -40.4275054932, 67.8010787964, 147.553161621]], "icov": [[0.00013705319725, -0.000286720838631, 0.000450937397545, -0.000202968847589, 0.000337339151883, -0.000234596140217, 0.000357405282557, -0.000180253919098, 0.000232210455579, -8.82629756234e-05, 0.00023042524117, 6.13017546129e-05, 1.95132179215e-05], [-0.000286720838631, 0.001925064018, -0.00145369523671, 0.00155113835353, -0.00123748451006, 0.00152827159036, -0.00129494664725, 0.00135244708508, -0.00129148154519, 0.00154087611008, -0.00150332413614, 0.00073022156721, -0.000480137270642], [0.000450937397545, -0.00145369523671, 0.00256235548295, -0.000699562951922, 0.00157130591106, -0.00133779924363, 0.00124772777781, -0.00086366495816, 0.00143065711018, -0.000895825971384, 0.00206034793518, -0.000454377557617, 0.000471238134196], [-0.000202968847589, 0.00155113835353, -0.000699562951922, 0.00301356241107, -3.85003695555e-05, 0.000684200786054, -0.000358425051672, 7.88908873801e-05, -0.000990588916466, 0.00121415604372, -0.000741837429814, 0.000178233764018, 0.0013093939051], [0.000337339151883, -0.00123748451006, 0.00157130591106, -3.85003695555e-05, 0.00299318530597, -0.000317234225804, 0.000409052736359, -0.00114032195415, 0.000179583526915, -0.00137742201332, 0.00149526400492, -5.78242998017e-06, 0.000586603942793], [-0.000234596140217, 0.00152827159036, -0.00133779924363, 0.000684200786054, -0.000317234225804, 0.00514452997595, -0.0016328903148, -6.42146505925e-06, -0.00149833166506, 0.00103757542092, -0.00157355004922, -0.000245814910159, -0.000239442859311], [0.000357405282557, -0.00129494664725, 0.00124772777781, -0.000358425051672, 0.000409052736359, -0.0016328903148, 0.00566289760172, -0.00201208237559, 0.000660083896946, -0.000633908726741, 0.0005128410412, -0.00208193901926, 0.000338740443112], [-0.000180253919098, 0.00135244708508, -0.00086366495816, 7.88908873801e-05, -0.00114032195415, -6.42146505925e-06, -0.00201208237559, 0.00655475212261, -0.000718405586667, 0.000743956596125, -0.000454420049209, 0.000497941160575, -0.00221841642633], [0.000232210455579, -0.00129148154519, 0.00143065711018, -0.000990588916466, 0.000179583526915, -0.00149833166506, 0.000660083896946, -0.000718405586667, 0.00679703149945, -0.000988059211522, 0.00141103682108, 0.00220975163393, -0.00144981464837], [-8.82629756234e-05, 0.00154087611008, -0.000895825971384, 0.00121415604372, -0.00137742201332, 0.00103757542092, -0.000633908726741, 0.000743956596125, -0.000988059211522, 0.00574881630018, -0.00143775949255, 0.000527694937773, -0.000974006485194], [0.00023042524117, -0.00150332413614, 0.00206034793518, -0.000741837429814, 0.00149526400492, -0.00157355004922, 0.0005128410412, -0.000454420049209, 0.00141103682108, -0.00143775949255, 0.011315674521, -0.0040679872036, 0.00454488163814], [6.13017546129e-05, 0.00073022156721, -0.000454377557617, 0.000178233764018, -5.78242998017e-06, -0.000245814910159, -0.00208193901926, 0.000497941160575, 0.00220975163393, 0.000527694937773, -0.0040679872036, 0.0119434250519, -0.00660266820341], [1.95132179215e-05, -0.000480137270642, 0.000471238134196, 0.0013093939051, 0.000586603942793, -0.000239442859311, 0.000338740443112, -0.00221841642633, -0.00144981464837, -0.000974006485194, 0.00454488163814, -0.00660266820341, 0.013887017034]]}, "melbands": {"dmean": [1.46564698298e-05, 4.85230739287e-05, 0.000244559720159, 0.000408498250181, 0.000243590169703, 0.000121883829706, 0.000110601649794, 0.000156687790877, 0.000184222866665, 9.74877839326e-05, 8.10139099485e-05, 4.55461195088e-05, 4.06768267567e-05, 2.98819595628e-05, 1.03645215859e-05, 7.57124189477e-06, 8.94329241419e-06, 1.04804475995e-05, 4.39527684648e-06, 1.7504794414e-06, 1.99768942366e-06, 1.71311205577e-06, 1.8373527837e-06, 1.38875748235e-06, 1.77102288035e-06, 2.97484348266e-06, 1.42295891692e-06, 3.97379068318e-07, 4.52763089243e-07, 5.58308101972e-07, 7.41298890716e-07, 9.28738302264e-07, 1.21355071769e-06, 1.26927443489e-06, 8.52123832829e-07, 1.17091258289e-06, 1.93440291696e-06, 1.10185851554e-06, 7.25264158064e-07, 3.58074288442e-07], "dmean2": [2.36695959757e-05, 8.28316260595e-05, 0.000407791230828, 0.000703431782313, 0.000380988989491, 0.000204028736334, 0.000179198148544, 0.00023523173877, 0.000274648686172, 0.000132511515403, 0.000110021450382, 6.33231757092e-05, 5.51344601263e-05, 3.89669330616e-05, 1.41697446452e-05, 1.06210000013e-05, 1.19512724268e-05, 1.33107050715e-05, 5.89202772971e-06, 2.58182308244e-06, 2.96655184684e-06, 2.39920154854e-06, 2.5815211302e-06, 1.88300657555e-06, 2.4896658033e-06, 3.95515462515e-06, 2.04097887035e-06, 5.66987409911e-07, 6.51875495805e-07, 8.39924155116e-07, 1.08335541427e-06, 1.37365657338e-06, 1.75567470251e-06, 1.8778730464e-06, 1.18233072044e-06, 1.70966006863e-06, 2.75444222098e-06, 1.61119464792e-06, 1.08037079372e-06, 5.31332545961e-07], "dvar": [2.28658372237e-08, 3.01114617685e-08, 3.23027762761e-07, 1.22144297166e-06, 3.04637524096e-07, 1.58004127115e-07, 1.39574623859e-07, 4.16182160734e-07, 6.94254708833e-07, 3.19352693623e-07, 3.02465963387e-07, 1.18070232702e-07, 1.34663594054e-07, 5.84684833882e-08, 4.80011008719e-09, 1.57860458039e-09, 9.63764801298e-09, 2.88941581772e-08, 5.085001753e-09, 6.92337645547e-11, 1.3064739568e-10, 1.29791080661e-10, 7.04066527302e-11, 3.50387878434e-11, 8.3034017162e-11, 1.88515980604e-10, 7.75728162261e-11, 5.19636113652e-12, 1.68498964781e-11, 2.82765651172e-11, 3.24253089656e-11, 4.06046307688e-11, 6.72640901311e-11, 4.93097923604e-11, 2.00898013503e-11, 5.36762891079e-11, 2.15182524577e-10, 4.63954395735e-11, 3.23946147684e-11, 1.24276847493e-11], "dvar2": [3.35891101599e-08, 6.1433262033e-08, 9.6928408766e-07, 4.25956977779e-06, 7.10698202511e-07, 4.30015973052e-07, 3.62156953315e-07, 1.00060105979e-06, 1.61233617746e-06, 5.77076718855e-07, 5.15724252637e-07, 1.96559284404e-07, 2.45008124011e-07, 8.977460908e-08, 7.7398034648e-09, 3.23392113089e-09, 2.01885761442e-08, 3.58135778811e-08, 6.79258116421e-09, 1.52172413559e-10, 2.85488882534e-10, 2.82506379401e-10, 1.33144245629e-10, 6.79591452557e-11, 1.81806181221e-10, 3.33543442865e-10, 1.76207215485e-10, 1.05821514745e-11, 4.05398943581e-11, 6.70128535996e-11, 6.8188683866e-11, 8.98484828205e-11, 1.46569256732e-10, 1.06491766794e-10, 3.65212547704e-11, 1.05306409426e-10, 3.76599806895e-10, 9.17062190076e-11, 6.55209012046e-11, 2.63856714255e-11], "max": [0.0143964942545, 0.0131430905312, 0.00975761283189, 0.0277782566845, 0.0175039190799, 0.00889107398689, 0.00758488522843, 0.0148199656978, 0.018370365724, 0.0144529798999, 0.0164170376956, 0.0178997069597, 0.0134798986837, 0.0109095303342, 0.00452212197706, 0.00196450087242, 0.00800237990916, 0.0145588768646, 0.00595702603459, 0.000243832706474, 0.000448864389909, 0.000548666634131, 0.000335174263455, 0.000206859127502, 0.000303821783746, 0.000540424895007, 0.000432960892795, 7.93549334048e-05, 0.000197000379558, 0.00022937337053, 0.000158076189109, 0.000225932468311, 0.000282664492261, 0.000232194404816, 0.000212574610487, 0.000284262438072, 0.000908354006242, 0.000285862683086, 0.000168691345607, 0.000136685121106], "mean": [3.59395526175e-05, 9.75851653493e-05, 0.000557583232876, 0.000979168107733, 0.000645992171485, 0.000244093404035, 0.000246996845817, 0.000350733113009, 0.000453774118796, 0.000264245609287, 0.000205049669603, 0.000101593403087, 8.54716126923e-05, 7.4626179412e-05, 2.20585916395e-05, 1.58253242262e-05, 1.79026465048e-05, 2.04237567232e-05, 8.39177573653e-06, 3.56487339559e-06, 3.64889933735e-06, 2.9362818168e-06, 3.60062244908e-06, 2.92948448077e-06, 3.4918041365e-06, 5.88936882195e-06, 2.5450983685e-06, 5.97701443894e-07, 5.7687395838e-07, 7.38858716431e-07, 1.05196920686e-06, 1.48376750531e-06, 1.93961659534e-06, 2.1278742679e-06, 1.44478349284e-06, 1.81833650004e-06, 2.89612739834e-06, 1.61526827469e-06, 9.14980489597e-07, 4.28567716426e-07], "median": [2.07038169719e-06, 1.1149337297e-05, 0.000207208970096, 0.000488755642436, 0.000258631655015, 0.000101618490589, 9.3861228379e-05, 8.56753904372e-05, 6.32957016933e-05, 2.33002447203e-05, 1.58979019034e-05, 7.11769189365e-06, 3.29911904373e-06, 3.32888112098e-06, 1.44375871969e-06, 9.74142267296e-07, 5.16720717769e-07, 3.30999398557e-07, 2.5159948791e-07, 2.08690991599e-07, 2.1858456023e-07, 1.01736084446e-07, 1.08532205445e-07, 9.76707354994e-08, 1.00579235607e-07, 8.40828917603e-08, 3.25576188231e-08, 1.30695569922e-08, 1.19529204312e-08, 1.11193179109e-08, 1.69857585774e-08, 3.31051488445e-08, 5.00629937505e-08, 8.2218498676e-08, 5.18096783253e-08, 5.28261985266e-08, 4.66040610547e-08, 1.92825915235e-08, 3.71659325538e-09, 1.41139988585e-09], "min": [1.2112089875e-23, 6.94257313365e-24, 1.39433594689e-23, 3.31992230291e-24, 9.50422379623e-24, 9.25108227605e-24, 5.99496738189e-24, 4.3597731102e-24, 7.87100088794e-24, 1.15623910858e-23, 2.82627215997e-23, 1.99244507875e-23, 7.1972529326e-24, 1.41600926918e-23, 8.84833880722e-24, 4.25713165681e-24, 1.43683409267e-23, 1.12113266837e-23, 8.84186225919e-24, 7.6529384345e-24, 8.57138552062e-24, 5.50282703984e-24, 7.55128108508e-24, 1.40216476029e-23, 1.07685974333e-23, 7.5271861176e-24, 6.87559332077e-24, 1.87724219873e-23, 1.0622180905e-23, 5.11434617617e-24, 9.12761607806e-24, 1.16055843758e-23, 1.29346162082e-23, 1.80671314287e-23, 1.22254712751e-23, 9.75182041311e-24, 1.11377456828e-23, 9.24145659529e-24, 1.07696868503e-23, 9.70488082267e-24], "var": [2.02931346394e-07, 1.77186151973e-07, 7.24166511645e-07, 2.46402782977e-06, 1.20421941574e-06, 2.06606443953e-07, 2.13670105609e-07, 7.13866540991e-07, 1.54320753154e-06, 1.18905529689e-06, 1.00186525742e-06, 3.88242938243e-07, 3.75996847879e-07, 2.33996246379e-07, 1.56694497377e-08, 4.0470657936e-09, 2.42048674437e-08, 7.26930480255e-08, 1.16260325811e-08, 1.87116711015e-10, 2.67615790639e-10, 2.34158747947e-10, 1.75640960109e-10, 1.02928401913e-10, 1.82018192185e-10, 5.04302100079e-10, 1.46350959129e-10, 9.5065873576e-12, 1.90748354612e-11, 3.48106196646e-11, 5.40360881041e-11, 7.05306368864e-11, 1.10631143135e-10, 8.58036003359e-11, 4.10083911273e-11, 1.08676817545e-10, 5.15200604401e-10, 8.93603455121e-11, 4.97653689091e-11, 1.71951810429e-11]}, "mfcc": {"mean": [-797.434753418, 157.227996826, 33.2058334351, -8.78736591339, -17.2591762543, -13.6025733948, -22.9892101288, 1.50357043743, -20.6991500854, -5.73186302185, -9.37112045288, -10.2586154938, -10.38331604], "cov": [[15405.3300781, -1964.08642578, -1124.35424805, 435.805664062, -334.3671875, -311.176361084, -636.768676758, 624.33392334, -1175.9296875, 225.767532349, 133.985595703, -233.028259277, -256.265838623], [-1964.08642578, 4971.08447266, 116.801277161, -818.177124023, 237.420440674, 105.430656433, -93.8546142578, -398.063171387, 331.411254883, -131.620162964, -42.0734291077, 137.83644104, 91.3335418701], [-1124.35424805, 116.801277161, 870.16796875, 55.4314193726, -124.9948349, 34.346862793, -10.4179162979, -75.2292938232, -9.01184082031, -112.892845154, -110.951538086, 4.42066144943, -37.3452453613], [435.805664062, -818.177124023, 55.4314193726, 462.20993042, 8.68734741211, -45.3001556396, -17.4615287781, 95.5708999634, -84.2915344238, 17.3712711334, 10.3925590515, -33.5209007263, -21.9084129333], [-334.3671875, 237.420440674, -124.9948349, 8.68734741211, 330.511047363, 11.7044267654, 1.82675719261, -58.2370986938, 110.893966675, 65.6993255615, 28.7496185303, 19.1222877502, 45.6147918701], [-311.176361084, 105.430656433, 34.346862793, -45.3001556396, 11.7044267654, 169.599502563, 33.6909294128, -21.0106258392, 45.3305358887, -6.86077356339, 7.96712970734, 32.840965271, 17.3723201752], [-636.768676758, -93.8546142578, -10.4179162979, -17.4615287781, 1.82675719261, 33.6909294128, 255.431869507, 47.2637519836, 94.8377532959, -7.0222363472, 13.552614212, 17.2431583405, 55.9503135681], [624.33392334, -398.063171387, -75.2292938232, 95.5708999634, -58.2370986938, -21.0106258392, 47.2637519836, 319.996917725, -49.0267486572, 38.8399200439, -16.3088932037, -54.819644928, -8.74632930756], [-1175.9296875, 331.411254883, -9.01184082031, -84.2915344238, 110.893966675, 45.3305358887, 94.8377532959, -49.0267486572, 393.385131836, 50.0688896179, -9.13306236267, 46.0488510132, 49.0340003967], [225.767532349, -131.620162964, -112.892845154, 17.3712711334, 65.6993255615, -6.86077356339, -7.0222363472, 38.8399200439, 50.0688896179, 175.275054932, 64.6446456909, -20.5404777527, -19.5896854401], [133.985595703, -42.0734291077, -110.951538086, 10.3925590515, 28.7496185303, 7.96712970734, 13.552614212, -16.3088932037, -9.13306236267, 64.6446456909, 130.247528076, 29.6293106079, -3.51275753975], [-233.028259277, 137.83644104, 4.42066144943, -33.5209007263, 19.1222877502, 32.840965271, 17.2431583405, -54.819644928, 46.0488510132, -20.5404777527, 29.6293106079, 125.844108582, 55.1495361328], [-256.265838623, 91.3335418701, -37.3452453613, -21.9084129333, 45.6147918701, 17.3723201752, 55.9503135681, -8.74632930756, 49.0340003967, -19.5896854401, -3.51275753975, 55.1495361328, 132.341064453]], "icov": [[0.00011455371714, 6.73781823934e-06, 0.000141466647619, -2.45824667218e-05, 6.92614848958e-05, 3.80259152735e-05, 0.000203899748158, -0.000140347328852, 0.00026453184546, -0.000130970351165, 4.93681327498e-05, -6.31476941635e-05, 3.89062588511e-05], [6.73781823934e-06, 0.000341331033269, -8.45874892548e-05, 0.000569205032662, -0.000264336616965, 1.55209108925e-05, 0.00025916605955, 6.06398352829e-05, -0.00016743109154, 0.000330714625306, -0.000153261600644, -1.70051805526e-06, -6.10170282016e-05], [0.000141466647619, -8.45874892548e-05, 0.00173373392317, -0.000586103298701, 0.000656990741845, -0.000327538582496, 2.29965262406e-05, 0.000352031987859, 0.000300663290545, 9.15761938813e-06, 0.0014073329512, -0.000462020252598, 0.000674464099575], [-2.45824667218e-05, 0.000569205032662, -0.000586103298701, 0.00352769345045, -0.00097507413011, 0.000556176586542, 0.000461755960714, -0.000715265865438, 8.16753963591e-05, 0.000617573969066, -0.000880884297658, 0.0002223761403, -5.6141638197e-05], [6.92614848958e-05, -0.000264336616965, 0.000656990741845, -0.00097507413011, 0.00439293496311, -0.000204894371564, 0.000316459976602, 0.000862575659994, -0.000603088526987, -0.00163371535018, 0.000249334116234, 0.000354761432391, -0.00138309970498], [3.80259152735e-05, 1.55209108925e-05, -0.000327538582496, 0.000556176586542, -0.000204894371564, 0.00661313068122, -0.00053139438387, -0.00012447797053, -0.000277285464108, 0.000159929462825, -0.000481734983623, -0.00127798807807, 0.000127711406094], [0.000203899748158, 0.00025916605955, 2.29965262406e-05, 0.000461755960714, 0.000316459976602, -0.00053139438387, 0.00583747494966, -0.00136917468626, -0.00115300586913, 0.00119675125461, -0.00189712597057, 0.000903819280211, -0.00212148251012], [-0.000140347328852, 6.06398352829e-05, 0.000352031987859, -0.000715265865438, 0.000862575659994, -0.00012447797053, -0.00136917468626, 0.00457261689007, 0.000195144515601, -0.0014041379327, 0.00150612194557, 0.0010822393233, -0.000423771416536], [0.00026453184546, -0.00016743109154, 0.000300663290545, 8.16753963591e-05, -0.000603088526987, -0.000277285464108, -0.00115300586913, 0.000195144515601, 0.00450733862817, -0.00235528335907, 0.0020420611836, -0.00147641438525, 0.000121577366372], [-0.000130970351165, 0.000330714625306, 9.15761938813e-06, 0.000617573969066, -0.00163371535018, 0.000159929462825, 0.00119675125461, -0.0014041379327, -0.00235528335907, 0.0101078078151, -0.00546862976626, 0.00245303707197, 0.000767796358559], [4.93681327498e-05, -0.000153261600644, 0.0014073329512, -0.000880884297658, 0.000249334116234, -0.000481734983623, -0.00189712597057, 0.00150612194557, 0.0020420611836, -0.00546862976626, 0.0131816109642, -0.00466718617827, 0.00206027389504], [-6.31476941635e-05, -1.70051805526e-06, -0.000462020252598, 0.0002223761403, 0.000354761432391, -0.00127798807807, 0.000903819280211, 0.0010822393233, -0.00147641438525, 0.00245303707197, -0.00466718617827, 0.0127714993432, -0.0050156917423], [3.89062588511e-05, -6.10170282016e-05, 0.000674464099575, -5.6141638197e-05, -0.00138309970498, 0.000127711406094, -0.00212148251012, -0.000423771416536, 0.000121577366372, 0.000767796358559, 0.00206027389504, -0.0050156917423, 0.011397017166]]}, "spectral_contrast_coeffs": {"dmean": [0.0435550697148, 0.0368328019977, 0.0296500232071, 0.0260278768837, 0.0225960407406, 0.0210871938616], "dmean2": [0.0722452327609, 0.0593763329089, 0.0459279455245, 0.0394064560533, 0.0337905324996, 0.0334924720228], "dvar": [0.0013856543228, 0.00124712416437, 0.000929030298721, 0.00063510943437, 0.000531115045305, 0.000506383308675], "dvar2": [0.00339559605345, 0.00299963587895, 0.00196234253235, 0.00128469220363, 0.00103512115311, 0.00130792101845], "max": [-0.21940907836, -0.386603027582, -0.353043735027, -0.46419274807, -0.474229156971, -0.613262355328], "mean": [-0.491610378027, -0.677952647209, -0.703341722488, -0.747940540314, -0.755743443966, -0.806059360504], "median": [-0.459098607302, -0.674486279488, -0.715907216072, -0.754186272621, -0.758086800575, -0.801890730858], "min": [-0.956664502621, -0.971601784229, -0.963617622852, -0.963607490063, -0.96507704258, -0.958396613598], "var": [0.0178111791611, 0.00880268216133, 0.00867090653628, 0.00649277260527, 0.00635600462556, 0.00473385257646]}, "spectral_contrast_valleys": {"dmean": [0.466976076365, 0.344058483839, 0.315650045872, 0.301465511322, 0.287291973829, 0.369879215956], "dmean2": [0.766217827797, 0.552102684975, 0.504668354988, 0.467428982258, 0.410621225834, 0.560396850109], "dvar": [0.183773770928, 0.16063888371, 0.15804028511, 0.138417974114, 0.132413834333, 