{"lowlevel": {"average_loudness": 0.385991513729, "barkbands_crest": {"dmean": 2.69546842575, "dmean2": 4.30759906769, "dvar": 7.29317998886, "dvar2": 18.4488162994, "max": 25.215429306, "mean": 11.4362192154, "median": 10.5633592606, "min": 2.71713232994, "var": 20.9119148254}, "barkbands_flatness_db": {"dmean": 0.0249851960689, "dmean2": 0.0374332591891, "dvar": 0.000675164686982, "dvar2": 0.00146265898366, "max": 0.369088500738, "mean": 0.169171750546, "median": 0.16431312263, "min": 0.0392518639565, "var": 0.00350034376606}, "barkbands_kurtosis": {"dmean": 5.891102314, "dmean2": 9.05779361725, "dvar": 70.428817749, "dvar2": 153.565856934, "max": 84.8524246216, "mean": 8.0916891098, "median": 3.61297011375, "min": -1.97343564034, "var": 146.0650177}, "barkbands_skewness": {"dmean": 1.1682331562, "dmean2": 1.68776893616, "dvar": 2.15806508064, "dvar2": 3.72125411034, "max": 7.47910737991, "mean": 1.55100142956, "median": 1.52778220177, "min": -7.61972665787, "var": 4.01771783829}, "barkbands_spread": {"dmean": 13.6600284576, "dmean2": 22.7758140564, "dvar": 322.15637207, "dvar2": 832.889892578, "max": 97.8013305664, "mean": 26.5668849945, "median": 18.1002540588, "min": 1.11898219585, "var": 503.84286499}, "dissonance": {"dmean": 0.0251829978079, "dmean2": 0.0400707982481, "dvar": 0.000583388202358, "dvar2": 0.00131966150366, "max": 0.5, "mean": 0.444388478994, "median": 0.454202532768, "min": 0.252967566252, "var": 0.00166839314625}, "dynamic_complexity": 6.09303617477, "erbbands_crest": {"dmean": 3.4104309082, "dmean2": 5.52317762375, "dvar": 12.0855302811, "dvar2": 30.0446815491, "max": 30.2862281799, "mean": 12.5138120651, "median": 11.5820083618, "min": 3.21891593933, "var": 29.1276073456}, "erbbands_flatness_db": {"dmean": 0.024711208418, "dmean2": 0.037894487381, "dvar": 0.00074765906902, "dvar2": 0.00170305604115, "max": 0.403444290161, "mean": 0.182740807533, "median": 0.173232525587, "min": 0.0713192895055, "var": 0.00294654304162}, "erbbands_kurtosis": {"dmean": 3.10744166374, "dmean2": 4.9814581871, "dvar": 19.3878326416, "dvar2": 49.6845588684, "max": 40.0709152222, "mean": 3.09320044518, "median": 1.0938668251, "min": -1.91437101364, "var": 28.7277584076}, "erbbands_skewness": {"dmean": 0.888584733009, "dmean2": 1.33883678913, "dvar": 1.28131389618, "dvar2": 2.32664728165, "max": 5.26896381378, "mean": 0.689407289028, "median": 0.848842859268, "min": -5.83400821686, "var": 2.44206476212}, "erbbands_spread": {"dmean": 21.230474472, "dmean2": 34.8914489746, "dvar": 730.855285645, "dvar2": 1859.29516602, "max": 166.524124146, "mean": 48.8149604797, "median": 38.8865203857, "min": 2.29648065567, "var": 1158.16015625}, "hfc": {"dmean": 25.5832500458, "dmean2": 44.5199394226, "dvar": 2044.30993652, "dvar2": 5241.37646484, "max": 326.305328369, "mean": 29.2748908997, "median": 12.6859951019, "min": 1.17948318819e-16, "var": 1873.80932617}, "melbands_crest": {"dmean": 3.04441905022, "dmean2": 4.66002607346, "dvar": 8.84225082397, "dvar2": 22.3294048309, "max": 32.7737579346, "mean": 14.605348587, "median": 13.971704483, "min": 2.1125664711, "var": 29.1500587463}, "melbands_flatness_db": {"dmean": 0.0374570265412, "dmean2": 0.0533462166786, "dvar": 0.0017633800162, "dvar2": 0.00313667231239, "max": 0.465482145548, "mean": 0.205205470324, "median": 0.193599611521, "min": 0.00619301944971, "var": 0.00644422182813}, "melbands_kurtosis": {"dmean": 13.2176847458, "dmean2": 20.5332107544, "dvar": 526.144775391, "dvar2": 961.819458008, "max": 226.057373047, "mean": 23.1560001373, "median": 10.9249067307, "min": -1.93823730946, "var": 1169.38903809}, "melbands_skewness": {"dmean": 1.25792145729, "dmean2": 1.93018758297, "dvar": 2.68488287926, "dvar2": 5.04448413849, "max": 12.0935916901, "mean": 3.00931167603, "median": 2.5761013031, "min": -4.33936309814, "var": 5.21698236465}, "melbands_spread": {"dmean": 30.0483646393, "dmean2": 48.8010025024, "dvar": 2593.34936523, "dvar2": 5300.90185547, "max": 287.801361084, "mean": 41.4836807251, "median": 17.1651077271, "min": 1.35101783276, "var": 3150.30029297}, "pitch_salience": {"dmean": 0.0735240504146, "dmean2": 0.116063334048, "dvar": 0.00602069869637, "dvar2": 0.0145025774837, "max": 0.946964025497, "mean": 0.5504103899, "median": 0.536680102348, "min": 0.192426800728, "var": 0.0158231556416}, "silence_rate_20dB": {"dmean": 0, "dmean2": 0, "dvar": 0, "dvar2": 0, "max": 1, "mean": 1, "median": 1, "min": 1, "var": 0}, "silence_rate_30dB": {"dmean": 0.00856408756226, "dmean2": 0.0171330664307, "dvar": 0.00849062949419, "dvar2": 0.020265782252, "max": 1, "mean": 0.985159814358, "median": 1, "min": 0, "var": 0.0146200256422}, "silence_rate_60dB": {"dmean": 0.100485295057, "dmean2": 0.200742438436, "dvar": 0.0903900340199, "dvar2": 0.179282948375, "max": 1, "mean": 0.294520556927, "median": 0, "min": 0, "var": 0.207771420479}, "spectral_centroid": {"dmean": 652.131958008, "dmean2": 1052.91589355, "dvar": 1011475.25, "dvar2": 1880282.375, "max": 6457.05712891, "mean": 1455.71643066, "median": 996.92578125, "min": 264.051879883, "var": 1497268.125}, "spectral_complexity": {"dmean": 2.76334571838, "dmean2": 4.82838392258, "dvar": 15.4944982529, "dvar2": 40.7128829956, "max": 51, "mean": 10.6763696671, "median": 7, "min": 0, "var": 97.7160263062}, "spectral_decrease": {"dmean": 1.37041522574e-09, "dmean2": 2.31430052899e-09, "dvar": 2.4694818752e-17, "dvar2": 7.63656119359e-17, "max": -2.43093751429e-29, "mean": -3.6306073703e-09, "median": -1.84812365411e-09, "min": -8.18157488425e-08, "var": 3.75298031226e-17}, "spectral_energy": {"dmean": 0.00731044542044, "dmean2": 0.0124628078192, "dvar": 0.00039963904419, "dvar2": 0.00122179358732, "max": 0.325648903847, "mean": 0.0163580495864, "median": 0.00989534519613, "min": 1.07900096742e-20, "var": 0.00061401410494}, "spectral_energyband_high": {"dmean": 0.00272509036586, "dmean2": 0.00473002763465, "dvar": 2.37248859776e-05, "dvar2": 6.00772436883e-05, "max": 0.0430499352515, "mean": 0.00261133396998, "median": 0.000518643064424, "min": 8.00631992299e-21, "var": 2.15283744183e-05}, "spectral_energyband_low": {"dmean": 0.000749052211177, "dmean2": 0.00134646403603, "dvar": 1.62371452461e-05, "dvar2": 5.01912254549e-05, "max": 0.0682910978794, "mean": 0.00104105239734, "median": 0.000129971769638, "min": 1.3154017043e-22, "var": 1.71447827597e-05}, "spectral_energyband_middle_high": {"dmean": 0.00115674803965, "dmean2": 0.00197606766596, "dvar": 1.05523267848e-05, "dvar2": 3.19451391988e-05, "max": 0.0599490329623, "mean": 0.00250451639295, "median": 0.000921549275517, "min": 1.46316133457e-21, "var": 1.7851965822e-05}, "spectral_energyband_middle_low": {"dmean": 0.00388001999818, "dmean2": 0.0064107850194, "dvar": 0.000225103387493, "dvar2": 0.000689367821906, "max": 0.264131009579, "mean": 0.0107274260372, "median": 0.00485312193632, "min": 3.26252700804e-22, "var": 0.000346614862792}, "spectral_entropy": {"dmean": 0.305855572224, "dmean2": 0.437409520149, "dvar": 0.118288584054, "dvar2": 0.19559726119, "max": 9.00877761841, "mean": 7.44555091858, "median": 7.53780698776, "min": 5.52562189102, "var": 0.38786816597}, "spectral_flux": {"dmean": 0.0249459315091, "dmean2": 0.0402147099376, "dvar": 0.00118664244656, "dvar2": 0.00221014535055, "max": 0.475698083639, "mean": 0.0596873573959, "median": 0.0454416908324, "min": 3.24181542055e-06, "var": 0.00305424327962}, "spectral_kurtosis": {"dmean": 1.92995977402, "dmean2": 3.07537722588, "dvar": 12.4916191101, "dvar2": 34.5329322815, "max": 67.4189758301, "mean": 3.88970565796, "median": 1.87024617195, "min": -1.15452730656, "var": 41.1426925659}, "spectral_rms": {"dmean": 0.000764486554544, "dmean2": 0.00124680611771, "dvar": 1.40185625241e-06, "dvar2": 3.79916764359e-06, "max": 0.0178243163973, "mean": 0.00323845725507, "median": 0.00310708768666, "min": 3.24450904511e-12, "var": 5.47149056729e-06}, "spectral_rolloff": {"dmean": 1765.06469727, "dmean2": 3075.8034668, "dvar": 8003448, "dvar2": 13931215, "max": 19336.8164062, "mean": 3362.51074219, "median": 990.52734375, "min": 236.865234375, "var": 13018722}, "spectral_skewness": {"dmean": 0.355739831924, "dmean2": 0.551372885704, "dvar": 0.19365157187, "dvar2": 0.393392145634, "max": 6.14007806778, "mean": 1.4405875206, "median": 1.30369710922, "min": 0.0136398077011, "var": 0.67937117815}, "spectral_spread": {"dmean": 1194177.5, "dmean2": 1891635, "dvar": 2373509185540.0, "dvar2": 4815616737280.0, "max": 49995772, "mean": 6565110.5, "median": 6700605, "min": 1122933.75, "var": 7202669592580.0}, "spectral_strongpeak": {"dmean": 1.13009655476, "dmean2": 1.99602639675, "dvar": 8.87310028076, "dvar2": 22.886932373, "max": 28.1494789124, "mean": 1.45655369759, "median": 0.737959742546, "min": 0, "var": 6.87463378906}, "zerocrossingrate": {"dmean": 0.0347318090498, "dmean2": 0.041890822351, "dvar": 0.00169738044497, "dvar2": 0.00239451904781, "max": 0.4912109375, "mean": 0.10847633332, "median": 0.08447265625, "min": 0.0126953125, "var": 0.00628139590845}, "barkbands": {"dmean": [1.29391282826e-05, 0.000296846788842, 0.00036715430906, 0.000463285279693, 0.00139536557253, 0.00136091222521, 0.000966768420767, 0.000496770662721, 0.000419467076426, 0.000570512842387, 0.000168592567206, 0.000232346021221, 7.19653107808e-05, 8.87033238541e-05, 9.33853152674e-05, 0.00010672051576, 7.86426317063e-05, 0.000128063416923, 0.000181030132808, 0.000233790211496, 0.000269217736786, 0.000254428567132, 0.000277621118585, 0.00172548124101, 0.000192929248442, 9.68343447312e-05, 7.18743685866e-05], "dmean2": [2.23154274863e-05, 0.000538121617865, 0.000664374907501, 0.000838430074509, 0.00240107672289, 0.00230129226111, 0.00150490051601, 0.000778335030191, 0.000656574149616, 0.000865832786076, 0.000282791443169, 0.000399534823373, 0.000129775900859, 0.000153553337441, 0.000166142213857, 0.000178991438588, 0.000140092583024, 0.000240280234721, 0.000332030613208, 0.000402928853873, 0.00049298274098, 0.000457698130049, 0.000460989831481, 0.00290829571895, 0.000349836715031, 0.00017797073815, 0.000137230032124], "dvar": [6.76591449533e-09, 2.68584835794e-06, 3.33572438649e-06, 6.95602147971e-06, 3.41155100614e-05, 2.50564826274e-05, 9.39008623391e-06, 4.1003863771e-06, 2.31606827583e-06, 2.09879090107e-06, 2.51974256571e-07, 5.6693784245e-07, 1.41063111414e-07, 1.04408478308e-07, 1.21680656662e-07, 3.05731902017e-07, 6.06605183862e-08, 1.70296900137e-07, 2.72796484069e-07, 4.58552136706e-07, 3.02421881315e-07, 2.70980677897e-07, 8.34707691411e-07, 1.29698237288e-05, 1.87283717423e-07, 5.10101827444e-08, 6.80173855017e-08], "dvar2": [1.8817342351e-08, 8.04298178991e-06, 1.04048067442e-05, 2.07893172046e-05, 0.00010229327745, 7.43656564737e-05, 2.77282306342e-05, 1.28626943479e-05, 6.20308082944e-06, 4.97023393109e-06, 7.33381341433e-07, 1.67907080595e-06, 4.28771585348e-07, 3.15430213504e-07, 3.64184359114e-07, 7.91452634985e-07, 1.79860364824e-07, 5.03142814523e-07, 7.65084109844e-07, 9.71752569967e-07, 8.30064436741e-07, 7.41685937555e-07, 1.96487485482e-06, 3.31767878379e-05, 5.30081024408e-07, 1.43928048146e-07, 1.96520460349e-07], "max": [0.00161252811085, 0.0289368033409, 0.0294449478388, 0.059215400368, 0.127133801579, 0.093455478549, 0.0696694254875, 0.0590958595276, 0.0313392281532, 0.0227030050009, 0.00769790820777, 0.011678869836, 0.00728958984837, 0.00700886268169, 0.00789759121835, 0.0183126609772, 0.00543724186718, 0.00473220460117, 0.00422684289515, 0.022848483175, 0.00415747333318, 0.00445741228759, 0.0300089288503, 0.0204825419933, 0.00261292443611, 0.00130906736013, 0.00156931998208], "mean": [1.29937006932e-05, 0.000401569006499, 0.00043409265345, 0.000463833101094, 0.00245005637407, 0.00269919377752, 0.00238113501109, 0.000906805333216, 0.00109837402124, 0.00116940855514, 0.000329068512656, 0.000343768537277, 0.000102478348708, 0.000140209886013, 0.000131248278194, 0.000180288683623, 0.000117100353236, 0.00011518701649, 0.000157425994985, 0.000256309838733, 0.000222094662604, 0.000244098904659, 0.000358347140718, 0.00136556348298, 0.000169188424479, 6.62195379846e-05, 4.20251235482e-05], "median": [2.77810876526e-08, 5.71414493606e-05, 6.67338899802e-05, 2.32604961639e-05, 0.00064039247809, 0.0004961398663, 0.000671204179525, 0.000128512881929, 4.44758406957e-05, 0.000170206578332, 3.48395769834e-05, 1.40736028698e-05, 5.37418964086e-06, 1.4258259398e-05, 1.74547130882e-05, 9.34510262596e-06, 2.76943756035e-05, 1.84468808584e-05, 2.9600390917e-05, 2.39717319346e-05, 4.54944856756e-05, 2.83471563307e-05, 4.57806454506e-05, 6.9132889621e-05, 2.67660943791e-05, 6.83406051394e-06, 6.08963489412e-07], "min": [9.41095661364e-23, 4.22887757797e-23, 3.10721613613e-23, 3.29412031931e-23, 5.95394661482e-23, 1.12314410591e-23, 4.79460633625e-23, 8.38234636428e-23, 2.58793061701e-23, 1.95085667893e-22, 6.50996165545e-23, 7.19268795231e-23, 1.90308149546e-22, 9.22349107703e-23, 9.4109250592e-23, 1.44461169321e-22, 1.27998159722e-22, 1.3329435727e-22, 2.36743620005e-22, 3.27437860184e-22, 3.92495282147e-22, 5.36560367563e-22, 5.90060333554e-22, 1.09770966838e-21, 1.19211791619e-21, 1.84050877078e-21, 2.31124946217e-21], "var": [6.72232047805e-09, 2.85046689896e-06, 2.94151163871e-06, 5.56521945327e-06, 3.89322267438e-05, 3.34351680067e-05, 2.12579070649e-05, 5.18470005773e-06, 9.03733871382e-06, 4.95001722811e-06, 4.05983143992e-07, 7.93596313997e-07, 1.28073523342e-07, 1.34340623958e-07, 1.28091357965e-07, 4.93324819217e-07, 7.4974451536e-08, 1.11242613343e-07, 1.80992813625e-07, 1.09743552912e-06, 2.17399687585e-07, 2.37917888057e-07, 1.13984776817e-06, 1.04279633888e-05, 1.32216001703e-07, 3.04648182237e-08, 3.72614259447e-08]}, "erbbands": {"dmean": [0.00673286989331, 0.0778357833624, 0.357572823763, 0.996533155441, 2.43173837662, 5.24065876007, 11.0455112457, 10.1069488525, 13.6106443405, 13.4179582596, 11.2709627151, 11.3831920624, 18.953792572, 9.60661029816, 5.75110769272, 10.9092159271, 3.41630172729, 4.17002439499, 4.58373451233, 4.69651079178, 6.1965675354, 4.06318807602, 5.04590606689, 10.0427246094, 9.09956741333, 10.6085863113, 10.0108795166, 11.6389007568, 8.33808612823, 7.46187829971, 8.17817974091, 18.3904438019, 40.7107887268, 4.19660377502, 1.42115807533, 0.296050697565, 0.208121195436, 0.0747476890683, 0.013323077932, 0.000605391804129], "dmean2": [0.0121285608038, 0.140026807785, 0.64914804697, 1.80808508396, 4.18483018875, 9.09580802917, 18.2892742157, 17.3224658966, 21.6244354248, 20.6542415619, 17.508808136, 17.2051811218, 29.3194522858, 14.3980550766, 9.73892021179, 18.6174697876, 6.12100887299, 7.22956848145, 8.02600383759, 8.00577926636, 10.5322093964, 7.41821098328, 9.39789199829, 18.5506038666, 16.7765102386, 18.1033382416, 18.2832260132, 21.3004245758, 15.3408164978, 12.4209537506, 13.8037776947, 31.8234291077, 70.0121383667, 7.50830125809, 2.57399201393, 0.532554924488, 0.389089792967, 0.140880614519, 0.0253860875964, 0.00115001166705], "dvar": [0.0016468554968, 0.179954364896, 3.12763214111, 31.4948196411, 152.542724609, 550.348937988, 1812.51062012, 1495.91772461, 2223.69702148, 2354.03442383, 1920.49694824, 1551.47827148, 2227.36132812, 796.909179688, 375.066375732, 1200.18359375, 282.71484375, 248.949493408, 219.451477051, 355.368499756, 1190.97497559, 188.854980469, 258.030151367, 1005.63305664, 655.623168945, 1114.70178223, 362.20703125, 675.10925293, 312.579040527, 785.81652832, 419.049346924, 994.661804199, 8778.6953125, 73.8269577026, 12.4878387451, 0.409228414297, 0.22622898221, 0.0524252690375, 0.00236706016585, 4.69523001811e-06], "dvar2": [0.00485613103956, 0.539746463299, 9.69977855682, 94.9608459473, 467.578552246, 1614.78271484, 5259.32275391, 4423.51074219, 6564.38134766, 7105.66455078, 5701.52929688, 3992.42700195, 5267.22314453, 1993.96936035, 1147.55493164, 3500.45141602, 866.366577148, 754.128234863, 643.088867188, 1060.44055176, 3177.8059082, 567.075378418, 778.608459473, 2875.11987305, 1856.08081055, 2275.00024414, 949.51171875, 1854.99462891, 867.460327148, 1775.61279297, 972.439147949, 2526.22265625, 22810.5546875, 201.404998779, 35.5958862305, 1.15247833729, 0.635500073433, 0.15053036809, 0.00683389557526, 1.35020090966e-05], "max": [0.840864479542, 7.29484367371, 29.8548908234, 122.78452301, 202.259552002, 495.762084961, 824.483398438, 824.883728027, 1023.32635498, 1427.33752441, 1347.15893555, 819.464538574, 663.494445801, 635.721130371, 464.149078369, 469.262756348, 315.780517578, 273.238800049, 291.831237793, 523.483215332, 1149.45397949, 296.330444336, 240.868011475, 261.159820557, 196.871749878, 1229.95397949, 235.414047241, 206.518264771, 106.433708191, 959.614562988, 461.844024658, 207.643966675, 542.446594238, 44.9093742371, 21.7381191254, 4.3090672493, 2.67992377281, 1.36683022976, 0.299648940563, 0.0126751214266], "mean": [0.00758915394545, 0.10657069087, 0.481257408857, 1.05852591991, 3.50791668892, 8.32824802399, 19.5643558502, 18.8670845032, 34.3778839111, 29.4587020874, 21.8398971558, 32.2692565918, 39.7551651001, 21.3136081696, 12.3033027649, 16.1264038086, 5.46105766296, 6.90073060989, 6.75683641434, 8.18741703033, 10.1724243164, 5.96101951599, 5.42624425888, 8.29010105133, 8.02526378632, 12.3043689728, 8.69742012024, 9.75008964539, 7.2743473053, 9.64189338684, 10.4150943756, 16.7919883728, 29.6086883545, 3.39779877663, 1.09697675705, 0.228882446885, 0.13517858088, 0.0452528484166, 0.00784359965473, 0.000372557056835], "median": [0.00027804938145, 0.0177820362151, 0.0905734226108, 0.062471292913, 0.615912437439, 2.5792798996, 0.740401983261, 4.13974571228, 10.0704021454, 5.37721538544, 3.36009645462, 1.89532661438, 7.3091135025, 3.28728437424, 2.49990320206, 1.28153800964, 0.368251502514, 0.717696666718, 0.985398054123, 0.839581847191, 0.672394931316, 1.46051096916, 1.13143897057, 1.3986479044, 1.23041450977, 1.34923744202, 1.88924086094, 1.59183049202, 1.08164799213, 1.07229506969, 1.70233440399, 1.62583422661, 1.07500362396, 0.341029524803, 0.133010357618, 0.0440842807293, 0.00919791217893, 0.00136214541271, 0.000141376833199, 3.07968366542e-05], "min": [2.26688766091e-21, 7.0271424495e-21, 3.60404983958e-20, 6.47027912969e-20, 9.4797334504e-20, 2.75327506328e-19, 1.85452187274e-19, 1.25327271981e-19, 4.86871736007e-19, 6.96507013779e-19, 2.29263177693e-18, 8.536484793e-19, 4.24352505072e-18, 4.3991239278e-18, 3.07170976891e-18, 3.60747196333e-18, 7.63512851677e-18, 6.49589029582e-18, 5.6385949323e-18, 5.80692039669e-18, 7.43820245552e-18, 7.67424257922e-18, 7.57580560478e-18, 8.34806721492e-18, 1.21821891476e-17, 1.87709052382e-17, 1.35351423011e-17, 1.78059080638e-17, 1.96020414284e-17, 1.62595236871e-17, 1.90554239361e-17, 2.3320818815e-17, 1.65490335928e-17, 1.26131428021e-17, 9.41268340487e-18, 7.09794005619e-18, 2.94550620247e-18, 1.41301794311e-18, 3.08871929064e-19, 3.45860240733e-20], "var": [0.00166623748373, 0.183320045471, 2.9708917141, 26.4588890076, 125.329353333, 584.498413086, 2499.078125, 1851.43994141, 3590.04443359, 5299.34667969, 2861.63061523, 7317.37939453, 5066.10839844, 1727.43103027, 542.065368652, 1743.44030762, 287.20602417, 331.249755859, 276.738250732, 447.885772705, 1772.31311035, 210.624389648, 199.025680542, 623.333557129, 450.03817749, 2888.01147461, 361.818817139, 494.398071289, 220.702484131, 1040.66955566, 742.123168945, 982.218688965, 6412.43847656, 54.0062179565, 7.80273199081, 0.2615686059, 0.133188173175, 0.0291705541313, 0.00130088825244, 2.59765715782e-06]}, "gfcc": {"mean": [-84.3336334229, 46.6889572144, -92.7312698364, 13.6714468002, -92.4128570557, -2.52646946907, -47.6167755127, 5.14300298691, -24.3053379059, -4.1576461792, -13.2025442123, -0.895647704601, -6.72372436523], "cov": [[20644.8320312, -1332.23803711, -1445.3380127, 551.845031738, -1039.01660156, 950.479614258, -6.52097177505, 278.721405029, 270.776947021, -72.0538101196, 277.609802246, -20.933473587, 170.754470825], [-1332.23803711, 4160.51464844, -852.959777832, -462.607574463, 709.263061523, -251.176605225, 43.2244186401, -423.800628662, 147.365585327, -175.107620239, -75.5728988647, -39.0600318909, 34.1781311035], [-1445.3380127, -852.959777832, 1715.3770752, 726.910339355, 139.116516113, 134.235687256, -206.989608765, -31.8865661621, -177.64100647, 70.2686386108, -51.8300476074, -43.0565223694, -189.939422607], [551.845031738, -462.607574463, 726.910339355, 1107.49169922, 287.830413818, 143.826843262, -110.134941101, -69.9975967407, -87.275062561, 4.17471170425, -65.7611618042, -75.1545791626, -193.346847534], [-1039.01660156, 709.263061523, 139.116516113, 287.830413818, 693.159179688, 23.9894218445, -62.9985466003, -169.261871338, -59.1799621582, -27.4382476807, -65.078666687, -161.872512817, -65.8266372681], [950.479614258, -251.176605225, 134.235687256, 143.826843262, 23.9894218445, 233.614425659, -47.0656585693, 18.5291366577, -13.2155332565, 4.995429039, -2.85429406166, -18.4133052826, -27.0636119843], [-6.52097177505, 43.2244186401, -206.989608765, -110.134941101, -62.9985466003, -47.0656585693, 146.34916687, 38.9436569214, 36.9109077454, -6.2063202858, 1.86044883728, 17.9466209412, 43.0600547791], [278.721405029, -423.800628662, -31.8865661621, -69.9975967407, -169.261871338, 18.5291366577, 38.9436569214, 150.121414185, 6.23069906235, 30.0708141327, 20.008928299, 23.4240570068, 21.5537242889], [270.776947021, 147.365585327, -177.64100647, -87.275062561, -59.1799621582, -13.2155332565, 36.9109077454, 6.23069906235, 102.167404175, -4.58904933929, 17.0652160645, 23.9195251465, 8.38868331909], [-72.0538101196, -175.107620239, 70.2686386108, 4.17471170425, -27.4382476807, 4.995429039, -6.2063202858, 30.0708141327, -4.58904933929, 94.2862548828, 12.5262784958, 25.7446289062, 1.46363818645], [277.609802246, -75.5728988647, -51.8300476074, -65.7611618042, -65.078666687, -2.85429406166, 1.86044883728, 20.008928299, 17.0652160645, 12.5262784958, 99.4259643555, 6.68044519424, 25.4533634186], [-20.933473587, -39.0600318909, -43.0565223694, -75.1545791626, -161.872512817, -18.4133052826, 17.9466209412, 23.4240570068, 23.9195251465, 25.7446289062, 6.68044519424, 140.887527466, -2.51166319847], [170.754470825, 34.1781311035, -189.939422607, -193.346847534, -65.8266372681, -27.0636119843, 43.0600547791, 21.5537242889, 8.38868331909, 1.46363818645, 25.4533634186, -2.51166319847, 117.891235352]], "icov": [[9.90461558104e-05, -2.33729224419e-05, 0.000152210821398, -0.00018836784875, 0.000265165988822, -0.000417341885623, 9.26520588109e-05, 3.61405582225e-05, -7.33726556064e-05, -1.69183986145e-05, -0.000148588573211, 0.000206557335332, -0.000146664329804], [-2.33729224419e-05, 0.000559747335501, 8.01005444373e-05, 0.000307481124764, -0.000665719038807, 0.00036790559534, -1.59595583682e-05, 0.000968334614299, -0.000620587728918, 0.000515392108355, 0.00018503285537, -0.000532545964234, 3.29096910718e-05], [0.000152210821398, 8.01005444373e-05, 0.00135287514422, -0.000677939679008, 0.000545186339878, -0.000639888748992, 0.000813063175883, 0.000347014894942, 0.00101328152232, -0.000640665763058, -0.000128716303152, 0.000439867028035, 0.000594252895098], [-0.00018836784875, 0.000307481124764, -0.000677939679008, 0.00217852299102, -0.00107789994217, 0.000328596797772, -0.000555430480745, 0.000595913094003, 0.000144813544466, 0.000264644913841, 0.000460424576886, -0.000268758332822, 0.00211307709105], [0.000265165988822, -0.000665719038807, 0.000545186339878, -0.00107789994217, 0.00454793637618, -0.00155911210459, -9.13698895602e-05, 0.00208148616366, 0.00144015124533, -0.00179459596984, 0.000360147911124, 0.00421217223629, 0.000685611623339], [-0.000417341885623, 0.00036790559534, -0.000639888748992, 0.000328596797772, -0.00155911210459, 0.00699292263016, 0.00127754372079, -0.00122919329442, -0.000565316760913, 0.000582924229093, 0.000721842458006, -0.000854443758726, 0.00035758910235], [9.26520588109e-05, -1.59595583682e-05, 0.000813063175883, -0.000555430480745, -9.13698895602e-05, 0.00127754372079, 0.010300331749, -0.0029779386241, -0.00249348348007, 0.000927362474613, 0.00124654604588, -0.000649002555292, -0.00282310391776], [3.61405582225e-05, 0.000968334614299, 0.000347014894942, 0.000595913094003, 0.00208148616366, -0.00122919329442, -0.0029779386241, 0.0130998389795, 0.000415816088207, -0.00256290985271, -0.000109476910438, 0.0015477911802, 0.000834926438984], [-7.33726556064e-05, -0.000620587728918, 0.00101328152232, 0.000144813544466, 0.00144015124533, -0.000565316760913, -0.00249348348007, 0.000415816088207, 0.0144533431157, -0.0008781250217, -0.00189788755961, -0.000115704700875, 0.00305507262237], [-1.69183986145e-05, 0.000515392108355, -0.000640665763058, 0.000264644913841, -0.00179459596984, 0.000582924229093, 0.000927362474613, -0.00256290985271, -0.0008781250217, 0.0135557902977, -0.00132670463063, -0.00388136669062, -0.001363527379], [-0.000148588573211, 0.00018503285537, -0.000128716303152, 0.000460424576886, 0.000360147911124, 0.000721842458006, 0.00124654604588, -0.000109476910438, -0.00189788755961, -0.00132670463063, 0.0120191192254, 0.000565856753383, -0.00179059500806], [0.000206557335332, -0.000532545964234, 0.000439867028035, -0.000268758332822, 0.00421217223629, -0.000854443758726, -0.000649002555292, 0.0015477911802, -0.000115704700875, -0.00388136669062, 0.000565856753383, 0.0122705595568, 0.00242865923792], [-0.000146664329804, 3.29096910718e-05, 0.000594252895098, 0.00211307709105, 0.000685611623339, 0.00035758910235, -0.00282310391776, 0.000834926438984, 0.00305507262237, -0.001363527379, -0.00179059500806, 0.00242865923792, 0.0146895432845]]}, "melbands": {"dmean": [6.98205112712e-05, 0.000156436755788, 0.00021054080571, 0.000251147663221, 0.000352570612449, 0.00023623216839, 0.000205101270694, 0.000129887048388, 8.48923009471e-05, 7.4312381912e-05, 9.37113800319e-05, 4.05714126828e-05, 2.30857403949e-05, 2.61859313468e-05, 1.59377013915e-05, 6.61646527078e-06, 8.60841191752e-06, 7.58781106924e-06, 6.71097905069e-06, 6.8660992838e-06, 7.89750993135e-06, 4.37719472757e-06, 3.82383996111e-06, 6.21742447038e-06, 8.57709164848e-06, 7.30960573492e-06, 6.97476434652e-06, 7.25013524061e-06, 6.30793101664e-06, 6.44415149509e-06, 7.55913788453e-06, 5.33981392437e-06, 4.16282773585e-06, 4.44547004008e-06, 3.24066127178e-06, 1.04484970507e-05, 1.04624568849e-05, 3.73324000975e-05, 9.23226616578e-06, 1.76871640178e-06], "dmean2": [0.000126031503896, 0.000281691987766, 0.000377562682843, 0.000433628243627, 0.000586501788348, 0.000402591307648, 0.000322017644066, 0.000201330112759, 0.000133412861032, 0.000111732282676, 0.000144983700011, 6.05926725257e-05, 3.8568789023e-05, 4.48288737971e-05, 2.78065163002e-05, 1.17959925774e-05, 1.49134175444e-05, 1.33328439915e-05, 1.19878350233e-05, 1.12140305646e-05, 1.35296786539e-05, 7.88239958638e-06, 7.06839955456e-06, 1.1671608263e-05, 1.57993817993e-05, 1.34234687721e-05, 1.28263163788e-05, 1.20926306408e-05, 1.13694932224e-05, 1.18977568491e-05, 1.39066196425e-05, 9.91077195067e-06, 7.27851420379e-06, 7.29003204469e-06, 5.23411245013e-06, 1.88288431673e-05, 1.78721020347e-05, 6.35378528386e-05, 1.715417784e-05, 3.19609625876e-06], "dvar": [1.59013623602e-07, 6.24647782388e-07, 1.3936163441e-06, 1.29978366203e-06, 1.81919438091e-06, 7.83631662671e-07, 4.66698026003e-07, 2.57446941987e-07, 1.13444656336e-07, 6.2328993522e-08, 5.55636994193e-08, 1.50026924217e-08, 4.88268359078e-09, 7.52000772763e-09, 3.18803916599e-09, 1.10047726487e-09, 9.70169167225e-10, 6.07240036032e-10, 7.8286055416e-10, 6.91582457968e-10, 1.80708825681e-09, 2.13428330564e-10, 1.90786525467e-10, 4.1478076529e-10, 7.31513682961e-10, 4.24065643712e-10, 4.08875266977e-10, 6.41098063525e-10, 1.96088575932e-10, 1.44359066367e-10, 3.76035397265e-10, 1.33261179869e-10, 7.4250272597e-11, 6.15454909259e-10, 1.46396408884e-10, 5.35829880466e-10, 3.55892842974e-10, 7.30021110229e-09, 4.67642591317e-10, 1.3446320446e-11], "dvar2": [4.7361140787e-07, 1.93346204469e-06, 4.21243566961e-06, 3.96978111894e-06, 5.23758990312e-06, 2.316018481e-06, 1.37674669531e-06, 7.9803578501e-07, 3.38691592106e-07, 1.53685789428e-07, 1.31802323722e-07, 3.71757558071e-08, 1.42508165268e-08, 2.21594032013e-08, 9.86201964537e-09, 3.2799276628e-09, 2.93718915856e-09, 1.77975556515e-09, 2.37429653716e-09, 1.83343662474e-09, 4.91245444323e-09, 6.35417551909e-10, 5.83921910824e-10, 1.21829646371e-09, 2.08774686428e-09, 1.18172516217e-09, 1.10085596194e-09, 1.25375476667e-09, 4.86090556695e-10, 3.91056048654e-10, 1.04804420697e-09, 3.71183583869e-10, 1.9299740972e-10, 1.41385536612e-09, 3.39226063906e-10, 1.46324474759e-09, 8.51562986792e-10, 1.85110895501e-08, 1.30783794905e-09, 3.67837670046e-11], "max": [0.00691653322428, 0.012449240312, 0.024857763201, 0.0241134092212, 0.025595318526, 0.0186847634614, 0.0141205210239, 0.015180346556, 0.010142121464, 0.00571621628478, 0.00323861092329, 0.00272582215257, 0.00124262471218, 0.00138587295078, 0.00117847649381, 0.000813739141449, 0.000561277323868, 0.000497480039485, 0.000694945279974, 0.000601283216383, 0.00139175530057, 0.000361188082024, 0.000314412027365, 0.000208776313229, 0.000226925069001, 0.000182134885108, 0.000319611892337, 0.000980497105047, 0.000233019760344, 0.000124495069031, 0.000158177121193, 6.39915015199e-05, 0.0001060159193, 0.000894160068128, 0.000405415572459, 0.000198935740627, 0.000178174173925, 0.000484041607706, 0.000124978614622, 3.23597705574e-05], "mean": [8.83865577634e-05, 0.000216438085772, 0.000249053206062, 0.000388763728552, 0.00062103907112, 0.000470114377094, 0.000528091972228, 0.000278777151834, 0.000153740053065, 0.000209073696169, 0.000190345512237, 8.44671740197e-05, 4.64571712655e-05, 3.85756175092e-05, 2.43775648414e-05, 9.53962626227e-06, 1.36463668241e-05, 1.08997774078e-05, 9.94620950223e-06, 1.18870984807e-05, 1.20571385196e-05, 6.35199785393e-06, 4.77961566503e-06, 5.44647582501e-06, 6.86814519213e-06, 6.14748159933e-06, 6.29685428066e-06, 8.78649098013e-06, 5.65980144529e-06, 4.96751863466e-06, 6.07363472227e-06, 4.12737654187e-06, 4.5619294724e-06, 5.48143452761e-06, 4.65534913019e-06, 9.35143725656e-06, 9.52675691224e-06, 2.74916565104e-05, 6.41659153189e-06, 1.54664508045e-06], "median": [8.32662226458e-06, 3.99741038564e-05, 2.44083494181e-05, 9.24138439586e-05, 4.07006664318e-05, 0.000100852514151, 0.000160110997967, 4.30266809417e-05, 1.56631194841e-05, 1.00991710497e-05, 3.57888711733e-05, 1.27046514535e-05, 5.93642835156e-06, 1.83121665032e-06, 1.1755637388e-06, 5.76459569857e-07, 1.16035357678e-06, 1.53160408445e-06, 1.32913044126e-06, 7.35993353373e-07, 6.81215283294e-07, 1.34966751375e-06, 1.27995167531e-06, 6.58834210299e-07, 1.06040249648e-06, 8.5476528966e-07, 7.07304707248e-07, 8.43545308271e-07, 1.03291654341e-06, 8.65754259394e-07, 7.93676861122e-07, 4.94002847518e-07, 3.95534669906e-07, 4.93181460115e-07, 6.7492760536e-07, 8.29395617075e-07, 7.28794930183e-07, 8.69610516929e-07, 3.13152781928e-07, 1.9222370895e-07], "min": [2.10301892297e-23, 1.47926818294e-23, 1.30768935833e-23, 1.19951948883e-23, 9.13949080126e-24, 2.47263185095e-24, 8.56517718529e-24, 8.62571752661e-24, 1.73606212911e-23, 4.17946356752e-24, 2.28469879593e-23, 1.90504402362e-23, 1.04312158237e-23, 6.88920353797e-24, 1.21061671073e-23, 1.9305064026e-23, 1.1093076434e-23, 9.41305671914e-24, 6.36825123464e-24, 8.35580166814e-24, 9.13911057031e-24, 9.1298651205e-24, 4.39828766617e-24, 8.79508754068e-24, 6.03618457533e-24, 8.91420790395e-24, 8.57059113769e-24, 1.34094804964e-23, 6.89053197973e-24, 1.09203719049e-23, 9.47653872277e-24, 1.14111853829e-23, 9.40982633373e-24, 8.30910978002e-24, 1.00638188454e-23, 1.22571061752e-23, 1.56446926278e-23, 1.20924661711e-23, 9.2461739835e-24, 1.13801500172e-23], "var": [1.70217703044e-07, 6.13709175923e-07, 1.14736849355e-06, 1.24690745906e-06, 2.56285079558e-06, 1.03884144664e-06, 8.35951425415e-07, 4.79844516121e-07, 1.61625578698e-07, 3.21268402104e-07, 1.2205306632e-07, 3.07346006423e-08, 8.15787437602e-09, 1.02250128364e-08, 4.13234735319e-09, 1.06528552646e-09, 1.276685202e-09, 7.4152772811e-10, 7.74118491531e-10, 1.25728827349e-09, 2.50934184542e-09, 2.42909664605e-10, 1.58019111685e-10, 2.6646776452e-10, 4.5179171515e-10, 2.85468815253e-10, 4.34922653447e-10, 1.73347136645e-09, 2.5423146921e-10, 1.01104333239e-10, 2.54399418198e-10, 8.67272434424e-11, 9.22734805231e-11, 6.98090418805e-10, 2.35227809453e-10, 4.8553677745e-10, 3.87019527537e-10, 5.55756773934e-09, 2.94877344764e-10, 1.16957684856e-11]}, "mfcc": {"mean": [-732.048583984, 83.9052658081, 34.4324035645, 8.09665393829, -13.1931209564, -16.4970798492, -13.0020103455, -5.39433908463, -7.33874511719, -1.44663131237, -12.4824800491, 0.374450266361, -5.11836957932], "cov": [[17793.7421875, -162.064178467, -1401.29833984, -809.094848633, -535.905883789, -67.763999939, -254.238952637, 257.744903564, 116.598396301, 125.456466675, -195.483306885, -3.31261897087, 205.874923706], [-162.064178467, 3420.96142578, -787.45135498, -215.368469238, 196.745681763, 184.911575317, -191.301864624, -41.5799865723, -62.8581924438, -127.38886261, -12.0073823929, -106.53653717, 141.620986938], [-1401.29833984, -787.45135498, 1315.64501953, 469.941223145, 254.832519531, 108.154098511, 80.9962158203, -20.9318237305, -75.1491394043, -30.6066570282, -15.5415611267, 98.1657409668, -61.9134979248], [-809.094848633, -215.368469238, 469.941223145, 801.254882812, 393.497009277, 263.524597168, 97.7270584106, -0.191494241357, -65.2993850708, -52.3846092224, 58.9485931396, 32.1497077942, -34.1549263], [-535.905883789, 196.745681763, 254.832519531, 393.497009277, 609.37298584, 305.655609131, 160.451217651, -65.4928283691, -67.8528213501, -2.80213141441, 8.0884885788, 21.7615718842, -55.1766471863], [-67.763999939, 184.911575317, 108.154098511, 263.524597168, 305.655609131, 313.683135986, 43.1320991516, 16.7043495178, -40.1643638611, -29.3611717224, 22.8458023071, -9.04284191132, 12.6737966537], [-254.238952637, -191.301864624, 80.9962158203, 97.7270584106, 160.451217651, 43.1320991516, 199.409423828, -55.5822982788, 15.1103696823, 31.9232349396, -10.8189535141, 7.45046806335, -75.662940979], [257.744903564, -41.5799865723, -20.9318237305, -0.191494241357, -65.4928283691, 16.7043495178, -55.5822982788, 137.550384521, -3.91256165504, 12.9091672897, 1.49787032604, -20.8431873322, 31.0146579742], [116.598396301, -62.8581924438, -75.1491394043, -65.2993850708, -67.8528213501, -40.1643638611, 15.1103696823, -3.91256165504, 119.29385376, 6.70076608658, 3.47941660881, -23.1958770752, -1.9895182848], [125.456466675, -127.38886261, -30.6066570282, -52.3846092224, -2.80213141441, -29.3611717224, 31.9232349396, 12.9091672897, 6.70076608658, 106.377113342, -24.8407154083, -2.52613711357, -28.6660022736], [-195.483306885, -12.0073823929, -15.5415611267, 58.9485931396, 8.0884885788, 22.8458023071, -10.8189535141, 1.49787032604, 3.47941660881, -24.8407154083, 92.2579650879, -15.0470046997, 16.6203536987], [-3.31261897087, -106.53653717, 98.1657409668, 32.1497077942, 21.7615718842, -9.04284191132, 7.45046806335, -20.8431873322, -23.1958770752, -2.52613711357, -15.0470046997, 103.440101624, 1.7925825119], [205.874923706, 141.620986938, -61.9134979248, -34.1549263, -55.1766471863, 12.6737966537, -75.662940979, 31.0146579742, -1.9895182848, -28.6660022736, 16.6203536987, 1.7925825119, 155.248123169]], "icov": [[6.89971566317e-05, 3.0736617191e-05, 8.4240702563e-05, 3.07221016556e-05, 1.01605628515e-05, -9.02086103451e-05, 5.90284325881e-05, -6.89808512107e-05, -3.36305311066e-05, -1.1228981748e-05, 0.000169922990608, -6.61102094455e-05, -4.55893641629e-05], [3.0736617191e-05, 0.000491006474476, 0.000328841881128, 0.000153058514115, -0.000454502209323, -0.00012085387425, 0.000602984451689, 0.000228850040003, 0.000175246517756, 0.00052080542082, 0.000447524012998, 0.00035502994433, -0.000180961869773], [8.4240702563e-05, 0.000328841881128, 0.0013442914933, -0.000481814087834, -0.000392771791667, 0.000104893115349, 0.000382084050216, -5.28332057002e-05, 0.000278236082522, 0.000544414913747, 0.00084302329924, -0.000534167687874, 8.70376752573e-05], [3.07221016556e-05, 0.000153058514115, -0.000481814087834, 0.00260103819892, -0.000999759067781, -0.000870151910931, -0.000225149909966, -0.000712405832019, 0.000245220086072, 0.000939273275435, -0.0012199645862, -0.000289636198431, 0.000258547952399], [1.01605628515e-05, -0.000454502209323, -0.000392771791667, -0.000999759067781, 0.00579477427527, -0.0041755726561, -0.00261846650392, 0.0019813424442, 0.00123103079386, -0.00155846239068, 8.15739258542e-05, -0.000539028667845, 0.000478462869069], [-9.02086103451e-05, -0.00012085387425, 0.000104893115349, -0.000870151910931, -0.0041755726561, 0.00837042089552, 0.000253544509178, -0.00246697710827, 7.19890595064e-05, 0.00159739574883, -0.000450166931842, 0.00114780932199, -0.0011398702627], [5.90284325881e-05, 0.000602984451689, 0.000382084050216, -0.000225149909966, -0.00261846650392, 0.000253544509178, 0.00966137740761, 0.0023474805057, -0.00201937044039, -0.0015413837973, 0.000958966207691, 0.00028883331106, 0.00234637153335], [-6.89808512107e-05, 0.000228850040003, -5.28332057002e-05, -0.000712405832019, 0.0019813424442, -0.00246697710827, 0.0023474805057, 0.0104192467406, 0.00060897244839, -0.00270160962828, 0.000608619942795, 0.00197776500136, -0.000905954046175], [-3.36305311066e-05, 0.000175246517756, 0.000278236082522, 0.000245220086072, 0.00123103079386, 7.19890595064e-05, -0.00201937044039, 0.00060897244839, 0.0102180298418, 0.000223003298743, -0.00043685658602, 0.00209530349821, -0.000429849809734], [-1.1228981748e-05, 0.00052080542082, 0.000544414913747, 0.000939273275435, -0.00155846239068, 0.00159739574883, -0.0015413837973, -0.00270160962828, 0.000223003298743, 0.0127204917371, 0.00242245430127, 0.00045463864808, 0.001154813217], [0.000169922990608, 0.000447524012998, 0.00084302329924, -0.0012199645862, 8.15739258542e-05, -0.000450166931842, 0.000958966207691, 0.000608619942795, -0.00043685658602, 0.00242245430127, 0.0135957337916, 0.0020021002274, -0.00119118008297], [-6.61102094455e-05, 0.00035502994433, -0.000534167687874, -0.000289636198431, -0.000539028667845, 0.00114780932199, 0.00028883331106, 0.00197776500136, 0.00209530349821, 0.00045463864808, 0.0020021002274, 0.0120140202343, -0.0012948239455], [-4.55893641629e-05, -0.000180961869773, 8.70376752573e-05, 0.000258547952399, 0.000478462869069, -0.0011398702627, 0.00234637153335, -0.000905954046175, -0.000429849809734, 0.001154813217, -0.00119118008297, -0.0012948239455, 0.0086962627247]]}, "spectral_contrast_coeffs": {"dmean": [0.0396224856377, 0.0389101095498, 0.0375065915287, 0.0271959993988, 0.0285616256297, 0.0322352424264], "dmean2": [0.0643895938993, 0.0634690225124, 0.0590801984072, 0.0431294515729, 0.0463212095201, 0.0530986078084], "dvar": [0.00126517738681, 0.00118558842223, 0.000994536094368, 0.000597710604779, 0.00110020698048, 0.0013630669564], "dvar2": [0.00347553170286, 0.00297773280181, 0.002426372841, 0.00141583476216, 0.00245313020423, 0.00321485102177], "max": [-0.369692325592, -0.266642868519, -0.40098670125, -0.663224697113, -0.636748790741, -0.611207604408], "mean": [-0.589222311974, -0.682432830334, -0.736638009548, -0.81877297163, -0.808077812195, -0.761071324348], "median": [-0.576751708984, -0.69035243988, -0.757857084274, -0.821175038815, -0.809496641159, -0.750012159348], "min": [-0.982545793056, -0.951346278191, -0.961663424969, -0.956415891647, -0.958211123943, -0.960892081261], "var": [0.00532622681931, 0.0112493727356, 0.0128619112074, 0.00267059681937, 0.00255883485079, 0.00334591511637]}, "spectral_contrast_valleys": {"dmean": [0.37659573555, 0.375060468912, 0.435002535582, 0.359764844179, 0.543505728245, 0.599964559078], "dmean2": [0.636120736599, 0.603236794472, 0.670190751553, 0.564957261086, 0.807780623436, 0.842868387699], "dvar": [0.119507521391, 0.162302181125, 0.235895723104, 0.199595987797, 0.489244192839, 0.464037001133], "dvar2": [0.303153157234, 0.289360970259, 0.439271390438, 0.361685156822, 1.01450264454, 0.799329102039], "max": [-5.15137910843, -3.61106300354, -4.6