{"lowlevel": {"average_loudness": 0.528505563736, "barkbands_crest": {"dmean": 1.81816482544, "dmean2": 2.95298647881, "dvar": 4.21986293793, "dvar2": 10.2580223083, "max": 26.9176540375, "mean": 14.7271623611, "median": 14.022652626, "min": 2.81302547455, "var": 27.6604137421}, "barkbands_flatness_db": {"dmean": 0.0242021065205, "dmean2": 0.0354662574828, "dvar": 0.00131830608007, "dvar2": 0.00234850286506, "max": 0.67443048954, "mean": 0.299211591482, "median": 0.304963082075, "min": 0.0215137600899, "var": 0.0135452523828}, "barkbands_kurtosis": {"dmean": 15.5511436462, "dmean2": 24.5604953766, "dvar": 13381.0039062, "dvar2": 31656.2324219, "max": 3435.1887207, "mean": 30.9569244385, "median": 5.51608657837, "min": -1.85782945156, "var": 30006.4296875}, "barkbands_skewness": {"dmean": 0.689944863319, "dmean2": 1.06736576557, "dvar": 2.20898079872, "dvar2": 4.92434740067, "max": 43.986831665, "mean": 2.58291864395, "median": 1.95133936405, "min": -4.64522027969, "var": 10.4919462204}, "barkbands_spread": {"dmean": 2.08622670174, "dmean2": 3.02488183975, "dvar": 31.7482280731, "dvar2": 49.8056564331, "max": 113.70236969, "mean": 8.28545665741, "median": 4.89957237244, "min": 0.014477269724, "var": 136.419845581}, "dissonance": {"dmean": 0.0220194924623, "dmean2": 0.0363398231566, "dvar": 0.000879091559909, "dvar2": 0.00243294378743, "max": 0.498693287373, "mean": 0.403164476156, "median": 0.409633278847, "min": 0.166828483343, "var": 0.00354904844426}, "dynamic_complexity": 8.15869522095, "erbbands_crest": {"dmean": 1.81187319756, "dmean2": 2.75641965866, "dvar": 5.53146362305, "dvar2": 10.7269630432, "max": 33.622303009, "mean": 13.3985786438, "median": 11.858549118, "min": 2.60394716263, "var": 47.8353729248}, "erbbands_flatness_db": {"dmean": 0.0144851682708, "dmean2": 0.020811997354, "dvar": 0.000634157157037, "dvar2": 0.00111751956865, "max": 0.456983685493, "mean": 0.246000185609, "median": 0.260048419237, "min": 0.0253936629742, "var": 0.00677596172318}, "erbbands_kurtosis": {"dmean": 1.56576669216, "dmean2": 2.18180751801, "dvar": 15.6691122055, "dvar2": 24.0957126617, "max": 93.908203125, "mean": 3.80108809471, "median": 0.907120466232, "min": -1.89248275757, "var": 119.384773254}, "erbbands_skewness": {"dmean": 0.314835131168, "dmean2": 0.466531187296, "dvar": 0.245927557349, "dvar2": 0.467227011919, "max": 8.2371006012, "mean": 0.703381896019, "median": 0.568681120872, "min": -4.511323452, "var": 1.71506440639}, "erbbands_spread": {"dmean": 3.60693573952, "dmean2": 5.32959461212, "dvar": 57.7422828674, "dvar2": 118.901290894, "max": 129.098968506, "mean": 22.1167030334, "median": 16.3383617401, "min": 0.595573306084, "var": 327.138305664}, "hfc": {"dmean": 2.88201880455, "dmean2": 3.91749501228, "dvar": 51.9883041382, "dvar2": 95.3570098877, "max": 125.742195129, "mean": 8.3306427002, "median": 1.87385129929, "min": 4.89272764526e-08, "var": 221.950897217}, "melbands_crest": {"dmean": 2.43979716301, "dmean2": 3.9772746563, "dvar": 7.28118228912, "dvar2": 17.8068084717, "max": 32.0925178528, "mean": 19.5255661011, "median": 19.4819107056, "min": 4.6168589592, "var": 26.9959011078}, "melbands_flatness_db": {"dmean": 0.0287765171379, "dmean2": 0.0424267798662, "dvar": 0.00201205420308, "dvar2": 0.00341446464881, "max": 0.820011794567, "mean": 0.41406416893, "median": 0.421223580837, "min": 0.0241604726762, "var": 0.0197033490986}, "melbands_kurtosis": {"dmean": 7.31777048111, "dmean2": 11.7943515778, "dvar": 250.760238647, "dvar2": 618.89465332, "max": 282.941009521, "mean": 20.812915802, "median": 11.1224727631, "min": -1.67469394207, "var": 735.263366699}, "melbands_skewness": {"dmean": 0.599394619465, "dmean2": 0.93088465929, "dvar": 0.734454452991, "dvar2": 1.56144177914, "max": 11.6160259247, "mean": 2.89057922363, "median": 2.69232797623, "min": -4.50164031982, "var": 3.74702548981}, "melbands_spread": {"dmean": 2.70516395569, "dmean2": 4.12279605865, "dvar": 66.5812759399, "dvar2": 132.951293945, "max": 113.139656067, "mean": 8.55202960968, "median": 4.68757867813, "min": 0.219498962164, "var": 168.01133728}, "pitch_salience": {"dmean": 0.0554350316525, "dmean2": 0.0898429229856, "dvar": 0.00473605608568, "dvar2": 0.0113019831479, "max": 0.8903606534, "mean": 0.419461250305, "median": 0.408967941999, "min": 0.024743674323, "var": 0.0267635155469}, "silence_rate_20dB": {"dmean": 0.0231884066015, "dmean2": 0.0464104413986, "dvar": 0.0226508434862, "dvar2": 0.047157485038, "max": 1, "mean": 0.953656792641, "median": 1, "min": 0, "var": 0.0441955402493}, "silence_rate_30dB": {"dmean": 0.0275362320244, "dmean2": 0.0551123991609, "dvar": 0.0267784651369, "dvar2": 0.0549750477076, "max": 1, "mean": 0.858797967434, "median": 1, "min": 0, "var": 0.12126454711}, "silence_rate_60dB": {"dmean": 0.0492753610015, "dmean2": 0.0978970304132, "dvar": 0.0468482486904, "dvar2": 0.108616940677, "max": 1, "mean": 0.303403317928, "median": 0, "min": 0, "var": 0.211350798607}, "spectral_centroid": {"dmean": 91.5468902588, "dmean2": 134.549987793, "dvar": 63871.078125, "dvar2": 111934.804688, "max": 3386.38378906, "mean": 560.141906738, "median": 387.571136475, "min": 68.7665176392, "var": 309241.78125}, "spectral_complexity": {"dmean": 0.997101426125, "dmean2": 1.6279913187, "dvar": 4.44200754166, "dvar2": 8.92111968994, "max": 38, "mean": 6.08110046387, "median": 5, "min": 0, "var": 15.7791099548}, "spectral_decrease": {"dmean": 5.94887250571e-09, "dmean2": 8.53865689265e-09, "dvar": 3.25755504275e-16, "dvar2": 6.82390176978e-16, "max": 7.06945386874e-20, "mean": -1.42443861151e-08, "median": -2.03221284245e-09, "min": -2.84400499595e-07, "var": 1.12824820338e-15}, "spectral_energy": {"dmean": 0.0227025672793, "dmean2": 0.0325558669865, "dvar": 0.00471533415839, "dvar2": 0.00986506883055, "max": 1.0818734169, "mean": 0.0545171350241, "median": 0.00789526477456, "min": 4.1710289736e-12, "var": 0.0163793768734}, "spectral_energyband_high": {"dmean": 3.34107098752e-05, "dmean2": 5.00661553815e-05, "dvar": 4.63752627411e-08, "dvar2": 1.08353731321e-07, "max": 0.0056395791471, "mean": 3.63615108654e-05, "median": 1.21192647384e-06, "min": 2.72991720375e-12, "var": 4.71081094133e-08}, "spectral_energyband_low": {"dmean": 0.0216342322528, "dmean2": 0.0315351821482, "dvar": 0.00459557911381, "dvar2": 0.00990500766784, "max": 1.03863978386, "mean": 0.046473544091, "median": 0.00365230138414, "min": 6.63806900073e-13, "var": 0.0147634586319}, "spectral_energyband_middle_high": {"dmean": 0.000351139053237, "dmean2": 0.00046886713244, "dvar": 1.96949577003e-06, "dvar2": 3.39943380823e-06, "max": 0.0433259606361, "mean": 0.000982302473858, "median": 0.000111886685772, "min": 5.57712886019e-14, "var": 7.2433481364e-06}, "spectral_energyband_middle_low": {"dmean": 0.00190325581934, "dmean2": 0.00262977089733, "dvar": 2.96021844406e-05, "dvar2": 5.88658149354e-05, "max": 0.103412255645, "mean": 0.00766684673727, "median": 0.00198816251941, "min": 6.83273207978e-13, "var": 0.000164016615599}, "spectral_entropy": {"dmean": 0.161395058036, "dmean2": 0.236191287637, "dvar": 0.0813325494528, "dvar2": 0.133009135723, "max": 8.45004272461, "mean": 6.26406908035, "median": 6.04761600494, "min": 4.14411735535, "var": 0.822814464569}, "spectral_flux": {"dmean": 0.028458641842, "dmean2": 0.0477020666003, "dvar": 0.00365592679009, "dvar2": 0.00980849098414, "max": 0.686628103256, "mean": 0.0494589321315, "median": 0.0200437344611, "min": 6.78319775034e-05, "var": 0.00629485538229}, "spectral_kurtosis": {"dmean": 11.8986358643, "dmean2": 20.550661087, "dvar": 245.265441895, "dvar2": 669.267822266, "max": 167.718185425, "mean": 35.221912384, "median": 24.9754390717, "min": 0.957285404205, "var": 1062.93188477}, "spectral_rms": {"dmean": 0.000971693487372, "dmean2": 0.00135977251921, "dvar": 4.30663840234e-06, "dvar2": 8.35394348542e-06, "max": 0.0324882492423, "mean": 0.00485667632893, "median": 0.00277537340298, "min": 6.37910417822e-08, "var": 2.96001690003e-05}, "spectral_rolloff": {"dmean": 174.0753479, "dmean2": 268.672515869, "dvar": 608564.3125, "dvar2": 866497.8125, "max": 19444.4824219, "mean": 572.399108887, "median": 344.53125, "min": 64.599609375, "var": 1094713}, "spectral_skewness": {"dmean": 0.719573020935, "dmean2": 1.21536850929, "dvar": 0.682539880276, "dvar2": 1.7935218811, "max": 10.1000490189, "mean": 4.02198791504, "median": 3.8467233181, "min": 0.771897256374, "var": 4.21670484543}, "spectral_spread": {"dmean": 371119.1875, "dmean2": 591403.0625, "dvar": 454885179392, "dvar2": 877455343616, "max": 16630936, "mean": 2576872, "median": 1905906.625, "min": 534878.375, "var": 2963487850500.0}, "spectral_strongpeak": {"dmean": 0.212822631001, "dmean2": 0.331662297249, "dvar": 0.214045494795, "dvar2": 0.444633752108, "max": 6.15217399597, "mean": 0.663378477097, "median": 0.26238951087, "min": 0, "var": 0.824295222759}, "zerocrossingrate": {"dmean": 0.00472819013521, "dmean2": 0.0054645719938, "dvar": 0.000197840679903, "dvar2": 0.00020701388712, "max": 0.47265625, "mean": 0.0221992954612, "median": 0.013671875, "min": 0.00244140625, "var": 0.000862315529957}, "barkbands": {"dmean": [5.96873360337e-05, 0.0174526292831, 0.00571546517313, 0.000341190578183, 0.000410320353694, 0.000449302198831, 0.000319069396937, 0.000539312546607, 0.000333367031999, 0.000214571889956, 0.000113299167424, 3.72243011952e-05, 2.12064005609e-05, 3.28361020365e-05, 2.12483864743e-05, 2.92547774734e-05, 1.45584253914e-05, 8.28829888633e-06, 6.25618213235e-06, 4.1690773287e-06, 5.86644728173e-06, 8.75688692759e-06, 7.50601384425e-06, 5.04204899698e-06, 4.12286681239e-06, 1.05443098164e-06, 2.52883523899e-07], "dmean2": [9.87436214928e-05, 0.0257605481893, 0.0083244740963, 0.000570320640691, 0.000634872354567, 0.000692697009072, 0.000491491926368, 0.000783895375207, 0.000399118056521, 0.000287184870103, 0.000138553208672, 5.43067835679e-05, 3.54355761374e-05, 5.38722306374e-05, 3.71595961042e-05, 4.87321995024e-05, 2.0298819436e-05, 1.26785862449e-05, 8.9022460088e-06, 6.31983130006e-06, 8.73574663274e-06, 1.37823126352e-05, 1.19750384329e-05, 8.43741781864e-06, 6.75776846037e-06, 1.57113447585e-06, 3.82924810083e-07], "dvar": [3.49280036005e-08, 0.00327768176794, 0.00039293570444, 1.2332238839e-06, 9.85931819741e-07, 2.33457217291e-06, 1.67007090113e-06, 1.27190633066e-05, 3.11869894176e-06, 9.05861099909e-07, 9.79195306172e-07, 2.80268537267e-08, 1.04011874669e-08, 2.35008492666e-08, 2.2102881303e-08, 4.51923547473e-08, 4.64205118789e-09, 1.87347715119e-09, 6.96064372807e-10, 3.67753494324e-10, 1.00449526474e-09, 3.57774987414e-09, 2.73471534307e-09, 1.58693647112e-09, 9.70128533062e-10, 3.94138298387e-11, 1.50439253069e-12], "dvar2": [8.29780333333e-08, 0.00733492989093, 0.000801721180324, 2.76303217106e-06, 2.31914737014e-06, 6.08411619396e-06, 4.00750786866e-06, 2.51422789006e-05, 5.22526261193e-06, 1.44707939853e-06, 1.74101398898e-06, 5.39498437035e-08, 2.83926908651e-08, 6.2064749784e-08, 6.14957755829e-08, 1.22378565948e-07, 9.1734921881e-09, 4.05400246706e-09, 1.23164278776e-09, 7.83097142687e-10, 1.91405091776e-09, 8.61079385572e-09, 6.60920296269e-09, 4.27795532332e-09, 2.61069321716e-09, 9.56333623403e-11, 3.20687855611e-12], "max": [0.00407483382151, 0.988850831985, 0.375674843788, 0.0267048478127, 0.0236844215542, 0.0291184838861, 0.0301460959017, 0.0828821510077, 0.0453157871962, 0.024647090584, 0.0397747680545, 0.00431480165571, 0.00202686316334, 0.00242740334943, 0.00276914867572, 0.00505104335025, 0.00126572302543, 0.000842162175104, 0.000504544994328, 0.000276429520454, 0.000683660211507, 0.00156294472981, 0.00136087287683, 0.000999187584966, 0.000758699374273, 0.000155349407578, 1.68956794369e-05], "mean": [8.8525855972e-05, 0.0352690257132, 0.0106734251603, 0.000779999070801, 0.00122281420045, 0.00170119886752, 0.000861158769112, 0.00148382422049, 0.00117177609354, 0.000690389191732, 0.000258454529103, 9.85931692412e-05, 2.91495034617e-05, 5.94366356381e-05, 1.90989449038e-05, 2.70911932603e-05, 2.34060898947e-05, 1.03303691503e-05, 1.01155019365e-05, 5.59209047424e-06, 7.06046012056e-06, 9.10426479095e-06, 7.65815275372e-06, 4.60869341623e-06, 3.94439712181e-06, 1.23411712138e-06, 2.62295174025e-07], "median": [1.39135263453e-05, 0.00209108064882, 0.000873536628205, 0.000103872691398, 0.000349294336047, 0.000190387101611, 9.97808747343e-05, 3.91168723581e-05, 3.91835892515e-05, 3.3612952393e-05, 1.31292290462e-05, 1.2350687939e-05, 6.74792136124e-06, 6.70590588925e-06, 2.16398052544e-06, 2.75139450423e-06, 1.42344197229e-06, 1.37182939852e-06, 1.17163517643e-06, 4.35160785628e-07, 2.37752402654e-07, 2.17295877292e-07, 1.92458884385e-07, 9.7256680931e-08, 6.04339689403e-08, 2.02626893042e-08, 1.39220048823e-08], "min": [1.34268925188e-13, 2.6800566974e-13, 2.20210080639e-13, 2.03294548079e-13, 2.481729015e-13, 5.6442701126e-14, 1.16525956636e-13, 2.46699260683e-14, 3.25265259605e-14, 3.63623705663e-15, 1.09653937677e-14, 5.78333344078e-15, 4.92142066574e-15, 4.71635314218e-15, 6.28311887856e-15, 6.71831551301e-15, 1.39737651111e-15, 1.17148552957e-15, 7.36113305185e-15, 6.02245041827e-15, 7.17347798458e-15, 4.17159389714e-14, 2.2688800708e-14, 4.30008168016e-14, 5.9306400936e-14, 3.62581357083e-13, 2.24119507675e-12], "var": [7.95407260057e-08, 0.0102127073333, 0.0010956163751, 4.40621306552e-06, 5.72100179852e-06, 1.17715999295e-05, 5.40183873454e-06, 3.72580689145e-05, 1.96759665414e-05, 5.94650418861e-06, 2.56482280747e-06, 1.28791285192e-07, 8.2279161262e-09, 3.15526946792e-08, 1.43486911242e-08, 3.15750625646e-08, 9.20769593904e-09, 2.10175743476e-09, 1.48524204047e-09, 4.87374030023e-10, 1.41650435825e-09, 3.40884187544e-09, 2.54269072464e-09, 1.16840337405e-09, 7.35243754768e-10, 3.85392343039e-11, 1.7022461999e-12]}, "erbbands": {"dmean": [0.264908313751, 4.63265562057, 8.69285678864, 2.10192871094, 1.55681610107, 1.16504061222, 1.45042991638, 4.42970943451, 5.18194627762, 7.86307048798, 10.3079566956, 9.07945728302, 7.62023735046, 2.83501648903, 5.51965236664, 1.95237493515, 1.03037261963, 1.6679610014, 1.45058429241, 0.952433824539, 1.49209070206, 0.711861670017, 0.501870214939, 0.409160763025, 0.24771720171, 0.17948551476, 0.21121686697, 0.254056870937, 0.312004894018, 0.310308247805, 0.196205958724, 0.128506615758, 0.0723680853844, 0.0446121841669, 0.0319649390876, 0.00672067562118, 0.00156505242921, 0.000385970401112, 5.18376400578e-05, 2.61089371634e-05], "dmean2": [0.358643352985, 6.93650150299, 12.7838487625, 3.17396903038, 2.56430006027, 1.76542878151, 2.18382930756, 6.99312496185, 8.10630321503, 11.1015233994, 14.9854106903, 10.3464765549, 10.3187294006, 3.57777905464, 6.65448474884, 2.71074318886, 1.65338778496, 2.69701194763, 2.55833792686, 1.54770004749, 2.36947798729, 1.04385900497, 0.750564932823, 0.589667975903, 0.361544847488, 0.265823185444, 0.328885406256, 0.370326548815, 0.483519673347, 0.487429946661, 0.316725820303, 0.215470343828, 0.121412195265, 0.0707384422421, 0.0546134673059, 0.0102928224951, 0.00227632629685, 0.000535245693754, 7.7563636296e-05, 3.72602808056e-05], "dvar": [0.97556322813, 229.00088501, 820.204467773, 65.0423965454, 15.8016176224, 8.00510597229, 18.7355537415, 260.594360352, 409.138824463, 3505.26293945, 5292.38134766, 2257.44995117, 1085.67504883, 417.841583252, 2337.23364258, 83.8016281128, 19.9081363678, 54.1294059753, 90.3076171875, 38.5578041077, 99.9398651123, 14.8047599792, 6.56882619858, 3.08339762688, 1.34620285034, 0.627136290073, 1.42121720314, 2.12983775139, 4.35579633713, 3.92384648323, 2.24861645699, 1.07947337627, 0.324636012316, 0.0926962643862, 0.0705489069223, 0.00198001833633, 7.28186641936e-05, 3.45490366271e-06, 4.84008921831e-08, 5.56770052285e-09], "dvar2": [1.55028522015, 529.839050293, 1635.01281738, 144.729858398, 38.2333602905, 18.5856838226, 43.7085227966, 703.910095215, 1086.52905273, 6270.35986328, 12104.2070312, 3470.24951172, 2031.28845215, 508.308380127, 4082.07006836, 155.575942993, 53.9894294739, 140.156036377, 254.68572998, 95.8215637207, 261.901885986, 30.4026355743, 13.4425935745, 5.71643018723, 2.88271713257, 1.28847718239, 3.15090465546, 4.21537590027, 10.2382440567, 9.40898418427, 5.54751682281, 2.88449478149, 0.879851102829, 0.237580984831, 0.197950616479, 0.00505110435188, 0.000169554245076, 7.21678679838e-06, 1.06225826357e-07, 1.16029958974e-08], "max": [29.4408397675, 218.906204224, 572.491088867, 183.369888306, 72.4754714966, 80.5965652466, 87.290184021, 349.978240967, 468.416046143, 1585.79797363, 2189.05786133, 1309.81994629, 772.574890137, 917.99597168, 1950.49829102, 216.969497681, 82.3589553833, 105.765548706, 164.309341431, 126.194213867, 238.282058716, 71.841003418, 49.4369087219, 36.1719322205, 18.0582904816, 12.0524721146, 20.1382350922, 35.4922599792, 54.778678894, 48.6899299622, 40.1717605591, 26.6124477386, 14.3165884018, 7.40652751923, 6.33284759521, 1.13136518002, 0.203764259815, 0.0378822535276, 0.00291411275975, 0.00116949784569], "mean": [0.586936295033, 9.20963001251, 16.9436035156, 4.89509963989, 4.02687168121, 3.62318015099, 5.91247415543, 15.888756752, 14.6565284729, 20.8417224884, 31.0493507385, 33.2863197327, 22.4663391113, 10.6708469391, 13.3235473633, 5.18296432495, 1.6808924675, 3.22406816483, 1.562453866, 0.991403996944, 1.605645895, 1.0194195509, 0.674172222614, 0.642835080624, 0.337330579758, 0.246551275253, 0.256331890821, 0.289377301931, 0.322734773159, 0.318649023771, 0.195193052292, 0.119627922773, 0.0662670731544, 0.045235928148, 0.0277625266463, 0.00738052092493, 0.00190983945504, 0.000432874425314, 6.83245234541e-05, 6.1373662902e-05], "median": [0.0250357612967, 0.530570209026, 1.53526759148, 0.573627471924, 1.03754258156, 1.05325686932, 1.1832998991, 1.62714219093, 1.67795526981, 1.18140566349, 1.09595763683, 1.42099189758, 1.01943874359, 0.767101764679, 0.800960123539, 0.546738386154, 0.383314311504, 0.422260910273, 0.245486959815, 0.140796855092, 0.152087017894, 0.0831479877234, 0.0934503600001, 0.0702027380466, 0.0414267256856, 0.0205608718097, 0.0124203134328, 0.00728224031627, 0.00787422060966, 0.0082885120064, 0.0043558049947, 0.00236223801039, 0.00156075612176, 0.000894208205864, 0.000368294393411, 0.00014619025751, 4.74289736303e-05, 1.05783374238e-05, 8.22314359539e-06, 1.00398137874e-05], "min": [8.7515871286e-12, 5.83333104043e-11, 2.22425231011e-10, 5.24224108567e-10, 8.16206602305e-10, 8.07988564944e-10, 4.8457915458e-10, 5.18884712974e-10, 1.43007827802e-09, 1.47431933328e-09, 3.73991781988e-10, 7.82433007274e-10, 3.08224001877e-10, 2.23800214472e-10, 3.88057475043e-10, 2.77494249801e-10, 2.60060667445e-10, 2.64641364378e-10, 3.20747900462e-10, 2.63181282323e-10, 4.02712946324e-10, 1.0124183436e-10, 7.74040068152e-11, 2.32064339967e-10, 4.09470957141e-10, 3.03297442716e-10, 2.95447361021e-10, 5.51799161919e-10, 1.39574551916e-09, 1.00807284742e-09, 6.47257136777e-10, 7.98981603101e-10, 8.10783995497e-10, 7.91516963083e-10, 2.56656751407e-10, 1.44137618507e-10, 5.66816871217e-10, 5.99607585805e-10, 3.59978907793e-10, 3.9683204639e-11], "var": [4.83802938461, 653.682861328, 2433.48535156, 173.02204895, 72.3823623657, 52.3387870789, 136.219055176, 1150.43591309, 1205.31115723, 10213.5927734, 14057.1484375, 15000.796875, 6062.42626953, 3294.16064453, 6232.01953125, 365.893341064, 18.4678783417, 82.5021896362, 57.5764160156, 31.5278167725, 77.236579895, 19.7643737793, 7.85360527039, 6.54298734665, 1.74293136597, 0.901783227921, 1.65181601048, 2.80198860168, 4.31267881393, 3.7880961895, 1.96783828735, 0.80948138237, 0.235060930252, 0.081205278635, 0.046516533941, 0.0017094068462, 7.94942170614e-05, 4.23049277742e-06, 5.5560377632e-08, 1.93804066129e-08]}, "gfcc": {"mean": [-171.87361145, 173.979019165, -76.4004364014, 9.43738937378, -35.2112045288, 8.04361820221, -18.1186408997, 3.71122598648, -8.42475700378, -4.95113754272, -3.94787168503, -4.2655134201, -8.72327613831], "cov": [[9135.23339844, -1150.72216797, -571.023071289, 525.705688477, -814.485412598, 251.693969727, -157.045455933, 451.063049316, 7.61958932877, 194.432693481, -14.4019966125, 71.832611084, -30.8316287994], [-1150.72216797, 3448.10693359, 582.469299316, -1229.16308594, 808.027709961, -515.97479248, 458.44229126, -242.762496948, 284.57598877, -375.4453125, 253.340713501, -277.446716309, 155.46711731], [-571.023071289, 582.469299316, 893.326171875, 18.4496498108, 366.688232422, 67.981552124, 218.929000854, -36.9382019043, 31.1425132751, -42.9489059448, 50.1631355286, -40.235080719, 44.8317947388], [525.705688477, -1229.16308594, 18.4496498108, 836.338134766, -185.810791016, 251.713638306, -120.24054718, 76.7323455811, -80.5523071289, 110.396102905, -51.6424598694, 105.946731567, -12.3873472214], [-814.485412598, 808.027709961, 366.688232422, -185.810791016, 533.050292969, -56.4862785339, 174.416000366, -90.8811798096, 81.9032745361, -91.5209732056, 66.6463851929, -30.5085506439, 70.2539825439], [251.693969727, -515.97479248, 67.981552124, 251.713638306, -56.4862785339, 211.491500854, 27.2126750946, 64.068107605, -26.6214370728, 56.4593238831, -29.8012733459, 47.9495544434, 7.69427871704], [-157.045455933, 458.44229126, 218.929000854, -120.24054718, 174.416000366, 27.2126750946, 266.303344727, 36.1556091309, 97.6103057861, -43.0946998596, 75.2086029053, -14.7579288483, 80.5512695312], [451.063049316, -242.762496948, -36.9382019043, 76.7323455811, -90.8811798096, 64.068107605, 36.1556091309, 149.811569214, 13.0026102066, 40.1439666748, 9.31202697754, 44.525100708, 4.57789516449], [7.61958932877, 284.57598877, 31.1425132751, -80.5523071289, 81.9032745361, -26.6214370728, 97.6103057861, 13.0026102066, 107.857688904, 1.05088222027, 43.8466377258, -30.5384540558, 25.9896373749], [194.432693481, -375.4453125, -42.9489059448, 110.396102905, -91.5209732056, 56.4593238831, -43.0946998596, 40.1439666748, 1.05088222027, 146.468780518, 19.770149231, 39.6811523438, -43.8644561768], [-14.4019966125, 253.340713501, 50.1631355286, -51.6424598694, 66.6463851929, -29.8012733459, 75.2086029053, 9.31202697754, 43.8466377258, 19.770149231, 134.044754028, 47.4828033447, 38.143989563], [71.832611084, -277.446716309, -40.235080719, 105.946731567, -30.5085506439, 47.9495544434, -14.7579288483, 44.525100708, -30.5384540558, 39.6811523438, 47.4828033447, 152.532745361, 56.9233398438], [-30.8316287994, 155.46711731, 44.8317947388, -12.3873472214, 70.2539825439, 7.69427871704, 80.5512695312, 4.57789516449, 25.9896373749, -43.8644561768, 38.143989563, 56.9233398438, 117.919075012]], "icov": [[0.00015345227439, -0.000132330140332, 6.08588525211e-05, -0.000114054171718, 0.000196412089281, -0.000233421393204, 0.000224095041631, -0.000435004476458, -4.21408949478e-05, -0.000117384617624, -1.65814253705e-05, 0.0001263130398, -0.000148500083014], [-0.000132330140332, 0.00307191628963, -0.00114588800352, 0.00227648229338, -0.00111283059232, 0.00239360029809, -7.31515756343e-05, 0.000885762739927, -0.00190684117842, 0.00346902012825, -0.00401946296915, 0.00298438756727, -0.00131723389495], [6.08588525211e-05, -0.00114588800352, 0.00251723802648, -0.00126702419948, -0.000918448960874, -0.00112891569734, -0.00167344079819, -0.000259157881374, 0.0027450020425, -0.00190389680211, 0.00113397522364, 1.2062215319e-05, 0.000524732808117], [-0.000114054171718, 0.00227648229338, -0.00126702419948, 0.00408946303651, -0.00051261484623, -0.00108297553379, 0.00192773155868, 0.000529097917024, -0.00213220412843, 0.0026169649791, -0.00326705118641, 0.00172702968121, -0.00141465198249], [0.000196412089281, -0.00111283059232, -0.000918448960874, -0.00051261484623, 0.00468902569264, -0.000906541070435, -0.000568964227568, 0.00174596905708, -0.00214568339288, 0.000469861231977, 0.00123713025823, -0.00262270797975, 0.000913850206416], [-0.000233421393204, 0.00239360029809, -0.00112891569734, -0.00108297553379, -0.000906541070435, 0.0139751825482, -0.00584852416068, -0.000338468293194, 0.00241896137595, -0.00146648124792, 0.00187922816258, 0.000625052431133, -0.001253128401], [0.000224095041631, -7.31515756343e-05, -0.00167344079819, 0.00192773155868, -0.000568964227568, -0.00584852416068, 0.0139581896365, -0.00424575898796, -0.0066257067956, 0.00285754492506, -0.00511078350246, 0.00379952089861, -0.00531337037683], [-0.000435004476458, 0.000885762739927, -0.000259157881374, 0.000529097917024, 0.00174596905708, -0.000338468293194, -0.00424575898796, 0.0125736361369, -0.00347688235343, 0.00118007487617, 0.00080969784176, -0.00482044601813, 0.00353695312515], [-4.21408949478e-05, -0.00190684117842, 0.0027450020425, -0.00213220412843, -0.00214568339288, 0.00241896137595, -0.0066257067956, -0.00347688235343, 0.0240037236363, -0.00929005537182, -0.000246831419645, 0.00714245671406, -0.00509736035019], [-0.000117384617624, 0.00346902012825, -0.00190389680211, 0.0026169649791, 0.000469861231977, -0.00146648124792, 0.00285754492506, 0.00118007487617, -0.00929005537182, 0.0184699296951, -0.00792515929788, -0.00218395399861, 0.00674836710095], [-1.65814253705e-05, -0.00401946296915, 0.00113397522364, -0.00326705118641, 0.00123713025823, 0.00187922816258, -0.00511078350246, 0.00080969784176, -0.000246831419645, -0.00792515929788, 0.0203539691865, -0.0112866228446, 0.00309151480906], [0.0001263130398, 0.00298438756727, 1.2062215319e-05, 0.00172702968121, -0.00262270797975, 0.000625052431133, 0.00379952089861, -0.00482044601813, 0.00714245671406, -0.00218395399861, -0.0112866228446, 0.0226173624396, -0.0142651759088], [-0.000148500083014, -0.00131723389495, 0.000524732808117, -0.00141465198249, 0.000913850206416, -0.001253128401, -0.00531337037683, 0.00353695312515, -0.00509736035019, 0.00674836710095, 0.00309151480906, -0.0142651759088, 0.0223797336221]]}, "melbands": {"dmean": [0.00379143143073, 0.00520500726998, 0.000382233236451, 9.70934706856e-05, 4.84485281049e-05, 9.99054755084e-05, 7.31024701963e-05, 9.22229519347e-05, 8.23698574095e-05, 5.21223228134e-05, 3.64699626516e-05, 1.11247927634e-05, 1.54567114805e-05, 8.8835176939e-06, 2.46713352681e-06, 2.07595871871e-06, 3.38725999427e-06, 2.48763421951e-06, 1.08694200662e-06, 2.04858088182e-06, 1.6354415493e-06, 7.94373761437e-07, 6.33652632587e-07, 3.54707623273e-07, 3.55788671413e-07, 1.82168619745e-07, 1.78598952516e-07, 1.05920165083e-07, 1.26115139665e-07, 1.34441933142e-07, 1.57683999191e-07, 1.65308179589e-07, 1.97316182948e-07, 1.65232364679e-07, 1.14793195394e-07, 9.64740323184e-08, 7.29088966978e-08, 5.74732581526e-08, 3.23686144554e-08, 3.9951792985e-08], "dmean2": [0.00542332138866, 0.00775304250419, 0.000575821672101, 0.000151567277499, 7.25403515389e-05, 0.000157070098794, 0.000112861445814, 0.000131896711537, 0.000117954143207, 6.03993721597e-05, 4.97529472341e-05, 1.4438080143e-05, 1.87215082406e-05, 1.14207350634e-05, 3.76120055989e-06, 3.53985956281e-06, 5.4428896874e-06, 4.41453494204e-06, 1.84189502761e-06, 3.37452115673e-06, 2.54767792285e-06, 1.12495979465e-06, 9.70926407717e-07, 5.50607012428e-07, 5.1081917718e-07, 2.71738684887e-07, 2.76348941952e-07, 1.60217595635e-07, 1.95263766045e-07, 2.03904178875e-07, 2.29716349054e-07, 2.53553338325e-07, 3.15932936701e-07, 2.66914298663e-07, 1.82096002277e-07, 1.56573065624e-07, 1.23981479305e-07, 9.8695963402e-08, 5.07001480798e-08, 6.44606075184e-08], "dvar": [0.000163175180205, 0.000274672871456, 1.76178980382e-06, 5.91806568195e-08, 1.8731700635e-08, 1.20666868497e-07, 8.12432077169e-08, 4.7622725674e-07, 3.00933720609e-07, 7.8658516145e-08, 2.61770534138e-08, 8.1296542831e-09, 1.7417177034e-08, 3.10930658998e-09, 8.94830876064e-11, 1.26667315525e-10, 2.11966763586e-10, 2.65172439562e-10, 5.04744371299e-11, 1.92315080527e-10, 1.16597995148e-10, 1.63255520214e-11, 1.11416396942e-11, 3.33654718437e-12, 2.39131392639e-12, 7.77732479113e-13, 7.12974763863e-13, 2.0677085261e-13, 4.99336954164e-13, 4.89926350357e-13, 8.98754595052e-13, 1.06909847728e-12, 2.16980274893e-12, 1.0183609598e-12, 6.9864486375e-13, 5.95655089922e-13, 3.55713126055e-13, 2.24905218147e-13, 4.06823317709e-14, 7.87502387519e-14], "dvar2": [0.000331807153998, 0.000595379271545, 3.86713418266e-06, 1.38336389455e-07, 4.11141982681e-08, 3.27960123059e-07, 2.046208607e-07, 8.27705491702e-07, 6.83561665937e-07, 1.12945336639e-07, 4.90162790356e-08, 9.80751302393e-09, 3.03579525962e-08, 5.21841148071e-09, 1.82285617156e-10, 3.47391393429e-10, 5.38908528913e-10, 7.49421302793e-10, 1.34129707341e-10, 5.11574060891e-10, 3.01365321587e-10, 3.39024398832e-11, 2.28370083261e-11, 7.16908260187e-12, 4.32664841454e-12, 1.68173721476e-12, 1.60480428859e-12, 4.17813000994e-13, 1.14000855197e-12, 1.02680006425e-12, 1.75473730598e-12, 2.44653711352e-12, 5.55931299259e-12, 2.39898725884e-12, 1.68340601875e-12, 1.54634161378e-12, 9.67537356657e-13, 6.19978569351e-13, 9.94042020463e-14, 2.05067516787e-13], "max": [0.287200927734, 0.288419872522, 0.0269529260695, 0.00667845876887, 0.00277852918953, 0.00689813122153, 0.00708663044497, 0.0181724410504, 0.016433050856, 0.00870994012803, 0.00381656223908, 0.00407651765272, 0.0053703575395, 0.00213589495979, 0.00022262019047, 0.000226625648793, 0.000212087063119, 0.000285400048597, 0.000135615860927, 0.000313489523251, 0.000265507958829, 7.74846485001e-05, 6.09574381087e-05, 3.47026871168e-05, 3.60118356184e-05, 1.37493752845e-05, 1.43356610351e-05, 7.34000832381e-06, 1.25732349261e-05, 1.39338580993e-05, 2.20096080739e-05, 2.59010157606e-05, 3.83922124456e-05, 2.3415132091e-05, 2.2256605007e-05, 2.03596573556e-05, 1.51172180267e-05, 1.18008410936e-05, 4.94763980896e-06, 6.69767359796e-06], "mean": [0.00783186592162, 0.0106193386018, 0.000902166473679, 0.00029425721732, 0.00019854704442, 0.000353161012754, 0.000209249308682, 0.000245067640208, 0.000261800771113, 0.000184458374861, 0.000104689017462, 4.12584849983e-05, 3.5586879676e-05, 2.30129226111e-05, 5.64703941563e-06, 2.83052941086e-06, 6.78748165228e-06, 2.5842962259e-06, 1.07671826299e-06, 1.96551923182e-06, 1.90888545148e-06, 1.20188053643e-06, 7.70180406562e-07, 4.73464069728e-07, 5.56605584734e-07, 2.34230114415e-07, 2.27367095817e-07, 1.4352426092e-07, 1.52101463868e-07, 1.56471017476e-07, 1.74761296989e-07, 1.68317697558e-07, 1.98730859324e-07, 1.69349931411e-07, 1.13477227615e-07, 9.0462975777e-08, 6.62775647697e-08, 4.90420504207e-08, 3.57760718828e-08, 3.8812576264e-08], "median": [0.000421896926127, 0.000970841792878, 0.000128897780087, 8.72632299433e-05, 3.75573836209e-05, 3.7807985791e-05, 2.33080045291e-05, 9.76594583335e-06, 7.96962467575e-06, 7.35014828024e-06, 3.70175689568e-06, 2.66143911176e-06, 2.02409955818e-06, 2.05819765142e-06, 7.8341599874e-07, 6.10548568147e-07, 6.4882163997e-07, 3.48175404952e-07, 1.47525625493e-07, 1.88039280147e-07, 1.59609697903e-07, 6.87050913939e-08, 1.03516200056e-07, 5.67270959095e-08, 5.50584360326e-08, 2.87628196816e-08, 2.13055244558e-08, 1.12375184713e-08, 8.23121748539e-09, 5.24616083908e-09, 3.74049280438e-09, 3.99734556567e-09, 4.59607463199e-09, 4.27890478605e-09, 2.44371611835e-09, 1.76330328117e-09, 1.21563470401e-09, 1.00822372673e-09, 1.02373276523e-09, 5.86884985054e-10], "min": [8.26566191794e-14, 1.04909021737e-13, 1.0031288544e-13, 6.11561853676e-14, 2.04109766469e-14, 1.18917259395e-14, 2.2715639794e-14, 1.39650034023e-14, 2.69376255446e-15, 5.03254630622e-15, 1.36649400749e-15, 7.66506054354e-16, 1.48427436232e-15, 5.84578676817e-16, 7.61765263888e-16, 4.84802536674e-16, 4.73741609872e-16, 5.03327517807e-16, 3.61931699117e-16, 2.93219221766e-16, 5.20896410502e-16, 8.87663529547e-17, 6.50817103278e-17, 6.01775814691e-17, 2.01653914611e-16, 2.70133232909e-16, 3.18612422492e-16, 1.69381310811e-16, 1.23101468746e-16, 2.21705725572e-16, 3.90487720868e-16, 9.50087951936e-16, 6.28312999587e-16, 5.29215650472e-16, 4.29776788261e-16, 2.72087867314e-16, 6.11077996693e-16, 6.32633291134e-16, 6.64488612094e-16, 6.83803292632e-16], "var": [0.000613331561908, 0.000785249634646, 4.9130262596e-06, 3.57515489213e-07, 1.49546096395e-07, 5.29613089384e-07, 2.60111818307e-07, 1.43642330386e-06, 8.49102491429e-07, 4.91246680667e-07, 1.46724204342e-07, 6.42868656087e-08, 4.64466367589e-08, 9.35258182011e-09, 3.77102238325e-10, 9.21717563385e-11, 3.78645698129e-10, 1.6786749768e-10, 3.66292170206e-11, 1.4327966591e-10, 9.91535187289e-11, 2.70607113106e-11, 1.30172895033e-11, 3.860175634e-12, 5.56406223179e-12, 9.85550833651e-13, 8.46890266248e-13, 3.03429888637e-13, 5.62114482565e-13, 6.08109970799e-13, 1.17287527347e-12, 1.11401231122e-12, 1.80815757332e-12, 1.01674864274e-12, 6.42034277305e-13, 4.69775260359e-13, 2.55896188571e-13, 1.52639145355e-13, 4.00877824046e-14, 6.58769642569e-14]}, "mfcc": {"mean": [-822.080993652, 198.105651855, 31.8716220856, 17.4363498688, 11.7795667648, 8.27731323242, 5.16888809204, 10.5799970627, 1.81050848961, 4.43199539185, 6.40057373047, 1.56061959267, 2.96616649628], "cov": [[6247.94042969, -345.2996521, -682.463012695, 177.924880981, -339.068634033, -181.019561768, -199.85975647, 54.1219787598, -27.7658462524, 52.6297035217, 71.1423950195, 135.925918579, 159.451644897], [-345.2996521, 3474.29736328, 290.336212158, -428.30166626, 140.954116821, -216.329345703, 129.870193481, 38.0796127319, 41.4181022644, 93.6458969116, -8.72703266144, -37.2340736389, 0.591713368893], [-682.463012695, 290.336212158, 492.983917236, 100.701087952, 123.751922607, 127.7706604, 147.420532227, 45.5039100647, 42.7041931152, 24.557718277, 14.2816495895, 0.20617030561, -21.8401794434], [177.924880981, -428.30166626, 100.701087952, 323.671661377, 69.2171783447, 114.286048889, 52.2844200134, 51.6345748901, 23.7444458008, 6.98552274704, 12.7406959534, 12.8941602707, 19.784362793], [-339.068634033, 140.954116821, 123.751922607, 69.2171783447, 219.174087524, 93.3413696289, 49.4630508423, 15.6030101776, 5.52347993851, -8.27459144592, -13.7613420486, -8.70838451385, -12.8582572937], [-181.019561768, -216.329345703, 127.7706604, 114.286048889, 93.3413696289, 189.940811157, 73.9052352905, 25.36328125, 38.8312797546, 10.9243879318, 14.1498203278, 11.9696865082, -0.511539876461], [-199.85975647, 129.870193481, 147.420532227, 52.2844200134, 49.4630508423, 73.9052352905, 141.138000488, 77.2729263306, 39.5028991699, 21.8103713989, 6.20587348938, 12.6066303253, 33.3014411926], [54.1219787598, 38.0796127319, 45.5039100647, 51.6345748901, 15.6030101776, 25.36328125, 77.2729263306, 123.312942505, 61.5281829834, 8.1809091568, -17.1799716949, -14.0667572021, 22.2923603058], [-27.7658462524, 41.4181022644, 42.7041931152, 23.7444458008, 5.52347993851, 38.8312797546, 39.5028991699, 61.5281829834, 95.3179321289, 44.3842430115, 2.92516565323, -12.3551139832, -11.4825220108], [52.6297035217, 93.6458969116, 24.557718277, 6.98552274704, -8.27459144592, 10.9243879318, 21.8103713989, 8.1809091568, 44.3842430115, 84.133644104, 51.2759742737, 3.99831795692, -21.1107540131], [71.1423950195, -8.72703266144, 14.2816495895, 12.7406959534, -13.7613420486, 14.1498203278, 6.20587348938, -17.1799716949, 2.92516565323, 51.2759742737, 84.5704803467, 48.2310638428, -3.33594846725], [135.925918579, -37.2340736389, 0.20617030561, 12.8941602707, -8.70838451385, 11.9696865082, 12.6066303253, -14.0667572021, -12.3551139832, 3.99831795692, 48.2310638428, 107.087806702, 77.6483154297], [159.451644897, 0.591713368893, -21.8401794434, 19.784362793, -12.8582572937, -0.511539876461, 33.3014411926, 22.2923603058, -11.4825220108, -21.1107540131, -3.33594846725, 77.6483154297, 142.289215088]], "icov": [[0.000245742354309, -7.79035544838e-05, 0.000303067936329, -0.000342780374922, 0.000353322218871, -0.000202505427296, 0.000506781623699, -0.000602568790782, 0.000486487930175, -0.00055371056078, 0.000325973087456, -0.000503271759953, 6.55071489746e-05], [-7.79035544838e-05, 0.000570261094254, -0.000485887838295, 0.000849815318361, -0.000846173497848, 0.00109224056359, -0.00063449377194, 0.000274813122815, -0.000337385718012, -0.000487674056785, -0.000103580860014, 0.000446598220151, -0.000420630094595], [0.000303067936329, -0.000485887838295, 0.00433370936662, -0.00151808757801, 6.25789616606e-05, -0.000894380966201, -0.00368901109323, 0.00126668554731, -0.000559012463782, 0.000936420401558, 0.000153530869284, -0.00130260386504, 0.00201429310255], [-0.000342780374922, 0.000849815318361, -0.00151808757801, 0.00592105882242, -0.00177272397559, -0.0011509101605, 0.000692821573466, -0.00208306708373, 0.000872755190358, -0.00102584075648, -0.0011061191326, 0.00141509599052, -0.0015557652805], [0.000353322218871, -0.000846173497848, 6.25789616606e-05, -0.00177272397559, 0.00807067193091, -0.00449318112805, 0.00116475147661, -0.00166888372041, 0.00318824523129, -0.00111053034198, 0.00351141649298, -0.00237678759731, 0.00203758268617], [-0.000202505427296, 0.00109224056359, -0.000894380966201, -0.0011509101605, -0.00449318112805, 0.013371839188, -0.00716976542026, 0.00625071721151, -0.00818989425898, 0.00515290070325, -0.00433289399371, 0.00160532188602, -0.00028812958044], [0.000506781623699, -0.00063449377194, -0.00368901109323, 0.000692821573466, 0.00116475147661, -0.00716976542026, 0.0236597508192, -0.0150005500764, 0.00804962404072, -0.00908434856683, 0.00285924877971, -0.0020160486456, -0.00386656774208], [-0.000602568790782, 0.000274813122815, 0.00126668554731, -0.00208306708373, -0.00166888372041, 0.00625071721151, -0.0150005500764, 0.0262757707387, -0.0184232536703, 0.0122385071591, -0.00611742166802, 0.00864206068218, -0.00410646619275], [0.000486487930175, -0.000337385718012, -0.000559012463782, 0.000872755190358, 0.00318824523129, -0.00818989425898, 0.00804962404072, -0.0184232536703, 0.0325938314199, -0.0239270590246, 0.0158108156174, -0.00905292946845, 0.00490143895149], [-0.00055371056078, -0.000487674056785, 0.000936420401558, -0.00102584075648, -0.00111053034198, 0.00515290070325, -0.00908434856683, 0.0122385071591, -0.0239270590246, 0.0432524271309, -0.0315170958638, 0.0149211017415, -0.00335942930542], [0.000325973087456, -0.000103580860014, 0.000153530869284, -0.0011061191326, 0.00351141649298, -0.00433289399371, 0.00285924877971, -0.00611742166802, 0.0158108156174, -0.0315170958638, 0.0472424440086, -0.0291140321642, 0.0139986891299], [-0.000503271759953, 0.000446598220151, -0.00130260386504, 0.00141509599052, -0.00237678759731, 0.00160532188602, -0.0020160486456, 0.00864206068218, -0.00905292946845, 0.0149211017415, -0.0291140321642, 0.0373413674533, -0.0205025337636], [6.55071489746e-05, -0.000420630094595, 0.00201429310255, -0.0015557652805, 0.00203758268617, -0.00028812958044, -0.00386656774208, -0.00410646619275, 0.00490143895149, -0.00335942930542, 0.0139986891299, -0.0205025337636, 0.0206268653274]]}, "spectral_contrast_coeffs": {"dmean": [0.0367206037045, 0.0292763747275, 0.0234138518572, 0.0205414574593, 0.0145641993731, 0.0115604763851], "dmean2": [0.0621537603438, 0.048223555088, 0.0362677760422, 0.0341937355697, 0.0238003525883, 0.018885737285], "dvar": [0.00105928059202, 0.000874707126059, 0.000673330621794, 0.000380893296096, 0.000176311528776, 0.000127095743665], "dvar2": [0.00277495407499, 0.00199331738986, 0.00133963348344, 0.00106324767694, 0.000446752499556, 0.000321759784129], "max": [-0.383018672466, -0.350351929665, -0.445801764727, -0.605081677437, -0.657212376595, -0.732446432114], "mean": [-0.646136105061, -0.681446731091, -0.735724687576, -0.789885818958, -0.830402851105, -0.818521559238], "median": [-0.654104232788, -0.689217209816, -0.749384403229, -0.791194200516, -0.832550287247, -0.820801019669], "min": [-0.950965821743, -0.937360703945, -0.971533417702, -0.929980397224, -0.937512218952, -0.923901319504], "var": [0.00959592685103, 0.00830599386245, 0.00786945782602, 0.00299977418035, 0.00147173146252, 0.000731932406779]}, "spectral_contrast_valleys": {"dmean": [0.384502381086, 0.302213013172, 0.262462377548, 0.284538120031, 0.236852601171, 0.273180186749], "dmean2": [0.632141053677, 0.474684745073, 0.393891632557, 0.431283652782, 0.355359166861, 0.380977064371], "dvar": [0.183017492294, 0.161911040545, 0.167442262173, 0.207713738084, 0.20403458178, 0.315391868353], "dvar2": [0.325746119022, 0.25994902