{"lowlevel": {"average_loudness": 0.730393946171, "barkbands_crest": {"dmean": 2.0567843914, "dmean2": 3.28118062019, "dvar": 3.10898280144, "dvar2": 8.04490089417, "max": 25.3508796692, "mean": 12.8536090851, "median": 12.2976980209, "min": 4.24069976807, "var": 17.3003463745}, "barkbands_flatness_db": {"dmean": 0.015424720943, "dmean2": 0.0241619292647, "dvar": 0.000150686348206, "dvar2": 0.00038526894059, "max": 0.357423037291, "mean": 0.222054481506, "median": 0.223948776722, "min": 0.0580894611776, "var": 0.00222087441944}, "barkbands_kurtosis": {"dmean": 2.77386426926, "dmean2": 4.27427768707, "dvar": 11.3845596313, "dvar2": 29.0468502045, "max": 71.9370117188, "mean": 7.80708694458, "median": 5.91925573349, "min": -1.74471962452, "var": 48.7962150574}, "barkbands_skewness": {"dmean": 0.432256758213, "dmean2": 0.657253921032, "dvar": 0.157859757543, "dvar2": 0.406451970339, "max": 7.56536054611, "mean": 2.27809429169, "median": 2.19433355331, "min": -3.20196008682, "var": 1.10745298862}, "barkbands_spread": {"dmean": 1.67535126209, "dmean2": 2.58900308609, "dvar": 4.53593158722, "dvar2": 11.4723777771, "max": 84.8313293457, "mean": 10.1681079865, "median": 8.29787826538, "min": 1.27156794071, "var": 52.093460083}, "dissonance": {"dmean": 0.0243236683309, "dmean2": 0.0406593643129, "dvar": 0.000418522860855, "dvar2": 0.0011084646685, "max": 0.499979645014, "mean": 0.428285330534, "median": 0.430895209312, "min": 0.208270594478, "var": 0.00108007155359}, "dynamic_complexity": 3.85324025154, "erbbands_crest": {"dmean": 2.16992044449, "dmean2": 3.38706278801, "dvar": 4.43697547913, "dvar2": 11.3228435516, "max": 31.5975170135, "mean": 10.4364442825, "median": 9.74729156494, "min": 2.35407376289, "var": 15.0290842056}, "erbbands_flatness_db": {"dmean": 0.0114373080432, "dmean2": 0.0172248687595, "dvar": 0.000104910242953, "dvar2": 0.000248227559496, "max": 0.363831460476, "mean": 0.231151178479, "median": 0.239191740751, "min": 0.0671286657453, "var": 0.00194395938888}, "erbbands_kurtosis": {"dmean": 0.975365817547, "dmean2": 1.49966979027, "dvar": 1.63380098343, "dvar2": 3.5617916584, "max": 31.1674842834, "mean": 1.70830535889, "median": 1.14674830437, "min": -1.48175835609, "var": 5.15799760818}, "erbbands_skewness": {"dmean": 0.251233816147, "dmean2": 0.376260727644, "dvar": 0.0529230311513, "dvar2": 0.118406429887, "max": 4.67141962051, "mean": 1.09752953053, "median": 1.05979514122, "min": -1.05115354061, "var": 0.297781378031}, "erbbands_spread": {"dmean": 4.12468338013, "dmean2": 6.28121089935, "dvar": 15.7619953156, "dvar2": 37.7493972778, "max": 108.910255432, "mean": 27.1802940369, "median": 25.1533164978, "min": 3.39630413055, "var": 145.159820557}, "hfc": {"dmean": 2.3243932724, "dmean2": 3.53204274178, "dvar": 8.91120052338, "dvar2": 20.8499660492, "max": 82.7341003418, "mean": 14.2906064987, "median": 13.3301448822, "min": 1.21533504882e-16, "var": 77.7363052368}, "melbands_crest": {"dmean": 1.9897569418, "dmean2": 3.0107357502, "dvar": 3.09823799133, "dvar2": 7.40217018127, "max": 31.1414852142, "mean": 15.3782520294, "median": 15.2351894379, "min": 1.75306844711, "var": 20.6486225128}, "melbands_flatness_db": {"dmean": 0.0156747847795, "dmean2": 0.0243149101734, "dvar": 0.000158531562192, "dvar2": 0.000400386052206, "max": 0.417330175638, "mean": 0.256210535765, "median": 0.258770167828, "min": 0.00380748813041, "var": 0.00259848707356}, "melbands_kurtosis": {"dmean": 5.21196222305, "dmean2": 8.05759429932, "dvar": 38.1451683044, "dvar2": 98.1530990601, "max": 154.809036255, "mean": 15.2477674484, "median": 11.9223670959, "min": -1.51715373993, "var": 170.787719727}, "melbands_skewness": {"dmean": 0.564681231976, "dmean2": 0.860704362392, "dvar": 0.255558252335, "dvar2": 0.655703902245, "max": 10.1173219681, "mean": 2.87022399902, "median": 2.76802301407, "min": -0.703754961491, "var": 1.66587543488}, "melbands_spread": {"dmean": 1.96670842171, "dmean2": 2.98758387566, "dvar": 7.69157028198, "dvar2": 15.3193225861, "max": 195.201309204, "mean": 11.0494070053, "median": 9.36469841003, "min": 1.48858308792, "var": 151.343017578}, "pitch_salience": {"dmean": 0.0495352111757, "dmean2": 0.0769110769033, "dvar": 0.00187950395048, "dvar2": 0.00438815215603, "max": 0.945855438709, "mean": 0.482313245535, "median": 0.481182813644, "min": 0.133405715227, "var": 0.0117058409378}, "silence_rate_20dB": {"dmean": 0, "dmean2": 0, "dvar": 0, "dvar2": 0, "max": 1, "mean": 1, "median": 1, "min": 1, "var": 0}, "silence_rate_30dB": {"dmean": 0.00104950147215, "dmean2": 0.00209937011823, "dvar": 0.00104833138175, "dvar2": 0.00209513446316, "max": 1, "mean": 0.997376680374, "median": 1, "min": 0, "var": 0.0026163039729}, "silence_rate_60dB": {"dmean": 0.00279867067002, "dmean2": 0.00559832062572, "dvar": 0.00279084639624, "dvar2": 0.00556700956076, "max": 1, "mean": 0.100034974515, "median": 0, "min": 0, "var": 0.0900278687477}, "spectral_centroid": {"dmean": 84.7696151733, "dmean2": 133.083480835, "dvar": 22326.5195312, "dvar2": 28270.2734375, "max": 11313.6337891, "mean": 727.813659668, "median": 666.438049316, "min": 302.301513672, "var": 148148.65625}, "spectral_complexity": {"dmean": 1.54521596432, "dmean2": 2.57907629013, "dvar": 1.92646431923, "dvar2": 4.9990272522, "max": 24, "mean": 12.3508214951, "median": 13, "min": 0, "var": 20.2322158813}, "spectral_decrease": {"dmean": 1.36457045663e-09, "dmean2": 2.08335926288e-09, "dvar": 2.6221069139e-18, "dvar2": 6.25778883804e-18, "max": 2.75672559551e-18, "mean": -6.73210598379e-09, "median": -6.11668093953e-09, "min": -4.34034141961e-08, "var": 2.0239698419e-17}, "spectral_energy": {"dmean": 0.00533449277282, "dmean2": 0.00814423151314, "dvar": 4.01217657782e-05, "dvar2": 9.5631898148e-05, "max": 0.168538346887, "mean": 0.0267046876252, "median": 0.024346627295, "min": 1.04011281576e-20, "var": 0.00030997954309}, "spectral_energyband_high": {"dmean": 4.05998143833e-05, "dmean2": 6.6638829594e-05, "dvar": 5.38206146317e-09, "dvar2": 1.50450620851e-08, "max": 0.00447042472661, "mean": 0.000256124098087, "median": 0.000117750118079, "min": 7.5592045681e-21, "var": 1.94085288285e-07}, "spectral_energyband_low": {"dmean": 0.000359521829523, "dmean2": 0.0005082191783, "dvar": 2.76137939181e-06, "dvar2": 4.7183557399e-06, "max": 0.0333122052252, "mean": 0.000528847740497, "median": 9.44168095884e-06, "min": 4.83963609444e-23, "var": 6.21194249106e-06}, "spectral_energyband_middle_high": {"dmean": 0.00110345217399, "dmean2": 0.00169801583979, "dvar": 2.41366183218e-06, "dvar2": 6.44446026854e-06, "max": 0.0398320890963, "mean": 0.00380193791352, "median": 0.00324693927541, "min": 1.26291688239e-21, "var": 8.46110197017e-06}, "spectral_energyband_middle_low": {"dmean": 0.00505206920207, "dmean2": 0.00767902750522, "dvar": 3.68738255929e-05, "dvar2": 9.0099980298e-05, "max": 0.165708377957, "mean": 0.0229529254138, "median": 0.0203799009323, "min": 2.3542441738e-22, "var": 0.000273559970083}, "spectral_entropy": {"dmean": 0.112913094461, "dmean2": 0.176017150283, "dvar": 0.00921604502946, "dvar2": 0.0226046815515, "max": 9.79476165771, "mean": 6.74460458755, "median": 6.67019462585, "min": 5.51011514664, "var": 0.210810512304}, "spectral_flux": {"dmean": 0.0140612050891, "dmean2": 0.0240966770798, "dvar": 0.000230585399549, "dvar2": 0.000681013916619, "max": 0.182273343205, "mean": 0.0492329336703, "median": 0.0472185313702, "min": 1.01985919709e-10, "var": 0.000658985809423}, "spectral_kurtosis": {"dmean": 2.44292736053, "dmean2": 4.2347817421, "dvar": 5.76104593277, "dvar2": 16.8139305115, "max": 23.9864120483, "mean": 6.51554298401, "median": 5.89873933792, "min": -1.19528925419, "var": 12.1555242538}, "spectral_rms": {"dmean": 0.000471145060146, "dmean2": 0.000716846669093, "dvar": 2.21825104063e-07, "dvar2": 5.42758527899e-07, "max": 0.0128229344264, "mean": 0.00472578313202, "median": 0.00487368507311, "min": 3.18550502816e-12, "var": 3.72030922335e-06}, "spectral_rolloff": {"dmean": 145.47492981, "dmean2": 248.669387817, "dvar": 130088.023438, "dvar2": 277055.0625, "max": 19530.6152344, "mean": 950.163330078, "median": 796.728515625, "min": 258.3984375, "var": 2833414.75}, "spectral_skewness": {"dmean": 0.24439842999, "dmean2": 0.414931774139, "dvar": 0.0478452593088, "dvar2": 0.136806741357, "max": 3.59716796875, "mean": 1.91947078705, "median": 1.89794063568, "min": -0.0410607121885, "var": 0.144575238228}, "spectral_spread": {"dmean": 226217.546875, "dmean2": 361439.21875, "dvar": 209804541952, "dvar2": 210274566144, "max": 40615380, "mean": 3942564.5, "median": 3096121.75, "min": 1933411.875, "var": 4120119083010.0}, "spectral_strongpeak": {"dmean": 0.412003606558, "dmean2": 0.684226810932, "dvar": 0.319043189287, "dvar2": 0.763046681881, "max": 7.74361467361, "mean": 1.20021355152, "median": 1.02870440483, "min": 0, "var": 0.794361531734}, "zerocrossingrate": {"dmean": 0.00436438200995, "dmean2": 0.00572987273335, "dvar": 5.15645224368e-05, "dvar2": 6.90436427249e-05, "max": 0.50927734375, "mean": 0.0450162366033, "median": 0.03369140625, "min": 0.01171875, "var": 0.00233900779858}, "barkbands": {"dmean": [4.80128119307e-06, 0.000146992999362, 0.000153745859279, 0.000240928522544, 0.00375634385273, 0.00116044911556, 0.000440810923465, 0.000718936906196, 0.000848446623422, 0.000768185418565, 0.000543641042896, 0.00035196103272, 6.28719717497e-05, 0.000110743800178, 2.69093943643e-05, 2.83785611828e-05, 5.09832643729e-05, 5.69764670217e-05, 5.16850304848e-05, 2.17203596549e-05, 1.90635964827e-05, 1.08371987153e-05, 8.90951378096e-06, 9.3755825219e-06, 8.72636064742e-06, 5.34033142685e-06, 2.7066167263e-07], "dmean2": [6.48076729703e-06, 0.000210498576052, 0.000228957898798, 0.000361871148925, 0.00594081683084, 0.00137461232953, 0.000625057495199, 0.0010525995167, 0.0012685743859, 0.00113047158811, 0.000846888171509, 0.000463237200165, 9.0389738034e-05, 0.000181213239557, 4.19263451477e-05, 4.61690833617e-05, 8.07039468782e-05, 9.20711026993e-05, 8.69613795658e-05, 3.63103863492e-05, 3.19640894304e-05, 1.83655574801e-05, 1.44995783558e-05, 1.50738851517e-05, 1.31258620968e-05, 8.51886761666e-06, 4.27429228012e-07], "dvar": [7.60699836455e-10, 4.92012361519e-07, 6.61546380343e-07, 1.26072518469e-06, 2.20534784603e-05, 2.07367088478e-06, 4.08695200349e-07, 2.01350667339e-06, 9.161075468e-06, 2.16607986658e-06, 1.20683318983e-06, 2.44316453291e-07, 6.83654866052e-09, 2.30327437123e-08, 1.86317894446e-09, 5.43306200029e-09, 4.53348425467e-09, 4.89690821226e-09, 3.42513195584e-09, 6.07261962937e-10, 6.76237732478e-10, 1.08287501188e-09, 1.48926715404e-09, 1.79369341602e-09, 1.6131397329e-09, 4.77778538954e-10, 1.39926178283e-12], "dvar2": [1.14409703933e-09, 9.61371938502e-07, 1.26523059407e-06, 2.68188864538e-06, 5.96386853431e-05, 2.91285141429e-06, 8.80917809809e-07, 4.58949170934e-06, 2.06008662644e-05, 5.65714981349e-06, 3.31830551659e-06, 3.82536313737e-07, 1.32230830729e-08, 5.82574521957e-08, 4.64332483574e-09, 1.52859165325e-08, 1.12310836187e-08, 1.25438326393e-08, 9.46349487663e-09, 1.68696456804e-09, 1.89112014937e-09, 3.2693094898e-09, 3.51281093103e-09, 4.30217417247e-09, 3.28138805017e-09, 1.12517251072e-09, 3.3413603915e-12], "max": [0.000776436005253, 0.0137513903901, 0.0179025866091, 0.0190343223512, 0.15003927052, 0.0433092787862, 0.0132982833311, 0.0313109233975, 0.088163562119, 0.0345065295696, 0.0345106124878, 0.0200619474053, 0.001471941825, 0.00220120023005, 0.000964521314017, 0.00204080133699, 0.00122490210924, 0.00115358957555, 0.00100682571065, 0.00039737438783, 0.00074022449553, 0.00186687370297, 0.00314167723991, 0.00242575583979, 0.00183755205944, 0.000898007187061, 5.49396354472e-05], "mean": [6.23968253421e-06, 0.000200336813577, 0.000180629489478, 0.000290471507469, 0.0115866083652, 0.00548554817215, 0.00140377192292, 0.00146772409789, 0.00137254304718, 0.00176244950853, 0.00108450348489, 0.000864632951561, 0.000136065893457, 0.000165386896697, 5.71847995161e-05, 5.16587861057e-05, 8.99381266208e-05, 0.000108136868221, 0.000115842638479, 6.15678582108e-05, 5.04622839799e-05, 3.05553694488e-05, 2.5578909117e-05, 3.45767293766e-05, 4.22308658017e-05, 2.89199797407e-05, 1.17023250823e-06], "median": [8.67158576057e-08, 2.6120549137e-06, 3.33172920364e-06, 5.55756378162e-06, 0.0079365670681, 0.00387779343873, 0.000896204030141, 0.000538693042472, 0.000300652725855, 0.000858266372234, 0.000622177263722, 0.000446444348199, 8.89224029379e-05, 9.13722469704e-05, 3.86153988075e-05, 2.01846778509e-05, 5.93643017055e-05, 8.09414632386e-05, 9.99007097562e-05, 5.27214724571e-05, 3.60421327059e-05, 1.51183248818e-05, 8.2804926933e-06, 4.88471096105e-06, 1.7904892502e-06, 1.76689908926e-07, 4.9028865412e-09], "min": [1.92740397043e-23, 8.80788286456e-24, 2.61329281066e-23, 7.18989207149e-24, 2.81712768436e-23, 1.95070455499e-23, 3.00916640541e-23, 4.69370660885e-23, 8.61603851884e-23, 2.54552035034e-23, 5.85758757079e-23, 4.18280557675e-23, 7.18936716344e-23, 1.47365969745e-22, 1.10555372257e-22, 9.91301735489e-23, 1.004950102e-22, 2.71069823134e-22, 1.58402007591e-22, 3.11330607921e-22, 4.05302975368e-22, 4.10344162584e-22, 6.85937503476e-22, 8.29723193292e-22, 1.11289073483e-21, 2.03306333112e-21, 2.24229701109e-21], "var": [1.6645139711e-09, 1.00070474218e-06, 9.86571308204e-07, 2.19512367039e-06, 0.000152062639245, 3.17041485687e-05, 2.6389013783e-06, 5.54205553271e-06, 1.65177752933e-05, 7.72172916186e-06, 2.35560105466e-06, 1.45524165873e-06, 2.48810589909e-08, 4.80199808806e-08, 4.63683802465e-09, 1.49607792821e-08, 9.94772975105e-09, 1.1053329807e-08, 8.33323721139e-09, 2.28237384547e-09, 2.66217936584e-09, 5.04139263668e-09, 9.42926270397e-09, 1.76151466746e-08, 2.14129727283e-08, 7.94151588934e-09, 1.50245389047e-11]}, "erbbands": {"dmean": [0.00393026368693, 0.0354456789792, 0.133758887649, 0.526946127415, 1.60545504093, 21.1642284393, 12.6929225922, 7.72176647186, 9.97469711304, 7.68733215332, 21.7750453949, 14.6672754288, 26.6040039062, 20.310842514, 12.3363676071, 18.0145492554, 3.40275979042, 5.91527271271, 1.28704226017, 1.6650441885, 1.90064144135, 1.69743263721, 3.53682041168, 2.60040807724, 2.79371452332, 1.11023032665, 0.561271548271, 0.878333687782, 0.309929639101, 0.368303328753, 0.241360023618, 0.195695817471, 0.162174284458, 0.115143299103, 0.0782468020916, 0.0378829315305, 0.008789149113, 0.000796422071289, 2.70081782219e-05, 6.12625080976e-06], "dmean2": [0.00570746324956, 0.0503218099475, 0.190678820014, 0.805960834026, 2.54069638252, 34.7753257751, 16.609418869, 9.39419269562, 12.4038619995, 10.6772174835, 33.2803192139, 21.6697063446, 38.1280708313, 31.2579059601, 19.7436141968, 23.6411533356, 4.79806041718, 9.6766576767, 2.07671761513, 2.53706932068, 3.04058861732, 2.6761610508, 5.6235704422, 4.49700212479, 4.68841600418, 1.83743047714, 0.947168469429, 1.46284198761, 0.517468988895, 0.611760139465, 0.382934063673, 0.300507366657, 0.239776223898, 0.166636541486, 0.106623515487, 0.056160684675, 0.0139749189839, 0.00122128915973, 4.1628452891e-05, 9.41177222558e-06], "dvar": [0.000400123011786, 0.0286812447011, 0.413160830736, 6.13835525513, 9.58065223694, 737.382446289, 232.367004395, 104.843788147, 219.305618286, 134.615463257, 4764.00537109, 2056.86279297, 2817.75341797, 1811.01818848, 464.52230835, 643.46307373, 17.1966743469, 65.4345245361, 3.29532933235, 7.01022672653, 7.67888689041, 4.69339609146, 21.6541538239, 12.655506134, 12.4745111465, 1.56233072281, 0.720234036446, 1.26294696331, 1.09148752689, 1.44677901268, 2.41065359116, 1.09982419014, 0.622820556164, 0.332255393267, 0.15448191762, 0.0247005131096, 0.00129503640346, 1.03478005258e-05, 8.13549672074e-09, 5.15529736955e-11], "dvar2": [0.000741664203815, 0.0567196421325, 0.795080959797, 12.2014112473, 20.3015594482, 2119.45898438, 370.680328369, 157.384292603, 319.154418945, 239.277175903, 10690.0751953, 4636.77734375, 7194.46337891, 5010.59667969, 1242.67077637, 1004.05004883, 32.4993972778, 166.55317688, 8.22077178955, 17.6209392548, 20.6029567719, 11.575466156, 53.3290214539, 37.0240211487, 34.0848731995, 4.31754875183, 2.05779266357, 3.4174592495, 2.90153574944, 4.1212272644, 5.75292921066, 2.65717101097, 1.18542957306, 0.620943427086, 0.252376407385, 0.054862216115, 0.00316585996188, 2.5473866117e-05, 2.03125036791e-08, 1.22185303542e-10], "max": [0.445505023003, 3.69037699699, 12.7780094147, 45.4133262634, 70.8668670654, 659.380004883, 670.096801758, 323.100402832, 414.442199707, 330.601074219, 1937.75964355, 1309.48950195, 1337.65380859, 1401.85583496, 325.579620361, 1036.52478027, 76.3572463989, 113.376075745, 37.2007026672, 62.68384552, 60.2076568604, 40.9566917419, 83.1420516968, 64.6484603882, 67.5201034546, 21.6739616394, 21.3146400452, 41.1672172546, 78.4218521118, 71.1956863403, 124.248008728, 71.5176239014, 49.2374725342, 32.9044036865, 18.9349269867, 5.75744771957, 1.60362994671, 0.153750225902, 0.00407787505537, 0.000186304736417], "mean": [0.00530180428177, 0.0477134436369, 0.172046646476, 0.710191071033, 4.28537893295, 55.0571784973, 58.7911682129, 35.7772445679, 36.4736289978, 20.7895545959, 35.4306945801, 28.4554481506, 61.3668174744, 42.8703460693, 25.8902645111, 45.2169532776, 9.56603908539, 9.4749546051, 2.58312106133, 4.01571655273, 4.00238466263, 3.51678395271, 6.62365198135, 5.34353160858, 5.82015657425, 3.20391988754, 1.68574392796, 2.36548566818, 0.98064917326, 1.0002207756, 0.723258376122, 0.6442745924, 0.562538325787, 0.449049830437, 0.321411848068, 0.162687793374, 0.0490917079151, 0.00500693917274, 0.00020966019656, 3.6405526771e-05], "median": [8.03898583399e-05, 0.000865514855832, 0.00564963091165, 0.0560862347484, 2.02720141411, 36.9438018799, 41.0526428223, 25.6790542603, 21.7854118347, 11.4682693481, 6.70858383179, 10.1218576431, 30.0448608398, 24.0142822266, 16.4450683594, 24.0309562683, 7.41040897369, 5.69622850418, 1.77552437782, 2.52876591682, 2.88864040375, 2.64011621475, 4.56108283997, 4.4269323349, 4.64449119568, 2.78435945511, 1.21872472763, 1.79874062538, 0.486564874649, 0.467578828335, 0.177654087543, 0.116379968822, 0.0660621672869, 0.0248078480363, 0.00885722227395, 0.00192303024232, 0.000238419917878, 3.37536039297e-05, 1.54868139361e-05, 3.02032349282e-05], "min": [2.38844059984e-22, 2.94175596914e-21, 2.62165637834e-20, 2.7334613088e-20, 4.82617429795e-20, 1.2368403892e-19, 1.25328667849e-19, 2.01730365022e-19, 4.51037392992e-19, 5.2695060124e-19, 1.44214214529e-18, 1.7729979501e-18, 1.3586022801e-18, 1.12024884242e-18, 2.20448492931e-18, 1.91580716734e-18, 3.46890452827e-18, 7.38924163506e-18, 3.89709395197e-18, 7.65220400616e-18, 5.84860078698e-18, 5.49720825891e-18, 1.12619556792e-17, 1.22355877921e-17, 1.25211065513e-17, 1.3680167742e-17, 1.6051386847e-17, 1.48391999815e-17, 1.6543946432e-17, 2.24793693369e-17, 1.38265464504e-17, 1.89262100526e-17, 1.51977364549e-17, 1.37139812311e-17, 6.74226273255e-18, 5.3128330091e-18, 4.32736352812e-18, 1.52323779518e-18, 3.14400080496e-19, 3.12389185039e-20], "var": [0.000775544787757, 0.0576556585729, 0.695493817329, 11.1616897583, 38.6762046814, 3378.140625, 3371.05517578, 1377.99536133, 2142.25317383, 816.165344238, 9215.65722656, 4144.75488281, 9347.109375, 3813.58520508, 916.376342773, 3855.19726562, 79.1233825684, 134.697219849, 8.19773578644, 25.5675640106, 20.0056667328, 11.4037485123, 48.7167663574, 22.1151561737, 28.1774311066, 5.46856880188, 3.03827285767, 5.38189125061, 6.33166360855, 7.22273683548, 10.2334165573, 8.21218013763, 5.4239397049, 3.05938220024, 1.42136394978, 0.275643378496, 0.0244894996285, 0.000246185081778, 3.30363747025e-07, 7.49189876803e-10]}, "gfcc": {"mean": [-72.8852767944, 98.122756958, -152.590484619, -5.09892988205, -101.438461304, -24.0908966064, -50.0433921814, -17.7779769897, -44.5748558044, -15.9069604874, -4.97269821167, 4.01117134094, 4.42200613022], "cov": [[15936.8828125, 1640.41137695, -688.351135254, 107.528686523, -599.399902344, -47.8266563416, -265.427185059, 121.416282654, -214.991729736, -83.6226577759, 4.29890680313, -134.820373535, 39.8306922913], [1640.41137695, 1850.88439941, -519.825927734, 513.207275391, 120.226356506, -90.3063049316, 308.387878418, -188.920059204, 193.131622314, -312.701477051, 237.178955078, -218.215621948, 217.569763184], [-688.351135254, -519.825927734, 633.581176758, -13.8747959137, 168.78112793, 125.382896423, -62.7182159424, 99.7235336304, -72.1964187622, 140.803985596, -106.952850342, 90.5800323486, -91.3237304688], [107.528686523, 513.207275391, -13.8747959137, 321.505371094, 144.966934204, 46.725769043, 113.00214386, -43.7977981567, 97.2915420532, -73.2546310425, 76.0007705688, -62.5053062439, 58.3132476807], [-599.399902344, 120.226356506, 168.78112793, 144.966934204, 251.802612305, 80.9026794434, 74.2499694824, 3.85815572739, 23.6636371613, 5.7547416687, 2.37818193436, 4.94022703171, 15.3699789047], [-47.8266563416, -90.3063049316, 125.382896423, 46.725769043, 80.9026794434, 150.265625, 22.9477462769, 42.8490257263, 6.2403678894, 40.0882072449, -9.34810829163, 11.4511909485, -18.9239864349], [-265.427185059, 308.387878418, -62.7182159424, 113.00214386, 74.2499694824, 22.9477462769, 162.969696045, 13.0405492783, 63.1246757507, -59.4217681885, 47.2925987244, -37.771320343, 38.2217330933], [121.416282654, -188.920059204, 99.7235336304, -43.7977981567, 3.85815572739, 42.8490257263, 13.0405492783, 160.474761963, 27.8109035492, 58.4762916565, -31.5899925232, 14.6014652252, -41.6823501587], [-214.991729736, 193.131622314, -72.1964187622, 97.2915420532, 23.6636371613, 6.2403678894, 63.1246757507, 27.8109035492, 151.006774902, -4.08053159714, 36.6574783325, -54.0346336365, 6.84602308273], [-83.6226577759, -312.701477051, 140.803985596, -73.2546310425, 5.7547416687, 40.0882072449, -59.4217681885, 58.4762916565, -4.08053159714, 146.347381592, -30.8247241974, 35.8459396362, -69.7974090576], [4.29890680313, 237.178955078, -106.952850342, 76.0007705688, 2.37818193436, -9.34810829163, 47.2925987244, -31.5899925232, 36.6574783325, -30.8247241974, 115.780197144, -15.2870960236, 29.1863803864], [-134.820373535, -218.215621948, 90.5800323486, -62.5053062439, 4.94022703171, 11.4511909485, -37.771320343, 14.6014652252, -54.0346336365, 35.8459396362, -15.2870960236, 105.22744751, 1.83946216106], [39.8306922913, 217.569763184, -91.3237304688, 58.3132476807, 15.3699789047, -18.9239864349, 38.2217330933, -41.6823501587, 6.84602308273, -69.7974090576, 29.1863803864, 1.83946216106, 106.862754822]], "icov": [[0.000164603683515, -0.00052812078502, 0.000150444247993, -0.000191261540749, 0.000508774130139, -0.000380711921025, 0.000722884084098, -0.000687542604282, 0.000659603509121, -0.000369756569853, 0.000432736444054, -0.000230621517403, 0.000181511641131], [-0.00052812078502, 0.00404826691374, 0.000214302097447, -0.00159980752505, -0.00190457620192, 0.00235347053967, -0.00375154800713, 0.00263620633632, -0.00175303744618, 0.00205982383341, -0.00262336339802, 0.00275309034623, -0.00180161918979], [0.000150444247993, 0.000214302097447, 0.00431752204895, -0.00212746136822, -0.00180439930409, -0.000691724824719, 0.00123867904767, -0.00187583419029, 0.00234951800667, -0.00150855141692, 0.0021549325902, -0.00147309002932, 0.00162152270786], [-0.000191261540749, -0.00159980752505, -0.00212746136822, 0.0108078857884, -0.00335824838839, -0.00227475096472, 8.09654666227e-05, 0.0023342485074, -0.00489836884663, 0.00242830719799, -0.00274738902226, 0.00107115367427, -0.000793838349637], [0.000508774130139, -0.00190457620192, -0.00180439930409, -0.00335824838839, 0.0103736817837, -0.00277021364309, -0.00116637768224, -0.000642576836981, 0.00220056646504, -0.00274925446138, 0.00274524674751, -0.00178042380139, -0.000493299972732], [-0.000380711921025, 0.00235347053967, -0.000691724824719, -0.00227475096472, -0.00277021364309, 0.0112591804937, -0.00353448605165, 5.31704172317e-05, -0.000158433002071, -0.00101488805376, -0.00141848612111, 0.00133465218823, -0.000610615883488], [0.000722884084098, -0.00375154800713, 0.00123867904767, 8.09654666227e-05, -0.00116637768224, -0.00353448605165, 0.0165745783597, -0.00675620371476, 0.000683839258272, 0.0023791284766, -7.41466501495e-05, -0.00103141053114, 0.000909425143618], [-0.000687542604282, 0.00263620633632, -0.00187583419029, 0.0023342485074, -0.000642576836981, 5.31704172317e-05, -0.00675620371476, 0.0132411364466, -0.00614303397015, -3.33842262989e-06, -0.000330736336764, 0.000144673802424, 0.00017450453015], [0.000659603509121, -0.00175303744618, 0.00234951800667, -0.00489836884663, 0.00220056646504, -0.000158433002071, 0.000683839258272, -0.00614303397015, 0.0153201306239, -0.00545810069889, 0.00101738597732, 0.00316103501245, 0.000140141200973], [-0.000369756569853, 0.00205982383341, -0.00150855141692, 0.00242830719799, -0.00274925446138, -0.00101488805376, 0.0023791284766, -3.33842262989e-06, -0.00545810069889, 0.0169750973582, -0.00343158398755, -0.00154015806038, 0.00509394099936], [0.000432736444054, -0.00262336339802, 0.0021549325902, -0.00274738902226, 0.00274524674751, -0.00141848612111, -7.41466501495e-05, -0.000330736336764, 0.00101738597732, -0.00343158398755, 0.0154020618647, -0.00442230794579, 0.00133505719714], [-0.000230621517403, 0.00275309034623, -0.00147309002932, 0.00107115367427, -0.00178042380139, 0.00133465218823, -0.00103141053114, 0.000144673802424, 0.00316103501245, -0.00154015806038, -0.00442230794579, 0.0179928131402, -0.00675525143743], [0.000181511641131, -0.00180161918979, 0.00162152270786, -0.000793838349637, -0.000493299972732, -0.000610615883488, 0.000909425143618, 0.00017450453015, 0.000140141200973, 0.00509394099936, 0.00133505719714, -0.00675525143743, 0.0175525005907]]}, "melbands": {"dmean": [3.80116543965e-05, 6.08960326645e-05, 9.71864137682e-05, 0.000724933692254, 0.000602670537774, 0.000198805661057, 0.000138934396091, 9.26161301322e-05, 0.000212930244743, 8.36997351144e-05, 0.000132457789732, 7.82639181125e-05, 5.01747053931e-05, 4.19006464654e-05, 2.19191751967e-05, 4.93474772156e-06, 1.35276150104e-05, 2.16527882912e-06, 2.3367799713e-06, 2.85263331534e-06, 2.79856158159e-06, 2.6585487376e-06, 2.07068001146e-06, 2.66891970568e-06, 2.48454421126e-06, 1.86433123872e-06, 1.28823808154e-06, 9.03348677639e-07, 3.8765199406e-07, 6.6137806698e-07, 6.06224205058e-07, 2.30723159689e-07, 2.12054445115e-07, 2.34111197983e-07, 1.69769535319e-07, 1.3194261328e-07, 1.36404665341e-07, 1.38684200124e-07, 1.33638167199e-07, 1.17519590503e-07], "dmean2": [5.49495453015e-05, 8.60530562932e-05, 0.000145185258589, 0.00119703193195, 0.00087586621521, 0.000236809937633, 0.000175965818926, 0.000126850209199, 0.000325947592501, 0.000122565732454, 0.000190407328773, 0.000120776916447, 7.94236693764e-05, 5.72884891881e-05, 2.86502199742e-05, 7.02482066117e-06, 2.21737536776e-05, 3.46734850609e-06, 3.71104670194e-06, 4.51967434856e-06, 4.45750583822e-06, 4.19567413701e-06, 3.31710521095e-06, 4.27860686614e-06, 4.30012505603e-06, 3.11606891046e-06, 2.18462560042e-06, 1.4993000832e-06, 6.61591855078e-07, 1.11829933758e-06, 1.00769727851e-06, 3.85023440685e-07, 3.66860007261e-07, 3.78004699542e-07, 2.79245625734e-07, 1.94930606767e-07, 2.09956823483e-07, 2.04064249942e-07, 1.8588039552e-07, 1.64329080121e-07], "dvar": [3.4311945285e-08, 8.12451474985e-08, 1.92528730736e-07, 8.87666715244e-07, 5.1106076171e-07, 6.88931223181e-08, 4.1118145333e-08, 2.07105159689e-08, 5.4175546893e-07, 5.95551625793e-08, 7.12682677317e-08, 2.68919695401e-08, 8.41417069353e-09, 3.18179194103e-09, 8.83706385846e-10, 5.04566978476e-11, 3.43311823414e-10, 9.34895910687e-12, 1.618836315e-11, 4.86707826819e-11, 1.3110242926e-11, 1.23655191989e-11, 7.17413021351e-12, 1.07481679806e-11, 1.14398438639e-11, 5.05234612827e-12, 2.66197285569e-12, 1.07831137682e-12, 3.05915367907e-13, 9.36489059043e-13, 6.44900745219e-13, 8.64217497478e-13, 9.85329331148e-13, 4.17637197611e-13, 1.38408100085e-12, 7.88726668612e-13, 5.22353807344e-13, 5.79111682653e-13, 5.51848117984e-13, 3.8387980403e-13], "dvar2": [6.50466560614e-08, 1.51211295929e-07, 3.89273736801e-07, 2.54041765402e-06, 1.13059820706e-06, 9.78178746891e-08, 6.40173922761e-08, 3.56687799297e-08, 1.20816650906e-06, 1.35251667643e-07, 1.83074320148e-07, 7.41554799788e-08, 2.25105551976e-08, 5.49187184617e-09, 1.38192735033e-09, 9.93178525532e-11, 8.75976680081e-10, 2.23728275489e-11, 4.30736939172e-11, 1.36436167919e-10, 3.32861932462e-11, 3.0318456079e-11, 1.81160399182e-11, 2.67593707609e-11, 3.33400182462e-11, 1.37171307299e-11, 7.42208898508e-12, 2.96461119542e-12, 8.51740336247e-13, 2.68177927781e-12, 1.7001305962e-12, 2.48429011737e-12, 3.06788882493e-12, 8.97861591933e-13, 3.36152568454e-12, 1.5445210215e-12, 1.17506048294e-12, 9.36187650839e-13, 8.29917731759e-13, 6.60060114205e-13], "max": [0.00365083874203, 0.00603124126792, 0.00720896106213, 0.0201061666012, 0.0314653813839, 0.00845822319388, 0.00565568357706, 0.00408462341875, 0.021125562489, 0.00691517582163, 0.00666961958632, 0.00519544770941, 0.00227345642634, 0.00214146915823, 0.00123122707009, 0.000196675086045, 0.000259181513684, 4.77794419567e-05, 9.69937027548e-05, 0.000203771807719, 6.04984634265e-05, 6.20502250968e-05, 5.28803502675e-05, 5.69462572457e-05, 5.71064229007e-05, 3.86666106351e-05, 3.1773608498e-05, 1.6659785615e-05, 1.42033277371e-05, 1.66596837516e-05, 2.90817151836e-05, 6.63875325699e-05, 6.03213557042e-05, 3.82060061384e-05, 8.06512180134e-05, 6.63087630528e-05, 4.91875798616e-05, 4.76992536278e-05, 4.79614063806e-05, 3.40655133186e-05], "mean": [5.21625224792e-05, 8.18334374344e-05, 0.000126216866192, 0.00188278174028, 0.00246882252395, 0.00091545493342, 0.000497762404848, 0.000233690763707, 0.000324979104334, 0.000169258841197, 0.000298731145449, 0.000158154347446, 0.000100371646113, 0.000104919432488, 5.95828314545e-05, 1.1247090697e-05, 2.00441318157e-05, 3.79951302421e-06, 4.67131440018e-06, 5.80975756748e-06, 5.15551118951e-06, 4.6205855142e-06, 3.9749543248e-06, 5.22572281625e-06, 4.35755555372e-06, 3.69369627151e-06, 2.90757043331e-06, 2.19176240535e-06, 9.25335825741e-07, 1.36041080623e-06, 1.45907756632e-06, 5.584149676e-07, 4.82644225031e-07, 5.70136307942e-07, 4.21511543891e-07, 3.69253143617e-07, 3.96572204409e-07, 3.96969483063e-07, 3.88665995388e-07, 3.71675810129e-07], "median": [6.18623289483e-07, 1.50222024331e-06, 5.37684991286e-06, 0.00123717752285, 0.00175056769513, 0.000645405147225, 0.000298769504298, 0.00011232579709, 4.26435799454e-05, 6.4790059696e-05, 0.000138709176099, 8.36318940856e-05, 5.62396235182e-05, 6.1004597228e-05, 3.63373364962e-05, 6.72726491757e-06, 1.11452500278e-05, 2.2940071176e-06, 3.10956761496e-06, 2.70573514172e-06, 3.6107262531e-06, 2.98810505228e-06, 2.8641334211e-06, 3.91655066778e-06, 3.33042135026e-06, 2.88038563667e-06, 2.33266155192e-06, 1.82252711056e-06, 6.358701512e-07, 8.54060090205e-07, 1.10827068056e-06, 2.41013907498e-07, 2.17792134549e-07, 2.63885112872e-07, 9.77961605031e-08, 6.3597539679e-08, 6.72423539072e-08, 4.55435440472e-08, 3.74890767318e-08, 1.32686128751e-08], "min": [3.79156961637e-24, 1.00507773969e-23, 4.9798864126e-24, 6.86714540934e-24, 4.40725346479e-24, 4.4842380061e-24, 6.06841230432e-24, 6.0099261568e-24, 1.40535570265e-23, 1.07338607322e-23, 6.38831038974e-24, 4.02678427248e-24, 7.97535140849e-24, 6.09457369295e-24, 6.29972959312e-24, 7.6266725218e-24, 1.44921983997e-23, 5.7200024192e-24, 9.60557822306e-24, 8.27519428312e-24, 6.80414776631e-24, 6.29305030784e-24, 4.62810414711e-24, 1.52551720455e-23, 9.13603874594e-24, 7.11217270625e-24, 1.17682585385e-23, 7.93227171445e-24, 9.68846304951e-24, 8.9891244464e-24, 7.94138305791e-24, 8.60242167521e-24, 9.83553354351e-24, 1.44873437497e-23, 6.6319110317e-24, 9.64750696903e-24, 1.23757082568e-23, 9.45829079231e-24, 1.21190294843e-23, 1.16646913569e-23], "var": [6.93469672797e-08, 1.5127764641e-07, 3.48556710605e-07, 4.07687730331e-06, 6.19173624727e-06, 9.37741845064e-07, 3.98086740461e-07, 1.25171254695e-07, 1.02681326553e-06, 1.23954635001e-07, 2.34461438708e-07, 5.70766367503e-08, 1.81054637949e-08, 1.80814865303e-08, 5.43420553001e-09, 2.02307212649e-10, 6.92076562725e-10, 2.28227523685e-11, 3.30487130717e-11, 1.43325185054e-10, 2.82352231873e-11, 2.73094359626e-11, 1.60999200083e-11, 2.57401391868e-11, 1.86216615045e-11, 1.15134238948e-11, 6.68033640558e-12, 3.11781069712e-12, 1.12666202323e-12, 2.50282477035e-12, 2.25415346111e-12, 2.67129092284e-12, 2.6544918607e-12, 2.56744820716e-12, 4.31469530243e-12, 3.99760302985e-12, 3.47850806319e-12, 3.34838818998e-12, 3.2490555385e-12, 2.36792660133e-12]}, "mfcc": {"mean": [-701.044555664, 127.315185547, -19.9686050415, -0.712405979633, -39.9457473755, -25.3678264618, -15.8967638016, -16.1524372101, -28.2247390747, -27.2992553711, -21.6895046234, -12.4457359314, -8.11216259003], "cov": [[9552.30859375, 1612.81811523, -509.575653076, 155.678710938, -484.268188477, -258.987945557, -130.12046814, -74.5527954102, -200.641723633, -153.838897705, -120.531745911, -50.0606803894, -38.1889266968], [1612.81811523, 1086.51037598, -232.059631348, 355.098052979, -63.61926651, 82.4556503296, 70.1028747559, 100.339653015, -23.4870910645, -10.6445865631, -41.815738678, -24.6878986359, -11.2687606812], [-509.575653076, -232.059631348, 334.122406006, -12.4477882385, 140.611373901, 54.0630531311, 45.6607131958, 8.69721508026, 53.1381034851, 33.2840156555, 38.1532707214, 23.7093238831, 27.7981071472], [155.678710938, 355.098052979, -12.4477882385, 301.065795898, 84.8008499146, 109.27734375, 57.0050239563, 81.1585922241, 29.6072711945, 32.0840377808, 11.0515270233, 12.8251514435, 8.15653896332], [-484.268188477, -63.61926651, 140.611373901, 84.8008499146, 221.434860229, 117.631141663, 64.4263534546, 31.9872207642, 63.6968345642, 37.1215362549, 31.4593048096, 24.8624286652, 23.3570518494], [-258.987945557, 82.4556503296, 54.0630531311, 109.27734375, 117.631141663, 196.127365112, 66.666519165, 37.0245437622, 27.4780006409, 23.6895084381, 7.09690237045, 10.3580169678, 10.7482767105], [-130.12046814, 70.1028747559, 45.6607131958, 57.0050239563, 64.4263534546, 66.666519165, 141.192138672, 57.779499054, 25.2772541046, 2.09498023987, 9.21933937073, 3.46084213257, 19.0137233734], [-74.5527954102, 100.339653015, 8.69721508026, 81.1585922241, 31.9872207642, 37.0245437622, 57.779499054, 133.039749146, 52.3219223022, 28.5912303925, 6.69233226776, 14.6809625626, 5.92122650146], [-200.641723633, -23.4870910645, 53.1381034851, 29.6072711945, 63.6968345642, 27.4780006409, 25.2772541046, 52.3219223022, 123.155639648, 53.7897186279, 28.6725997925, 11.8254442215, 6.4929060936], [-153.838897705, -10.6445865631, 33.2840156555, 32.0840377808, 37.1215362549, 23.6895084381, 2.09498023987, 28.5912303925, 53.7897186279, 134.074203491, 63.4272613525, 27.2062549591, -7.42787408829], [-120.531745911, -41.815738678, 38.1532707214, 11.0515270233, 31.4593048096, 7.09690237045, 9.21933937073, 6.69233226776, 28.6725997925, 63.4272613525, 116.264442444, 45.4310073853, 15.0220508575], [-50.0606803894, -24.6878986359, 23.7093238831, 12.8251514435, 24.8624286652, 10.3580169678, 3.46084213257, 14.6809625626, 11.8254442215, 27.2062549591, 45.4310073853, 94.997177124, 30.719373703], [-38.1889266968, -11.2687606812, 27.7981071472, 8.15653896332, 23.3570518494, 10.7482767105, 19.0137233734, 5.92122650146, 6.4929060936, -7.42787408829, 15.0220508575, 30.719373703, 84.6804885864]], "icov": [[0.000170772269485, -0.00035068221041, -6.82429235894e-05, 0.000171085615875, 0.000112117864774, 0.000165499426657, 0.00010009122343, 0.000138024770422, 4.46957119493e-06, 7.04302292434e-05, 5.0493758863e-07, -9.85034057521e-05, -6.30655267742e-06], [-0.00035068221041, 0.00288001983427, 0.00106859288644, -0.00301582273096, 0.00107731088065, -0.000559518346563, -0.00100923550781, -0.000341648759786, 9.57192241913e-05, -0.000111370209197, 0.000315212149872, 0.000458160007838, -5.00589085277e-05], [-6.82429235894e-05, 0.00106859288644, 0.00494496012107, -0.00011475354404, -0.00246273074299, 5.94224729866e-05, -0.000928189372644, 0.000129952444695, -0.000398884963943, -0.000308493006742, -0.000280139094684, 0.000150987660163, -0.000631292408798], [0.000171085615875, -0.00301582273096, -0.00011475354404, 0.00856296997517, -0.00292196078226, -0.00143855111673, 0.00115551997442, -0.00234016496688, 0.000651436741464, -0.000480169168441, -0.000560628948733, -0.000211898164707, -0.000134319125209], [0.000112117864774, 0.00107731088065, -0.00246273074299, -0.00292196078226, 0.0110664144158, -0.00389837753028, -0.00169494119473, 0.00159677746706, -0.00300563406199, 0.000250452139881, -0.000154369350639, -0.000790024874732, -0.000438449438661], [0.000165499426657, -0.000559518346563, 5.94224729866e-05, -0.00143855111673, -0.00389837753028, 0.00922993756831, -0.00200648722239, 0.000474642758491, 0.000814001017716, -0.000922602368519, 0.00110246322583, -0.000297169754049, 0.000209202189581], [0.00010009122343, -0.00100923550781, -0.000928189372644, 0.00115551997442, -0.00169494119473, -0.00200648722239, 0.011134869419, -0.00427776994184, 0.000508155673742, 0.00169695704244, -0.0015477668494, 0.00146718509495, -0.00152241881005], [0.000138024770422, -0.000341648759786, 0.000129952444695, -0.00234016496688, 0.00159677746706, 0.000474642758491, -0.00427776994184, 0.0127776516601, -0.00458675436676, -0.0010961429216, 0.00186247413512, -0.00218302197754, 0.000482966919662], [4.46957119493e-06, 9.57192241913e-05, -0.000398884963943, 0.000651436741464, -0.00300563406199, 0.000814001017716, 0.000508155673742, -0.00458675436676, 0.0130106154829, -0.00365333072841, -0.000555694859941, 0.00134306156542, -0.000691404798999], [7.04302292434e-05, -0.000111370209197, -0.000308493006742, -0.000480169168441, 0.000250452139881, -0.000922602368519, 0.00169695704244, -0.0010961429216, -0.00365333072841, 0.0125941392034, -0.0058576380834, -0.000920186634175, 0.00266587967053], [5.0493758863e-07, 0.000315212149872, -0.000280139094684, -0.000560628948733, -0.000154369350639, 0.00110246322583, -0.0015477668494, 0.00186247413512, -0.000555694859941, -0.0058576380834, 0.0141866505146, -0.00482015125453, -0.00093119579833], [-9.85034057521e-05, 0.000458160007838, 0.000150987660163, -0.000211898164707, -0.000790024874732, -0.000297169754049, 0.00146718509495, -0.00218302197754, 0.00134306156542, -0.000920186634175, -0.00482015125453, 0.0150344539434, -0.00471640238538], [-6.30655267742e-06, -5.00589085277e-05, -0.000631292408798, -0.000134319125209, -0.000438449438661, 0.000209202189581, -0.00152241881005, 0.000482966919662, -0.000691404798999, 0.00266587967053, -0.00093119579833, -0.00471640238538, 0.0145852165297]]}, "spectral_contrast_coeffs": {"dmean": [0.0409084036946, 0.035619135946, 0.0308703444898, 0.0279511846602, 0.0212315246463, 0.0137014547363], "dmean2": [0.0672473460436, 0.0551891997457, 0.0488332137465, 0.0452836714685, 0.0354012548923, 0.0230255108327], "dvar": [0.00120712036733, 0.000839292479213, 0.000626481894869, 0.000577765342314, 0.000331072282279, 0.000115327296953], "dvar2": [0.00308994250372, 0.0020152090583, 0.00156446313486, 0.00145739549771, 0.000918672943953, 0.000321417843224], "max": [-0.195005327463, -0.347949266434, -0.469186335802, -0.56545484066, -0.58402711153, -0.594766139984], "mean": [-0.399958103895, -0.645320594311, -0.667443335056, -0.715588569641, -0.700411736965, -0.704772651196], "median": [-0.379308611155, -0.644315600395, -0.666834950447, -0.709968924522, -0.692515730858, -0.689589321613], "min": [-0.97894436121, -0.989486157894, -0.968514919281, -0.974221169949, -0.958309113979, -0.959540247917], "var": [0.0109491487965, 0.00704144267365, 0.00401381216943, 0.00254774861969, 0.00239872513339, 0.00296419253573]}, "spectral_contrast_valleys": {"dmean": [0.450757205486, 0.275403648615, 0.242922574282, 0.25882589817, 0.189129471779, 0.132691055536], "dmean2": [0.750656723976, 0.439412206411, 0.388195425272, 0.427916288376, 0.316716551781, 0.217741057277], "dvar": [0.176984503865, 0.0804699659348, 0.0681970193982, 0.0945010632277, 0.0656213909388, 0.0387466922402], "d