{"lowlevel": {"average_loudness": 0.984599173069, "barkbands_crest": {"dmean": 3.53415179253, "dmean2": 5.5797700882, "dvar": 13.3362913132, "dvar2": 28.0498180389, "max": 26.6776103973, "mean": 18.746963501, "median": 20.4775714874, "min": 2.55443525314, "var": 37.0950622559}, "barkbands_flatness_db": {"dmean": 0.0564736388624, "dmean2": 0.0808024331927, "dvar": 0.00410357303917, "dvar2": 0.00757836736739, "max": 0.61578053236, "mean": 0.235978484154, "median": 0.221496656537, "min": 0.0226452630013, "var": 0.0155268535018}, "barkbands_kurtosis": {"dmean": 61.9269676208, "dmean2": 97.0068511963, "dvar": 14099.0742188, "dvar2": 34007.5625, "max": 1677.12963867, "mean": 78.1238937378, "median": 14.3537349701, "min": -1.96852326393, "var": 22417.5097656}, "barkbands_skewness": {"dmean": 2.67686223984, "dmean2": 4.04184627533, "dvar": 10.1484699249, "dvar2": 22.259935379, "max": 32.5443115234, "mean": 5.3364982605, "median": 3.71058368683, "min": -3.93013358116, "var": 25.3251609802}, "barkbands_spread": {"dmean": 15.2750110626, "dmean2": 23.5885562897, "dvar": 438.118835449, "dvar2": 845.187133789, "max": 126.185073853, "mean": 29.9753494263, "median": 14.2662858963, "min": 0.0905285254121, "var": 1143.35644531}, "dissonance": {"dmean": 0.0226033832878, "dmean2": 0.0374560542405, "dvar": 0.000619784404989, "dvar2": 0.00156243587844, "max": 0.499987453222, "mean": 0.462408006191, "median": 0.472810775042, "min": 0.182535007596, "var": 0.00118157512043}, "dynamic_complexity": 2.60865521431, "erbbands_crest": {"dmean": 3.36736392975, "dmean2": 5.44614458084, "dvar": 12.0954246521, "dvar2": 28.630651474, "max": 31.2418575287, "mean": 9.19064044952, "median": 7.40275335312, "min": 2.12324976921, "var": 27.6669616699}, "erbbands_flatness_db": {"dmean": 0.0275646019727, "dmean2": 0.0403580591083, "dvar": 0.000846907088999, "dvar2": 0.0017330031842, "max": 0.525255680084, "mean": 0.120864398777, "median": 0.102470010519, "min": 0.0291175488383, "var": 0.00425260560587}, "erbbands_kurtosis": {"dmean": 3.65878367424, "dmean2": 5.86703968048, "dvar": 67.4544372559, "dvar2": 167.880737305, "max": 220.82208252, "mean": 2.83464431763, "median": -0.0826787948608, "min": -1.96208202839, "var": 87.9981765747}, "erbbands_skewness": {"dmean": 0.883026361465, "dmean2": 1.29610025883, "dvar": 0.963653147221, "dvar2": 2.13195180893, "max": 12.4470863342, "mean": 0.233519211411, "median": 0.0754147469997, "min": -4.41327285767, "var": 2.7270128727}, "erbbands_spread": {"dmean": 28.3003025055, "dmean2": 43.9556732178, "dvar": 964.368041992, "dvar2": 2358.20043945, "max": 226.503189087, "mean": 72.2994766235, "median": 67.4624023438, "min": 1.63137054443, "var": 1881.29064941}, "hfc": {"dmean": 25.0684661865, "dmean2": 35.4288215637, "dvar": 1411.92529297, "dvar2": 2598.98779297, "max": 268.810089111, "mean": 39.1448669434, "median": 18.5293617249, "min": 4.67307254439e-05, "var": 2528.31396484}, "melbands_crest": {"dmean": 3.8806746006, "dmean2": 5.93882989883, "dvar": 14.5560188293, "dvar2": 34.9938583374, "max": 37.5391349792, "mean": 24.8677635193, "median": 25.2286930084, "min": 3.92185044289, "var": 45.0158081055}, "melbands_flatness_db": {"dmean": 0.0663465484977, "dmean2": 0.0957236886024, "dvar": 0.00539967324585, "dvar2": 0.00997033622116, "max": 0.770482420921, "mean": 0.338178247213, "median": 0.327300429344, "min": 0.0374225601554, "var": 0.0217219926417}, "melbands_kurtosis": {"dmean": 147.093780518, "dmean2": 237.883575439, "dvar": 74174.8984375, "dvar2": 181854.625, "max": 4396.84667969, "mean": 184.359054565, "median": 70.3793334961, "min": -1.74104809761, "var": 96285.3203125}, "melbands_skewness": {"dmean": 3.83104968071, "dmean2": 6.01056146622, "dvar": 20.3337478638, "dvar2": 48.549446106, "max": 49.2474861145, "mean": 8.74033069611, "median": 6.82355546951, "min": -1.58453857899, "var": 38.7585525513}, "melbands_spread": {"dmean": 9.471118927, "dmean2": 14.6379842758, "dvar": 260.105194092, "dvar2": 534.236938477, "max": 262.867034912, "mean": 14.7832279205, "median": 5.41122531891, "min": 0.0795915201306, "var": 557.099182129}, "pitch_salience": {"dmean": 0.125358656049, "dmean2": 0.204186037183, "dvar": 0.0187369138002, "dvar2": 0.0441336631775, "max": 0.903710484505, "mean": 0.289897590876, "median": 0.244976952672, "min": 0.0147480890155, "var": 0.0344400294125}, "silence_rate_20dB": {"dmean": 0, "dmean2": 0, "dvar": 0, "dvar2": 0, "max": 1, "mean": 1, "median": 1, "min": 1, "var": 0}, "silence_rate_30dB": {"dmean": 0.0985957607627, "dmean2": 0.197220981121, "dvar": 0.0888770744205, "dvar2": 0.187312692404, "max": 1, "mean": 0.899626612663, "median": 1, "min": 0, "var": 0.0902958661318}, "silence_rate_60dB": {"dmean": 0.00926202535629, "dmean2": 0.0183774083853, "dvar": 0.0091754058376, "dvar2": 0.0249113533646, "max": 1, "mean": 0.0209111273289, "median": 0, "min": 0, "var": 0.0204743556678}, "spectral_centroid": {"dmean": 584.555847168, "dmean2": 887.641662598, "dvar": 524476.0625, "dvar2": 1076684.375, "max": 5891.52001953, "mean": 1424.64941406, "median": 1050.07116699, "min": 74.6211776733, "var": 1425162.5}, "spectral_complexity": {"dmean": 5.12996721268, "dmean2": 7.80262947083, "dvar": 54.3720626831, "dvar2": 99.7166748047, "max": 53, "mean": 10.9884986877, "median": 6, "min": 0, "var": 126.232261658}, "spectral_decrease": {"dmean": 4.92298246613e-09, "dmean2": 7.53506768092e-09, "dvar": 2.94734742379e-17, "dvar2": 6.13401408067e-17, "max": -8.2419600726e-15, "mean": -1.39327740456e-08, "median": -1.25815891039e-08, "min": -4.8578602474e-08, "var": 8.21447853861e-17}, "spectral_energy": {"dmean": 0.0194422509521, "dmean2": 0.0296899974346, "dvar": 0.000440408446593, "dvar2": 0.000906423549168, "max": 0.184683829546, "mean": 0.0561359412968, "median": 0.050915773958, "min": 3.53456499624e-08, "var": 0.00117360556033}, "spectral_energyband_high": {"dmean": 0.00233285943978, "dmean2": 0.0032837963663, "dvar": 1.49001862155e-05, "dvar2": 2.75777547358e-05, "max": 0.027543541044, "mean": 0.00330155459233, "median": 0.00126391917001, "min": 6.65576552206e-11, "var": 2.63905403699e-05}, "spectral_energyband_low": {"dmean": 0.018371231854, "dmean2": 0.0282928403467, "dvar": 0.000452740292531, "dvar2": 0.00103381148074, "max": 0.181454241276, "mean": 0.0450777448714, "median": 0.0413420647383, "min": 2.79557262756e-11, "var": 0.000999736483209}, "spectral_energyband_middle_high": {"dmean": 0.00124132528435, "dmean2": 0.00199870322831, "dvar": 4.89681497129e-06, "dvar2": 1.17730251077e-05, "max": 0.0163156948984, "mean": 0.00158797099721, "median": 0.000358994817361, "min": 2.20126175066e-08, "var": 6.49380581308e-06}, "spectral_energyband_middle_low": {"dmean": 0.00918307155371, "dmean2": 0.0157267767936, "dvar": 0.000480832561152, "dvar2": 0.00123723049182, "max": 0.148146271706, "mean": 0.00809374637902, "median": 0.00209497497417, "min": 5.82958525897e-09, "var": 0.000369114946807}, "spectral_entropy": {"dmean": 0.393810600042, "dmean2": 0.570147395134, "dvar": 0.22989076376, "dvar2": 0.440989583731, "max": 8.96853351593, "mean": 7.78525447845, "median": 8.06201839447, "min": 4.39979028702, "var": 0.842394530773}, "spectral_flux": {"dmean": 0.0498908422887, "dmean2": 0.0690101087093, "dvar": 0.00250722374767, "dvar2": 0.00409636786208, "max": 0.423019051552, "mean": 0.121203742921, "median": 0.0957596600056, "min": 0.000247039075475, "var": 0.0074581685476}, "spectral_kurtosis": {"dmean": 2.31994843483, "dmean2": 3.43102288246, "dvar": 16.6020755768, "dvar2": 38.0696372986, "max": 95.5197296143, "mean": 3.77367711067, "median": 1.54220676422, "min": -1.34372031689, "var": 57.991065979}, "spectral_rms": {"dmean": 0.00127851031721, "dmean2": 0.00192143383902, "dvar": 1.59657929544e-06, "dvar2": 3.23113522427e-06, "max": 0.0134230898693, "mean": 0.0069921053946, "median": 0.00704797310755, "min": 5.87227077631e-06, "var": 5.87743988945e-06}, "spectral_rolloff": {"dmean": 1278.81030273, "dmean2": 2191.91674805, "dvar": 6460007, "dvar2": 12876039, "max": 15697.7050781, "mean": 2066.61914062, "median": 129.19921875, "min": 43.06640625, "var": 12948328}, "spectral_skewness": {"dmean": 0.436850547791, "dmean2": 0.605619609356, "dvar": 0.290270864964, "dvar2": 0.58086925745, "max": 7.31032323837, "mean": 1.41416954994, "median": 1.20065367222, "min": -0.437740206718, "var": 1.09943711758}, "spectral_spread": {"dmean": 1851027.5, "dmean2": 2673213, "dvar": 5340416442370.0, "dvar2": 10580810268700.0, "max": 20274156, "mean": 9058938, "median": 8690294, "min": 784016.125, "var": 15202790670300.0}, "spectral_strongpeak": {"dmean": 0.214380517602, "dmean2": 0.359464675188, "dvar": 0.0921445861459, "dvar2": 0.228299975395, "max": 5.18832540512, "mean": 0.54220187664, "median": 0.479847997427, "min": 0.000486691045808, "var": 0.119738459587}, "zerocrossingrate": {"dmean": 0.0250010360032, "dmean2": 0.0275582354516, "dvar": 0.000861038104631, "dvar2": 0.000921509286854, "max": 0.3994140625, "mean": 0.0702032446861, "median": 0.041015625, "min": 0.001953125, "var": 0.00577599741518}, "barkbands": {"dmean": [0.00058914849069, 0.016034508124, 0.00747764622793, 0.00531706679612, 0.00337953935377, 0.000753856089432, 0.000539499276783, 0.000269272335572, 0.000592815282289, 0.000261645094724, 0.000269117212156, 0.000149076688103, 0.000119097814604, 0.000165650548297, 0.00014671756071, 0.000151058397023, 0.000112368230475, 9.33743358473e-05, 8.74340767041e-05, 0.000109518994577, 0.000118776166346, 0.000184695454664, 0.000346592452843, 0.00062182394322, 0.000756658671889, 0.000300159939798, 8.49673815537e-05], "dmean2": [0.000625065527856, 0.0250437892973, 0.0125232981518, 0.00961878430098, 0.006406894885, 0.00130440574139, 0.00094628543593, 0.000468456360977, 0.000973792513832, 0.000462735333713, 0.00047246622853, 0.000246342504397, 0.000200212307391, 0.000268852862064, 0.00025256871595, 0.00026124442229, 0.000188657984836, 0.000149689964019, 0.000133869980345, 0.000175174616743, 0.00018810738402, 0.00027059999411, 0.000509859237354, 0.000888006179594, 0.00109410856385, 0.000432933360571, 0.000120692486234], "dvar": [5.70690247059e-07, 0.000370794994524, 0.000315752287861, 0.000222154936637, 9.87229432212e-05, 1.88292449366e-06, 8.90580281521e-07, 4.63536110828e-07, 2.47141429099e-06, 3.0777832194e-07, 2.85771051267e-07, 8.80686599203e-08, 9.04394354961e-08, 1.17724205495e-07, 9.03154386833e-08, 9.49967002839e-08, 8.07537148262e-08, 3.47344659701e-08, 2.36478996385e-08, 2.93695432418e-08, 3.37059233857e-08, 7.96946295623e-08, 3.80384818754e-07, 1.20248705571e-06, 1.87304681276e-06, 2.65957595502e-07, 3.04891294434e-08], "dvar2": [6.22854429366e-07, 0.000862945686094, 0.000793682760559, 0.000608979957178, 0.000285491667455, 5.08689481649e-06, 2.40982285504e-06, 1.31699596295e-06, 5.56028317078e-06, 8.63441641741e-07, 7.78817764058e-07, 2.01911674935e-07, 2.35549123317e-07, 2.91427795673e-07, 2.33827194052e-07, 2.36044115809e-07, 2.19697241732e-07, 8.27103576739e-08, 5.20040543961e-08, 7.15401355933e-08, 7.9184893309e-08, 1.66631750176e-07, 8.09349671727e-07, 2.5180661396e-06, 3.20397111864e-06, 5.29793396709e-07, 5.13750180176e-08], "max": [0.00903222057968, 0.168717041612, 0.134136289358, 0.0910353511572, 0.0735820829868, 0.0127370022237, 0.0120160905644, 0.0128896199167, 0.034322835505, 0.00871642399579, 0.0038146127481, 0.00233994424343, 0.00695857545361, 0.00901175942272, 0.00285300472751, 0.0028662988916, 0.0030038759578, 0.00209757359698, 0.00241289660335, 0.00155309576076, 0.0019074389711, 0.00213711871766, 0.00492207240313, 0.00734039163217, 0.0103715704754, 0.00477573461831, 0.00265097757801], "mean": [0.00136630248744, 0.035799369216, 0.00604478735477, 0.00357437552884, 0.00218389951624, 0.000759752176236, 0.000499519344885, 0.00024523306638, 0.000721105432604, 0.000247234507697, 0.000220035770326, 0.000152422959218, 0.000126212966279, 0.000194884836674, 0.000136783084599, 0.000151923683006, 0.000120071119454, 0.000112443391117, 0.000122321231174, 0.000148857419845, 0.000167663340108, 0.000258487911196, 0.000436236266978, 0.000784744042903, 0.00102219718974, 0.000413703091908, 0.00012547467486], "median": [0.000299641280435, 0.0335735082626, 0.000771551509388, 0.000376632582629, 0.000266809773166, 0.000157541246153, 6.04408487561e-05, 5.6387631048e-05, 0.000117327246699, 3.72506910935e-05, 2.45065730269e-05, 1.3018703612e-05, 2.64608825091e-05, 3.36900047841e-05, 2.43860813498e-05, 2.11126061913e-05, 9.72506040853e-06, 2.48075666605e-05, 3.5699147702e-05, 3.86069696106e-05, 5.1975272072e-05, 7.75364096626e-05, 0.000157061542268, 0.000228573640925, 0.000260858709225, 0.000119146643556, 2.00655085791e-05], "min": [1.33340398185e-12, 3.74218505576e-13, 1.16460172669e-13, 7.63258339452e-14, 4.84580431337e-11, 3.46076570179e-11, 4.77951567213e-10, 2.10199205264e-10, 3.1948182988e-10, 1.42154055194e-09, 1.47019041385e-09, 4.28578172951e-10, 6.56231180507e-11, 8.90636800421e-11, 7.16657566624e-10, 1.21644291862e-10, 2.19774337618e-11, 6.62511842262e-12, 1.30992317687e-11, 1.21192413743e-11, 1.02373300809e-11, 8.24039707997e-12, 7.05184435151e-12, 7.90117190425e-12, 7.29243488512e-12, 7.41483870831e-12, 8.13920025128e-12], "var": [3.56069176632e-06, 0.000713629648089, 0.00025878258748, 0.000142112388858, 5.59739601158e-05, 1.75434161065e-06, 8.98222708656e-07, 3.19197454246e-07, 3.61324782716e-06, 2.55329723586e-07, 2.16589626234e-07, 1.00426063909e-07, 8.99217909023e-08, 1.74601467506e-07, 8.37639788642e-08, 1.05421825936e-07, 7.15386221373e-08, 4.75955488355e-08, 3.99214385993e-08, 4.51828938708e-08, 5.41048983393e-08, 1.40980304764e-07, 5.43930582353e-07, 1.79111509624e-06, 3.33151297127e-06, 4.57952637589e-07, 7.98019996751e-08]}, "erbbands": {"dmean": [0.441263705492, 3.96111488342, 7.87936496735, 12.8880691528, 17.1440906525, 8.2181854248, 5.01903104782, 6.45374631882, 9.16021537781, 5.93351793289, 4.80679178238, 14.2863550186, 11.6724891663, 8.18091583252, 10.1866540909, 5.78078508377, 5.73002576828, 8.74806594849, 5.45357084274, 9.72958660126, 6.95676422119, 6.31617736816, 5.31500005722, 5.16276407242, 3.85823965073, 5.09997415543, 5.72883415222, 4.30794906616, 5.98740577698, 8.23342895508, 10.9539585114, 10.9349756241, 11.5430221558, 9.73358058929, 4.87051010132, 1.58517551422, 0.525368273258, 0.10193528235, 0.0149850873277, 0.000751930463593], "dmean2": [0.660303413868, 5.93485927582, 12.1112136841, 22.0098838806, 31.7045402527, 15.5360660553, 9.16250610352, 11.171169281, 16.0988636017, 10.0934486389, 8.43522071838, 22.7422676086, 20.354927063, 14.6429843903, 17.3392715454, 9.60241794586, 9.46559524536, 14.2007884979, 9.30093383789, 16.5268859863, 12.0535621643, 10.6379365921, 8.4963388443, 7.9247379303, 6.07320928574, 8.16330432892, 9.27565193176, 6.63764381409, 8.9389257431, 12.2639007568, 15.8354625702, 15.823141098, 16.5864086151, 13.7956438065, 7.14529180527, 2.24666786194, 0.772522509098, 0.147347062826, 0.0214809589088, 0.00106395303737], "dvar": [0.268357217312, 23.1387672424, 256.598022461, 1085.80993652, 2492.54956055, 541.704467773, 148.238998413, 133.527526855, 256.713684082, 157.214202881, 156.860900879, 1463.49987793, 612.55682373, 316.913421631, 370.987609863, 123.02570343, 189.177093506, 335.596099854, 92.3525161743, 479.122650146, 212.327178955, 252.248413086, 118.78653717, 89.0680236816, 41.6858520508, 66.9749145508, 76.9526519775, 39.3441314697, 78.3185119629, 184.71005249, 390.848297119, 362.131500244, 428.944885254, 304.836456299, 76.7944717407, 7.11878299713, 0.888497471809, 0.0330999605358, 0.000908001209609, 2.89554827759e-06], "dvar2": [0.71039712429, 50.2933120728, 598.602783203, 2781.47729492, 7020.99560547, 1578.81030273, 429.102508545, 352.006896973, 716.576477051, 423.883300781, 450.125061035, 3118.24584961, 1647.359375, 902.179138184, 981.507019043, 283.013916016, 483.949493408, 834.08380127, 241.572296143, 1188.57250977, 550.332946777, 684.72454834, 282.486358643, 204.902755737, 91.8437347412, 163.007537842, 186.965957642, 86.6029891968, 160.962524414, 413.917327881, 836.27947998, 793.219543457, 848.76348877, 498.630126953, 148.389602661, 14.0492134094, 1.83513081074, 0.0599328130484, 0.0015672686277, 4.76581772091e-06], "max": [5.89779806137, 44.9765014648, 132.398208618, 217.684738159, 336.055206299, 183.44442749, 97.1362991333, 137.398193359, 143.961303711, 137.664962769, 238.446411133, 892.730773926, 445.919464111, 137.907226562, 156.284408569, 88.2917938232, 312.995880127, 462.493041992, 105.491661072, 226.423065186, 118.432357788, 166.570510864, 116.830429077, 139.87663269, 79.5668029785, 80.1482620239, 88.0867919922, 63.9161491394, 73.4989700317, 114.401809692, 160.100540161, 128.043960571, 128.309936523, 126.788955688, 67.7752380371, 21.9718837738, 10.1613092422, 2.48310804367, 0.446006208658, 0.0281978193671], "mean": [1.12933850288, 7.48862314224, 8.57269287109, 10.1474161148, 11.1431655884, 5.50294589996, 4.2077126503, 6.64378452301, 8.40971755981, 6.05126857758, 4.62129831314, 17.2469139099, 12.940404892, 7.02541017532, 8.79643249512, 6.08640956879, 6.25467967987, 10.2821216583, 6.47992420197, 9.28631973267, 7.08177280426, 6.78080177307, 6.38955831528, 6.68717288971, 5.59350538254, 6.94222927094, 7.77190256119, 6.37105178833, 8.68141841888, 10.4614868164, 13.7982330322, 14.2213888168, 13.8314752579, 12.6820249557, 6.58641672134, 2.21135354042, 0.697252035141, 0.144959822297, 0.0217472296208, 0.00118204148021], "median": [1.07571041584, 5.72560882568, 3.27097606659, 1.2838691473, 1.40125775337, 0.600933432579, 0.840487658978, 1.39434576035, 1.01671409607, 1.21977806091, 1.25815939903, 2.75097441673, 2.40466070175, 1.03041231632, 0.974254071712, 0.653383553028, 1.35461056232, 2.05371618271, 1.63490116596, 1.01185584068, 0.967929542065, 0.579619348049, 1.13185095787, 1.84364247322, 1.44754934311, 1.85639047623, 2.34887003899, 1.99017107487, 2.82826399803, 3.76147508621, 4.7423157692, 4.23471260071, 3.94957923889, 3.08889484406, 1.78359568119, 0.758167147636, 0.160723626614, 0.0256214253604, 0.00375724164769, 0.000231573765632], "min": [2.85047097037e-10, 9.99546348468e-11, 1.993191584e-10, 1.8381252076e-09, 7.92571626107e-08, 1.8273865976e-07, 6.90022687877e-08, 4.95000676892e-07, 4.78788979308e-06, 3.68501855519e-06, 5.99520717515e-06, 7.46831256038e-06, 3.67612265109e-05, 4.81011520606e-05, 5.70143456571e-05, 4.0937011363e-05, 5.55820270165e-06, 5.88943476032e-06, 2.98391951219e-05, 4.10654974985e-05, 7.45222132537e-06, 2.23154256673e-06, 1.21270500131e-06, 1.04962759906e-06, 5.79214770369e-07, 5.79875575113e-07, 5.06897322339e-07, 3.7866607272e-07, 2.98434969181e-07, 2.54202660699e-07, 1.88021616054e-07, 1.78688750907e-07, 1.30148251287e-07, 9.21544085486e-08, 4.89216951394e-08, 3.00767730721e-08, 1.21663852326e-08, 4.93574692229e-09, 1.33255195767e-09, 1.58165022746e-10], "var": [0.749350845814, 44.9437561035, 265.217712402, 844.348815918, 1493.09484863, 312.104400635, 96.8061676025, 138.815368652, 246.292434692, 151.358383179, 103.982627869, 2129.66552734, 760.297668457, 222.676254272, 318.081542969, 143.935180664, 197.742095947, 494.895690918, 110.81476593, 488.397766113, 215.666427612, 229.883926392, 159.143920898, 137.870040894, 73.8507919312, 101.162834167, 115.326644897, 73.9133453369, 145.198532104, 268.967803955, 567.590270996, 533.757446289, 627.868652344, 544.829956055, 128.835586548, 12.3861160278, 1.44341731071, 0.0770002007484, 0.00227587204427, 7.93447634351e-06]}, "gfcc": {"mean": [-23.8995914459, 43.7237014771, -40.36328125, 36.8107757568, -38.0452690125, 35.441493988, -23.5545883179, 21.1869163513, -11.9309644699, 10.5490007401, -11.1645116806, -0.0168390460312, -8.73533821106], "cov": [[12237.3505859, -2714.97094727, -681.141601562, 621.881225586, -932.206054688, -132.850418091, -431.107543945, 35.1824493408, -453.906188965, 47.9340171814, -316.242370605, 418.162719727, -129.920547485], [-2714.97094727, 3080.13647461, -367.714569092, -302.320373535, 634.049865723, -246.059967041, 308.41595459, -160.3046875, 68.2922134399, -226.551177979, -5.36143779755, -213.261444092, 92.8820419312], [-681.141601562, -367.714569092, 1852.70446777, 625.729919434, 143.097015381, 347.77142334, -62.948135376, 151.03805542, 76.2407226562, 50.2411994934, 64.1704940796, 57.8780021667, -7.38285923004], [621.881225586, -302.320373535, 625.729919434, 803.785705566, 149.40814209, 166.890533447, 31.7198143005, 105.333335876, -5.31580638885, -2.45113039017, 12.4265098572, 105.750656128, 41.1220245361], [-932.206054688, 634.049865723, 143.097015381, 149.40814209, 501.732543945, 150.956787109, 205.767410278, 59.2828330994, 93.7339248657, -15.0010490417, 70.0935440063, 1.76207780838, 48.285484314], [-132.850418091, -246.059967041, 347.77142334, 166.890533447, 150.956787109, 417.257720947, 131.866867065, 142.264663696, 97.6271438599, 63.9798240662, 32.0942230225, 0.393431514502, 3.70936918259], [-431.107543945, 308.41595459, -62.948135376, 31.7198143005, 205.767410278, 131.866867065, 258.761108398, 105.496917725, 101.176780701, 14.3120269775, 29.6711483002, -25.8081493378, 38.8945808411], [35.1824493408, -160.3046875, 151.03805542, 105.333335876, 59.2828330994, 142.264663696, 105.496917725, 209.190643311, 103.199180603, 72.8649291992, 42.9026870728, 12.0796880722, 5.085958004], [-453.906188965, 68.2922134399, 76.2407226562, -5.31580638885, 93.7339248657, 97.6271438599, 101.176780701, 103.199180603, 161.876922607, 90.4039611816, 65.8834075928, -1.85091304779, 14.8949127197], [47.9340171814, -226.551177979, 50.2411994934, -2.45113039017, -15.0010490417, 63.9798240662, 14.3120269775, 72.8649291992, 90.4039611816, 140.964004517, 81.563117981, 39.2128753662, 4.22427463531], [-316.242370605, -5.36143779755, 64.1704940796, 12.4265098572, 70.0935440063, 32.0942230225, 29.6711483002, 42.9026870728, 65.8834075928, 81.563117981, 112.399536133, 53.099319458, 24.5906505585], [418.162719727, -213.261444092, 57.8780021667, 105.750656128, 1.76207780838, 0.393431514502, -25.8081493378, 12.0796880722, -1.85091304779, 39.2128753662, 53.099319458, 119.7137146, 43.0556564331], [-129.920547485, 92.8820419312, -7.38285923004, 41.1220245361, 48.285484314, 3.70936918259, 38.8945808411, 5.085958004, 14.8949127197, 4.22427463531, 24.5906505585, 43.0556564331, 72.1985244751]], "icov": [[0.000196130509721, -2.04193820537e-05, 0.000125709673739, -0.000138352712383, 0.000165673220181, -5.36482984899e-05, -0.000119165379147, -0.000202067400096, 0.000428247323725, -0.000582407577895, 0.00110366730951, -0.00122684531379, 0.000742697739042], [-2.04193820537e-05, 0.000950969813857, -7.79857800808e-05, 0.000219817622565, -0.00108438392635, 0.000889329065103, -0.000352147588274, 0.000547815696336, -0.000631155387964, 0.00114540150389, -0.000760104681831, 0.0019471392734, -0.00140177074354], [0.000125709673739, -7.79857800808e-05, 0.00108304026071, -0.000793347484432, 0.000112399466161, -0.000816493760794, 0.0011888560839, -0.000434214714915, -0.000361753685866, 0.00030835258076, -0.000135457972647, -0.000345828215359, 0.000555026286747], [-0.000138352712383, 0.000219817622565, -0.000793347484432, 0.00247855880298, -0.00101358536631, 0.000204686119105, -0.000325814762618, -0.000688979227562, 0.000624037405942, 0.000385333609302, 0.000773081323132, -0.00104431225918, -0.000924998195842], [0.000165673220181, -0.00108438392635, 0.000112399466161, -0.00101358536631, 0.00567671936005, -0.00177947548218, -0.00227531930432, 0.000546213355847, -0.000668158521876, 0.00205695349723, -0.00250602932647, -0.00266545126215, 0.00222473382019], [-5.36482984899e-05, 0.000889329065103, -0.000816493760794, 0.000204686119105, -0.00177947548218, 0.00514394743368, -0.0020301900804, -0.000545418064576, -0.00025909190299, -0.00121831346769, 0.00106397410855, 0.00178083521314, -0.000682447222061], [-0.000119165379147, -0.000352147588274, 0.0011888560839, -0.000325814762618, -0.00227531930432, -0.0020301900804, 0.0110459215939, -0.00357874156907, -0.00315530202352, 0.00212179590017, -0.000916776829399, 0.00370969367214, -0.00489999400452], [-0.000202067400096, 0.000547815696336, -0.000434214714915, -0.000688979227562, 0.000546213355847, -0.000545418064576, -0.00357874156907, 0.0103598181158, -0.004305514507, -0.00040770022315, -0.00125069159549, 0.000976542127319, 0.000896233250387], [0.000428247323725, -0.000631155387964, -0.000361753685866, 0.000624037405942, -0.000668158521876, -0.00025909190299, -0.00315530202352, -0.004305514507, 0.0189477987587, -0.0114678163081, 0.00141639460344, 0.000271762663033, -0.000229086246691], [-0.000582407577895, 0.00114540150389, 0.00030835258076, 0.000385333609302, 0.00205695349723, -0.00121831346769, 0.00212179590017, -0.00040770022315, -0.0114678163081, 0.0259101577103, -0.0164813641459, 0.00283454358578, -0.000363898201613], [0.00110366730951, -0.000760104681831, -0.000135457972647, 0.000773081323132, -0.00250602932647, 0.00106397410855, -0.000916776829399, -0.00125069159549, 0.00141639460344, -0.0164813641459, 0.0317209139466, -0.0159960016608, 0.00412031076849], [-0.00122684531379, 0.0019471392734, -0.000345828215359, -0.00104431225918, -0.00266545126215, 0.00178083521314, 0.00370969367214, 0.000976542127319, 0.000271762663033, 0.00283454358578, -0.0159960016608, 0.0303643494844, -0.0174108706415], [0.000742697739042, -0.00140177074354, 0.000555026286747, -0.000924998195842, 0.00222473382019, -0.000682447222061, -0.00489999400452, 0.000896233250387, -0.000229086246691, -0.000363898201613, 0.00412031076849, -0.0174108706415, 0.0277460701764]]}, "melbands": {"dmean": [0.00415921397507, 0.00408966932446, 0.00223459675908, 0.000927108572796, 0.000185764671187, 0.000152217064169, 0.000128827989101, 6.57766140648e-05, 3.51262096956e-05, 9.95840528049e-05, 5.84833614994e-05, 3.22648702422e-05, 3.60363155778e-05, 1.89446982404e-05, 1.43074903463e-05, 1.16021119538e-05, 1.79492781172e-05, 8.45178783493e-06, 1.17977942864e-05, 1.34945885293e-05, 7.23768698663e-06, 6.51938671581e-06, 5.79322022531e-06, 4.54759810964e-06, 4.40186113337e-06, 3.11229996441e-06, 2.93314496957e-06, 3.72369390789e-06, 3.52836127604e-06, 3.28678811456e-06, 2.46077843258e-06, 3.28967394125e-06, 4.14257965531e-06, 4.92150866194e-06, 6.47440128887e-06, 6.33032732367e-06, 6.77338402966e-06, 8.44963233249e-06, 8.10989604361e-06, 8.61446915223e-06], "dmean2": [0.00651204679161, 0.00594788324088, 0.0037140683271, 0.00174195342697, 0.000341522827512, 0.000263774330961, 0.000225600146223, 0.000112849629659, 6.16274992353e-05, 0.000159458548296, 0.000102150443126, 5.76050588279e-05, 6.24609310762e-05, 3.12527809001e-05, 2.35674851865e-05, 1.9357088604e-05, 2.92655622616e-05, 1.43839679367e-05, 2.04938605748e-05, 2.26211268455e-05, 1.28101619339e-05, 1.11399558591e-05, 9.53404287429e-06, 7.2013854151e-06, 6.82577774569e-06, 4.8406463975e-06, 4.81485039927e-06, 6.04252227276e-06, 5.58052124688e-06, 5.51416769667e-06, 3.7650968352e-06, 5.02784405398e-06, 6.11029327047e-06, 7.52479900257e-06, 9.61632485996e-06, 8.89449074748e-06, 1.00949609987e-05, 1.21738521557e-05, 1.19236337923e-05, 1.20243967103e-05], "dvar": [2.4424323783e-05, 3.701645619e-05, 3.07980080834e-05, 7.37930758987e-06, 2.15738481302e-07, 7.03529892121e-08, 5.01252799268e-08, 2.11275743567e-08, 7.81969689001e-09, 7.33706286837e-08, 1.57808948131e-08, 4.96942131889e-09, 4.99828756162e-09, 1.43929856922e-09, 7.04777958216e-10, 1.04743491658e-09, 1.49142720396e-09, 2.19103582499e-10, 6.11654005223e-10, 8.43907943526e-10, 2.55946680516e-10, 2.84225615266e-10, 1.71440042718e-10, 8.09364866794e-11, 6.71067298952e-11, 2.72233433712e-11, 2.39671841401e-11, 3.68895955449e-11, 2.81272158342e-11, 2.89524133834e-11, 1.26188833688e-11, 2.14407207266e-11, 4.71784174227e-11, 6.85534753964e-11, 1.47076545387e-10, 1.15713078008e-10, 1.58236729275e-10, 2.373220509e-10, 2.12205489292e-10, 2.51975496024e-10], "dvar2": [6.00664643571e-05, 7.73319989094e-05, 7.50105609768e-05, 2.11470360227e-05, 6.30551426184e-07, 1.88850677318e-07, 1.37881642104e-07, 5.82683874484e-08, 2.24669314264e-08, 1.5802481812e-07, 4.28364330674e-08, 1.41125360287e-08, 1.3508618224e-08, 3.44490791448e-09, 1.7235135541e-09, 2.71862377055e-09, 3.69357766594e-09, 5.68556646208e-10, 1.58675406148e-09, 2.02174832431e-09, 6.9354988419e-10, 7.76430586491e-10, 4.57013538124e-10, 1.81345438666e-10, 1.6130792535e-10, 5.92398213817e-11, 5.9261907881e-11, 9.17066839135e-11, 6.44886921641e-11, 7.5200234928e-11, 2.72613147334e-11, 4.67887638356e-11, 9.2546803554e-11, 1.59346535966e-10, 3.25845933569e-10, 2.29245983308e-10, 3.80759895835e-10, 4.79660089425e-10, 4.51114728905e-10, 4.04747568794e-10], "max": [0.0467746369541, 0.0510541573167, 0.0354679524899, 0.0201444961131, 0.00353568582796, 0.00276316306554, 0.00238080299459, 0.00199731159955, 0.00165665859822, 0.00631112232804, 0.002271682024, 0.000531867786776, 0.000487455516122, 0.000358881341526, 0.000291214819299, 0.000839413318317, 0.00105073698796, 0.000214146581129, 0.000234450606513, 0.000289650430204, 0.000129125939566, 0.000181780618732, 0.000134632646223, 0.000133693611133, 0.000122383571579, 6.09723829257e-05, 5.65564150747e-05, 6.04285560257e-05, 4.70082668471e-05, 6.8065506639e-05, 3.97771436838e-05, 4.46512094641e-05, 5.60205953661e-05, 6.81390592945e-05, 0.000105779130536, 8.86299894773e-05, 9.87656967482e-05, 0.000105392449768, 9.62764170254e-05, 0.000118289688544], "mean": [0.0101801557466, 0.00657064141706, 0.00185106997378, 0.0006009535864, 0.000150696039782, 0.000155555724632, 0.000119532836834, 6.41063961666e-05, 3.27459674736e-05, 0.000121168304759, 6.26250548521e-05, 2.70423861366e-05, 2.98263312288e-05, 1.84504951903e-05, 1.47818636833e-05, 1.2972271179e-05, 2.05645883398e-05, 1.02477633845e-05, 1.05564440673e-05, 1.34595575219e-05, 6.9940974754e-06, 6.95855806043e-06, 6.12745498074e-06, 5.58733063372e-06, 5.45415150555e-06, 4.28625344284e-06, 3.88346643376e-06, 4.81745064462e-06, 4.93237621413e-06, 4.05608489018e-06, 3.6445085243e-06, 4.7114122026e-06, 5.43097803529e-06, 6.11678251516e-06, 8.01607257017e-06, 8.30610952107e-06, 8.55039161252e-06, 9.67180767475e-06, 9.70809651335e-06, 1.11993776954e-05], "median": [0.0100240493193, 0.00395365804434, 0.000256274041021, 7.35060166335e-05, 3.15171782859e-05, 3.17033955071e-05, 1.46295496961e-05, 1.30393855216e-05, 8.3656186689e-06, 1.79199105332e-05, 1.12338102554e-05, 3.37639721693e-06, 3.10292830363e-06, 1.84833379535e-06, 2.07530388252e-06, 2.62694948105e-06, 3.57184262612e-06, 2.65942503574e-06, 1.44726163853e-06, 1.71435419816e-06, 8.70212772952e-07, 5.4820469586e-07, 7.74989359797e-07, 1.21336711345e-06, 1.52980771873e-06, 1.39026792567e-06, 9.39688163726e-07, 1.21428342936e-06, 1.46514707922e-06, 1.17569652502e-06, 1.08183940029e-06, 1.63980223533e-06, 1.32859577207e-06, 2.40865574597e-06, 2.86803901872e-06, 2.23499750973e-06, 2.67597260972e-06, 2.65376525022e-06, 2.84901261693e-06, 2.42226496994e-06], "min": [2.93178979358e-12, 7.60034261004e-14, 2.68818577424e-13, 1.22160224644e-11, 3.30238484128e-12, 1.1069397135e-11, 8.31493415787e-11, 5.70317196247e-11, 4.54248930137e-11, 3.50829157392e-11, 1.90414031764e-10, 1.97376351374e-10, 2.47900255879e-10, 4.36176719742e-11, 3.17814732864e-11, 6.66239719643e-12, 1.02336264463e-11, 3.18350866502e-11, 4.56716366115e-11, 7.70020939372e-12, 3.15803307983e-12, 1.38434934089e-12, 3.91391427731e-13, 4.8263156709e-13, 7.73472811407e-13, 5.02931246996e-13, 3.54775941697e-13, 3.7319778344e-13, 3.63263835245e-13, 1.65483390337e-13, 1.85192817028e-13, 1.3235974003e-13, 1.64187863609e-13, 1.14533450541e-13, 8.49445906952e-14, 1.50923652915e-13, 9.51273971704e-14, 8.71827770025e-14, 8.51772604814e-14, 7.78763175908e-14], "var": [5.23702074133e-05, 5.89953560848e-05, 2.62251141976e-05, 4.2834017222e-06, 1.35808051027e-07, 7.11910104201e-08, 4.9127265811e-08, 1.80285297802e-08, 5.19425080725e-09, 1.08089714956e-07, 1.85881265935e-08, 3.4755363032e-09, 3.96034849359e-09, 1.49983636621e-09, 8.16363809886e-10, 1.09622522171e-09, 2.15635798106e-09, 2.83696094394e-10, 5.55514079181e-10, 9.50725498328e-10, 2.24521110037e-10, 2.48099374378e-10, 1.73548661553e-10, 1.19633636331e-10, 9.54052739588e-11, 4.60888376075e-11, 3.58673542256e-11, 5.12552535137e-11, 4.64034435876e-11, 3.58481092033e-11, 2.46037929613e-11, 3.97872845781e-11, 7.77353736936e-11, 9.31034485618e-11, 1.98486824199e-10, 1.98641464388e-10, 1.93603647003e-10, 3.34802741087e-10, 2.94782809274e-10, 4.55961546297e-10]}, "mfcc": {"mean": [-693.830383301, 90.1230392456, 56.1040649414, 22.1593513489, 25.1802482605, 18.1437339783, 14.7367095947, 12.7374582291, 12.0187158585, 14.8809146881, 8.94156455994, 3.36414074898, 2.75367832184], "cov": [[12000.3398438, -2413.09057617, -1053.00732422, -143.947174072, -870.066467285, -424.329467773, -447.150421143, -230.138366699, -241.938720703, -476.763214111, -409.668792725, -78.9450073242, 84.2384872437], [-2413.09057617, 2863.08105469, -515.845031738, 137.36151123, 151.100234985, 104.45111084, 143.111450195, 50.6254577637, 82.4141082764, 41.4185333252, 0.362969100475, -51.3582077026, -124.238975525], [-1053.00732422, -515.845031738, 1429.26623535, 220.5546875, 355.327392578, 112.999786377, 48.3544654846, 64.3823776245, 22.9335231781, 46.3653755188, 55.4432525635, 46.5523643494, 70.0618057251], [-143.947174072, 137.36151123, 220.5546875, 568.196044922, 187.588775635, 63.4430503845, 64.940032959, 85.0733795166, 36.6042976379, -69.5875701904, -59.8479347229, 45.1174430847, 73.833480835], [-870.066467285, 151.100234985, 355.327392578, 187.588775635, 353.628204346, 162.452026367, 123.568206787, 113.605735779, 49.5929908752, 55.9622077942, 56.7855949402, 48.6749038696, 40.7954101562], [-424.329467773, 104.45111084, 112.999786377, 63.4430503845, 162.452026367, 239.063339233, 130.981445312, 104.953887939, 68.7579421997, 66.7426071167, 46.0522003174, 19.4366054535, -2.54470396042], [-447.150421143, 143.111450195, 48.3544654846, 64.940032959, 123.568206787, 130.981445312, 183.420654297, 128.801147461, 81.0867462158, 84.5679092407, 55.1265258789, 17.4974632263, 4.86756134033], [-230.138366699, 50.6254577637, 64.3823776245, 85.0733795166, 113.605735779, 104.953887939, 128.801147461, 168.118408203, 103.003311157, 75.5193862915, 45.5079650879, 23.2794761658, 13.0394067764], [-241.938720703, 82.4141082764, 22.9335231781, 36.6042976379, 49.5929908752, 68.7579421997, 81.0867462158, 103.003311157, 125.332374573, 99.4775695801, 54.5520057678, 26.2902183533, 10.542848587], [-476.763214111, 41.4185333252, 46.3653755188, -69.5875701904, 55.9622077942, 66.7426071167, 84.5679092407, 75.5193862915, 99.4775695801, 192.560882568, 140.794143677, 27.2342395782, -18.0240039825], [-409.668792725, 0.362969100475, 55.4432525635, -59.8479347229, 56.7855949402, 46.0522003174, 55.1265258789, 45.5079650879, 54.5520057678, 140.794143677, 148.011199951, 58.0388259888, 2.39407753944], [-78.9450073242, -51.3582077026, 46.5523643494, 45.1174430847, 48.6749038696, 19.4366054535, 17.4974632263, 23.2794761658, 26.2902183533, 27.2342395782, 58.0388259888, 100.087730408, 72.5107650757], [84.2384872437, -124.238975525, 70.0618057251, 73.833480835, 40.7954101562, -2.54470396042, 4.86756134033, 13.0394067764, 10.542848587, -18.0240039825, 2.39407753944, 72.5107650757, 113.31665802]], "icov": [[0.000143605648191, 0.000122721394291, 0.000104772203485, -5.29238932359e-05, 0.000216661152081, -5.55318183615e-05, 0.000174888627953, -0.00022489822004, 8.39988497319e-05, 6.19893762632e-05, 0.000210687110666, -6.51053560432e-05, -2.41271136474e-05], [0.000122721394291, 0.000598363287281, 0.000372067675926, -0.000155993897351, -0.00043167907279, 0.0001353979751, -0.000333083589794, 0.000608604808804, -0.000797467771918, 0.000430093088653, 0.000117050592962, -0.000123269928736, 0.000758143549319], [0.000104772203485, 0.000372067675926, 0.00124051806051, -0.000245194183663, -0.0013020564802, 5.47389827261e-05, 0.000455363857327, 0.000375793664716, -0.000393586844439, 0.000106912208139, -0.000304655142827, 0.000700849457644, -0.000258413900156], [-5.29238932359e-05, -0.000155993897351, -0.000245194183663, 0.00294723198749, -0.00137656135485, 0.000528516073246, -0.00047820166219, -0.000489940401167, -0.00129199353978, 0.00132447946817, 0.0016327801859, -0.00149333965965, -6.40815851511e-05], [0.000216661152081, -0.00043167907279, -0.0013020564802, -0.00137656135485, 0.00818949006498, -0.0031298075337, -0.000117961448268, -0.00360777415335, 0.0043778559193, -0.00117393117398, -0.000830675999168, -0.000301685242448, -0.00191421411], [-5.55318183615e-05, 0.0001353979751, 5.47389827261e-05, 0.000528516073246, -0.0031298075337, 0.00858231820166, -0.00431482773274, 0.000525330600794, -0.00220009754412, 0.000612312869634, 0.000922307313886, -0.00184297107626, 0.00271782674827], [0.000174888627953, -0.000333083589794, 0.000455363857327, -0.00047820166219, -0.000117961448268, -0.00431482773274, 0.0163844134659, -0.00974309351295, 0.00324655603617, -0.00393717456609, 0.000150093474076, 0.0021406901069, -0.00240353285335], [-0.00022489822004, 0.000608604808804, 0.000375793664716, -0.000489940401167, -0.00360777415335, 0.000525330600794, -0.00974309351295, 0.0226178821176, -0.0155214192346, 0.00602667639032, -0.00395316397771, 0.00218068854883, 0.00113864219747], [8.39988497319e-05, -0.000797467771918, -0.000393586844439, -0.00129199353978, 0.0043778559193, -0.00220009754412, 0.00324655603617, -0.0155214192346, 0.0328438170254, -0.023549599573, 0.0162849705666, -0.00903271418065, -0.00119608547539], [6.19893762632e-05, 0.000430093088653, 0.000106912208139, 0.00132447946817, -0.00117393117398, 0.000612312869634, -0.00393717456609, 0.00602667639032, -0.023549599573, 0.042570464313, -0.0381354019046, 0.0175788812339, -0.00207232218236], [0.000210687110666, 0.000117050592962, -0.000304655142827, 0.0016327801859, -0.000830675999168, 0.000922307313886, 0.000150093474076, -0.00395316397771, 0.0162849705666, -0.0381354019046, 0.0516020469368, -0.031120672822, 0.0111072640866], [-6.51053560432e-05, -0.000123269928736, 0.000700849457644, -0.00149333965965, -0.000301685242448, -0.00184297107626, 0.0021406901069, 0.00218068854883, -0.00903271418065, 0.0175788812339, -0.031120672822, 0.0414666719735, -0.0220630820841], [-2.41271136474e-05, 0.000758143549319, -0.000258413900156, -6.40815851511e-05, -0.00191421411, 0.00271782674827, -0.00240353285335, 0.00113864219747, -0.00119608547539, -0.00207232218236, 0.0111072640866, -0.0220630820841, 0.0242629554123]]}, "spectral_contrast_coeffs": {"dmean": [0.0662110075355, 0.0560688003898, 0.0489950701594, 0.0322970151901, 0.0242544021457, 0.0216519124806], "dmean2": [0.103969588876, 0.0950118377805, 0.0749824121594, 0.0507485605776, 0.0368598438799, 0.0342668481171], "dvar": [0.00327715394087, 0.00208905572072, 0.00175916578155, 0.000663785031065, 0.000463068310637, 0.000654061790556], "dvar2": [0.00798098091036, 0.00580866914243, 0.00385665800422, 0.00171676452737, 0.000982201076113, 0.00154308264609], "max": [-0.271570473909, -0.402119338512, -0.503216147423, -0.619471430779, -0.684966027737, -0.661330103874], "mean": [-0.638828217983, -0.77313709259, -0.791290163994, -0.818436264992, -0.827462613583, -0.828076303005], "median": [-0.643783450127, -0.782082378864, -0.800436735153, -0.821363568306, -0.829390645027, -0.831032276154], "min": [-0.898293972015, -0.954840183258, -0.961015701294, -0.965690612793, -0.940495491028, -0.913224041462], "var": [0.00940288417041, 0.00414848932996, 0.00574069283903, 0.00192256935406, 0.00156442588195, 0.00123566773254]}, "spectral_contrast_valleys": {"dmean": [0.570778131485, 0.638120114803, 0.669624149799, 0.571112394333, 0.575792491436, 0.686343789101], "dmean2": [0.889936506748, 0.996545433998, 1.00677132607, 0.846891760826, 0.812963306904, 0.880711555481], "dvar": [0.30649960041, 0.446680039167, 0.585166752338, 0.440864980221, 0.493323773146, 0.563494086266], "dvar2": [0.661725699902, 0.960413753986, 1.28808534145, 0.939836800098, 0.938174903393, 1.07499659061], "max": [-5.03739976883, -4.64241027832, -5.13350772858, -5.72141933441, -5.71918869019, -7.14031934738], "mean": [-7.38722991943, -7.56694889069, -8.14527320862, -8.4