{"lowlevel": {"average_loudness": 0.847863614559, "barkbands_crest": {"dmean": 2.23906421661, "dmean2": 3.4943716526, "dvar": 5.76734209061, "dvar2": 13.0613231659, "max": 26.7893867493, "mean": 13.6726493835, "median": 12.7204914093, "min": 1.90677785873, "var": 30.8467731476}, "barkbands_flatness_db": {"dmean": 0.0294023919851, "dmean2": 0.041083805263, "dvar": 0.00108982133679, "dvar2": 0.00208990857936, "max": 0.556235969067, "mean": 0.211038902402, "median": 0.184976577759, "min": 0.0143428947777, "var": 0.011405820027}, "barkbands_kurtosis": {"dmean": 4.65205049515, "dmean2": 6.97555541992, "dvar": 95.7707977295, "dvar2": 187.490219116, "max": 254.510314941, "mean": 8.72400379181, "median": 4.06887340546, "min": -1.89375317097, "var": 273.041717529}, "barkbands_skewness": {"dmean": 0.6238052845, "dmean2": 0.904546022415, "dvar": 0.600801169872, "dvar2": 1.13542294502, "max": 13.8138275146, "mean": 1.74113619328, "median": 1.71768689156, "min": -12.2383079529, "var": 3.29656934738}, "barkbands_spread": {"dmean": 3.55020070076, "dmean2": 5.41192150116, "dvar": 21.0285415649, "dvar2": 47.4183692932, "max": 84.4760360718, "mean": 14.1140079498, "median": 12.5518550873, "min": 0.252916097641, "var": 116.066352844}, "dissonance": {"dmean": 0.0351672768593, "dmean2": 0.0588454417884, "dvar": 0.00166702980641, "dvar2": 0.00462961662561, "max": 0.499999970198, "mean": 0.42054194212, "median": 0.442564427853, "min": 0.124186389148, "var": 0.00470415083691}, "dynamic_complexity": 5.55831575394, "erbbands_crest": {"dmean": 2.83194589615, "dmean2": 4.4554567337, "dvar": 8.4891872406, "dvar2": 19.068977356, "max": 34.183883667, "mean": 14.5119972229, "median": 13.0293598175, "min": 2.24493050575, "var": 57.3577537537}, "erbbands_flatness_db": {"dmean": 0.0265976954252, "dmean2": 0.036388233304, "dvar": 0.00101515965071, "dvar2": 0.0018792853225, "max": 0.585656404495, "mean": 0.224029555917, "median": 0.188669472933, "min": 0.0313134603202, "var": 0.0149384727702}, "erbbands_kurtosis": {"dmean": 2.49867939949, "dmean2": 3.78326320648, "dvar": 43.8578872681, "dvar2": 97.4119644165, "max": 132.535888672, "mean": 3.56103205681, "median": 0.591954827309, "min": -1.89270985126, "var": 93.5145111084}, "erbbands_skewness": {"dmean": 0.477589815855, "dmean2": 0.701441645622, "dvar": 0.38575938344, "dvar2": 0.777995526791, "max": 9.39346408844, "mean": 0.529338121414, "median": 0.332683771849, "min": -6.59470701218, "var": 1.80653738976}, "erbbands_spread": {"dmean": 6.04057455063, "dmean2": 9.14705085754, "dvar": 59.4237213135, "dvar2": 127.42565155, "max": 137.472869873, "mean": 26.9382972717, "median": 25.0149879456, "min": 0.286679059267, "var": 370.705841064}, "hfc": {"dmean": 7.24726295471, "dmean2": 10.3139533997, "dvar": 174.029037476, "dvar2": 401.270996094, "max": 188.590499878, "mean": 16.2371845245, "median": 10.7018671036, "min": 1.09082788919e-16, "var": 338.260925293}, "melbands_crest": {"dmean": 2.64030790329, "dmean2": 4.1572265625, "dvar": 8.39231586456, "dvar2": 19.1983528137, "max": 35.1308708191, "mean": 17.80286026, "median": 17.8399047852, "min": 1.00096106529, "var": 35.918586731}, "melbands_flatness_db": {"dmean": 0.0325910560787, "dmean2": 0.0455373711884, "dvar": 0.00142975547351, "dvar2": 0.00268937274814, "max": 0.623523712158, "mean": 0.289297580719, "median": 0.275324165821, "min": -6.04005663263e-08, "var": 0.0117351207882}, "melbands_kurtosis": {"dmean": 8.03999423981, "dmean2": 12.3044471741, "dvar": 237.493270874, "dvar2": 535.191162109, "max": 246.381713867, "mean": 16.1238155365, "median": 9.34010505676, "min": -1.92148721218, "var": 499.643737793}, "melbands_skewness": {"dmean": 0.773358821869, "dmean2": 1.13720309734, "dvar": 0.961086690426, "dvar2": 1.93114042282, "max": 13.3082389832, "mean": 2.44512677193, "median": 2.2994697094, "min": -8.53102302551, "var": 4.98698854446}, "melbands_spread": {"dmean": 3.97702670097, "dmean2": 6.06363773346, "dvar": 31.4213523865, "dvar2": 66.6294784546, "max": 152.996505737, "mean": 15.0282459259, "median": 10.9744758606, "min": 0.424728214741, "var": 213.722961426}, "pitch_salience": {"dmean": 0.063718855381, "dmean2": 0.103262007236, "dvar": 0.00502494769171, "dvar2": 0.0126194749027, "max": 0.996097266674, "mean": 0.429421216249, "median": 0.433563113213, "min": 0.0843018814921, "var": 0.0165776461363}, "silence_rate_20dB": {"dmean": 0, "dmean2": 0, "dvar": 0, "dvar2": 0, "max": 1, "mean": 1, "median": 1, "min": 1, "var": 0}, "silence_rate_30dB": {"dmean": 0.0483026504517, "dmean2": 0.0966216251254, "dvar": 0.0459683798254, "dvar2": 0.112287841737, "max": 1, "mean": 0.962512671947, "median": 1, "min": 0, "var": 0.0360812097788}, "silence_rate_60dB": {"dmean": 0.0439115017653, "dmean2": 0.0878378376365, "dvar": 0.0419789552689, "dvar2": 0.0835051834583, "max": 1, "mean": 0.184734880924, "median": 0, "min": 0, "var": 0.150601699948}, "spectral_centroid": {"dmean": 147.994888306, "dmean2": 225.502624512, "dvar": 42781.8398438, "dvar2": 86655.578125, "max": 11257.4804688, "mean": 1085.01074219, "median": 949.344116211, "min": 187.792892456, "var": 380168.375}, "spectral_complexity": {"dmean": 2.38270568848, "dmean2": 3.81689190865, "dvar": 10.2147331238, "dvar2": 23.0427913666, "max": 43, "mean": 11.9099969864, "median": 11, "min": 0, "var": 70.9924621582}, "spectral_decrease": {"dmean": 3.18530268828e-09, "dmean2": 4.90386309338e-09, "dvar": 4.45718232879e-17, "dvar2": 1.10785563371e-16, "max": 5.3935024832e-27, "mean": -8.21749779334e-09, "median": -6.19539353153e-09, "min": -7.71474688577e-08, "var": 7.65022952603e-17}, "spectral_energy": {"dmean": 0.0125868348405, "dmean2": 0.019302688539, "dvar": 0.000680742086843, "dvar2": 0.00168536324054, "max": 0.299233496189, "mean": 0.0324874818325, "median": 0.0244620647281, "min": 1.03557576241e-20, "var": 0.00117544142995}, "spectral_energyband_high": {"dmean": 0.000350037298631, "dmean2": 0.000537224579602, "dvar": 6.8801642783e-07, "dvar2": 1.63993365732e-06, "max": 0.0131138432771, "mean": 0.000506533426233, "median": 0.00010078727064, "min": 7.65169127696e-21, "var": 1.06428706204e-06}, "spectral_energyband_low": {"dmean": 0.00737934280187, "dmean2": 0.0122578637674, "dvar": 0.000463946838863, "dvar2": 0.00120571255684, "max": 0.265778034925, "mean": 0.0171569734812, "median": 0.00722920335829, "min": 4.69819680512e-23, "var": 0.000647963723168}, "spectral_energyband_middle_high": {"dmean": 0.00169757311232, "dmean2": 0.00246585370041, "dvar": 9.85574115475e-06, "dvar2": 2.09598583751e-05, "max": 0.0679681226611, "mean": 0.00387682206929, "median": 0.0026846062392, "min": 1.40216090434e-21, "var": 2.36220366787e-05}, "spectral_energyband_middle_low": {"dmean": 0.00557594001293, "dmean2": 0.00786134600639, "dvar": 0.000132253524498, "dvar2": 0.000294035504339, "max": 0.148310393095, "mean": 0.012089798227, "median": 0.00639457628131, "min": 2.54240075256e-22, "var": 0.000257305568084}, "spectral_entropy": {"dmean": 0.28423255682, "dmean2": 0.40427711606, "dvar": 0.122633039951, "dvar2": 0.240443974733, "max": 9.8047914505, "mean": 6.8415760994, "median": 7.07104158401, "min": 3.75883769989, "var": 0.939786732197}, "spectral_flux": {"dmean": 0.0311516821384, "dmean2": 0.0490028224885, "dvar": 0.00250668334775, "dvar2": 0.00555692799389, "max": 0.487207680941, "mean": 0.0656487867236, "median": 0.0488542057574, "min": 6.75341865763e-11, "var": 0.00399194145575}, "spectral_kurtosis": {"dmean": 7.13243865967, "dmean2": 10.8287305832, "dvar": 191.731613159, "dvar2": 450.920410156, "max": 239.127868652, "mean": 17.6587200165, "median": 6.48195505142, "min": -1.23674511909, "var": 867.339355469}, "spectral_rms": {"dmean": 0.000934354146011, "dmean2": 0.00134364026599, "dvar": 2.23706388169e-06, "dvar2": 4.97264409205e-06, "max": 0.0170861091465, "mean": 0.00480224378407, "median": 0.00488522462547, "min": 3.17854965438e-12, "var": 8.63351851876e-06}, "spectral_rolloff": {"dmean": 250.689117432, "dmean2": 430.795410156, "dvar": 339928.21875, "dvar2": 692667.375, "max": 19293.75, "mean": 1052.87658691, "median": 753.662109375, "min": 86.1328125, "var": 1266442.375}, "spectral_skewness": {"dmean": 0.540827393532, "dmean2": 0.799645245075, "dvar": 0.673011898994, "dvar2": 1.46305429935, "max": 11.5807447433, "mean": 2.7235121727, "median": 1.98801422119, "min": -0.0225263983011, "var": 3.51640605927}, "spectral_spread": {"dmean": 1016437.625, "dmean2": 1340132.125, "dvar": 1638326730750.0, "dvar2": 2891900518400.0, "max": 41387768, "mean": 4202533, "median": 3859474, "min": 299428.75, "var": 5206901260290.0}, "spectral_strongpeak": {"dmean": 0.463765025139, "dmean2": 0.727255105972, "dvar": 0.716066777706, "dvar2": 1.68489825726, "max": 9.60460758209, "mean": 1.11814439297, "median": 0.668767690659, "min": 0, "var": 1.42692959309}, "zerocrossingrate": {"dmean": 0.00800959393382, "dmean2": 0.00943050906062, "dvar": 0.000109388929559, "dvar2": 0.000140962554724, "max": 0.517578125, "mean": 0.0482233390212, "median": 0.04052734375, "min": 0.00390625, "var": 0.00125016761012}, "barkbands": {"dmean": [0.000282428198261, 0.00569633115083, 0.0021794969216, 0.000646856729873, 0.00200509605929, 0.00141804933082, 0.00058725848794, 0.000947488413658, 0.00104048987851, 0.0006490732776, 0.000395714130718, 0.000315631652484, 0.000250534329098, 0.000226764939725, 0.000362910563126, 0.000141738302773, 0.00012372888159, 6.35314936517e-05, 8.31581492093e-05, 5.40960209037e-05, 5.54899597773e-05, 4.33596360381e-05, 5.56158556719e-05, 5.61035049031e-05, 8.83860047907e-05, 4.15836111642e-05, 2.01679922611e-05], "dmean2": [0.000456491950899, 0.00946943461895, 0.00360823748633, 0.0010390864918, 0.00328256399371, 0.00199772929773, 0.000859044434037, 0.00127228943165, 0.00138839497231, 0.000910469098017, 0.000560057000257, 0.000494897249155, 0.000379243778298, 0.000366312946426, 0.000583645887673, 0.0002233361447, 0.00020467043214, 0.000103472928458, 0.000131463209982, 8.98176222108e-05, 9.30427195271e-05, 7.17104121577e-05, 8.27682306408e-05, 9.06027344172e-05, 0.000142371369293, 6.30357753835e-05, 3.13347773044e-05], "dvar": [6.22040488452e-07, 0.000299935141811, 3.48373832821e-05, 2.79943924397e-06, 4.08922496717e-05, 1.15030934467e-05, 2.30782779909e-06, 7.96148287918e-06, 1.61157713592e-05, 8.9953728093e-06, 8.89984278274e-07, 6.62451100197e-07, 3.75260526653e-07, 2.63743572759e-07, 1.77242213795e-06, 1.06745311257e-07, 6.38295105659e-08, 1.68328853078e-08, 6.55241478853e-08, 1.72968661616e-08, 1.91476363653e-08, 2.2694644386e-08, 3.50578872599e-08, 1.76882615222e-08, 4.50240875693e-08, 1.36881936896e-08, 4.56193083309e-09], "dvar2": [1.46492448039e-06, 0.000795646628831, 9.36392389121e-05, 7.16810109225e-06, 0.0001026087848, 2.3285532734e-05, 4.49090430266e-06, 1.45151043398e-05, 3.12003467116e-05, 1.80359493243e-05, 1.83422378086e-06, 1.46929812672e-06, 6.31595412415e-07, 6.16198860826e-07, 4.34650564785e-06, 2.43046173409e-07, 1.72387103703e-07, 3.8933990254e-08, 1.42691249039e-07, 4.20862136252e-08, 5.19339380389e-08, 6.14405522015e-08, 6.86834482622e-08, 4.41241638782e-08, 1.08185915337e-07, 2.79897580668e-08, 1.03968984533e-08], "max": [0.00995116215199, 0.224418014288, 0.080221414566, 0.0330632477999, 0.0816105082631, 0.0654108524323, 0.0280220843852, 0.0438231602311, 0.0704566910863, 0.102489568293, 0.0164260976017, 0.0126955257729, 0.0200179368258, 0.00968933105469, 0.0211439486593, 0.007956600748, 0.00634730514139, 0.00308919698, 0.00620240485296, 0.00459385570139, 0.00254396325909, 0.00297670881264, 0.0049608736299, 0.00138458330184, 0.00264355679974, 0.00456116022542, 0.00239715864882], "mean": [0.000352583359927, 0.0112575134262, 0.00471572671086, 0.00133205542807, 0.00261959061027, 0.00253217341378, 0.00094903918216, 0.00194744509645, 0.002060796367, 0.00106046372093, 0.000691096647643, 0.000409166503232, 0.000404424528824, 0.000328145979438, 0.000496794702485, 0.000235698069446, 0.0002532764629, 0.000117525552923, 0.000166369412909, 0.000105813625851, 9.41808029893e-05, 6.26684050076e-05, 7.05413185642e-05, 6.15553653915e-05, 9.0659064881e-05, 5.10339013999e-05, 2.11210117413e-05], "median": [2.12906597881e-05, 0.00308347656392, 0.0015442892909, 0.000282862863969, 0.000507748452947, 0.000698964635376, 0.000201768620173, 0.000139295836561, 0.000239887478529, 0.00018840256962, 0.000129798485432, 0.000107347928861, 0.000100602934253, 7.27226943127e-05, 8.89374350663e-05, 5.59556247026e-05, 7.72324128775e-05, 2.9642116715e-05, 3.44680811395e-05, 1.84762466233e-05, 1.86441138794e-05, 1.13292917376e-05, 7.89040495874e-06, 4.78435504192e-06, 4.58633167e-06, 2.37112135437e-06, 4.03593332976e-07], "min": [1.32962387246e-24, 9.48738713793e-24, 6.031382779e-24, 1.02218592392e-23, 3.46523687143e-23, 1.65425441334e-23, 4.30093339523e-23, 2.03999619417e-23, 4.50420549556e-23, 5.82315095238e-23, 3.10828993359e-23, 6.72608177558e-23, 5.8450219632e-23, 5.98400221531e-23, 7.51467068156e-23, 1.35406447146e-22, 8.92014376672e-23, 1.52235740641e-22, 2.25433323621e-22, 2.83031049672e-22, 2.350482885e-22, 3.56074445055e-22, 6.13635384908e-22, 6.21263026151e-22, 1.20227167938e-21, 1.39450221353e-21, 1.89199793663e-21], "var": [8.22113463528e-07, 0.000389738212107, 5.3053136071e-05, 8.18671651359e-06, 4.63549149572e-05, 2.97065726045e-05, 4.91616674481e-06, 2.4330083761e-05, 4.10281791119e-05, 2.03589097509e-05, 2.47351340477e-06, 8.92508580819e-07, 1.08777669539e-06, 4.71676514735e-07, 1.82791325187e-06, 2.65824155576e-07, 2.11314173271e-07, 4.37698872702e-08, 1.63435004197e-07, 5.85955781673e-08, 3.23080904252e-08, 2.34568471313e-08, 5.91187614418e-08, 1.98819343211e-08, 5.31397716941e-08, 3.24183631051e-08, 7.28431803765e-09]}, "erbbands": {"dmean": [0.143782570958, 1.37452065945, 2.91339969635, 1.89376854897, 4.50159311295, 7.31177091599, 9.13422203064, 11.3135452271, 9.95652484894, 12.5835189819, 20.499004364, 28.424539566, 20.4735641479, 12.9705562592, 17.6929321289, 15.425453186, 12.7811155319, 12.4142284393, 18.5839347839, 11.4170589447, 6.85921907425, 4.70286750793, 3.26568675041, 4.50748920441, 3.69887661934, 2.77913498878, 2.74082398415, 1.48782277107, 1.52893710136, 2.03721404076, 1.32154262066, 1.21145105362, 0.843258559704, 0.873549520969, 0.690174102783, 0.24814760685, 0.0687209591269, 0.0180981848389, 0.00295673310757, 0.000233842220041], "dmean2": [0.233235388994, 2.3418302536, 4.92745018005, 3.04402685165, 7.44153690338, 12.0770549774, 13.7840499878, 15.3954019547, 13.7473392487, 18.2595882416, 26.9523067474, 37.028263092, 28.0509853363, 18.8407840729, 24.8778972626, 23.4986457825, 19.132270813, 19.9622783661, 29.6436157227, 18.2944984436, 10.9565496445, 7.75168514252, 5.23564147949, 7.15232849121, 5.8576540947, 4.57971000671, 4.52276468277, 2.57126379013, 2.49652338028, 3.07355237007, 2.04773402214, 1.97426080704, 1.34587943554, 1.3660775423, 1.13605988026, 0.388273090124, 0.103782705963, 0.0274231880903, 0.0045829443261, 0.000362307589967], "dvar": [0.171241432428, 18.3184528351, 69.1282653809, 20.7418727875, 243.013977051, 536.363769531, 788.44317627, 730.806274414, 677.179077148, 1204.81311035, 4705.74853516, 12626.953125, 10205.0605469, 3913.2409668, 1746.0982666, 1593.66040039, 981.943359375, 756.354980469, 5273.22705078, 798.474060059, 166.309921265, 85.8941116333, 45.5912590027, 128.052978516, 225.217483521, 41.8880004883, 43.12159729, 15.8833913803, 24.3910598755, 83.7319946289, 12.0084524155, 8.16681480408, 3.93212747574, 4.46648406982, 2.85557603836, 0.364269286394, 0.0534258745611, 0.00380755984224, 0.000111428635137, 5.23319158674e-07], "dvar2": [0.43147623539, 50.1122779846, 189.581939697, 50.441078186, 655.291809082, 1322.58044434, 1714.11633301, 1289.61914062, 1159.3651123, 2462.46508789, 8456.08007812, 24286.7382812, 20588.8886719, 7864.92431641, 3717.78637695, 3496.16748047, 1609.31298828, 1773.09069824, 12953.3652344, 1923.40478516, 398.255279541, 231.321289062, 101.429084778, 272.812561035, 503.217285156, 103.224914551, 115.286888123, 43.7881889343, 65.7105941772, 161.956054688, 26.7621746063, 20.3998584747, 9.49096107483, 10.1205568314, 7.09705972672, 0.810262143612, 0.10812394321, 0.0076355477795, 0.000256584316958, 1.25909673443e-06], "max": [4.89932727814, 54.0407447815, 105.336341858, 79.9939117432, 198.848510742, 366.604522705, 644.409606934, 558.416381836, 490.941833496, 616.36529541, 1217.32922363, 2039.22937012, 3982.36669922, 2368.88745117, 727.715881348, 627.371520996, 1048.76965332, 495.66696167, 1161.75524902, 495.821075439, 284.631103516, 235.51260376, 211.676742554, 447.098175049, 403.42666626, 159.955474854, 123.35584259, 66.1170730591, 87.0278625488, 268.097747803, 64.7242050171, 34.1081771851, 22.243850708, 30.1619586945, 22.6223526001, 17.9479656219, 9.91426467896, 2.50579619408, 0.391784071922, 0.0226103626192], "mean": [0.227358847857, 2.81989789009, 6.40200805664, 4.78046560287, 6.00898218155, 9.20832633972, 13.6270341873, 21.0601482391, 17.3674106598, 24.7689933777, 42.8346633911, 58.6088142395, 36.156539917, 21.1265239716, 30.7230300903, 22.0324230194, 21.5107727051, 18.943315506, 26.0398540497, 17.3216667175, 13.2844963074, 10.0667238235, 6.99651384354, 9.19233322144, 7.28631210327, 5.39965295792, 4.85327291489, 2.47894430161, 2.18540978432, 2.78280377388, 1.64896678925, 1.38115286827, 0.93094587326, 0.939513742924, 0.681985199451, 0.283221125603, 0.0838609337807, 0.0207942277193, 0.00317697972059, 0.000262472371105], "median": [0.060202986002, 0.72485101223, 2.57747364044, 1.70385217667, 1.45131754875, 1.4828555584, 3.28753829002, 4.94505119324, 4.01216506958, 2.90383124352, 5.91196250916, 6.60744571686, 7.77455997467, 5.58087539673, 7.89621543884, 7.57056713104, 6.37332963943, 5.37432384491, 5.65159893036, 4.6298122406, 4.54561901093, 3.47857809067, 2.36631298065, 1.93464326859, 1.53063154221, 1.0824816227, 0.995028018951, 0.483466148376, 0.399424910545, 0.387441575527, 0.235766679049, 0.108557574451, 0.0739428251982, 0.0505950078368, 0.0345073714852, 0.0150921288878, 0.00332432240248, 0.000605194712989, 9.13440308068e-05, 4.61420277134e-05], "min": [1.97363431181e-22, 8.88112380334e-22, 5.52724468299e-21, 3.15018973152e-20, 8.37235057522e-20, 9.17059085233e-20, 1.28195391508e-19, 1.43265381498e-19, 3.12465305043e-19, 5.25207214701e-19, 4.56483601844e-19, 8.20522222212e-19, 9.88872088431e-19, 2.96229259223e-18, 1.33952801216e-18, 2.22480999774e-18, 2.84549365576e-18, 3.19526656419e-18, 2.87481741527e-18, 6.82165015106e-18, 5.5230555851e-18, 5.47252353507e-18, 8.54990011157e-18, 9.45341295105e-18, 1.07954117517e-17, 1.31323376029e-17, 9.36216004023e-18, 1.20939703353e-17, 1.13173900152e-17, 1.82185752365e-17, 1.6414226314e-17, 1.32497608539e-17, 1.22608664316e-17, 1.07470953049e-17, 9.55818282025e-18, 4.90424466399e-18, 2.65021740624e-18, 1.27223624895e-18, 2.96024857724e-19, 2.5934419262e-20], "var": [0.202133655548, 23.7099666595, 92.6862106323, 66.2049102783, 220.862442017, 678.128967285, 1205.51733398, 2616.64404297, 1844.83288574, 3308.74536133, 13795.8056641, 32644.9277344, 24349.1015625, 6927.36230469, 3964.65307617, 2219.13647461, 2956.49755859, 1368.55957031, 5407.72949219, 1209.35205078, 486.902679443, 274.108337402, 144.984954834, 468.445343018, 406.981811523, 126.986457825, 93.8378219604, 22.2518882751, 26.307800293, 143.788864136, 16.2393035889, 9.58564758301, 4.65594434738, 5.84116029739, 3.19165754318, 0.671006679535, 0.119012750685, 0.00826206617057, 0.000178302172571, 7.44647422835e-07]}, "gfcc": {"mean": [-86.9469528198, 99.0301742554, -113.934753418, -3.68563199043, -44.6907730103, 12.1906433105, -31.5856056213, 6.24638795853, -18.3478965759, 0.619458913803, -15.4977464676, -0.176321595907, -6.90499162674], "cov": [[32157.3105469, -1028.21936035, 3517.52783203, 4693.43310547, -175.360336304, 630.465332031, -14.9236087799, 918.967895508, -188.053329468, 1063.13549805, 484.990722656, 94.6000976562, -767.65637207], [-1028.21936035, 2400.16113281, -276.048065186, -495.624847412, 362.053649902, -253.764266968, 112.959648132, -194.975158691, 149.746353149, -287.953216553, 150.156204224, -79.7520751953, 62.0018424988], [3517.52783203, -276.048065186, 1365.37487793, 933.812133789, 128.797821045, 198.800964355, 67.5336761475, 167.297042847, -71.636428833, 214.524154663, 87.9221038818, 11.3823957443, -99.5229797363], [4693.43310547, -495.624847412, 933.812133789, 2053.45288086, 535.213195801, 92.5703887939, 339.409454346, 162.224655151, -96.6566314697, 272.026519775, 85.1071624756, 39.2738494873, -137.515426636], [-175.360336304, 362.053649902, 128.797821045, 535.213195801, 824.017150879, 132.205154419, 300.94418335, -10.6249523163, 0.271949797869, -61.5599517822, -1.01660442352, -6.78509378433, 26.0082817078], [630.465332031, -253.764266968, 198.800964355, 92.5703887939, 132.205154419, 469.320159912, 136.686355591, 134.232498169, -0.848427891731, 16.2199192047, -79.5611724854, -18.6343650818, -11.8382396698], [-14.9236087799, 112.959648132, 67.5336761475, 339.409454346, 300.94418335, 136.686355591, 370.666564941, 118.646888733, 26.6552295685, -5.31013965607, -31.3783855438, -72.2009353638, -26.3019390106], [918.967895508, -194.975158691, 167.297042847, 162.224655151, -10.6249523163, 134.232498169, 118.646888733, 248.046615601, 63.3605270386, 73.6006240845, -13.8686704636, -64.1730804443, -91.4148864746], [-188.053329468, 149.746353149, -71.636428833, -96.6566314697, 0.271949797869, -0.848427891731, 26.6552295685, 63.3605270386, 195.300582886, 48.3154563904, -12.6113576889, -61.6739501953, -16.8757972717], [1063.13549805, -287.953216553, 214.524154663, 272.026519775, -61.5599517822, 16.2199192047, -5.31013965607, 73.6006240845, 48.3154563904, 252.473342896, 76.4637145996, -24.9351882935, -49.6329231262], [484.990722656, 150.156204224, 87.9221038818, 85.1071624756, -1.01660442352, -79.5611724854, -31.3783855438, -13.8686704636, -12.6113576889, 76.4637145996, 210.919311523, 90.4354629517, -33.5095367432], [94.6000976562, -79.7520751953, 11.3823957443, 39.2738494873, -6.78509378433, -18.6343650818, -72.2009353638, -64.1730804443, -61.6739501953, -24.9351882935, 90.4354629517, 196.89642334, 55.3872070312], [-767.65637207, 62.0018424988, -99.5229797363, -137.515426636, 26.0082817078, -11.8382396698, -26.3019390106, -91.4148864746, -16.8757972717, -49.6329231262, -33.5095367432, 55.3872070312, 167.796722412]], "icov": [[7.78214380261e-05, -0.000101052988612, -2.27619439102e-05, -0.00022114123567, 0.000125479593407, -0.000143555444083, 0.000254142301856, -0.000216940577957, 8.76428748597e-05, -9.00410013855e-05, 3.45040025422e-05, -4.6199591452e-05, 9.50253233896e-05], [-0.000101052988612, 0.00117426633369, -0.000197531699087, 0.000412298220908, -0.00040999459452, 0.000390699977288, -0.000646415224764, 0.00105205748696, -0.00129771640059, 0.00197460874915, -0.00213490170427, 0.00157660990953, -0.000605732959229], [-2.27619439102e-05, -0.000197531699087, 0.00139590806793, -0.000599844439421, 5.38588064956e-05, -0.000597663922235, 0.000714049849194, -0.000685659178998, 0.000632022041827, -0.000462057680124, -0.000258502172073, 0.000274222256849, -0.000222183502046], [-0.00022114123567, 0.000412298220908, -0.000599844439421, 0.00205390993506, -0.0011225186754, 0.00118482403923, -0.00177528162021, 0.000656735501252, 0.000364668958355, -0.00119288230781, 0.000912808231078, -0.00112934876233, 0.000739421055187], [0.000125479593407, -0.00040999459452, 5.38588064956e-05, -0.0011225186754, 0.00272869179025, -0.00103311706334, -0.00092365173623, 0.00079513725359, -0.000446105696028, 0.000838333042338, -0.000496336782817, 0.000198803580133, -0.000331507064402], [-0.000143555444083, 0.000390699977288, -0.000597663922235, 0.00118482403923, -0.00103311706334, 0.00387530261651, -0.0014938050881, -0.00106376095209, 0.00035471553565, -0.000697389652487, 0.00188300036825, -0.00140978267882, 0.000106037528894], [0.000254142301856, -0.000646415224764, 0.000714049849194, -0.00177528162021, -0.00092365173623, -0.0014938050881, 0.00710547016934, -0.00365848094225, 0.000694213842507, 0.000674573762808, -0.00072380079655, 0.00209632865153, -0.00103859172668], [-0.000216940577957, 0.00105205748696, -0.000685659178998, 0.000656735501252, 0.00079513725359, -0.00106376095209, -0.00365848094225, 0.0098619312048, -0.00338507280685, 0.000900674494915, -0.00104662799276, 0.00100291206036, 0.00273719779216], [8.76428748597e-05, -0.00129771640059, 0.000632022041827, 0.000364668958355, -0.000446105696028, 0.00035471553565, 0.000694213842507, -0.00338507280685, 0.00869646016508, -0.00443810876459, 0.0027978993021, -0.000705651531462, 0.000266556307906], [-9.00410013855e-05, 0.00197460874915, -0.000462057680124, -0.00119288230781, 0.000838333042338, -0.000697389652487, 0.000674573762808, 0.000900674494915, -0.00443810876459, 0.0117039913312, -0.00822643190622, 0.00623018667102, -0.00265968660824], [3.45040025422e-05, -0.00213490170427, -0.000258502172073, 0.000912808231078, -0.000496336782817, 0.00188300036825, -0.00072380079655, -0.00104662799276, 0.0027978993021, -0.00822643190622, 0.0146053768694, -0.00979231670499, 0.005064713303], [-4.6199591452e-05, 0.00157660990953, 0.000274222256849, -0.00112934876233, 0.000198803580133, -0.00140978267882, 0.00209632865153, 0.00100291206036, -0.000705651531462, 0.00623018667102, -0.00979231670499, 0.0135190710425, -0.00545825064182], [9.50253233896e-05, -0.000605732959229, -0.000222183502046, 0.000739421055187, -0.000331507064402, 0.000106037528894, -0.00103859172668, 0.00273719779216, 0.000266556307906, -0.00265968660824, 0.005064713303, -0.00545825064182, 0.010532848537]]}, "melbands": {"dmean": [0.00142758572474, 0.00161965133157, 0.000367578235455, 0.000474598200526, 0.00029736146098, 0.000258247426245, 0.000144857156556, 0.000148630395415, 0.000182078569196, 0.000160984389368, 9.86044469755e-05, 5.23036396771e-05, 5.65359914617e-05, 4.19264069933e-05, 3.48820722138e-05, 2.08830897463e-05, 2.50121938734e-05, 2.75262646028e-05, 1.94798485609e-05, 1.47529171954e-05, 7.87211683928e-06, 5.93677214056e-06, 4.23882647738e-06, 3.62021933142e-06, 3.98386555389e-06, 2.79784489976e-06, 2.41706470661e-06, 1.95058987629e-06, 1.78623781721e-06, 1.51182734953e-06, 7.76075353315e-07, 8.3124257344e-07, 1.09846212126e-06, 1.15169257242e-06, 7.78301853188e-07, 7.48423644836e-07, 7.6730151477e-07, 5.59718046134e-07, 6.14818361555e-07, 8.16214424049e-07], "dmean2": [0.00233636284247, 0.00277393055148, 0.000596832134761, 0.000784516567364, 0.000450391788036, 0.000351722002961, 0.000202174123842, 0.000214130748645, 0.000238015301875, 0.000211726786802, 0.00013633769413, 7.70392871345e-05, 8.01163987489e-05, 6.29944115644e-05, 5.31481819053e-05, 3.17472222378e-05, 4.03740959882e-05, 4.40831026935e-05, 3.13230702886e-05, 2.34867602558e-05, 1.28265091917e-05, 9.88319698081e-06, 6.98589792592e-06, 5.8286877902e-06, 6.34081243334e-06, 4.54126711702e-06, 3.89142405766e-06, 3.2738983009e-06, 2.96665098176e-06, 2.53635562331e-06, 1.35926450184e-06, 1.38965583574e-06, 1.78181437605e-06, 1.73263458692e-06, 1.24579423755e-06, 1.1865072338e-06, 1.27152588902e-06, 9.03199008917e-07, 9.62454009823e-07, 1.28644933284e-06], "dvar": [1.77293804882e-05, 2.29134693654e-05, 7.66984555867e-07, 2.62024605036e-06, 7.52530354475e-07, 3.67311400851e-07, 1.43755485738e-07, 1.71703106844e-07, 3.36326962724e-07, 3.89645407495e-07, 2.48631010891e-07, 7.4050852561e-08, 1.80364985169e-08, 8.37673042042e-09, 5.34877520053e-09, 2.30575869509e-09, 3.34732663809e-09, 1.02008517189e-08, 4.80206496789e-09, 1.22828625049e-09, 2.16774126427e-10, 1.78246306604e-10, 9.19319828596e-11, 7.05010980151e-11, 1.17699877622e-10, 1.19907417329e-10, 6.0195390339e-11, 2.51534452989e-11, 1.80451573822e-11, 1.67764933889e-11, 4.32233936143e-12, 7.65576924772e-12, 2.40972918703e-11, 2.99137901949e-11, 5.94406598595e-12, 3.0370560667e-12, 3.32635438291e-12, 1.68335072444e-12, 2.12945568297e-12, 4.32864941807e-12], "dvar2": [4.5975750254e-05, 6.27303816145e-05, 1.96650785256e-06, 6.66456344334e-06, 1.63811239418e-06, 6.68829159167e-07, 2.53407080208e-07, 3.43641744394e-07, 6.07957531429e-07, 7.54292102556e-07, 4.99993518588e-07, 1.49059331989e-07, 3.65765124855e-08, 1.82401702631e-08, 1.06879296524e-08, 4.13570599989e-09, 7.85572318307e-09, 2.50384317724e-08, 1.17532810151e-08, 2.84560930375e-09, 5.62358770662e-10, 4.89612017596e-10, 2.29491134429e-10, 1.63318553126e-10, 2.47139753107e-10, 2.77637635104e-10, 1.33724128992e-10, 6.2746328966e-11, 4.70134764452e-11, 4.65071696432e-11, 1.21533009351e-11, 2.08799245255e-11, 6.37130001535e-11, 5.54562680499e-11, 1.28248800468e-11, 7.1323741184e-12, 8.54433884756e-12, 4.11573162704e-12, 4.97247295422e-12, 9.79234922316e-12], "max": [0.0543413385749, 0.0564678497612, 0.0116647174582, 0.0186403449625, 0.0189883373678, 0.0113792512566, 0.00658914120868, 0.00774126360193, 0.00944263581187, 0.0111379148439, 0.0197160057724, 0.0102888010442, 0.00231917900965, 0.00115298910532, 0.00170681369491, 0.00141542369965, 0.00113197171595, 0.00159541133326, 0.00109787401743, 0.000847929157317, 0.000301474967273, 0.000366718217265, 0.000230427278439, 0.000213648207136, 0.000434564135503, 0.000313443597406, 0.000187635523616, 0.000159424220328, 0.000136754970299, 8.69209325174e-05, 4.13649431721e-05, 6.11914219917e-05, 0.000106836821942, 0.000167960839462, 5.8482914028e-05, 2.08577530429e-05, 2.36942050833e-05, 1.40006113725e-05, 1.58467537403e-05, 3.52584575012e-05], "mean": [0.00265001761727, 0.00364462169819, 0.000843473244458, 0.000595352787059, 0.000447577942396, 0.000478426169138, 0.000247794640018, 0.00029668447678, 0.000382383819669, 0.000323661661241, 0.000167677892023, 7.99060871941e-05, 0.000100459605164, 6.00549064984e-05, 5.22717527929e-05, 3.39172256645e-05, 3.61950405932e-05, 3.82610451197e-05, 2.68911935564e-05, 2.33077153098e-05, 1.49487159433e-05, 1.17523295557e-05, 8.00134330348e-06, 6.45572345093e-06, 7.59079466661e-06, 5.07577487951e-06, 4.35627043771e-06, 3.37757887792e-06, 3.09875736093e-06, 2.31308126786e-06, 1.19112621633e-06, 1.15885154628e-06, 1.46157015024e-06, 1.50835069235e-06, 9.35518073675e-07, 8.69288214744e-07, 8.33770059216e-07, 6.16415945842e-07, 6.53457107092e-07, 8.60117495449e-07], "median": [0.000767321966123, 0.00137479882687, 0.000334119540639, 9.37592049013e-05, 0.00010587273573, 0.000117379706353, 5.36827901669e-05, 2.48364249273e-05, 4.59800248791e-05, 3.98654447054e-05, 3.14107019221e-05, 1.63311706274e-05, 1.88114609045e-05, 2.04389107239e-05, 1.71458759723e-05, 9.46424188442e-06, 7.28703435016e-06, 8.21172397991e-06, 5.24560073245e-06, 5.05653770233e-06, 4.29905730925e-06, 3.39086227541e-06, 2.01759667107e-06, 1.33924436341e-06, 1.22455662677e-06, 1.01378986983e-06, 7.66412540543e-07, 5.57392127121e-07, 5.4229133184e-07, 4.06910004358e-07, 2.06676531889e-07, 2.05637633144e-07, 1.97164268911e-07, 1.77736708906e-07, 1.24621124087e-07, 7.11481007443e-08, 5.3462446914e-08, 5.23966399157e-08, 4.2281271817e-08, 3.95909438566e-08], "min": [2.23088365161e-24, 2.0150702406e-24, 5.71706194017e-24, 7.46814145656e-24, 3.95287826085e-24, 3.06310311319e-24, 7.49497534911e-24, 7.16175419186e-24, 3.77510017282e-24, 5.75029743897e-24, 4.3367375829e-24, 1.31902505288e-23, 3.79912690384e-24, 6.627689837e-24, 7.0968301505e-24, 4.46260349578e-24, 5.88452448858e-24, 3.61703019679e-24, 8.01360169606e-24, 1.14031334797e-23, 4.66246456156e-24, 4.86019215302e-24, 5.07837372446e-24, 8.20001899429e-24, 7.03763323931e-24, 7.88620775961e-24, 8.24342133244e-24, 7.78814603821e-24, 6.33202950289e-24, 6.17198066927e-24, 6.93979003238e-24, 6.61799315875e-24, 6.84715488514e-24, 9.18862421388e-24, 9.32263827104e-24, 7.647292557e-24, 8.07087851981e-24, 7.13837156577e-24, 1.04632412099e-23, 8.53135792943e-24], "var": [2.26961929002e-05, 2.98939612549e-05, 1.76229411863e-06, 2.78735274151e-06, 1.19476464988e-06, 1.21892514926e-06, 3.70826995777e-07, 4.92168737765e-07, 9.61252567322e-07, 9.85400333775e-07, 5.95889048327e-07, 1.28969602997e-07, 5.3444058068e-08, 1.23436452171e-08, 1.13298073146e-08, 6.26848617458e-09, 6.05028738221e-09, 1.06728146321e-08, 4.94595964184e-09, 2.59637267241e-09, 6.20216933367e-10, 5.0070980695e-10, 2.87396106913e-10, 1.71458180986e-10, 4.18808376867e-10, 2.10250650223e-10, 1.2155911e-10, 6.56776161234e-11, 4.75090453089e-11, 2.13486017059e-11, 5.76279865841e-12, 7.88306399324e-12, 2.35368356749e-11, 5.37137209711e-11, 7.92361315449e-12, 3.8042715679e-12, 3.68145704893e-12, 1.98872884306e-12, 2.54628631548e-12, 5.7295344684e-12]}, "mfcc": {"mean": [-730.804016113, 137.97203064, -3.64529442787, -0.416796803474, 2.47126483917, 4.3900642395, -0.908247053623, 2.7297911644, 3.4693005085, 1.06969821453, -2.08385324478, -0.393481999636, 1.83694577217], "cov": [[21259.7304688, 38.8294944763, 1287.48950195, 3632.41113281, 1275.55627441, 790.340332031, 846.408447266, 183.502914429, -4.37179040909, 642.23815918, 665.459777832, 439.191131592, 199.583755493], [38.8294944763, 2301.76586914, -101.018707275, -177.743499756, -51.4094810486, -76.1100234985, -110.457748413, -16.1997928619, -45.3695755005, -117.71207428, 31.4990768433, 138.39100647, 51.0220069885], [1287.48950195, -101.018707275, 691.244750977, 255.077514648, 202.121749878, 64.3212051392, 104.312713623, 1.66396105289, -29.0523605347, 45.7185249329, 33.7980117798, 49.2766227722, 2.2166852951], [3632.41113281, -177.743499756, 255.077514648, 1656.83850098, 518.000488281, 338.722625732, 348.46005249, 112.183227539, -10.2514734268, 188.260467529, 169.44203186, 38.8231544495, 22.9873943329], [1275.55627441, -51.4094810486, 202.121749878, 518.000488281, 417.84552002, 244.670578003, 210.09362793, 96.5939788818, 40.0778045654, 71.0732421875, 38.2255897522, 42.5164680481, 7.57233142853], [790.340332031, -76.1100234985, 64.3212051392, 338.722625732, 244.670578003, 346.34552002, 248.719238281, 136.236099243, 99.1769256592, 59.1508598328, 8.07722854614, 22.0355758667, 22.2279682159], [846.408447266, -110.457748413, 104.312713623, 348.46005249, 210.09362793, 248.719238281, 359.94619751, 181.02645874, 78.7427368164, 69.9374389648, 52.4004974365, 48.8206214905, -11.4921178818], [183.502914429, -16.1997928619, 1.66396105289, 112.183227539, 96.5939788818, 136.236099243, 181.02645874, 246.845397949, 124.350402832, 10.488653183, 0.512558162212, 42.6707115173, 7.96719455719], [-4.37179040909, -45.3695755005, -29.0523605347, -10.2514734268, 40.0778045654, 99.1769256592, 78.7427368164, 124.350402832, 230.284912109, 143.461212158, 17.3669147491, -35.3869972229, -27.995136261], [642.23815918, -117.71207428, 45.7185249329, 188.260467529, 71.0732421875, 59.1508598328, 69.9374389648, 10.488653183, 143.461212158, 282.649627686, 149.968475342, -32.1044998169, -61.2600288391], [665.459777832, 31.4990768433, 33.7980117798, 169.44203186, 38.2255897522, 8.07722854614, 52.4004974365, 0.512558162212, 17.3669147491, 149.968475342, 241.326446533, 116.066841125, -23.3619117737], [439.191131592, 138.39100647, 49.2766227722, 38.8231544495, 42.5164680481, 22.0355758667, 48.8206214905, 42.6707115173, -35.3869972229, -32.1044998169, 116.066841125, 278.293060303, 110.653266907], [199.583755493, 51.0220069885, 2.2166852951, 22.9873943329, 7.57233142853, 22.2279682159, -11.4921178818, 7.96719455719, -27.995136261, -61.2600288391, -23.3619117737, 110.653266907, 237.193161011]], "icov": [[8.52921293699e-05, -1.6985606635e-05, -8.98524303921e-05, -0.000160827694344, 1.4251662833e-05, -2.35921997955e-05, -5.18145634487e-06, 3.16719306284e-05, 1.52201519086e-05, -9.41958642215e-05, -1.62298165378e-05, -7.88937468315e-05, -3.85725834349e-05], [-1.6985606635e-05, 0.000475810345961, 7.32381522539e-05, 4.57574678876e-05, -0.000102363956103, 2.98427548842e-05, 0.000162768657901, 4.62754032924e-05, -0.000220262154471, 0.000398411881179, -0.000232960053836, -0.000151661399286, 3.83342157875e-05], [-8.98524303921e-05, 7.32381522539e-05, 0.00192199030425, 0.000205341420951, -0.00104637874756, 0.000617956917267, -0.000490236561745, 0.000259173801169, 0.000430958432844, -0.000496369320899, 0.00055170210544, -0.000387845968362, 0.000122966666822], [-0.000160827694344, 4.57574678876e-05, 0.000205341420951, 0.00156047556084, -0.00119622249622, -0.000223473223741, -0.000242399066337, -0.000565677066334, 0.00128694518935, -0.000601164705586, -0.000577280588914, 0.000798421970103, -0.00039397974615], [1.4251662833e-05, -0.000102363956103, -0.00104637874756, -0.00119622249622, 0.00624571321532, -0.00303002935834, 0.000123320583953, -0.000468685495434, 0.000701458891854, -0.00105957838241, 0.00126096466556, -0.0011198631255, 0.000697771960404], [-2.35921997955e-05, 2.98427548842e-05, 0.000617956917267, -0.000223473223741, -0.00303002935834, 0.00858960300684, -0.00446906825528, 0.00145585602149, -0.00335273449309, 0.00140630791429, 0.000428195518907, 0.00026600676938, -0.00105876068119], [-5.18145634487e-06, 0.000162768657901, -0.000490236561745, -0.000242399066337, 0.000123320583953, -0.00446906825528, 0.00873421411961, -0.00523828109726, 0.00306844408624, -0.00212985067628, 1.15686702884e-06, -0.000650278583635, 0.00112697575241], [3.16719306284e-05, 4.62754032924e-05, 0.000259173801169, -0.000565677066334, -0.000468685495434, 0.00145585602149, -0.00523828109726, 0.0119802746922, -0.00908678490669, 0.00617777137086, -0.00133899995126, -0.000906747707631, 5.22971458849e-05], [1.52201519086e-05, -0.000220262154471, 0.000430958432844, 0.00128694518935, 0.000701458891854, -0.00335273449309, 0.00306844408624, -0.00908678490669, 0.0166853033006, -0.0121013503522, 0.00503722531721, -0.000649362104014, 0.000294465076877], [-9.41958642215e-05, 0.000398411881179, -0.000496369320899, -0.000601164705586, -0.00105957838241, 0.00140630791429, -0.00212985067628, 0.00617777137086, -0.0121013503522, 0.0168716013432, -0.010689300485, 0.00473772827536, -0.000686073326506], [-1.62298165378e-05, -0.000232960053836, 0.00055170210544, -0.000577280588914, 0.00126096466556, 0.000428195518907, 1.15686702884e-06, -0.00133899995126, 0.00503722531721, -0.010689300485, 0.0146513441578, -0.00778912845999, 0.00298977596685], [-7.88937468315e-05, -0.000151661399286, -0.000387845968362, 0.000798421970103, -0.0011198631255, 0.00026600676938, -0.000650278583635, -0.000906747707631, -0.000649362104014, 0.00473772827536, -0.00778912845999, 0.00945517141372, -0.00399611750618], [-3.85725834349e-05, 3.83342157875e-05, 0.000122966666822, -0.00039397974615, 0.000697771960404, -0.00105876068119, 0.00112697575241, 5.22971458849e-05, 0.000294465076877, -0.000686073326506, 0.00298977596685, -0.00399611750618, 0.00642327358946]]}, "spectral_contrast_coeffs": {"dmean": [0.0473505854607, 0.0480518937111, 0.0470412634313, 0.0370798073709, 0.024338606745, 0.0205634720623], "dmean2": [0.0779484137893, 0.0757573693991, 0.075355283916, 0.0591299831867, 0.0395583882928, 0.0318804904819], "dvar": [0.00197375798598, 0.0020734325517, 0.00180381466635, 0.00108376704156, 0.00054588355124, 0.000503785850015], "dvar2": [0.00484690489247, 0.00470185745507, 0.00410397397354, 0.00260574603453, 0.0013072976144, 0.00110083748586], "max": [-0.242787957191, -0.314535796642, -0.374413818121, -0.484361320734, -0.54145437479, -0.633496284485], "mean": [-0.655139744282, -0.668289124966, -0.704788565636, -0.733738899231, -0.788757026196, -0.80274194479], "median": [-0.657401561737, -0.659956932068, -0.709421753883, -0.734974980354, -0.796264886856, -0.803329706192], "min": [-0.963630735874, -0.996734261513, -0.998812735081, -0.987836420536, -0.9885430336, -0.958209812641], "var": [0.0103280143812, 0.0135336630046, 0.00735751539469, 0.00489350967109, 0.0038818535395, 0.00345738697797]}, "spectral_contrast_valleys": {"dmean": [0.425543367863, 0.463894367218, 0.48948764801, 0.457747042179, 0.404938966036, 0.648668408394], "dmean2": [0.641101717949, 0.724253118038, 0.78880918026, 0.711077213287, 0.556141674519, 0.768578827381], "dvar": [0.173699751496, 0.234004661441, 0.237757697701, 0.278397828341, 0.284191548824, 0.523090958595], "dvar2": [0.333665370941, 0.499890059233, 0.563113570213, 0.622909784317, 0.502726435661, 0.993906438351], "max": [-4.76923847198, -4.88833522797, -5.50690412521, -