{"lowlevel": {"average_loudness": 0.900056779385, "barkbands_crest": {"dmean": 3.77580237389, "dmean2": 6.01712942123, "dvar": 12.8740587234, "dvar2": 28.7957248688, "max": 26.9324569702, "mean": 17.7622451782, "median": 18.4604873657, "min": 3.18584918976, "var": 35.088886261}, "barkbands_flatness_db": {"dmean": 0.0638481602073, "dmean2": 0.0892697274685, "dvar": 0.00377161963843, "dvar2": 0.00792183354497, "max": 0.821441054344, "mean": 0.253776192665, "median": 0.247280910611, "min": 0.0279678218067, "var": 0.0129558602348}, "barkbands_kurtosis": {"dmean": 59.6643218994, "dmean2": 94.6473388672, "dvar": 17336.0566406, "dvar2": 42266.5429688, "max": 2528.515625, "mean": 67.3546066284, "median": 20.6853351593, "min": -1.93571197987, "var": 18993.7636719}, "barkbands_skewness": {"dmean": 2.57335853577, "dmean2": 3.75101280212, "dvar": 8.37885570526, "dvar2": 19.1865100861, "max": 34.4112167358, "mean": 5.16715431213, "median": 4.30108785629, "min": -5.08740329742, "var": 20.8182010651}, "barkbands_spread": {"dmean": 10.0398826599, "dmean2": 14.8482427597, "dvar": 154.531204224, "dvar2": 352.260986328, "max": 112.659187317, "mean": 16.7370796204, "median": 8.7612361908, "min": 0.0421243458986, "var": 373.014007568}, "dissonance": {"dmean": 0.0226707812399, "dmean2": 0.0375057719648, "dvar": 0.00079406122677, "dvar2": 0.00196396070533, "max": 0.500000059605, "mean": 0.460825830698, "median": 0.480106204748, "min": 0.0787606537342, "var": 0.00305740605108}, "dynamic_complexity": 3.52889847755, "erbbands_crest": {"dmean": 3.90766215324, "dmean2": 6.40825653076, "dvar": 12.4973344803, "dvar2": 30.1472797394, "max": 33.847114563, "mean": 10.9095907211, "median": 9.76363945007, "min": 2.59179878235, "var": 32.843120575}, "erbbands_flatness_db": {"dmean": 0.0342665426433, "dmean2": 0.0523102171719, "dvar": 0.00142341840547, "dvar2": 0.00307127065025, "max": 0.579238295555, "mean": 0.16004768014, "median": 0.144163995981, "min": 0.0481764748693, "var": 0.00654957490042}, "erbbands_kurtosis": {"dmean": 3.85294890404, "dmean2": 6.46593236923, "dvar": 171.243041992, "dvar2": 446.607452393, "max": 367.922973633, "mean": 2.78247189522, "median": -0.172685623169, "min": -1.93805444241, "var": 197.353500366}, "erbbands_skewness": {"dmean": 0.861886024475, "dmean2": 1.30248320103, "dvar": 1.05418694019, "dvar2": 2.5471701622, "max": 15.4720945358, "mean": 0.251307785511, "median": -0.00169707718305, "min": -4.41880130768, "var": 2.49431085587}, "erbbands_spread": {"dmean": 21.8833446503, "dmean2": 35.0424957275, "dvar": 573.24810791, "dvar2": 1361.28076172, "max": 212.961990356, "mean": 60.8581924438, "median": 57.6029205322, "min": 0.295824289322, "var": 1254.29614258}, "hfc": {"dmean": 16.3274612427, "dmean2": 24.1951198578, "dvar": 598.868347168, "dvar2": 1266.29467773, "max": 205.99822998, "mean": 27.3162231445, "median": 15.479716301, "min": 1.16765268103e-05, "var": 1048.68322754}, "melbands_crest": {"dmean": 3.51643943787, "dmean2": 5.83217287064, "dvar": 10.2316055298, "dvar2": 27.1340656281, "max": 36.0803909302, "mean": 20.2670917511, "median": 20.8179302216, "min": 2.95841693878, "var": 26.4044189453}, "melbands_flatness_db": {"dmean": 0.0722423195839, "dmean2": 0.100696921349, "dvar": 0.00502031808719, "dvar2": 0.0104358792305, "max": 1, "mean": 0.347964972258, "median": 0.351500421762, "min": 0.0273223258555, "var": 0.0207115318626}, "melbands_kurtosis": {"dmean": 74.6659393311, "dmean2": 116.284080505, "dvar": 9224.64257812, "dvar2": 22551.5859375, "max": 1125.01660156, "mean": 116.5625, "median": 69.8406677246, "min": -1.83315992355, "var": 17356.6855469}, "melbands_skewness": {"dmean": 2.77909588814, "dmean2": 4.23542022705, "dvar": 7.38381719589, "dvar2": 18.1585674286, "max": 24.4201793671, "mean": 7.26171827316, "median": 6.85450458527, "min": -4.15004730225, "var": 21.5321884155}, "melbands_spread": {"dmean": 8.4586648941, "dmean2": 12.6600008011, "dvar": 204.184188843, "dvar2": 449.003387451, "max": 262.929748535, "mean": 13.9304065704, "median": 4.22157239914, "min": 0.228979855776, "var": 607.125244141}, "pitch_salience": {"dmean": 0.108934603631, "dmean2": 0.172888681293, "dvar": 0.0107185486704, "dvar2": 0.0253123808652, "max": 0.915929317474, "mean": 0.346610307693, "median": 0.322877645493, "min": 0.0432952828705, "var": 0.0287963077426}, "silence_rate_20dB": {"dmean": 0.0386727154255, "dmean2": 0.0773546621203, "dvar": 0.0371769927442, "dvar2": 0.0892753526568, "max": 1, "mean": 0.963122069836, "median": 1, "min": 0, "var": 0.0355189740658}, "silence_rate_30dB": {"dmean": 0.116495586932, "dmean2": 0.23301897943, "dvar": 0.102917693555, "dvar2": 0.235315784812, "max": 1, "mean": 0.658312439919, "median": 1, "min": 0, "var": 0.224917382002}, "silence_rate_60dB": {"dmean": 0.0262592509389, "dmean2": 0.0524053946137, "dvar": 0.0255669355392, "dvar2": 0.0539570339024, "max": 1, "mean": 0.109559610486, "median": 0, "min": 0, "var": 0.0975566059351}, "spectral_centroid": {"dmean": 427.834014893, "dmean2": 623.491638184, "dvar": 197991.140625, "dvar2": 398946.4375, "max": 5908.05615234, "mean": 1316.29785156, "median": 1146.31103516, "min": 77.9981689453, "var": 1013752.375}, "spectral_complexity": {"dmean": 5.62878990173, "dmean2": 8.08762073517, "dvar": 61.1832962036, "dvar2": 96.4492492676, "max": 63, "mean": 11.6974582672, "median": 8, "min": 0, "var": 135.673339844}, "spectral_decrease": {"dmean": 1.13471116947e-08, "dmean2": 1.89033695364e-08, "dvar": 2.60302462644e-16, "dvar2": 6.50912209196e-16, "max": -4.04285437593e-16, "mean": -2.54222296547e-08, "median": -1.68908229625e-08, "min": -1.67213826785e-07, "var": 7.21552374717e-16}, "spectral_energy": {"dmean": 0.0434701740742, "dmean2": 0.0725291892886, "dvar": 0.00379813788459, "dvar2": 0.00949238147587, "max": 0.63682281971, "mean": 0.098426990211, "median": 0.0668147057295, "min": 2.58496202221e-09, "var": 0.0104876412079}, "spectral_energyband_high": {"dmean": 0.00128416845109, "dmean2": 0.00181362312287, "dvar": 4.68536109111e-06, "dvar2": 9.5503328339e-06, "max": 0.0166917815804, "mean": 0.00173953000922, "median": 0.000537379295565, "min": 9.50385548038e-10, "var": 8.52698485687e-06}, "spectral_energyband_low": {"dmean": 0.0416809394956, "dmean2": 0.0682934895158, "dvar": 0.00359740573913, "dvar2": 0.0089720999822, "max": 0.630707383156, "mean": 0.0885683149099, "median": 0.0564994849265, "min": 2.74326866561e-13, "var": 0.00985203683376}, "spectral_energyband_middle_high": {"dmean": 0.00244285003282, "dmean2": 0.00392593350261, "dvar": 2.49057175097e-05, "dvar2": 6.02168147452e-05, "max": 0.0529316738248, "mean": 0.00279623619281, "median": 0.00124880159274, "min": 1.3474966698e-09, "var": 2.37791882682e-05}, "spectral_energyband_middle_low": {"dmean": 0.00697938865051, "dmean2": 0.0117570478469, "dvar": 0.000360192119842, "dvar2": 0.00099836604204, "max": 0.204715371132, "mean": 0.00714010372758, "median": 0.00262190843932, "min": 2.71657585316e-10, "var": 0.000257416191744}, "spectral_entropy": {"dmean": 0.424620598555, "dmean2": 0.624978661537, "dvar": 0.274893850088, "dvar2": 0.591398179531, "max": 8.90010452271, "mean": 7.31988811493, "median": 7.49530649185, "min": 3.09507727623, "var": 0.899359226227}, "spectral_flux": {"dmean": 0.0654220879078, "dmean2": 0.112251669168, "dvar": 0.00576339988038, "dvar2": 0.0150031074882, "max": 0.681206643581, "mean": 0.142842411995, "median": 0.116135776043, "min": 0.000177141831955, "var": 0.0129191204906}, "spectral_kurtosis": {"dmean": 4.27107667923, "dmean2": 6.70879793167, "dvar": 210.432098389, "dvar2": 444.452941895, "max": 335.218902588, "mean": 8.04663944244, "median": 2.95088434219, "min": -0.709140777588, "var": 481.661590576}, "spectral_rms": {"dmean": 0.00198854482733, "dmean2": 0.00320402975194, "dvar": 5.21242418472e-06, "dvar2": 1.1472827282e-05, "max": 0.0249256994575, "mean": 0.00842551607639, "median": 0.00807372760028, "min": 1.58805357842e-06, "var": 2.50373450399e-05}, "spectral_rolloff": {"dmean": 656.433837891, "dmean2": 1093.00183105, "dvar": 2185279.75, "dvar2": 4942192, "max": 17183.4960938, "mean": 1157.29711914, "median": 129.19921875, "min": 64.599609375, "var": 5321277}, "spectral_skewness": {"dmean": 0.463870406151, "dmean2": 0.700784802437, "dvar": 0.719835698605, "dvar2": 1.48100984097, "max": 16.982667923, "mean": 1.69579553604, "median": 1.26426625252, "min": 0.196754559875, "var": 2.29468393326}, "spectral_spread": {"dmean": 1316899.875, "dmean2": 1917676.75, "dvar": 2854134743040.0, "dvar2": 6055404765180.0, "max": 16398042, "mean": 5801411, "median": 5568031, "min": 446432.5, "var": 6852037836800.0}, "spectral_strongpeak": {"dmean": 0.370305687189, "dmean2": 0.627956330776, "dvar": 0.20503243804, "dvar2": 0.561732172966, "max": 9.46554851532, "mean": 0.721968352795, "median": 0.600569784641, "min": 0.000229374214541, "var": 0.290283620358}, "zerocrossingrate": {"dmean": 0.0173672623932, "dmean2": 0.021022381261, "dvar": 0.000419699994382, "dvar2": 0.000515979889315, "max": 0.3994140625, "mean": 0.0534267313778, "median": 0.0283203125, "min": 0.00244140625, "var": 0.00374006293714}, "barkbands": {"dmean": [0.000907945039216, 0.0404794737697, 0.0118512175977, 0.00291279610246, 0.00238802726381, 0.00123859208543, 0.000306679314235, 0.000442563119577, 0.000785984448157, 0.000426087965025, 0.000419848278398, 0.000431203225162, 0.000338986341376, 0.000176807225216, 0.000114448594104, 0.000351023016265, 0.000222759015742, 0.000208800469409, 0.000220794696361, 0.000214432686334, 0.000218593952013, 0.000195091866772, 0.000278766645351, 0.000215528751141, 0.000164986209711, 0.000162944430485, 3.71330606868e-05], "dmean2": [0.00133495556656, 0.0653764680028, 0.0202328823507, 0.0052100950852, 0.00406097341329, 0.00210127304308, 0.000542034220416, 0.000794670602772, 0.00137990666553, 0.000705511774868, 0.000708080420736, 0.000762497831602, 0.000591328425799, 0.000310305913445, 0.00018484062457, 0.000575216836296, 0.00035352964187, 0.000329957489157, 0.00035307786311, 0.000340020400472, 0.000356990436558, 0.000285088579403, 0.000388759275666, 0.000312413671054, 0.000229102777666, 0.000242409281782, 4.68152356916e-05], "dvar": [1.83798533726e-06, 0.00366286397912, 0.000684757658746, 0.00011049049499, 5.32298254257e-05, 1.19296992125e-05, 9.5377231446e-07, 4.01674833483e-06, 4.53665870737e-06, 2.01573084269e-06, 1.78398909156e-06, 3.7334159515e-06, 1.24809298541e-06, 5.03371893501e-07, 7.25302697901e-08, 6.42315171717e-07, 2.50398983326e-07, 1.51224625711e-07, 1.52109322471e-07, 1.76434909349e-07, 3.08654136916e-07, 1.40911609492e-07, 2.3951838557e-07, 1.21857624436e-07, 7.2094870518e-08, 6.06132317671e-08, 5.1891699826e-09], "dvar2": [3.98464953832e-06, 0.00901976600289, 0.00191470573191, 0.000313124037348, 0.000150737789227, 3.23199819832e-05, 2.65221956397e-06, 1.1082634046e-05, 1.24696771309e-05, 4.84513975607e-06, 4.49775734523e-06, 1.03324600786e-05, 3.40889687322e-06, 1.43925694829e-06, 1.75859014462e-07, 1.61294167356e-06, 6.16670661202e-07, 3.49464812643e-07, 3.38163147262e-07, 4.19743344082e-07, 8.46951138556e-07, 2.98914073937e-07, 4.84241240883e-07, 2.41506597831e-07, 1.09979616525e-07, 1.29865426857e-07, 7.51148210298e-09], "max": [0.0148599632084, 0.520065784454, 0.23419341445, 0.128625974059, 0.0756758078933, 0.045501999557, 0.0170898418874, 0.040577288717, 0.0301077179611, 0.0228398293257, 0.0164696536958, 0.0346954353154, 0.0177836380899, 0.0131357694045, 0.00384612404741, 0.00984934903681, 0.00750457076356, 0.00626168539748, 0.00381539086811, 0.00387102575041, 0.0055036265403, 0.00387119688094, 0.00454630376771, 0.00313806440681, 0.00252833520062, 0.00207919813693, 0.000835170329083], "mean": [0.00166354025714, 0.0708586648107, 0.014267841354, 0.00263233808801, 0.00213534384966, 0.00110797421075, 0.000280380598269, 0.000309350492898, 0.000614994962234, 0.000373604823835, 0.000356499716872, 0.000299268198432, 0.000272817298537, 0.000149100524141, 0.000124981364934, 0.00034654972842, 0.000267987226835, 0.000250260782195, 0.000264758738922, 0.000267121649813, 0.000269421667326, 0.000286549504381, 0.000327130430378, 0.000267343770247, 0.000227130425628, 0.000161464573466, 4.45048062829e-05], "median": [0.000686253362801, 0.0415527671576, 0.00506185088307, 0.000980235403404, 0.000329205824528, 8.89330403879e-05, 1.33098237711e-05, 1.70363819052e-05, 7.26814760128e-05, 1.83709398698e-05, 2.55757167906e-05, 2.0991301426e-05, 4.87636716571e-05, 2.38819411607e-05, 3.50653972419e-05, 8.51699951454e-05, 5.88633665757e-05, 7.24687051843e-05, 6.95806957083e-05, 7.25277495803e-05, 7.67760284361e-05, 6.0689082602e-05, 4.44702709501e-05, 2.45804349106e-05, 1.79353901331e-05, 9.50126195676e-06, 3.71152304979e-06], "min": [9.20600604754e-14, 1.0173622944e-14, 4.89638999512e-15, 1.00262739395e-14, 5.013001868e-14, 3.76407238711e-13, 1.10917850425e-12, 2.21300451922e-12, 7.24829918308e-11, 2.08047155892e-11, 5.82039971775e-11, 5.41001236865e-11, 4.25232453416e-11, 1.94508117946e-10, 2.54976248448e-11, 1.76817255282e-10, 1.68085032004e-10, 3.30010491156e-10, 2.18815840447e-10, 9.5895451302e-11, 5.04325782524e-11, 9.80301811948e-11, 6.00058475131e-11, 2.33162985447e-11, 3.73656279529e-11, 3.69433476866e-11, 3.40884716288e-11], "var": [4.32648948845e-06, 0.00693787401542, 0.000812129233964, 6.92057146807e-05, 3.80545643566e-05, 9.30086298467e-06, 9.14932229534e-07, 2.5492217901e-06, 3.17727153742e-06, 2.03264426091e-06, 1.51329743403e-06, 2.32781508203e-06, 8.30482690617e-07, 3.01655120438e-07, 7.44804538044e-08, 5.69456631183e-07, 3.01104194023e-07, 1.86632604482e-07, 2.09162124065e-07, 2.08210735764e-07, 2.76764183127e-07, 2.35044154806e-07, 3.90276881035e-07, 2.63808175305e-07, 1.96358826088e-07, 9.41113071917e-08, 1.13675868718e-08]}, "erbbands": {"dmean": [1.14357125759, 9.82292175293, 14.6224594116, 11.8621015549, 8.51983070374, 7.84422206879, 8.62358474731, 10.0082855225, 4.10368585587, 7.15386915207, 9.91748332977, 20.254365921, 12.9948120117, 17.7169742584, 19.6148891449, 11.492980957, 13.8328065872, 12.8600435257, 6.14744949341, 10.8276767731, 15.4452180862, 13.8277130127, 11.9164333344, 12.0146398544, 9.56212234497, 9.83305454254, 9.07579421997, 8.58315849304, 7.2975487709, 7.7353053093, 7.84155845642, 5.14116764069, 3.36811685562, 2.01811265945, 1.18430662155, 0.728628993034, 0.297395259142, 0.0471124202013, 0.00655460497364, 0.000425251375418], "dmean2": [1.92427110672, 15.9753065109, 24.8018379211, 20.6889228821, 14.9214878082, 13.2481861115, 14.6818094254, 16.7498378754, 7.05061912537, 12.8139276505, 17.6063671112, 35.6165122986, 21.8992137909, 29.1526527405, 34.4435272217, 20.092912674, 23.8676929474, 22.5810337067, 9.9312877655, 17.6064167023, 24.9311790466, 21.8329849243, 18.7550048828, 19.0464038849, 15.34877491, 15.4880104065, 14.8821878433, 13.6500635147, 10.5729007721, 11.1333274841, 11.7646369934, 7.76748085022, 4.83985996246, 2.88416790962, 1.6949031353, 1.0674585104, 0.45221221447, 0.0657803714275, 0.00856122374535, 0.000551062170416], "dvar": [3.06650614738, 221.290618896, 769.853271484, 1125.59936523, 975.192443848, 480.798797607, 590.077697754, 773.996337891, 133.640472412, 607.285827637, 1355.72387695, 3185.81542969, 1217.96862793, 4217.06494141, 5186.58496094, 2047.9954834, 1679.96020508, 3286.92871094, 149.964691162, 588.744689941, 1043.27478027, 960.062438965, 529.367614746, 502.391571045, 316.065917969, 404.661987305, 356.015869141, 555.458618164, 204.570236206, 206.066574097, 165.787384033, 75.8305664062, 29.9339370728, 10.3736743927, 4.21872758865, 1.20170521736, 0.209059149027, 0.0053113438189, 0.000159485556651, 7.80782556831e-07], "dvar2": [8.83108043671, 533.76348877, 2302.48706055, 3167.8371582, 2839.28417969, 1329.29833984, 1520.06530762, 2052.63085938, 373.301086426, 1691.45910645, 3681.38549805, 8765.65820312, 2933.94165039, 10333.5224609, 14182.1923828, 5557.45068359, 4470.58447266, 9417.74316406, 363.773101807, 1426.61645508, 2585.32763672, 2368.64990234, 1235.72229004, 1080.51037598, 761.600891113, 947.75958252, 924.803894043, 1512.46459961, 446.774536133, 416.875549316, 337.628631592, 148.987838745, 62.6342811584, 16.5738391876, 6.88552618027, 2.3355410099, 0.48679676652, 0.00944070611149, 0.000237201631535, 1.21011066767e-06], "max": [14.4301490784, 135.869018555, 235.598068237, 368.025909424, 335.118286133, 230.688964844, 387.465698242, 401.680084229, 197.853042603, 417.807250977, 686.064697266, 798.204467773, 575.128112793, 780.551879883, 1196.37536621, 735.180175781, 589.08605957, 1095.17199707, 209.869110107, 268.701904297, 327.952301025, 500.543121338, 447.658233643, 250.479736328, 161.970825195, 199.269256592, 178.767974854, 228.992614746, 140.344512939, 118.886161804, 102.751106262, 73.9875183105, 52.2047615051, 32.3664970398, 20.1537685394, 10.3317575455, 3.42790150642, 0.68370705843, 0.138594985008, 0.0101935667917], "mean": [1.78135848045, 16.4872283936, 21.4535045624, 12.4848556519, 7.4080491066, 7.06764936447, 7.15218067169, 9.78575325012, 4.27975654602, 5.54399251938, 7.17252445221, 15.7276697159, 11.2133989334, 15.7014112473, 15.0533294678, 8.5000333786, 11.4034910202, 10.2482690811, 7.0314412117, 11.1219615936, 16.6392002106, 17.404882431, 14.7387304306, 14.7286071777, 11.4361219406, 12.065114975, 11.3521909714, 10.4896879196, 10.4893798828, 10.0229225159, 9.09829139709, 6.32454824448, 4.09332847595, 2.65794730186, 1.60034620762, 0.783830463886, 0.278649479151, 0.0512009449303, 0.00775856152177, 0.000571682292502], "median": [1.09958004951, 9.24983406067, 11.5778427124, 5.19352722168, 1.95300006866, 0.926142394543, 0.796876728535, 0.768067896366, 0.37911182642, 0.403193175793, 0.531338095665, 1.74316751957, 1.51237690449, 0.831572115421, 1.35529112816, 0.930625557899, 2.28846883774, 2.15521645546, 2.08851265907, 3.35679602623, 5.00236558914, 4.43061447144, 4.57262802124, 4.02345132828, 3.45222854614, 3.29861235619, 3.28560900688, 2.70018315315, 2.01008701324, 1.94005274773, 1.19689559937, 0.523912608624, 0.396763205528, 0.220223635435, 0.112118847668, 0.049347948283, 0.0149387875572, 0.00364442449063, 0.000686054583639, 0.000170274113771], "min": [4.99276791785e-12, 2.10321126834e-12, 6.54537014866e-12, 2.41233057835e-11, 9.07106820214e-11, 2.15216136579e-10, 2.1433734787e-09, 4.28281810017e-09, 8.5511668857e-09, 9.29407519834e-08, 1.22954560311e-07, 1.65114602169e-06, 1.22675828607e-06, 1.22148549053e-06, 3.10073960463e-06, 2.61609125118e-06, 1.99527744371e-06, 9.517098988e-06, 3.40715178027e-06, 3.97446819989e-06, 1.2335502106e-05, 6.97840914654e-06, 1.62240721693e-05, 2.266618867e-05, 3.4391441659e-06, 3.89655906474e-06, 3.17982744491e-06, 1.97024564841e-06, 4.31872513218e-06, 5.57710700377e-06, 3.83058750231e-06, 2.21354935093e-06, 4.32685226315e-07, 5.59503064324e-07, 2.43395618327e-07, 2.17655241386e-07, 2.12915551856e-07, 5.06854540561e-08, 7.81307019082e-09, 3.38485905971e-10], "var": [4.82132339478, 396.404571533, 1118.5982666, 808.050476074, 596.140136719, 376.124816895, 485.737792969, 702.249084473, 145.307403564, 457.690917969, 896.993713379, 2229.12133789, 1209.87524414, 3787.70800781, 3383.24609375, 1342.74194336, 1197.57568359, 1911.26489258, 177.080276489, 550.032348633, 1015.31378174, 1181.60461426, 659.146972656, 681.685302734, 373.185821533, 459.1065979, 382.7605896, 483.952453613, 323.321807861, 329.319549561, 275.151885986, 161.985610962, 59.4741477966, 27.0913047791, 10.101518631, 2.17785191536, 0.279835999012, 0.0106311542913, 0.000339738297043, 1.50107712216e-06]}, "gfcc": {"mean": [-40.5619888306, 59.8970336914, -73.2044296265, 52.6413459778, -22.421131134, 20.7318248749, -16.5577831268, 10.5646896362, -13.9232549667, -1.50512182713, -16.0768871307, 0.648882746696, -7.67147731781], "cov": [[14176.1933594, -1156.94091797, 750.665527344, 1902.09838867, -19.7858085632, 1458.47424316, -141.836730957, 764.376953125, -340.967071533, 190.043563843, -446.319061279, -48.9622612, -387.225585938], [-1156.94091797, 4180.73730469, 877.983642578, 59.3167228699, 1251.7322998, 14.0754051208, 773.373046875, -52.0485839844, 436.633544922, -237.060668945, 310.301208496, -183.129730225, 245.510818481], [750.665527344, 877.983642578, 2338.28271484, 676.289978027, 687.818847656, 630.724304199, 204.871032715, 206.527786255, 108.02999115, -29.2534503937, 68.0276641846, -45.640499115, -63.7334594727], [1902.09838867, 59.3167228699, 676.289978027, 1373.6763916, 747.439208984, 513.418273926, 175.547027588, 150.897216797, 50.3667106628, 7.41091537476, -83.5785140991, -74.9793395996, -53.6196136475], [-19.7858085632, 1251.7322998, 687.818847656, 747.439208984, 1279.52770996, 451.221862793, 417.863464355, 102.387145996, 158.165130615, -106.573814392, 22.4103832245, -153.293228149, 6.63972997665], [1458.47424316, 14.0754051208, 630.724304199, 513.418273926, 451.221862793, 824.3515625, 349.432037354, 241.475204468, -36.8774528503, -22.2828121185, -114.957099915, -78.0772857666, -94.9549255371], [-141.836730957, 773.373046875, 204.871032715, 175.547027588, 417.863464355, 349.432037354, 516.097839355, 124.998275757, 83.0003662109, -86.4507751465, -16.2044315338, -93.1141052246, 29.9303283691], [764.376953125, -52.0485839844, 206.527786255, 150.897216797, 102.387145996, 241.475204468, 124.998275757, 246.584457397, 59.3886146545, 22.5704479218, -74.3004837036, -39.8038787842, -47.2742881775], [-340.967071533, 436.633544922, 108.02999115, 50.3667106628, 158.165130615, -36.8774528503, 83.0003662109, 59.3886146545, 213.225296021, 26.8874988556, 18.6858024597, -51.8169021606, 3.59618282318], [190.043563843, -237.060668945, -29.2534503937, 7.41091537476, -106.573814392, -22.2828121185, -86.4507751465, 22.5704479218, 26.8874988556, 136.215286255, 28.3581600189, 25.8405590057, -41.2750320435], [-446.319061279, 310.301208496, 68.0276641846, -83.5785140991, 22.4103832245, -114.957099915, -16.2044315338, -74.3004837036, 18.6858024597, 28.3581600189, 167.30140686, 59.8504829407, 38.162563324], [-48.9622612, -183.129730225, -45.640499115, -74.9793395996, -153.293228149, -78.0772857666, -93.1141052246, -39.8038787842, -51.8169021606, 25.8405590057, 59.8504829407, 145.672241211, 40.7575836182], [-387.225585938, 245.510818481, -63.7334594727, -53.6196136475, 6.63972997665, -94.9549255371, 29.9303283691, -47.2742881775, 3.59618282318, -41.2750320435, 38.162563324, 40.7575836182, 118.956100464]], "icov": [[0.000189997896086, -0.00024917718838, 0.000124077661894, -0.000352740375092, 0.000315215496812, -0.00035238158307, 0.000511734106112, -0.000588256807532, 0.00048260539188, -6.51034424664e-05, 0.0001499033242, -4.79760747112e-05, 0.000309986178763], [-0.00024917718838, 0.00118841778021, -0.000388586660847, 0.000721895310562, -0.000900701212231, 0.000773992214818, -0.0014884294942, 0.00107148080133, -0.00150621996727, 0.000651413633022, -0.00127199187409, 0.000684785714839, -0.00123324443121], [0.000124077661894, -0.000388586660847, 0.000860866159201, -0.000430358253652, 0.000268356961897, -0.00101690378506, 0.00108741107397, -0.000762455514632, 2.07874472835e-05, 0.000527149182744, -0.000638115860056, -0.000139637428219, 0.000504660303704], [-0.000352740375092, 0.000721895310562, -0.000430358253652, 0.0021277742926, -0.00158790242858, 0.000311996904202, -0.000819767301437, 0.00127268373035, -0.00108189648017, -0.00057728739921, 0.000363702216418, -4.6912664402e-05, -0.00112811033614], [0.000315215496812, -0.000900701212231, 0.000268356961897, -0.00158790242858, 0.00286721531302, -0.00134335760958, 0.00085897592362, -0.000779349938966, 0.000216628744965, 0.00102591549512, -0.000634179217741, 0.000795698957518, 0.000835099664982], [-0.00035238158307, 0.000773992214818, -0.00101690378506, 0.000311996904202, -0.00134335760958, 0.00526096532121, -0.00393590051681, -0.000439780706074, 0.00169695331715, -0.0011129983468, 0.00134798709769, -0.000647968961857, 0.00129338237457], [0.000511734106112, -0.0014884294942, 0.00108741107397, -0.000819767301437, 0.00085897592362, -0.00393590051681, 0.00732615869492, -0.00294114695862, 0.00031592452433, 0.00173507328145, -0.000717674498446, 0.00123045919463, -0.000849924166687], [-0.000588256807532, 0.00107148080133, -0.000762455514632, 0.00127268373035, -0.000779349938966, -0.000439780706074, -0.00294114695862, 0.00990955810994, -0.00441843504086, -0.00132180703804, 0.00243255333044, -0.00088986888295, -0.000391076202504], [0.00048260539188, -0.00150621996727, 2.07874472835e-05, -0.00108189648017, 0.000216628744965, 0.00169695331715, 0.00031592452433, -0.00441843504086, 0.0108320899308, -0.004357250873, 0.00149309192784, 0.00162983417977, 0.000833398953546], [-6.51034424664e-05, 0.000651413633022, 0.000527149182744, -0.00057728739921, 0.00102591549512, -0.0011129983468, 0.00173507328145, -0.00132180703804, -0.004357250873, 0.0139284254983, -0.00560544710606, -0.000830464239698, 0.00360570522025], [0.0001499033242, -0.00127199187409, -0.000638115860056, 0.000363702216418, -0.000634179217741, 0.00134798709769, -0.000717674498446, 0.00243255333044, 0.00149309192784, -0.00560544710606, 0.0138480653986, -0.00566050363705, 0.000700670178048], [-4.79760747112e-05, 0.000684785714839, -0.000139637428219, -4.6912664402e-05, 0.000795698957518, -0.000647968961857, 0.00123045919463, -0.00088986888295, 0.00162983417977, -0.000830464239698, -0.00566050363705, 0.013408029452, -0.00600574584678], [0.000309986178763, -0.00123324443121, 0.000504660303704, -0.00112811033614, 0.000835099664982, 0.00129338237457, -0.000849924166687, -0.000391076202504, 0.000833398953546, 0.00360570522025, 0.000700670178048, -0.00600574584678, 0.0158257707953]]}, "melbands": {"dmean": [0.0107265049592, 0.00875732302666, 0.00195684796199, 0.00060161651345, 0.000294783414574, 0.000219649606152, 6.28923153272e-05, 8.65625115694e-05, 8.15365056042e-05, 0.00012884705211, 6.29050919088e-05, 7.13762565283e-05, 5.84720764891e-05, 5.33669735887e-05, 2.12352897506e-05, 4.04519341828e-05, 2.10949965549e-05, 9.64555783867e-06, 9.15842883842e-06, 2.63524671027e-05, 1.52199127115e-05, 1.68267215486e-05, 9.619665434e-06, 9.82731762633e-06, 1.05712097138e-05, 7.99842564447e-06, 6.62304228172e-06, 7.33567549105e-06, 6.31466355117e-06, 5.87743397773e-06, 5.03775481775e-06, 4.12778581449e-06, 4.01602665079e-06, 4.94427558806e-06, 4.94515688843e-06, 3.82597363568e-06, 3.04017999042e-06, 2.55878626376e-06, 1.84560326488e-06, 1.62196761266e-06], "dmean2": [0.0174682661891, 0.0145232575014, 0.00342467892915, 0.00102766964119, 0.000501206144691, 0.000369362853235, 0.000108918473416, 0.000155188958161, 0.00014372941223, 0.000227031006943, 0.000106134728412, 0.000117221250548, 0.000101154553704, 9.44617786445e-05, 3.68744440493e-05, 7.11732645868e-05, 3.7362708099e-05, 1.5771969629e-05, 1.47730361277e-05, 4.36911723227e-05, 2.44347338594e-05, 2.69103857136e-05, 1.53098771989e-05, 1.57223912538e-05, 1.69522827491e-05, 1.30663647724e-05, 1.0609036508e-05, 1.15961820484e-05, 1.05906092358e-05, 9.80886215984e-06, 7.92696482677e-06, 6.10365032117e-06, 5.85258658248e-06, 7.30390911485e-06, 7.27767155695e-06, 6.01190185989e-06, 4.7616485972e-06, 3.7571737721e-06, 2.7306375614e-06, 2.27601344704e-06], "dvar": [0.000266176561126, 0.000199801943381, 3.34397882398e-05, 3.5155533169e-06, 6.57270391002e-07, 3.73438808765e-07, 3.35610934599e-08, 1.13146214176e-07, 7.8246763735e-08, 1.29080149236e-07, 3.31876286452e-08, 6.7298081774e-08, 3.61219640865e-08, 6.19096169885e-08, 1.07543653982e-08, 1.94703559941e-08, 9.25696763687e-09, 3.91393556454e-10, 5.76608927272e-10, 4.2192866978e-09, 1.00669961256e-09, 1.63537183795e-09, 3.06346642498e-10, 3.75102615635e-10, 4.04665967402e-10, 2.32517186061e-10, 1.8309359584e-10, 2.68566141548e-10, 1.52455131852e-10, 2.52336707085e-10, 1.58760921076e-10, 6.41005096225e-11, 5.63201117687e-11, 9.45253875173e-11, 6.5252789283e-11, 4.48745381132e-11, 2.93619503711e-11, 1.85703917521e-11, 9.37429127379e-12, 6.76501432997e-12], "dvar2": [0.000692594447173, 0.000568546412978, 9.44034763961e-05, 1.00423912954e-05, 1.69419547547e-06, 1.0025875099e-06, 9.43011073673e-08, 3.16065523975e-07, 2.12477615946e-07, 3.56722637207e-07, 7.98854884465e-08, 1.6484098353e-07, 9.60359116675e-08, 1.72108457264e-07, 2.87229866558e-08, 5.45024398946e-08, 2.65865516269e-08, 9.74419656075e-10, 1.44626322029e-09, 1.07140252226e-08, 2.49020803977e-09, 4.07164746363e-09, 7.04773239768e-10, 8.97508733999e-10, 8.73333072526e-10, 5.66992564011e-10, 4.53756338059e-10, 6.51157072706e-10, 3.90561888386e-10, 7.06697533825e-10, 4.16050499608e-10, 1.38032585362e-10, 1.23054594292e-10, 2.05165107126e-10, 1.39567024604e-10, 9.53404577508e-11, 6.19808579461e-11, 4.30535225526e-11, 1.60478349359e-11, 1.05743868523e-11], "max": [0.13773354888, 0.142575934529, 0.0640287995338, 0.019567001611, 0.0140602570027, 0.00863362662494, 0.00284982426092, 0.00605603214353, 0.00453188363463, 0.00520081352443, 0.003171202261, 0.00321862590499, 0.00280744535848, 0.0045981220901, 0.00202206103131, 0.00231928541325, 0.00183886650484, 0.000300944026094, 0.000419542746386, 0.000874921621289, 0.00028346083127, 0.000678951793816, 0.000239897563006, 0.00031784462044, 0.000242309644818, 0.000168184385984, 0.000181440816959, 0.000192098406842, 0.000116557792353, 0.00015316522331, 0.000124647907796, 8.85148547241e-05, 6.68698121444e-05, 9.02227911865e-05, 7.13084737072e-05, 4.62618008896e-05, 5.03229748574e-05, 3.89886263292e-05, 2.92542845273e-05, 2.64355458057e-05], "mean": [0.0185250099748, 0.0156488437206, 0.00205616978928, 0.000529051467311, 0.000251397665124, 0.000209660312976, 6.34080788586e-05, 6.42627346679e-05, 5.89020601183e-05, 0.000100077777461, 5.38152744411e-05, 6.32725568721e-05, 4.7245695896e-05, 3.76342759409e-05, 1.58842085511e-05, 3.19984537782e-05, 1.6399731976e-05, 1.08321273729e-05, 9.42355927691e-06, 2.53111720667e-05, 1.62881242431e-05, 2.00071499421e-05, 1.19461537906e-05, 1.15465090857e-05, 1.2366322153e-05, 8.70144776854e-06, 7.7854074334e-06, 8.35074024508e-06, 7.24385154172e-06, 6.71802581564e-06, 5.90607669437e-06, 5.82435586693e-06, 5.53163954464e-06, 5.75366448174e-06, 5.45956845599e-06, 4.35309038949e-06, 3.69395684174e-06, 2.95078962154e-06, 2.39005908043e-06, 2.16039643419e-06], "median": [0.0107475649565, 0.00967583525926, 0.000852900091559, 8.42460358399e-05, 3.10880423058e-05, 1.64347366081e-05, 5.08686252942e-06, 3.93360824091e-06, 3.65777054867e-06, 1.10673781819e-05, 6.55322901366e-06, 2.53614211942e-06, 3.88286025554e-06, 2.85443593384e-06, 2.08779147215e-06, 5.69315761823e-06, 2.89071499537e-06, 2.76576793112e-06, 2.69280644716e-06, 5.61602109883e-06, 4.49875278719e-06, 3.93127493226e-06, 3.66208701053e-06, 3.09864435621e-06, 3.04216086988e-06, 2.07317157219e-06, 2.01420334633e-06, 1.83245174412e-06, 1.99992996386e-06, 1.60848810538e-06, 1.3474403886e-06, 1.05415688267e-06, 9.8463908671e-07, 9.92057607618e-07, 7.25388474621e-07, 3.09638181761e-07, 2.91266587737e-07, 2.82230729454e-07, 2.0645907739e-07, 1.66080411645e-07], "min": [6.96165740614e-14, 4.33834986639e-15, 5.14271352893e-15, 9.47883823976e-15, 6.81671651634e-14, 8.68258034372e-14, 1.28995582662e-13, 5.61841968349e-13, 1.25287128762e-12, 1.16243369097e-11, 6.012203322e-12, 3.37572114359e-12, 8.14321179932e-12, 4.98413593383e-12, 4.06076648002e-12, 5.80092441096e-12, 2.02269711397e-11, 6.68939166212e-12, 2.34924167793e-12, 8.74251105537e-12, 1.72991881237e-11, 8.34984338616e-12, 7.57056917156e-12, 1.79844281828e-11, 2.00399002948e-11, 1.87134921274e-12, 1.95383184458e-12, 2.98148008018e-12, 2.265117564e-12, 1.48968381034e-12, 8.63440612411e-13, 2.62197902279e-12, 1.55197241777e-12, 2.48054072942e-12, 8.56188817761e-13, 1.34051071025e-12, 3.05702484811e-13, 2.41183022989e-13, 3.82802866012e-13, 3.69130100835e-13], "var": [0.000484527263325, 0.000373374175979, 2.36403684539e-05, 2.43275871981e-06, 5.51840912522e-07, 3.19581772601e-07, 3.32805747405e-08, 7.62219727335e-08, 5.2035783682e-08, 8.98177816566e-08, 3.3271522426e-08, 6.11658208527e-08, 2.59328913899e-08, 3.82104268226e-08, 7.31692306744e-09, 1.22227792332e-08, 5.3527604571e-09, 4.54134896355e-10, 5.12897113669e-10, 3.5868574777e-09, 1.02920816314e-09, 1.89511384363e-09, 3.92314958297e-10, 4.34132840788e-10, 5.29176646946e-10, 2.64399280248e-10, 1.97788688205e-10, 2.73528838468e-10, 1.61935437282e-10, 2.08926972944e-10, 1.49812537376e-10, 1.01221968307e-10, 9.42236080825e-11, 1.2667406013e-10, 9.77610076225e-11, 7.82536743738e-11, 5.81120325471e-11, 3.09786155062e-11, 2.18816215147e-11, 1.82455734549e-11]}, "mfcc": {"mean": [-701.797058105, 94.7147979736, 21.6076526642, 46.0081062317, 24.3635253906, 23.392162323, 13.4585952759, 17.856880188, 11.9992656708, 6.46784257889, 1.21472704411, 1.2046957016, -0.354736596346], "cov": [[13632.6826172, -1631.83117676, 153.948303223, 405.555023193, 241.055938721, 363.681732178, 329.878356934, 447.81854248, 247.387527466, 403.915924072, 251.839096069, 50.7050247192, -133.579620361], [-1631.83117676, 3378.24829102, 295.244110107, 395.13684082, 503.599365234, 341.563201904, 442.109069824, 352.908843994, 295.005187988, 204.163101196, 24.5886096954, 101.525222778, 162.344070435], [153.948303223, 295.244110107, 1606.63415527, 181.130615234, 423.216094971, 275.252563477, 255.436950684, 225.334411621, 70.391960144, 142.839080811, 6.71412324905, 93.3076324463, 83.1195755005], [405.555023193, 395.13684082, 181.130615234, 901.43951416, 586.202880859, 340.920715332, 184.024780273, 160.179580688, 174.478988647, 101.874717712, 104.221786499, 63.9479675293, 13.6060371399], [241.055938721, 503.599365234, 423.216094971, 586.202880859, 817.065246582, 427.551971436, 314.663146973, 248.465484619, 168.455780029, 179.738265991, 78.2826385498, 91.4736251831, 21.9984016418], [363.681732178, 341.563201904, 275.252563477, 340.920715332, 427.551971436, 545.948059082, 413.89175415, 295.478149414, 206.937774658, 155.150390625, 86.80027771, 60.8541603088, 22.0901317596], [329.878356934, 442.109069824, 255.436950684, 184.024780273, 314.663146973, 413.89175415, 513.880310059, 331.661834717, 200.536117554, 153.965927124, 34.9061470032, 54.5125541687, 16.7804431915], [447.81854248, 352.908843994, 225.334411621, 160.179580688, 248.465484619, 295.478149414, 331.661834717, 349.795318604, 231.109649658, 154.729171753, 48.7310638428, 39.484577179, 24.8639431], [247.387527466, 295.005187988, 70.391960144, 174.478988647, 168.455780029, 206.937774658, 200.536117554, 231.109649658, 289.536071777, 173.063568115, 74.8405685425, 31.8911705017, -13.7968711853], [403.915924072, 204.163101196, 142.839080811, 101.874717712, 179.738265991, 155.150390625, 153.965927124, 154.729171753, 173.063568115, 246.732803345, 101.491073608, 43.8225288391, -6.85715007782], [251.839096069, 24.5886096954, 6.71412324905, 104.221786499, 78.2826385498, 86.80027771, 34.9061470032, 48.7310638428, 74.8405685425, 101.491073608, 159.669021606, 58.8439598083, -0.329350292683], [50.7050247192, 101.525222778, 93.3076324463, 63.9479675293, 91.4736251831, 60.8541603088, 54.5125541687, 39.484577179, 31.8911705017, 43.8225288391, 58.8439598083, 113.571868896, 44.0147857666], [-133.579620361, 162.344070435, 83.1195755005, 13.6060371399, 21.9984016418, 22.0901317596, 16.7804431915, 24.8639431, -13.7968711853, -6.85715007782, -0.329350292683, 44.0147857666, 120.735389709]], "icov": [[9.29979214561e-05, 6.06189205428e-05, 1.0443550309e-05, -8.3350976638e-05, 6.17344121565e-05, 1.0223731806e-05, 1.94087460841e-05, -0.000251735997153, 0.000174295244506, -0.000187352081412, -1.48580584209e-05, -3.49230067513e-05, 8.15779130789e-05], [6.06189205428e-05, 0.000432083237683, 2.55872437265e-05, -9.59188691922e-05, -0.00014011390158, 0.000263976369752, -0.000351531431079, -2.34091130551e-05, -0.000253885489656, -0.000150814230437, 0.000101137862657, 5.74275909457e-05, -0.000548056792468], [1.0443550309e-05, 2.55872437265e-05, 0.000820821907837, 6.76034251228e-05, -0.00030643644277, -0.000140398085932, 0.000145992220496, -0.000546042283531, 0.000540170934983, -0.000482938834466, 0.000468568119686, -0.000415226328187, -0.000234927749261], [-8.3350976638e-05, -9.59188691922e-05, 6.76034251228e-05, 0.00262430915609, -0.00193237885833, -0.000506836920977, 0.000352668575943, 0.000982391880825, -0.00165641366038, 0.00148805696517, -0.0010849252576, 0.000518391898368, -0.000408746796893], [6.17344121565e-05, -0.00014011390158, -0.00030643644277, -0.00193237885833, 0.00393148325384, -0.00165943161119, 0.000537083891686, -0.00121617584955, 0.0018791834591, -0.00197917199694, 0.00139772554394, -0.00160470546689, 0.00113967934158], [1.0223731806e-05, 0.000263976369752, -0.000140398085932, -0.000506836920977, -0.00165943161119, 0.00731376418844, -0.00476549100131, 0.000172800835571, -0.00132341322023, 0.00123006931972, -0.00262845633551, 0.00154930399731, -0.00125226110686], [1.94087460841e-05, -0.000351531431079, 0.000145992220496, 0.000352668575943, 0.000537083891686, -0.00476549100131, 0.00879439432174, -0.00564439641312, 0.00212202686816, -0.00143557228148, 0.00273294281214, -0.00243155914359, 0.00212290650234], [-0.000251735997153, -2.34091130551e-05, -0.000546042283531, 0.000982391880825, -0.00121617584955, 0.000172800835571, -0.00564439641312, 0.0138542121276, -0.00770665425807, 0.00113183248322, -0.000642219965812, 0.00222020153888, -0.00348799163476], [0.000174295244506, -0.000253885489656, 0.000540170934983, -0.00165641366038, 0.0018791834591, -0.00132341322023, 0.00212202686816, -0.00770665425807, 0.0122397122905, -0.0052324202843, 0.000657663098536, -0.0015012169024, 0.0031914813444], [-0.000187352081412, -0.000150814230437, -0.000482938834466, 0.00148805696517, -0.00197917199694, 0.00123006931972, -0.00143557228148, 0.00113183248322, -0.0052324202843, 0.0105387782678, -0.00499616796151, 0.00105124304537, -0.000133965149871], [-1.48580584209e-05, 0.000101137862657, 0.000468568119686, -0.0010849252576, 0.00139772554394, -0.00262845633551, 0.00273294281214, -0.000642219965812, 0.000657663098536, -0.00499616796151, 0.012367866002, -0.00595761183649, 0.00162292446475], [-3.49230067513e-05, 5.74275909457e-05, -0.000415226328187, 0.000518391898368, -0.00160470546689, 0.00154930399731, -0.00243155914359, 0.00222020153888, -0.0015012169024, 0.00105124304537, -0.00595761183649, 0.014938457869, -0.00557276792824], [8.15779130789e-05, -0.000548056792468, -0.000234927749261, -0.000408746796893, 0.00113967934158, -0.00125226110686, 0.00212290650234, -0.00348799163476, 0.0031914813444, -0.000133965149871, 0.00162292446475, -0.00557276792824, 0.0121553866193]]}, "spectral_contrast_coeffs": {"dmean": [0.0625462904572, 0.0621581710875, 0.0565803386271, 0.0441952347755, 0.0316944308579, 0.0287806037813], "dmean2": [0.102782920003, 0.0979689657688, 0.0901323184371, 0.0722253769636, 0.0499047860503, 0.0434484183788], "dvar": [0.00311830360442, 0.00325523945503, 0.00240852404386, 0.00152089691255, 0.000917396566365, 0.000777802139055], "dvar2": [0.00870811287314, 0.0076789422892, 0.00570429489017, 0.00396639714018, 0.00215181545354, 0.00169346260373], "max": [-0.279387205839, -0.260931193829, -0.492045134306, -0.480608254671, -0.57800245285, -0.564237356186], "mean": [-0.647351682186, -0.736062765121, -0.767959356308, -0.779892146587, -0.787177085876, -0.77122092247], "median": [-0.644084453583, -0.765494525433, -0.7749158144, -0.788237988949, -0.796669721603, -0.772927045822], "min": [-0.944217503071, -0.960569620132, -0.965544462204, -0.967388570309, -0.950325727463, -0.942298591137], "var": [0.00666876183823, 0.0141777433455, 0.00680232606828, 0.00455931155011, 0.0032739599701, 0.00340169598348]}, "spectral_contrast_valleys": {"dmean": [0.459668874741, 0.725367069244, 0.700456738472, 0.587619245052, 0.530647158623, 0.702148139477], "dmean2": [0.729448199272, 1.13987898827, 1.08664810658, 0.873201906681, 0.734922170639, 0.922646999359], "dvar": [0.194747269154, 0.642615556717, 0.555461764336, 0.452759891748, 0.445542633533, 0.654818415642], "dvar2": [0.418560326099, 1.45345497131, 1.2284027338, 0.968218147755, 0.849096536636, 1.2882951498], "max": [-4.58750152588, -4.38440084457, -5.23082208633, -5.7831401825, -5.39826011658, -7.5112195015], "mean": [-7.23