{"lowlevel": {"average_loudness": 0.915578484535, "barkbands_crest": {"dmean": 2.20060038567, "dmean2": 3.41375946999, "dvar": 5.48270225525, "dvar2": 11.7681379318, "max": 26.081571579, "mean": 9.53479671478, "median": 8.03575706482, "min": 2.44807934761, "var": 21.2468032837}, "barkbands_flatness_db": {"dmean": 0.0233921352774, "dmean2": 0.0324681773782, "dvar": 0.000596474448685, "dvar2": 0.00110473786481, "max": 0.433414041996, "mean": 0.142364054918, "median": 0.135229319334, "min": 0.031150823459, "var": 0.00420610886067}, "barkbands_kurtosis": {"dmean": 1.44662320614, "dmean2": 2.33846616745, "dvar": 35.6108512878, "dvar2": 103.453468323, "max": 250.18081665, "mean": 1.41081249714, "median": 0.368349790573, "min": -1.90201568604, "var": 64.1694717407}, "barkbands_skewness": {"dmean": 0.432365000248, "dmean2": 0.635647237301, "dvar": 0.25906804204, "dvar2": 0.596346497536, "max": 11.4417181015, "mean": 0.500018000603, "median": 0.665346026421, "min": -5.54723024368, "var": 1.28689968586}, "barkbands_spread": {"dmean": 3.82387042046, "dmean2": 5.81650257111, "dvar": 16.1590690613, "dvar2": 36.8945960999, "max": 72.6964035034, "mean": 19.9740886688, "median": 19.60688591, "min": 0.697322785854, "var": 56.4470558167}, "dissonance": {"dmean": 0.0232133064419, "dmean2": 0.0387978442013, "dvar": 0.00068803562317, "dvar2": 0.00178428948857, "max": 0.5, "mean": 0.442506223917, "median": 0.455312758684, "min": 0.105378255248, "var": 0.002707260428}, "dynamic_complexity": 4.65517520905, "erbbands_crest": {"dmean": 3.1470041275, "dmean2": 4.59058856964, "dvar": 13.7782077789, "dvar2": 28.0858268738, "max": 34.7426834106, "mean": 14.1202173233, "median": 11.3335523605, "min": 2.67350721359, "var": 69.9489746094}, "erbbands_flatness_db": {"dmean": 0.0267371404916, "dmean2": 0.0354479886591, "dvar": 0.000744377903175, "dvar2": 0.00129375362303, "max": 0.501221716404, "mean": 0.202931120992, "median": 0.194088891149, "min": 0.0521128959954, "var": 0.00443245330825}, "erbbands_kurtosis": {"dmean": 1.96307933331, "dmean2": 2.84837555885, "dvar": 17.0748767853, "dvar2": 34.1568565369, "max": 106.51750946, "mean": 3.78053307533, "median": 0.435817718506, "min": -1.57491183281, "var": 103.276802063}, "erbbands_skewness": {"dmean": 0.38714492321, "dmean2": 0.554975807667, "dvar": 0.243802219629, "dvar2": 0.469334453344, "max": 8.1332950592, "mean": -0.33446970582, "median": -0.00305805518292, "min": -7.98126316071, "var": 1.85105729103}, "erbbands_spread": {"dmean": 5.45182561874, "dmean2": 7.93797636032, "dvar": 33.3645973206, "dvar2": 73.1711425781, "max": 73.9061126709, "mean": 24.5033092499, "median": 24.9904556274, "min": 0.836856365204, "var": 165.530532837}, "hfc": {"dmean": 8.53269100189, "dmean2": 12.949968338, "dvar": 434.607543945, "dvar2": 919.699462891, "max": 199.700378418, "mean": 14.47215271, "median": 4.94726753235, "min": 1.24577966287e-16, "var": 603.702880859}, "melbands_crest": {"dmean": 2.57651615143, "dmean2": 4.22822904587, "dvar": 6.29223680496, "dvar2": 15.9945030212, "max": 34.761341095, "mean": 11.5508060455, "median": 10.7130975723, "min": 1.72171807289, "var": 19.2126274109}, "melbands_flatness_db": {"dmean": 0.0232353564352, "dmean2": 0.0336843654513, "dvar": 0.000653818016872, "dvar2": 0.0013873669086, "max": 0.574047148228, "mean": 0.200400471687, "median": 0.194818302989, "min": 0.0036731522996, "var": 0.00554880779237}, "melbands_kurtosis": {"dmean": 2.23597550392, "dmean2": 3.5583717823, "dvar": 23.9404430389, "dvar2": 61.7213973999, "max": 228.454238892, "mean": 3.47652769089, "median": 1.76736211777, "min": -1.9258723259, "var": 86.7379684448}, "melbands_skewness": {"dmean": 0.494672209024, "dmean2": 0.745278418064, "dvar": 0.306498199701, "dvar2": 0.721438705921, "max": 6.86092615128, "mean": 1.23596096039, "median": 1.30679869652, "min": -3.61114025116, "var": 1.37854385376}, "melbands_spread": {"dmean": 5.844643116, "dmean2": 9.09899902344, "dvar": 45.7016677856, "dvar2": 103.436134338, "max": 153.662109375, "mean": 30.2056465149, "median": 27.6014041901, "min": 0.412677377462, "var": 239.832290649}, "pitch_salience": {"dmean": 0.067397005856, "dmean2": 0.102785646915, "dvar": 0.00519408844411, "dvar2": 0.010994981043, "max": 0.93943721056, "mean": 0.511021137238, "median": 0.514268815517, "min": 0.111810952425, "var": 0.0185174550861}, "silence_rate_20dB": {"dmean": 0, "dmean2": 0, "dvar": 0, "dvar2": 0, "max": 1, "mean": 1, "median": 1, "min": 1, "var": 0}, "silence_rate_30dB": {"dmean": 0, "dmean2": 0, "dvar": 0, "dvar2": 0, "max": 1, "mean": 1, "median": 1, "min": 1, "var": 0}, "silence_rate_60dB": {"dmean": 0.0927083343267, "dmean2": 0.185440808535, "dvar": 0.0841200202703, "dvar2": 0.1742323488, "max": 1, "mean": 0.204791039228, "median": 0, "min": 0, "var": 0.162848472595}, "spectral_centroid": {"dmean": 178.210220337, "dmean2": 276.783233643, "dvar": 44832.1640625, "dvar2": 96631.734375, "max": 10894.2324219, "mean": 1358.05419922, "median": 1349.98217773, "min": 160.459121704, "var": 202036.65625}, "spectral_complexity": {"dmean": 3.51380205154, "dmean2": 4.77093362808, "dvar": 41.7564353943, "dvar2": 70.0254440308, "max": 73, "mean": 13.6487436295, "median": 11, "min": 0, "var": 94.2351837158}, "spectral_decrease": {"dmean": 1.63864255498e-09, "dmean2": 2.5304645046e-09, "dvar": 1.41544731053e-17, "dvar2": 3.22428252979e-17, "max": 7.3778141349e-19, "mean": -2.9092686038e-09, "median": -1.45764322834e-09, "min": -3.09751406746e-08, "var": 1.7033538093e-17}, "spectral_energy": {"dmean": 0.0069007659331, "dmean2": 0.010637788102, "dvar": 0.000253215956036, "dvar2": 0.000567877374124, "max": 0.131553098559, "mean": 0.0122928787023, "median": 0.0059885638766, "min": 1.11120365797e-20, "var": 0.000312677497277}, "spectral_energyband_high": {"dmean": 0.000318871083437, "dmean2": 0.000486906123115, "dvar": 8.7543077143e-07, "dvar2": 1.84921930213e-06, "max": 0.0090434551239, "mean": 0.000365685787983, "median": 5.78937142564e-05, "min": 8.33245849771e-21, "var": 1.03288630271e-06}, "spectral_energyband_low": {"dmean": 0.00141291168984, "dmean2": 0.00245635770261, "dvar": 1.54758199642e-05, "dvar2": 4.29829669883e-05, "max": 0.0413508564234, "mean": 0.0018550491659, "median": 0.000923331419472, "min": 6.3399274205e-23, "var": 1.2067798707e-05}, "spectral_energyband_middle_high": {"dmean": 0.00339542585425, "dmean2": 0.00510790664703, "dvar": 5.88745897403e-05, "dvar2": 0.000128782485262, "max": 0.0811148360372, "mean": 0.00600167922676, "median": 0.0020699556917, "min": 1.65668141018e-21, "var": 8.93807882676e-05}, "spectral_energyband_middle_low": {"dmean": 0.00297803431749, "dmean2": 0.00484495749697, "dvar": 7.23665434634e-05, "dvar2": 0.000184118427569, "max": 0.0750375017524, "mean": 0.00453728809953, "median": 0.00237204297446, "min": 2.03650564243e-22, "var": 6.3378662162e-05}, "spectral_entropy": {"dmean": 0.237739145756, "dmean2": 0.319984078407, "dvar": 0.0762845650315, "dvar2": 0.137572228909, "max": 9.79193115234, "mean": 7.10216188431, "median": 7.10375976562, "min": 4.32452869415, "var": 0.442261666059}, "spectral_flux": {"dmean": 0.0241303443909, "dmean2": 0.0367753021419, "dvar": 0.00167190423235, "dvar2": 0.00338610145263, "max": 0.321963012218, "mean": 0.0514682792127, "median": 0.0307644978166, "min": 1.05413643092e-10, "var": 0.00305096479133}, "spectral_kurtosis": {"dmean": 2.76680207253, "dmean2": 4.73820304871, "dvar": 13.9015216827, "dvar2": 39.797996521, "max": 176.459091187, "mean": 8.19184398651, "median": 5.44134044647, "min": -1.20639443398, "var": 165.219894409}, "spectral_rms": {"dmean": 0.000730421976186, "dmean2": 0.00106595922261, "dvar": 1.67844916632e-06, "dvar2": 3.46503816218e-06, "max": 0.0113289225847, "mean": 0.00295196007937, "median": 0.00241712667048, "min": 3.29256912533e-12, "var": 3.27900534103e-06}, "spectral_rolloff": {"dmean": 236.538894653, "dmean2": 410.954986572, "dvar": 235048.21875, "dvar2": 530983.4375, "max": 18884.6191406, "mean": 1552.99438477, "median": 1571.92382812, "min": 21.533203125, "var": 1310159.5}, "spectral_skewness": {"dmean": 0.2678360641, "dmean2": 0.451189219952, "dvar": 0.078849427402, "dvar2": 0.225503951311, "max": 11.4480209351, "mean": 1.90646076202, "median": 1.71262562275, "min": -0.00704114604741, "var": 0.883763790131}, "spectral_spread": {"dmean": 574004.375, "dmean2": 790941.3125, "dvar": 529007149056, "dvar2": 890948943872, "max": 41068216, "mean": 3599032.75, "median": 3381749.75, "min": 562351.125, "var": 1407980666880.0}, "spectral_strongpeak": {"dmean": 0.884891331196, "dmean2": 1.38956224918, "dvar": 2.2208275795, "dvar2": 4.6590628624, "max": 15.1770772934, "mean": 1.97096192837, "median": 0.483513832092, "min": 0, "var": 7.43058490753}, "zerocrossingrate": {"dmean": 0.00676078815013, "dmean2": 0.00772951962426, "dvar": 6.61062222207e-05, "dvar2": 7.52283813199e-05, "max": 0.51171875, "mean": 0.0612749420106, "median": 0.05859375, "min": 0.00634765625, "var": 0.00102752272505}, "barkbands": {"dmean": [2.92227578029e-05, 0.000441992131528, 0.000868046539836, 0.000531587807927, 0.00132246664725, 0.000458748574601, 0.000559851701837, 0.000276095350273, 0.000372250069631, 0.000283342931652, 0.000403545040172, 0.000451871543191, 0.00054559163982, 0.00052472500829, 0.00099828816019, 0.000655615818687, 0.000220627785893, 9.85226433841e-05, 0.000136724804179, 8.85443805601e-05, 8.44877358759e-05, 6.73145696055e-05, 5.38347994734e-05, 3.4088287066e-05, 3.62180799129e-05, 1.48681401697e-05, 7.55433893573e-06], "dmean2": [4.87340039399e-05, 0.000741199764889, 0.00155109318439, 0.000937379372772, 0.00223526381887, 0.000807706965134, 0.00102410186082, 0.000454149732832, 0.00059419736499, 0.000413808651501, 0.00063938339008, 0.000681367178913, 0.000951396999881, 0.000818815431558, 0.0014991358621, 0.00103606458288, 0.000350956281181, 0.000154252920765, 0.00021460444259, 0.000139753785334, 0.000129511390696, 0.000102290119685, 8.3177597844e-05, 5.17350963491e-05, 5.84374793107e-05, 2.43282865995e-05, 1.33273742904e-05], "dvar": [3.77074194091e-09, 1.99116379918e-06, 4.9078430493e-06, 1.47982666476e-06, 1.60292638611e-05, 1.62252160862e-06, 4.1497814891e-06, 4.89337992349e-07, 1.30279170207e-06, 6.27096994776e-07, 1.58976990861e-06, 1.65187123002e-06, 4.18909439759e-06, 2.27138320952e-06, 6.66351525069e-06, 3.80287497137e-06, 4.53953731494e-07, 7.94986192432e-08, 1.93582494035e-07, 7.21561761452e-08, 7.85675453585e-08, 4.29371951327e-08, 2.85720069826e-08, 9.24144405445e-09, 2.76273919297e-08, 2.39127451174e-09, 1.30149913069e-09], "dvar2": [9.16891984559e-09, 5.31975911144e-06, 1.41022783282e-05, 4.02408568334e-06, 4.25620346505e-05, 4.65965786134e-06, 1.19875667224e-05, 1.27784039705e-06, 3.23815743286e-06, 1.55614714004e-06, 4.1029697968e-06, 3.70975817532e-06, 1.12974857984e-05, 5.4456027101e-06, 1.54108147399e-05, 9.37372533372e-06, 1.01003536201e-06, 1.71382779968e-07, 4.60272559621e-07, 1.72022907918e-07, 1.74693454369e-07, 9.47229423787e-08, 7.00075659665e-08, 1.94769391726e-08, 7.56163700544e-08, 6.11942496676e-09, 3.64823016241e-09], "max": [0.000670066219755, 0.0177992582321, 0.022697718814, 0.0126224160194, 0.0370828174055, 0.0169399678707, 0.0204958636314, 0.00959962885827, 0.012858078815, 0.0116693172604, 0.0199366845191, 0.0236277505755, 0.0363864339888, 0.0216919258237, 0.0407282188535, 0.0250308010727, 0.0132826557383, 0.00273311440833, 0.00570036098361, 0.0028083215002, 0.00317326141521, 0.00191414298024, 0.00169416575227, 0.00136950670276, 0.0057864417322, 0.000773070321884, 0.000648658606224], "mean": [3.10215000354e-05, 0.000456804671558, 0.00100092648063, 0.000665009021759, 0.00153767224401, 0.000667387910653, 0.000562790839467, 0.000458786584204, 0.000430972635513, 0.000430080544902, 0.000584778666962, 0.000605132605415, 0.000476752960822, 0.000786721939221, 0.00173766328953, 0.000832137768157, 0.000331174349412, 0.000122591824038, 0.000158714974532, 0.000105527615233, 8.60913060023e-05, 7.23769480828e-05, 6.53217866784e-05, 3.41871891578e-05, 3.44124637195e-05, 1.2558398339e-05, 5.30479383087e-06], "median": [8.97934478417e-06, 7.86809177953e-05, 0.000490993494168, 0.000284971873043, 0.000644053565338, 0.000370418798411, 0.000210652506212, 0.000218934670556, 9.46291693253e-05, 0.000100509263575, 8.79134240677e-05, 0.000182644289453, 4.5970606152e-05, 0.000112648391223, 8.69279319886e-05, 3.38693062076e-05, 8.44282476464e-05, 3.46309898305e-05, 4.71386010759e-05, 2.83407989627e-05, 1.05845838334e-05, 8.42946246848e-06, 4.73496220366e-06, 2.6731008802e-06, 2.15767090594e-06, 4.39693167209e-07, 1.01497526828e-07], "min": [2.53007611042e-24, 2.03721782606e-23, 2.19050186187e-23, 2.54543326009e-23, 9.71194901638e-24, 5.9069115722e-23, 1.39263768714e-23, 4.52449499804e-23, 3.9959159086e-23, 3.46646307682e-23, 6.98675549746e-23, 3.81001010778e-23, 5.23461969631e-23, 1.27834556281e-22, 9.94121692344e-23, 7.65703230705e-23, 3.20499847455e-22, 1.89315547957e-22, 4.87538657646e-22, 3.13530381265e-22, 5.83658418074e-22, 4.6578336325e-22, 5.28332687161e-22, 9.15068249714e-22, 1.62084889924e-21, 1.45386171211e-21, 2.77156052888e-21], "var": [4.28382529449e-09, 1.5593873286e-06, 3.58758143193e-06, 1.31109879931e-06, 1.23019535749e-05, 1.20488834909e-06, 2.51094797932e-06, 5.01688646182e-07, 1.22511960399e-06, 9.11463189368e-07, 1.85546252851e-06, 2.19268554247e-06, 3.40208771377e-06, 4.59678039988e-06, 1.75141030923e-05, 6.21023355052e-06, 9.58307282417e-07, 8.93782825528e-08, 1.83736034387e-07, 7.10398140313e-08, 8.02662398769e-08, 4.80993094243e-08, 3.35659571249e-08, 1.05753947821e-08, 1.93646005897e-08, 1.91118409987e-09, 8.0535561553e-10]}, "erbbands": {"dmean": [0.00811728090048, 0.12852153182, 0.830600440502, 1.41898334026, 4.72136116028, 3.32257246971, 2.41263580322, 4.36192941666, 7.00941324234, 7.93498802185, 6.14580106735, 8.17917728424, 9.32971286774, 9.98021316528, 17.0109272003, 21.2760105133, 26.7521896362, 27.0993938446, 35.2033309937, 57.0345458984, 24.5911750793, 9.60782146454, 5.87626171112, 6.69149541855, 5.79056453705, 4.613509655, 4.04519701004, 2.96123886108, 2.44190263748, 1.58826804161, 1.51278734207, 0.905535817146, 0.493649631739, 0.353835970163, 0.262316375971, 0.0974258333445, 0.0276268776506, 0.00717150326818, 0.00117185595445, 7.97808970674e-05], "dmean2": [0.0127821797505, 0.223891854286, 1.47143483162, 2.50574183464, 8.05333709717, 5.68663215637, 3.91800689697, 7.74981737137, 12.6742506027, 14.0613241196, 10.0930652618, 13.0924043655, 13.9727716446, 15.2617149353, 26.7851486206, 31.7309761047, 46.2734298706, 41.8946990967, 51.5103721619, 87.3580551147, 39.3048629761, 15.3534765244, 9.34578132629, 10.289563179, 9.34245300293, 7.31905031204, 6.35559129715, 4.55925941467, 3.67023611069, 2.42591023445, 2.3066983223, 1.38510656357, 0.754616260529, 0.566878974438, 0.421464592218, 0.162264108658, 0.0457194410264, 0.0122728701681, 0.00204642582685, 0.000137417315273], "dvar": [0.000597591337282, 0.171020701528, 4.64725255966, 11.8749933243, 196.952041626, 101.454818726, 36.4429779053, 148.904785156, 507.853637695, 682.496643066, 305.80255127, 606.076721191, 719.113952637, 1038.84240723, 2457.77832031, 3518.85424805, 9822.95214844, 5888.99853516, 10275.1162109, 28625.4394531, 6181.88427734, 708.671508789, 263.478302002, 425.564941406, 318.280975342, 201.702774048, 208.552017212, 85.7287063599, 57.5397720337, 21.3600597382, 22.8718318939, 7.36005592346, 1.91526937485, 1.29518651962, 1.39164221287, 0.345585078001, 0.0119083439931, 0.00117713364307, 3.49367401213e-05, 1.5748962312e-07], "dvar2": [0.00138794141822, 0.47535943985, 13.2713165283, 33.5908660889, 521.905883789, 275.663574219, 95.8628921509, 424.959533691, 1470.51794434, 1959.23571777, 764.720703125, 1510.21508789, 1723.91271973, 2725.60644531, 6061.43457031, 7751.37353516, 26487.2070312, 14149.7236328, 20168.2285156, 69607.6015625, 16164.6015625, 1537.35449219, 583.920288086, 959.390075684, 752.851501465, 496.907745361, 512.102783203, 185.87171936, 126.30607605, 49.5354728699, 55.6933670044, 16.6490440369, 4.20453596115, 3.30914878845, 3.77194070816, 0.966654658318, 0.0317844338715, 0.0032946835272, 9.79071119218e-05, 4.37920931518e-07], "max": [0.240131407976, 5.01337575912, 20.6224842072, 40.7083091736, 142.456848145, 94.2043457031, 71.8912734985, 155.933654785, 233.806381226, 307.364868164, 198.028030396, 302.700073242, 452.659606934, 420.806182861, 741.791015625, 1203.42712402, 1753.58300781, 1100.87158203, 1791.89538574, 3153.80932617, 1244.734375, 416.058868408, 155.637451172, 332.189910889, 179.485092163, 142.644104004, 184.576171875, 86.5354995728, 69.4486618042, 44.2731437683, 53.3319892883, 29.8458690643, 17.4742431641, 17.8183994293, 39.9549369812, 20.6595897675, 2.83097314835, 0.68516010046, 0.127471446991, 0.0109774470329], "mean": [0.00862142816186, 0.12887327373, 0.939761221409, 2.00609540939, 4.72144317627, 3.90577840805, 4.41090011597, 5.51006793976, 8.19823551178, 10.3583021164, 8.59556865692, 10.1064109802, 14.0070905685, 13.4719705582, 25.4723052979, 29.6454753876, 24.8630695343, 43.0078277588, 65.6277236938, 93.830696106, 33.0003890991, 13.8362646103, 7.9766702652, 8.15709018707, 6.81725358963, 5.39390325546, 4.0050611496, 3.20265364647, 2.56838965416, 1.9419324398, 1.80324208736, 0.883888721466, 0.487169653177, 0.320867955685, 0.275301545858, 0.0819754824042, 0.022110523656, 0.00530388392508, 0.000838739506435, 6.76181225572e-05], "median": [0.00152861513197, 0.0251519829035, 0.409025669098, 1.06962406635, 1.42292237282, 1.7226190567, 2.62363219261, 2.61720132828, 3.8089094162, 4.89985942841, 3.56843805313, 2.35541367531, 4.07398176193, 3.03381848335, 5.63298749924, 9.330991745, 3.33272695541, 7.42001581192, 4.82975244522, 4.75342416763, 3.06998944283, 4.04031467438, 2.90202569962, 2.73990988731, 1.64266180992, 1.43745672703, 0.750903367996, 0.39347293973, 0.278051227331, 0.212463483214, 0.123284950852, 0.0657412484288, 0.038951549679, 0.0255496781319, 0.0134160127491, 0.00402648001909, 0.000624762964435, 0.000107813808427, 2.19223657041e-05, 1.0536852642e-05], "min": [4.82887382288e-22, 4.91314466532e-21, 2.36173425789e-20, 6.98480808892e-20, 2.66230002699e-20, 4.05315107418e-20, 1.37914815405e-19, 5.94718561995e-19, 3.97078798973e-19, 4.66215536847e-19, 8.06344088019e-19, 8.48207750519e-19, 1.0196693668e-18, 1.68357259145e-18, 2.87822250426e-18, 1.47423768364e-18, 2.63828801424e-18, 5.17330542414e-18, 6.92648454036e-18, 4.0712928123e-18, 5.9287773358e-18, 1.71955397616e-17, 1.22100030957e-17, 1.48763188843e-17, 2.80996529719e-17, 1.51267742845e-17, 1.85743141851e-17, 2.33332199067e-17, 1.7244614733e-17, 1.53078259226e-17, 1.48136334831e-17, 1.45322977762e-17, 1.83470876708e-17, 1.79104157167e-17, 1.16884301507e-17, 6.60134672493e-18, 2.47794091366e-18, 1.28819804303e-18, 4.31240970531e-19, 3.80739474484e-20], "var": [0.000638563244138, 0.120623581111, 3.4319217205, 10.0028772354, 152.247711182, 73.8047714233, 37.2944488525, 107.505401611, 330.444610596, 456.144500732, 283.28314209, 591.300415039, 1093.29589844, 985.94720459, 3091.06689453, 4989.00878906, 8048.56542969, 12457.4746094, 35589.9023438, 62688.1601562, 7494.84472656, 1144.01550293, 294.900878906, 438.683288574, 314.279846191, 187.663803101, 180.547637939, 95.8018798828, 63.6486587524, 26.7174339294, 26.5981750488, 7.66914749146, 2.10407066345, 1.07132339478, 1.05696225166, 0.221170082688, 0.00844475626945, 0.00073793460615, 2.15005020436e-05, 9.94637687768e-08]}, "gfcc": {"mean": [-76.5870513916, 107.779159546, -136.418121338, 20.3826084137, -52.3001937866, 2.55375623703, -42.1332359314, -4.9863409996, -26.5637264252, -3.70341682434, -14.7346229553, -7.47688436508, -12.9286594391], "cov": [[17676.0390625, -2007.06103516, -1673.84729004, 257.20098877, -91.5562591553, 872.799560547, -237.788970947, 442.958404541, -132.920639038, 59.7667312622, -691.985778809, -89.9699172974, -86.8716049194], [-2007.06103516, 1398.78820801, -191.700454712, 53.4017372131, -1.59882378578, -312.555053711, 120.918823242, -162.722167969, 73.8060760498, -115.903282166, 217.086746216, -94.0493164062, 56.0589065552], [-1673.84729004, -191.700454712, 1001.04650879, -34.1050109863, 10.0149354935, 84.8815765381, 34.0357170105, 92.3113555908, -73.7919998169, 96.3025436401, 45.5304145813, 153.777572632, -67.6017303467], [257.20098877, 53.4017372131, -34.1050109863, 275.490509033, 33.5168685913, 30.4232597351, 19.264213562, 54.9544219971, 32.5543556213, -40.7760848999, -10.2910146713, 10.37570858, 20.7531166077], [-91.5562591553, -1.59882378578, 10.0149354935, 33.5168685913, 247.096496582, 31.9169311523, -17.7009239197, 5.83427619934, 63.9664649963, 32.9817504883, -41.9372673035, -18.8755722046, 27.9333572388], [872.799560547, -312.555053711, 84.8815765381, 30.4232597351, 31.9169311523, 228.198516846, 13.1279335022, 79.1530227661, -25.2694683075, 41.4201774597, -58.2617301941, 10.2916765213, -19.0801143646], [-237.788970947, 120.918823242, 34.0357170105, 19.264213562, -17.7009239197, 13.1279335022, 177.494186401, 46.1954498291, -52.1452674866, -33.6841888428, 54.9989013672, 25.9126300812, -5.54764604568], [442.958404541, -162.722167969, 92.3113555908, 54.9544219971, 5.83427619934, 79.1530227661, 46.1954498291, 164.939056396, -5.0593495369, -5.55596828461, -39.0654678345, 38.0512008667, 4.22163248062], [-132.920639038, 73.8060760498, -73.7919998169, 32.5543556213, 63.9664649963, -25.2694683075, -52.1452674866, -5.0593495369, 168.097793579, 17.397983551, -29.0259380341, -52.1502304077, 21.0520343781], [59.7667312622, -115.903282166, 96.3025436401, -40.7760848999, 32.9817504883, 41.4201774597, -33.6841888428, -5.55596828461, 17.397983551, 111.898605347, 8.21924114227, 6.54104471207, -29.542552948], [-691.985778809, 217.086746216, 45.5304145813, -10.2910146713, -41.9372673035, -58.2617301941, 54.9989013672, -39.0654678345, -29.0259380341, 8.21924114227, 145.917617798, 13.098195076, -28.0737686157], [-89.9699172974, -94.0493164062, 153.777572632, 10.37570858, -18.8755722046, 10.2916765213, 25.9126300812, 38.0512008667, -52.1502304077, 6.54104471207, 13.098195076, 133.659805298, 7.13036632538], [-86.8716049194, 56.0589065552, -67.6017303467, 20.7531166077, 27.9333572388, -19.0801143646, -5.54764604568, 4.22163248062, 21.0520343781, -29.542552948, -28.0737686157, 7.13036632538, 105.709075928]], "icov": [[0.000137157563586, 5.82382540415e-07, 0.000340794067597, -7.77697787271e-05, 0.000112405454274, -0.000360738689778, 0.000162144671776, -0.000283063622192, 0.000232408609008, -0.000243710543145, 0.000416174792917, -0.000153477478307, 0.000277098617516], [5.82382540415e-07, 0.00176986283623, -0.000134867339511, -0.000392910878872, -0.000312033866066, 0.00143203837797, -0.00111431139521, 0.000898251950275, -0.000726598314941, 0.001039322, -0.00194390013348, 0.00113933579996, -0.000858576211613], [0.000340794067597, -0.000134867339511, 0.00230740592815, 3.70375928469e-05, 5.79256557103e-05, -0.00115946459118, 0.000617982586846, -0.00141889927909, 0.000789060839452, -0.00144942547195, 0.000728415092453, -0.00191113445908, 0.00144457654096], [-7.77697787271e-05, -0.000392910878872, 3.70375928469e-05, 0.00472065201029, -0.000679216347635, -0.00113704230171, 0.000505514908582, -0.00129616784398, -0.00130859925412, 0.00237300712615, -0.000946197891608, -0.00101108674426, 3.46179876942e-05], [0.000112405454274, -0.000312033866066, 5.79256557103e-05, -0.000679216347635, 0.0053452574648, -0.000886017514858, -0.000559024279937, 0.000341341481544, -0.00114755309187, -0.00234936363995, 0.00209621852264, 0.000195448606974, -0.00107164378278], [-0.000360738689778, 0.00143203837797, -0.00115946459118, -0.00113704230171, -0.000886017514858, 0.00934448651969, -0.00235709850676, -0.000857408158481, 0.00094661838375, -0.00217181234621, 0.00055477314163, 0.00249459221959, -0.000559236505069], [0.000162144671776, -0.00111431139521, 0.000617982586846, 0.000505514908582, -0.000559024279937, -0.00235709850676, 0.00986261293292, -0.00400871085003, 0.00239602546208, 0.00235721701756, -0.00301991263404, -0.00102437054738, 0.000868786824867], [-0.000283063622192, 0.000898251950275, -0.00141889927909, -0.00129616784398, 0.000341341481544, -0.000857408158481, -0.00400871085003, 0.0110160904005, -0.00231963722035, 0.00146312371362, 0.00125708209816, -0.00111787044443, -0.00097707263194], [0.000232408609008, -0.000726598314941, 0.000789060839452, -0.00130859925412, -0.00114755309187, 0.00094661838375, 0.00239602546208, -0.00231963722035, 0.00992394797504, -0.0034300473053, 0.00220209546387, 0.00265053613111, -0.000498602981679], [-0.000243710543145, 0.001039322, -0.00144942547195, 0.00237300712615, -0.00234936363995, -0.00217181234621, 0.00235721701756, 0.00146312371362, -0.0034300473053, 0.0160114336759, -0.00526676420122, -0.000697531737387, 0.00195598625578], [0.000416174792917, -0.00194390013348, 0.000728415092453, -0.000946197891608, 0.00209621852264, 0.00055477314163, -0.00301991263404, 0.00125708209816, 0.00220209546387, -0.00526676420122, 0.0153370145708, -0.00195246574003, 0.0036563850008], [-0.000153477478307, 0.00113933579996, -0.00191113445908, -0.00101108674426, 0.000195448606974, 0.00249459221959, -0.00102437054738, -0.00111787044443, 0.00265053613111, -0.000697531737387, -0.00195246574003, 0.0122524332255, -0.0034322978463], [0.000277098617516, -0.000858576211613, 0.00144457654096, 3.46179876942e-05, -0.00107164378278, -0.000559236505069, 0.000868786824867, -0.00097707263194, -0.000498602981679, 0.00195598625578, 0.0036563850008, -0.0034322978463, 0.0131753366441]]}, "melbands": {"dmean": [9.36661308515e-05, 0.000345857319189, 0.000322260108078, 0.000330526789185, 8.34016100271e-05, 9.46383079281e-05, 0.000113825495646, 8.03505754448e-05, 5.12969054398e-05, 5.2723877161e-05, 4.64681434096e-05, 3.89408123738e-05, 5.80468549742e-05, 4.94796877319e-05, 7.04460326233e-05, 4.20840769948e-05, 5.5910066294e-05, 5.37286468898e-05, 6.32419541944e-05, 6.91907043802e-05, 2.34178442042e-05, 1.08413623821e-05, 7.80886784923e-06, 4.97289465784e-06, 5.6885187405e-06, 5.24890720044e-06, 3.10880182042e-06, 3.1509564451e-06, 2.45852447733e-06, 2.38914321926e-06, 1.65154074239e-06, 1.56010719365e-06, 1.01177363376e-06, 9.0859583679e-07, 9.72330667537e-07, 7.29539976874e-07, 5.04207264385e-07, 3.64552306564e-07, 2.93801605267e-07, 3.16776294085e-07], "dmean2": [0.000152152802912, 0.000609011214692, 0.000552887911908, 0.000567656534258, 0.00013603446132, 0.000168138576555, 0.000206829150557, 0.000140496660606, 8.43033776619e-05, 8.42658846523e-05, 6.9603403972e-05, 5.9829926613e-05, 9.19019657886e-05, 7.46490477468e-05, 0.000119665259263, 7.10940294084e-05, 8.72464079293e-05, 7.83856885391e-05, 9.62158737821e-05, 0.000106316700112, 3.77484939236e-05, 1.7120872144e-05, 1.27943376356e-05, 7.68216159486e-06, 8.8119877546e-06, 8.51033928484e-06, 4.95122276334e-06, 5.06725064042e-06, 4.00272301704e-06, 3.78226900466e-06, 2.5188944619e-06, 2.38800271291e-06, 1.55576367433e-06, 1.41534735576e-06, 1.45674493979e-06, 1.16752971735e-06, 7.71043573877e-07, 5.67150038933e-07, 4.5463036713e-07, 5.25688960806e-07], "dvar": [8.65041798193e-08, 8.86239490683e-07, 5.52667017928e-07, 1.0609775245e-06, 4.2376591125e-08, 6.72363356102e-08, 1.4909942081e-07, 6.23078051376e-08, 2.27180692036e-08, 2.5623592137e-08, 1.7799360208e-08, 1.61701319001e-08, 3.09090957273e-08, 1.74146315146e-08, 5.55548389514e-08, 2.31060930389e-08, 2.7822531834e-08, 2.27591456792e-08, 3.10968424344e-08, 3.80701870029e-08, 6.61253851675e-09, 1.16325515886e-09, 4.34564439988e-10, 1.81908932362e-10, 3.28132604421e-10, 3.04679670382e-10, 9.13192577112e-11, 9.66537613833e-11, 8.1970187582e-11, 6.37592270647e-11, 2.70443840933e-11, 2.50019900616e-11, 8.77943030775e-12, 6.92127041443e-12, 8.65820869861e-12, 6.31725010844e-12, 2.34483916658e-12, 1.13921903595e-12, 8.13111839144e-13, 1.54133671972e-12], "dvar2": [2.19863707684e-07, 2.51571668741e-06, 1.46775369103e-06, 2.84548968921e-06, 1.12793991036e-07, 1.93442247109e-07, 4.32060630828e-07, 1.77128427481e-07, 5.71161287155e-08, 6.39719530682e-08, 4.27866844177e-08, 4.25849719932e-08, 7.79479165658e-08, 3.7017628074e-08, 1.49367352265e-07, 6.23754701223e-08, 6.70276776304e-08, 4.47089085753e-08, 7.61476712796e-08, 9.06196149231e-08, 1.72805965093e-08, 2.53505128001e-09, 1.11114117907e-09, 3.96483540444e-10, 7.64625363026e-10, 7.34627692012e-10, 2.21063681249e-10, 2.44493925106e-10, 2.11036299547e-10, 1.38880851264e-10, 6.24342869071e-11, 5.68902598641e-11, 1.89347947044e-11, 1.66754214603e-11, 2.01687694323e-11, 1.6295360894e-11, 5.29788452691e-12, 2.54493084592e-12, 1.96982989815e-12, 4.18748629522e-12], "max": [0.0035285516642, 0.00883355550468, 0.00632642069831, 0.00976991839707, 0.00230511371046, 0.00341260409914, 0.00386727927253, 0.0031938906759, 0.00156096671708, 0.00186799711082, 0.00225795712322, 0.00181714759674, 0.00255425740033, 0.00267225224525, 0.00351820886135, 0.00217344914563, 0.00251617655158, 0.00273297121748, 0.00350378337316, 0.00305654201657, 0.0016162263928, 0.000596686906647, 0.000254617771134, 0.000138336283271, 0.000300089508528, 0.00018899893621, 0.000101297868241, 0.000100924378785, 0.000116257106129, 9.55849391175e-05, 4.93291699968e-05, 4.65471603093e-05, 3.19997343468e-05, 2.59687803918e-05, 3.52192328137e-05, 2.52719109994e-05, 2.29297675105e-05, 1.79396120075e-05, 1.91969938896e-05, 2.33703121921e-05], "mean": [9.87421371974e-05, 0.000390579458326, 0.000419024639996, 0.000338779471349, 0.000149782004883, 0.000126086728415, 0.000127308769152, 0.000111666013254, 6.87163701514e-05, 6.36413824395e-05, 6.90437082085e-05, 5.03879891767e-05, 8.49256102811e-05, 7.37383379601e-05, 6.94941918482e-05, 3.82540492865e-05, 8.78119972185e-05, 9.56951116677e-05, 0.000102698264527, 0.000112079891551, 2.7252437576e-05, 1.56083951879e-05, 9.82766778179e-06, 6.13207885181e-06, 6.62871843815e-06, 5.5626401263e-06, 3.70748421119e-06, 3.52343431587e-06, 2.3679192509e-06, 2.44506645686e-06, 1.73321234342e-06, 1.55271106905e-06, 1.15090620056e-06, 1.1261038253e-06, 1.24725420392e-06, 6.34308150893e-07, 4.93963682402e-07, 3.60797770327e-07, 2.69787108209e-07, 2.63642078835e-07], "median": [1.90688606381e-05, 0.000162213153089, 0.000203580071684, 0.000116350056487, 9.52172340476e-05, 6.55233088764e-05, 5.5541167967e-05, 5.29874851054e-05, 2.51841629506e-05, 1.47065566125e-05, 1.94079129869e-05, 9.47891658143e-06, 1.3162567484e-05, 2.48911419476e-05, 1.31170372697e-05, 5.03800129081e-06, 1.27444600366e-05, 5.48197886019e-06, 5.55727456231e-06, 4.05110449719e-06, 2.60210981651e-06, 3.46944875673e-06, 3.5642194689e-06, 1.79876906259e-06, 2.08166397897e-06, 1.16709770737e-06, 9.29093005198e-07, 9.16779811178e-07, 4.40978141114e-07, 3.11538656206e-07, 1.68619152419e-07, 1.45266724871e-07, 1.49164421259e-07, 9.67178479527e-08, 7.39561798468e-08, 3.97745232306e-08, 3.69274246736e-08, 2.77070917321e-08, 1.95571949746e-08, 1.78447230326e-08], "min": [4.79253707521e-24, 1.05031039291e-23, 1.03554662441e-23, 1.64045222684e-24, 4.2193511359e-24, 1.29269082483e-23, 5.58180661038e-24, 7.19930554867e-24, 6.52422244624e-24, 5.54873677237e-24, 5.07661062034e-24, 6.35332914176e-24, 1.00288833514e-23, 5.59242665031e-24, 3.85870246827e-24, 5.32542089972e-24, 1.09821326141e-23, 1.17510668928e-23, 6.95077176504e-24, 5.09336918141e-24, 7.33670066367e-24, 1.83989436804e-23, 1.300707466e-23, 1.06848835141e-23, 1.1529927093e-23, 1.98391181257e-23, 1.6564392425e-23, 8.90390143622e-24, 9.60183823351e-24, 1.67135281569e-23, 1.12841527448e-23, 8.74021910928e-24, 1.05544374748e-23, 7.97443869642e-24, 7.72475948675e-24, 1.0287546109e-23, 7.82485568043e-24, 1.33774937644e-23, 1.18401671543e-23, 1.61724831719e-23], "var": [7.57851168487e-08, 6.47638785267e-07, 4.85206101075e-07, 7.81972062214e-07, 4.01847977116e-08, 4.87031286411e-08, 9.40510318514e-08, 4.48719390533e-08, 2.04020942363e-08, 2.45954119293e-08, 2.68241802104e-08, 1.55151251846e-08, 3.72400918991e-08, 2.62937156492e-08, 4.57658835273e-08, 1.82863129083e-08, 6.16829041178e-08, 7.87260461266e-08, 6.3577388687e-08, 8.79050574554e-08, 7.27074001006e-09, 2.24594653986e-09, 4.15634943129e-10, 2.07407993558e-10, 3.21721010943e-10, 2.77609796262e-10, 9.04095201482e-11, 8.47177883401e-11, 6.52094836462e-11, 6.51500589588e-11, 2.91037836192e-11, 2.57269899828e-11, 1.06071106759e-11, 8.85002141016e-12, 1.20517693047e-11, 5.12395377864e-12, 2.43315805872e-12, 1.22335908764e-12, 7.54969979762e-13, 1.07038650946e-12]}, "mfcc": {"mean": [-709.309143066, 135.961669922, -21.2020320892, 19.600774765, 1.09391832352, 3.24057507515, -5.24949884415, -4.10199356079, -9.06755924225, -3.6768887043, -5.20548200607, -3.48091673851, -0.397173941135], "cov": [[9535.14160156, -438.239593506, -359.080474854, -403.862701416, -0.408470153809, 342.169616699, 1.45846152306, 253.222305298, 257.187225342, 252.836135864, -85.7717285156, -205.876968384, -109.247673035], [-438.239593506, 971.701293945, -252.963104248, 187.853729248, -63.6114234924, -73.2305908203, 31.7202663422, -37.1825561523, -50.6600379944, -44.7447357178, 9.0165681839, 26.6661148071, -3.68224573135], [-359.080474854, -252.963104248, 449.662506104, 6.60261821747, 35.8457145691, 9.92133235931, 73.0107040405, 52.2162818909, -15.7560338974, -9.91530227661, 43.3240394592, 53.3025588989, 18.1656608582], [-403.862701416, 187.853729248, 6.60261821747, 209.290527344, 32.029132843, -26.6586837769, 1.91978752613, 31.3429679871, 8.72713947296, -33.6145973206, -6.22608041763, 47.1126365662, 33.5692558289], [-0.408470153809, -63.6114234924, 35.8457145691, 32.029132843, 189.673400879, 46.1058731079, -29.9951820374, -15.0717353821, 59.0057258606, 43.3942947388, 10.2157735825, 4.63114595413, 13.6703834534], [342.169616699, -73.2305908203, 9.92133235931, -26.6586837769, 46.1058731079, 134.808288574, 7.13274097443, 6.37087011337, 10.8896522522, 31.806892395, 12.6342744827, 5.26294898987, -0.557980000973], [1.45846152306, 31.7202663422, 73.0107040405, 1.91978752613, -29.9951820374, 7.13274097443, 202.409820557, 63.1174659729, -17.0280227661, -25.6807632446, 15.2028589249, 16.2029953003, -0.0272675994784], [253.222305298, -37.1825561523, 52.2162818909, 31.3429679871, -15.0717353821, 6.37087011337, 63.1174659729, 148.788024902, 49.9290771484, -10.6181278229, -23.9673709869, 23.0296211243, 23.1766109467], [257.187225342, -50.6600379944, -15.7560338974, 8.72713947296, 59.0057258606, 10.8896522522, -17.0280227661, 49.9290771484, 157.307342529, 45.382019043, -52.1933517456, -31.8094654083, 37.0404853821], [252.836135864, -44.7447357178, -9.91530227661, -33.6145973206, 43.3942947388, 31.806892395, -25.6807632446, -10.6181278229, 45.382019043, 139.550613403, 30.9221229553, -47.4030952454, -35.4377059937], [-85.7717285156, 9.0165681839, 43.3240394592, -6.22608041763, 10.2157735825, 12.6342744827, 15.2028589249, -23.9673709869, -52.1933517456, 30.9221229553, 127.0182724, 40.6271591187, -54.9069213867], [-205.876968384, 26.6661148071, 53.3025588989, 47.1126365662, 4.63114595413, 5.26294898987, 16.2029953003, 23.0296211243, -31.8094654083, -47.4030952454, 40.6271591187, 151.908294678, 23.3328475952], [-109.247673035, -3.68224573135, 18.1656608582, 33.5692558289, 13.6703834534, -0.557980000973, -0.0272675994784, 23.1766109467, 37.0404853821, -35.4377059937, -54.9069213867, 23.3328475952, 141.582855225]], "icov": [[0.000148555001942, 1.01675805126e-05, 0.000140122821904, 0.000242763228016, 2.66153547273e-05, -0.000306059111608, 4.33792010881e-05, -0.000351102731656, -8.74588731676e-05, -8.47824412631e-05, 2.34593171626e-05, 6.82193494868e-05, 9.25762724364e-05], [1.01675805126e-05, 0.0017728904495, 0.00106977229007, -0.00174588244408, 0.000531717319973, 0.000399743963499, -0.000776247994509, 0.000693541718647, 0.000160143652465, -0.000176361383637, -0.000280993845081, -0.000129088468384, -6.53422057439e-06], [0.000140122821904, 0.00106977229007, 0.00345278275199, -0.000432236818597, -0.000592934724409, 0.00028529195697, -0.0010688258335, -0.000959918717854, 0.000632203009445, -0.000157845206559, -0.00102842459455, -0.000367691071006, -0.000532414240297], [0.000242763228016, -0.00174588244408, -0.000432236818597, 0.0081603564322, -0.00229183002375, 0.000749632657971, 0.00104898097925, -0.0028098761104, 0.00010365156777, 0.000867590773851, 0.000189841564861, -0.00104934861884, -0.000616445904598], [2.66153547273e-05, 0.000531717319973, -0.000592934724409, -0.00229183002375, 0.00828364212066, -0.00251074461266, 0.000311909709126, 0.00269450503401, -0.00367500074208, -0.00100961700082, -0.00107134401333, -0.000510085432325, -0.000219574576477], [-0.000306059111608, 0.000399743963499, 0.00028529195697, 0.000749632657971, -0.00251074461266, 0.00979445874691, -0.000832575839013, -0.000236441381276, 0.00129828986246, -0.00171411421616, -1.75221503014e-05, -0.00110437104013, -0.000714025576599], [4.33792010881e-05, -0.000776247994509, -0.0010688258335, 0.00104898097925, 0.000311909709126, -0.000832575839013, 0.00682260561734, -0.00342241232283, 0.000692921807058, 0.0013009068789, -0.0012777892407, 0.000960232166108, -7.95915548224e-05], [-0.000351102731656, 0.000693541718647, -0.000959918717854, -0.0028098761104, 0.00269450503401, -0.000236441381276, -0.00342241232283, 0.0121965175495, -0.00447457237169, 6.93837064318e-05, 0.00149661151227, -0.00232893158682, 0.000430416548625], [-8.74588731676e-05, 0.000160143652465, 0.000632203009445, 0.00010365156777, -0.00367500074208, 0.00129828986246, 0.000692921807058, -0.00447457237169, 0.0126360412687, -0.00435050670058, 0.00409260904416, 0.000773699372075, -0.00201153289527], [-8.47824412631e-05, -0.000176361383637, -0.000157845206559, 0.000867590773851, -0.00100961700082, -0.00171411421616, 0.0013009068789, 6.93837064318e-05, -0.00435050670058, 0.0127000287175, -0.00535537395626, 0.00390948308632, 0.00141996296588], [2.34593171626e-05, -0.000280993845081, -0.00102842459455, 0.000189841564861, -0.00107134401333, -1.75221503014e-05, -0.0012777892407, 0.00149661151227, 0.00409260904416, -0.00535537395626, 0.0153473475948, -0.00526325544342, 0.00436394661665], [6.82193494868e-05, -0.000129088468384, -0.000367691071006, -0.00104934861884, -0.000510085432325, -0.00110437104013, 0.000960232166108, -0.00232893158682, 0.000773699372075, 0.00390948308632, -0.00526325544342, 0.0105904266238, -0.00223873578943], [9.25762724364e-05, -6.53422057439e-06, -0.000532414240297, -0.000616445904598, -0.000219574576477, -0.000714025576599, -7.95915548224e-05, 0.000430416548625, -0.00201153289527, 0.00141996296588, 0.00436394661665, -0.00223873578943, 0.0102396281436]]}, "spectral_contrast_coeffs": {"dmean": [0.0497641600668, 0.0405683368444, 0.042434182018, 0.0372382253408, 0.0302214939147, 0.0216077826917], "dmean2": [0.0825293138623, 0.0653179213405, 0.0643196925521, 0.0552364401519, 0.0440825633705, 0.03207911551], "dvar": [0.00201073824428, 0.0015613612486, 0.00186777254567, 0.00128558673896, 0.0009865029715, 0.000485018856125], "dvar2": [0.00504121463746, 0.00356452888809, 0.00376786291599, 0.00256360764615, 0.00173940719105, 0.000960245088208], "max": [-0.317199319601, -0.491456896067, -0.485108971596, -0.391035079956, -0.547055006027, -0.611172735691], "mean": [-0.594187736511, -0.705438911915, -0.72482585907, -0.718753755093, -0.749886989594, -0.7536444664], "median": [-0.598757982254, -0.701342582703, -0.726427912712, -0.729654431343, -0.755271196365, -0.748535990715], "min": [-0.967602610588, -0.959681093693, -0.983940422535, -0.961224317551, -0.961035490036, -0.957788109779], "var": [0.00526668690145, 0.00459752138704, 0.00655231531709, 0.00819253921509, 0.00439254008234, 0.00202444638126]}, "spectral_contrast_valleys": {"dmean": [0.550114870071, 0.462884247303, 0.491852283478, 0.49496024847, 0.502278268337, 0.651140213013], "dmean2": [0.838001728058, 0.696517109871, 0.701490521431, 0.679142057896, 0.634324967861, 0.75669002533], "dvar": [0.274336665869, 0.32242244482, 0.365552395582, 0.428861141205, 0.378397613764, 0.518053531647], "dvar2": [0.529948949814, 0.624771893024, 0.612183272839, 0.714468002319, 0.616821110249, 0.895883381367], "max": [-5.76057291031, -4.22