{"lowlevel": {"average_loudness": 0.978139042854, "barkbands_crest": {"dmean": 2.42199897766, "dmean2": 4.07843542099, "dvar": 5.5315155983, "dvar2": 16.1196289062, "max": 23.453338623, "mean": 9.99687194824, "median": 9.47250843048, "min": 2.75601911545, "var": 11.4576559067}, "barkbands_flatness_db": {"dmean": 0.01744245179, "dmean2": 0.0256810039282, "dvar": 0.000263444148004, "dvar2": 0.000570293865167, "max": 0.543553948402, "mean": 0.116590768099, "median": 0.104739360511, "min": 0.0211536586285, "var": 0.00419103726745}, "barkbands_kurtosis": {"dmean": 2.52187800407, "dmean2": 3.78539323807, "dvar": 12.5601243973, "dvar2": 26.2203102112, "max": 142.780975342, "mean": 5.47226667404, "median": 3.63291025162, "min": -1.87463629246, "var": 55.300945282}, "barkbands_skewness": {"dmean": 0.437809288502, "dmean2": 0.660488247871, "dvar": 0.183247879148, "dvar2": 0.425027996302, "max": 9.5270614624, "mean": 1.94005167484, "median": 1.91447675228, "min": -2.2251996994, "var": 1.18378257751}, "barkbands_spread": {"dmean": 6.62637376785, "dmean2": 9.22509860992, "dvar": 53.4911117554, "dvar2": 102.492263794, "max": 105.685432434, "mean": 27.398891449, "median": 25.2294769287, "min": 0.813723266125, "var": 232.162689209}, "dissonance": {"dmean": 0.0172456968576, "dmean2": 0.0286663752049, "dvar": 0.000248190190177, "dvar2": 0.00066851923475, "max": 0.499999940395, "mean": 0.454994916916, "median": 0.464254170656, "min": 0.117918208241, "var": 0.00178695202339}, "dynamic_complexity": 1.46611750126, "erbbands_crest": {"dmean": 2.54895472527, "dmean2": 3.98976135254, "dvar": 6.36638498306, "dvar2": 15.2601890564, "max": 31.138710022, "mean": 9.76069736481, "median": 8.46548938751, "min": 2.09962582588, "var": 27.7455730438}, "erbbands_flatness_db": {"dmean": 0.014869408682, "dmean2": 0.0208350233734, "dvar": 0.0002037044178, "dvar2": 0.00039148281212, "max": 0.500687897205, "mean": 0.10877814889, "median": 0.0972792208195, "min": 0.0342841558158, "var": 0.00300036021508}, "erbbands_kurtosis": {"dmean": 0.784862577915, "dmean2": 1.17196631432, "dvar": 1.762155056, "dvar2": 3.58129525185, "max": 86.2665481567, "mean": 0.740652561188, "median": -0.4735891819, "min": -1.8756146431, "var": 32.0342483521}, "erbbands_skewness": {"dmean": 0.334458380938, "dmean2": 0.492970317602, "dvar": 0.101823486388, "dvar2": 0.213907152414, "max": 7.05607652664, "mean": 0.577493607998, "median": 0.528297245502, "min": -3.18099713326, "var": 0.644208312035}, "erbbands_spread": {"dmean": 9.60919475555, "dmean2": 13.7318868637, "dvar": 93.4788742065, "dvar2": 182.37940979, "max": 153.196716309, "mean": 57.5499610901, "median": 56.867855072, "min": 0.818089365959, "var": 576.317199707}, "hfc": {"dmean": 9.46740245819, "dmean2": 11.9671125412, "dvar": 114.249336243, "dvar2": 179.479949951, "max": 176.942962646, "mean": 38.9136619568, "median": 35.738822937, "min": 1.06538957073e-16, "var": 521.116149902}, "melbands_crest": {"dmean": 3.47004055977, "dmean2": 5.87074756622, "dvar": 10.4373121262, "dvar2": 32.0425834656, "max": 32.7770233154, "mean": 15.3873252869, "median": 14.9981708527, "min": 1.39552760124, "var": 24.7077484131}, "melbands_flatness_db": {"dmean": 0.0211950987577, "dmean2": 0.0310309752822, "dvar": 0.000407036190154, "dvar2": 0.000855707330629, "max": 0.667735815048, "mean": 0.203469976783, "median": 0.196928948164, "min": 0.0029094426427, "var": 0.00640727207065}, "melbands_kurtosis": {"dmean": 7.60886764526, "dmean2": 11.8215818405, "dvar": 106.605957031, "dvar2": 241.543319702, "max": 317.961303711, "mean": 20.7656650543, "median": 15.8515338898, "min": -1.36239945889, "var": 361.508331299}, "melbands_skewness": {"dmean": 0.691208839417, "dmean2": 1.0696605444, "dvar": 0.52234005928, "dvar2": 1.23280346394, "max": 13.900967598, "mean": 3.4329624176, "median": 3.35223412514, "min": -1.36333847046, "var": 2.56120824814}, "melbands_spread": {"dmean": 5.1488609314, "dmean2": 7.54732847214, "dvar": 48.6512336731, "dvar2": 100.522926331, "max": 159.786071777, "mean": 20.6392440796, "median": 16.4836788177, "min": 0.812413811684, "var": 399.048706055}, "pitch_salience": {"dmean": 0.0630647614598, "dmean2": 0.105109460652, "dvar": 0.00356758967973, "dvar2": 0.0100514190271, "max": 0.866222500801, "mean": 0.529802799225, "median": 0.519131183624, "min": 0.113679245114, "var": 0.0102727245539}, "silence_rate_20dB": {"dmean": 0, "dmean2": 0, "dvar": 0, "dvar2": 0, "max": 1, "mean": 1, "median": 1, "min": 1, "var": 0}, "silence_rate_30dB": {"dmean": 0, "dmean2": 0, "dvar": 0, "dvar2": 0, "max": 1, "mean": 1, "median": 1, "min": 1, "var": 0}, "silence_rate_60dB": {"dmean": 0.000864802510478, "dmean2": 0.00172985438257, "dvar": 0.000864067580551, "dvar2": 0.00172690150794, "max": 1, "mean": 0.035019453615, "median": 0, "min": 0, "var": 0.0337929464877}, "spectral_centroid": {"dmean": 218.890472412, "dmean2": 317.91293335, "dvar": 68064.453125, "dvar2": 127796.898438, "max": 11559.3017578, "mean": 1296.97131348, "median": 1124.75292969, "min": 167.45350647, "var": 1451665.625}, "spectral_complexity": {"dmean": 4.14096260071, "dmean2": 6.1628947258, "dvar": 20.5127696991, "dvar2": 39.6182823181, "max": 55, "mean": 20.6829509735, "median": 20, "min": 0, "var": 83.1538619995}, "spectral_decrease": {"dmean": 2.93227286896e-09, "dmean2": 4.98393504245e-09, "dvar": 1.13887856282e-17, "dvar2": 3.25320473448e-17, "max": 8.26154856895e-19, "mean": -1.25211432334e-08, "median": -1.25393020411e-08, "min": -3.56690073033e-08, "var": 2.43308741717e-17}, "spectral_energy": {"dmean": 0.0113211460412, "dmean2": 0.0191387273371, "dvar": 0.000166247875313, "dvar2": 0.000472414772958, "max": 0.138131558895, "mean": 0.0507872439921, "median": 0.0511771924794, "min": 9.91923244286e-21, "var": 0.000364606734365}, "spectral_energyband_high": {"dmean": 0.00094028894091, "dmean2": 0.00113413250074, "dvar": 1.6364339217e-06, "dvar2": 2.48153332905e-06, "max": 0.0200456157327, "mean": 0.00253285979852, "median": 0.00187103077769, "min": 6.88986681853e-21, "var": 6.52690459901e-06}, "spectral_energyband_low": {"dmean": 0.00889844074845, "dmean2": 0.0155508769676, "dvar": 0.000162604716024, "dvar2": 0.00048781366786, "max": 0.113780111074, "mean": 0.0228619482368, "median": 0.0201802495867, "min": 2.04997954447e-23, "var": 0.000243125599809}, "spectral_energyband_middle_high": {"dmean": 0.00145482097287, "dmean2": 0.00212821504101, "dvar": 3.86837746191e-06, "dvar2": 8.19163597043e-06, "max": 0.0389646030962, "mean": 0.00478038797155, "median": 0.00378817413002, "min": 1.22247510136e-21, "var": 1.6880550902e-05}, "spectral_energyband_middle_low": {"dmean": 0.00644330121577, "dmean2": 0.0102355629206, "dvar": 5.18111883139e-05, "dvar2": 0.00013373560796, "max": 0.0792148038745, "mean": 0.0225978400558, "median": 0.0210127551109, "min": 1.57132358052e-22, "var": 0.000153854824021}, "spectral_entropy": {"dmean": 0.156977832317, "dmean2": 0.206461846828, "dvar": 0.0245142821223, "dvar2": 0.0413016155362, "max": 9.81967926025, "mean": 7.74894285202, "median": 7.8460521698, "min": 3.58410286903, "var": 0.479118019342}, "spectral_flux": {"dmean": 0.0275636445731, "dmean2": 0.0420969203115, "dvar": 0.000846166571137, "dvar2": 0.00185480772052, "max": 0.304630100727, "mean": 0.102731861174, "median": 0.0975876152515, "min": 6.42047318089e-11, "var": 0.00224689743482}, "spectral_kurtosis": {"dmean": 1.10425424576, "dmean2": 1.68367707729, "dvar": 13.0880699158, "dvar2": 37.3760986328, "max": 204.042251587, "mean": 4.9016866684, "median": 2.47601079941, "min": -1.26061093807, "var": 229.086120605}, "spectral_rms": {"dmean": 0.000758323643822, "dmean2": 0.00126334419474, "dvar": 6.67806887122e-07, "dvar2": 1.8328880742e-06, "max": 0.0116087244824, "mean": 0.00682875374332, "median": 0.0070660430938, "min": 3.1108358077e-12, "var": 2.91687501885e-06}, "spectral_rolloff": {"dmean": 572.287719727, "dmean2": 907.00189209, "dvar": 1156255.125, "dvar2": 2352797.75, "max": 19789.0136719, "mean": 1562.41162109, "median": 624.462890625, "min": 64.599609375, "var": 7790519}, "spectral_skewness": {"dmean": 0.16550630331, "dmean2": 0.23692214489, "dvar": 0.0513008236885, "dvar2": 0.122810699046, "max": 11.8614196777, "mean": 1.56924843788, "median": 1.43358337879, "min": -0.0871466100216, "var": 1.19341909885}, "spectral_spread": {"dmean": 780548.5, "dmean2": 1034982.9375, "dvar": 763994177536, "dvar2": 1348010377220.0, "max": 42444264, "mean": 7383465.5, "median": 7098609, "min": 448643.875, "var": 16984260476900.0}, "spectral_strongpeak": {"dmean": 0.471406787634, "dmean2": 0.828487753868, "dvar": 0.491895616055, "dvar2": 1.29165506363, "max": 7.22052431107, "mean": 0.872966647148, "median": 0.581921339035, "min": 0, "var": 0.719188630581}, "zerocrossingrate": {"dmean": 0.0139540201053, "dmean2": 0.0159315392375, "dvar": 0.000189332786249, "dvar2": 0.000223851660849, "max": 0.52197265625, "mean": 0.0821211785078, "median": 0.07080078125, "min": 0.005859375, "var": 0.00457181315869}, "barkbands": {"dmean": [0.00149848929141, 0.00690969312564, 0.00278583355248, 0.00142148591112, 0.00352627993561, 0.00254077487625, 0.00104094762355, 0.00170072889887, 0.000782346702181, 0.000499705085531, 0.000323660380673, 0.000301458785543, 0.000277669838397, 0.000273995683528, 0.000317458878271, 0.000208717334317, 0.000224766830797, 0.000206156430067, 0.00012963503832, 0.000151661486598, 0.000138439194416, 0.000167920137756, 0.000219171546632, 0.000231947749853, 0.000182023330126, 0.000126347891637, 6.44627289148e-05], "dmean2": [0.00259266421199, 0.0122005166486, 0.00461634853855, 0.0023448462598, 0.00580936670303, 0.00403268821537, 0.00164584734011, 0.00262719974853, 0.00117724470329, 0.000724874960724, 0.000484423624584, 0.000472138257464, 0.000456549314549, 0.000436546048149, 0.000514767598361, 0.000323633954395, 0.000355899537681, 0.00032445328543, 0.000203136223718, 0.000242346577579, 0.000201696209842, 0.000234835024457, 0.000300239538774, 0.00031141625368, 0.000244066235609, 0.000182281830348, 9.13816693355e-05], "dvar": [7.08418792783e-06, 0.00014276636648, 1.10917198981e-05, 4.80632570543e-06, 2.87564416794e-05, 1.42381313708e-05, 4.27675740866e-06, 9.96143353404e-06, 2.86305385089e-06, 1.61659079367e-06, 7.26617145119e-07, 6.73319561884e-07, 3.0240150295e-07, 1.74889208893e-07, 2.80147730791e-07, 1.26323655536e-07, 1.16105887571e-07, 8.56630748558e-08, 2.67781352647e-08, 4.21194172873e-08, 4.80039226147e-08, 7.36798142498e-08, 1.60819354278e-07, 1.5518253349e-07, 5.62190223263e-08, 2.19735163398e-08, 5.9518692197e-09], "dvar2": [2.0532110284e-05, 0.000427397317253, 3.03640044876e-05, 1.15599741548e-05, 7.49558021198e-05, 3.71142778022e-05, 9.86780923995e-06, 2.16614807869e-05, 6.25349412076e-06, 3.30497937284e-06, 1.66856489159e-06, 1.55101884047e-06, 7.45397414903e-07, 4.13609853922e-07, 7.15887949809e-07, 2.83165348947e-07, 2.89318080604e-07, 2.00685917662e-07, 6.27901073358e-08, 9.71113252035e-08, 9.84358479172e-08, 1.35826709879e-07, 2.89003878606e-07, 2.86224235424e-07, 1.07028590435e-07, 5.07271131767e-08, 1.37702143022e-08], "max": [0.0255854129791, 0.101635463536, 0.0434513986111, 0.0458039529622, 0.0683711022139, 0.0581511892378, 0.0436988323927, 0.0396074131131, 0.0355674028397, 0.0311369374394, 0.0209065526724, 0.0172991324216, 0.0180575121194, 0.00836583413184, 0.00953928939998, 0.00779872434214, 0.00491998717189, 0.00480704009533, 0.0033904761076, 0.002933943877, 0.00346939382143, 0.00385679444298, 0.00693566678092, 0.00762572651729, 0.00411705626175, 0.00173253961839, 0.00076550943777], "mean": [0.00212170300074, 0.0121665298939, 0.0067084543407, 0.0032700994052, 0.00688413018361, 0.00590337393805, 0.00187131681014, 0.0028653901536, 0.00155146350153, 0.000870143237989, 0.000511027348693, 0.000455834378954, 0.000414827431086, 0.000492126331665, 0.000525439798366, 0.000373778806534, 0.00040922727203, 0.00040909438394, 0.000275344005786, 0.000313602708047, 0.000292499462375, 0.000365403247997, 0.00047265648027, 0.000534199702088, 0.000412984518334, 0.000219081804971, 9.75389630185e-05], "median": [0.000896438839845, 0.0085621913895, 0.00497596431524, 0.0013712347718, 0.00391096435487, 0.00339479884133, 0.000892081763595, 0.000907880952582, 0.000322767475154, 0.00019380885351, 0.000161450632731, 0.000140576215927, 0.000139124400448, 0.000294197292533, 0.000241683213972, 0.000200408772798, 0.000234031336731, 0.000257970852545, 0.000205107993679, 0.000216319429455, 0.000174492932274, 0.000195443310076, 0.000255490187556, 0.000363062485121, 0.000311925308779, 0.000172728730831, 7.07418366801e-05], "min": [8.44150489739e-25, 2.70883633028e-24, 1.55055659631e-24, 9.5561801476e-25, 1.04709389146e-23, 7.9703610744e-24, 7.00153023112e-24, 1.2038514396e-23, 1.34590351607e-23, 1.8757888014e-23, 1.41464375095e-23, 2.60728295274e-23, 3.76762902896e-23, 3.46016291809e-23, 3.49415525004e-23, 5.07360813685e-23, 7.1157323622e-23, 9.06571952708e-23, 1.13948976141e-22, 1.67711411931e-22, 1.93606332814e-22, 3.13624034831e-22, 4.15129430701e-22, 6.28001640087e-22, 8.87302567283e-22, 1.27838057562e-21, 2.04849966034e-21], "var": [9.4144124887e-06, 0.000171258114278, 3.54032854375e-05, 2.48085161729e-05, 6.44440879114e-05, 4.85745367769e-05, 9.28575991566e-06, 2.22560756811e-05, 1.09161283035e-05, 4.65569928565e-06, 1.62356923283e-06, 1.266723757e-06, 6.0162022919e-07, 3.56917979616e-07, 5.37291327873e-07, 2.81712857486e-07, 2.55170249375e-07, 2.1265043415e-07, 6.65843700176e-08, 9.03979326949e-08, 1.17985152315e-07, 2.10173340065e-07, 4.72415109698e-07, 4.62710431748e-07, 1.72117594843e-07, 4.39371206085e-08, 1.08704094615e-08]}, "erbbands": {"dmean": [0.306221604347, 1.27652275562, 3.03428816795, 3.83913564682, 7.45059537888, 12.5619840622, 21.4328365326, 20.2939300537, 14.3228445053, 24.6885509491, 32.5402030945, 18.8818206787, 11.890745163, 17.1456604004, 12.3576011658, 11.7581090927, 12.9355201721, 12.7042779922, 16.3863220215, 11.5726118088, 11.8163928986, 10.0454673767, 11.800904274, 6.82618951797, 6.51168680191, 7.30141782761, 5.95783376694, 5.41322422028, 5.71266078949, 6.37133979797, 6.36092710495, 5.92142534256, 3.51017570496, 2.21711802483, 1.21446979046, 0.61665391922, 0.230516329408, 0.0561936758459, 0.0114091094583, 0.000692429603077], "dmean2": [0.536383986473, 2.23807263374, 5.07954120636, 6.203353405, 12.8116321564, 20.6173973083, 33.5823554993, 32.8311805725, 22.6614246368, 38.3290367126, 49.7787780762, 28.4082164764, 17.7465305328, 24.4304199219, 18.5523033142, 18.3657169342, 21.4341869354, 20.2324714661, 26.393951416, 18.3517150879, 18.3609714508, 15.6962146759, 18.4939537048, 10.7255306244, 10.1661214828, 11.6895418167, 9.07038211823, 7.79289340973, 8.11372852325, 8.78534603119, 8.7531414032, 8.16250133514, 4.6938958168, 3.01155114174, 1.6988799572, 0.904581189156, 0.332545369864, 0.0799694806337, 0.0163970142603, 0.00100115279201], "dvar": [0.249860346317, 5.7220864296, 14.9815387726, 32.9508590698, 181.035354614, 450.389129639, 1185.07421875, 1120.78234863, 630.567504883, 2157.31762695, 4614.00927734, 1645.83300781, 884.527648926, 2656.64428711, 991.523498535, 999.332397461, 603.16394043, 437.470611572, 827.431152344, 387.370483398, 364.264221191, 221.451721191, 295.831512451, 69.3664627075, 75.4192352295, 98.1340026855, 77.3976669312, 86.9058532715, 87.7049484253, 114.116317749, 138.713272095, 112.437309265, 31.0801792145, 9.13854312897, 2.66035914421, 0.578542172909, 0.0687441825867, 0.00417610676959, 0.000202830706257, 8.23281880002e-07], "dvar2": [0.780562877655, 16.4324092865, 40.5810928345, 78.354888916, 504.801635742, 1147.05236816, 2720.29516602, 3032.10839844, 1459.16308594, 4741.22949219, 10133.3876953, 3425.47143555, 1914.13879395, 5465.08300781, 2186.81469727, 2269.9675293, 1566.61279297, 1027.11083984, 2182.03759766, 909.767333984, 836.422302246, 538.061035156, 681.841796875, 162.864532471, 180.096191406, 226.90586853, 165.703170776, 178.039810181, 171.752456665, 212.824676514, 246.505447388, 214.855285645, 56.881942749, 17.2295589447, 5.5302233696, 1.34102785587, 0.16139498353, 0.00963805709034, 0.000469739345135, 1.95857683138e-06], "max": [3.7464222908, 23.9264793396, 38.5533103943, 138.002655029, 158.440429688, 319.979919434, 645.11126709, 680.893371582, 695.854370117, 790.604858398, 1076.17041016, 1041.27148438, 811.133789062, 1368.08300781, 1019.68560791, 778.580993652, 517.299560547, 492.308685303, 600.483276367, 418.439300537, 392.211547852, 228.548339844, 298.322235107, 169.215988159, 170.998382568, 158.209457397, 132.039855957, 141.797393799, 165.141204834, 147.999099731, 215.715393066, 219.99180603, 139.120483398, 61.2965888977, 27.6361198425, 10.8720684052, 2.54528522491, 0.77388125658, 0.140283852816, 0.00934439804405], "mean": [0.450748354197, 2.36421990395, 7.43516683578, 10.5487451553, 11.7573709488, 24.2977466583, 48.7879524231, 43.3033485413, 30.2737674713, 43.6309318542, 55.4293441772, 39.1216888428, 24.2998657227, 29.6991844177, 21.9428443909, 19.3966693878, 20.4185180664, 24.8023662567, 28.5879669189, 22.0213603973, 23.301525116, 20.189661026, 24.5294933319, 15.5006790161, 14.3066320419, 15.0819263458, 12.3510770798, 11.2986698151, 12.0359945297, 13.7353553772, 13.6805295944, 12.9773864746, 7.91837358475, 5.00186300278, 2.54388356209, 1.08564853668, 0.38679510355, 0.0902431979775, 0.0169966612011, 0.0010713726515], "median": [0.209144502878, 1.77587759495, 5.06648492813, 5.96047782898, 7.56917524338, 11.2742891312, 22.4615650177, 21.4703464508, 15.3046512604, 17.8903865814, 18.7035865784, 9.79154968262, 7.19005155563, 6.88356018066, 8.1235294342, 6.85855102539, 7.56437063217, 15.2337608337, 15.3281612396, 12.0492181778, 13.9695634842, 12.6528434753, 15.714969635, 12.2984514236, 10.2878522873, 10.4741830826, 7.92807292938, 6.22012805939, 6.22315120697, 7.2401804924, 7.48204612732, 8.3558473587, 5.39121961594, 3.56214952469, 1.97589719296, 0.840133011341, 0.304739534855, 0.0680166184902, 0.0119930747896, 0.000763886258937], "min": [1.06934778381e-22, 5.55197275869e-22, 3.51911066914e-21, 8.05558159809e-21, 1.31559667538e-20, 2.51098704409e-20, 5.35320337795e-20, 7.15346310724e-20, 8.54961538049e-20, 1.77425937468e-19, 3.59720013788e-19, 3.64720992675e-19, 5.66751637184e-19, 8.9931065857e-19, 7.74165366324e-19, 1.45855072031e-18, 1.88817126987e-18, 2.22456163676e-18, 2.39046904542e-18, 3.25018701416e-18, 3.14275858647e-18, 5.44863000949e-18, 5.68234244694e-18, 5.72118353978e-18, 7.87856942541e-18, 8.50794385654e-18, 6.47373591747e-18, 8.21873173589e-18, 9.53776552119e-18, 9.2407390253e-18, 1.16528895085e-17, 1.12854484358e-17, 9.60351810808e-18, 7.63279834899e-18, 6.30758717886e-18, 4.18438163693e-18, 2.24213074617e-18, 9.65866231042e-19, 2.7324275269e-19, 2.85084728501e-20], "var": [0.326899200678, 6.31730651855, 44.2447776794, 182.064086914, 195.701202393, 1136.0279541, 4941.92236328, 3175.59350586, 1824.08117676, 4951.00634766, 9301.05761719, 6842.78125, 3844.67260742, 6743.16064453, 2390.36376953, 2121.38818359, 1158.14465332, 987.376159668, 1567.34240723, 815.484436035, 890.933105469, 500.805084229, 740.399536133, 171.748336792, 190.990905762, 209.964508057, 176.176452637, 211.15184021, 237.68812561, 314.125549316, 407.741821289, 327.606750488, 89.6811065674, 27.8102931976, 6.6629743576, 1.13206756115, 0.137865439057, 0.00814162287861, 0.000346153072314, 1.30063631332e-06]}, "gfcc": {"mean": [42.8596191406, 57.5169944763, -69.5450057983, 29.3892402649, -49.5067329407, 9.33198547363, -40.9069671631, 7.74026060104, -17.3972949982, 5.37634992599, -12.1271085739, 0.433231711388, -11.8535041809], "cov": [[31932.3300781, -381.20211792, -1681.68896484, 749.297424316, -1096.12756348, 527.438110352, -789.622253418, 460.409942627, -234.195007324, 175.523712158, -307.321990967, 99.770866394, -301.468322754], [-381.20211792, 1370.796875, -66.0664138794, -74.1110305786, 92.228515625, -197.976287842, 5.86669635773, -80.798248291, -53.6511192322, -45.1836585999, 57.1175460815, -29.6867141724, 27.0702114105], [-1681.68896484, -66.0664138794, 459.295837402, -4.86057472229, 102.796447754, -36.7652549744, 18.232257843, -58.4717445374, 21.6193256378, 12.079451561, 31.0954780579, -8.81967067719, 26.9595031738], [749.297424316, -74.1110305786, -4.86057472229, 284.721466064, -23.5958900452, 24.1293582916, -80.7854003906, -14.1270828247, 2.21890044212, 22.4399700165, -22.0278759003, 27.4227981567, 11.1346063614], [-1096.12756348, 92.228515625, 102.796447754, -23.5958900452, 254.669998169, -17.0281333923, 53.7648925781, 32.5615501404, 45.3474578857, 19.7379016876, 36.6976356506, 10.9698324203, 22.8884849548], [527.438110352, -197.976287842, -36.7652549744, 24.1293582916, -17.0281333923, 181.301208496, 69.086227417, 52.1363983154, -4.85625886917, 18.7762622833, -10.1919794083, 5.76852750778, -22.3483467102], [-789.622253418, 5.86669635773, 18.232257843, -80.7854003906, 53.7648925781, 69.086227417, 212.331817627, 91.9663391113, 5.41657590866, -14.8715257645, 7.65093851089, -19.7132892609, -20.591835022], [460.409942627, -80.798248291, -58.4717445374, -14.1270828247, 32.5615501404, 52.1363983154, 91.9663391113, 189.975982666, 76.9779129028, 18.5247974396, -10.7533454895, -2.67313289642, -21.0767555237], [-234.195007324, -53.6511192322, 21.6193256378, 2.21890044212, 45.3474578857, -4.85625886917, 5.41657590866, 76.9779129028, 119.213027954, 53.2045249939, 10.92415905, 0.272010743618, 4.27930212021], [175.523712158, -45.1836585999, 12.079451561, 22.4399700165, 19.7379016876, 18.7762622833, -14.8715257645, 18.5247974396, 53.2045249939, 95.2782974243, 41.5735168457, 16.1383724213, -8.88136768341], [-307.321990967, 57.1175460815, 31.0954780579, -22.0278759003, 36.6976356506, -10.1919794083, 7.65093851089, -10.7533454895, 10.92415905, 41.5735168457, 88.6072235107, 43.5039024353, 15.3933334351], [99.770866394, -29.6867141724, -8.81967067719, 27.4227981567, 10.9698324203, 5.76852750778, -19.7132892609, -2.67313289642, 0.272010743618, 16.1383724213, 43.5039024353, 87.501335144, 40.0783348083], [-301.468322754, 27.0702114105, 26.9595031738, 11.1346063614, 22.8884849548, -22.3483467102, -20.591835022, -21.0767555237, 4.27930212021, -8.88136768341, 15.3933334351, 40.0783348083, 74.8605880737]], "icov": [[6.91679451847e-05, -4.57666938019e-05, 9.06882632989e-05, -3.47106069967e-05, 0.000150140826008, -0.000181770854397, 0.000434541900177, -0.000475308741443, 0.000422825600253, -0.000261637847871, 0.000135710070026, -6.68248248985e-05, 0.00010579409718], [-4.57666938019e-05, 0.00108925928362, 0.000408394698752, -0.000120638193039, -0.000499024405144, 0.00127799273469, -0.000670187757351, 0.000507348857354, 0.000224257542868, 0.000400650984375, -0.00123799254652, 0.00112655002158, -0.000528575736098], [9.06882632989e-05, 0.000408394698752, 0.00311930687167, -0.000421641481807, -0.000843929185066, 0.000423441582825, -0.000454044929938, 0.00120603665709, -0.000461195857497, -8.79668441485e-05, -0.000999735784717, 0.00135026627686, -0.000745405151974], [-3.47106069967e-05, -0.000120638193039, -0.000421641481807, 0.00464595202357, -0.000144547229866, -0.00094809680013, 0.00165485427715, -0.000150078296429, 0.000386648142012, -0.00163486949168, 0.00281904940493, -0.00208873022348, -0.000138722578413], [0.000150140826008, -0.000499024405144, -0.000843929185066, -0.000144547229866, 0.00567017821595, -0.000161693096743, -0.000258946238318, -0.00150856468827, -0.000551968289074, -0.000664840976242, -0.000755777582526, -0.000264448142843, -0.00091771222651], [-0.000181770854397, 0.00127799273469, 0.000423441582825, -0.00094809680013, -0.000161693096743, 0.00991729646921, -0.00483606709167, 0.000355943891918, 0.00185643404257, -0.00312343239784, 0.00154050963465, -0.00109542510472, 0.000367437780369], [0.000434541900177, -0.000670187757351, -0.000454044929938, 0.00165485427715, -0.000258946238318, -0.00483606709167, 0.0124885514379, -0.0081131644547, 0.00486522074789, 0.00109656271525, -0.00233595748432, 0.00217903847806, 0.000861793814693], [-0.000475308741443, 0.000507348857354, 0.00120603665709, -0.000150078296429, -0.00150856468827, 0.000355943891918, -0.0081131644547, 0.0160234700888, -0.0122226933017, 0.00374293304048, 0.00162634521257, -0.00301513262093, 0.00276016118005], [0.000422825600253, 0.000224257542868, -0.000461195857497, 0.000386648142012, -0.000551968289074, 0.00185643404257, 0.00486522074789, -0.0122226933017, 0.0229714103043, -0.0127245793119, 0.00244603306055, 0.00333610107191, -0.00476157013327], [-0.000261637847871, 0.000400650984375, -8.79668441485e-05, -0.00163486949168, -0.000664840976242, -0.00312343239784, 0.00109656271525, 0.00374293304048, -0.0127245793119, 0.0247793029994, -0.0126940794289, 0.000834654492792, 0.00553316203877], [0.000135710070026, -0.00123799254652, -0.000999735784717, 0.00281904940493, -0.000755777582526, 0.00154050963465, -0.00233595748432, 0.00162634521257, 0.00244603306055, -0.0126940794289, 0.0265795886517, -0.0136814657599, 0.00165460945573], [-6.68248248985e-05, 0.00112655002158, 0.00135026627686, -0.00208873022348, -0.000264448142843, -0.00109542510472, 0.00217903847806, -0.00301513262093, 0.00333610107191, 0.000834654492792, -0.0136814657599, 0.0254248827696, -0.0122379576787], [0.00010579409718, -0.000528575736098, -0.000745405151974, -0.000138722578413, -0.00091771222651, 0.000367437780369, 0.000861793814693, 0.00276016118005, -0.00476157013327, 0.00553316203877, 0.00165460945573, -0.0122379576787, 0.0228091403842]]}, "melbands": {"dmean": [0.00223732250743, 0.00146464782301, 0.000685430888552, 0.00071660062531, 0.000711288943421, 0.000449598912382, 0.000220240763156, 0.000298606610158, 0.000251050369116, 0.000110264474642, 5.94083139731e-05, 7.12787223165e-05, 4.21820695919e-05, 3.62413593393e-05, 2.9271330277e-05, 2.70706823358e-05, 2.53053312917e-05, 2.75797956419e-05, 1.98598936549e-05, 1.53585333464e-05, 1.54579392984e-05, 1.17168228826e-05, 1.25674523588e-05, 1.03261882032e-05, 5.76058710067e-06, 5.25588211531e-06, 5.48069237993e-06, 4.90388310936e-06, 4.2982933337e-06, 3.42064436154e-06, 3.40827546097e-06, 3.5680725432e-06, 3.42186785929e-06, 3.82121561415e-06, 3.72137878912e-06, 4.21170625486e-06, 3.75982881451e-06, 2.73598175227e-06, 2.16008652387e-06, 1.9998794869e-06], "dmean2": [0.00396310631186, 0.00249202572741, 0.00113065249752, 0.00121108291205, 0.0011156683322, 0.000725039979443, 0.000348325673258, 0.00046438848949, 0.000382987462217, 0.000166694211657, 8.86887282832e-05, 0.000101596611785, 6.32150331512e-05, 5.585033432e-05, 4.71374514746e-05, 4.48229766334e-05, 4.01881989092e-05, 4.46928606834e-05, 3.19747850881e-05, 2.4261586077e-05, 2.43581580435e-05, 1.87657460629e-05, 1.95139291463e-05, 1.62918131537e-05, 9.18480418477e-06, 8.28323391033e-06, 8.75859313965e-06, 7.92251012172e-06, 6.76419404044e-06, 5.11178086526e-06, 5.05016987518e-06, 5.31417254024e-06, 4.88819432576e-06, 5.42418274563e-06, 5.19544801136e-06, 6.10344932284e-06, 5.33299225935e-06, 3.78961135539e-06, 3.05275807477e-06, 2.82644623439e-06], "dvar": [1.39525036502e-05, 4.54134305983e-06, 8.82237770838e-07, 1.4547539422e-06, 1.20141805837e-06, 4.97677547173e-07, 1.55059268536e-07, 2.98949402122e-07, 2.74279017276e-07, 5.87979940292e-08, 2.29520260575e-08, 4.62510776345e-08, 1.15121219224e-08, 1.0063498479e-08, 6.38332409153e-09, 2.71148259401e-09, 1.73688330385e-09, 2.2225246088e-09, 1.21410848042e-09, 7.63951624183e-10, 6.66588506615e-10, 3.29982957625e-10, 4.33337726813e-10, 2.15042886276e-10, 5.35455707551e-11, 5.07156816543e-11, 5.37428469782e-11, 4.94409096996e-11, 3.82958005585e-11, 3.20510458451e-11, 3.57437031362e-11, 3.4520927783e-11, 3.22534915442e-11, 4.28073791692e-11, 4.5961630335e-11, 6.5837550689e-11, 4.56683441064e-11, 1.79615263635e-11, 1.19427549447e-11, 7.266363726e-12], "dvar2": [4.28062267019e-05, 1.26632603497e-05, 2.25165490519e-06, 3.92368156099e-06, 2.8356726034e-06, 1.34170284127e-06, 3.59060976507e-07, 6.50775348277e-07, 5.99649183641e-07, 1.25158237552e-07, 4.90980838208e-08, 9.44013862636e-08, 2.62508415005e-08, 2.34866792681e-08, 1.64733009456e-08, 6.93674673258e-09, 4.10410860852e-09, 5.76900172078e-09, 2.92052848572e-09, 1.73090031197e-09, 1.54688750698e-09, 8.31521906886e-10, 9.928414757e-10, 5.07868191946e-10, 1.28975705116e-10, 1.20927629021e-10, 1.30269933729e-10, 1.17985024528e-10, 9.02194013941e-11, 6.91057835955e-11, 7.54640377965e-11, 7.38705346892e-11, 6.35663605086e-11, 8.42604597207e-11, 8.50805398356e-11, 1.2700435148e-10, 9.4288785113e-11, 3.40558692358e-11, 2.42241279119e-11, 1.48494445906e-11], "max": [0.0293288584799, 0.0212445184588, 0.0191666092724, 0.0151048554108, 0.0188197959214, 0.0133362002671, 0.0104227280244, 0.00870907865465, 0.00870157778263, 0.00568885402754, 0.00399396615103, 0.00535683287308, 0.0033377353102, 0.00253969756886, 0.00313405971974, 0.00208597723395, 0.000965209852438, 0.000985416350886, 0.000543754489627, 0.000646403292194, 0.000568000425119, 0.000277583923889, 0.000385522434954, 0.000289133633487, 0.000161026822752, 0.000160054754815, 0.000110362787382, 0.000105632359919, 8.33540252643e-05, 0.00010617805674, 0.000100732489955, 9.8054188129e-05, 8.55128455441e-05, 8.93558608368e-05, 0.00013170792954, 0.000180194198037, 0.000146481237607, 8.43743182486e-05, 8.79269646248e-05, 5.122751827e-05], "mean": [0.00370562053286, 0.00365187576972, 0.0017999393167, 0.00123302277643, 0.00161623535678, 0.00098646664992, 0.000452287058579, 0.000519320194144, 0.000438131159171, 0.000222033660975, 0.000114200018288, 0.000120069154946, 7.11570464773e-05, 5.70186020923e-05, 4.41804586444e-05, 4.28419662057e-05, 4.6381894208e-05, 4.61150630144e-05, 3.32694908138e-05, 2.68377552857e-05, 2.82342680293e-05, 2.08231340366e-05, 2.2822739993e-05, 2.01246439246e-05, 1.15458287837e-05, 1.03673764897e-05, 1.08916583486e-05, 9.42301721807e-06, 8.00376528787e-06, 6.67535823595e-06, 6.51097980153e-06, 6.88467662258e-06, 6.92477760822e-06, 7.79205402068e-06, 7.57286079534e-06, 8.42186182126e-06, 7.73645933805e-06, 5.83686005484e-06, 4.40784151579e-06, 4.23051687903e-06], "median": [0.00222619948909, 0.0029981834814, 0.00121379294433, 0.000630955968518, 0.000833337777294, 0.000530119985342, 0.000218715576921, 0.000197589804884, 0.000132232788019, 4.84384618176e-05, 2.84363432002e-05, 2.45842984441e-05, 2.50276189036e-05, 1.97005101654e-05, 1.39215280797e-05, 1.75208933797e-05, 2.62917110376e-05, 2.40790177486e-05, 1.69801969605e-05, 1.33238972921e-05, 1.60214476637e-05, 1.20680069813e-05, 1.26971617647e-05, 1.26200211525e-05, 8.76718604559e-06, 7.16827071301e-06, 7.41566327633e-06, 6.20366336079e-06, 5.09425808559e-06, 3.70820680473e-06, 3.31143201038e-06, 3.49100969288e-06, 3.57391036232e-06, 4.03850617658e-06, 3.96165023631e-06, 4.78933816339e-06, 4.97254677612e-06, 3.89454407923e-06, 2.74768308373e-06, 3.02198282043e-06], "min": [1.6212474081e-24, 2.627259238e-24, 1.57511679452e-24, 1.25059184267e-24, 1.97805728136e-24, 1.35174205313e-24, 1.2166378888e-24, 2.56081407559e-24, 2.22167468662e-24, 1.85479579277e-24, 2.37820539781e-24, 3.23029291294e-24, 2.41849804627e-24, 1.92535151213e-24, 2.43036251428e-24, 2.76154683268e-24, 3.88670624154e-24, 3.14035507835e-24, 3.208036583e-24, 3.98206690321e-24, 2.95290299182e-24, 4.69906021338e-24, 4.83650936535e-24, 4.43728145515e-24, 4.1185098631e-24, 4.50457089593e-24, 4.57323058811e-24, 5.04058531495e-24, 2.80355584525e-24, 4.12508146887e-24, 4.87399564114e-24, 3.88568032793e-24, 5.17843678599e-24, 4.91069936691e-24, 6.32100438288e-24, 4.77698192145e-24, 6.27916438376e-24, 5.80575396618e-24, 5.85697076045e-24, 5.66299499145e-24], "var": [1.78861228051e-05, 8.47506635182e-06, 3.65159598914e-06, 2.61561945081e-06, 4.44101851826e-06, 1.46930619849e-06, 4.31600540196e-07, 7.20162518064e-07, 5.84490805977e-07, 2.32342344475e-07, 9.60596580057e-08, 1.18935084004e-07, 2.63367230247e-08, 1.7919166595e-08, 1.30903261564e-08, 5.20865484077e-09, 3.7581524559e-09, 4.1568557485e-09, 2.15357265354e-09, 1.5286222288e-09, 1.53090884414e-09, 6.47101594531e-10, 9.05276298369e-10, 5.2753834634e-10, 1.10701885159e-10, 1.19050297398e-10, 1.2047006448e-10, 9.44909012146e-11, 7.41801689519e-11, 7.15444162247e-11, 8.02428193336e-11, 8.2286150116e-11, 8.14743064681e-11, 1.0770536546e-10, 1.23395418883e-10, 1.81843803904e-10, 1.15553136504e-10, 4.91312476814e-11, 2.91179476364e-11, 1.97976721822e-11]}, "mfcc": {"mean": [-605.310546875, 98.5265731812, 31.7135639191, 24.8877277374, 16.034860611, 3.68581080437, -3.87863135338, -0.337581962347, -3.03419661522, 4.72397184372, 0.676822960377, 1.44409751892, -0.0258016251028], "cov": [[11137.1357422, 28.3136539459, -81.1215286255, 45.0847549438, 62.5051879883, 38.7882041931, -34.6988182068, 191.189788818, 121.430435181, 192.862838745, 124.205886841, 149.93901062, 4.14470005035], [28.3136539459, 1113.90209961, -44.2242164612, 99.0637664795, 54.3966789246, -54.8309059143, 46.164516449, -6.48987960815, -56.155330658, -1.4704105854, 4.66030216217, -32.4116516113, 26.9295482635], [-81.1215286255, -44.2242164612, 351.073028564, 47.094543457, 18.2720317841, 39.9769325256, -20.6096000671, -53.6066436768, -22.2043972015, -24.1767120361, -30.1119117737, -6.02596187592, -8.43018054962], [45.0847549438, 99.0637664795, 47.094543457, 226.29385376, 92.1440811157, 7.08379936218, -40.8192367554, -17.1514625549, -6.51189756393, 0.272510409355, -18.4872303009, -11.2520685196, 18.5625457764], [62.5051879883, 54.3966789246, 18.2720317841, 92.1440811157, 186.43132019, 16.4869117737, -40.5785255432, -26.9613838196, 8.9349527359, 10.4412374496, -2.89735722542, 13.1322641373, 17.1022968292], [38.7882041931, -54.8309059143, 39.9769325256, 7.08379936218, 16.4869117737, 122.883392334, 36.0816612244, -18.8682918549, -19.2143554688, -14.6765995026, -6.87105417252, -1.24441719055, 3.17979812622], [-34.6988182068, 46.164516449, -20.6096000671, -40.8192367554, -40.5785255432, 36.0816612244, 152.694885254, 66.1347732544, 10.348033905, 12.378780365, 25.1061115265, 9.49584197998, -3.89254426956], [191.189788818, -6.48987960815, -53.6066436768, -17.1514625549, -26.9613838196, -18.8682918549, 66.1347732544, 124.346435547, 59.2578353882, 27.5181617737, 24.4166545868, 13.1792955399, -0.544790327549], [121.430435181, -56.155330658, -22.2043972015, -6.51189756393, 8.9349527359, -19.2143554688, 10.348033905, 59.2578353882, 103.593200684, 61.7054862976, 24.0743541718, 14.0484962463, -4.11602830887], [192.862838745, -1.4704105854, -24.1767120361, 0.272510409355, 10.4412374496, -14.6765995026, 12.378780365, 27.5181617737, 61.7054862976, 104.514709473, 55.6423377991, 20.3161678314, 2.19712114334], [124.205886841, 4.66030216217, -30.1119117737, -18.4872303009, -2.89735722542, -6.87105417252, 25.1061115265, 24.4166545868, 24.0743541718, 55.6423377991, 89.3231811523, 52.0804214478, 9.11255264282], [149.93901062, -32.4116516113, -6.02596187592, -11.2520685196, 13.1322641373, -1.24441719055, 9.49584197998, 13.1792955399, 14.0484962463, 20.3161678314, 52.0804214478, 88.8426437378, 33.4651565552], [4.14470005035, 26.9295482635, -8.43018054962, 18.5625457764, 17.1022968292, 3.17979812622, -3.89254426956, -0.544790327549, -4.11602830887, 2.19712114334, 9.11255264282, 33.4651565552, 70.8370132446]], "icov": [[0.000101234138128, -2.41443758568e-05, 6.03827356827e-06, -5.90165356584e-08, 2.71630892712e-06, -0.000159840521519, 0.000211277438211, -0.000308880698867, 0.000169787730556, -0.000279329629848, 0.000138485542266, -0.000256092200289, 0.000141442011227], [-2.41443758568e-05, 0.0011404347606, 9.44303974393e-05, -0.000442217249656, -0.000427419843618, 0.00101322331466, -0.000974321272224, 0.000280726206256, 0.000804037146736, -7.75099324528e-05, -0.000491853745189, 0.000968499225564, -0.000643835868686], [6.03827356827e-06, 9.44303974393e-05, 0.00333129917271, -0.000807739677839, 0.000296181009617, -0.000758973008487, -0.000254647311522, 0.0014778773766, -0.00042835084605, 0.000102225203591, 0.00113096390851, -0.00103654165287, 0.00084793852875], [-5.90165356584e-08, -0.000442217249656, -0.000807739677839, 0.00632531940937, -0.00269879749976, -0.000503562914673, 0.00157660187688, -0.00155495887157, 0.00105947675183, -0.000975244911388, 0.000657539931126, 0.0012427305337, -0.00141655048355], [2.71630892712e-06, -0.000427419843618, 0.000296181009617, -0.00269879749976, 0.00774933444336, -0.0016875739675, 0.00141016498674, 0.00149362243246, -0.00200532376766, -0.000392856833059, 0.000917153491173, -0.0021516061388, -7.26522875993e-06], [-0.000159840521519, 0.00101322331466, -0.000758973008487, -0.000503562914673, -0.0016875739675, 0.0115932188928, -0.00557701708749, 0.00376260979101, 0.000235330255236, 0.00146634003613, -0.000456819572719, 0.00137705472298, -0.00134829711169], [0.000211277438211, -0.000974321272224, -0.000254647311522, 0.00157660187688, 0.00141016498674, -0.00557701708749, 0.0128040565178, -0.00842787045985, 0.00319396331906, -0.00192529812921, -0.000927448039874, -0.000933575793169, 0.00126890989486], [-0.000308880698867, 0.000280726206256, 0.0014778773766, -0.00155495887157, 0.00149362243246, 0.00376260979101, -0.00842787045985, 0.0190153513104, -0.0114559233189, 0.00523634953424, -0.00255396403372, 0.00105928606354, -0.00135163625237], [0.000169787730556, 0.000804037146736, -0.00042835084605, 0.00105947675183, -0.00200532376766, 0.000235330255236, 0.00319396331906, -0.0114559233189, 0.0240021366626, -0.0143812103197, 0.00612707203254, -0.00327715277672, 0.00251751253381], [-0.000279329629848, -7.75099324528e-05, 0.000102225203591, -0.000975244911388, -0.000392856833059, 0.00146634003613, -0.00192529812921, 0.00523634953424, -0.0143812103197, 0.0248562283814, -0.0157561115921, 0.00656645419076, -0.00240482040681], [0.000138485542266, -0.000491853745189, 0.00113096390851, 0.000657539931126, 0.000917153491173, -0.000456819572719, -0.000927448039874, -0.00255396403372, 0.00612707203254, -0.0157561115921, 0.0298233348876, -0.0165314543992, 0.00468771904707], [-0.000256092200289, 0.000968499225564, -0.00103654165287, 0.0012427305337, -0.0021516061388, 0.00137705472298, -0.000933575793169, 0.00105928606354, -0.00327715277672, 0.00656645419076, -0.0165314543992, 0.0250708181411, -0.0104992538691], [0.000141442011227, -0.000643835868686, 0.00084793852875, -0.00141655048355, -7.26522875993e-06, -0.00134829711169, 0.00126890989486, -0.00135163625237, 0.00251751253381, -0.00240482040681, 0.00468771904707, -0.0104992538691, 0.0195250678807]]}, "spectral_contrast_coeffs": {"dmean": [0.0488186627626, 0.0492055863142, 0.0384633652866, 0.0306137911975, 0.0226527769119, 0.0156152909622], "dmean2": [0.081067726016, 0.08065071702, 0.0612954236567, 0.0498477071524, 0.0359087362885, 0.0250807423145], "dvar": [0.00176665128674, 0.00163386843633, 0.00103005941492, 0.000602010812145, 0.000359549710993, 0.000197639601538], "dvar2": [0.00457339454442, 0.00426980387419, 0.00244575878605, 0.00153851520736, 0.000857659091707, 0.000489491969347], "max": [-0.257539927959, -0.352956622839, -0.492747396231, -0.548727035522, -0.621858179569, -0.636869192123], "mean": [-0.622737407684, -0.67056119442, -0.758830845356, -0.765751361847, -0.784299969673, -0.794862270355], "median": [-0.629832863808, -0.667613625526, -0.770682930946, -0.763809144497, -0.785557985306, -0.793600618839], "min": [-0.975654482841, -0.979890465736, -0.977250635624, -0.969837844372, -0.96913421154, -0.964192926884], "var": [0.010923422873, 0.00729137007147, 0.00551295094192, 0.00295578944497, 0.00209663272835, 0.00112147431355]}, "spectral_contrast_valleys": {"dmean": [0.361022979021, 0.366406261921, 0.323732495308, 0.264275729656, 0.260120272636, 0.253322035074], "dmean2": [0.601527571678, 0.594640254974, 0.519470334053, 0.411796540022, 0.372448652983, 0.303699016571], "dvar": [0.132858023047, 0.130071014166, 0.113511696458, 0.0937714129686, 0.104835636914, 0.104634650052], "dvar2": [0.29635438323, 0.273027002811, 0.219942778349, 0.165076911449, 0.172273814678, 0.145602554083], "max": [-5.08082437515, -4.74727392197, -5.44118738174, -6.07596302032, -5.80687856674, -7.41748714447], "mean": [-7.02448606491, -6.7919716835, -7.74167442322, -7.96453428268, -7.62838506699, -