{"lowlevel": {"average_loudness": 0.976652503014, "barkbands_crest": {"dmean": 2.6382021904, "dmean2": 4.29208087921, "dvar": 5.3807144165, "dvar2": 13.6871328354, "max": 25.8219165802, "mean": 11.0852794647, "median": 10.4058685303, "min": 4.40005731583, "var": 12.1603393555}, "barkbands_flatness_db": {"dmean": 0.0333599559963, "dmean2": 0.0475435629487, "dvar": 0.000926100590732, "dvar2": 0.00187688937876, "max": 0.427335381508, "mean": 0.188736915588, "median": 0.18161419034, "min": 0.0527415759861, "var": 0.00368557451293}, "barkbands_kurtosis": {"dmean": 8.82473182678, "dmean2": 14.2934141159, "dvar": 119.042320251, "dvar2": 285.152008057, "max": 206.476318359, "mean": 16.9739837646, "median": 13.396276474, "min": -1.45623207092, "var": 216.273132324}, "barkbands_skewness": {"dmean": 0.854660928249, "dmean2": 1.3577054739, "dvar": 0.650931596756, "dvar2": 1.64947068691, "max": 10.6120376587, "mean": 3.15860128403, "median": 3.05863785744, "min": -1.03128421307, "var": 1.58668792248}, "barkbands_spread": {"dmean": 5.17975711823, "dmean2": 7.74559926987, "dvar": 43.8206214905, "dvar2": 98.7243041992, "max": 69.0941009521, "mean": 11.3361883163, "median": 7.94094514847, "min": 0.311681628227, "var": 94.4094085693}, "dissonance": {"dmean": 0.0295364670455, "dmean2": 0.0477662757039, "dvar": 0.000683971215039, "dvar2": 0.00172117340844, "max": 0.499356985092, "mean": 0.425537288189, "median": 0.433702766895, "min": 0.224133864045, "var": 0.00181598460767}, "dynamic_complexity": 1.59222817421, "erbbands_crest": {"dmean": 2.83259701729, "dmean2": 4.51616954803, "dvar": 6.16368293762, "dvar2": 14.6402225494, "max": 27.4116287231, "mean": 10.3776865005, "median": 9.5798740387, "min": 2.63324999809, "var": 15.6224470139}, "erbbands_flatness_db": {"dmean": 0.0326745435596, "dmean2": 0.0443105213344, "dvar": 0.000995744601823, "dvar2": 0.00204133382067, "max": 0.396955221891, "mean": 0.149122431874, "median": 0.139216601849, "min": 0.0427593998611, "var": 0.00371321337298}, "erbbands_kurtosis": {"dmean": 1.71541595459, "dmean2": 2.586384058, "dvar": 4.21426534653, "dvar2": 9.40466213226, "max": 33.463470459, "mean": 2.51275348663, "median": 1.8320069313, "min": -1.72000360489, "var": 9.88235282898}, "erbbands_skewness": {"dmean": 0.428368061781, "dmean2": 0.646468281746, "dvar": 0.146663293242, "dvar2": 0.341948717833, "max": 5.11870622635, "mean": 1.29203593731, "median": 1.25497281551, "min": -1.72470855713, "var": 0.471821039915}, "erbbands_spread": {"dmean": 11.5443315506, "dmean2": 16.8998889923, "dvar": 162.404159546, "dvar2": 380.453796387, "max": 136.879714966, "mean": 37.3066673279, "median": 31.5840091705, "min": 2.64524579048, "var": 481.307891846}, "hfc": {"dmean": 8.19041633606, "dmean2": 11.1054792404, "dvar": 104.563598633, "dvar2": 241.535903931, "max": 73.9802932739, "mean": 17.3296451569, "median": 12.1087112427, "min": 1.27661962779e-07, "var": 211.406646729}, "melbands_crest": {"dmean": 3.51275801659, "dmean2": 5.72130393982, "dvar": 9.02451038361, "dvar2": 23.4810009003, "max": 33.8210411072, "mean": 15.7233772278, "median": 15.1347551346, "min": 4.2610244751, "var": 21.7488460541}, "melbands_flatness_db": {"dmean": 0.0357234738767, "dmean2": 0.0522762462497, "dvar": 0.00108323257882, "dvar2": 0.00218285201117, "max": 0.546148478985, "mean": 0.299824625254, "median": 0.297218680382, "min": 0.0262291990221, "var": 0.00452053500339}, "melbands_kurtosis": {"dmean": 17.0139503479, "dmean2": 26.8415336609, "dvar": 420.662811279, "dvar2": 1023.47686768, "max": 230.108459473, "mean": 33.4200973511, "median": 24.8430843353, "min": -1.13427913189, "var": 864.921325684}, "melbands_skewness": {"dmean": 1.08563923836, "dmean2": 1.65274488926, "dvar": 1.06440126896, "dvar2": 2.45604276657, "max": 12.76912117, "mean": 3.89310622215, "median": 3.64704823494, "min": 0.125822976232, "var": 3.24977493286}, "melbands_spread": {"dmean": 2.32778215408, "dmean2": 3.62087106705, "dvar": 11.0631971359, "dvar2": 18.8351745605, "max": 107.387283325, "mean": 6.68393373489, "median": 5.6042509079, "min": 0.447929978371, "var": 23.8455715179}, "pitch_salience": {"dmean": 0.0770488828421, "dmean2": 0.126929938793, "dvar": 0.00443016691133, "dvar2": 0.0115832341835, "max": 0.866003930569, "mean": 0.563472568989, "median": 0.578939676285, "min": 0.141512349248, "var": 0.0103448461741}, "silence_rate_20dB": {"dmean": 0, "dmean2": 0, "dvar": 0, "dvar2": 0, "max": 1, "mean": 1, "median": 1, "min": 1, "var": 0}, "silence_rate_30dB": {"dmean": 0.0377084836364, "dmean2": 0.0754443258047, "dvar": 0.0362857803702, "dvar2": 0.091514877975, "max": 1, "mean": 0.972091317177, "median": 1, "min": 0, "var": 0.027129214257}, "silence_rate_60dB": {"dmean": 0.00362581573427, "dmean2": 0.00652883574367, "dvar": 0.00361281004734, "dvar2": 0.0086624994874, "max": 1, "mean": 0.00253715110011, "median": 0, "min": 0, "var": 0.00253070658073}, "spectral_centroid": {"dmean": 106.269180298, "dmean2": 164.696990967, "dvar": 18270.5605469, "dvar2": 42898.5546875, "max": 2311.33276367, "mean": 465.417175293, "median": 404.71762085, "min": 173.009002686, "var": 58599.9492188}, "spectral_complexity": {"dmean": 2.21464824677, "dmean2": 3.38084864616, "dvar": 4.82269287109, "dvar2": 9.48120307922, "max": 31, "mean": 10.9931135178, "median": 10, "min": 0, "var": 16.0060634613}, "spectral_decrease": {"dmean": 4.83781992244e-09, "dmean2": 7.68102914606e-09, "dvar": 3.80457090532e-17, "dvar2": 9.8712802774e-17, "max": -7.28073932014e-19, "mean": -1.07562385665e-08, "median": -9.065582951e-09, "min": -6.53788845284e-08, "var": 5.85938813207e-17}, "spectral_energy": {"dmean": 0.0186806693673, "dmean2": 0.0295098032802, "dvar": 0.00056216691155, "dvar2": 0.00145449046977, "max": 0.251185536385, "mean": 0.0421683862805, "median": 0.0355363041162, "min": 1.43272373132e-11, "var": 0.000881648506038}, "spectral_energyband_high": {"dmean": 0.000482507195557, "dmean2": 0.000687591324095, "dvar": 5.38090716873e-07, "dvar2": 1.29789145831e-06, "max": 0.00489286752418, "mean": 0.000628407055046, "median": 0.000194944426767, "min": 9.13317858842e-12, "var": 8.20797311007e-07}, "spectral_energyband_low": {"dmean": 0.0113579174504, "dmean2": 0.0190247409046, "dvar": 0.00039982504677, "dvar2": 0.001111624646, "max": 0.228523001075, "mean": 0.0180984959006, "median": 0.0125407408923, "min": 9.56444396339e-14, "var": 0.000431975873653}, "spectral_energyband_middle_high": {"dmean": 0.000693391310051, "dmean2": 0.00091936608078, "dvar": 8.01452188171e-07, "dvar2": 1.48606704897e-06, "max": 0.0113922255114, "mean": 0.00164609821513, "median": 0.0012230760185, "min": 3.11911477549e-12, "var": 2.11392557503e-06}, "spectral_energyband_middle_low": {"dmean": 0.0121634099633, "dmean2": 0.0188240893185, "dvar": 0.000181999610504, "dvar2": 0.000431059714174, "max": 0.13337443769, "mean": 0.0263018608093, "median": 0.0214298479259, "min": 1.39331038027e-12, "var": 0.000352953502443}, "spectral_entropy": {"dmean": 0.358228385448, "dmean2": 0.513107478619, "dvar": 0.118488185108, "dvar2": 0.252648383379, "max": 8.52081298828, "mean": 6.87728738785, "median": 6.92871046066, "min": 4.37444734573, "var": 0.424486756325}, "spectral_flux": {"dmean": 0.0358732268214, "dmean2": 0.0560715720057, "dvar": 0.00136626802851, "dvar2": 0.00263171736151, "max": 0.380899488926, "mean": 0.0988036543131, "median": 0.0862521752715, "min": 0.000480281712953, "var": 0.00287315179594}, "spectral_kurtosis": {"dmean": 4.59244203568, "dmean2": 6.76974964142, "dvar": 45.7934646606, "dvar2": 102.129524231, "max": 109.912666321, "mean": 9.89029216766, "median": 6.65725421906, "min": 0.607132673264, "var": 93.2109222412}, "spectral_rms": {"dmean": 0.00132498564199, "dmean2": 0.00200983835384, "dvar": 1.78585696631e-06, "dvar2": 4.31363696407e-06, "max": 0.0156543627381, "mean": 0.00605871202424, "median": 0.00588808674365, "min": 1.18227717394e-07, "var": 4.43194858235e-06}, "spectral_rolloff": {"dmean": 173.584350586, "dmean2": 290.515258789, "dvar": 379179.15625, "dvar2": 647794.4375, "max": 18152.4902344, "mean": 462.365478516, "median": 344.53125, "min": 107.666015625, "var": 382352.15625}, "spectral_skewness": {"dmean": 0.457590341568, "dmean2": 0.666804611683, "dvar": 0.260506749153, "dvar2": 0.585663676262, "max": 8.06778907776, "mean": 2.49483346939, "median": 2.30894470215, "min": 0.708731412888, "var": 0.809561192989}, "spectral_spread": {"dmean": 1587510.625, "dmean2": 2124578, "dvar": 2917603475460.0, "dvar2": 6136911101950.0, "max": 31340146, "mean": 5840090, "median": 5741414.5, "min": 908891, "var": 8302525677570.0}, "spectral_strongpeak": {"dmean": 0.363257616758, "dmean2": 0.613940954208, "dvar": 0.126380041242, "dvar2": 0.329934358597, "max": 3.28234601021, "mean": 0.680326223373, "median": 0.585738956928, "min": 0, "var": 0.201376259327}, "zerocrossingrate": {"dmean": 0.0151546001434, "dmean2": 0.0166511517018, "dvar": 0.000267010007519, "dvar2": 0.00033917897963, "max": 0.220703125, "mean": 0.0469254404306, "median": 0.03369140625, "min": 0.00634765625, "var": 0.00122032768559}, "barkbands": {"dmean": [0.000323941436363, 0.00482375174761, 0.00536361290142, 0.00648320186883, 0.00684324512258, 0.000782118586358, 0.000700749573298, 0.000600942585152, 0.000267670635367, 0.000541197310667, 0.000161275631399, 6.0721184127e-05, 7.00358868926e-05, 5.97971047682e-05, 7.3485673056e-05, 4.02808946092e-05, 4.5135126129e-05, 4.07301849918e-05, 1.95611773961e-05, 2.15907766687e-05, 2.97802325804e-05, 3.32768795488e-05, 3.98014381062e-05, 5.1173105021e-05, 6.61967424094e-05, 0.000115124661534, 0.000170522733242], "dmean2": [0.000541179266293, 0.00826759915799, 0.00932575482875, 0.0103047629818, 0.0112027190626, 0.00119694450404, 0.00109613512177, 0.000858976331074, 0.000372424838133, 0.000724021811038, 0.000222596718231, 9.70993642113e-05, 0.000109871398308, 9.25374115468e-05, 0.000109637934656, 6.45970721962e-05, 6.85450213496e-05, 6.48208879284e-05, 3.06521687889e-05, 3.33239004249e-05, 4.59548682556e-05, 4.97769760841e-05, 6.19716302026e-05, 7.53609710955e-05, 9.53153794399e-05, 0.000166967467521, 0.00024123507319], "dvar": [3.5981486235e-07, 0.000144254998304, 8.2605467469e-05, 7.03949626768e-05, 7.887580432e-05, 1.34362039717e-06, 1.5353625713e-06, 9.53703079176e-07, 2.73019907127e-07, 7.34115019441e-07, 1.90089423313e-07, 1.05233004533e-08, 1.94773264184e-08, 1.03966577569e-08, 2.06062988894e-08, 4.8037809286e-09, 5.63621993521e-09, 1.87286506304e-08, 1.45425982367e-09, 2.37544339754e-09, 4.86628337626e-09, 3.56301632642e-09, 4.22685308976e-09, 5.12930231622e-09, 1.04773647536e-08, 3.66533541296e-08, 9.39008089063e-08], "dvar2": [9.40531094784e-07, 0.000409111788031, 0.000234055143665, 0.000164298297022, 0.000203423260245, 2.9960460779e-06, 3.65217897524e-06, 1.97384360945e-06, 4.89640967771e-07, 1.30253647512e-06, 3.4902532775e-07, 2.35665993387e-08, 4.94426117825e-08, 2.4640879559e-08, 4.51553638925e-08, 1.12506679528e-08, 1.29622170775e-08, 3.58089558006e-08, 3.799301318e-09, 6.0531561985e-09, 1.28451196346e-08, 9.30810006849e-09, 1.11814379977e-08, 1.32640129991e-08, 2.7175149242e-08, 8.96720493415e-08, 2.17580407025e-07], "max": [0.00517583359033, 0.122464217246, 0.0946863740683, 0.0842883586884, 0.094218455255, 0.0192686282098, 0.0188913829625, 0.0146946869791, 0.00712430709973, 0.014435634017, 0.0095808217302, 0.00223364471458, 0.00408766651526, 0.00176731077954, 0.00253316666931, 0.000717157905456, 0.001522156992, 0.00507699558511, 0.000667115382385, 0.000978028401732, 0.00137364852708, 0.00110373203643, 0.00056172098266, 0.000667151645757, 0.00130729144439, 0.00237051350996, 0.0019414286362], "mean": [0.000318705075188, 0.00621554115787, 0.00733082229272, 0.00968422275037, 0.0112971207127, 0.0017180746654, 0.00131517183036, 0.00124769250397, 0.000476016663015, 0.0009920517914, 0.000276314181974, 8.96985511645e-05, 0.000112926310976, 0.000100753291917, 0.000119170130347, 6.16901525063e-05, 7.77847817517e-05, 5.88599577895e-05, 3.06710535369e-05, 3.58497054549e-05, 4.94408595841e-05, 4.92395447509e-05, 4.91520659125e-05, 6.77538191667e-05, 8.71686861501e-05, 0.000127826962853, 0.000178648770088], "median": [9.60123143159e-05, 0.00375858298503, 0.00387932942249, 0.00571293476969, 0.00850312970579, 0.00108163966797, 0.000643110659439, 0.000478166301036, 0.000157793139806, 0.000396075949538, 9.10867529456e-05, 4.18149975303e-05, 7.09760497557e-05, 5.14208841196e-05, 5.96438840148e-05, 2.9928272852e-05, 4.33410314145e-05, 2.33455612033e-05, 1.61797506735e-05, 1.38901668834e-05, 1.61939624377e-05, 1.80484657903e-05, 1.70994571818e-05, 2.64766222244e-05, 2.88266364805e-05, 2.51997880696e-05, 1.29560685309e-05], "min": [2.99011303998e-14, 4.84879131746e-14, 1.80971536856e-14, 4.03176197126e-14, 3.16447714387e-13, 1.23606867472e-13, 6.82177702998e-14, 1.33690462672e-13, 6.94282359468e-13, 4.18970224183e-13, 3.76239241585e-13, 4.43181651317e-13, 2.51575073707e-13, 1.00286417354e-13, 2.90879211722e-14, 3.56383325628e-13, 2.21479207045e-13, 2.87685890735e-13, 2.42871559452e-13, 5.70225561648e-13, 6.70525646725e-13, 1.02595124236e-12, 3.8888036129e-13, 1.01700679128e-12, 2.01735676775e-12, 1.24839819472e-12, 3.0996565991e-12], "var": [3.40641207686e-07, 0.000112651447125, 9.39337332966e-05, 0.000127520150272, 0.000111669280159, 4.0005156734e-06, 3.30696752826e-06, 3.16716841553e-06, 7.40168673019e-07, 2.05258220376e-06, 3.89128956613e-07, 1.91699953689e-08, 2.27969145783e-08, 1.76397438878e-08, 3.50346915923e-08, 6.93421497999e-09, 9.61277457634e-09, 2.56813610378e-08, 2.02360550539e-09, 4.52721415911e-09, 1.00978461148e-08, 7.32659444225e-09, 5.73382585856e-09, 8.50821280096e-09, 1.4767880252e-08, 4.58050415375e-08, 1.16637771441e-07]}, "erbbands": {"dmean": [0.116896420717, 1.22721421719, 5.43886566162, 13.1534786224, 27.1092166901, 23.0280723572, 7.71400547028, 7.11690711975, 8.65161418915, 14.6151409149, 9.92307281494, 6.9877076149, 15.0122623444, 12.4397535324, 4.38812875748, 2.68968129158, 3.22019743919, 3.1342728138, 3.84480261803, 2.71189451218, 2.29166460037, 1.97371339798, 2.34858226776, 1.19353044033, 1.17750549316, 0.897280454636, 1.43335330486, 0.965380728245, 1.28602838516, 1.17986524105, 1.03960621357, 0.927930295467, 0.956950068474, 0.722054004669, 0.494623154402, 0.378782600164, 0.238734140992, 0.112508639693, 0.0284432154149, 0.00188928237185], "dmean2": [0.201190844178, 2.10999584198, 9.49140930176, 20.8904209137, 44.1290130615, 38.1298408508, 12.0908880234, 11.0311136246, 13.2089281082, 22.6408481598, 13.5737848282, 9.32877922058, 20.0232028961, 16.7142181396, 6.0261926651, 4.24297857285, 4.98499011993, 4.81662511826, 5.55768680573, 4.27436876297, 3.57673430443, 2.93845701218, 3.66547727585, 1.87318646908, 1.91543519497, 1.39760303497, 2.22026443481, 1.46512198448, 1.97172605991, 1.7588057518, 1.65673351288, 1.46313202381, 1.3768928051, 1.05002164841, 0.744434356689, 0.564969062805, 0.352107644081, 0.15951885283, 0.0400127097964, 0.00272050779313], "dvar": [0.0798589810729, 9.12028598785, 99.092956543, 283.353363037, 1063.2364502, 1031.33166504, 105.648773193, 141.591186523, 308.449890137, 494.688964844, 387.290710449, 184.25994873, 633.883178711, 618.99432373, 137.375640869, 19.2484378815, 27.0970306396, 48.7005081177, 69.2341003418, 20.4331569672, 12.4440221786, 9.56233978271, 39.6337432861, 10.6162233353, 13.2630186081, 2.88839769363, 13.5951366425, 2.78351354599, 5.27070093155, 3.65464115143, 3.21487641335, 2.40311408043, 1.86143934727, 1.28206336498, 0.604663670063, 0.393209189177, 0.17054772377, 0.0381386838853, 0.002586546354, 1.22732635646e-05], "dvar2": [0.224107682705, 26.0134315491, 280.996490479, 716.470092773, 2726.89379883, 2663.15625, 247.24659729, 323.771575928, 698.955993652, 1240.19909668, 743.738586426, 325.58416748, 1092.53381348, 1130.99243164, 231.826416016, 43.1474075317, 65.0424194336, 123.99005127, 151.064559937, 52.4269981384, 29.1873779297, 21.6473178864, 76.6948165894, 22.2883815765, 36.1190032959, 7.36868858337, 35.8012046814, 6.66356515884, 13.7887210846, 9.311835289, 8.64265155792, 6.32747125626, 4.48487520218, 3.22961688042, 1.55446028709, 1.03747975826, 0.409342616796, 0.0858339592814, 0.0059692771174, 2.98514842143e-05], "max": [2.78397107124, 34.0133247375, 117.912506104, 165.362670898, 286.584686279, 346.244567871, 159.412445068, 223.477905273, 245.000030518, 474.912231445, 393.189208984, 196.559631348, 395.344512939, 328.18572998, 246.894577026, 104.27947998, 101.474502563, 207.174713135, 146.619094849, 47.914894104, 58.4017791748, 57.7071647644, 226.181289673, 99.7086257935, 86.2353820801, 23.005657196, 63.3044662476, 32.5591125488, 36.7418136597, 23.9336490631, 23.8089542389, 24.7021369934, 11.1410207748, 14.7181911469, 8.99894046783, 8.08947372437, 5.76930475235, 1.14704716206, 0.331294566393, 0.0213032606989], "mean": [0.140743106604, 1.57993066311, 7.28590583801, 21.6942806244, 40.2667999268, 36.4462623596, 17.7237968445, 14.7247543335, 17.2605323792, 27.0296897888, 21.4862442017, 13.8728694916, 28.5988273621, 21.9185905457, 7.71347665787, 4.37188911438, 5.57890558243, 5.65458869934, 6.1843419075, 4.59763145447, 3.94387722015, 3.49604535103, 3.70826292038, 1.91183829308, 1.73839962482, 1.538413167, 2.4412548542, 1.50407898426, 1.80476272106, 1.63983201981, 1.28422248363, 1.17588853836, 1.23401522636, 0.91627651453, 0.668023526669, 0.430403232574, 0.262637227774, 0.118212521076, 0.0302095133811, 0.00197736918926], "median": [0.0727769434452, 0.930572211742, 4.00151872635, 14.9069471359, 28.2816524506, 24.6758785248, 12.8173904419, 8.71267414093, 7.36526298523, 15.4936065674, 8.44127750397, 6.2171998024, 11.4769716263, 7.74185752869, 3.71685028076, 2.39258313179, 3.57508897781, 3.11086916924, 2.98760986328, 2.58074688911, 2.37854886055, 2.0556511879, 1.6459903717, 1.02928245068, 0.782415091991, 0.624081194401, 0.793410480022, 0.532159745693, 0.668579638004, 0.591598212719, 0.455337911844, 0.444034546614, 0.429346203804, 0.292484998703, 0.210027500987, 0.114924550056, 0.0422162301838, 0.0116471229121, 0.00226677022874, 0.000171154606505], "min": [1.85259012991e-12, 9.31572267243e-12, 2.13788604875e-11, 7.97341359604e-11, 4.43555941976e-10, 1.22826648852e-09, 1.48688905632e-09, 8.22682533208e-10, 9.76218883508e-10, 1.01181962808e-09, 5.5777982233e-09, 1.62836073514e-08, 9.08809472122e-09, 1.89881799173e-08, 1.60673838678e-08, 1.90844442471e-08, 1.18725687059e-08, 6.70991884277e-09, 2.38948283382e-09, 2.709192648e-09, 2.70579771922e-08, 1.11167484107e-08, 1.36424613828e-08, 9.71790647952e-09, 2.29442456146e-08, 2.95312982956e-08, 1.77936936296e-08, 3.73794328823e-08, 4.00154007707e-08, 1.30554429489e-08, 1.19482121974e-08, 1.54320272117e-08, 2.24683791572e-08, 1.91793887439e-08, 1.60322084497e-08, 3.14918757738e-09, 2.28778085365e-09, 1.10515552265e-09, 3.21523363489e-10, 5.4096456481e-11], "var": [0.062875635922, 7.1543097496, 99.4286422729, 493.336853027, 1594.94458008, 1501.24597168, 287.332855225, 377.683227539, 689.058410645, 1063.86303711, 1303.60961914, 512.149108887, 1876.73120117, 1397.73120117, 286.888793945, 35.7079963684, 40.7955322266, 60.7321624756, 109.395896912, 32.2458572388, 19.4896450043, 18.1498394012, 59.8943214417, 14.9710435867, 13.244594574, 6.59925031662, 29.5486984253, 6.17853355408, 9.97226238251, 6.34195137024, 4.21533679962, 3.54275846481, 2.99712491035, 1.78908741474, 0.840258300304, 0.454951196909, 0.208108097315, 0.0488222390413, 0.00326730683446, 1.42867393151e-05]}, "gfcc": {"mean": [-6.73139047623, 102.615715027, -56.2600708008, 10.4667654037, -45.8970222473, 2.77826428413, -37.9173660278, -1.446403265, -24.6100578308, -8.03820419312, -24.0780830383, -6.89765453339, -11.9703607559], "cov": [[4344.58300781, -2202.00585938, 831.496826172, -46.3098106384, -6.72396993637, 217.43838501, 139.709884644, 213.009307861, 2.89243340492, 92.5573196411, -231.271591187, 190.482803345, -52.9096679688], [-2202.00585938, 2410.70117188, -879.841125488, 170.610580444, 175.810150146, -74.0467529297, -48.907409668, -104.056144714, 101.919281006, -94.0566177368, 200.515335083, -189.542984009, 55.0535888672], [831.496826172, -879.841125488, 852.297851562, -99.7667388916, 75.071395874, 96.5923995972, 102.518295288, 56.2392997742, -24.4426460266, 66.6821212769, -79.0984268188, 103.348815918, -7.02999639511], [-46.3098106384, 170.610580444, -99.7667388916, 386.190979004, 52.1383514404, 90.4289398193, 4.21064043045, -8.75932788849, -17.9709415436, 18.9538478851, 73.3958435059, -6.37924957275, -10.6423482895], [-6.72396993637, 175.810150146, 75.071395874, 52.1383514404, 217.122573853, 54.8394088745, 32.0555419922, -2.5184803009, 36.3764572144, 12.8136119843, 39.1615867615, 9.96789836884, -4.70470905304], [217.43838501, -74.0467529297, 96.5923995972, 90.4289398193, 54.8394088745, 169.964935303, 49.4618606567, 49.9418296814, -15.2328071594, 21.1799602509, -0.255701512098, 23.4830627441, -3.66165399551], [139.709884644, -48.907409668, 102.518295288, 4.21064043045, 32.0555419922, 49.4618606567, 141.331268311, 57.7097358704, 13.7338514328, -15.6546239853, -21.974187851, -0.498499661684, 30.5503959656], [213.009307861, -104.056144714, 56.2392997742, -8.75932788849, -2.5184803009, 49.9418296814, 57.7097358704, 108.632827759, 27.4829959869, 10.5676546097, -32.1529922485, 8.52432727814, 5.3003487587], [2.89243340492, 101.919281006, -24.4426460266, -17.9709415436, 36.3764572144, -15.2328071594, 13.7338514328, 27.4829959869, 85.8096542358, 21.7078437805, 6.29268121719, -17.8041248322, -2.37197470665], [92.5573196411, -94.0566177368, 66.6821212769, 18.9538478851, 12.8136119843, 21.1799602509, -15.6546239853, 10.5676546097, 21.7078437805, 84.1258926392, 24.0357151031, 14.7807369232, -18.5467739105], [-231.271591187, 200.515335083, -79.0984268188, 73.3958435059, 39.1615867615, -0.255701512098, -21.974187851, -32.1529922485, 6.29268121719, 24.0357151031, 93.8345718384, 11.0907335281, -5.92519330978], [190.482803345, -189.542984009, 103.348815918, -6.37924957275, 9.96789836884, 23.4830627441, -0.498499661684, 8.52432727814, -17.8041248322, 14.7807369232, 11.0907335281, 85.1015625, 14.2216959], [-52.9096679688, 55.0535888672, -7.02999639511, -10.6423482895, -4.70470905304, -3.66165399551, 30.5503959656, 5.3003487587, -2.37197470665, -18.5467739105, -5.92519330978, 14.2216959, 61.4115600586]], "icov": [[0.000523692346178, 0.000487149110995, 0.000130671163788, -0.000163858116139, -0.000285099959001, -0.000306278205244, -9.52123737079e-05, -0.000102363483165, -0.000628559966572, 0.000110233238956, 0.000620184931904, -0.000391536566895, 0.000176660134457], [0.000487149110995, 0.00166633515619, 0.000881118176039, 5.16736799909e-05, -0.00124056742061, -0.000635315780528, 0.000322819687426, -9.67142696027e-05, -0.00114807335194, 0.00111933157314, -0.00163519475609, 0.00192612688988, -0.00155957532115], [0.000130671163788, 0.000881118176039, 0.00286968192086, 0.00051491393242, -0.00166520127095, -0.000356195378117, -0.00188643345609, 0.00088548992062, 0.000639437348582, -0.00198677950539, 0.00166295224335, -0.00138059142046, 0.000358469522325], [-0.000163858116139, 5.16736799909e-05, 0.00051491393242, 0.00392790557817, -0.000296247191727, -0.00212076166645, -0.000139924828545, 9.35870266403e-05, 0.00126124941744, -0.000225876530749, -0.00325646623969, 0.00152534304652, -0.000222414848395], [-0.000285099959001, -0.00124056742061, -0.00166520127095, -0.000296247191727, 0.00807742308825, -0.00233188900165, -0.00111011671834, 0.00247668405063, -0.00409342069179, 0.00148993777111, -0.00176821905188, -0.00190180318896, 0.0020044837147], [-0.000306278205244, -0.000635315780528, -0.000356195378117, -0.00212076166645, -0.00233188900165, 0.011162456125, -0.0020524985157, -0.00461564864963, 0.00535858795047, -0.00307261873968, 0.00162655417807, -0.0016405119095, 0.00161957379896], [-9.52123737079e-05, 0.000322819687426, -0.00188643345609, -0.000139924828545, -0.00111011671834, -0.0020524985157, 0.0138710094616, -0.00605641910806, -0.00122040126007, 0.0046656136401, -0.00295661832206, 0.00513810152188, -0.00730996765196], [-0.000102363483165, -9.67142696027e-05, 0.00088548992062, 9.35870266403e-05, 0.00247668405063, -0.00461564864963, -0.00605641910806, 0.0182753819972, -0.00710633164272, -0.00204195128754, 0.00605800002813, -0.00421561021358, 0.0021357703954], [-0.000628559966572, -0.00114807335194, 0.000639437348582, 0.00126124941744, -0.00409342069179, 0.00535858795047, -0.00122040126007, -0.00710633164272, 0.021367572248, -0.00755988061428, -0.000509075878654, 0.00378617225215, -0.000377957156161], [0.000110233238956, 0.00111933157314, -0.00198677950539, -0.000225876530749, 0.00148993777111, -0.00307261873968, 0.0046656136401, -0.00204195128754, -0.00755988061428, 0.0208778455853, -0.00874736905098, 0.00122966244817, 0.00149566214532], [0.000620184931904, -0.00163519475609, 0.00166295224335, -0.00325646623969, -0.00176821905188, 0.00162655417807, -0.00295661832206, 0.00605800002813, -0.000509075878654, -0.00874736905098, 0.0256253685802, -0.0109004769474, 0.00487107038498], [-0.000391536566895, 0.00192612688988, -0.00138059142046, 0.00152534304652, -0.00190180318896, -0.0016405119095, 0.00513810152188, -0.00421561021358, 0.00378617225215, 0.00122966244817, -0.0109004769474, 0.0235705580562, -0.0103860516101], [0.000176660134457, -0.00155957532115, 0.000358469522325, -0.000222414848395, 0.0020044837147, 0.00161957379896, -0.00730996765196, 0.0021357703954, -0.000377957156161, 0.00149566214532, 0.00487107038498, -0.0103860516101, 0.0248509515077]]}, "melbands": {"dmean": [0.00116410607006, 0.00239365012385, 0.00260488712229, 0.00180834694766, 0.000398637261242, 0.000157981819939, 0.000135799724376, 0.000153661589138, 7.42654665373e-05, 4.34610010416e-05, 7.50085309846e-05, 5.16212057846e-05, 1.85631415661e-05, 6.61582907924e-06, 7.71416762291e-06, 6.60099021843e-06, 6.28750876785e-06, 6.05309878665e-06, 4.22434141001e-06, 3.57991848432e-06, 2.89077934212e-06, 2.40720714828e-06, 1.94774406737e-06, 2.0648494683e-06, 9.36057460876e-07, 7.32846103801e-07, 9.51629317569e-07, 5.84311635521e-07, 8.9539412329e-07, 8.4470349293e-07, 5.26341295881e-07, 7.95811445187e-07, 6.23588107374e-07, 7.25310769667e-07, 5.69280700802e-07, 6.79886852595e-07, 5.3238863984e-07, 6.66112839554e-07, 6.85762188368e-07, 6.10915265042e-07], "dmean2": [0.00199893745594, 0.00414313841611, 0.00412187585607, 0.00294947228394, 0.000640168436803, 0.000243725560722, 0.000208074750844, 0.000235760278883, 0.000101273879409, 5.84779772907e-05, 0.000100348668639, 6.9516892836e-05, 2.51439396379e-05, 1.04359205579e-05, 1.21567190945e-05, 1.03818128991e-05, 9.74349950411e-06, 8.82189760887e-06, 6.39110248812e-06, 5.71981445319e-06, 4.55244435216e-06, 3.63638901035e-06, 3.03444448946e-06, 3.28813052874e-06, 1.50199127802e-06, 1.16980402254e-06, 1.57399767886e-06, 9.32025216116e-07, 1.37629604069e-06, 1.36320818456e-06, 8.185037359e-07, 1.27691862417e-06, 9.19504941521e-07, 1.09786947178e-06, 9.21103946894e-07, 1.10910832518e-06, 8.483564784e-07, 9.83399559118e-07, 1.02442822936e-06, 9.11968470518e-07], "dvar": [8.36741764942e-06, 2.21208701987e-05, 1.00328516055e-05, 5.67694678466e-06, 2.81921074929e-07, 6.82556944298e-08, 7.01644324863e-08, 5.58794077676e-08, 2.19786731037e-08, 7.07508940323e-09, 1.57674318046e-08, 1.20549206173e-08, 3.32079475029e-09, 1.09402972792e-10, 1.2804465821e-10, 2.71377004202e-10, 1.67754990454e-10, 1.5948885268e-10, 4.59954782595e-11, 3.88546000929e-11, 2.20847888588e-11, 1.79350961166e-11, 9.31095478496e-12, 9.45539965769e-11, 4.69268937944e-12, 2.63154103543e-12, 1.03772034368e-11, 1.19248350344e-12, 4.57531235121e-12, 6.00432897846e-12, 6.68293328662e-13, 1.88475407156e-12, 1.72368889995e-12, 1.29462716589e-12, 1.10386168522e-12, 1.26018249655e-12, 8.04691599812e-13, 8.90131067813e-13, 1.12964921705e-12, 1.01801531614e-12], "dvar2": [2.35813840845e-05, 6.25755274086e-05, 2.42529804382e-05, 1.4652228856e-05, 6.96724953286e-07, 1.53968684913e-07, 1.61431273682e-07, 1.36811195262e-07, 4.25055191045e-08, 1.25026593523e-08, 2.72794515865e-08, 2.18039559741e-08, 5.72689007328e-09, 2.48625481314e-10, 2.92109558764e-10, 7.01624924826e-10, 4.15547235511e-10, 3.49153594925e-10, 1.02580804962e-10, 9.51958720186e-11, 5.31332582099e-11, 4.14542809801e-11, 2.1689957122e-11, 1.74276870712e-10, 1.12760582122e-11, 6.99402341597e-12, 2.79868021119e-11, 3.11910566819e-12, 1.16406537187e-11, 1.61808257765e-11, 1.61091257521e-12, 5.11525804353e-12, 4.41930953637e-12, 3.25103680955e-12, 2.92909229857e-12, 3.40358839203e-12, 2.1098507056e-12, 2.01854093336e-12, 2.80713928665e-12, 2.59225258446e-12], "max": [0.0275874081999, 0.0581857301295, 0.0301868990064, 0.0233303140849, 0.00794120319188, 0.0043089739047, 0.00372550147586, 0.00466639501974, 0.00294093368575, 0.00129283207934, 0.00197391142137, 0.00141022866592, 0.00127508759033, 0.000155326895765, 0.000217888198677, 0.000506522366777, 0.000331253337208, 0.000215144871618, 0.000109208005597, 5.91131065448e-05, 8.83898537722e-05, 8.19641572889e-05, 3.25680011883e-05, 0.000387575419154, 5.77511818847e-05, 3.38332683896e-05, 7.70039841882e-05, 1.62870583154e-05, 3.69839035557e-05, 6.39309437247e-05, 1.05275430542e-05, 1.85515182238e-05, 2.71019671345e-05, 9.52599748416e-06, 1.85216758837e-05, 1.27619332488e-05, 1.41963118949e-05, 7.90001740825e-06, 1.02559879451e-05, 1.37988372444e-05], "mean": [0.00149525795132, 0.00327698979527, 0.00446854718029, 0.0028749271296, 0.000824781367555, 0.000329012691509, 0.000269602169283, 0.000293897726806, 0.000156058173161, 8.13274236862e-05, 0.00014103706053, 8.835762128e-05, 3.14938515658e-05, 1.01114883364e-05, 1.25809601741e-05, 1.07636014945e-05, 1.06767211037e-05, 9.56549865805e-06, 7.0820306064e-06, 5.57068278795e-06, 4.71636894872e-06, 4.06962817578e-06, 3.17194803756e-06, 2.96752614304e-06, 1.39843177749e-06, 1.09277164029e-06, 1.29441457375e-06, 9.33905710099e-07, 1.5687389805e-06, 1.27157909446e-06, 7.47077820051e-07, 1.03317006506e-06, 9.43859504332e-07, 9.28937708977e-07, 6.70368990541e-07, 8.39207473291e-07, 6.37764742351e-07, 8.61499188431e-07, 8.6845483338e-07, 7.41778933389e-07], "median": [0.000902227358893, 0.00190662697423, 0.00323094683699, 0.0020762803033, 0.000596836849581, 0.000195222077309, 0.000117072944704, 0.000168635684531, 5.74282421439e-05, 3.21456354868e-05, 5.32478989044e-05, 2.56789280684e-05, 1.1471880498e-05, 5.75502235733e-06, 7.27646329324e-06, 6.62327693135e-06, 5.18124261362e-06, 4.73745467389e-06, 3.7986433199e-06, 2.65087305706e-06, 2.66643678515e-06, 2.06692971005e-06, 1.56460896505e-06, 1.07671678506e-06, 7.53405970499e-07, 5.57926625788e-07, 4.54936468941e-07, 3.69232992625e-07, 5.44114811873e-07, 3.90776051518e-07, 2.64401364802e-07, 3.79059514444e-07, 3.11118469654e-07, 3.21357532584e-07, 2.46873241849e-07, 2.48389397939e-07, 2.45045129077e-07, 2.7923110224e-07, 2.78571349099e-07, 2.3090706236e-07], "min": [1.64488343465e-14, 1.15623470135e-14, 2.17447621595e-14, 6.04801243267e-14, 5.53766525636e-14, 1.94464602299e-14, 1.46612170511e-14, 1.21371283249e-14, 5.60298809844e-14, 1.04601819827e-13, 4.43688190572e-14, 7.78297443312e-14, 5.21114523603e-14, 4.89836070197e-14, 4.65258392793e-14, 1.77384708078e-14, 1.15250665524e-14, 3.91343197675e-15, 1.9022409702e-15, 7.10039428783e-15, 3.9256063813e-14, 1.14638108237e-14, 1.31714885377e-14, 1.06166999495e-14, 7.32316141186e-15, 8.9223062532e-15, 2.45356273005e-14, 1.75610360401e-14, 6.91090539423e-15, 1.76703727469e-14, 2.43615535595e-14, 2.54590304323e-14, 1.39214430389e-14, 4.72680849336e-15, 6.00974195945e-15, 8.7105200643e-15, 9.11962596639e-15, 1.83147174862e-14, 1.23393676055e-14, 1.70579526795e-14], "var": [6.52542394164e-06, 2.1153175112e-05, 1.86856013897e-05, 7.76788965595e-06, 6.20381399585e-07, 1.8362086962e-07, 1.5942825371e-07, 1.29487361278e-07, 7.17142683015e-08, 1.91021580775e-08, 4.66850131886e-08, 2.72533799972e-08, 6.77071776423e-09, 1.82626094802e-10, 2.37814851145e-10, 2.77710771046e-10, 2.36723751712e-10, 2.50105713917e-10, 8.71564556637e-11, 5.58188772981e-11, 3.35453782807e-11, 3.18749193706e-11, 1.72784980768e-11, 1.22537396896e-10, 5.955732435e-12, 3.00479671526e-12, 1.05187421273e-11, 2.379403315e-12, 1.10083791041e-11, 8.82339600689e-12, 1.31045825233e-12, 3.09080170312e-12, 3.23300544322e-12, 1.93379296951e-12, 1.28361611704e-12, 2.14312140083e-12, 1.01818195802e-12, 1.48358181209e-12, 1.59391358619e-12, 1.28587830488e-12]}, "mfcc": {"mean": [-678.157714844, 153.909133911, 38.2808609009, 20.0209903717, 12.8638219833, 3.52738809586, -2.83152127266, -0.53274422884, 1.30419766903, -3.45278811455, -5.80674409866, -5.75096940994, -8.61295604706], "cov": [[3438.58276367, -1515.49169922, 328.172912598, -69.12134552, -5.52855443954, 62.1220359802, 40.0037460327, 157.681945801, 195.542633057, 58.6723556519, 47.9770622253, -55.5169181824, 4.78895139694], [-1515.49169922, 1576.01501465, -455.053436279, 53.5016021729, 91.8699493408, -2.19159150124, -27.8520774841, -28.8385944366, -62.8366737366, 29.087934494, 24.4279003143, 52.3184204102, -19.7458190918], [328.172912598, -455.053436279, 471.126861572, -21.1245365143, 7.47187232971, 37.521736145, 65.8324356079, 29.6410579681, 68.3601074219, 8.20275497437, 10.8933982849, -31.6697788239, 19.3019752502], [-69.12134552, 53.5016021729, -21.1245365143, 193.265823364, 51.9665412903, 57.080871582, 36.107334137, 7.53295373917, -28.171503067, 5.09618091583, 11.2524003983, 30.9015979767, 3.33715701103], [-5.52855443954, 91.8699493408, 7.47187232971, 51.9665412903, 168.651947021, 82.2045822144, 30.1718044281, 12.9967212677, -24.5007781982, -4.18064689636, 41.6508522034, 38.1206245422, 18.4178104401], [62.1220359802, -2.19159150124, 37.521736145, 57.080871582, 82.2045822144, 130.717147827, 68.8639373779, 20.893157959, -13.3858070374, 3.50157308578, 20.0465240479, 21.8432254791, 10.381152153], [40.0037460327, -27.8520774841, 65.8324356079, 36.107334137, 30.1718044281, 68.8639373779, 120.648727417, 54.7235298157, 17.1846866608, 16.4413852692, 2.44230818748, 2.76979017258, 2.82453966141], [157.681945801, -28.8385944366, 29.6410579681, 7.53295373917, 12.9967212677, 20.893157959, 54.7235298157, 103.237548828, 54.5150642395, 17.3669261932, 0.389843285084, -5.31209468842, -6.68496894836], [195.542633057, -62.8366737366, 68.3601074219, -28.171503067, -24.5007781982, -13.3858070374, 17.1846866608, 54.5150642395, 131.107467651, 49.7625045776, 2.99261808395, -29.8718471527, -4.67153453827], [58.6723556519, 29.087934494, 8.20275497437, 5.09618091583, -4.18064689636, 3.50157308578, 16.4413852692, 17.3669261932, 49.7625045776, 100.852531433, 23.5340976715, -6.12919664383, -6.56267786026], [47.9770622253, 24.4279003143, 10.8933982849, 11.2524003983, 41.6508522034, 20.0465240479, 2.44230818748, 0.389843285084, 2.99261808395, 23.5340976715, 78.8127288818, 28.9637737274, 8.76516723633], [-55.5169181824, 52.3184204102, -31.6697788239, 30.9015979767, 38.1206245422, 21.8432254791, 2.76979017258, -5.31209468842, -29.8718471527, -6.12919664383, 28.9637737274, 69.8717727661, 22.0661182404], [4.78895139694, -19.7458190918, 19.3019752502, 3.33715701103, 18.4178104401, 10.381152153, 2.82453966141, -6.68496894836, -4.67153453827, -6.56267786026, 8.76516723633, 22.0661182404, 53.2344818115]], "icov": [[0.000656435498968, 0.000728198152501, 0.000377623917302, 0.000138968316605, -0.000267257768428, -0.000441641313955, 0.000446998601547, -0.000711089873221, -0.000512947677635, -0.000195634900592, -0.000470331462566, 0.000244648457738, 3.78965851269e-05], [0.000728198152501, 0.00176662520971, 0.00137123535387, 0.000149707950186, -0.00100974866655, -0.000130160813569, 5.93200311414e-05, -0.000411881454056, -0.00070357567165, -0.000526384275872, -0.000539786415175, 0.000150084961206, 0.000303090666421], [0.000377623917302, 0.00137123535387, 0.00388387194835, 0.000329073664034, -0.000825417228043, -0.000298696686514, -0.00175599404611, 0.000731189968064, -0.00194059219211, 0.00046037384891, -0.00121095753275, 0.0015844006557, -0.000996297108941], [0.000138968316605, 0.000149707950186, 0.000329073664034, 0.00653181551024, -0.00077659683302, -0.00176944734994, -0.000834787322674, -0.000202380149858, 0.000881540821865, -0.000937682169024, 0.000663549522869, -0.00198708870448, 0.000823035778012], [-0.000267257768428, -0.00100974866655, -0.000825417228043, -0.00077659683302, 0.0109690465033, -0.00586127769202, 0.00173770089168, -0.00182462355588, 0.00148431339767, 0.00113175844308, -0.0034313541837, -0.0011670232052, -0.00165738305077], [-0.000441641313955, -0.000130160813569, -0.000298696686514, -0.00176944734994, -0.00586127769202, 0.0166866537184, -0.00830901507288, 0.00201794924214, 0.0010630574543, 6.18822014076e-05, -0.000122604440548, -0.000653910043184, 7.09244486643e-05], [0.000446998601547, 5.93200311414e-05, -0.00175599404611, -0.000834787322674, 0.00173770089168, -0.00830901507288, 0.0175892487168, -0.00852550845593, 0.00173792603891, -0.00232518673874, 0.00132198317442, 0.000448037229944, -0.000851434248034], [-0.000711089873221, -0.000411881454056, 0.000731189968064, -0.000202380149858, -0.00182462355588, 0.00201794924214, -0.00852550845593, 0.0184694007039, -0.00743316113949, 0.00197365158238, 0.00128477730323, -0.00220101396553, 0.0029599997215], [-0.000512947677635, -0.00070357567165, -0.00194059219211, 0.000881540821865, 0.00148431339767, 0.0010630574543, 0.00173792603891, -0.00743316113949, 0.0156024489552, -0.00583541113883, -0.000528727017809, 0.00418054219335, -0.0023089570459], [-0.000195634900592, -0.000526384275872, 0.00046037384891, -0.000937682169024, 0.00113175844308, 6.18822014076e-05, -0.00232518673874, 0.00197365158238, -0.00583541113883, 0.014388310723, -0.00470226304606, 0.000738241651561, 0.00141171738505], [-0.000470331462566, -0.000539786415175, -0.00121095753275, 0.000663549522869, -0.0034313541837, -0.000122604440548, 0.00132198317442, 0.00128477730323, -0.000528727017809, -0.00470226304606, 0.0191763583571, -0.0077504767105, 0.000970957393292], [0.000244648457738, 0.000150084961206, 0.0015844006557, -0.00198708870448, -0.0011670232052, -0.000653910043184, 0.000448037229944, -0.00220101396553, 0.00418054219335, 0.000738241651561, -0.0077504767105, 0.0244192071259, -0.00857309438288], [3.78965851269e-05, 0.000303090666421, -0.000996297108941, 0.000823035778012, -0.00165738305077, 7.09244486643e-05, -0.000851434248034, 0.0029599997215, -0.0023089570459, 0.00141171738505, 0.000970957393292, -0.00857309438288, 0.023545101285]]}, "spectral_contrast_coeffs": {"dmean": [0.0543446131051, 0.0496009290218, 0.0479454211891, 0.0350636802614, 0.0240546762943, 0.0209477487952], "dmean2": [0.0868249312043, 0.0800774171948, 0.070844002068, 0.0552332401276, 0.0372597835958, 0.0324402973056], "dvar": [0.00194954022299, 0.00160090555437, 0.00158893608022, 0.000840980152134, 0.000480380927911, 0.000376059062546], "dvar2": [0.00468772277236, 0.00420194678009, 0.00313561758958, 0.00199844595045, 0.00107518804725, 0.000885581714101], "max": [-0.280940920115, -0.422603309155, -0.493750065565, -0.593668818474, -0.614664554596, -0.689507603645], "mean": [-0.556033670902, -0.681324243546, -0.725894749165, -0.773449718952, -0.800873160362, -0.814411699772], "median": [-0.562631011009, -0.682535529137, -0.729358613491, -0.779798448086, -0.806622982025, -0.820975363255], "min": [-0.923962295055, -0.963578879833, -0.965333282948, -0.975155174732, -0.94700294733, -0.954765975475], "var": [0.00601190282032, 0.00511317746714, 0.00588811608031, 0.00250502652489, 0.00135741883423, 0.000981124467216]}, "spectral_contrast_valleys": {"dmean": [0.444481998682, 0.42375138402, 0.42825293541, 0.449399769306, 0.410523563623, 0.633045196533], "dmean2": [0.67746591568, 0.639895737171, 0.630876004696, 0.629598259926, 0.547402262688, 0.779960691929], "dvar": [0.190755650401, 0.149865880609, 0.156996786594, 0.178901419044, 0.169201791286, 0.390866965055], "dvar2": [0.341497719288, 0.302808940411, 0.301620215178, 0.3423820436, 0.310455590487, 0.833670735359], "max": [-4.79639482498, -5.0767698288, -6.15839147568, -6.70365190506, -6.67649555206, -8.26772212982]