{"lowlevel": {"average_loudness": 0.895348310471, "barkbands_crest": {"dmean": 4.08614730835, "dmean2": 6.38739013672, "dvar": 13.2916135788, "dvar2": 29.1047611237, "max": 26.5253734589, "mean": 13.9167747498, "median": 13.2392129898, "min": 1.80482363701, "var": 45.1639289856}, "barkbands_flatness_db": {"dmean": 0.0470894128084, "dmean2": 0.0729130133986, "dvar": 0.0027927395422, "dvar2": 0.00536071741953, "max": 0.739603936672, "mean": 0.171244457364, "median": 0.142656669021, "min": 0.00689282314852, "var": 0.0122677665204}, "barkbands_kurtosis": {"dmean": 24.6986274719, "dmean2": 39.4681510925, "dvar": 3200.53076172, "dvar2": 8229.58984375, "max": 859.198730469, "mean": 29.9530677795, "median": 5.91131591797, "min": -1.90342640877, "var": 4105.41650391}, "barkbands_skewness": {"dmean": 1.66476237774, "dmean2": 2.50115656853, "dvar": 4.52319717407, "dvar2": 9.86213493347, "max": 25.1214618683, "mean": 3.28124499321, "median": 2.25827074051, "min": -5.98411417007, "var": 11.9958705902}, "barkbands_spread": {"dmean": 11.1202640533, "dmean2": 17.8641796112, "dvar": 209.230194092, "dvar2": 476.199157715, "max": 112.035804749, "mean": 21.4896411896, "median": 15.7588195801, "min": 0.0572462379932, "var": 399.991607666}, "dissonance": {"dmean": 0.0167844817042, "dmean2": 0.0276984088123, "dvar": 0.000449374550954, "dvar2": 0.00108384038322, "max": 0.500000178814, "mean": 0.473874360323, "median": 0.484670549631, "min": 0.22938555479, "var": 0.000903484993614}, "dynamic_complexity": 4.29577684402, "erbbands_crest": {"dmean": 3.13277339935, "dmean2": 5.0193734169, "dvar": 9.08843803406, "dvar2": 20.7716827393, "max": 30.6529483795, "mean": 8.25999259949, "median": 7.10611772537, "min": 2.04912590981, "var": 21.3749713898}, "erbbands_flatness_db": {"dmean": 0.0240628179163, "dmean2": 0.0362098962069, "dvar": 0.00072518188972, "dvar2": 0.00156872090884, "max": 0.566528260708, "mean": 0.132578104734, "median": 0.107473529875, "min": 0.0351199992001, "var": 0.00624111108482}, "erbbands_kurtosis": {"dmean": 1.85833072662, "dmean2": 2.99760985374, "dvar": 18.8017292023, "dvar2": 43.7683753967, "max": 136.99067688, "mean": 1.10966408253, "median": -0.303940057755, "min": -1.90721404552, "var": 35.9471435547}, "erbbands_skewness": {"dmean": 0.630768895149, "dmean2": 0.989372253418, "dvar": 0.513959944248, "dvar2": 1.15341043472, "max": 8.69048500061, "mean": 0.416875749826, "median": 0.349068850279, "min": -5.14436578751, "var": 1.1380982399}, "erbbands_spread": {"dmean": 16.9685497284, "dmean2": 26.083770752, "dvar": 352.335296631, "dvar2": 783.600769043, "max": 210.667221069, "mean": 53.7600631714, "median": 49.517665863, "min": 1.23221707344, "var": 975.248779297}, "hfc": {"dmean": 11.0256671906, "dmean2": 17.3658370972, "dvar": 266.156341553, "dvar2": 646.713989258, "max": 178.631561279, "mean": 17.2262458801, "median": 11.3042268753, "min": 1.1883926513e-16, "var": 345.192504883}, "melbands_crest": {"dmean": 4.59320354462, "dmean2": 7.21567773819, "dvar": 16.5062141418, "dvar2": 37.3582267761, "max": 35.8000221252, "mean": 18.1339607239, "median": 17.5823192596, "min": 2.38552045822, "var": 63.4530754089}, "melbands_flatness_db": {"dmean": 0.0576164126396, "dmean2": 0.0875944420695, "dvar": 0.00434753485024, "dvar2": 0.00799062754959, "max": 0.89454883337, "mean": 0.248455524445, "median": 0.224008351564, "min": 0.0114345382899, "var": 0.0196933932602}, "melbands_kurtosis": {"dmean": 48.1422805786, "dmean2": 75.0745544434, "dvar": 8978.10644531, "dvar2": 18828.2148438, "max": 1463.36914062, "mean": 71.2651290894, "median": 21.1855373383, "min": -1.82910859585, "var": 16307.4492188}, "melbands_skewness": {"dmean": 2.06129145622, "dmean2": 3.08247041702, "dvar": 6.52641057968, "dvar2": 13.3592529297, "max": 31.4969558716, "mean": 5.09389305115, "median": 3.95085597038, "min": -3.57624793053, "var": 19.5891113281}, "melbands_spread": {"dmean": 12.7338409424, "dmean2": 20.5402126312, "dvar": 440.224334717, "dvar2": 963.964477539, "max": 246.671463013, "mean": 21.4217529297, "median": 11.2699213028, "min": 0.171266183257, "var": 789.941345215}, "pitch_salience": {"dmean": 0.120472088456, "dmean2": 0.186804488301, "dvar": 0.0137578696012, "dvar2": 0.0279984567314, "max": 0.968355298042, "mean": 0.490596443415, "median": 0.526421368122, "min": 0.048372849822, "var": 0.0512696392834}, "silence_rate_20dB": {"dmean": 0, "dmean2": 0, "dvar": 0, "dvar2": 0, "max": 1, "mean": 1, "median": 1, "min": 1, "var": 0}, "silence_rate_30dB": {"dmean": 0.130361288786, "dmean2": 0.26075014472, "dvar": 0.113358095288, "dvar2": 0.225718796253, "max": 1, "mean": 0.7882117033, "median": 1, "min": 0, "var": 0.166927829385}, "silence_rate_60dB": {"dmean": 0.0777519568801, "dmean2": 0.15552033484, "dvar": 0.0717041194439, "dvar2": 0.149496778846, "max": 1, "mean": 0.158445119858, "median": 0, "min": 0, "var": 0.133334115148}, "spectral_centroid": {"dmean": 499.823059082, "dmean2": 783.341796875, "dvar": 342419.96875, "dvar2": 711127.5625, "max": 11791.3066406, "mean": 1463.89416504, "median": 1268.54992676, "min": 76.2398986816, "var": 971072.8125}, "spectral_complexity": {"dmean": 5.99978876114, "dmean2": 9.50343322754, "dvar": 55.7454566956, "dvar2": 127.376426697, "max": 58, "mean": 12.2754831314, "median": 9, "min": 0, "var": 100.615234375}, "spectral_decrease": {"dmean": 8.2147870728e-09, "dmean2": 1.25573231813e-08, "dvar": 1.31524351139e-16, "dvar2": 2.8019270207e-16, "max": -2.72625013278e-29, "mean": -1.38554678841e-08, "median": -5.17824183532e-09, "min": -8.53170476489e-08, "var": 2.80430956556e-16}, "spectral_energy": {"dmean": 0.0316111706197, "dmean2": 0.0481035336852, "dvar": 0.00189576495904, "dvar2": 0.00402495637536, "max": 0.32555937767, "mean": 0.0538562610745, "median": 0.0211967900395, "min": 1.08819697017e-20, "var": 0.00408734660596}, "spectral_energyband_high": {"dmean": 0.000809188408311, "dmean2": 0.00130234495737, "dvar": 2.07237462746e-06, "dvar2": 5.25795530848e-06, "max": 0.0182426869869, "mean": 0.00103227188811, "median": 0.000502028269693, "min": 7.65658004363e-21, "var": 2.35606398746e-06}, "spectral_energyband_low": {"dmean": 0.0275228768587, "dmean2": 0.0416308119893, "dvar": 0.0016854708083, "dvar2": 0.00362405832857, "max": 0.307548552752, "mean": 0.0432028062642, "median": 0.00945950113237, "min": 4.3710517701e-23, "var": 0.00349036976695}, "spectral_energyband_middle_high": {"dmean": 0.00163040379994, "dmean2": 0.00278166867793, "dvar": 7.36105084798e-06, "dvar2": 1.89695347217e-05, "max": 0.0400319695473, "mean": 0.00201885402203, "median": 0.00100752979051, "min": 1.7490406896e-21, "var": 7.83829545981e-06}, "spectral_energyband_middle_low": {"dmean": 0.00965950917453, "dmean2": 0.0161381587386, "dvar": 0.000424759695306, "dvar2": 0.00109401461668, "max": 0.159321725368, "mean": 0.00984278973192, "median": 0.00327883055434, "min": 3.48395458433e-22, "var": 0.00035689570359}, "spectral_entropy": {"dmean": 0.288921535015, "dmean2": 0.452334553003, "dvar": 0.127809986472, "dvar2": 0.26601755619, "max": 9.80000591278, "mean": 7.79647874832, "median": 7.96801042557, "min": 3.86893415451, "var": 0.396791428328}, "spectral_flux": {"dmean": 0.0638482347131, "dmean2": 0.0955640226603, "dvar": 0.00540851615369, "dvar2": 0.0101897576824, "max": 0.537850260735, "mean": 0.130314618349, "median": 0.0960348471999, "min": 1.04316680294e-10, "var": 0.0119686312973}, "spectral_kurtosis": {"dmean": 3.22077250481, "dmean2": 5.20212841034, "dvar": 322.921630859, "dvar2": 803.99621582, "max": 888.712768555, "mean": 6.87399244308, "median": 2.75641870499, "min": -1.19313704967, "var": 1022.17449951}, "spectral_rms": {"dmean": 0.00199223845266, "dmean2": 0.00283747934736, "dvar": 5.56218992642e-06, "dvar2": 9.95658865577e-06, "max": 0.0178218651563, "mean": 0.00584768177941, "median": 0.00454750424251, "min": 3.25830551776e-12, "var": 1.83472347999e-05}, "spectral_rolloff": {"dmean": 1034.81079102, "dmean2": 1721.73010254, "dvar": 3139364, "dvar2": 6803995, "max": 18798.4863281, "mean": 1739.89746094, "median": 559.86328125, "min": 21.533203125, "var": 5821353}, "spectral_skewness": {"dmean": 0.33398398757, "dmean2": 0.519752681255, "dvar": 0.364150196314, "dvar2": 0.849838912487, "max": 22.9940795898, "mean": 1.60452246666, "median": 1.39619648457, "min": -0.0549935400486, "var": 1.5964512825}, "spectral_spread": {"dmean": 891882.5, "dmean2": 1413666.875, "dvar": 1349641175040.0, "dvar2": 2818903113730.0, "max": 39881612, "mean": 6012242, "median": 6240694, "min": 93043.7890625, "var": 4983578689540.0}, "spectral_strongpeak": {"dmean": 0.344042539597, "dmean2": 0.566433668137, "dvar": 0.178172305226, "dvar2": 0.422091066837, "max": 8.82622814178, "mean": 0.530822396278, "median": 0.357782155275, "min": 0, "var": 0.30558821559}, "zerocrossingrate": {"dmean": 0.0210907477885, "dmean2": 0.0232549812645, "dvar": 0.000673882488627, "dvar2": 0.000644196523353, "max": 0.49267578125, "mean": 0.0710341185331, "median": 0.0556640625, "min": 0.001953125, "var": 0.00391812296584}, "barkbands": {"dmean": [0.00161775294691, 0.0223622042686, 0.00831754785031, 0.00560328643769, 0.00384862488136, 0.000691108754836, 0.000561537395697, 0.000377453310648, 0.000645842752419, 0.000191409271793, 0.000235011655604, 0.000339205551427, 0.000190677077626, 0.000172278683749, 0.000177454465302, 0.000204809315619, 0.000199822432478, 0.000132154498715, 0.000243115369813, 0.000140583986649, 0.000138771516504, 0.00013803881302, 0.000153316010255, 0.000130442567752, 0.000103015911009, 7.51699190005e-05, 2.71804074146e-05], "dmean2": [0.00261371629313, 0.0350849032402, 0.0147349471226, 0.00955598521978, 0.00707925856113, 0.00118723732885, 0.000943100254517, 0.000626313732937, 0.000999010633677, 0.000313316035317, 0.000387941778172, 0.000593498814851, 0.000333559582941, 0.000312118965667, 0.000324430060573, 0.000375719449949, 0.000370576919522, 0.000236535386648, 0.000440110015916, 0.000242396912654, 0.000224911113037, 0.000224363451707, 0.000255132646998, 0.000217238266487, 0.000169103717781, 0.000125275080791, 4.41225238319e-05], "dvar": [1.07253144961e-05, 0.00120134779718, 0.000413470668718, 0.000187165584066, 0.000110780252726, 1.77111348876e-06, 1.15012460356e-06, 7.11644304374e-07, 3.87124737244e-06, 2.32855455806e-07, 4.3139411332e-07, 7.61408671224e-07, 2.23322274451e-07, 1.98046407718e-07, 1.22048490425e-07, 2.25287280387e-07, 1.78782087801e-07, 6.60267076569e-08, 2.97574644037e-07, 8.24484160944e-08, 5.91253694893e-08, 7.10459460151e-08, 8.4445076709e-08, 5.86099986322e-08, 3.30524301262e-08, 1.73110485946e-08, 2.23752927297e-09], "dvar2": [2.83530298475e-05, 0.00271543581039, 0.00109591998626, 0.000479900249047, 0.000315159151796, 4.46088870376e-06, 2.95961353913e-06, 1.61295997714e-06, 8.94235927262e-06, 5.55396525215e-07, 1.09272684767e-06, 1.91331128008e-06, 5.89760134062e-07, 5.6612248045e-07, 3.40585103231e-07, 6.34366358554e-07, 5.04550200731e-07, 1.84346134802e-07, 8.37601930925e-07, 2.23059601012e-07, 1.36489973102e-07, 1.78917701987e-07, 2.15652050883e-07, 1.5375049145e-07, 8.42347844809e-08, 4.47887416044e-08, 5.63196111969e-09], "max": [0.113803692162, 0.251155287027, 0.163645759225, 0.116224363446, 0.0985499471426, 0.04118315503, 0.0176213327795, 0.0330283902586, 0.0464328490198, 0.0113027449697, 0.0153017695993, 0.0394630022347, 0.0122622502968, 0.0120911113918, 0.00607452727854, 0.00738454284146, 0.00386267481372, 0.00241358298808, 0.00468763615936, 0.00369335548021, 0.00334881595336, 0.00315600610338, 0.00453190831468, 0.00338501716033, 0.002621374093, 0.00153191771824, 0.000886726542376], "mean": [0.00194749666844, 0.0323755256832, 0.00667949486524, 0.00426511513069, 0.00279509974644, 0.000750806182623, 0.000697284005582, 0.000401185709052, 0.000861593231093, 0.00021828521858, 0.00025524123339, 0.000318224250805, 0.000199359463295, 0.000161154457601, 0.000154108114657, 0.00016733679513, 0.000164155120729, 0.000128864427097, 0.000215128486161, 0.000154878580361, 0.000177841968252, 0.000199470741791, 0.000186652468983, 0.000149285348016, 0.000116036622785, 8.45218019094e-05, 3.20022518281e-05], "median": [0.000239767075982, 0.0047438070178, 0.000528273929376, 0.000420459226007, 0.000514494953677, 0.000258495274466, 0.000186682998901, 0.000107537285658, 0.000162321288371, 7.08293882781e-05, 6.90718734404e-05, 8.49143543746e-05, 5.81619169679e-05, 4.84967713419e-05, 4.55939371022e-05, 4.53576358268e-05, 5.11850230396e-05, 4.4257434638e-05, 5.16348009114e-05, 5.09089659317e-05, 6.81214150973e-05, 7.61727787904e-05, 8.51651129778e-05, 5.98595979682e-05, 4.8714249715e-05, 3.90197528759e-05, 1.38551122291e-05], "min": [1.37266294016e-24, 3.15783564436e-24, 2.43331782389e-23, 2.46738935748e-23, 1.57011264748e-22, 2.27888110453e-23, 9.96020512097e-23, 1.63985691296e-23, 1.65562513805e-23, 4.03223317141e-23, 1.31123449924e-22, 6.03192519975e-23, 9.16448049479e-23, 1.36713532868e-22, 1.65835311372e-22, 1.95699906548e-22, 2.44604158231e-22, 1.96877341402e-22, 3.23758461461e-22, 5.07214287505e-22, 3.92421520497e-22, 5.36893683384e-22, 7.44840144303e-22, 6.88581664256e-22, 1.04325478942e-21, 1.62311990988e-21, 2.47073921429e-21], "var": [1.62015148817e-05, 0.00228153518401, 0.000328370864736, 0.000148986757267, 6.68532593409e-05, 1.98376005756e-06, 1.67115604199e-06, 9.39848916914e-07, 6.12604617345e-06, 2.79925444602e-07, 4.38306557271e-07, 9.29193220145e-07, 2.31744309076e-07, 1.43154863963e-07, 8.61506279648e-08, 1.43554657939e-07, 1.12537499319e-07, 4.92409846231e-08, 2.15087780475e-07, 7.36787484357e-08, 7.8699201822e-08, 9.6726083143e-08, 8.75608989759e-08, 5.70381324394e-08, 3.35894654313e-08, 1.72067142756e-08, 2.73229261438e-09]}, "erbbands": {"dmean": [0.771034955978, 5.18663263321, 10.3426675797, 14.0765762329, 16.1266498566, 12.2780447006, 7.33447504044, 5.44950723648, 7.77863550186, 7.57711172104, 9.19045734406, 15.7186775208, 7.59712076187, 7.3827290535, 10.4212961197, 13.5140609741, 8.81931209564, 7.8146944046, 10.2168455124, 9.10252189636, 11.6053104401, 10.7759933472, 8.11109352112, 9.66427516937, 10.6008911133, 7.09738636017, 6.12233495712, 5.31325435638, 5.1554236412, 4.60490322113, 4.50727272034, 3.36756229401, 1.8030475378, 1.191857934, 0.709443032742, 0.348388999701, 0.138181641698, 0.0291934292763, 0.00466969097033, 0.000297283928376], "dmean2": [1.25703537464, 7.97639846802, 17.9676094055, 23.2005710602, 28.9127254486, 22.5774726868, 12.9332590103, 9.28084087372, 13.0405235291, 12.5830745697, 15.0819683075, 24.3420715332, 11.9170455933, 12.0639877319, 17.4118404388, 23.6782855988, 15.2582426071, 14.1065206528, 18.4963474274, 16.8078632355, 21.0775165558, 19.9773521423, 14.7253017426, 17.3819122314, 18.7618141174, 12.2528362274, 10.1912975311, 8.53243160248, 8.20917034149, 7.43652009964, 7.56623601913, 5.64148712158, 3.01998353004, 1.96471834183, 1.17103135586, 0.582815170288, 0.231124356389, 0.0472392328084, 0.00767198298126, 0.000480847782455], "dvar": [1.57848477364, 67.4755630493, 542.034057617, 973.746032715, 1723.22937012, 1258.56237793, 270.185943604, 111.874420166, 262.217407227, 196.726715088, 456.183380127, 2334.26660156, 531.006286621, 519.227111816, 848.99395752, 1011.47198486, 489.307403564, 465.178070068, 479.908508301, 363.998443604, 733.055664062, 571.875305176, 282.600769043, 444.507171631, 537.026000977, 216.537811279, 118.918167114, 93.2096252441, 105.66696167, 66.9674453735, 77.6027145386, 39.9247131348, 11.3667144775, 4.63788032532, 1.55318248272, 0.361220568419, 0.0613139420748, 0.00249874428846, 6.31347720628e-05, 2.90674762482e-07], "dvar2": [4.1884431839, 156.410079956, 1458.49829102, 2424.5769043, 4727.69042969, 3628.51611328, 715.510620117, 290.83291626, 685.424926758, 499.986328125, 1046.51574707, 5095.06347656, 1244.15515137, 1340.28942871, 2200.42944336, 2650.78588867, 1272.30432129, 1336.59716797, 1343.09069824, 1025.57653809, 2036.42956543, 1624.51208496, 797.780883789, 1253.26708984, 1485.04089355, 583.758666992, 297.855621338, 223.8934021, 259.636352539, 163.796615601, 203.459884644, 105.504844666, 29.9695262909, 11.9258184433, 3.93801426888, 0.937165617943, 0.158654630184, 0.00634218472987, 0.000158659080626, 7.33886167836e-07], "max": [9.9559803009, 63.1346626282, 151.951980591, 295.358276367, 349.822174072, 549.501647949, 493.167938232, 358.216217041, 316.743591309, 222.783889771, 714.088500977, 1189.83093262, 698.981323242, 651.409057617, 721.931396484, 977.464416504, 629.606506348, 678.293579102, 591.397583008, 298.036315918, 446.688049316, 262.262786865, 130.360153198, 200.715667725, 230.474945068, 180.796585083, 145.168762207, 157.343353271, 130.496887207, 100.851730347, 128.990432739, 86.925743103, 45.6202507019, 32.3316497803, 18.4413146973, 6.65754175186, 3.3374080658, 0.668948411942, 0.15054911375, 0.0113292951137], "mean": [0.985130488873, 6.92110443115, 9.38577365875, 11.7563819885, 11.4236469269, 9.04073238373, 6.77866125107, 6.05326080322, 9.77047729492, 8.90704917908, 10.9603586197, 21.1908149719, 9.29584026337, 8.38054466248, 11.3911857605, 12.8425970078, 9.63537406921, 7.6355266571, 9.44854259491, 7.82914018631, 9.69139194489, 9.02520561218, 7.43519020081, 8.83747196198, 10.2100667953, 7.55876398087, 7.49801015854, 6.97607898712, 7.35098743439, 6.20962238312, 5.20167732239, 3.71552586555, 2.12191438675, 1.3544549942, 0.789203882217, 0.390410512686, 0.152403175831, 0.034344278276, 0.00537717994303, 0.0003918108996], "median": [0.125050023198, 1.04002559185, 1.2289494276, 1.57593727112, 1.32143700123, 1.65624594688, 2.3185107708, 2.17808127403, 2.90070605278, 2.62832641602, 3.65411949158, 3.81822276115, 2.76210474968, 2.85917115211, 3.61818766594, 3.8429236412, 3.21988272667, 2.73458123207, 2.64128851891, 2.52864027023, 2.72325563431, 2.86694455147, 2.48182034492, 2.56555390358, 2.62018060684, 2.41259407997, 2.97048354149, 2.72103667259, 2.65234017372, 2.72771000862, 2.3415658474, 1.46568250656, 0.840085566044, 0.533270478249, 0.341662377119, 0.178903698921, 0.0679760798812, 0.0153585113585, 0.0023171142675, 0.000207323610084], "min": [7.81626167196e-23, 1.15959836862e-21, 1.9343515227e-20, 7.40956339476e-20, 3.03803664204e-19, 6.05925515127e-19, 1.92865922761e-19, 3.18011008213e-19, 1.41637991531e-18, 8.94239110837e-19, 2.36330929379e-19, 4.37833936055e-19, 1.13473939239e-18, 2.6891774063e-18, 3.6586463191e-18, 3.04145936032e-18, 4.4010694566e-18, 6.74085156242e-18, 7.48077496011e-18, 9.07840234854e-18, 1.24132215199e-17, 1.34100502586e-17, 1.1392453347e-17, 2.26152800746e-17, 8.48754392827e-18, 2.61533631651e-17, 1.52455077896e-17, 1.95435035109e-17, 1.94489435319e-17, 1.62094015051e-17, 2.57534395369e-17, 1.64379250386e-17, 1.08739922555e-17, 1.13792283834e-17, 7.59828671947e-18, 5.09581721231e-18, 3.30036523769e-18, 1.60716188576e-18, 3.23760482157e-19, 3.37735485348e-20], "var": [2.45182347298, 114.429481506, 467.529693604, 841.12097168, 1123.23486328, 747.79510498, 233.796554565, 123.973762512, 333.394287109, 258.246337891, 596.94354248, 4286.62109375, 654.701171875, 478.436981201, 879.229614258, 1075.83361816, 534.633911133, 301.615966797, 386.606292725, 237.759140015, 485.491241455, 352.445587158, 190.5418396, 314.553283691, 439.644622803, 186.886032104, 136.447113037, 121.558532715, 143.669616699, 88.0409393311, 73.887512207, 37.4843063354, 11.2631244659, 4.69817829132, 1.55761754513, 0.357762396336, 0.0595172122121, 0.00282155163586, 7.43175696698e-05, 3.62270185406e-07]}, "gfcc": {"mean": [-35.7389221191, 53.4350128174, -87.7358169556, 27.6816329956, -46.1666221619, 16.3140048981, -23.5725688934, 8.68600749969, -15.9492673874, 4.38567590714, -11.9258995056, 2.70202970505, -11.5696115494], "cov": [[17931.328125, -57.3869781494, 3840.35205078, 1743.5402832, -398.024353027, 529.565002441, -238.749862671, 406.141174316, -137.270263672, 235.345397949, -290.825561523, 118.440231323, -353.143798828], [-57.3869781494, 4685.59765625, 1501.86535645, 199.212097168, 941.303588867, -260.652984619, 426.285217285, 12.3959827423, 274.917785645, -68.0962219238, 251.944488525, -176.313140869, 168.306289673], [3840.35205078, 1501.86535645, 3067.26147461, 917.454162598, 335.836791992, 331.859924316, 159.353302002, 263.401184082, 126.175018311, 87.7558441162, 73.4831085205, 42.873878479, -93.4276123047], [1743.5402832, 199.212097168, 917.454162598, 918.291442871, 325.274139404, 192.565170288, 112.739700317, 54.7851867676, 91.344329834, 42.7161750793, 7.95945453644, -6.58283376694, -13.0913848877], [-398.024353027, 941.303588867, 335.836791992, 325.274139404, 765.385559082, 122.846809387, 231.463531494, 63.6051330566, 103.469711304, -0.661655128002, 103.127616882, -26.9297790527, 75.9930648804], [529.565002441, -260.652984619, 331.859924316, 192.565170288, 122.846809387, 355.358795166, 146.311065674, 137.745101929, 59.7851791382, 60.6814842224, 13.6344995499, 59.1310958862, -7.3895072937], [-238.749862671, 426.285217285, 159.353302002, 112.739700317, 231.463531494, 146.311065674, 296.085266113, 116.315719604, 123.06060791, 35.8996200562, 70.3977355957, 9.9157705307, 52.7713050842], [406.141174316, 12.3959827423, 263.401184082, 54.7851867676, 63.6051330566, 137.745101929, 116.315719604, 185.442596436, 84.6041107178, 74.3486022949, 48.9805831909, 56.1581268311, 4.39698600769], [-137.270263672, 274.917785645, 126.175018311, 91.344329834, 103.469711304, 59.7851791382, 123.06060791, 84.6041107178, 164.108596802, 79.6013336182, 65.7028808594, 22.6298542023, 42.3835945129], [235.345397949, -68.0962219238, 87.7558441162, 42.7161750793, -0.661655128002, 60.6814842224, 35.8996200562, 74.3486022949, 79.6013336182, 110.664657593, 47.6551094055, 38.1375236511, 8.9776391983], [-290.825561523, 251.944488525, 73.4831085205, 7.95945453644, 103.127616882, 13.6344995499, 70.3977355957, 48.9805831909, 65.7028808594, 47.6551094055, 114.813941956, 51.384552002, 36.2120933533], [118.440231323, -176.313140869, 42.873878479, -6.58283376694, -26.9297790527, 59.1310958862, 9.9157705307, 56.1581268311, 22.6298542023, 38.1375236511, 51.384552002, 102.383300781, 25.1075325012], [-353.143798828, 168.306289673, -93.4276123047, -13.0913848877, 75.9930648804, -7.3895072937, 52.7713050842, 4.39698600769, 42.3835945129, 8.9776391983, 36.2120933533, 25.1075325012, 76.791885376]], "icov": [[0.000120591110317, -8.80752850208e-05, -3.93674999941e-05, -0.000232978432905, 0.000125677805045, 1.55173484018e-06, 7.03127661836e-05, -0.000269878160907, 0.000420427881181, -0.000463086820673, 0.000554361147806, -0.000359346799087, 0.000181067312951], [-8.80752850208e-05, 0.000898642407265, -0.000615029537585, 0.000738861679565, -0.000654997769743, 0.000936578202527, -0.000678007956594, 0.000708325300366, -0.0012137965532, 0.00115740951151, -0.00147229165304, 0.00178589543793, -0.00118824839592], [-3.93674999941e-05, -0.000615029537585, 0.00108317448758, -0.000901297782548, 0.000406585983001, -0.000809617922641, 0.000682799261995, -0.00111108960118, 0.000509611680172, -4.43065328e-05, 8.38877313072e-05, -0.000894231430721, 0.00142196984962], [-0.000232978432905, 0.000738861679565, -0.000901297782548, 0.0028985014651, -0.00142231502105, 0.000177811554749, -0.000716950919013, 0.00231192167848, -0.00239677238278, 0.000688449246809, -0.000345293374266, 0.000980735057965, -0.00042372388998], [0.000125677805045, -0.000654997769743, 0.000406585983001, -0.00142231502105, 0.00320171541534, -0.00153208849952, 0.000155808607815, -0.00131343596149, 0.00147197803017, 0.000574460893404, -0.00199723313563, 0.00175076676533, -0.00159217603505], [1.55173484018e-06, 0.000936578202527, -0.000809617922641, 0.000177811554749, -0.00153208849952, 0.00728316931054, -0.00388475856744, -0.000688421831001, -1.28629994833e-06, -0.00150481716264, 0.00324906036258, -0.00337417377159, 0.00167344661895], [7.03127661836e-05, -0.000678007956594, 0.000682799261995, -0.000716950919013, 0.000155808607815, -0.00388475856744, 0.00982522871345, -0.00462933862582, -0.00273452792317, 0.00340075627901, -0.00304141640663, 0.00395062426105, -0.00324276322499], [-0.000269878160907, 0.000708325300366, -0.00111108960118, 0.00231192167848, -0.00131343596149, -0.000688421831001, -0.00462933862582, 0.0149913597852, -0.00394845474511, -0.00330567988567, 0.000593202828895, -0.00465629203245, 0.00361361843534], [0.000420427881181, -0.0012137965532, 0.000509611680172, -0.00239677238278, 0.00147197803017, -1.28629994833e-06, -0.00273452792317, -0.00394845474511, 0.0187445897609, -0.0111586814746, 0.000504527066369, 0.000622653285973, -0.00402901461348], [-0.000463086820673, 0.00115740951151, -4.43065328e-05, 0.000688449246809, 0.000574460893404, -0.00150481716264, 0.00340075627901, -0.00330567988567, -0.0111586814746, 0.0233059115708, -0.0094986744225, 0.00384613755159, -0.000808049517218], [0.000554361147806, -0.00147229165304, 8.38877313072e-05, -0.000345293374266, -0.00199723313563, 0.00324906036258, -0.00304141640663, 0.000593202828895, 0.000504527066369, -0.0094986744225, 0.0259945932776, -0.0162824094296, 0.00406218273565], [-0.000359346799087, 0.00178589543793, -0.000894231430721, 0.000980735057965, 0.00175076676533, -0.00337417377159, 0.00395062426105, -0.00465629203245, 0.000622653285973, 0.00384613755159, -0.0162824094296, 0.028141990304, -0.0133092990145], [0.000181067312951, -0.00118824839592, 0.00142196984962, -0.00042372388998, -0.00159217603505, 0.00167344661895, -0.00324276322499, 0.00361361843534, -0.00402901461348, -0.000808049517218, 0.00406218273565, -0.0133092990145, 0.0266293082386]]}, "melbands": {"dmean": [0.00619789538905, 0.00561251956969, 0.00252066017129, 0.00102657708339, 0.000292052078294, 0.000123492267448, 0.000117759256682, 8.16924366518e-05, 8.40326538309e-05, 9.71931149252e-05, 3.71490859834e-05, 2.9374146834e-05, 3.35792574333e-05, 4.1555671487e-05, 2.5047973395e-05, 1.81085324584e-05, 1.43794804899e-05, 1.73008647835e-05, 1.31303659145e-05, 1.27731282191e-05, 1.46807606143e-05, 1.16725186672e-05, 9.47943408391e-06, 5.60461194254e-06, 8.04863702797e-06, 9.79929609457e-06, 5.04583658767e-06, 4.76869763588e-06, 3.99527652917e-06, 3.46771366821e-06, 3.02516650663e-06, 3.2181910683e-06, 2.41047428062e-06, 2.70832333626e-06, 2.98568443213e-06, 1.81570362656e-06, 2.25648886953e-06, 1.27416262785e-06, 1.09977065677e-06, 9.92878426587e-07], "dmean2": [0.00972790177912, 0.0091602364555, 0.00418356247246, 0.00187045615166, 0.000521080684848, 0.0002102782164, 0.000197809553356, 0.000135183567181, 0.000136516508064, 0.000150973704876, 5.9155649069e-05, 4.84485462948e-05, 5.58155516046e-05, 7.24464553059e-05, 4.40580006398e-05, 3.16405021294e-05, 2.61210516328e-05, 3.11687435897e-05, 2.42588248511e-05, 2.37708700297e-05, 2.67890482064e-05, 2.16641110455e-05, 1.74615433934e-05, 9.90870466921e-06, 1.4530525732e-05, 1.77181009349e-05, 8.62882006913e-06, 8.32533805806e-06, 6.74699549563e-06, 5.70463180338e-06, 4.92956223752e-06, 5.11090138389e-06, 3.99862574341e-06, 4.43552471552e-06, 5.07087725055e-06, 3.01048635265e-06, 3.83939095627e-06, 2.15790214497e-06, 1.82709140972e-06, 1.64479445175e-06], "dvar": [9.55707510002e-05, 0.000116708943096, 3.16277146339e-05, 7.51157904233e-06, 5.10044401381e-07, 5.71546223682e-08, 5.70133025235e-08, 2.37817641136e-08, 3.8853734452e-08, 1.0201114975e-07, 1.38573881259e-08, 8.15865064396e-09, 8.72111716177e-09, 1.29553709982e-08, 2.79142042814e-09, 2.47480280713e-09, 1.74433778533e-09, 1.52263579523e-09, 7.16287307245e-10, 8.17645617879e-10, 1.33856192797e-09, 6.6305527735e-10, 4.57420823441e-10, 1.06368906738e-10, 3.24238608185e-10, 4.70317174095e-10, 1.19430507151e-10, 1.00188003727e-10, 5.28145756296e-11, 4.46338278837e-11, 2.76327676019e-11, 4.39592216794e-11, 1.93169404084e-11, 2.41604063145e-11, 3.36103887777e-11, 1.084305562e-11, 1.97638745647e-11, 6.6128027533e-12, 3.65639896832e-12, 3.43390311845e-12], "dvar2": [0.00022632467153, 0.000296054640785, 7.95059022494e-05, 2.11603328353e-05, 1.40725069286e-06, 1.47153144781e-07, 1.47546302287e-07, 5.94262630216e-08, 9.11539146387e-08, 2.29336464486e-07, 3.31270761933e-08, 2.12929673893e-08, 2.23321663384e-08, 3.2106250103e-08, 7.36084082575e-09, 6.6492567008e-09, 5.02572117256e-09, 4.2514840537e-09, 2.01729499771e-09, 2.3246533587e-09, 3.73577346835e-09, 1.88369186915e-09, 1.30364863349e-09, 2.916525077e-10, 9.18374321035e-10, 1.31406030501e-09, 3.16869641637e-10, 2.72870726015e-10, 1.3716888736e-10, 1.06669721667e-10, 6.74239344911e-11, 1.10014962418e-10, 4.85167982178e-11, 5.84885057053e-11, 8.82800360591e-11, 2.7840344613e-11, 5.30990147685e-11, 1.78440352772e-11, 9.36307541916e-12, 8.91795057939e-12], "max": [0.0744471102953, 0.0829188749194, 0.0475079342723, 0.0249359197915, 0.01610930264, 0.00816598720849, 0.00453110318631, 0.00386086967774, 0.00646565295756, 0.0081218322739, 0.00354940886609, 0.00254816515371, 0.00225243181922, 0.00571798253804, 0.00143195397686, 0.00149254570715, 0.00133118312806, 0.00119389011525, 0.000561067601666, 0.000420466036303, 0.000648567569442, 0.000312690710416, 0.000173485837877, 0.000106190716906, 0.000177764988621, 0.000180258211913, 0.000144640172948, 0.000121208606288, 0.000101934085251, 8.49773787195e-05, 9.91058623185e-05, 8.22849251563e-05, 5.58257561352e-05, 6.7154323915e-05, 8.18725166027e-05, 4.70599370601e-05, 6.45250329399e-05, 3.51984745066e-05, 2.52291247307e-05, 3.29809226969e-05], "mean": [0.00910647865385, 0.00657714996487, 0.00205617607571, 0.000732631131541, 0.000261463603238, 0.000137433962664, 0.000149731757119, 9.37465883908e-05, 0.000100787736301, 0.000128716419567, 4.24769059464e-05, 3.22060623148e-05, 3.66486347048e-05, 3.9030201151e-05, 2.48887390626e-05, 1.87811110663e-05, 1.32561435748e-05, 1.58292132255e-05, 1.1110541891e-05, 1.03807451524e-05, 1.18760299301e-05, 9.56967414822e-06, 7.84423718869e-06, 5.7241641116e-06, 7.13104918759e-06, 8.77510046848e-06, 5.48747311768e-06, 4.86943099531e-06, 4.72976489618e-06, 4.2794881665e-06, 3.98182419303e-06, 4.51781397715e-06, 3.33268553732e-06, 3.46494107362e-06, 3.32306672135e-06, 2.10407097256e-06, 2.37251970248e-06, 1.46929846778e-06, 1.28396868604e-06, 1.09800555492e-06], "median": [0.00129055150319, 0.00103207561187, 0.000255092629232, 0.000109123844595, 8.15157109173e-05, 4.90035672556e-05, 4.33126915595e-05, 2.62584599113e-05, 2.83580448013e-05, 2.24301111302e-05, 1.18621119327e-05, 1.04821829154e-05, 1.04591335912e-05, 1.00546785688e-05, 7.94386414782e-06, 5.58766350878e-06, 4.4853172767e-06, 4.00385306421e-06, 3.35949494001e-06, 2.90900857181e-06, 3.09748338623e-06, 2.93300513476e-06, 2.29941747421e-06, 2.05170908885e-06, 1.93568712348e-06, 2.02307342079e-06, 1.47653520344e-06, 1.55858685957e-06, 1.75863522145e-06, 1.74462513769e-06, 1.4814095266e-06, 1.4563923969e-06, 1.44145190006e-06, 1.46730349115e-06, 1.49541472183e-06, 8.06449463653e-07, 9.07515811832e-07, 5.62572893159e-07, 4.97478254147e-07, 4.26238102591e-07], "min": [8.61493103702e-25, 7.24218487204e-24, 1.48020866291e-23, 4.05902225666e-23, 9.30953608027e-24, 6.89500087676e-24, 2.06184101481e-23, 8.09834744539e-24, 1.28319043489e-24, 2.88320870857e-24, 5.76785748272e-24, 1.02475114181e-23, 1.67009347814e-23, 5.27264058314e-24, 1.06751647477e-23, 8.50009537175e-24, 1.36412983174e-23, 1.11055420141e-23, 1.35128023423e-23, 1.12039855442e-23, 1.55779691947e-23, 1.49445659526e-23, 7.74326616359e-24, 1.26096189258e-23, 2.0662925569e-23, 4.88557888024e-24, 7.97160747463e-24, 2.05738158411e-23, 1.03044332544e-23, 9.00914415845e-24, 1.2695522723e-23, 1.21501295367e-23, 7.92099573667e-24, 8.68091727959e-24, 1.4541724665e-23, 1.31251008732e-23, 8.99051994134e-24, 7.24785678194e-24, 8.70570486695e-24, 9.66974022479e-24], "var": [0.000181332376087, 0.000137710158015, 2.64646441792e-05, 4.61231411464e-06, 3.84508837215e-07, 6.33742374134e-08, 7.73799371245e-08, 3.06363823199e-08, 5.11116695634e-08, 1.68431071756e-07, 1.58029855868e-08, 7.2369115145e-09, 8.87513262882e-09, 1.70890022133e-08, 2.69574162992e-09, 2.32567631819e-09, 1.08339404115e-09, 1.29313493247e-09, 4.74901395986e-10, 5.06003072775e-10, 8.67209581923e-10, 4.09377809429e-10, 2.82376982907e-10, 8.85990794619e-11, 2.22679027995e-10, 3.59656610049e-10, 1.15647748322e-10, 8.13643180608e-11, 5.64394919689e-11, 5.23192912605e-11, 3.67830661763e-11, 5.73573445684e-11, 2.62738147211e-11, 2.96057345306e-11, 3.10891069832e-11, 1.13809005622e-11, 1.71190579074e-11, 6.0432869646e-12, 3.90507808382e-12, 3.30908325914e-12]}, "mfcc": {"mean": [-685.825683594, 94.2966308594, 18.1334667206, 21.4360942841, 6.69435119629, 12.0227632523, 5.07848834991, 8.93688678741, 2.67605233192, 5.22092580795, 3.49540519714, 4.11690616608, 2.94775056839], "cov": [[11736.4208984, 258.306182861, 1465.3269043, 758.655639648, 45.3009109497, 156.486404419, 46.2164993286, 92.1370925903, 58.8688583374, 92.2796630859, 37.786655426, 1.86285555363, -38.8166313171], [258.306182861, 3230.83789062, 757.710998535, 464.777618408, 495.359863281, 26.4130992889, 284.757904053, 130.568893433, 135.350524902, 146.099822998, 134.501937866, 74.5336761475, 23.0240383148], [1465.3269043, 757.710998535, 1782.10241699, 593.991638184, 322.321777344, 213.834533691, 179.493774414, 215.133621216, 111.203910828, 129.905014038, 155.632904053, 96.9233322144, 56.9780082703], [758.655639648, 464.777618408, 593.991638184, 675.873413086, 376.535095215, 197.609237671, 139.171325684, 87.3072967529, 72.2841186523, 81.6175537109, 67.6044311523, 37.4913635254, 3.53874516487], [45.3009109497, 495.359863281, 322.321777344, 376.535095215, 501.404968262, 198.679122925, 182.60144043, 114.998901367, 61.9680252075, 77.3528594971, 48.4555015564, 43.2809143066, 39.9167098999], [156.486404419, 26.4130992889, 213.834533691, 197.609237671, 198.679122925, 260.872192383, 136.850372314, 111.671386719, 94.3852310181, 66.0155410767, 49.0390625, 37.9597587585, 27.7424659729], [46.2164993286, 284.757904053, 179.493774414, 139.171325684, 182.60144043, 136.850372314, 219.944152832, 142.039978027, 78.2955780029, 69.8976364136, 50.3254127502, 43.5058364868, 39.4981040955], [92.1370925903, 130.568893433, 215.133621216, 87.3072967529, 114.998901367, 111.671386719, 142.039978027, 175.817047119, 94.8303451538, 61.0881919861, 54.5678443909, 59.2587623596, 61.157245636], [58.8688583374, 135.350524902, 111.203910828, 72.2841186523, 61.9680252075, 94.3852310181, 78.2955780029, 94.8303451538, 132.809310913, 78.8974151611, 50.219367981, 41.7948036194, 40.3834266663], [92.2796630859, 146.099822998, 129.905014038, 81.6175537109, 77.3528594971, 66.0155410767, 69.8976364136, 61.0881919861, 78.8974151611, 124.188819885, 78.2164611816, 28.6557884216, 15.8464393616], [37.786655426, 134.501937866, 155.632904053, 67.6044311523, 48.4555015564, 49.0390625, 50.3254127502, 54.5678443909, 50.219367981, 78.2164611816, 103.403274536, 56.9977760315, 23.939207077], [1.86285555363, 74.5336761475, 96.9233322144, 37.4913635254, 43.2809143066, 37.9597587585, 43.5058364868, 59.2587623596, 41.7948036194, 28.6557884216, 56.9977760315, 97.5754013062, 75.8626937866], [-38.8166313171, 23.0240383148, 56.9780082703, 3.53874516487, 39.9167098999, 27.7424659729, 39.4981040955, 61.157245636, 40.3834266663, 15.8464393616, 23.939207077, 75.8626937866, 114.536575317]], "icov": [[0.000103003214463, 1.14180147648e-06, -7.09286978235e-05, -0.000132656175992, 0.000144392848597, -3.14067183353e-05, 2.47861480602e-05, -4.19005955337e-05, 7.54536449676e-05, -0.000161751799169, 0.000222796399612, -6.06951180089e-05, 3.45822445524e-05], [1.14180147648e-06, 0.000507243792526, -0.000170573897776, 8.55104099173e-06, -0.000542430556379, 0.000931509479415, -0.000820445420686, 0.000672298774589, -0.000905595312361, 0.000362877181033, -0.000403824349632, -8.75031837495e-05, 0.000281832937617], [-7.09286978235e-05, -0.000170573897776, 0.00105670758057, -0.000741572119296, 0.000237152882619, -0.000291611300781, 0.000649052904919, -0.00140168122016, 0.000742935284507, 3.93222762796e-05, -0.000950478250161, 0.000412997091189, -0.000322196516208], [-0.000132656175992, 8.55104099173e-06, -0.000741572119296, 0.00368994940072, -0.00226783240214, -0.000608903530519, -0.000172038329765, 0.00148817733862, -0.0011156112887, 0.000424539524829, -0.000254689395661, -0.000800749578048, 0.00132898578886], [0.000144392848597, -0.000542430556379, 0.000237152882619, -0.00226783240214, 0.0055932784453, -0.00254763942212, -0.00106566911563, -0.000998155097477, 0.00316894636489, -0.00234653404914, 0.0020114951767, -2.29519737331e-05, -0.00151956418995], [-3.14067183353e-05, 0.000931509479415, -0.000291611300781, -0.000608903530519, -0.00254763942212, 0.00949797499925, -0.00329792359844, 0.000468775222544, -0.00530394818634, 0.00194001279306, -0.00147840077989, -0.000105461265775, 0.00142080779187], [2.47861480602e-05, -0.000820445420686, 0.000649052904919, -0.000172038329765, -0.00106566911563, -0.00329792359844, 0.0139037864283, -0.00977532099932, 0.00326677015983, -0.00329770077951, 0.00157356949057, -0.000290182826575, 0.000618542078882], [-4.19005955337e-05, 0.000672298774589, -0.00140168122016, 0.00148817733862, -0.000998155097477, 0.000468775222544, -0.00977532099932, 0.019959423691, -0.00857629999518, 0.00341454567388, -0.00261387205683, -0.000645760912448, -0.00302462489344], [7.54536449676e-05, -0.000905595312361, 0.000742935284507, -0.0011156112887, 0.00316894636489, -0.00530394818634, 0.00326677015983, -0.00857629999518, 0.0212344992906, -0.011619316414, 0.00490621943027, -0.00229990971275, -0.00187583919615], [-0.000161751799169, 0.000362877181033, 3.93222762796e-05, 0.000424539524829, -0.00234653404914, 0.00194001279306, -0.00329770077951, 0.00341454567388, -0.011619316414, 0.0256913062185, -0.0194508209825, 0.00990779604763, -0.002453236375], [0.000222796399612, -0.000403824349632, -0.000950478250161, -0.000254689395661, 0.0020114951767, -0.00147840077989, 0.00157356949057, -0.00261387205683, 0.00490621943027, -0.0194508209825, 0.0342358089983, -0.0217485744506, 0.00935817789286], [-6.06951180089e-05, -8.75031837495e-05, 0.000412997091189, -0.000800749578048, -2.29519737331e-05, -0.000105461265775, -0.000290182826575, -0.000645760912448, -0.00229990971275, 0.00990779604763, -0.0217485744506, 0.0376015752554, -0.0206246878952], [3.45822445524e-05, 0.000281832937617, -0.000322196516208, 0.00132898578886, -0.00151956418995, 0.00142080779187, 0.000618542078882, -0.00302462489344, -0.00187583919615, -0.002453236375, 0.00935817789286, -0.0206246878952, 0.0230977684259]]}, "spectral_contrast_coeffs": {"dmean": [0.0624460503459, 0.0543391704559, 0.0432899147272, 0.0338928960264, 0.0234352238476, 0.0220512170345], "dmean2": [0.09814915061, 0.0886504948139, 0.0688326507807, 0.0554327480495, 0.0387338548899, 0.0351705439389], "dvar": [0.00336244096979, 0.00215005828068, 0.00151536054909, 0.000988027430139, 0.000451058527688, 0.00046970701078], "dvar2": [0.00765675958246, 0.00529424985871, 0.00343160447665, 0.00240242690779, 0.00114059611224, 0.0011438530637], "max": [-0.188539639115, -0.407718360424, -0.418094784021, -0.586315393448, -0.632929801941, -0.59671574831], "mean": [-0.68132942915, -0.781476438046, -0.81825453043, -0.837414205074, -0.831805467606, -0.784135699272], "median": [-0.701744556427, -0.796312749386, -0.835602283478, -0.847686469555, -0.837338685989, -0.785740792751], "min": [-0.98512160778, -0.985395550728, -0.971886634827, -0.964426636696, -0.960849940777, -0.9668405056], "var": [0.0101564396173, 0.00606924993917, 0.00468069501221, 0.00233861501329, 0.0011196633568, 0.00168062071316]}, "spectral_contrast_valleys": {"dmean": [0.680296957493, 0.574667751789, 0.51392775774, 0.578136146069, 0.575385332108, 0.547114729881], "dmean2": [0.99533778429, 0.888842761517, 0.793312549591, 0.925786077976, 0.892331719398, 0.823707580566], "dvar": [0.602453887463, 0.348394066095, 0.296315461397, 0.439964920282, 0.441029220819, 0.392650663853], "dvar2": [0.999438107014, 0.676522672176, 0.590363681316, 0.986487329006, 0.966954648495, 0.767436027527], "max": [-4.71702861786, -4.95993518829, -5.29400348663, -5.54129695892, -5.47362279892, -7.54966115952], "mean": [-7.69573402405, -7.27250099182, -7.65984630585, -7.96918392181, -7.8000292778, -10.057