{"lowlevel": {"average_loudness": 0.0272675920278, "barkbands_crest": {"dmean": 1.43753623962, "dmean2": 2.19509220123, "dvar": 1.81226313114, "dvar2": 4.14353227615, "max": 26.0345172882, "mean": 12.7832365036, "median": 12.4538545609, "min": 4.58161592484, "var": 12.4475154877}, "barkbands_flatness_db": {"dmean": 0.0137191545218, "dmean2": 0.0200127139688, "dvar": 0.00015319501108, "dvar2": 0.000321715691825, "max": 0.551408648491, "mean": 0.353190630674, "median": 0.351438999176, "min": 0.0415815226734, "var": 0.00225338037126}, "barkbands_kurtosis": {"dmean": 2.38125824928, "dmean2": 3.39158344269, "dvar": 12.1917905807, "dvar2": 27.0368461609, "max": 185.949386597, "mean": 7.96355056763, "median": 4.86790418625, "min": -1.84581589699, "var": 87.8997879028}, "barkbands_skewness": {"dmean": 0.357615888119, "dmean2": 0.497099757195, "dvar": 0.11480332911, "dvar2": 0.235357910395, "max": 7.599360466, "mean": 1.63829696178, "median": 1.49820876122, "min": -2.63036751747, "var": 1.60398900509}, "barkbands_spread": {"dmean": 0.52243989706, "dmean2": 0.71159183979, "dvar": 0.891165554523, "dvar2": 1.91068220139, "max": 83.4579544067, "mean": 3.14500379562, "median": 2.87454319, "min": 0.162979424, "var": 3.55964112282}, "dissonance": {"dmean": 0.0388417430222, "dmean2": 0.0651206970215, "dvar": 0.00127949891612, "dvar2": 0.00344641925767, "max": 0.499423056841, "mean": 0.365018069744, "median": 0.375347226858, "min": 0.111185312271, "var": 0.00366468983702}, "dynamic_complexity": 5.05664634705, "erbbands_crest": {"dmean": 2.13334536552, "dmean2": 2.9834227562, "dvar": 3.95462703705, "dvar2": 7.40076351166, "max": 33.5530853271, "mean": 17.3888511658, "median": 16.7960319519, "min": 2.98019242287, "var": 36.7130966187}, "erbbands_flatness_db": {"dmean": 0.012285085395, "dmean2": 0.0167992357165, "dvar": 0.000138270479511, "dvar2": 0.000255297345575, "max": 0.582025945187, "mean": 0.37335601449, "median": 0.370679229498, "min": 0.0588512979448, "var": 0.00181825947948}, "erbbands_kurtosis": {"dmean": 1.40134644508, "dmean2": 1.92288017273, "dvar": 4.42203521729, "dvar2": 8.75287246704, "max": 92.2227783203, "mean": 3.23749613762, "median": 1.84548330307, "min": -1.86568284035, "var": 25.516872406}, "erbbands_skewness": {"dmean": 0.286832839251, "dmean2": 0.396456599236, "dvar": 0.072214782238, "dvar2": 0.148796930909, "max": 6.42125940323, "mean": 0.900893628597, "median": 0.80820608139, "min": -3.80963468552, "var": 0.843715846539}, "erbbands_spread": {"dmean": 1.77196204662, "dmean2": 2.28586935997, "dvar": 3.63189816475, "dvar2": 6.14027166367, "max": 70.8391799927, "mean": 10.0425243378, "median": 8.81006526947, "min": 0.320773720741, "var": 35.8860931396}, "hfc": {"dmean": 1.13104963303, "dmean2": 1.44627380371, "dvar": 8.93433761597, "dvar2": 12.5200567245, "max": 286.948394775, "mean": 6.48558807373, "median": 3.68375253677, "min": 1.17767874331e-16, "var": 106.220596313}, "melbands_crest": {"dmean": 2.01960945129, "dmean2": 3.07861566544, "dvar": 3.48756074905, "dvar2": 8.18546295166, "max": 33.7692871094, "mean": 18.6501331329, "median": 18.103307724, "min": 2.12919139862, "var": 31.7569980621}, "melbands_flatness_db": {"dmean": 0.0135206356645, "dmean2": 0.0193607881665, "dvar": 0.000174166125362, "dvar2": 0.00035635943641, "max": 0.679345011711, "mean": 0.463755518198, "median": 0.462158232927, "min": 0.00666974065825, "var": 0.00278243934736}, "melbands_kurtosis": {"dmean": 2.80090546608, "dmean2": 3.85960054398, "dvar": 17.3001651764, "dvar2": 31.6121635437, "max": 149.259124756, "mean": 8.88241958618, "median": 4.14055013657, "min": -1.81833910942, "var": 154.790344238}, "melbands_skewness": {"dmean": 0.391225069761, "dmean2": 0.525352180004, "dvar": 0.137253254652, "dvar2": 0.251848876476, "max": 9.13213348389, "mean": 1.70353353024, "median": 1.48046314716, "min": -3.49475860596, "var": 2.43239831924}, "melbands_spread": {"dmean": 0.799642384052, "dmean2": 1.10044813156, "dvar": 1.6248100996, "dvar2": 2.07412409782, "max": 140.10949707, "mean": 5.22225522995, "median": 4.93358325958, "min": 0.42159023881, "var": 9.98701477051}, "pitch_salience": {"dmean": 0.0441456846893, "dmean2": 0.0698310434818, "dvar": 0.0016319489805, "dvar2": 0.00431527895853, "max": 0.909159064293, "mean": 0.487090706825, "median": 0.488473683596, "min": 0.0714770257473, "var": 0.0118809491396}, "silence_rate_20dB": {"dmean": 0.000196425069589, "dmean2": 0.000392869405914, "dvar": 0.000196368200704, "dvar2": 0.000490870152134, "max": 1, "mean": 0.999803602695, "median": 1, "min": 0, "var": 0.000196358538233}, "silence_rate_30dB": {"dmean": 0.00471420167014, "dmean2": 0.0094288662076, "dvar": 0.00469257123768, "dvar2": 0.010715755634, "max": 1, "mean": 0.981831550598, "median": 1, "min": 0, "var": 0.0178408194333}, "silence_rate_60dB": {"dmean": 0.0175800435245, "dmean2": 0.0351618118584, "dvar": 0.0172694176435, "dvar2": 0.0412870459259, "max": 1, "mean": 0.179523691535, "median": 0, "min": 0, "var": 0.147288963199}, "spectral_centroid": {"dmean": 24.8140029907, "dmean2": 34.9150314331, "dvar": 5509.91748047, "dvar2": 5053.23291016, "max": 11466.0849609, "mean": 420.261291504, "median": 410.815765381, "min": 159.08984375, "var": 18065.5996094}, "spectral_complexity": {"dmean": 0.911903381348, "dmean2": 1.54829835892, "dvar": 0.85602158308, "dvar2": 2.02917218208, "max": 18, "mean": 7.13267850876, "median": 7, "min": 0, "var": 8.14791107178}, "spectral_decrease": {"dmean": 6.60511478845e-10, "dmean2": 8.97800778166e-10, "dvar": 2.26729233964e-18, "dvar2": 3.79814743428e-18, "max": -5.21901616728e-29, "mean": -4.3830956642e-09, "median": -2.40581354838e-09, "min": -1.22369669953e-07, "var": 3.88917162965e-17}, "spectral_energy": {"dmean": 0.00259094522335, "dmean2": 0.00351300812326, "dvar": 3.52101269527e-05, "dvar2": 5.84682857152e-05, "max": 0.48787856102, "mean": 0.0171309355646, "median": 0.00942603684962, "min": 1.08788677744e-20, "var": 0.000595765071921}, "spectral_energyband_high": {"dmean": 1.63434251021e-07, "dmean2": 2.18016012354e-07, "dvar": 6.98681737465e-12, "dvar2": 1.47765064074e-11, "max": 0.000303848704789, "mean": 3.90113768844e-07, "median": 1.13867443474e-07, "min": 7.92025759637e-21, "var": 1.37149935506e-11}, "spectral_energyband_low": {"dmean": 0.000425135076512, "dmean2": 0.000685609062202, "dvar": 1.43312627188e-06, "dvar2": 3.49579613612e-06, "max": 0.132154852152, "mean": 0.00319382827729, "median": 9.12128743948e-05, "min": 9.14014886903e-23, "var": 6.40333091724e-05}, "spectral_energyband_middle_high": {"dmean": 0.000215387379285, "dmean2": 0.000257421546848, "dvar": 4.7299340622e-07, "dvar2": 5.44072236153e-07, "max": 0.0350670032203, "mean": 0.000670402252581, "median": 0.00028569548158, "min": 1.62805674026e-21, "var": 2.48531023317e-06}, "spectral_energyband_middle_low": {"dmean": 0.00245608575642, "dmean2": 0.00331040751189, "dvar": 3.32987365255e-05, "dvar2": 5.47451345483e-05, "max": 0.469740688801, "mean": 0.0154180210084, "median": 0.00873260758817, "min": 2.10655257807e-22, "var": 0.000503476709127}, "spectral_entropy": {"dmean": 0.102608084679, "dmean2": 0.152213603258, "dvar": 0.0101565131918, "dvar2": 0.0229434147477, "max": 9.78877067566, "mean": 5.40556430817, "median": 5.42172574997, "min": 3.70858311653, "var": 0.109625935555}, "spectral_flux": {"dmean": 0.00741503108293, "dmean2": 0.0124288853258, "dvar": 0.000145391852129, "dvar2": 0.000392233807361, "max": 0.389659404755, "mean": 0.0244513526559, "median": 0.0214810520411, "min": 1.04301810244e-10, "var": 0.000324011867633}, "spectral_kurtosis": {"dmean": 26.8738803864, "dmean2": 46.0784187317, "dvar": 575.428344727, "dvar2": 1572.4576416, "max": 460.103973389, "mean": 100.358467102, "median": 96.6723480225, "min": -1.18964755535, "var": 2021.61804199}, "spectral_rms": {"dmean": 0.000266781949904, "dmean2": 0.000362963881344, "dvar": 1.25178317489e-07, "dvar2": 2.25628483008e-07, "max": 0.0218169447035, "mean": 0.0034476541914, "median": 0.00303251272999, "min": 3.25784126239e-12, "var": 4.82688665215e-06}, "spectral_rolloff": {"dmean": 42.1073265076, "dmean2": 73.1827545166, "dvar": 31812.8496094, "dvar2": 56094.6875, "max": 19530.6152344, "mean": 535.691650391, "median": 581.396484375, "min": 150.732421875, "var": 117955.585938}, "spectral_skewness": {"dmean": 1.39886975288, "dmean2": 2.42506814003, "dvar": 1.30585110188, "dvar2": 3.63115358353, "max": 17.5444488525, "mean": 7.38890647888, "median": 7.34594774246, "min": -0.0503069832921, "var": 3.96365404129}, "spectral_spread": {"dmean": 260559.09375, "dmean2": 457371.3125, "dvar": 86699917312, "dvar2": 168955740160, "max": 39637380, "mean": 990022.3125, "median": 952400.0625, "min": 226338.4375, "var": 206448082944}, "spectral_strongpeak": {"dmean": 0.192750275135, "dmean2": 0.287733703852, "dvar": 0.131228804588, "dvar2": 0.259759068489, "max": 15.2178993225, "mean": 1.07992136478, "median": 0.857612967491, "min": 0, "var": 0.928722083569}, "zerocrossingrate": {"dmean": 0.00161223451141, "dmean2": 0.00202371878549, "dvar": 1.12492825792e-05, "dvar2": 1.23225545394e-05, "max": 0.51220703125, "mean": 0.020333647728, "median": 0.02001953125, "min": 0.00634765625, "var": 9.09969749046e-05}, "barkbands": {"dmean": [3.94910330215e-06, 1.70121838892e-05, 0.000209100777283, 0.000313656608341, 0.000880880164914, 0.000657531316392, 0.000428449100582, 0.00100985146128, 0.000240872584982, 4.57272835774e-05, 0.000126116123283, 6.50354195386e-05, 1.49734642036e-05, 1.07016858237e-05, 2.00275244424e-05, 1.13147470984e-05, 2.68172379947e-06, 3.2525386473e-07, 3.05948503865e-07, 6.33440961906e-08, 5.62746613753e-08, 5.69524907235e-08, 2.63782240495e-08, 1.35178943594e-08, 4.02375643915e-09, 2.30007146662e-09, 2.14715201174e-09], "dmean2": [6.89821672495e-06, 2.90223251795e-05, 0.000364050676581, 0.000476323068142, 0.00144074251875, 0.000880869687535, 0.000550301396288, 0.00123775622342, 0.000337768375175, 6.17791738478e-05, 0.000148818158777, 8.34172315081e-05, 2.40608442255e-05, 1.3761655282e-05, 2.59837725025e-05, 1.21129833133e-05, 3.73433317691e-06, 4.44573686309e-07, 4.22541376111e-07, 8.70743193104e-08, 8.07924038781e-08, 7.7825632161e-08, 3.7349607851e-08, 1.90894375862e-08, 6.34643537722e-09, 3.88186460754e-09, 3.75473341307e-09], "dvar": [5.27313692711e-10, 6.70270194902e-09, 3.33875760816e-07, 6.85863881245e-07, 7.21666947356e-06, 2.68864937425e-06, 3.33733441948e-06, 1.52279217218e-05, 1.02590684037e-06, 1.07086544077e-08, 3.86713082889e-07, 8.77644268371e-08, 1.45343626023e-09, 1.4064469589e-09, 3.50578610586e-09, 7.81304465569e-10, 7.97423307941e-11, 1.15027182657e-12, 1.90122952104e-11, 1.57781421392e-13, 3.26376810777e-13, 8.69589936083e-13, 5.5548941098e-13, 9.98048757354e-14, 3.47567243236e-15, 5.10608560083e-16, 4.66645637678e-17], "dvar2": [1.49974821451e-09, 1.83011810151e-08, 9.54495135375e-07, 1.50951996147e-06, 1.66480949702e-05, 4.96493839819e-06, 5.47806712348e-06, 1.84993514267e-05, 1.68218832641e-06, 2.0445655835e-08, 4.23134508765e-07, 1.22029149452e-07, 3.58660678934e-09, 1.83738868564e-09, 6.69432909106e-09, 8.02809818623e-10, 1.60832666629e-10, 2.20934078324e-12, 3.41329707554e-11, 4.21130551221e-13, 6.97305874067e-13, 1.6403235107e-12, 1.15790493513e-12, 2.15096617275e-13, 8.41269650378e-15, 1.33275700284e-15, 1.33584520555e-16], "max": [0.00152239832096, 0.00412742048502, 0.0458448454738, 0.102072529495, 0.19603741169, 0.105435937643, 0.189147502184, 0.42560005188, 0.0947796031833, 0.00883740466088, 0.034813221544, 0.0185508802533, 0.00167054345366, 0.00262205163017, 0.00242302240804, 0.00153169548139, 0.000679131597281, 9.64197461144e-05, 0.00051561545115, 3.37462079187e-05, 3.98936317652e-05, 0.000101273471955, 8.83954635356e-05, 3.49976216967e-05, 5.71889495404e-06, 2.33098467106e-06, 2.62535536422e-07], "mean": [3.52096776624e-06, 1.79121852852e-05, 0.00102541502565, 0.00261162617244, 0.00374997383915, 0.00305450847372, 0.00233452091925, 0.00303995725699, 0.000609946029726, 0.000144171281136, 0.000263223570073, 0.000145927726408, 2.67196610366e-05, 2.44091006607e-05, 4.34913890786e-05, 2.75498205156e-05, 6.07844185652e-06, 8.16974250029e-07, 6.97927873716e-07, 1.92095654938e-07, 1.24329588402e-07, 1.2486574974e-07, 5.61321407133e-08, 2.32840342562e-08, 6.75922207094e-09, 7.00220281757e-09, 8.89187390385e-09], "median": [8.30268618301e-07, 6.24805534244e-06, 3.03089655063e-05, 0.000125132355606, 0.0018375669606, 0.00133938190993, 0.000372445647372, 0.000994297093712, 0.000112505360448, 5.06354917889e-05, 3.24782013195e-05, 3.8541656977e-05, 9.80201184575e-06, 5.10324298375e-06, 1.20848462757e-05, 6.35189326204e-06, 1.83758493222e-06, 2.50021997772e-07, 1.44843170347e-07, 5.00076637877e-08, 2.84647381221e-08, 2.31911414517e-08, 1.33459430174e-08, 5.85459591917e-09, 3.38456773719e-09, 5.50682566214e-09, 8.0607245323e-09], "min": [1.02548809567e-23, 5.06125552171e-23, 1.41023070527e-23, 3.47133539732e-23, 5.38067760846e-23, 2.43962350465e-23, 3.95957718877e-23, 1.55111637201e-23, 2.96941034014e-23, 4.68002649857e-23, 6.98829914048e-23, 1.7138053653e-22, 1.86799195265e-22, 1.31489405653e-22, 1.3387406275e-22, 9.95428361548e-23, 1.98405585857e-22, 1.83517407682e-22, 2.43209856047e-22, 5.71289281029e-22, 3.64387398165e-22, 6.19180130439e-22, 8.61567173008e-22, 7.81748484812e-22, 1.29541229713e-21, 1.36527321305e-21, 2.53691426914e-21], "var": [3.71659480969e-10, 4.78209605248e-09, 6.59797751723e-06, 4.22814009653e-05, 6.66587293381e-05, 3.53299728886e-05, 8.27573967399e-05, 8.10109995655e-05, 7.06041009835e-06, 9.71307017039e-08, 1.8402384967e-06, 4.10767086123e-07, 3.59385365911e-09, 6.76178713022e-09, 1.11424958149e-08, 4.85451412402e-09, 3.16858289606e-10, 4.59873892439e-12, 5.48031411918e-11, 2.77689655125e-13, 7.14572823655e-13, 2.02974681333e-12, 1.10978544063e-12, 1.3749618848e-13, 3.52683745754e-15, 4.25972392718e-16, 5.13487419929e-17]}, "erbbands": {"dmean": [0.000474000524264, 0.00500862672925, 0.129569232464, 0.866139769554, 1.53481769562, 3.4245736599, 7.62848329544, 2.67504954338, 3.32510232925, 9.0272808075, 27.2871818542, 7.30677604675, 2.52715206146, 2.61451411247, 4.1371884346, 3.22060108185, 0.875150680542, 0.708368659019, 0.863115310669, 0.887058973312, 0.486272603273, 0.134450048208, 0.0413329154253, 0.00941454712301, 0.0192313771695, 0.00379088590853, 0.00280119827949, 0.00162245403044, 0.00189249648247, 0.00137834041379, 0.000430953747127, 0.000326279347064, 0.000170609127963, 5.62668501516e-05, 2.53016278293e-05, 1.02053336377e-05, 4.79732489111e-06, 1.65325923263e-06, 1.34968877319e-06, 2.89573608825e-06], "dmean2": [0.000798879540525, 0.0085841184482, 0.22402434051, 1.34223687649, 2.64929080009, 5.85711812973, 9.57172203064, 3.87466311455, 4.32102584839, 11.7627944946, 33.2701683044, 9.60978507996, 3.5624628067, 3.17260885239, 4.96021795273, 4.04024553299, 1.30461215973, 0.94559431076, 1.1829739809, 1.04234826565, 0.486233830452, 0.176266908646, 0.0591402463615, 0.0125940181315, 0.0262813586742, 0.00504450174049, 0.00406721793115, 0.00218221056275, 0.00261091650464, 0.00189614109695, 0.000611689290963, 0.000463809206849, 0.000249593809713, 8.74554825714e-05, 3.97839321522e-05, 1.68744154507e-05, 7.90332978795e-06, 2.85740452455e-06, 1.88151614111e-06, 3.91504227082e-06], "dvar": [6.89023818268e-06, 0.000372277980205, 0.126732245088, 5.72349309921, 16.4581546783, 146.635314941, 402.072479248, 105.255462646, 153.391494751, 1830.08166504, 11741.5761719, 881.851013184, 148.492904663, 57.4916343689, 370.432342529, 231.760391235, 4.73083925247, 6.84169387817, 10.5385694504, 4.77560281754, 2.71968054771, 0.141357213259, 0.0131759243086, 0.00144273182377, 0.0965449810028, 0.00105812074617, 0.000848707393743, 0.000486789213028, 0.000772712752223, 0.00133477232885, 8.59623833094e-05, 4.88883197249e-05, 1.48189237734e-05, 8.52864161516e-07, 1.0529088712e-07, 6.24681550931e-09, 3.48956485929e-09, 7.73474756466e-11, 9.09216885808e-12, 4.44348412232e-11], "dvar2": [1.84498385352e-05, 0.00102917710319, 0.356068760157, 12.9780654907, 38.1473236084, 347.890869141, 816.501586914, 190.661132812, 221.602737427, 3012.62573242, 14283.1777344, 1386.14782715, 255.953598022, 69.0459976196, 413.654418945, 318.752349854, 9.51733875275, 10.7202367783, 20.453163147, 6.68918800354, 2.21515250206, 0.262435048819, 0.0269101504236, 0.00263905338943, 0.172672539949, 0.00245872465894, 0.00188322539907, 0.00090753659606, 0.00151418859605, 0.0026891627349, 0.000187301557162, 0.00010139238293, 3.43569445249e-05, 2.0434686121e-06, 2.51965303733e-07, 1.57393493794e-08, 9.20159237694e-09, 2.16190856883e-10, 1.60389566212e-11, 7.30724161735e-11], "max": [0.167413234711, 0.981381297112, 29.4021778107, 291.006713867, 345.407409668, 828.08013916, 1250.95690918, 813.111083984, 1454.05541992, 4947.95068359, 11819.625, 2719.62475586, 578.160827637, 396.914245605, 1088.37670898, 958.303100586, 92.0177688599, 178.168563843, 135.556381226, 102.121101379, 105.27066803, 23.1762275696, 6.56536722183, 3.15067911148, 36.9952392578, 3.75732159615, 2.15098547935, 2.35925507545, 2.96709704399, 4.29542922974, 1.10327923298, 0.771704494953, 0.42649948597, 0.0912190899253, 0.0348521135747, 0.00748159876093, 0.00628377310932, 0.000572496966925, 0.000241560861468, 0.000555055274162], "mean": [0.000690037384629, 0.012918189168, 0.674142956734, 7.26849317551, 6.07893753052, 12.8882331848, 38.9321060181, 10.5005903244, 16.0013065338, 50.1546440125, 78.1340713501, 19.9608364105, 6.7689371109, 8.01750659943, 9.31371879578, 7.28281068802, 1.7858761549, 1.64557111263, 1.74532270432, 2.23204040527, 1.26855671406, 0.35095962882, 0.0916112288833, 0.0260812286288, 0.0459107421339, 0.0127241564915, 0.00618736911565, 0.00395223824307, 0.00403237575665, 0.0027535809204, 0.00103458203375, 0.000648766814265, 0.000277554034255, 9.68623353401e-05, 5.62717796129e-05, 3.29025933752e-05, 1.84186756087e-05, 6.57810278426e-06, 9.35610842134e-06, 1.9180108211e-05], "median": [0.000221061462071, 0.00299825565889, 0.0252487491816, 0.296135723591, 2.65267348289, 5.48859167099, 16.2796859741, 4.67114305496, 3.63566827774, 8.27547550201, 24.9492015839, 5.83669710159, 1.37664365768, 2.68582630157, 1.99819350243, 1.77802085876, 0.727262496948, 0.393083781004, 0.389785051346, 0.518339157104, 0.231695890427, 0.110518582165, 0.034935798496, 0.0105129191652, 0.00934110302478, 0.0029694722034, 0.00156751321629, 0.000944679602981, 0.000818786444142, 0.000513397273608, 0.000375933304895, 0.000197688365006, 7.98312030383e-05, 4.41421725554e-05, 3.49332913174e-05, 2.46943709499e-05, 1.4377835214e-05, 5.59079899176e-06, 5.9360004343e-06, 1.06388406493e-05], "min": [1.58574996583e-21, 1.07495521412e-20, 1.39350868803e-20, 8.78976465313e-20, 1.57936515336e-19, 1.61785089458e-19, 1.7710930824e-19, 2.2826023154e-19, 3.04256597288e-19, 6.25687118455e-19, 4.34124031007e-19, 5.87826079541e-19, 1.6413867938e-18, 1.78534072561e-18, 5.14124762591e-18, 5.68471438735e-18, 7.99450623288e-18, 7.17000154961e-18, 7.23159341802e-18, 5.91193883366e-18, 5.96615142383e-18, 1.02604632962e-17, 1.15365920503e-17, 1.13554808552e-17, 1.31489970204e-17, 2.89330473653e-17, 2.18990806305e-17, 1.1143084035e-17, 1.910186351e-17, 2.66034172471e-17, 2.39496944562e-17, 1.53577495813e-17, 1.62592771873e-17, 1.25422724488e-17, 9.03669342051e-18, 5.0390039663e-18, 2.59942706907e-18, 1.41453344139e-18, 3.20928060643e-19, 3.55387261126e-20], "var": [5.46008277524e-06, 0.000788378587458, 2.80098676682, 326.628326416, 182.222015381, 1144.00341797, 6014.04052734, 833.403564453, 3329.69262695, 49194.2890625, 59735.125, 5430.3671875, 741.448730469, 360.248077393, 1775.93200684, 1091.26879883, 15.2161970139, 30.530210495, 30.5922050476, 28.1340351105, 18.3720932007, 0.64710611105, 0.0421957373619, 0.00457613915205, 0.279971063137, 0.00261927838437, 0.00175418076105, 0.00124471075833, 0.00168210745323, 0.00275574531406, 0.000156467824127, 7.37755690352e-05, 1.77939109562e-05, 9.09253913051e-07, 1.11334145458e-07, 6.03229866059e-09, 2.87320234271e-09, 6.18881335068e-11, 1.37241010223e-10, 7.4146216944e-10]}, "gfcc": {"mean": [-223.143066406, 216.088241577, -108.192832947, -49.8516731262, -49.3007164001, -31.4264698029, -40.1869926453, -25.0045509338, -13.2456064224, -20.3361148834, -18.9554176331, -12.2842979431, -9.47640895844], "cov": [[6210.06884766, 883.289245605, -571.69354248, 266.653991699, 706.641723633, -224.799346924, -9.8566608429, -51.1922988892, 169.355697632, -256.061859131, -30.5932044983, -124.626228333, 110.732833862], [883.289245605, 475.919281006, 127.673973083, -53.3932418823, 241.687484741, 33.4781799316, 52.1437530518, 3.5239815712, 53.2234077454, -73.8838272095, -52.9581871033, -86.5595245361, -27.2931270599], [-571.69354248, 127.673973083, 532.899902344, 17.0099964142, -75.5616149902, 132.626220703, 66.2843475342, 7.97775936127, 11.3238067627, -38.5887184143, -43.9291000366, -49.5958366394, -76.8439102173], [266.653991699, -53.3932418823, 17.0099964142, 300.123321533, 83.6236038208, -13.4291181564, -21.8189296722, -2.34320473671, -21.1076469421, -57.028377533, -31.620464325, 1.14687621593, 8.07290363312], [706.641723633, 241.687484741, -75.5616149902, 83.6236038208, 341.975219727, -3.12122368813, -58.3678665161, -25.3150024414, 26.4068088531, -78.6819915771, -60.3410720825, -19.2273387909, 22.175945282], [-224.799346924, 33.4781799316, 132.626220703, -13.4291181564, -3.12122368813, 162.614562988, 75.498374939, 19.7933425903, 11.9327478409, -8.05024242401, -42.2509346008, -40.184223175, -53.1210403442], [-9.8566608429, 52.1437530518, 66.2843475342, -21.8189296722, -58.3678665161, 75.498374939, 176.326644897, 88.6843109131, -4.353992939, 16.3660507202, -4.78103923798, -74.3026657104, -56.7183990479], [-51.1922988892, 3.5239815712, 7.97775936127, -2.34320473671, -25.3150024414, 19.7933425903, 88.6843109131, 119.20500946, 35.4404449463, 0.106059320271, -25.5494880676, -46.3915710449, -37.1086120605], [169.355697632, 53.2234077454, 11.3238067627, -21.1076469421, 26.4068088531, 11.9327478409, -4.353992939, 35.4404449463, 98.3176040649, 17.5946807861, -32.6964111328, -34.5623703003, -20.1474781036], [-256.061859131, -73.8838272095, -38.5887184143, -57.028377533, -78.6819915771, -8.05024242401, 16.3660507202, 0.106059320271, 17.5946807861, 133.023468018, 70.2748031616, -19.0109653473, -12.5577363968], [-30.5932044983, -52.9581871033, -43.9291000366, -31.620464325, -60.3410720825, -42.2509346008, -4.78103923798, -25.5494880676, -32.6964111328, 70.2748031616, 115.06539917, 44.2972297668, 13.1684513092], [-124.626228333, -86.5595245361, -49.5958366394, 1.14687621593, -19.2273387909, -40.184223175, -74.3026657104, -46.3915710449, -34.5623703003, -19.0109653473, 44.2972297668, 131.534011841, 72.0510787964], [110.732833862, -27.2931270599, -76.8439102173, 8.07290363312, 22.175945282, -53.1210403442, -56.7183990479, -37.1086120605, -20.1474781036, -12.5577363968, 13.1684513092, 72.0510787964, 110.646018982]], "icov": [[0.000620529404841, -0.00106794934254, 0.00111633399501, -0.00086360151181, 0.000381253863452, 9.68401946011e-05, -0.000804553623311, 0.00136117252987, -0.00232816697098, 0.00251111201942, -0.00226695579477, 0.00137568067294, -0.000796932377852], [-0.00106794934254, 0.0126084396616, -0.0055721369572, 0.00606479356065, -0.00951671227813, 0.00413143076003, -0.00705371657386, 0.00363068236038, -0.00273442594334, 0.00288339424878, -0.00143294606823, 0.0026968063321, -0.000396972784074], [0.00111633399501, -0.0055721369572, 0.0060810437426, -0.00348399090581, 0.00487659778446, -0.00332803488709, 0.00137343944516, 0.00155094196089, -0.00299606239423, 0.00414968561381, -0.00319395470433, 0.00171942869201, -0.000179289840162], [-0.00086360151181, 0.00606479356065, -0.00348399090581, 0.00708582531661, -0.00519277621061, 0.00221959594637, -0.00176555092912, -0.000317638448905, 0.00197656522505, 0.000112791218271, 0.00140494643711, 0.000424396130256, 0.000447600556072], [0.000381253863452, -0.00951671227813, 0.00487659778446, -0.00519277621061, 0.0123924547806, -0.00514687597752, 0.00816571991891, -0.0030284600798, 0.00190521986224, -0.000190323262359, 0.00106451485772, 0.000282596040051, -0.000733345455956], [9.68401946011e-05, 0.00413143076003, -0.00332803488709, 0.00221959594637, -0.00514687597752, 0.0148692494258, -0.0115968473256, 0.00731891766191, -0.00350071210414, -0.00109914003406, 0.00592499040067, -0.00408428302035, 0.00432140612975], [-0.000804553623311, -0.00705371657386, 0.00137343944516, -0.00176555092912, 0.00816571991891, -0.0115968473256, 0.0272259674966, -0.0196959469467, 0.0146209457889, -0.00607864791527, -0.000523644790519, 0.00478272046894, -0.000785319483839], [0.00136117252987, 0.00363068236038, 0.00155094196089, -0.000317638448905, -0.0030284600798, 0.00731891766191, -0.0196959469467, 0.0270453188568, -0.0173601359129, 0.0105047989637, -0.0034498074092, 0.00217959098518, 0.000750956183765], [-0.00232816697098, -0.00273442594334, -0.00299606239423, 0.00197656522505, 0.00190521986224, -0.00350071210414, 0.0146209457889, -0.0173601359129, 0.0315450578928, -0.0213383734226, 0.0183133743703, -0.00757020618767, 0.0051128519699], [0.00251111201942, 0.00288339424878, 0.00414968561381, 0.000112791218271, -0.000190323262359, -0.00109914003406, -0.00607864791527, 0.0105047989637, -0.0213383734226, 0.0364608317614, -0.0298953149468, 0.0199743863195, -0.0082069626078], [-0.00226695579477, -0.00143294606823, -0.00319395470433, 0.00140494643711, 0.00106451485772, 0.00592499040067, -0.000523644790519, -0.0034498074092, 0.0183133743703, -0.0298953149468, 0.0394444800913, -0.0225119721144, 0.0107070822269], [0.00137568067294, 0.0026968063321, 0.00171942869201, 0.000424396130256, 0.000282596040051, -0.00408428302035, 0.00478272046894, 0.00217959098518, -0.00757020618767, 0.0199743863195, -0.0225119721144, 0.0298907049, -0.0142797967419], [-0.000796932377852, -0.000396972784074, -0.000179289840162, 0.000447600556072, -0.000733345455956, 0.00432140612975, -0.000785319483839, 0.000750956183765, 0.0051128519699, -0.0082069626078, 0.0107070822269, -0.0142797967419, 0.0196753181517]]}, "melbands": {"dmean": [4.51576943306e-06, 5.05104071635e-05, 0.000140062489663, 0.000196548789972, 0.000221176989726, 7.3989656812e-05, 6.08537848166e-05, 9.49121968006e-05, 0.000219489680603, 3.29485956172e-05, 1.22368146549e-05, 9.91158412944e-06, 1.88661251741e-05, 6.33834270047e-06, 5.1815459301e-06, 1.56178089128e-06, 1.22040160022e-06, 1.20540983062e-06, 1.2125918829e-06, 9.48938406964e-07, 5.07851950715e-07, 1.45649082128e-07, 9.38278716944e-08, 1.53052823748e-08, 5.94965543499e-09, 1.55774149135e-08, 6.75428246666e-09, 1.91980498165e-09, 1.8388918166e-09, 1.58146296059e-09, 9.33990218499e-10, 1.0904666059e-09, 1.04491182373e-09, 8.46799075305e-10, 2.19661261402e-10, 2.75736072863e-10, 1.4165725537e-10, 1.16317559751e-10, 8.66822030821e-11, 3.5662552772e-11], "dmean2": [7.66938592278e-06, 8.82714666659e-05, 0.000219967303565, 0.000338355515851, 0.000286105001578, 0.000105139995867, 7.86577729741e-05, 0.000123271835037, 0.000269082054729, 4.52458043583e-05, 1.72914897121e-05, 1.2134136341e-05, 2.22727867367e-05, 8.18114040158e-06, 6.86542216499e-06, 2.29041461353e-06, 1.64783659784e-06, 1.67469329426e-06, 1.53818723447e-06, 1.0682691709e-06, 5.06236062847e-07, 1.96774564643e-07, 1.38748546874e-07, 1.92433624591e-08, 8.1974107502e-09, 2.14506314933e-08, 9.13238729083e-09, 2.59177168616e-09, 2.76492273521e-09, 2.20630691494e-09, 1.28332433569e-09, 1.5266992115e-09, 1.44159573168e-09, 1.18588716624e-09, 3.24232418691e-10, 3.92780141745e-10, 2.06420699977e-10, 1.71361758117e-10, 1.32895153215e-10, 5.60235330349e-11], "dvar": [5.47231648884e-10, 1.91387066195e-08, 1.20799768411e-07, 4.08361728432e-07, 3.57824632147e-07, 5.78968091247e-08, 4.9671200486e-08, 1.59465571414e-07, 7.6081488487e-07, 2.20610854029e-08, 3.69226738073e-09, 6.89875490067e-10, 8.58958149053e-09, 7.33242688788e-10, 5.05918140714e-10, 2.18405449975e-11, 1.94579317936e-11, 2.01940564964e-11, 1.04487911379e-11, 5.36624217284e-12, 3.96469185607e-12, 2.75940972546e-13, 8.05250506032e-14, 2.19958405128e-15, 5.84701814232e-16, 4.56775086776e-14, 1.13622871488e-14, 2.27669883077e-16, 4.5149942465e-16, 4.21314955588e-16, 2.18595857341e-16, 2.5587605375e-16, 3.08802245715e-16, 7.17792448404e-16, 2.48924752137e-17, 1.9815364691e-17, 1.02150146846e-17, 6.34853385996e-18, 3.58075485672e-18, 1.82967543509e-19], "dvar2": [1.49102830083e-09, 5.50996404058e-08, 2.7989432283e-07, 9.00604959497e-07, 7.6448998243e-07, 1.05383691107e-07, 7.56885967235e-08, 2.60806729102e-07, 9.42306883189e-07, 3.65319685613e-08, 6.36726138481e-09, 8.72638461491e-10, 9.42929823111e-09, 1.01540198472e-09, 7.23231030619e-10, 4.24878569827e-11, 3.04848646326e-11, 3.93012705713e-11, 1.94570245332e-11, 7.3280756463e-12, 3.33013304432e-12, 5.38678422615e-13, 1.68610947687e-13, 3.66742565678e-15, 1.18847510467e-15, 8.14015128632e-14, 2.07553158688e-14, 6.23341763219e-16, 9.8893013004e-16, 8.45874365001e-16, 4.00987594222e-16, 4.91984529034e-16, 6.17359169513e-16, 1.45887216187e-15, 5.73007597952e-17, 4.16240195912e-17, 2.10478439513e-17, 1.46996612296e-17, 8.65317361104e-18, 4.30068571259e-19], "max": [0.0013498829212, 0.0103713395074, 0.0402649343014, 0.0562883280218, 0.0352400541306, 0.0186518356204, 0.0233045853674, 0.0449741445482, 0.094488941133, 0.0149093307555, 0.00290442141704, 0.00152504106518, 0.00522773712873, 0.0017142300494, 0.00137561908923, 0.000273686775472, 0.000299818610074, 0.000185643992154, 0.000122410507174, 0.000105353785329, 0.000125587102957, 3.7799574784e-05, 1.00757652035e-05, 3.29864701598e-06, 1.83940881016e-06, 2.5511630156e-05, 1.23582394735e-05, 1.42202213738e-06, 1.99122246158e-06, 2.0542488528e-06, 1.57727060923e-06, 1.63652123319e-06, 1.97924896383e-06, 3.15645479532e-06, 5.97203381858e-07, 4.92339097491e-07, 3.49712166781e-07, 2.80236378103e-07, 1.90788242094e-07, 4.19420480569e-08], "mean": [4.70603345093e-06, 0.00023407349363, 0.00105628801975, 0.000684975413606, 0.001120562898, 0.000300242536468, 0.000303196720779, 0.000501778908074, 0.000600614817813, 8.66874324856e-05, 3.04485583911e-05, 3.05203757307e-05, 4.02850964747e-05, 1.49993584273e-05, 1.06664792838e-05, 3.17586341225e-06, 2.71720182354e-06, 2.33642526837e-06, 2.71639873972e-06, 2.39055907514e-06, 1.29598811327e-06, 3.44343106917e-07, 1.69463589828e-07, 4.13084606521e-08, 1.42456926255e-08, 3.47249660138e-08, 1.79891816998e-08, 6.11540729167e-09, 3.64503871531e-09, 3.45033135396e-09, 2.16839546319e-09, 2.33124852755e-09, 2.09843986632e-09, 1.60932334126e-09, 5.18348863832e-10, 6.05437866508e-10, 2.60589244627e-10, 1.88135146351e-10, 1.14211334834e-10, 5.97689536752e-11], "median": [1.61579714586e-06, 1.00507695606e-05, 9.83068166533e-05, 0.000271216180408, 0.000499448098708, 0.000130439191707, 5.96014324401e-05, 0.000106022700493, 0.000184660544619, 1.86429588211e-05, 5.05526895722e-06, 9.84201506071e-06, 5.92788046561e-06, 4.67978134111e-06, 2.61584523287e-06, 9.09872824195e-07, 5.51681068828e-07, 3.95587221647e-07, 7.54857353513e-07, 5.28267719346e-07, 7.21562045669e-08, 8.68635581242e-08, 3.48670319283e-08, 9.33770039069e-09, 5.19060039395e-09, 6.89597312586e-09, 4.05408595583e-09, 8.70145289156e-10, 7.93899668228e-10, 6.0740529273e-10, 4.88146245647e-10, 4.98404817417e-10, 3.21004056669e-10, 2.63332355921e-10, 2.17703327587e-10, 1.6759856003e-10, 9.1365442989e-11, 5.32193560054e-11, 3.05279274082e-11, 2.81309350814e-11], "min": [1.48748164491e-23, 1.0008253061e-23, 1.65831846695e-23, 1.14399819614e-23, 6.81493228374e-24, 4.65759137331e-24, 5.88717032805e-24, 5.79832171316e-24, 3.25157381636e-24, 4.11027573297e-24, 8.42361767357e-24, 6.88684721044e-24, 1.28242616673e-23, 2.09134409712e-23, 1.27814588634e-23, 1.94613421045e-23, 1.28832298088e-23, 1.21299575745e-23, 9.14584192041e-24, 7.22259351145e-24, 6.5401700583e-24, 8.78375160947e-24, 1.52725885165e-23, 7.36525506186e-24, 8.75968188553e-24, 1.09392162142e-23, 8.97570197809e-24, 2.29937350203e-23, 1.66557488287e-23, 6.01129167503e-24, 6.69912908058e-24, 9.76767809503e-24, 1.37177957371e-23, 1.47694546089e-23, 1.56947568963e-23, 1.12578245121e-23, 7.82339865434e-24, 1.27382774063e-23, 1.07382657315e-23, 1.03688082486e-23], "var": [3.88710813537e-10, 3.35095165838e-07, 6.33323588772e-06, 4.19289972342e-06, 4.80252765556e-06, 4.99081750149e-07, 1.14124281936e-06, 4.16199372921e-06, 3.75301647182e-06, 1.47760772506e-07, 1.77472490037e-08, 4.8546509035e-09, 4.10645526472e-08, 3.60468588312e-09, 2.19963069981e-09, 8.15239681318e-11, 8.71851132955e-11, 5.84089790423e-11, 3.72808277305e-11, 3.16600218264e-11, 2.64273828515e-11, 1.1484062399e-12, 2.15022566267e-13, 1.06875618788e-14, 1.43516339204e-15, 1.32834864527e-13, 3.21581106741e-14, 4.18913617182e-16, 9.97016012433e-16, 1.00724488818e-15, 5.63005435865e-16, 5.84234728501e-16, 6.33630407732e-16, 1.47105810724e-15, 4.21636126659e-17, 3.14739774622e-17, 1.48493941553e-17, 7.54735307325e-18, 3.85418147615e-18, 2.00862872279e-19]}, "mfcc": {"mean": [-857.87701416, 236.050750732, 15.1088247299, -24.0266094208, -3.62447166443, -16.0756950378, -23.8899307251, -15.8900737762, -10.1778869629, -10.9755973816, -13.7559633255, -9.131483078, -2.83120965958], "cov": [[3036.71459961, 1674.50756836, -768.094970703, -17.5995807648, 452.355834961, 67.4125213623, -91.76902771, 34.0530395508, 99.6826629639, 28.8605098724, -105.31502533, -91.7688369751, 65.4329681396], [1674.50756836, 1233.34460449, -246.785644531, -124.138237, 284.437255859, 79.2717132568, -61.0929527283, 34.674495697, 96.7433776855, 22.2491645813, -58.0852775574, -40.7394218445, 2.46295547485], [-768.094970703, -246.785644531, 491.299591064, 45.0027351379, -160.657104492, 28.960981369, 47.4714622498, 32.4665031433, 31.2970905304, 12.2025547028, 37.3199501038, 40.8164024353, -40.2184181213], [-17.5995807648, -124.138237, 45.0027351379, 217.918411255, 48.1865882874, -16.3878650665, 20.6063022614, 21.9029846191, -4.58926582336, -20.5089473724, -26.8697757721, -24.8563518524, 1.46063101292], [452.355834961, 284.437255859, -160.657104492, 48.1865882874, 293.114227295, 77.2587814331, -76.9530639648, 3.88038182259, 28.2276535034, -51.8241386414, -72.0999298096, -45.8076477051, -16.8499183655], [67.4125213623, 79.2717132568, 28.960981369, -16.3878650665, 77.2587814331, 122.617729187, 10.5925550461, -2.36673474312, 28.6366539001, -3.62532043457, -6.10956192017, 2.22302389145, -15.0250673294], [-91.76902771, -61.0929527283, 47.4714622498, 20.6063022614, -76.9530639648, 10.5925550461, 128.06199646, 40.4399147034, -17.2022457123, 32.7040596008, 24.4361991882, 1.10513186455, 5.92323303223], [34.0530395508, 34.674495697, 32.4665031433, 21.9029846191, 3.88038182259, -2.36673474312, 40.4399147034, 110.052749634, 77.5388336182, -0.920135736465, -17.9805049896, -6.00357246399, -10.8754730225], [99.6826629639, 96.7433776855, 31.2970905304, -4.58926582336, 28.2276535034, 28.6366539001, -17.2022457123, 77.5388336182, 155.491043091, 55.05443573, -19.0241718292, 0.759940564632, -8.72581386566], [28.8605098724, 22.2491645813, 12.2025547028, -20.5089473724, -51.8241386414, -3.62532043457, 32.7040596008, -0.920135736465, 55.05443573, 136.405563354, 67.7482299805, 10.0668363571, 13.6444978714], [-105.31502533, -58.0852775574, 37.3199501038, -26.8697757721, -72.0999298096, -6.10956192017, 24.4361991882, -17.9805049896, -19.0241718292, 67.7482299805, 118.440666199, 64.4811172485, 0.269813001156], [-91.7688369751, -40.7394218445, 40.8164024353, -24.8563518524, -45.8076477051, 2.22302389145, 1.10513186455, -6.00357246399, 0.759940564632, 10.0668363571, 64.4811172485, 100.735488892, 31.958278656], [65.4329681396, 2.46295547485, -40.2184181213, 1.46063101292, -16.8499183655, -15.0250673294, 5.92323303223, -10.8754730225, -8.72581386566, 13.6444978714, 0.269813001156, 31.958278656, 79.5060424805]], "icov": [[0.0319443307817, -0.0452434122562, 0.0476242862642, -0.0491636730731, 0.0503550693393, -0.0516744852066, 0.0508523769677, -0.04782519117, 0.04304330796, -0.0360292866826, 0.0267158765346, -0.0163834970444, 0.00808375421911], [-0.0452434122562, 0.0654315724969, -0.0675055980682, 0.0709592029452, -0.0732981711626, 0.073986761272, -0.0730113685131, 0.0681121647358, -0.0619289427996, 0.0510894320905, -0.0381508693099, 0.0235771704465, -0.0119515070692], [0.0476242862642, -0.0675055980682, 0.0751927122474, -0.0758239328861, 0.0799060091376, -0.0821323096752, 0.0800270661712, -0.075914517045, 0.0683296695352, -0.0577590689063, 0.0442076511681, -0.0284973718226, 0.0161096341908], [-0.0491636730731, 0.0709592029452, -0.0758239328861, 0.0841707065701, -0.0846654996276, 0.0867820382118, -0.0863772034645, 0.0798282697797, -0.0736319944263, 0.0620408132672, -0.0468021780252, 0.030258750543, -0.0165598504245], [0.0503550693393, -0.0732981711626, 0.0799060091376, -0.0846654996276, 0.0962027683854, -0.0972819775343, 0.0976296961308, -0.0911239311099, 0.0836764425039, -0.0688803270459, 0.0542885474861, -0.0321081466973, 0.0187973622233], [-0.0516744852066, 0.073986761272, -0.0821323096752, 0.0867820382118, -0.0972819775343, 0.112196743488, -0.108837395906, 0.106763549149, -0.100389815867, 0.0829152315855, -0.0625824183226, 0.0371194221079, -0.0195628218353], [0.0508523769677, -0.0730113685131, 0.0800270661712, -0.0863772034645, 0.0976296961308, -0.108837395906, 0.12613517046, -0.122416593134, 0.116364248097, -0.0976425409317, 0.0718630477786, -0.0432847365737, 0.0231428723782], [-0.04782519117, 0.0681121647358, -0.075914517045, 0.0798282697797, -0.0911239311099, 0.106763549149, -0.122416593134, 0.138365596533, -0.129042595625, 0.106893539429, -0.0797015577555, 0.0497720353305, -0.0259504392743], [0.04304330796, -0.0619289427996, 0.0683296695352, -0.0736319944263, 0.0836764425039, -0.100389815867, 0.116364248097, -0.129042595625, 0.136157542467, -0.115304909647, 0.0917569622397, -0.0591070838273, 0.0330318212509], [-0.0360292866826, 0.0510894320905, -0.0577590689063, 0.0620408132672, -0.0688803270459, 0.0829152315855, -0.0976425409317, 0.106893539429, -0.115304909647, 0.112281322479, -0.09138430655, 0.0601211115718, -0.0351008623838], [0.0267158765346, -0.0381508693099, 0.0442076511681, -0.0468021780252, 0.0542885474861, -0.0625824183226, 0.0718630477786, -0.0797015577555, 0.0917569622397, -0.09138430655, 0.0928131490946, -0.0625462010503, 0.0364193692803], [-0.0163834970444, 0.0235771704465, -0.0284973718226, 0.030258750543, -0.0321081466973, 0.0371194221079, -0.0432847365737, 0.0497720353305, -0.0591070838273, 0.0601211115718, -0.0625462010503, 0.0558904483914, -0.0310334786773], [0.00808375421911, -0.0119515070692, 0.0161096341908, -0.0165598504245, 0.0187973622233, -0.0195628218353, 0.0231428723782, -0.0259504392743, 0.0330318212509, -0.0351008623838, 0.0364193692803, -0.0310334786773, 0.0317610390484]]}, "spectral_contrast_coeffs": {"dmean": [0.0385649241507, 0.031543970108, 0.027215493843, 0.0251327585429, 0.0171309541911, 0.0177244283259], "dmean2": [0.0649294257164, 0.0503298118711, 0.0432420186698, 0.0402445234358, 0.0267139039934, 0.0307976659387], "dvar": [0.000957027077675, 0.000692424364388, 0.000480334711028, 0.00040931624244, 0.000236906344071, 0.000279388536001], "dvar2": [0.00266426056623, 0.0017232731916, 0.00122441153508, 0.00107296311762, 0.000565713329706, 0.000819334527478], "max": [-0.188125312328, -0.290513068438, -0.471245080233, -0.526230871677, -0.527284920216, -0.591353595257], "mean": [-0.458781540394, -0.656759679317, -0.746856987476, -0.733462572098, -0.759273529053, -0.830124378204], "median": [-0.456248581409, -0.660683512688, -0.752829909325, -0.733870744705, -0.75906676054, -0.829889416695], "min": [-0.963098227978, -0.957664489746, -0.962163805962, -0.961339712143, -0.959623515606, -0.955530643463], "var": [0.00747441779822, 0.00552081037313, 0.00314537179656, 0.00257014716044, 0.00264446251094, 0.000866290298291]}, "spectral_contrast_valleys": {"dmean": [0.43986544013, 0.256561011076, 0.236541256309, 0.22895719111, 0.191672563553, 0.28372913599], "dmean2": [0.729618430138, 0.425862491131, 0.397485673428, 0.392368465662, 0.3246847093