{"lowlevel": {"average_loudness": 0.873156607151, "barkbands_crest": {"dmean": 2.03945732117, "dmean2": 2.98713636398, "dvar": 3.07755613327, "dvar2": 6.57754230499, "max": 24.270450592, "mean": 10.3637714386, "median": 9.55262088776, "min": 4.02683877945, "var": 14.1058712006}, "barkbands_flatness_db": {"dmean": 0.0168397650123, "dmean2": 0.0229976996779, "dvar": 0.000268733361736, "dvar2": 0.000512066704687, "max": 0.307418942451, "mean": 0.163424089551, "median": 0.16442745924, "min": 0.0401198044419, "var": 0.00153862091247}, "barkbands_kurtosis": {"dmean": 2.02617263794, "dmean2": 2.94555211067, "dvar": 5.32849836349, "dvar2": 11.3523254395, "max": 50.3714866638, "mean": 5.21098566055, "median": 4.20476436615, "min": -1.32461249828, "var": 19.0948829651}, "barkbands_skewness": {"dmean": 0.32424646616, "dmean2": 0.470100820065, "dvar": 0.0967546999454, "dvar2": 0.204335227609, "max": 6.22339487076, "mean": 1.71269285679, "median": 1.72968053818, "min": -2.15232539177, "var": 0.768708050251}, "barkbands_spread": {"dmean": 2.5585193634, "dmean2": 3.71544384956, "dvar": 6.41773700714, "dvar2": 12.948009491, "max": 55.1079292297, "mean": 11.7246646881, "median": 10.5749664307, "min": 1.49317204952, "var": 34.2490119934}, "dissonance": {"dmean": 0.0190313626081, "dmean2": 0.0306927282363, "dvar": 0.000318099046126, "dvar2": 0.000763304473367, "max": 0.499810278416, "mean": 0.442776083946, "median": 0.445271283388, "min": 0.135143980384, "var": 0.000948770029936}, "dynamic_complexity": 2.7145087719, "erbbands_crest": {"dmean": 2.33850884438, "dmean2": 3.41013264656, "dvar": 4.41567182541, "dvar2": 9.0563249588, "max": 29.785118103, "mean": 10.5073862076, "median": 9.62481307983, "min": 2.65562033653, "var": 23.6308097839}, "erbbands_flatness_db": {"dmean": 0.0164771582931, "dmean2": 0.0229836720973, "dvar": 0.000330085138557, "dvar2": 0.000713938847184, "max": 0.332568377256, "mean": 0.185850992799, "median": 0.187774017453, "min": 0.0698274075985, "var": 0.00139877537731}, "erbbands_kurtosis": {"dmean": 0.994373738766, "dmean2": 1.50800335407, "dvar": 1.60357224941, "dvar2": 3.59340214729, "max": 26.5340118408, "mean": 0.696544587612, "median": 0.0351121425629, "min": -1.53997766972, "var": 5.58488988876}, "erbbands_skewness": {"dmean": 0.330231964588, "dmean2": 0.479411780834, "dvar": 0.0796100869775, "dvar2": 0.170829579234, "max": 4.58086776733, "mean": 0.918429136276, "median": 0.88375222683, "min": -2.7973382473, "var": 0.495031088591}, "erbbands_spread": {"dmean": 5.17572641373, "dmean2": 7.85418891907, "dvar": 29.970457077, "dvar2": 71.8962783813, "max": 75.901512146, "mean": 29.5439300537, "median": 28.8981075287, "min": 5.09577178955, "var": 112.842597961}, "hfc": {"dmean": 2.65057635307, "dmean2": 3.47568440437, "dvar": 8.95721817017, "dvar2": 14.5252275467, "max": 67.8474273682, "mean": 13.8887786865, "median": 12.4634714127, "min": 1.0705691772e-16, "var": 82.8205413818}, "melbands_crest": {"dmean": 2.38960933685, "dmean2": 3.49363350868, "dvar": 4.91344881058, "dvar2": 10.8772134781, "max": 31.9003715515, "mean": 12.2374258041, "median": 11.3175096512, "min": 1.73068618774, "var": 23.5730304718}, "melbands_flatness_db": {"dmean": 0.0170038156211, "dmean2": 0.0231276452541, "dvar": 0.000257714214968, "dvar2": 0.000489854253829, "max": 0.369111418724, "mean": 0.220389038324, "median": 0.226089030504, "min": 0.00403518555686, "var": 0.00279225665145}, "melbands_kurtosis": {"dmean": 3.10348939896, "dmean2": 4.56544780731, "dvar": 13.7255535126, "dvar2": 30.915435791, "max": 72.1336212158, "mean": 9.69811820984, "median": 8.22769165039, "min": -1.6834564209, "var": 45.0637741089}, "melbands_skewness": {"dmean": 0.38981321454, "dmean2": 0.571892857552, "dvar": 0.156293153763, "dvar2": 0.366628825665, "max": 6.36780548096, "mean": 2.18431401253, "median": 2.12916111946, "min": -0.282142043114, "var": 0.757175266743}, "melbands_spread": {"dmean": 3.09410023689, "dmean2": 4.53371429443, "dvar": 20.1861724854, "dvar2": 42.9755554199, "max": 162.80317688, "mean": 16.2558631897, "median": 11.8133707047, "min": 2.07569098473, "var": 469.430603027}, "pitch_salience": {"dmean": 0.0528377555311, "dmean2": 0.078522644937, "dvar": 0.0019965749234, "dvar2": 0.00457637710497, "max": 0.938228726387, "mean": 0.592595934868, "median": 0.594957590103, "min": 0.211343184114, "var": 0.0106989005581}, "silence_rate_20dB": {"dmean": 0, "dmean2": 0, "dvar": 0, "dvar2": 0, "max": 1, "mean": 1, "median": 1, "min": 1, "var": 0}, "silence_rate_30dB": {"dmean": 0.00341296917759, "dmean2": 0.00682826898992, "dvar": 0.00340118142776, "dvar2": 0.00746388966218, "max": 1, "mean": 0.995905816555, "median": 1, "min": 0, "var": 0.00407767761499}, "silence_rate_60dB": {"dmean": 0.000682593847159, "dmean2": 0.00136565382127, "dvar": 0.000682138488628, "dvar2": 0.001363829826, "max": 1, "mean": 0.0549300573766, "median": 0, "min": 0, "var": 0.0519092865288}, "spectral_centroid": {"dmean": 129.452331543, "dmean2": 189.992324829, "dvar": 40481.9765625, "dvar2": 76660.984375, "max": 11730.0419922, "mean": 1124.84667969, "median": 781.878051758, "min": 324.717529297, "var": 3095107.5}, "spectral_complexity": {"dmean": 2.24914669991, "dmean2": 3.53226351738, "dvar": 4.604180336, "dvar2": 10.4203014374, "max": 41, "mean": 16.3933811188, "median": 17, "min": 0, "var": 33.7808151245}, "spectral_decrease": {"dmean": 1.38879086009e-09, "dmean2": 1.78227299585e-09, "dvar": 2.65368887648e-18, "dvar2": 4.92952164914e-18, "max": 5.10487042947e-21, "mean": -6.59502585876e-09, "median": -5.88147885949e-09, "min": -3.65950789671e-08, "var": 2.014447835e-17}, "spectral_energy": {"dmean": 0.00545227807015, "dmean2": 0.00698799546808, "dvar": 4.06157123507e-05, "dvar2": 7.49018945498e-05, "max": 0.143844485283, "mean": 0.0261508729309, "median": 0.023304624483, "min": 1.01604064824e-20, "var": 0.000313719792757}, "spectral_energyband_high": {"dmean": 5.56239028811e-05, "dmean2": 8.69758951012e-05, "dvar": 1.12140545738e-08, "dvar2": 2.84435746067e-08, "max": 0.00115375651512, "mean": 0.000118930118333, "median": 7.94510997366e-05, "min": 6.96746912312e-21, "var": 1.63423852229e-08}, "spectral_energyband_low": {"dmean": 0.00132126209792, "dmean2": 0.00224624201655, "dvar": 1.55570178322e-05, "dvar2": 4.42117052444e-05, "max": 0.0499743372202, "mean": 0.00311786076054, "median": 0.00208111666143, "min": 1.78328649834e-23, "var": 1.53385353769e-05}, "spectral_energyband_middle_high": {"dmean": 0.000842181732878, "dmean2": 0.00122288474813, "dvar": 1.62685046234e-06, "dvar2": 2.7354701615e-06, "max": 0.0545063465834, "mean": 0.00299844844267, "median": 0.00263498770073, "min": 1.24998491518e-21, "var": 6.21728759143e-06}, "spectral_energyband_middle_low": {"dmean": 0.00488494941965, "dmean2": 0.00605416158214, "dvar": 3.19791979564e-05, "dvar2": 4.93601255585e-05, "max": 0.136601909995, "mean": 0.0205712169409, "median": 0.0173873547465, "min": 1.4252900284e-22, "var": 0.000241916728555}, "spectral_entropy": {"dmean": 0.147558763623, "dmean2": 0.205054432154, "dvar": 0.0255940128118, "dvar2": 0.0520749688148, "max": 9.81657314301, "mean": 7.19489526749, "median": 7.10166692734, "min": 6.00543260574, "var": 0.312403053045}, "spectral_flux": {"dmean": 0.0145958559588, "dmean2": 0.0240068398416, "dvar": 0.00034482681076, "dvar2": 0.000768098863773, "max": 0.217715740204, "mean": 0.0553680434823, "median": 0.0520018935204, "min": 6.48579315254e-11, "var": 0.000825929280836}, "spectral_kurtosis": {"dmean": 2.47174668312, "dmean2": 4.24918079376, "dvar": 5.84677886963, "dvar2": 16.6581172943, "max": 25.020532608, "mean": 7.26280164719, "median": 6.84790039062, "min": -1.27031588554, "var": 12.4934425354}, "spectral_rms": {"dmean": 0.000494212319609, "dmean2": 0.000637041172013, "dvar": 2.3976562602e-07, "dvar2": 4.72015955211e-07, "max": 0.0118463532999, "mean": 0.00471297325566, "median": 0.00476825144142, "min": 3.14842683174e-12, "var": 3.30088937517e-06}, "spectral_rolloff": {"dmean": 176.108444214, "dmean2": 294.355834961, "dvar": 226378.28125, "dvar2": 398147.34375, "max": 20068.9453125, "mean": 1296.16809082, "median": 667.529296875, "min": 301.46484375, "var": 9629205}, "spectral_skewness": {"dmean": 0.257255464792, "dmean2": 0.427891105413, "dvar": 0.0600901693106, "dvar2": 0.16029971838, "max": 3.58940577507, "mean": 1.89785945415, "median": 1.92984652519, "min": -0.0708073377609, "var": 0.258289128542}, "spectral_spread": {"dmean": 405526.0625, "dmean2": 644017.8125, "dvar": 705336836096, "dvar2": 1488780656640.0, "max": 43285560, "mean": 4431976, "median": 3118315, "min": 2004808.125, "var": 40314374979600.0}, "spectral_strongpeak": {"dmean": 0.442075252533, "dmean2": 0.671836972237, "dvar": 0.238340809941, "dvar2": 0.537450134754, "max": 6.91989660263, "mean": 1.33040511608, "median": 1.21012163162, "min": 0, "var": 0.968629062176}, "zerocrossingrate": {"dmean": 0.00521877687424, "dmean2": 0.00669107027352, "dvar": 0.000121246921481, "dvar2": 0.000225905954721, "max": 0.53271484375, "mean": 0.0509863235056, "median": 0.03515625, "min": 0.01416015625, "var": 0.00642244610935}, "barkbands": {"dmean": [3.50994969267e-06, 0.000623351836111, 0.000625297077931, 0.000688806001563, 0.00123026221991, 0.00179046695121, 0.00272895395756, 0.000925230269786, 0.000648773100693, 0.000460883282358, 9.59393582889e-05, 0.000163033357239, 0.000124077138025, 0.000166988422279, 0.000163751668879, 0.000204979776754, 0.000125249061966, 9.78480093181e-05, 6.48032873869e-05, 3.33757707267e-05, 2.28534227062e-05, 1.36461985676e-05, 4.91954824611e-06, 4.2052633944e-06, 6.30254453426e-06, 2.57866599895e-06, 8.49336004194e-07], "dmean2": [5.95535175307e-06, 0.00109855667688, 0.0011169546051, 0.00093754415866, 0.00168090243824, 0.00226684566587, 0.00340209156275, 0.00118420040235, 0.000880879873876, 0.000651183712762, 0.000143442084664, 0.000254780345131, 0.000201586735784, 0.000275158148725, 0.000273673096672, 0.00034462599433, 0.000202850846108, 0.000158921349794, 0.000104936574644, 5.32979320269e-05, 3.76811040042e-05, 2.29010311159e-05, 7.71925169829e-06, 6.56329166304e-06, 9.99455278361e-06, 4.27132272307e-06, 1.31660203806e-06], "dvar": [1.57078100527e-10, 4.44216402684e-06, 3.74620617549e-06, 2.21684831558e-06, 2.71797875939e-06, 9.67430969467e-06, 1.81546256499e-05, 3.68767950931e-06, 1.30173179969e-06, 1.22345556974e-06, 5.70154767843e-08, 6.36947774524e-08, 2.72245657129e-08, 4.69846384021e-08, 5.38945883477e-08, 8.37870501869e-08, 2.99021287731e-08, 2.39232100796e-08, 1.3136709498e-08, 2.52546672463e-09, 2.24763496703e-09, 8.75372219156e-10, 5.84519099789e-11, 4.90616020032e-11, 1.68515076893e-10, 3.70564134933e-11, 4.94122971706e-12], "dvar2": [4.0467670881e-10, 1.27962284751e-05, 1.09535894808e-05, 4.06499839301e-06, 5.39704524272e-06, 1.31672641146e-05, 2.7428548492e-05, 5.79689321967e-06, 2.22884273171e-06, 1.93998062059e-06, 1.11919334245e-07, 1.4777745605e-07, 7.05853864247e-08, 1.19933005749e-07, 1.4209703636e-07, 2.28618930009e-07, 7.77295809939e-08, 6.17305389028e-08, 3.29927480891e-08, 6.07648731332e-09, 5.96054716695e-09, 2.37698705163e-09, 1.39061595572e-10, 1.17758094942e-10, 4.11955830559e-10, 9.45481123948e-11, 1.05828757216e-11], "max": [0.000154084424139, 0.0266258269548, 0.0238062720746, 0.0546819232404, 0.0263807494193, 0.0890526622534, 0.100230619311, 0.0441150553524, 0.0296112187207, 0.0500949881971, 0.0119555620477, 0.0062994225882, 0.00275196926668, 0.00302113895305, 0.00326967984438, 0.00339638348669, 0.00244456483051, 0.0040750275366, 0.00316227320582, 0.000848801631946, 0.000474980537547, 0.000365373678505, 0.000103675221908, 7.90541089373e-05, 0.00012319641246, 0.000105346727651, 3.97992989747e-05], "mean": [5.53347854293e-06, 0.0012356841471, 0.00124618015252, 0.00171827955637, 0.00384284742177, 0.00448476942256, 0.00658811302856, 0.00238082394935, 0.00151321594603, 0.000867826282047, 0.000187569283298, 0.00026701373281, 0.000214592640987, 0.000284119683784, 0.000289069634164, 0.000331663293764, 0.0002261986956, 0.000183224619832, 0.000121096200019, 6.75001938362e-05, 3.96781615564e-05, 2.26378779189e-05, 1.11480740088e-05, 8.82334097696e-06, 9.19650119613e-06, 3.14488761433e-06, 9.52674099608e-07], "median": [4.16942498305e-07, 0.000631950446405, 0.000587864313275, 0.000795436906628, 0.00287089427002, 0.00231358921155, 0.00289209000766, 0.00061981898034, 0.000661903293803, 0.000385551247746, 7.05879356246e-05, 0.000126275626826, 0.000145472557051, 0.000189999831491, 0.000197002314962, 0.000219259236474, 0.000155009693117, 0.000123484816868, 7.92733408161e-05, 4.93483203172e-05, 2.45924529736e-05, 1.34928513944e-05, 6.76490390106e-06, 4.98763483847e-06, 3.63231833944e-06, 1.09541201709e-06, 1.29232390123e-07], "min": [5.23185272725e-25, 2.45590484432e-24, 1.59215500678e-25, 1.23417071685e-24, 7.900695979e-24, 7.54849640609e-24, 6.06194719477e-24, 5.51553519459e-24, 1.67074318398e-23, 1.31737262594e-23, 1.16572421433e-23, 3.40428979344e-23, 2.17306645814e-23, 3.29945112577e-23, 3.73943324694e-23, 4.88817281267e-23, 3.96720010947e-23, 6.81880006876e-23, 1.29668904011e-22, 1.82645432391e-22, 2.75186086716e-22, 3.38133526638e-22, 4.14384493571e-22, 6.15726207095e-22, 8.94227276661e-22, 1.32916372989e-21, 1.94687620039e-21], "var": [1.73418016058e-10, 3.7428271753e-06, 3.56138002644e-06, 9.80558161245e-06, 1.18625548566e-05, 4.60262417619e-05, 9.93710564217e-05, 1.94232943613e-05, 5.79272364121e-06, 3.12524844048e-06, 2.05804568054e-07, 1.67825788822e-07, 5.37848521276e-08, 9.01345558191e-08, 9.67563451582e-08, 1.38246392112e-07, 5.71066891553e-08, 4.59056224145e-08, 2.15845137319e-08, 4.61109772587e-09, 2.51615039915e-09, 8.9323032304e-10, 1.70691599743e-10, 1.1911671649e-10, 2.05529857022e-10, 3.66914727767e-11, 7.25600569212e-12]}, "erbbands": {"dmean": [0.00935526378453, 0.172745943069, 0.668511211872, 1.42013633251, 3.25350952148, 4.27000761032, 8.34940910339, 17.7649345398, 42.9847412109, 19.6228160858, 17.6606769562, 13.6650362015, 11.6463928223, 12.142282486, 5.13808631897, 4.37205982208, 5.95141172409, 4.96082639694, 8.41740608215, 8.54916095734, 12.6998262405, 6.39168643951, 5.42127180099, 3.90828371048, 2.82844090462, 1.53717136383, 0.8897356987, 0.940362215042, 0.523658156395, 0.255043804646, 0.132284805179, 0.0763868615031, 0.0911408811808, 0.0934433564544, 0.0288857426494, 0.0123971728608, 0.00470647076145, 0.000949762528762, 0.000174828339368, 1.1884554624e-05], "dmean2": [0.01565772295, 0.307109951973, 1.18702316284, 2.1264629364, 4.45497512817, 6.08199453354, 10.604224205, 22.6922016144, 52.7600784302, 25.926984787, 22.587890625, 18.9557113647, 16.0369644165, 17.0107593536, 7.76379966736, 6.91543626785, 9.65504932404, 8.004778862, 13.89544487, 14.206659317, 21.3757553101, 10.3088293076, 8.756483078, 6.17816591263, 4.6073513031, 2.41984081268, 1.40187644958, 1.62797451019, 0.887737393379, 0.407170712948, 0.207185134292, 0.118050247431, 0.142898693681, 0.147505536675, 0.0465099662542, 0.0205218568444, 0.00772844441235, 0.00154552492313, 0.000270780699793, 1.72548279807e-05], "dvar": [0.000982299563475, 0.345356822014, 4.37262010574, 9.3519487381, 21.5346240997, 39.0482330322, 175.760604858, 957.522033691, 4462.68701172, 984.137451172, 1205.68591309, 723.279846191, 368.060241699, 1446.64294434, 71.112197876, 37.681854248, 66.6601486206, 45.5445709229, 117.017707825, 212.193069458, 367.999816895, 69.8172225952, 60.5060462952, 33.3393173218, 34.7448654175, 4.48166513443, 1.64511597157, 6.82088518143, 1.36061823368, 0.175726071, 0.0442311987281, 0.0152345336974, 0.0286233928055, 0.0389345288277, 0.00323433266021, 0.000723410397768, 0.000152927153977, 5.95602659814e-06, 2.33201760125e-07, 4.42740399897e-10], "dvar2": [0.0026390904095, 1.00817227364, 12.8099117279, 21.400560379, 42.2136802673, 84.283531189, 253.276580811, 1445.53198242, 6658.22949219, 1724.76647949, 1850.80847168, 1258.6986084, 665.994262695, 2201.34619141, 143.434234619, 89.1970825195, 171.945449829, 108.901367188, 305.733581543, 554.521118164, 1012.98846436, 178.111114502, 156.630172729, 79.9538497925, 90.1663970947, 10.4175872803, 3.82188653946, 19.1583042145, 3.74239015579, 0.430720239878, 0.106225520372, 0.0359660424292, 0.0706581771374, 0.0961356833577, 0.00794893503189, 0.00186198262963, 0.000378480588552, 1.42480712384e-05, 4.98354722822e-07, 9.499642184e-10], "max": [0.427838712931, 7.3381357193, 25.3570919037, 89.4281158447, 103.841171265, 103.590324402, 367.596435547, 837.753173828, 1585.37072754, 962.956054688, 827.747375488, 808.722961426, 387.748962402, 1844.90576172, 363.910888672, 137.065048218, 132.375717163, 113.081596375, 147.731506348, 211.332473755, 231.80329895, 116.300163269, 180.29284668, 84.0457077026, 194.811904907, 30.3614864349, 15.5054302216, 26.4920711517, 13.0528268814, 7.12802696228, 3.3450217247, 1.8196709156, 1.73076558113, 2.4378528595, 0.457799613476, 0.223971545696, 0.314561039209, 0.0501852147281, 0.00946770329028, 0.000463614182081], "mean": [0.0205090772361, 0.339179545641, 1.41126930714, 3.43530035019, 8.65144824982, 12.467089653, 22.846118927, 46.1310653687, 105.78414917, 50.8898086548, 48.6565361023, 33.0537452698, 26.4542388916, 24.1404018402, 10.9669837952, 8.18436813354, 10.5688695908, 9.98108673096, 15.7785196304, 16.0097827911, 20.0523891449, 12.7215433121, 11.0331382751, 8.01498222351, 5.43440437317, 3.27942156792, 1.80068147182, 1.34463202953, 0.856831133366, 0.525962591171, 0.300327062607, 0.175993204117, 0.158942550421, 0.131147459149, 0.0448582693934, 0.0167357008904, 0.0053761000745, 0.00110176403541, 0.000205787888262, 3.79979828722e-05], "median": [0.00786524266005, 0.178323462605, 0.853423297405, 1.87823522091, 5.78434991837, 8.634141922, 14.488073349, 25.0703315735, 47.7907066345, 28.6890773773, 18.5115795135, 16.0333213806, 14.276268959, 11.0003681183, 6.57186603546, 5.17152166367, 7.15479230881, 7.03214216232, 11.7091255188, 10.9220876694, 12.4205083847, 9.2640171051, 8.09266757965, 5.38923311234, 3.81340742111, 2.37984108925, 1.2072480917, 0.750513136387, 0.51181447506, 0.336807310581, 0.185275480151, 0.105512395501, 0.079110942781, 0.0479550026357, 0.0205187592655, 0.00704754097387, 0.00161357503384, 0.000250046694418, 3.86587089451e-05, 3.07802401949e-05], "min": [5.40538346983e-23, 6.46003471187e-22, 3.92906878213e-22, 4.68072145348e-21, 1.72056943988e-20, 3.49393723665e-20, 6.19406090494e-20, 3.99070313846e-20, 6.71168856029e-20, 2.5103693405e-19, 2.08755312696e-19, 4.87884463571e-19, 3.0148921285e-19, 5.88539574518e-19, 8.08939677384e-19, 1.58918487291e-18, 1.28839470522e-18, 1.83381516387e-18, 2.65080842679e-18, 3.59402986478e-18, 3.42882618002e-18, 3.21892062099e-18, 4.67551971204e-18, 7.16447350158e-18, 7.71235327158e-18, 8.86476393019e-18, 9.99127142793e-18, 9.39309907668e-18, 1.14419071671e-17, 1.03993353405e-17, 1.10981598559e-17, 1.15685129502e-17, 1.04649919745e-17, 7.93026407779e-18, 6.85320626425e-18, 4.28845047056e-18, 2.33542348438e-18, 1.01651698149e-18, 2.30821984048e-19, 2.63934818837e-20], "var": [0.00123660254758, 0.275121301413, 3.96681547165, 29.4796047211, 91.6095504761, 152.352539062, 826.860290527, 4445.92236328, 24580.9433594, 4932.68164062, 6384.18359375, 3224.68823242, 1307.23144531, 3605.67895508, 257.110992432, 96.1427078247, 131.90675354, 107.047782898, 224.526184082, 346.880950928, 576.070983887, 137.91595459, 130.001968384, 73.1129226685, 45.1009101868, 9.80391693115, 3.3784198761, 5.17163944244, 1.29713749886, 0.358240008354, 0.1279065907, 0.0503806583583, 0.0447256565094, 0.0464877672493, 0.00420261733234, 0.000740261923056, 0.000155597372213, 6.76367335473e-06, 3.37140193096e-07, 1.07853748155e-09]}, "gfcc": {"mean": [-54.2774429321, 122.947364807, -121.960212708, 18.005191803, -58.7215652466, -13.3475646973, -45.3503723145, 4.90779781342, -17.7980175018, -0.302017837763, -13.7439422607, -4.20819139481, -7.43173980713], "cov": [[43105.3203125, 4247.58935547, -4142.03125, 523.161193848, -1816.45373535, -177.5078125, -1540.12524414, 375.185058594, -533.53338623, 88.9507598877, -535.371643066, -61.918510437, -215.556655884], [4247.58935547, 1045.70678711, -573.350952148, 60.0210494995, -140.355255127, -74.4586105347, -141.785629272, -10.2536382675, 1.65231406689, -58.0026664734, -15.3553781509, -65.2686538696, -3.95141625404], [-4142.03125, -573.350952148, 674.360900879, -41.9126930237, 251.946807861, 65.1486434937, 184.49446106, -10.1954450607, 50.7438049316, 30.3411827087, 39.2720336914, 27.4778766632, 26.2512989044], [523.161193848, 60.0210494995, -41.9126930237, 147.925888062, -3.41358494759, 27.5284309387, -18.7579555511, -0.962845802307, -6.16571903229, 0.869546771049, -7.77480077744, -2.26682043076, -7.14126300812], [-1816.45373535, -140.355255127, 251.946807861, -3.41358494759, 234.619598389, 63.7103843689, 97.9678878784, -6.95865297318, 41.103717804, -2.9760992527, 18.292175293, 5.38008308411, 22.503068924], [-177.5078125, -74.4586105347, 65.1486434937, 27.5284309387, 63.7103843689, 104.792243958, 47.5590705872, 15.3918371201, -0.847924828529, 4.59020900726, -7.31942415237, 12.2354040146, 2.48345112801], [-1540.12524414, -141.785629272, 184.49446106, -18.7579555511, 97.9678878784, 47.5590705872, 135.503036499, 25.0128898621, 38.7222709656, 6.02800703049, 26.6639003754, 3.28439855576, 9.90492248535], [375.185058594, -10.2536382675, -10.1954450607, -0.962845802307, -6.95865297318, 15.3918371201, 25.0128898621, 69.3732223511, 24.2285919189, 16.3409004211, -4.65025949478, 7.7218837738, -2.83955287933], [-533.53338623, 1.65231406689, 50.7438049316, -6.16571903229, 41.103717804, -0.847924828529, 38.7222709656, 24.2285919189, 76.9486541748, 24.1104335785, 20.4240684509, -6.65667009354, 4.24257230759], [88.9507598877, -58.0026664734, 30.3411827087, 0.869546771049, -2.9760992527, 4.59020900726, 6.02800703049, 16.3409004211, 24.1104335785, 60.1093978882, 19.8311481476, 7.16691017151, -7.45459413528], [-535.371643066, -15.3553781509, 39.2720336914, -7.77480077744, 18.292175293, -7.31942415237, 26.6639003754, -4.65025949478, 20.4240684509, 19.8311481476, 60.7614822388, 18.2847995758, 5.66126728058], [-61.918510437, -65.2686538696, 27.4778766632, -2.26682043076, 5.38008308411, 12.2354040146, 3.28439855576, 7.7218837738, -6.65667009354, 7.16691017151, 18.2847995758, 52.8893089294, 23.3066387177], [-215.556655884, -3.95141625404, 26.2512989044, -7.14126300812, 22.503068924, 2.48345112801, 9.90492248535, -2.83955287933, 4.24257230759, -7.45459413528, 5.66126728058, 23.3066387177, 48.4497375488]], "icov": [[0.000182697796845, -0.000571982061956, 0.000276142411167, -4.55616100226e-05, 0.000222768561798, -0.000444836798124, 0.000899765233044, -0.00115012016613, 0.000997546245344, -0.00131854310166, 0.000915042706765, -0.000513497914653, 0.000127703257021], [-0.000571982061956, 0.00419732509181, 0.00129372416995, -0.00037957294262, -0.00149245257489, 0.00160639674868, -0.0021322814282, 0.00337422708981, -0.00419404450804, 0.00578131852672, -0.00464969314635, 0.00444195792079, -0.00205157021992], [0.000276142411167, 0.00129372416995, 0.00603383779526, -0.00024085988116, -0.00314599298872, 0.00110902986489, -0.00251320633106, 0.00060716905864, 0.0010763341561, -0.00342198298313, 0.00217518163845, -0.00108399835881, -0.000370447960449], [-4.55616100226e-05, -0.00037957294262, -0.00024085988116, 0.00781040173024, 3.93959862777e-06, -0.00314749404788, 0.00164588168263, 0.000530968944076, -0.000519396329764, 7.67104356783e-05, -0.000380609853892, 0.000126322833239, 0.000943192571867], [0.000222768561798, -0.00149245257489, -0.00314599298872, 3.93959862777e-06, 0.0105315372348, -0.00533400243148, 0.000102921301732, 0.000953863549512, -0.00278881122358, 0.00120495841838, 0.000496482651215, 0.000134687143145, -0.00170187081676], [-0.000444836798124, 0.00160639674868, 0.00110902986489, -0.00314749404788, -0.00533400243148, 0.0182643271983, -0.00966861844063, 0.00227042892948, 0.00159974361304, -0.000903313281015, 0.00462223263457, -0.00495126470923, 0.00230063218623], [0.000899765233044, -0.0021322814282, -0.00251320633106, 0.00164588168263, 0.000102921301732, -0.00966861844063, 0.0258985925466, -0.0147451451048, 0.00189341802616, 0.000459023314761, -0.00689694425091, 0.00626714667305, -0.00258156261407], [-0.00115012016613, 0.00337422708981, 0.00060716905864, 0.000530968944076, 0.000953863549512, 0.00227042892948, -0.0147451451048, 0.0319721773267, -0.0147272348404, 0.00290560978465, 0.00523856608197, -0.00769925909117, 0.0040646456182], [0.000997546245344, -0.00419404450804, 0.0010763341561, -0.000519396329764, -0.00278881122358, 0.00159974361304, 0.00189341802616, -0.0147272348404, 0.0300302281976, -0.0156274475157, -0.000102444733784, 0.00508192228153, -0.00406735390425], [-0.00131854310166, 0.00578131852672, -0.00342198298313, 7.67104356783e-05, 0.00120495841838, -0.000903313281015, 0.000459023314761, 0.00290560978465, -0.0156274475157, 0.0367894433439, -0.0167928170413, 0.00462528271601, 0.00279990909621], [0.000915042706765, -0.00464969314635, 0.00217518163845, -0.000380609853892, 0.000496482651215, 0.00462223263457, -0.00689694425091, 0.00523856608197, -0.000102444733784, -0.0167928170413, 0.0368494540453, -0.0207453779876, 0.00680561223999], [-0.000513497914653, 0.00444195792079, -0.00108399835881, 0.000126322833239, 0.000134687143145, -0.00495126470923, 0.00626714667305, -0.00769925909117, 0.00508192228153, 0.00462528271601, -0.0207453779876, 0.0424883663654, -0.0206058230251], [0.000127703257021, -0.00205157021992, -0.000370447960449, 0.000943192571867, -0.00170187081676, 0.00230063218623, -0.00258156261407, 0.0040646456182, -0.00406735390425, 0.00279990909621, 0.00680561223999, -0.0206058230251, 0.0327231734991]]}, "melbands": {"dmean": [0.000129453226691, 0.000308876711642, 0.000291058648145, 0.000260561122559, 0.000274495105259, 0.000386875064578, 0.000625511689577, 0.000215165142436, 0.000130913773319, 8.58178391354e-05, 6.217497139e-05, 5.68828145333e-05, 1.63801196322e-05, 2.04396274057e-05, 1.27303019326e-05, 1.07723808469e-05, 1.030596286e-05, 1.62562046171e-05, 1.17513345685e-05, 1.09621105366e-05, 1.54154568008e-05, 6.38070696368e-06, 7.35628509574e-06, 5.30106808583e-06, 3.18787624565e-06, 2.67259792963e-06, 1.69898635249e-06, 9.37443417115e-07, 6.81672247538e-07, 4.35864336623e-07, 6.49351648008e-07, 3.32565747385e-07, 2.38157340959e-07, 1.24858857475e-07, 8.39085672055e-08, 6.02615841672e-08, 4.61875693247e-08, 5.69108777881e-08, 8.85495055059e-08, 7.95444563551e-08], "dmean2": [0.000225478303037, 0.000546942173969, 0.000414276204538, 0.000358516350389, 0.000349607464159, 0.000489699770696, 0.000768532627262, 0.000284720939817, 0.000169610328157, 0.000117559771752, 8.56202022987e-05, 7.98291148385e-05, 2.4473938538e-05, 3.18439051625e-05, 2.08435212699e-05, 1.74406013684e-05, 1.67244361364e-05, 2.70090313279e-05, 1.95959692064e-05, 1.81529358088e-05, 2.61163659161e-05, 1.04557557279e-05, 1.20045988297e-05, 8.6785903477e-06, 5.09003029947e-06, 4.39012001152e-06, 2.75204524769e-06, 1.48266065025e-06, 1.10391340513e-06, 7.02704596733e-07, 1.1513420759e-06, 5.7697354805e-07, 3.92803173099e-07, 2.00398289962e-07, 1.33423895932e-07, 9.59594643746e-08, 7.18149522072e-08, 9.16958668995e-08, 1.40869161669e-07, 1.26613500129e-07], "dvar": [1.94702096223e-07, 9.96904645945e-07, 3.14716515959e-07, 1.1954811896e-07, 1.81159961699e-07, 4.3052619958e-07, 9.704273225e-07, 1.20081125488e-07, 5.36450492916e-08, 2.50342591102e-08, 1.03280228814e-08, 2.90585582263e-08, 1.22480403597e-09, 1.22974119776e-09, 3.18487014539e-10, 1.76292216936e-10, 1.73069378273e-10, 4.51573806126e-10, 2.93424756714e-10, 2.61904720134e-10, 5.52217493954e-10, 7.82652137543e-11, 1.26629984276e-10, 1.04337198603e-10, 2.32809951872e-11, 3.22732743308e-11, 8.6245793493e-12, 1.65036192178e-12, 8.81618237615e-13, 7.37278185552e-13, 3.61441410655e-12, 5.87608249818e-13, 1.58920551957e-13, 3.76784242912e-14, 1.75972178994e-14, 9.79937498876e-15, 5.65019722565e-15, 1.01697697911e-14, 3.53067422033e-14, 2.78647751032e-14], "dvar2": [5.50776860564e-07, 2.91483479486e-06, 6.64785261506e-07, 2.40102025373e-07, 2.7428473004e-07, 6.28188217888e-07, 1.43970009958e-06, 2.05055897595e-07, 8.31136972579e-08, 4.33587601378e-08, 1.86085813425e-08, 4.42900542907e-08, 2.37295294525e-09, 2.81522849477e-09, 8.13119072074e-10, 4.45371267643e-10, 4.25513541069e-10, 1.17702692037e-09, 7.71389674359e-10, 6.71051381129e-10, 1.52328438752e-09, 2.03938005372e-10, 3.31497551631e-10, 2.73503053538e-10, 5.59167816216e-11, 8.29137661307e-11, 2.1386165408e-11, 3.91510912232e-12, 2.12706263193e-12, 1.86154108621e-12, 1.02989491935e-11, 1.63871997569e-12, 3.98728684618e-13, 9.46068581548e-14, 4.4267856118e-14, 2.31096422516e-14, 1.39707140984e-14, 2.53294818252e-14, 8.72020758011e-14, 6.84862323103e-14], "max": [0.00586373964325, 0.0120609952137, 0.0177948363125, 0.0060963453725, 0.0110873905942, 0.0167554486543, 0.0237846653908, 0.0095596164465, 0.0053967339918, 0.00438067503273, 0.00201045768335, 0.00821729563177, 0.00175737182144, 0.000866557471454, 0.000258337298874, 0.000184822551091, 0.000191131024621, 0.000310222734697, 0.00024896778632, 0.000229499361012, 0.00028442061739, 0.00011593761883, 0.00019046041416, 0.000309596478473, 7.07499493728e-05, 0.000190599312191, 6.31622096989e-05, 1.79566486622e-05, 1.39445137393e-05, 1.40803167596e-05, 1.96938435693e-05, 8.66523714649e-06, 6.47480601401e-06, 2.42906480707e-06, 2.60931142293e-06, 1.49421805418e-06, 1.3457768091e-06, 1.11036968065e-06, 2.24684958994e-06, 1.70730970694e-06], "mean": [0.000264635717031, 0.000644574989565, 0.000769042118918, 0.000772759842221, 0.000781790062319, 0.000998030416667, 0.00154654402286, 0.000562846777029, 0.000357255921699, 0.000199236441404, 0.000135498732561, 0.000109394342871, 3.40197002515e-05, 3.36251323461e-05, 2.0528152163e-05, 1.98266843654e-05, 1.90514456335e-05, 2.74287340289e-05, 2.10599482671e-05, 1.93992964341e-05, 2.29275538004e-05, 1.130142482e-05, 1.33965968416e-05, 9.05596243683e-06, 6.10313463767e-06, 4.77118510389e-06, 3.12169413519e-06, 1.85061549018e-06, 1.27271414385e-06, 7.21419212368e-07, 8.01879878054e-07, 4.93035656746e-07, 3.99367934278e-07, 2.5258958658e-07, 1.79681549639e-07, 1.26433846503e-07, 9.8416407468e-08, 1.00086623434e-07, 1.31199456632e-07, 1.04998321149e-07], "median": [0.000130952161271, 0.000441464711912, 0.000451528001577, 0.00053969444707, 0.000510708079673, 0.000529818586074, 0.000700381118804, 0.000280645152088, 0.000152136111865, 8.58069906826e-05, 6.86292623868e-05, 4.78514120914e-05, 1.77577076101e-05, 1.34925303428e-05, 1.18529296742e-05, 1.39999474413e-05, 1.30287853608e-05, 1.88883295777e-05, 1.4118533727e-05, 1.30249409267e-05, 1.33446610562e-05, 8.05302079243e-06, 8.86168436409e-06, 5.83923520026e-06, 3.90484228774e-06, 2.99861699204e-06, 2.19374624066e-06, 1.32091179239e-06, 8.48473632686e-07, 4.36995406972e-07, 4.01384596671e-07, 2.89280450261e-07, 2.36308338231e-07, 1.59560087809e-07, 1.10608610271e-07, 7.67027970028e-08, 5.54669625785e-08, 5.58558994612e-08, 4.73560568537e-08, 3.73152033717e-08], "min": [8.56885268547e-25, 4.61648797306e-25, 1.96878856015e-24, 1.82696990763e-24, 2.20769094378e-24, 1.11008092431e-24, 9.63330510616e-25, 2.39878105959e-24, 1.6779939201e-24, 2.59874388842e-24, 1.31749257224e-24, 1.81542867537e-24, 2.14814476442e-24, 4.34485259504e-24, 1.8056462085e-24, 2.24451950679e-24, 3.09573809163e-24, 3.89018511813e-24, 2.06767404956e-24, 4.14249162905e-24, 2.6698425413e-24, 2.47108075319e-24, 3.109669178e-24, 4.08742085482e-24, 5.09598307202e-24, 3.95847049581e-24, 4.20801796571e-24, 4.90852132195e-24, 4.69237501164e-24, 4.85521167969e-24, 4.62423084006e-24, 5.34108018312e-24, 5.56137077419e-24, 4.52935690557e-24, 5.29487541661e-24, 6.33053342818e-24, 6.26299470735e-24, 6.21115471296e-24, 5.46130140178e-24, 5.93121598226e-24], "var": [1.78356813763e-07, 8.10180154076e-07, 1.2031599681e-06, 5.33377203737e-07, 8.53139113133e-07, 2.05103378903e-06, 5.35745402885e-06, 6.34526713839e-07, 2.84677156515e-07, 1.10535950171e-07, 3.66429162568e-08, 7.25633100274e-08, 4.56930271397e-09, 3.28297056207e-09, 6.51211529146e-10, 3.88768850446e-10, 3.91597421157e-10, 8.02554356305e-10, 5.51822032513e-10, 4.71975292182e-10, 8.40095992771e-10, 1.30298327683e-10, 2.41230591058e-10, 1.75883974052e-10, 4.78028484852e-11, 4.48560806554e-11, 1.30730504547e-11, 3.33745748052e-12, 1.79916043001e-12, 8.78099242624e-13, 2.53132150657e-12, 4.93649880088e-13, 2.55656010684e-13, 8.36337902686e-14, 4.6599358351e-14, 2.58324364368e-14, 1.82607021951e-14, 1.67964210926e-14, 4.64661234565e-14, 3.13111454895e-14]}, "mfcc": {"mean": [-674.443725586, 152.595184326, -11.1409988403, 25.2881240845, 0.113076739013, -13.5319633484, -14.6913938522, -7.23952913284, -3.52253460884, -1.57056438923, -1.03322088718, -4.74578905106, -0.915232479572], "cov": [[10882.3740234, 2734.14086914, -391.104431152, 427.458190918, 81.4061965942, -183.926239014, -207.85333252, -15.2359085083, 94.2412185669, 25.7321414948, 44.9343528748, -72.5394592285, 28.4921226501], [2734.14086914, 1362.86987305, -186.348968506, 161.445755005, 32.4913253784, -66.1104278564, -90.4571914673, -6.72149515152, -5.391685009, 20.1319351196, -6.14466381073, -18.1172809601, -13.7405958176], [-391.104431152, -186.348968506, 169.748748779, 8.55259132385, -6.48028945923, 11.3737344742, 23.9009990692, -13.3068056107, 7.72990369797, -6.28749513626, 8.06600570679, 2.24032330513, 6.52520751953], [427.458190918, 161.445755005, 8.55259132385, 112.22026825, 35.1407012939, 8.31748485565, -8.98914146423, 0.925364434719, 1.25779497623, 11.1948099136, 1.85065960884, 0.453244835138, 2.46021294594], [81.4061965942, 32.4913253784, -6.48028945923, 35.1407012939, 90.3130569458, 39.1126480103, 10.7550992966, 4.75334262848, 12.2993583679, -4.28260374069, -4.08284664154, -8.63729572296, 5.28214693069], [-183.926239014, -66.1104278564, 11.3737344742, 8.31748485565, 39.1126480103, 91.8358383179, 37.9951438904, 16.4950065613, 6.16339063644, 4.62524795532, -8.44327926636, 7.67257976532, -0.99381506443], [-207.85333252, -90.4571914673, 23.9009990692, -8.98914146423, 10.7550992966, 37.9951438904, 79.9773712158, 26.7625007629, 14.9028053284, -3.39352202415, 5.38900470734, 0.742419779301, 3.1919324398], [-15.2359085083, -6.72149515152, -13.3068056107, 0.925364434719, 4.75334262848, 16.4950065613, 26.7625007629, 69.7245941162, 22.3006591797, 12.038271904, -7.36992073059, 2.33462786674, -3.36910700798], [94.2412185669, -5.391685009, 7.72990369797, 1.25779497623, 12.2993583679, 6.16339063644, 14.9028053284, 22.3006591797, 71.6548080444, 17.220790863, 14.2148981094, -1.42915868759, 4.24673128128], [25.7321414948, 20.1319351196, -6.28749513626, 11.1948099136, -4.28260374069, 4.62524795532, -3.39352202415, 12.038271904, 17.220790863, 61.5099411011, 22.8862686157, 11.5588150024, 0.320701688528], [44.9343528748, -6.14466381073, 8.06600570679, 1.85065960884, -4.08284664154, -8.44327926636, 5.38900470734, -7.36992073059, 14.2148981094, 22.8862686157, 62.9854888916, 20.7834033966, 9.12464332581], [-72.5394592285, -18.1172809601, 2.24032330513, 0.453244835138, -8.63729572296, 7.67257976532, 0.742419779301, 2.33462786674, -1.42915868759, 11.5588150024, 20.7834033966, 59.6787757874, 21.6596012115], [28.4921226501, -13.7405958176, 6.52520751953, 2.46021294594, 5.28214693069, -0.99381506443, 3.1919324398, -3.36910700798, 4.24673128128, 0.320701688528, 9.12464332581, 21.6596012115, 56.8954772949]], "icov": [[0.000207471792237, -0.000357513374183, 0.000132358734845, -0.000337781006237, 0.000152661436005, 1.11260542326e-05, 0.000137144656037, -9.15758755582e-06, -0.000352122879121, 0.000270175252808, -0.000267307303147, 0.000285044923658, -0.000253912905464], [-0.000357513374183, 0.00181207805872, 0.00109940557741, -0.00129806180485, -0.000145530473674, 0.000597670383286, 0.000190710197785, 0.000166097452166, 0.000349388283212, -0.00039389799349, 0.000488052988658, -0.000322186009726, 0.000590314681176], [0.000132358734845, 0.00109940557741, 0.00832979753613, -0.00360415061004, 0.00204618251882, -0.000241220390308, -0.00193168374244, 0.00272069172934, -0.00185681448784, 0.00121804361697, -0.00048800665536, 0.000531361845788, -0.000517240900081], [-0.000337781006237, -0.00129806180485, -0.00360415061004, 0.0144989071414, -0.00570853799582, -7.39554016036e-05, 0.000937870296184, -0.00107936270069, 0.00221910723485, -0.00318176625296, 0.000573562690988, -0.00119352596812, 0.000268901931122], [0.000152661436005, -0.000145530473674, 0.00204618251882, -0.00570853799582, 0.0180492959917, -0.0085019422695, 0.0014071763726, 0.000625701504759, -0.0034415081609, 0.00390167115256, -0.00199056044221, 0.00480211013928, -0.00323951174505], [1.11260542326e-05, 0.000597670383286, -0.000241220390308, -7.39554016036e-05, -0.0085019422695, 0.019530326128, -0.00834811292589, 0.000508877041284, 0.00100350100547, -0.00416349573061, 0.00564969051629, -0.00568000227213, 0.00300338864326], [0.000137144656037, 0.000190710197785, -0.00193168374244, 0.000937870296184, 0.0014071763726, -0.00834811292589, 0.0210324823856, -0.00780610367656, -0.00123979826458, 0.00483712088317, -0.00591895962134, 0.00345316436142, -0.00206035701558], [-9.15758755582e-06, 0.000166097452166, 0.00272069172934, -0.00107936270069, 0.000625701504759, 0.000508877041284, -0.00780610367656, 0.0212462414056, -0.00581838516518, -0.00442456034943, 0.00661472976208, -0.00307344715111, 0.00199461099692], [-0.000352122879121, 0.000349388283212, -0.00185681448784, 0.00221910723485, -0.0034415081609, 0.00100350100547, -0.00123979826458, -0.00581838516518, 0.0190228670835, -0.00424409331754, -0.00353705114685, 0.00231757760048, -0.00127122236881], [0.000270175252808, -0.00039389799349, 0.00121804361697, -0.00318176625296, 0.00390167115256, -0.00416349573061, 0.00483712088317, -0.00442456034943, -0.00424409331754, 0.0232870932668, -0.00902478583157, -0.000261884939391, 0.000531705503818], [-0.000267307303147, 0.000488052988658, -0.00048800665536, 0.000573562690988, -0.00199056044221, 0.00564969051629, -0.00591895962134, 0.00661472976208, -0.00353705114685, -0.00902478583157, 0.0248837787658, -0.00870137196034, 0.000926808163058], [0.000285044923658, -0.000322186009726, 0.000531361845788, -0.00119352596812, 0.00480211013928, -0.00568000227213, 0.00345316436142, -0.00307344715111, 0.00231757760048, -0.000261884939391, -0.00870137196034, 0.0250704959035, -0.00947078783065], [-0.000253912905464, 0.000590314681176, -0.000517240900081, 0.000268901931122, -0.00323951174505, 0.00300338864326, -0.00206035701558, 0.00199461099692, -0.00127122236881, 0.000531705503818, 0.000926808163058, -0.00947078783065, 0.0220291148871]]}, "spectral_contrast_coeffs": {"dmean": [0.0374296978116, 0.0400806218386, 0.0340969637036, 0.0273950472474, 0.0217409934849, 0.0143437534571], "dmean2": [0.058698952198, 0.0616091489792, 0.0533307977021, 0.0455812700093, 0.0353402346373, 0.0238955188543], "dvar": [0.0010291604558, 0.00107975769788, 0.000785515236203, 0.000493812258355, 0.000353460520273, 0.00019274528313], "dvar2": [0.00254744500853, 0.0025246727746, 0.0018796621589, 0.0013755162945, 0.000871744705364, 0.000497424975038], "max": [-0.384246349335, -0.361627936363, -0.474152117968, -0.602802395821, -0.65792787075, -0.653087258339], "mean": [-0.596432983875, -0.653934776783, -0.715642333031, -0.766197562218, -0.770850837231, -0.774212896824], "median": [-0.588819980621, -0.647273659706, -0.710026144981, -0.761524021626, -0.769337773323, -0.770911693573], "min": [-0.984300971031, -0.983902275562, -0.974242150784, -0.970242261887, -0.965522646904, -0.965184688568], "var": [0.00838159956038, 0.00870983954519, 0.00592458667234, 0.00290081952699, 0.00256444769911, 0.00160073302686]}, "spectral_contrast_valleys": {"dmean": [0.336371600628, 0.291946291924, 0.26321387291, 0.22657725215, 0.229102432728, 0.238052502275], "dmean2": [0.545128047466, 0.473016530275, 0.425472646952, 0.353404343128, 0.329659819603, 0.332605838776], "dvar": [0.157622560859, 0.117020592093, 0.108813025057, 0.0919204875827, 0.117442972958, 0.130586981773], "dvar2": [0.311043