{"lowlevel": {"average_loudness": 0.96601074934, "barkbands_crest": {"dmean": 1.63829696178, "dmean2": 2.78400969505, "dvar": 2.93378210068, "dvar2": 9.28518104553, "max": 22.2440338135, "mean": 10.8176174164, "median": 10.1111841202, "min": 3.13310313225, "var": 9.21553134918}, "barkbands_flatness_db": {"dmean": 0.0190565064549, "dmean2": 0.0321453996003, "dvar": 0.000399528245907, "dvar2": 0.0010037162574, "max": 0.527964472771, "mean": 0.367146521807, "median": 0.372690737247, "min": 0.02833837457, "var": 0.00338938087225}, "barkbands_kurtosis": {"dmean": 1.51325762272, "dmean2": 2.46948289871, "dvar": 3.43669629097, "dvar2": 9.67569828033, "max": 36.2003173828, "mean": 5.04241847992, "median": 4.52438879013, "min": -1.85787570477, "var": 13.9142055511}, "barkbands_skewness": {"dmean": 0.268998920918, "dmean2": 0.439087450504, "dvar": 0.0797460600734, "dvar2": 0.213584318757, "max": 4.33601951599, "mean": 1.3698554039, "median": 1.36688745022, "min": -2.30696511269, "var": 0.472782850266}, "barkbands_spread": {"dmean": 0.628563284874, "dmean2": 1.03727936745, "dvar": 10.8889446259, "dvar2": 30.9693870544, "max": 138.7837677, "mean": 3.76202106476, "median": 3.10082745552, "min": 0.661119699478, "var": 23.906419754}, "dissonance": {"dmean": 0.0354147814214, "dmean2": 0.0596691817045, "dvar": 0.000985656050034, "dvar2": 0.00260248361155, "max": 0.500000119209, "mean": 0.356492847204, "median": 0.355187118053, "min": 0.156536772847, "var": 0.00309969508089}, "dynamic_complexity": 2.13266348839, "erbbands_crest": {"dmean": 1.70664596558, "dmean2": 2.75253987312, "dvar": 3.12809300423, "dvar2": 8.19357776642, "max": 29.4277038574, "mean": 12.9161338806, "median": 12.2228965759, "min": 2.81658124924, "var": 14.9979362488}, "erbbands_flatness_db": {"dmean": 0.0121108125895, "dmean2": 0.019787684083, "dvar": 0.000202505951165, "dvar2": 0.000467598176328, "max": 0.484611958265, "mean": 0.381418764591, "median": 0.386485874653, "min": 0.0799302831292, "var": 0.00215053651482}, "erbbands_kurtosis": {"dmean": 0.904799282551, "dmean2": 1.42269957066, "dvar": 1.57219207287, "dvar2": 4.31957483292, "max": 26.7074832916, "mean": 2.9910902977, "median": 2.46332359314, "min": -1.52500104904, "var": 6.84887886047}, "erbbands_skewness": {"dmean": 0.222489729524, "dmean2": 0.353257149458, "dvar": 0.0512781254947, "dvar2": 0.133342906833, "max": 3.35796737671, "mean": 0.956366062164, "median": 0.9674924016, "min": -3.60741519928, "var": 0.390040189028}, "erbbands_spread": {"dmean": 1.15837216377, "dmean2": 1.79443013668, "dvar": 2.90418410301, "dvar2": 7.13868713379, "max": 50.6610183716, "mean": 8.43298625946, "median": 7.73963689804, "min": 1.97078764439, "var": 17.6388950348}, "hfc": {"dmean": 2.10081362724, "dmean2": 3.38740849495, "dvar": 6.3540391922, "dvar2": 15.7210502625, "max": 39.8097763062, "mean": 14.9124879837, "median": 15.3529634476, "min": 1.11353346761e-16, "var": 39.630897522}, "melbands_crest": {"dmean": 1.89448845387, "dmean2": 3.19979953766, "dvar": 3.77721810341, "dvar2": 11.2605695724, "max": 26.7807865143, "mean": 12.4000921249, "median": 11.722910881, "min": 1.85293793678, "var": 12.3643655777}, "melbands_flatness_db": {"dmean": 0.0189367495477, "dmean2": 0.0311975907534, "dvar": 0.000487595825689, "dvar2": 0.00112119910773, "max": 0.6567735672, "mean": 0.446306198835, "median": 0.448324680328, "min": 0.00416035717353, "var": 0.00513083627447}, "melbands_kurtosis": {"dmean": 1.29222071171, "dmean2": 2.09782958031, "dvar": 2.77590942383, "dvar2": 7.05513238907, "max": 28.3413848877, "mean": 3.8222990036, "median": 3.21889400482, "min": -1.46997249126, "var": 10.42786026}, "melbands_skewness": {"dmean": 0.238719716668, "dmean2": 0.380779385567, "dvar": 0.0643364712596, "dvar2": 0.167671233416, "max": 3.97659993172, "mean": 1.11260378361, "median": 1.07725918293, "min": -1.27015697956, "var": 0.304977059364}, "melbands_spread": {"dmean": 0.981860637665, "dmean2": 1.60362660885, "dvar": 9.7286157608, "dvar2": 20.2917919159, "max": 160.672561646, "mean": 6.6361284256, "median": 5.19385242462, "min": 1.10474145412, "var": 122.371284485}, "pitch_salience": {"dmean": 0.0432876646519, "dmean2": 0.0726554021239, "dvar": 0.00197450723499, "dvar2": 0.00589818647131, "max": 0.960658252239, "mean": 0.56882506609, "median": 0.570307135582, "min": 0.292062044144, "var": 0.00705480622128}, "silence_rate_20dB": {"dmean": 0, "dmean2": 0, "dvar": 0, "dvar2": 0, "max": 1, "mean": 1, "median": 1, "min": 1, "var": 0}, "silence_rate_30dB": {"dmean": 0, "dmean2": 0, "dvar": 0, "dvar2": 0, "max": 1, "mean": 1, "median": 1, "min": 1, "var": 0}, "silence_rate_60dB": {"dmean": 0.00135409610812, "dmean2": 0.00270910933614, "dvar": 0.00135226163547, "dvar2": 0.00337908533402, "max": 1, "mean": 0.0409475453198, "median": 0, "min": 0, "var": 0.0392707511783}, "spectral_centroid": {"dmean": 32.0792427063, "dmean2": 50.4680480957, "dvar": 22918.8710938, "dvar2": 27470.9980469, "max": 11017.8183594, "mean": 495.008728027, "median": 451.974365234, "min": 253.406204224, "var": 139159.796875}, "spectral_complexity": {"dmean": 1.08530807495, "dmean2": 1.79952585697, "dvar": 1.34955000877, "dvar2": 2.99061536789, "max": 20, "mean": 10.4297800064, "median": 11, "min": 0, "var": 8.06983470917}, "spectral_decrease": {"dmean": 1.50360990325e-09, "dmean2": 2.52908693987e-09, "dvar": 3.0183394554e-18, "dvar2": 8.71369841647e-18, "max": 3.72846325793e-18, "mean": -8.99631391604e-09, "median": -9.1614040798e-09, "min": -2.21631033526e-08, "var": 1.55210267624e-17}, "spectral_energy": {"dmean": 0.00585570884869, "dmean2": 0.0098383044824, "dvar": 4.57023816125e-05, "dvar2": 0.000131428823806, "max": 0.0867974087596, "mean": 0.0353067554533, "median": 0.0360855311155, "min": 1.06048149211e-20, "var": 0.000236925188801}, "spectral_energyband_high": {"dmean": 1.41490500027e-06, "dmean2": 2.12550571632e-06, "dvar": 8.54135512318e-12, "dvar2": 1.74206569309e-11, "max": 3.90246277675e-05, "mean": 3.79558241548e-06, "median": 1.89352465441e-06, "min": 7.62828141939e-21, "var": 2.5242004667e-11}, "spectral_energyband_low": {"dmean": 0.000424344121711, "dmean2": 0.000625637359917, "dvar": 1.00516763268e-06, "dvar2": 2.35148581851e-06, "max": 0.013774106279, "mean": 0.00123669835739, "median": 0.000205368502066, "min": 7.42136232043e-23, "var": 4.7650974011e-06}, "spectral_energyband_middle_high": {"dmean": 0.000389872526284, "dmean2": 0.000563541776501, "dvar": 5.37513528798e-07, "dvar2": 9.77896547738e-07, "max": 0.0171945914626, "mean": 0.00238870526664, "median": 0.00219684909098, "min": 1.85333976379e-21, "var": 3.33213438353e-06}, "spectral_energyband_middle_low": {"dmean": 0.00581308081746, "dmean2": 0.00982442591339, "dvar": 4.50899351563e-05, "dvar2": 0.000133341338369, "max": 0.0850760862231, "mean": 0.0328904241323, "median": 0.0334004163742, "min": 2.87672025663e-22, "var": 0.000217058593989}, "spectral_entropy": {"dmean": 0.155219823122, "dmean2": 0.262434244156, "dvar": 0.0441183187068, "dvar2": 0.113242998719, "max": 9.81690883636, "mean": 5.63568639755, "median": 5.57167482376, "min": 4.40832328796, "var": 0.239758715034}, "spectral_flux": {"dmean": 0.0173844154924, "dmean2": 0.0279785301536, "dvar": 0.00042226279038, "dvar2": 0.00106802256778, "max": 0.191899910569, "mean": 0.0500533245504, "median": 0.0441574305296, "min": 1.02979680339e-10, "var": 0.00113035633694}, "spectral_kurtosis": {"dmean": 27.8145065308, "dmean2": 48.3352928162, "dvar": 703.496154785, "dvar2": 1787.05725098, "max": 412.382995605, "mean": 79.695602417, "median": 70.1132965088, "min": -1.19899833202, "var": 2737.03613281}, "spectral_rms": {"dmean": 0.000462345400592, "dmean2": 0.000772410654463, "dvar": 2.64442434172e-07, "dvar2": 7.38874234685e-07, "max": 0.00920219533145, "mean": 0.00564561504871, "median": 0.0059334137477, "min": 3.216544869e-12, "var": 2.57271835835e-06}, "spectral_rolloff": {"dmean": 52.9360618591, "dmean2": 93.6428833008, "dvar": 105320.65625, "dvar2": 182398.609375, "max": 18906.1523438, "mean": 755.211730957, "median": 602.9296875, "min": 301.46484375, "var": 2376600.25}, "spectral_skewness": {"dmean": 1.55190348625, "dmean2": 2.7415459156, "dvar": 1.6486543417, "dvar2": 4.448117733, "max": 16.697511673, "mean": 6.17331171036, "median": 5.88871908188, "min": 0.0288851950318, "var": 5.97528886795}, "spectral_spread": {"dmean": 301000.5, "dmean2": 532286.3125, "dvar": 405813166080, "dvar2": 522537107456, "max": 41323324, "mean": 1187762.25, "median": 1054661.5, "min": 223625.328125, "var": 1372044787710.0}, "spectral_strongpeak": {"dmean": 0.348659098148, "dmean2": 0.589246690273, "dvar": 0.213799402118, "dvar2": 0.573467254639, "max": 5.35162258148, "mean": 1.57660269737, "median": 1.48306846619, "min": 0, "var": 0.70107114315}, "zerocrossingrate": {"dmean": 0.00189708999824, "dmean2": 0.00248621637002, "dvar": 3.95277274947e-05, "dvar2": 3.59356599802e-05, "max": 0.53662109375, "mean": 0.0262559819967, "median": 0.02197265625, "min": 0.0068359375, "var": 0.00171032117214}, "barkbands": {"dmean": [4.79276479837e-07, 5.76547199671e-06, 0.000182472431334, 0.000475154753076, 0.00348304747604, 0.00331574375741, 0.00109199690633, 0.00108820677269, 0.000192758932826, 0.000401794415666, 4.99193592987e-05, 8.25609604362e-05, 2.58977106569e-05, 3.83050683013e-05, 2.69530737569e-05, 8.70469102665e-06, 1.32247078e-05, 3.77989181288e-06, 6.66609821565e-06, 1.2902103208e-06, 7.45373824884e-07, 1.13655730161e-07, 7.91183207838e-09, 2.80218737103e-09, 1.12021023568e-08, 1.73199554698e-09, 1.79184755922e-09], "dmean2": [8.01062924438e-07, 9.98866380542e-06, 0.000283928005956, 0.000695834052749, 0.00582392327487, 0.0059464443475, 0.00150841521099, 0.00154665741138, 0.000289301358862, 0.000548458832782, 7.96001040726e-05, 0.000107707397547, 3.81108220608e-05, 5.87358517805e-05, 4.12603512814e-05, 1.32001405291e-05, 1.82756939466e-05, 6.05800642006e-06, 9.98256655294e-06, 1.84495695521e-06, 1.17588206194e-06, 1.66732448292e-07, 1.27634045555e-08, 4.86928319887e-09, 2.02086276602e-08, 3.22321835888e-09, 3.32659322311e-09], "dvar": [2.97309507742e-12, 2.95964586172e-10, 2.24784415082e-07, 1.06330094241e-06, 2.93807570415e-05, 1.93781725102e-05, 2.8072670375e-06, 3.06913943859e-06, 8.92859688406e-08, 6.29311500688e-07, 1.27880790401e-08, 3.57965497244e-08, 2.31551133822e-09, 3.51864626325e-09, 2.93402169227e-09, 6.00129113071e-10, 1.70020730828e-09, 9.42124850356e-11, 1.78102962933e-10, 6.91816048892e-12, 2.92507034219e-12, 7.58792849517e-14, 5.25199496692e-16, 6.00220979838e-17, 1.2190119659e-16, 7.15020959909e-18, 4.53448665837e-18], "dvar2": [6.90430481884e-12, 7.83216214106e-10, 5.77840580718e-07, 2.3374061584e-06, 9.20164020499e-05, 6.9107132731e-05, 4.98689541928e-06, 6.54177119941e-06, 2.2683076395e-07, 1.16567969144e-06, 3.10435765982e-08, 5.80176546805e-08, 4.43557279795e-09, 6.97163393681e-09, 5.89823612174e-09, 1.28685695433e-09, 3.30168759e-09, 2.13134523919e-10, 3.60805413324e-10, 1.13969597648e-11, 6.37288962921e-12, 1.56435425052e-13, 1.23979545451e-15, 1.67479417442e-16, 3.76773092782e-16, 2.21249786927e-17, 1.43576203919e-17], "max": [4.31977023254e-05, 0.000304308894556, 0.00761085841805, 0.0161974616349, 0.0642900168896, 0.0511232763529, 0.0288383513689, 0.0279653631151, 0.00495373085141, 0.0207914374769, 0.00162928190548, 0.00506432494149, 0.000715657835826, 0.00123045989312, 0.000871133117471, 0.000451441621408, 0.000993849360384, 0.000178319343831, 0.000220892965444, 4.66937308374e-05, 2.24391733354e-05, 4.56968200524e-06, 4.27802262948e-07, 2.48054760732e-07, 1.64894373711e-07, 6.93046828815e-08, 2.41578650417e-08], "mean": [5.03265937368e-07, 7.24535811969e-06, 0.000700052478351, 0.00102779443841, 0.0102302078158, 0.00840007793158, 0.00604788959026, 0.00531282555312, 0.000609101960436, 0.00224727811292, 0.00012162225903, 0.000259627035121, 8.81561791175e-05, 9.85419610515e-05, 7.28998420527e-05, 2.42537098529e-05, 2.92665608868e-05, 7.14493489795e-06, 1.65695291798e-05, 3.39953089679e-06, 2.02107707992e-06, 2.73867641454e-07, 1.42216149968e-08, 4.2214187701e-09, 2.10393089617e-08, 1.88985960214e-09, 1.73769332257e-09], "median": [1.56987553623e-07, 1.77641368282e-06, 0.000101608056866, 0.000315660552587, 0.00807013548911, 0.00666535459459, 0.00485554849729, 0.00453091133386, 0.000485953205498, 0.00185106205754, 5.76761522098e-05, 0.000138787741889, 4.47040511062e-05, 5.94510020164e-05, 3.60039557563e-05, 9.42449241847e-06, 1.55097804964e-05, 4.08726737078e-06, 9.97100869427e-06, 1.53582243456e-06, 6.74390548738e-07, 1.19002756094e-07, 5.09239983515e-09, 2.41715647498e-09, 1.81055472837e-08, 1.12135267738e-09, 9.57400270174e-10], "min": [7.1200549058e-25, 1.30832281364e-23, 2.32285173807e-23, 5.20397276569e-23, 1.69914832968e-23, 3.92822754086e-23, 6.12082035744e-23, 3.06435290553e-23, 4.78518228833e-23, 1.17839108011e-22, 1.57733091409e-22, 9.70323967644e-23, 8.75666654361e-23, 1.74195204862e-22, 1.44589494903e-22, 2.17591187943e-22, 1.74123046177e-22, 2.36675538154e-22, 2.47593524543e-22, 3.92483266217e-22, 3.9738864314e-22, 4.77311890115e-22, 1.10785797896e-21, 8.95013259802e-22, 9.14857415593e-22, 1.56897340611e-21, 2.20252468898e-21], "var": [3.00907779596e-12, 3.09623132688e-10, 1.56265446094e-06, 3.13129407914e-06, 8.44867827254e-05, 4.91742321174e-05, 2.7302041417e-05, 1.93209543795e-05, 2.65677044808e-07, 4.56728866993e-06, 2.88394481629e-08, 1.6113894219e-07, 1.12627223103e-08, 1.68746794316e-08, 1.05661257521e-08, 1.69400948824e-09, 3.34268013269e-09, 1.71182998332e-10, 4.58411614224e-10, 2.56733714149e-11, 9.43541859227e-12, 1.77362695386e-13, 8.08417191645e-16, 5.21225462949e-17, 1.52936497013e-16, 5.2031649899e-18, 4.00003368407e-18]}, "erbbands": {"dmean": [0.000127945371787, 0.00318231852725, 0.122523583472, 1.0277121067, 4.86436271667, 15.6099224091, 13.1601190567, 30.1633453369, 28.615026474, 20.4862594604, 22.9418239594, 4.19256496429, 13.3328590393, 7.62221717834, 1.88375306129, 3.57535099983, 1.50889050961, 2.12845110893, 1.37727665901, 0.807984113693, 0.373934924603, 0.650107502937, 0.296943962574, 0.300862640142, 0.255525797606, 0.0505586117506, 0.0603000856936, 0.00907966960222, 0.00497994711623, 0.000938519951887, 0.000223208713578, 8.65038164193e-05, 4.0398161218e-05, 0.000154790977831, 5.20543762832e-05, 7.69387133914e-06, 3.6651811115e-06, 1.15506361453e-06, 2.69238580586e-06, 6.48555624139e-06], "dmean2": [0.000212689876207, 0.00539567368105, 0.192024022341, 1.49610066414, 8.03453350067, 26.7990570068, 20.1219081879, 54.9706611633, 46.6078987122, 28.9573917389, 31.4590511322, 6.05620002747, 17.1895999908, 11.0405635834, 2.79286384583, 4.70904445648, 2.14418911934, 3.2503991127, 2.10436367989, 1.22488427162, 0.564811825752, 0.903625965118, 0.455129593611, 0.467854678631, 0.371985733509, 0.0741086900234, 0.0920408293605, 0.0134410681203, 0.00729322340339, 0.00141560530756, 0.000350347225321, 0.000142619377584, 7.21780597814e-05, 0.000283999252133, 9.20554593904e-05, 1.38531295306e-05, 6.53673441775e-06, 2.10096391129e-06, 4.50285415354e-06, 1.08804551928e-05], "dvar": [1.36920178306e-07, 6.51110967738e-05, 0.0943939387798, 4.91342163086, 69.141960144, 741.683288574, 523.515808105, 1746.14770508, 1131.5090332, 2370.05053711, 1519.1706543, 41.02891922, 882.424682617, 217.940841675, 17.9146175385, 75.9009552002, 7.34810733795, 11.0059814453, 6.61358880997, 5.78626918793, 0.900046050549, 3.63432168961, 1.00895655155, 0.350994288921, 0.289356261492, 0.0104792965576, 0.0147282453254, 0.000436448404798, 0.000147351980559, 6.37728771835e-06, 4.22958265744e-07, 6.70548274684e-08, 1.18318501663e-08, 2.41997071271e-08, 3.42976247403e-09, 1.40687447803e-10, 2.21042680687e-11, 2.01406426259e-12, 9.5781646503e-12, 5.60160702545e-11], "dvar2": [3.41575088214e-07, 0.000176673216629, 0.239979863167, 10.7555093765, 194.44859314, 2375.52026367, 1333.85925293, 6170.78857422, 3457.12841797, 4875.71191406, 2592.40771484, 87.8639831543, 1586.32189941, 401.306121826, 35.8400268555, 127.595436096, 13.7199392319, 21.6802806854, 12.5626058578, 13.3670682907, 1.88631463051, 6.87938785553, 2.20159244537, 0.793551027775, 0.527938008308, 0.0191222187132, 0.0311977379024, 0.000876753067132, 0.000301997963106, 1.35789705382e-05, 1.02612807495e-06, 1.66549881442e-07, 3.43930786073e-08, 8.23464176847e-08, 9.42603239906e-09, 4.22557600022e-10, 6.55268964089e-11, 6.18589120899e-12, 2.68484279947e-11, 1.60162313967e-10], "max": [0.00986392516643, 0.128844320774, 5.02555370331, 31.0626277924, 120.171600342, 327.401031494, 348.785583496, 567.368225098, 446.610900879, 927.566040039, 778.770263672, 113.277137756, 752.677490234, 313.262390137, 105.810951233, 223.491714478, 39.5498046875, 67.5299606323, 47.7869987488, 43.2449874878, 17.8142185211, 47.2317047119, 26.8973369598, 9.8091211319, 8.22230911255, 1.46367907524, 1.46703398228, 0.329727828503, 0.217778280377, 0.0571091547608, 0.0140322335064, 0.00618192600086, 0.00364052085206, 0.0022967166733, 0.000869064300787, 0.000352669536369, 0.00012281043746, 2.71914686891e-05, 4.18703784817e-05, 9.68862004811e-05], "mean": [0.000301791616948, 0.0109617644921, 0.482490152121, 2.71324872971, 10.3127698898, 45.6983299255, 40.5633850098, 75.4703216553, 96.9934539795, 98.2129974365, 119.383522034, 22.4735450745, 64.0598983765, 43.0076026917, 6.67392921448, 11.3227558136, 5.72589635849, 5.85016870499, 4.19282102585, 2.05472683907, 1.07806372643, 1.43400001526, 0.594932734966, 0.589274764061, 0.69874894619, 0.157152950764, 0.153217643499, 0.0258243177086, 0.0122439544648, 0.00223514600657, 0.000448178238003, 0.000171499603312, 8.30892167869e-05, 0.000313121679937, 0.000119166143122, 2.65625531028e-05, 1.38984923979e-05, 2.95637187264e-06, 1.69215472852e-05, 3.95012757508e-05], "median": [0.00012834694644, 0.00260980869643, 0.100862137973, 0.921097755432, 6.03683137894, 33.8312454224, 29.9926319122, 56.9615745544, 79.5703277588, 37.2063026428, 83.5301895142, 19.4211921692, 39.5856132507, 33.8551445007, 4.56084299088, 6.1822052002, 3.8136074543, 3.66153025627, 2.43061470985, 1.12660431862, 0.662867128849, 0.796697258949, 0.34255695343, 0.344656199217, 0.324389964342, 0.07966786623, 0.0749427303672, 0.0097575224936, 0.00564160756767, 0.000926362525206, 0.000195291213458, 9.67512387433e-05, 6.5748266934e-05, 0.000267451832769, 0.000103310456325, 2.57759602391e-05, 1.3551628399e-05, 2.6931722914e-06, 1.72678555828e-05, 4.03813246521e-05], "min": [1.16687926447e-22, 3.89358236024e-21, 2.04794296941e-20, 1.33070367524e-19, 8.23196510057e-20, 2.94347309592e-20, 1.72345264899e-19, 4.70168529597e-19, 8.40206535852e-19, 6.28605308258e-19, 7.76928511461e-19, 1.03292958901e-18, 3.08101720516e-18, 4.93580532667e-18, 5.72126336271e-18, 4.1510776911e-18, 4.78408509948e-18, 9.7124900548e-18, 6.94608293061e-18, 8.98391102563e-18, 1.17524969436e-17, 1.05819205715e-17, 1.11835745259e-17, 1.46215935777e-17, 1.28583729024e-17, 1.86472533172e-17, 1.50923420643e-17, 1.7512459124e-17, 1.9141900706e-17, 1.95307798187e-17, 3.20128062219e-17, 2.05402875818e-17, 1.51298050743e-17, 9.47873460396e-18, 6.96676575465e-18, 6.46732402696e-18, 2.67657034658e-18, 1.08743789625e-18, 3.10251330284e-19, 3.44209918476e-20], "var": [2.44112754899e-07, 0.000334096519509, 0.699459910393, 20.3520584106, 149.773406982, 2097.89428711, 1376.07897949, 5057.97607422, 5834.54101562, 18349.640625, 13684.1533203, 264.631713867, 5971.08886719, 1687.01037598, 55.7836341858, 327.61831665, 35.5577316284, 52.5988197327, 30.7517528534, 10.5284700394, 2.43026256561, 6.7194943428, 1.49763917923, 0.625753760338, 0.910107433796, 0.0420412607491, 0.0416523851454, 0.0015136358561, 0.000341284699971, 1.38378927659e-05, 6.15831368123e-07, 8.96397125416e-08, 8.84397177714e-09, 3.61745264854e-08, 4.84475881635e-09, 1.8650157807e-10, 4.53023764335e-11, 2.84043188276e-12, 5.28469767946e-11, 2.93649077276e-10]}, "gfcc": {"mean": [-159.287582397, 219.557296753, -143.293365479, -48.2660903931, -58.4380760193, -62.521648407, -31.7793102264, -22.6304702759, -29.7124786377, -12.9062852859, -11.7245044708, -20.5859775543, 2.17804598808], "cov": [[10541.6894531, 2717.11303711, -1316.30249023, -81.1763381958, -377.30267334, -1140.16479492, 292.475494385, -583.073852539, -213.3462677, -197.337692261, -40.6569023132, -217.070343018, 122.495079041], [2717.11303711, 1314.37609863, 227.210906982, -156.097061157, 71.9219818115, -195.623046875, -8.60064792633, -65.5105133057, -74.1092300415, -97.2165679932, 36.6124191284, -96.9914550781, -2.99220609665], [-1316.30249023, 227.210906982, 942.596984863, 25.2483997345, 240.207046509, 284.252441406, -97.2999038696, 146.724014282, -2.71816110611, -14.1645460129, 76.9891433716, -2.59895420074, -92.0035476685], [-81.1763381958, -156.097061157, 25.2483997345, 389.10760498, 143.532485962, 60.9663734436, 124.761116028, -9.00667095184, 8.57005310059, 100.770767212, -13.2639169693, -45.6810646057, -74.5713348389], [-377.30267334, 71.9219818115, 240.207046509, 143.532485962, 237.169509888, 108.746994019, -4.7282910347, 61.2443199158, -6.73879480362, 25.2332191467, 20.0500431061, -25.3344478607, -54.2292671204], [-1140.16479492, -195.623046875, 284.252441406, 60.9663734436, 108.746994019, 260.607757568, -35.7385063171, 83.0184936523, 59.9577789307, 7.6005654335, -14.5338659286, 23.7478466034, -35.2038345337], [292.475494385, -8.60064792633, -97.2999038696, 124.761116028, -4.7282910347, -35.7385063171, 122.769012451, -27.2512607574, 3.82978153229, 59.5624275208, -16.061668396, -42.3913269043, -17.6233482361], [-583.073852539, -65.5105133057, 146.724014282, -9.00667095184, 61.2443199158, 83.0184936523, -27.2512607574, 93.8134307861, 14.1681156158, 9.78015613556, 17.4059848785, -6.28343582153, -23.1369915009], [-213.3462677, -74.1092300415, -2.71816110611, 8.57005310059, -6.73879480362, 59.9577789307, 3.82978153229, 14.1681156158, 78.6856231689, 2.49981331825, -37.0459785461, 22.5137481689, 9.63560390472], [-197.337692261, -97.2165679932, -14.1645460129, 100.770767212, 25.2332191467, 7.6005654335, 59.5624275208, 9.78015613556, 2.49981331825, 116.955322266, 5.33066797256, -62.3296813965, -24.4189052582], [-40.6569023132, 36.6124191284, 76.9891433716, -13.2639169693, 20.0500431061, -14.5338659286, -16.061668396, 17.4059848785, -37.0459785461, 5.33066797256, 84.9866409302, 7.18245124817, -48.8286132812], [-217.070343018, -96.9914550781, -2.59895420074, -45.6810646057, -25.3344478607, 23.7478466034, -42.3913269043, -6.28343582153, 22.5137481689, -62.3296813965, 7.18245124817, 90.8098144531, 25.5190925598], [122.495079041, -2.99220609665, -92.0035476685, -74.5713348389, -54.2292671204, -35.2038345337, -17.6233482361, -23.1369915009, 9.63560390472, -24.4189052582, -48.8286132812, 25.5190925598, 98.2753067017]], "icov": [[0.00186712911818, -0.00443307682872, 0.00273707555607, -0.00354538788088, 0.0027021067217, 0.00088904047152, 0.000649064138997, 0.0015679623466, -0.000506538664922, 0.00217884383164, -0.00185875874013, 0.0009713282343, -0.00087974476628], [-0.00443307682872, 0.0130797307938, -0.00775705417618, 0.00951485522091, -0.00864802021533, 8.46919501782e-05, -0.00291834189557, -3.25157343468e-05, -0.00285297911614, 0.000309108727379, 0.000532994803507, 0.00503749353811, -7.77394525358e-05], [0.00273707555607, -0.00775705417618, 0.00700778374448, -0.00564949540421, 0.00396538339555, -0.00228299526498, 0.00209243036807, 0.000166556157637, 0.00123116525356, 0.00201000925153, -0.00374233699404, -2.27868167713e-05, -0.00106407166459], [-0.00354538788088, 0.00951485522091, -0.00564949540421, 0.0161389447749, -0.0112477950752, -0.000998498173431, -0.00812517292798, 0.00103421078529, 0.00301683531143, -0.00839904416353, 0.00950021017343, -0.00643714563921, 0.00789725128561], [0.0027021067217, -0.00864802021533, 0.00396538339555, -0.0112477950752, 0.0157353747636, -0.00180759059731, 0.00526194693521, -0.00432452885434, 0.0033137134742, 0.00130171049386, -0.00169355748221, -0.000778014364187, -0.0011338358745], [0.00088904047152, 8.46919501782e-05, -0.00228299526498, -0.000998498173431, -0.00180759059731, 0.0140868518502, 0.00133005704265, -0.00121254881378, -0.00578242493793, 0.000989946071059, 0.00538586033508, -0.00139899074566, 0.0038534111809], [0.000649064138997, -0.00291834189557, 0.00209243036807, -0.00812517292798, 0.00526194693521, 0.00133005704265, 0.0199740305543, -2.74486155831e-05, -0.00154193735216, -0.00424265861511, 0.00120069261175, 0.00193167943507, 0.00104304228444], [0.0015679623466, -3.25157343468e-05, 0.000166556157637, 0.00103421078529, -0.00432452885434, -0.00121254881378, -2.74486155831e-05, 0.0272969659418, -0.0114693799987, 0.00939458236098, -0.0141877392307, 0.0171741917729, -0.0054637612775], [-0.000506538664922, -0.00285297911614, 0.00123116525356, 0.00301683531143, 0.0033137134742, -0.00578242493793, -0.00154193735216, -0.0114693799987, 0.0362068191171, -0.0195963103324, 0.0285190530121, -0.030523346737, 0.0144433779642], [0.00217884383164, 0.000309108727379, 0.00201000925153, -0.00839904416353, 0.00130171049386, 0.000989946071059, -0.00424265861511, 0.00939458236098, -0.0195963103324, 0.040427967906, -0.0298974961042, 0.040173061192, -0.0179937742651], [-0.00185875874013, 0.000532994803507, -0.00374233699404, 0.00950021017343, -0.00169355748221, 0.00538586033508, 0.00120069261175, -0.0141877392307, 0.0285190530121, -0.0298974961042, 0.0569293387234, -0.0429025627673, 0.0331093631685], [0.0009713282343, 0.00503749353811, -2.27868167713e-05, -0.00643714563921, -0.000778014364187, -0.00139899074566, 0.00193167943507, 0.0171741917729, -0.030523346737, 0.040173061192, -0.0429025627673, 0.0639642551541, -0.0274551287293], [-0.00087974476628, -7.77394525358e-05, -0.00106407166459, 0.00789725128561, -0.0011338358745, 0.0038534111809, 0.00104304228444, -0.0054637612775, 0.0144433779642, -0.0179937742651, 0.0331093631685, -0.0274551287293, 0.0336140580475]]}, "melbands": {"dmean": [1.18927039239e-06, 4.49433464382e-05, 0.000243934759055, 0.000673322530929, 0.000566748669371, 0.000698586634826, 0.000412619381677, 0.000215474763536, 0.000174603934283, 2.24731884373e-05, 6.58952194499e-05, 3.21922707371e-05, 6.7395590122e-06, 8.28384145279e-06, 7.03387195244e-06, 3.60592866855e-06, 3.76834236704e-06, 1.9390054149e-06, 1.64201424013e-06, 9.58536134021e-07, 4.31963030678e-07, 7.49251455545e-07, 4.78009781091e-07, 1.27579255604e-07, 2.73926247019e-07, 2.41904558607e-07, 8.77481767247e-08, 2.75605636091e-08, 5.03990769118e-08, 1.57244972598e-08, 2.10619321983e-09, 3.17737325339e-09, 1.61986102309e-09, 2.13138437455e-10, 1.32226160576e-10, 8.7769840007e-11, 3.92682796002e-11, 2.69341632331e-11, 2.42476681095e-11, 2.07346043113e-10], "dmean2": [2.0354523258e-06, 7.10187523509e-05, 0.000373222312192, 0.0011596432887, 0.000902874511667, 0.00125823169947, 0.000679989345372, 0.000310664559947, 0.000240899185883, 3.17486010317e-05, 8.53751043906e-05, 4.67025456601e-05, 1.03263319033e-05, 1.08498352347e-05, 9.32452439883e-06, 5.466003131e-06, 5.75739250053e-06, 2.97351311929e-06, 2.5096585432e-06, 1.43575766742e-06, 6.68586892516e-07, 1.04147773072e-06, 7.07597791916e-07, 2.03087637374e-07, 4.28682483289e-07, 3.57789332384e-07, 1.26976772208e-07, 4.15477252602e-08, 7.71559953705e-08, 2.33523991255e-08, 3.25208016072e-09, 4.62330973505e-09, 2.45235121099e-09, 3.40054040482e-10, 2.12404760447e-10, 1.40948586136e-10, 6.74780509247e-11, 4.88587365011e-11, 4.36017090488e-11, 3.79375975079e-10], "dvar": [1.3283493229e-11, 1.36228948122e-08, 2.06963207461e-07, 1.24423763737e-06, 8.70869769187e-07, 8.91256092928e-07, 2.39788619183e-07, 2.41940142587e-07, 9.56657899565e-08, 1.0916573201e-09, 2.18304148092e-08, 4.01689259633e-09, 2.25526805564e-10, 4.37237357431e-10, 2.55327092802e-10, 3.12671381841e-11, 3.42115225038e-11, 1.2184536366e-11, 1.46723709571e-11, 6.96789067417e-12, 1.54101145906e-12, 4.13280911229e-12, 4.7124192569e-12, 1.16323075304e-13, 2.89856517694e-13, 2.59837344783e-13, 3.6741670226e-14, 3.19920998398e-15, 1.00414324411e-14, 1.40542268883e-15, 2.81271087508e-17, 6.21535902211e-17, 1.56360214112e-17, 4.36887589735e-19, 1.41760442696e-19, 1.0597210514e-19, 1.25558908402e-20, 6.03776213936e-21, 3.95518429376e-21, 4.10202452368e-20], "dvar2": [3.32961609673e-11, 3.51000295495e-08, 4.70118067142e-07, 4.00147655455e-06, 2.45613205152e-06, 3.17014200846e-06, 7.40837549529e-07, 5.24478878106e-07, 1.63074219017e-07, 2.56495313877e-09, 3.93021437617e-08, 7.36557703718e-09, 5.1225296227e-10, 6.97962798668e-10, 4.61001292695e-10, 5.90638996045e-11, 6.708411604e-11, 2.35237333085e-11, 3.20638862683e-11, 1.55811474833e-11, 3.2699643774e-12, 7.44080751874e-12, 1.01735581765e-11, 2.49643919903e-13, 6.71267512062e-13, 5.01055956708e-13, 6.32264761922e-14, 6.50377604352e-15, 2.12095576155e-14, 2.67533831731e-15, 6.79223676654e-17, 1.27779340547e-16, 3.24226278933e-17, 9.94318555776e-19, 3.46422129013e-19, 2.50380436987e-19, 3.44897350801e-20, 1.77598052428e-20, 1.17096810346e-20, 1.40062124576e-19], "max": [8.23498121463e-05, 0.00192037946545, 0.0079284356907, 0.0118639022112, 0.0131646376103, 0.0118932584301, 0.00646277610213, 0.00897526368499, 0.00623118225485, 0.000523990485817, 0.00376315228641, 0.00134209555108, 0.000261686451267, 0.000576201244257, 0.000293518474791, 9.56764561124e-05, 0.00011759550398, 6.63484825054e-05, 5.57325984119e-05, 4.33784771303e-05, 2.84779216599e-05, 4.38484239567e-05, 6.41651495243e-05, 7.43115106161e-06, 8.71183874551e-06, 7.92070022726e-06, 2.7198952921e-06, 9.51716913278e-07, 1.1624341596e-06, 6.64049366605e-07, 8.59669384567e-08, 1.45934649254e-07, 8.01277479923e-08, 1.3451963099e-08, 7.02738445213e-09, 9.1112752898e-09, 3.5480094418e-09, 2.63089483532e-09, 2.08731920637e-09, 1.95551752569e-09], "mean": [1.49809181949e-06, 0.000177357316716, 0.000597735284828, 0.00191048334818, 0.00170950312167, 0.00177542609163, 0.00143705087248, 0.000978468800895, 0.000887298316229, 9.42436236073e-05, 0.00031573761953, 0.00017559841217, 2.04622829187e-05, 2.3474021873e-05, 2.39467262872e-05, 1.11487088361e-05, 9.99397343548e-06, 5.90423906033e-06, 4.158898264e-06, 2.66963752438e-06, 1.0143912732e-06, 1.65669587204e-06, 9.15695579806e-07, 2.48856565577e-07, 4.94403479934e-07, 6.36086383565e-07, 2.66896535095e-07, 6.84168810494e-08, 1.17323359916e-07, 4.54501609681e-08, 4.58546489668e-09, 7.437682914e-09, 3.78930220535e-09, 3.91921689546e-10, 2.32214983353e-10, 1.55896573428e-10, 6.17272760683e-11, 3.51235186768e-11, 3.32601758635e-11, 3.78764519748e-10], "median": [4.32569436271e-07, 2.93757348118e-05, 0.000285274581984, 0.00142069393769, 0.00134787731804, 0.00138129875995, 0.0011902222177, 0.000430776155554, 0.000535912346095, 8.34833044792e-05, 0.000191381579498, 0.000131499167765, 1.20965805763e-05, 1.11219114842e-05, 1.13709538709e-05, 5.43762234884e-06, 6.06032335781e-06, 3.54286726179e-06, 2.00988688448e-06, 1.18015077533e-06, 4.59557298882e-07, 8.91761374078e-07, 4.97882183481e-07, 1.56478648705e-07, 2.62547189323e-07, 3.31419130362e-07, 8.42480147867e-08, 3.28586899911e-08, 5.78546384133e-08, 1.49254493209e-08, 1.56522694805e-09, 3.17770987301e-09, 1.52305901224e-09, 1.174391695e-10, 8.87335135924e-11, 5.50859184656e-11, 3.49113134235e-11, 2.20546289564e-11, 2.09377914312e-11, 3.11126041597e-10], "min": [2.47571314165e-24, 9.09607110818e-24, 2.08044377491e-23, 2.83097684753e-24, 5.24851761108e-24, 1.04656503911e-23, 1.22907337378e-23, 6.64941585519e-24, 6.31302663254e-24, 6.76448620657e-24, 1.55970754058e-23, 1.88997252048e-23, 2.07563093452e-23, 9.86359253705e-24, 1.34548873301e-23, 9.92762201015e-24, 1.81670217297e-23, 9.8485024168e-24, 1.03493651939e-23, 1.41964954671e-23, 1.28537114226e-23, 1.28663197864e-23, 6.19309571469e-24, 1.25859617762e-23, 1.18482474566e-23, 8.19903291816e-24, 1.21525395067e-23, 1.20609590665e-23, 8.81354057497e-24, 1.01783275279e-23, 1.02578880944e-23, 1.10994086205e-23, 8.61052722101e-24, 1.28336846108e-23, 2.08264801005e-23, 1.55331745171e-23, 1.10259230718e-23, 1.15157701952e-23, 8.08591263094e-24, 8.04819324675e-24], "var": [1.43504947508e-11, 9.94651117026e-08, 7.7595723269e-07, 3.237575811e-06, 2.32290449276e-06, 2.44768853008e-06, 1.17837009839e-06, 1.66904669641e-06, 8.77047909853e-07, 4.43365966163e-09, 1.48316303239e-07, 3.10995105224e-08, 6.42641106996e-10, 1.82740844679e-09, 1.16416742912e-09, 1.90974402958e-10, 1.61837931945e-10, 6.0791330303e-11, 3.88089144154e-11, 1.79164860031e-11, 4.23400507363e-12, 9.20050667597e-12, 6.29666024182e-12, 2.02565693169e-13, 4.85210016696e-13, 7.38088735096e-13, 1.67722389796e-13, 9.78281972981e-15, 2.63179404756e-14, 5.37947194318e-15, 6.07311241176e-17, 1.42929689478e-16, 3.61767738685e-17, 7.91140456662e-19, 1.89609790904e-19, 1.68816680427e-19, 1.15700321061e-20, 3.89117271203e-21, 2.75665532393e-21, 6.04928361823e-20]}, "mfcc": {"mean": [-785.235534668, 240.831176758, -23.8943424225, -8.29951572418, -26.8258152008, -40.8035316467, -20.4546470642, -29.4070110321, -21.0080070496, -12.5171661377, -15.4848642349, -15.1560297012, -12.3316679001], "cov": [[4308.62890625, 1829.85913086, -1037.08239746, 453.402770996, -321.635101318, -320.819488525, 66.0814361572, -348.91003418, -108.70993042, -48.0713920593, -80.6953048706, -122.277030945, -124.076423645], [1829.85913086, 1431.14978027, 76.4989776611, 50.8693618774, 12.3520727158, -142.147399902, -25.2607898712, -50.9726333618, -117.646408081, -93.4281921387, -77.5516815186, -45.248840332, -40.4617424011], [-1037.08239746, 76.4989776611, 828.729370117, -37.8387947083, 226.85458374, 199.57711792, 32.3942985535, 159.641860962, 1.43779361248, -18.7353382111, 44.3698654175, 71.5567016602, 31.5526542664], [453.402770996, 50.8693618774, -37.8387947083, 377.647003174, 76.1041412354, 119.246643066, 181.138458252, -38.817325592, 12.7072458267, 66.6626586914, 83.6664657593, 44.7761726379, -23.0322227478], [-321.635101318, 12.3520727158, 226.85458374, 76.1041412354, 255.937713623, 130.953399658, 46.4687461853, 115.318717957, 21.5330581665, 4.14498806, 17.1265945435, 30.1365756989, 24.4177207947], [-320.819488525, -142.147399902, 199.57711792, 119.246643066, 130.953399658, 218.775497437, 80.100982666, 40.1869773865, 83.8760910034, 46.4126663208, 49.8320388794, 28.6850452423, 1.84981369972], [66.0814361572, -25.2607898712, 32.3942985535, 181.138458252, 46.4687461853, 80.100982666, 150.864944458, -9.99295330048, -26.7413463593, 55.503818512, 69.1659545898, 41.8897171021, -11.7159032822], [-348.91003418, -50.9726333618, 159.641860962, -38.817325592, 115.318717957, 40.1869773865, -9.99295330048, 142.342514038, 21.9801254272, -54.7991981506, -1.3177074194, 28.1019878387, 39.5312919617], [-108.70993042, -117.646408081, 1.43779361248, 12.7072458267, 21.5330581665, 83.8760910034, -26.7413463593, 21.9801254272, 143.14100647, 44.4629440308, -20.7949581146, -21.9487056732, 1.28713428974], [-48.0713920593, -93.4281921387, -18.7353382111, 66.6626586914, 4.14498806, 46.4126663208, 55.503818512, -54.7991981506, 44.4629440308, 137.941711426, 50.5009346008, -17.3579025269, -22.0843639374], [-80.6953048706, -77.5516815186, 44.3698654175, 83.6664657593, 17.1265945435, 49.8320388794, 69.1659545898, -1.3177074194, -20.7949581146, 50.5009346008, 103.901618958, 50.0484199524, -9.76633930206], [-122.277030945, -45.248840332, 71.5567016602, 44.7761726379, 30.1365756989, 28.6850452423, 41.8897171021, 28.1019878387, -21.9487056732, -17.3579025269, 50.0484199524, 79.2153930664, 15.8243961334], [-124.076423645, -40.4617424011, 31.5526542664, -23.0322227478, 24.4177207947, 1.84981369972, -11.7159032822, 39.5312919617, 1.28713428974, -22.0843639374, -9.76633930206, 15.8243961334, 52.6710853577]], "icov": [[1.03266251087, -1.44283044338, 1.39024603367, -1.30920243263, 1.19842243195, -1.07167887688, 0.913724660873, -0.759230017662, 0.597492039204, -0.462666273117, 0.325729936361, -0.185588821769, 0.0816243588924], [-1.44283044338, 2.01713490486, -1.94361436367, 1.83009529114, -1.67768001556, 1.50222599506, -1.28074014187, 1.0662394762, -0.839662015438, 0.65221375227, -0.458960980177, 0.262784093618, -0.114900559187], [1.39024603367, -1.94361436367, 1.87660646439, -1.76730680466, 1.62289297581, -1.4592911005, 1.2463388443, -1.0409964323, 0.824432730675, -0.642261147499, 0.45439144969, -0.261712819338, 0.11577334255], [-1.30920243263, 1.83009529114, -1.76730680466, 1.68469285965, -1.54732775688, 1.39223122597, -1.20947825909, 1.01039934158, -0.809003472328, 0.636823296547, -0.455791711807, 0.261234492064, -0.117952808738], [1.19842243195, -1.67768001556, 1.62289297581, -1.54732775688, 1.44212341309, -1.30427849293, 1.1288446188, -0.960892856121, 0.774051487446, -0.617475926876, 0.44628238678, -0.25848543644, 0.117621660233], [-1.07167887688, 1.50222599506, -1.4592911005, 1.39223122597, -1.30427849293, 1.20384848118, -1.04410088062, 0.888749301434, -0.734166562557, 0.587593317032, -0.430003017187, 0.252324134111, -0.115678824484], [0.913724660873, -1.28074014187, 1.2463388443, -1.20947825909, 1.1288446188, -1.04410088062, 0.941511869431, -0.791395664215, 0.663589596748, -0.54155421257, 0.394462704659, -0.238074943423, 0.111207477748], [-0.759230017662, 1.0662394762, -1.0409964323, 1.01039934158, -0.960892856121, 0.888749301434, -0.791395664215, 0.702872157097, -0.580117583275, 0.482987105846, -0.357874691486, 0.211700215936, -0.106572069228], [0.597492039204, -0.839662015438, 0.824432730675, -0.809003472328, 0.774051487446, -0.734166562557, 0.663589596748, -0.580117583275, 0.507943153381, -0.420421332121, 0.317822039127, -0.189040601254, 0.0918156206608], [-0.462666273117, 0.65221375227, -0.642261147499, 0.636823296547, -0.617475926876, 0.587593317032, -0.54155421257, 0.482987105846, -0.420421332121, 0.370015799999, -0.279541492462, 0.17323179543, -0.0814476981759], [0.325729936361, -0.458960980177, 0.45439144969, -0.455791711807, 0.44628238678, -0.430003017187, 0.394462704659, -0.357874691486, 0.317822039127, -0.279541492462, 0.232852444053, -0.14191968739, 0.0686181038618], [-0.185588821769, 0.262784093618, -0.261712819338, 0.261234492064, -0.25848543644, 0.252324134111, -0.238074943423, 0.211700215936, -0.189040601254, 0.17323179543, -0.14191968739, 0.107294231653, -0.046476919204], [0.0816243588924, -0.114900559187, 0.11577334255, -0.117952808738, 0.117621660233, -0.115678824484, 0.111207477748, -0.106572069228, 0.0918156206608, -0.0814476981759, 0.0686181038618, -0.046476919204, 0.0466173440218]]}, "spectral_contrast_coeffs": {"dmean": [0.0382572151721, 0.0343003794551, 0.0327135175467, 0.0319227948785, 0.0241046901792, 0.0474211536348], "dmean2": [0.0646200850606, 0.0592974871397, 0.0534789897501, 0.0526063516736, 0.0384501889348, 0.0842693075538], "dvar": [0.00103140703868, 0.00132619903889, 0.00103090610355, 0.00101327931043, 0.00067500397563, 0.00133513717446], "dvar2": [0.00294019468129, 0.00392253650352, 0.00263219489716, 0.00250908522867, 0.00165370514151, 0.00394831132144], "max": [-0.19649322331, -0.368945479393, -0.428349912167, -0.548198580742, -0.615661263466, -0.617209851742], "mean": [-0.37396672368, -0.613980710506, -0.640546441078, -0.706383347511, -0.718677043915, -0.793683230877], "median": [-0.356529951096, -0.613711476326, -0.635017096996, -0.696100831032, -0.706787228584, -0.793065786362], "min": [-0.995981454849, -0.972488939762, -0.982933580875, -0.968805491924, -0.96286469698, -0.962965428829], "var": [0.00868982542306, 0.00544775184244, 0.00770063884556, 0.00404860638082, 0.00299947964959, 0.00412172079086]}, "spectral_contrast_valleys": {"dmean": [0.440702468157, 0.246974810958, 0.338684916496, 0.381052672863, 0.349198669195, 0.727521598339], "dmean2": [0.747900724411, 0.408107459545, 0.558873295784, 0.620800852776, 0.56168872118, 1.31766867638], "dvar": [0.192873448133, 0.139331817627, 0.172546237707, 0.231788262725, 0.260133504868, 0.333025693893], "dvar2": [0.459395229816, 0.26185426116, 0.339084178209, 0.485545486212, 0.55024009943, 0.985543131828], "max": [-7.2271733284, -4.92965364456, -5.99755620956, -6.90020513535, -7.76085138321, -11.8701305389], "mean": [-9.68893146515, -6.44595098495, -8.27119159698, -9.50941181183, -10.5833625793, -13.9284143448],