{"lowlevel": {"average_loudness": 0.883744060993, "barkbands_crest": {"dmean": 2.15509390831, "dmean2": 3.44000101089, "dvar": 4.08797597885, "dvar2": 10.2461366653, "max": 22.1220989227, "mean": 9.53392028809, "median": 8.98854637146, "min": 2.5224237442, "var": 14.1332607269}, "barkbands_flatness_db": {"dmean": 0.0267024300992, "dmean2": 0.0379890650511, "dvar": 0.000732079904992, "dvar2": 0.00153638911434, "max": 0.446883678436, "mean": 0.162064269185, "median": 0.153266385198, "min": 0.0149448476732, "var": 0.00599651923403}, "barkbands_kurtosis": {"dmean": 3.82849526405, "dmean2": 6.3153719902, "dvar": 79.0034790039, "dvar2": 208.940536499, "max": 137.175018311, "mean": 4.911693573, "median": 1.57166171074, "min": -1.82313907146, "var": 108.408164978}, "barkbands_skewness": {"dmean": 0.630156874657, "dmean2": 0.988137900829, "dvar": 0.648221850395, "dvar2": 1.56205523014, "max": 9.3504781723, "mean": 1.52285158634, "median": 1.23313581944, "min": -2.9154984951, "var": 1.98739302158}, "barkbands_spread": {"dmean": 5.41495656967, "dmean2": 8.18961524963, "dvar": 51.3983955383, "dvar2": 111.359489441, "max": 96.9528579712, "mean": 19.7094364166, "median": 15.3996753693, "min": 0.697914898396, "var": 233.178787231}, "dissonance": {"dmean": 0.0211808066815, "dmean2": 0.0360989831388, "dvar": 0.000479430891573, "dvar2": 0.00130361423362, "max": 0.500000059605, "mean": 0.461073994637, "median": 0.469801187515, "min": 0.171768024564, "var": 0.00117887940723}, "dynamic_complexity": 4.69307899475, "erbbands_crest": {"dmean": 2.21486139297, "dmean2": 3.43140149117, "dvar": 4.95555686951, "dvar2": 11.1749162674, "max": 29.1588783264, "mean": 8.65879249573, "median": 7.65719795227, "min": 2.49969053268, "var": 16.6793041229}, "erbbands_flatness_db": {"dmean": 0.0219005793333, "dmean2": 0.0281096901745, "dvar": 0.000553216377739, "dvar2": 0.000932387949433, "max": 0.442853987217, "mean": 0.18776974082, "median": 0.172198921442, "min": 0.0568392276764, "var": 0.00555690797046}, "erbbands_kurtosis": {"dmean": 0.881673634052, "dmean2": 1.34864735603, "dvar": 1.71453630924, "dvar2": 3.63417267799, "max": 49.1304130554, "mean": 0.56106120348, "median": -0.0422114133835, "min": -1.70084106922, "var": 5.07257986069}, "erbbands_skewness": {"dmean": 0.354488015175, "dmean2": 0.543572545052, "dvar": 0.138341292739, "dvar2": 0.331898510456, "max": 4.7737531662, "mean": 0.286749660969, "median": 0.294650703669, "min": -3.19901037216, "var": 0.566115915775}, "erbbands_spread": {"dmean": 8.65262031555, "dmean2": 13.101064682, "dvar": 117.759735107, "dvar2": 248.860183716, "max": 131.7943573, "mean": 34.8093070984, "median": 30.6199569702, "min": 2.4803147316, "var": 377.403961182}, "hfc": {"dmean": 7.61584043503, "dmean2": 10.4148950577, "dvar": 166.876464844, "dvar2": 333.847839355, "max": 152.562164307, "mean": 17.9983539581, "median": 12.4995212555, "min": 1.16719287247e-16, "var": 354.119110107}, "melbands_crest": {"dmean": 3.19364786148, "dmean2": 5.20726251602, "dvar": 10.6271457672, "dvar2": 27.2068195343, "max": 29.7696380615, "mean": 14.7792215347, "median": 13.7328615189, "min": 1.98774516582, "var": 41.255027771}, "melbands_flatness_db": {"dmean": 0.0328777171671, "dmean2": 0.0476087033749, "dvar": 0.00118828762788, "dvar2": 0.00256700348109, "max": 0.586141049862, "mean": 0.226529300213, "median": 0.220785230398, "min": 0.00820482615381, "var": 0.00943507719785}, "melbands_kurtosis": {"dmean": 9.33353996277, "dmean2": 15.3997497559, "dvar": 422.04675293, "dvar2": 1084.17504883, "max": 260.849975586, "mean": 14.4897813797, "median": 5.24569892883, "min": -1.79240226746, "var": 628.383239746}, "melbands_skewness": {"dmean": 0.856511890888, "dmean2": 1.34447669983, "dvar": 1.27950382233, "dvar2": 3.02433800697, "max": 13.6727848053, "mean": 2.54791641235, "median": 1.97470188141, "min": -2.0697453022, "var": 3.93601965904}, "melbands_spread": {"dmean": 7.61621427536, "dmean2": 12.0339431763, "dvar": 157.072433472, "dvar2": 407.85925293, "max": 188.198699951, "mean": 22.8943367004, "median": 17.0027084351, "min": 0.531064391136, "var": 401.685577393}, "pitch_salience": {"dmean": 0.0768162757158, "dmean2": 0.125269144773, "dvar": 0.00646754540503, "dvar2": 0.0173051934689, "max": 0.887302815914, "mean": 0.550288140774, "median": 0.568582892418, "min": 0.155573904514, "var": 0.0188638586551}, "silence_rate_20dB": {"dmean": 0, "dmean2": 0, "dvar": 0, "dvar2": 0, "max": 1, "mean": 1, "median": 1, "min": 1, "var": 0}, "silence_rate_30dB": {"dmean": 0.0205347593874, "dmean2": 0.0410783067346, "dvar": 0.0201127510518, "dvar2": 0.0505183823407, "max": 1, "mean": 0.984816074371, "median": 1, "min": 0, "var": 0.0149526754394}, "silence_rate_60dB": {"dmean": 0.0547593571246, "dmean2": 0.109542146325, "dvar": 0.0517663359642, "dvar2": 0.114226616919, "max": 1, "mean": 0.145423442125, "median": 0, "min": 0, "var": 0.124276548624}, "spectral_centroid": {"dmean": 283.080596924, "dmean2": 433.066925049, "dvar": 157110.9375, "dvar2": 363996.6875, "max": 10651.7041016, "mean": 1337.36865234, "median": 1130.04638672, "min": 148.457565308, "var": 615742.5}, "spectral_complexity": {"dmean": 4.3422460556, "dmean2": 5.96961927414, "dvar": 30.4330482483, "dvar2": 48.2521209717, "max": 60, "mean": 16.6760044098, "median": 15, "min": 0, "var": 126.690933228}, "spectral_decrease": {"dmean": 3.25970672677e-09, "dmean2": 5.08495423546e-09, "dvar": 3.24182306012e-17, "dvar2": 8.04192006016e-17, "max": 5.60962145146e-21, "mean": -7.58568763359e-09, "median": -6.31583674249e-09, "min": -6.19126581114e-08, "var": 5.26418535922e-17}, "spectral_energy": {"dmean": 0.0128915570676, "dmean2": 0.0198999810964, "dvar": 0.000488994293846, "dvar2": 0.00119999900926, "max": 0.238137856126, "mean": 0.0302626043558, "median": 0.0255858507007, "min": 1.05410832398e-20, "var": 0.000812233076431}, "spectral_energyband_high": {"dmean": 0.000467129459139, "dmean2": 0.000645408406854, "dvar": 1.47673404172e-06, "dvar2": 3.26940289597e-06, "max": 0.0162357389927, "mean": 0.000700071279425, "median": 0.00017093779752, "min": 7.70191503419e-21, "var": 2.27113014262e-06}, "spectral_energyband_low": {"dmean": 0.00781833287328, "dmean2": 0.0134008871391, "dvar": 0.000334148440743, "dvar2": 0.000901717226952, "max": 0.205188483, "mean": 0.0149559332058, "median": 0.00295259058475, "min": 1.55025793357e-23, "var": 0.000417383416789}, "spectral_energyband_middle_high": {"dmean": 0.00225970498286, "dmean2": 0.0032021868974, "dvar": 1.4857010683e-05, "dvar2": 2.86945232801e-05, "max": 0.0479555726051, "mean": 0.00553892133757, "median": 0.00306573859416, "min": 1.62770494616e-21, "var": 4.08462256019e-05}, "spectral_energyband_middle_low": {"dmean": 0.00516687752679, "dmean2": 0.00818465650082, "dvar": 9.59153912845e-05, "dvar2": 0.000232835693168, "max": 0.134175091982, "mean": 0.0104212937877, "median": 0.00784421339631, "min": 2.30086063106e-22, "var": 0.00013496846077}, "spectral_entropy": {"dmean": 0.178207799792, "dmean2": 0.250527471304, "dvar": 0.0420353189111, "dvar2": 0.0846938565373, "max": 9.81625270844, "mean": 7.42835235596, "median": 7.47581958771, "min": 5.27947854996, "var": 0.335859358311}, "spectral_flux": {"dmean": 0.03294781968, "dmean2": 0.0475672446191, "dvar": 0.00183102511801, "dvar2": 0.0034245448187, "max": 0.375581741333, "mean": 0.0761004015803, "median": 0.0557965002954, "min": 1.02669775459e-10, "var": 0.00379149382934}, "spectral_kurtosis": {"dmean": 3.49559473991, "dmean2": 5.91858959198, "dvar": 42.508605957, "dvar2": 118.883087158, "max": 113.12625885, "mean": 7.0035200119, "median": 3.72339344025, "min": -1.18647658825, "var": 116.59072876}, "spectral_rms": {"dmean": 0.00103934644721, "dmean2": 0.00150537025183, "dvar": 2.10108714782e-06, "dvar2": 4.62661046186e-06, "max": 0.0152423623949, "mean": 0.00476025696844, "median": 0.00499617913738, "min": 3.206865112e-12, "var": 6.86442899678e-06}, "spectral_rolloff": {"dmean": 523.944091797, "dmean2": 873.763793945, "dvar": 909315.5, "dvar2": 2181631, "max": 19552.1484375, "mean": 1567.02990723, "median": 968.994140625, "min": 107.666015625, "var": 2590894}, "spectral_skewness": {"dmean": 0.36450073123, "dmean2": 0.597353100777, "dvar": 0.233383923769, "dvar2": 0.637026667595, "max": 8.22274494171, "mean": 1.58945012093, "median": 1.3964343071, "min": -0.0624101608992, "var": 0.802205324173}, "spectral_spread": {"dmean": 535286.9375, "dmean2": 755545.5, "dvar": 679234502656, "dvar2": 1085560782850.0, "max": 39917724, "mean": 3745916.5, "median": 3677230.5, "min": 616751.9375, "var": 2592914538500.0}, "spectral_strongpeak": {"dmean": 0.39466932416, "dmean2": 0.659012198448, "dvar": 0.402370065451, "dvar2": 0.928152263165, "max": 8.62402439117, "mean": 0.880504965782, "median": 0.603114247322, "min": 9.67677382668e-10, "var": 0.950252354145}, "zerocrossingrate": {"dmean": 0.010385193862, "dmean2": 0.0119829485193, "dvar": 0.000185217912076, "dvar2": 0.000232610022067, "max": 0.50048828125, "mean": 0.0586012676358, "median": 0.0458984375, "min": 0.00537109375, "var": 0.0017659610603}, "barkbands": {"dmean": [2.68056301138e-05, 0.00329595850781, 0.00467560300604, 0.00132826017216, 0.00176605384331, 0.000511821068358, 0.00103268306702, 0.00102208461612, 0.00096869043773, 0.000967020867392, 0.000502807088196, 0.000373706454411, 0.000338097219355, 0.000271288474323, 0.000218547531404, 0.000204753465368, 0.000150543215568, 0.000122944344184, 0.000152918946696, 0.000137489405461, 0.000142709119245, 0.000110042514279, 0.000135923954076, 1.89355869225e-05, 3.32498711941e-05, 6.63855871608e-06, 2.78487323158e-06], "dmean2": [3.64792285836e-05, 0.00579220615327, 0.00804789736867, 0.00226191012189, 0.00296668987721, 0.000872979871929, 0.00172298972029, 0.00162915012334, 0.00150855653919, 0.00139393447898, 0.000823002192192, 0.000560554559343, 0.000516482396051, 0.000405712693464, 0.000325376488036, 0.000315089157084, 0.000237801723415, 0.00018968450604, 0.000233804385061, 0.000194173844648, 0.000214129802771, 0.000170674684341, 0.000199763118871, 2.61259792751e-05, 5.41213557881e-05, 9.22046638152e-06, 3.86541205444e-06], "dvar": [2.40216979641e-09, 6.67631684337e-05, 0.000120595599583, 8.7404396254e-06, 2.47642728937e-05, 8.30152430353e-07, 3.79653306481e-06, 3.81213703804e-06, 3.14848375638e-06, 3.38641348208e-06, 1.66534550772e-06, 6.89248054186e-07, 4.28940325037e-07, 2.39022341475e-07, 2.02788399406e-07, 1.47886041191e-07, 8.96192915434e-08, 7.29366362862e-08, 1.52826586941e-07, 9.7027452739e-08, 1.39352110295e-07, 1.48244765796e-07, 1.46987403582e-07, 1.75236147815e-09, 1.63780473628e-08, 3.01836305949e-10, 5.14934553331e-11], "dvar2": [4.94416774188e-09, 0.000184356234968, 0.000331609830027, 2.29740144277e-05, 6.32020091871e-05, 2.24573159358e-06, 9.94715537672e-06, 9.38998618949e-06, 7.49971241021e-06, 6.63203081785e-06, 3.80554388357e-06, 1.38913412684e-06, 9.0561354682e-07, 4.91708988193e-07, 3.69354893337e-07, 3.48461497879e-07, 2.09781461535e-07, 1.78852658905e-07, 3.60948575917e-07, 1.94418660726e-07, 3.28849665721e-07, 3.91960497836e-07, 3.20258749298e-07, 3.63653840374e-09, 4.52179413912e-08, 7.10193182041e-10, 1.1737982808e-10], "max": [0.00071316503454, 0.09903678298, 0.141089141369, 0.0405754670501, 0.073269598186, 0.009565833956, 0.0214409567416, 0.0305210389197, 0.0208753217012, 0.0257185697556, 0.0245577655733, 0.0175050925463, 0.0100092440844, 0.00903768651187, 0.0133800925687, 0.00438271742314, 0.00648974627256, 0.00476026814431, 0.00814129505306, 0.00504600722343, 0.00487058749422, 0.00715862587094, 0.00525865377858, 0.000397239666199, 0.00162406265736, 0.000183560943697, 9.17729121284e-05], "mean": [4.25119797001e-05, 0.00584468943998, 0.00792772322893, 0.0019413792761, 0.00221131928265, 0.00068482226925, 0.00171523203608, 0.00168173597194, 0.00177028856706, 0.00177061220165, 0.00070785038406, 0.000676349620335, 0.000544359965716, 0.000465911551146, 0.000434357440099, 0.000341885956004, 0.000249663746217, 0.000200462629437, 0.000237959437072, 0.000216168118641, 0.000209382735193, 0.000143865181599, 0.000171164487256, 2.97593178402e-05, 3.11634030368e-05, 8.42074859975e-06, 3.56412283509e-06], "median": [1.48065682879e-05, 0.000918259494938, 0.00148446310777, 0.000403294805437, 0.000902942032553, 0.000350903195795, 0.00045754344319, 0.000645160675049, 0.000712402979843, 0.000489194295369, 0.000159415678354, 0.00018742280372, 0.00017639901489, 0.000173332024133, 0.000130517117213, 0.000119735246699, 0.000106136940303, 7.22678814782e-05, 9.02938190848e-05, 6.24511449132e-05, 4.72192405141e-05, 2.20697565965e-05, 2.16297303268e-05, 6.28970337857e-06, 2.51189430855e-06, 6.78335993598e-07, 2.09220218039e-07], "min": [2.46605610366e-24, 8.14037164353e-24, 4.67733064532e-24, 2.0682276327e-24, 5.52492997577e-23, 1.73576977726e-23, 3.20453569719e-23, 6.29874130818e-23, 5.63209136549e-23, 3.13625820812e-23, 5.04467145667e-23, 9.41304930385e-23, 1.39697143652e-22, 7.89223528802e-23, 9.77139915192e-23, 1.72100116515e-22, 2.46331422826e-22, 2.07013232158e-22, 3.823237475e-22, 3.09057047683e-22, 4.47729782874e-22, 5.97374954789e-22, 6.66689751772e-22, 8.86293633118e-22, 1.10398258933e-21, 1.69373469915e-21, 2.40051428639e-21], "var": [4.75213246531e-09, 8.06823300081e-05, 0.000155927817104, 1.00755451058e-05, 2.1773548724e-05, 9.27717110244e-07, 7.24286928744e-06, 6.11194400335e-06, 6.45554064249e-06, 8.69855284691e-06, 3.03937849822e-06, 1.73101079781e-06, 8.46906402785e-07, 6.14605937699e-07, 8.07376807188e-07, 2.92211041142e-07, 1.7194562929e-07, 1.13366439791e-07, 2.16285528154e-07, 1.72448466174e-07, 2.03552460221e-07, 1.48993464677e-07, 1.94815754639e-07, 3.31365224149e-09, 1.22327934449e-08, 4.12490069879e-10, 7.49503445419e-11]}, "erbbands": {"dmean": [0.049795024097, 0.949918627739, 4.85865068436, 4.69683504105, 7.39559745789, 3.86155581474, 3.20353221893, 4.50313901901, 12.8018312454, 16.8217315674, 22.9982261658, 23.6876659393, 23.3825111389, 28.3647422791, 17.6797351837, 16.7494659424, 15.7930965424, 13.106045723, 14.0379447937, 9.18914985657, 10.7423391342, 7.63829278946, 6.65786790848, 5.6023812294, 9.3551235199, 6.34667634964, 4.92108726501, 6.68998289108, 4.31428384781, 3.04717445374, 4.56915283203, 0.664993822575, 0.260124981403, 0.141593426466, 0.415404886007, 0.0487660244107, 0.0138965565711, 0.003036176553, 0.000455559667898, 4.60905393993e-05], "dmean2": [0.0852869823575, 1.67588794231, 8.4174785614, 7.92338037491, 12.4660282135, 6.43587303162, 5.49368190765, 7.66039705276, 21.1713752747, 28.1706218719, 35.2616119385, 36.5344200134, 35.5688667297, 41.3298454285, 28.2292900085, 24.5642967224, 23.6231594086, 19.893535614, 20.5689086914, 13.9647626877, 16.3801555634, 11.8608360291, 10.2696914673, 8.47880744934, 14.1150217056, 9.05874252319, 6.65099191666, 10.3774299622, 6.78091049194, 4.14474344254, 6.84295701981, 0.907770514488, 0.369667232037, 0.206799313426, 0.700539529324, 0.0759173333645, 0.0197870787233, 0.00390071189031, 0.000629552057944, 6.86416533426e-05], "dvar": [0.0147252194583, 5.60872077942, 134.734161377, 96.8798294067, 509.106689453, 77.0989990234, 30.7258148193, 73.8086547852, 537.445129395, 1320.77587891, 1788.88513184, 1986.64489746, 2115.12988281, 3752.30883789, 1893.34484863, 1536.60961914, 929.075378418, 570.252990723, 782.544799805, 279.364776611, 382.913116455, 207.161529541, 214.942657471, 126.649436951, 703.752929688, 207.182388306, 98.6085357666, 469.263916016, 310.679382324, 60.2208023071, 180.116439819, 2.12573242188, 0.341265112162, 0.150451719761, 3.09428858757, 0.0247542317957, 0.00150709494483, 4.91652826895e-05, 1.29473971811e-06, 1.26941461787e-08], "dvar2": [0.0398701652884, 15.5696191788, 373.044891357, 252.433990479, 1311.66906738, 197.940567017, 85.6661453247, 199.127822876, 1384.29455566, 3531.86230469, 4076.77319336, 4650.96386719, 4594.21777344, 7335.07128906, 3937.59570312, 2966.57763672, 1931.83422852, 1227.6887207, 1400.0255127, 624.95135498, 833.72277832, 497.24508667, 511.543914795, 294.87789917, 1643.36206055, 423.884765625, 182.655639648, 1191.50524902, 857.447753906, 118.04725647, 403.780578613, 4.17727804184, 0.771638274193, 0.377236634493, 8.68079853058, 0.065386004746, 0.00371109042317, 8.3295875811e-05, 2.88021601591e-06, 3.24503091065e-08], "max": [1.66733944416, 29.45170784, 151.945602417, 135.751541138, 333.679351807, 118.977058411, 66.1267623901, 98.4504547119, 266.960906982, 539.663696289, 560.911132812, 574.056335449, 524.972290039, 939.362792969, 609.447021484, 902.076965332, 502.828674316, 390.459197998, 797.736450195, 225.871704102, 280.276367188, 217.746505737, 293.177642822, 193.397506714, 569.190124512, 227.236038208, 132.568572998, 322.938659668, 383.829406738, 130.441299438, 176.335632324, 15.960146904, 7.11495256424, 5.17847537994, 22.7945079803, 1.70928943157, 0.420270115137, 0.0919540598989, 0.0127244750038, 0.00164563732687], "mean": [0.0855707228184, 1.68857836723, 8.45347118378, 8.02077293396, 8.43811416626, 5.70062685013, 4.86906528473, 6.15878868103, 20.8319206238, 28.4368991852, 41.4821929932, 44.1013526917, 40.7895622253, 52.2338294983, 28.4318065643, 31.8003730774, 27.0006694794, 24.217962265, 27.7355804443, 16.8347854614, 19.7938194275, 13.01932621, 11.0536518097, 9.6080904007, 14.2850494385, 10.2319765091, 8.31039810181, 8.09536838531, 5.23783349991, 4.55835819244, 5.43460416794, 1.02878475189, 0.385500669479, 0.183363869786, 0.352869391441, 0.0511394292116, 0.0169865023345, 0.00429852167144, 0.000599207240157, 7.03837358742e-05], "median": [0.0222349110991, 0.22930367291, 1.74020218849, 1.96158146858, 2.56668329239, 2.90756034851, 2.76082277298, 3.04677891731, 6.70596122742, 7.12948894501, 18.3035621643, 18.3844413757, 13.8814582825, 15.3073883057, 8.75086784363, 9.52439308167, 10.115032196, 9.08701324463, 9.4904088974, 6.6126999855, 8.13268852234, 6.35353326797, 4.20711517334, 4.01815509796, 4.67610359192, 3.01709699631, 2.55234622955, 1.2362267971, 0.814793586731, 0.696826636791, 0.630173325539, 0.222709625959, 0.0819646045566, 0.0294552408159, 0.0166066940874, 0.00429786462337, 0.00130523520056, 0.00028119928902, 5.03077571921e-05, 4.04675665777e-05], "min": [5.02494147745e-22, 8.18762444331e-22, 4.37469572688e-21, 8.6757917663e-21, 1.20875631494e-19, 1.99273470581e-19, 9.8029180856e-20, 1.37729462324e-19, 2.56453286852e-19, 1.09173148061e-18, 1.34682943203e-18, 1.3779300789e-18, 7.56900504277e-19, 1.76999383691e-18, 2.21281732642e-18, 4.21281472971e-18, 7.09173206569e-18, 5.35090813269e-18, 3.57550515496e-18, 5.59312729557e-18, 1.06150557725e-17, 1.2654749987e-17, 1.54544767734e-17, 1.92609435767e-17, 1.56413666523e-17, 1.49805519132e-17, 1.16957010683e-17, 2.39144830319e-17, 1.76770581398e-17, 2.31563190609e-17, 1.80518966887e-17, 1.60053575547e-17, 1.59813643538e-17, 1.09527530847e-17, 7.98904932238e-18, 6.71093988429e-18, 3.51696020634e-18, 1.06475401891e-18, 2.88629578704e-19, 4.07166441026e-20], "var": [0.0188669394702, 6.56952428818, 177.01625061, 131.860839844, 419.788818359, 83.2304382324, 38.0985488892, 80.7053833008, 1018.50341797, 2991.67553711, 3377.65112305, 3970.70703125, 4007.52905273, 9736.12109375, 4052.18188477, 4095.21166992, 1892.23925781, 1449.63562012, 2986.07421875, 599.513977051, 963.250427246, 371.179534912, 349.202301025, 214.376693726, 989.506713867, 360.416748047, 220.064361572, 493.532073975, 254.686248779, 111.279891968, 219.458816528, 4.06152963638, 0.571036279202, 0.175445899367, 2.13407468796, 0.0224681161344, 0.00180984218605, 0.000106732171844, 1.97599320018e-06, 1.28892390094e-08]}, "gfcc": {"mean": [-49.689666748, 112.426109314, -134.905075073, 22.4536037445, -53.6949768066, 3.76766753197, -19.9632930756, 2.31079053879, -14.2452230453, -5.01067781448, -16.2164173126, -9.8294172287, -12.8365650177], "cov": [[17163.8769531, -274.703918457, 246.283950806, 967.774108887, -941.747924805, 755.67401123, -88.383102417, 175.879379272, -11.4191484451, 9.21712398529, -484.982391357, 33.9494590759, -392.757354736], [-274.703918457, 3537.03027344, -551.423339844, -436.567504883, 897.668029785, -460.797424316, 354.38571167, -154.791030884, 138.989456177, -179.728118896, 318.459960938, -361.087890625, 177.238189697], [246.283950806, -551.423339844, 1906.76989746, 592.425964355, 23.9715671539, 706.368530273, 72.5393981934, 281.086303711, 93.0142440796, 55.8645057678, -155.337081909, 116.594329834, -215.26890564], [967.774108887, -436.567504883, 592.425964355, 891.415527344, 82.6008605957, 398.524017334, 105.995170593, 136.742935181, 68.6652908325, -6.48250770569, -61.5324935913, 39.3489608765, -57.2224121094], [-941.747924805, 897.668029785, 23.9715671539, 82.6008605957, 677.943237305, -23.9098415375, 210.889648438, -4.66008663177, 25.4003009796, -20.0273666382, 108.824531555, -113.053474426, 75.9199142456], [755.67401123, -460.797424316, 706.368530273, 398.524017334, -23.9098415375, 566.59954834, 74.7005844116, 187.972381592, 76.4484100342, 20.4536952972, -73.1488876343, 96.1298828125, -89.2204208374], [-88.383102417, 354.38571167, 72.5393981934, 105.995170593, 210.889648438, 74.7005844116, 199.704742432, 46.6775894165, 33.1538658142, -2.20811724663, 47.3072013855, -30.7520561218, 33.3032608032], [175.879379272, -154.791030884, 281.086303711, 136.742935181, -4.66008663177, 187.972381592, 46.6775894165, 161.492370605, 59.1315994263, 19.903459549, -16.9826755524, 41.871887207, -36.4202957153], [-11.4191484451, 138.989456177, 93.0142440796, 68.6652908325, 25.4003009796, 76.4484100342, 33.1538658142, 59.1315994263, 119.692123413, 15.2202711105, 19.9733181, 3.39706635475, 3.36905026436], [9.21712398529, -179.728118896, 55.8645057678, -6.48250770569, -20.0273666382, 20.4536952972, -2.20811724663, 19.903459549, 15.2202711105, 85.9901275635, 5.354824543, 17.3377590179, -14.366645813], [-484.982391357, 318.459960938, -155.337081909, -61.5324935913, 108.824531555, -73.1488876343, 47.3072013855, -16.9826755524, 19.9733181, 5.354824543, 113.393920898, -28.8738307953, 36.2782363892], [33.9494590759, -361.087890625, 116.594329834, 39.3489608765, -113.053474426, 96.1298828125, -30.7520561218, 41.871887207, 3.39706635475, 17.3377590179, -28.8738307953, 100.117218018, -4.08936309814], [-392.757354736, 177.238189697, -215.26890564, -57.2224121094, 75.9199142456, -89.2204208374, 33.3032608032, -36.4202957153, 3.36905026436, -14.366645813, 36.2782363892, -4.08936309814, 93.3412399292]], "icov": [[0.000119206692034, -0.000223670736887, 0.000190595412278, -0.000225376774324, 0.000270584394457, -0.000252725352766, 2.81705597445e-05, -6.40500365989e-05, 0.000327790359734, -0.00049104867503, 0.000642974104267, -0.000121649223729, 0.000388365995605], [-0.000223670736887, 0.00152693898417, -0.000568279414438, 0.00102125585545, -0.001122546033, 0.00087895814795, -0.00107393122744, 0.000680447556078, -0.00234366860241, 0.00307112582959, -0.00232012942433, 0.00197236659005, -0.00057775771711], [0.000190595412278, -0.000568279414438, 0.00164202961605, -0.000622018473223, 1.66140580404e-05, -0.00128373049665, 0.000137208611704, -0.000485396885779, 0.000565843423828, -0.00140861875843, 0.00211362633854, -0.00134130683728, 0.00269025540911], [-0.000225376774324, 0.00102125585545, -0.000622018473223, 0.00250716879964, -0.00098417326808, -0.000267015479039, -0.00103873142507, 0.000511713966262, -0.00186931632925, 0.00246611959301, -0.00126969476696, 0.0013535330072, -0.000669680594001], [0.000270584394457, -0.001122546033, 1.66140580404e-05, -0.00098417326808, 0.00406637089327, -0.000892279378604, -0.00115098094102, -0.000510802376084, 0.00237344414927, -0.00235089007765, 0.00048212139518, 0.00192803842947, -0.00179433205631], [-0.000252725352766, 0.00087895814795, -0.00128373049665, -0.000267015479039, -0.000892279378604, 0.00618854304776, -0.00215355912223, -0.00143764587119, -0.00251420005225, 0.00259527168237, -0.000824140559416, -0.00268712616526, 0.00168458826374], [2.81705597445e-05, -0.00107393122744, 0.000137208611704, -0.00103873142507, -0.00115098094102, -0.00215355912223, 0.0110716177151, -0.00336123560555, 0.00253738486208, -0.00262006279081, -0.00104916188866, 0.00181927147787, -0.00455406494439], [-6.40500365989e-05, 0.000680447556078, -0.000485396885779, 0.000511713966262, -0.000510802376084, -0.00143764587119, -0.00336123560555, 0.013296354562, -0.00536742713302, 0.00101599015761, -0.00059960555518, -0.00297295837663, 0.0035141792614], [0.000327790359734, -0.00234366860241, 0.000565843423828, -0.00186931632925, 0.00237344414927, -0.00251420005225, 0.00253738486208, -0.00536742713302, 0.0155796250328, -0.00634636590257, 0.000593534321524, 0.00024495559046, -0.00310387951322], [-0.00049104867503, 0.00307112582959, -0.00140861875843, 0.00246611959301, -0.00235089007765, 0.00259527168237, -0.00262006279081, 0.00101599015761, -0.00634636590257, 0.019429301843, -0.00635926704854, 0.00062844553031, 0.00180820038076], [0.000642974104267, -0.00232012942433, 0.00211362633854, -0.00126969476696, 0.00048212139518, -0.000824140559416, -0.00104916188866, -0.00059960555518, 0.000593534321524, -0.00635926704854, 0.0185446683317, -0.00277965166606, 0.00183804577682], [-0.000121649223729, 0.00197236659005, -0.00134130683728, 0.0013535330072, 0.00192803842947, -0.00268712616526, 0.00181927147787, -0.00297295837663, 0.00024495559046, 0.00062844553031, -0.00277965166606, 0.0233942996711, -0.0102732861415], [0.000388365995605, -0.00057775771711, 0.00269025540911, -0.000669680594001, -0.00179433205631, 0.00168458826374, -0.00455406494439, 0.0035141792614, -0.00310387951322, 0.00180820038076, 0.00183804577682, -0.0102732861415, 0.0245300196111]]}, "melbands": {"dmean": [0.000671612855513, 0.00210210168734, 0.000901763502043, 0.000440424744738, 0.000107272462628, 0.000103014455817, 0.000201467977604, 0.000190366539755, 0.000187998040929, 0.000140478674439, 0.000119050608191, 0.000121064811538, 6.2659230025e-05, 4.57370806544e-05, 3.92839356209e-05, 3.10657123919e-05, 2.58336458501e-05, 2.41167344939e-05, 1.40820193337e-05, 1.40054817166e-05, 1.29426052808e-05, 8.8288952611e-06, 6.10369943388e-06, 6.37079165244e-06, 4.33630930274e-06, 6.59840725348e-06, 6.12224266661e-06, 4.07348352383e-06, 3.15376473736e-06, 3.06900733449e-06, 4.71860221296e-06, 2.70509167422e-06, 1.68814096924e-06, 1.81205109584e-06, 3.69034432879e-06, 6.67653523578e-07, 2.89129019393e-07, 2.02442066666e-07, 1.21626470673e-07, 9.49827310137e-08], "dmean2": [0.00116878887638, 0.00363635085523, 0.00150977785233, 0.00074226479046, 0.000182729490916, 0.000175471126568, 0.000334611977451, 0.000317365746014, 0.000285665388219, 0.000219411027501, 0.00018110590463, 0.000175240944372, 0.000102055331809, 6.82387835695e-05, 5.95706915192e-05, 4.69933220302e-05, 3.9218011807e-05, 3.56898417522e-05, 2.09493609873e-05, 2.1824878786e-05, 1.99777714442e-05, 1.39552421388e-05, 9.23865263758e-06, 9.88611009234e-06, 6.81309302308e-06, 1.01686255221e-05, 9.04986245587e-06, 5.90351328356e-06, 4.27765417044e-06, 4.44775650976e-06, 7.46857676859e-06, 4.33525656263e-06, 2.47593766289e-06, 2.49610616265e-06, 5.64316542295e-06, 9.90751004792e-07, 4.10581463939e-07, 3.1033530945e-07, 1.71817902128e-07, 1.43848055245e-07], "dvar": [2.75281763606e-06, 2.55244030996e-05, 3.45251896761e-06, 1.6210404965e-06, 3.36571126525e-08, 3.65331871421e-08, 1.38366587521e-07, 1.59007228717e-07, 1.09763441003e-07, 7.02580891243e-08, 5.35661186518e-08, 6.82393590523e-08, 2.30229062481e-08, 1.01461035129e-08, 5.65971580713e-09, 4.14942524785e-09, 2.34438646274e-09, 2.23634444296e-09, 7.4424921781e-10, 7.7817219335e-10, 5.79673586909e-10, 2.89256646413e-10, 1.53644083567e-10, 2.21192730798e-10, 7.69839747505e-11, 3.36928068778e-10, 2.60029997534e-10, 8.35778252162e-11, 4.2682309076e-11, 4.27881202691e-11, 2.72191880146e-10, 1.24655591405e-10, 2.71316337452e-11, 2.0237934592e-11, 1.25261009898e-10, 2.94736912827e-12, 4.16163224758e-13, 2.30834990879e-13, 7.25891447103e-14, 7.33846916069e-14], "dvar2": [7.54828761274e-06, 7.05414204276e-05, 8.85007739271e-06, 4.17599994762e-06, 9.19980536196e-08, 9.85627153227e-08, 3.57642846893e-07, 4.23960500484e-07, 2.48269600434e-07, 1.67530771478e-07, 1.16254547322e-07, 1.31405457182e-07, 5.20666887383e-08, 2.0124856448e-08, 1.23018848441e-08, 8.31282864766e-09, 4.93258012213e-09, 4.15594936243e-09, 1.46436496262e-09, 1.90492066565e-09, 1.27543087203e-09, 7.08125613702e-10, 3.48338857759e-10, 5.44303324634e-10, 1.82200837751e-10, 7.94945331783e-10, 5.82665526938e-10, 1.72673667032e-10, 8.32633892389e-11, 9.06654751276e-11, 7.06112668336e-10, 3.46279865893e-10, 6.73150910013e-11, 3.84872411718e-11, 2.83307183269e-10, 6.99924189787e-12, 8.24327531148e-13, 5.64056180236e-13, 1.55864524846e-13, 1.91593133502e-13], "max": [0.0195704139769, 0.0617103427649, 0.0228801444173, 0.0181954298168, 0.00211056531407, 0.00208187755197, 0.00424493802711, 0.00545701244846, 0.00436966028064, 0.00329236499965, 0.00272241514176, 0.00418937439099, 0.00205402844585, 0.00186996965203, 0.00112958531827, 0.00109092949424, 0.000889257004019, 0.00114987860434, 0.000624577398412, 0.000396524614189, 0.000435530295363, 0.000328768015606, 0.000195565240574, 0.000261260312982, 0.000124739046441, 0.000378754950361, 0.000302033498883, 0.000171773703187, 9.62955236901e-05, 7.59327231208e-05, 0.000241642221226, 0.000237718224525, 9.18223959161e-05, 6.46819971735e-05, 0.000157275033416, 1.86830475286e-05, 7.74643285695e-06, 7.22456070434e-06, 3.23442986883e-06, 4.30457066614e-06], "mean": [0.00120326608885, 0.00375575432554, 0.00145811866969, 0.000542039051652, 0.000174663815415, 0.000139331663377, 0.000326287932694, 0.00031878464506, 0.00034866243368, 0.000254417798715, 0.000203564180993, 0.000223095572437, 9.14641859708e-05, 8.14245649963e-05, 6.99224037817e-05, 5.13024569955e-05, 4.50768384326e-05, 4.4394077122e-05, 2.74860267382e-05, 2.2868915039e-05, 2.26813990594e-05, 1.44220521179e-05, 9.56445819611e-06, 1.01062596514e-05, 6.99831616657e-06, 1.01545219877e-05, 9.20250295167e-06, 6.28816678727e-06, 5.0485346037e-06, 4.71711564387e-06, 4.88965270051e-06, 3.01991667584e-06, 2.44617558565e-06, 2.57887768385e-06, 4.19559000875e-06, 9.40423774409e-07, 4.53659112054e-07, 2.87581201519e-07, 1.71627078771e-07, 1.24901177401e-07], "median": [0.000226883945288, 0.000691142282449, 0.000418622221332, 0.00022311527573, 0.000104593520518, 6.96726056049e-05, 0.000100861230749, 8.72695745784e-05, 0.000172457424924, 0.000102726917248, 6.53481547488e-05, 5.94245793764e-05, 2.61027162196e-05, 2.19461289817e-05, 2.4951150408e-05, 1.40122447192e-05, 1.55601774168e-05, 1.37214665301e-05, 8.89380771696e-06, 7.58899295761e-06, 9.24996675167e-06, 6.43763178232e-06, 3.85340899811e-06, 3.47650075128e-06, 2.80581957668e-06, 3.67828624803e-06, 2.56440239355e-06, 1.77556205472e-06, 1.55206487307e-06, 1.14561794362e-06, 5.0512778671e-07, 4.35893525719e-07, 4.27830656236e-07, 3.64526272278e-07, 3.96204370645e-07, 1.92879866745e-07, 9.23444929413e-08, 6.08348216247e-08, 3.18157376e-08, 1.93869400533e-08], "min": [3.13007188202e-24, 1.79748859788e-24, 3.28434664824e-24, 1.44179034796e-23, 3.71137520004e-24, 3.56946464521e-24, 4.33243198008e-24, 1.20002262431e-23, 1.17830615134e-23, 8.07506816007e-24, 3.61170617454e-24, 6.99421433509e-24, 6.48772934634e-24, 1.21988416976e-23, 9.42958808827e-24, 1.55300222289e-23, 9.27043303406e-24, 4.5995339717e-24, 7.23598205874e-24, 8.8411215188e-24, 1.18798318695e-23, 9.76281476755e-24, 1.87516560129e-23, 1.10423526778e-23, 1.66959760017e-23, 1.12966459349e-23, 1.0958040802e-23, 1.03256007591e-23, 6.66909083503e-24, 1.0861740607e-23, 1.40388794805e-23, 9.82949796873e-24, 1.19149109362e-23, 1.23360750961e-23, 8.54247613503e-24, 1.27868444168e-23, 8.4546128074e-24, 1.14499933952e-23, 1.05338600381e-23, 8.91374563146e-24], "var": [3.36970106218e-06, 3.128816752e-05, 4.31779744758e-06, 1.38783741477e-06, 4.60267166602e-08, 4.14416696515e-08, 2.48198460895e-07, 3.16682843504e-07, 2.23923422027e-07, 1.33987583695e-07, 1.02689689641e-07, 1.82021267392e-07, 4.36868177189e-08, 2.48704328243e-08, 1.25426460329e-08, 8.89308360286e-09, 6.18979800748e-09, 7.57651097416e-09, 2.62016097707e-09, 1.31554489524e-09, 1.36230715597e-09, 5.3134763256e-10, 2.47661002817e-10, 3.39283934281e-10, 1.24242990895e-10, 4.75686046109e-10, 3.91452509296e-10, 1.42102565825e-10, 8.64717741855e-11, 8.32824365027e-11, 2.49861048518e-10, 9.59540710777e-11, 3.54954607373e-11, 3.67420815994e-11, 1.44494888277e-10, 4.20278655627e-12, 7.92769604303e-13, 3.30368030025e-13, 1.23506768506e-13, 8.04765528848e-14]}, "mfcc": {"mean": [-681.504211426, 137.531799316, -17.894575119, 21.0525665283, -10.0958719254, 5.26413011551, -2.95520496368, 7.29633378983, 0.81641036272, 10.1378879547, -2.16600513458, -0.509643733501, -1.62633478642], "cov": [[12343.2714844, 394.117767334, 76.0280380249, 435.422424316, -481.668273926, 577.67010498, -138.231338501, 417.039886475, 74.2868118286, 119.193572998, -27.4590950012, -22.0232620239, -8.65831565857], [394.117767334, 3029.67041016, -560.637023926, -25.4938907623, 327.13458252, -96.3373260498, 298.44619751, -27.9273662567, 28.3229045868, 93.8627090454, 35.8567962646, 28.2164573669, 40.8104095459], [76.0280380249, -560.637023926, 1548.19848633, 194.99508667, 170.190353394, 377.930786133, 25.2923965454, 349.919769287, 162.615844727, 54.3618507385, 153.468765259, 98.842338562, 18.1797542572], [435.422424316, -25.4938907623, 194.99508667, 491.078613281, 202.865142822, 194.114990234, 144.20211792, 123.670333862, 92.2735214233, 76.4403610229, 12.9042921066, 26.2636947632, 33.7396583557], [-481.668273926, 327.13458252, 170.190353394, 202.865142822, 366.340667725, 145.250259399, 181.224411011, 91.2471160889, 86.7050170898, 79.1455459595, 23.5462341309, 37.146396637, 29.8736991882], [577.67010498, -96.3373260498, 377.930786133, 194.114990234, 145.250259399, 307.78326416, 107.18371582, 176.612426758, 104.016799927, 53.4373435974, 50.1123046875, 42.4243431091, 30.6469459534], [-138.231338501, 298.44619751, 25.2923965454, 144.20211792, 181.224411011, 107.18371582, 241.925216675, 75.1415176392, 61.1798400879, 61.9691772461, 16.4597473145, 33.9002494812, 31.2843341827], [417.039886475, -27.9273662567, 349.919769287, 123.670333862, 91.2471160889, 176.612426758, 75.1415176392, 255.605941772, 111.977142334, 37.7134780884, 46.5596504211, 47.4244842529, 41.248500824], [74.2868118286, 28.3229045868, 162.615844727, 92.2735214233, 86.7050170898, 104.016799927, 61.1798400879, 111.977142334, 138.244308472, 50.0024757385, 15.3413467407, 30.3290882111, 37.8320350647], [119.193572998, 93.8627090454, 54.3618507385, 76.4403610229, 79.1455459595, 53.4373435974, 61.9691772461, 37.7134780884, 50.0024757385, 99.6720581055, 31.2500228882, 22.5003395081, 22.6491928101], [-27.4590950012, 35.8567962646, 153.468765259, 12.9042921066, 23.5462341309, 50.1123046875, 16.4597473145, 46.5596504211, 15.3413467407, 31.2500228882, 108.196006775, 44.503616333, -0.246235013008], [-22.0232620239, 28.2164573669, 98.842338562, 26.2636947632, 37.146396637, 42.4243431091, 33.9002494812, 47.4244842529, 30.3290882111, 22.5003395081, 44.503616333, 71.3844070435, 24.7137699127], [-8.65831565857, 40.8104095459, 18.1797542572, 33.7396583557, 29.8736991882, 30.6469459534, 31.2843341827, 41.248500824, 37.8320350647, 22.6491928101, -0.246235013008, 24.7137699127, 67.4551544189]], "icov": [[0.000151326952619, -0.000104342550912, 7.16115173418e-05, -0.000170448809513, 0.000513132894412, -0.000538357242476, 0.000258576183114, -0.000290360796498, 0.000237641448621, -0.000427807972301, 0.00034784458694, -0.000102910635178, 0.000272816832876], [-0.000104342550912, 0.000549388467334, 0.000156161520863, 0.00032162971911, -0.000820742337964, 0.000679456803482, -0.000605495763011, 4.12740846514e-05, -0.000202169452677, 0.000250431068707, -0.000666410604026, 0.000223495691898, -0.000293388642604], [7.16115173418e-05, 0.000156161520863, 0.00136041862424, 3.36317934853e-05, -0.000319694692735, -0.00106234638952, 0.000816481653601, -0.00122638058383, -7.75295993662e-05, 6.26789505986e-06, -0.000819438660983, -0.000417796574766, 0.00071820046287], [-0.000170448809513, 0.00032162971911, 3.36317934853e-05, 0.00350498547778, -0.00160693319049, -0.000603362568654, -0.00092294550268, -1.40523479786e-05, -0.000286127906293, -0.000554597296286, 0.000179285678314, 0.000439217837993, -0.000369801768102], [0.000513132894412, -0.000820742337964, -0.000319694692735, -0.00160693319049, 0.00745125394315, -0.00255965278484, -0.00160702026915, -0.000171608058736, -5.04401577928e-06, -0.00267944368534, 0.00207596481778, -0.000895977253094, 0.00140391662717], [-0.000538357242476, 0.000679456803482, -0.00106234638952, -0.000603362568654, -0.00255965278484, 0.0097235487774, -0.00240495032631, -0.00133925362024, -0.00202953955159, 0.00164175697137, -0.00240957876667, 0.0010537810158, -0.00104973604903], [0.000258576183114, -0.000605495763011, 0.000816481653601, -0.00092294550268, -0.00160702026915, -0.00240495032631, 0.00872412230819, -0.00141045404598, 0.000737147463951, -0.00220822356641, 0.00129468098748, -0.00194272876251, 0.000306369736791], [-0.000290360796498, 4.12740846514e-05, -0.00122638058383, -1.40523479786e-05, -0.000171608058736, -0.00133925362024, -0.00141045404598, 0.00992087367922, -0.00463056610897, 0.00247040460818, -0.00167779065669, -0.000311633455567, -0.00257704406977], [0.000237641448621, -0.000202169452677, -7.75295993662e-05, -0.000286127906293, -5.04401577928e-06, -0.00202953955159, 0.000737147463951, -0.00463056610897, 0.0148139642552, -0.00495623424649, 0.00304160290398, -0.00151443586219, -0.00234744418412], [-0.000427807972301, 0.000250431068707, 6.26789505986e-06, -0.000554597296286, -0.00267944368534, 0.00164175697137, -0.00220822356641, 0.00247040460818, -0.00495623424649, 0.0172362104058, -0.00587045541033, 0.00133281201124, -0.00349387782626], [0.00034784458694, -0.000666410604026, -0.000819438660983, 0.000179285678314, 0.00207596481778, -0.00240957876667, 0.00129468098748, -0.00167779065669, 0.00304160290398, -0.00587045541033, 0.0170762706548, -0.00952724739909, 0.004997972399], [-0.000102910635178, 0.000223495691898, -0.000417796574766, 0.000439217837993, -0.000895977253094, 0.0010537810158, -0.00194272876251, -0.000311633455567, -0.00151443586219, 0.00133281201124, -0.00952724739909, 0.0241077374667, -0.0077112740837], [0.000272816832876, -0.000293388642604, 0.00071820046287, -0.000369801768102, 0.00140391662717, -0.00104973604903, 0.000306369736791, -0.00257704406977, -0.00234744418412, -0.00349387782626, 0.004997972399, -0.0077112740837, 0.0216506626457]]}, "spectral_contrast_coeffs": {"dmean": [0.0535379089415, 0.0492267534137, 0.0415515676141, 0.0329820774496, 0.0209356378764, 0.022442786023], "dmean2": [0.0866279751062, 0.0795573219657, 0.0659450814128, 0.052323449403, 0.0333191342652, 0.0351712815464], "dvar": [0.00229631061666, 0.00176680763252, 0.00133998680394, 0.000989018473774, 0.000395293987822, 0.000587440212257], "dvar2": [0.00550524657592, 0.00465391948819, 0.00290248217061, 0.00203501456417, 0.000843934423756, 0.00137590733357], "max": [-0.275172621012, -0.457249701023, -0.48829293251, -0.5143917799, -0.537586688995, -0.53306388855], "mean": [-0.626960515976, -0.736685276031, -0.745775103569, -0.77197599411, -0.802947938442, -0.731969952583], "median": [-0.631159543991, -0.736589789391, -0.753383159637, -0.78747010231, -0.810455203056, -0.726684212685], "min": [-0.962904274464, -0.958432376385, -0.969866037369, -0.966265201569, -0.962399661541, -0.964006364346], "var": [0.00864188093692, 0.00711894780397, 0.00635614898056, 0.00588381988928, 0.00259691686369, 0.00306053902023]}, "spectral_contrast_valleys": {"dmean": [0.483243912458, 0.497522085905, 0.46355882287, 0.391334146261, 0.330266088247, 0.471201479435], "dmean2": [0.765047430992, 0.781936049461, 0.727344036102, 0.588744521141, 0.445308834314, 0.571584999561], "dvar": [0.281568467617, 0.291201680899, 0.261316895485, 0.201575145125, 0.182029515505, 0.349019736052], "dvar2": [0.548896074295, 0.614764511585, 0.521763861179, 0.357976794243, 0.291166782379, 0.617937982082], "max": [-5.291888237, -4.5138139724