{"lowlevel": {"average_loudness": 0.0464373491704, "barkbands_crest": {"dmean": 2.11365628242, "dmean2": 3.54102563858, "dvar": 3.55306601524, "dvar2": 9.2581987381, "max": 24.0486564636, "mean": 10.3968830109, "median": 9.85194587708, "min": 3.07601356506, "var": 12.8983736038}, "barkbands_flatness_db": {"dmean": 0.0191548671573, "dmean2": 0.0284639894962, "dvar": 0.000300740037346, "dvar2": 0.000612334755715, "max": 0.567062437534, "mean": 0.24444334209, "median": 0.234091639519, "min": 0.0642504766583, "var": 0.00463287299499}, "barkbands_kurtosis": {"dmean": 4.55110168457, "dmean2": 6.79398107529, "dvar": 68.8621520996, "dvar2": 150.659835815, "max": 286.271911621, "mean": 13.4664983749, "median": 2.66091561317, "min": -1.96980237961, "var": 691.556091309}, "barkbands_skewness": {"dmean": 0.530937731266, "dmean2": 0.803612351418, "dvar": 0.2577714324, "dvar2": 0.549543559551, "max": 13.0350875854, "mean": 2.07276988029, "median": 1.28069329262, "min": -7.20464801788, "var": 4.78998994827}, "barkbands_spread": {"dmean": 1.63525474072, "dmean2": 2.50234603882, "dvar": 5.50919008255, "dvar2": 9.9616394043, "max": 157.48109436, "mean": 7.25930261612, "median": 6.40361881256, "min": 0.311375141144, "var": 26.334821701}, "dissonance": {"dmean": 0.0279570668936, "dmean2": 0.0475672259927, "dvar": 0.000621077313554, "dvar2": 0.00173062179238, "max": 0.500000178814, "mean": 0.448438346386, "median": 0.455843091011, "min": 0.199222922325, "var": 0.00119416241068}, "dynamic_complexity": 6.15510368347, "erbbands_crest": {"dmean": 2.60739588737, "dmean2": 4.27832269669, "dvar": 5.4629611969, "dvar2": 14.1069440842, "max": 29.8684387207, "mean": 9.70679664612, "median": 8.97195529938, "min": 2.14575028419, "var": 15.0910329819}, "erbbands_flatness_db": {"dmean": 0.0135582489893, "dmean2": 0.0214546974748, "dvar": 0.000136299713631, "dvar2": 0.000331644521793, "max": 0.430442720652, "mean": 0.250527858734, "median": 0.252880990505, "min": 0.013225350529, "var": 0.00370686594397}, "erbbands_kurtosis": {"dmean": 0.875138282776, "dmean2": 1.43209254742, "dvar": 0.939420580864, "dvar2": 2.36871886253, "max": 17.4231147766, "mean": 0.891043782234, "median": 0.562769651413, "min": -1.6400936842, "var": 2.78703594208}, "erbbands_skewness": {"dmean": 0.326494544744, "dmean2": 0.526180386543, "dvar": 0.0715291202068, "dvar2": 0.188898518682, "max": 2.58303809166, "mean": 0.377140641212, "median": 0.347656875849, "min": -2.26764035225, "var": 0.391051977873}, "erbbands_spread": {"dmean": 3.39435219765, "dmean2": 5.40658044815, "dvar": 9.49666881561, "dvar2": 22.9655475616, "max": 152.941955566, "mean": 20.3632698059, "median": 17.0607509613, "min": 2.98168110847, "var": 148.167755127}, "hfc": {"dmean": 3.12234377861, "dmean2": 4.95323801041, "dvar": 22.2736358643, "dvar2": 58.7483215332, "max": 101.479919434, "mean": 13.7895612717, "median": 9.21946811676, "min": 1.22725571406e-16, "var": 185.963729858}, "melbands_crest": {"dmean": 2.91174173355, "dmean2": 4.65006971359, "dvar": 9.068983078, "dvar2": 21.3078594208, "max": 39.3679924011, "mean": 17.9057254791, "median": 12.6612319946, "min": 2.4271337986, "var": 123.696105957}, "melbands_flatness_db": {"dmean": 0.0201756749302, "dmean2": 0.0295384954661, "dvar": 0.000365565967513, "dvar2": 0.000723053410184, "max": 0.696703016758, "mean": 0.32580024004, "median": 0.309575974941, "min": 0.00385485519655, "var": 0.00699467537925}, "melbands_kurtosis": {"dmean": 12.5092973709, "dmean2": 18.4425048828, "dvar": 1516.8067627, "dvar2": 3624.60693359, "max": 1686.61499023, "mean": 32.8227081299, "median": 3.88441133499, "min": -1.63722133636, "var": 8371.93066406}, "melbands_skewness": {"dmean": 0.749872267246, "dmean2": 1.11336028576, "dvar": 1.0374352932, "dvar2": 2.31726074219, "max": 36.4631576538, "mean": 3.00040411949, "median": 1.47878980637, "min": -2.0095307827, "var": 15.2996959686}, "melbands_spread": {"dmean": 2.22679042816, "dmean2": 3.48839879036, "dvar": 7.69840335846, "dvar2": 14.8495283127, "max": 135.226882935, "mean": 9.951420784, "median": 9.43098831177, "min": 0.085655361414, "var": 40.7612915039}, "pitch_salience": {"dmean": 0.0638970285654, "dmean2": 0.103356704116, "dvar": 0.00325071997941, "dvar2": 0.00826110783964, "max": 0.848508238792, "mean": 0.500626981258, "median": 0.561484575272, "min": 0.0323488004506, "var": 0.0402286089957}, "silence_rate_20dB": {"dmean": 0.00882322806865, "dmean2": 0.0176482666284, "dvar": 0.00874482467771, "dvar2": 0.0191818885505, "max": 1, "mean": 0.960402131081, "median": 1, "min": 0, "var": 0.0380271263421}, "silence_rate_30dB": {"dmean": 0.0258541088551, "dmean2": 0.0517135225236, "dvar": 0.0251882951707, "dvar2": 0.0529416166246, "max": 1, "mean": 0.873409926891, "median": 1, "min": 0, "var": 0.110559552908}, "silence_rate_60dB": {"dmean": 0.0129270544276, "dmean2": 0.0257541555911, "dvar": 0.0127604715526, "dvar2": 0.0302184019238, "max": 1, "mean": 0.160443171859, "median": 0, "min": 0, "var": 0.134704351425}, "spectral_centroid": {"dmean": 95.4932479858, "dmean2": 155.92225647, "dvar": 19872.1894531, "dvar2": 32192, "max": 11388.9970703, "mean": 748.30090332, "median": 715.749145508, "min": 164.674819946, "var": 80218.140625}, "spectral_complexity": {"dmean": 1.71970868111, "dmean2": 2.94202756882, "dvar": 2.66130495071, "dvar2": 7.29471540451, "max": 35, "mean": 12.8805904388, "median": 13, "min": 0, "var": 45.7531280518}, "spectral_decrease": {"dmean": 4.42724612526e-09, "dmean2": 5.93256777037e-09, "dvar": 1.22104603612e-16, "dvar2": 2.06033101418e-16, "max": 4.38774713381e-15, "mean": -1.70965606117e-08, "median": -7.07858216487e-09, "min": -4.18634101607e-07, "var": 1.56041775384e-15}, "spectral_energy": {"dmean": 0.0169513542205, "dmean2": 0.0227659177035, "dvar": 0.00174813857302, "dvar2": 0.00294957426377, "max": 1.58508455753, "mean": 0.0657770782709, "median": 0.0281851068139, "min": 1.12570702601e-20, "var": 0.0223790872842}, "spectral_energyband_high": {"dmean": 7.08238258085e-06, "dmean2": 1.20927452372e-05, "dvar": 2.25887503147e-10, "dvar2": 6.47313369573e-10, "max": 0.000638680066913, "mean": 2.6055096896e-05, "median": 1.33432768052e-05, "min": 8.03759445873e-21, "var": 1.54561652366e-09}, "spectral_energyband_low": {"dmean": 0.0117081152275, "dmean2": 0.0130939278752, "dvar": 0.00133384519722, "dvar2": 0.00182571914047, "max": 1.39441382885, "mean": 0.0432279407978, "median": 0.00042455032235, "min": 6.42352648161e-23, "var": 0.0187886860222}, "spectral_energyband_middle_high": {"dmean": 0.00198018690571, "dmean2": 0.00328449858353, "dvar": 1.336906098e-05, "dvar2": 3.70384877897e-05, "max": 0.0676347985864, "mean": 0.00546516291797, "median": 0.00258332188241, "min": 1.64343298984e-21, "var": 4.87159886688e-05}, "spectral_energyband_middle_low": {"dmean": 0.00425926176831, "dmean2": 0.00699932221323, "dvar": 3.74167211703e-05, "dvar2": 0.000101083780464, "max": 0.159443244338, "mean": 0.0143394451588, "median": 0.00844480283558, "min": 4.48629261011e-22, "var": 0.000226763222599}, "spectral_entropy": {"dmean": 0.11527825892, "dmean2": 0.187215745449, "dvar": 0.010281178169, "dvar2": 0.0245909523219, "max": 9.80812835693, "mean": 6.85312700272, "median": 6.82191562653, "min": 5.85961198807, "var": 0.119982093573}, "spectral_flux": {"dmean": 0.0186692830175, "dmean2": 0.0308030042797, "dvar": 0.000566108268686, "dvar2": 0.00139632064383, "max": 0.562279343605, "mean": 0.0810848101974, "median": 0.0775252506137, "min": 1.06099344588e-10, "var": 0.00344294658862}, "spectral_kurtosis": {"dmean": 6.49440860748, "dmean2": 11.5470581055, "dvar": 42.5513343811, "dvar2": 131.601638794, "max": 97.2441635132, "mean": 15.5268726349, "median": 12.8095989227, "min": -1.21127986908, "var": 102.876075745}, "spectral_rms": {"dmean": 0.000824619957712, "dmean2": 0.0011380428914, "dvar": 1.12850580081e-06, "dvar2": 1.8593416371e-06, "max": 0.0393245965242, "mean": 0.00594508135691, "median": 0.00524382153526, "min": 3.31398667189e-12, "var": 2.88288028969e-05}, "spectral_rolloff": {"dmean": 106.671722412, "dmean2": 179.898712158, "dvar": 80038.6796875, "dvar2": 115172.460938, "max": 19530.6152344, "mean": 702.814819336, "median": 796.728515625, "min": 43.06640625, "var": 405698}, "spectral_skewness": {"dmean": 0.473918646574, "dmean2": 0.838141858578, "dvar": 0.187072634697, "dvar2": 0.575833618641, "max": 6.95661211014, "mean": 2.56101322174, "median": 2.45112967491, "min": -0.00397483818233, "var": 0.670623421669}, "spectral_spread": {"dmean": 184213.765625, "dmean2": 312139.5625, "dvar": 174624636928, "dvar2": 214170189824, "max": 40990444, "mean": 2124621.25, "median": 2060906.125, "min": 736813.8125, "var": 750909980672}, "spectral_strongpeak": {"dmean": 0.507821261883, "dmean2": 0.881777346134, "dvar": 0.471499502659, "dvar2": 1.31698322296, "max": 9.36332988739, "mean": 0.843815326691, "median": 0.516176581383, "min": 0, "var": 0.955345630646}, "zerocrossingrate": {"dmean": 0.00330189731903, "dmean2": 0.00424653384835, "dvar": 5.65696027479e-05, "dvar2": 6.20229839114e-05, "max": 0.6796875, "mean": 0.0270810257643, "median": 0.02978515625, "min": 0.0009765625, "var": 0.000335637829266}, "barkbands": {"dmean": [0.0077393995598, 0.00661071483046, 0.000456874782685, 0.000645940017421, 0.00165280106012, 0.00139710179064, 0.00148270581849, 0.00108891667333, 0.000966993567999, 0.000995651935227, 0.00106237467844, 0.000918074976653, 0.000161531672347, 9.42420956562e-05, 0.000102659927506, 7.71045160946e-05, 4.48883292847e-05, 3.56465898221e-05, 2.35205079662e-05, 1.11859753815e-05, 3.73497368855e-06, 1.30298826662e-06, 5.35752121777e-07, 2.06614558351e-07, 9.89042376887e-08, 4.04098052798e-08, 3.4387969805e-08], "dmean2": [0.0113368742168, 0.00844356883317, 0.000811967416666, 0.00117527449038, 0.00266325380653, 0.00226421025582, 0.00245092087425, 0.00169158028439, 0.00159911555238, 0.00156826036982, 0.00178847834468, 0.00155453872867, 0.000272519275313, 0.000159121365868, 0.000170695217093, 0.000133611523779, 7.67790625105e-05, 6.23604137218e-05, 4.07795196224e-05, 1.9083627194e-05, 6.37772200207e-06, 2.23481265493e-06, 9.28703855152e-07, 3.47497945086e-07, 1.67266307471e-07, 6.58225403072e-08, 5.80334571509e-08], "dvar": [0.00065181608079, 0.000461412681034, 2.6345326205e-06, 3.30905982082e-06, 1.03235970528e-05, 7.26567532183e-06, 7.62335639592e-06, 5.07776030645e-06, 4.75904425912e-06, 3.69887243323e-06, 5.1503116083e-06, 6.21431581749e-06, 1.7632220306e-07, 4.82116142564e-08, 8.77487096318e-08, 3.51257689601e-08, 6.43831832292e-09, 5.86251891477e-09, 1.8476158381e-09, 5.04264907608e-10, 1.03667199824e-10, 1.40786314898e-11, 1.85959776224e-12, 2.42825724805e-13, 6.06857364924e-14, 1.26077855702e-14, 8.03712971826e-15], "dvar2": [0.00144075613935, 0.000863818626385, 8.04834962764e-06, 1.06592588054e-05, 2.96133293887e-05, 1.95217398868e-05, 2.1026487957e-05, 1.18252837638e-05, 1.31656697704e-05, 8.6574927991e-06, 1.43664319694e-05, 1.7203266907e-05, 4.82972325244e-07, 1.36784024107e-07, 2.29699466558e-07, 1.024988876e-07, 1.86040907124e-08, 1.79131500744e-08, 5.53179990703e-09, 1.45415002262e-09, 2.89072515924e-10, 4.12337386457e-11, 5.35402755117e-12, 6.7767964634e-13, 1.76820269039e-13, 3.4763458659e-14, 2.28612227347e-14], "max": [0.896261334419, 0.737872004509, 0.0297949723899, 0.0449596121907, 0.118119925261, 0.0934595242143, 0.051591143012, 0.051824644208, 0.0398347824812, 0.0565886124969, 0.038377776742, 0.0607509352267, 0.0117766149342, 0.00471571041271, 0.00803202856332, 0.00320259435102, 0.00154048122931, 0.00176922837272, 0.000821289373562, 0.000444520672318, 0.000531237223186, 8.6214618932e-05, 2.89324580081e-05, 1.88261838048e-05, 5.70249176235e-06, 3.15919396598e-06, 2.87509828922e-06], "mean": [0.0241927150637, 0.021638058126, 0.000608857895713, 0.000780317175668, 0.00351772573777, 0.00260289246216, 0.00262618553825, 0.00204279040918, 0.00177563843317, 0.00184898532461, 0.00161159934942, 0.00154972495511, 0.000259235996054, 0.000148841645569, 0.000166298472323, 0.000126660859678, 0.000102153782791, 7.42346528568e-05, 5.92351170781e-05, 2.76543232758e-05, 1.00617089629e-05, 3.64255629393e-06, 1.59661578891e-06, 7.46377679661e-07, 3.9207162672e-07, 1.76895099457e-07, 1.4175304841e-07], "median": [2.43623217102e-05, 9.03242907953e-05, 7.62706622481e-05, 0.000269671727438, 0.00163349043578, 0.00115790287964, 0.000767353340052, 0.000635158736259, 0.000389965920476, 0.000636253156699, 0.000373157119611, 0.000288325943984, 0.000104023507447, 5.71757336729e-05, 4.1552244511e-05, 3.6916724639e-05, 3.79057892133e-05, 3.26054214383e-05, 2.75984293694e-05, 1.36945936902e-05, 3.87181626138e-06, 1.30475291371e-06, 7.43925625102e-07, 3.97369262828e-07, 2.05194112368e-07, 5.20273530924e-08, 4.43179644094e-08], "min": [4.35778691621e-23, 3.92380108455e-23, 6.84069726977e-24, 3.41259050343e-23, 4.91465645098e-23, 7.94889443368e-23, 1.36861788232e-22, 5.52578257663e-23, 6.09374412682e-23, 1.2843537799e-22, 4.7539143664e-23, 6.55796541926e-23, 9.24138812216e-23, 1.09372850827e-22, 2.00220016426e-22, 2.32374289845e-22, 1.38331720088e-22, 1.97338995426e-22, 2.49937438552e-22, 4.36535228162e-22, 5.30540336492e-22, 6.23465172389e-22, 5.65971121594e-22, 1.05840637141e-21, 9.57534866296e-22, 1.58971744394e-21, 2.78191523072e-21], "var": [0.00612258072942, 0.00484888069332, 3.72920021618e-06, 3.62787250197e-06, 3.90187196899e-05, 1.9636203433e-05, 1.62894739333e-05, 1.27382445498e-05, 1.11389026642e-05, 1.17697372843e-05, 8.80743209564e-06, 1.20030344988e-05, 2.844956839e-07, 8.31891711073e-08, 1.42918267443e-07, 5.40951106132e-08, 2.00319263399e-08, 1.22316414775e-08, 7.22124671171e-09, 1.65674629571e-09, 4.36159386386e-10, 4.25202928422e-11, 7.07495824079e-12, 1.39617473398e-12, 3.73739965842e-13, 1.19151094698e-13, 6.15052713621e-14]}, "erbbands": {"dmean": [0.505304992199, 0.354588896036, 0.423876881599, 1.56867074966, 3.65747952461, 6.36822366714, 7.60267496109, 12.4930944443, 23.3278312683, 19.229719162, 22.1269340515, 19.5251483917, 36.1904830933, 32.4167861938, 30.8021659851, 33.7724189758, 9.11160850525, 4.97561788559, 3.60747981071, 4.43671655655, 2.92624402046, 2.14354634285, 1.96521580219, 1.56634438038, 1.05825102329, 0.406571835279, 0.203037574887, 0.0976609960198, 0.0592093542218, 0.0262178126723, 0.0140274707228, 0.00585295213386, 0.00290648825467, 0.00148154294584, 0.000674655020703, 0.000210981757846, 8.22166039143e-05, 2.6260053346e-05, 1.05787339635e-05, 1.85050757864e-05], "dmean2": [0.618470966816, 0.522934138775, 0.753639340401, 2.83430719376, 6.08239126205, 10.1090202332, 12.5921287537, 19.9798564911, 39.3287582397, 29.7698955536, 34.6168556213, 32.1419410706, 57.223487854, 54.1905708313, 51.784866333, 57.1406745911, 15.3772878647, 8.48920345306, 5.96746683121, 7.49049043655, 5.03190040588, 3.66189622879, 3.415766716, 2.71964836121, 1.84161806107, 0.702271461487, 0.34831520915, 0.165802240372, 0.102227948606, 0.0447537377477, 0.0241476856172, 0.00988307315856, 0.00494457874447, 0.00249298126437, 0.0011489399476, 0.000351078808308, 0.000136942035169, 4.43589051429e-05, 1.52758220793e-05, 2.49082022492e-05], "dvar": [2.72396421432, 1.3405328989, 2.94043731689, 23.5263309479, 44.5282440186, 194.587097168, 370.313903809, 559.63293457, 1964.88708496, 1312.57104492, 2304.19360352, 1821.1270752, 5283.703125, 3868.54711914, 6120.81787109, 6632.47558594, 441.903778076, 128.225418091, 62.9557685852, 136.341842651, 30.8771381378, 15.8095474243, 19.9420795441, 11.1165876389, 4.9455780983, 0.495541334152, 0.26494577527, 0.0553489923477, 0.0293543599546, 0.00450475979596, 0.00133647944313, 0.000226350472076, 4.89466401632e-05, 1.26328814076e-05, 2.8787364954e-06, 2.94073345231e-07, 5.5476647276e-08, 6.07515104889e-09, 4.70948058329e-10, 2.00748395685e-09], "dvar2": [4.83334064484, 3.05108857155, 8.68999385834, 75.9861450195, 126.944374084, 536.066650391, 1042.73583984, 1476.88720703, 5652.96972656, 3066.94921875, 5352.04833984, 4969.56835938, 12388.21875, 11001.4589844, 16870.1113281, 18467.2441406, 1240.04943848, 369.093170166, 170.659225464, 367.889770508, 89.7534866333, 45.4146270752, 60.9826927185, 33.0948524475, 15.1545505524, 1.46707689762, 0.74298542738, 0.157960996032, 0.0855882018805, 0.0130933821201, 0.00381429097615, 0.000637199147604, 0.000139197829412, 3.56508935511e-05, 8.39388758322e-06, 8.44561384383e-07, 1.53770599809e-07, 1.71946190619e-08, 9.26829779591e-10, 3.36424754721e-09], "max": [55.5133247375, 37.8005180359, 32.5447540283, 126.158531189, 175.757202148, 571.217773438, 901.323181152, 372.346862793, 874.026367188, 591.609985352, 1222.88342285, 759.677490234, 2200.69018555, 1198.06066895, 1596.89453125, 1700.51098633, 537.769348145, 275.776489258, 160.417480469, 290.898803711, 90.5656509399, 75.8436813354, 121.397186279, 57.3796310425, 45.3922386169, 12.5057001114, 25.7965393066, 8.30162811279, 3.59824800491, 1.55079877377, 0.969266057014, 0.53549695015, 0.212046146393, 0.0915063023567, 0.036939676851, 0.0158326085657, 0.00446133315563, 0.00210829870775, 0.00072913459735, 0.00170612148941], "mean": [1.68271136284, 0.969643890858, 0.643340170383, 2.06230092049, 6.24133110046, 13.6911115646, 14.4373168945, 23.2210731506, 39.0722122192, 38.4600143433, 43.1807479858, 38.1704101562, 68.0911560059, 58.13022995, 55.3503608704, 59.4910354614, 17.0127868652, 8.74572277069, 6.88971138, 8.4447479248, 6.01463508606, 5.22021818161, 4.31597757339, 3.69604372978, 2.68107914925, 1.1524938345, 0.561667144299, 0.278452903032, 0.158916071057, 0.0775089934468, 0.0428708009422, 0.0202598832548, 0.0099917743355, 0.00547480862588, 0.00247300299816, 0.000904875865672, 0.000319728045724, 0.000102512472949, 5.10971440235e-05, 7.39367533242e-05], "median": [0.00211745407432, 0.0179631449282, 0.0800296887755, 0.664634227753, 2.84850049019, 4.76259994507, 6.58465194702, 10.3404598236, 12.9441537857, 11.5721569061, 13.396232605, 9.04655265808, 20.3111019135, 18.4858417511, 11.4867115021, 12.2487363815, 7.33319282532, 4.15767431259, 2.59269332886, 2.03953838348, 2.47808694839, 2.03448176384, 1.82845330238, 1.68221974373, 1.18172264099, 0.629266738892, 0.259926438332, 0.0937430635095, 0.0492057651281, 0.0305846557021, 0.0204470083117, 0.0106614120305, 0.00531710125506, 0.00284468429163, 0.00120596704073, 0.000331617658958, 9.54107235884e-05, 2.78597217402e-05, 2.41320303758e-05, 3.39726539096e-05], "min": [1.23401776461e-21, 8.67991070569e-21, 1.15623483737e-20, 4.62947204075e-20, 2.34490581763e-19, 8.82525716375e-20, 2.83781783327e-19, 8.2509311888e-19, 7.48335824516e-19, 3.113202596e-18, 1.1897781292e-18, 1.62946691438e-18, 2.73578220958e-18, 4.00797172282e-18, 2.29773279297e-18, 3.22997444231e-18, 4.34900381371e-18, 5.45697957059e-18, 9.2170849685e-18, 7.97973113278e-18, 1.39310830547e-17, 7.52575869618e-18, 1.00164714853e-17, 8.67976746774e-18, 1.82938040045e-17, 1.86853135515e-17, 2.16217104275e-17, 2.14109117202e-17, 2.43340058775e-17, 2.00717261608e-17, 1.61312941486e-17, 1.79441249811e-17, 1.96570721002e-17, 1.07359035513e-17, 7.39633305446e-18, 6.0055971857e-18, 2.66830350354e-18, 1.22770012098e-18, 3.87425756321e-19, 4.35350487824e-20], "var": [29.7843017578, 9.13781452179, 3.98883795738, 30.7008552551, 112.847633362, 858.573852539, 1011.77911377, 1226.97851562, 3636.32373047, 3591.29760742, 5782.18017578, 4412.41796875, 17177.6484375, 8001.93261719, 12912.3828125, 14082.5273438, 844.73614502, 232.116851807, 120.572273254, 270.604522705, 70.6298294067, 49.8579521179, 40.9494552612, 30.8390274048, 17.4933509827, 2.22440075874, 1.04700100422, 0.260637879372, 0.0884043127298, 0.0186627376825, 0.00512886000797, 0.00102733029053, 0.000260808970779, 7.4525756645e-05, 1.60944600793e-05, 2.74030594483e-06, 3.92059291698e-07, 3.86780634187e-08, 6.77702294283e-09, 2.60745682823e-08]}, "gfcc": {"mean": [-106.054321289, 165.079498291, -140.368301392, -6.59633111954, -48.6267242432, -16.9582805634, -18.0162830353, -4.7839922905, -17.061372757, -11.0116500854, -1.94129025936, -4.02887248993, -2.50322651863], "cov": [[11241.8544922, 114.514724731, -1051.79223633, 347.131652832, -1019.80877686, -166.832366943, -435.087524414, 266.295227051, -494.697601318, -94.1840820312, 119.530326843, 262.787231445, 317.381774902], [114.514724731, 586.4140625, 56.3565826416, -52.3463172913, 104.291404724, -111.498977661, 37.3282051086, -65.8391799927, 10.6777353287, -34.7868881226, 9.61291503906, -49.8736305237, 27.5495853424], [-1051.79223633, 56.3565826416, 849.739440918, 467.963623047, 666.118896484, 283.439056396, 206.607940674, 123.96396637, 267.939453125, 151.944885254, 3.62255883217, 46.4402732849, 118.766181946], [347.131652832, -52.3463172913, 467.963623047, 732.198852539, 533.748046875, 245.897125244, 82.3177337646, 97.4218444824, 229.418380737, 124.327705383, -41.7397155762, 49.4462852478, 124.43547821], [-1019.80877686, 104.291404724, 666.118896484, 533.748046875, 883.541809082, 280.742370605, 220.463424683, 100.022743225, 364.151702881, 221.78364563, -23.9666156769, 44.6098976135, 145.475280762], [-166.832366943, -111.498977661, 283.439056396, 245.897125244, 280.742370605, 338.729827881, 209.858673096, 125.029121399, 152.689758301, 90.8535003662, 59.3253517151, 38.0216751099, 44.9478645325], [-435.087524414, 37.3282051086, 206.607940674, 82.3177337646, 220.463424683, 209.858673096, 246.505081177, 102.058418274, 123.609146118, 60.7114944458, 79.7348251343, 19.3659915924, 17.6695785522], [266.295227051, -65.8391799927, 123.96396637, 97.4218444824, 100.022743225, 125.029121399, 102.058418274, 151.817230225, 89.7311553955, 65.897605896, 48.702999115, 51.8547821045, 47.2904396057], [-494.697601318, 10.6777353287, 267.939453125, 229.418380737, 364.151702881, 152.689758301, 123.609146118, 89.7311553955, 261.624969482, 150.096939087, 9.0147485733, 26.4650821686, 73.3472213745], [-94.1840820312, -34.7868881226, 151.944885254, 124.327705383, 221.78364563, 90.8535003662, 60.7114944458, 65.897605896, 150.096939087, 165.30027771, 33.6516532898, 33.6493034363, 64.7586669922], [119.530326843, 9.61291503906, 3.62255883217, -41.7397155762, -23.9666156769, 59.3253517151, 79.7348251343, 48.702999115, 9.0147485733, 33.6516532898, 123.968719482, 38.7253723145, 6.80032014847], [262.787231445, -49.8736305237, 46.4402732849, 49.4462852478, 44.6098976135, 38.0216751099, 19.3659915924, 51.8547821045, 26.4650821686, 33.6493034363, 38.7253723145, 77.8867797852, 50.5626106262], [317.381774902, 27.5495853424, 118.766181946, 124.43547821, 145.475280762, 44.9478645325, 17.6695785522, 47.2904396057, 73.3472213745, 64.7586669922, 6.80032014847, 50.5626106262, 118.621803284]], "icov": [[0.00031380780274, -0.000577160855755, 0.000549175078049, -0.000672599882819, 0.000436378206359, -0.000490953330882, 0.000553908001166, -0.00109118013643, 0.00102833204437, -0.000650432601105, 0.000185871191206, -0.00050768541405, -0.000621492567006], [-0.000577160855755, 0.0043235165067, -0.00111355958506, 0.00129938870668, -0.00178048794623, 0.00373922195286, -0.00295176822692, 0.00288398936391, -0.00237016240135, 0.00339025608264, -0.00269717955962, 0.00438042124733, -0.001749229501], [0.000549175078049, -0.00111355958506, 0.00421713432297, -0.0015068766661, -0.00157070683781, -0.00151793996338, 0.00112541648559, -0.00298712518997, 0.00231457594782, -0.000426568469265, -1.96350538317e-05, -0.000520969973877, -0.00130270037334], [-0.000672599882819, 0.00129938870668, -0.0015068766661, 0.0049957819283, -0.00270956521854, -0.00133073760662, 0.00195141718723, 0.00134112092201, -0.00291758193634, 0.00292730494402, -0.000404935271945, 0.00128937151749, 0.000447306636488], [0.000436378206359, -0.00178048794623, -0.00157070683781, -0.00270956521854, 0.00764996977523, -0.000557234161533, -0.00311956671067, 0.00207848288119, -0.00147934886627, -0.00464715110138, 0.00433469982818, -0.00357350055128, -0.00114719406702], [-0.000490953330882, 0.00373922195286, -0.00151793996338, -0.00133073760662, -0.000557234161533, 0.0125463455915, -0.00951193273067, 0.0011857978534, -0.00158556061797, 0.00121144740842, -0.00173924514093, 0.00280234590173, -0.000541366985999], [0.000553908001166, -0.00295176822692, 0.00112541648559, 0.00195141718723, -0.00311956671067, -0.00951193273067, 0.0194644145668, -0.00770581560209, -0.000910292146727, 0.00367061700672, -0.00690761767328, 0.00211564241908, 0.00168554019183], [-0.00109118013643, 0.00288398936391, -0.00298712518997, 0.00134112092201, 0.00207848288119, 0.0011857978534, -0.00770581560209, 0.019304772839, -0.00652940711007, 0.000119874559459, 0.000357365992386, -0.00430693151429, 7.4229472375e-05], [0.00102833204437, -0.00237016240135, 0.00231457594782, -0.00291758193634, -0.00147934886627, -0.00158556061797, -0.000910292146727, -0.00652940711007, 0.0181088298559, -0.0104046771303, 0.00355715304613, -0.0005978999543, -0.00177014688961], [-0.000650432601105, 0.00339025608264, -0.000426568469265, 0.00292730494402, -0.00464715110138, 0.00121144740842, 0.00367061700672, 0.000119874559459, -0.0104046771303, 0.0202385988086, -0.00867537595332, 0.00511473231018, -0.0033432834316], [0.000185871191206, -0.00269717955962, -1.96350538317e-05, -0.000404935271945, 0.00433469982818, -0.00173924514093, -0.00690761767328, 0.000357365992386, 0.00355715304613, -0.00867537595332, 0.0194019060582, -0.0113317407668, 0.0030575694982], [-0.00050768541405, 0.00438042124733, -0.000520969973877, 0.00128937151749, -0.00357350055128, 0.00280234590173, 0.00211564241908, -0.00430693151429, -0.0005978999543, 0.00511473231018, -0.0113317407668, 0.0302785560489, -0.0104466481134], [-0.000621492567006, -0.001749229501, -0.00130270037334, 0.000447306636488, -0.00114719406702, -0.000541366985999, 0.00168554019183, 7.4229472375e-05, -0.00177014688961, -0.0033432834316, 0.0030575694982, -0.0104466481134, 0.0198629982769]]}, "melbands": {"dmean": [0.00333757512271, 0.000231662183069, 0.000290759926429, 0.000390580767998, 0.000248666823609, 0.00029107494629, 0.000333063362632, 0.000217005552258, 0.000174735119799, 0.000132063956698, 0.000183370895684, 0.000125364749692, 0.000122822544654, 0.000111953995656, 5.14125240443e-05, 1.19870064736e-05, 1.02071480796e-05, 4.82563518744e-06, 1.02319472717e-05, 6.94113896316e-06, 2.97200949717e-06, 2.73651949101e-06, 2.10203938877e-06, 1.49642482938e-06, 1.42880730891e-06, 8.89944203664e-07, 7.57514555971e-07, 2.54341870232e-07, 1.4259700265e-07, 1.20095279499e-07, 5.89210991109e-08, 4.12815523987e-08, 2.2179508008e-08, 1.45057228451e-08, 9.95736026965e-09, 6.24131057947e-09, 3.44832051802e-09, 2.43699860292e-09, 1.90488735896e-09, 1.30405741761e-09], "dmean2": [0.00390355242416, 0.000382737111067, 0.000517329201102, 0.000636072421912, 0.000405952538131, 0.000470350380056, 0.000557014602236, 0.000334613636369, 0.000275237747701, 0.000217768581933, 0.000290165946353, 0.000209502293728, 0.00020649691578, 0.000189562109881, 8.70632866281e-05, 2.03565232368e-05, 1.74047272594e-05, 8.01271380624e-06, 1.70611874637e-05, 1.20175873235e-05, 5.11098915013e-06, 4.68055259262e-06, 3.66943459085e-06, 2.59022999671e-06, 2.48549417847e-06, 1.55757982157e-06, 1.3091122355e-06, 4.40384525291e-07, 2.4389944997e-07, 2.06879846587e-07, 1.01640523553e-07, 7.1493161613e-08, 3.82238383168e-08, 2.50102800692e-08, 1.72629839312e-08, 1.08055768777e-08, 5.87278403685e-09, 4.1974161924e-09, 3.19718207464e-09, 2.22886265e-09], "dvar": [0.000114635993668, 7.20675188859e-07, 5.26115968569e-07, 7.45768261368e-07, 2.93774917282e-07, 2.84281952645e-07, 3.79436357889e-07, 1.69112098547e-07, 1.32527645746e-07, 8.51993036122e-08, 1.33489507448e-07, 5.91921818227e-08, 9.29173396003e-08, 1.18646546809e-07, 1.10297513345e-08, 6.68518518321e-10, 6.17576711992e-10, 1.22573826089e-10, 1.02557162762e-09, 3.5961997269e-10, 2.41195084738e-11, 2.73635246406e-11, 1.73430211164e-11, 8.31736762796e-12, 9.35327336415e-12, 2.44682052397e-12, 3.03069808832e-12, 1.95570881538e-13, 9.162133129e-14, 1.67289264581e-13, 2.24304302481e-14, 1.45953788741e-14, 3.34337012116e-15, 1.1767444395e-15, 5.97356327645e-16, 3.08888272499e-16, 6.62342905585e-17, 3.56417766094e-17, 1.80201428794e-17, 1.04352796469e-17], "dvar2": [0.000181191891897, 1.89172806131e-06, 1.66457164141e-06, 2.21276854973e-06, 8.03808688943e-07, 7.57546501973e-07, 1.08120229925e-06, 3.94470930587e-07, 3.13139906893e-07, 2.35444986174e-07, 3.14118864253e-07, 1.68127783695e-07, 2.55563577412e-07, 3.25859048189e-07, 3.15106376547e-08, 1.86266246871e-09, 1.76705150512e-09, 3.41002420745e-10, 2.67177768798e-09, 1.05527520056e-09, 6.99085303535e-11, 7.78521691558e-11, 5.27900778646e-11, 2.50131547419e-11, 2.78301808682e-11, 7.55328265212e-12, 9.04877214825e-12, 5.77322315388e-13, 2.54502473783e-13, 4.80379462337e-13, 6.45292535227e-14, 4.26847345989e-14, 9.71149108532e-15, 3.37153608424e-15, 1.72375566986e-15, 8.82453006372e-16, 1.8804377598e-16, 1.04136765017e-16, 4.96764441834e-17, 2.98283181771e-17], "max": [0.386992245913, 0.0171232353896, 0.0182638652623, 0.0283276736736, 0.0237164925784, 0.00984584633261, 0.0120087200776, 0.00779792713001, 0.00910303555429, 0.00529278069735, 0.0109224803746, 0.00456855492666, 0.00639483705163, 0.00903432257473, 0.00181304372381, 0.000625605520327, 0.000584897352383, 0.00033613233245, 0.00088575144764, 0.000337003613822, 7.06552527845e-05, 9.72230627667e-05, 9.86690138234e-05, 6.74046823406e-05, 5.09849451191e-05, 2.86025842797e-05, 3.48740977643e-05, 8.02070553618e-06, 1.21044758998e-05, 2.02454957616e-05, 3.47024001712e-06, 2.53253256233e-06, 1.19924288811e-06, 8.05360343747e-07, 6.27135875675e-07, 4.32790585592e-07, 2.94467810136e-07, 1.74138534703e-07, 1.28949579903e-07, 9.46193949858e-08], "mean": [0.0117289014161, 0.000479250214994, 0.000424287776696, 0.000764101976529, 0.000523198395967, 0.000542600057088, 0.000580213556532, 0.000434134097304, 0.000334583950462, 0.000247007381404, 0.000337301782565, 0.000222274844418, 0.00020031821623, 0.000185019132914, 8.6331521743e-05, 2.02127721423e-05, 1.59613900905e-05, 8.70611074788e-06, 1.52654392878e-05, 1.08263420771e-05, 5.88818102187e-06, 5.88618513575e-06, 4.25427924711e-06, 3.28351734424e-06, 3.01313548334e-06, 1.96979362954e-06, 1.61332752668e-06, 5.86329178986e-07, 3.62020813327e-07, 2.52169030546e-07, 1.36028745601e-07, 9.56841006428e-08, 5.57933681478e-08, 3.75086663951e-08, 2.60908290528e-08, 1.72574825541e-08, 1.04118882405e-08, 7.20189552439e-09, 5.6073283794e-09, 4.2178300852e-09], "median": [2.60552624241e-05, 3.57488570444e-05, 0.000172954940354, 0.000293806311674, 0.000246067007538, 0.000240031949943, 0.000197465662495, 0.000135861337185, 9.76654846454e-05, 5.91473217355e-05, 9.70944747678e-05, 6.89265289111e-05, 3.9125134208e-05, 3.35199292749e-05, 2.48726337304e-05, 8.94442200661e-06, 6.0773199948e-06, 3.58000079359e-06, 3.47836930814e-06, 1.85632598004e-06, 2.89597164738e-06, 2.09557970265e-06, 1.65867618307e-06, 1.58537295647e-06, 1.29035879581e-06, 9.44388261814e-07, 6.57152213535e-07, 3.38003872002e-07, 1.77711967808e-07, 8.08784506034e-08, 4.11657872235e-08, 2.81337761976e-08, 1.94043483503e-08, 1.46888954333e-08, 1.2090138668e-08, 8.00410226987e-09, 5.40989653075e-09, 3.59945029338e-09, 2.89406476561e-09, 2.05144345955e-09], "min": [1.31023264589e-23, 7.89919241011e-24, 1.63858369146e-23, 1.07505364629e-23, 8.49985240259e-24, 1.67727668777e-23, 1.61823975757e-23, 2.87227032381e-23, 8.36638029287e-24, 1.02451393134e-23, 1.32095571106e-23, 1.64065855341e-23, 6.4026881686e-24, 9.43385582577e-24, 8.12603646316e-24, 9.12930660698e-24, 1.02419183943e-23, 1.30033977794e-23, 1.58845584078e-23, 9.90801881665e-24, 1.76144798858e-23, 6.17820320409e-24, 1.20055960193e-23, 6.75456312525e-24, 6.25813019658e-24, 1.20012438737e-23, 1.35881148929e-23, 1.22188314329e-23, 1.42792201548e-23, 1.22580488639e-23, 1.19203319884e-23, 1.20393458554e-23, 1.50778234922e-23, 9.5397824904e-24, 8.60637307949e-24, 8.85534468092e-24, 1.17720616369e-23, 1.46613995975e-23, 9.84336535458e-24, 9.21465662375e-24], "var": [0.00143119029235, 1.97394001589e-06, 7.97568191047e-07, 2.24183008868e-06, 9.97190113594e-07, 6.64720971599e-07, 7.59908687087e-07, 4.7345247367e-07, 3.39001871907e-07, 2.00338874379e-07, 4.27457280239e-07, 1.25495105863e-07, 1.68367890296e-07, 2.161123831e-07, 2.09664730022e-08, 1.16492659963e-09, 1.0344612944e-09, 2.16337614489e-10, 1.55396129298e-09, 5.34629840399e-10, 5.70409657008e-11, 7.20754012029e-11, 3.70986991127e-11, 2.03152997896e-11, 2.2735167915e-11, 7.10920601901e-12, 8.33201563299e-12, 5.586487219e-13, 3.55835396955e-13, 4.41510597613e-13, 6.46804861732e-14, 3.61530568666e-14, 1.0101459972e-14, 4.72269276027e-15, 2.00058382471e-15, 9.23032978447e-16, 2.76772091861e-16, 1.48039720135e-16, 8.69739849162e-17, 4.7746671519e-17]}, "mfcc": {"mean": [-740.833740234, 196.394866943, -27.5509433746, 11.7518768311, -14.0367898941, -11.0226650238, 1.06328463554, 2.20247530937, -6.85959720612, -3.87017607689, -4.14651346207, -0.899808645248, 1.20997166634], "cov": [[9033.79101562, 1097.26672363, -1228.65686035, 511.039855957, -794.592224121, -436.218109131, -209.56300354, 59.1218757629, -309.911346436, -335.015655518, -350.979888916, -120.616973877, 100.330757141], [1097.26672363, 824.015319824, -178.135650635, -23.3746128082, -142.231216431, -172.50163269, -19.864824295, -68.3740997314, -73.9628753662, -94.4007873535, -81.0322647095, 3.14578390121, -22.7903518677], [-1228.65686035, -178.135650635, 471.799438477, 127.660957336, 292.885162354, 247.385009766, 125.847465515, 115.08782196, 149.014465332, 127.225814819, 114.481994629, 58.2176322937, 0.0116035267711], [511.039855957, -23.3746128082, 127.660957336, 594.676635742, 424.743011475, 272.434539795, 9.70526599884, 52.8527908325, 209.334259033, 120.319633484, 22.4326000214, -26.196844101, 52.7896194458], [-794.592224121, -142.231216431, 292.885162354, 424.743011475, 658.589538574, 419.371429443, 54.0334396362, 61.1947860718, 315.263214111, 220.051605225, 122.888046265, 17.8458766937, 33.858669281], [-436.218109131, -172.50163269, 247.385009766, 272.434539795, 419.371429443, 411.590148926, 132.689453125, 121.343605042, 231.380783081, 191.503982544, 144.688568115, 48.9855041504, 19.2597084045], [-209.56300354, -19.864824295, 125.847465515, 9.70526599884, 54.0334396362, 132.689453125, 191.951583862, 130.333343506, 35.4939727783, 66.4145736694, 83.5656585693, 53.4923706055, 9.90374088287], [59.1218757629, -68.3740997314, 115.08782196, 52.8527908325, 61.1947860718, 121.343605042, 130.333343506, 197.785552979, 69.5061950684, 62.4985618591, 76.0491943359, 46.7888526917, 28.5876293182], [-309.911346436, -73.9628753662, 149.014465332, 209.334259033, 315.263214111, 231.380783081, 35.4939727783, 69.5061950684, 251.556686401, 155.302658081, 83.0376358032, 35.9904441833, 24.4931144714], [-335.015655518, -94.4007873535, 127.225814819, 120.319633484, 220.051605225, 191.503982544, 66.4145736694, 62.4985618591, 155.302658081, 172.115814209, 114.864433289, 45.1015357971, 21.5422363281], [-350.979888916, -81.0322647095, 114.481994629, 22.4326000214, 122.888046265, 144.688568115, 83.5656585693, 76.0491943359, 83.0376358032, 114.864433289, 145.873077393, 74.4512176514, 17.4814510345], [-120.616973877, 3.14578390121, 58.2176322937, -26.196844101, 17.8458766937, 48.9855041504, 53.4923706055, 46.7888526917, 35.9904441833, 45.1015357971, 74.4512176514, 103.552986145, 38.0514831543], [100.330757141, -22.7903518677, 0.0116035267711, 52.7896194458, 33.858669281, 19.2597084045, 9.90374088287, 28.5876293182, 24.4931144714, 21.5422363281, 17.4814510345, 38.0514831543, 90.7881011963]], "icov": [[0.000458263122709, -0.000435973634012, 0.00102410768159, -0.00105230160989, 0.00114339252468, -0.000919692101888, 0.000786728807725, -0.00104424124584, 0.000355119060259, -0.000245527451625, 0.0004074141616, -0.000308587506879, 2.08857072721e-05], [-0.000435973634012, 0.00207816367038, -0.000340833939845, 0.000481941679027, -0.00154766684864, 0.00227251253091, -0.00213672639802, 0.00154725485481, -0.000877811573446, 0.000828002986964, 8.29952041386e-05, -0.00117323629092, 0.00108037434984], [0.00102410768159, -0.000340833939845, 0.00636074552312, -0.00213897158392, 0.000378183613066, -0.00162023562007, 0.000240323759499, -0.00320947193541, 0.000995370210148, -0.000244991097134, 0.00120872876141, -0.0026923334226, 0.0018979460001], [-0.00105230160989, 0.000481941679027, -0.00213897158392, 0.00655103242025, -0.00457418244332, 0.000382254947908, -0.000720940763131, 0.00120614981279, -0.000689462001901, 1.24052066894e-05, 0.00115628272761, 0.00226156041026, -0.00218879547901], [0.00114339252468, -0.00154766684864, 0.000378183613066, -0.00457418244332, 0.0121123772115, -0.00784184224904, 0.00344849657267, 0.00039220956387, -0.00356930075213, -0.000483298528707, -0.000973808579147, 0.00262515223585, -0.00218090042472], [-0.000919692101888, 0.00227251253091, -0.00162023562007, 0.000382254947908, -0.00784184224904, 0.0161706022918, -0.0075750942342, 0.00175985868555, -0.0032237409614, 0.000153218948981, -0.00424167374149, -0.000273602199741, 0.00289586023428], [0.000786728807725, -0.00213672639802, 0.000240323759499, -0.000720940763131, 0.00344849657267, -0.0075750942342, 0.0164565388113, -0.00909733399749, 0.0060904212296, -0.0044120317325, 0.00168373959605, -0.00230902037583, 0.000451019121101], [-0.00104424124584, 0.00154725485481, -0.00320947193541, 0.00120614981279, 0.00039220956387, 0.00175985868555, -0.00909733399749, 0.0146262394264, -0.00606265617535, 0.00454402063042, -0.00505632348359, 0.00289250095375, -0.00297259236686], [0.000355119060259, -0.000877811573446, 0.000995370210148, -0.000689462001901, -0.00356930075213, -0.0032237409614, 0.0060904212296, -0.00606265617535, 0.01792640239, -0.0119200358167, 0.0073912050575, -0.00564113166183, 0.00198092311621], [-0.000245527451625, 0.000828002986964, -0.000244991097134, 1.24052066894e-05, -0.000483298528707, 0.000153218948981, -0.0044120317325, 0.00454402063042, -0.0119200358167, 0.0271634366363, -0.0164491143078, 0.00514077488333, -0.00254663266242], [0.0004074141616, 8.29952041386e-05, 0.00120872876141, 0.00115628272761, -0.000973808579147, -0.00424167374149, 0.00168373959605, -0.00505632348359, 0.0073912050575, -0.0164491143078, 0.0287977457047, -0.0138012589887, 0.00371798593551], [-0.000308587506879, -0.00117323629092, -0.0026923334226, 0.00226156041026, 0.00262515223585, -0.000273602199741, -0.00230902037583, 0.00289250095375, -0.00564113166183, 0.00514077488333, -0.0138012589887, 0.0243324618787, -0.0100868390873], [2.08857072721e-05, 0.00108037434984, 0.0018979460001, -0.00218879547901, -0.00218090042472, 0.00289586023428, 0.000451019121101, -0.00297259236686, 0.00198092311621, -0.00254663266242, 0.00371798593551, -0.0100868390873, 0.0172026548535]]}, "spectral_contrast_coeffs": {"dmean": [0.0487150624394, 0.0424916259944, 0.0352408401668, 0.027803292498, 0.0172268301249, 0.0120180407539], "dmean2": [0.0819451957941, 0.070964731276, 0.0581537894905, 0.0469026602805, 0.0294425431639, 0.0205186810344], "dvar": [0.00142660504207, 0.00110894779209, 0.000778004003223, 0.000485764088808, 0.000178766684257, 9.69035245362e-05], "dvar2": [0.00402589607984, 0.00309802824631, 0.00213651987724, 0.00135285488795, 0.000516602012794, 0.000274538615486], "max": [-0.209231138229, -0.388954043388, -0.408857166767, -0.540146946907, -0.676920592785, -0.64638543129], "mean": [-0.601458728313, -0.743560135365, -0.757775962353, -0.758069038391, -0.788674712181, -0.760333538055], "median": [-0.602304875851, -0.74477660656, -0.758629560471, -0.761411428452, -0.788985610008, -0.756187319756], "min": [-0.948374390602, -0.971397638321, -0.962228119373, -0.955733656883, -0.962711334229, -0.960568845272], "var": [0.0214054379612, 0.00395796308294, 0.00379504379816, 0.00398810114712, 0.00120506738313, 0.00122231803834]}, "spectral_contrast_valleys": {"dmean": [0.360777199268, 0.291728436947, 0.244938015938, 0.200772047043, 0.144327580929, 0.128768712282], "dmean2": [0.613077700138, 0.488627046347, 0.410746186972, 0.340355783701, 0.241898342967, 0.206114187837], "dvar": [0.119543872774, 0.0864320248365, 0.0710890293121, 0.0609872639179, 0.048984784