{"lowlevel": {"average_loudness": 0.968920528889, "barkbands_crest": {"dmean": 2.72495055199, "dmean2": 4.43559837341, "dvar": 6.15843391418, "dvar2": 15.7472887039, "max": 25.0938091278, "mean": 10.3932161331, "median": 9.74714660645, "min": 2.74484109879, "var": 14.5544509888}, "barkbands_flatness_db": {"dmean": 0.0216119494289, "dmean2": 0.0318930670619, "dvar": 0.000457641814137, "dvar2": 0.000924357911572, "max": 0.346630752087, "mean": 0.135090276599, "median": 0.128002539277, "min": 0.028831763193, "var": 0.00258518336341}, "barkbands_kurtosis": {"dmean": 3.84863781929, "dmean2": 6.1676363945, "dvar": 41.8131408691, "dvar2": 94.7058563232, "max": 145.356369019, "mean": 6.25950908661, "median": 4.49700593948, "min": -1.93314743042, "var": 62.0096702576}, "barkbands_skewness": {"dmean": 0.591762721539, "dmean2": 0.916665554047, "dvar": 0.499441325665, "dvar2": 1.13984382153, "max": 9.66334056854, "mean": 1.91929483414, "median": 1.85151386261, "min": -3.80163216591, "var": 1.1231315136}, "barkbands_spread": {"dmean": 5.3132891655, "dmean2": 7.98565101624, "dvar": 56.7259368896, "dvar2": 116.593215942, "max": 109.84979248, "mean": 18.0867099762, "median": 14.1238155365, "min": 1.10445582867, "var": 185.58291626}, "dissonance": {"dmean": 0.0212636943907, "dmean2": 0.0352434888482, "dvar": 0.00041277508717, "dvar2": 0.00107296300121, "max": 0.500000059605, "mean": 0.454034864902, "median": 0.460482358932, "min": 0.289212852716, "var": 0.00101678655483}, "dynamic_complexity": 2.88584136963, "erbbands_crest": {"dmean": 2.67666578293, "dmean2": 4.31031990051, "dvar": 6.92097902298, "dvar2": 16.815826416, "max": 30.2842197418, "mean": 8.88790893555, "median": 7.93701076508, "min": 2.26163363457, "var": 17.2654151917}, "erbbands_flatness_db": {"dmean": 0.0189484022558, "dmean2": 0.0258780904114, "dvar": 0.0004249078047, "dvar2": 0.000741711643059, "max": 0.384284466505, "mean": 0.141252726316, "median": 0.132136359811, "min": 0.0310193374753, "var": 0.00297547620721}, "erbbands_kurtosis": {"dmean": 1.05885612965, "dmean2": 1.66107678413, "dvar": 2.41024017334, "dvar2": 5.8849864006, "max": 23.2243919373, "mean": 0.917907059193, "median": 0.441634893417, "min": -1.76861810684, "var": 4.31234788895}, "erbbands_skewness": {"dmean": 0.359042912722, "dmean2": 0.546134531498, "dvar": 0.143177598715, "dvar2": 0.324168026447, "max": 4.35251188278, "mean": 0.78702455759, "median": 0.802893817425, "min": -2.85315918922, "var": 0.499829173088}, "erbbands_spread": {"dmean": 8.75070762634, "dmean2": 12.5854568481, "dvar": 110.754524231, "dvar2": 225.381439209, "max": 136.380340576, "mean": 38.5397949219, "median": 34.2586860657, "min": 4.80556869507, "var": 390.238342285}, "hfc": {"dmean": 6.30899524689, "dmean2": 8.6864566803, "dvar": 89.0559921265, "dvar2": 181.914886475, "max": 109.747039795, "mean": 15.166718483, "median": 11.0402450562, "min": 1.2054533507e-16, "var": 187.016891479}, "melbands_crest": {"dmean": 3.34584903717, "dmean2": 5.45662355423, "dvar": 9.08451652527, "dvar2": 22.7115402222, "max": 31.3749580383, "mean": 13.771730423, "median": 13.1584587097, "min": 1.55275833607, "var": 20.394908905}, "melbands_flatness_db": {"dmean": 0.0260128732771, "dmean2": 0.0388201847672, "dvar": 0.000742904958315, "dvar2": 0.00155911792535, "max": 0.433945268393, "mean": 0.215896934271, "median": 0.21498259902, "min": 0.000593437231146, "var": 0.00369043741375}, "melbands_kurtosis": {"dmean": 8.19540500641, "dmean2": 13.1209344864, "dvar": 219.949523926, "dvar2": 513.880737305, "max": 262.563110352, "mean": 14.6596689224, "median": 10.2198572159, "min": -1.70020854473, "var": 296.012084961}, "melbands_skewness": {"dmean": 0.777998209, "dmean2": 1.20524930954, "dvar": 0.91175866127, "dvar2": 2.11037778854, "max": 13.2829475403, "mean": 2.69157457352, "median": 2.45209240913, "min": -0.920952618122, "var": 1.96646511555}, "melbands_spread": {"dmean": 5.47637081146, "dmean2": 8.45035839081, "dvar": 146.977523804, "dvar2": 282.348144531, "max": 246.240493774, "mean": 16.8012294769, "median": 12.6086931229, "min": 0.803872346878, "var": 342.535369873}, "pitch_salience": {"dmean": 0.0724891498685, "dmean2": 0.119723804295, "dvar": 0.00461233174428, "dvar2": 0.0124235954136, "max": 0.986469864845, "mean": 0.55109256506, "median": 0.553962767124, "min": 0.132318243384, "var": 0.00947462953627}, "silence_rate_20dB": {"dmean": 0, "dmean2": 0, "dvar": 0, "dvar2": 0, "max": 1, "mean": 1, "median": 1, "min": 1, "var": 0}, "silence_rate_30dB": {"dmean": 0.00939849577844, "dmean2": 0.0187999382615, "dvar": 0.00930988788605, "dvar2": 0.0265922341496, "max": 1, "mean": 0.994675040245, "median": 1, "min": 0, "var": 0.00529659027234}, "silence_rate_60dB": {"dmean": 0.0272556394339, "dmean2": 0.0545198172331, "dvar": 0.0265140123665, "dvar2": 0.0603147819638, "max": 1, "mean": 0.0612372756004, "median": 0, "min": 0, "var": 0.0574904941022}, "spectral_centroid": {"dmean": 193.553970337, "dmean2": 295.810974121, "dvar": 87836.8984375, "dvar2": 181905.140625, "max": 11044.0527344, "mean": 952.723266602, "median": 771.137695312, "min": 235.702682495, "var": 375221.09375}, "spectral_complexity": {"dmean": 3.3458647728, "dmean2": 4.86855697632, "dvar": 17.0836753845, "dvar2": 33.4069786072, "max": 44, "mean": 15.593421936, "median": 15, "min": 0, "var": 51.3539047241}, "spectral_decrease": {"dmean": 3.97424892995e-09, "dmean2": 6.35783381497e-09, "dvar": 4.53851238097e-17, "dvar2": 1.13211737047e-16, "max": 4.72578752956e-20, "mean": -7.05124891809e-09, "median": -4.97597474336e-09, "min": -4.94283263208e-08, "var": 5.04946879367e-17}, "spectral_energy": {"dmean": 0.015456289053, "dmean2": 0.0246038176119, "dvar": 0.000677758536767, "dvar2": 0.00168593553826, "max": 0.192225530744, "mean": 0.0279886815697, "median": 0.0198911726475, "min": 1.0654601662e-20, "var": 0.000766970100813}, "spectral_energyband_high": {"dmean": 0.000386185885873, "dmean2": 0.000511169317178, "dvar": 4.71749103781e-07, "dvar2": 8.96791107152e-07, "max": 0.0134181361645, "mean": 0.000697897514328, "median": 0.000231196987443, "min": 7.77672398863e-21, "var": 1.11020028726e-06}, "spectral_energyband_low": {"dmean": 0.0071936333552, "dmean2": 0.0112264752388, "dvar": 0.000285473099211, "dvar2": 0.000661760452203, "max": 0.1514287889, "mean": 0.0103023927659, "median": 0.00472500454634, "min": 1.33473813659e-23, "var": 0.000308900227537}, "spectral_energyband_middle_high": {"dmean": 0.000822336995043, "dmean2": 0.00121151423082, "dvar": 1.3029460888e-06, "dvar2": 2.86561453322e-06, "max": 0.0203633122146, "mean": 0.00232390197925, "median": 0.00186475971714, "min": 1.47853788707e-21, "var": 3.5315445075e-06}, "spectral_energyband_middle_low": {"dmean": 0.00912891607732, "dmean2": 0.0152413407341, "dvar": 0.00034825282637, "dvar2": 0.000937665870879, "max": 0.172281488776, "mean": 0.0152457477525, "median": 0.0105763068423, "min": 2.35371910798e-22, "var": 0.000335311080562}, "spectral_entropy": {"dmean": 0.185268163681, "dmean2": 0.255229592323, "dvar": 0.0389428883791, "dvar2": 0.0698363780975, "max": 9.81600379944, "mean": 7.45706415176, "median": 7.51197767258, "min": 5.38078260422, "var": 0.252587348223}, "spectral_flux": {"dmean": 0.0376434549689, "dmean2": 0.0596248023212, "dvar": 0.00278687151149, "dvar2": 0.00602431735024, "max": 0.354681491852, "mean": 0.086016818881, "median": 0.0631239041686, "min": 6.65575303205e-11, "var": 0.00454195449129}, "spectral_kurtosis": {"dmean": 1.89613974094, "dmean2": 2.99099564552, "dvar": 13.2195672989, "dvar2": 36.8341369629, "max": 86.7279968262, "mean": 5.94283151627, "median": 4.55419445038, "min": -1.31745541096, "var": 40.3490447998}, "spectral_rms": {"dmean": 0.00122370640747, "dmean2": 0.00184553256258, "dvar": 2.95067616207e-06, "dvar2": 6.72988062433e-06, "max": 0.0136944185942, "mean": 0.00469424948096, "median": 0.00440522655845, "min": 3.22408636247e-12, "var": 5.26996382177e-06}, "spectral_rolloff": {"dmean": 409.59197998, "dmean2": 687.157836914, "dvar": 1233846, "dvar2": 2397234, "max": 19078.4179688, "mean": 1110.50280762, "median": 710.595703125, "min": 64.599609375, "var": 2819764.25}, "spectral_skewness": {"dmean": 0.243465945125, "dmean2": 0.362818926573, "dvar": 0.0932886973023, "dvar2": 0.228703290224, "max": 6.91309595108, "mean": 1.88874316216, "median": 1.82610213757, "min": -0.0118587771431, "var": 0.424984961748}, "spectral_spread": {"dmean": 667022.875, "dmean2": 846692.875, "dvar": 1039833694210.0, "dvar2": 1518593245180.0, "max": 49984540, "mean": 5295124.5, "median": 5058793.5, "min": 806609.8125, "var": 4174299267070.0}, "spectral_strongpeak": {"dmean": 0.347175776958, "dmean2": 0.586216151714, "dvar": 0.208883300424, "dvar2": 0.512524306774, "max": 6.16151762009, "mean": 0.658714413643, "median": 0.444519907236, "min": 0, "var": 0.336666971445}, "zerocrossingrate": {"dmean": 0.0123463869095, "dmean2": 0.0137818781659, "dvar": 0.000331177347107, "dvar2": 0.000366316788131, "max": 0.5263671875, "mean": 0.0549196712673, "median": 0.04150390625, "min": 0.0048828125, "var": 0.00193780462723}, "barkbands": {"dmean": [0.000607350841165, 0.00489566940814, 0.00205573183484, 0.00203520641662, 0.00487529067323, 0.00184535933658, 0.00134624051861, 0.00110652612057, 0.000443214608822, 0.000195799133508, 0.000172726722667, 0.000259500258835, 0.000144802499563, 0.000172307220055, 0.000131858949317, 8.36895414977e-05, 5.78407998546e-05, 4.15776303271e-05, 5.79106599616e-05, 8.14185332274e-05, 8.44778551254e-05, 7.15294590918e-05, 4.06347753596e-05, 4.93964798807e-05, 7.42850606912e-05, 5.34628998139e-05, 2.13936309592e-05], "dmean2": [0.00103545631282, 0.00759464502335, 0.0035248210188, 0.00363065698184, 0.0083930240944, 0.00301410933025, 0.00217439280823, 0.00171478651464, 0.000616664241534, 0.000305131077766, 0.000273513782304, 0.000401335593779, 0.000225212381338, 0.00027326066629, 0.000208220459172, 0.000128887826577, 9.27791916183e-05, 6.69129076414e-05, 9.15320342756e-05, 0.000122375349747, 0.000134251880809, 0.000108810250822, 5.72634198761e-05, 6.56628690194e-05, 9.76269802777e-05, 6.85138438712e-05, 3.07942427753e-05], "dvar": [3.285511184e-06, 0.000136453119921, 2.71729859378e-05, 2.57542506006e-05, 0.000148323961184, 9.22557137528e-06, 8.10218080005e-06, 6.9209695539e-06, 4.08402854646e-07, 1.03698241105e-07, 6.78195846149e-08, 1.87917166272e-07, 7.899528498e-08, 6.21287696845e-08, 3.72323434306e-08, 1.50109542574e-08, 1.06866675509e-08, 6.13757844548e-09, 2.00969179076e-08, 2.19819717984e-08, 2.57141010707e-08, 1.4861661235e-08, 9.76286163024e-09, 2.44492799339e-08, 3.16476977957e-08, 1.1565155944e-08, 1.00526582614e-08], "dvar2": [8.39748463477e-06, 0.000314994220389, 7.30775718694e-05, 7.175362407e-05, 0.000408688967582, 2.47191710514e-05, 2.09463851206e-05, 1.54023637151e-05, 9.03956106413e-07, 2.4119216846e-07, 1.58006557172e-07, 4.49370872957e-07, 1.83246655183e-07, 1.52582046553e-07, 9.31703141305e-08, 3.47951534252e-08, 2.52204728213e-08, 1.54737858082e-08, 5.00151280391e-08, 4.90900475825e-08, 6.4112427367e-08, 3.4728362408e-08, 1.78439272247e-08, 3.7024204147e-08, 5.8183545093e-08, 2.04581134255e-08, 1.88979321081e-08], "max": [0.01184293814, 0.108810886741, 0.0476227477193, 0.0504956133664, 0.102847203612, 0.0574933700264, 0.0385093875229, 0.0467102602124, 0.00969322770834, 0.00569834653288, 0.0061339456588, 0.00838472414762, 0.00580139458179, 0.00353756151162, 0.0022117192857, 0.00177908048499, 0.00202744663693, 0.00122945290059, 0.00336949829943, 0.00242211204022, 0.00239870627411, 0.00244800187647, 0.00255131861195, 0.00512323295698, 0.00464820722118, 0.00138629740104, 0.00289390026592], "mean": [0.000441614829469, 0.00684076501057, 0.00248454604298, 0.00194026774261, 0.00531983887777, 0.00317040225491, 0.00208925176412, 0.0016270786291, 0.000992651330307, 0.000332807394443, 0.000306822388666, 0.000482523348182, 0.000252382014878, 0.000325971341226, 0.00022449165408, 0.000144009187352, 0.000101267520222, 6.82142417645e-05, 8.70719595696e-05, 0.000129563326482, 0.000127312843688, 0.000125241043861, 7.4515286542e-05, 8.06930984254e-05, 0.000114532485895, 7.50117615098e-05, 2.98909762932e-05], "median": [1.70005241671e-05, 0.00252549303696, 0.000803803559393, 0.0005840525846, 0.00219936296344, 0.00184931827243, 0.00079936243128, 0.000553872436285, 0.000640379497781, 0.000161902848049, 0.000189327867702, 0.000259956461377, 0.000127162697027, 0.000220281624934, 0.000138734671054, 9.47803710005e-05, 6.18584817857e-05, 4.31293665315e-05, 3.95790557377e-05, 5.13572376803e-05, 4.29554966104e-05, 4.14041533077e-05, 2.7091235097e-05, 2.52023237408e-05, 2.76836090052e-05, 1.21998564282e-05, 1.22084873055e-06], "min": [3.39893658333e-24, 7.20176837242e-24, 2.93590086995e-24, 4.32169558316e-24, 4.6141083347e-23, 4.70364720289e-23, 1.54005149341e-23, 3.83876251005e-23, 5.25990047952e-23, 2.18512640589e-23, 6.74943900035e-23, 4.78254780845e-23, 6.64672426178e-23, 5.04243866476e-23, 2.1717648692e-22, 1.57236651775e-22, 1.43200241429e-22, 1.34485385775e-22, 1.9442044989e-22, 3.01289178525e-22, 3.10883292233e-22, 4.53947369959e-22, 5.86117644615e-22, 8.59825570077e-22, 1.2437567258e-21, 1.44932191226e-21, 2.25836018812e-21], "var": [2.47060847869e-06, 0.000151238898979, 2.37833319261e-05, 1.84030213859e-05, 0.000115584516607, 1.50749729073e-05, 1.20441000035e-05, 1.13539563245e-05, 1.19434639601e-06, 2.21060446393e-07, 1.70870123384e-07, 4.61182395384e-07, 1.60599867627e-07, 1.26369954501e-07, 6.65207906536e-08, 2.51131915263e-08, 1.69864158295e-08, 7.57536788853e-09, 2.46395508441e-08, 3.85625611443e-08, 4.46112267127e-08, 3.63393795055e-08, 2.09669526186e-08, 5.22827896532e-08, 6.35024974827e-08, 2.13150794792e-08, 1.78265278095e-08]}, "erbbands": {"dmean": [0.156801313162, 1.11726534367, 2.46367311478, 4.17571401596, 17.6440658569, 11.6696243286, 17.5955181122, 13.0305404663, 15.7041006088, 25.0128326416, 17.3574771881, 7.43886137009, 10.0120725632, 6.32253313065, 7.26001834869, 8.58445644379, 6.95025205612, 8.33317089081, 6.25614452362, 5.14201641083, 5.02395439148, 3.36283493042, 2.21683073044, 2.41213822365, 3.27244591713, 3.50422024727, 3.03242969513, 3.91509819031, 3.10170578957, 1.48365736008, 1.14957678318, 0.977168500423, 0.942958950996, 0.901766657829, 0.468597918749, 0.277743428946, 0.0901886597276, 0.0183321814984, 0.00424988241866, 0.000205505915801], "dmean2": [0.24219161272, 1.84421086311, 4.16483688354, 7.35715293884, 31.7506542206, 19.1877536774, 27.8816871643, 21.5046234131, 25.562620163, 40.3916511536, 26.5802268982, 10.9084596634, 14.1419773102, 9.97990226746, 11.3029432297, 13.3350133896, 10.7809076309, 13.2077302933, 9.95710277557, 8.03704071045, 7.64518928528, 5.3812584877, 3.55769681931, 3.80531144142, 5.11985683441, 5.28187417984, 4.57442998886, 6.20641374588, 4.7437338829, 2.1180062294, 1.62739896774, 1.33725380898, 1.25113987923, 1.22413527966, 0.602973043919, 0.351260066032, 0.117505803704, 0.0254539549351, 0.00620263395831, 0.000303829176119], "dvar": [0.154042050242, 7.46116495132, 38.3416519165, 78.1859512329, 2999.65673828, 534.974609375, 1015.15960693, 492.687042236, 823.064819336, 2943.13793945, 1291.15551758, 138.122207642, 202.605728149, 113.617706299, 115.446395874, 248.18132019, 171.034484863, 161.593139648, 99.7677764893, 51.8649711609, 56.0501937866, 33.9210662842, 17.9216213226, 40.7697181702, 66.3814086914, 46.5242652893, 26.0943927765, 58.9656715393, 28.325799942, 7.22570419312, 8.89937591553, 8.19151973724, 11.8419923782, 6.04109334946, 0.96318590641, 0.289530694485, 0.0361544154584, 0.00276258261874, 0.000483194773551, 1.71950409822e-06], "dvar2": [0.314833521843, 19.5809383392, 102.676239014, 216.937133789, 8404.8828125, 1388.18481445, 2644.74584961, 1322.6875, 2138.84082031, 7378.10742188, 2778.11157227, 324.265228271, 439.358215332, 275.789703369, 273.397155762, 611.081848145, 394.334259033, 397.111755371, 247.936294556, 124.353858948, 128.12802124, 80.2995910645, 44.342212677, 110.865631104, 160.356216431, 109.567207336, 59.1453285217, 148.552810669, 67.2362060547, 14.9865856171, 16.6610584259, 13.6404867172, 19.9172592163, 11.0108957291, 1.79807507992, 0.513330459595, 0.0666436254978, 0.0066141076386, 0.000941891339608, 3.30464422404e-06], "max": [2.84614443779, 26.3094863892, 57.2858085632, 71.6254119873, 505.561676025, 253.729156494, 555.93359375, 251.688323975, 401.818206787, 980.410217285, 538.794250488, 184.427627563, 274.286468506, 304.410644531, 259.452606201, 361.805419922, 265.760650635, 286.167175293, 129.657867432, 82.9882507324, 134.765563965, 131.40486145, 70.6301040649, 212.370437622, 204.83039856, 112.503631592, 82.2927474976, 120.020477295, 82.1269454956, 55.5495147705, 81.9597625732, 97.971244812, 124.829933167, 78.6347732544, 19.0196762085, 5.39220523834, 2.76928138733, 2.18314576149, 0.64119374752, 0.0379140153527], "mean": [0.184733197093, 1.53658390045, 3.29052066803, 4.28970479965, 15.0131568909, 14.9253311157, 27.3305187225, 22.1158370972, 25.4858512878, 37.7366142273, 27.6099529266, 16.0419883728, 22.7568149567, 11.8526029587, 15.5662384033, 15.8923559189, 12.848988533, 15.8448352814, 11.8736181259, 9.59813785553, 8.95289707184, 6.15395593643, 3.86594772339, 4.21653032303, 4.80955266953, 5.46646690369, 5.01360845566, 5.57369422913, 5.31396389008, 2.73107099533, 2.11215114594, 1.61747515202, 1.46818041801, 1.34512639046, 0.732929289341, 0.401017844677, 0.121538221836, 0.0249005947262, 0.00579433655366, 0.000311340932967], "median": [0.0401757247746, 0.646080732346, 1.38312923908, 1.77181768417, 2.74811196327, 6.62143182755, 13.5972518921, 13.3963003159, 11.3743228912, 16.6489887238, 11.3006029129, 11.5098152161, 16.1074085236, 6.70912599564, 9.71890449524, 9.46233177185, 7.26042604446, 11.2957677841, 7.56107521057, 6.37836360931, 5.77763652802, 3.98482394218, 2.49256229401, 2.13645625114, 2.24673199654, 2.15289163589, 1.9599313736, 1.53681385517, 1.52230000496, 1.07816922665, 0.775143027306, 0.514935314655, 0.438121587038, 0.335016697645, 0.171255901456, 0.0730143040419, 0.0169901065528, 0.00245929160155, 0.000240513341851, 4.00040516979e-05], "min": [3.89048149317e-22, 9.35356490019e-22, 3.51218666658e-21, 7.31241959443e-21, 2.32745198359e-20, 1.15348501114e-19, 4.71255651717e-19, 2.44587070772e-19, 2.22463763398e-19, 3.56327668547e-19, 1.06061863284e-18, 1.07995573741e-18, 5.97860710949e-19, 1.74120133415e-18, 2.61710267799e-18, 1.95759633189e-18, 2.23657602156e-18, 3.45628051135e-18, 7.35623630144e-18, 1.03301797326e-17, 9.09474330154e-18, 7.41998462971e-18, 8.41048047368e-18, 4.83087208929e-18, 8.96519275554e-18, 1.37523210525e-17, 1.20943706907e-17, 1.50330729191e-17, 1.63654772518e-17, 1.36303292829e-17, 1.47597360487e-17, 1.61012327507e-17, 1.17728753651e-17, 1.12040414558e-17, 8.10800533909e-18, 5.29692384438e-18, 2.53747868581e-18, 1.42381885395e-18, 2.95101258871e-19, 3.16919969909e-20], "var": [0.1804394871, 6.93154287338, 33.7265129089, 57.1175804138, 1964.11584473, 578.930175781, 1489.14929199, 731.708862305, 1344.74121094, 4477.08154297, 2269.59887695, 289.991821289, 584.395446777, 239.859100342, 375.521209717, 455.356109619, 344.269104004, 290.781036377, 187.510116577, 101.229225159, 97.9342880249, 54.8578834534, 22.8615894318, 50.6236381531, 76.1180114746, 77.5726623535, 50.3503684998, 98.6726150513, 69.9409255981, 16.5862998962, 18.8198165894, 16.3144226074, 22.3885135651, 12.1543245316, 1.9241989851, 0.561498343945, 0.061571996659, 0.00359971402213, 0.000802914670203, 2.80936183117e-06]}, "gfcc": {"mean": [-9.27729701996, 93.531829834, -95.4770355225, 16.3979110718, -59.972366333, 10.6861629486, -38.3952598572, 3.08659553528, -21.159122467, 9.4839220047, -16.4936332703, 0.87987434864, -7.81885719299], "cov": [[11020.8066406, -1305.6340332, 1036.625, 133.80418396, -84.6346130371, 338.828033447, -107.125610352, 175.706115723, -321.342041016, 260.293640137, -291.863342285, 231.826400757, -96.9555664062], [-1305.6340332, 1688.46008301, -458.340759277, -235.793304443, 115.656791687, -85.3803710938, 60.7334060669, -63.6632347107, 139.806747437, -78.8699035645, 62.3911552429, -108.970092773, 45.0251197815], [1036.625, -458.340759277, 724.035339355, 146.372512817, 138.490997314, 110.772880554, 53.1398963928, 64.7908477783, -4.76877832413, 92.6265563965, -0.524555206299, 109.210891724, 15.289814949], [133.80418396, -235.793304443, 146.372512817, 391.678924561, 15.8970937729, 111.865875244, 26.8727931976, 38.5938415527, -13.3996248245, 19.5798416138, 11.0860080719, 27.4598369598, 17.0436382294], [-84.6346130371, 115.656791687, 138.490997314, 15.8970937729, 220.760040283, 16.4479389191, 91.7736816406, 34.7726287842, 55.4177780151, 19.2410488129, 5.12316608429, 27.7376708984, 12.9245901108], [338.828033447, -85.3803710938, 110.772880554, 111.865875244, 16.4479389191, 196.314712524, 41.8326644897, 60.6016998291, -16.0731620789, 45.0550689697, 3.22861051559, 30.1504020691, 7.12987041473], [-107.125610352, 60.7334060669, 53.1398963928, 26.8727931976, 91.7736816406, 41.8326644897, 160.863861084, 49.2588310242, 39.7803535461, 31.6196098328, 15.9069213867, 17.1835308075, -1.67005515099], [175.706115723, -63.6632347107, 64.7908477783, 38.5938415527, 34.7726287842, 60.6016998291, 49.2588310242, 107.346343994, 33.4596710205, 46.2894439697, 17.4137973785, 18.4203548431, -1.83122313023], [-321.342041016, 139.806747437, -4.76877832413, -13.3996248245, 55.4177780151, -16.0731620789, 39.7803535461, 33.4596710205, 110.491851807, 17.7544879913, 29.2638511658, 1.46024894714, 12.5596971512], [260.293640137, -78.8699035645, 92.6265563965, 19.5798416138, 19.2410488129, 45.0550689697, 31.6196098328, 46.2894439697, 17.7544879913, 101.199508667, 26.3656635284, 36.6492805481, -1.09764754772], [-291.863342285, 62.3911552429, -0.524555206299, 11.0860080719, 5.12316608429, 3.22861051559, 15.9069213867, 17.4137973785, 29.2638511658, 26.3656635284, 98.8450012207, 22.1621875763, 15.1414709091], [231.826400757, -108.970092773, 109.210891724, 27.4598369598, 27.7376708984, 30.1504020691, 17.1835308075, 18.4203548431, 1.46024894714, 36.6492805481, 22.1621875763, 81.2153778076, 23.6218547821], [-96.9555664062, 45.0251197815, 15.289814949, 17.0436382294, 12.9245901108, 7.12987041473, -1.67005515099, -1.83122313023, 12.5596971512, -1.09764754772, 15.1414709091, 23.6218547821, 58.5787467957]], "icov": [[0.000146126563777, -3.5091983591e-05, -0.000160755647812, 3.52651077264e-05, 0.000118643656606, -3.2556217775e-05, 0.000140767675475, -0.00027095983387, 0.00032587556052, -0.000246601499384, 0.000482762407046, -0.000345209875377, 0.000213788633118], [-3.5091983591e-05, 0.00112890300807, 0.000627545872703, 0.000500921159983, -0.000909974623937, -0.000554194150027, -0.000257370265899, 0.0009804564761, -0.00097540236311, 0.000220217174501, -0.000857170613017, 0.00141647376586, -0.00108015933074], [-0.000160755647812, 0.000627545872703, 0.00270901503973, -0.000294737226795, -0.00191096600611, -0.000554062949959, 0.000230879377341, 0.000569579773583, -0.000320583087159, -0.000734765722882, -0.000267930037808, -0.00106332846917, -0.000303291133605], [3.52651077264e-05, 0.000500921159983, -0.000294737226795, 0.00347267067991, -0.000138910792884, -0.00183230591938, -0.000254762591794, 4.13302113884e-05, -5.77499522478e-05, 0.000697460374795, -0.00067023182055, 0.000760944501963, -0.00112056685612], [0.000118643656606, -0.000909974623937, -0.00191096600611, -0.000138910792884, 0.00829705037177, 0.000772952276748, -0.00325869931839, -0.000904053857084, -0.00183936662506, 0.000850741402246, 0.00192188331857, -0.00208624778315, 0.000143953118823], [-3.2556217775e-05, -0.000554194150027, -0.000554062949959, -0.00183230591938, 0.000772952276748, 0.00845267716795, -0.00115315360017, -0.00399840669706, 0.00296478229575, -0.00167635118123, 0.000919961603358, -0.000829784432426, -0.000877671409398], [0.000140767675475, -0.000257370265899, 0.000230879377341, -0.000254762591794, -0.00325869931839, -0.00115315360017, 0.00975368637592, -0.00231423089281, -0.000699570577126, -0.00105567078572, 7.16118374839e-05, -0.00110047112685, 0.0020652085077], [-0.00027095983387, 0.0009804564761, 0.000569579773583, 4.13302113884e-05, -0.000904053857084, -0.00399840669706, -0.00231423089281, 0.0166940651834, -0.00545748416334, -0.0031804589089, -0.00182103773113, 0.00163139752112, 0.000702622986864], [0.00032587556052, -0.00097540236311, -0.000320583087159, -5.77499522478e-05, -0.00183936662506, 0.00296478229575, -0.000699570577126, -0.00545748416334, 0.0153664276004, -0.00225780601613, -0.00114602420945, 0.00079635262955, -0.00211789179593], [-0.000246601499384, 0.000220217174501, -0.000734765722882, 0.000697460374795, 0.000850741402246, -0.00167635118123, -0.00105567078572, -0.0031804589089, -0.00225780601613, 0.0164180714637, -0.00338689540513, -0.00418788706884, 0.00265418551862], [0.000482762407046, -0.000857170613017, -0.000267930037808, -0.00067023182055, 0.00192188331857, 0.000919961603358, 7.16118374839e-05, -0.00182103773113, -0.00114602420945, -0.00338689540513, 0.0147518860176, -0.0048611392267, -0.000538649503142], [-0.000345209875377, 0.00141647376586, -0.00106332846917, 0.000760944501963, -0.00208624778315, -0.000829784432426, -0.00110047112685, 0.00163139752112, 0.00079635262955, -0.00418788706884, -0.0048611392267, 0.0231801811606, -0.00936314277351], [0.000213788633118, -0.00108015933074, -0.000303291133605, -0.00112056685612, 0.000143953118823, -0.000877671409398, 0.0020652085077, 0.000702622986864, -0.00211789179593, 0.00265418551862, -0.000538649503142, -0.00936314277351, 0.0232349652797]]}, "melbands": {"dmean": [0.00133727455977, 0.00135724048596, 0.00115109456237, 0.00114328635391, 0.000545620161574, 0.000296859303489, 0.000253904087003, 0.000282288150629, 0.00012004464952, 5.48888747289e-05, 5.06128453708e-05, 2.61653276539e-05, 2.23853912757e-05, 3.09122733597e-05, 1.90950850083e-05, 1.59808641911e-05, 1.64299017342e-05, 1.07021023723e-05, 1.13788155431e-05, 4.51400364909e-06, 6.41200404061e-06, 3.78905565412e-06, 2.59732291852e-06, 1.83752933935e-06, 2.09201334656e-06, 2.1132107122e-06, 2.79247274193e-06, 2.39969085669e-06, 2.24591599363e-06, 1.90282526091e-06, 2.45804562837e-06, 1.83079919225e-06, 1.2254347439e-06, 7.86539828823e-07, 6.8251341645e-07, 6.88647787683e-07, 6.01997044214e-07, 6.34552122847e-07, 8.21630294467e-07, 7.6502817592e-07], "dmean2": [0.00206814613193, 0.00226928014308, 0.00204932340421, 0.00198720558546, 0.000864445231855, 0.000488172809128, 0.000411298504332, 0.000450954714324, 0.000183949567145, 7.80848422437e-05, 7.16573413229e-05, 4.14098431065e-05, 3.51346534444e-05, 4.7510911827e-05, 2.97333426715e-05, 2.49130625889e-05, 2.61459554167e-05, 1.72350846697e-05, 1.77635774889e-05, 7.1693280006e-06, 9.79524156719e-06, 6.11224322711e-06, 4.14971691498e-06, 3.02292664855e-06, 3.32988474838e-06, 3.33383809448e-06, 4.33548257206e-06, 3.67110305888e-06, 3.46725073541e-06, 3.03313458971e-06, 4.00031012759e-06, 2.84570160147e-06, 1.84381292456e-06, 1.15577847737e-06, 9.91024421637e-07, 9.81275661616e-07, 8.40016753045e-07, 8.75561056546e-07, 1.10138171294e-06, 1.06986158244e-06], "dvar": [1.0441750419e-05, 1.17495437735e-05, 8.33015565149e-06, 9.87041312328e-06, 8.64383594035e-07, 2.33728471244e-07, 2.37294401018e-07, 3.63626213584e-07, 5.88768571674e-08, 6.38635277994e-09, 5.12607112313e-09, 1.94820670707e-09, 1.0564352726e-09, 2.62219379543e-09, 1.58852642151e-09, 8.58532522852e-10, 6.46966202833e-10, 3.30647315083e-10, 2.58316062984e-10, 5.68059869976e-11, 9.76357397708e-11, 4.44915944364e-11, 2.17324613166e-11, 1.26506791154e-11, 3.48621062574e-11, 4.18734422136e-11, 3.32671251657e-11, 2.01546175582e-11, 1.49297553487e-11, 1.66985349159e-11, 2.32956206409e-11, 1.01642817427e-11, 4.54758930166e-12, 2.16550952517e-12, 2.6009168777e-12, 4.95703565001e-12, 3.41931821399e-12, 7.25432821452e-12, 6.69398867933e-12, 3.71014850786e-12], "dvar2": [2.22050803131e-05, 3.1162679079e-05, 2.32589882216e-05, 2.7031497666e-05, 2.21450363824e-06, 6.26334497156e-07, 6.14449220393e-07, 8.87977023467e-07, 1.26386964894e-07, 1.44153275983e-08, 1.11015978632e-08, 4.70361838367e-09, 2.51852405597e-09, 6.13490591661e-09, 3.70892805357e-09, 2.03810079924e-09, 1.60946367345e-09, 8.13267675426e-10, 6.27065677161e-10, 1.36961775254e-10, 2.24711554919e-10, 1.08319200831e-10, 5.11092453082e-11, 3.30036067919e-11, 9.66518531875e-11, 1.04372128995e-10, 7.80159756242e-11, 4.7533334907e-11, 3.26244899151e-11, 4.39954357667e-11, 5.69585628662e-11, 2.45967031465e-11, 1.02841381244e-11, 4.5031955595e-12, 5.07614957013e-12, 9.45264613111e-12, 6.32071825435e-12, 1.29791680875e-11, 1.12293846097e-11, 7.21640412357e-12], "max": [0.0289355814457, 0.0316480472684, 0.0278500691056, 0.0267750956118, 0.0148405358195, 0.00608738558367, 0.0068900953047, 0.0103830993176, 0.00354218436405, 0.00133307522628, 0.0013632037444, 0.00119292456657, 0.000708230189048, 0.000851585762575, 0.000925690575968, 0.000731674255803, 0.000498441804666, 0.000291625125101, 0.000212468861719, 0.000153647735715, 0.000182552073966, 0.000136509173899, 9.45843785303e-05, 6.66999621899e-05, 0.000207464909181, 0.000191634928342, 0.000111308327178, 6.65847765049e-05, 5.05455282109e-05, 8.33719750517e-05, 4.99509696965e-05, 6.4833649958e-05, 4.79785740026e-05, 3.1744435546e-05, 4.50823608844e-05, 5.94158518652e-05, 7.36118818168e-05, 0.000110334578494, 7.49795217416e-05, 5.66868111491e-05], "mean": [0.00178226421122, 0.00189923774451, 0.00110963813495, 0.00110681785736, 0.000876436242834, 0.000519320077728, 0.000403559504775, 0.000428093160735, 0.000189370126463, 0.000119739801448, 0.00011389793508, 4.55547524325e-05, 4.51847590739e-05, 5.8391589846e-05, 3.12803022098e-05, 2.78324605461e-05, 2.95626432489e-05, 1.84913951671e-05, 1.93681753444e-05, 7.9106002886e-06, 1.07883997771e-05, 6.45293948764e-06, 4.12478220824e-06, 3.03233650811e-06, 3.49812398781e-06, 3.05478124574e-06, 4.0411377995e-06, 3.59303521691e-06, 3.40085534845e-06, 2.97727410725e-06, 3.22912546835e-06, 3.06647780235e-06, 2.12424583879e-06, 1.34876313496e-06, 1.23312122469e-06, 1.09218217403e-06, 9.42539770676e-07, 9.53964331529e-07, 1.18904836199e-06, 1.11592635221e-06], "median": [0.000569181283936, 0.000890597933903, 0.000373530056095, 0.000360372505384, 0.000475183594972, 0.000323796615703, 0.000175306980964, 0.000185700875591, 7.4301220593e-05, 8.10255805845e-05, 8.03288639872e-05, 2.35510578932e-05, 2.91824981105e-05, 3.08695489366e-05, 1.53593573486e-05, 1.72119143826e-05, 1.99535788852e-05, 1.03512511487e-05, 1.18231282613e-05, 5.1069591791e-06, 6.4579512582e-06, 4.0128738874e-06, 2.39520954892e-06, 1.91650883608e-06, 1.66613324382e-06, 1.48105664266e-06, 1.65957533227e-06, 1.2960508684e-06, 1.25936526274e-06, 9.94226752482e-07, 8.03725583864e-07, 8.25162828733e-07, 8.15412818156e-07, 5.09159690409e-07, 4.6170956125e-07, 3.25682520952e-07, 2.9406751878e-07, 2.97382086956e-07, 3.02981732148e-07, 2.66014808403e-07], "min": [2.68914557323e-24, 1.54652423519e-24, 2.1364071058e-24, 3.41776117111e-24, 1.60832677367e-23, 6.35901170129e-24, 3.23741553805e-24, 5.7389567746e-24, 7.53118169808e-24, 8.74585394272e-24, 2.43294307552e-24, 5.83093401184e-24, 9.61797674991e-24, 3.75543465932e-24, 2.66950885314e-24, 7.13501654034e-24, 5.02442471045e-24, 1.00821803719e-23, 1.40306485058e-23, 1.23546085942e-23, 1.01320403254e-23, 6.14186077662e-24, 1.00722446688e-23, 4.32479028449e-24, 3.33627262847e-24, 6.7739533263e-24, 6.67775252777e-24, 9.13366033031e-24, 6.88261418283e-24, 5.5779924679e-24, 9.8443940292e-24, 8.15351327735e-24, 9.16687531873e-24, 7.71790349662e-24, 6.76525929026e-24, 7.71133622959e-24, 1.05978903e-23, 9.43864421146e-24, 5.34870255162e-24, 8.9616578874e-24], "var": [1.22890915009e-05, 1.02015428638e-05, 5.75571402806e-06, 7.10090262146e-06, 1.35014249736e-06, 3.69619613139e-07, 3.59095480462e-07, 5.78843867061e-07, 1.03708778454e-07, 1.66730007578e-08, 1.50029606516e-08, 4.0032501758e-09, 2.90920110224e-09, 7.49421591451e-09, 2.93799717888e-09, 1.60399338256e-09, 1.13705256322e-09, 6.27220331229e-10, 4.96544638739e-10, 8.86665879607e-11, 1.6501809641e-10, 7.00149313526e-11, 3.0337784368e-11, 1.52582009527e-11, 4.21928637862e-11, 4.13419472267e-11, 4.82490887521e-11, 3.26113754057e-11, 2.41742684898e-11, 3.43856783325e-11, 3.23852750173e-11, 2.42466689088e-11, 1.01783000431e-11, 4.42724025843e-12, 5.52936732859e-12, 8.60929903757e-12, 5.8436320019e-12, 1.21466049025e-11, 1.37569200823e-11, 7.08682158096e-12]}, "mfcc": {"mean": [-659.275878906, 132.870040894, 16.074016571, 11.9944458008, -0.262833505869, 6.39639616013, -4.14607524872, -6.43709278107, 1.0254021883, -0.554336726665, 1.01998889446, -1.29672086239, 1.31287682056], "cov": [[7022.81787109, -609.998596191, 403.0340271, 338.610778809, 5.59030771255, 243.752487183, 148.783996582, 6.42232179642, 133.968719482, -34.0626754761, -10.3404140472, -2.77518320084, 20.9885005951], [-609.998596191, 1397.79602051, -238.944946289, -124.711654663, 20.6437358856, -14.2209501266, -44.9794616699, -0.495887964964, 15.7957515717, 12.3432607651, 60.9223403931, 3.3602912426, 21.8283081055], [403.0340271, -238.944946289, 378.542755127, 114.463737488, 74.7807159424, 79.321723938, 55.1543083191, 24.5633716583, 36.6032447815, 5.95245170593, 3.22700452805, 32.0172615051, 20.8875045776], [338.610778809, -124.711654663, 114.463737488, 242.910797119, 60.9133415222, 70.6112823486, 44.7764434814, 33.2873039246, 30.0306968689, 5.25710344315, -2.66956210136, 21.9043254852, 22.9980010986], [5.59030771255, 20.6437358856, 74.7807159424, 60.9133415222, 136.035354614, 30.1994419098, 14.8685064316, 26.0620594025, 27.3989810944, 12.406493187, 1.00212955475, 18.4705295563, 6.6386179924], [243.752487183, -14.2209501266, 79.321723938, 70.6112823486, 30.1994419098, 139.567077637, 62.0966720581, 35.614112854, 40.0792694092, -0.285830378532, 16.6269950867, 15.2161712646, 4.93568468094], [148.783996582, -44.9794616699, 55.1543083191, 44.7764434814, 14.8685064316, 62.0966720581, 125.604125977, 45.768989563, 27.1266422272, 23.2770767212, 22.6688575745, 18.8931598663, 26.1226043701], [6.42232179642, -0.495887964964, 24.5633716583, 33.2873039246, 26.0620594025, 35.614112854, 45.768989563, 90.4848327637, 40.4595489502, 22.8096370697, 16.7577495575, 13.9993591309, 12.0651197433], [133.968719482, 15.7957515717, 36.6032447815, 30.0306968689, 27.3989810944, 40.0792694092, 27.1266422272, 40.4595489502, 93.4572982788, 31.8617973328, 21.6684112549, 13.0641651154, 9.80504894257], [-34.0626754761, 12.3432607651, 5.95245170593, 5.25710344315, 12.406493187, -0.285830378532, 23.2770767212, 22.8096370697, 31.8617973328, 77.2460632324, 29.6782798767, 11.1510009766, 10.5913944244], [-10.3404140472, 60.9223403931, 3.22700452805, -2.66956210136, 1.00212955475, 16.6269950867, 22.6688575745, 16.7577495575, 21.6684112549, 29.6782798767, 68.4852676392, 34.2838134766, 24.6182422638], [-2.77518320084, 3.3602912426, 32.0172615051, 21.9043254852, 18.4705295563, 15.2161712646, 18.8931598663, 13.9993591309, 13.0641651154, 11.1510009766, 34.2838134766, 74.3028335571, 39.7986946106], [20.9885005951, 21.8283081055, 20.8875045776, 22.9980010986, 6.6386179924, 4.93568468094, 26.1226043701, 12.0651197433, 9.80504894257, 10.5913944244, 24.6182422638, 39.7986946106, 82.7640914917]], "icov": [[0.000171045045136, 4.20132491854e-05, -9.10227536224e-05, -0.000158601527801, 0.000133662659209, -0.000136874616146, -8.98304570001e-05, 0.000205199365155, -0.000262975139776, 0.00013737102563, -3.11283547489e-05, 0.000124815618619, -2.87184338958e-05], [4.20132491854e-05, 0.000930406618863, 0.000599724939093, 0.000345977605321, -0.000594377343077, -0.000392355374061, 0.000343780993717, 7.91398633737e-05, -0.000223427225137, 0.000220741290832, -0.000925771542825, 0.000414257752709, -0.000478114845464], [-9.10227536224e-05, 0.000599724939093, 0.00400259857997, -0.000535433238838, -0.0016522007063, -0.00118476781063, -0.000437791401055, 0.000589209259488, -0.000423603865784, 8.2076927356e-05, 0.000170789047843, -0.000750981620513, -0.000390989589505], [-0.000158601527801, 0.000345977605321, -0.000535433238838, 0.00607999926433, -0.00175065756775, -0.00198773830198, -1.70385355887e-05, -0.000757839530706, 0.000113341098768, -0.000354465853889, 0.00150378723629, -0.000502190960106, -0.00140443793498], [0.000133662659209, -0.000594377343077, -0.0016522007063, -0.00175065756775, 0.00997115019709, -0.000287270377157, 0.000649830384646, -0.00138140283525, -0.00118246045895, -0.00118099548854, 0.00227181240916, -0.00222313590348, 0.000924409832805], [-0.000136874616146, -0.000392355374061, -0.00118476781063, -0.00198773830198, -0.000287270377157, 0.0125918649137, -0.00473453151062, -0.000814059458207, -0.00323180132546, 0.00394812878221, -0.00244173593819, -0.000358441320714, 0.00265095941722], [-8.98304570001e-05, 0.000343780993717, -0.000437791401055, -1.70385355887e-05, 0.000649830384646, -0.00473453151062, 0.0131319332868, -0.0043408065103, 0.00156167417299, -0.00280808517709, -0.000961503654253, 0.000724555400666, -0.0031225241255], [0.000205199365155, 7.91398633737e-05, 0.000589209259488, -0.000757839530706, -0.00138140283525, -0.000814059458207, -0.0043408065103, 0.0166961494833, -0.0050211022608, -0.00109003577381, -0.000287193077384, -0.000441854179371, 0.00011672450637], [-0.000262975139776, -0.000223427225137, -0.000423603865784, 0.000113341098768, -0.00118246045895, -0.00323180132546, 0.00156167417299, -0.0050211022608, 0.0168035104871, -0.00526911998168, -0.00136724975891, 0.000294701138046, -0.000323777843732], [0.00013737102563, 0.000220741290832, 8.2076927356e-05, -0.000354465853889, -0.00118099548854, 0.00394812878221, -0.00280808517709, -0.00109003577381, -0.00526911998168, 0.0191440600902, -0.00763404602185, 0.00179115345236, 0.000473010528367], [-3.11283547489e-05, -0.000925771542825, 0.000170789047843, 0.00150378723629, 0.00227181240916, -0.00244173593819, -0.000961503654253, -0.000287193077384, -0.00136724975891, -0.00763404602185, 0.0256708525121, -0.00979816820472, -0.00168544077314], [0.000124815618619, 0.000414257752709, -0.000750981620513, -0.000502190960106, -0.00222313590348, -0.000358441320714, 0.000724555400666, -0.000441854179371, 0.000294701138046, 0.00179115345236, -0.00979816820472, 0.0230351090431, -0.00820294395089], [-2.87184338958e-05, -0.000478114845464, -0.000390989589505, -0.00140443793498, 0.000924409832805, 0.00265095941722, -0.0031225241255, 0.00011672450637, -0.000323777843732, 0.000473010528367, -0.00168544077314, -0.00820294395089, 0.017864851281]]}, "spectral_contrast_coeffs": {"dmean": [0.0564594976604, 0.0501553416252, 0.0349344015121, 0.0278487335891, 0.0200922526419, 0.0166611801833], "dmean2": [0.0895634070039, 0.080583922565, 0.054568823427, 0.0442494377494, 0.0321762748063, 0.0259817261249], "dvar": [0.00268656178378, 0.00171372573823, 0.000781826791354, 0.000517028383911, 0.000298499129713, 0.000238222273765], "dvar2": [0.00648318650201, 0.00440618908033, 0.00190702744294, 0.00120806402992, 0.000717821007129, 0.000557609833777], "max": [-0.268757551908, -0.435638338327, -0.481814920902, -0.57596218586, -0.647095620632, -0.643361449242], "mean": [-0.63602411747, -0.689920425415, -0.755134820938, -0.779701828957, -0.803121507168, -0.775641560555], "median": [-0.648390233517, -0.691742300987, -0.757626533508, -0.782937526703, -0.805070102215, -0.775528132915], "min": [-0.97510778904, -0.977050304413, -0.984469890594, -0.979726374149, -0.980747580528, -0.961853802204], "var": [0.00908446405083, 0.00555857177824, 0.00358159677126, 0.00223606592044, 0.00104996946175, 0.00107650074642]}, "spectral_contrast_valleys": {"dmean": [0.472787737846, 0.393330812454, 0.340924590826, 0.306893706322, 0.312800228596, 0.345126509666], "dmean2": [0.734606266022, 0.611149966717, 0.510452926159, 0.443518310785, 0.41251423955, 0.407292336226], "dvar": [0.267283976078, 0.179916039109, 0.133964017034, 0.128979951143, 0.158025607467, 0.197378128767], "dvar2": [0.47926568985, 0.33076736331, 0.229783415794, 0.204471349716, 0.257573097944, 0.296389102936], "max": [-4.8685669899, -4.62134742737, -