{"lowlevel": {"average_loudness": 0.893318235874, "barkbands_crest": {"dmean": 2.00486183167, "dmean2": 3.04778027534, "dvar": 4.12338256836, "dvar2": 8.65065574646, "max": 23.7971591949, "mean": 8.66052246094, "median": 7.8659901619, "min": 1.92278409004, "var": 14.4583969116}, "barkbands_flatness_db": {"dmean": 0.0266216341406, "dmean2": 0.0394389405847, "dvar": 0.00069230113877, "dvar2": 0.00156851345673, "max": 0.334508895874, "mean": 0.139167621732, "median": 0.12517029047, "min": 0.027425898239, "var": 0.00371458521113}, "barkbands_kurtosis": {"dmean": 1.89880406857, "dmean2": 2.99047231674, "dvar": 11.1879787445, "dvar2": 26.684223175, "max": 46.3569259644, "mean": 2.48284053802, "median": 0.902733564377, "min": -1.5918649435, "var": 22.8453540802}, "barkbands_skewness": {"dmean": 0.42556142807, "dmean2": 0.644963681698, "dvar": 0.219018727541, "dvar2": 0.466259002686, "max": 6.24709129333, "mean": 1.29506754875, "median": 1.14964723587, "min": -2.05480289459, "var": 0.880873739719}, "barkbands_spread": {"dmean": 5.43415117264, "dmean2": 8.54347991943, "dvar": 44.7986335754, "dvar2": 102.138320923, "max": 70.1312255859, "mean": 21.2358341217, "median": 19.9597511292, "min": 3.6387398243, "var": 113.02003479}, "dissonance": {"dmean": 0.0169252771884, "dmean2": 0.0277551021427, "dvar": 0.000208561716136, "dvar2": 0.000559577718377, "max": 0.499807566404, "mean": 0.464606225491, "median": 0.469020366669, "min": 0.374799281359, "var": 0.00047862358042}, "dynamic_complexity": 5.56748771667, "erbbands_crest": {"dmean": 2.48651909828, "dmean2": 3.62423729897, "dvar": 4.89459705353, "dvar2": 10.0375471115, "max": 25.4035205841, "mean": 9.63833236694, "median": 8.82701969147, "min": 2.63234472275, "var": 17.8349876404}, "erbbands_flatness_db": {"dmean": 0.022069696337, "dmean2": 0.0308686308563, "dvar": 0.000485819822643, "dvar2": 0.000975131697487, "max": 0.371027827263, "mean": 0.169179841876, "median": 0.151236429811, "min": 0.0802236050367, "var": 0.00464541139081}, "erbbands_kurtosis": {"dmean": 0.720719575882, "dmean2": 1.09190547466, "dvar": 0.621223509312, "dvar2": 1.49789631367, "max": 7.78743267059, "mean": 0.41951918602, "median": 0.0951685905457, "min": -1.45979213715, "var": 1.60425639153}, "erbbands_skewness": {"dmean": 0.293855547905, "dmean2": 0.429295390844, "dvar": 0.0685274600983, "dvar2": 0.150097608566, "max": 2.5158662796, "mean": 0.281607300043, "median": 0.279831320047, "min": -1.75566899776, "var": 0.357076346874}, "erbbands_spread": {"dmean": 7.66555547714, "dmean2": 11.3104381561, "dvar": 63.2527694702, "dvar2": 131.557510376, "max": 77.005355835, "mean": 32.9162521362, "median": 30.329284668, "min": 8.6898021698, "var": 203.462799072}, "hfc": {"dmean": 8.73007202148, "dmean2": 12.6460599899, "dvar": 215.760147095, "dvar2": 404.433227539, "max": 155.984741211, "mean": 20.4211483002, "median": 14.6354026794, "min": 1.16986261444e-16, "var": 502.298339844}, "melbands_crest": {"dmean": 2.95334720612, "dmean2": 4.62986326218, "dvar": 7.58283662796, "dvar2": 19.6700592041, "max": 34.0216751099, "mean": 13.4180355072, "median": 12.6104621887, "min": 1.00263941288, "var": 25.4305839539}, "melbands_flatness_db": {"dmean": 0.0314786173403, "dmean2": 0.0472830496728, "dvar": 0.00103142054286, "dvar2": 0.0022481053602, "max": 0.387645632029, "mean": 0.197047069669, "median": 0.197725743055, "min": -6.90292125682e-08, "var": 0.00377708137967}, "melbands_kurtosis": {"dmean": 4.43225622177, "dmean2": 6.86721515656, "dvar": 59.8048782349, "dvar2": 144.874526978, "max": 128.93270874, "mean": 8.27245998383, "median": 4.81034660339, "min": -1.20138132572, "var": 115.638870239}, "melbands_skewness": {"dmean": 0.564401268959, "dmean2": 0.851015090942, "dvar": 0.365568161011, "dvar2": 0.781448721886, "max": 9.24677085876, "mean": 2.17448282242, "median": 1.96418488026, "min": -0.173980131745, "var": 1.46812438965}, "melbands_spread": {"dmean": 6.46220588684, "dmean2": 10.0092525482, "dvar": 65.6136016846, "dvar2": 147.221603394, "max": 133.237014771, "mean": 23.3950405121, "median": 21.2708740234, "min": 2.32585453987, "var": 184.823455811}, "pitch_salience": {"dmean": 0.0676791518927, "dmean2": 0.106586664915, "dvar": 0.00406019389629, "dvar2": 0.00970232486725, "max": 0.995971918106, "mean": 0.529805660248, "median": 0.527385413647, "min": 0.173044368625, "var": 0.0106804566458}, "silence_rate_20dB": {"dmean": 0, "dmean2": 0, "dvar": 0, "dvar2": 0, "max": 1, "mean": 1, "median": 1, "min": 1, "var": 0}, "silence_rate_30dB": {"dmean": 0.0303490143269, "dmean2": 0.0607441142201, "dvar": 0.0294276680797, "dvar2": 0.058573346585, "max": 1, "mean": 0.956785440445, "median": 1, "min": 0, "var": 0.0413475334644}, "silence_rate_60dB": {"dmean": 0.00758725358173, "dmean2": 0.015186028555, "dvar": 0.00752976024523, "dvar2": 0.0179927852005, "max": 1, "mean": 0.134192571044, "median": 0, "min": 0, "var": 0.116185441613}, "spectral_centroid": {"dmean": 247.031433105, "dmean2": 385.817779541, "dvar": 134213.1875, "dvar2": 214712.375, "max": 11132.8066406, "mean": 1276.63195801, "median": 1209.75170898, "min": 300.507110596, "var": 296359.75}, "spectral_complexity": {"dmean": 4.47951459885, "dmean2": 6.53151082993, "dvar": 30.5880870819, "dvar2": 56.3706741333, "max": 62, "mean": 18.6565570831, "median": 18, "min": 0, "var": 128.475219727}, "spectral_decrease": {"dmean": 2.62751931324e-09, "dmean2": 3.73575304025e-09, "dvar": 2.2184527425e-17, "dvar2": 4.04455353725e-17, "max": -1.5287034327e-29, "mean": -7.72732011711e-09, "median": -5.5022506551e-09, "min": -5.8205557707e-08, "var": 6.9306922427e-17}, "spectral_energy": {"dmean": 0.01051740814, "dmean2": 0.0148413358256, "dvar": 0.000332713010721, "dvar2": 0.00060593924718, "max": 0.222568795085, "mean": 0.0310169514269, "median": 0.0224455036223, "min": 1.06686960441e-20, "var": 0.00104985735379}, "spectral_energyband_high": {"dmean": 0.000706378777977, "dmean2": 0.00106677238364, "dvar": 2.24923064707e-06, "dvar2": 4.00474800699e-06, "max": 0.0163820553571, "mean": 0.000968639855273, "median": 0.000196754932404, "min": 7.33099238412e-21, "var": 4.36227674072e-06}, "spectral_energyband_low": {"dmean": 0.00680526299402, "dmean2": 0.0099230427295, "dvar": 0.000249597855145, "dvar2": 0.00045372187742, "max": 0.207736909389, "mean": 0.0141081241891, "median": 0.0065549230203, "min": 5.69331138935e-23, "var": 0.000647406326607}, "spectral_energyband_middle_high": {"dmean": 0.00171595753636, "dmean2": 0.00259342812933, "dvar": 5.93991944697e-06, "dvar2": 1.28045257952e-05, "max": 0.0260786768049, "mean": 0.00477173458785, "median": 0.00405006064102, "min": 2.01953339472e-21, "var": 1.68027290783e-05}, "spectral_energyband_middle_low": {"dmean": 0.00456010876223, "dmean2": 0.00726807583123, "dvar": 5.80326814088e-05, "dvar2": 0.000136800590553, "max": 0.0691787004471, "mean": 0.012755908072, "median": 0.00886473525316, "min": 3.32786589557e-22, "var": 0.00016069522826}, "spectral_entropy": {"dmean": 0.218606203794, "dmean2": 0.325757354498, "dvar": 0.0568345561624, "dvar2": 0.119368799031, "max": 9.78839874268, "mean": 7.53435516357, "median": 7.53753852844, "min": 6.5060710907, "var": 0.204725563526}, "spectral_flux": {"dmean": 0.026120936498, "dmean2": 0.0381935872138, "dvar": 0.00130235706456, "dvar2": 0.00248821941204, "max": 0.399411588907, "mean": 0.0755927562714, "median": 0.0629440695047, "min": 1.03289377051e-10, "var": 0.00343038793653}, "spectral_kurtosis": {"dmean": 2.06349635124, "dmean2": 3.4062962532, "dvar": 4.97376537323, "dvar2": 14.2641401291, "max": 20.5989074707, "mean": 4.8952832222, "median": 4.34432458878, "min": -1.21300828457, "var": 9.42640781403}, "spectral_rms": {"dmean": 0.000795736676082, "dmean2": 0.00111381534953, "dvar": 1.21413086163e-06, "dvar2": 2.21110235543e-06, "max": 0.0147356810048, "mean": 0.00477747106925, "median": 0.00467953551561, "min": 3.22621812078e-12, "var": 7.43617783883e-06}, "spectral_rolloff": {"dmean": 440.90814209, "dmean2": 716.825805664, "dvar": 708613.8125, "dvar2": 1257236.625, "max": 18776.953125, "mean": 1428.94311523, "median": 1313.52539062, "min": 64.599609375, "var": 1868647}, "spectral_skewness": {"dmean": 0.250743806362, "dmean2": 0.406699448824, "dvar": 0.0532907769084, "dvar2": 0.139274209738, "max": 3.00465559959, "mean": 1.6060628891, "median": 1.59427964687, "min": -0.0328884869814, "var": 0.145424723625}, "spectral_spread": {"dmean": 792128.0625, "dmean2": 1154630.75, "dvar": 1605183995900.0, "dvar2": 2200131600380.0, "max": 40277848, "mean": 4453202, "median": 4386702.5, "min": 1802308.125, "var": 3071428263940.0}, "spectral_strongpeak": {"dmean": 0.386993646622, "dmean2": 0.663947761059, "dvar": 0.376450538635, "dvar2": 0.903074502945, "max": 4.63536453247, "mean": 0.689492821693, "median": 0.345964282751, "min": 0, "var": 0.678494572639}, "zerocrossingrate": {"dmean": 0.0104854507372, "dmean2": 0.0126133766025, "dvar": 0.00021090132941, "dvar2": 0.000180990740773, "max": 0.49658203125, "mean": 0.05800107494, "median": 0.05322265625, "min": 0.0068359375, "var": 0.0013292778749}, "barkbands": {"dmean": [0.000302926753648, 0.00458882143721, 0.00267818709835, 0.00184834201355, 0.00180641235784, 0.00100601650774, 0.00046820830903, 0.000727011356503, 0.000757675385103, 0.000550501514226, 0.000237283631577, 0.000325661560055, 0.000272152828984, 0.000258150452282, 0.000334145937813, 0.000382495170925, 0.000315364159178, 0.000127303792397, 0.000108924868982, 0.000126184531837, 0.000138931107358, 0.000138052550028, 0.000150509542436, 0.000136768823722, 8.65208785399e-05, 3.05868597934e-05, 1.24849520944e-06], "dmean2": [0.000352294417098, 0.00653878366575, 0.00447070924565, 0.00313586043194, 0.00299253966659, 0.00168056227267, 0.000723529316019, 0.000967742118519, 0.00103978044353, 0.000767977442592, 0.000379615550628, 0.000497782777529, 0.000416674389271, 0.000403911748435, 0.00051330239512, 0.000629208167084, 0.000520515663084, 0.000195525048184, 0.00016808527289, 0.000182214425877, 0.000207990451599, 0.000205629577977, 0.000242003050516, 0.000214677696931, 0.000136380025651, 4.97938490298e-05, 2.08999199458e-06], "dvar": [1.10109920115e-06, 0.000177079753485, 3.5420016502e-05, 1.78657519427e-05, 1.23398403957e-05, 6.61075591779e-06, 6.75090973346e-07, 2.1040430056e-06, 1.72456896053e-06, 1.12912869099e-06, 2.30265357004e-07, 3.67536188151e-07, 1.70706599079e-07, 1.25664783468e-07, 2.44834495788e-07, 4.73534385037e-07, 2.09354809044e-07, 3.89577898829e-08, 3.22859179391e-08, 6.77139055938e-08, 9.09455977194e-08, 9.79357608344e-08, 1.00887447729e-07, 9.40181266174e-08, 3.66029588861e-08, 2.90945045833e-09, 1.69413233442e-11], "dvar2": [1.54398946961e-06, 0.000308442889946, 9.73662099568e-05, 4.84243391838e-05, 3.13821692544e-05, 1.2442363186e-05, 1.49437209984e-06, 3.5254120121e-06, 2.80187714452e-06, 1.98773477678e-06, 5.80671951411e-07, 8.32642626847e-07, 4.1933628836e-07, 2.88966134576e-07, 4.69264563208e-07, 1.16362321023e-06, 5.3121914334e-07, 8.32752391489e-08, 6.13037371977e-08, 1.189171428e-07, 1.74690924837e-07, 1.58217659418e-07, 2.11524408655e-07, 2.02395554538e-07, 7.73612782723e-08, 6.55619869505e-09, 4.6717903851e-11], "max": [0.0133190443739, 0.159900516272, 0.0603432655334, 0.0463458895683, 0.0379667319357, 0.0472114868462, 0.011672376655, 0.0243460647762, 0.0239769890904, 0.0219942890108, 0.00613929284737, 0.00802184455097, 0.00446357950568, 0.0040591605939, 0.00634193234146, 0.00643161358312, 0.00402655638754, 0.00252725160681, 0.00258338428102, 0.00347032863647, 0.00347292912193, 0.00354235759005, 0.00309305032715, 0.00341289443895, 0.00203485693783, 0.00048473716015, 5.83254222875e-05], "mean": [0.000473227293696, 0.00822173431516, 0.00423266924918, 0.00209588301368, 0.0031392457895, 0.00240437756293, 0.000991237116978, 0.00155209016521, 0.00177584064659, 0.00115434452891, 0.000393748370698, 0.000604700937402, 0.000541587127373, 0.000518829619978, 0.000534326769412, 0.000467589357868, 0.000475268607261, 0.000204409807338, 0.000184998265468, 0.000182549541933, 0.000184689211892, 0.000187045661733, 0.00021288296557, 0.000153082335601, 9.87885287032e-05, 3.07221307594e-05, 1.10332848635e-06], "median": [3.99805940106e-05, 0.00235461047851, 0.00236918544397, 0.000531856436282, 0.00149049924221, 0.000887292029802, 0.000438433227828, 0.00041314738337, 0.000761785137001, 0.000336663069902, 8.34836318973e-05, 0.000261761888396, 0.000241920366534, 0.000299209204968, 0.000267697148956, 0.000212941420614, 0.000277997576632, 0.000101410711068, 9.23438783502e-05, 6.47203269182e-05, 5.72964891035e-05, 3.66749627574e-05, 2.77629569609e-05, 1.62425712915e-05, 1.38934383358e-05, 5.13785334988e-06, 1.97404887103e-07], "min": [2.1465932328e-23, 2.59219472575e-23, 2.41905663867e-23, 1.32496446552e-24, 9.63832273483e-23, 9.30044414279e-23, 4.20456804031e-23, 5.81526865421e-23, 2.21203019152e-23, 1.95423123655e-22, 1.6505827707e-22, 8.52319905663e-23, 1.67001007976e-22, 6.14344678147e-23, 1.33623533148e-22, 2.38821668956e-22, 1.91853370287e-22, 3.97286154331e-22, 2.29166541591e-22, 2.74782871508e-22, 2.90955883217e-22, 5.44487498271e-22, 5.11808159033e-22, 8.15459729845e-22, 9.98284517652e-22, 1.39635488808e-21, 2.95730276413e-21], "var": [2.59962348537e-06, 0.000405360333389, 3.79428238375e-05, 1.72322506842e-05, 2.41310299316e-05, 3.51118360413e-05, 2.3422655886e-06, 7.99906592874e-06, 7.822126463e-06, 5.09242363478e-06, 5.41234044249e-07, 7.65633728861e-07, 5.26007511326e-07, 3.8767842625e-07, 5.53893642063e-07, 5.18319211551e-07, 3.32277807047e-07, 8.15564291656e-08, 7.53081366156e-08, 1.31744357645e-07, 1.57449761673e-07, 2.00210322987e-07, 2.12718191506e-07, 1.3632816831e-07, 5.54357519889e-08, 3.74512731938e-09, 1.13133955329e-11]}, "erbbands": {"dmean": [0.169488638639, 1.11678564548, 3.20387554169, 4.57256364822, 5.40488052368, 7.1466345787, 6.46170949936, 8.80009174347, 7.71995258331, 4.84717464447, 19.3326416016, 14.3334379196, 23.9390182495, 9.40328121185, 10.3234052658, 13.1685018539, 10.5090389252, 14.6367168427, 12.7428884506, 22.0766868591, 20.1887454987, 13.6261882782, 8.17621421814, 4.6183052063, 6.38716650009, 6.13053560257, 6.02874183655, 4.93639326096, 4.70944690704, 4.87357854843, 4.38868570328, 3.25990080833, 2.07108664513, 1.20509207249, 0.501727342606, 0.208788603544, 0.0437763147056, 0.00352373393252, 0.00028375981492, 2.1134803319e-05], "dmean2": [0.203862264752, 1.72114038467, 5.46092271805, 7.46827602386, 9.19404792786, 12.0808763504, 10.7037734985, 14.8163738251, 12.3889169693, 7.40169048309, 25.7915115356, 19.8907051086, 32.7437820435, 14.2468757629, 16.1863822937, 20.0967845917, 16.1376876831, 22.795425415, 18.7353954315, 36.2625465393, 32.1424484253, 21.9363155365, 12.8837556839, 6.85365819931, 10.1661653519, 8.8404045105, 9.2939043045, 7.2748336792, 6.94300699234, 7.65564918518, 7.06964969635, 5.08574676514, 3.25750398636, 1.89274513721, 0.809729337692, 0.337706744671, 0.0723410993814, 0.0057271271944, 0.000475230219308, 3.15134166158e-05], "dvar": [0.278109163046, 11.264093399, 63.0164489746, 96.0968704224, 114.601974487, 229.280044556, 227.864730835, 422.460968018, 166.726928711, 62.7558670044, 1392.39758301, 585.726928711, 1878.23522949, 431.039123535, 392.201263428, 495.18862915, 246.375991821, 450.0105896, 316.006561279, 1394.77868652, 1160.71875, 452.611450195, 157.803070068, 53.7041091919, 134.787872314, 156.994293213, 208.184677124, 95.0695037842, 123.327178955, 119.757797241, 84.0250167847, 52.7264328003, 21.2549152374, 8.25529670715, 0.904645740986, 0.142284363508, 0.00712373526767, 5.54792350158e-05, 8.34381353343e-07, 1.37704747605e-09], "dvar2": [0.407410681248, 25.1312999725, 175.542007446, 258.961669922, 291.106323242, 604.61126709, 510.70803833, 787.116577148, 373.289031982, 144.541107178, 2265.27734375, 1062.32189941, 3313.75854492, 900.212585449, 980.919494629, 1150.02661133, 569.746276855, 1164.71142578, 596.812805176, 3312.81689453, 2674.91259766, 1099.89538574, 350.94543457, 103.08240509, 274.057861328, 270.376800537, 405.642974854, 169.923370361, 202.459228516, 246.679214478, 177.341110229, 111.77154541, 45.5276527405, 17.792634964, 1.84997618198, 0.314950227737, 0.0177012868226, 0.00014293048298, 2.29387273976e-06, 3.20126325448e-09], "max": [6.46624517441, 43.7749137878, 76.1471633911, 88.6951828003, 96.2976760864, 180.600250244, 217.314239502, 371.327575684, 185.781097412, 127.831375122, 667.456665039, 462.445922852, 852.849487305, 424.939361572, 279.762145996, 254.090042114, 211.026412964, 272.610809326, 200.872848511, 334.488739014, 426.941223145, 205.201416016, 137.962036133, 135.634262085, 140.343963623, 154.256759644, 162.275543213, 114.770515442, 135.229324341, 107.858879089, 87.4779968262, 92.2657012939, 54.452003479, 31.0062675476, 9.25736236572, 3.56082487106, 0.817210972309, 0.0831481814384, 0.0131613239646, 0.00040202960372], "mean": [0.286380529404, 1.64543652534, 4.86158704758, 6.19063329697, 8.514544487, 11.3996019363, 13.4912118912, 19.7516078949, 17.3521003723, 10.3736915588, 43.6865348816, 36.854019165, 56.7801475525, 19.2759513855, 19.5289154053, 25.8464298248, 22.5578594208, 30.8107891083, 23.3011493683, 30.6039142609, 28.292224884, 20.4306735992, 13.6487941742, 8.23980426788, 10.5691671371, 8.95604228973, 8.27854442596, 6.46721982956, 6.36612892151, 6.34432888031, 6.37057638168, 3.84801602364, 2.26961183548, 1.33160567284, 0.582137823105, 0.213507771492, 0.0429762341082, 0.00341378920712, 0.000264490401605, 4.66287056042e-05], "median": [0.0378505289555, 0.608484089375, 2.80777573586, 2.7045545578, 3.24788975716, 5.1159029007, 5.34730625153, 7.4790353775, 7.6609210968, 6.10615301132, 14.4107208252, 19.7272281647, 20.0500335693, 9.4182844162, 7.68666219711, 14.350479126, 11.968000412, 17.5612297058, 12.9169511795, 14.1128177643, 15.330578804, 11.4145746231, 7.53091621399, 4.6427898407, 5.10403823853, 3.28235173225, 2.79293441772, 1.73391151428, 1.25592875481, 0.910681009293, 0.800913631916, 0.419232040644, 0.230587914586, 0.178741306067, 0.0907694324851, 0.0283899717033, 0.00846671592444, 0.000766235752963, 6.87295469106e-05, 3.15103316098e-05], "min": [4.35440617391e-22, 7.36522182873e-21, 2.76486412216e-20, 1.44126253565e-20, 9.50109409725e-20, 5.09118913678e-19, 4.89016511938e-19, 7.71963463232e-19, 6.61303034089e-19, 1.07725912862e-18, 8.15467631682e-19, 6.27053000441e-19, 2.26154757028e-18, 9.02545203599e-18, 5.5891535199e-18, 4.34810135966e-18, 7.18955113621e-18, 4.10903127339e-18, 4.24432948387e-18, 1.24564218546e-17, 1.14395257142e-17, 1.2960313814e-17, 1.86298328935e-17, 1.8746122907e-17, 9.27532344671e-18, 1.43386630666e-17, 1.24631575863e-17, 1.21066543228e-17, 1.81124066049e-17, 1.88915032084e-17, 1.44416586334e-17, 1.46587505308e-17, 1.44444015643e-17, 1.16363657486e-17, 6.85339775656e-18, 4.167115896e-18, 2.75394544147e-18, 1.32868822383e-18, 4.45278354773e-19, 4.31050667291e-20], "var": [0.74531006813, 15.0239486694, 59.0678253174, 108.189682007, 166.862564087, 405.660064697, 758.738220215, 2329.15527344, 629.148742676, 158.381820679, 5658.375, 2686.6953125, 9144.5, 1255.41809082, 825.421630859, 1028.51831055, 863.275878906, 1391.11547852, 857.550720215, 1885.98327637, 1566.84619141, 675.621459961, 311.867004395, 132.547637939, 273.822601318, 313.552185059, 336.858978271, 185.314285278, 248.160720825, 204.244293213, 201.289474487, 81.1045455933, 30.4290618896, 11.3679695129, 1.57649981976, 0.197599947453, 0.00735798478127, 5.02747097926e-05, 5.61635204122e-07, 2.31086927371e-09]}, "gfcc": {"mean": [-38.8693962097, 97.6567382812, -132.906661987, 23.8573722839, -57.0283966064, 10.7738904953, -37.4620513916, 5.0675778389, -19.9998168945, 2.32772159576, -17.0515003204, -3.21154761314, -10.1209230423], "cov": [[33149.1835938, 643.328979492, 5256.10351562, 3259.40014648, 535.178405762, 3423.60351562, -872.084777832, 2227.61938477, 175.946975708, -4.19242811203, -1191.28381348, 237.394210815, -66.356918335], [643.328979492, 1273.88366699, -169.204101562, 68.4440994263, 295.671386719, -166.247512817, 187.503799438, -103.689376831, 102.90222168, -105.66078186, 106.686050415, -90.7794036865, 68.6715698242], [5256.10351562, -169.204101562, 2218.27099609, 874.836120605, 436.912078857, 1162.94470215, -126.017745972, 673.690490723, 12.1801071167, 128.574539185, -223.927749634, 155.604980469, -52.5374031067], [3259.40014648, 68.4440994263, 874.836120605, 547.648986816, 175.834121704, 501.939208984, -48.270740509, 286.132080078, 38.7444801331, 21.1255149841, -124.966560364, 14.6979780197, -17.7786159515], [535.178405762, 295.671386719, 436.912078857, 175.834121704, 403.609954834, 247.852615356, 63.7492713928, 70.9812774658, 19.4293403625, 45.0816192627, 23.8135681152, 35.9822616577, 4.94748878479], [3423.60351562, -166.247512817, 1162.94470215, 501.939208984, 247.852615356, 800.931152344, -76.806022644, 399.290130615, -22.3493747711, 107.278785706, -105.365104675, 106.742248535, -38.8312606812], [-872.084777832, 187.503799438, -126.017745972, -48.270740509, 63.7492713928, -76.806022644, 169.923721313, -8.52993774414, 38.834651947, -5.86881685257, 47.4771652222, -23.1146602631, 18.3657226562], [2227.61938477, -103.689376831, 673.690490723, 286.132080078, 70.9812774658, 399.290130615, -8.52993774414, 368.057128906, 62.2655105591, 61.7373504639, -104.899223328, 48.706489563, -8.17638111115], [175.946975708, 102.90222168, 12.1801071167, 38.7444801331, 19.4293403625, -22.3493747711, 38.834651947, 62.2655105591, 133.060028076, 22.5845718384, -4.85857200623, -18.5649166107, 24.802854538], [-4.19242811203, -105.66078186, 128.574539185, 21.1255149841, 45.0816192627, 107.278785706, -5.86881685257, 61.7373504639, 22.5845718384, 109.273010254, 26.8311576843, 31.5629272461, -11.7702665329], [-1191.28381348, 106.686050415, -223.927749634, -124.966560364, 23.8135681152, -105.365104675, 47.4771652222, -104.899223328, -4.85857200623, 26.8311576843, 132.150115967, 18.2277469635, 11.5260591507], [237.394210815, -90.7794036865, 155.604980469, 14.6979780197, 35.9822616577, 106.742248535, -23.1146602631, 48.706489563, -18.5649166107, 31.5629272461, 18.2277469635, 92.4336242676, 18.9220981598], [-66.356918335, 68.6715698242, -52.5374031067, -17.7786159515, 4.94748878479, -38.8312606812, 18.3657226562, -8.17638111115, 24.802854538, -11.7702665329, 11.5260591507, 18.9220981598, 63.7148017883]], "icov": [[0.000204572512303, -0.000476191926282, 0.000349787063897, -0.000699929427356, 0.000307487207465, -0.000566074624658, 0.000831957964692, -0.000512088357937, 4.85415330331e-05, -2.09026638913e-05, 0.00103441288229, -0.000673484930303, 0.000135142894578], [-0.000476191926282, 0.00304448744282, -0.000624942127615, 0.000770584447309, -0.00241891876794, 0.00187697133515, -0.00201599346474, 0.000477156921988, -0.000695807102602, 0.00248087081127, -0.00491924537346, 0.0034533329308, -0.00150998227764], [0.000349787063897, -0.000624942127615, 0.00361757841893, -0.00298596220091, -0.000988954445347, -0.00239375466481, 0.002242683433, -0.00284343818203, 0.000417323695729, 0.000433389010141, 0.00237282179296, -0.00267112744041, 0.00107581890188], [-0.000699929427356, 0.000770584447309, -0.00298596220091, 0.0103374617174, -0.000397793482989, -0.00177790899761, -0.0022047823295, 0.00273882225156, -0.00261048367247, 0.00166826543864, -0.00170041341335, 0.0056475601159, -0.00124801252969], [0.000307487207465, -0.00241891876794, -0.000988954445347, -0.000397793482989, 0.00691395252943, -0.00280450144783, -0.00155205419287, 0.00311429356225, -0.000779879919719, -0.00270850723609, 0.00308030750602, -0.00290379836224, 0.000710200867616], [-0.000566074624658, 0.00187697133515, -0.00239375466481, -0.00177790899761, -0.00280450144783, 0.0107966130599, -0.00128035643138, -0.00310955150053, 0.00430858321488, -0.00256045022979, -0.00461955415085, 0.000134704067023, 0.000330805574777], [0.000831957964692, -0.00201599346474, 0.002242683433, -0.0022047823295, -0.00155205419287, -0.00128035643138, 0.0135247800499, -0.00661667017266, 5.94218836341e-05, 0.00190882303286, -0.00045228539966, 0.00107247487176, -0.00104127067607], [-0.000512088357937, 0.000477156921988, -0.00284343818203, 0.00273882225156, 0.00311429356225, -0.00310955150053, -0.00661667017266, 0.0146084241569, -0.00589490169659, -0.00275023910217, 0.00427239062265, -0.00205745920539, 0.000641814607661], [4.85415330331e-05, -0.000695807102602, 0.000417323695729, -0.00261048367247, -0.000779879919719, 0.00430858321488, 5.94218836341e-05, -0.00589490169659, 0.0147914569825, -0.0058509032242, -0.000154353896505, 0.00348197785206, -0.00551600009203], [-2.09026638913e-05, 0.00248087081127, 0.000433389010141, 0.00166826543864, -0.00270850723609, -0.00256045022979, 0.00190882303286, -0.00275023910217, -0.0058509032242, 0.0195280835032, -0.00885191000998, 0.000689283828251, 0.00315565476194], [0.00103441288229, -0.00491924537346, 0.00237282179296, -0.00170041341335, 0.00308030750602, -0.00461955415085, -0.00045228539966, 0.00427239062265, -0.000154353896505, -0.00885191000998, 0.0258071590215, -0.0121198408306, 0.00284105190076], [-0.000673484930303, 0.0034533329308, -0.00267112744041, 0.0056475601159, -0.00290379836224, 0.000134704067023, 0.00107247487176, -0.00205745920539, 0.00348197785206, 0.000689283828251, -0.0121198408306, 0.0272680781782, -0.012449410744], [0.000135142894578, -0.00150998227764, 0.00107581890188, -0.00124801252969, 0.000710200867616, 0.000330805574777, -0.00104127067607, 0.000641814607661, -0.00551600009203, 0.00315565476194, 0.00284105190076, -0.012449410744, 0.02444447577]]}, "melbands": {"dmean": [0.00132647156715, 0.00155180913862, 0.000784036586992, 0.00044961067033, 0.000240924622631, 0.00019513265579, 0.000115526789159, 6.20221690042e-05, 0.000155386660481, 9.72852503764e-05, 0.000119699310744, 3.75187300961e-05, 3.70404741261e-05, 3.92059337173e-05, 2.53760226769e-05, 2.68106014119e-05, 2.74908761639e-05, 1.98012785404e-05, 2.52534373431e-05, 3.05105313601e-05, 2.51355704677e-05, 1.56078185682e-05, 1.2296969544e-05, 6.4395139816e-06, 3.49982974512e-06, 4.7434091357e-06, 4.28895145888e-06, 4.36893333244e-06, 3.8820789996e-06, 3.46248111782e-06, 2.75269781014e-06, 2.65774247055e-06, 2.80483459392e-06, 2.76378773378e-06, 2.76469154414e-06, 2.17590695684e-06, 2.0055870209e-06, 1.48042533965e-06, 1.21886898796e-06, 9.83931386145e-07], "dmean2": [0.00168595067225, 0.002566318959, 0.00128947768826, 0.000744546530768, 0.000400550634367, 0.000328474357957, 0.000185067416169, 9.14171687327e-05, 0.0002104932355, 0.000133744120831, 0.000164119410329, 5.72740609641e-05, 5.83593682677e-05, 5.9799367591e-05, 3.94763410441e-05, 4.17370174546e-05, 4.28544226452e-05, 2.91260839731e-05, 3.94475282519e-05, 5.12476435688e-05, 4.04980637541e-05, 2.54199694609e-05, 2.03996660275e-05, 9.96488961391e-06, 5.25092900716e-06, 7.6141000136e-06, 6.58230419504e-06, 6.38006304143e-06, 6.06336743658e-06, 5.2225213949e-06, 4.31594298789e-06, 3.98505562771e-06, 4.13983434555e-06, 4.51513142252e-06, 4.60900355392e-06, 3.35129948326e-06, 3.2223749713e-06, 2.34395452026e-06, 1.9070015469e-06, 1.55554175763e-06], "dvar": [1.45134581544e-05, 1.70542971318e-05, 2.7331259389e-06, 7.74727084263e-07, 2.69885759963e-07, 2.17624645416e-07, 3.71885313655e-08, 1.37286804147e-08, 8.09446731864e-08, 2.71013078645e-08, 4.66996183945e-08, 8.11664691014e-09, 5.48772272069e-09, 6.00919758398e-09, 1.51878598587e-09, 1.7203166669e-09, 1.47411982621e-09, 7.87325427076e-10, 1.54631130123e-09, 3.02542213504e-09, 1.74461356472e-09, 5.82536685556e-10, 4.24403623356e-10, 1.0135613876e-10, 3.38562858304e-11, 7.04733008061e-11, 6.77839867569e-11, 9.04473787533e-11, 8.91737933495e-11, 5.93469856591e-11, 3.31580457535e-11, 3.99198937795e-11, 4.25631127565e-11, 3.88268306395e-11, 3.44426952237e-11, 2.19466771145e-11, 2.13591921927e-11, 1.12067724892e-11, 8.07346377252e-12, 5.91712139356e-12], "dvar2": [2.13914845517e-05, 4.4635078666e-05, 7.22738332115e-06, 1.92384186448e-06, 6.39554116333e-07, 4.04963287792e-07, 8.28201365266e-08, 2.91420327869e-08, 1.33975376571e-07, 4.59022757582e-08, 8.26586799008e-08, 1.66601381579e-08, 1.38078837253e-08, 1.40778340096e-08, 3.61363272638e-09, 4.43385728133e-09, 3.78033293558e-09, 1.45555389963e-09, 3.06396330529e-09, 7.82925368981e-09, 4.09419831371e-09, 1.43714573575e-09, 1.11154530025e-09, 2.26755170196e-10, 6.89402146481e-11, 1.42725331553e-10, 1.38780570369e-10, 1.67949543162e-10, 1.77424491765e-10, 1.24432741888e-10, 6.28766344546e-11, 6.77646966318e-11, 7.14483333608e-11, 8.93170190586e-11, 7.67110541755e-11, 4.3465495092e-11, 4.88291872214e-11, 2.44283777234e-11, 1.74659141317e-11, 1.3257029155e-11], "max": [0.0461525246501, 0.0501626878977, 0.0162079576403, 0.0103166680783, 0.00633464800194, 0.00842271465808, 0.00271039130166, 0.00239311275072, 0.00504704751074, 0.0027954573743, 0.00426447484642, 0.0018803140847, 0.000981680816039, 0.00106048630551, 0.000404556281865, 0.000496584747452, 0.000474756961921, 0.000311297451844, 0.000542500638403, 0.000534894526936, 0.000494479085319, 0.000203122734092, 0.000239342072746, 0.000113291120215, 0.000111402237962, 0.000117456540465, 8.33938247524e-05, 0.000125200356706, 9.96818416752e-05, 0.000101788151369, 5.87051108596e-05, 8.03096045274e-05, 8.03638904472e-05, 6.03429762123e-05, 6.79764998495e-05, 6.06247849646e-05, 5.3866977396e-05, 3.95310380554e-05, 3.0454573789e-05, 2.79870218947e-05], "mean": [0.00233981525525, 0.00243262760341, 0.00113585742656, 0.000761798524763, 0.000474194588605, 0.000446115009254, 0.000254198850598, 0.000131470500492, 0.000355391675839, 0.000239424756728, 0.000280634063529, 7.14395646355e-05, 6.55324911349e-05, 7.31671607355e-05, 5.04288000229e-05, 5.48380994587e-05, 5.62244313187e-05, 3.48408939317e-05, 3.92573019781e-05, 3.7355999666e-05, 3.45241023751e-05, 2.23152874241e-05, 1.75695040525e-05, 1.01290934253e-05, 5.81668609811e-06, 7.61278124628e-06, 6.69471091896e-06, 5.79575998927e-06, 5.2572736422e-06, 4.35098809248e-06, 3.61402680937e-06, 3.54781582246e-06, 3.70297357222e-06, 3.3023652577e-06, 4.10213215218e-06, 2.74199192063e-06, 2.16742569137e-06, 1.61106868291e-06, 1.30458840886e-06, 1.07225901047e-06], "median": [0.000528413453139, 0.00138392113149, 0.000536484585609, 0.000326399604091, 0.000203062838409, 0.000166100304341, 0.000110500383016, 6.81306701154e-05, 0.000128594212583, 0.000114797541755, 9.09285372472e-05, 3.05197245325e-05, 1.82388339454e-05, 3.09278912027e-05, 2.69174197456e-05, 2.81563789031e-05, 3.19173159369e-05, 1.83774936886e-05, 1.87388377526e-05, 1.68026726897e-05, 1.87997266039e-05, 1.20158474601e-05, 9.32978946366e-06, 5.34401578989e-06, 3.09897768602e-06, 3.45773514709e-06, 2.92727168016e-06, 1.91880189959e-06, 1.70294742929e-06, 1.42014948779e-06, 8.35907030705e-07, 7.23777475287e-07, 5.72874057525e-07, 4.53659964705e-07, 5.20558899098e-07, 3.11991783519e-07, 2.195407518e-07, 1.57670598355e-07, 1.25078699398e-07, 1.52506387963e-07], "min": [6.76619409043e-24, 1.32042346661e-23, 2.87073445107e-24, 2.36929087515e-23, 1.8253111698e-23, 1.76838696688e-23, 9.17492248882e-24, 1.26674976505e-23, 6.12011661463e-24, 3.27466831101e-24, 1.07035645292e-23, 3.62456247737e-23, 2.13436525768e-23, 8.28595119042e-24, 1.3194638962e-23, 1.78507894809e-23, 6.26210092795e-24, 5.48109983835e-24, 1.48903601644e-23, 1.493048163e-23, 1.33083090853e-23, 1.30987497635e-23, 1.73857228451e-23, 1.49288124004e-23, 1.58136555896e-23, 7.11356267916e-24, 7.96971499732e-24, 9.46981762785e-24, 8.00039616451e-24, 5.84213189239e-24, 7.33179631543e-24, 9.72869889998e-24, 1.18782533588e-23, 1.01054304693e-23, 8.92720517622e-24, 6.87284414052e-24, 9.69164294782e-24, 9.24454577459e-24, 1.20428318318e-23, 9.08868973669e-24], "var": [3.96679133701e-05, 1.77863494173e-05, 3.16930459121e-06, 1.71590056652e-06, 7.29836244773e-07, 1.19698097478e-06, 1.41649849184e-07, 3.47474653495e-08, 3.28689253593e-07, 1.25705753362e-07, 2.28225204069e-07, 2.29460983547e-08, 1.26981181126e-08, 1.22138867908e-08, 3.97805921537e-09, 4.76441108788e-09, 4.58524285207e-09, 2.16078133164e-09, 3.43693185023e-09, 3.08872016852e-09, 2.34756258877e-09, 8.65205518341e-10, 6.02667415972e-10, 2.01504354869e-10, 7.59105625581e-11, 1.42256012525e-10, 1.29003002725e-10, 1.56157309306e-10, 1.38448044695e-10, 9.07012034923e-11, 6.0363866683e-11, 7.76777739353e-11, 8.51050688255e-11, 5.56800404394e-11, 9.16416109664e-11, 3.97854492407e-11, 2.76724372583e-11, 1.55813296293e-11, 1.10425583608e-11, 7.66909539346e-12]}, "mfcc": {"mean": [-665.224975586, 120.839683533, -9.52123260498, 13.8163042068, 3.96263885498, 4.26875638962, -5.13408136368, 0.0668998733163, 0.510506927967, 4.20790481567, -0.468892097473, 1.43847715855, -2.36550402641], "cov": [[18505.4921875, 1753.46398926, 1837.21032715, 1344.02587891, 983.690979004, 953.034545898, 67.904510498, 1025.26599121, 876.89276123, 379.064971924, -236.840270996, -225.208343506, -8.81647014618], [1753.46398926, 1568.65661621, -212.304550171, 393.390258789, 162.52281189, 150.001831055, 84.3804550171, 97.1361999512, 77.8678207397, 18.2175636292, -3.04105877876, -6.12965774536, 27.2429351807], [1837.21032715, -212.304550171, 973.27947998, 205.039337158, 331.567962646, 336.570953369, 158.811309814, 331.172027588, 170.069839478, 125.230926514, 11.3635778427, 3.3301281929, 55.570400238], [1344.02587891, 393.390258789, 205.039337158, 332.616760254, 153.976806641, 163.957077026, 52.5326538086, 145.769836426, 134.384689331, 61.9280471802, -1.00607514381, -10.4296569824, 3.18997597694], [983.690979004, 162.52281189, 331.567962646, 153.976806641, 322.591430664, 268.480682373, 118.779647827, 144.789138794, 73.1180419922, 40.0212249756, -3.65113639832, 20.8063030243, 67.7861328125], [953.034545898, 150.001831055, 336.570953369, 163.957077026, 268.480682373, 342.227386475, 156.811416626, 156.89276123, 71.5815124512, 52.8233528137, 10.5617008209, 20.172082901, 58.4086456299], [67.904510498, 84.3804550171, 158.811309814, 52.5326538086, 118.779647827, 156.811416626, 175.847229004, 97.4584197998, 10.5138196945, 16.0907268524, 26.7801151276, 17.1084480286, 35.2126731873], [1025.26599121, 97.1361999512, 331.172027588, 145.769836426, 144.789138794, 156.89276123, 97.4584197998, 231.832183838, 126.904258728, 70.0012817383, 11.8263463974, 0.431355029345, 21.3219833374], [876.89276123, 77.8678207397, 170.069839478, 134.384689331, 73.1180419922, 71.5815124512, 10.5138196945, 126.904258728, 170.061782837, 76.8051605225, 11.7667894363, -6.77907037735, 4.46858644485], [379.064971924, 18.2175636292, 125.230926514, 61.9280471802, 40.0212249756, 52.8233528137, 16.0907268524, 70.0012817383, 76.8051605225, 115.624855042, 52.0879936218, 15.7993574142, 0.189142733812], [-236.840270996, -3.04105877876, 11.3635778427, -1.00607514381, -3.65113639832, 10.5617008209, 26.7801151276, 11.8263463974, 11.7667894363, 52.0879936218, 87.8859481812, 38.5462875366, 7.67726039886], [-225.208343506, -6.12965774536, 3.3301281929, -10.4296569824, 20.8063030243, 20.172082901, 17.1084480286, 0.431355029345, -6.77907037735, 15.7993574142, 38.5462875366, 65.7006378174, 33.0068473816], [-8.81647014618, 27.2429351807, 55.570400238, 3.18997597694, 67.7861328125, 58.4086456299, 35.2126731873, 21.3219833374, 4.46858644485, 0.189142733812, 7.67726039886, 33.0068473816, 77.0593795776]], "icov": [[0.000113629954285, -0.000117898780445, -0.000141904412885, -4.31015250797e-05, -3.35076983902e-05, -0.00015511008678, 0.000340982136549, -0.000151728861965, -0.000166671728948, -6.8928085966e-05, 0.000241144080064, 0.000150170439156, 0.000113498732389], [-0.000117898780445, 0.00149966753088, 0.00128586089704, -0.00192061101552, -0.000615795317572, 0.000403072306653, -0.000656551972497, -0.000734665198252, 0.000991141656414, -0.000207870383747, -0.000332913943566, 0.000382046418963, -0.000839416519739], [-0.000141904412885, 0.00128586089704, 0.00361895561218, -0.00101729168091, -0.00162160932086, -0.000353868090315, -7.71949271439e-05, -0.00345981377177, 0.00140698277391, -0.00129906914663, -7.62650743127e-05, 0.000851089891512, -0.000786553020589], [-4.31015250797e-05, -0.00192061101552, -0.00101729168091, 0.00858285464346, -0.000336393277394, -0.00203396077268, 0.000939661578741, 6.00625899096e-05, -0.00412577297539, 0.000548199110199, 0.000203685995075, -0.000562050787266, 0.00290231755935], [-3.35076983902e-05, -0.000615795317572, -0.00162160932086, -0.000336393277394, 0.0112357288599, -0.00639442680404, 0.000249144737609, 0.000479186535813, -0.0005087191239, 0.000561963242944, 0.00179875595495, -0.00130116136279, -0.00347985094413], [-0.00015511008678, 0.000403072306653, -0.000353868090315, -0.00203396077268, -0.00639442680404, 0.0121833793819, -0.00593707151711, 0.000688322586939, 0.000866300717462, -0.00195985008031, 0.000976302311756, -0.000582851411309, -0.000801079382654], [0.000340982136549, -0.000656551972497, -7.71949271439e-05, 0.000939661578741, 0.000249144737609, -0.00593707151711, 0.0145065775141, -0.00618476606905, 0.00325998128392, 0.00263396720402, -0.00489689130336, 0.00238522002473, -0.00107801042031], [-0.000151728861965, -0.000734665198252, -0.00345981377177, 6.00625899096e-05, 0.000479186535813, 0.000688322586939, -0.00618476606905, 0.0161912254989, -0.00760234892368, -0.000529425626155, 0.00145834358409, -0.00126611522865, 0.000976929208264], [-0.000166671728948, 0.000991141656414, 0.00140698277391, -0.00412577297539, -0.0005087191239, 0.000866300717462, 0.00325998128392, -0.00760234892368, 0.0164573062211, -0.00620656087995, -0.000158432056196, 0.00260527268983, -0.00284780212678], [-6.8928085966e-05, -0.000207870383747, -0.00129906914663, 0.000548199110199, 0.000561963242944, -0.00195985008031, 0.00263396720402, -0.000529425626155, -0.00620656087995, 0.0200889147818, -0.0116843897849, -0.000226114527322, 0.00248531601392], [0.000241144080064, -0.000332913943566, -7.62650743127e-05, 0.000203685995075, 0.00179875595495, 0.000976302311756, -0.00489689130336, 0.00145834358409, -0.000158432056196, -0.0116843897849, 0.0252854190767, -0.0120003782213, 0.00236254744232], [0.000150170439156, 0.000382046418963, 0.000851089891512, -0.000562050787266, -0.00130116136279, -0.000582851411309, 0.00238522002473, -0.00126611522865, 0.00260527268983, -0.000226114527322, -0.0120003782213, 0.02852396667, -0.0110342381522], [0.000113498732389, -0.000839416519739, -0.000786553020589, 0.00290231755935, -0.00347985094413, -0.000801079382654, -0.00107801042031, 0.000976929208264, -0.00284780212678, 0.00248531601392, 0.00236254744232, -0.0110342381522, 0.0222743526101]]}, "spectral_contrast_coeffs": {"dmean": [0.049298260361, 0.0444852001965, 0.0410413332283, 0.0327958017588, 0.023006953299, 0.0220314897597], "dmean2": [0.0813004821539, 0.070736348629, 0.0635483562946, 0.0509634763002, 0.0374272875488, 0.0331293493509], "dvar": [0.00195287214592, 0.00134830223396, 0.00121403369121, 0.000740388699342, 0.000406573555665, 0.000442423654022], "dvar2": [0.00488639529794, 0.00335535453632, 0.00281781703234, 0.00170401192736, 0.000980380107649, 0.000960409874097], "max": [-0.339928865433, -0.435528457165, -0.541714906693, -0.551936745644, -0.659986257553, -0.614281952381], "mean": [-0.653455853462, -0.71652084589, -0.720139443874, -0.754288315773, -0.781730771065, -0.766700804234], "median": [-0.661104679108, -0.719393610954, -0.72265625, -0.755347669125, -0.785292804241, -0.773120462894], "min": [-0.983177661896, -0.995030045509, -0.997119188309, -0.987423956394, -0.988675653934, -0.961658298969], "var": [0.00630431482568, 0.00516854645684, 0.00427207909524, 0.00259527633898, 0.00159132992849, 0.00189368554857]}, "spectral_contrast_valleys": {"dmean": [0.398946493864, 0.398796856403, 0.396982580423, 0.389873594046, 0.374310493469, 0.59113329649], "dmean2": [0.645182967186, 0.618704020977, 0.617071390152, 0.586207330227, 0.534212291241, 0.820953190327], "dvar": [0.354347735643, 0.349041283131, 0.364278107882, 0.378005892038, 0.365328729153, 0.554045557976], "dvar2": [0.488335877657, 0.454050898552, 0.504728317261, 0.500270783901, 0.494343757629, 0.93822491169], "max": [-5.06577730179, -4.99588537216, -5.56022357941, -5.85376596451, -5.5300755500