{"lowlevel": {"average_loudness": 0.938290774822, "barkbands_crest": {"dmean": 3.0470020771, "dmean2": 4.52397155762, "dvar": 10.3679256439, "dvar2": 19.9322566986, "max": 26.2410564423, "mean": 14.7586326599, "median": 14.2679376602, "min": 2.61545801163, "var": 36.1453132629}, "barkbands_flatness_db": {"dmean": 0.0301521662623, "dmean2": 0.0427464582026, "dvar": 0.00111366715282, "dvar2": 0.00195706309751, "max": 0.538478434086, "mean": 0.218223690987, "median": 0.207361608744, "min": 0.0486648716033, "var": 0.00712620140985}, "barkbands_kurtosis": {"dmean": 6.26468229294, "dmean2": 9.35823917389, "dvar": 132.111724854, "dvar2": 279.580993652, "max": 256.192871094, "mean": 9.73571109772, "median": 3.78103923798, "min": -1.94465517998, "var": 307.609100342}, "barkbands_skewness": {"dmean": 0.899728298187, "dmean2": 1.25586497784, "dvar": 1.06502234936, "dvar2": 1.91744458675, "max": 15.3693161011, "mean": 2.25396943092, "median": 2.02703881264, "min": -3.93329691887, "var": 4.46978139877}, "barkbands_spread": {"dmean": 7.46686983109, "dmean2": 10.8304109573, "dvar": 77.3803405762, "dvar2": 140.74546814, "max": 92.433303833, "mean": 22.4272193909, "median": 18.7864532471, "min": 0.632234215736, "var": 267.308441162}, "dissonance": {"dmean": 0.019817493856, "dmean2": 0.0321825295687, "dvar": 0.00051636621356, "dvar2": 0.00125622830819, "max": 0.5, "mean": 0.464598864317, "median": 0.474427372217, "min": 0.207718625665, "var": 0.00111053523142}, "dynamic_complexity": 4.06849813461, "erbbands_crest": {"dmean": 3.81403779984, "dmean2": 6.03221702576, "dvar": 15.220662117, "dvar2": 30.8137283325, "max": 34.1353302002, "mean": 11.9386148453, "median": 10.1630144119, "min": 2.47753357887, "var": 43.2578048706}, "erbbands_flatness_db": {"dmean": 0.0228860415518, "dmean2": 0.0336277894676, "dvar": 0.000527521653567, "dvar2": 0.00103454606142, "max": 0.422965109348, "mean": 0.206968292594, "median": 0.198232635856, "min": 0.0821979865432, "var": 0.00342287891544}, "erbbands_kurtosis": {"dmean": 2.19974708557, "dmean2": 3.39629673958, "dvar": 22.905506134, "dvar2": 49.6423301697, "max": 85.5939178467, "mean": 1.66647839546, "median": 0.0296492576599, "min": -1.91647458076, "var": 33.4966049194}, "erbbands_skewness": {"dmean": 0.594822347164, "dmean2": 0.853837788105, "dvar": 0.409602016211, "dvar2": 0.800890266895, "max": 6.47414636612, "mean": -0.494209468365, "median": -0.502751529217, "min": -8.07192993164, "var": 1.59138119221}, "erbbands_spread": {"dmean": 11.1802434921, "dmean2": 16.8110637665, "dvar": 124.817253113, "dvar2": 259.050842285, "max": 139.484985352, "mean": 41.5926246643, "median": 39.9040184021, "min": 1.3225120306, "var": 436.687042236}, "hfc": {"dmean": 7.15498971939, "dmean2": 9.9884262085, "dvar": 131.31149292, "dvar2": 221.111373901, "max": 160.962173462, "mean": 15.881696701, "median": 10.1872558594, "min": 1.05328063918e-16, "var": 339.394500732}, "melbands_crest": {"dmean": 3.68934798241, "dmean2": 5.59938573837, "dvar": 14.0479927063, "dvar2": 30.535112381, "max": 35.3098220825, "mean": 21.5743522644, "median": 21.6578845978, "min": 1.5113697052, "var": 58.2896232605}, "melbands_flatness_db": {"dmean": 0.0379937067628, "dmean2": 0.0514941178262, "dvar": 0.00187712581828, "dvar2": 0.00303505314514, "max": 0.686290681362, "mean": 0.273838877678, "median": 0.264488816261, "min": 0.00315660587512, "var": 0.0135846855119}, "melbands_kurtosis": {"dmean": 16.9084911346, "dmean2": 24.758058548, "dvar": 815.336303711, "dvar2": 1628.97485352, "max": 505.024261475, "mean": 32.320110321, "median": 16.4845294952, "min": -1.94096457958, "var": 2127.72021484}, "melbands_skewness": {"dmean": 1.27355372906, "dmean2": 1.79779183865, "dvar": 2.20696306229, "dvar2": 3.89543008804, "max": 20.2650032043, "mean": 4.19246864319, "median": 3.6935544014, "min": -1.89488792419, "var": 9.07993221283}, "melbands_spread": {"dmean": 10.3601913452, "dmean2": 14.7551660538, "dvar": 258.338348389, "dvar2": 450.753295898, "max": 212.441040039, "mean": 25.134180069, "median": 14.6192474365, "min": 0.511698484421, "var": 854.165222168}, "pitch_salience": {"dmean": 0.0841988697648, "dmean2": 0.127776548266, "dvar": 0.00728060025722, "dvar2": 0.0155418086797, "max": 0.946453213692, "mean": 0.407222270966, "median": 0.417196780443, "min": 0.0406717993319, "var": 0.0261519160122}, "silence_rate_20dB": {"dmean": 0, "dmean2": 0, "dvar": 0, "dvar2": 0, "max": 1, "mean": 1, "median": 1, "min": 1, "var": 0}, "silence_rate_30dB": {"dmean": 0.00553416740149, "dmean2": 0.0110696665943, "dvar": 0.00550344400108, "dvar2": 0.0145563967526, "max": 1, "mean": 0.995789706707, "median": 1, "min": 0, "var": 0.00419284775853}, "silence_rate_60dB": {"dmean": 0.034889318049, "dmean2": 0.0697870329022, "dvar": 0.0336746498942, "dvar2": 0.0726227238774, "max": 1, "mean": 0.139179602265, "median": 0, "min": 0, "var": 0.119809657335}, "spectral_centroid": {"dmean": 377.43170166, "dmean2": 539.250061035, "dvar": 170699.78125, "dvar2": 314825.65625, "max": 11814.7900391, "mean": 1665.70935059, "median": 1442.41027832, "min": 159.80921936, "var": 1772835.625}, "spectral_complexity": {"dmean": 3.47882580757, "dmean2": 4.88388872147, "dvar": 24.8762664795, "dvar2": 42.0055618286, "max": 60, "mean": 12.2334899902, "median": 10, "min": 0, "var": 88.5911102295}, "spectral_decrease": {"dmean": 2.31006058726e-09, "dmean2": 3.30883231925e-09, "dvar": 1.00613998003e-17, "dvar2": 2.13742146795e-17, "max": 2.53484377306e-20, "mean": -7.64534124897e-09, "median": -6.61286492232e-09, "min": -4.5776236135e-08, "var": 3.78573898063e-17}, "spectral_energy": {"dmean": 0.00909117329866, "dmean2": 0.0130339115858, "dvar": 0.000152506501763, "dvar2": 0.000323587766616, "max": 0.175704076886, "mean": 0.0302958134562, "median": 0.0262099150568, "min": 9.98244309727e-21, "var": 0.000576791993808}, "spectral_energyband_high": {"dmean": 0.000467077392386, "dmean2": 0.000614481337834, "dvar": 1.18121408832e-06, "dvar2": 1.95194820662e-06, "max": 0.0142584210262, "mean": 0.00074211100582, "median": 0.000215012667468, "min": 7.14977762987e-21, "var": 2.44852139986e-06}, "spectral_energyband_low": {"dmean": 0.0049783969298, "dmean2": 0.00724228238687, "dvar": 8.79490617081e-05, "dvar2": 0.000181042036274, "max": 0.0934277623892, "mean": 0.0173192340881, "median": 0.0166763868183, "min": 1.29500281837e-23, "var": 0.000302047614241}, "spectral_energyband_middle_high": {"dmean": 0.00217191851698, "dmean2": 0.00306989182718, "dvar": 1.47159917105e-05, "dvar2": 2.8684928111e-05, "max": 0.0597216375172, "mean": 0.00398443080485, "median": 0.00187636772171, "min": 1.19203117935e-21, "var": 3.60219019058e-05}, "spectral_energyband_middle_low": {"dmean": 0.00527588650584, "dmean2": 0.00798554066569, "dvar": 7.56488443585e-05, "dvar2": 0.000166646510479, "max": 0.113768287003, "mean": 0.0087286029011, "median": 0.00298448349349, "min": 1.33032468071e-22, "var": 0.000162346026627}, "spectral_entropy": {"dmean": 0.23946197331, "dmean2": 0.348099172115, "dvar": 0.0657849311829, "dvar2": 0.127101793885, "max": 9.83073329926, "mean": 7.35273504257, "median": 7.39666366577, "min": 5.18350553513, "var": 0.424532175064}, "spectral_flux": {"dmean": 0.0314174890518, "dmean2": 0.0487538129091, "dvar": 0.00127708609216, "dvar2": 0.00277234567329, "max": 0.357230037451, "mean": 0.0789442434907, "median": 0.0636273622513, "min": 6.38512090423e-11, "var": 0.0035613370128}, "spectral_kurtosis": {"dmean": 3.64226293564, "dmean2": 6.17906332016, "dvar": 32.8154449463, "dvar2": 91.6497421265, "max": 80.4108810425, "mean": 5.67129707336, "median": 2.68115472794, "min": -1.26907026768, "var": 69.3127670288}, "spectral_rms": {"dmean": 0.000786164659075, "dmean2": 0.00108900864143, "dvar": 9.15158125281e-07, "dvar2": 1.75182810835e-06, "max": 0.0130926929414, "mean": 0.00488539086655, "median": 0.00505674304441, "min": 3.12073218829e-12, "var": 5.68982159166e-06}, "spectral_rolloff": {"dmean": 571.383178711, "dmean2": 911.337463379, "dvar": 1008186, "dvar2": 1778015, "max": 19530.6152344, "mean": 1515.64978027, "median": 516.796875, "min": 64.599609375, "var": 6650658.5}, "spectral_skewness": {"dmean": 0.409220397472, "dmean2": 0.652490198612, "dvar": 0.230749577284, "dvar2": 0.610774576664, "max": 7.15196609497, "mean": 1.33444571495, "median": 1.1518279314, "min": -0.387712925673, "var": 0.64460504055}, "spectral_spread": {"dmean": 573920, "dmean2": 829664.5625, "dvar": 555364057088, "dvar2": 1105968103420.0, "max": 42473256, "mean": 4224400.5, "median": 3724402.25, "min": 845947.75, "var": 19913706045400.0}, "spectral_strongpeak": {"dmean": 0.421014815569, "dmean2": 0.69386690855, "dvar": 1.23673522472, "dvar2": 2.97481417656, "max": 13.4010324478, "mean": 0.718556344509, "median": 0.359509527683, "min": 0, "var": 1.42560446262}, "zerocrossingrate": {"dmean": 0.0127887744457, "dmean2": 0.0135876256973, "dvar": 0.00026420521317, "dvar2": 0.000292152399197, "max": 0.525390625, "mean": 0.0551024191082, "median": 0.03955078125, "min": 0.001953125, "var": 0.00428707432002}, "barkbands": {"dmean": [0.00035252966336, 0.00438826205209, 0.00194374728017, 0.00103225116618, 0.00202540564351, 0.0012603624491, 0.00166263221763, 0.000614274351392, 0.000635052390862, 0.000646251719445, 0.000327256304445, 0.000333328353008, 0.000215567240957, 0.000198858615477, 0.000163212433108, 0.00031045533251, 0.000386806728784, 0.000194160689716, 0.000308073416818, 0.000120801501907, 0.000143319193739, 0.000136099712108, 0.000136946720886, 5.29306162207e-05, 1.0408102753e-05, 4.21861784616e-07, 3.78501630038e-09], "dmean2": [0.000591889838688, 0.00554590113461, 0.00342579302378, 0.00181042193435, 0.00293971807696, 0.00198720744811, 0.00271745095961, 0.000997550552711, 0.0010404625209, 0.00100937997922, 0.000519684515893, 0.000527367868926, 0.000338746816851, 0.000306490517687, 0.000265171489445, 0.000487337150844, 0.00056496047182, 0.000295319885481, 0.000463774777018, 0.000182259071153, 0.000198332083528, 0.000204242125619, 0.000204657728318, 6.3022467657e-05, 1.40637721415e-05, 5.48919160792e-07, 6.12793904509e-09], "dvar": [4.51129011481e-07, 6.53554379824e-05, 3.96683826693e-05, 7.94021343609e-06, 1.68577644217e-05, 1.63808672369e-05, 3.17899139191e-05, 7.46644218452e-06, 7.92772061686e-06, 4.68080634164e-06, 2.3069924282e-06, 2.35189554587e-06, 7.61006390348e-07, 3.44786826645e-07, 1.00765213062e-07, 5.48541436274e-07, 1.56804742346e-06, 2.51638397231e-07, 7.15105272775e-07, 6.46957616368e-08, 2.30170925875e-07, 8.27341466447e-08, 7.33300851152e-08, 1.76633978555e-08, 2.05719064006e-09, 3.7360492304e-12, 1.04233366477e-16], "dvar2": [1.19835954138e-06, 0.000111096160254, 0.000110108834633, 2.25914791372e-05, 3.12151023536e-05, 3.71801434085e-05, 8.00918060122e-05, 1.77116307896e-05, 2.05611049751e-05, 1.05865092337e-05, 5.63423327549e-06, 5.48526395505e-06, 1.77617539521e-06, 7.92638445546e-07, 2.51498420312e-07, 1.2636721749e-06, 3.43135752701e-06, 5.75966282668e-07, 1.63742947734e-06, 1.30345426896e-07, 4.74570583719e-07, 1.5352686944e-07, 1.61734860171e-07, 2.59851233864e-08, 4.01943767159e-09, 6.85511022946e-12, 2.33545406525e-16], "max": [0.00594977801666, 0.0912931263447, 0.0463605374098, 0.0479460209608, 0.109456449747, 0.0755429491401, 0.103615388274, 0.0677448064089, 0.0487744323909, 0.0405010394752, 0.0365752801299, 0.0318983905017, 0.0171268805861, 0.0156449228525, 0.00455310801044, 0.00738228159025, 0.0184233300388, 0.0089711714536, 0.0199930742383, 0.0033507172484, 0.00635766424239, 0.00374605203979, 0.00324186193757, 0.00186221685726, 0.00298351678066, 0.000101372112113, 2.07331098068e-07], "mean": [0.000755486253183, 0.0142856761813, 0.00189133104868, 0.00105366972275, 0.00322778127156, 0.00142981682438, 0.00167492602486, 0.000586870242842, 0.000611797499005, 0.000851230346598, 0.000361318554496, 0.000370821624529, 0.000244196533458, 0.000273419107543, 0.000275143538602, 0.000397839903599, 0.000494669016916, 0.000262557179667, 0.000398761447286, 0.000172406071215, 0.000168421494891, 0.000213399544009, 0.000194266060134, 8.56756305438e-05, 1.37333381645e-05, 5.96901770678e-07, 4.60040361361e-09], "median": [0.000728193903342, 0.0138739570975, 0.00036217761226, 0.000161275951541, 0.000565275724512, 0.000210331287235, 0.000148842984345, 5.15930078109e-05, 4.95179483551e-05, 9.5575254818e-05, 3.50095069734e-05, 6.03457374382e-05, 4.11200162489e-05, 7.49855826143e-05, 0.000129869848024, 0.000144119941979, 0.000109566091851, 4.45448749815e-05, 5.90100280533e-05, 3.04560053337e-05, 2.25567473535e-05, 4.86740391352e-05, 4.56020061392e-05, 1.17508534458e-05, 1.21157279409e-06, 1.76492633841e-08, 1.27867694211e-09], "min": [3.54913402336e-25, 2.40981899859e-24, 1.28892141076e-24, 5.19943793961e-25, 5.89795602878e-24, 4.52122177749e-24, 6.44471591662e-24, 3.19021246807e-24, 1.9888377756e-23, 5.23989733354e-24, 9.35683696901e-24, 2.23842626627e-23, 2.65705423828e-23, 3.24128998895e-23, 2.8874022537e-23, 4.2575400501e-23, 6.05959780922e-23, 9.00900610779e-23, 1.44362605885e-22, 1.41994950318e-22, 2.43425158277e-22, 3.31921669839e-22, 4.04064324908e-22, 5.60900449913e-22, 8.44740429111e-22, 1.30627429333e-21, 1.98465428214e-21], "var": [7.04492492787e-07, 0.000232999023865, 2.75030433841e-05, 6.45869386062e-06, 4.65989360237e-05, 2.19787052629e-05, 3.19346981996e-05, 7.27189944882e-06, 6.92016010362e-06, 8.45975500852e-06, 2.46218723987e-06, 3.00284887089e-06, 8.71134886893e-07, 4.62386907429e-07, 1.61934224252e-07, 6.00144971941e-07, 2.02642445402e-06, 3.969674367e-07, 1.14025647235e-06, 1.14517547445e-07, 3.08744546373e-07, 1.73485716459e-07, 1.21831973843e-07, 4.83983306765e-08, 3.13570680532e-09, 6.338031662e-12, 1.56354963169e-16]}, "erbbands": {"dmean": [0.166616767645, 0.882459461689, 2.10677886009, 2.7111954689, 6.35216856003, 6.94383192062, 3.1556596756, 13.2858839035, 27.6983566284, 11.0400400162, 17.5499401093, 13.3234729767, 16.2279205322, 15.2104110718, 12.7124996185, 12.7646808624, 9.9566411972, 7.57603883743, 7.80074977875, 13.156879425, 17.6732788086, 25.84582901, 10.9295902252, 13.9764633179, 12.7663869858, 5.01251506805, 6.00583171844, 4.8144659996, 4.54598522186, 5.67794895172, 3.27092289925, 1.49156677723, 0.691589355469, 0.197223737836, 0.0379178859293, 0.00509246112779, 0.000424670608481, 2.92430486297e-05, 6.55183339404e-06, 1.07097584987e-05], "dmean2": [0.217364773154, 1.14288663864, 3.53009009361, 4.85667991638, 9.69506549835, 10.2350254059, 4.84083652496, 21.1826725006, 44.1764564514, 18.7336654663, 28.2899074554, 21.6872730255, 24.8621120453, 23.658870697, 19.9445495605, 19.6690139771, 15.43866539, 11.7833805084, 11.9269313812, 21.0251579285, 27.3782138824, 37.5920753479, 16.1267662048, 20.4851799011, 18.9506187439, 7.30061149597, 8.56102752686, 6.31419038773, 6.65711593628, 8.3579826355, 4.86905145645, 1.97601044178, 0.888068854809, 0.27369555831, 0.0500368438661, 0.00666552968323, 0.000523358408827, 3.64662701031e-05, 8.86663747224e-06, 1.53346954903e-05], "dvar": [0.0977363213897, 2.99498128891, 38.9125022888, 74.5088043213, 141.274536133, 342.960205078, 143.766189575, 1919.78833008, 7508.15966797, 1761.55969238, 5926.56152344, 4054.23291016, 3186.93432617, 2741.31225586, 3870.23388672, 3255.33032227, 1669.51867676, 711.245483398, 325.585754395, 708.773071289, 2254.89306641, 7633.60009766, 577.614257812, 1651.51806641, 1116.35546875, 130.77796936, 359.680877686, 188.782287598, 93.6722412109, 133.710174561, 38.0451431274, 9.89863967896, 5.00669574738, 0.606129765511, 0.026771126315, 0.000470173195936, 2.6599047942e-06, 9.98879201575e-09, 9.79646433419e-11, 1.97257016277e-10], "dvar2": [0.143439844251, 5.69336080551, 105.29322052, 214.8046875, 290.506195068, 658.086486816, 237.647979736, 4452.68505859, 18264.7011719, 4817.63183594, 13949.7041016, 10532.6533203, 7173.89892578, 6368.89160156, 9388.63476562, 6893.21533203, 3847.85595703, 1621.48010254, 752.912536621, 1746.23364258, 5095.6796875, 16714.6601562, 1222.38000488, 3361.53955078, 2439.1796875, 247.291229248, 767.190368652, 322.029418945, 179.251358032, 275.634887695, 83.0369033813, 15.8752689362, 9.18110370636, 1.21430587769, 0.0447795800865, 0.000881781219505, 4.68752114102e-06, 1.63743187898e-08, 1.7288308285e-10, 4.12237743941e-10], "max": [3.5560631752, 17.1528511047, 48.8890800476, 125.707366943, 337.60357666, 511.45425415, 629.798339844, 866.63873291, 1533.80944824, 746.832763672, 1724.63317871, 1514.43054199, 1303.49047852, 1282.21765137, 1521.05847168, 1364.43981934, 844.788818359, 920.651428223, 295.79095459, 482.027435303, 494.321716309, 1303.0526123, 384.034484863, 1450.79956055, 645.304138184, 140.413345337, 227.780136108, 187.825057983, 121.728187561, 182.016693115, 86.9226837158, 45.8918800354, 33.0920639038, 45.0400810242, 8.92940807343, 1.06125676632, 0.0562294051051, 0.00317736063153, 0.000250309560215, 0.000192272884306], "mean": [0.633460223675, 2.31306314468, 2.51926851273, 2.70729470253, 9.84212779999, 9.99020862579, 4.44094085693, 14.8562803268, 29.4575958252, 10.9401283264, 17.7382183075, 13.2296915054, 21.3327159882, 20.4819507599, 14.2119636536, 14.9897251129, 11.9636898041, 9.91375732422, 12.4276371002, 23.2411231995, 21.8716068268, 33.1933174133, 15.6987810135, 19.2807445526, 17.6745605469, 7.3209605217, 6.78508806229, 6.39007616043, 7.03472852707, 8.32937908173, 4.75133752823, 2.55647802353, 0.96278655529, 0.261752218008, 0.0527637638152, 0.00710714235902, 0.000610139104538, 4.63046635559e-05, 1.94730928342e-05, 3.59438745363e-05], "median": [0.585112333298, 2.05673789978, 0.741578638554, 0.67967915535, 1.99537956715, 1.4192019701, 1.28444695473, 1.93061101437, 2.4429731369, 1.82044422626, 1.54736340046, 1.18651044369, 2.79811191559, 2.50884246826, 1.77238118649, 2.48178458214, 2.27420020103, 3.10974693298, 5.63428497314, 9.57315254211, 8.31479263306, 7.89242124557, 3.31286406517, 3.14047765732, 2.94244742393, 1.57737970352, 0.896085202694, 1.02053403854, 1.51695370674, 2.02411675453, 1.20040166378, 0.462377071381, 0.115861706436, 0.0280107297003, 0.00310137891211, 0.000278371706372, 5.45031689398e-05, 9.3311227829e-06, 1.57122176461e-05, 3.10545765387e-05], "min": [8.94441733231e-23, 6.26375299201e-22, 2.52178106445e-21, 5.62621353133e-21, 1.84659832258e-20, 2.35478545607e-20, 3.29958662809e-20, 4.21706725232e-20, 1.07646299313e-19, 1.46321943108e-19, 2.15524997603e-19, 4.28233212576e-19, 2.61517053917e-19, 4.44849565022e-19, 8.90844775193e-19, 1.4438783974e-18, 1.45657241448e-18, 1.90475045089e-18, 2.69213685174e-18, 2.16342864679e-18, 3.09967964055e-18, 4.97849611808e-18, 5.29955469232e-18, 6.22786309784e-18, 7.72982663484e-18, 6.38163845525e-18, 8.77428939633e-18, 8.42060185566e-18, 9.92880936551e-18, 8.76978043482e-18, 1.21980908677e-17, 9.71058092195e-18, 9.74683459383e-18, 7.73597506833e-18, 6.60526507949e-18, 4.62065364919e-18, 2.25592294891e-18, 9.27819438382e-19, 2.48998011388e-19, 2.42355825386e-20], "var": [0.453329592943, 7.52397537231, 32.349445343, 50.4041786194, 344.479064941, 837.644470215, 444.322113037, 2237.3034668, 8677.34765625, 1329.13024902, 6081.86962891, 3421.06079102, 4833.49951172, 4690.33154297, 4236.09277344, 4846.18847656, 2039.13647461, 945.234741211, 484.279571533, 1332.92150879, 2386.81762695, 9720.70117188, 996.417724609, 3187.92578125, 1774.35888672, 235.878555298, 451.31741333, 332.874664307, 198.292724609, 239.563995361, 68.4786224365, 29.5581436157, 9.38862991333, 0.93340164423, 0.0491226986051, 0.000808516109828, 4.93412017022e-06, 2.02820586992e-08, 3.22663479269e-10, 7.69593444527e-10]}, "gfcc": {"mean": [-87.3129043579, 127.733940125, -136.387451172, 63.1584434509, -44.8551826477, 19.3603382111, -26.0905952454, -1.91038525105, 6.92532014847, -14.2477827072, -1.03393864632, -6.29323005676, 4.86867380142], "cov": [[24264.1132812, -263.211120605, -1749.81970215, 2201.6003418, -2789.2097168, 465.755828857, -951.949401855, 407.967376709, -209.540100098, -300.570343018, 437.700958252, 84.8186264038, -259.922668457], [-263.211120605, 2196.74902344, -296.012115479, -610.038635254, 994.139587402, -347.17401123, 425.952789307, -218.2918396, 262.339447021, -65.0477828979, -19.900478363, -68.6253128052, 188.374725342], [-1749.81970215, -296.012115479, 845.264038086, 135.523147583, 159.982727051, 135.971969604, 35.6478004456, 54.0170249939, 40.2367515564, 82.8416824341, 42.532207489, 32.3683586121, 49.8757820129], [2201.6003418, -610.038635254, 135.523147583, 777.976196289, -339.210754395, 101.221435547, -231.828170776, 69.4921951294, -68.7781066895, -26.175075531, 97.7680969238, 15.0946073532, -65.2926177979], [-2789.2097168, 994.139587402, 159.982727051, -339.210754395, 1220.60583496, -88.5361709595, 445.020874023, -25.5952625275, 181.428237915, 113.122306824, -89.0375213623, 7.87211036682, 197.358184814], [465.755828857, -347.17401123, 135.971969604, 101.221435547, -88.5361709595, 456.36920166, 70.5357818604, 87.4663696289, 72.2167434692, 67.1393890381, -4.09398317337, 25.0329246521, 37.2622795105], [-951.949401855, 425.952789307, 35.6478004456, -231.828170776, 445.020874023, 70.5357818604, 501.400115967, 107.672119141, 114.353660583, 76.7847213745, -25.0375022888, 36.7047195435, 111.626274109], [407.967376709, -218.2918396, 54.0170249939, 69.4921951294, -25.5952625275, 87.4663696289, 107.672119141, 291.587554932, -1.93465948105, 60.3834648132, 36.5064086914, 53.3470954895, 22.2837295532], [-209.540100098, 262.339447021, 40.2367515564, -68.7781066895, 181.428237915, 72.2167434692, 114.353660583, -1.93465948105, 254.152603149, 39.1392478943, 35.9468307495, 30.3311786652, 55.9544525146], [-300.570343018, -65.0477828979, 82.8416824341, -26.175075531, 113.122306824, 67.1393890381, 76.7847213745, 60.3834648132, 39.1392478943, 199.174087524, 27.2943325043, 15.2701864243, 45.2074546814], [437.700958252, -19.900478363, 42.532207489, 97.7680969238, -89.0375213623, -4.09398317337, -25.0375022888, 36.5064086914, 35.9468307495, 27.2943325043, 184.826751709, 40.9163665771, -20.1304988861], [84.8186264038, -68.6253128052, 32.3683586121, 15.0946073532, 7.87211036682, 25.0329246521, 36.7047195435, 53.3470954895, 30.3311786652, 15.2701864243, 40.9163665771, 130.983352661, 41.4553833008], [-259.922668457, 188.374725342, 49.8757820129, -65.2926177979, 197.358184814, 37.2622795105, 111.626274109, 22.2837295532, 55.9544525146, 45.2074546814, -20.1304988861, 41.4553833008, 147.68711853]], "icov": [[0.000231800746405, -0.00067459983984, 0.000350996211637, -0.000797996239271, 0.000723133562133, -0.000430109124864, 0.000181757859536, -0.00046209411812, 0.000187232260942, -0.000379808188882, 0.000300745945424, -0.000441211042926, 8.17642358015e-05], [-0.00067459983984, 0.00356354168616, -0.000494238745887, 0.00278701051138, -0.00295517942868, 0.00198922213167, -0.00104323611595, 0.00200466462411, -0.00138275686186, 0.00223888107575, -0.00210358668119, 0.00259335711598, -0.00157639826648], [0.000350996211637, -0.000494238745887, 0.0021043762099, -0.00130143610295, 0.00046480668243, -0.000822120346129, 0.000311434909236, -0.000538564636372, 0.000119761796668, -0.000484938296722, -0.000247902935371, -0.000350095768226, -0.000438193063019], [-0.000797996239271, 0.00278701051138, -0.00130143610295, 0.00473210122436, -0.00268156384118, 0.00123126676772, 5.26707481185e-05, 0.00124268082436, -0.000591322488617, 0.00198606075719, -0.00219098501839, 0.00194090337027, -0.000609563081525], [0.000723133562133, -0.00295517942868, 0.00046480668243, -0.00268156384118, 0.00449659256265, -0.000927982269786, -0.000411789136706, -0.00131913123187, 0.000362216465874, -0.00230403710157, 0.00225881580263, -0.00171805953141, -0.000206801894819], [-0.000430109124864, 0.00198922213167, -0.000822120346129, 0.00123126676772, -0.000927982269786, 0.00423272140324, -0.00129333056975, 0.000820196873974, -0.0018360913964, 0.000410574342823, -9.19914600672e-05, 0.00147566094529, -0.00130309618544], [0.000181757859536, -0.00104323611595, 0.000311434909236, 5.26707481185e-05, -0.000411789136706, -0.00129333056975, 0.00443323375657, -0.00216501951218, -6.71635234539e-06, -0.000536210951395, 0.000419257412432, -0.000867512077093, -0.000111523433588], [-0.00046209411812, 0.00200466462411, -0.000538564636372, 0.00124268082436, -0.00131913123187, 0.000820196873974, -0.00216501951218, 0.0060014934279, 4.74086982649e-06, 0.000161044605193, -0.00141905376222, 4.01730867452e-05, -0.000608033267781], [0.000187232260942, -0.00138275686186, 0.000119761796668, -0.000591322488617, 0.000362216465874, -0.0018360913964, -6.71635234539e-06, 4.74086982649e-06, 0.00602675182745, -0.000841987435706, -0.00088083249284, -0.00151783903129, 5.52945348318e-05], [-0.000379808188882, 0.00223888107575, -0.000484938296722, 0.00198606075719, -0.00230403710157, 0.000410574342823, -0.000536210951395, 0.000161044605193, -0.000841987435706, 0.00784106366336, -0.00274951849133, 0.00229926453903, -0.00222732382827], [0.000300745945424, -0.00210358668119, -0.000247902935371, -0.00219098501839, 0.00225881580263, -9.19914600672e-05, 0.000419257412432, -0.00141905376222, -0.00088083249284, -0.00274951849133, 0.00879518128932, -0.00369996810332, 0.00264218240045], [-0.000441211042926, 0.00259335711598, -0.000350095768226, 0.00194090337027, -0.00171805953141, 0.00147566094529, -0.000867512077093, 4.01730867452e-05, -0.00151783903129, 0.00229926453903, -0.00369996810332, 0.0118515277281, -0.00449458975345], [8.17642358015e-05, -0.00157639826648, -0.000438193063019, -0.000609563081525, -0.000206801894819, -0.00130309618544, -0.000111523433588, -0.000608033267781, 5.52945348318e-05, -0.00222732382827, 0.00264218240045, -0.00449458975345, 0.0118679329753]]}, "melbands": {"dmean": [0.00133349595126, 0.000957690062933, 0.000561715569347, 0.000523522146977, 0.000131339707877, 0.000299025647109, 0.000398058909923, 0.000107987842057, 0.000155214918777, 7.72332423367e-05, 8.68339120643e-05, 6.91541135893e-05, 4.34354769823e-05, 3.9382117393e-05, 2.79297437373e-05, 2.00281665457e-05, 1.46663442138e-05, 1.49731304191e-05, 1.44666673805e-05, 1.64147477335e-05, 2.18520726776e-05, 2.78830339084e-05, 1.41585869642e-05, 8.82258791535e-06, 1.2378156498e-05, 1.0508444575e-05, 7.06491482561e-06, 2.79270329884e-06, 3.32468948727e-06, 4.64681124868e-06, 2.39876908381e-06, 2.62131197815e-06, 3.19872629007e-06, 3.47549212165e-06, 2.20265815187e-06, 1.15863338124e-06, 8.72456496381e-07, 5.74913144646e-07, 2.91653236673e-07, 1.21468559655e-07], "dmean2": [0.00172506365925, 0.00146734749433, 0.000958013406489, 0.000760622322559, 0.000204240772291, 0.000470665545436, 0.000639024889097, 0.000184716467629, 0.00025186908897, 0.000127155770315, 0.000133430294227, 0.00010839146853, 6.83394173393e-05, 6.26374167041e-05, 4.38833158114e-05, 3.16819132422e-05, 2.3147686079e-05, 2.29017787206e-05, 2.304040936e-05, 2.61777713604e-05, 3.41043414664e-05, 4.07632178394e-05, 2.10106791201e-05, 1.34358870127e-05, 1.83950760402e-05, 1.58368111443e-05, 1.08433077912e-05, 4.1848179535e-06, 4.65303992314e-06, 6.97252153259e-06, 3.14343196806e-06, 3.99372856918e-06, 4.83992607769e-06, 5.22140317116e-06, 3.39596681442e-06, 1.64905873135e-06, 1.21505797779e-06, 7.55336316161e-07, 4.35048434611e-07, 1.64561569704e-07], "dvar": [6.29250735074e-06, 5.51108769287e-06, 2.08028427551e-06, 1.15111788546e-06, 1.66889421394e-07, 8.74290606134e-07, 1.60467004662e-06, 1.74146435938e-07, 4.57146995814e-07, 1.41502553674e-07, 8.93690383919e-08, 5.62116504454e-08, 4.42232241937e-08, 3.86026819399e-08, 1.44364307175e-08, 6.9838828054e-09, 2.81172285455e-09, 1.59586310833e-09, 7.87356513321e-10, 9.97776195e-10, 4.29003321756e-09, 9.94392834741e-09, 9.85140080623e-10, 5.77125347512e-10, 1.45596845691e-09, 7.86468445924e-10, 3.18845394531e-10, 4.26759252936e-11, 7.76493105925e-11, 3.34102800981e-10, 3.43465117458e-11, 3.53923869378e-11, 4.6873168541e-11, 5.37444325155e-11, 1.76376101224e-11, 5.01775053799e-12, 4.23197761557e-12, 3.6797145192e-12, 1.26413799133e-12, 2.6778847694e-13], "dvar2": [1.01114137578e-05, 1.39393314385e-05, 5.8214695855e-06, 2.13318458009e-06, 3.0701451692e-07, 2.00737849809e-06, 3.96918130718e-06, 4.75038774539e-07, 1.08729034309e-06, 3.72125526837e-07, 1.99859314876e-07, 1.30321794245e-07, 1.07459186438e-07, 9.2005059571e-08, 3.25302167425e-08, 1.63790652152e-08, 6.61271037927e-09, 3.68384212024e-09, 1.93275062621e-09, 2.45864195669e-09, 9.6312229303e-09, 2.17932303315e-08, 2.09240758053e-09, 1.27921773174e-09, 3.0597464562e-09, 1.64208358022e-09, 7.07521541354e-10, 8.66368712882e-11, 1.5334947201e-10, 7.84847575819e-10, 5.40324486542e-11, 7.80568179537e-11, 1.0138267309e-10, 1.17883175443e-10, 4.05461914044e-11, 9.32623162725e-12, 7.46322188078e-12, 6.8563470873e-12, 2.90917008365e-12, 4.82594053695e-13], "max": [0.028865320608, 0.020612725988, 0.0205477066338, 0.0290523171425, 0.0162277519703, 0.0177885219455, 0.0228669941425, 0.00749766593799, 0.0139756109565, 0.00878571532667, 0.00680907536298, 0.00577620929107, 0.00537420623004, 0.00413070106879, 0.00308156339452, 0.00172650686, 0.00169086758979, 0.00067828502506, 0.00050454668235, 0.000506096053869, 0.000688561995048, 0.00147175195161, 0.00038796296576, 0.000579314946663, 0.00145709712524, 0.000602068495937, 0.000251112884143, 0.000119084616017, 0.000116283808893, 0.000232257254538, 8.97665813682e-05, 7.64462165534e-05, 0.00012083270849, 9.61693731369e-05, 6.58296485199e-05, 2.82360069832e-05, 3.12289703288e-05, 2.49717177212e-05, 4.12968838646e-05, 3.63083090633e-05], "mean": [0.0046290946193, 0.00184372009244, 0.000664022052661, 0.000828838790767, 0.000179395530722, 0.000342524785083, 0.000418877607444, 0.000103067148302, 0.000155338158947, 7.40249524824e-05, 0.000113361878903, 9.27900910028e-05, 4.72087049275e-05, 4.23203127866e-05, 3.35715267283e-05, 2.25056501222e-05, 1.88280118891e-05, 2.18437035073e-05, 2.46584950219e-05, 2.66330316663e-05, 2.44475395448e-05, 3.46540473402e-05, 1.89799775399e-05, 1.23124600577e-05, 1.60626168508e-05, 1.43895676956e-05, 9.65687650023e-06, 3.6861326862e-06, 3.92642914449e-06, 4.61234230897e-06, 3.39343114319e-06, 3.67684469893e-06, 4.67519521408e-06, 4.71216435471e-06, 3.01670024783e-06, 1.72377133367e-06, 1.49132119986e-06, 7.5516339848e-07, 3.40487900985e-07, 1.68815745383e-07], "median": [0.00445227511227, 0.00112586503383, 0.000180110349902, 0.000139813695569, 4.13425950683e-05, 4.33248933405e-05, 3.81223835575e-05, 1.45374851854e-05, 1.10577711894e-05, 6.31811963103e-06, 1.41693726619e-05, 1.15638276839e-05, 5.2489317568e-06, 5.89622550251e-06, 5.62852846997e-06, 3.59299951924e-06, 5.86526903135e-06, 6.81387155055e-06, 1.1631525922e-05, 9.81119592325e-06, 6.56404699839e-06, 7.24757546777e-06, 3.93355549022e-06, 1.92642391994e-06, 2.25952499022e-06, 2.09232598536e-06, 1.38100858749e-06, 6.50296499316e-07, 4.67151949124e-07, 4.49829371973e-07, 5.52468065962e-07, 6.18671151642e-07, 1.03845695776e-06, 9.56034796218e-07, 6.81689471094e-07, 3.48851443732e-07, 1.82197624099e-07, 7.1332898699e-08, 3.28866107679e-08, 1.51691281758e-08], "min": [9.51167557356e-25, 1.61237134241e-24, 1.51694490947e-24, 1.29725848724e-24, 1.81066277221e-24, 8.21867387837e-25, 1.93584079837e-24, 1.45352887434e-24, 1.70161182396e-24, 2.87499903313e-24, 1.20661590404e-24, 1.38690631684e-24, 2.0201047509e-24, 3.55272541124e-24, 2.86162685471e-24, 2.54246970689e-24, 3.26974680504e-24, 3.07765444145e-24, 2.15354865884e-24, 2.00331641033e-24, 3.13865468867e-24, 3.50010207797e-24, 4.34195392564e-24, 3.8931106088e-24, 3.96803188441e-24, 4.75768165054e-24, 4.91979414428e-24, 3.74545872431e-24, 4.49772358328e-24, 5.04684334851e-24, 4.36784473498e-24, 4.97792372667e-24, 4.57021319515e-24, 4.44265241462e-24, 6.41348215237e-24, 5.7443695437e-24, 6.04672060158e-24, 6.49839711236e-24, 6.15178464681e-24, 5.51011453688e-24], "var": [2.4416938686e-05, 7.47903231968e-06, 1.84090322364e-06, 3.15585589306e-06, 4.59449324808e-07, 1.08708002244e-06, 1.73024886863e-06, 1.33529397317e-07, 4.67483459943e-07, 1.14591351519e-07, 1.38576481845e-07, 1.00032949035e-07, 4.68038727774e-08, 4.47017960425e-08, 2.04333883147e-08, 8.0200903696e-09, 3.4195339893e-09, 2.3174078212e-09, 1.28096411256e-09, 1.74703262967e-09, 4.47901893352e-09, 1.25407604301e-08, 1.49856893561e-09, 1.02034214411e-09, 2.62152122232e-09, 1.38861289134e-09, 4.60762955568e-10, 7.28963625574e-11, 1.14832199305e-10, 3.37136513151e-10, 7.45308120775e-11, 6.20008350216e-11, 8.42350009189e-11, 8.39971564526e-11, 2.87719778558e-11, 1.12563821111e-11, 1.21829933294e-11, 6.55842394282e-12, 1.55397472234e-12, 4.52097723407e-13]}, "mfcc": {"mean": [-703.401672363, 126.36239624, -3.9896466732, 34.8327064514, 16.4080905914, 20.7160339355, -8.01029586792, 17.4037189484, 3.30428218842, 9.32343578339, -2.87602591515, -1.91479194164, 6.1951713562], "cov": [[11462.2421875, -1699.11120605, 678.734008789, 956.683837891, -1046.44580078, -334.516693115, -521.955505371, 454.907287598, -844.868713379, -125.84286499, 275.66293335, 98.4453125, -148.528717041], [-1699.11120605, 2586.83569336, -605.972900391, -159.389556885, 389.875427246, 82.645942688, 225.639419556, -41.5493240356, 372.71963501, 77.2149810791, -49.8657112122, -25.7323284149, 180.594970703], [678.734008789, -605.972900391, 670.863891602, 72.3976821899, -9.40476417542, 110.395133972, -104.911605835, 47.7471466064, -109.693984985, 33.5770950317, -9.40079593658, -20.5677127838, -10.5008001328], [956.683837891, -159.389556885, 72.3976821899, 580.609191895, 74.6841430664, -62.0323066711, 5.18641090393, 33.8133506775, -113.736404419, -29.6381664276, 46.8205375671, -11.9082632065, -41.3540992737], [-1046.44580078, 389.875427246, -9.40476417542, 74.6841430664, 470.22064209, 131.115936279, 79.8262710571, -41.5510253906, 122.355781555, 58.5563850403, -24.4953231812, -2.0640039444, 26.4581718445], [-334.516693115, 82.645942688, 110.395133972, -62.0323066711, 131.115936279, 335.391723633, 53.3241653442, 24.632686615, 108.860778809, 93.8032836914, 4.88232707977, -21.5596542358, 39.2953224182], [-521.955505371, 225.639419556, -104.911605835, 5.18641090393, 79.8262710571, 53.3241653442, 318.263763428, 34.8780250549, 191.122497559, 44.9438896179, 33.7913780212, 36.279876709, 9.38377857208], [454.907287598, -41.5493240356, 47.7471466064, 33.8133506775, -41.5510253906, 24.632686615, 34.8780250549, 236.141174316, 39.8100776672, 13.4713144302, 40.552936554, 43.7854232788, 34.5565414429], [-844.868713379, 372.71963501, -109.693984985, -113.736404419, 122.355781555, 108.860778809, 191.122497559, 39.8100776672, 375.802825928, 72.8546981812, -21.4718170166, 46.0003547668, 55.8820152283], [-125.84286499, 77.2149810791, 33.5770950317, -29.6381664276, 58.5563850403, 93.8032836914, 44.9438896179, 13.4713144302, 72.8546981812, 198.068313599, 50.6002540588, -27.6155014038, 38.20337677], [275.66293335, -49.8657112122, -9.40079593658, 46.8205375671, -24.4953231812, 4.88232707977, 33.7913780212, 40.552936554, -21.4718170166, 50.6002540588, 170.183013916, 38.4609489441, -14.4445514679], [98.4453125, -25.7323284149, -20.5677127838, -11.9082632065, -2.0640039444, -21.5596542358, 36.279876709, 43.7854232788, 46.0003547668, -27.6155014038, 38.4609489441, 193.568008423, 28.8153419495], [-148.528717041, 180.594970703, -10.5008001328, -41.3540992737, 26.4581718445, 39.2953224182, 9.38377857208, 34.5565414429, 55.8820152283, 38.20337677, -14.4445514679, 28.8153419495, 164.420898438]], "icov": [[0.000180062372237, -2.72098059213e-05, -8.98481812328e-05, -0.000303082721075, 0.000397096708184, -4.71135972475e-05, 0.000158979688422, -0.000237595013459, 0.000168331389432, -0.000112921079563, -3.81537684007e-05, -0.000162830183399, 9.30105816224e-05], [-2.72098059213e-05, 0.000676459923852, 0.000541328859981, 0.000144817109685, -0.00052654457977, 3.9950817154e-05, -7.14501511538e-05, 3.03750821331e-05, -0.000310867355438, 9.03166583157e-05, -3.63646795449e-05, 0.000359637924703, -0.000605264038313], [-8.98481812328e-05, 0.000541328859981, 0.00236347643659, -2.42659243668e-05, -0.000450096675195, -0.000828988966532, 0.000341860461049, -0.000361494312529, 0.00032563554123, -0.000416215887526, 0.000552668352611, 6.82686222717e-05, -0.000181264564162], [-0.000303082721075, 0.000144817109685, -2.42659243668e-05, 0.00271333684213, -0.00150099303573, 0.000633473799098, -0.00075068307342, -0.000129666746943, 0.00048615259584, 0.00052997446619, -0.000510098878294, 0.000628982670605, -3.5137803934e-05], [0.000397096708184, -0.00052654457977, -0.000450096675195, -0.00150099303573, 0.00410368153825, -0.00114099495113, 0.000231168422033, 0.000316657038638, -0.000117398907605, -0.000743164564483, 0.000534640159458, -0.000865406880621, 0.000474590167869], [-4.71135972475e-05, 3.9950817154e-05, -0.000828988966532, 0.000633473799098, -0.00114099495113, 0.00445489119738, -0.000219348119572, -0.000278614053968, -0.000844684022013, -0.000912769290153, -0.000364532024832, 0.000779669673648, -0.000459557631984], [0.000158979688422, -7.14501511538e-05, 0.000341860461049, -0.00075068307342, 0.000231168422033, -0.000219348119572, 0.00519872410223, -0.000425606587669, -0.00239226501435, -0.000190307880985, -0.00105128844734, -0.000352732546162, 0.000689834239893], [-0.000237595013459, 3.03750821331e-05, -0.000361494312529, -0.000129666746943, 0.000316657038638, -0.000278614053968, -0.000425606587669, 0.00551456818357, -0.00101421831641, 0.000446836493211, -0.001032093307, -0.000428705767263, -0.00119743263349], [0.000168331389432, -0.000310867355438, 0.00032563554123, 0.00048615259584, -0.000117398907605, -0.000844684022013, -0.00239226501435, -0.00101421831641, 0.00574884284288, -0.00145150942262, 0.0017146456521, -0.00139167963061, -1.5045076907e-05], [-0.000112921079563, 9.03166583157e-05, -0.000416215887526, 0.00052997446619, -0.000743164564483, -0.000912769290153, -0.000190307880985, 0.000446836493211, -0.00145150942262, 0.00780007662252, -0.00328005012125, 0.00226683984511, -0.00184426875785], [-3.81537684007e-05, -3.63646795449e-05, 0.000552668352611, -0.000510098878294, 0.000534640159458, -0.000364532024832, -0.00105128844734, -0.001032093307, 0.0017146456521, -0.00328005012125, 0.00849320925772, -0.00235298532061, 0.00152834819164], [-0.000162830183399, 0.000359637924703, 6.82686222717e-05, 0.000628982670605, -0.000865406880621, 0.000779669673648, -0.000352732546162, -0.000428705767263, -0.00139167963061, 0.00226683984511, -0.00235298532061, 0.00697284331545, -0.00179883069359], [9.30105816224e-05, -0.000605264038313, -0.000181264564162, -3.5137803934e-05, 0.000474590167869, -0.000459557631984, 0.000689834239893, -0.00119743263349, -1.5045076907e-05, -0.00184426875785, 0.00152834819164, -0.00179883069359, 0.00793926883489]]}, "spectral_contrast_coeffs": {"dmean": [0.0540547408164, 0.0578484125435, 0.0386962294579, 0.0325598940253, 0.0315667763352, 0.02772734873], "dmean2": [0.0843122825027, 0.089152097702, 0.0615578889847, 0.0516121312976, 0.047583412379, 0.0408275872469], "dvar": [0.00221438892186, 0.00269688572735, 0.0011312358547, 0.000736140937079, 0.000787237135228, 0.000652077957056], "dvar2": [0.00495209544897, 0.00560937589034, 0.00263449619524, 0.00173715071287, 0.00164492265321, 0.00141297723167], "max": [-0.250692129135, -0.330814063549, -0.421870291233, -0.561437904835, -0.519966900349, -0.5344440341], "mean": [-0.669278621674, -0.730729162693, -0.780532479286, -0.752264559269, -0.763338267803, -0.722521662712], "median": [-0.68075978756, -0.74787312746, -0.791836500168, -0.754296600819, -0.771065354347, -0.720667719841], "min": [-0.986372411251, -0.980732619762, -0.981293082237, -0.974608421326, -0.966846108437, -0.964862287045], "var": [0.0110131483525, 0.010644743219, 0.00499297678471, 0.00351994531229, 0.00371408555657, 0.00323279714212]}, "spectral_contrast_valleys": {"dmean": [0.410861581564, 0.447324484587, 0.422176986933, 0.376745402813, 0.437019765377, 0.483258545399], "dmean2": [0.64589202404, 0.703409552574, 0.6543815732, 0.563567042351, 0.588511824608, 0.625033795834], "dvar": [0.155289798975, 0.16981497407, 0.178735554218, 0.148151531816, 0.241720378399, 0.289948284626], "dvar2": [0.315028637648, 0.373109847307, 0.377285957336, 0.29650202